<fox formatVersion="2" fileVersion="0">
  <entities>
    <entity class="DataSet" classVersion="0" classID="0xE8" addr="0x50B0080" id="0x23EDB">
      <staticProperties>
        <property name="name" type="String" container="StaticArray" arraySize="1">
          <containerEntry hash="0xB8A0BF169F98"></containerEntry>
        </property>
        <property name="dataSet" type="EntityHandle" container="StaticArray" arraySize="1">
          <containerEntry>0x0</containerEntry>
        </property>
        <property name="dataList" type="EntityPtr" container="StringMap" arraySize="14">
          <containerEntry key="cm_mafr_rock002_vrtn001">
            <data>0x51E90E0</data>
          </containerEntry>
          <containerEntry key="StaticModelArray0000">
            <data>0xADDED30</data>
          </containerEntry>
          <containerEntry key="StaticModelArray0001">
            <data>0xADDEDA0</data>
          </containerEntry>
          <containerEntry key="mafr_rock010_0017">
            <data>0xADDEE10</data>
          </containerEntry>
          <containerEntry key="mafr_rock010_0019">
            <data>0xADDEE80</data>
          </containerEntry>
          <containerEntry key="mafr_rock010_0099">
            <data>0xADDEEF0</data>
          </containerEntry>
          <containerEntry key="mafr_rock010_0100">
            <data>0xADDEFD0</data>
          </containerEntry>
          <containerEntry key="mafr_rock010_0104">
            <data>0xADDF0B0</data>
          </containerEntry>
          <containerEntry key="mafr_rock010_0107">
            <data>0xADDF190</data>
          </containerEntry>
          <containerEntry key="StaticModelArray0002">
            <data>0xADDF200</data>
          </containerEntry>
          <containerEntry key="DecalArray0000">
            <data>0x808B370</data>
          </containerEntry>
          <containerEntry key="DecalArray0001">
            <data>0x808E9B0</data>
          </containerEntry>
          <containerEntry key="DecalArray0002">
            <data>0xAD31580</data>
          </containerEntry>
          <containerEntry key="TexturePackLoadConditioner0000">
            <data>0xADDF890</data>
          </containerEntry>
        </property>
      </staticProperties>
      <dynamicProperties></dynamicProperties>
    </entity>
    <entity class="Material" classVersion="6" classID="0xB0" addr="0x51E90E0" id="0x24487">
      <staticProperties>
        <property name="name" type="String" container="StaticArray" arraySize="1">
          <containerEntry>cm_mafr_rock002_vrtn001</containerEntry>
        </property>
        <property name="dataSet" type="EntityHandle" container="StaticArray" arraySize="1">
          <containerEntry>0x50B0080</containerEntry>
        </property>
        <property name="materialName" type="String" container="StaticArray" arraySize="1">
          <containerEntry hash="0xB8A0BF169F98"></containerEntry>
        </property>
        <property name="shader" type="Path" container="StaticArray" arraySize="1">
          <containerEntry hash="0xB8A0BF169F98"></containerEntry>
        </property>
        <property name="diffuseTexture" type="Path" container="StaticArray" arraySize="1">
          <containerEntry>/Assets/tpp/common_source/environ/middle_africa/cm_mafr_rock002/sourceimages/cm_mafr_rock002_v1_bsm_alp.ftex</containerEntry>
        </property>
        <property name="srmTexture" type="Path" container="StaticArray" arraySize="1">
          <containerEntry>/Assets/tpp/common_source/environ/middle_africa/cm_mafr_rock002/sourceimages/cm_mafr_rock002_srm.ftex</containerEntry>
        </property>
        <property name="normalTexture" type="Path" container="StaticArray" arraySize="1">
          <containerEntry>/Assets/tpp/common_source/environ/middle_africa/cm_mafr_rock002/sourceimages/cm_mafr_rock002_nrm.ftex</containerEntry>
        </property>
        <property name="materialMapTexture" type="Path" container="StaticArray" arraySize="1">
          <containerEntry hash="0xB8A0BF169F98"></containerEntry>
        </property>
        <property name="materialIndex" type="UInt8" container="StaticArray" arraySize="1">
          <containerEntry>42</containerEntry>
        </property>
        <property name="diffuseColor" type="Color" container="StaticArray" arraySize="1">
          <containerEntry r="1" g="1" b="1" a="1"></containerEntry>
        </property>
        <property name="specularColor" type="Color" container="StaticArray" arraySize="1">
          <containerEntry r="0" g="0" b="0" a="0"></containerEntry>
        </property>
        <property name="fmtrPath" type="Path" container="StaticArray" arraySize="1">
          <containerEntry hash="0xB8A0BF169F98"></containerEntry>
        </property>
        <property name="residentFlag" type="Bool" container="StaticArray" arraySize="1">
          <containerEntry>false</containerEntry>
        </property>
      </staticProperties>
      <dynamicProperties></dynamicProperties>
    </entity>
    <entity class="StaticModelArray" classVersion="4" classID="0xD0" addr="0xADDED30" id="0x0">
      <staticProperties>
        <property name="name" type="String" container="StaticArray" arraySize="1">
          <containerEntry>StaticModelArray0000</containerEntry>
        </property>
        <property name="dataSet" type="EntityHandle" container="StaticArray" arraySize="1">
          <containerEntry>0x50B0080</containerEntry>
        </property>
        <property name="modelFile" type="FilePtr" container="StaticArray" arraySize="1">
          <containerEntry>/Assets/tpp/environ/object/middle_africa/rock/mafr_rock010/scenes/mafr_rock010.fmdl</containerEntry>
        </property>
        <property name="geomFile" type="FilePtr" container="StaticArray" arraySize="1">
          <containerEntry>/Assets/tpp/environ/object/middle_africa/rock/mafr_rock010/scenes/mafr_rock010.geom</containerEntry>
        </property>
        <property name="isVisibleGeom" type="Bool" container="StaticArray" arraySize="1">
          <containerEntry>false</containerEntry>
        </property>
        <property name="lodFarSize" type="Float" container="StaticArray" arraySize="1">
          <containerEntry>-1</containerEntry>
        </property>
        <property name="lodNearSize" type="Float" container="StaticArray" arraySize="1">
          <containerEntry>-1</containerEntry>
        </property>
        <property name="lodPolygonSize" type="Float" container="StaticArray" arraySize="1">
          <containerEntry>-1</containerEntry>
        </property>
        <property name="drawRejectionLevel" type="Int32" container="StaticArray" arraySize="1">
          <containerEntry>8</containerEntry>
        </property>
        <property name="drawMode" type="Int32" container="StaticArray" arraySize="1">
          <containerEntry>0</containerEntry>
        </property>
        <property name="rejectFarRangeShadowCast" type="Int32" container="StaticArray" arraySize="1">
          <containerEntry>2</containerEntry>
        </property>
        <property name="parentLocator" type="EntityLink" container="StaticArray" arraySize="1">
          <containerEntry packagePathHash="0xB8A0BF169F98" archivePathHash="0xB8A0BF169F98" nameInArchiveHash="0xB8A0BF169F98">0x0</containerEntry>
        </property>
        <property name="transforms" type="Matrix4" container="DynamicArray" arraySize="6">
          <containerEntry r11="-0.28453207" r12="0" r13="-0.9586638" r14="0" r21="0" r22="1" r23="0" r24="0" r31="0.9586638" r32="0" r33="-0.28453207" r34="0" r41="2684.7664" r42="119.026115" r43="-2111.0034" r44="1"></containerEntry>
          <containerEntry r11="0.9705057" r12="-0.039399654" r13="0.23783657" r14="0" r21="0.03548739" r22="0.9991555" r23="0.020710286" r24="0" r31="-0.23845169" r32="-0.011659242" r33="0.97108436" r34="0" r41="2675.6292" r42="140.98538" r43="-2144.6873" r44="1"></containerEntry>
          <containerEntry r11="0.5025419" r12="-0.08151138" r13="0.8607018" r14="0" r21="0.17814207" r22="0.9839452" r23="-0.010829702" r24="0" r31="-0.8460007" r32="0.15876956" r33="0.5089943" r34="0" r41="2685.6304" r42="141.61159" r43="-2166.0151" r44="1"></containerEntry>
          <containerEntry r11="-0.59578717" r12="0.27161294" r13="-0.7558208" r14="0" r21="0.2085299" r22="0.961119" r23="0.1810126" r24="0" r31="0.77559906" r32="-0.049766302" r33="-0.6292618" r34="0" r41="2684.5725" r42="140.9965" r43="-2175.4211" r44="1"></containerEntry>
          <containerEntry r11="-0.6393662" r12="-0.034516383" r13="0.7681259" r14="0" r21="0.028169634" r22="0.99726975" r23="0.06826076" r24="0" r31="-0.7683848" r32="0.06528154" r33="-0.63664824" r34="0" r41="2688.198" r42="147.64375" r43="-2260.5583" r44="1"></containerEntry>
          <containerEntry r11="-0.23801291" r12="-0.15562269" r13="0.95871294" r14="0" r21="0.0052354336" r22="0.9868602" r23="0.1614914" r24="0" r31="-0.97124743" r32="0.043456394" r33="-0.23407072" r34="0" r41="2697.105" r42="147.80513" r43="-2270.3765" r44="1"></containerEntry>
        </property>
        <property name="colors" type="UInt32" container="DynamicArray" arraySize="6">
          <containerEntry>4294967295</containerEntry>
          <containerEntry>4294967295</containerEntry>
          <containerEntry>4294967295</containerEntry>
          <containerEntry>4294967295</containerEntry>
          <containerEntry>4294967295</containerEntry>
          <containerEntry>4294967295</containerEntry>
        </property>
      </staticProperties>
      <dynamicProperties></dynamicProperties>
    </entity>
    <entity class="StaticModelArray" classVersion="4" classID="0xD0" addr="0xADDEDA0" id="0x0">
      <staticProperties>
        <property name="name" type="String" container="StaticArray" arraySize="1">
          <containerEntry>StaticModelArray0001</containerEntry>
        </property>
        <property name="dataSet" type="EntityHandle" container="StaticArray" arraySize="1">
          <containerEntry>0x50B0080</containerEntry>
        </property>
        <property name="modelFile" type="FilePtr" container="StaticArray" arraySize="1">
          <containerEntry>/Assets/tpp/environ/object/middle_africa/rock/mafr_rock010/scenes/mafr_rock010.fmdl</containerEntry>
        </property>
        <property name="geomFile" type="FilePtr" container="StaticArray" arraySize="1">
          <containerEntry>/Assets/tpp/environ/object/middle_africa/rock/mafr_rock010/scenes/mafr_rock010.geom</containerEntry>
        </property>
        <property name="isVisibleGeom" type="Bool" container="StaticArray" arraySize="1">
          <containerEntry>false</containerEntry>
        </property>
        <property name="lodFarSize" type="Float" container="StaticArray" arraySize="1">
          <containerEntry>-1</containerEntry>
        </property>
        <property name="lodNearSize" type="Float" container="StaticArray" arraySize="1">
          <containerEntry>-1</containerEntry>
        </property>
        <property name="lodPolygonSize" type="Float" container="StaticArray" arraySize="1">
          <containerEntry>-1</containerEntry>
        </property>
        <property name="drawRejectionLevel" type="Int32" container="StaticArray" arraySize="1">
          <containerEntry>3</containerEntry>
        </property>
        <property name="drawMode" type="Int32" container="StaticArray" arraySize="1">
          <containerEntry>0</containerEntry>
        </property>
        <property name="rejectFarRangeShadowCast" type="Int32" container="StaticArray" arraySize="1">
          <containerEntry>2</containerEntry>
        </property>
        <property name="parentLocator" type="EntityLink" container="StaticArray" arraySize="1">
          <containerEntry packagePathHash="0xB8A0BF169F98" archivePathHash="0xB8A0BF169F98" nameInArchiveHash="0xB8A0BF169F98">0x0</containerEntry>
        </property>
        <property name="transforms" type="Matrix4" container="DynamicArray" arraySize="106">
          <containerEntry r11="0.69013155" r12="-0.22457872" r13="-0.68795484" r14="0" r21="0.20923655" r22="0.9719504" r23="-0.10738875" r24="0" r31="0.6927752" r32="-0.06983322" r33="0.7177638" r34="0" r41="2667.834" r42="141.7858" r43="-2111.3389" r44="1"></containerEntry>
          <containerEntry r11="-0.9397582" r12="0.15975666" r13="-0.30221394" r14="0" r21="0.016716607" r22="0.90449625" r23="0.4261537" r24="0" r31="0.34143224" r32="0.3954301" r33="-0.8526782" r34="0" r41="2663.8386" r42="136.30309" r43="-2074.0518" r44="1"></containerEntry>
          <containerEntry r11="-0.24550718" r12="-0.3051479" r13="0.92011493" r14="0" r21="0.23027796" r22="0.903637" r23="0.36112642" r24="0" r31="-0.9416469" r32="0.30054116" r33="-0.15158057" r34="0" r41="2596.2314" r42="131.33395" r43="-2162.1833" r44="1"></containerEntry>
          <containerEntry r11="0.5371075" r12="0.40298882" r13="0.9945432" r14="0" r21="-0.77172333" r22="0.9178402" r23="0.044864096" r24="0" r31="-0.74562675" r32="-0.6596739" r33="0.6699788" r34="0" r41="2654.3923" r42="138.90063" r43="-2101.1904" r44="1"></containerEntry>
          <containerEntry r11="0.40306234" r12="0.372518" r13="-0.8359245" r14="0" r21="-0.09105158" r22="0.9251984" r23="0.36839843" r24="0" r31="0.9106312" r32="-0.072374985" r33="0.4068311" r34="0" r41="2594.8586" r42="126.08619" r43="-2149.8357" r44="1"></containerEntry>
          <containerEntry r11="1.3758278" r12="0.5924111" r13="0.078402385" r14="0" r21="-0.59715253" r22="1.3703803" r23="0.12436565" r24="0" r31="-0.022510327" r32="-0.14528261" r33="1.4927781" r34="0" r41="2589.4463" r42="117.16385" r43="-2057.6292" r44="1"></containerEntry>
          <containerEntry r11="0.89216375" r12="0.45148805" r13="-0.014225809" r14="0" r21="-0.45169708" r22="0.89143467" r23="-0.036248002" r24="0" r31="-0.0036841691" r32="0.038764913" r33="0.9992416" r34="0" r41="2591.513" r42="120.50073" r43="-2085.5735" r44="1"></containerEntry>
          <containerEntry r11="0.12787566" r12="0.07837026" r13="-0.98868865" r14="0" r21="-0.5079475" r22="0.86138403" r23="0.0025821477" r24="0" r31="0.85184294" r32="0.50187194" r33="0.14995807" r34="0" r41="2589.4844" r42="119.7211" r43="-2089.8464" r44="1"></containerEntry>
          <containerEntry r11="-0.12111861" r12="0.09072106" r13="-0.98848337" r14="0" r21="-0.033449754" r22="0.99487627" r23="0.09540637" r24="0" r31="0.99207395" r32="0.044620052" r33="-0.11746341" r34="0" r41="2595.517" r42="123.11523" r43="-2084.4358" r44="1"></containerEntry>
          <containerEntry r11="0.96261585" r12="0.27071893" r13="0.00905818" r14="0" r21="-0.27071893" r22="0.960421" r23="0.065595165" r24="0" r31="0.00905818" r32="-0.065595165" r33="0.9978052" r34="0" r41="2604.155" r42="128.88094" r43="-2103.699" r44="1"></containerEntry>
          <containerEntry r11="0.73552465" r12="0" r13="-0.6774982" r14="0" r21="0" r22="1" r23="0" r24="0" r31="0.6774982" r32="0" r33="0.73552465" r34="0" r41="2592.5764" r42="129.46135" r43="-2156.9136" r44="1"></containerEntry>
          <containerEntry r11="-0.30407625" r12="0.040889047" r13="0.95176774" r14="0" r21="0.009171475" r22="0.99915785" r23="-0.039994825" r24="0" r31="-0.9526015" r32="-0.00343236" r33="-0.30419514" r34="0" r41="2656.607" r42="141.91315" r43="-2162.1196" r44="1"></containerEntry>
          <containerEntry r11="0.90744054" r12="0.39187527" r13="0.15160953" r14="0" r21="-0.33230978" r22="0.8901398" r23="-0.31180343" r24="0" r31="-0.2571417" r32="0.23256174" r33="0.9379729" r34="0" r41="2609.107" r42="135.23753" r43="-2145.8643" r44="1"></containerEntry>
          <containerEntry r11="0.9991637" r12="0.04088937" r13="7.018097e-05" r14="0" r21="-0.04088937" r22="0.9991578" r23="0.003431276" r24="0" r31="7.018097e-05" r32="-0.003431276" r33="0.9999941" r34="0" r41="2652.697" r42="139.35693" r43="-2123.2297" r44="1"></containerEntry>
          <containerEntry r11="-0.86725396" r12="0.19938299" r13="-0.45620614" r14="0" r21="0.26653937" r22="0.95987266" r23="-0.08718574" r24="0" r31="0.4205165" r32="-0.19720884" r33="-0.8855968" r34="0" r41="2666.7192" r42="139.10823" r43="-2119.5027" r44="1"></containerEntry>
          <containerEntry r11="-0.86919475" r12="0.06368685" r13="0.49034393" r14="0" r21="0.01965224" r22="0.99533653" r23="-0.09443996" r24="0" r31="-0.49407184" r32="-0.07245069" r33="-0.86639285" r34="0" r41="2659.7285" r42="140.16113" r43="-2119.6648" r44="1"></containerEntry>
          <containerEntry r11="-0.3455075" r12="0.093500555" r13="-1.1453747" r14="0" r21="-0.061576042" r22="1.1927972" r23="0.11594651" r24="0" r31="1.1475339" r32="0.092156634" r33="-0.33863577" r34="0" r41="2671.3862" r42="139.00464" r43="-2110.111" r44="1"></containerEntry>
          <containerEntry r11="0.5772383" r12="0.030138744" r13="-0.8160214" r14="0" r21="0.0054925196" r22="0.9991527" r23="0.04078774" r24="0" r31="0.81655926" r32="-0.02802625" r33="0.5765836" r34="0" r41="2667.5042" r42="138.87088" r43="-2080.7083" r44="1"></containerEntry>
          <containerEntry r11="-0.8820876" r12="0.013200429" r13="0.4709063" r14="0" r21="0.093397595" r22="0.9846653" r23="0.14734739" r24="0" r31="-0.46174002" r32="0.1739547" r33="-0.8697939" r34="0" r41="2646.4307" r42="137.47609" r43="-2140.7612" r44="1"></containerEntry>
          <containerEntry r11="0.9999358" r12="0" r13="0.011329819" r14="0" r21="0" r22="1" r23="0" r24="0" r31="-0.011329819" r32="0" r33="0.9999358" r34="0" r41="2671.1423" r42="139.21246" r43="-2103.647" r44="1"></containerEntry>
          <containerEntry r11="-0.34317803" r12="9.536743e-07" r13="-0.93927085" r14="0" r21="0.7284034" r22="0.6313492" r23="-0.26613325" r24="0" r31="0.5930078" r32="-0.7754988" r33="-0.2166661" r34="0" r41="2671.6157" r42="138.4828" r43="-2092.4224" r44="1"></containerEntry>
          <containerEntry r11="-0.702603" r12="0" r13="-0.71158123" r14="0" r21="0" r22="1" r23="0" r24="0" r31="0.71158123" r32="0" r33="-0.702603" r34="0" r41="2668.2224" r42="139.62247" r43="-2098.247" r44="1"></containerEntry>
          <containerEntry r11="-0.2874993" r12="0.30742392" r13="-0.90710443" r14="0" r21="-0.25482756" r22="0.88839936" r23="0.38185012" r24="0" r31="0.92326075" r32="0.34093693" r33="-0.17707407" r34="0" r41="2641.8013" r42="140.50998" r43="-2166.2783" r44="1"></containerEntry>
          <containerEntry r11="0.35719743" r12="0.19049545" r13="-0.91439545" r14="0" r21="-0.05896257" r22="0.98162746" r23="0.18146878" r24="0" r31="0.93216467" r32="-0.010905024" r33="0.36186695" r34="0" r41="2571.7495" r42="112.454796" r43="-2077.1748" r44="1"></containerEntry>
          <containerEntry r11="0.17839438" r12="0" r13="-0.9839593" r14="0" r21="0" r22="1" r23="0" r24="0" r31="0.9839593" r32="0" r33="0.17839438" r34="0" r41="2581.3284" r42="113.41311" r43="-2063.8025" r44="1"></containerEntry>
          <containerEntry r11="0.011379764" r12="-0.0069972863" r13="0.9999123" r14="0" r21="-0.4799316" r22="0.8772291" r23="0.011600524" r24="0" r31="-0.8772333" r32="-0.48002177" r33="0.0066244737" r34="0" r41="2653.6042" r42="140.82152" r43="-2160.6272" r44="1"></containerEntry>
          <containerEntry r11="-0.9673992" r12="0.100692384" r13="0.70284766" r14="0" r21="0.11732612" r22="1.1942121" r23="-0.009598965" r24="0" r31="-0.700263" r32="0.060980346" r33="-0.972578" r34="0" r41="2673.2095" r42="139.50197" r43="-2107.1826" r44="1"></containerEntry>
          <containerEntry r11="0.80663526" r12="0.092506625" r13="0.5837683" r14="0" r21="-0.11949617" r22="0.99280405" r23="0.007792186" r24="0" r31="-0.57884675" r32="-0.07604364" r33="0.81188506" r34="0" r41="2654.508" r42="137.97908" r43="-2128.129" r44="1"></containerEntry>
          <containerEntry r11="-0.060814716" r12="0.22538093" r13="-0.97237176" r14="0" r21="0.22008999" r22="0.9532249" r23="0.20717746" r24="0" r31="0.9735828" r32="-0.20140983" r33="-0.1075742" r34="0" r41="2627.1248" r42="138.18454" r43="-2147.948" r44="1"></containerEntry>
          <containerEntry r11="-0.67124933" r12="0.06745085" r13="-0.7381553" r14="0" r21="0.171682" r22="0.9829186" r23="-0.06630424" r24="0" r31="0.7210743" r32="-0.17123476" r33="-0.67136353" r34="0" r41="2653.2058" r42="137.60825" r43="-2085.577" r44="1"></containerEntry>
          <containerEntry r11="0.9028457" r12="0.42614996" r13="0.05714957" r14="0" r21="-0.4298799" r22="0.8920137" r23="0.13969612" r24="0" r31="0.00855324" r32="-0.15069148" r33="0.98854387" r34="0" r41="2594.341" r42="121.40346" r43="-2076.0605" r44="1"></containerEntry>
          <containerEntry r11="0.17839438" r12="0" r13="-0.9839593" r14="0" r21="0" r22="1" r23="0" r24="0" r31="0.9839593" r32="0" r33="0.17839438" r34="0" r41="2582.2644" r42="113.76106" r43="-2076.4475" r44="1"></containerEntry>
          <containerEntry r11="-0.75589645" r12="-0.30429083" r13="-0.88092166" r14="0" r21="-0.21168692" r22="1.16065" r23="-0.21927167" r24="0" r31="0.90763676" r32="0.017277218" r33="-0.784788" r34="0" r41="2617.7124" r42="128.66568" r43="-2089.342" r44="1"></containerEntry>
          <containerEntry r11="-0.9923618" r12="-0.11970414" r13="0.029798571" r14="0" r21="-0.11677727" r22="0.9894481" r23="0.085764915" r24="0" r31="-0.039750557" r32="0.081630066" r33="-0.99586916" r34="0" r41="2622.323" r42="127.26104" r43="-2092.565" r44="1"></containerEntry>
          <containerEntry r11="0.9083785" r12="0.4081135" r13="-0.091059424" r14="0" r21="-0.41517583" r22="0.9061964" r23="-0.08023117" r24="0" r31="0.04977428" r32="0.11068595" r33="0.99260825" r34="0" r41="2653.3645" r42="136.58772" r43="-2117.4683" r44="1"></containerEntry>
          <containerEntry r11="0.52598023" r12="0.04522808" r13="-0.84929395" r14="0" r21="0.31572747" r22="0.9168448" r23="0.24436045" r24="0" r31="0.7897227" r32="-0.39667404" r33="0.4679624" r34="0" r41="2569.9136" r42="133.52971" r43="-2153.1152" r44="1"></containerEntry>
          <containerEntry r11="-0.045867074" r12="-0.057700004" r13="-0.9972811" r14="0" r21="-0.39386344" r22="0.91850126" r23="-0.0350271" r24="0" r31="0.91802496" r32="0.3911862" r33="-0.064854875" r34="0" r41="2657.5986" r42="135.8651" r43="-2137.9143" r44="1"></containerEntry>
          <containerEntry r11="-0.27856776" r12="0.44067764" r13="-0.968608" r14="0" r21="0.4619916" r22="0.9520492" r23="0.30027652" r24="0" r31="0.9586251" r32="-0.33076495" r33="-0.4261814" r34="0" r41="2559.7988" r42="132.18723" r43="-2141.9636" r44="1"></containerEntry>
          <containerEntry r11="0.46358573" r12="0.2406024" r13="-0.96809095" r14="0" r21="0.16750996" r22="1.0335894" r23="0.3370961" r24="0" r31="0.9833768" r32="-0.28948894" r33="0.39895812" r34="0" r41="2581.9062" r42="134.85875" r43="-2165.8718" r44="1"></containerEntry>
          <containerEntry r11="0.8584475" r12="-0.1320022" r13="0.49562418" r14="0" r21="0.12673712" r22="0.9909418" r23="0.04440731" r24="0" r31="-0.49699658" r32="0.024692629" r33="0.8674011" r34="0" r41="2611.9973" r42="133.73624" r43="-2137.1516" r44="1"></containerEntry>
          <containerEntry r11="0.0004846368" r12="0.06539497" r13="-1.0980548" r14="0" r21="0.3488065" r22="1.0413783" r23="0.062173724" r24="0" r31="1.0432329" r32="-0.34821695" r33="-0.020277714" r34="0" r41="2594.1218" r42="136.21341" r43="-2176.4878" r44="1"></containerEntry>
          <containerEntry r11="0.8842349" r12="-0.4402161" r13="-0.15600754" r14="0" r21="0.42662773" r22="0.89724743" r23="-0.11373569" r24="0" r31="0.19004564" r32="0.034011945" r33="0.9811859" r34="0" r41="2582.9854" r42="117.16272" r43="-2112.2048" r44="1"></containerEntry>
          <containerEntry r11="0.26863033" r12="1.2204534" r13="-1.5615156" r14="0" r21="1.0683836" r22="1.2380471" r23="1.151432" r24="0" r31="1.6692495" r32="-0.9888036" r33="-0.4856677" r34="0" r41="2587.5874" r42="141.4697" r43="-2180.5835" r44="1"></containerEntry>
          <containerEntry r11="0.027925033" r12="0.081089556" r13="-0.9963149" r14="0" r21="-0.3808852" r22="0.92237705" r23="0.06439644" r24="0" r31="0.9241998" r32="0.37768364" r33="0.056643307" r34="0" r41="2603.8252" r42="129.35019" r43="-2147.481" r44="1"></containerEntry>
          <containerEntry r11="0.90744054" r12="0.39187527" r13="0.15160953" r14="0" r21="-0.33230978" r22="0.8901398" r23="-0.31180343" r24="0" r31="-0.2571417" r32="0.23256174" r33="0.9379729" r34="0" r41="2615.1672" r42="131.97484" r43="-2122.5508" r44="1"></containerEntry>
          <containerEntry r11="0.90744054" r12="0.39187527" r13="0.15160953" r14="0" r21="-0.33230978" r22="0.8901398" r23="-0.31180343" r24="0" r31="-0.2571417" r32="0.23256174" r33="0.9379729" r34="0" r41="2613.4539" r42="132.3187" r43="-2119.0376" r44="1"></containerEntry>
          <containerEntry r11="0.7717495" r12="0.31361508" r13="0.5532164" r14="0" r21="-0.20285535" r22="0.9458971" r23="-0.25323567" r24="0" r31="-0.60270435" r32="0.08321161" r33="0.79361415" r34="0" r41="2612.363" r42="130.76636" r43="-2111.7756" r44="1"></containerEntry>
          <containerEntry r11="0.86184585" r12="0.12472369" r13="-0.49159512" r14="0" r21="-0.017108962" r22="0.9758881" r23="0.21759999" r24="0" r31="0.5068817" r32="-0.17912698" r33="0.843199" r34="0" r41="2620.046" r42="131.18852" r43="-2101.908" r44="1"></containerEntry>
          <containerEntry r11="1.0498046" r12="0.02395914" r13="0.32762253" r14="0" r21="-0.1236849" r22="1.0451658" r23="0.31989187" r24="0" r31="-0.3043232" r32="-0.34213263" r33="1.0001664" r34="0" r41="2656.816" r42="138.53825" r43="-2080.697" r44="1"></containerEntry>
          <containerEntry r11="-0.8974616" r12="0.052850742" r13="-0.43792024" r14="0" r21="0.06920481" r22="0.9973717" r23="-0.021457806" r24="0" r31="0.43563518" r32="-0.049563732" r33="-0.89876026" r34="0" r41="2675.221" r42="137.34508" r43="-2124.657" r44="1"></containerEntry>
          <containerEntry r11="0.7701253" r12="-0.16135082" r13="0.61714894" r14="0" r21="0.23751238" r22="0.970447" r23="-0.042666987" r24="0" r31="-0.59202594" r32="0.17943946" r33="0.78568864" r34="0" r41="2582.5552" r42="126.643295" r43="-2143.1614" r44="1"></containerEntry>
          <containerEntry r11="-0.2704533" r12="-0.06635983" r13="-0.96044195" r14="0" r21="-0.014012877" r22="0.99778724" r23="-0.06499412" r24="0" r31="0.9626297" r32="-0.004119396" r33="-0.27078474" r34="0" r41="2662.3945" r42="142.11252" r43="-2114.3938" r44="1"></containerEntry>
          <containerEntry r11="0.10437091" r12="0.040890306" r13="0.9936978" r14="0" r21="-0.23351118" r22="0.97223085" r23="-0.015480533" r24="0" r31="-0.96673673" r32="-0.23042375" r33="0.11102092" r34="0" r41="2660.7341" r42="142.54114" r43="-2091.3352" r44="1"></containerEntry>
          <containerEntry r11="0.15553501" r12="0.045916803" r13="-0.98676294" r14="0" r21="-0.12885958" r22="0.99132675" r23="0.025818095" r24="0" r31="0.97938997" r32="0.123138174" r33="0.16010284" r34="0" r41="2638.8633" r42="126.92564" r43="-2029.2472" r44="1"></containerEntry>
          <containerEntry r11="0.9932713" r12="-0.030311074" r13="0.111773804" r14="0" r21="0.07278904" r22="0.9140774" r23="-0.39895406" r24="0" r31="-0.09007719" r32="0.4044055" r33="0.9101332" r34="0" r41="2634.288" r42="126.08244" r43="-2015.8462" r44="1"></containerEntry>
          <containerEntry r11="0.89775574" r12="0.12139112" r13="0.42343712" r14="0" r21="-0.41871178" r22="0.5337119" r23="0.7347331" r24="0" r31="-0.13680358" r32="-0.83690894" r33="0.52997077" r34="0" r41="2620.3757" r42="121.610886" r43="-2029.7417" r44="1"></containerEntry>
          <containerEntry r11="0.9707759" r12="0.11439057" r13="0.21097136" r14="0" r21="-0.11250302" r22="0.9934301" r23="-0.020968802" r24="0" r31="-0.21198392" r32="-0.0033789175" r33="0.97726727" r34="0" r41="2630.42" r42="125.89209" r43="-2028.934" r44="1"></containerEntry>
          <containerEntry r11="0.7068701" r12="0.19057243" r13="-0.68118745" r14="0" r21="-0.1997527" r22="0.9776064" r23="0.066216156" r24="0" r31="0.6785522" r32="0.08926296" r33="0.7291081" r34="0" r41="2629.852" r42="124.79944" r43="-2014.8817" r44="1"></containerEntry>
          <containerEntry r11="0.4851217" r12="-0.04496675" r13="0.8732875" r14="0" r21="0.030858606" r22="0.9989353" r23="0.0342942" r24="0" r31="-0.87390065" r32="0.0103115775" r33="0.4859933" r34="0" r41="2651.5354" r42="128.38347" r43="-2032.4775" r44="1"></containerEntry>
          <containerEntry r11="-0.67816657" r12="0.26874942" r13="-0.684009" r14="0" r21="-0.0015413761" r22="0.93021464" r23="0.36701268" r24="0" r31="0.7349097" r32="0.24994996" r33="-0.6304262" r34="0" r41="2656.489" r42="127.304184" r43="-2026.7382" r44="1"></containerEntry>
          <containerEntry r11="-0.6092786" r12="0.43716627" r13="-0.6615538" r14="0" r21="0.3191437" r22="0.8989355" r23="0.30010268" r24="0" r31="0.72588915" r32="-0.028283566" r33="-0.68722093" r34="0" r41="2672.7634" r42="116.71751" r43="-1924.7239" r44="1"></containerEntry>
          <containerEntry r11="0.8514082" r12="0.085889705" r13="-0.5174219" r14="0" r21="0.14737114" r22="0.9075866" r23="0.39315215" r24="0" r31="0.50337285" r32="-0.41098598" r33="0.7600689" r34="0" r41="2665.7334" r42="127.973045" r43="-2027.0791" r44="1"></containerEntry>
          <containerEntry r11="0.980993" r12="-0.18198465" r13="0.06732268" r14="0" r21="0.18237396" r22="0.98322916" r23="0.00037213182" r24="0" r31="-0.06626134" r32="0.011912842" r33="0.9977302" r34="0" r41="2655.7031" r42="126.320694" r43="-2014.4333" r44="1"></containerEntry>
          <containerEntry r11="0.23144959" r12="0.23446628" r13="-0.9441704" r14="0" r21="0.05485604" r22="0.96583307" r23="0.25329313" r24="0" r31="0.9712997" r32="-0.11041813" r33="0.21067977" r34="0" r41="2583.4905" r42="114.31696" r43="-2026.284" r44="1"></containerEntry>
          <containerEntry r11="0.4419495" r12="0.27529028" r13="-0.8537535" r14="0" r21="0.021831065" r22="0.94816315" r23="0.31703308" r24="0" r31="0.89677376" r32="-0.15875083" r33="0.4130304" r34="0" r41="2589.3416" r42="114.60996" r43="-2029.5266" r44="1"></containerEntry>
          <containerEntry r11="0.804406" r12="0.088754974" r13="-0.5874099" r14="0" r21="-0.093704246" r22="0.9953553" r23="0.022074" r24="0" r31="0.5866408" r32="0.037286505" r33="0.80898654" r34="0" r41="2646.6682" r42="115.03549" r43="-1924.5181" r44="1"></containerEntry>
          <containerEntry r11="0.75916016" r12="0.04221388" r13="0.64953095" r14="0" r21="-0.048479635" r22="0.9987901" r23="-0.008250593" r24="0" r31="-0.64909333" r32="-0.025225598" r33="0.7602882" r34="0" r41="2632.3855" r42="115.98416" r43="-1950.037" r44="1"></containerEntry>
          <containerEntry r11="-0.9514719" r12="-0.10912142" r13="0.28770977" r14="0" r21="-0.13424727" r22="0.98854005" r23="-0.06903671" r24="0" r31="-0.27687922" r32="-0.10431141" r33="-0.95521736" r34="0" r41="2621.0278" r42="115.98416" r43="-1956.156" r44="1"></containerEntry>
          <containerEntry r11="0.50209" r12="0.011110112" r13="-0.8647439" r14="0" r21="-0.3876884" r22="0.8967058" r23="-0.21357985" r24="0" r31="0.773048" r32="0.44248754" r33="0.45453426" r34="0" r41="2602.5837" r42="114.76755" r43="-1989.8336" r44="1"></containerEntry>
          <containerEntry r11="0.6892012" r12="0.22897193" r13="-0.6874396" r14="0" r21="-0.2384898" r22="0.96757627" r23="0.08317875" r24="0" r31="0.6841958" r32="0.10662057" r33="0.72146213" r34="0" r41="2605.6387" r42="114.21027" r43="-1996.928" r44="1"></containerEntry>
          <containerEntry r11="0.93811506" r12="0.09527534" r13="0.33296338" r14="0" r21="-0.09183441" r22="0.99543226" r23="-0.02609568" r24="0" r31="-0.3339288" r32="-0.0060967384" r33="0.94257957" r34="0" r41="2616.313" r42="119.327774" r43="-2012.572" r44="1"></containerEntry>
          <containerEntry r11="0.78776675" r12="-0.01328683" r13="0.61582804" r14="0" r21="-0.03859494" r22="0.99673826" r23="0.070875615" r24="0" r31="-0.614761" r32="-0.07960131" r33="0.7846844" r34="0" r41="2601.9263" r42="116.82132" r43="-1930.7242" r44="1"></containerEntry>
          <containerEntry r11="0.98521584" r12="0.17132339" r13="0" r14="0" r21="-0.17132322" r22="0.9852149" r23="0" r24="0" r31="0" r32="0" r33="1.000001" r34="0" r41="2623.673" r42="122.40929" r43="-2007.3934" r44="1"></containerEntry>
          <containerEntry r11="0.9351485" r12="0.3488395" r13="0.061726786" r14="0" r21="-0.34757823" r22="0.93715626" r23="-0.030454647" r24="0" r31="-0.06847143" r32="0.007024723" r33="0.9976293" r34="0" r41="2622.9653" r42="123.23313" r43="-1999.6896" r44="1"></containerEntry>
          <containerEntry r11="0.8437751" r12="0.19947596" r13="-0.4982521" r14="0" r21="-0.14613497" r22="0.9786779" r23="0.14434002" r24="0" r31="0.51642126" r32="-0.048978582" r33="0.85493535" r34="0" r41="2627.8887" r42="124.55195" r43="-1996.5482" r44="1"></containerEntry>
          <containerEntry r11="0.7598116" r12="-0.110476635" r13="0.64068943" r14="0" r21="0.04809428" r22="0.9923078" r23="0.114071175" r24="0" r31="-0.648364" r32="-0.055859137" r33="0.7592811" r34="0" r41="2633.147" r42="124.70483" r43="-2000.7706" r44="1"></containerEntry>
          <containerEntry r11="0.8160315" r12="0.09795885" r13="-0.5696436" r14="0" r21="-0.06851428" r22="0.99497926" r23="0.07295288" r24="0" r31="0.5739299" r32="-0.020503016" r33="0.818646" r34="0" r41="2620.2913" r42="114.421974" r43="-1944.3259" r44="1"></containerEntry>
          <containerEntry r11="-0.7764118" r12="-0.38904423" r13="-0.49579644" r14="0" r21="-0.42270586" r22="0.9049854" r23="-0.048170052" r24="0" r31="0.46742877" r32="0.17217675" r33="-0.8670926" r34="0" r41="2608.4146" r42="113.46065" r43="-1962.5437" r44="1"></containerEntry>
          <containerEntry r11="-1.1785479" r12="0.013686876" r13="-0.2254609" r14="0" r21="0.028289223" r22="1.1973078" r23="-0.07519195" r24="0" r31="0.22409745" r32="-0.079163" r33="-1.1762264" r34="0" r41="2670.5073" r42="132.71399" r43="-2043.7394" r44="1"></containerEntry>
          <containerEntry r11="1.01544" r12="-0.20218566" r13="0.60663176" r14="0" r21="0.4391408" r22="1.048011" r23="-0.38578242" r24="0" r31="-0.46479726" r32="0.5484466" r33="0.96081686" r34="0" r41="2673.3455" r42="121.28605" r43="-1980.9368" r44="1"></containerEntry>
          <containerEntry r11="-0.6222884" r12="0.33743227" r13="0.9689599" r14="0" r21="-0.1659893" r22="1.0852138" r23="-0.4845182" r24="0" r31="-1.0125175" r32="-0.38529184" r33="-0.51608753" r34="0" r41="2664.3503" r42="121.67128" r43="-1981.9443" r44="1"></containerEntry>
          <containerEntry r11="1.1756204" r12="-0.18062216" r13="0.15903443" r14="0" r21="0.1605293" r22="1.1793597" r23="0.15277734" r24="0" r31="-0.17929488" r32="-0.12839864" r33="1.1795622" r34="0" r41="2660.3928" r42="123.27846" r43="-2008.0002" r44="1"></containerEntry>
          <containerEntry r11="-1.0977178" r12="0.18270105" r13="0.44902304" r14="0" r21="0.29450765" r22="1.1342185" r23="0.2584831" r24="0" r31="-0.38505408" r32="0.34665343" r33="-1.0823818" r34="0" r41="2674.9578" r42="123.68393" r43="-1975.569" r44="1"></containerEntry>
          <containerEntry r11="-0.60200083" r12="0.4522676" r13="0.9343628" r14="0" r21="-0.11310742" r22="1.0451114" r23="-0.5787466" r24="0" r31="-1.031885" r32="-0.3784111" r33="-0.48166832" r34="0" r41="2649.251" r42="119.16212" r43="-1981.5808" r44="1"></containerEntry>
          <containerEntry r11="0.95061284" r12="0.40277937" r13="0.61163825" r14="0" r21="-0.4312181" r22="1.1178993" r23="-0.0659631" r24="0" r31="-0.59193206" r32="-0.16753782" r33="1.0303134" r34="0" r41="2652.4036" r42="119.78598" r43="-1968.3973" r44="1"></containerEntry>
          <containerEntry r11="-0.61582834" r12="-0.06691387" r13="1.0277438" r14="0" r21="-0.10026248" r22="1.1956722" r23="0.017768657" r24="0" r31="-1.025028" r32="-0.0767517" r33="-0.61919814" r34="0" r41="2658.0798" r42="118.45193" r43="-1977.6736" r44="1"></containerEntry>
          <containerEntry r11="0.80989826" r12="-0.33994076" r13="-0.8176188" r14="0" r21="-0.02858627" r22="1.0974302" r23="-0.48459125" r24="0" r31="0.8850102" r32="0.34653452" r33="0.7325744" r34="0" r41="2660.5977" r42="121.06114" r43="-1958.9033" r44="1"></containerEntry>
          <containerEntry r11="-1.0609092" r12="0.07290584" r13="0.5559924" r14="0" r21="-0.09053098" r22="1.1519374" r23="-0.32379618" r24="0" r31="-0.55339587" r32="-0.32821417" r33="-1.0129167" r34="0" r41="2660.1982" r42="123.72621" r43="-1956.5071" r44="1"></containerEntry>
          <containerEntry r11="0.9618172" r12="-0.26535052" r13="-0.06705777" r14="0" r21="0.2736346" r22="0.9272599" r23="0.25556433" r24="0" r31="-0.0056341253" r32="-0.2641555" r33="0.96446365" r34="0" r41="2638.5544" r42="130.81796" r43="-2045.4315" r44="1"></containerEntry>
          <containerEntry r11="1.1994548" r12="0.034743026" r13="0.010062222" r14="0" r21="-0.036063038" r22="1.1229285" r23="0.4215816" r24="0" r31="0.002789891" r32="-0.42169246" r33="1.1234624" r34="0" r41="2660.82" r42="133.95569" r43="-2034.0629" r44="1"></containerEntry>
          <containerEntry r11="0.052621327" r12="0.19762202" r13="-0.9788642" r14="0" r21="0.1592974" r22="0.96601" r23="0.20359042" r24="0" r31="0.9858265" r32="-0.16664372" r33="0.019352058" r34="0" r41="2657.531" r42="130.64658" r43="-2042.314" r44="1"></containerEntry>
          <containerEntry r11="0.15630247" r12="-0.13168673" r13="0.9788899" r14="0" r21="-0.051290173" r22="0.988653" r23="0.14118972" r24="0" r31="-0.9863753" r32="-0.072275706" r33="0.14777467" r34="0" r41="2676.7966" r42="122.71416" r43="-2015.551" r44="1"></containerEntry>
          <containerEntry r11="-0.17199162" r12="0.004947171" r13="1.0661992" r14="0" r21="-0.25929636" r22="1.057577" r23="-0.046736322" r24="0" r31="-1.0347883" r32="-0.2610338" r33="-0.16571328" r34="0" r41="2632.0396" r42="119.215126" r43="-1969.0815" r44="1"></containerEntry>
          <containerEntry r11="-1.0859365" r12="0.26227638" r13="-0.43811983" r14="0" r21="0.43861243" r22="1.0062999" r23="-0.4847468" r24="0" r31="0.26145172" r32="-0.59880835" r33="-1.0065125" r34="0" r41="2674.0676" r42="120.47233" r43="-1956.3904" r44="1"></containerEntry>
          <containerEntry r11="-0.036614962" r12="-0.18633482" r13="0.9818027" r14="0" r21="-0.17252685" r22="0.96888906" r23="0.17744981" r24="0" r31="-0.984323" r32="-0.16289002" r33="-0.06762361" r34="0" r41="2673.9883" r42="120.258255" r43="-2003.5394" r44="1"></containerEntry>
          <containerEntry r11="0.5021666" r12="0.3138997" r13="-0.80578923" r14="0" r21="-0.18236709" r22="0.9492794" r23="0.2561463" r24="0" r31="0.8453233" r32="0.018321142" r33="0.5339414" r34="0" r41="2598.7861" r42="113.407425" r43="-1970.864" r44="1"></containerEntry>
          <containerEntry r11="0.55717105" r12="0" r13="-0.8303978" r14="0" r21="0" r22="1" r23="0" r24="0" r31="0.8303978" r32="0" r33="0.55717105" r34="0" r41="2581.134" r42="111.7769" r43="-1986.8784" r44="1"></containerEntry>
          <containerEntry r11="0.54522145" r12="-0.20195179" r13="-0.81360257" r14="0" r21="0.2397361" r22="0.96757627" r23="-0.07951605" r24="0" r31="0.80328095" r32="-0.15169601" r33="0.5759585" r34="0" r41="2578.9756" r42="111.63242" r43="-1983.6157" r44="1"></containerEntry>
          <containerEntry r11="0.52018934" r12="0.19960389" r13="-0.8303981" r14="0" r21="-0.23848963" r22="0.96757627" r23="0.08317968" r24="0" r31="0.82007647" r32="0.15477224" r33="0.5509263" r34="0" r41="2582.205" r42="111.66039" r43="-1925.0099" r44="1"></containerEntry>
          <containerEntry r11="-0.26117373" r12="0" r13="-0.96529233" r14="0" r21="0" r22="1" r23="0" r24="0" r31="0.96529233" r32="0" r33="-0.26117373" r34="0" r41="2569.2024" r42="111.24604" r43="-1923.8127" r44="1"></containerEntry>
          <containerEntry r11="0.17539212" r12="-0.26225284" r13="-1.1577827" r14="0" r21="0.2034714" r22="1.1596731" r23="-0.2318572" r24="0" r31="1.1695454" r32="-0.16242486" r33="0.2139654" r34="0" r41="2674.263" r42="123.402435" r43="-1949.5919" r44="1"></containerEntry>
