<fox formatVersion="2" fileVersion="0">
  <entities>
    <entity class="DataSet" classVersion="0" classID="0xE8" addr="0x2F73C70" id="0x89E5436">
      <staticProperties>
        <property name="name" type="String" container="StaticArray" arraySize="1">
          <containerEntry hash="0xB8A0BF169F98"></containerEntry>
        </property>
        <property name="dataSet" type="EntityHandle" container="StaticArray" arraySize="1">
          <containerEntry>0x0</containerEntry>
        </property>
        <property name="dataList" type="EntityPtr" container="StringMap" arraySize="11">
          <containerEntry key="afgh_rock010_vrtn001_0004">
            <data>0x2D75FE0</data>
          </containerEntry>
          <containerEntry key="StaticModelArray0000">
            <data>0x2D7E5C0</data>
          </containerEntry>
          <containerEntry key="StaticModelArray0001">
            <data>0x2D7E630</data>
          </containerEntry>
          <containerEntry key="StaticModelArray0002">
            <data>0x2D7E6A0</data>
          </containerEntry>
          <containerEntry key="StaticModelArray0003">
            <data>0x2D7E710</data>
          </containerEntry>
          <containerEntry key="StaticModelArray0004">
            <data>0x2D7E7F0</data>
          </containerEntry>
          <containerEntry key="StaticModelArray0005">
            <data>0x2D7E780</data>
          </containerEntry>
          <containerEntry key="StaticModelArray0006">
            <data>0x2D7E470</data>
          </containerEntry>
          <containerEntry key="StaticModelArray0007">
            <data>0x2D7E390</data>
          </containerEntry>
          <containerEntry key="StaticModelArray0008">
            <data>0x2D7E080</data>
          </containerEntry>
          <containerEntry key="TexturePackLoadConditioner0000">
            <data>0x2D7EBE0</data>
          </containerEntry>
        </property>
      </staticProperties>
      <dynamicProperties></dynamicProperties>
    </entity>
    <entity class="StaticModel" classVersion="9" classID="0x160" addr="0x2D75FE0" id="0x89E54EA">
      <staticProperties>
        <property name="name" type="String" container="StaticArray" arraySize="1">
          <containerEntry>afgh_rock010_vrtn001_0004</containerEntry>
        </property>
        <property name="dataSet" type="EntityHandle" container="StaticArray" arraySize="1">
          <containerEntry>0x2F73C70</containerEntry>
        </property>
        <property name="parent" type="EntityHandle" container="StaticArray" arraySize="1">
          <containerEntry>0x0</containerEntry>
        </property>
        <property name="transform" type="EntityPtr" container="StaticArray" arraySize="1">
          <containerEntry>0x2D76050</containerEntry>
        </property>
        <property name="shearTransform" type="EntityPtr" container="StaticArray" arraySize="1">
          <containerEntry>0x0</containerEntry>
        </property>
        <property name="pivotTransform" type="EntityPtr" container="StaticArray" arraySize="1">
          <containerEntry>0x0</containerEntry>
        </property>
        <property name="children" type="EntityHandle" container="List"></property>
        <property name="flags" type="UInt32" container="StaticArray" arraySize="1">
          <containerEntry>3221225479</containerEntry>
        </property>
        <property name="modelFile" type="FilePtr" container="StaticArray" arraySize="1">
          <containerEntry>/Assets/tpp/environ/object/afghanistan/rock/afgh_rock010/scenes/afgh_rock010_vrtn001.fmdl</containerEntry>
        </property>
        <property name="geomFile" type="FilePtr" container="StaticArray" arraySize="1">
          <containerEntry>/Assets/tpp/environ/object/afghanistan/rock/afgh_rock010/scenes/afgh_rock010_vrtn001.geom</containerEntry>
        </property>
        <property name="isVisibleGeom" type="Bool" container="StaticArray" arraySize="1">
          <containerEntry>false</containerEntry>
        </property>
        <property name="isIsolated" type="Bool" container="StaticArray" arraySize="1">
          <containerEntry>false</containerEntry>
        </property>
        <property name="lodFarSize" type="Float" container="StaticArray" arraySize="1">
          <containerEntry>-1</containerEntry>
        </property>
        <property name="lodNearSize" type="Float" container="StaticArray" arraySize="1">
          <containerEntry>-1</containerEntry>
        </property>
        <property name="lodPolygonSize" type="Float" container="StaticArray" arraySize="1">
          <containerEntry>-1</containerEntry>
        </property>
        <property name="color" type="Color" container="StaticArray" arraySize="1">
          <containerEntry r="1" g="1" b="1" a="1"></containerEntry>
        </property>
        <property name="drawRejectionLevel" type="Int32" container="StaticArray" arraySize="1">
          <containerEntry>8</containerEntry>
        </property>
        <property name="drawMode" type="Int32" container="StaticArray" arraySize="1">
          <containerEntry>0</containerEntry>
        </property>
        <property name="rejectFarRangeShadowCast" type="Int32" container="StaticArray" arraySize="1">
          <containerEntry>2</containerEntry>
        </property>
      </staticProperties>
      <dynamicProperties></dynamicProperties>
    </entity>
    <entity class="TransformEntity" classVersion="0" classID="0x50" addr="0x2D76050" id="0x89E54ED">
      <staticProperties>
        <property name="owner" type="EntityHandle" container="StaticArray" arraySize="1">
          <containerEntry>0x2D75FE0</containerEntry>
        </property>
        <property name="transform_scale" type="Vector3" container="StaticArray" arraySize="1">
          <containerEntry x="1" y="1" z="1" w="0"></containerEntry>
        </property>
        <property name="transform_rotation_quat" type="Quat" container="StaticArray" arraySize="1">
          <containerEntry x="-0.459518" y="-0.547527" z="-0.5452" w="-0.437962"></containerEntry>
        </property>
        <property name="transform_translation" type="Vector3" container="StaticArray" arraySize="1">
          <containerEntry x="191.36824" y="445.36566" z="-878.4097" w="0"></containerEntry>
        </property>
      </staticProperties>
      <dynamicProperties></dynamicProperties>
    </entity>
    <entity class="StaticModelArray" classVersion="4" classID="0xD0" addr="0x2D7E5C0" id="0x0">
      <staticProperties>
        <property name="name" type="String" container="StaticArray" arraySize="1">
          <containerEntry>StaticModelArray0000</containerEntry>
        </property>
        <property name="dataSet" type="EntityHandle" container="StaticArray" arraySize="1">
          <containerEntry>0x2F73C70</containerEntry>
        </property>
        <property name="modelFile" type="FilePtr" container="StaticArray" arraySize="1">
          <containerEntry>/Assets/tpp/environ/object/afghanistan/cliff/afgh_clff022/scenes/afgh_clff022_vrtn002.fmdl</containerEntry>
        </property>
        <property name="geomFile" type="FilePtr" container="StaticArray" arraySize="1">
          <containerEntry>/Assets/tpp/environ/object/afghanistan/cliff/afgh_clff022/scenes/afgh_clff022_vrtn002.geom</containerEntry>
        </property>
        <property name="isVisibleGeom" type="Bool" container="StaticArray" arraySize="1">
          <containerEntry>false</containerEntry>
        </property>
        <property name="lodFarSize" type="Float" container="StaticArray" arraySize="1">
          <containerEntry>-1</containerEntry>
        </property>
        <property name="lodNearSize" type="Float" container="StaticArray" arraySize="1">
          <containerEntry>-1</containerEntry>
        </property>
        <property name="lodPolygonSize" type="Float" container="StaticArray" arraySize="1">
          <containerEntry>-1</containerEntry>
        </property>
        <property name="drawRejectionLevel" type="Int32" container="StaticArray" arraySize="1">
          <containerEntry>8</containerEntry>
        </property>
        <property name="drawMode" type="Int32" container="StaticArray" arraySize="1">
          <containerEntry>0</containerEntry>
        </property>
        <property name="rejectFarRangeShadowCast" type="Int32" container="StaticArray" arraySize="1">
          <containerEntry>2</containerEntry>
        </property>
        <property name="parentLocator" type="EntityLink" container="StaticArray" arraySize="1">
          <containerEntry packagePathHash="0xB8A0BF169F98" archivePathHash="0xB8A0BF169F98" nameInArchiveHash="0xB8A0BF169F98">0x0</containerEntry>
        </property>
        <property name="transforms" type="Matrix4" container="DynamicArray" arraySize="2">
          <containerEntry r11="-0.3776505" r12="0" r13="0.9259509" r14="0" r21="0" r22="1" r23="0" r24="0" r31="-0.9259509" r32="0" r33="-0.3776505" r34="0" r41="188.5685" r42="453.79703" r43="-802.0626" r44="1"></containerEntry>
          <containerEntry r11="-0.08149099" r12="0" r13="0.9966753" r14="0" r21="0" r22="1" r23="0" r24="0" r31="-0.9966753" r32="0" r33="-0.08149099" r34="0" r41="186.28848" r42="444.61273" r43="-884.769" r44="1"></containerEntry>
        </property>
        <property name="colors" type="UInt32" container="DynamicArray" arraySize="2">
          <containerEntry>4294967295</containerEntry>
          <containerEntry>4294967295</containerEntry>
        </property>
      </staticProperties>
      <dynamicProperties></dynamicProperties>
    </entity>
    <entity class="StaticModelArray" classVersion="4" classID="0xD0" addr="0x2D7E630" id="0x0">
      <staticProperties>
        <property name="name" type="String" container="StaticArray" arraySize="1">
          <containerEntry>StaticModelArray0001</containerEntry>
        </property>
        <property name="dataSet" type="EntityHandle" container="StaticArray" arraySize="1">
          <containerEntry>0x2F73C70</containerEntry>
        </property>
        <property name="modelFile" type="FilePtr" container="StaticArray" arraySize="1">
          <containerEntry>/Assets/tpp/environ/object/afghanistan/rock/afgh_rock001/scenes/afgh_rock001.fmdl</containerEntry>
        </property>
        <property name="geomFile" type="FilePtr" container="StaticArray" arraySize="1">
          <containerEntry>/Assets/tpp/environ/object/afghanistan/rock/afgh_rock001/scenes/afgh_rock001.geom</containerEntry>
        </property>
        <property name="isVisibleGeom" type="Bool" container="StaticArray" arraySize="1">
          <containerEntry>false</containerEntry>
        </property>
        <property name="lodFarSize" type="Float" container="StaticArray" arraySize="1">
          <containerEntry>-1</containerEntry>
        </property>
        <property name="lodNearSize" type="Float" container="StaticArray" arraySize="1">
          <containerEntry>-1</containerEntry>
        </property>
        <property name="lodPolygonSize" type="Float" container="StaticArray" arraySize="1">
          <containerEntry>-1</containerEntry>
        </property>
        <property name="drawRejectionLevel" type="Int32" container="StaticArray" arraySize="1">
          <containerEntry>8</containerEntry>
        </property>
        <property name="drawMode" type="Int32" container="StaticArray" arraySize="1">
          <containerEntry>0</containerEntry>
        </property>
        <property name="rejectFarRangeShadowCast" type="Int32" container="StaticArray" arraySize="1">
          <containerEntry>2</containerEntry>
        </property>
        <property name="parentLocator" type="EntityLink" container="StaticArray" arraySize="1">
          <containerEntry packagePathHash="0xB8A0BF169F98" archivePathHash="0xB8A0BF169F98" nameInArchiveHash="0xB8A0BF169F98">0x0</containerEntry>
        </property>
        <property name="transforms" type="Matrix4" container="DynamicArray" arraySize="2">
          <containerEntry r11="-0.145964" r12="-0.25716335" r13="-0.95527875" r14="0" r21="-0.46607172" r22="0.8696228" r23="-0.16288877" r24="0" r31="0.8726212" r32="0.421453" r33="-0.24679017" r34="0" r41="170.01173" r42="436.16858" r43="-809.5412" r44="1"></containerEntry>
          <containerEntry r11="-0.145964" r12="-0.25716335" r13="-0.95527875" r14="0" r21="-0.46607172" r22="0.8696228" r23="-0.16288877" r24="0" r31="0.8726212" r32="0.421453" r33="-0.24679017" r34="0" r41="164.40845" r42="434.7296" r43="-852.3522" r44="1"></containerEntry>
        </property>
        <property name="colors" type="UInt32" container="DynamicArray" arraySize="2">
          <containerEntry>4294967295</containerEntry>
          <containerEntry>4294967295</containerEntry>
        </property>
      </staticProperties>
      <dynamicProperties></dynamicProperties>
    </entity>
    <entity class="StaticModelArray" classVersion="4" classID="0xD0" addr="0x2D7E6A0" id="0x0">
      <staticProperties>
        <property name="name" type="String" container="StaticArray" arraySize="1">
          <containerEntry>StaticModelArray0002</containerEntry>
        </property>
        <property name="dataSet" type="EntityHandle" container="StaticArray" arraySize="1">
          <containerEntry>0x2F73C70</containerEntry>
        </property>
        <property name="modelFile" type="FilePtr" container="StaticArray" arraySize="1">
          <containerEntry>/Assets/tpp/environ/object/afghanistan/cliff/afgh_clff022/scenes/afgh_clff022_vrtn001.fmdl</containerEntry>
        </property>
        <property name="geomFile" type="FilePtr" container="StaticArray" arraySize="1">
          <containerEntry>/Assets/tpp/environ/object/afghanistan/cliff/afgh_clff022/scenes/afgh_clff022_vrtn001.geom</containerEntry>
        </property>
        <property name="isVisibleGeom" type="Bool" container="StaticArray" arraySize="1">
          <containerEntry>false</containerEntry>
        </property>
        <property name="lodFarSize" type="Float" container="StaticArray" arraySize="1">
          <containerEntry>-1</containerEntry>
        </property>
        <property name="lodNearSize" type="Float" container="StaticArray" arraySize="1">
          <containerEntry>-1</containerEntry>
        </property>
        <property name="lodPolygonSize" type="Float" container="StaticArray" arraySize="1">
          <containerEntry>-1</containerEntry>
        </property>
        <property name="drawRejectionLevel" type="Int32" container="StaticArray" arraySize="1">
          <containerEntry>8</containerEntry>
        </property>
        <property name="drawMode" type="Int32" container="StaticArray" arraySize="1">
          <containerEntry>0</containerEntry>
        </property>
        <property name="rejectFarRangeShadowCast" type="Int32" container="StaticArray" arraySize="1">
          <containerEntry>2</containerEntry>
        </property>
        <property name="parentLocator" type="EntityLink" container="StaticArray" arraySize="1">
          <containerEntry packagePathHash="0xB8A0BF169F98" archivePathHash="0xB8A0BF169F98" nameInArchiveHash="0xB8A0BF169F98">0x0</containerEntry>
        </property>
        <property name="transforms" type="Matrix4" container="DynamicArray" arraySize="3">
          <containerEntry r11="0.98891914" r12="-0.14845504" r13="0" r14="0" r21="0.14845504" r22="0.98891914" r23="0" r24="0" r31="0" r32="0" r33="1" r34="0" r41="250.03389" r42="442.43698" r43="-891.4039" r44="1"></containerEntry>
          <containerEntry r11="1" r12="0" r13="0" r14="0" r21="0" r22="1" r23="0" r24="0" r31="0" r32="0" r33="1" r34="0" r41="237.78607" r42="451.3837" r43="-836.3254" r44="1"></containerEntry>
          <containerEntry r11="-0.15217917" r12="0.022845581" r13="-0.9880879" r14="0" r21="0.14845552" r22="0.9889191" r23="4.6938658e-07" r24="0" r31="0.977139" r32="-0.14668715" r33="-0.15388441" r34="0" r41="249.4343" r42="448.25967" r43="-859.37756" r44="1"></containerEntry>
        </property>
        <property name="colors" type="UInt32" container="DynamicArray" arraySize="3">
          <containerEntry>4294967295</containerEntry>
          <containerEntry>4294967295</containerEntry>
          <containerEntry>4294967295</containerEntry>
        </property>
      </staticProperties>
      <dynamicProperties></dynamicProperties>
    </entity>
    <entity class="StaticModelArray" classVersion="4" classID="0xD0" addr="0x2D7E710" id="0x0">
      <staticProperties>
        <property name="name" type="String" container="StaticArray" arraySize="1">
          <containerEntry>StaticModelArray0003</containerEntry>
        </property>
        <property name="dataSet" type="EntityHandle" container="StaticArray" arraySize="1">
          <containerEntry>0x2F73C70</containerEntry>
        </property>
        <property name="modelFile" type="FilePtr" container="StaticArray" arraySize="1">
          <containerEntry>/Assets/tpp/environ/object/afghanistan/cliff/afgh_clff022/scenes/afgh_clff022_vrtn003.fmdl</containerEntry>
        </property>
        <property name="geomFile" type="FilePtr" container="StaticArray" arraySize="1">
          <containerEntry>/Assets/tpp/environ/object/afghanistan/cliff/afgh_clff022/scenes/afgh_clff022_vrtn003.geom</containerEntry>
        </property>
        <property name="isVisibleGeom" type="Bool" container="StaticArray" arraySize="1">
          <containerEntry>false</containerEntry>
        </property>
        <property name="lodFarSize" type="Float" container="StaticArray" arraySize="1">
          <containerEntry>-1</containerEntry>
        </property>
        <property name="lodNearSize" type="Float" container="StaticArray" arraySize="1">
          <containerEntry>-1</containerEntry>
        </property>
        <property name="lodPolygonSize" type="Float" container="StaticArray" arraySize="1">
          <containerEntry>-1</containerEntry>
        </property>
        <property name="drawRejectionLevel" type="Int32" container="StaticArray" arraySize="1">
          <containerEntry>8</containerEntry>
        </property>
        <property name="drawMode" type="Int32" container="StaticArray" arraySize="1">
          <containerEntry>0</containerEntry>
        </property>
        <property name="rejectFarRangeShadowCast" type="Int32" container="StaticArray" arraySize="1">
          <containerEntry>2</containerEntry>
        </property>
        <property name="parentLocator" type="EntityLink" container="StaticArray" arraySize="1">
          <containerEntry packagePathHash="0xB8A0BF169F98" archivePathHash="0xB8A0BF169F98" nameInArchiveHash="0xB8A0BF169F98">0x0</containerEntry>
        </property>
        <property name="transforms" type="Matrix4" container="DynamicArray" arraySize="4">
          <containerEntry r11="-0.6081096" r12="0" r13="0.7938513" r14="0" r21="0" r22="1" r23="0" r24="0" r31="-0.7938513" r32="0" r33="-0.6081096" r34="0" r41="138.38412" r42="435.84998" r43="-786.65027" r44="1"></containerEntry>
          <containerEntry r11="0.44679105" r12="0" r13="0.8946367" r14="0" r21="0" r22="1" r23="0" r24="0" r31="-0.8946367" r32="0" r33="0.44679105" r34="0" r41="177.03058" r42="448.67578" r43="-779.96564" r44="1"></containerEntry>
          <containerEntry r11="-0.57045984" r12="0" r13="0.8213239" r14="0" r21="0" r22="1" r23="0" r24="0" r31="-0.8213239" r32="0" r33="-0.57045984" r34="0" r41="148.61786" r42="435.50763" r43="-862.8454" r44="1"></containerEntry>
          <containerEntry r11="-0.9746926" r12="0" r13="-0.2235282" r14="0" r21="0" r22="1" r23="0" r24="0" r31="0.2235282" r32="0" r33="-0.9746926" r34="0" r41="189.32309" r42="454.7522" r43="-864.52594" r44="1"></containerEntry>
        </property>
        <property name="colors" type="UInt32" container="DynamicArray" arraySize="4">
          <containerEntry>4294967295</containerEntry>
          <containerEntry>4294967295</containerEntry>
          <containerEntry>4294967295</containerEntry>
          <containerEntry>4294967295</containerEntry>
        </property>
      </staticProperties>
      <dynamicProperties></dynamicProperties>
    </entity>
    <entity class="StaticModelArray" classVersion="4" classID="0xD0" addr="0x2D7E7F0" id="0x0">
      <staticProperties>
        <property name="name" type="String" container="StaticArray" arraySize="1">
          <containerEntry>StaticModelArray0004</containerEntry>
        </property>
        <property name="dataSet" type="EntityHandle" container="StaticArray" arraySize="1">
          <containerEntry>0x2F73C70</containerEntry>
        </property>
        <property name="modelFile" type="FilePtr" container="StaticArray" arraySize="1">
          <containerEntry>/Assets/tpp/environ/object/afghanistan/cliff/afgh_clff025/scenes/afgh_clff025.fmdl</containerEntry>
        </property>
        <property name="geomFile" type="FilePtr" container="StaticArray" arraySize="1">
          <containerEntry>/Assets/tpp/environ/object/afghanistan/cliff/afgh_clff025/scenes/afgh_clff025.geom</containerEntry>
        </property>
        <property name="isVisibleGeom" type="Bool" container="StaticArray" arraySize="1">
          <containerEntry>false</containerEntry>
        </property>
        <property name="lodFarSize" type="Float" container="StaticArray" arraySize="1">
          <containerEntry>-1</containerEntry>
        </property>
        <property name="lodNearSize" type="Float" container="StaticArray" arraySize="1">
          <containerEntry>-1</containerEntry>
        </property>
        <property name="lodPolygonSize" type="Float" container="StaticArray" arraySize="1">
          <containerEntry>-1</containerEntry>
        </property>
        <property name="drawRejectionLevel" type="Int32" container="StaticArray" arraySize="1">
          <containerEntry>8</containerEntry>
        </property>
        <property name="drawMode" type="Int32" container="StaticArray" arraySize="1">
          <containerEntry>0</containerEntry>
        </property>
        <property name="rejectFarRangeShadowCast" type="Int32" container="StaticArray" arraySize="1">
          <containerEntry>2</containerEntry>
        </property>
        <property name="parentLocator" type="EntityLink" container="StaticArray" arraySize="1">
          <containerEntry packagePathHash="0xB8A0BF169F98" archivePathHash="0xB8A0BF169F98" nameInArchiveHash="0xB8A0BF169F98">0x0</containerEntry>
        </property>
        <property name="transforms" type="Matrix4" container="DynamicArray" arraySize="15">
          <containerEntry r11="-0.10207096" r12="-0.028819611" r13="0.9943568" r14="0" r21="0.135828" r22="0.9898148" r23="0.042630818" r24="0" r31="-0.9854577" r32="0.13941298" r33="-0.09711681" r34="0" r41="162.25108" r42="430.7776" r43="-783.72144" r44="1"></containerEntry>
          <containerEntry r11="0.08690481" r12="0.018874498" r13="0.9960361" r14="0" r21="0.122098625" r22="0.99208087" r23="-0.029452786" r24="0" r31="-0.98870426" r32="0.12417419" r33="0.08391202" r34="0" r41="175.9066" r42="438.01526" r43="-815.5261" r44="1"></containerEntry>
          <containerEntry r11="0.61783725" r12="-0.029065598" r13="0.78576577" r14="0" r21="0.10250124" r22="0.99376655" r23="-0.043835737" r24="0" r31="-0.7795936" r32="0.10762535" r33="0.61696523" r34="0" r41="137.0325" r42="423.04443" r43="-858.5899" r44="1"></containerEntry>
          <containerEntry r11="-0.45480072" r12="0.08601129" r13="0.8864266" r14="0" r21="0.10250052" r22="0.9937666" r23="-0.04383633" r24="0" r31="-0.8846716" r32="0.07092242" r33="-0.46078196" r34="0" r41="137.46945" r42="424.92667" r43="-868.5813" r44="1"></containerEntry>
          <containerEntry r11="-0.99800545" r12="-0.029661808" r13="-0.05565161" r14="0" r21="-0.029524583" r22="0.9995586" r23="-0.00328759" r24="0" r31="0.055724565" r32="-0.0016379473" r33="-0.99844074" r34="0" r41="146.44461" r42="425.29797" r43="-874.9381" r44="1"></containerEntry>
          <containerEntry r11="-1.0220839" r12="0.044706397" r13="0.71821296" r14="0" r21="0.23284036" r22="1.2010179" r23="0.25659546" r24="0" r31="-0.68089193" r32="0.34359452" r33="-0.99036" r34="0" r41="193.7813" r42="453.89255" r43="-807.17395" r44="1"></containerEntry>
          <containerEntry r11="-0.58968914" r12="0.017968882" r13="1.1020085" r14="0" r21="0.44787908" r22="1.1458931" r23="0.2209799" r24="0" r31="-1.00705" r32="0.4991041" r33="-0.54701424" r34="0" r41="193.41838" r42="455.72318" r43="-800.46924" r44="1"></containerEntry>
          <containerEntry r11="-0.6720411" r12="-0.019989703" r13="1.0537753" r14="0" r21="0.51852673" r22="1.0817941" r23="0.35121197" r24="0" r31="-0.91759026" r32="0.62595546" r33="-0.5733149" r34="0" r41="195.08485" r42="446.02985" r43="-902.0888" r44="1"></containerEntry>
          <containerEntry r11="-0.67203987" r12="-0.019990262" r13="1.0537754" r14="0" r21="0.36437726" r22="1.1683046" r23="0.25454435" r24="0" r31="-0.98897487" r32="0.44403154" r33="-0.62229" r34="0" r41="189.46678" r42="444.8416" r43="-888.8083" r44="1"></containerEntry>
          <containerEntry r11="-0.8064486" r12="-0.023988392" r13="1.2645301" r14="0" r21="0.24319446" r22="1.4688027" r23="0.18296081" r24="0" r31="-1.241156" r32="0.3033855" r33="-0.7857865" r34="0" r41="196.6189" r42="445.07385" r43="-914.4472" r44="1"></containerEntry>
          <containerEntry r11="-1.485809" r12="0.031112574" r13="0.2033756" r14="0" r21="0.051037688" r22="1.4921411" r23="0.14460184" r24="0" r31="-0.19931075" r32="0.15015505" r33="-1.4790831" r34="0" r41="208.15297" r42="445.07385" r43="-926.9448" r44="1"></containerEntry>
          <containerEntry r11="-1.0027716" r12="0.019786581" r13="-0.7460121" r14="0" r21="-0.33045387" r22="1.1086061" r23="0.47359407" r24="0" r31="0.6691232" r32="0.57714784" r33="-0.884111" r34="0" r41="226.54338" r42="444.457" r43="-931.46893" r44="1"></containerEntry>
          <containerEntry r11="-0.48261887" r12="-0.05711955" r13="-1.1516485" r14="0" r21="-0.15590993" r22="1.2402328" r23="0.0038248627" r24="0" r31="1.1424749" r32="0.14512026" r33="-0.48597217" r34="0" r41="254.134" r42="433.59534" r43="-925.2283" r44="1"></containerEntry>
          <containerEntry r11="0.04761889" r12="0.0090661645" r13="-0.99881846" r14="0" r21="-0.124727756" r22="0.9921862" r23="0.0030602664" r24="0" r31="0.9910416" r32="0.124435455" r33="0.048377633" r34="0" r41="248.90337" r42="436.81546" r43="-922.94257" r44="1"></containerEntry>
          <containerEntry r11="-0.15007713" r12="-0.015818838" r13="-0.98854053" r14="0" r21="-0.1247275" r22="0.99218625" r23="0.003059458" r24="0" r31="0.98076785" r32="0.12375812" r33="-0.15087748" r34="0" r41="260.3311" r42="432.58032" r43="-912.10095" r44="1"></containerEntry>
        </property>
        <property name="colors" type="UInt32" container="DynamicArray" arraySize="15">
          <containerEntry>4294967295</containerEntry>
          <containerEntry>4294967295</containerEntry>
          <containerEntry>4294967295</containerEntry>
          <containerEntry>4294967295</containerEntry>
          <containerEntry>4294967295</containerEntry>
          <containerEntry>4294967295</containerEntry>
          <containerEntry>4294967295</containerEntry>
          <containerEntry>4294967295</containerEntry>
          <containerEntry>4294967295</containerEntry>
          <containerEntry>4294967295</containerEntry>
          <containerEntry>4294967295</containerEntry>
          <containerEntry>4294967295</containerEntry>
          <containerEntry>4294967295</containerEntry>
          <containerEntry>4294967295</containerEntry>
          <containerEntry>4294967295</containerEntry>
        </property>
      </staticProperties>
      <dynamicProperties></dynamicProperties>
    </entity>
    <entity class="StaticModelArray" classVersion="4" classID="0xD0" addr="0x2D7E780" id="0x0">
      <staticProperties>
        <property name="name" type="String" container="StaticArray" arraySize="1">
          <containerEntry>StaticModelArray0005</containerEntry>
        </property>
        <property name="dataSet" type="EntityHandle" container="StaticArray" arraySize="1">
          <containerEntry>0x2F73C70</containerEntry>
        </property>
        <property name="modelFile" type="FilePtr" container="StaticArray" arraySize="1">
          <containerEntry>/Assets/tpp/environ/object/afghanistan/rock/afgh_rock011/scenes/afgh_rock011.fmdl</containerEntry>
        </property>
        <property name="geomFile" type="FilePtr" container="StaticArray" arraySize="1">
          <containerEntry>/Assets/tpp/environ/object/afghanistan/rock/afgh_rock011/scenes/afgh_rock011.geom</containerEntry>
        </property>
        <property name="isVisibleGeom" type="Bool" container="StaticArray" arraySize="1">
          <containerEntry>false</containerEntry>
        </property>
        <property name="lodFarSize" type="Float" container="StaticArray" arraySize="1">
          <containerEntry>-1</containerEntry>
        </property>
        <property name="lodNearSize" type="Float" container="StaticArray" arraySize="1">
          <containerEntry>-1</containerEntry>
        </property>
        <property name="lodPolygonSize" type="Float" container="StaticArray" arraySize="1">
          <containerEntry>-1</containerEntry>
        </property>
        <property name="drawRejectionLevel" type="Int32" container="StaticArray" arraySize="1">
          <containerEntry>8</containerEntry>
        </property>
        <property name="drawMode" type="Int32" container="StaticArray" arraySize="1">
          <containerEntry>0</containerEntry>
        </property>
        <property name="rejectFarRangeShadowCast" type="Int32" container="StaticArray" arraySize="1">
          <containerEntry>2</containerEntry>
        </property>
        <property name="parentLocator" type="EntityLink" container="StaticArray" arraySize="1">
          <containerEntry packagePathHash="0xB8A0BF169F98" archivePathHash="0xB8A0BF169F98" nameInArchiveHash="0xB8A0BF169F98">0x0</containerEntry>
        </property>
        <property name="transforms" type="Matrix4" container="DynamicArray" arraySize="6">
          <containerEntry r11="0.6933781" r12="0.10626109" r13="-0.7126955" r14="0" r21="-0.13189928" r22="0.9910724" r23="0.019442203" r24="0" r31="0.7083988" r32="0.080523305" r33="0.7012037" r34="0" r41="191.85646" r42="452.5129" r43="-835.3636" r44="1"></containerEntry>
          <containerEntry r11="0.97716004" r12="-0.1436013" r13="0.15664233" r14="0" r21="0.10839117" r22="0.9708349" r23="0.21384752" r24="0" r31="-0.18278266" r32="-0.19198456" r33="0.96422625" r34="0" r41="126.366516" r42="425.60733" r43="-886.87524" r44="1"></containerEntry>
          <containerEntry r11="0.7051448" r12="-0.037557263" r13="-0.7080678" r14="0" r21="-0.087906584" r22="0.98626184" r23="-0.13985685" r24="0" r31="0.7035929" r32="0.16086316" r33="0.69215596" r34="0" r41="160.89233" r42="428.59396" r43="-870.03375" r44="1"></containerEntry>
          <containerEntry r11="-0.42500368" r12="-0.00030008703" r13="0.90519124" r14="0" r21="-0.19029382" r22="0.9776826" r23="-0.08902231" r24="0" r31="-0.884963" r32="-0.21008715" r33="-0.4155758" r34="0" r41="173.40192" r42="428.62708" r43="-892.4749" r44="1"></containerEntry>
          <containerEntry r11="0.33378777" r12="-0.24676292" r13="1.1790644" r14="0" r21="0.11243588" r22="1.224533" r23="0.22444874" r24="0" r31="-1.1993511" r32="0.046120826" r33="0.34918332" r34="0" r41="206.25262" r42="447.05963" r43="-920.53876" r44="1"></containerEntry>
          <containerEntry r11="-0.9949678" r12="0.1278749" r13="0.74577594" r14="0" r21="0.104904614" r22="1.2434347" r23="-0.07324867" r24="0" r31="-0.7493522" r32="0.0042841514" r33="-1.0004737" r34="0" r41="224.70374" r42="446.92456" r43="-912.8337" r44="1"></containerEntry>
        </property>
        <property name="colors" type="UInt32" container="DynamicArray" arraySize="6">
          <containerEntry>4294967295</containerEntry>
          <containerEntry>4294967295</containerEntry>
          <containerEntry>4294967295</containerEntry>
          <containerEntry>4294967295</containerEntry>
          <containerEntry>4294967295</containerEntry>
          <containerEntry>4294967295</containerEntry>
        </property>
      </staticProperties>
      <dynamicProperties></dynamicProperties>
    </entity>
    <entity class="StaticModelArray" classVersion="4" classID="0xD0" addr="0x2D7E470" id="0x0">
      <staticProperties>
        <property name="name" type="String" container="StaticArray" arraySize="1">
          <containerEntry>StaticModelArray0006</containerEntry>
        </property>
        <property name="dataSet" type="EntityHandle" container="StaticArray" arraySize="1">
          <containerEntry>0x2F73C70</containerEntry>
        </property>
        <property name="modelFile" type="FilePtr" container="StaticArray" arraySize="1">
          <containerEntry>/Assets/tpp/environ/object/afghanistan/cliff/afgh_clff022/scenes/afgh_clff022_vrtn004.fmdl</containerEntry>
        </property>
        <property name="geomFile" type="FilePtr" container="StaticArray" arraySize="1">
          <containerEntry>/Assets/tpp/environ/object/afghanistan/cliff/afgh_clff022/scenes/afgh_clff022_vrtn004.geom</containerEntry>
        </property>
        <property name="isVisibleGeom" type="Bool" container="StaticArray" arraySize="1">
          <containerEntry>false</containerEntry>
        </property>
        <property name="lodFarSize" type="Float" container="StaticArray" arraySize="1">
          <containerEntry>-1</containerEntry>
        </property>
        <property name="lodNearSize" type="Float" container="StaticArray" arraySize="1">
          <containerEntry>-1</containerEntry>
        </property>
        <property name="lodPolygonSize" type="Float" container="StaticArray" arraySize="1">
          <containerEntry>-1</containerEntry>
        </property>
        <property name="drawRejectionLevel" type="Int32" container="StaticArray" arraySize="1">
          <containerEntry>8</containerEntry>
        </property>
        <property name="drawMode" type="Int32" container="StaticArray" arraySize="1">
          <containerEntry>0</containerEntry>
        </property>
        <property name="rejectFarRangeShadowCast" type="Int32" container="StaticArray" arraySize="1">
          <containerEntry>2</containerEntry>
        </property>
        <property name="parentLocator" type="EntityLink" container="StaticArray" arraySize="1">
          <containerEntry packagePathHash="0xB8A0BF169F98" archivePathHash="0xB8A0BF169F98" nameInArchiveHash="0xB8A0BF169F98">0x0</containerEntry>
        </property>
        <property name="transforms" type="Matrix4" container="DynamicArray" arraySize="5">
          <containerEntry r11="0.31940317" r12="0" r13="0.9476176" r14="0" r21="0" r22="1" r23="0" r24="0" r31="-0.9476176" r32="0" r33="0.31940317" r34="0" r41="190.91077" r42="457.59232" r43="-776.3516" r44="1"></containerEntry>
          <containerEntry r11="-0.33784556" r12="0" r13="-0.9411998" r14="0" r21="0" r22="1" r23="0" r24="0" r31="0.9411998" r32="0" r33="-0.33784556" r34="0" r41="239.20035" r42="448.65936" r43="-864.8867" r44="1"></containerEntry>
          <containerEntry r11="-0.07808161" r12="0" r13="0.99694586" r14="0" r21="0" r22="1" r23="0" r24="0" r31="-0.99694586" r32="0" r33="-0.07808161" r34="0" r41="156.70833" r42="433.6594" r43="-826.4607" r44="1"></containerEntry>
          <containerEntry r11="0.12563471" r12="0.068002395" r13="0.98974276" r14="0" r21="-0.008562734" r22="0.9976852" r23="-0.06746115" r24="0" r31="-0.9920392" r32="5.2526593e-07" r33="0.1259262" r34="0" r41="185.44351" r42="451.87067" r43="-838.57776" r44="1"></containerEntry>
          <containerEntry r11="0.41581684" r12="0" r13="0.9094474" r14="0" r21="0" r22="1" r23="0" r24="0" r31="-0.9094474" r32="0" r33="0.41581684" r34="0" r41="156.39485" r42="433.0779" r43="-842.77124" r44="1"></containerEntry>
        </property>
        <property name="colors" type="UInt32" container="DynamicArray" arraySize="5">
          <containerEntry>4294967295</containerEntry>
          <containerEntry>4294967295</containerEntry>
          <containerEntry>4294967295</containerEntry>
          <containerEntry>4294967295</containerEntry>
          <containerEntry>4294967295</containerEntry>
        </property>
      </staticProperties>
      <dynamicProperties></dynamicProperties>
    </entity>
    <entity class="StaticModelArray" classVersion="4" classID="0xD0" addr="0x2D7E390" id="0x0">
      <staticProperties>
        <property name="name" type="String" container="StaticArray" arraySize="1">
          <containerEntry>StaticModelArray0007</containerEntry>
        </property>
        <property name="dataSet" type="EntityHandle" container="StaticArray" arraySize="1">
          <containerEntry>0x2F73C70</containerEntry>
        </property>
        <property name="modelFile" type="FilePtr" container="StaticArray" arraySize="1">
          <containerEntry>/Assets/tpp/environ/object/afghanistan/rock/afgh_rock009/scenes/afgh_rock009_rock001.fmdl</containerEntry>
        </property>
        <property name="geomFile" type="FilePtr" container="StaticArray" arraySize="1">
          <containerEntry>/Assets/tpp/environ/object/afghanistan/rock/afgh_rock009/scenes/afgh_rock009_rock001.geom</containerEntry>
        </property>
        <property name="isVisibleGeom" type="Bool" container="StaticArray" arraySize="1">
          <containerEntry>false</containerEntry>
        </property>
        <property name="lodFarSize" type="Float" container="StaticArray" arraySize="1">
          <containerEntry>-1</containerEntry>
        </property>
        <property name="lodNearSize" type="Float" container="StaticArray" arraySize="1">
          <containerEntry>-1</containerEntry>
        </property>
        <property name="lodPolygonSize" type="Float" container="StaticArray" arraySize="1">
          <containerEntry>-1</containerEntry>
        </property>
        <property name="drawRejectionLevel" type="Int32" container="StaticArray" arraySize="1">
          <containerEntry>8</containerEntry>
        </property>
        <property name="drawMode" type="Int32" container="StaticArray" arraySize="1">
          <containerEntry>0</containerEntry>
        </property>
        <property name="rejectFarRangeShadowCast" type="Int32" container="StaticArray" arraySize="1">
          <containerEntry>2</containerEntry>
        </property>
        <property name="parentLocator" type="EntityLink" container="StaticArray" arraySize="1">
          <containerEntry packagePathHash="0xB8A0BF169F98" archivePathHash="0xB8A0BF169F98" nameInArchiveHash="0xB8A0BF169F98">0x0</containerEntry>
        </property>
        <property name="transforms" type="Matrix4" container="DynamicArray" arraySize="11">
          <containerEntry r11="0.72888094" r12="-0.5126527" r13="-0.453784" r14="0" r21="0.2401294" r22="0.81212604" r23="-0.53177935" r24="0" r31="0.64114785" r32="0.278637" r33="0.7150461" r34="0" r41="135.48926" r42="421.24612" r43="-849.78937" r44="1"></containerEntry>
          <containerEntry r11="0.7225294" r12="0.094818376" r13="-0.68480706" r14="0" r21="-0.2586116" r22="0.95570457" r23="-0.14053032" r24="0" r31="0.64114845" r32="0.27863634" r33="0.7150458" r34="0" r41="157.50105" r42="434.31134" r43="-827.958" r44="1"></containerEntry>
          <containerEntry r11="0.8078798" r12="0.5619503" r13="-0.17760131" r14="0" r21="-0.43094715" r22="0.76884466" r23="0.4724009" r24="0" r31="0.40201357" r32="-0.30510646" r33="0.86330485" r34="0" r41="150.23596" r42="429.21088" r43="-792.7028" r44="1"></containerEntry>
          <containerEntry r11="-0.27031198" r12="0.63786423" r13="0.7211522" r14="0" r21="0.70587087" r22="0.64068544" r23="-0.30210674" r24="0" r31="-0.65473473" r32="0.42737722" r33="-0.6234347" r34="0" r41="138.2533" r42="424.3743" r43="-769.31415" r44="1"></containerEntry>
