<fox formatVersion="2" fileVersion="0">
  <entities>
    <entity class="DataSet" classVersion="0" classID="0xE8" addr="0x3354610" id="0x351B93">
      <staticProperties>
        <property name="name" type="String" container="StaticArray" arraySize="1">
          <containerEntry hash="0xB8A0BF169F98"></containerEntry>
        </property>
        <property name="dataSet" type="EntityHandle" container="StaticArray" arraySize="1">
          <containerEntry>0x0</containerEntry>
        </property>
        <property name="dataList" type="EntityPtr" container="StringMap" arraySize="10">
          <containerEntry key="mafr_rock011_0000">
            <data>0x3354370</data>
          </containerEntry>
          <containerEntry key="cm_mafr_dc_grnd006">
            <data>0x31789E0</data>
          </containerEntry>
          <containerEntry key="StaticModelArray0000">
            <data>0x317DEC0</data>
          </containerEntry>
          <containerEntry key="StaticModelArray0001">
            <data>0x317DF30</data>
          </containerEntry>
          <containerEntry key="StaticModelArray0002">
            <data>0x317E010</data>
          </containerEntry>
          <containerEntry key="StaticModelArray0003">
            <data>0x317E080</data>
          </containerEntry>
          <containerEntry key="StaticModelArray0004">
            <data>0x317DFA0</data>
          </containerEntry>
          <containerEntry key="StaticModelArray0005">
            <data>0x317AF80</data>
          </containerEntry>
          <containerEntry key="DecalArray0000">
            <data>0x317DA60</data>
          </containerEntry>
          <containerEntry key="TexturePackLoadConditioner0000">
            <data>0x317E630</data>
          </containerEntry>
        </property>
      </staticProperties>
      <dynamicProperties></dynamicProperties>
    </entity>
    <entity class="StaticModel" classVersion="9" classID="0x160" addr="0x3354370" id="0x351BA1">
      <staticProperties>
        <property name="name" type="String" container="StaticArray" arraySize="1">
          <containerEntry>mafr_rock011_0000</containerEntry>
        </property>
        <property name="dataSet" type="EntityHandle" container="StaticArray" arraySize="1">
          <containerEntry>0x3354610</containerEntry>
        </property>
        <property name="parent" type="EntityHandle" container="StaticArray" arraySize="1">
          <containerEntry>0x0</containerEntry>
        </property>
        <property name="transform" type="EntityPtr" container="StaticArray" arraySize="1">
          <containerEntry>0x3354300</containerEntry>
        </property>
        <property name="shearTransform" type="EntityPtr" container="StaticArray" arraySize="1">
          <containerEntry>0x0</containerEntry>
        </property>
        <property name="pivotTransform" type="EntityPtr" container="StaticArray" arraySize="1">
          <containerEntry>0x0</containerEntry>
        </property>
        <property name="children" type="EntityHandle" container="List"></property>
        <property name="flags" type="UInt32" container="StaticArray" arraySize="1">
          <containerEntry>2147483655</containerEntry>
        </property>
        <property name="modelFile" type="FilePtr" container="StaticArray" arraySize="1">
          <containerEntry>/Assets/tpp/environ/object/middle_africa/rock/mafr_rock011/scenes/mafr_rock011.fmdl</containerEntry>
        </property>
        <property name="geomFile" type="FilePtr" container="StaticArray" arraySize="1">
          <containerEntry>/Assets/tpp/environ/object/middle_africa/rock/mafr_rock011/scenes/mafr_rock011.geom</containerEntry>
        </property>
        <property name="isVisibleGeom" type="Bool" container="StaticArray" arraySize="1">
          <containerEntry>false</containerEntry>
        </property>
        <property name="isIsolated" type="Bool" container="StaticArray" arraySize="1">
          <containerEntry>false</containerEntry>
        </property>
        <property name="lodFarSize" type="Float" container="StaticArray" arraySize="1">
          <containerEntry>-1</containerEntry>
        </property>
        <property name="lodNearSize" type="Float" container="StaticArray" arraySize="1">
          <containerEntry>-1</containerEntry>
        </property>
        <property name="lodPolygonSize" type="Float" container="StaticArray" arraySize="1">
          <containerEntry>-1</containerEntry>
        </property>
        <property name="color" type="Color" container="StaticArray" arraySize="1">
          <containerEntry r="1" g="1" b="1" a="1"></containerEntry>
        </property>
        <property name="drawRejectionLevel" type="Int32" container="StaticArray" arraySize="1">
          <containerEntry>8</containerEntry>
        </property>
        <property name="drawMode" type="Int32" container="StaticArray" arraySize="1">
          <containerEntry>0</containerEntry>
        </property>
        <property name="rejectFarRangeShadowCast" type="Int32" container="StaticArray" arraySize="1">
          <containerEntry>2</containerEntry>
        </property>
      </staticProperties>
      <dynamicProperties></dynamicProperties>
    </entity>
    <entity class="TransformEntity" classVersion="0" classID="0x50" addr="0x3354300" id="0x351BA4">
      <staticProperties>
        <property name="owner" type="EntityHandle" container="StaticArray" arraySize="1">
          <containerEntry>0x3354370</containerEntry>
        </property>
        <property name="transform_scale" type="Vector3" container="StaticArray" arraySize="1">
          <containerEntry x="1" y="1" z="1" w="0"></containerEntry>
        </property>
        <property name="transform_rotation_quat" type="Quat" container="StaticArray" arraySize="1">
          <containerEntry x="0.181209" y="0.67969" z="-0.088459" w="0.705237"></containerEntry>
        </property>
        <property name="transform_translation" type="Vector3" container="StaticArray" arraySize="1">
          <containerEntry x="2326.0369" y="68.992874" z="-402.594" w="0"></containerEntry>
        </property>
      </staticProperties>
      <dynamicProperties></dynamicProperties>
    </entity>
    <entity class="Material" classVersion="6" classID="0xB0" addr="0x31789E0" id="0x351D1B">
      <staticProperties>
        <property name="name" type="String" container="StaticArray" arraySize="1">
          <containerEntry>cm_mafr_dc_grnd006</containerEntry>
        </property>
        <property name="dataSet" type="EntityHandle" container="StaticArray" arraySize="1">
          <containerEntry>0x3354610</containerEntry>
        </property>
        <property name="materialName" type="String" container="StaticArray" arraySize="1">
          <containerEntry hash="0xB8A0BF169F98"></containerEntry>
        </property>
        <property name="shader" type="Path" container="StaticArray" arraySize="1">
          <containerEntry hash="0xB8A0BF169F98"></containerEntry>
        </property>
        <property name="diffuseTexture" type="Path" container="StaticArray" arraySize="1">
          <containerEntry>/Assets/tpp/common_source/fmtr/decal/middle_africa/cm_mafr_dc_grnd006/sourceimages/cm_mafr_dc_grnd006_bsm_alp.ftex</containerEntry>
        </property>
        <property name="srmTexture" type="Path" container="StaticArray" arraySize="1">
          <containerEntry>/Assets/tpp/common_source/fmtr/decal/middle_africa/cm_mafr_dc_grnd006/sourceimages/cm_mafr_dc_grnd006_srm.ftex</containerEntry>
        </property>
        <property name="normalTexture" type="Path" container="StaticArray" arraySize="1">
          <containerEntry>/Assets/tpp/common_source/fmtr/decal/middle_africa/cm_mafr_dc_grnd006/sourceimages/cm_mafr_dc_grnd006_nrm.ftex</containerEntry>
        </property>
        <property name="materialMapTexture" type="Path" container="StaticArray" arraySize="1">
          <containerEntry hash="0xB8A0BF169F98"></containerEntry>
        </property>
        <property name="materialIndex" type="UInt8" container="StaticArray" arraySize="1">
          <containerEntry>21</containerEntry>
        </property>
        <property name="diffuseColor" type="Color" container="StaticArray" arraySize="1">
          <containerEntry r="1" g="1" b="1" a="1"></containerEntry>
        </property>
        <property name="specularColor" type="Color" container="StaticArray" arraySize="1">
          <containerEntry r="0" g="0" b="0" a="0"></containerEntry>
        </property>
        <property name="fmtrPath" type="Path" container="StaticArray" arraySize="1">
          <containerEntry hash="0xB8A0BF169F98"></containerEntry>
        </property>
        <property name="residentFlag" type="Bool" container="StaticArray" arraySize="1">
          <containerEntry>false</containerEntry>
        </property>
      </staticProperties>
      <dynamicProperties></dynamicProperties>
    </entity>
    <entity class="StaticModelArray" classVersion="4" classID="0xD0" addr="0x317DEC0" id="0x0">
      <staticProperties>
        <property name="name" type="String" container="StaticArray" arraySize="1">
          <containerEntry>StaticModelArray0000</containerEntry>
        </property>
        <property name="dataSet" type="EntityHandle" container="StaticArray" arraySize="1">
          <containerEntry>0x3354610</containerEntry>
        </property>
        <property name="modelFile" type="FilePtr" container="StaticArray" arraySize="1">
          <containerEntry>/Assets/tpp/environ/object/middle_africa/tree/mafr_tree038/scenes/mafr_tree038.fmdl</containerEntry>
        </property>
        <property name="geomFile" type="FilePtr" container="StaticArray" arraySize="1">
          <containerEntry>/Assets/tpp/environ/object/middle_africa/tree/mafr_tree038/scenes/mafr_tree038.geom</containerEntry>
        </property>
        <property name="isVisibleGeom" type="Bool" container="StaticArray" arraySize="1">
          <containerEntry>false</containerEntry>
        </property>
        <property name="lodFarSize" type="Float" container="StaticArray" arraySize="1">
          <containerEntry>-1</containerEntry>
        </property>
        <property name="lodNearSize" type="Float" container="StaticArray" arraySize="1">
          <containerEntry>-1</containerEntry>
        </property>
        <property name="lodPolygonSize" type="Float" container="StaticArray" arraySize="1">
          <containerEntry>-1</containerEntry>
        </property>
        <property name="drawRejectionLevel" type="Int32" container="StaticArray" arraySize="1">
          <containerEntry>8</containerEntry>
        </property>
        <property name="drawMode" type="Int32" container="StaticArray" arraySize="1">
          <containerEntry>0</containerEntry>
        </property>
        <property name="rejectFarRangeShadowCast" type="Int32" container="StaticArray" arraySize="1">
          <containerEntry>2</containerEntry>
        </property>
        <property name="parentLocator" type="EntityLink" container="StaticArray" arraySize="1">
          <containerEntry packagePathHash="0xB8A0BF169F98" archivePathHash="0xB8A0BF169F98" nameInArchiveHash="0xB8A0BF169F98">0x0</containerEntry>
        </property>
        <property name="transforms" type="Matrix4" container="DynamicArray" arraySize="4">
          <containerEntry r11="1" r12="0" r13="0" r14="0" r21="0" r22="1" r23="0" r24="0" r31="0" r32="0" r33="1" r34="0" r41="2397.422" r42="83.8941" r43="-397.91995" r44="1"></containerEntry>
          <containerEntry r11="1" r12="0" r13="0" r14="0" r21="0" r22="1" r23="0" r24="0" r31="0" r32="0" r33="1" r34="0" r41="2352.2146" r42="81.01084" r43="-437.69745" r44="1"></containerEntry>
          <containerEntry r11="0.7735153" r12="0" r13="0.63377756" r14="0" r21="0" r22="1" r23="0" r24="0" r31="-0.63377756" r32="0" r33="0.7735153" r34="0" r41="2364.6306" r42="79.54396" r43="-412.0463" r44="1"></containerEntry>
          <containerEntry r11="0.7735153" r12="0" r13="0.63377756" r14="0" r21="0" r22="1" r23="0" r24="0" r31="-0.63377756" r32="0" r33="0.7735153" r34="0" r41="2437.338" r42="103.86191" r43="-413.47495" r44="1"></containerEntry>
        </property>
        <property name="colors" type="UInt32" container="DynamicArray" arraySize="4">
          <containerEntry>4294967295</containerEntry>
          <containerEntry>4294967295</containerEntry>
          <containerEntry>4294967295</containerEntry>
          <containerEntry>4294967295</containerEntry>
        </property>
      </staticProperties>
      <dynamicProperties></dynamicProperties>
    </entity>
    <entity class="StaticModelArray" classVersion="4" classID="0xD0" addr="0x317DF30" id="0x0">
      <staticProperties>
        <property name="name" type="String" container="StaticArray" arraySize="1">
          <containerEntry>StaticModelArray0001</containerEntry>
        </property>
        <property name="dataSet" type="EntityHandle" container="StaticArray" arraySize="1">
          <containerEntry>0x3354610</containerEntry>
        </property>
        <property name="modelFile" type="FilePtr" container="StaticArray" arraySize="1">
          <containerEntry>/Assets/tpp/environ/object/middle_africa/tree/mafr_tree032/scenes/mafr_tree032.fmdl</containerEntry>
        </property>
        <property name="geomFile" type="FilePtr" container="StaticArray" arraySize="1">
          <containerEntry>/Assets/tpp/environ/object/middle_africa/tree/mafr_tree032/scenes/mafr_tree032.geom</containerEntry>
        </property>
        <property name="isVisibleGeom" type="Bool" container="StaticArray" arraySize="1">
          <containerEntry>false</containerEntry>
        </property>
        <property name="lodFarSize" type="Float" container="StaticArray" arraySize="1">
          <containerEntry>-1</containerEntry>
        </property>
        <property name="lodNearSize" type="Float" container="StaticArray" arraySize="1">
          <containerEntry>-1</containerEntry>
        </property>
        <property name="lodPolygonSize" type="Float" container="StaticArray" arraySize="1">
          <containerEntry>-1</containerEntry>
        </property>
        <property name="drawRejectionLevel" type="Int32" container="StaticArray" arraySize="1">
          <containerEntry>8</containerEntry>
        </property>
        <property name="drawMode" type="Int32" container="StaticArray" arraySize="1">
          <containerEntry>0</containerEntry>
        </property>
        <property name="rejectFarRangeShadowCast" type="Int32" container="StaticArray" arraySize="1">
          <containerEntry>2</containerEntry>
        </property>
        <property name="parentLocator" type="EntityLink" container="StaticArray" arraySize="1">
          <containerEntry packagePathHash="0xB8A0BF169F98" archivePathHash="0xB8A0BF169F98" nameInArchiveHash="0xB8A0BF169F98">0x0</containerEntry>
        </property>
        <property name="transforms" type="Matrix4" container="DynamicArray" arraySize="6">
          <containerEntry r11="0.7141609" r12="0" r13="-0.6999819" r14="0" r21="0" r22="1" r23="0" r24="0" r31="0.6999819" r32="0" r33="0.7141609" r34="0" r41="2429.383" r42="110.515785" r43="-452.94876" r44="1"></containerEntry>
          <containerEntry r11="-0.036653485" r12="0" r13="-0.6689976" r14="0" r21="0" r22="0.67" r23="0" r24="0" r31="0.6689976" r32="0" r33="-0.036653485" r34="0" r41="2418.7075" r42="101.02148" r43="-457.43433" r44="1"></containerEntry>
          <containerEntry r11="0.007861078" r12="0" r13="-0.9999696" r14="0" r21="0" r22="1" r23="0" r24="0" r31="0.9999696" r32="0" r33="0.007861078" r34="0" r41="2437.1843" r42="115.4272" r43="-482.88455" r44="1"></containerEntry>
          <containerEntry r11="0.3382683" r12="0.056793164" r13="-0.72273695" r14="0" r21="-0.02027363" r22="0.67200416" r23="0.04331771" r24="0" r31="0.72456515" r32="-7.212162e-07" r33="0.33912387" r34="0" r41="2429.2712" r42="114.08825" r43="-486.8849" r44="1"></containerEntry>
          <containerEntry r11="0.42957464" r12="-0.01629955" r13="0.4734962" r14="0" r21="-0.034345843" r22="0.45049885" r23="0.04666782" r24="0" r31="-0.47164777" r32="-0.07999948" r33="0.42514375" r34="0" r41="2434.7605" r42="111.991516" r43="-468.33548" r44="1"></containerEntry>
          <containerEntry r11="0.2456604" r12="0" r13="-0.43451342" r14="0" r21="0" r22="0.49915" r23="0" r24="0" r31="0.43451342" r32="0" r33="0.2456604" r34="0" r41="2429.9119" r42="112.04659" r43="-473.01453" r44="1"></containerEntry>
        </property>
        <property name="colors" type="UInt32" container="DynamicArray" arraySize="6">
          <containerEntry>4294967295</containerEntry>
          <containerEntry>4294967295</containerEntry>
          <containerEntry>4294967295</containerEntry>
          <containerEntry>4294967295</containerEntry>
          <containerEntry>4294967295</containerEntry>
          <containerEntry>4294967295</containerEntry>
        </property>
      </staticProperties>
      <dynamicProperties></dynamicProperties>
    </entity>
    <entity class="StaticModelArray" classVersion="4" classID="0xD0" addr="0x317E010" id="0x0">
      <staticProperties>
        <property name="name" type="String" container="StaticArray" arraySize="1">
          <containerEntry>StaticModelArray0002</containerEntry>
        </property>
        <property name="dataSet" type="EntityHandle" container="StaticArray" arraySize="1">
          <containerEntry>0x3354610</containerEntry>
        </property>
        <property name="modelFile" type="FilePtr" container="StaticArray" arraySize="1">
          <containerEntry>/Assets/tpp/environ/object/middle_africa/cliff/mafr_clff003/scenes/mafr_clff003.fmdl</containerEntry>
        </property>
        <property name="geomFile" type="FilePtr" container="StaticArray" arraySize="1">
          <containerEntry>/Assets/tpp/environ/object/middle_africa/cliff/mafr_clff003/scenes/mafr_clff003.geom</containerEntry>
        </property>
        <property name="isVisibleGeom" type="Bool" container="StaticArray" arraySize="1">
          <containerEntry>false</containerEntry>
        </property>
        <property name="lodFarSize" type="Float" container="StaticArray" arraySize="1">
          <containerEntry>-1</containerEntry>
        </property>
        <property name="lodNearSize" type="Float" container="StaticArray" arraySize="1">
          <containerEntry>-1</containerEntry>
        </property>
        <property name="lodPolygonSize" type="Float" container="StaticArray" arraySize="1">
          <containerEntry>-1</containerEntry>
        </property>
        <property name="drawRejectionLevel" type="Int32" container="StaticArray" arraySize="1">
          <containerEntry>5</containerEntry>
        </property>
        <property name="drawMode" type="Int32" container="StaticArray" arraySize="1">
          <containerEntry>0</containerEntry>
        </property>
        <property name="rejectFarRangeShadowCast" type="Int32" container="StaticArray" arraySize="1">
          <containerEntry>2</containerEntry>
        </property>
        <property name="parentLocator" type="EntityLink" container="StaticArray" arraySize="1">
          <containerEntry packagePathHash="0xB8A0BF169F98" archivePathHash="0xB8A0BF169F98" nameInArchiveHash="0xB8A0BF169F98">0x0</containerEntry>
        </property>
        <property name="transforms" type="Matrix4" container="DynamicArray" arraySize="2">
          <containerEntry r11="-0.34628636" r12="-0.09837607" r13="0.93295735" r14="0" r21="-0.034232922" r22="0.9951493" r23="0.09222776" r24="0" r31="-0.9375048" r32="-6.966293e-07" r33="-0.3479743" r34="0" r41="2347.348" r42="76.62086" r43="-415.4416" r44="1"></containerEntry>
          <containerEntry r11="-0.73605156" r12="0" r13="0.67692816" r14="0" r21="0" r22="1" r23="0" r24="0" r31="-0.67692816" r32="0" r33="-0.73605156" r34="0" r41="2363.3477" r42="80.21666" r43="-377.52817" r44="1"></containerEntry>
        </property>
        <property name="colors" type="UInt32" container="DynamicArray" arraySize="2">
          <containerEntry>4294967295</containerEntry>
          <containerEntry>4294967295</containerEntry>
        </property>
      </staticProperties>
      <dynamicProperties></dynamicProperties>
    </entity>
    <entity class="StaticModelArray" classVersion="4" classID="0xD0" addr="0x317E080" id="0x0">
      <staticProperties>
        <property name="name" type="String" container="StaticArray" arraySize="1">
          <containerEntry>StaticModelArray0003</containerEntry>
        </property>
        <property name="dataSet" type="EntityHandle" container="StaticArray" arraySize="1">
          <containerEntry>0x3354610</containerEntry>
        </property>
        <property name="modelFile" type="FilePtr" container="StaticArray" arraySize="1">
          <containerEntry>/Assets/tpp/environ/object/middle_africa/rock/mafr_rock010/scenes/mafr_rock010.fmdl</containerEntry>
        </property>
        <property name="geomFile" type="FilePtr" container="StaticArray" arraySize="1">
          <containerEntry>/Assets/tpp/environ/object/middle_africa/rock/mafr_rock010/scenes/mafr_rock010.geom</containerEntry>
        </property>
        <property name="isVisibleGeom" type="Bool" container="StaticArray" arraySize="1">
          <containerEntry>false</containerEntry>
        </property>
        <property name="lodFarSize" type="Float" container="StaticArray" arraySize="1">
          <containerEntry>-1</containerEntry>
        </property>
        <property name="lodNearSize" type="Float" container="StaticArray" arraySize="1">
          <containerEntry>-1</containerEntry>
        </property>
        <property name="lodPolygonSize" type="Float" container="StaticArray" arraySize="1">
          <containerEntry>-1</containerEntry>
        </property>
        <property name="drawRejectionLevel" type="Int32" container="StaticArray" arraySize="1">
          <containerEntry>8</containerEntry>
        </property>
        <property name="drawMode" type="Int32" container="StaticArray" arraySize="1">
          <containerEntry>0</containerEntry>
        </property>
        <property name="rejectFarRangeShadowCast" type="Int32" container="StaticArray" arraySize="1">
          <containerEntry>2</containerEntry>
        </property>
        <property name="parentLocator" type="EntityLink" container="StaticArray" arraySize="1">
          <containerEntry packagePathHash="0xB8A0BF169F98" archivePathHash="0xB8A0BF169F98" nameInArchiveHash="0xB8A0BF169F98">0x0</containerEntry>
        </property>
        <property name="transforms" type="Matrix4" container="DynamicArray" arraySize="12">
          <containerEntry r11="1" r12="0" r13="0" r14="0" r21="0" r22="1" r23="0" r24="0" r31="0" r32="0" r33="1" r34="0" r41="2352.122" r42="78.96768" r43="-483.47998" r44="1"></containerEntry>
          <containerEntry r11="1" r12="0" r13="0" r14="0" r21="0" r22="1" r23="0" r24="0" r31="0" r32="0" r33="1" r34="0" r41="2361.0894" r42="83.921524" r43="-503.41974" r44="1"></containerEntry>
          <containerEntry r11="1" r12="0" r13="0" r14="0" r21="0" r22="1" r23="0" r24="0" r31="0" r32="0" r33="1" r34="0" r41="2374.1648" r42="87.34992" r43="-499.4046" r44="1"></containerEntry>
          <containerEntry r11="0.48327845" r12="0" r13="0.87546694" r14="0" r21="0" r22="1" r23="0" r24="0" r31="-0.87546694" r32="0" r33="0.48327845" r34="0" r41="2360.137" r42="81.8488" r43="-488.441" r44="1"></containerEntry>
          <containerEntry r11="1" r12="0" r13="0" r14="0" r21="0" r22="1" r23="0" r24="0" r31="0" r32="0" r33="1" r34="0" r41="2320.5806" r42="75.02849" r43="-484.12756" r44="1"></containerEntry>
          <containerEntry r11="0.35567415" r12="0" r13="0.93460935" r14="0" r21="0" r22="1" r23="0" r24="0" r31="-0.93460935" r32="0" r33="0.35567415" r34="0" r41="2317.223" r42="74.4789" r43="-494.31012" r44="1"></containerEntry>
          <containerEntry r11="-0.746991" r12="0" r13="0.6648323" r14="0" r21="0" r22="1" r23="0" r24="0" r31="-0.6648323" r32="0" r33="-0.746991" r34="0" r41="2320.9097" r42="73.50704" r43="-434.00055" r44="1"></containerEntry>
          <containerEntry r11="0.4128266" r12="0" r13="-0.9108082" r14="0" r21="0" r22="1" r23="0" r24="0" r31="0.9108082" r32="0" r33="0.4128266" r34="0" r41="2364.9138" r42="76.99012" r43="-402.87198" r44="1"></containerEntry>
          <containerEntry r11="-0.91334665" r12="0" r13="-0.40718138" r14="0" r21="0" r22="1" r23="0" r24="0" r31="0.40718138" r32="0" r33="-0.91334665" r34="0" r41="2309.8289" r42="70.015945" r43="-397.10437" r44="1"></containerEntry>
          <containerEntry r11="-0.004792094" r12="0" r13="-0.99998784" r14="0" r21="0" r22="1" r23="0" r24="0" r31="0.99998784" r32="0" r33="-0.004792094" r34="0" r41="2333.2053" r42="74.54124" r43="-449.57965" r44="1"></containerEntry>
          <containerEntry r11="0.10797868" r12="0.068785995" r13="0.9917693" r14="0" r21="-0.15675834" r22="0.98630166" r23="-0.05133977" r24="0" r31="-0.9817152" r32="-0.14992458" r33="0.11728233" r34="0" r41="2345.8337" r42="75.54171" r43="-414.03458" r44="1"></containerEntry>
          <containerEntry r11="-0.674336" r12="0" r13="-0.73842317" r14="0" r21="0" r22="1" r23="0" r24="0" r31="0.73842317" r32="0" r33="-0.674336" r34="0" r41="2319.2695" r42="72.86704" r43="-435.30054" r44="1"></containerEntry>
        </property>
        <property name="colors" type="UInt32" container="DynamicArray" arraySize="12">
          <containerEntry>4294967295</containerEntry>
          <containerEntry>4294967295</containerEntry>
          <containerEntry>4294967295</containerEntry>
          <containerEntry>4294967295</containerEntry>
          <containerEntry>4294967295</containerEntry>
          <containerEntry>4294967295</containerEntry>
          <containerEntry>4294967295</containerEntry>
          <containerEntry>4294967295</containerEntry>
          <containerEntry>4294967295</containerEntry>
          <containerEntry>4294967295</containerEntry>
          <containerEntry>4294967295</containerEntry>
          <containerEntry>4294967295</containerEntry>
        </property>
      </staticProperties>
      <dynamicProperties></dynamicProperties>
    </entity>
    <entity class="StaticModelArray" classVersion="4" classID="0xD0" addr="0x317DFA0" id="0x0">
      <staticProperties>
        <property name="name" type="String" container="StaticArray" arraySize="1">
          <containerEntry>StaticModelArray0004</containerEntry>
        </property>
        <property name="dataSet" type="EntityHandle" container="StaticArray" arraySize="1">
          <containerEntry>0x3354610</containerEntry>
        </property>
        <property name="modelFile" type="FilePtr" container="StaticArray" arraySize="1">
          <containerEntry>/Assets/tpp/environ/object/middle_africa/rock/mafr_rock002/scenes/mafr_rock002.fmdl</containerEntry>
        </property>
        <property name="geomFile" type="FilePtr" container="StaticArray" arraySize="1">
          <containerEntry>/Assets/tpp/environ/object/middle_africa/rock/mafr_rock002/scenes/mafr_rock002.geom</containerEntry>
        </property>
        <property name="isVisibleGeom" type="Bool" container="StaticArray" arraySize="1">
          <containerEntry>false</containerEntry>
        </property>
        <property name="lodFarSize" type="Float" container="StaticArray" arraySize="1">
          <containerEntry>-1</containerEntry>
        </property>
        <property name="lodNearSize" type="Float" container="StaticArray" arraySize="1">
          <containerEntry>-1</containerEntry>
        </property>
        <property name="lodPolygonSize" type="Float" container="StaticArray" arraySize="1">
          <containerEntry>-1</containerEntry>
        </property>
        <property name="drawRejectionLevel" type="Int32" container="StaticArray" arraySize="1">
          <containerEntry>8</containerEntry>
        </property>
        <property name="drawMode" type="Int32" container="StaticArray" arraySize="1">
          <containerEntry>0</containerEntry>
        </property>
        <property name="rejectFarRangeShadowCast" type="Int32" container="StaticArray" arraySize="1">
          <containerEntry>2</containerEntry>
        </property>
        <property name="parentLocator" type="EntityLink" container="StaticArray" arraySize="1">
          <containerEntry packagePathHash="0xB8A0BF169F98" archivePathHash="0xB8A0BF169F98" nameInArchiveHash="0xB8A0BF169F98">0x0</containerEntry>
        </property>
        <property name="transforms" type="Matrix4" container="DynamicArray" arraySize="22">
          <containerEntry r11="1" r12="0" r13="0" r14="0" r21="0" r22="1" r23="0" r24="0" r31="0" r32="0" r33="1" r34="0" r41="2329.0952" r42="72.16357" r43="-412.09207" r44="1"></containerEntry>
          <containerEntry r11="1" r12="0" r13="0" r14="0" r21="0" r22="1" r23="0" r24="0" r31="0" r32="0" r33="1" r34="0" r41="2340.011" r42="77.36575" r43="-478.04135" r44="1"></containerEntry>
          <containerEntry r11="0.49611652" r12="0" r13="0.86825633" r14="0" r21="0" r22="1" r23="0" r24="0" r31="-0.86825633" r32="0" r33="0.49611652" r34="0" r41="2355.1604" r42="78.9927" r43="-458.88528" r44="1"></containerEntry>
          <containerEntry r11="0.28370404" r12="0.16512497" r13="-0.9445864" r14="0" r21="0.010945424" r22="0.9844401" r23="0.17537901" r24="0" r31="0.95884824" r32="-0.060094457" r33="0.27748227" r34="0" r41="2333.1245" r42="75.68044" r43="-436.6403" r44="1"></containerEntry>
          <containerEntry r11="0.35557425" r12="0" r13="0.93464774" r14="0" r21="0" r22="1" r23="0" r24="0" r31="-0.93464774" r32="0" r33="0.35557425" r34="0" r41="2309.0781" r42="74.50934" r43="-458.5382" r44="1"></containerEntry>
          <containerEntry r11="-0.061322436" r12="0.17572066" r13="-0.98252606" r14="0" r21="0.010946117" r22="0.98444" r23="0.1753794" r24="0" r31="0.9980558" r32="2.0116568e-07" r33="-0.06229168" r34="0" r41="2353.239" r42="77.20187" r43="-401.94547" r44="1"></containerEntry>
          <containerEntry r11="0.7210244" r12="0.1651257" r13="-0.6729438" r14="0" r21="-0.12477335" r22="0.98625505" r23="0.10831725" r24="0" r31="0.6815801" r32="0.0058660684" r33="0.73171717" r34="0" r41="2354.9573" r42="80.04821" r43="-429.47986" r44="1"></containerEntry>
          <containerEntry r11="-0.9509687" r12="-0.0024388859" r13="0.3092667" r14="0" r21="0.023792747" r22="0.99642855" r23="0.08101858" r24="0" r31="-0.30835974" r32="0.08440455" r33="-0.9475143" r34="0" r41="2374.7412" r42="77.84339" r43="-405.53616" r44="1"></containerEntry>
          <containerEntry r11="-0.12620556" r12="-0.09878183" r13="0.98706985" r14="0" r21="-0.067369156" r22="0.993586" r23="0.09081964" r24="0" r31="-0.9897101" r32="-0.055035993" r33="-0.13205093" r34="0" r41="2340.5396" r42="73.87779" r43="-397.02655" r44="1"></containerEntry>
          <containerEntry r11="-0.51714265" r12="0" r13="0.8558976" r14="0" r21="0" r22="1" r23="0" r24="0" r31="-0.8558976" r32="0" r33="-0.51714265" r34="0" r41="2388.2173" r42="85.22752" r43="-443.76175" r44="1"></containerEntry>
          <containerEntry r11="0.22591347" r12="0" r13="0.9741467" r14="0" r21="0" r22="1" r23="0" r24="0" r31="-0.9741467" r32="0" r33="0.22591347" r34="0" r41="2387.1365" r42="83.97459" r43="-433.1812" r44="1"></containerEntry>
          <containerEntry r11="-0.5026421" r12="0.031292494" r13="-0.8639247" r14="0" r21="-0.043804094" r22="0.997139" r23="0.061603464" r24="0" r31="0.86338073" r32="0.068808004" r33="-0.4998333" r34="0" r41="2360.7747" r42="79.48021" r43="-443.8353" r44="1"></containerEntry>
          <containerEntry r11="0.77130914" r12="0" r13="0.63646054" r14="0" r21="0" r22="1" r23="0" r24="0" r31="-0.63646054" r32="0" r33="0.77130914" r34="0" r41="2416.728" r42="87.506454" r43="-422.57983" r44="1"></containerEntry>
          <containerEntry r11="0.44585526" r12="0" r13="4.9800787" r14="0" r21="0" r22="5" r23="0" r24="0" r31="-4.9800787" r32="0" r33="0.44585526" r34="0" r41="2449.3552" r42="112.316666" r43="-450.45026" r44="1"></containerEntry>
          <containerEntry r11="-0.69851995" r12="0" r13="0.7155859" r14="0" r21="0" r22="1" r23="0" r24="0" r31="-0.7155859" r32="0" r33="-0.69851995" r34="0" r41="2395.5115" r42="83.909004" r43="-407.05087" r44="1"></containerEntry>
          <containerEntry r11="-0.86357313" r12="-0.137347" r13="-0.48514533" r14="0" r21="-0.24833274" r22="0.95325154" r23="0.17216939" r24="0" r31="0.4388186" r32="0.26915824" r33="-0.8573102" r34="0" r41="2375.5786" r42="81.37023" r43="-404.209" r44="1"></containerEntry>
          <containerEntry r11="0.97012115" r12="0" r13="0.24262108" r14="0" r21="0" r22="1" r23="0" r24="0" r31="-0.24262108" r32="0" r33="0.97012115" r34="0" r41="2385.675" r42="85.69968" r43="-472.73486" r44="1"></containerEntry>
          <containerEntry r11="0.5593254" r12="0" r13="0.8289481" r14="0" r21="0" r22="1" r23="0" r24="0" r31="-0.8289481" r32="0" r33="0.5593254" r34="0" r41="2376.1929" r42="82.94671" r43="-458.89438" r44="1"></containerEntry>
          <containerEntry r11="0.97172034" r12="0.17667738" r13="-0.1566735" r14="0" r21="-0.17442463" r22="0.98426884" r23="0.028122675" r24="0" r31="0.1591775" r32="3.7066673e-07" r33="0.987251" r34="0" r41="2372.6262" r42="82.054825" r43="-453.90475" r44="1"></containerEntry>
          <containerEntry r11="0.9787981" r12="0.021346373" r13="0.20370236" r14="0" r21="-0.020095974" r22="0.9997644" r23="-0.008205313" r24="0" r31="-0.20382953" r32="0.0039377445" r33="0.9789964" r34="0" r41="2413.2156" r42="84.25423" r43="-392.3783" r44="1"></containerEntry>
          <containerEntry r11="0.5593254" r12="0" r13="0.8289481" r14="0" r21="0" r22="1" r23="0" r24="0" r31="-0.8289481" r32="0" r33="0.5593254" r34="0" r41="2376.1929" r42="82.06671" r43="-449.82437" r44="1"></containerEntry>
          <containerEntry r11="-2.1039104" r12="0" r13="4.535806" r14="0" r21="0" r22="5" r23="0" r24="0" r31="-4.535806" r32="0" r33="-2.1039104" r34="0" r41="2468.5232" r42="114.65546" r43="-491.2182" r44="1"></containerEntry>
        </property>
        <property name="colors" type="UInt32" container="DynamicArray" arraySize="22">
          <containerEntry>4294967295</containerEntry>
          <containerEntry>4294967295</containerEntry>
          <containerEntry>4294967295</containerEntry>
          <containerEntry>4294967295</containerEntry>
          <containerEntry>4294967295</containerEntry>
          <containerEntry>4294967295</containerEntry>
          <containerEntry>4294967295</containerEntry>
          <containerEntry>4294967295</containerEntry>
          <containerEntry>4294967295</containerEntry>
          <containerEntry>4294967295</containerEntry>
          <containerEntry>4294967295</containerEntry>
          <containerEntry>4294967295</containerEntry>
          <containerEntry>4294967295</containerEntry>
          <containerEntry>4294967295</containerEntry>
          <containerEntry>4294967295</containerEntry>
          <containerEntry>4294967295</containerEntry>
          <containerEntry>4294967295</containerEntry>
          <containerEntry>4294967295</containerEntry>
          <containerEntry>4294967295</containerEntry>
          <containerEntry>4294967295</containerEntry>
          <containerEntry>4294967295</containerEntry>
          <containerEntry>4294967295</containerEntry>
        </property>
      </staticProperties>
      <dynamicProperties></dynamicProperties>
    </entity>
    <entity class="StaticModelArray" classVersion="4" classID="0xD0" addr="0x317AF80" id="0x0">
      <staticProperties>
        <property name="name" type="String" container="StaticArray" arraySize="1">
          <containerEntry>StaticModelArray0005</containerEntry>
        </property>
        <property name="dataSet" type="EntityHandle" container="StaticArray" arraySize="1">
          <containerEntry>0x3354610</containerEntry>
        </property>
        <property name="modelFile" type="FilePtr" container="StaticArray" arraySize="1">
          <containerEntry>/Assets/tpp/environ/object/middle_africa/cliff/mafr_clff003/scenes/mafr_clff003.fmdl</containerEntry>
        </property>
        <property name="geomFile" type="FilePtr" container="StaticArray" arraySize="1">
          <containerEntry>/Assets/tpp/environ/object/middle_africa/cliff/mafr_clff003/scenes/mafr_clff003.geom</containerEntry>
        </property>
        <property name="isVisibleGeom" type="Bool" container="StaticArray" arraySize="1">
          <containerEntry>false</containerEntry>
        </property>
        <property name="lodFarSize" type="Float" container="StaticArray" arraySize="1">
          <containerEntry>-1</containerEntry>
        </property>
        <property name="lodNearSize" type="Float" container="StaticArray" arraySize="1">
          <containerEntry>-1</containerEntry>
        </property>
        <property name="lodPolygonSize" type="Float" container="StaticArray" arraySize="1">
          <containerEntry>-1</containerEntry>
        </property>
        <property name="drawRejectionLevel" type="Int32" container="StaticArray" arraySize="1">
          <containerEntry>8</containerEntry>
        </property>
        <property name="drawMode" type="Int32" container="StaticArray" arraySize="1">
          <containerEntry>0</containerEntry>
        </property>
        <property name="rejectFarRangeShadowCast" type="Int32" container="StaticArray" arraySize="1">
          <containerEntry>2</containerEntry>
        </property>
        <property name="parentLocator" type="EntityLink" container="StaticArray" arraySize="1">
          <containerEntry packagePathHash="0xB8A0BF169F98" archivePathHash="0xB8A0BF169F98" nameInArchiveHash="0xB8A0BF169F98">0x0</containerEntry>
        </property>
        <property name="transforms" type="Matrix4" container="DynamicArray" arraySize="3">
          <containerEntry r11="0.37925157" r12="-0.024706833" r13="0.9249625" r14="0" r21="0.0084462175" r22="0.9996942" r23="0.02323987" r24="0" r31="-0.92525387" r32="-0.0010012835" r33="0.37934428" r34="0" r41="2443.0618" r42="110.414505" r43="-419.5902" r44="1"></containerEntry>
          <containerEntry r11="-0.16118166" r12="-0.100390255" r13="0.9818045" r14="0" r21="-0.027767379" r22="0.9948805" r23="0.097168624" r24="0" r31="-0.9865329" r32="-0.011600256" r33="-0.16314405" r34="0" r41="2438.4421" r42="113.06063" r43="-468.40906" r44="1"></containerEntry>
          <containerEntry r11="0.5085677" r12="0.08660379" r13="0.85665584" r14="0" r21="0.0357104" r22="0.9919511" r23="-0.12148164" r24="0" r31="-0.86028147" r32="0.09237318" r33="0.50138164" r34="0" r41="2402.861" r42="95.69198" r43="-498.51117" r44="1"></containerEntry>
        </property>
        <property name="colors" type="UInt32" container="DynamicArray" arraySize="3">
          <containerEntry>4294967295</containerEntry>
          <containerEntry>4294967295</containerEntry>
          <containerEntry>4294967295</containerEntry>
        </property>
      </staticProperties>
      <dynamicProperties></dynamicProperties>
    </entity>
    <entity class="DecalArray" classVersion="1" classID="0x1C0" addr="0x317DA60" id="0x0">
      <staticProperties>
        <property name="name" type="String" container="StaticArray" arraySize="1">
          <containerEntry>DecalArray0000</containerEntry>
        </property>
        <property name="dataSet" type="EntityHandle" container="StaticArray" arraySize="1">
          <containerEntry>0x3354610</containerEntry>
        </property>
        <property name="parent" type="EntityHandle" container="StaticArray" arraySize="1">
          <containerEntry>0x0</containerEntry>
        </property>
        <property name="transform" type="EntityPtr" container="StaticArray" arraySize="1">
          <containerEntry>0x0</containerEntry>
        </property>
        <property name="shearTransform" type="EntityPtr" container="StaticArray" arraySize="1">
          <containerEntry>0x0</containerEntry>
        </property>
        <property name="pivotTransform" type="EntityPtr" container="StaticArray" arraySize="1">
