<fox formatVersion="2" fileVersion="0">
  <entities>
    <entity class="DataSet" classVersion="0" classID="0xE8" addr="0x3353570" id="0x3B8661">
      <staticProperties>
        <property name="name" type="String" container="StaticArray" arraySize="1">
          <containerEntry hash="0xB8A0BF169F98"></containerEntry>
        </property>
        <property name="dataSet" type="EntityHandle" container="StaticArray" arraySize="1">
          <containerEntry>0x0</containerEntry>
        </property>
        <property name="dataList" type="EntityPtr" container="StringMap" arraySize="13">
          <containerEntry key="afgh_rock009_rock001_0025">
            <data>0x3175640</data>
          </containerEntry>
          <containerEntry key="StaticModelArray0000">
            <data>0x317AEA0</data>
          </containerEntry>
          <containerEntry key="StaticModelArray0001">
            <data>0x317AF10</data>
          </containerEntry>
          <containerEntry key="StaticModelArray0002">
            <data>0x317AF80</data>
          </containerEntry>
          <containerEntry key="StaticModelArray0003">
            <data>0x317B060</data>
          </containerEntry>
          <containerEntry key="StaticModelArray0004">
            <data>0x317AFF0</data>
          </containerEntry>
          <containerEntry key="StaticModelArray0005">
            <data>0x317AD50</data>
          </containerEntry>
          <containerEntry key="StaticModelArray0006">
            <data>0x317A650</data>
          </containerEntry>
          <containerEntry key="StaticModelArray0007">
            <data>0x33520E0</data>
          </containerEntry>
          <containerEntry key="StaticModelArray0008">
            <data>0x317AC70</data>
          </containerEntry>
          <containerEntry key="StaticModelArray0009">
            <data>0x317AB90</data>
          </containerEntry>
          <containerEntry key="StaticModelArray0010">
            <data>0x317A420</data>
          </containerEntry>
          <containerEntry key="TexturePackLoadConditioner0000">
            <data>0x317B300</data>
          </containerEntry>
        </property>
      </staticProperties>
      <dynamicProperties></dynamicProperties>
    </entity>
    <entity class="StaticModel" classVersion="9" classID="0x160" addr="0x3175640" id="0x3B871A">
      <staticProperties>
        <property name="name" type="String" container="StaticArray" arraySize="1">
          <containerEntry>afgh_rock009_rock001_0025</containerEntry>
        </property>
        <property name="dataSet" type="EntityHandle" container="StaticArray" arraySize="1">
          <containerEntry>0x3353570</containerEntry>
        </property>
        <property name="parent" type="EntityHandle" container="StaticArray" arraySize="1">
          <containerEntry>0x0</containerEntry>
        </property>
        <property name="transform" type="EntityPtr" container="StaticArray" arraySize="1">
          <containerEntry>0x31756B0</containerEntry>
        </property>
        <property name="shearTransform" type="EntityPtr" container="StaticArray" arraySize="1">
          <containerEntry>0x0</containerEntry>
        </property>
        <property name="pivotTransform" type="EntityPtr" container="StaticArray" arraySize="1">
          <containerEntry>0x0</containerEntry>
        </property>
        <property name="children" type="EntityHandle" container="List"></property>
        <property name="flags" type="UInt32" container="StaticArray" arraySize="1">
          <containerEntry>7</containerEntry>
        </property>
        <property name="modelFile" type="FilePtr" container="StaticArray" arraySize="1">
          <containerEntry>/Assets/tpp/environ/object/afghanistan/rock/afgh_rock009/scenes/afgh_rock009_rock001.fmdl</containerEntry>
        </property>
        <property name="geomFile" type="FilePtr" container="StaticArray" arraySize="1">
          <containerEntry>/Assets/tpp/environ/object/afghanistan/rock/afgh_rock009/scenes/afgh_rock009_rock001.geom</containerEntry>
        </property>
        <property name="isVisibleGeom" type="Bool" container="StaticArray" arraySize="1">
          <containerEntry>false</containerEntry>
        </property>
        <property name="isIsolated" type="Bool" container="StaticArray" arraySize="1">
          <containerEntry>false</containerEntry>
        </property>
        <property name="lodFarSize" type="Float" container="StaticArray" arraySize="1">
          <containerEntry>-1</containerEntry>
        </property>
        <property name="lodNearSize" type="Float" container="StaticArray" arraySize="1">
          <containerEntry>-1</containerEntry>
        </property>
        <property name="lodPolygonSize" type="Float" container="StaticArray" arraySize="1">
          <containerEntry>-1</containerEntry>
        </property>
        <property name="color" type="Color" container="StaticArray" arraySize="1">
          <containerEntry r="1" g="1" b="1" a="1"></containerEntry>
        </property>
        <property name="drawRejectionLevel" type="Int32" container="StaticArray" arraySize="1">
          <containerEntry>3</containerEntry>
        </property>
        <property name="drawMode" type="Int32" container="StaticArray" arraySize="1">
          <containerEntry>0</containerEntry>
        </property>
        <property name="rejectFarRangeShadowCast" type="Int32" container="StaticArray" arraySize="1">
          <containerEntry>2</containerEntry>
        </property>
      </staticProperties>
      <dynamicProperties></dynamicProperties>
    </entity>
    <entity class="TransformEntity" classVersion="0" classID="0x50" addr="0x31756B0" id="0x3B871D">
      <staticProperties>
        <property name="owner" type="EntityHandle" container="StaticArray" arraySize="1">
          <containerEntry>0x3175640</containerEntry>
        </property>
        <property name="transform_scale" type="Vector3" container="StaticArray" arraySize="1">
          <containerEntry x="1" y="1" z="1" w="0"></containerEntry>
        </property>
        <property name="transform_rotation_quat" type="Quat" container="StaticArray" arraySize="1">
          <containerEntry x="-0.203235" y="-0.5399" z="-0.673879" w="-0.461612"></containerEntry>
        </property>
        <property name="transform_translation" type="Vector3" container="StaticArray" arraySize="1">
          <containerEntry x="1469.0374" y="371.63394" z="738.0626" w="0"></containerEntry>
        </property>
      </staticProperties>
      <dynamicProperties></dynamicProperties>
    </entity>
    <entity class="StaticModelArray" classVersion="4" classID="0xD0" addr="0x317AEA0" id="0x0">
      <staticProperties>
        <property name="name" type="String" container="StaticArray" arraySize="1">
          <containerEntry>StaticModelArray0000</containerEntry>
        </property>
        <property name="dataSet" type="EntityHandle" container="StaticArray" arraySize="1">
          <containerEntry>0x3353570</containerEntry>
        </property>
        <property name="modelFile" type="FilePtr" container="StaticArray" arraySize="1">
          <containerEntry>/Assets/tpp/environ/object/afghanistan/rock/afgh_rock001/scenes/afgh_rock001.fmdl</containerEntry>
        </property>
        <property name="geomFile" type="FilePtr" container="StaticArray" arraySize="1">
          <containerEntry>/Assets/tpp/environ/object/afghanistan/rock/afgh_rock001/scenes/afgh_rock001.geom</containerEntry>
        </property>
        <property name="isVisibleGeom" type="Bool" container="StaticArray" arraySize="1">
          <containerEntry>false</containerEntry>
        </property>
        <property name="lodFarSize" type="Float" container="StaticArray" arraySize="1">
          <containerEntry>50</containerEntry>
        </property>
        <property name="lodNearSize" type="Float" container="StaticArray" arraySize="1">
          <containerEntry>400</containerEntry>
        </property>
        <property name="lodPolygonSize" type="Float" container="StaticArray" arraySize="1">
          <containerEntry>-1</containerEntry>
        </property>
        <property name="drawRejectionLevel" type="Int32" container="StaticArray" arraySize="1">
          <containerEntry>3</containerEntry>
        </property>
        <property name="drawMode" type="Int32" container="StaticArray" arraySize="1">
          <containerEntry>0</containerEntry>
        </property>
        <property name="rejectFarRangeShadowCast" type="Int32" container="StaticArray" arraySize="1">
          <containerEntry>2</containerEntry>
        </property>
        <property name="parentLocator" type="EntityLink" container="StaticArray" arraySize="1">
          <containerEntry packagePathHash="0xB8A0BF169F98" archivePathHash="0xB8A0BF169F98" nameInArchiveHash="0xB8A0BF169F98">0x0</containerEntry>
        </property>
        <property name="transforms" type="Matrix4" container="DynamicArray" arraySize="2">
          <containerEntry r11="-0.52473766" r12="-0.17228852" r13="-0.8336481" r14="0" r21="0.18879764" r22="0.9313618" r23="-0.31132102" r24="0" r31="0.830065" r32="-0.3207522" r33="-0.45619303" r34="0" r41="1522.0853" r42="339.22382" r43="754.02374" r44="1"></containerEntry>
          <containerEntry r11="-0.5106471" r12="0.56405675" r13="-0.6489051" r14="0" r21="0.22961305" r22="0.8167803" r23="0.5292897" r24="0" r31="0.82856244" r32="0.12128356" r33="-0.54660124" r34="0" r41="1535.7439" r42="334.15216" r43="733.1161" r44="1"></containerEntry>
        </property>
        <property name="colors" type="UInt32" container="DynamicArray" arraySize="2">
          <containerEntry>4294967295</containerEntry>
          <containerEntry>4294967295</containerEntry>
        </property>
      </staticProperties>
      <dynamicProperties></dynamicProperties>
    </entity>
    <entity class="StaticModelArray" classVersion="4" classID="0xD0" addr="0x317AF10" id="0x0">
      <staticProperties>
        <property name="name" type="String" container="StaticArray" arraySize="1">
          <containerEntry>StaticModelArray0001</containerEntry>
        </property>
        <property name="dataSet" type="EntityHandle" container="StaticArray" arraySize="1">
          <containerEntry>0x3353570</containerEntry>
        </property>
        <property name="modelFile" type="FilePtr" container="StaticArray" arraySize="1">
          <containerEntry>/Assets/tpp/environ/object/afghanistan/cliff/afgh_clff025/scenes/afgh_clff025.fmdl</containerEntry>
        </property>
        <property name="geomFile" type="FilePtr" container="StaticArray" arraySize="1">
          <containerEntry>/Assets/tpp/environ/object/afghanistan/cliff/afgh_clff025/scenes/afgh_clff025.geom</containerEntry>
        </property>
        <property name="isVisibleGeom" type="Bool" container="StaticArray" arraySize="1">
          <containerEntry>false</containerEntry>
        </property>
        <property name="lodFarSize" type="Float" container="StaticArray" arraySize="1">
          <containerEntry>-1</containerEntry>
        </property>
        <property name="lodNearSize" type="Float" container="StaticArray" arraySize="1">
          <containerEntry>-1</containerEntry>
        </property>
        <property name="lodPolygonSize" type="Float" container="StaticArray" arraySize="1">
          <containerEntry>-1</containerEntry>
        </property>
        <property name="drawRejectionLevel" type="Int32" container="StaticArray" arraySize="1">
          <containerEntry>8</containerEntry>
        </property>
        <property name="drawMode" type="Int32" container="StaticArray" arraySize="1">
          <containerEntry>0</containerEntry>
        </property>
        <property name="rejectFarRangeShadowCast" type="Int32" container="StaticArray" arraySize="1">
          <containerEntry>2</containerEntry>
        </property>
        <property name="parentLocator" type="EntityLink" container="StaticArray" arraySize="1">
          <containerEntry packagePathHash="0xB8A0BF169F98" archivePathHash="0xB8A0BF169F98" nameInArchiveHash="0xB8A0BF169F98">0x0</containerEntry>
        </property>
        <property name="transforms" type="Matrix4" container="DynamicArray" arraySize="7">
          <containerEntry r11="1.7039574" r12="-0.16924092" r13="-0.36109075" r14="0" r21="0.09359606" r22="1.7100501" r23="-0.35981715" r24="0" r31="0.38764518" r32="0.33103797" r33="1.6741102" r34="0" r41="1493.0453" r42="381.21414" r43="679.9006" r44="1"></containerEntry>
          <containerEntry r11="1.3601284" r12="0.018059466" r13="-1.1010097" r14="0" r21="-0.25654754" r22="1.706811" r23="-0.28892824" r24="0" r31="1.0708557" r32="0.38596636" r33="1.3292087" r34="0" r41="1542.6074" r42="365.9012" r43="662.6915" r44="1"></containerEntry>
          <containerEntry r11="1.0828382" r12="0.06668449" r13="-1.0358639" r14="0" r21="-0.13297601" r22="1.4934793" r23="-0.042862345" r24="0" r31="1.0294554" r32="0.12277206" r33="1.0840425" r34="0" r41="1516.3824" r42="352.8787" r43="724.0434" r44="1"></containerEntry>
          <containerEntry r11="-1.1786778" r12="0.32706285" r13="-1.2514956" r14="0" r21="-0.10301781" r22="1.6640235" r23="0.5318955" r24="0" r31="1.2894179" r32="0.43192056" r33="-1.1015166" r34="0" r41="1476.288" r42="367.6637" r43="755.1918" r44="1"></containerEntry>
          <containerEntry r11="-0.20843907" r12="0.1498768" r13="-1.7310648" r14="0" r21="-1.1700251" r22="1.2768403" r23="0.25143418" r24="0" r31="1.2845582" r32="1.1873142" r33="-0.05187598" r34="0" r41="1493.3163" r42="364.7335" r43="769.46014" r44="1"></containerEntry>
          <containerEntry r11="0.69873446" r12="-0.11719293" r13="-1.3221321" r14="0" r21="-0.0896061" r22="1.4865682" r23="-0.17912419" r24="0" r31="1.3242879" r32="0.16242088" r33="0.6854768" r34="0" r41="1476.7441" r42="370.7147" r43="727.6912" r44="1"></containerEntry>
          <containerEntry r11="1.070611" r12="-0.079153195" r13="-0.64033335" r14="0" r21="0.0049464265" r22="1.2415285" r23="-0.14519814" r24="0" r31="0.64518803" r32="0.12182668" r33="1.0636685" r34="0" r41="1486.8065" r42="369.52872" r43="719.8945" r44="1"></containerEntry>
        </property>
        <property name="colors" type="UInt32" container="DynamicArray" arraySize="7">
          <containerEntry>4294967295</containerEntry>
          <containerEntry>4294967295</containerEntry>
          <containerEntry>4294967295</containerEntry>
          <containerEntry>4294967295</containerEntry>
          <containerEntry>4294967295</containerEntry>
          <containerEntry>4294967295</containerEntry>
          <containerEntry>4294967295</containerEntry>
        </property>
      </staticProperties>
      <dynamicProperties></dynamicProperties>
    </entity>
    <entity class="StaticModelArray" classVersion="4" classID="0xD0" addr="0x317AF80" id="0x0">
      <staticProperties>
        <property name="name" type="String" container="StaticArray" arraySize="1">
          <containerEntry>StaticModelArray0002</containerEntry>
        </property>
        <property name="dataSet" type="EntityHandle" container="StaticArray" arraySize="1">
          <containerEntry>0x3353570</containerEntry>
        </property>
        <property name="modelFile" type="FilePtr" container="StaticArray" arraySize="1">
          <containerEntry>/Assets/tpp/environ/object/afghanistan/cliff/afgh_clff041/scenes/afgh_clff041_vrtn002.fmdl</containerEntry>
        </property>
        <property name="geomFile" type="FilePtr" container="StaticArray" arraySize="1">
          <containerEntry>/Assets/tpp/environ/object/afghanistan/cliff/afgh_clff041/scenes/afgh_clff041_vrtn002.geom</containerEntry>
        </property>
        <property name="isVisibleGeom" type="Bool" container="StaticArray" arraySize="1">
          <containerEntry>false</containerEntry>
        </property>
        <property name="lodFarSize" type="Float" container="StaticArray" arraySize="1">
          <containerEntry>-1</containerEntry>
        </property>
        <property name="lodNearSize" type="Float" container="StaticArray" arraySize="1">
          <containerEntry>-1</containerEntry>
        </property>
        <property name="lodPolygonSize" type="Float" container="StaticArray" arraySize="1">
          <containerEntry>-1</containerEntry>
        </property>
        <property name="drawRejectionLevel" type="Int32" container="StaticArray" arraySize="1">
          <containerEntry>8</containerEntry>
        </property>
        <property name="drawMode" type="Int32" container="StaticArray" arraySize="1">
          <containerEntry>0</containerEntry>
        </property>
        <property name="rejectFarRangeShadowCast" type="Int32" container="StaticArray" arraySize="1">
          <containerEntry>2</containerEntry>
        </property>
        <property name="parentLocator" type="EntityLink" container="StaticArray" arraySize="1">
          <containerEntry packagePathHash="0xB8A0BF169F98" archivePathHash="0xB8A0BF169F98" nameInArchiveHash="0xB8A0BF169F98">0x0</containerEntry>
        </property>
        <property name="transforms" type="Matrix4" container="DynamicArray" arraySize="4">
          <containerEntry r11="0.6270012" r12="-0.051578056" r13="-0.7773088" r14="0" r21="0.12998036" r22="0.9907451" r23="0.039105576" r24="0" r31="0.7680979" r32="-0.12555414" r33="0.6279025" r34="0" r41="1471.9321" r42="389.25232" r43="712.9969" r44="1"></containerEntry>
          <containerEntry r11="0.62700176" r12="-0.051578805" r13="-0.777308" r14="0" r21="0.15111291" r22="0.98690593" r23="0.056405615" r24="0" r31="0.7642205" r32="-0.15282778" r33="0.62658596" r34="0" r41="1527.0403" r42="381.03918" r43="671.80347" r44="1"></containerEntry>
          <containerEntry r11="-0.30891496" r12="0.07552709" r13="-0.8526216" r14="0" r21="0.10400253" r22="0.9030466" r23="0.042312164" r24="0" r31="0.84961843" r32="-0.08308132" r33="-0.31518638" r34="0" r41="1497.9465" r42="365.289" r43="753.41785" r44="1"></containerEntry>
          <containerEntry r11="0.9113951" r12="-0.032904092" r13="-0.4102148" r14="0" r21="0.032051366" r22="0.99944603" r23="-0.008957284" r24="0" r31="0.41028234" r32="-0.0049843285" r33="0.91194487" r34="0" r41="1477.1112" r42="403.6868" r43="659.9088" r44="1"></containerEntry>
        </property>
        <property name="colors" type="UInt32" container="DynamicArray" arraySize="4">
          <containerEntry>4294967295</containerEntry>
          <containerEntry>4294967295</containerEntry>
          <containerEntry>4294967295</containerEntry>
          <containerEntry>4294967295</containerEntry>
        </property>
      </staticProperties>
      <dynamicProperties></dynamicProperties>
    </entity>
    <entity class="StaticModelArray" classVersion="4" classID="0xD0" addr="0x317B060" id="0x0">
      <staticProperties>
        <property name="name" type="String" container="StaticArray" arraySize="1">
          <containerEntry>StaticModelArray0003</containerEntry>
        </property>
        <property name="dataSet" type="EntityHandle" container="StaticArray" arraySize="1">
          <containerEntry>0x3353570</containerEntry>
        </property>
        <property name="modelFile" type="FilePtr" container="StaticArray" arraySize="1">
          <containerEntry>/Assets/tpp/environ/object/afghanistan/rock/afgh_rock011/scenes/afgh_rock011.fmdl</containerEntry>
        </property>
        <property name="geomFile" type="FilePtr" container="StaticArray" arraySize="1">
          <containerEntry>/Assets/tpp/environ/object/afghanistan/rock/afgh_rock011/scenes/afgh_rock011.geom</containerEntry>
        </property>
        <property name="isVisibleGeom" type="Bool" container="StaticArray" arraySize="1">
          <containerEntry>false</containerEntry>
        </property>
        <property name="lodFarSize" type="Float" container="StaticArray" arraySize="1">
          <containerEntry>-1</containerEntry>
        </property>
        <property name="lodNearSize" type="Float" container="StaticArray" arraySize="1">
          <containerEntry>-1</containerEntry>
        </property>
        <property name="lodPolygonSize" type="Float" container="StaticArray" arraySize="1">
          <containerEntry>-1</containerEntry>
        </property>
        <property name="drawRejectionLevel" type="Int32" container="StaticArray" arraySize="1">
          <containerEntry>8</containerEntry>
        </property>
        <property name="drawMode" type="Int32" container="StaticArray" arraySize="1">
          <containerEntry>0</containerEntry>
        </property>
        <property name="rejectFarRangeShadowCast" type="Int32" container="StaticArray" arraySize="1">
          <containerEntry>2</containerEntry>
        </property>
        <property name="parentLocator" type="EntityLink" container="StaticArray" arraySize="1">
          <containerEntry packagePathHash="0xB8A0BF169F98" archivePathHash="0xB8A0BF169F98" nameInArchiveHash="0xB8A0BF169F98">0x0</containerEntry>
        </property>
        <property name="transforms" type="Matrix4" container="DynamicArray" arraySize="8">
          <containerEntry r11="0.92285407" r12="-0.3510348" r13="-0.15847474" r14="0" r21="0.33672085" r22="0.93510026" r23="-0.11048093" r24="0" r31="0.18697253" r32="0.048595764" r33="0.98116237" r34="0" r41="1466.4053" r42="372.20093" r43="748.7733" r44="1"></containerEntry>
          <containerEntry r11="0.7601384" r12="-0.22002001" r13="0.6113763" r14="0" r21="0.236704" r22="0.9700355" r23="0.054793444" r24="0" r31="-0.6051123" r32="0.10306457" r33="0.7894408" r34="0" r41="1504.581" r42="372.129" r43="695.20874" r44="1"></containerEntry>
          <containerEntry r11="-0.99301803" r12="0.11587839" r13="-0.022004355" r14="0" r21="0.10797025" r22="0.96814793" r23="0.22590236" r24="0" r31="0.04748069" r32="0.22194965" r33="-0.9738998" r34="0" r41="1545.5266" r42="360.9833" r43="676.8092" r44="1"></containerEntry>
          <containerEntry r11="-1.1528755" r12="0.006480764" r13="0.48302495" r14="0" r21="0.0026563301" r22="1.2499536" r23="-0.010430505" r24="0" r31="-0.48306108" r32="-0.008593672" r33="-1.1528466" r34="0" r41="1506.7272" r42="350.9191" r43="741.4311" r44="1"></containerEntry>
          <containerEntry r11="0.45996386" r12="-0.21956423" r13="-0.860363" r14="0" r21="0.36766633" r22="0.92907375" r23="-0.040538892" r24="0" r31="0.8082416" r32="-0.29768014" r33="0.5080668" r34="0" r41="1454.4423" r42="377.06885" r43="767.15186" r44="1"></containerEntry>
          <containerEntry r11="-0.16576469" r12="-0.15240431" r13="0.9743172" r14="0" r21="0.020959653" r22="0.9872185" r23="0.15798824" r24="0" r31="-0.985942" r32="0.04661032" r33="-0.16045165" r34="0" r41="1552.3151" r42="347.67188" r43="696.8571" r44="1"></containerEntry>
          <containerEntry r11="-0.99301803" r12="0.11587839" r13="-0.022004355" r14="0" r21="0.10797025" r22="0.96814793" r23="0.22590236" r24="0" r31="0.04748069" r32="0.22194965" r33="-0.9738998" r34="0" r41="1632.1995" r42="351.66354" r43="667.74506" r44="1"></containerEntry>
          <containerEntry r11="0.592665" r12="-0.10559747" r13="1.373898" r14="0" r21="0.32034984" r22="1.4651694" r23="-0.02557816" r24="0" r31="-1.340195" r32="0.30352497" r33="0.6014552" r34="0" r41="1556.0464" r42="368.85443" r43="636.3221" r44="1"></containerEntry>
        </property>
        <property name="colors" type="UInt32" container="DynamicArray" arraySize="8">
          <containerEntry>4294967295</containerEntry>
          <containerEntry>4294967295</containerEntry>
          <containerEntry>4294967295</containerEntry>
          <containerEntry>4294967295</containerEntry>
          <containerEntry>4294967295</containerEntry>
          <containerEntry>4294967295</containerEntry>
          <containerEntry>4294967295</containerEntry>
          <containerEntry>4294967295</containerEntry>
        </property>
      </staticProperties>
      <dynamicProperties></dynamicProperties>
    </entity>
    <entity class="StaticModelArray" classVersion="4" classID="0xD0" addr="0x317AFF0" id="0x0">
      <staticProperties>
        <property name="name" type="String" container="StaticArray" arraySize="1">
          <containerEntry>StaticModelArray0004</containerEntry>
        </property>
        <property name="dataSet" type="EntityHandle" container="StaticArray" arraySize="1">
          <containerEntry>0x3353570</containerEntry>
        </property>
        <property name="modelFile" type="FilePtr" container="StaticArray" arraySize="1">
          <containerEntry>/Assets/tpp/environ/object/afghanistan/rock/afgh_rock010/scenes/afgh_rock010_vrtn001.fmdl</containerEntry>
        </property>
        <property name="geomFile" type="FilePtr" container="StaticArray" arraySize="1">
          <containerEntry>/Assets/tpp/environ/object/afghanistan/rock/afgh_rock010/scenes/afgh_rock010_vrtn001.geom</containerEntry>
        </property>
        <property name="isVisibleGeom" type="Bool" container="StaticArray" arraySize="1">
          <containerEntry>false</containerEntry>
        </property>
        <property name="lodFarSize" type="Float" container="StaticArray" arraySize="1">
          <containerEntry>-1</containerEntry>
        </property>
        <property name="lodNearSize" type="Float" container="StaticArray" arraySize="1">
          <containerEntry>-1</containerEntry>
        </property>
        <property name="lodPolygonSize" type="Float" container="StaticArray" arraySize="1">
          <containerEntry>-1</containerEntry>
        </property>
        <property name="drawRejectionLevel" type="Int32" container="StaticArray" arraySize="1">
          <containerEntry>8</containerEntry>
        </property>
        <property name="drawMode" type="Int32" container="StaticArray" arraySize="1">
          <containerEntry>0</containerEntry>
        </property>
        <property name="rejectFarRangeShadowCast" type="Int32" container="StaticArray" arraySize="1">
          <containerEntry>2</containerEntry>
        </property>
        <property name="parentLocator" type="EntityLink" container="StaticArray" arraySize="1">
          <containerEntry packagePathHash="0xB8A0BF169F98" archivePathHash="0xB8A0BF169F98" nameInArchiveHash="0xB8A0BF169F98">0x0</containerEntry>
        </property>
        <property name="transforms" type="Matrix4" container="DynamicArray" arraySize="14">
          <containerEntry r11="0.5060527" r12="-0.8087126" r13="-0.2998159" r14="0" r21="0.7257713" r22="0.58708906" r23="-0.358578" r24="0" r31="0.46600604" r32="-0.036140442" r33="0.88404244" r34="0" r41="1449.644" r42="377.46915" r43="754.78845" r44="1"></containerEntry>
          <containerEntry r11="-0.61000997" r12="-0.33838725" r13="-0.716495" r14="0" r21="-0.14435242" r22="0.9365552" r23="-0.31941524" r24="0" r31="0.7791235" r32="-0.09142084" r33="-0.62015474" r34="0" r41="1460.6569" r42="375.98856" r43="735.62286" r44="1"></containerEntry>
          <containerEntry r11="-0.09646568" r12="-0.992875" r13="-0.069855005" r14="0" r21="-0.43665203" r22="0.1052925" r23="-0.8934412" r24="0" r31="0.8944359" r32="-0.05569011" r33="-0.44369453" r34="0" r41="1501.2096" r42="355.5006" r43="730.1967" r44="1"></containerEntry>
          <containerEntry r11="-0.2561163" r12="0.11957778" r13="0.9592134" r14="0" r21="0.08500342" r22="0.99126107" r23="-0.100875154" r24="0" r31="-0.96289337" r32="0.055700388" r33="-0.26404262" r34="0" r41="1499.0382" r42="375.70938" r43="686.5266" r44="1"></containerEntry>
          <containerEntry r11="0.31857532" r12="0.11301182" r13="0.94113237" r14="0" r21="-0.08978133" r22="0.99200124" r23="-0.08872887" r24="0" r31="-0.9436318" r32="-0.056230135" r33="0.32617354" r34="0" r41="1524.3776" r42="363.99756" r43="693.1086" r44="1"></containerEntry>
          <containerEntry r11="-0.35585886" r12="-0.014929466" r13="0.9344149" r14="0" r21="-0.039537612" r22="-0.99872893" r23="-0.031014604" r24="0" r31="0.9336974" r32="-0.047981657" r33="0.3548267" r34="0" r41="1506.8583" r42="351.9273" r43="734.83075" r44="1"></containerEntry>
          <containerEntry r11="0.9350437" r12="0.11557685" r13="0.3351632" r14="0" r21="-0.03080973" r22="0.9682838" r23="-0.24794535" r24="0" r31="-0.35318998" r32="0.22151326" r33="0.90894854" r34="0" r41="1573.0016" r42="356.51184" r43="671.22595" r44="1"></containerEntry>
          <containerEntry r11="0.5322392" r12="0.15645348" r13="0.8320085" r14="0" r21="-0.07229066" r22="0.9875849" r23="-0.1394633" r24="0" r31="-0.8434986" r32="0.014080629" r33="0.5369416" r34="0" r41="1628.5062" r42="347.29288" r43="680.21576" r44="1"></containerEntry>
          <containerEntry r11="-0.34948486" r12="0.16495553" r13="0.92229676" r14="0" r21="-0.04224668" r22="-0.9861391" r23="0.16036636" r24="0" r31="0.9359791" r32="0.017082863" r33="0.3516281" r34="0" r41="1617.6157" r42="346.63278" r43="684.274" r44="1"></containerEntry>
          <containerEntry r11="0.5801009" r12="0.0947764" r13="0.80900854" r14="0" r21="-0.12330861" r22="-0.9715297" r23="0.20223437" r24="0" r31="0.80515367" r32="-0.21707414" r33="-0.5518929" r34="0" r41="1610.2279" r42="358.39276" r43="657.2061" r44="1"></containerEntry>
          <containerEntry r11="-0.1784864" r12="0.0041556684" r13="1.2371744" r14="0" r21="0.1039117" r22="-1.2455083" r23="0.019175708" r24="0" r31="1.2328098" r32="0.10558447" r33="0.17751956" r34="0" r41="1607.6124" r42="358.15768" r43="644.59314" r44="1"></containerEntry>
          <containerEntry r11="-0.0196179" r12="0.0070214514" r13="-1.2498181" r14="0" r21="-0.011097241" r22="-1.2499157" r23="-0.0068477844" r24="0" r31="-1.2497885" r32="0.010988182" r33="0.019695438" r34="0" r41="1600.3041" r42="358.40585" r43="634.6507" r44="1"></containerEntry>
          <containerEntry r11="-0.20659965" r12="-1.2109548" r13="0.23103532" r14="0" r21="-0.7324809" r22="0.30901775" r23="0.9646045" r24="0" r31="-0.9915949" r32="0.024053976" r33="-0.7606724" r34="0" r41="1582.4685" r42="360.61118" r43="638.2429" r44="1"></containerEntry>
          <containerEntry r11="0.9395195" r12="-0.10017409" r13="-0.8183899" r14="0" r21="-0.03523933" r22="-1.2444649" r23="0.111873865" r24="0" r31="-0.8237445" r32="-0.06101414" r33="-0.93817836" r34="0" r41="1588.8835" r42="359.2518" r43="610.749" r44="1"></containerEntry>
        </property>
        <property name="colors" type="UInt32" container="DynamicArray" arraySize="14">
          <containerEntry>4294967295</containerEntry>
          <containerEntry>4294967295</containerEntry>
          <containerEntry>4294967295</containerEntry>
          <containerEntry>4294967295</containerEntry>
          <containerEntry>4294967295</containerEntry>
          <containerEntry>4294967295</containerEntry>
          <containerEntry>4294967295</containerEntry>
          <containerEntry>4294967295</containerEntry>
          <containerEntry>4294967295</containerEntry>
          <containerEntry>4294967295</containerEntry>
          <containerEntry>4294967295</containerEntry>
          <containerEntry>4294967295</containerEntry>
          <containerEntry>4294967295</containerEntry>
          <containerEntry>4294967295</containerEntry>
        </property>
      </staticProperties>
      <dynamicProperties></dynamicProperties>
    </entity>
    <entity class="StaticModelArray" classVersion="4" classID="0xD0" addr="0x317AD50" id="0x0">
      <staticProperties>
        <property name="name" type="String" container="StaticArray" arraySize="1">
          <containerEntry>StaticModelArray0005</containerEntry>
        </property>
        <property name="dataSet" type="EntityHandle" container="StaticArray" arraySize="1">
          <containerEntry>0x3353570</containerEntry>
        </property>
        <property name="modelFile" type="FilePtr" container="StaticArray" arraySize="1">
          <containerEntry>/Assets/tpp/environ/object/afghanistan/cliff/afgh_clff022/scenes/afgh_clff022_vrtn001.fmdl</containerEntry>
        </property>
        <property name="geomFile" type="FilePtr" container="StaticArray" arraySize="1">
          <containerEntry>/Assets/tpp/environ/object/afghanistan/cliff/afgh_clff022/scenes/afgh_clff022_vrtn001.geom</containerEntry>
        </property>
        <property name="isVisibleGeom" type="Bool" container="StaticArray" arraySize="1">
          <containerEntry>false</containerEntry>
        </property>
        <property name="lodFarSize" type="Float" container="StaticArray" arraySize="1">
          <containerEntry>-1</containerEntry>
        </property>
        <property name="lodNearSize" type="Float" container="StaticArray" arraySize="1">
          <containerEntry>-1</containerEntry>
        </property>
        <property name="lodPolygonSize" type="Float" container="StaticArray" arraySize="1">
          <containerEntry>-1</containerEntry>
        </property>
        <property name="drawRejectionLevel" type="Int32" container="StaticArray" arraySize="1">
          <containerEntry>8</containerEntry>
        </property>
        <property name="drawMode" type="Int32" container="StaticArray" arraySize="1">
          <containerEntry>0</containerEntry>
        </property>
        <property name="rejectFarRangeShadowCast" type="Int32" container="StaticArray" arraySize="1">
          <containerEntry>2</containerEntry>
        </property>
        <property name="parentLocator" type="EntityLink" container="StaticArray" arraySize="1">
          <containerEntry packagePathHash="0xB8A0BF169F98" archivePathHash="0xB8A0BF169F98" nameInArchiveHash="0xB8A0BF169F98">0x0</containerEntry>
        </property>
        <property name="transforms" type="Matrix4" container="DynamicArray" arraySize="3">
          <containerEntry r11="-0.36434066" r12="0" r13="-0.93126595" r14="0" r21="0" r22="1" r23="0" r24="0" r31="0.93126595" r32="0" r33="-0.36434066" r34="0" r41="1479.1589" r42="369.3399" r43="731.748" r44="1"></containerEntry>
          <containerEntry r11="-0.6870898" r12="0" r13="-0.7265761" r14="0" r21="0" r22="1" r23="0" r24="0" r31="0.7265761" r32="0" r33="-0.6870898" r34="0" r41="1534.703" r42="378.31635" r43="653.8817" r44="1"></containerEntry>
          <containerEntry r11="-0.83142245" r12="0" r13="-0.5556441" r14="0" r21="0" r22="1" r23="0" r24="0" r31="0.5556441" r32="0" r33="-0.83142245" r34="0" r41="1519.2708" r42="349.302" r43="767.2516" r44="1"></containerEntry>
        </property>
        <property name="colors" type="UInt32" container="DynamicArray" arraySize="3">
          <containerEntry>4294967295</containerEntry>
          <containerEntry>4294967295</containerEntry>
          <containerEntry>4294967295</containerEntry>
        </property>
      </staticProperties>
      <dynamicProperties></dynamicProperties>
    </entity>
    <entity class="StaticModelArray" classVersion="4" classID="0xD0" addr="0x317A650" id="0x0">
      <staticProperties>
        <property name="name" type="String" container="StaticArray" arraySize="1">
          <containerEntry>StaticModelArray0006</containerEntry>
        </property>
        <property name="dataSet" type="EntityHandle" container="StaticArray" arraySize="1">
          <containerEntry>0x3353570</containerEntry>
        </property>
        <property name="modelFile" type="FilePtr" container="StaticArray" arraySize="1">
          <containerEntry>/Assets/tpp/environ/object/afghanistan/cliff/afgh_clff007/scenes/afgh_clff007.fmdl</containerEntry>
        </property>
        <property name="geomFile" type="FilePtr" container="StaticArray" arraySize="1">
          <containerEntry>/Assets/tpp/environ/object/afghanistan/cliff/afgh_clff007/scenes/afgh_clff007.geom</containerEntry>
        </property>
        <property name="isVisibleGeom" type="Bool" container="StaticArray" arraySize="1">
          <containerEntry>false</containerEntry>
        </property>
        <property name="lodFarSize" type="Float" container="StaticArray" arraySize="1">
          <containerEntry>-1</containerEntry>
        </property>
        <property name="lodNearSize" type="Float" container="StaticArray" arraySize="1">
          <containerEntry>-1</containerEntry>
        </property>
        <property name="lodPolygonSize" type="Float" container="StaticArray" arraySize="1">
          <containerEntry>-1</containerEntry>
        </property>
        <property name="drawRejectionLevel" type="Int32" container="StaticArray" arraySize="1">
          <containerEntry>8</containerEntry>
        </property>
        <property name="drawMode" type="Int32" container="StaticArray" arraySize="1">
          <containerEntry>0</containerEntry>
        </property>
        <property name="rejectFarRangeShadowCast" type="Int32" container="StaticArray" arraySize="1">
          <containerEntry>2</containerEntry>
        </property>
        <property name="parentLocator" type="EntityLink" container="StaticArray" arraySize="1">
          <containerEntry packagePathHash="0xB8A0BF169F98" archivePathHash="0xB8A0BF169F98" nameInArchiveHash="0xB8A0BF169F98">0x0</containerEntry>
        </property>
        <property name="transforms" type="Matrix4" container="DynamicArray" arraySize="2">
          <containerEntry r11="-0.24360447" r12="-0.17266749" r13="-0.9543786" r14="0" r21="0.12052353" r22="0.97100806" r23="-0.20643957" r24="0" r31="0.9623548" r32="-0.16531532" r33="-0.21573132" r34="0" r41="1526.9806" r42="337.2186" r43="756.3487" r44="1"></containerEntry>
          <containerEntry r11="-0.23200463" r12="-0.0862138" r13="-0.9688833" r14="0" r21="0.14157382" r22="0.98246497" r23="-0.12132314" r24="0" r31="0.9623536" r32="-0.16531676" r33="-0.21573073" r34="0" r41="1525.8304" r42="335.94492" r43="749.4082" r44="1"></containerEntry>
        </property>
        <property name="colors" type="UInt32" container="DynamicArray" arraySize="2">
          <containerEntry>4294967295</containerEntry>
          <containerEntry>4294967295</containerEntry>
        </property>
      </staticProperties>
      <dynamicProperties></dynamicProperties>
    </entity>
    <entity class="StaticModelArray" classVersion="4" classID="0xD0" addr="0x33520E0" id="0x0">
      <staticProperties>
        <property name="name" type="String" container="StaticArray" arraySize="1">
          <containerEntry>StaticModelArray0007</containerEntry>
        </property>
        <property name="dataSet" type="EntityHandle" container="StaticArray" arraySize="1">
          <containerEntry>0x3353570</containerEntry>
        </property>
        <property name="modelFile" type="FilePtr" container="StaticArray" arraySize="1">
          <containerEntry>/Assets/tpp/environ/object/afghanistan/rock/afgh_rock010/scenes/afgh_rock010.fmdl</containerEntry>
        </property>
        <property name="geomFile" type="FilePtr" container="StaticArray" arraySize="1">
          <containerEntry>/Assets/tpp/environ/object/afghanistan/rock/afgh_rock010/scenes/afgh_rock010.geom</containerEntry>
        </property>
        <property name="isVisibleGeom" type="Bool" container="StaticArray" arraySize="1">
          <containerEntry>false</containerEntry>
        </property>
        <property name="lodFarSize" type="Float" container="StaticArray" arraySize="1">
          <containerEntry>-1</containerEntry>
        </property>
        <property name="lodNearSize" type="Float" container="StaticArray" arraySize="1">
          <containerEntry>-1</containerEntry>
        </property>
        <property name="lodPolygonSize" type="Float" container="StaticArray" arraySize="1">
          <containerEntry>-1</containerEntry>
        </property>
        <property name="drawRejectionLevel" type="Int32" container="StaticArray" arraySize="1">
          <containerEntry>8</containerEntry>
        </property>
        <property name="drawMode" type="Int32" container="StaticArray" arraySize="1">
          <containerEntry>0</containerEntry>
        </property>
        <property name="rejectFarRangeShadowCast" type="Int32" container="StaticArray" arraySize="1">
          <containerEntry>2</containerEntry>
        </property>
        <property name="parentLocator" type="EntityLink" container="StaticArray" arraySize="1">
