<fox formatVersion="2" fileVersion="0">
  <entities>
    <entity class="DataSet" classVersion="0" classID="0xE8" addr="0x32F4450" id="0xDAC17B">
      <staticProperties>
        <property name="name" type="String" container="StaticArray" arraySize="1">
          <containerEntry hash="0xB8A0BF169F98"></containerEntry>
        </property>
        <property name="dataSet" type="EntityHandle" container="StaticArray" arraySize="1">
          <containerEntry>0x0</containerEntry>
        </property>
        <property name="dataList" type="EntityPtr" container="StringMap" arraySize="7">
          <containerEntry key="StaticModelArray0000">
            <data>0x317E6A0</data>
          </containerEntry>
          <containerEntry key="StaticModelArray0001">
            <data>0x317E710</data>
          </containerEntry>
          <containerEntry key="StaticModelArray0002">
            <data>0x317E320</data>
          </containerEntry>
          <containerEntry key="StaticModelArray0003">
            <data>0x317E400</data>
          </containerEntry>
          <containerEntry key="StaticModelArray0004">
            <data>0x3176D70</data>
          </containerEntry>
          <containerEntry key="StaticModelArray0005">
            <data>0x317E5C0</data>
          </containerEntry>
          <containerEntry key="TexturePackLoadConditioner0000">
            <data>0x317F040</data>
          </containerEntry>
        </property>
      </staticProperties>
      <dynamicProperties></dynamicProperties>
    </entity>
    <entity class="StaticModelArray" classVersion="4" classID="0xD0" addr="0x317E6A0" id="0x0">
      <staticProperties>
        <property name="name" type="String" container="StaticArray" arraySize="1">
          <containerEntry>StaticModelArray0000</containerEntry>
        </property>
        <property name="dataSet" type="EntityHandle" container="StaticArray" arraySize="1">
          <containerEntry>0x32F4450</containerEntry>
        </property>
        <property name="modelFile" type="FilePtr" container="StaticArray" arraySize="1">
          <containerEntry>/Assets/tpp/environ/object/middle_africa/cliff/mafr_clff003/scenes/mafr_clff003_vrtn001.fmdl</containerEntry>
        </property>
        <property name="geomFile" type="FilePtr" container="StaticArray" arraySize="1">
          <containerEntry>/Assets/tpp/environ/object/middle_africa/cliff/mafr_clff003/scenes/mafr_clff003_vrtn001.geom</containerEntry>
        </property>
        <property name="isVisibleGeom" type="Bool" container="StaticArray" arraySize="1">
          <containerEntry>false</containerEntry>
        </property>
        <property name="lodFarSize" type="Float" container="StaticArray" arraySize="1">
          <containerEntry>-1</containerEntry>
        </property>
        <property name="lodNearSize" type="Float" container="StaticArray" arraySize="1">
          <containerEntry>-1</containerEntry>
        </property>
        <property name="lodPolygonSize" type="Float" container="StaticArray" arraySize="1">
          <containerEntry>-1</containerEntry>
        </property>
        <property name="drawRejectionLevel" type="Int32" container="StaticArray" arraySize="1">
          <containerEntry>8</containerEntry>
        </property>
        <property name="drawMode" type="Int32" container="StaticArray" arraySize="1">
          <containerEntry>0</containerEntry>
        </property>
        <property name="rejectFarRangeShadowCast" type="Int32" container="StaticArray" arraySize="1">
          <containerEntry>2</containerEntry>
        </property>
        <property name="parentLocator" type="EntityLink" container="StaticArray" arraySize="1">
          <containerEntry packagePathHash="0xB8A0BF169F98" archivePathHash="0xB8A0BF169F98" nameInArchiveHash="0xB8A0BF169F98">0x0</containerEntry>
        </property>
        <property name="transforms" type="Matrix4" container="DynamicArray" arraySize="2">
          <containerEntry r11="0.30348057" r12="-0.027581211" r13="-0.9524373" r14="0" r21="-0.07221861" r22="0.9960399" r23="-0.05185516" r24="0" r31="0.9500958" r32="0.08452079" r33="0.3002869" r34="0" r41="1691.0386" r42="-8.508804" r43="1300.6171" r44="1"></containerEntry>
          <containerEntry r11="0.3907253" r12="-0.044523448" r13="0.9194288" r14="0" r21="0.64676106" r22="0.7240167" r23="-0.23978926" r24="0" r31="-0.6550051" r32="0.6883433" r33="0.31168807" r34="0" r41="1684.7697" r42="-6.749557" r43="1290.7672" r44="1"></containerEntry>
        </property>
        <property name="colors" type="UInt32" container="DynamicArray" arraySize="2">
          <containerEntry>4294967295</containerEntry>
          <containerEntry>4294967295</containerEntry>
        </property>
      </staticProperties>
      <dynamicProperties></dynamicProperties>
    </entity>
    <entity class="StaticModelArray" classVersion="4" classID="0xD0" addr="0x317E710" id="0x0">
      <staticProperties>
        <property name="name" type="String" container="StaticArray" arraySize="1">
          <containerEntry>StaticModelArray0001</containerEntry>
        </property>
        <property name="dataSet" type="EntityHandle" container="StaticArray" arraySize="1">
          <containerEntry>0x32F4450</containerEntry>
        </property>
        <property name="modelFile" type="FilePtr" container="StaticArray" arraySize="1">
          <containerEntry>/Assets/tpp/environ/object/middle_africa/rock/mafr_rock002/scenes/mafr_rock002.fmdl</containerEntry>
        </property>
        <property name="geomFile" type="FilePtr" container="StaticArray" arraySize="1">
          <containerEntry>/Assets/tpp/environ/object/middle_africa/rock/mafr_rock002/scenes/mafr_rock002.geom</containerEntry>
        </property>
        <property name="isVisibleGeom" type="Bool" container="StaticArray" arraySize="1">
          <containerEntry>false</containerEntry>
        </property>
        <property name="lodFarSize" type="Float" container="StaticArray" arraySize="1">
          <containerEntry>-1</containerEntry>
        </property>
        <property name="lodNearSize" type="Float" container="StaticArray" arraySize="1">
          <containerEntry>-1</containerEntry>
        </property>
        <property name="lodPolygonSize" type="Float" container="StaticArray" arraySize="1">
          <containerEntry>-1</containerEntry>
        </property>
        <property name="drawRejectionLevel" type="Int32" container="StaticArray" arraySize="1">
          <containerEntry>5</containerEntry>
        </property>
        <property name="drawMode" type="Int32" container="StaticArray" arraySize="1">
          <containerEntry>0</containerEntry>
        </property>
        <property name="rejectFarRangeShadowCast" type="Int32" container="StaticArray" arraySize="1">
          <containerEntry>2</containerEntry>
        </property>
        <property name="parentLocator" type="EntityLink" container="StaticArray" arraySize="1">
          <containerEntry packagePathHash="0xB8A0BF169F98" archivePathHash="0xB8A0BF169F98" nameInArchiveHash="0xB8A0BF169F98">0x0</containerEntry>
        </property>
        <property name="transforms" type="Matrix4" container="DynamicArray" arraySize="32">
          <containerEntry r11="-0.7357683" r12="-0.055184565" r13="0.67498344" r14="0" r21="-0.040664427" r22="0.99847615" r23="0.03730596" r24="0" r31="-0.67601365" r32="7.152564e-07" r33="-0.73689115" r34="0" r41="1778.7141" r42="-1.741761" r43="1340.1124" r44="1"></containerEntry>
          <containerEntry r11="-0.86264557" r12="0.08617393" r13="-0.49841702" r14="0" r21="0.063009925" r22="0.9960129" r23="0.0631504" r24="0" r31="0.5018717" r32="0.02307113" r33="-0.864636" r34="0" r41="1774.8331" r42="-1.81834" r43="1362.3645" r44="1"></containerEntry>
          <containerEntry r11="-0.49550602" r12="-0.1393296" r13="-0.85735846" r14="0" r21="-0.20795618" r22="0.9773744" r23="-0.038646534" r24="0" r31="0.8433448" r32="0.15914331" r33="-0.51326936" r34="0" r41="1761.9758" r42="2.6002378" r43="1376.0818" r44="1"></containerEntry>
          <containerEntry r11="-0.8565332" r12="-0.08306106" r13="0.50937355" r14="0" r21="-0.20103736" r22="0.9627035" r23="-0.1810689" r24="0" r31="-0.47533602" r32="-0.2574942" r33="-0.841286" r34="0" r41="1759.9724" r42="-0.736969" r43="1364.7135" r44="1"></containerEntry>
          <containerEntry r11="0.43346304" r12="-0.055184174" r13="0.8994792" r14="0" r21="0.023957612" r22="0.9984762" r23="0.049712494" r24="0" r31="-0.9008519" r32="8.2887624e-07" r33="0.43412462" r34="0" r41="1780.4205" r42="-1.741761" r43="1346.404" r44="1"></containerEntry>
          <containerEntry r11="-0.3271898" r12="0.9424644" r13="0.06859384" r14="0" r21="0.77303046" r22="0.30870342" r23="-0.5541893" r24="0" r31="-0.54347897" r32="-0.1283001" r33="-0.8295583" r34="0" r41="1771.5062" r42="3.728673" r43="1369.7434" r44="1"></containerEntry>
          <containerEntry r11="-0.24446875" r12="0.9424624" r13="-0.2280177" r14="0" r21="0.89820296" r22="0.3087001" r23="0.3129407" r24="0" r31="0.36532387" r32="-0.12830202" r33="-0.9219901" r34="0" r41="1772.1061" r42="3.728673" r43="1373.4661" r44="1"></containerEntry>
          <containerEntry r11="0.057179227" r12="0.9424642" r13="-0.32938015" r14="0" r21="0.229286" r22="0.30870572" r23="0.92311007" r24="0" r31="0.971679" r32="-0.12830457" r33="-0.19844194" r34="0" r41="1768.7219" r42="3.728424" r43="1376.7559" r44="1"></containerEntry>
          <containerEntry r11="0.3022244" r12="0.94246197" r13="-0.14290161" r14="0" r21="-0.62271965" r22="0.30870515" r23="0.7189703" r24="0" r31="0.7217184" r32="-0.12830351" r33="0.68018913" r34="0" r41="1765.04" r42="3.728673" r43="1375.937" r44="1"></containerEntry>
          <containerEntry r11="0.3109464" r12="0.9424649" r13="0.12277094" r14="0" r21="-0.95042294" r22="0.3087054" r23="0.0373592" r24="0" r31="-0.0026903579" r32="-0.12830138" r33="0.9917336" r34="0" r41="1763.2181" r42="3.728408" r43="1372.4878" r44="1"></containerEntry>
          <containerEntry r11="0.07865928" r12="0.94246095" r13="0.3249182" r14="0" r21="-0.57777596" r22="0.30870548" r23="-0.7555605" r24="0" r31="-0.81239283" r32="-0.12829858" r33="0.5688157" r34="0" r41="1764.8723" r42="3.728673" r43="1369.0486" r44="1"></containerEntry>
          <containerEntry r11="-0.18915197" r12="0.9424599" r13="0.27564117" r14="0" r21="0.17599164" r22="0.30870295" r23="-0.9347314" r24="0" r31="-0.9660412" r32="-0.12829652" r33="-0.22425719" r34="0" r41="1768.5922" r42="3.728673" r43="1367.7938" r44="1"></containerEntry>
          <containerEntry r11="0.92647046" r12="0.08884446" r13="-0.36573085" r14="0" r21="-0.06330201" r22="0.9946795" r23="0.08127374" r24="0" r31="0.37100574" r32="-0.05214622" r33="0.92716527" r34="0" r41="1731.2196" r42="-2.403021" r43="1352.853" r44="1"></containerEntry>
          <containerEntry r11="-0.010826906" r12="0.04547689" r13="-0.99890566" r14="0" r21="-0.119057216" r22="0.99180055" r23="0.04644386" r24="0" r31="0.9928273" r32="0.11942978" r33="-0.005323762" r34="0" r41="1731.5916" r42="-1.469699" r43="1346.3018" r44="1"></containerEntry>
          <containerEntry r11="0.060622767" r12="0.08884496" r13="0.9941993" r14="0" r21="-0.057655867" r22="0.9946795" r23="-0.08537222" r24="0" r31="-0.99649453" r32="-0.052146014" r33="0.065422654" r34="0" r41="1720.6686" r42="-3.173741" r43="1330.4066" r44="1"></containerEntry>
          <containerEntry r11="0.97240764" r12="0.03675635" r13="0.23036996" r14="0" r21="-0.007263154" r22="0.9918008" r23="-0.12758705" r24="0" r31="-0.23317075" r32="0.1223934" r33="0.96470165" r34="0" r41="1726.6104" r42="-2.441623" r43="1332.9873" r44="1"></containerEntry>
          <containerEntry r11="0.38906863" r12="0.049274933" r13="0.9198898" r14="0" r21="0.15843576" r22="0.98010975" r23="-0.11951123" r24="0" r31="-0.9074819" r32="0.19224153" r33="0.37352306" r34="0" r41="1755.2156" r42="-0.287733" r43="1328.1871" r44="1"></containerEntry>
          <containerEntry r11="0.9945293" r12="0.033661302" r13="-0.09887546" r14="0" r21="-0.033538535" r22="0.9994332" r23="0.0029043178" r24="0" r31="0.098917186" r32="0.00042771237" r33="0.99509454" r34="0" r41="1750.2466" r42="0.890395" r43="1336.0099" r44="1"></containerEntry>
          <containerEntry r11="-0.74713045" r12="0.067106545" r13="-0.6612805" r14="0" r21="0.032852344" r22="0.99740267" r23="0.064098716" r24="0" r31="0.6638644" r32="0.026165511" r33="-0.7473945" r34="0" r41="1746.4778" r42="-3.169483" r43="1385.9933" r44="1"></containerEntry>
          <containerEntry r11="0.50336" r12="-0.00463312" r13="0.8640653" r14="0" r21="-0.063781574" r22="0.99705845" r23="0.042502068" r24="0" r31="-0.86172044" r32="-0.076505296" r33="0.5015838" r34="0" r41="1746.5889" r42="-2.795332" r43="1379.0641" r44="1"></containerEntry>
          <containerEntry r11="-0.8080379" r12="-0.0046342593" r13="0.58911735" r14="0" r21="-0.048804805" r22="0.99705845" r23="-0.059097692" r24="0" r31="-0.5871106" r32="-0.076504864" r33="-0.80588716" r34="0" r41="1770.0406" r42="-2.795343" r43="1385.3948" r44="1"></containerEntry>
          <containerEntry r11="0.5813771" r12="0.06710612" r13="-0.81086206" r14="0" r21="-0.060401462" r22="0.99740267" r23="0.039237" r24="0" r31="0.8113891" r32="0.026165776" r33="0.58392036" r34="0" r41="1763.1365" r42="-2.791609" r43="1385.9933" r44="1"></containerEntry>
          <containerEntry r11="0.22953528" r12="0.12667765" r13="-0.96502113" r14="0" r21="0.09564783" r22="0.9837589" r23="0.1518876" r24="0" r31="0.96858895" r32="-0.12716573" r33="0.21369094" r34="0" r41="1755.2709" r42="0.153224" r43="1336.0099" r44="1"></containerEntry>
          <containerEntry r11="0.023721645" r12="0.029117081" r13="0.99929416" r14="0" r21="-0.020777564" r22="0.9993742" r23="-0.028626185" r24="0" r31="-0.9995023" r32="-0.020083856" r33="0.02431178" r34="0" r41="1781.6631" r42="-3.130167" r43="1371.4537" r44="1"></containerEntry>
          <containerEntry r11="-0.08460571" r12="0.03703425" r13="-0.9957268" r14="0" r21="-0.06378175" r22="0.99705833" r23="0.042503238" r24="0" r31="0.9943718" r32="0.06710524" r33="-0.08199473" r34="0" r41="1745.6425" r42="-2.403058" r43="1359.275" r44="1"></containerEntry>
          <containerEntry r11="0.91950554" r12="0.18322483" r13="-0.3477645" r14="0" r21="-0.15827185" r22="0.98240805" r23="0.09911798" r24="0" r31="0.35980752" r32="-0.03609822" r33="0.932329" r34="0" r41="1740.7611" r42="-2.108253" r43="1362.0731" r44="1"></containerEntry>
          <containerEntry r11="-0.036548812" r12="0.08754769" r13="0.9954884" r14="0" r21="-0.055191368" r22="0.99445796" r23="-0.08948339" r24="0" r31="-0.9978055" r32="-0.0582129" r33="-0.031514373" r34="0" r41="1766.3809" r42="-0.759204" r43="1348.9733" r44="1"></containerEntry>
          <containerEntry r11="-0.19601892" r12="-0.41426337" r13="0.88880104" r14="0" r21="0.3978902" r22="0.7948135" r23="0.4582084" r24="0" r31="-0.89625007" r32="0.44346246" r33="0.009032685" r34="0" r41="1769.9001" r42="4.012751" r43="1378.2042" r44="1"></containerEntry>
          <containerEntry r11="0.79073846" r12="-0.5515633" r13="-0.26553828" r14="0" r21="0.5909099" r22="0.8010304" r23="0.09579105" r24="0" r31="0.1598694" r32="-0.23265484" r33="0.9593297" r34="0" r41="1775.4534" r42="1.442952" r43="1370.5509" r44="1"></containerEntry>
          <containerEntry r11="0.95292956" r12="0.29552814" r13="0.06778152" r14="0" r21="-0.19980267" r22="0.7802135" r23="-0.59274405" r24="0" r31="-0.2280567" r32="0.55130035" r33="0.80253583" r34="0" r41="1764.0077" r42="2.810017" r43="1365.9274" r44="1"></containerEntry>
          <containerEntry r11="0.33245647" r12="0.2850417" r13="-0.8990156" r14="0" r21="0.54543114" r22="0.7195437" r23="0.42983982" r24="0" r31="0.76940334" r32="-0.633254" r33="0.08374631" r34="0" r41="1772.2404" r42="0.401725" r43="1378.7833" r44="1"></containerEntry>
          <containerEntry r11="-0.9495212" r12="0.13850252" r13="-0.12912796" r14="0" r21="-0.08492246" r22="0.30281183" r23="0.9492588" r24="0" r31="0.17617509" r32="0.94225323" r33="-0.28481477" r34="0" r41="1764.8524" r42="-0.44330177" r43="1383.3634" r44="1"></containerEntry>
        </property>
        <property name="colors" type="UInt32" container="DynamicArray" arraySize="32">
          <containerEntry>4294967295</containerEntry>
          <containerEntry>4294967295</containerEntry>
          <containerEntry>4294967295</containerEntry>
          <containerEntry>4294967295</containerEntry>
          <containerEntry>4294967295</containerEntry>
          <containerEntry>4294967295</containerEntry>
          <containerEntry>4294967295</containerEntry>
          <containerEntry>4294967295</containerEntry>
          <containerEntry>4294967295</containerEntry>
          <containerEntry>4294967295</containerEntry>
          <containerEntry>4294967295</containerEntry>
          <containerEntry>4294967295</containerEntry>
          <containerEntry>4294967295</containerEntry>
          <containerEntry>4294967295</containerEntry>
          <containerEntry>4294967295</containerEntry>
          <containerEntry>4294967295</containerEntry>
          <containerEntry>4294967295</containerEntry>
          <containerEntry>4294967295</containerEntry>
          <containerEntry>4294967295</containerEntry>
          <containerEntry>4294967295</containerEntry>
          <containerEntry>4294967295</containerEntry>
          <containerEntry>4294967295</containerEntry>
          <containerEntry>4294967295</containerEntry>
          <containerEntry>4294967295</containerEntry>
          <containerEntry>4294967295</containerEntry>
          <containerEntry>4294967295</containerEntry>
          <containerEntry>4294967295</containerEntry>
          <containerEntry>4294967295</containerEntry>
          <containerEntry>4294967295</containerEntry>
          <containerEntry>4294967295</containerEntry>
          <containerEntry>4294967295</containerEntry>
          <containerEntry>4294967295</containerEntry>
        </property>
      </staticProperties>
      <dynamicProperties></dynamicProperties>
    </entity>
    <entity class="StaticModelArray" classVersion="4" classID="0xD0" addr="0x317E320" id="0x0">
      <staticProperties>
        <property name="name" type="String" container="StaticArray" arraySize="1">
          <containerEntry>StaticModelArray0002</containerEntry>
        </property>
        <property name="dataSet" type="EntityHandle" container="StaticArray" arraySize="1">
          <containerEntry>0x32F4450</containerEntry>
        </property>
        <property name="modelFile" type="FilePtr" container="StaticArray" arraySize="1">
          <containerEntry>/Assets/tpp/environ/object/middle_africa/rock/mafr_rock002/scenes/mafr_rock002.fmdl</containerEntry>
        </property>
        <property name="geomFile" type="FilePtr" container="StaticArray" arraySize="1">
          <containerEntry>/Assets/tpp/environ/object/middle_africa/rock/mafr_rock002/scenes/mafr_rock002.geom</containerEntry>
        </property>
        <property name="isVisibleGeom" type="Bool" container="StaticArray" arraySize="1">
          <containerEntry>false</containerEntry>
        </property>
        <property name="lodFarSize" type="Float" container="StaticArray" arraySize="1">
          <containerEntry>-1</containerEntry>
        </property>
        <property name="lodNearSize" type="Float" container="StaticArray" arraySize="1">
          <containerEntry>-1</containerEntry>
        </property>
        <property name="lodPolygonSize" type="Float" container="StaticArray" arraySize="1">
          <containerEntry>-1</containerEntry>
        </property>
        <property name="drawRejectionLevel" type="Int32" container="StaticArray" arraySize="1">
          <containerEntry>8</containerEntry>
        </property>
        <property name="drawMode" type="Int32" container="StaticArray" arraySize="1">
          <containerEntry>0</containerEntry>
        </property>
        <property name="rejectFarRangeShadowCast" type="Int32" container="StaticArray" arraySize="1">
          <containerEntry>2</containerEntry>
        </property>
        <property name="parentLocator" type="EntityLink" container="StaticArray" arraySize="1">
          <containerEntry packagePathHash="0xB8A0BF169F98" archivePathHash="0xB8A0BF169F98" nameInArchiveHash="0xB8A0BF169F98">0x0</containerEntry>
        </property>
        <property name="transforms" type="Matrix4" container="DynamicArray" arraySize="3">
          <containerEntry r11="0.17117184" r12="0" r13="-0.9852414" r14="0" r21="0" r22="1" r23="0" r24="0" r31="0.9852414" r32="0" r33="0.17117184" r34="0" r41="1671.6128" r42="-2.944522" r43="1312.4174" r44="1"></containerEntry>
          <containerEntry r11="-0.71865416" r12="0" r13="-0.695366" r14="0" r21="0" r22="1" r23="0" r24="0" r31="0.695366" r32="0" r33="-0.71865416" r34="0" r41="1688.5923" r42="-3.576211" r43="1293.1353" r44="1"></containerEntry>
          <containerEntry r11="0.7282622" r12="0" r13="0.68529826" r14="0" r21="0" r22="1" r23="0" r24="0" r31="-0.68529826" r32="0" r33="0.7282622" r34="0" r41="1688.5283" r42="-3.929779" r43="1286.2798" r44="1"></containerEntry>
        </property>
        <property name="colors" type="UInt32" container="DynamicArray" arraySize="3">
          <containerEntry>4294967295</containerEntry>
          <containerEntry>4294967295</containerEntry>
          <containerEntry>4294967295</containerEntry>
        </property>
      </staticProperties>
      <dynamicProperties></dynamicProperties>
    </entity>
    <entity class="StaticModelArray" classVersion="4" classID="0xD0" addr="0x317E400" id="0x0">
      <staticProperties>
        <property name="name" type="String" container="StaticArray" arraySize="1">
          <containerEntry>StaticModelArray0003</containerEntry>
        </property>
        <property name="dataSet" type="EntityHandle" container="StaticArray" arraySize="1">
          <containerEntry>0x32F4450</containerEntry>
        </property>
        <property name="modelFile" type="FilePtr" container="StaticArray" arraySize="1">
          <containerEntry>/Assets/tpp/environ/object/middle_africa/rock/mafr_rock010/scenes/mafr_rock010.fmdl</containerEntry>
        </property>
        <property name="geomFile" type="FilePtr" container="StaticArray" arraySize="1">
          <containerEntry>/Assets/tpp/environ/object/middle_africa/rock/mafr_rock010/scenes/mafr_rock010.geom</containerEntry>
        </property>
        <property name="isVisibleGeom" type="Bool" container="StaticArray" arraySize="1">
          <containerEntry>false</containerEntry>
        </property>
        <property name="lodFarSize" type="Float" container="StaticArray" arraySize="1">
          <containerEntry>-1</containerEntry>
        </property>
        <property name="lodNearSize" type="Float" container="StaticArray" arraySize="1">
          <containerEntry>-1</containerEntry>
        </property>
        <property name="lodPolygonSize" type="Float" container="StaticArray" arraySize="1">
          <containerEntry>-1</containerEntry>
        </property>
        <property name="drawRejectionLevel" type="Int32" container="StaticArray" arraySize="1">
          <containerEntry>5</containerEntry>
        </property>
        <property name="drawMode" type="Int32" container="StaticArray" arraySize="1">
          <containerEntry>0</containerEntry>
        </property>
        <property name="rejectFarRangeShadowCast" type="Int32" container="StaticArray" arraySize="1">
          <containerEntry>2</containerEntry>
        </property>
        <property name="parentLocator" type="EntityLink" container="StaticArray" arraySize="1">
          <containerEntry packagePathHash="0xB8A0BF169F98" archivePathHash="0xB8A0BF169F98" nameInArchiveHash="0xB8A0BF169F98">0x0</containerEntry>
        </property>
        <property name="transforms" type="Matrix4" container="DynamicArray" arraySize="19">
          <containerEntry r11="0.89590794" r12="-0.12649588" r13="0.425847" r14="0" r21="0.28352275" r22="0.9007977" r23="-0.32890448" r24="0" r31="-0.34199727" r32="0.4154059" r33="0.8428972" r34="0" r41="1782.4308" r42="-2.14553" r43="1341.6259" r44="1"></containerEntry>
          <containerEntry r11="-0.45596617" r12="-0.31800905" r13="0.83124065" r14="0" r21="0.14985031" r22="0.89321786" r23="0.42391822" r24="0" r31="-0.8772897" r32="0.31785434" r33="-0.3596238" r34="0" r41="1781.9427" r42="-2.573303" r43="1345.2786" r44="1"></containerEntry>
          <containerEntry r11="0.04368552" r12="0.018732945" r13="-0.5981135" r14="0" r21="-0.06172516" r22="0.59664816" r23="0.014178691" r24="0" r31="0.59521484" r32="0.060498714" r33="0.045368634" r34="0" r41="1767.8358" r42="9.406514" r43="1372.3732" r44="1"></containerEntry>
          <containerEntry r11="0.25381827" r12="-0.32410088" r13="-0.91133404" r14="0" r21="-0.093266" r22="0.92960066" r23="-0.35657254" r24="0" r31="0.9627432" r32="0.17550114" r33="0.20572224" r34="0" r41="1730.2577" r42="-3.568339" r43="1346.46" r44="1"></containerEntry>
          <containerEntry r11="-0.6697607" r12="-0.13052818" r13="-0.73101074" r14="0" r21="-0.48162192" r22="0.8256496" r23="0.29384148" r24="0" r31="0.5652041" r32="0.5488748" r33="-0.6158527" r34="0" r41="1728.3383" r42="-2.859245" r43="1350.0673" r44="1"></containerEntry>
          <containerEntry r11="0.37409383" r12="-0.16946556" r13="0.9117734" r14="0" r21="0.36792332" r22="0.92959994" r23="0.021822795" r24="0" r31="-0.85128355" r32="0.3272994" r33="0.4101084" r34="0" r41="1726.7518" r42="-3.523395" r43="1331.2308" r44="1"></containerEntry>
          <containerEntry r11="0.90257764" r12="-0.130528" r13="-0.41025856" r14="0" r21="-0.13012668" r22="0.82565016" r23="-0.54897094" r24="0" r31="0.41038612" r32="0.54887444" r33="0.72822815" r34="0" r41="1724.2102" r42="-3.629961" r43="1328.5304" r44="1"></containerEntry>
          <containerEntry r11="0.8199519" r12="0.055121448" r13="0.5697704" r14="0" r21="0.19674888" r22="0.90757495" r23="-0.3709413" r24="0" r31="-0.5375567" r32="0.41625616" r33="0.7333235" r34="0" r41="1750.6392" r42="0.593577" r43="1325.2983" r44="1"></containerEntry>
          <containerEntry r11="0.09875068" r12="-0.1548916" r13="0.98298234" r14="0" r21="0.46555015" r22="0.88023376" r23="0.091931984" r24="0" r31="-0.87949467" r32="0.44854987" r33="0.15903372" r34="0" r41="1752.441" r42="1.382186" r43="1331.0591" r44="1"></containerEntry>
          <containerEntry r11="-0.9415086" r12="-0.13991542" r13="0.3065653" r14="0" r21="-0.009899139" r22="0.9208218" r23="0.38985792" r24="0" r31="-0.3368395" r32="0.3640208" r33="-0.86834735" r34="0" r41="1749.0404" r42="1.528573" r43="1332.9447" r44="1"></containerEntry>
          <containerEntry r11="0.18823999" r12="0.38929626" r13="0.90167016" r14="0" r21="-0.45409474" r22="0.84855795" r23="-0.2715645" r24="0" r31="-0.8708393" r32="-0.3583251" r33="0.33651045" r34="0" r41="1747.75" r42="0.742488" r43="1328.7849" r44="1"></containerEntry>
          <containerEntry r11="0.14098346" r12="-0.285787" r13="-0.9478649" r14="0" r21="-0.42273688" r22="0.8483774" r23="-0.31866807" r24="0" r31="0.8952193" r32="0.44562477" r33="-0.0012055039" r34="0" r41="1746.853" r42="-0.298768" r43="1324.784" r44="1"></containerEntry>
          <containerEntry r11="-0.9068126" r12="-0.05849378" r13="-0.4174461" r14="0" r21="-0.07017462" r22="0.9974542" r23="0.012673322" r24="0" r31="0.41564247" r32="0.04078652" r33="-0.9086096" r34="0" r41="1749.0063" r42="-3.488574" r43="1377.9014" r44="1"></containerEntry>
          <containerEntry r11="0.37071586" r12="0.009977789" r13="0.9156562" r14="0" r21="-0.5310724" r22="0.82189" r23="0.20605572" r24="0" r31="-0.7596996" r32="-0.5695556" r33="0.31378117" r34="0" r41="1759.3392" r42="-0.3262045" r43="1369.4718" r44="1"></containerEntry>
          <containerEntry r11="-0.38799617" r12="0.9005294" r13="-0.19622011" r14="0" r21="0.915232" r22="0.4015594" r23="0.03317637" r24="0" r31="0.10867045" r32="-0.16671477" r33="-0.97999775" r34="0" r41="1771.7021" r42="2.521936" r43="1372.5785" r44="1"></containerEntry>
          <containerEntry r11="-0.81415886" r12="-0.55903786" r13="0.15690213" r14="0" r21="-0.27615392" r22="0.6105154" r23="0.74230075" r24="0" r31="-0.5107657" r32="0.5610214" r33="-0.65143806" r34="0" r41="1765.8511" r42="3.832215" r43="1376.5912" r44="1"></containerEntry>
          <containerEntry r11="0.06443535" r12="0.7086616" r13="0.70259565" r14="0" r21="-0.33821678" r22="0.6778994" r23="-0.65273404" r24="0" r31="-0.9388577" r32="-0.19557078" r33="0.2833623" r34="0" r41="1766.4011" r42="5.249722" r43="1368.9988" r44="1"></containerEntry>
          <containerEntry r11="-0.42731255" r12="-0.58706987" r13="0.68756676" r14="0" r21="-0.74487406" r22="0.65962553" r23="0.10028511" r24="0" r31="-0.5749315" r32="-0.52655745" r33="-0.8069057" r34="0" r41="1760.081" r42="-0.56034964" r43="1379.7264" r44="1"></containerEntry>
          <containerEntry r11="0.6037738" r12="-0.1315549" r13="0.7862231" r14="0" r21="0.36750832" r22="0.9211569" r23="-0.12809253" r24="0" r31="-0.70738447" r32="0.3662827" r33="0.60451853" r34="0" r41="1724.5388" r42="-4.932859" r43="1335.2828" r44="1"></containerEntry>
        </property>
        <property name="colors" type="UInt32" container="DynamicArray" arraySize="19">
          <containerEntry>4294967295</containerEntry>
          <containerEntry>4294967295</containerEntry>
          <containerEntry>4294967295</containerEntry>
          <containerEntry>4294967295</containerEntry>
          <containerEntry>4294967295</containerEntry>
          <containerEntry>4294967295</containerEntry>
          <containerEntry>4294967295</containerEntry>
          <containerEntry>4294967295</containerEntry>
          <containerEntry>4294967295</containerEntry>
          <containerEntry>4294967295</containerEntry>
          <containerEntry>4294967295</containerEntry>
          <containerEntry>4294967295</containerEntry>
          <containerEntry>4294967295</containerEntry>
          <containerEntry>4294967295</containerEntry>
          <containerEntry>4294967295</containerEntry>
          <containerEntry>4294967295</containerEntry>
          <containerEntry>4294967295</containerEntry>
          <containerEntry>4294967295</containerEntry>
          <containerEntry>4294967295</containerEntry>
        </property>
      </staticProperties>
      <dynamicProperties></dynamicProperties>
    </entity>
    <entity class="StaticModelArray" classVersion="4" classID="0xD0" addr="0x3176D70" id="0x0">
      <staticProperties>
        <property name="name" type="String" container="StaticArray" arraySize="1">
          <containerEntry>StaticModelArray0004</containerEntry>
        </property>
        <property name="dataSet" type="EntityHandle" container="StaticArray" arraySize="1">
          <containerEntry>0x32F4450</containerEntry>
        </property>
        <property name="modelFile" type="FilePtr" container="StaticArray" arraySize="1">
          <containerEntry>/Assets/tpp/environ/object/middle_africa/cliff/mafr_clff003/scenes/mafr_clff003_vrtn001.fmdl</containerEntry>
        </property>
        <property name="geomFile" type="FilePtr" container="StaticArray" arraySize="1">
          <containerEntry>/Assets/tpp/environ/object/middle_africa/cliff/mafr_clff003/scenes/mafr_clff003_vrtn001.geom</containerEntry>
        </property>
        <property name="isVisibleGeom" type="Bool" container="StaticArray" arraySize="1">
          <containerEntry>false</containerEntry>
        </property>
        <property name="lodFarSize" type="Float" container="StaticArray" arraySize="1">
          <containerEntry>-1</containerEntry>
        </property>
        <property name="lodNearSize" type="Float" container="StaticArray" arraySize="1">
          <containerEntry>-1</containerEntry>
        </property>
        <property name="lodPolygonSize" type="Float" container="StaticArray" arraySize="1">
          <containerEntry>-1</containerEntry>
        </property>
        <property name="drawRejectionLevel" type="Int32" container="StaticArray" arraySize="1">
          <containerEntry>5</containerEntry>
        </property>
        <property name="drawMode" type="Int32" container="StaticArray" arraySize="1">
          <containerEntry>0</containerEntry>
        </property>
        <property name="rejectFarRangeShadowCast" type="Int32" container="StaticArray" arraySize="1">
          <containerEntry>2</containerEntry>
        </property>
        <property name="parentLocator" type="EntityLink" container="StaticArray" arraySize="1">
          <containerEntry packagePathHash="0xB8A0BF169F98" archivePathHash="0xB8A0BF169F98" nameInArchiveHash="0xB8A0BF169F98">0x0</containerEntry>
        </property>
        <property name="transforms" type="Matrix4" container="DynamicArray" arraySize="23">
          <containerEntry r11="0.085851714" r12="-0.005956018" r13="-0.9962893" r14="0" r21="-0.7479874" r22="0.66017884" r23="-0.06840205" r24="0" r31="0.65813667" r32="0.75108415" r33="0.05222238" r34="0" r41="1742.912" r42="-7.753901" r43="1381.295" r44="1"></containerEntry>
          <containerEntry r11="0.47856158" r12="0.035452656" r13="-0.5763868" r14="0" r21="-0.4685677" r22="0.46137437" r23="-0.36066306" r24="0" r31="0.3375243" r32="0.5902336" r33="0.31654364" r34="0" r41="1756.5931" r42="-5.187417" r43="1365.8712" r44="1"></containerEntry>
          <containerEntry r11="0.20698577" r12="0.02747297" r13="-0.7203474" r14="0" r21="-0.33034968" r22="0.6697428" r23="-0.069380134" r24="0" r31="0.6407218" r32="0.3364364" r33="0.19693726" r34="0" r41="1776.0111" r42="-6.327446" r43="1384.3435" r44="1"></containerEntry>
          <containerEntry r11="0.64853466" r12="-0.06900075" r13="-0.37032652" r14="0" r21="-0.22241458" r22="0.5249368" r23="-0.48731208" r24="0" r31="0.30403018" r32="0.53120565" r33="0.4334567" r34="0" r41="1783.6919" r42="-7.220755" r43="1390.2018" r44="1"></containerEntry>
          <containerEntry r11="-0.096483" r12="-0.16559891" r13="0.9814612" r14="0" r21="0.7234036" r22="0.6656153" r23="0.18342164" r24="0" r31="-0.68365014" r32="0.7276896" r33="0.055574242" r34="0" r41="1783.0713" r42="-7.220755" r43="1375.0054" r44="1"></containerEntry>
          <containerEntry r11="0.5207534" r12="-0.272652" r13="0.8089963" r14="0" r21="0.81531584" r22="0.4398135" r23="-0.37659338" r24="0" r31="-0.25312907" r32="0.8557005" r33="0.45133212" r34="0" r41="1775.1991" r42="-3.805634" r43="1369.5432" r44="1"></containerEntry>
          <containerEntry r11="-0.68633294" r12="-0.059817713" r13="0.29642278" r14="0" r21="0.1435656" r22="0.58258975" r23="0.44997555" r24="0" r31="-0.26614583" r32="0.46851927" r33="-0.5216835" r34="0" r41="1754.094" r42="-4.879313" r43="1349.7446" r44="1"></containerEntry>
          <containerEntry r11="0.3154474" r12="-0.027878813" r13="-0.67986405" r14="0" r21="-0.4392017" r22="0.56401503" r23="-0.22691126" r24="0" r31="0.519706" r32="0.4935682" r33="0.22089694" r34="0" r41="1744.5166" r42="-4.72888" r43="1357.7214" r44="1"></containerEntry>
          <containerEntry r11="0.9632288" r12="-0.14519522" r13="0.22607228" r14="0" r21="0.24297312" r22="0.82989115" r23="-0.50223994" r24="0" r31="-0.1146926" r32="0.5387014" r33="0.83465356" r34="0" r41="1762.0841" r42="-6.975807" r43="1389.6736" r44="1"></containerEntry>
          <containerEntry r11="0.07477057" r12="0.0070233084" r13="0.7462302" r14="0" r21="0.13755447" r22="0.73698676" r23="-0.02071888" r24="0" r31="-0.7334764" r32="0.13892867" r33="0.07218513" r34="0" r41="1763.6862" r42="-4.392155" r43="1352.0271" r44="1"></containerEntry>
          <containerEntry r11="-0.03246425" r12="-0.037181985" r13="0.7483731" r14="0" r21="0.7214418" r22="0.20079076" r23="0.0412719" r24="0" r31="-0.20240168" r32="0.7216642" r33="0.027074806" r34="0" r41="1767.0482" r42="-3.240102" r43="1350.864" r44="1"></containerEntry>
          <containerEntry r11="-0.7432669" r12="-0.022742404" r13="-0.09765059" r14="0" r21="-0.08752714" r22="0.50347644" r23="0.54895425" r24="0" r31="0.048907075" r32="0.55542207" r33="-0.5016116" r34="0" r41="1746.704" r42="-4.001686" r43="1344.3538" r44="1"></containerEntry>
          <containerEntry r11="0.0018142661" r12="-0.034216583" r13="-0.74921626" r14="0" r21="-0.65406215" r22="0.36656123" r23="-0.018324964" r24="0" r31="0.36701438" r32="0.6534227" r33="-0.028953156" r34="0" r41="1746.7032" r42="-1.373096" r43="1332.0673" r44="1"></containerEntry>
          <containerEntry r11="0.23621522" r12="-0.02944719" r13="0.7112206" r14="0" r21="0.43794" r22="0.596766" r23="-0.12074286" r24="0" r31="-0.5611689" r32="0.45332453" r33="0.20514849" r34="0" r41="1742.0415" r42="-3.543604" r43="1336.6309" r44="1"></containerEntry>
          <containerEntry r11="-0.30480242" r12="-0.1855822" r13="0.6596595" r14="0" r21="0.39387047" r22="0.543358" r23="0.33485508" r24="0" r31="-0.5607658" r32="0.48251387" r33="-0.1233617" r34="0" r41="1728.9843" r42="-6.000465" r43="1359.2446" r44="1"></containerEntry>
          <containerEntry r11="-0.45408478" r12="-0.011807365" r13="0.59679615" r14="0" r21="0.42200035" r22="0.52397907" r23="0.33145416" r24="0" r31="-0.4221632" r32="0.53647476" r33="-0.31059784" r34="0" r41="1757.6052" r42="-3.482338" r43="1336.4464" r44="1"></containerEntry>
          <containerEntry r11="0.5088446" r12="-0.14874765" r13="0.5305197" r14="0" r21="0.44534165" r22="0.5362421" r23="-0.27679437" r24="0" r31="-0.32441884" r32="0.5028098" r33="0.4521427" r34="0" r41="1767.9447" r42="-4.033149" r43="1344.0785" r44="1"></containerEntry>
          <containerEntry r11="-0.6359902" r12="-0.056913704" r13="-0.39340878" r14="0" r21="-0.3257212" r22="0.5000892" r23="0.45421892" r24="0" r31="0.22785148" r32="0.5560291" r33="-0.44878748" r34="0" r41="1783.2179" r42="-5.121264" r43="1351.346" r44="1"></containerEntry>
          <containerEntry r11="0.28555986" r12="-0.6455822" r13="-0.25333655" r14="0" r21="-0.014954902" r22="0.26817608" r23="-0.70025575" r24="0" r31="0.6933485" r32="0.27167153" r33="0.08923421" r34="0" r41="1769.8695" r42="2.8591" r43="1369.7941" r44="1"></containerEntry>
          <containerEntry r11="-0.24677181" r12="-0.21451597" r13="-0.67497194" r14="0" r21="-0.6862148" r22="0.2492873" r23="0.17165476" r24="0" r31="0.1752525" r32="0.67404675" r33="-0.278295" r34="0" r41="1764.0978" r42="1.929965" r43="1371.7976" r44="1"></containerEntry>
          <containerEntry r11="0.044251643" r12="0.012111962" r13="-0.7485957" r14="0" r21="-0.73573446" r22="0.13962463" r23="-0.041232616" r24="0" r31="0.13869756" r32="0.7367894" r33="0.020119518" r34="0" r41="1759.8545" r42="-1.873152" r43="1373.507" r44="1"></containerEntry>
          <containerEntry r11="0.07548447" r12="-0.071327314" r13="0.7427746" r14="0" r21="0.3362373" r22="0.66972816" r23="0.030142788" r24="0" r31="-0.66614187" r32="0.32996398" r33="0.09938255" r34="0" r41="1754.7181" r42="-5.305544" r43="1373.1847" r44="1"></containerEntry>
          <containerEntry r11="-0.6853361" r12="-0.19429855" r13="-0.23465462" r14="0" r21="-0.18823658" r22="0.72427374" r23="-0.049945958" r24="0" r31="0.23954478" r32="0.013254419" r33="-0.7105934" r34="0" r41="1766.8483" r42="-2.07938" r43="1365.3064" r44="1"></containerEntry>
        </property>
        <property name="colors" type="UInt32" container="DynamicArray" arraySize="23">
          <containerEntry>4294967295</containerEntry>
          <containerEntry>4294967295</containerEntry>
          <containerEntry>4294967295</containerEntry>
          <containerEntry>4294967295</containerEntry>
          <containerEntry>4294967295</containerEntry>
          <containerEntry>4294967295</containerEntry>
          <containerEntry>4294967295</containerEntry>
          <containerEntry>4294967295</containerEntry>
          <containerEntry>4294967295</containerEntry>
          <containerEntry>4294967295</containerEntry>
          <containerEntry>4294967295</containerEntry>
          <containerEntry>4294967295</containerEntry>
          <containerEntry>4294967295</containerEntry>
