<fox formatVersion="2" fileVersion="0">
  <entities>
    <entity class="DataSet" classVersion="0" classID="0xE8" addr="0x3304A00" id="0x728789">
      <staticProperties>
        <property name="name" type="String" container="StaticArray" arraySize="1">
          <containerEntry hash="0xB8A0BF169F98"></containerEntry>
        </property>
        <property name="dataSet" type="EntityHandle" container="StaticArray" arraySize="1">
          <containerEntry>0x0</containerEntry>
        </property>
        <property name="dataList" type="EntityPtr" container="StringMap" arraySize="12">
          <containerEntry key="mafr_tree025_0003">
            <data>0x3175BF0</data>
          </containerEntry>
          <containerEntry key="StaticModelArray0000">
            <data>0x330E860</data>
          </containerEntry>
          <containerEntry key="StaticModelArray0001">
            <data>0x330E8D0</data>
          </containerEntry>
          <containerEntry key="StaticModelArray0002">
            <data>0x330E4E0</data>
          </containerEntry>
          <containerEntry key="StaticModelArray0003">
            <data>0x330E550</data>
          </containerEntry>
          <containerEntry key="StaticModelArray0004">
            <data>0x3304FB0</data>
          </containerEntry>
          <containerEntry key="StaticModelArray0005">
            <data>0x330BFB0</data>
          </containerEntry>
          <containerEntry key="StaticModelArray0006">
            <data>0x330E080</data>
          </containerEntry>
          <containerEntry key="StaticModelArray0007">
            <data>0x330E0F0</data>
          </containerEntry>
          <containerEntry key="StaticModelArray0008">
            <data>0x330E160</data>
          </containerEntry>
          <containerEntry key="StaticModelArray0009">
            <data>0x330E1D0</data>
          </containerEntry>
          <containerEntry key="TexturePackLoadConditioner0000">
            <data>0x330EB70</data>
          </containerEntry>
        </property>
      </staticProperties>
      <dynamicProperties></dynamicProperties>
    </entity>
    <entity class="StaticModel" classVersion="9" classID="0x160" addr="0x3175BF0" id="0x7288A2">
      <staticProperties>
        <property name="name" type="String" container="StaticArray" arraySize="1">
          <containerEntry>mafr_tree025_0003</containerEntry>
        </property>
        <property name="dataSet" type="EntityHandle" container="StaticArray" arraySize="1">
          <containerEntry>0x3304A00</containerEntry>
        </property>
        <property name="parent" type="EntityHandle" container="StaticArray" arraySize="1">
          <containerEntry>0x0</containerEntry>
        </property>
        <property name="transform" type="EntityPtr" container="StaticArray" arraySize="1">
          <containerEntry>0x3175C60</containerEntry>
        </property>
        <property name="shearTransform" type="EntityPtr" container="StaticArray" arraySize="1">
          <containerEntry>0x0</containerEntry>
        </property>
        <property name="pivotTransform" type="EntityPtr" container="StaticArray" arraySize="1">
          <containerEntry>0x0</containerEntry>
        </property>
        <property name="children" type="EntityHandle" container="List"></property>
        <property name="flags" type="UInt32" container="StaticArray" arraySize="1">
          <containerEntry>3221225479</containerEntry>
        </property>
        <property name="modelFile" type="FilePtr" container="StaticArray" arraySize="1">
          <containerEntry>/Assets/tpp/environ/object/middle_africa/tree/mafr_tree025/scenes/mafr_tree025_gen8.fmdl</containerEntry>
        </property>
        <property name="geomFile" type="FilePtr" container="StaticArray" arraySize="1">
          <containerEntry>/Assets/tpp/environ/object/middle_africa/tree/mafr_tree025/scenes/mafr_tree025_gen8.geom</containerEntry>
        </property>
        <property name="isVisibleGeom" type="Bool" container="StaticArray" arraySize="1">
          <containerEntry>false</containerEntry>
        </property>
        <property name="isIsolated" type="Bool" container="StaticArray" arraySize="1">
          <containerEntry>false</containerEntry>
        </property>
        <property name="lodFarSize" type="Float" container="StaticArray" arraySize="1">
          <containerEntry>-1</containerEntry>
        </property>
        <property name="lodNearSize" type="Float" container="StaticArray" arraySize="1">
          <containerEntry>-1</containerEntry>
        </property>
        <property name="lodPolygonSize" type="Float" container="StaticArray" arraySize="1">
          <containerEntry>-1</containerEntry>
        </property>
        <property name="color" type="Color" container="StaticArray" arraySize="1">
          <containerEntry r="1" g="1" b="1" a="1"></containerEntry>
        </property>
        <property name="drawRejectionLevel" type="Int32" container="StaticArray" arraySize="1">
          <containerEntry>8</containerEntry>
        </property>
        <property name="drawMode" type="Int32" container="StaticArray" arraySize="1">
          <containerEntry>0</containerEntry>
        </property>
        <property name="rejectFarRangeShadowCast" type="Int32" container="StaticArray" arraySize="1">
          <containerEntry>2</containerEntry>
        </property>
      </staticProperties>
      <dynamicProperties></dynamicProperties>
    </entity>
    <entity class="TransformEntity" classVersion="0" classID="0x50" addr="0x3175C60" id="0x7288A5">
      <staticProperties>
        <property name="owner" type="EntityHandle" container="StaticArray" arraySize="1">
          <containerEntry>0x3175BF0</containerEntry>
        </property>
        <property name="transform_scale" type="Vector3" container="StaticArray" arraySize="1">
          <containerEntry x="1" y="1" z="1" w="0"></containerEntry>
        </property>
        <property name="transform_rotation_quat" type="Quat" container="StaticArray" arraySize="1">
          <containerEntry x="0" y="-0.956063" z="0" w="-0.293159"></containerEntry>
        </property>
        <property name="transform_translation" type="Vector3" container="StaticArray" arraySize="1">
          <containerEntry x="-141.8764" y="-3.430103" z="-129.9969" w="0"></containerEntry>
        </property>
      </staticProperties>
      <dynamicProperties></dynamicProperties>
    </entity>
    <entity class="StaticModelArray" classVersion="4" classID="0xD0" addr="0x330E860" id="0x0">
      <staticProperties>
        <property name="name" type="String" container="StaticArray" arraySize="1">
          <containerEntry>StaticModelArray0000</containerEntry>
        </property>
        <property name="dataSet" type="EntityHandle" container="StaticArray" arraySize="1">
          <containerEntry>0x3304A00</containerEntry>
        </property>
        <property name="modelFile" type="FilePtr" container="StaticArray" arraySize="1">
          <containerEntry>/Assets/tpp/environ/object/middle_africa/clod/mafr_clod001/scenes/mafr_clod001.fmdl</containerEntry>
        </property>
        <property name="geomFile" type="FilePtr" container="StaticArray" arraySize="1">
          <containerEntry>/Assets/tpp/environ/object/middle_africa/clod/mafr_clod001/scenes/mafr_clod001.geom</containerEntry>
        </property>
        <property name="isVisibleGeom" type="Bool" container="StaticArray" arraySize="1">
          <containerEntry>false</containerEntry>
        </property>
        <property name="lodFarSize" type="Float" container="StaticArray" arraySize="1">
          <containerEntry>-1</containerEntry>
        </property>
        <property name="lodNearSize" type="Float" container="StaticArray" arraySize="1">
          <containerEntry>-1</containerEntry>
        </property>
        <property name="lodPolygonSize" type="Float" container="StaticArray" arraySize="1">
          <containerEntry>-1</containerEntry>
        </property>
        <property name="drawRejectionLevel" type="Int32" container="StaticArray" arraySize="1">
          <containerEntry>8</containerEntry>
        </property>
        <property name="drawMode" type="Int32" container="StaticArray" arraySize="1">
          <containerEntry>0</containerEntry>
        </property>
        <property name="rejectFarRangeShadowCast" type="Int32" container="StaticArray" arraySize="1">
          <containerEntry>2</containerEntry>
        </property>
        <property name="parentLocator" type="EntityLink" container="StaticArray" arraySize="1">
          <containerEntry packagePathHash="0xB8A0BF169F98" archivePathHash="0xB8A0BF169F98" nameInArchiveHash="0xB8A0BF169F98">0x0</containerEntry>
        </property>
        <property name="transforms" type="Matrix4" container="DynamicArray" arraySize="7">
          <containerEntry r11="0.9200104" r12="0" r13="0.3918937" r14="0" r21="0" r22="1" r23="0" r24="0" r31="-0.3918937" r32="0" r33="0.9200104" r34="0" r41="-182.55397" r42="-0.652416" r43="-197.58101" r44="1"></containerEntry>
          <containerEntry r11="1" r12="0" r13="0" r14="0" r21="0" r22="1" r23="0" r24="0" r31="0" r32="0" r33="1" r34="0" r41="-176.611" r42="-1.03417" r43="-196.523" r44="1"></containerEntry>
          <containerEntry r11="0.0692107" r12="0.024047354" r13="-0.9973085" r14="0" r21="-0.0840253" r22="0.99629754" r23="0.018192075" r24="0" r31="0.9940535" r32="0.08254046" r33="0.070975065" r34="0" r41="-150.2076" r42="-1.9819405" r43="-186.90707" r44="1"></containerEntry>
          <containerEntry r11="0.12325343" r12="-0.0017576162" r13="-0.992371" r14="0" r21="-0.05590549" r22="0.998398" r23="-0.008711632" r24="0" r31="0.9907966" r32="0.05655287" r33="0.12295771" r34="0" r41="-150.7368" r42="-1.9947977" r43="-181.2222" r44="1"></containerEntry>
          <containerEntry r11="-0.7450151" r12="0.14512339" r13="-0.6510613" r14="0" r21="0.11589831" r22="0.9893634" r23="0.08790718" r24="0" r31="0.6568936" r32="-0.009964492" r33="-0.7539102" r34="0" r41="-166.12253" r42="-0.84974504" r43="-153.99449" r44="1"></containerEntry>
          <containerEntry r11="-0.76381373" r12="0.0047253924" r13="-0.4346674" r14="0" r21="-0.01063092" r22="0.8783322" r23="0.028229676" r24="0" r31="0.43456307" r32="0.029792644" r33="-0.7633065" r34="0" r41="-168.10367" r42="-0.219277" r43="-155.67165" r44="1"></containerEntry>
          <containerEntry r11="0.19109628" r12="-0.030466944" r13="0.9810973" r14="0" r21="0.27419123" r22="0.96138674" r23="-0.023551263" r24="0" r31="-0.94249624" r32="0.27350917" r33="0.19207126" r34="0" r41="-172.70972" r42="0.214" r43="-152.3219" r44="1"></containerEntry>
        </property>
        <property name="colors" type="UInt32" container="DynamicArray" arraySize="7">
          <containerEntry>4294967295</containerEntry>
          <containerEntry>4294967295</containerEntry>
          <containerEntry>4294967295</containerEntry>
          <containerEntry>4294967295</containerEntry>
          <containerEntry>4294967295</containerEntry>
          <containerEntry>4294967295</containerEntry>
          <containerEntry>4294967295</containerEntry>
        </property>
      </staticProperties>
      <dynamicProperties></dynamicProperties>
    </entity>
    <entity class="StaticModelArray" classVersion="4" classID="0xD0" addr="0x330E8D0" id="0x0">
      <staticProperties>
        <property name="name" type="String" container="StaticArray" arraySize="1">
          <containerEntry>StaticModelArray0001</containerEntry>
        </property>
        <property name="dataSet" type="EntityHandle" container="StaticArray" arraySize="1">
          <containerEntry>0x3304A00</containerEntry>
        </property>
        <property name="modelFile" type="FilePtr" container="StaticArray" arraySize="1">
          <containerEntry>/Assets/tpp/environ/object/middle_africa/mud/mafr_mudd003/scenes/mafr_mudd003_rock001.fmdl</containerEntry>
        </property>
        <property name="geomFile" type="FilePtr" container="StaticArray" arraySize="1">
          <containerEntry>/Assets/tpp/environ/object/middle_africa/mud/mafr_mudd003/scenes/mafr_mudd003_rock001.geom</containerEntry>
        </property>
        <property name="isVisibleGeom" type="Bool" container="StaticArray" arraySize="1">
          <containerEntry>false</containerEntry>
        </property>
        <property name="lodFarSize" type="Float" container="StaticArray" arraySize="1">
          <containerEntry>50</containerEntry>
        </property>
        <property name="lodNearSize" type="Float" container="StaticArray" arraySize="1">
          <containerEntry>400</containerEntry>
        </property>
        <property name="lodPolygonSize" type="Float" container="StaticArray" arraySize="1">
          <containerEntry>-1</containerEntry>
        </property>
        <property name="drawRejectionLevel" type="Int32" container="StaticArray" arraySize="1">
          <containerEntry>7</containerEntry>
        </property>
        <property name="drawMode" type="Int32" container="StaticArray" arraySize="1">
          <containerEntry>0</containerEntry>
        </property>
        <property name="rejectFarRangeShadowCast" type="Int32" container="StaticArray" arraySize="1">
          <containerEntry>2</containerEntry>
        </property>
        <property name="parentLocator" type="EntityLink" container="StaticArray" arraySize="1">
          <containerEntry packagePathHash="0xB8A0BF169F98" archivePathHash="0xB8A0BF169F98" nameInArchiveHash="0xB8A0BF169F98">0x0</containerEntry>
        </property>
        <property name="transforms" type="Matrix4" container="DynamicArray" arraySize="19">
          <containerEntry r11="-0.22032404" r12="0.084972985" r13="-0.97171783" r14="0" r21="-0.3864761" r22="0.9070636" r23="0.16694793" r24="0" r31="0.8955958" r32="0.41232914" r33="-0.16700773" r34="0" r41="-226.28427" r42="0.487823" r43="-189.99773" r44="1"></containerEntry>
          <containerEntry r11="-0.17591338" r12="0.06799983" r13="-0.9820537" r14="0" r21="-0.045227252" r22="0.9959996" r23="0.07706692" r24="0" r31="0.9833656" r32="0.057972867" r33="-0.1721342" r34="0" r41="-244.97656" r42="3.46417" r43="-178.77963" r44="1"></containerEntry>
          <containerEntry r11="-0.18264163" r12="0.1496854" r13="-0.97171813" r14="0" r21="-0.083035365" r22="0.982463" r23="0.1669476" r24="0" r31="0.97966677" r32="0.1111788" r33="-0.16700946" r34="0" r41="-219.42447" r42="2.426917" r43="-171.45845" r44="1"></containerEntry>
          <containerEntry r11="-0.8481167" r12="0.15092938" r13="0.50785774" r14="0" r21="0.13572688" r22="0.9884714" r23="-0.06710024" r24="0" r31="-0.5121303" r32="0.012021168" r33="-0.85882425" r34="0" r41="-210.30386" r42="1.801829" r43="-239.10405" r44="1"></containerEntry>
          <containerEntry r11="-0.44771856" r12="0.057206217" r13="-0.892343" r14="0" r21="0.0029516276" r22="0.99804056" r23="0.0625013" r24="0" r31="0.89416987" r32="0.02534917" r33="-0.4470101" r34="0" r41="-230.2374" r42="-2.516336" r43="-247.28227" r44="1"></containerEntry>
          <containerEntry r11="0.051863" r12="0.016781025" r13="-0.99851424" r14="0" r21="0.005317569" r22="0.99984" r23="0.017079502" r24="0" r31="0.9986411" r32="-0.006195463" r33="0.05176549" r34="0" r41="-229.44777" r42="-3.149627" r43="-254.56316" r44="1"></containerEntry>
          <containerEntry r11="0.9255472" r12="-0.07354177" r13="0.371424" r14="0" r21="0.13042088" r22="0.9828472" r23="-0.13039081" r24="0" r31="-0.3554638" r32="0.16912434" r33="0.9192628" r34="0" r41="-255.86488" r42="3.022687" r43="-217.17189" r44="1"></containerEntry>
          <containerEntry r11="-0.18264163" r12="0.1496854" r13="-0.97171813" r14="0" r21="-0.083035365" r22="0.982463" r23="0.1669476" r24="0" r31="0.97966677" r32="0.1111788" r33="-0.16700946" r34="0" r41="-255.32724" r42="2.872905" r43="-201.28464" r44="1"></containerEntry>
          <containerEntry r11="0.011280175" r12="0.0070928107" r13="-0.38727042" r14="0" r21="-0.09977487" r22="0.37441367" r23="0.0039512618" r24="0" r31="0.37426415" r32="0.099600844" r33="0.012725528" r34="0" r41="-229.18803" r42="2.526461" r43="-190.53351" r44="1"></containerEntry>
          <containerEntry r11="0.30713966" r12="0.014931277" r13="0.07148894" r14="0" r21="0.01853396" r22="0.28298122" r23="-0.1387318" r24="0" r31="-0.07064066" r32="0.13916564" r33="0.27442887" r34="0" r41="-226.71056" r42="3.6264338" r43="-192.64517" r44="1"></containerEntry>
          <containerEntry r11="-0.8000394" r12="0.01678031" r13="0.599716" r14="0" r21="0.009710563" r22="0.99984" r23="-0.015021788" r24="0" r31="-0.5998722" r32="-0.0061944304" r33="-0.80007434" r34="0" r41="-289.37115" r42="0.919744" r43="-240.95479" r44="1"></containerEntry>
          <containerEntry r11="-0.9493724" r12="0.016781244" r13="0.3137062" r14="0" r21="0.013989444" r22="0.99984" r23="-0.011148522" r24="0" r31="-0.3138431" r32="-0.006195527" r33="-0.94945526" r34="0" r41="-276.26382" r42="5.605824" r43="-232.91493" r44="1"></containerEntry>
          <containerEntry r11="-0.9767051" r12="0.016781691" r13="0.21393338" r14="0" r21="0.015066946" r22="0.99984" r23="-0.009643392" r24="0" r31="-0.21406099" r32="-0.0061954274" r33="-0.97680163" r34="0" r41="-281.23767" r42="-0.406069" r43="-239.96394" r44="1"></containerEntry>
          <containerEntry r11="-0.9788313" r12="0.016780633" r13="-0.20398813" r14="0" r21="0.017691394" r22="0.99983996" r23="-0.0026419682" r24="0" r31="0.20391116" r32="-0.0061948723" r33="-0.97897154" r34="0" r41="-287.40854" r42="-2.363675" r43="-252.53981" r44="1"></containerEntry>
          <containerEntry r11="1.3164742" r12="-0.13224329" r13="-0.7066877" r14="0" r21="0.10602036" r22="1.493996" r23="-0.08207003" r24="0" r31="0.71109456" r32="0.022079859" r33="1.3205519" r34="0" r41="-282.43286" r42="1.4601263" r43="-234.67871" r44="1"></containerEntry>
          <containerEntry r11="-1.4240572" r12="0.025171842" r13="0.47055882" r14="0" r21="0.020984165" r22="1.49976" r23="-0.016722783" r24="0" r31="-0.47076422" r32="-0.0092932815" r33="-1.4241816" r34="0" r41="-270.88525" r42="0.74587" r43="-235.75264" r44="1"></containerEntry>
          <containerEntry r11="-0.9179077" r12="-0.115740396" r13="-0.37953946" r14="0" r21="0.022967815" r22="0.9394118" r23="-0.34202027" r24="0" r31="0.39612943" r32="-0.32266045" r33="-0.859635" r34="0" r41="-267.16724" r42="2.627176" r43="-192.59431" r44="1"></containerEntry>
          <containerEntry r11="0.908671" r12="-0.061864987" r13="0.41290635" r14="0" r21="0.04900776" r22="0.99792886" r23="0.04166787" r24="0" r31="-0.41462892" r32="-0.01762678" r33="0.9098209" r34="0" r41="-258.01096" r42="-1.368712" r43="-239.14597" r44="1"></containerEntry>
          <containerEntry r11="-0.9198951" r12="0.016781641" r13="-0.3918101" r14="0" r21="0.017866887" r22="0.99983996" r23="0.0008762132" r24="0" r31="0.3917621" r32="-0.0061944" r33="-0.92004776" r34="0" r41="-264.63504" r42="-1.087082" r43="-240.84389" r44="1"></containerEntry>
        </property>
        <property name="colors" type="UInt32" container="DynamicArray" arraySize="19">
          <containerEntry>4294967295</containerEntry>
          <containerEntry>4294967295</containerEntry>
          <containerEntry>4294967295</containerEntry>
          <containerEntry>4294967295</containerEntry>
          <containerEntry>4294967295</containerEntry>
          <containerEntry>4294967295</containerEntry>
          <containerEntry>4294967295</containerEntry>
          <containerEntry>4294967295</containerEntry>
          <containerEntry>4294967295</containerEntry>
          <containerEntry>4294967295</containerEntry>
          <containerEntry>4294967295</containerEntry>
          <containerEntry>4294967295</containerEntry>
          <containerEntry>4294967295</containerEntry>
          <containerEntry>4294967295</containerEntry>
          <containerEntry>4294967295</containerEntry>
          <containerEntry>4294967295</containerEntry>
          <containerEntry>4294967295</containerEntry>
          <containerEntry>4294967295</containerEntry>
          <containerEntry>4294967295</containerEntry>
        </property>
      </staticProperties>
      <dynamicProperties></dynamicProperties>
    </entity>
    <entity class="StaticModelArray" classVersion="4" classID="0xD0" addr="0x330E4E0" id="0x0">
      <staticProperties>
        <property name="name" type="String" container="StaticArray" arraySize="1">
          <containerEntry>StaticModelArray0002</containerEntry>
        </property>
        <property name="dataSet" type="EntityHandle" container="StaticArray" arraySize="1">
          <containerEntry>0x3304A00</containerEntry>
        </property>
        <property name="modelFile" type="FilePtr" container="StaticArray" arraySize="1">
          <containerEntry>/Assets/tpp/environ/object/middle_africa/rock/mafr_rock010/scenes/mafr_rock010.fmdl</containerEntry>
        </property>
        <property name="geomFile" type="FilePtr" container="StaticArray" arraySize="1">
          <containerEntry>/Assets/tpp/environ/object/middle_africa/rock/mafr_rock010/scenes/mafr_rock010.geom</containerEntry>
        </property>
        <property name="isVisibleGeom" type="Bool" container="StaticArray" arraySize="1">
          <containerEntry>false</containerEntry>
        </property>
        <property name="lodFarSize" type="Float" container="StaticArray" arraySize="1">
          <containerEntry>-1</containerEntry>
        </property>
        <property name="lodNearSize" type="Float" container="StaticArray" arraySize="1">
          <containerEntry>-1</containerEntry>
        </property>
        <property name="lodPolygonSize" type="Float" container="StaticArray" arraySize="1">
          <containerEntry>-1</containerEntry>
        </property>
        <property name="drawRejectionLevel" type="Int32" container="StaticArray" arraySize="1">
          <containerEntry>8</containerEntry>
        </property>
        <property name="drawMode" type="Int32" container="StaticArray" arraySize="1">
          <containerEntry>0</containerEntry>
        </property>
        <property name="rejectFarRangeShadowCast" type="Int32" container="StaticArray" arraySize="1">
          <containerEntry>2</containerEntry>
        </property>
        <property name="parentLocator" type="EntityLink" container="StaticArray" arraySize="1">
          <containerEntry packagePathHash="0xB8A0BF169F98" archivePathHash="0xB8A0BF169F98" nameInArchiveHash="0xB8A0BF169F98">0x0</containerEntry>
        </property>
        <property name="transforms" type="Matrix4" container="DynamicArray" arraySize="8">
          <containerEntry r11="0.5477988" r12="-0.1869091" r13="-0.81546336" r14="0" r21="-0.04630874" r22="0.9664552" r23="-0.25262555" r24="0" r31="0.83532685" r32="0.17615098" r33="0.52076745" r34="0" r41="-182.49818" r42="-1.946826" r43="-185.03484" r44="1"></containerEntry>
          <containerEntry r11="0.9345229" r12="-0.007169001" r13="-0.35583058" r14="0" r21="0.012472803" r22="0.99984264" r23="0.012613435" r24="0" r31="0.3556842" r32="-0.016225751" r33="0.93446535" r34="0" r41="-148.00531" r42="2.171295" r43="-211.69272" r44="1"></containerEntry>
          <containerEntry r11="0.33043072" r12="-0.09324668" r13="0.9392131" r14="0" r21="0.037640393" r22="0.995618" r23="0.085604176" r24="0" r31="-0.94307977" r32="0.007066056" r33="0.3324926" r34="0" r41="-149.82062" r42="1.547173" r43="-213.48837" r44="1"></containerEntry>
          <containerEntry r11="0.2955292" r12="-0.14419985" r13="0.45944998" r14="0" r21="0.04476751" r22="0.5449657" r23="0.14224385" r24="0" r31="-0.4794619" r32="-0.037997972" r33="0.2964756" r34="0" r41="-142.39943" r42="0.8778" r43="-193.1771" r44="1"></containerEntry>
          <containerEntry r11="-0.51410705" r12="0.02864603" r13="-0.8572476" r14="0" r21="0.15899637" r22="0.9853035" r23="-0.062427852" r24="0" r31="0.8428607" r32="-0.16839385" r33="-0.5111061" r34="0" r41="-157.04247" r42="0.684509" r43="-232.52388" r44="1"></containerEntry>
          <containerEntry r11="0.63145334" r12="0.06811528" r13="-0.7724163" r14="0" r21="0.054094765" r22="0.9898376" r23="0.13151121" r24="0" r31="0.7735247" r32="-0.12482688" r33="0.6213516" r34="0" r41="-135.92755" r42="-0.807025" r43="-238.31808" r44="1"></containerEntry>
          <containerEntry r11="-0.3213352" r12="0.14195451" r13="-0.93626475" r14="0" r21="0.054094102" r22="0.98983765" r23="0.13151142" r24="0" r31="0.9454187" r32="-0.008387111" r33="-0.32574856" r34="0" r41="-160.94748" r42="0.614505" r43="-250.20044" r44="1"></containerEntry>
          <containerEntry r11="-0.82430106" r12="0.31026313" r13="0.4735644" r14="0" r21="0.30480435" r22="0.94809526" r23="-0.090607" r24="0" r31="-0.4770962" r32="0.06965703" r33="-0.8760855" r34="0" r41="-163.98807" r42="0.614506" r43="-249.7351" r44="1"></containerEntry>
        </property>
        <property name="colors" type="UInt32" container="DynamicArray" arraySize="8">
          <containerEntry>4294967295</containerEntry>
          <containerEntry>4294967295</containerEntry>
          <containerEntry>4294967295</containerEntry>
          <containerEntry>4294967295</containerEntry>
          <containerEntry>4294967295</containerEntry>
          <containerEntry>4294967295</containerEntry>
          <containerEntry>4294967295</containerEntry>
          <containerEntry>4294967295</containerEntry>
        </property>
      </staticProperties>
      <dynamicProperties></dynamicProperties>
    </entity>
    <entity class="StaticModelArray" classVersion="4" classID="0xD0" addr="0x330E550" id="0x0">
      <staticProperties>
        <property name="name" type="String" container="StaticArray" arraySize="1">
          <containerEntry>StaticModelArray0003</containerEntry>
        </property>
        <property name="dataSet" type="EntityHandle" container="StaticArray" arraySize="1">
          <containerEntry>0x3304A00</containerEntry>
        </property>
        <property name="modelFile" type="FilePtr" container="StaticArray" arraySize="1">
          <containerEntry>/Assets/tpp/environ/object/middle_africa/rock/mafr_rock007/scenes/mafr_rock007.fmdl</containerEntry>
        </property>
        <property name="geomFile" type="FilePtr" container="StaticArray" arraySize="1">
          <containerEntry>/Assets/tpp/environ/object/middle_africa/rock/mafr_rock007/scenes/mafr_rock007.geom</containerEntry>
        </property>
        <property name="isVisibleGeom" type="Bool" container="StaticArray" arraySize="1">
          <containerEntry>false</containerEntry>
        </property>
        <property name="lodFarSize" type="Float" container="StaticArray" arraySize="1">
          <containerEntry>-1</containerEntry>
        </property>
        <property name="lodNearSize" type="Float" container="StaticArray" arraySize="1">
          <containerEntry>-1</containerEntry>
        </property>
        <property name="lodPolygonSize" type="Float" container="StaticArray" arraySize="1">
          <containerEntry>-1</containerEntry>
        </property>
        <property name="drawRejectionLevel" type="Int32" container="StaticArray" arraySize="1">
          <containerEntry>8</containerEntry>
        </property>
        <property name="drawMode" type="Int32" container="StaticArray" arraySize="1">
          <containerEntry>0</containerEntry>
        </property>
        <property name="rejectFarRangeShadowCast" type="Int32" container="StaticArray" arraySize="1">
          <containerEntry>2</containerEntry>
        </property>
        <property name="parentLocator" type="EntityLink" container="StaticArray" arraySize="1">
          <containerEntry packagePathHash="0xB8A0BF169F98" archivePathHash="0xB8A0BF169F98" nameInArchiveHash="0xB8A0BF169F98">0x0</containerEntry>
        </property>
        <property name="transforms" type="Matrix4" container="DynamicArray" arraySize="10">
          <containerEntry r11="0.53990275" r12="-0.013522486" r13="-0.044581603" r14="0" r21="0.044733115" r22="0.0056364452" r23="0.5400274" r24="0" r31="-0.013011962" r32="-0.5417102" r33="0.006731837" r34="0" r41="-150.49205" r42="2.192644" r43="-174.96053" r44="1"></containerEntry>
          <containerEntry r11="-0.5327242" r12="-0.14192224" r13="0.009204578" r14="0" r21="-0.14168417" r22="0.52651" r23="-0.0820733" r24="0" r31="0.0123358" r32="-0.081661515" r33="-0.54516137" r34="0" r41="-150.8228" r42="1.966656" r43="-175.3595" r44="1"></containerEntry>
          <containerEntry r11="0.27382582" r12="-0.07239544" r13="-0.22693923" r14="0" r21="0.1458252" r22="-0.2224566" r23="0.24691844" r24="0" r31="-0.18835413" r32="-0.2774771" r33="-0.13874966" r34="0" r41="-150.85405" r42="2.425509" r43="-175.41103" r44="1"></containerEntry>
          <containerEntry r11="0.09916351" r12="-0.18927379" r13="-0.4980031" r14="0" r21="-0.33559182" r22="0.37123173" r23="-0.20791402" r24="0" r31="0.41377383" r32="0.34644985" r33="-0.049281396" r34="0" r41="-187.0303" r42="0.05113995" r43="-189.72324" r44="1"></containerEntry>
          <containerEntry r11="-0.22058205" r12="0.3277196" r13="0.37095642" r14="0" r21="-0.48725152" r22="-0.21525598" r23="-0.099568665" r24="0" r31="0.08713726" r32="-0.3740708" r33="0.3822871" r34="0" r41="-186.13074" r42="-0.16020799" r43="-189.17612" r44="1"></containerEntry>
          <containerEntry r11="0.13031772" r12="-0.10425428" r13="-0.51557153" r14="0" r21="-0.40888682" r22="0.31406015" r23="-0.16685683" r24="0" r31="0.3308977" r32="0.4291418" r33="-0.003137883" r34="0" r41="-229.3749" r42="4.136752" r43="-193.30206" r44="1"></containerEntry>
          <containerEntry r11="0.25641578" r12="-0.05337095" r13="-0.47441328" r14="0" r21="0.12045279" r22="0.5283202" r23="0.0056682" r24="0" r31="0.46196043" r32="-0.10813258" r33="0.26184994" r34="0" r41="-168.89627" r42="0.780614" r43="-184.69704" r44="1"></containerEntry>
          <containerEntry r11="0.20291036" r12="0.19500558" r13="-0.69519556" r14="0" r21="0.006786559" r22="0.7215814" r23="0.20438689" r24="0" r31="0.72199583" r32="-0.06158638" r33="0.19345732" r34="0" r41="-227.51413" r42="4.574074" r43="-187.48515" r44="1"></containerEntry>
          <containerEntry r11="-0.77392817" r12="-0.01130619" r13="-0.42788067" r14="0" r21="0.071349286" r22="0.8683212" r23="-0.15199181" r24="0" r31="0.42204267" r32="-0.1675242" r33="-0.7589402" r34="0" r41="-132.05959" r42="-1.2400765" r43="-177.66933" r44="1"></containerEntry>
          <containerEntry r11="0.29860926" r12="0.16254234" r13="0.8164494" r14="0" r21="-0.38730288" r22="0.7949178" r23="-0.016606448" r24="0" r31="-0.73688996" r32="-0.35193622" r33="0.33957532" r34="0" r41="-131.07095" r42="-1.0980067" r43="-176.0612" r44="1"></containerEntry>
        </property>
        <property name="colors" type="UInt32" container="DynamicArray" arraySize="10">
          <containerEntry>4294967295</containerEntry>
          <containerEntry>4294967295</containerEntry>
          <containerEntry>4294967295</containerEntry>
          <containerEntry>4294967295</containerEntry>
          <containerEntry>4294967295</containerEntry>
          <containerEntry>4294967295</containerEntry>
          <containerEntry>4294967295</containerEntry>
          <containerEntry>4294967295</containerEntry>
          <containerEntry>4294967295</containerEntry>
          <containerEntry>4294967295</containerEntry>
        </property>
      </staticProperties>
      <dynamicProperties></dynamicProperties>
    </entity>
    <entity class="StaticModelArray" classVersion="4" classID="0xD0" addr="0x3304FB0" id="0x0">
      <staticProperties>
        <property name="name" type="String" container="StaticArray" arraySize="1">
          <containerEntry>StaticModelArray0004</containerEntry>
        </property>
        <property name="dataSet" type="EntityHandle" container="StaticArray" arraySize="1">
          <containerEntry>0x3304A00</containerEntry>
        </property>
        <property name="modelFile" type="FilePtr" container="StaticArray" arraySize="1">
          <containerEntry>/Assets/tpp/environ/object/middle_africa/cliff/mafr_clff003/scenes/mafr_clff003_vrtn001.fmdl</containerEntry>
        </property>
        <property name="geomFile" type="FilePtr" container="StaticArray" arraySize="1">
          <containerEntry>/Assets/tpp/environ/object/middle_africa/cliff/mafr_clff003/scenes/mafr_clff003_vrtn001.geom</containerEntry>
        </property>
        <property name="isVisibleGeom" type="Bool" container="StaticArray" arraySize="1">
          <containerEntry>false</containerEntry>
        </property>
        <property name="lodFarSize" type="Float" container="StaticArray" arraySize="1">
          <containerEntry>-1</containerEntry>
        </property>
        <property name="lodNearSize" type="Float" container="StaticArray" arraySize="1">
          <containerEntry>-1</containerEntry>
        </property>
        <property name="lodPolygonSize" type="Float" container="StaticArray" arraySize="1">
          <containerEntry>-1</containerEntry>
        </property>
        <property name="drawRejectionLevel" type="Int32" container="StaticArray" arraySize="1">
          <containerEntry>8</containerEntry>
        </property>
        <property name="drawMode" type="Int32" container="StaticArray" arraySize="1">
          <containerEntry>0</containerEntry>
        </property>
        <property name="rejectFarRangeShadowCast" type="Int32" container="StaticArray" arraySize="1">
          <containerEntry>2</containerEntry>
        </property>
        <property name="parentLocator" type="EntityLink" container="StaticArray" arraySize="1">
          <containerEntry packagePathHash="0xB8A0BF169F98" archivePathHash="0xB8A0BF169F98" nameInArchiveHash="0xB8A0BF169F98">0x0</containerEntry>
        </property>
        <property name="transforms" type="Matrix4" container="DynamicArray" arraySize="3">
          <containerEntry r11="0.3417279" r12="-0.06934111" r13="0.21699838" r14="0" r21="0.2223219" r22="0.18685003" r23="-0.29040393" r24="0" r31="-0.049693674" r32="0.35910067" r33="0.19300687" r34="0" r41="-176.59846" r42="3.39663" r43="-120.380714" r44="1"></containerEntry>
          <containerEntry r11="0.91616064" r12="-0.14753406" r13="0.37267044" r14="0" r21="0.3830309" r22="0.0484097" r23="-0.92246544" r24="0" r31="0.11805454" r32="0.98787093" r33="0.10086126" r34="0" r41="-180.2647" r42="0.813469" r43="-121.58884" r44="1"></containerEntry>
          <containerEntry r11="-0.91635025" r12="0.016574964" r13="0.4000276" r14="0" r21="0.1988071" r22="0.8860973" r23="0.41869664" r24="0" r31="-0.34752342" r32="0.46320236" r33="-0.8152704" r34="0" r41="-188.5815" r42="0.841005" r43="-125.1514" r44="1"></containerEntry>
        </property>
        <property name="colors" type="UInt32" container="DynamicArray" arraySize="3">
          <containerEntry>4294967295</containerEntry>
          <containerEntry>4294967295</containerEntry>
          <containerEntry>4294967295</containerEntry>
        </property>
      </staticProperties>
      <dynamicProperties></dynamicProperties>
    </entity>
    <entity class="StaticModelArray" classVersion="4" classID="0xD0" addr="0x330BFB0" id="0x0">
      <staticProperties>
        <property name="name" type="String" container="StaticArray" arraySize="1">
          <containerEntry>StaticModelArray0005</containerEntry>
        </property>
        <property name="dataSet" type="EntityHandle" container="StaticArray" arraySize="1">
          <containerEntry>0x3304A00</containerEntry>
        </property>
        <property name="modelFile" type="FilePtr" container="StaticArray" arraySize="1">
          <containerEntry>/Assets/tpp/environ/object/middle_africa/mud/mafr_mudd003/scenes/mafr_mudd003_rock001.fmdl</containerEntry>
        </property>
        <property name="geomFile" type="FilePtr" container="StaticArray" arraySize="1">
          <containerEntry>/Assets/tpp/environ/object/middle_africa/mud/mafr_mudd003/scenes/mafr_mudd003_rock001.geom</containerEntry>
        </property>
        <property name="isVisibleGeom" type="Bool" container="StaticArray" arraySize="1">
          <containerEntry>false</containerEntry>
        </property>
        <property name="lodFarSize" type="Float" container="StaticArray" arraySize="1">
          <containerEntry>-1</containerEntry>
        </property>
        <property name="lodNearSize" type="Float" container="StaticArray" arraySize="1">
          <containerEntry>-1</containerEntry>
        </property>
        <property name="lodPolygonSize" type="Float" container="StaticArray" arraySize="1">
          <containerEntry>-1</containerEntry>
        </property>
        <property name="drawRejectionLevel" type="Int32" container="StaticArray" arraySize="1">
          <containerEntry>8</containerEntry>
        </property>
        <property name="drawMode" type="Int32" container="StaticArray" arraySize="1">
          <containerEntry>0</containerEntry>
        </property>
        <property name="rejectFarRangeShadowCast" type="Int32" container="StaticArray" arraySize="1">
          <containerEntry>2</containerEntry>
        </property>
        <property name="parentLocator" type="EntityLink" container="StaticArray" arraySize="1">
          <containerEntry packagePathHash="0xB8A0BF169F98" archivePathHash="0xB8A0BF169F98" nameInArchiveHash="0xB8A0BF169F98">0x0</containerEntry>
        </property>
        <property name="transforms" type="Matrix4" container="DynamicArray" arraySize="50">
          <containerEntry r11="-0.91562873" r12="-0.25510502" r13="0.31071866" r14="0" r21="-0.2287936" r22="0.96617043" r23="0.119029805" r24="0" r31="-0.33057234" r32="0.037896715" r33="-0.9430198" r34="0" r41="-135.48773" r42="-5.016594" r43="-180.54471" r44="1"></containerEntry>
          <containerEntry r11="0.4024372" r12="0.043293573" r13="0.61366665" r14="0" r21="-0.12083489" r22="0.7245855" r23="0.028123794" r24="0" r31="-0.6032081" r32="-0.11626558" r33="0.403781" r34="0" r41="-129.26437" r42="-3.00514" r43="-173.61285" r44="1"></containerEntry>
          <containerEntry r11="-0.87720215" r12="0.13664164" r13="-0.46026686" r14="0" r21="0.13244185" r22="0.990318" r23="0.04158517" r24="0" r31="0.46149287" r32="-0.024479989" r33="-0.8868062" r34="0" r41="-144.23523" r42="-2.281258" r43="-173.1511" r44="1"></containerEntry>
          <containerEntry r11="-0.8852235" r12="0.06734634" r13="-0.46026644" r14="0" r21="0.038568266" r22="0.99668336" r23="0.07165725" r24="0" r31="0.46356574" r32="0.04568102" r33="-0.88488495" r34="0" r41="-150.53186" r42="-2.595917" r43="-173.68379" r44="1"></containerEntry>
          <containerEntry r11="0.9375591" r12="0.077682" r13="-0.33904016" r14="0" r21="-0.04367368" r22="0.99331874" r23="0.106819995" r24="0" r31="0.34507293" r32="-0.08534288" r33="0.9346877" r34="0" r41="-224.39726" r42="-1.00331" r43="-233.7515" r44="1"></containerEntry>
          <containerEntry r11="0.36867577" r12="-0.2725198" r13="-0.66776526" r14="0" r21="0.14120796" r22="0.7627112" r23="-0.23330633" r24="0" r31="0.7072749" r32="-0.010221695" r33="0.3946607" r34="0" r41="-239.74734" r42="-0.32974672" r43="-227.7787" r44="1"></containerEntry>
          <containerEntry r11="-0.85590917" r12="0.0730002" r13="-0.5119515" r14="0" r21="0.1047471" r22="0.9939381" r23="-0.033394225" r24="0" r31="0.5064103" r32="-0.0822078" r33="-0.85836726" r34="0" r41="-186.63501" r42="-2.895214" r43="-185.02554" r44="1"></containerEntry>
          <containerEntry r11="0.75225693" r12="-0.019770876" r13="0.6585728" r14="0" r21="0.018032938" r22="0.99979305" r23="0.00941639" r24="0" r31="-0.6586226" r32="0.0047924714" r33="0.75245786" r34="0" r41="-189.50035" r42="-1.478443" r43="-164.28038" r44="1"></containerEntry>
          <containerEntry r11="0.9915703" r12="0.08442997" r13="-0.098284684" r14="0" r21="-0.073482774" r22="0.99119776" r23="0.110123694" r24="0" r31="0.106717296" r32="-0.10197316" r33="0.98904645" r34="0" r41="-168.637" r42="-2.485" r43="-180.79541" r44="1"></containerEntry>
