<fox formatVersion="2" fileVersion="0">
  <entities>
    <entity class="DataSet" classVersion="0" classID="0xE8" addr="0x2D7F510" id="0x17EB8CC">
      <staticProperties>
        <property name="name" type="String" container="StaticArray" arraySize="1">
          <containerEntry hash="0xB8A0BF169F98"></containerEntry>
        </property>
        <property name="dataSet" type="EntityHandle" container="StaticArray" arraySize="1">
          <containerEntry>0x0</containerEntry>
        </property>
        <property name="dataList" type="EntityPtr" container="StringMap" arraySize="11">
          <containerEntry key="mafr_mudd003_rock001_0000">
            <data>0x2D7E9B0</data>
          </containerEntry>
          <containerEntry key="StaticModelArray0000">
            <data>0x2F00BE0</data>
          </containerEntry>
          <containerEntry key="StaticModelArray0001">
            <data>0x2D77080</data>
          </containerEntry>
          <containerEntry key="StaticModelArray0002">
            <data>0x2F005C0</data>
          </containerEntry>
          <containerEntry key="StaticModelArray0003">
            <data>0x2F004E0</data>
          </containerEntry>
          <containerEntry key="StaticModelArray0004">
            <data>0x2F00400</data>
          </containerEntry>
          <containerEntry key="StaticModelArray0005">
            <data>0x2F00470</data>
          </containerEntry>
          <containerEntry key="StaticModelArray0006">
            <data>0x2F00550</data>
          </containerEntry>
          <containerEntry key="StaticModelArray0007">
            <data>0x2F00630</data>
          </containerEntry>
          <containerEntry key="StaticModelArray0008">
            <data>0x2F006A0</data>
          </containerEntry>
          <containerEntry key="TexturePackLoadConditioner0000">
            <data>0x2F01200</data>
          </containerEntry>
        </property>
      </staticProperties>
      <dynamicProperties></dynamicProperties>
    </entity>
    <entity class="StaticModel" classVersion="9" classID="0x160" addr="0x2D7E9B0" id="0x17EB905">
      <staticProperties>
        <property name="name" type="String" container="StaticArray" arraySize="1">
          <containerEntry>mafr_mudd003_rock001_0000</containerEntry>
        </property>
        <property name="dataSet" type="EntityHandle" container="StaticArray" arraySize="1">
          <containerEntry>0x2D7F510</containerEntry>
        </property>
        <property name="parent" type="EntityHandle" container="StaticArray" arraySize="1">
          <containerEntry>0x0</containerEntry>
        </property>
        <property name="transform" type="EntityPtr" container="StaticArray" arraySize="1">
          <containerEntry>0x2D7E940</containerEntry>
        </property>
        <property name="shearTransform" type="EntityPtr" container="StaticArray" arraySize="1">
          <containerEntry>0x0</containerEntry>
        </property>
        <property name="pivotTransform" type="EntityPtr" container="StaticArray" arraySize="1">
          <containerEntry>0x0</containerEntry>
        </property>
        <property name="children" type="EntityHandle" container="List"></property>
        <property name="flags" type="UInt32" container="StaticArray" arraySize="1">
          <containerEntry>3221225479</containerEntry>
        </property>
        <property name="modelFile" type="FilePtr" container="StaticArray" arraySize="1">
          <containerEntry>/Assets/tpp/environ/object/middle_africa/mud/mafr_mudd003/scenes/mafr_mudd003_rock001.fmdl</containerEntry>
        </property>
        <property name="geomFile" type="FilePtr" container="StaticArray" arraySize="1">
          <containerEntry>/Assets/tpp/environ/object/middle_africa/mud/mafr_mudd003/scenes/mafr_mudd003_rock001.geom</containerEntry>
        </property>
        <property name="isVisibleGeom" type="Bool" container="StaticArray" arraySize="1">
          <containerEntry>false</containerEntry>
        </property>
        <property name="isIsolated" type="Bool" container="StaticArray" arraySize="1">
          <containerEntry>false</containerEntry>
        </property>
        <property name="lodFarSize" type="Float" container="StaticArray" arraySize="1">
          <containerEntry>-1</containerEntry>
        </property>
        <property name="lodNearSize" type="Float" container="StaticArray" arraySize="1">
          <containerEntry>-1</containerEntry>
        </property>
        <property name="lodPolygonSize" type="Float" container="StaticArray" arraySize="1">
          <containerEntry>-1</containerEntry>
        </property>
        <property name="color" type="Color" container="StaticArray" arraySize="1">
          <containerEntry r="1" g="1" b="1" a="1"></containerEntry>
        </property>
        <property name="drawRejectionLevel" type="Int32" container="StaticArray" arraySize="1">
          <containerEntry>8</containerEntry>
        </property>
        <property name="drawMode" type="Int32" container="StaticArray" arraySize="1">
          <containerEntry>0</containerEntry>
        </property>
        <property name="rejectFarRangeShadowCast" type="Int32" container="StaticArray" arraySize="1">
          <containerEntry>2</containerEntry>
        </property>
      </staticProperties>
      <dynamicProperties></dynamicProperties>
    </entity>
    <entity class="TransformEntity" classVersion="0" classID="0x50" addr="0x2D7E940" id="0x17EB908">
      <staticProperties>
        <property name="owner" type="EntityHandle" container="StaticArray" arraySize="1">
          <containerEntry>0x2D7E9B0</containerEntry>
        </property>
        <property name="transform_scale" type="Vector3" container="StaticArray" arraySize="1">
          <containerEntry x="1" y="1" z="1" w="0"></containerEntry>
        </property>
        <property name="transform_rotation_quat" type="Quat" container="StaticArray" arraySize="1">
          <containerEntry x="0" y="-0.338579" z="0" w="0.940938"></containerEntry>
        </property>
        <property name="transform_translation" type="Vector3" container="StaticArray" arraySize="1">
          <containerEntry x="2482.5906" y="-14.906186" z="1117.4939" w="0"></containerEntry>
        </property>
      </staticProperties>
      <dynamicProperties></dynamicProperties>
    </entity>
    <entity class="StaticModelArray" classVersion="4" classID="0xD0" addr="0x2F00BE0" id="0x0">
      <staticProperties>
        <property name="name" type="String" container="StaticArray" arraySize="1">
          <containerEntry>StaticModelArray0000</containerEntry>
        </property>
        <property name="dataSet" type="EntityHandle" container="StaticArray" arraySize="1">
          <containerEntry>0x2D7F510</containerEntry>
        </property>
        <property name="modelFile" type="FilePtr" container="StaticArray" arraySize="1">
          <containerEntry>/Assets/tpp/environ/object/middle_africa/rock/mafr_rock011/scenes/mafr_rock011.fmdl</containerEntry>
        </property>
        <property name="geomFile" type="FilePtr" container="StaticArray" arraySize="1">
          <containerEntry>/Assets/tpp/environ/object/middle_africa/rock/mafr_rock011/scenes/mafr_rock011.geom</containerEntry>
        </property>
        <property name="isVisibleGeom" type="Bool" container="StaticArray" arraySize="1">
          <containerEntry>false</containerEntry>
        </property>
        <property name="lodFarSize" type="Float" container="StaticArray" arraySize="1">
          <containerEntry>50</containerEntry>
        </property>
        <property name="lodNearSize" type="Float" container="StaticArray" arraySize="1">
          <containerEntry>600</containerEntry>
        </property>
        <property name="lodPolygonSize" type="Float" container="StaticArray" arraySize="1">
          <containerEntry>-1</containerEntry>
        </property>
        <property name="drawRejectionLevel" type="Int32" container="StaticArray" arraySize="1">
          <containerEntry>8</containerEntry>
        </property>
        <property name="drawMode" type="Int32" container="StaticArray" arraySize="1">
          <containerEntry>0</containerEntry>
        </property>
        <property name="rejectFarRangeShadowCast" type="Int32" container="StaticArray" arraySize="1">
          <containerEntry>2</containerEntry>
        </property>
        <property name="parentLocator" type="EntityLink" container="StaticArray" arraySize="1">
          <containerEntry packagePathHash="0xB8A0BF169F98" archivePathHash="0xB8A0BF169F98" nameInArchiveHash="0xB8A0BF169F98">0x0</containerEntry>
        </property>
        <property name="transforms" type="Matrix4" container="DynamicArray" arraySize="25">
          <containerEntry r11="-0.8376384" r12="-0.027550623" r13="-0.54552925" r14="0" r21="0.12012528" r22="0.96498466" r23="-0.23318362" r24="0" r31="0.5328517" r32="-0.2608555" r33="-0.80499864" r34="0" r41="2485.2668" r42="-8.65449" r43="1052.5044" r44="1"></containerEntry>
          <containerEntry r11="-0.9980931" r12="-0.0008425324" r13="-0.06175306" r14="0" r21="0.0058159004" r22="0.99417937" r23="-0.107580625" r24="0" r31="0.06148426" r32="-0.10773442" r33="-0.9922787" r34="0" r41="2477.0479" r42="-8.97356" r43="1048.6614" r44="1"></containerEntry>
          <containerEntry r11="-0.9965215" r12="-0.07399227" r13="0.03837245" r14="0" r21="-0.079560384" r22="0.9816638" r23="-0.17322342" r24="0" r31="-0.024851657" r32="-0.17567357" r33="-0.9841359" r34="0" r41="2451.1262" r42="-10.620013" r43="1035.335" r44="1"></containerEntry>
          <containerEntry r11="0.7986353" r12="-0.084978774" r13="0.59578514" r14="0" r21="-0.46692523" r22="0.53708583" r23="0.70250916" r24="0" r31="-0.37968594" r32="-0.8392358" r33="0.38925698" r34="0" r41="2495.7102" r42="-7.740798" r43="1054.0703" r44="1"></containerEntry>
          <containerEntry r11="0.6558893" r12="0.13308781" r13="-0.74303216" r14="0" r21="-0.090539545" r22="0.991099" r23="0.09759775" r24="0" r31="0.7494075" r32="0.0032604896" r33="0.6621009" r34="0" r41="2514.74" r42="-6.613773" r43="1072.2206" r44="1"></containerEntry>
          <containerEntry r11="0.49343732" r12="0.04260512" r13="-0.868737" r14="0" r21="0.108560875" r22="0.9879725" r23="0.11011342" r24="0" r31="0.86297965" r32="-0.14864494" r33="0.48287725" r34="0" r41="2502.0818" r42="-10.497756" r43="1098.7437" r44="1"></containerEntry>
          <containerEntry r11="0.2265808" r12="0.29173756" r13="-0.92927486" r14="0" r21="-0.10883632" r22="0.9556964" r23="0.2734944" r24="0" r31="0.9678932" r32="0.039169982" r33="0.24829406" r34="0" r41="2496.2844" r42="-12.479414" r43="1106.7142" r44="1"></containerEntry>
          <containerEntry r11="-0.99987644" r12="-0.014311607" r13="-0.0063397656" r14="0" r21="-0.009878193" r22="0.89107233" r23="-0.4537537" r24="0" r31="0.012143137" r32="-0.4536355" r33="-0.8911035" r34="0" r41="2453.987" r42="-14.676989" r43="1090.2928" r44="1"></containerEntry>
          <containerEntry r11="-0.7029459" r12="0.03532231" r13="-0.7103662" r14="0" r21="0.4134908" r22="0.8329352" r23="-0.3677559" r24="0" r31="0.57869905" r32="-0.5522422" r33="-0.60011387" r34="0" r41="2469.5796" r42="-14.676989" r43="1104.1055" r44="1"></containerEntry>
          <containerEntry r11="-0.7029459" r12="0.03532231" r13="-0.7103662" r14="0" r21="0.4134908" r22="0.8329352" r23="-0.3677559" r24="0" r31="0.57869905" r32="-0.5522422" r33="-0.60011387" r34="0" r41="2464.4717" r42="-14.676989" r43="1097.8276" r44="1"></containerEntry>
          <containerEntry r11="0.99585325" r12="0.032598823" r13="0.08493266" r14="0" r21="-0.0864849" r22="0.6288529" r23="0.7726998" r24="0" r31="-0.028221091" r32="-0.77684104" r33="0.62906444" r34="0" r41="2436.2617" r42="-13.785121" r43="1086.3059" r44="1"></containerEntry>
          <containerEntry r11="-0.8759836" r12="0.04040532" r13="-0.4806478" r14="0" r21="0.3005735" r22="0.8250768" r23="-0.47843915" r24="0" r31="0.37723994" r32="-0.56357425" r33="-0.73489875" r34="0" r41="2495.3875" r42="-14.676989" r43="1133.7273" r44="1"></containerEntry>
          <containerEntry r11="-0.97398067" r12="0.035321504" r13="0.22386223" r14="0" r21="-0.09509074" r22="0.8329353" r23="-0.54513913" r24="0" r31="-0.20571786" r32="-0.5522421" r33="-0.8079041" r34="0" r41="2504.307" r42="-14.882133" r43="1138.0127" r44="1"></containerEntry>
          <containerEntry r11="-0.71968436" r12="0.13340078" r13="-0.6813633" r14="0" r21="0.44137168" r22="0.84545135" r23="-0.30067053" r24="0" r31="0.53594977" r32="-0.517123" r33="-0.6673373" r34="0" r41="2488.5635" r42="-14.897793" r43="1128.2786" r44="1"></containerEntry>
          <containerEntry r11="0.7085684" r12="0.13083482" r13="0.6934071" r14="0" r21="-0.539177" r22="0.734303" r23="0.41241667" r24="0" r31="-0.45521265" r32="-0.6660944" r33="0.59084696" r34="0" r41="2473.9912" r42="-13.814301" r43="1094.4648" r44="1"></containerEntry>
          <containerEntry r11="0.97690946" r12="0.19066015" r13="0.09641927" r14="0" r21="-0.20924973" r22="0.94495475" r23="0.25154546" r24="0" r31="-0.043152176" r32="-0.26591283" r33="0.9630308" r34="0" r41="2534.2285" r42="-5.301646" r43="1069.2241" r44="1"></containerEntry>
          <containerEntry r11="-0.46509576" r12="-0.10818726" r13="-0.87862265" r14="0" r21="0.5564257" r22="0.73621583" r23="-0.385196" r24="0" r31="0.688529" r32="-0.66804254" r33="-0.28221214" r34="0" r41="2469.1165" r42="-14.619602" r43="1140.9766" r44="1"></containerEntry>
          <containerEntry r11="0.9657349" r12="0.087172545" r13="0.24445236" r14="0" r21="-0.17392315" r22="0.9164859" r23="0.36028317" r24="0" r31="-0.19263026" r32="-0.39045402" r33="0.90024376" r34="0" r41="2458.8928" r42="-14.969012" r43="1134.6365" r44="1"></containerEntry>
          <containerEntry r11="0.90956026" r12="0.10848036" r13="0.4011632" r14="0" r21="-0.24964081" r22="0.914371" r23="0.31875536" r24="0" r31="-0.33223322" r32="-0.390074" r33="0.8587567" r34="0" r41="2437.9666" r42="-14.916756" r43="1112.0581" r44="1"></containerEntry>
          <containerEntry r11="0.50516576" r12="0.10847978" r13="0.8561765" r14="0" r21="-0.38865295" r22="0.9143713" r23="0.113462485" r24="0" r31="-0.77055466" r32="-0.3900733" r33="0.50407016" r34="0" r41="2445.1587" r42="-14.916756" r43="1117.8936" r44="1"></containerEntry>
          <containerEntry r11="-0.8382964" r12="-0.059155393" r13="-0.54199606" r14="0" r21="-0.16928414" r22="0.97320557" r23="0.15560801" r24="0" r31="0.5182685" r32="0.22219698" r33="-0.82584876" r34="0" r41="2502.1052" r42="-10.146299" r43="1118.9664" r44="1"></containerEntry>
          <containerEntry r11="-0.9959991" r12="0.0032288996" r13="0.0893198" r14="0" r21="-0.017159784" r22="0.97385055" r23="-0.22654085" r24="0" r31="-0.08771562" r32="-0.22716688" r33="-0.9698989" r34="0" r41="2532.9126" r42="-8.342615" r43="1106.3896" r44="1"></containerEntry>
          <containerEntry r11="-0.54869133" r12="0.09301987" r13="0.8308366" r14="0" r21="0.02626756" r22="0.99521846" r23="-0.09407563" r24="0" r31="-0.83561486" r32="-0.029794253" r33="-0.54851115" r34="0" r41="2540.7104" r42="-8.397528" r43="1101.3953" r44="1"></containerEntry>
          <containerEntry r11="-0.9739153" r12="0.023231547" r13="0.2257124" r14="0" r21="-0.08865795" r22="0.87671036" r23="-0.4727774" r24="0" r31="-0.20886774" r32="-0.4804571" r33="-0.8517817" r34="0" r41="2557.034" r42="-14.273684" r43="1145.9766" r44="1"></containerEntry>
          <containerEntry r11="-0.84062225" r12="0.055017494" r13="-0.53881633" r14="0" r21="0.28421938" r22="0.891656" r23="-0.35237586" r24="0" r31="0.46105185" r32="-0.449358" r33="-0.7651827" r34="0" r41="2548.4424" r42="-14.420414" r43="1144.3964" r44="1"></containerEntry>
        </property>
        <property name="colors" type="UInt32" container="DynamicArray" arraySize="25">
          <containerEntry>4294967295</containerEntry>
          <containerEntry>4294967295</containerEntry>
          <containerEntry>4294967295</containerEntry>
          <containerEntry>4294967295</containerEntry>
          <containerEntry>4294967295</containerEntry>
          <containerEntry>4294967295</containerEntry>
          <containerEntry>4294967295</containerEntry>
          <containerEntry>4294967295</containerEntry>
          <containerEntry>4294967295</containerEntry>
          <containerEntry>4294967295</containerEntry>
          <containerEntry>4294967295</containerEntry>
          <containerEntry>4294967295</containerEntry>
          <containerEntry>4294967295</containerEntry>
          <containerEntry>4294967295</containerEntry>
          <containerEntry>4294967295</containerEntry>
          <containerEntry>4294967295</containerEntry>
          <containerEntry>4294967295</containerEntry>
          <containerEntry>4294967295</containerEntry>
          <containerEntry>4294967295</containerEntry>
          <containerEntry>4294967295</containerEntry>
          <containerEntry>4294967295</containerEntry>
          <containerEntry>4294967295</containerEntry>
          <containerEntry>4294967295</containerEntry>
          <containerEntry>4294967295</containerEntry>
          <containerEntry>4294967295</containerEntry>
        </property>
      </staticProperties>
      <dynamicProperties></dynamicProperties>
    </entity>
    <entity class="StaticModelArray" classVersion="4" classID="0xD0" addr="0x2D77080" id="0x0">
      <staticProperties>
        <property name="name" type="String" container="StaticArray" arraySize="1">
          <containerEntry>StaticModelArray0001</containerEntry>
        </property>
        <property name="dataSet" type="EntityHandle" container="StaticArray" arraySize="1">
          <containerEntry>0x2D7F510</containerEntry>
        </property>
        <property name="modelFile" type="FilePtr" container="StaticArray" arraySize="1">
          <containerEntry>/Assets/tpp/environ/object/middle_africa/rock/mafr_rock010/scenes/mafr_rock010.fmdl</containerEntry>
        </property>
        <property name="geomFile" type="FilePtr" container="StaticArray" arraySize="1">
          <containerEntry>/Assets/tpp/environ/object/middle_africa/rock/mafr_rock010/scenes/mafr_rock010.geom</containerEntry>
        </property>
        <property name="isVisibleGeom" type="Bool" container="StaticArray" arraySize="1">
          <containerEntry>false</containerEntry>
        </property>
        <property name="lodFarSize" type="Float" container="StaticArray" arraySize="1">
          <containerEntry>-1</containerEntry>
        </property>
        <property name="lodNearSize" type="Float" container="StaticArray" arraySize="1">
          <containerEntry>-1</containerEntry>
        </property>
        <property name="lodPolygonSize" type="Float" container="StaticArray" arraySize="1">
          <containerEntry>-1</containerEntry>
        </property>
        <property name="drawRejectionLevel" type="Int32" container="StaticArray" arraySize="1">
          <containerEntry>8</containerEntry>
        </property>
        <property name="drawMode" type="Int32" container="StaticArray" arraySize="1">
          <containerEntry>0</containerEntry>
        </property>
        <property name="rejectFarRangeShadowCast" type="Int32" container="StaticArray" arraySize="1">
          <containerEntry>2</containerEntry>
        </property>
        <property name="parentLocator" type="EntityLink" container="StaticArray" arraySize="1">
          <containerEntry packagePathHash="0xB8A0BF169F98" archivePathHash="0xB8A0BF169F98" nameInArchiveHash="0xB8A0BF169F98">0x0</containerEntry>
        </property>
        <property name="transforms" type="Matrix4" container="DynamicArray" arraySize="4">
          <containerEntry r11="1" r12="0" r13="0" r14="0" r21="0" r22="1" r23="0" r24="0" r31="0" r32="0" r33="1" r34="0" r41="2471.5938" r42="-8.082924" r43="1047.4813" r44="1"></containerEntry>
          <containerEntry r11="-0.8321825" r12="0.043452345" r13="-0.5527962" r14="0" r21="-0.116179414" r22="0.9611341" r23="0.25044677" r24="0" r31="0.5421937" r32="0.27264103" r33="-0.79479074" r34="0" r41="2482.9856" r42="-4.476258" r43="1046.3173" r44="1"></containerEntry>
          <containerEntry r11="-0.877608" r12="-0.21209478" r13="0.4299053" r14="0" r21="-0.12950155" r22="0.96834975" r23="0.21337304" r24="0" r31="-0.461554" r32="0.13158461" r33="-0.8772981" r34="0" r41="2456.2517" r42="-9.780567" r43="1038.285" r44="1"></containerEntry>
          <containerEntry r11="1" r12="0" r13="0" r14="0" r21="0" r22="1" r23="0" r24="0" r31="0" r32="0" r33="1" r34="0" r41="2491.4702" r42="-13.722589" r43="1128.7076" r44="1"></containerEntry>
        </property>
        <property name="colors" type="UInt32" container="DynamicArray" arraySize="4">
          <containerEntry>4294967295</containerEntry>
          <containerEntry>4294967295</containerEntry>
          <containerEntry>4294967295</containerEntry>
          <containerEntry>4294967295</containerEntry>
        </property>
      </staticProperties>
      <dynamicProperties></dynamicProperties>
    </entity>
    <entity class="StaticModelArray" classVersion="4" classID="0xD0" addr="0x2F005C0" id="0x0">
      <staticProperties>
        <property name="name" type="String" container="StaticArray" arraySize="1">
          <containerEntry>StaticModelArray0002</containerEntry>
        </property>
        <property name="dataSet" type="EntityHandle" container="StaticArray" arraySize="1">
          <containerEntry>0x2D7F510</containerEntry>
        </property>
        <property name="modelFile" type="FilePtr" container="StaticArray" arraySize="1">
          <containerEntry>/Assets/tpp/environ/object/middle_africa/rock/mafr_rock007/scenes/mafr_rock007.fmdl</containerEntry>
        </property>
        <property name="geomFile" type="FilePtr" container="StaticArray" arraySize="1">
          <containerEntry>/Assets/tpp/environ/object/middle_africa/rock/mafr_rock007/scenes/mafr_rock007.geom</containerEntry>
        </property>
        <property name="isVisibleGeom" type="Bool" container="StaticArray" arraySize="1">
          <containerEntry>false</containerEntry>
        </property>
        <property name="lodFarSize" type="Float" container="StaticArray" arraySize="1">
          <containerEntry>-1</containerEntry>
        </property>
        <property name="lodNearSize" type="Float" container="StaticArray" arraySize="1">
          <containerEntry>-1</containerEntry>
        </property>
        <property name="lodPolygonSize" type="Float" container="StaticArray" arraySize="1">
          <containerEntry>-1</containerEntry>
        </property>
        <property name="drawRejectionLevel" type="Int32" container="StaticArray" arraySize="1">
          <containerEntry>8</containerEntry>
        </property>
        <property name="drawMode" type="Int32" container="StaticArray" arraySize="1">
          <containerEntry>0</containerEntry>
        </property>
        <property name="rejectFarRangeShadowCast" type="Int32" container="StaticArray" arraySize="1">
          <containerEntry>2</containerEntry>
        </property>
        <property name="parentLocator" type="EntityLink" container="StaticArray" arraySize="1">
          <containerEntry packagePathHash="0xB8A0BF169F98" archivePathHash="0xB8A0BF169F98" nameInArchiveHash="0xB8A0BF169F98">0x0</containerEntry>
        </property>
        <property name="transforms" type="Matrix4" container="DynamicArray" arraySize="2">
          <containerEntry r11="0.99284476" r12="0.11291439" r13="-0.038853377" r14="0" r21="-0.09705942" r22="0.9526215" r23="0.28825632" r24="0" r31="0.06956086" r32="-0.2824227" r33="0.9567647" r34="0" r41="2458.4773" r42="-12.244547" r43="1091.4678" r44="1"></containerEntry>
          <containerEntry r11="0.9964566" r12="-0.038734075" r13="-0.074658126" r14="0" r21="0.04426874" r22="0.99627787" r23="0.0739634" r24="0" r31="0.07151534" r32="-0.077006355" r33="0.99446243" r34="0" r41="2496.3384" r42="-11.903719" r43="1126.9337" r44="1"></containerEntry>
        </property>
        <property name="colors" type="UInt32" container="DynamicArray" arraySize="2">
          <containerEntry>4294967295</containerEntry>
          <containerEntry>4294967295</containerEntry>
        </property>
      </staticProperties>
      <dynamicProperties></dynamicProperties>
    </entity>
    <entity class="StaticModelArray" classVersion="4" classID="0xD0" addr="0x2F004E0" id="0x0">
      <staticProperties>
        <property name="name" type="String" container="StaticArray" arraySize="1">
          <containerEntry>StaticModelArray0003</containerEntry>
        </property>
        <property name="dataSet" type="EntityHandle" container="StaticArray" arraySize="1">
          <containerEntry>0x2D7F510</containerEntry>
        </property>
        <property name="modelFile" type="FilePtr" container="StaticArray" arraySize="1">
          <containerEntry>/Assets/tpp/environ/object/middle_africa/tree/mafr_tree032/scenes/mafr_tree032.fmdl</containerEntry>
        </property>
        <property name="geomFile" type="FilePtr" container="StaticArray" arraySize="1">
          <containerEntry>/Assets/tpp/environ/object/middle_africa/tree/mafr_tree032/scenes/mafr_tree032.geom</containerEntry>
        </property>
        <property name="isVisibleGeom" type="Bool" container="StaticArray" arraySize="1">
          <containerEntry>false</containerEntry>
        </property>
        <property name="lodFarSize" type="Float" container="StaticArray" arraySize="1">
          <containerEntry>-1</containerEntry>
        </property>
        <property name="lodNearSize" type="Float" container="StaticArray" arraySize="1">
          <containerEntry>-1</containerEntry>
        </property>
        <property name="lodPolygonSize" type="Float" container="StaticArray" arraySize="1">
          <containerEntry>-1</containerEntry>
        </property>
        <property name="drawRejectionLevel" type="Int32" container="StaticArray" arraySize="1">
          <containerEntry>8</containerEntry>
        </property>
        <property name="drawMode" type="Int32" container="StaticArray" arraySize="1">
          <containerEntry>0</containerEntry>
        </property>
        <property name="rejectFarRangeShadowCast" type="Int32" container="StaticArray" arraySize="1">
          <containerEntry>2</containerEntry>
        </property>
        <property name="parentLocator" type="EntityLink" container="StaticArray" arraySize="1">
          <containerEntry packagePathHash="0xB8A0BF169F98" archivePathHash="0xB8A0BF169F98" nameInArchiveHash="0xB8A0BF169F98">0x0</containerEntry>
        </property>
        <property name="transforms" type="Matrix4" container="DynamicArray" arraySize="24">
          <containerEntry r11="0.36414868" r12="0" r13="-0.93134093" r14="0" r21="0" r22="1" r23="0" r24="0" r31="0.93134093" r32="0" r33="0.36414868" r34="0" r41="2509.9358" r42="1.170609" r43="1097.0812" r44="1"></containerEntry>
          <containerEntry r11="0.861106" r12="0" r13="-0.5084256" r14="0" r21="0" r22="1" r23="0" r24="0" r31="0.5084256" r32="0" r33="0.861106" r34="0" r41="2517.9941" r42="1.750024" r43="1081.3385" r44="1"></containerEntry>
          <containerEntry r11="0.30936313" r12="0" r13="0.95094407" r14="0" r21="0" r22="1" r23="0" r24="0" r31="-0.95094407" r32="0" r33="0.30936313" r34="0" r41="2512.5408" r42="2.713798" r43="1090.4185" r44="1"></containerEntry>
          <containerEntry r11="0.861106" r12="0" r13="-0.5084256" r14="0" r21="0" r22="1" r23="0" r24="0" r31="0.5084256" r32="0" r33="0.861106" r34="0" r41="2542.8613" r42="0.525461" r43="1076.7085" r44="1"></containerEntry>
          <containerEntry r11="-0.6357918" r12="0" r13="-0.7718614" r14="0" r21="0" r22="1" r23="0" r24="0" r31="0.7718614" r32="0" r33="-0.6357918" r34="0" r41="2548.2546" r42="0.525461" r43="1080.8052" r44="1"></containerEntry>
          <containerEntry r11="-0.8286444" r12="0" r13="0.55977404" r14="0" r21="0" r22="1" r23="0" r24="0" r31="-0.55977404" r32="0" r33="-0.8286444" r34="0" r41="2544.588" r42="0.525461" r43="1088.4213" r44="1"></containerEntry>
          <containerEntry r11="-0.8286444" r12="0" r13="0.55977404" r14="0" r21="0" r22="1" r23="0" r24="0" r31="-0.55977404" r32="0" r33="-0.8286444" r34="0" r41="2532.6694" r42="0.525461" r43="1092.127" r44="1"></containerEntry>
          <containerEntry r11="0.9936236" r12="0" r13="0.11274777" r14="0" r21="0" r22="1" r23="0" r24="0" r31="-0.11274777" r32="0" r33="0.9936236" r34="0" r41="2525.541" r42="0.525461" r43="1099.8425" r44="1"></containerEntry>
          <containerEntry r11="0.11413956" r12="0" r13="-0.99346334" r14="0" r21="0" r22="1" r23="0" r24="0" r31="0.99346334" r32="0" r33="0.11413956" r34="0" r41="2508.0955" r42="-1.568929" r43="1114.0143" r44="1"></containerEntry>
          <containerEntry r11="0.11413956" r12="0" r13="-0.99346334" r14="0" r21="0" r22="1" r23="0" r24="0" r31="0.99346334" r32="0" r33="0.11413956" r34="0" r41="2440.8953" r42="-4.582002" r43="1031.746" r44="1"></containerEntry>
          <containerEntry r11="0.9305086" r12="0" r13="0.36626986" r14="0" r21="0" r22="1" r23="0" r24="0" r31="-0.36626986" r32="0" r33="0.9305086" r34="0" r41="2453.6648" r42="-2.318116" r43="1028.9017" r44="1"></containerEntry>
          <containerEntry r11="0.74308026" r12="0" r13="0.66920227" r14="0" r21="0" r22="1" r23="0" r24="0" r31="-0.66920227" r32="0" r33="0.74308026" r34="0" r41="2436.924" r42="-2.560397" r43="1027.4865" r44="1"></containerEntry>
          <containerEntry r11="0.74308026" r12="0" r13="0.66920227" r14="0" r21="0" r22="1" r23="0" r24="0" r31="-0.66920227" r32="0" r33="0.74308026" r34="0" r41="2466.844" r42="-0.000333" r43="1033.8699" r44="1"></containerEntry>
          <containerEntry r11="0.38038844" r12="0" r13="-0.9248265" r14="0" r21="0" r22="1" r23="0" r24="0" r31="0.9248265" r32="0" r33="0.38038844" r34="0" r41="2474.952" r42="-0.000333" r43="1039.0625" r44="1"></containerEntry>
          <containerEntry r11="0.97968316" r12="0" r13="-0.20055157" r14="0" r21="0" r22="1" r23="0" r24="0" r31="0.20055157" r32="0" r33="0.97968316" r34="0" r41="2488.09" r42="-0.000333" r43="1042.4424" r44="1"></containerEntry>
          <containerEntry r11="0.9315618" r12="0" r13="0.3635831" r14="0" r21="0" r22="1" r23="0" r24="0" r31="-0.3635831" r32="0" r33="0.9315618" r34="0" r41="2484.7363" r42="-0.000333" r43="1037.3439" r44="1"></containerEntry>
          <containerEntry r11="-0.99759674" r12="0" r13="-0.06932031" r14="0" r21="0" r22="1" r23="0" r24="0" r31="0.06932031" r32="0" r33="-0.99759674" r34="0" r41="2495.4353" r42="1.126794" r43="1048.7057" r44="1"></containerEntry>
          <containerEntry r11="-0.5417049" r12="0" r13="-0.84056944" r14="0" r21="0" r22="1" r23="0" r24="0" r31="0.84056944" r32="0" r33="-0.5417049" r34="0" r41="2502.8506" r42="1.774258" r43="1053.651" r44="1"></containerEntry>
          <containerEntry r11="-0.91873074" r12="0" r13="0.39488783" r14="0" r21="0" r22="1" r23="0" r24="0" r31="-0.39488783" r32="0" r33="-0.91873074" r34="0" r41="2513.3005" r42="2.168078" r43="1054.7811" r44="1"></containerEntry>
          <containerEntry r11="-0.91873074" r12="0" r13="0.39488783" r14="0" r21="0" r22="1" r23="0" r24="0" r31="-0.39488783" r32="0" r33="-0.91873074" r34="0" r41="2522.2947" r42="2.397642" r43="1049.4019" r44="1"></containerEntry>
          <containerEntry r11="0.08561796" r12="0" r13="0.9963298" r14="0" r21="0" r22="1" r23="0" r24="0" r31="-0.9963298" r32="0" r33="0.08561796" r34="0" r41="2529.097" r42="2.704108" r43="1047.2263" r44="1"></containerEntry>
          <containerEntry r11="-0.999984" r12="0" r13="0.0064459746" r14="0" r21="0" r22="1" r23="0" r24="0" r31="-0.0064459746" r32="0" r33="-0.999984" r34="0" r41="2539.4905" r42="2.704108" r43="1043.8029" r44="1"></containerEntry>
          <containerEntry r11="-0.999984" r12="0" r13="0.0064459746" r14="0" r21="0" r22="1" r23="0" r24="0" r31="-0.0064459746" r32="0" r33="-0.999984" r34="0" r41="2556.3005" r42="1.372644" r43="1040.1127" r44="1"></containerEntry>
          <containerEntry r11="0.62807447" r12="0" r13="0.778154" r14="0" r21="0" r22="1" r23="0" r24="0" r31="-0.778154" r32="0" r33="0.62807447" r34="0" r41="2548.711" r42="2.381715" r43="1038.151" r44="1"></containerEntry>
        </property>
        <property name="colors" type="UInt32" container="DynamicArray" arraySize="24">
          <containerEntry>4294967295</containerEntry>
          <containerEntry>4294967295</containerEntry>
          <containerEntry>4294967295</containerEntry>
          <containerEntry>4294967295</containerEntry>
          <containerEntry>4294967295</containerEntry>
          <containerEntry>4294967295</containerEntry>
          <containerEntry>4294967295</containerEntry>
          <containerEntry>4294967295</containerEntry>
          <containerEntry>4294967295</containerEntry>
          <containerEntry>4294967295</containerEntry>
          <containerEntry>4294967295</containerEntry>
          <containerEntry>4294967295</containerEntry>
          <containerEntry>4294967295</containerEntry>
          <containerEntry>4294967295</containerEntry>
          <containerEntry>4294967295</containerEntry>
          <containerEntry>4294967295</containerEntry>
          <containerEntry>4294967295</containerEntry>
          <containerEntry>4294967295</containerEntry>
          <containerEntry>4294967295</containerEntry>
          <containerEntry>4294967295</containerEntry>
          <containerEntry>4294967295</containerEntry>
          <containerEntry>4294967295</containerEntry>
          <containerEntry>4294967295</containerEntry>
          <containerEntry>4294967295</containerEntry>
        </property>
      </staticProperties>
      <dynamicProperties></dynamicProperties>
    </entity>
    <entity class="StaticModelArray" classVersion="4" classID="0xD0" addr="0x2F00400" id="0x0">
      <staticProperties>
        <property name="name" type="String" container="StaticArray" arraySize="1">
          <containerEntry>StaticModelArray0004</containerEntry>
        </property>
        <property name="dataSet" type="EntityHandle" container="StaticArray" arraySize="1">
          <containerEntry>0x2D7F510</containerEntry>
        </property>
        <property name="modelFile" type="FilePtr" container="StaticArray" arraySize="1">
          <containerEntry>/Assets/tpp/environ/object/middle_africa/cliff/mafr_clff004/scenes/mafr_clff004_rock001.fmdl</containerEntry>
        </property>
        <property name="geomFile" type="FilePtr" container="StaticArray" arraySize="1">
          <containerEntry>/Assets/tpp/environ/object/middle_africa/cliff/mafr_clff004/scenes/mafr_clff004_rock001.geom</containerEntry>
        </property>
        <property name="isVisibleGeom" type="Bool" container="StaticArray" arraySize="1">
          <containerEntry>false</containerEntry>
        </property>
        <property name="lodFarSize" type="Float" container="StaticArray" arraySize="1">
          <containerEntry>-1</containerEntry>
        </property>
        <property name="lodNearSize" type="Float" container="StaticArray" arraySize="1">
          <containerEntry>-1</containerEntry>
        </property>
        <property name="lodPolygonSize" type="Float" container="StaticArray" arraySize="1">
          <containerEntry>-1</containerEntry>
        </property>
        <property name="drawRejectionLevel" type="Int32" container="StaticArray" arraySize="1">
          <containerEntry>8</containerEntry>
        </property>
        <property name="drawMode" type="Int32" container="StaticArray" arraySize="1">
          <containerEntry>0</containerEntry>
        </property>
        <property name="rejectFarRangeShadowCast" type="Int32" container="StaticArray" arraySize="1">
          <containerEntry>2</containerEntry>
        </property>
        <property name="parentLocator" type="EntityLink" container="StaticArray" arraySize="1">
          <containerEntry packagePathHash="0xB8A0BF169F98" archivePathHash="0xB8A0BF169F98" nameInArchiveHash="0xB8A0BF169F98">0x0</containerEntry>
        </property>
        <property name="transforms" type="Matrix4" container="DynamicArray" arraySize="2">
          <containerEntry r11="1" r12="0" r13="0" r14="0" r21="0" r22="1" r23="0" r24="0" r31="0" r32="0" r33="1" r34="0" r41="2480.5698" r42="-11.384219" r43="1111.0928" r44="1"></containerEntry>
          <containerEntry r11="0.94929314" r12="0.16495667" r13="-0.26764128" r14="0" r21="-0.19516073" r22="0.9766058" r23="-0.090296715" r24="0" r31="0.24648498" r32="0.13795109" r33="0.9592782" r34="0" r41="2487.3274" r42="-11.095448" r43="1119.5216" r44="1"></containerEntry>
        </property>
        <property name="colors" type="UInt32" container="DynamicArray" arraySize="2">
          <containerEntry>4294967295</containerEntry>
          <containerEntry>4294967295</containerEntry>
        </property>
      </staticProperties>
      <dynamicProperties></dynamicProperties>
    </entity>
    <entity class="StaticModelArray" classVersion="4" classID="0xD0" addr="0x2F00470" id="0x0">
      <staticProperties>
        <property name="name" type="String" container="StaticArray" arraySize="1">
          <containerEntry>StaticModelArray0005</containerEntry>
        </property>
        <property name="dataSet" type="EntityHandle" container="StaticArray" arraySize="1">
          <containerEntry>0x2D7F510</containerEntry>
        </property>
        <property name="modelFile" type="FilePtr" container="StaticArray" arraySize="1">
          <containerEntry>/Assets/tpp/environ/object/middle_africa/cliff/mafr_clff015/scenes/mafr_clff015_wall002.fmdl</containerEntry>
        </property>
        <property name="geomFile" type="FilePtr" container="StaticArray" arraySize="1">
          <containerEntry>/Assets/tpp/environ/object/middle_africa/cliff/mafr_clff015/scenes/mafr_clff015_wall002.geom</containerEntry>
        </property>
        <property name="isVisibleGeom" type="Bool" container="StaticArray" arraySize="1">
          <containerEntry>false</containerEntry>
        </property>
        <property name="lodFarSize" type="Float" container="StaticArray" arraySize="1">
          <containerEntry>-1</containerEntry>
        </property>
        <property name="lodNearSize" type="Float" container="StaticArray" arraySize="1">
          <containerEntry>-1</containerEntry>
        </property>
        <property name="lodPolygonSize" type="Float" container="StaticArray" arraySize="1">
          <containerEntry>-1</containerEntry>
        </property>
        <property name="drawRejectionLevel" type="Int32" container="StaticArray" arraySize="1">
          <containerEntry>8</containerEntry>
        </property>
        <property name="drawMode" type="Int32" container="StaticArray" arraySize="1">
          <containerEntry>0</containerEntry>
        </property>
        <property name="rejectFarRangeShadowCast" type="Int32" container="StaticArray" arraySize="1">
          <containerEntry>2</containerEntry>
        </property>
        <property name="parentLocator" type="EntityLink" container="StaticArray" arraySize="1">
          <containerEntry packagePathHash="0xB8A0BF169F98" archivePathHash="0xB8A0BF169F98" nameInArchiveHash="0xB8A0BF169F98">0x0</containerEntry>
        </property>
        <property name="transforms" type="Matrix4" container="DynamicArray" arraySize="4">
          <containerEntry r11="0.93110806" r12="0.02388404" r13="0.36396062" r14="0" r21="-0.020337518" r22="0.999701" r23="-0.0135741895" r24="0" r31="-0.36417603" r32="0.005236973" r33="0.9313153" r34="0" r41="2474.629" r42="-10.680846" r43="1038.1938" r44="1"></containerEntry>
          <containerEntry r11="-0.9420339" r12="-0.060114928" r13="0.33009398" r14="0" r21="-0.056732498" r22="0.9981914" r23="0.019880336" r24="0" r31="-0.3306921" r32="8.7264925e-07" r33="-0.94374067" r34="0" r41="2525.8032" r42="-7.3851" r43="1039.584" r44="1"></containerEntry>
