<fox formatVersion="2" fileVersion="0">
  <entities>
    <entity class="DataSet" classVersion="0" classID="0xE8" addr="0x2EF1970" id="0x1A92CB">
      <staticProperties>
        <property name="name" type="String" container="StaticArray" arraySize="1">
          <containerEntry hash="0xB8A0BF169F98"></containerEntry>
        </property>
        <property name="dataSet" type="EntityHandle" container="StaticArray" arraySize="1">
          <containerEntry>0x0</containerEntry>
        </property>
        <property name="dataList" type="EntityPtr" container="StringMap" arraySize="5">
          <containerEntry key="StaticModelArray0000">
            <data>0x2D76C90</data>
          </containerEntry>
          <containerEntry key="StaticModelArray0001">
            <data>0x2D76D00</data>
          </containerEntry>
          <containerEntry key="StaticModelArray0002">
            <data>0x2D76DE0</data>
          </containerEntry>
          <containerEntry key="StaticModelArray0003">
            <data>0x2D76E50</data>
          </containerEntry>
          <containerEntry key="TexturePackLoadConditioner0000">
            <data>0x2D77400</data>
          </containerEntry>
        </property>
      </staticProperties>
      <dynamicProperties></dynamicProperties>
    </entity>
    <entity class="StaticModelArray" classVersion="4" classID="0xD0" addr="0x2D76C90" id="0x0">
      <staticProperties>
        <property name="name" type="String" container="StaticArray" arraySize="1">
          <containerEntry>StaticModelArray0000</containerEntry>
        </property>
        <property name="dataSet" type="EntityHandle" container="StaticArray" arraySize="1">
          <containerEntry>0x2EF1970</containerEntry>
        </property>
        <property name="modelFile" type="FilePtr" container="StaticArray" arraySize="1">
          <containerEntry>/Assets/tpp/environ/object/middle_africa/tree/mafr_tree031/scenes/mafr_tree031_vrtn005.fmdl</containerEntry>
        </property>
        <property name="geomFile" type="FilePtr" container="StaticArray" arraySize="1">
          <containerEntry>/Assets/tpp/environ/object/middle_africa/tree/mafr_tree031/scenes/mafr_tree031_vrtn005.geom</containerEntry>
        </property>
        <property name="isVisibleGeom" type="Bool" container="StaticArray" arraySize="1">
          <containerEntry>false</containerEntry>
        </property>
        <property name="lodFarSize" type="Float" container="StaticArray" arraySize="1">
          <containerEntry>-1</containerEntry>
        </property>
        <property name="lodNearSize" type="Float" container="StaticArray" arraySize="1">
          <containerEntry>-1</containerEntry>
        </property>
        <property name="lodPolygonSize" type="Float" container="StaticArray" arraySize="1">
          <containerEntry>-1</containerEntry>
        </property>
        <property name="drawRejectionLevel" type="Int32" container="StaticArray" arraySize="1">
          <containerEntry>7</containerEntry>
        </property>
        <property name="drawMode" type="Int32" container="StaticArray" arraySize="1">
          <containerEntry>0</containerEntry>
        </property>
        <property name="rejectFarRangeShadowCast" type="Int32" container="StaticArray" arraySize="1">
          <containerEntry>2</containerEntry>
        </property>
        <property name="parentLocator" type="EntityLink" container="StaticArray" arraySize="1">
          <containerEntry packagePathHash="0xB8A0BF169F98" archivePathHash="0xB8A0BF169F98" nameInArchiveHash="0xB8A0BF169F98">0x0</containerEntry>
        </property>
        <property name="transforms" type="Matrix4" container="DynamicArray" arraySize="8">
          <containerEntry r11="1" r12="0" r13="0" r14="0" r21="0" r22="1" r23="0" r24="0" r31="0" r32="0" r33="1" r34="0" r41="2861.7517" r42="12.045796" r43="864.6426" r44="1"></containerEntry>
          <containerEntry r11="0.3641979" r12="0" r13="0.93132055" r14="0" r21="0" r22="1" r23="0" r24="0" r31="-0.93132055" r32="0" r33="0.3641979" r34="0" r41="3055.3633" r42="43.577446" r43="810.5315" r44="1"></containerEntry>
          <containerEntry r11="0.7592486" r12="0" r13="0.65080076" r14="0" r21="0" r22="1" r23="0" r24="0" r31="-0.65080076" r32="0" r33="0.7592486" r34="0" r41="3064.1213" r42="54.445004" r43="776.33435" r44="1"></containerEntry>
          <containerEntry r11="0.7614778" r12="0" r13="0.64819103" r14="0" r21="0" r22="1" r23="0" r24="0" r31="-0.64819103" r32="0" r33="0.7614778" r34="0" r41="3032.2175" r42="45.62248" r43="790.94073" r44="1"></containerEntry>
          <containerEntry r11="0.71067774" r12="0" r13="-0.7035159" r14="0" r21="0" r22="1" r23="0" r24="0" r31="0.7035159" r32="0" r33="0.71067774" r34="0" r41="2980.5923" r42="38.688576" r43="791.6056" r44="1"></containerEntry>
          <containerEntry r11="0.959111" r12="0.000817614" r13="-0.28302923" r14="0" r21="-0.0003938094" r22="0.99999875" r23="0.0015542787" r24="0" r31="0.28303012" r32="-0.0013792661" r33="0.9591101" r34="0" r41="3096.3843" r42="64.99482" r43="772.0056" r44="1"></containerEntry>
          <containerEntry r11="0.88927066" r12="0" r13="-0.45738113" r14="0" r21="0" r22="1" r23="0" r24="0" r31="0.45738113" r32="0" r33="0.88927066" r34="0" r41="3092.3013" r42="62.597954" r43="792.4237" r44="1"></containerEntry>
          <containerEntry r11="0.7907628" r12="0" r13="0.6121228" r14="0" r21="0" r22="1" r23="0" r24="0" r31="-0.6121228" r32="0" r33="0.7907628" r34="0" r41="2836.097" r42="11.12341" r43="853.6606" r44="1"></containerEntry>
        </property>
        <property name="colors" type="UInt32" container="DynamicArray" arraySize="8">
          <containerEntry>4294967295</containerEntry>
          <containerEntry>4294967295</containerEntry>
          <containerEntry>4294967295</containerEntry>
          <containerEntry>4294967295</containerEntry>
          <containerEntry>4294967295</containerEntry>
          <containerEntry>4294967295</containerEntry>
          <containerEntry>4294967295</containerEntry>
          <containerEntry>4294967295</containerEntry>
        </property>
      </staticProperties>
      <dynamicProperties></dynamicProperties>
    </entity>
    <entity class="StaticModelArray" classVersion="4" classID="0xD0" addr="0x2D76D00" id="0x0">
      <staticProperties>
        <property name="name" type="String" container="StaticArray" arraySize="1">
          <containerEntry>StaticModelArray0001</containerEntry>
        </property>
        <property name="dataSet" type="EntityHandle" container="StaticArray" arraySize="1">
          <containerEntry>0x2EF1970</containerEntry>
        </property>
        <property name="modelFile" type="FilePtr" container="StaticArray" arraySize="1">
          <containerEntry>/Assets/tpp/environ/object/middle_africa/tree/mafr_tree031/scenes/mafr_tree031_vrtn001.fmdl</containerEntry>
        </property>
        <property name="geomFile" type="FilePtr" container="StaticArray" arraySize="1">
          <containerEntry>/Assets/tpp/environ/object/middle_africa/tree/mafr_tree031/scenes/mafr_tree031_vrtn001.geom</containerEntry>
        </property>
        <property name="isVisibleGeom" type="Bool" container="StaticArray" arraySize="1">
          <containerEntry>false</containerEntry>
        </property>
        <property name="lodFarSize" type="Float" container="StaticArray" arraySize="1">
          <containerEntry>-1</containerEntry>
        </property>
        <property name="lodNearSize" type="Float" container="StaticArray" arraySize="1">
          <containerEntry>-1</containerEntry>
        </property>
        <property name="lodPolygonSize" type="Float" container="StaticArray" arraySize="1">
          <containerEntry>-1</containerEntry>
        </property>
        <property name="drawRejectionLevel" type="Int32" container="StaticArray" arraySize="1">
          <containerEntry>7</containerEntry>
        </property>
        <property name="drawMode" type="Int32" container="StaticArray" arraySize="1">
          <containerEntry>0</containerEntry>
        </property>
        <property name="rejectFarRangeShadowCast" type="Int32" container="StaticArray" arraySize="1">
          <containerEntry>2</containerEntry>
        </property>
        <property name="parentLocator" type="EntityLink" container="StaticArray" arraySize="1">
          <containerEntry packagePathHash="0xB8A0BF169F98" archivePathHash="0xB8A0BF169F98" nameInArchiveHash="0xB8A0BF169F98">0x0</containerEntry>
        </property>
        <property name="transforms" type="Matrix4" container="DynamicArray" arraySize="2">
          <containerEntry r11="0.4949634" r12="0" r13="0.8689136" r14="0" r21="0" r22="1" r23="0" r24="0" r31="-0.8689136" r32="0" r33="0.4949634" r34="0" r41="2979.8782" r42="19.062912" r43="850.9409" r44="1"></containerEntry>
          <containerEntry r11="0.6415106" r12="0" r13="0.7671138" r14="0" r21="0" r22="1" r23="0" r24="0" r31="-0.7671138" r32="0" r33="0.6415106" r34="0" r41="2978.001" r42="27.162453" r43="807.0523" r44="1"></containerEntry>
        </property>
        <property name="colors" type="UInt32" container="DynamicArray" arraySize="2">
          <containerEntry>4294967295</containerEntry>
          <containerEntry>4294967295</containerEntry>
        </property>
      </staticProperties>
      <dynamicProperties></dynamicProperties>
    </entity>
    <entity class="StaticModelArray" classVersion="4" classID="0xD0" addr="0x2D76DE0" id="0x0">
      <staticProperties>
        <property name="name" type="String" container="StaticArray" arraySize="1">
          <containerEntry>StaticModelArray0002</containerEntry>
        </property>
        <property name="dataSet" type="EntityHandle" container="StaticArray" arraySize="1">
          <containerEntry>0x2EF1970</containerEntry>
        </property>
        <property name="modelFile" type="FilePtr" container="StaticArray" arraySize="1">
          <containerEntry>/Assets/tpp/environ/object/middle_africa/tree/mafr_tree031/scenes/mafr_tree031_vrtn009.fmdl</containerEntry>
        </property>
        <property name="geomFile" type="FilePtr" container="StaticArray" arraySize="1">
          <containerEntry>/Assets/tpp/environ/object/middle_africa/tree/mafr_tree031/scenes/mafr_tree031_vrtn009.geom</containerEntry>
        </property>
        <property name="isVisibleGeom" type="Bool" container="StaticArray" arraySize="1">
          <containerEntry>false</containerEntry>
        </property>
        <property name="lodFarSize" type="Float" container="StaticArray" arraySize="1">
          <containerEntry>-1</containerEntry>
        </property>
        <property name="lodNearSize" type="Float" container="StaticArray" arraySize="1">
          <containerEntry>-1</containerEntry>
        </property>
        <property name="lodPolygonSize" type="Float" container="StaticArray" arraySize="1">
          <containerEntry>-1</containerEntry>
        </property>
        <property name="drawRejectionLevel" type="Int32" container="StaticArray" arraySize="1">
          <containerEntry>7</containerEntry>
        </property>
        <property name="drawMode" type="Int32" container="StaticArray" arraySize="1">
          <containerEntry>0</containerEntry>
        </property>
        <property name="rejectFarRangeShadowCast" type="Int32" container="StaticArray" arraySize="1">
          <containerEntry>2</containerEntry>
        </property>
        <property name="parentLocator" type="EntityLink" container="StaticArray" arraySize="1">
          <containerEntry packagePathHash="0xB8A0BF169F98" archivePathHash="0xB8A0BF169F98" nameInArchiveHash="0xB8A0BF169F98">0x0</containerEntry>
        </property>
        <property name="transforms" type="Matrix4" container="DynamicArray" arraySize="3">
          <containerEntry r11="0.9392195" r12="0" r13="-0.34331736" r14="0" r21="0" r22="1" r23="0" r24="0" r31="0.34331736" r32="0" r33="0.9392195" r34="0" r41="3069.1074" r42="38.576324" r43="844.9762" r44="1"></containerEntry>
          <containerEntry r11="0.7669276" r12="0" r13="0.641734" r14="0" r21="0" r22="1" r23="0" r24="0" r31="-0.641734" r32="0" r33="0.7669276" r34="0" r41="3086.6099" r42="55.276325" r43="807.1727" r44="1"></containerEntry>
          <containerEntry r11="0.5835642" r12="0" r13="0.8120666" r14="0" r21="0" r22="1" r23="0" r24="0" r31="-0.8120666" r32="0" r33="0.5835642" r34="0" r41="3025.788" r42="27.75616" r43="829.1141" r44="1"></containerEntry>
        </property>
        <property name="colors" type="UInt32" container="DynamicArray" arraySize="3">
          <containerEntry>4294967295</containerEntry>
          <containerEntry>4294967295</containerEntry>
          <containerEntry>4294967295</containerEntry>
        </property>
      </staticProperties>
      <dynamicProperties></dynamicProperties>
    </entity>
    <entity class="StaticModelArray" classVersion="4" classID="0xD0" addr="0x2D76E50" id="0x0">
      <staticProperties>
        <property name="name" type="String" container="StaticArray" arraySize="1">
          <containerEntry>StaticModelArray0003</containerEntry>
        </property>
        <property name="dataSet" type="EntityHandle" container="StaticArray" arraySize="1">
          <containerEntry>0x2EF1970</containerEntry>
        </property>
        <property name="modelFile" type="FilePtr" container="StaticArray" arraySize="1">
          <containerEntry>/Assets/tpp/environ/object/middle_africa/tree/mafr_tree031/scenes/mafr_tree031_vrtn009.fmdl</containerEntry>
        </property>
        <property name="geomFile" type="FilePtr" container="StaticArray" arraySize="1">
          <containerEntry>/Assets/tpp/environ/object/middle_africa/tree/mafr_tree031/scenes/mafr_tree031_vrtn009.geom</containerEntry>
        </property>
        <property name="isVisibleGeom" type="Bool" container="StaticArray" arraySize="1">
          <containerEntry>false</containerEntry>
        </property>
        <property name="lodFarSize" type="Float" container="StaticArray" arraySize="1">
          <containerEntry>-1</containerEntry>
        </property>
        <property name="lodNearSize" type="Float" container="StaticArray" arraySize="1">
          <containerEntry>-1</containerEntry>
        </property>
        <property name="lodPolygonSize" type="Float" container="StaticArray" arraySize="1">
          <containerEntry>-1</containerEntry>
        </property>
        <property name="drawRejectionLevel" type="Int32" container="StaticArray" arraySize="1">
          <containerEntry>8</containerEntry>
        </property>
        <property name="drawMode" type="Int32" container="StaticArray" arraySize="1">
          <containerEntry>0</containerEntry>
        </property>
        <property name="rejectFarRangeShadowCast" type="Int32" container="StaticArray" arraySize="1">
          <containerEntry>2</containerEntry>
        </property>
        <property name="parentLocator" type="EntityLink" container="StaticArray" arraySize="1">
          <containerEntry packagePathHash="0xB8A0BF169F98" archivePathHash="0xB8A0BF169F98" nameInArchiveHash="0xB8A0BF169F98">0x0</containerEntry>
        </property>
        <property name="transforms" type="Matrix4" container="DynamicArray" arraySize="6">
          <containerEntry r11="-0.99951196" r12="0" r13="-0.0311442" r14="0" r21="0" r22="1" r23="0" r24="0" r31="0.0311442" r32="0" r33="-0.99951196" r34="0" r41="2863.995" r42="26.816286" r43="811.7867" r44="1"></containerEntry>
          <containerEntry r11="0.7968109" r12="0" r13="-0.60422844" r14="0" r21="0" r22="1" r23="0" r24="0" r31="0.60422844" r32="0" r33="0.7968109" r34="0" r41="2822.6992" r42="18.076761" r43="827.81415" r44="1"></containerEntry>
          <containerEntry r11="0.46657324" r12="0" r13="0.88448197" r14="0" r21="0" r22="1" r23="0" r24="0" r31="-0.88448197" r32="0" r33="0.46657324" r34="0" r41="2838.563" r42="21.04259" r43="763.8026" r44="1"></containerEntry>
          <containerEntry r11="-0.9315448" r12="-0.03177397" r13="-0.36222023" r14="0" r21="-0.07240273" r22="0.9924352" r23="0.09914708" r24="0" r31="0.3563298" r32="0.11858632" r33="-0.92679834" r34="0" r41="2895.3105" r42="16.017477" r43="865.31915" r44="1"></containerEntry>
          <containerEntry r11="-0.9849048" r12="-0.08680959" r13="0.14970674" r14="0" r21="-0.072402135" r22="0.99243516" r23="0.09914785" r24="0" r31="-0.15718125" r32="0.08681279" r33="-0.9837394" r34="0" r41="2902.4666" r42="30.361906" r43="810.6756" r44="1"></containerEntry>
          <containerEntry r11="0.61327326" r12="0" r13="-0.7898703" r14="0" r21="0" r22="1" r23="0" r24="0" r31="0.7898703" r32="0" r33="0.61327326" r34="0" r41="2812.0042" r42="4.176762" r43="869.6246" r44="1"></containerEntry>
        </property>
        <property name="colors" type="UInt32" container="DynamicArray" arraySize="6">
          <containerEntry>4294967295</containerEntry>
          <containerEntry>4294967295</containerEntry>
          <containerEntry>4294967295</containerEntry>
          <containerEntry>4294967295</containerEntry>
          <containerEntry>4294967295</containerEntry>
          <containerEntry>4294967295</containerEntry>
        </property>
      </staticProperties>
      <dynamicProperties></dynamicProperties>
    </entity>
    <entity class="TexturePackLoadConditioner" classVersion="0" classID="0x48" addr="0x2D77400" id="0x0">
      <staticProperties>
        <property name="name" type="String" container="StaticArray" arraySize="1">
          <containerEntry>TexturePackLoadConditioner0000</containerEntry>
        </property>
        <property name="dataSet" type="EntityHandle" container="StaticArray" arraySize="1">
          <containerEntry>0x2EF1970</containerEntry>
        </property>
        <property name="texturePackPath" type="Path" container="StaticArray" arraySize="1">
          <containerEntry hash="0xB8A0BF169F98"></containerEntry>
        </property>
      </staticProperties>
      <dynamicProperties></dynamicProperties>
    </entity>
  </entities>
</fox>