<fox formatVersion="2" fileVersion="0">
  <entities>
    <entity class="DataSet" classVersion="0" classID="0xE8" addr="0x2F73D50" id="0x897B">
      <staticProperties>
        <property name="name" type="String" container="StaticArray" arraySize="1">
          <containerEntry hash="0xB8A0BF169F98"></containerEntry>
        </property>
        <property name="dataSet" type="EntityHandle" container="StaticArray" arraySize="1">
          <containerEntry>0x0</containerEntry>
        </property>
        <property name="dataList" type="EntityPtr" container="StringMap" arraySize="12">
          <containerEntry key="afgh_clff013_0006">
            <data>0x2F75870</data>
          </containerEntry>
          <containerEntry key="afgh_clff024_0001">
            <data>0x2D76590</data>
          </containerEntry>
          <containerEntry key="StaticModelArray0000">
            <data>0x2D7B7D0</data>
          </containerEntry>
          <containerEntry key="StaticModelArray0001">
            <data>0x2D7B840</data>
          </containerEntry>
          <containerEntry key="StaticModelArray0002">
            <data>0x2D7B920</data>
          </containerEntry>
          <containerEntry key="StaticModelArray0003">
            <data>0x2D7B8B0</data>
          </containerEntry>
          <containerEntry key="StaticModelArray0004">
            <data>0x2D7B5A0</data>
          </containerEntry>
          <containerEntry key="StaticModelArray0005">
            <data>0x2D7B3E0</data>
          </containerEntry>
          <containerEntry key="StaticModelArray0006">
            <data>0x2D7B760</data>
          </containerEntry>
          <containerEntry key="StaticModelArray0007">
            <data>0x2D7B140</data>
          </containerEntry>
          <containerEntry key="StaticModelArray0008">
            <data>0x2D7A7A0</data>
          </containerEntry>
          <containerEntry key="TexturePackLoadConditioner0000">
            <data>0x2D7BB50</data>
          </containerEntry>
        </property>
      </staticProperties>
      <dynamicProperties></dynamicProperties>
    </entity>
    <entity class="StaticModel" classVersion="9" classID="0x160" addr="0x2F75870" id="0x89D1">
      <staticProperties>
        <property name="name" type="String" container="StaticArray" arraySize="1">
          <containerEntry>afgh_clff013_0006</containerEntry>
        </property>
        <property name="dataSet" type="EntityHandle" container="StaticArray" arraySize="1">
          <containerEntry>0x2F73D50</containerEntry>
        </property>
        <property name="parent" type="EntityHandle" container="StaticArray" arraySize="1">
          <containerEntry>0x0</containerEntry>
        </property>
        <property name="transform" type="EntityPtr" container="StaticArray" arraySize="1">
          <containerEntry>0x2F75800</containerEntry>
        </property>
        <property name="shearTransform" type="EntityPtr" container="StaticArray" arraySize="1">
          <containerEntry>0x0</containerEntry>
        </property>
        <property name="pivotTransform" type="EntityPtr" container="StaticArray" arraySize="1">
          <containerEntry>0x0</containerEntry>
        </property>
        <property name="children" type="EntityHandle" container="List"></property>
        <property name="flags" type="UInt32" container="StaticArray" arraySize="1">
          <containerEntry>3221225479</containerEntry>
        </property>
        <property name="modelFile" type="FilePtr" container="StaticArray" arraySize="1">
          <containerEntry>/Assets/tpp/environ/object/afghanistan/cliff/afgh_clff013/scenes/afgh_clff013.fmdl</containerEntry>
        </property>
        <property name="geomFile" type="FilePtr" container="StaticArray" arraySize="1">
          <containerEntry>/Assets/tpp/environ/object/afghanistan/cliff/afgh_clff013/scenes/afgh_clff013.geom</containerEntry>
        </property>
        <property name="isVisibleGeom" type="Bool" container="StaticArray" arraySize="1">
          <containerEntry>false</containerEntry>
        </property>
        <property name="isIsolated" type="Bool" container="StaticArray" arraySize="1">
          <containerEntry>false</containerEntry>
        </property>
        <property name="lodFarSize" type="Float" container="StaticArray" arraySize="1">
          <containerEntry>-1</containerEntry>
        </property>
        <property name="lodNearSize" type="Float" container="StaticArray" arraySize="1">
          <containerEntry>-1</containerEntry>
        </property>
        <property name="lodPolygonSize" type="Float" container="StaticArray" arraySize="1">
          <containerEntry>-1</containerEntry>
        </property>
        <property name="color" type="Color" container="StaticArray" arraySize="1">
          <containerEntry r="1" g="1" b="1" a="1"></containerEntry>
        </property>
        <property name="drawRejectionLevel" type="Int32" container="StaticArray" arraySize="1">
          <containerEntry>8</containerEntry>
        </property>
        <property name="drawMode" type="Int32" container="StaticArray" arraySize="1">
          <containerEntry>0</containerEntry>
        </property>
        <property name="rejectFarRangeShadowCast" type="Int32" container="StaticArray" arraySize="1">
          <containerEntry>2</containerEntry>
        </property>
      </staticProperties>
      <dynamicProperties></dynamicProperties>
    </entity>
    <entity class="TransformEntity" classVersion="0" classID="0x50" addr="0x2F75800" id="0x89D4">
      <staticProperties>
        <property name="owner" type="EntityHandle" container="StaticArray" arraySize="1">
          <containerEntry>0x2F75870</containerEntry>
        </property>
        <property name="transform_scale" type="Vector3" container="StaticArray" arraySize="1">
          <containerEntry x="1" y="1" z="1" w="0"></containerEntry>
        </property>
        <property name="transform_rotation_quat" type="Quat" container="StaticArray" arraySize="1">
          <containerEntry x="-0.004652" y="-0.090437" z="-0.01945" w="0.995701"></containerEntry>
        </property>
        <property name="transform_translation" type="Vector3" container="StaticArray" arraySize="1">
          <containerEntry x="1018.32965" y="376.0958" z="-582.0993" w="0"></containerEntry>
        </property>
      </staticProperties>
      <dynamicProperties></dynamicProperties>
    </entity>
    <entity class="StaticModel" classVersion="9" classID="0x160" addr="0x2D76590" id="0x8A72">
      <staticProperties>
        <property name="name" type="String" container="StaticArray" arraySize="1">
          <containerEntry>afgh_clff024_0001</containerEntry>
        </property>
        <property name="dataSet" type="EntityHandle" container="StaticArray" arraySize="1">
          <containerEntry>0x2F73D50</containerEntry>
        </property>
        <property name="parent" type="EntityHandle" container="StaticArray" arraySize="1">
          <containerEntry>0x0</containerEntry>
        </property>
        <property name="transform" type="EntityPtr" container="StaticArray" arraySize="1">
          <containerEntry>0x2D76600</containerEntry>
        </property>
        <property name="shearTransform" type="EntityPtr" container="StaticArray" arraySize="1">
          <containerEntry>0x0</containerEntry>
        </property>
        <property name="pivotTransform" type="EntityPtr" container="StaticArray" arraySize="1">
          <containerEntry>0x0</containerEntry>
        </property>
        <property name="children" type="EntityHandle" container="List"></property>
        <property name="flags" type="UInt32" container="StaticArray" arraySize="1">
          <containerEntry>3221225479</containerEntry>
        </property>
        <property name="modelFile" type="FilePtr" container="StaticArray" arraySize="1">
          <containerEntry>/Assets/tpp/environ/object/afghanistan/cliff/afgh_clff024/scenes/afgh_clff024.fmdl</containerEntry>
        </property>
        <property name="geomFile" type="FilePtr" container="StaticArray" arraySize="1">
          <containerEntry>/Assets/tpp/environ/object/afghanistan/cliff/afgh_clff024/scenes/afgh_clff024.geom</containerEntry>
        </property>
        <property name="isVisibleGeom" type="Bool" container="StaticArray" arraySize="1">
          <containerEntry>false</containerEntry>
        </property>
        <property name="isIsolated" type="Bool" container="StaticArray" arraySize="1">
          <containerEntry>false</containerEntry>
        </property>
        <property name="lodFarSize" type="Float" container="StaticArray" arraySize="1">
          <containerEntry>-1</containerEntry>
        </property>
        <property name="lodNearSize" type="Float" container="StaticArray" arraySize="1">
          <containerEntry>-1</containerEntry>
        </property>
        <property name="lodPolygonSize" type="Float" container="StaticArray" arraySize="1">
          <containerEntry>-1</containerEntry>
        </property>
        <property name="color" type="Color" container="StaticArray" arraySize="1">
          <containerEntry r="1" g="1" b="1" a="1"></containerEntry>
        </property>
        <property name="drawRejectionLevel" type="Int32" container="StaticArray" arraySize="1">
          <containerEntry>8</containerEntry>
        </property>
        <property name="drawMode" type="Int32" container="StaticArray" arraySize="1">
          <containerEntry>0</containerEntry>
        </property>
        <property name="rejectFarRangeShadowCast" type="Int32" container="StaticArray" arraySize="1">
          <containerEntry>2</containerEntry>
        </property>
      </staticProperties>
      <dynamicProperties></dynamicProperties>
    </entity>
    <entity class="TransformEntity" classVersion="0" classID="0x50" addr="0x2D76600" id="0x8A75">
      <staticProperties>
        <property name="owner" type="EntityHandle" container="StaticArray" arraySize="1">
          <containerEntry>0x2D76590</containerEntry>
        </property>
        <property name="transform_scale" type="Vector3" container="StaticArray" arraySize="1">
          <containerEntry x="1" y="1" z="1" w="0"></containerEntry>
        </property>
        <property name="transform_rotation_quat" type="Quat" container="StaticArray" arraySize="1">
          <containerEntry x="0.219514" y="-0.366835" z="-0.005254" w="-0.904001"></containerEntry>
        </property>
        <property name="transform_translation" type="Vector3" container="StaticArray" arraySize="1">
          <containerEntry x="918.7744" y="438.9117" z="-624.6829" w="0"></containerEntry>
        </property>
      </staticProperties>
      <dynamicProperties></dynamicProperties>
    </entity>
    <entity class="StaticModelArray" classVersion="4" classID="0xD0" addr="0x2D7B7D0" id="0x0">
      <staticProperties>
        <property name="name" type="String" container="StaticArray" arraySize="1">
          <containerEntry>StaticModelArray0000</containerEntry>
        </property>
        <property name="dataSet" type="EntityHandle" container="StaticArray" arraySize="1">
          <containerEntry>0x2F73D50</containerEntry>
        </property>
        <property name="modelFile" type="FilePtr" container="StaticArray" arraySize="1">
          <containerEntry>/Assets/tpp/environ/object/afghanistan/rock/afgh_rock009/scenes/afgh_rock009_rock001.fmdl</containerEntry>
        </property>
        <property name="geomFile" type="FilePtr" container="StaticArray" arraySize="1">
          <containerEntry>/Assets/tpp/environ/object/afghanistan/rock/afgh_rock009/scenes/afgh_rock009_rock001.geom</containerEntry>
        </property>
        <property name="isVisibleGeom" type="Bool" container="StaticArray" arraySize="1">
          <containerEntry>false</containerEntry>
        </property>
        <property name="lodFarSize" type="Float" container="StaticArray" arraySize="1">
          <containerEntry>-1</containerEntry>
        </property>
        <property name="lodNearSize" type="Float" container="StaticArray" arraySize="1">
          <containerEntry>-1</containerEntry>
        </property>
        <property name="lodPolygonSize" type="Float" container="StaticArray" arraySize="1">
          <containerEntry>-1</containerEntry>
        </property>
        <property name="drawRejectionLevel" type="Int32" container="StaticArray" arraySize="1">
          <containerEntry>8</containerEntry>
        </property>
        <property name="drawMode" type="Int32" container="StaticArray" arraySize="1">
          <containerEntry>0</containerEntry>
        </property>
        <property name="rejectFarRangeShadowCast" type="Int32" container="StaticArray" arraySize="1">
          <containerEntry>2</containerEntry>
        </property>
        <property name="parentLocator" type="EntityLink" container="StaticArray" arraySize="1">
          <containerEntry packagePathHash="0xB8A0BF169F98" archivePathHash="0xB8A0BF169F98" nameInArchiveHash="0xB8A0BF169F98">0x0</containerEntry>
        </property>
        <property name="transforms" type="Matrix4" container="DynamicArray" arraySize="6">
          <containerEntry r11="-0.27559596" r12="-0.67371714" r13="0.6856748" r14="0" r21="-0.6602442" r22="-0.38576078" r23="-0.64440966" r24="0" r31="0.6986575" r32="-0.63031065" r33="-0.3385026" r34="0" r41="974.22046" r42="376.1276" r43="-519.7279" r44="1"></containerEntry>
          <containerEntry r11="0.7784672" r12="-0.039299354" r13="-0.62645394" r14="0" r21="0.0636709" r22="0.99783415" r23="0.016523918" r24="0" r31="0.62444776" r32="-0.052750207" r33="0.77928334" r34="0" r41="1012.316" r42="374.11884" r43="-560.4417" r44="1"></containerEntry>
          <containerEntry r11="0.94111687" r12="-0.15688321" r13="0.29947734" r14="0" r21="-0.13780937" r22="-0.98689646" r23="-0.08392232" r24="0" r31="0.30871928" r32="0.037709914" r33="-0.9504049" r34="0" r41="985.6374" r42="378.3446" r43="-545.1742" r44="1"></containerEntry>
          <containerEntry r11="0.27376577" r12="-0.75983787" r13="-0.58965755" r14="0" r21="-0.15878114" r22="0.56896365" r23="-0.8068874" r24="0" r31="0.948598" r32="0.3145238" r33="0.035115182" r34="0" r41="934.35284" r42="386.20663" r43="-521.97064" r44="1"></containerEntry>
          <containerEntry r11="0.29658467" r12="-0.9221938" r13="0.2481799" r14="0" r21="-0.6602438" r22="-0.38575888" r23="-0.6444088" r24="0" r31="0.6900093" r32="0.027261347" r33="-0.7232823" r34="0" r41="940.4879" r42="388.34848" r43="-546.03326" r44="1"></containerEntry>
          <containerEntry r11="0.29658467" r12="-0.9221938" r13="0.2481799" r14="0" r21="-0.6602438" r22="-0.38575888" r23="-0.6444088" r24="0" r31="0.6900093" r32="0.027261347" r33="-0.7232823" r34="0" r41="962.924" r42="380.8313" r43="-543.27966" r44="1"></containerEntry>
        </property>
        <property name="colors" type="UInt32" container="DynamicArray" arraySize="6">
          <containerEntry>4294967295</containerEntry>
          <containerEntry>4294967295</containerEntry>
          <containerEntry>4294967295</containerEntry>
          <containerEntry>4294967295</containerEntry>
          <containerEntry>4294967295</containerEntry>
          <containerEntry>4294967295</containerEntry>
        </property>
      </staticProperties>
      <dynamicProperties></dynamicProperties>
    </entity>
    <entity class="StaticModelArray" classVersion="4" classID="0xD0" addr="0x2D7B840" id="0x0">
      <staticProperties>
        <property name="name" type="String" container="StaticArray" arraySize="1">
          <containerEntry>StaticModelArray0001</containerEntry>
        </property>
        <property name="dataSet" type="EntityHandle" container="StaticArray" arraySize="1">
          <containerEntry>0x2F73D50</containerEntry>
        </property>
        <property name="modelFile" type="FilePtr" container="StaticArray" arraySize="1">
          <containerEntry>/Assets/tpp/environ/object/afghanistan/cliff/afgh_clff022/scenes/afgh_clff022_vrtn004.fmdl</containerEntry>
        </property>
        <property name="geomFile" type="FilePtr" container="StaticArray" arraySize="1">
          <containerEntry>/Assets/tpp/environ/object/afghanistan/cliff/afgh_clff022/scenes/afgh_clff022_vrtn004.geom</containerEntry>
        </property>
        <property name="isVisibleGeom" type="Bool" container="StaticArray" arraySize="1">
          <containerEntry>false</containerEntry>
        </property>
        <property name="lodFarSize" type="Float" container="StaticArray" arraySize="1">
          <containerEntry>-1</containerEntry>
        </property>
        <property name="lodNearSize" type="Float" container="StaticArray" arraySize="1">
          <containerEntry>-1</containerEntry>
        </property>
        <property name="lodPolygonSize" type="Float" container="StaticArray" arraySize="1">
          <containerEntry>-1</containerEntry>
        </property>
        <property name="drawRejectionLevel" type="Int32" container="StaticArray" arraySize="1">
          <containerEntry>8</containerEntry>
        </property>
        <property name="drawMode" type="Int32" container="StaticArray" arraySize="1">
          <containerEntry>0</containerEntry>
        </property>
        <property name="rejectFarRangeShadowCast" type="Int32" container="StaticArray" arraySize="1">
          <containerEntry>2</containerEntry>
        </property>
        <property name="parentLocator" type="EntityLink" container="StaticArray" arraySize="1">
          <containerEntry packagePathHash="0xB8A0BF169F98" archivePathHash="0xB8A0BF169F98" nameInArchiveHash="0xB8A0BF169F98">0x0</containerEntry>
        </property>
        <property name="transforms" type="Matrix4" container="DynamicArray" arraySize="4">
          <containerEntry r11="0.9716718" r12="0.012822503" r13="-0.23598647" r14="0" r21="-0.008841658" r22="0.9998004" r23="0.017919498" r24="0" r31="0.23616913" r32="-0.015325362" r33="0.9715912" r34="0" r41="962.14594" r42="410.22995" r43="-605.4124" r44="1"></containerEntry>
          <containerEntry r11="0.9977745" r12="0" r13="-0.06667884" r14="0" r21="0" r22="1" r23="0" r24="0" r31="0.06667884" r32="0" r33="0.9977745" r34="0" r41="1021.4773" r42="390.5506" r43="-597.0474" r44="1"></containerEntry>
          <containerEntry r11="0.5980238" r12="0" r13="-0.8014787" r14="0" r21="0" r22="1" r23="0" r24="0" r31="0.8014787" r32="0" r33="0.5980238" r34="0" r41="909.50867" r42="397.10815" r43="-521.6414" r44="1"></containerEntry>
          <containerEntry r11="0.70387024" r12="0" r13="-0.71032757" r14="0" r21="0" r22="1" r23="0" r24="0" r31="0.71032757" r32="0" r33="0.70387024" r34="0" r41="1006.39044" r42="406.8046" r43="-617.3153" r44="1"></containerEntry>
        </property>
        <property name="colors" type="UInt32" container="DynamicArray" arraySize="4">
          <containerEntry>4294967295</containerEntry>
          <containerEntry>4294967295</containerEntry>
          <containerEntry>4294967295</containerEntry>
          <containerEntry>4294967295</containerEntry>
        </property>
      </staticProperties>
      <dynamicProperties></dynamicProperties>
    </entity>
    <entity class="StaticModelArray" classVersion="4" classID="0xD0" addr="0x2D7B920" id="0x0">
      <staticProperties>
        <property name="name" type="String" container="StaticArray" arraySize="1">
          <containerEntry>StaticModelArray0002</containerEntry>
        </property>
        <property name="dataSet" type="EntityHandle" container="StaticArray" arraySize="1">
          <containerEntry>0x2F73D50</containerEntry>
        </property>
        <property name="modelFile" type="FilePtr" container="StaticArray" arraySize="1">
          <containerEntry>/Assets/tpp/environ/object/afghanistan/rock/afgh_rock011/scenes/afgh_rock011.fmdl</containerEntry>
        </property>
        <property name="geomFile" type="FilePtr" container="StaticArray" arraySize="1">
          <containerEntry>/Assets/tpp/environ/object/afghanistan/rock/afgh_rock011/scenes/afgh_rock011.geom</containerEntry>
        </property>
        <property name="isVisibleGeom" type="Bool" container="StaticArray" arraySize="1">
          <containerEntry>false</containerEntry>
        </property>
        <property name="lodFarSize" type="Float" container="StaticArray" arraySize="1">
          <containerEntry>-1</containerEntry>
        </property>
        <property name="lodNearSize" type="Float" container="StaticArray" arraySize="1">
          <containerEntry>-1</containerEntry>
        </property>
        <property name="lodPolygonSize" type="Float" container="StaticArray" arraySize="1">
          <containerEntry>-1</containerEntry>
        </property>
        <property name="drawRejectionLevel" type="Int32" container="StaticArray" arraySize="1">
          <containerEntry>8</containerEntry>
        </property>
        <property name="drawMode" type="Int32" container="StaticArray" arraySize="1">
          <containerEntry>0</containerEntry>
        </property>
        <property name="rejectFarRangeShadowCast" type="Int32" container="StaticArray" arraySize="1">
          <containerEntry>2</containerEntry>
        </property>
        <property name="parentLocator" type="EntityLink" container="StaticArray" arraySize="1">
          <containerEntry packagePathHash="0xB8A0BF169F98" archivePathHash="0xB8A0BF169F98" nameInArchiveHash="0xB8A0BF169F98">0x0</containerEntry>
        </property>
        <property name="transforms" type="Matrix4" container="DynamicArray" arraySize="10">
          <containerEntry r11="0.09531933" r12="-0.38797557" r13="0.9167237" r14="0" r21="0.18923448" r22="0.9111892" r23="0.3659562" r24="0" r31="-0.977291" r32="0.13859493" r33="0.1602729" r34="0" r41="994.8891" r42="374.78836" r43="-545.78125" r44="1"></containerEntry>
          <containerEntry r11="-0.18822354" r12="0.2774226" r13="-0.9421259" r14="0" r21="0.27266437" r22="0.93632644" r23="0.22123854" r24="0" r31="0.943514" r32="-0.21524183" r33="-0.25188196" r34="0" r41="1007.4094" r42="372.23135" r43="-547.60913" r44="1"></containerEntry>
          <containerEntry r11="0.738551" r12="-0.48022968" r13="0.47320178" r14="0" r21="0.33929175" r22="0.8712644" r23="0.35465264" r24="0" r31="-0.582599" r32="-0.101374716" r33="0.8064119" r34="0" r41="975.6537" r42="376.13504" r43="-527.2058" r44="1"></containerEntry>
          <containerEntry r11="-0.45334843" r12="0.36652482" r13="-0.812485" r14="0" r21="0.2735405" r22="0.92476535" r23="0.26454595" r24="0" r31="0.8483206" r32="-0.102315865" r33="-0.51950026" r34="0" r41="983.6691" r42="385.59735" r43="-585.43463" r44="1"></containerEntry>
          <containerEntry r11="-0.51680195" r12="0.1454632" r13="-0.8436552" r14="0" r21="0.2403509" r22="0.97047794" r23="0.020096771" r24="0" r31="0.8216722" r32="-0.19238737" r33="-0.5365071" r34="0" r41="993.98004" r42="370.1048" r43="-527.138" r44="1"></containerEntry>
          <containerEntry r11="-0.1569593" r12="0.3834447" r13="-0.9101279" r14="0" r21="0.1636" r22="0.91891396" r23="0.35893184" r24="0" r31="0.9739598" r32="-0.092559084" r33="-0.20696366" r34="0" r41="1011.57623" r42="375.23767" r43="-570.61743" r44="1"></containerEntry>
          <containerEntry r11="-0.910294" r12="0.058697447" r13="-0.409768" r14="0" r21="0.06911342" r22="0.99755204" r23="-0.010640387" r24="0" r31="0.4081403" r32="-0.03800647" r33="-0.9121224" r34="0" r41="1010.6806" r42="377.23764" r43="-518.617" r44="1"></containerEntry>
          <containerEntry r11="0.7071445" r12="0.20542145" r13="0.6765695" r14="0" r21="-0.057255544" r22="0.97036093" r23="-0.23477913" r24="0" r31="-0.70474535" r32="0.12728499" r33="0.697947" r34="0" r41="995.64484" r42="372.37387" r43="-519.7863" r44="1"></containerEntry>
          <containerEntry r11="-0.47611707" r12="-0.18321523" r13="-0.8600784" r14="0" r21="0.020658769" r22="0.97545475" r23="-0.21922839" r24="0" r31="0.87913364" r32="-0.12214767" r33="-0.46064556" r34="0" r41="1010.95966" r42="371.1983" r43="-525.41907" r44="1"></containerEntry>
          <containerEntry r11="-0.45334843" r12="0.36652482" r13="-0.812485" r14="0" r21="0.2735405" r22="0.92476535" r23="0.26454595" r24="0" r31="0.8483206" r32="-0.102315865" r33="-0.51950026" r34="0" r41="967.1548" r42="420.2932" r43="-628.56854" r44="1"></containerEntry>
        </property>
        <property name="colors" type="UInt32" container="DynamicArray" arraySize="10">
          <containerEntry>4294967295</containerEntry>
          <containerEntry>4294967295</containerEntry>
          <containerEntry>4294967295</containerEntry>
          <containerEntry>4294967295</containerEntry>
          <containerEntry>4294967295</containerEntry>
          <containerEntry>4294967295</containerEntry>
          <containerEntry>4294967295</containerEntry>
          <containerEntry>4294967295</containerEntry>
          <containerEntry>4294967295</containerEntry>
          <containerEntry>4294967295</containerEntry>
        </property>
      </staticProperties>
      <dynamicProperties></dynamicProperties>
    </entity>
    <entity class="StaticModelArray" classVersion="4" classID="0xD0" addr="0x2D7B8B0" id="0x0">
      <staticProperties>
        <property name="name" type="String" container="StaticArray" arraySize="1">
          <containerEntry>StaticModelArray0003</containerEntry>
        </property>
        <property name="dataSet" type="EntityHandle" container="StaticArray" arraySize="1">
          <containerEntry>0x2F73D50</containerEntry>
        </property>
        <property name="modelFile" type="FilePtr" container="StaticArray" arraySize="1">
          <containerEntry>/Assets/tpp/environ/object/afghanistan/cliff/afgh_clff022/scenes/afgh_clff022_vrtn001.fmdl</containerEntry>
        </property>
        <property name="geomFile" type="FilePtr" container="StaticArray" arraySize="1">
          <containerEntry>/Assets/tpp/environ/object/afghanistan/cliff/afgh_clff022/scenes/afgh_clff022_vrtn001.geom</containerEntry>
        </property>
        <property name="isVisibleGeom" type="Bool" container="StaticArray" arraySize="1">
          <containerEntry>false</containerEntry>
        </property>
        <property name="lodFarSize" type="Float" container="StaticArray" arraySize="1">
          <containerEntry>-1</containerEntry>
        </property>
        <property name="lodNearSize" type="Float" container="StaticArray" arraySize="1">
          <containerEntry>-1</containerEntry>
        </property>
        <property name="lodPolygonSize" type="Float" container="StaticArray" arraySize="1">
          <containerEntry>-1</containerEntry>
        </property>
        <property name="drawRejectionLevel" type="Int32" container="StaticArray" arraySize="1">
          <containerEntry>8</containerEntry>
        </property>
        <property name="drawMode" type="Int32" container="StaticArray" arraySize="1">
          <containerEntry>0</containerEntry>
        </property>
        <property name="rejectFarRangeShadowCast" type="Int32" container="StaticArray" arraySize="1">
          <containerEntry>2</containerEntry>
        </property>
        <property name="parentLocator" type="EntityLink" container="StaticArray" arraySize="1">
          <containerEntry packagePathHash="0xB8A0BF169F98" archivePathHash="0xB8A0BF169F98" nameInArchiveHash="0xB8A0BF169F98">0x0</containerEntry>
        </property>
        <property name="transforms" type="Matrix4" container="DynamicArray" arraySize="6">
          <containerEntry r11="-0.782997" r12="0" r13="-0.6220205" r14="0" r21="0" r22="1" r23="0" r24="0" r31="0.6220205" r32="0" r33="-0.782997" r34="0" r41="940.9811" r42="400.80078" r43="-566.3509" r44="1"></containerEntry>
          <containerEntry r11="-0.01067245" r12="0" r13="-0.9999425" r14="0" r21="0" r22="1" r23="0" r24="0" r31="0.9999425" r32="0" r33="-0.01067245" r34="0" r41="996.89496" r42="400.15656" r43="-598.1423" r44="1"></containerEntry>
          <containerEntry r11="-0.22739041" r12="0" r13="-0.97380173" r14="0" r21="0" r22="1" r23="0" r24="0" r31="0.97380173" r32="0" r33="-0.22739041" r34="0" r41="993.1469" r42="384.04773" r43="-580.8025" r44="1"></containerEntry>
          <containerEntry r11="0.94012886" r12="0" r13="-0.34081906" r14="0" r21="0" r22="1" r23="0" r24="0" r31="0.34081906" r32="0" r33="0.94012886" r34="0" r41="982.2787" r42="403.18735" r43="-599.52203" r44="1"></containerEntry>
          <containerEntry r11="-0.782997" r12="0" r13="-0.6220205" r14="0" r21="0" r22="1" r23="0" r24="0" r31="0.6220205" r32="0" r33="-0.782997" r34="0" r41="908.9858" r42="422.07242" r43="-576.8129" r44="1"></containerEntry>
          <containerEntry r11="-0.18646273" r12="0.033279788" r13="0.9818992" r14="0" r21="0.006210015" r22="0.9994461" r23="-0.032695256" r24="0" r31="-0.9824434" r32="1.1902303e-06" r33="-0.18656611" r34="0" r41="1003.06464" r42="377.4526" r43="-515.4816" r44="1"></containerEntry>
        </property>
        <property name="colors" type="UInt32" container="DynamicArray" arraySize="6">
          <containerEntry>4294967295</containerEntry>
          <containerEntry>4294967295</containerEntry>
          <containerEntry>4294967295</containerEntry>
          <containerEntry>4294967295</containerEntry>
          <containerEntry>4294967295</containerEntry>
          <containerEntry>4294967295</containerEntry>
        </property>
      </staticProperties>
      <dynamicProperties></dynamicProperties>
    </entity>
    <entity class="StaticModelArray" classVersion="4" classID="0xD0" addr="0x2D7B5A0" id="0x0">
      <staticProperties>
        <property name="name" type="String" container="StaticArray" arraySize="1">
          <containerEntry>StaticModelArray0004</containerEntry>
        </property>
        <property name="dataSet" type="EntityHandle" container="StaticArray" arraySize="1">
          <containerEntry>0x2F73D50</containerEntry>
        </property>
        <property name="modelFile" type="FilePtr" container="StaticArray" arraySize="1">
          <containerEntry>/Assets/tpp/environ/object/afghanistan/cliff/afgh_clff007/scenes/afgh_clff007.fmdl</containerEntry>
        </property>
        <property name="geomFile" type="FilePtr" container="StaticArray" arraySize="1">
          <containerEntry>/Assets/tpp/environ/object/afghanistan/cliff/afgh_clff007/scenes/afgh_clff007.geom</containerEntry>
        </property>
        <property name="isVisibleGeom" type="Bool" container="StaticArray" arraySize="1">
          <containerEntry>false</containerEntry>
        </property>
        <property name="lodFarSize" type="Float" container="StaticArray" arraySize="1">
          <containerEntry>-1</containerEntry>
        </property>
        <property name="lodNearSize" type="Float" container="StaticArray" arraySize="1">
          <containerEntry>-1</containerEntry>
        </property>
        <property name="lodPolygonSize" type="Float" container="StaticArray" arraySize="1">
          <containerEntry>-1</containerEntry>
        </property>
        <property name="drawRejectionLevel" type="Int32" container="StaticArray" arraySize="1">
          <containerEntry>8</containerEntry>
        </property>
        <property name="drawMode" type="Int32" container="StaticArray" arraySize="1">
          <containerEntry>0</containerEntry>
        </property>
        <property name="rejectFarRangeShadowCast" type="Int32" container="StaticArray" arraySize="1">
          <containerEntry>2</containerEntry>
        </property>
        <property name="parentLocator" type="EntityLink" container="StaticArray" arraySize="1">
          <containerEntry packagePathHash="0xB8A0BF169F98" archivePathHash="0xB8A0BF169F98" nameInArchiveHash="0xB8A0BF169F98">0x0</containerEntry>
        </property>
        <property name="transforms" type="Matrix4" container="DynamicArray" arraySize="8">
          <containerEntry r11="0.67306674" r12="-0.09084673" r13="-0.7339809" r14="0" r21="0.056938853" r22="0.9958467" r23="-0.07104512" r24="0" r31="0.7373866" r32="0.006026052" r33="0.6754439" r34="0" r41="975.2086" r42="378.5562" r43="-533.4037" r44="1"></containerEntry>
          <containerEntry r11="0.6748132" r12="-0.039371043" r13="-0.736937" r14="0" r21="0.006478632" r22="0.9988535" r23="-0.04743145" r24="0" r31="0.73795944" r32="0.027233" r33="0.6742946" r34="0" r41="967.6859" r42="378.59006" r43="-523.8076" r44="1"></containerEntry>
          <containerEntry r11="0.84800196" r12="-0.12524016" r13="-0.51498294" r14="0" r21="0.090802714" r22="0.99164367" r23="-0.09163938" r24="0" r31="0.5221565" r32="0.030948497" r33="0.8522879" r34="0" r41="981.9379" r42="377.52792" r43="-540.8261" r44="1"></containerEntry>
          <containerEntry r11="0.9753717" r12="-0.09478894" r13="-0.19916087" r14="0" r21="0.10071793" r22="0.9947174" r23="0.019829247" r24="0" r31="0.19622919" r32="-0.039399963" r33="0.9797662" r34="0" r41="1007.11633" r42="374.2406" r43="-552.24554" r44="1"></containerEntry>
          <containerEntry r11="0.991325" r12="-0.13016732" r13="0.01819957" r14="0" r21="0.12971829" r22="0.99126047" r23="0.023997597" r24="0" r31="-0.021164216" r32="-0.0214286" r33="0.99954635" r34="0" r41="1017.4298" r42="373.04642" r43="-553.82697" r44="1"></containerEntry>
          <containerEntry r11="0.92455626" r12="-0.13200465" r13="0.35744977" r14="0" r21="0.12335133" r22="0.99124885" r23="0.047011405" r24="0" r31="-0.3605274" r32="0.00062726624" r33="0.9327483" r34="0" r41="1023.59717" r42="372.38492" r43="-553.8433" r44="1"></containerEntry>
          <containerEntry r11="0.75393003" r12="-0.113519356" r13="-0.6470717" r14="0" r21="0.07476464" r22="0.9933845" r23="-0.0871634" r24="0" r31="0.65268576" r32="0.017336883" r33="0.75742966" r34="0" r41="950.67914" r42="381.92215" r43="-538.5652" r44="1"></containerEntry>
          <containerEntry r11="0.9138801" r12="-0.15803666" r13="-0.37396145" r14="0" r21="0.2038828" r22="0.97519964" r23="0.08612388" r24="0" r31="0.3510763" r32="-0.15495138" r33="0.9234366" r34="0" r41="977.4283" r42="378.90036" r43="-559.805" r44="1"></containerEntry>
        </property>
        <property name="colors" type="UInt32" container="DynamicArray" arraySize="8">
          <containerEntry>4294967295</containerEntry>
          <containerEntry>4294967295</containerEntry>
          <containerEntry>4294967295</containerEntry>
          <containerEntry>4294967295</containerEntry>
          <containerEntry>4294967295</containerEntry>
          <containerEntry>4294967295</containerEntry>
          <containerEntry>4294967295</containerEntry>
          <containerEntry>4294967295</containerEntry>
        </property>
      </staticProperties>
      <dynamicProperties></dynamicProperties>
    </entity>
    <entity class="StaticModelArray" classVersion="4" classID="0xD0" addr="0x2D7B3E0" id="0x0">
      <staticProperties>
        <property name="name" type="String" container="StaticArray" arraySize="1">
          <containerEntry>StaticModelArray0005</containerEntry>
        </property>
        <property name="dataSet" type="EntityHandle" container="StaticArray" arraySize="1">
          <containerEntry>0x2F73D50</containerEntry>
        </property>
        <property name="modelFile" type="FilePtr" container="StaticArray" arraySize="1">
          <containerEntry>/Assets/tpp/environ/object/afghanistan/cliff/afgh_clff025/scenes/afgh_clff025.fmdl</containerEntry>
        </property>
        <property name="geomFile" type="FilePtr" container="StaticArray" arraySize="1">
          <containerEntry>/Assets/tpp/environ/object/afghanistan/cliff/afgh_clff025/scenes/afgh_clff025.geom</containerEntry>
        </property>
        <property name="isVisibleGeom" type="Bool" container="StaticArray" arraySize="1">
          <containerEntry>false</containerEntry>
        </property>
        <property name="lodFarSize" type="Float" container="StaticArray" arraySize="1">
          <containerEntry>-1</containerEntry>
        </property>
        <property name="lodNearSize" type="Float" container="StaticArray" arraySize="1">
          <containerEntry>-1</containerEntry>
        </property>
        <property name="lodPolygonSize" type="Float" container="StaticArray" arraySize="1">
          <containerEntry>-1</containerEntry>
        </property>
        <property name="drawRejectionLevel" type="Int32" container="StaticArray" arraySize="1">
          <containerEntry>8</containerEntry>
        </property>
        <property name="drawMode" type="Int32" container="StaticArray" arraySize="1">
          <containerEntry>0</containerEntry>
        </property>
        <property name="rejectFarRangeShadowCast" type="Int32" container="StaticArray" arraySize="1">
          <containerEntry>2</containerEntry>
        </property>
        <property name="parentLocator" type="EntityLink" container="StaticArray" arraySize="1">
          <containerEntry packagePathHash="0xB8A0BF169F98" archivePathHash="0xB8A0BF169F98" nameInArchiveHash="0xB8A0BF169F98">0x0</containerEntry>
        </property>
        <property name="transforms" type="Matrix4" container="DynamicArray" arraySize="2">
          <containerEntry r11="-0.4152758" r12="0.02847766" r13="-0.9092421" r14="0" r21="0.05788669" r22="0.99831146" r23="0.004828429" r24="0" r31="0.90784436" r32="-0.05062811" r33="-0.4162231" r34="0" r41="962.70197" r42="378.00925" r43="-514.44135" r44="1"></containerEntry>
          <containerEntry r11="0.75452983" r12="-0.009947906" r13="-0.65618926" r14="0" r21="0.014479064" r22="0.9998941" r23="0.0014904528" r24="0" r31="0.65610486" r32="-0.010625625" r33="0.7545939" r34="0" r41="934.02856" r42="384.1793" r43="-517.5805" r44="1"></containerEntry>
        </property>
        <property name="colors" type="UInt32" container="DynamicArray" arraySize="2">
          <containerEntry>4294967295</containerEntry>
          <containerEntry>4294967295</containerEntry>
        </property>
      </staticProperties>
      <dynamicProperties></dynamicProperties>
    </entity>
    <entity class="StaticModelArray" classVersion="4" classID="0xD0" addr="0x2D7B760" id="0x0">
      <staticProperties>
        <property name="name" type="String" container="StaticArray" arraySize="1">
          <containerEntry>StaticModelArray0006</containerEntry>
        </property>
        <property name="dataSet" type="EntityHandle" container="StaticArray" arraySize="1">
          <containerEntry>0x2F73D50</containerEntry>
        </property>
        <property name="modelFile" type="FilePtr" container="StaticArray" arraySize="1">
          <containerEntry>/Assets/tpp/environ/object/afghanistan/rock/afgh_rock010/scenes/afgh_rock010.fmdl</containerEntry>
        </property>
        <property name="geomFile" type="FilePtr" container="StaticArray" arraySize="1">
          <containerEntry>/Assets/tpp/environ/object/afghanistan/rock/afgh_rock010/scenes/afgh_rock010.geom</containerEntry>
        </property>
        <property name="isVisibleGeom" type="Bool" container="StaticArray" arraySize="1">
          <containerEntry>false</containerEntry>
        </property>
        <property name="lodFarSize" type="Float" container="StaticArray" arraySize="1">
          <containerEntry>-1</containerEntry>
        </property>
        <property name="lodNearSize" type="Float" container="StaticArray" arraySize="1">
          <containerEntry>-1</containerEntry>
        </property>
        <property name="lodPolygonSize" type="Float" container="StaticArray" arraySize="1">
          <containerEntry>-1</containerEntry>
        </property>
        <property name="drawRejectionLevel" type="Int32" container="StaticArray" arraySize="1">
          <containerEntry>8</containerEntry>
        </property>
        <property name="drawMode" type="Int32" container="StaticArray" arraySize="1">
          <containerEntry>0</containerEntry>
        </property>
        <property name="rejectFarRangeShadowCast" type="Int32" container="StaticArray" arraySize="1">
          <containerEntry>2</containerEntry>
        </property>
