<fox formatVersion="2" fileVersion="0">
  <entities>
    <entity class="DataSet" classVersion="0" classID="0xE8" addr="0x2EF1AC0" id="0x17EFB4D">
      <staticProperties>
        <property name="name" type="String" container="StaticArray" arraySize="1">
          <containerEntry hash="0xB8A0BF169F98"></containerEntry>
        </property>
        <property name="dataSet" type="EntityHandle" container="StaticArray" arraySize="1">
          <containerEntry>0x0</containerEntry>
        </property>
        <property name="dataList" type="EntityPtr" container="StringMap" arraySize="5">
          <containerEntry key="StaticModelArray0000">
            <data>0x2D7D2F0</data>
          </containerEntry>
          <containerEntry key="StaticModelArray0001">
            <data>0x2D7D360</data>
          </containerEntry>
          <containerEntry key="StaticModelArray0002">
            <data>0x2EF1F90</data>
          </containerEntry>
          <containerEntry key="StaticModelArray0003">
            <data>0x2D7CF00</data>
          </containerEntry>
          <containerEntry key="TexturePackLoadConditioner0000">
            <data>0x2D7D9F0</data>
          </containerEntry>
        </property>
      </staticProperties>
      <dynamicProperties></dynamicProperties>
    </entity>
    <entity class="StaticModelArray" classVersion="4" classID="0xD0" addr="0x2D7D2F0" id="0x0">
      <staticProperties>
        <property name="name" type="String" container="StaticArray" arraySize="1">
          <containerEntry>StaticModelArray0000</containerEntry>
        </property>
        <property name="dataSet" type="EntityHandle" container="StaticArray" arraySize="1">
          <containerEntry>0x2EF1AC0</containerEntry>
        </property>
        <property name="modelFile" type="FilePtr" container="StaticArray" arraySize="1">
          <containerEntry>/Assets/tpp/environ/object/middle_africa/cliff/mafr_clff015/scenes/mafr_clff015_wall002.fmdl</containerEntry>
        </property>
        <property name="geomFile" type="FilePtr" container="StaticArray" arraySize="1">
          <containerEntry>/Assets/tpp/environ/object/middle_africa/cliff/mafr_clff015/scenes/mafr_clff015_wall002.geom</containerEntry>
        </property>
        <property name="isVisibleGeom" type="Bool" container="StaticArray" arraySize="1">
          <containerEntry>false</containerEntry>
        </property>
        <property name="lodFarSize" type="Float" container="StaticArray" arraySize="1">
          <containerEntry>-1</containerEntry>
        </property>
        <property name="lodNearSize" type="Float" container="StaticArray" arraySize="1">
          <containerEntry>-1</containerEntry>
        </property>
        <property name="lodPolygonSize" type="Float" container="StaticArray" arraySize="1">
          <containerEntry>-1</containerEntry>
        </property>
        <property name="drawRejectionLevel" type="Int32" container="StaticArray" arraySize="1">
          <containerEntry>8</containerEntry>
        </property>
        <property name="drawMode" type="Int32" container="StaticArray" arraySize="1">
          <containerEntry>0</containerEntry>
        </property>
        <property name="rejectFarRangeShadowCast" type="Int32" container="StaticArray" arraySize="1">
          <containerEntry>2</containerEntry>
        </property>
        <property name="parentLocator" type="EntityLink" container="StaticArray" arraySize="1">
          <containerEntry packagePathHash="0xB8A0BF169F98" archivePathHash="0xB8A0BF169F98" nameInArchiveHash="0xB8A0BF169F98">0x0</containerEntry>
        </property>
        <property name="transforms" type="Matrix4" container="DynamicArray" arraySize="4">
          <containerEntry r11="-0.4039718" r12="0" r13="0.91477203" r14="0" r21="0" r22="1" r23="0" r24="0" r31="-0.91477203" r32="0" r33="-0.4039718" r34="0" r41="2519.5527" r42="-13.076565" r43="1255.063" r44="1"></containerEntry>
          <containerEntry r11="-0.3576851" r12="0" r13="0.933843" r14="0" r21="0" r22="1" r23="0" r24="0" r31="-0.933843" r32="0" r33="-0.3576851" r34="0" r41="2508.4338" r42="-9.862021" r43="1241.1147" r44="1"></containerEntry>
          <containerEntry r11="0.6740102" r12="-0.0031833067" r13="-0.18894437" r14="0" r21="0.035211463" r22="0.6897587" r23="0.11398678" r24="0" r31="0.18566166" r32="-0.119258955" r33="0.66430944" r34="0" r41="2483.833" r42="-17.788918" r43="1184.9103" r44="1"></containerEntry>
          <containerEntry r11="0.16731776" r12="-0.018097643" r13="0.67946774" r14="0" r21="0.15856557" r22="0.68148386" r23="-0.020894993" r24="0" r31="-0.66095454" r32="0.15890914" r33="0.16699147" r34="0" r41="2461.308" r42="-13.898245" r43="1225.5199" r44="1"></containerEntry>
        </property>
        <property name="colors" type="UInt32" container="DynamicArray" arraySize="4">
          <containerEntry>4294967295</containerEntry>
          <containerEntry>4294967295</containerEntry>
          <containerEntry>4294967295</containerEntry>
          <containerEntry>4294967295</containerEntry>
        </property>
      </staticProperties>
      <dynamicProperties></dynamicProperties>
    </entity>
    <entity class="StaticModelArray" classVersion="4" classID="0xD0" addr="0x2D7D360" id="0x0">
      <staticProperties>
        <property name="name" type="String" container="StaticArray" arraySize="1">
          <containerEntry>StaticModelArray0001</containerEntry>
        </property>
        <property name="dataSet" type="EntityHandle" container="StaticArray" arraySize="1">
          <containerEntry>0x2EF1AC0</containerEntry>
        </property>
        <property name="modelFile" type="FilePtr" container="StaticArray" arraySize="1">
          <containerEntry>/Assets/tpp/environ/object/middle_africa/rock/mafr_rock011/scenes/mafr_rock011.fmdl</containerEntry>
        </property>
        <property name="geomFile" type="FilePtr" container="StaticArray" arraySize="1">
          <containerEntry>/Assets/tpp/environ/object/middle_africa/rock/mafr_rock011/scenes/mafr_rock011.geom</containerEntry>
        </property>
        <property name="isVisibleGeom" type="Bool" container="StaticArray" arraySize="1">
          <containerEntry>false</containerEntry>
        </property>
        <property name="lodFarSize" type="Float" container="StaticArray" arraySize="1">
          <containerEntry>50</containerEntry>
        </property>
        <property name="lodNearSize" type="Float" container="StaticArray" arraySize="1">
          <containerEntry>600</containerEntry>
        </property>
        <property name="lodPolygonSize" type="Float" container="StaticArray" arraySize="1">
          <containerEntry>-1</containerEntry>
        </property>
        <property name="drawRejectionLevel" type="Int32" container="StaticArray" arraySize="1">
          <containerEntry>8</containerEntry>
        </property>
        <property name="drawMode" type="Int32" container="StaticArray" arraySize="1">
          <containerEntry>0</containerEntry>
        </property>
        <property name="rejectFarRangeShadowCast" type="Int32" container="StaticArray" arraySize="1">
          <containerEntry>2</containerEntry>
        </property>
        <property name="parentLocator" type="EntityLink" container="StaticArray" arraySize="1">
          <containerEntry packagePathHash="0xB8A0BF169F98" archivePathHash="0xB8A0BF169F98" nameInArchiveHash="0xB8A0BF169F98">0x0</containerEntry>
        </property>
        <property name="transforms" type="Matrix4" container="DynamicArray" arraySize="25">
          <containerEntry r11="0.14786705" r12="0.117753655" r13="-0.9819723" r14="0" r21="0.37627572" r22="0.911522" r23="0.16596484" r24="0" r31="0.91463226" r32="-0.39403304" r33="0.090476215" r34="0" r41="2486.0828" r42="-4.198476" r43="1277.2795" r44="1"></containerEntry>
          <containerEntry r11="0.9916872" r12="-0.09160228" r13="-0.09036331" r14="0" r21="0.12516971" r22="0.84952474" r23="0.5124841" r24="0" r31="0.029821103" r32="-0.5195347" r33="0.8539286" r34="0" r41="2529.6946" r42="-12.055889" r43="1182.0024" r44="1"></containerEntry>
          <containerEntry r11="0.14786705" r12="0.117753655" r13="-0.9819723" r14="0" r21="0.37627572" r22="0.911522" r23="0.16596484" r24="0" r31="0.91463226" r32="-0.39403304" r33="0.090476215" r34="0" r41="2451.705" r42="-8.061297" r43="1258.997" r44="1"></containerEntry>
          <containerEntry r11="0.6090053" r12="0.06917007" r13="-0.7901441" r14="0" r21="0.33711988" r22="0.8791576" r23="0.33679667" r24="0" r31="0.7179574" r32="-0.4714843" r33="0.51209295" r34="0" r41="2445.1277" r42="-9.223884" r43="1210.112" r44="1"></containerEntry>
          <containerEntry r11="0.962098" r12="0.0399842" r13="0.26975664" r14="0" r21="-0.13411938" r22="0.9306665" r23="0.3403995" r24="0" r31="-0.23744288" r32="-0.3636773" r33="0.90075505" r34="0" r41="2525.7002" r42="-14.153837" r43="1166.3417" r44="1"></containerEntry>
          <containerEntry r11="0.9584087" r12="0.03763666" r13="0.28290647" r14="0" r21="-0.17352766" r22="0.8638345" r23="0.4729459" r24="0" r31="-0.22658421" r32="-0.5023676" r33="0.83443755" r34="0" r41="2522.397" r42="-14.330774" r43="1161.441" r44="1"></containerEntry>
          <containerEntry r11="0.9494202" r12="0.22308439" r13="0.22098567" r14="0" r21="-0.29388118" r22="0.8791745" r23="0.37508163" r24="0" r31="-0.11061011" r32="-0.4210536" r33="0.90026623" r34="0" r41="2552.0303" r42="-15.31868" r43="1169.6925" r44="1"></containerEntry>
          <containerEntry r11="0.98236656" r12="0.0092309825" r13="-0.18673709" r14="0" r21="0.09142922" r22="0.847495" r23="0.5228697" r24="0" r31="0.16308534" r32="-0.5307229" r33="0.8317068" r34="0" r41="2484.6848" r42="-14.041352" r43="1154.3799" r44="1"></containerEntry>
          <containerEntry r11="0.93517554" r12="0.12228531" r13="0.33240497" r14="0" r21="-0.26669335" r22="0.86069834" r23="0.43367404" r24="0" r31="-0.23306851" r32="-0.49421152" r33="0.83751667" r34="0" r41="2491.4866" r42="-14.1002" r43="1156.1704" r44="1"></containerEntry>
          <containerEntry r11="0.95329237" r12="0.19639379" r13="0.22948459" r14="0" r21="-0.26130658" r22="0.91730326" r23="0.3004555" r24="0" r31="-0.15149936" r32="-0.34638774" r33="0.9257772" r34="0" r41="2534.167" r42="-14.746664" r43="1162.2404" r44="1"></containerEntry>
          <containerEntry r11="0.18630245" r12="0.015756153" r13="0.9823662" r14="0" r21="-0.17897661" r22="0.9836856" r23="0.018166041" r24="0" r31="-0.96605325" r32="-0.17920494" r33="0.18608302" r34="0" r41="2539.7607" r42="-9.332008" r43="1216.5087" r44="1"></containerEntry>
          <containerEntry r11="0.23394936" r12="-0.0149895325" r13="0.9721337" r14="0" r21="-0.16208887" r22="0.9852865" r23="0.05420107" r24="0" r31="-0.95864266" r32="-0.17025231" r33="0.22807747" r34="0" r41="2541.7273" r42="-11.264646" r43="1235.0331" r44="1"></containerEntry>
          <containerEntry r11="-0.0036024526" r12="0.09682907" r13="0.99529517" r14="0" r21="-0.21874966" r22="0.97111934" r23="-0.09526776" r24="0" r31="-0.975775" r32="-0.21806347" r33="0.01768291" r34="0" r41="2530.6555" r42="-11.074957" r43="1271.6268" r44="1"></containerEntry>
          <containerEntry r11="0.036694497" r12="0.15086395" r13="0.9878723" r14="0" r21="-0.70540464" r22="0.7041232" r23="-0.081328176" r24="0" r31="-0.707853" r32="-0.6938662" r33="0.13225794" r34="0" r41="2445.176" r42="-9.073078" r43="1213.9863" r44="1"></containerEntry>
          <containerEntry r11="0.66536504" r12="0.14926133" r13="0.7314437" r14="0" r21="-0.41780517" r22="0.8864362" r23="0.19917203" r24="0" r31="-0.6186494" r32="-0.43812323" r33="0.6521659" r34="0" r41="2540.5627" r42="-14.641787" r43="1165.0636" r44="1"></containerEntry>
          <containerEntry r11="0.7855757" r12="-0.09160234" r13="-0.61194754" r14="0" r21="0.38226867" r22="0.8495249" r23="0.36356294" r24="0" r31="0.48656142" r32="-0.5195346" r33="0.7023828" r34="0" r41="2522.6887" r42="-11.700453" r43="1182.0024" r44="1"></containerEntry>
          <containerEntry r11="-0.23241325" r12="0.2230854" r13="0.94668776" r14="0" r21="-0.37151206" r22="0.87917423" r23="-0.2983816" r24="0" r31="-0.898868" r32="-0.42105356" r33="-0.12145287" r34="0" r41="2559.8638" r42="-14.650823" r43="1177.3607" r44="1"></containerEntry>
          <containerEntry r11="-0.33034682" r12="0.016434975" r13="0.94371593" r14="0" r21="-0.07639268" r22="0.99610263" r23="-0.04408745" r24="0" r31="-0.9407625" r32="-0.0866572" r33="-0.3278038" r34="0" r41="2539.8423" r42="-11.424129" r43="1243.9904" r44="1"></containerEntry>
          <containerEntry r11="-0.21857758" r12="-0.034831718" r13="0.9751985" r14="0" r21="-0.18089993" r22="0.9834866" r23="-0.0054173702" r24="0" r31="-0.95890594" r32="-0.17759734" r33="-0.22126919" r34="0" r41="2532.7454" r42="-10.646144" r43="1263.8887" r44="1"></containerEntry>
          <containerEntry r11="-0.2044873" r12="0.24979511" r13="-0.94645953" r14="0" r21="0.95927805" r22="0.24361046" r23="-0.14296368" r24="0" r31="0.19485533" r32="-0.93715286" r33="-0.2894377" r34="0" r41="2532.1309" r42="-9.211287" r43="1256.6077" r44="1"></containerEntry>
          <containerEntry r11="0.18620527" r12="0.080535546" r13="0.97920495" r14="0" r21="-0.4551279" r22="0.89032644" r23="0.013322483" r24="0" r31="-0.87073916" r32="-0.44814402" r33="0.2024374" r34="0" r41="2548.3953" r42="-14.31119" r43="1256.1282" r44="1"></containerEntry>
          <containerEntry r11="-0.29445395" r12="0.080535665" r13="0.9522661" r14="0" r21="-0.40828782" r22="0.89032626" r23="-0.20154451" r24="0" r31="-0.8640591" r32="-0.44814426" r33="-0.22927833" r34="0" r41="2546.9897" r42="-14.426494" r43="1263.7495" r44="1"></containerEntry>
          <containerEntry r11="-0.32998955" r12="-0.072766826" r13="0.94117445" r14="0" r21="-0.43285927" r22="0.8976911" r23="-0.082361326" r24="0" r31="-0.8388906" r32="-0.434575" r33="-0.32772636" r34="0" r41="2550.7173" r42="-12.174012" r43="1226.705" r44="1"></containerEntry>
          <containerEntry r11="0.07716213" r12="0.03672129" r13="0.9963427" r14="0" r21="-0.48081318" r22="0.8768094" r23="0.0049223285" r24="0" r31="-0.87342197" r32="-0.4794342" r33="0.085312486" r34="0" r41="2553.496" r42="-13.687061" r43="1233.7864" r44="1"></containerEntry>
          <containerEntry r11="-0.14450423" r12="0.0044701397" r13="-0.98949254" r14="0" r21="0.7938515" r22="0.59747493" r23="-0.11323599" r24="0" r31="0.59069026" r32="-0.80187446" r33="-0.08988565" r34="0" r41="2532.6536" r42="-11.35817" r43="1274.2947" r44="1"></containerEntry>
        </property>
        <property name="colors" type="UInt32" container="DynamicArray" arraySize="25">
          <containerEntry>4294967295</containerEntry>
          <containerEntry>4294967295</containerEntry>
          <containerEntry>4294967295</containerEntry>
          <containerEntry>4294967295</containerEntry>
          <containerEntry>4294967295</containerEntry>
          <containerEntry>4294967295</containerEntry>
          <containerEntry>4294967295</containerEntry>
          <containerEntry>4294967295</containerEntry>
          <containerEntry>4294967295</containerEntry>
          <containerEntry>4294967295</containerEntry>
          <containerEntry>4294967295</containerEntry>
          <containerEntry>4294967295</containerEntry>
          <containerEntry>4294967295</containerEntry>
          <containerEntry>4294967295</containerEntry>
          <containerEntry>4294967295</containerEntry>
          <containerEntry>4294967295</containerEntry>
          <containerEntry>4294967295</containerEntry>
          <containerEntry>4294967295</containerEntry>
          <containerEntry>4294967295</containerEntry>
          <containerEntry>4294967295</containerEntry>
          <containerEntry>4294967295</containerEntry>
          <containerEntry>4294967295</containerEntry>
          <containerEntry>4294967295</containerEntry>
          <containerEntry>4294967295</containerEntry>
          <containerEntry>4294967295</containerEntry>
        </property>
      </staticProperties>
      <dynamicProperties></dynamicProperties>
    </entity>
    <entity class="StaticModelArray" classVersion="4" classID="0xD0" addr="0x2EF1F90" id="0x0">
      <staticProperties>
        <property name="name" type="String" container="StaticArray" arraySize="1">
          <containerEntry>StaticModelArray0002</containerEntry>
        </property>
        <property name="dataSet" type="EntityHandle" container="StaticArray" arraySize="1">
          <containerEntry>0x2EF1AC0</containerEntry>
        </property>
        <property name="modelFile" type="FilePtr" container="StaticArray" arraySize="1">
          <containerEntry>/Assets/tpp/environ/object/middle_africa/tree/mafr_tree032/scenes/mafr_tree032.fmdl</containerEntry>
        </property>
        <property name="geomFile" type="FilePtr" container="StaticArray" arraySize="1">
          <containerEntry>/Assets/tpp/environ/object/middle_africa/tree/mafr_tree032/scenes/mafr_tree032.geom</containerEntry>
        </property>
        <property name="isVisibleGeom" type="Bool" container="StaticArray" arraySize="1">
          <containerEntry>false</containerEntry>
        </property>
        <property name="lodFarSize" type="Float" container="StaticArray" arraySize="1">
          <containerEntry>-1</containerEntry>
        </property>
        <property name="lodNearSize" type="Float" container="StaticArray" arraySize="1">
          <containerEntry>-1</containerEntry>
        </property>
        <property name="lodPolygonSize" type="Float" container="StaticArray" arraySize="1">
          <containerEntry>-1</containerEntry>
        </property>
        <property name="drawRejectionLevel" type="Int32" container="StaticArray" arraySize="1">
          <containerEntry>8</containerEntry>
        </property>
        <property name="drawMode" type="Int32" container="StaticArray" arraySize="1">
          <containerEntry>0</containerEntry>
        </property>
        <property name="rejectFarRangeShadowCast" type="Int32" container="StaticArray" arraySize="1">
          <containerEntry>2</containerEntry>
        </property>
        <property name="parentLocator" type="EntityLink" container="StaticArray" arraySize="1">
          <containerEntry packagePathHash="0xB8A0BF169F98" archivePathHash="0xB8A0BF169F98" nameInArchiveHash="0xB8A0BF169F98">0x0</containerEntry>
        </property>
        <property name="transforms" type="Matrix4" container="DynamicArray" arraySize="12">
          <containerEntry r11="-0.30211067" r12="0" r13="0.9532755" r14="0" r21="0" r22="1" r23="0" r24="0" r31="-0.9532755" r32="0" r33="-0.30211067" r34="0" r41="2515.672" r42="4.010722" r43="1220.0184" r44="1"></containerEntry>
          <containerEntry r11="-0.30211067" r12="0" r13="0.9532755" r14="0" r21="0" r22="1" r23="0" r24="0" r31="-0.9532755" r32="0" r33="-0.30211067" r34="0" r41="2511.8394" r42="4.635583" r43="1232.6896" r44="1"></containerEntry>
          <containerEntry r11="0.5640723" r12="0" r13="-0.8257263" r14="0" r21="0" r22="1" r23="0" r24="0" r31="0.8257263" r32="0" r33="0.5640723" r34="0" r41="2506.1294" r42="6.403221" r43="1241.6659" r44="1"></containerEntry>
          <containerEntry r11="0.5640723" r12="0" r13="-0.8257263" r14="0" r21="0" r22="1" r23="0" r24="0" r31="0.8257263" r32="0" r33="0.5640723" r34="0" r41="2499.0457" r42="5.802819" r43="1260.1174" r44="1"></containerEntry>
          <containerEntry r11="-0.9875994" r12="0" r13="0.15701894" r14="0" r21="0" r22="1" r23="0" r24="0" r31="-0.15701894" r32="0" r33="-0.9875994" r34="0" r41="2492.867" r42="5.591928" r43="1268.387" r44="1"></containerEntry>
          <containerEntry r11="-0.57726204" r12="0" r13="0.81656104" r14="0" r21="0" r22="1" r23="0" r24="0" r31="-0.81656104" r32="0" r33="-0.57726204" r34="0" r41="2496.4307" r42="6.177401" r43="1275.5875" r44="1"></containerEntry>
          <containerEntry r11="-0.57726204" r12="0" r13="0.81656104" r14="0" r21="0" r22="1" r23="0" r24="0" r31="-0.81656104" r32="0" r33="-0.57726204" r34="0" r41="2514.955" r42="6.17409" r43="1266.6349" r44="1"></containerEntry>
          <containerEntry r11="-0.57726204" r12="0" r13="0.81656104" r14="0" r21="0" r22="1" r23="0" r24="0" r31="-0.81656104" r32="0" r33="-0.57726204" r34="0" r41="2514.955" r42="7.615481" r43="1257.0166" r44="1"></containerEntry>
          <containerEntry r11="-0.57726204" r12="0" r13="0.81656104" r14="0" r21="0" r22="1" r23="0" r24="0" r31="-0.81656104" r32="0" r33="-0.57726204" r34="0" r41="2523.095" r42="6.700658" r43="1244.331" r44="1"></containerEntry>
          <containerEntry r11="-0.57726204" r12="0" r13="0.81656104" r14="0" r21="0" r22="1" r23="0" r24="0" r31="-0.81656104" r32="0" r33="-0.57726204" r34="0" r41="2523.095" r42="5.759703" r43="1227.9166" r44="1"></containerEntry>
          <containerEntry r11="-0.57726204" r12="0" r13="0.81656104" r14="0" r21="0" r22="1" r23="0" r24="0" r31="-0.81656104" r32="0" r33="-0.57726204" r34="0" r41="2523.307" r42="4.411448" r43="1219.256" r44="1"></containerEntry>
          <containerEntry r11="-0.3777901" r12="0" r13="-0.9258915" r14="0" r21="0" r22="1" r23="0" r24="0" r31="0.9258915" r32="0" r33="-0.3777901" r34="0" r41="2521.5508" r42="3.077825" r43="1207.5852" r44="1"></containerEntry>
        </property>
        <property name="colors" type="UInt32" container="DynamicArray" arraySize="12">
          <containerEntry>4294967295</containerEntry>
          <containerEntry>4294967295</containerEntry>
          <containerEntry>4294967295</containerEntry>
          <containerEntry>4294967295</containerEntry>
          <containerEntry>4294967295</containerEntry>
          <containerEntry>4294967295</containerEntry>
          <containerEntry>4294967295</containerEntry>
          <containerEntry>4294967295</containerEntry>
          <containerEntry>4294967295</containerEntry>
          <containerEntry>4294967295</containerEntry>
          <containerEntry>4294967295</containerEntry>
          <containerEntry>4294967295</containerEntry>
        </property>
      </staticProperties>
      <dynamicProperties></dynamicProperties>
    </entity>
    <entity class="StaticModelArray" classVersion="4" classID="0xD0" addr="0x2D7CF00" id="0x0">
      <staticProperties>
        <property name="name" type="String" container="StaticArray" arraySize="1">
          <containerEntry>StaticModelArray0003</containerEntry>
        </property>
        <property name="dataSet" type="EntityHandle" container="StaticArray" arraySize="1">
          <containerEntry>0x2EF1AC0</containerEntry>
        </property>
        <property name="modelFile" type="FilePtr" container="StaticArray" arraySize="1">
          <containerEntry>/Assets/tpp/environ/object/middle_africa/cliff/mafr_clff003/scenes/mafr_clff003_vrtn001.fmdl</containerEntry>
        </property>
        <property name="geomFile" type="FilePtr" container="StaticArray" arraySize="1">
          <containerEntry>/Assets/tpp/environ/object/middle_africa/cliff/mafr_clff003/scenes/mafr_clff003_vrtn001.geom</containerEntry>
        </property>
        <property name="isVisibleGeom" type="Bool" container="StaticArray" arraySize="1">
          <containerEntry>false</containerEntry>
        </property>
        <property name="lodFarSize" type="Float" container="StaticArray" arraySize="1">
          <containerEntry>-1</containerEntry>
        </property>
        <property name="lodNearSize" type="Float" container="StaticArray" arraySize="1">
          <containerEntry>-1</containerEntry>
        </property>
        <property name="lodPolygonSize" type="Float" container="StaticArray" arraySize="1">
          <containerEntry>-1</containerEntry>
        </property>
        <property name="drawRejectionLevel" type="Int32" container="StaticArray" arraySize="1">
          <containerEntry>8</containerEntry>
        </property>
        <property name="drawMode" type="Int32" container="StaticArray" arraySize="1">
          <containerEntry>0</containerEntry>
        </property>
        <property name="rejectFarRangeShadowCast" type="Int32" container="StaticArray" arraySize="1">
          <containerEntry>2</containerEntry>
        </property>
        <property name="parentLocator" type="EntityLink" container="StaticArray" arraySize="1">
          <containerEntry packagePathHash="0xB8A0BF169F98" archivePathHash="0xB8A0BF169F98" nameInArchiveHash="0xB8A0BF169F98">0x0</containerEntry>
        </property>
        <property name="transforms" type="Matrix4" container="DynamicArray" arraySize="33">
          <containerEntry r11="0.6676945" r12="0.050938636" r13="0.7426899" r14="0" r21="0.6369628" r22="0.4772793" r23="-0.6053769" r24="0" r31="-0.385307" r32="0.877273" r33="0.28623095" r34="0" r41="2507.0627" r42="-11.725838" r43="1170.6332" r44="1"></containerEntry>
          <containerEntry r11="0.99961394" r12="0.01900074" r13="0.020271929" r14="0" r21="0.012027428" r22="0.36179417" r23="-0.9321786" r24="0" r31="-0.025046362" r32="0.9320625" r33="0.36142597" r34="0" r41="2498.3953" r42="-11.558582" r43="1169.6307" r44="1"></containerEntry>
          <containerEntry r11="-0.8334895" r12="0.08483204" r13="0.5459755" r14="0" r21="0.31578436" r22="0.88399214" r23="0.34472817" r24="0" r31="-0.45339382" r32="0.45973992" r33="-0.7635863" r34="0" r41="2480.7563" r42="-11.297059" r43="1173.4034" r44="1"></containerEntry>
          <containerEntry r11="-0.4745758" r12="0.02026014" r13="0.8799763" r14="0" r21="0.4532249" r22="0.86264473" r23="0.22456713" r24="0" r31="-0.7545568" r32="0.5054036" r33="-0.41857213" r34="0" r41="2455.1687" r42="-10.290959" r43="1199.8805" r44="1"></containerEntry>
          <containerEntry r11="0.18194664" r12="-0.10484107" r13="0.9777005" r14="0" r21="0.4475783" r22="0.89415574" r23="0.012590781" r24="0" r31="-0.8755362" r32="0.43530816" r33="0.20961368" r34="0" r41="2455.6128" r42="-8.722186" r43="1230.1868" r44="1"></containerEntry>
          <containerEntry r11="0.6229272" r12="-0.04516977" r13="-0.78097266" r14="0" r21="-0.70178694" r22="0.4088109" r23="-0.5834071" r24="0" r31="0.3456207" r32="0.9114979" r33="0.22296065" r34="0" r41="2457.2158" r42="-8.254984" r43="1222.8806" r44="1"></containerEntry>
          <containerEntry r11="-0.5032944" r12="0.227306" r13="0.8336786" r14="0" r21="0.33258054" r22="0.94141656" r23="-0.055899777" r24="0" r31="-0.7975451" r32="0.24913165" r33="-0.54940724" r34="0" r41="2510.8132" r42="-6.271478" r43="1218.813" r44="1"></containerEntry>
          <containerEntry r11="0.6375295" r12="-0.14498834" r13="-0.7566581" r14="0" r21="-0.59520274" r22="0.53090143" r23="-0.6032192" r24="0" r31="0.48916948" r32="0.83493596" r33="0.25216818" r34="0" r41="2514.3257" r42="-7.121151" r43="1210.1943" r44="1"></containerEntry>
          <containerEntry r11="0.984641" r12="-0.022239186" r13="0.17316855" r14="0" r21="0.17253536" r22="0.27569562" r23="-0.9456305" r24="0" r31="-0.026711091" r32="0.9609843" r33="0.27529836" r34="0" r41="2524.5242" r42="-8.06307" r43="1203.0396" r44="1"></containerEntry>
          <containerEntry r11="0.502174" r12="0.087613374" r13="0.86031425" r14="0" r21="0.84096324" r22="0.18232542" r23="-0.5094416" r24="0" r31="-0.20148805" r32="0.97932315" r33="0.017880976" r34="0" r41="2534.0813" r42="-8.63937" r43="1208.1727" r44="1"></containerEntry>
          <containerEntry r11="-0.44441432" r12="0.04027604" r13="-0.89490855" r14="0" r21="0.0040657073" r22="0.99906915" r23="0.04294461" r24="0" r31="0.89580524" r32="0.015447013" r33="-0.4441644" r34="0" r41="2534.0813" r42="-8.63937" r43="1231.9667" r44="1"></containerEntry>
          <containerEntry r11="-0.26747215" r12="-0.012927562" r13="0.9634755" r14="0" r21="0.5035349" r22="0.8506408" r23="0.15120211" r24="0" r31="-0.8215259" r32="0.5255877" r33="-0.22101271" r34="0" r41="2488.2961" r42="-4.607595" r43="1261.7452" r44="1"></containerEntry>
          <containerEntry r11="0.86381346" r12="-0.022571236" r13="-0.50330496" r14="0" r21="-0.47660738" r22="0.28722006" r23="-0.8308699" r24="0" r31="0.16331182" r32="0.95759594" r33="0.23734725" r34="0" r41="2497.0308" r42="-3.924433" r43="1255.5405" r44="1"></containerEntry>
          <containerEntry r11="-0.6820556" r12="0.019066796" r13="0.7310443" r14="0" r21="0.15727109" r22="0.9800936" r23="0.12117042" r24="0" r31="-0.7141814" r32="0.19761811" r33="-0.67147684" r34="0" r41="2501.9182" r42="-3.991662" r43="1234.0249" r44="1"></containerEntry>
          <containerEntry r11="0.74389946" r12="-0.24413593" r13="-0.6221008" r14="0" r21="-0.3106544" r22="0.6978704" r23="-0.6453437" r24="0" r31="0.59169716" r32="0.6733293" r33="0.44330353" r34="0" r41="2487.0737" r42="-6.140514" r43="1228.685" r44="1"></containerEntry>
          <containerEntry r11="-0.92931354" r12="-0.019944906" r13="0.3687312" r14="0" r21="0.19753353" r22="0.81681377" r23="0.5420279" r24="0" r31="-0.3119952" r32="0.5765552" r33="-0.7551349" r34="0" r41="2472.6658" r42="-6.254874" r43="1239.2584" r44="1"></containerEntry>
          <containerEntry r11="-0.7903578" r12="0.0056356415" r13="0.61260825" r14="0" r21="0.18304208" r22="0.9564545" r23="0.2273545" r24="0" r31="-0.5846506" r32="0.29182652" r33="-0.75697255" r34="0" r41="2475.2341" r42="-7.788538" r43="1203.1146" r44="1"></containerEntry>
          <containerEntry r11="0.5898812" r12="-0.050741374" r13="0.80589247" r14="0" r21="0.5956449" r22="0.7011911" r23="-0.39183694" r24="0" r31="-0.5452014" r32="0.71116406" r33="0.44384378" r34="0" r41="2447.954" r42="-9.247562" r43="1244.9222" r44="1"></containerEntry>
          <containerEntry r11="-0.18726613" r12="-0.028151423" r13="-0.9818996" r14="0" r21="-0.62994385" r22="0.7704241" r23="0.09805676" r24="0" r31="0.75371754" r32="0.63690805" r33="-0.16200686" r34="0" r41="2481.2776" r42="-5.983918" r43="1232.0579" r44="1"></containerEntry>
          <containerEntry r11="0.57028395" r12="-0.13601278" r13="-0.8101063" r14="0" r21="-0.22716348" r22="0.92162484" r23="-0.31464827" r24="0" r31="0.7894101" r32="0.36346567" r33="0.49469075" r34="0" r41="2479.7698" r42="-7.788538" r43="1207.5939" r44="1"></containerEntry>
          <containerEntry r11="0.022030845" r12="-0.00740847" r13="-0.9997265" r14="0" r21="-0.85322857" r22="0.52104133" r23="-0.022660673" r24="0" r31="0.52106506" r32="0.8534973" r33="0.0051594377" r34="0" r41="2494.9934" r42="-5.562445" r43="1241.9329" r44="1"></containerEntry>
          <containerEntry r11="0.56651" r12="-0.0086966455" r13="0.824008" r14="0" r21="0.67998445" r22="0.5697874" r23="-0.461478" r24="0" r31="-0.46549535" r32="0.82174516" r33="0.32870415" r34="0" r41="2457.3345" r42="-11.887547" r43="1165.1322" r44="1"></containerEntry>
          <containerEntry r11="-0.6733115" r12="-0.029863194" r13="-0.7387494" r14="0" r21="-0.5131661" r22="0.7381921" r23="0.43787163" r24="0" r31="0.5322621" r32="0.6739282" r33="-0.51235676" r34="0" r41="2453.9106" r42="-12.219953" r43="1164.9766" r44="1"></containerEntry>
          <containerEntry r11="-0.083331496" r12="0.14678913" r13="0.9856473" r14="0" r21="0.9118549" r22="0.41019493" r23="0.01600784" r24="0" r31="-0.4019556" r32="0.90010476" r33="-0.16803062" r34="0" r41="2545.3538" r42="-12.710506" r43="1200.7582" r44="1"></containerEntry>
          <containerEntry r11="0.9489294" r12="-0.17111436" r13="0.2650519" r14="0" r21="0.31439933" r22="0.44317454" r23="-0.8394915" r24="0" r31="0.026185676" r32="0.8799504" r33="0.47433987" r34="0" r41="2534.379" r42="-12.529274" r43="1188.9274" r44="1"></containerEntry>
          <containerEntry r11="0.45651272" r12="-0.16579121" r13="0.8741317" r14="0" r21="0.75810164" r22="0.58674073" r23="-0.28463075" r24="0" r31="-0.46569812" r32="0.7926197" r33="0.39354226" r34="0" r41="2508.8376" r42="-8.86159" r43="1196.7664" r44="1"></containerEntry>
          <containerEntry r11="0.93630797" r12="-0.10913342" r13="0.33379155" r14="0" r21="0.3003265" r22="0.74148136" r23="-0.6000064" r24="0" r31="-0.182019" r32="0.66203743" r33="0.72703075" r34="0" r41="2501.7756" r42="-7.836598" r43="1175.5764" r44="1"></containerEntry>
          <containerEntry r11="-0.98309636" r12="-0.09211577" r13="0.1581924" r14="0" r21="0.04489892" r22="0.71643406" r23="0.69620734" r24="0" r31="-0.17746615" r32="0.69154555" r33="-0.7001862" r34="0" r41="2485.262" r42="-7.903395" r43="1178.1233" r44="1"></containerEntry>
          <containerEntry r11="0.7737719" r12="0.10998708" r13="-0.62384224" r14="0" r21="-0.41649854" r22="0.83034945" r23="-0.3702003" r24="0" r31="0.47728953" r32="0.54628026" r33="0.68831056" r34="0" r41="2477.3455" r42="-9.363826" r43="1185.8708" r44="1"></containerEntry>
          <containerEntry r11="0.28846228" r12="0.019913167" r13="0.9572814" r14="0" r21="0.70458317" r22="0.67256737" r23="-0.22630328" r24="0" r31="-0.6483415" r32="0.7397663" r33="0.17998064" r34="0" r41="2462.3425" r42="-6.406865" r43="1214.2078" r44="1"></containerEntry>
          <containerEntry r11="-0.3638169" r12="0.063628614" r13="-0.9292933" r14="0" r21="-0.59001535" r22="0.75625515" r23="0.28277135" r24="0" r31="0.7207749" r32="0.6511752" r33="-0.23759615" r34="0" r41="2467.6072" r42="-5.739172" r43="1234.0574" r44="1"></containerEntry>
          <containerEntry r11="-0.2717624" r12="-0.07076836" r13="-0.9597542" r14="0" r21="-0.6455053" r22="0.7530788" r23="0.12725383" r24="0" r31="0.7137642" r32="0.654112" r33="-0.2503389" r34="0" r41="2461.748" r42="-7.045188" r43="1206.685" r44="1"></containerEntry>
          <containerEntry r11="0.46127337" r12="0.07125287" r13="-0.8843891" r14="0" r21="-0.4434843" r22="0.88183737" r23="-0.16025978" r24="0" r31="0.7684677" r32="0.46613795" r33="0.4383681" r34="0" r41="2469.327" r42="-6.492509" r43="1247.9374" r44="1"></containerEntry>
        </property>
        <property name="colors" type="UInt32" container="DynamicArray" arraySize="33">
          <containerEntry>4294967295</containerEntry>
          <containerEntry>4294967295</containerEntry>
          <containerEntry>4294967295</containerEntry>
          <containerEntry>4294967295</containerEntry>
          <containerEntry>4294967295</containerEntry>
          <containerEntry>4294967295</containerEntry>
          <containerEntry>4294967295</containerEntry>
          <containerEntry>4294967295</containerEntry>
          <containerEntry>4294967295</containerEntry>
          <containerEntry>4294967295</containerEntry>
          <containerEntry>4294967295</containerEntry>
          <containerEntry>4294967295</containerEntry>
          <containerEntry>4294967295</containerEntry>
          <containerEntry>4294967295</containerEntry>
          <containerEntry>4294967295</containerEntry>
          <containerEntry>4294967295</containerEntry>
          <containerEntry>4294967295</containerEntry>
          <containerEntry>4294967295</containerEntry>
          <containerEntry>4294967295</containerEntry>
          <containerEntry>4294967295</containerEntry>
          <containerEntry>4294967295</containerEntry>
          <containerEntry>4294967295</containerEntry>
          <containerEntry>4294967295</containerEntry>
          <containerEntry>4294967295</containerEntry>
          <containerEntry>4294967295</containerEntry>
          <containerEntry>4294967295</containerEntry>
          <containerEntry>4294967295</containerEntry>
          <containerEntry>4294967295</containerEntry>
          <containerEntry>4294967295</containerEntry>
          <containerEntry>4294967295</containerEntry>
          <containerEntry>4294967295</containerEntry>
          <containerEntry>4294967295</containerEntry>
          <containerEntry>4294967295</containerEntry>
        </property>
      </staticProperties>
      <dynamicProperties></dynamicProperties>
    </entity>
    <entity class="TexturePackLoadConditioner" classVersion="0" classID="0x48" addr="0x2D7D9F0" id="0x0">
      <staticProperties>
        <property name="name" type="String" container="StaticArray" arraySize="1">
          <containerEntry>TexturePackLoadConditioner0000</containerEntry>
        </property>
        <property name="dataSet" type="EntityHandle" container="StaticArray" arraySize="1">
          <containerEntry>0x2EF1AC0</containerEntry>
        </property>
        <property name="texturePackPath" type="Path" container="StaticArray" arraySize="1">
          <containerEntry hash="0xB8A0BF169F98"></containerEntry>
        </property>
      </staticProperties>
      <dynamicProperties></dynamicProperties>
    </entity>
  </entities>
</fox>