<fox formatVersion="2" fileVersion="0">
  <entities>
    <entity class="DataSet" classVersion="0" classID="0xE8" addr="0x32F47D0" id="0xABECB8">
      <staticProperties>
        <property name="name" type="String" container="StaticArray" arraySize="1">
          <containerEntry hash="0xB8A0BF169F98"></containerEntry>
        </property>
        <property name="dataSet" type="EntityHandle" container="StaticArray" arraySize="1">
          <containerEntry>0x0</containerEntry>
        </property>
        <property name="dataList" type="EntityPtr" container="StringMap" arraySize="8">
          <containerEntry key="mafr_rock010_0002">
            <data>0x32F4760</data>
          </containerEntry>
          <containerEntry key="mafr_mudd003_rock001_0008">
            <data>0x317C9C0</data>
          </containerEntry>
          <containerEntry key="mafr_clff003_vrtn001_0009">
            <data>0x317E240</data>
          </containerEntry>
          <containerEntry key="StaticModelArray0000">
            <data>0x32F08D0</data>
          </containerEntry>
          <containerEntry key="StaticModelArray0001">
            <data>0x32F0860</data>
          </containerEntry>
          <containerEntry key="StaticModelArray0002">
            <data>0x32F0320</data>
          </containerEntry>
          <containerEntry key="StaticModelArray0003">
            <data>0x3178120</data>
          </containerEntry>
          <containerEntry key="TexturePackLoadConditioner0000">
            <data>0x32F0EF0</data>
          </containerEntry>
        </property>
      </staticProperties>
      <dynamicProperties></dynamicProperties>
    </entity>
    <entity class="StaticModel" classVersion="9" classID="0x160" addr="0x32F4760" id="0xABECBA">
      <staticProperties>
        <property name="name" type="String" container="StaticArray" arraySize="1">
          <containerEntry>mafr_rock010_0002</containerEntry>
        </property>
        <property name="dataSet" type="EntityHandle" container="StaticArray" arraySize="1">
          <containerEntry>0x32F47D0</containerEntry>
        </property>
        <property name="parent" type="EntityHandle" container="StaticArray" arraySize="1">
          <containerEntry>0x0</containerEntry>
        </property>
        <property name="transform" type="EntityPtr" container="StaticArray" arraySize="1">
          <containerEntry>0x32F46F0</containerEntry>
        </property>
        <property name="shearTransform" type="EntityPtr" container="StaticArray" arraySize="1">
          <containerEntry>0x0</containerEntry>
        </property>
        <property name="pivotTransform" type="EntityPtr" container="StaticArray" arraySize="1">
          <containerEntry>0x0</containerEntry>
        </property>
        <property name="children" type="EntityHandle" container="List"></property>
        <property name="flags" type="UInt32" container="StaticArray" arraySize="1">
          <containerEntry>7</containerEntry>
        </property>
        <property name="modelFile" type="FilePtr" container="StaticArray" arraySize="1">
          <containerEntry>/Assets/tpp/environ/object/middle_africa/rock/mafr_rock010/scenes/mafr_rock010.fmdl</containerEntry>
        </property>
        <property name="geomFile" type="FilePtr" container="StaticArray" arraySize="1">
          <containerEntry>/Assets/tpp/environ/object/middle_africa/rock/mafr_rock010/scenes/mafr_rock010.geom</containerEntry>
        </property>
        <property name="isVisibleGeom" type="Bool" container="StaticArray" arraySize="1">
          <containerEntry>false</containerEntry>
        </property>
        <property name="isIsolated" type="Bool" container="StaticArray" arraySize="1">
          <containerEntry>false</containerEntry>
        </property>
        <property name="lodFarSize" type="Float" container="StaticArray" arraySize="1">
          <containerEntry>-1</containerEntry>
        </property>
        <property name="lodNearSize" type="Float" container="StaticArray" arraySize="1">
          <containerEntry>-1</containerEntry>
        </property>
        <property name="lodPolygonSize" type="Float" container="StaticArray" arraySize="1">
          <containerEntry>-1</containerEntry>
        </property>
        <property name="color" type="Color" container="StaticArray" arraySize="1">
          <containerEntry r="1" g="1" b="1" a="1"></containerEntry>
        </property>
        <property name="drawRejectionLevel" type="Int32" container="StaticArray" arraySize="1">
          <containerEntry>8</containerEntry>
        </property>
        <property name="drawMode" type="Int32" container="StaticArray" arraySize="1">
          <containerEntry>0</containerEntry>
        </property>
        <property name="rejectFarRangeShadowCast" type="Int32" container="StaticArray" arraySize="1">
          <containerEntry>2</containerEntry>
        </property>
      </staticProperties>
      <dynamicProperties></dynamicProperties>
    </entity>
    <entity class="TransformEntity" classVersion="0" classID="0x50" addr="0x32F46F0" id="0xABECBD">
      <staticProperties>
        <property name="owner" type="EntityHandle" container="StaticArray" arraySize="1">
          <containerEntry>0x32F4760</containerEntry>
        </property>
        <property name="transform_scale" type="Vector3" container="StaticArray" arraySize="1">
          <containerEntry x="1" y="1" z="1" w="0"></containerEntry>
        </property>
        <property name="transform_rotation_quat" type="Quat" container="StaticArray" arraySize="1">
          <containerEntry x="0" y="-0.981844" z="0" w="0.189689"></containerEntry>
        </property>
        <property name="transform_translation" type="Vector3" container="StaticArray" arraySize="1">
          <containerEntry x="-766.5191" y="-16.082174" z="143.9719" w="0"></containerEntry>
        </property>
      </staticProperties>
      <dynamicProperties></dynamicProperties>
    </entity>
    <entity class="StaticModel" classVersion="9" classID="0x160" addr="0x317C9C0" id="0xABEF5B">
      <staticProperties>
        <property name="name" type="String" container="StaticArray" arraySize="1">
          <containerEntry>mafr_mudd003_rock001_0008</containerEntry>
        </property>
        <property name="dataSet" type="EntityHandle" container="StaticArray" arraySize="1">
          <containerEntry>0x32F47D0</containerEntry>
        </property>
        <property name="parent" type="EntityHandle" container="StaticArray" arraySize="1">
          <containerEntry>0x0</containerEntry>
        </property>
        <property name="transform" type="EntityPtr" container="StaticArray" arraySize="1">
          <containerEntry>0x317CA30</containerEntry>
        </property>
        <property name="shearTransform" type="EntityPtr" container="StaticArray" arraySize="1">
          <containerEntry>0x0</containerEntry>
        </property>
        <property name="pivotTransform" type="EntityPtr" container="StaticArray" arraySize="1">
          <containerEntry>0x0</containerEntry>
        </property>
        <property name="children" type="EntityHandle" container="List"></property>
        <property name="flags" type="UInt32" container="StaticArray" arraySize="1">
          <containerEntry>7</containerEntry>
        </property>
        <property name="modelFile" type="FilePtr" container="StaticArray" arraySize="1">
          <containerEntry>/Assets/tpp/environ/object/middle_africa/mud/mafr_mudd003/scenes/mafr_mudd003_rock001.fmdl</containerEntry>
        </property>
        <property name="geomFile" type="FilePtr" container="StaticArray" arraySize="1">
          <containerEntry>/Assets/tpp/environ/object/middle_africa/mud/mafr_mudd003/scenes/mafr_mudd003_rock001.geom</containerEntry>
        </property>
        <property name="isVisibleGeom" type="Bool" container="StaticArray" arraySize="1">
          <containerEntry>false</containerEntry>
        </property>
        <property name="isIsolated" type="Bool" container="StaticArray" arraySize="1">
          <containerEntry>false</containerEntry>
        </property>
        <property name="lodFarSize" type="Float" container="StaticArray" arraySize="1">
          <containerEntry>-1</containerEntry>
        </property>
        <property name="lodNearSize" type="Float" container="StaticArray" arraySize="1">
          <containerEntry>-1</containerEntry>
        </property>
        <property name="lodPolygonSize" type="Float" container="StaticArray" arraySize="1">
          <containerEntry>-1</containerEntry>
        </property>
        <property name="color" type="Color" container="StaticArray" arraySize="1">
          <containerEntry r="1" g="1" b="1" a="1"></containerEntry>
        </property>
        <property name="drawRejectionLevel" type="Int32" container="StaticArray" arraySize="1">
          <containerEntry>8</containerEntry>
        </property>
        <property name="drawMode" type="Int32" container="StaticArray" arraySize="1">
          <containerEntry>0</containerEntry>
        </property>
        <property name="rejectFarRangeShadowCast" type="Int32" container="StaticArray" arraySize="1">
          <containerEntry>2</containerEntry>
        </property>
      </staticProperties>
      <dynamicProperties></dynamicProperties>
    </entity>
    <entity class="TransformEntity" classVersion="0" classID="0x50" addr="0x317CA30" id="0xABEF5E">
      <staticProperties>
        <property name="owner" type="EntityHandle" container="StaticArray" arraySize="1">
          <containerEntry>0x317C9C0</containerEntry>
        </property>
        <property name="transform_scale" type="Vector3" container="StaticArray" arraySize="1">
          <containerEntry x="1" y="1" z="1" w="0"></containerEntry>
        </property>
        <property name="transform_rotation_quat" type="Quat" container="StaticArray" arraySize="1">
          <containerEntry x="0" y="0.84373" z="0" w="0.536768"></containerEntry>
        </property>
        <property name="transform_translation" type="Vector3" container="StaticArray" arraySize="1">
          <containerEntry x="-652.3082" y="-7.693734" z="219.58226" w="0"></containerEntry>
        </property>
      </staticProperties>
      <dynamicProperties></dynamicProperties>
    </entity>
    <entity class="StaticModel" classVersion="9" classID="0x160" addr="0x317E240" id="0xABEFD9">
      <staticProperties>
        <property name="name" type="String" container="StaticArray" arraySize="1">
          <containerEntry>mafr_clff003_vrtn001_0009</containerEntry>
        </property>
        <property name="dataSet" type="EntityHandle" container="StaticArray" arraySize="1">
          <containerEntry>0x32F47D0</containerEntry>
        </property>
        <property name="parent" type="EntityHandle" container="StaticArray" arraySize="1">
          <containerEntry>0x0</containerEntry>
        </property>
        <property name="transform" type="EntityPtr" container="StaticArray" arraySize="1">
          <containerEntry>0x317E2B0</containerEntry>
        </property>
        <property name="shearTransform" type="EntityPtr" container="StaticArray" arraySize="1">
          <containerEntry>0x0</containerEntry>
        </property>
        <property name="pivotTransform" type="EntityPtr" container="StaticArray" arraySize="1">
          <containerEntry>0x0</containerEntry>
        </property>
        <property name="children" type="EntityHandle" container="List"></property>
        <property name="flags" type="UInt32" container="StaticArray" arraySize="1">
          <containerEntry>7</containerEntry>
        </property>
        <property name="modelFile" type="FilePtr" container="StaticArray" arraySize="1">
          <containerEntry>/Assets/tpp/environ/object/middle_africa/cliff/mafr_clff003/scenes/mafr_clff003_vrtn001.fmdl</containerEntry>
        </property>
        <property name="geomFile" type="FilePtr" container="StaticArray" arraySize="1">
          <containerEntry>/Assets/tpp/environ/object/middle_africa/cliff/mafr_clff003/scenes/mafr_clff003_vrtn001.geom</containerEntry>
        </property>
        <property name="isVisibleGeom" type="Bool" container="StaticArray" arraySize="1">
          <containerEntry>false</containerEntry>
        </property>
        <property name="isIsolated" type="Bool" container="StaticArray" arraySize="1">
          <containerEntry>false</containerEntry>
        </property>
        <property name="lodFarSize" type="Float" container="StaticArray" arraySize="1">
          <containerEntry>-1</containerEntry>
        </property>
        <property name="lodNearSize" type="Float" container="StaticArray" arraySize="1">
          <containerEntry>-1</containerEntry>
        </property>
        <property name="lodPolygonSize" type="Float" container="StaticArray" arraySize="1">
          <containerEntry>-1</containerEntry>
        </property>
        <property name="color" type="Color" container="StaticArray" arraySize="1">
          <containerEntry r="1" g="1" b="1" a="1"></containerEntry>
        </property>
        <property name="drawRejectionLevel" type="Int32" container="StaticArray" arraySize="1">
          <containerEntry>8</containerEntry>
        </property>
        <property name="drawMode" type="Int32" container="StaticArray" arraySize="1">
          <containerEntry>0</containerEntry>
        </property>
        <property name="rejectFarRangeShadowCast" type="Int32" container="StaticArray" arraySize="1">
          <containerEntry>2</containerEntry>
        </property>
      </staticProperties>
      <dynamicProperties></dynamicProperties>
    </entity>
    <entity class="TransformEntity" classVersion="0" classID="0x50" addr="0x317E2B0" id="0xABEFDC">
      <staticProperties>
        <property name="owner" type="EntityHandle" container="StaticArray" arraySize="1">
          <containerEntry>0x317E240</containerEntry>
        </property>
        <property name="transform_scale" type="Vector3" container="StaticArray" arraySize="1">
          <containerEntry x="0.75" y="0.75" z="0.75" w="0"></containerEntry>
        </property>
        <property name="transform_rotation_quat" type="Quat" container="StaticArray" arraySize="1">
          <containerEntry x="-0.386612" y="-0.37175" z="-0.189306" w="0.822493"></containerEntry>
        </property>
        <property name="transform_translation" type="Vector3" container="StaticArray" arraySize="1">
          <containerEntry x="-722.56146" y="-6.378817" z="178.54689" w="0"></containerEntry>
        </property>
      </staticProperties>
      <dynamicProperties></dynamicProperties>
    </entity>
    <entity class="StaticModelArray" classVersion="4" classID="0xD0" addr="0x32F08D0" id="0x0">
      <staticProperties>
        <property name="name" type="String" container="StaticArray" arraySize="1">
          <containerEntry>StaticModelArray0000</containerEntry>
        </property>
        <property name="dataSet" type="EntityHandle" container="StaticArray" arraySize="1">
          <containerEntry>0x32F47D0</containerEntry>
        </property>
        <property name="modelFile" type="FilePtr" container="StaticArray" arraySize="1">
          <containerEntry>/Assets/tpp/environ/object/middle_africa/rock/mafr_rock002/scenes/mafr_rock002.fmdl</containerEntry>
        </property>
        <property name="geomFile" type="FilePtr" container="StaticArray" arraySize="1">
          <containerEntry>/Assets/tpp/environ/object/middle_africa/rock/mafr_rock002/scenes/mafr_rock002.geom</containerEntry>
        </property>
        <property name="isVisibleGeom" type="Bool" container="StaticArray" arraySize="1">
          <containerEntry>false</containerEntry>
        </property>
        <property name="lodFarSize" type="Float" container="StaticArray" arraySize="1">
          <containerEntry>-1</containerEntry>
        </property>
        <property name="lodNearSize" type="Float" container="StaticArray" arraySize="1">
          <containerEntry>-1</containerEntry>
        </property>
        <property name="lodPolygonSize" type="Float" container="StaticArray" arraySize="1">
          <containerEntry>-1</containerEntry>
        </property>
        <property name="drawRejectionLevel" type="Int32" container="StaticArray" arraySize="1">
          <containerEntry>8</containerEntry>
        </property>
        <property name="drawMode" type="Int32" container="StaticArray" arraySize="1">
          <containerEntry>0</containerEntry>
        </property>
        <property name="rejectFarRangeShadowCast" type="Int32" container="StaticArray" arraySize="1">
          <containerEntry>2</containerEntry>
        </property>
        <property name="parentLocator" type="EntityLink" container="StaticArray" arraySize="1">
          <containerEntry packagePathHash="0xB8A0BF169F98" archivePathHash="0xB8A0BF169F98" nameInArchiveHash="0xB8A0BF169F98">0x0</containerEntry>
        </property>
        <property name="transforms" type="Matrix4" container="DynamicArray" arraySize="11">
          <containerEntry r11="0.034061193" r12="0" r13="0.9994192" r14="0" r21="0" r22="1" r23="0" r24="0" r31="-0.9994192" r32="0" r33="0.034061193" r34="0" r41="-662.2442" r42="-3.515928" r43="186.42522" r44="1"></containerEntry>
          <containerEntry r11="0.014891803" r12="0" r13="0.99988854" r14="0" r21="0" r22="1" r23="0" r24="0" r31="-0.99988854" r32="0" r33="0.014891803" r34="0" r41="-722.2257" r42="-3.29285" r43="186.91795" r44="1"></containerEntry>
          <containerEntry r11="0.4873759" r12="-0.017306052" r13="-0.8730206" r14="0" r21="0.014256764" r22="0.99982804" r23="-0.011860741" r24="0" r31="0.87307566" r32="-0.006665813" r33="0.4875388" r34="0" r41="-699.05493" r42="-3.573219" r43="157.93367" r44="1"></containerEntry>
          <containerEntry r11="0.034061193" r12="0" r13="0.9994192" r14="0" r21="0" r22="1" r23="0" r24="0" r31="-0.9994192" r32="0" r33="0.034061193" r34="0" r41="-703.7095" r42="-3.281685" r43="212.0495" r44="1"></containerEntry>
          <containerEntry r11="-0.574528" r12="0" r13="-0.81848115" r14="0" r21="0" r22="1" r23="0" r24="0" r31="0.81848115" r32="0" r33="-0.574528" r34="0" r41="-696.5644" r42="-3.281685" r43="220.52711" r44="1"></containerEntry>
          <containerEntry r11="0.4053045" r12="0" r13="-0.9141811" r14="0" r21="0" r22="1" r23="0" r24="0" r31="0.9141811" r32="0" r33="0.4053045" r34="0" r41="-696.5644" r42="-3.281685" r43="227.14247" r44="1"></containerEntry>
          <containerEntry r11="-0.13848019" r12="0" r13="-0.9903652" r14="0" r21="0" r22="1" r23="0" r24="0" r31="0.9903652" r32="0" r33="-0.13848019" r34="0" r41="-723.84106" r42="-3.731834" r43="168.00201" r44="1"></containerEntry>
          <containerEntry r11="-0.5338026" r12="0" r13="-0.8456092" r14="0" r21="0" r22="1" r23="0" r24="0" r31="0.8456092" r32="0" r33="-0.5338026" r34="0" r41="-726.03424" r42="-3.731834" r43="161.50822" r44="1"></containerEntry>
          <containerEntry r11="-0.8314339" r12="0" r13="-0.5556267" r14="0" r21="0" r22="1" r23="0" r24="0" r31="0.5556267" r32="0" r33="-0.8314339" r34="0" r41="-711.9745" r42="-3.731834" r43="180.04218" r44="1"></containerEntry>
          <containerEntry r11="-0.12134886" r12="0" r13="-0.9926093" r14="0" r21="0" r22="1" r23="0" r24="0" r31="0.9926093" r32="0" r33="-0.12134886" r34="0" r41="-707.8419" r42="-3.731834" r43="186.55777" r44="1"></containerEntry>
          <containerEntry r11="0.99997884" r12="-0.0065017208" r13="-5.636584e-05" r14="0" r21="0.0065017208" r22="0.9998285" r23="0.017337255" r24="0" r31="-5.636584e-05" r32="-0.017337255" r33="0.9998497" r34="0" r41="-747.81226" r42="-1.797633" r43="154.77121" r44="1"></containerEntry>
        </property>
        <property name="colors" type="UInt32" container="DynamicArray" arraySize="11">
          <containerEntry>4294967295</containerEntry>
          <containerEntry>4294967295</containerEntry>
          <containerEntry>4294967295</containerEntry>
          <containerEntry>4294967295</containerEntry>
          <containerEntry>4294967295</containerEntry>
          <containerEntry>4294967295</containerEntry>
          <containerEntry>4294967295</containerEntry>
          <containerEntry>4294967295</containerEntry>
          <containerEntry>4294967295</containerEntry>
          <containerEntry>4294967295</containerEntry>
          <containerEntry>4294967295</containerEntry>
        </property>
      </staticProperties>
      <dynamicProperties></dynamicProperties>
    </entity>
    <entity class="StaticModelArray" classVersion="4" classID="0xD0" addr="0x32F0860" id="0x0">
      <staticProperties>
        <property name="name" type="String" container="StaticArray" arraySize="1">
          <containerEntry>StaticModelArray0001</containerEntry>
        </property>
        <property name="dataSet" type="EntityHandle" container="StaticArray" arraySize="1">
          <containerEntry>0x32F47D0</containerEntry>
        </property>
        <property name="modelFile" type="FilePtr" container="StaticArray" arraySize="1">
          <containerEntry>/Assets/tpp/environ/object/middle_africa/mud/mafr_mudd003/scenes/mafr_mudd003_grnd001.fmdl</containerEntry>
        </property>
        <property name="geomFile" type="FilePtr" container="StaticArray" arraySize="1">
          <containerEntry>/Assets/tpp/environ/object/middle_africa/mud/mafr_mudd003/scenes/mafr_mudd003_grnd001.geom</containerEntry>
        </property>
        <property name="isVisibleGeom" type="Bool" container="StaticArray" arraySize="1">
          <containerEntry>false</containerEntry>
        </property>
        <property name="lodFarSize" type="Float" container="StaticArray" arraySize="1">
          <containerEntry>-1</containerEntry>
        </property>
        <property name="lodNearSize" type="Float" container="StaticArray" arraySize="1">
          <containerEntry>-1</containerEntry>
        </property>
        <property name="lodPolygonSize" type="Float" container="StaticArray" arraySize="1">
          <containerEntry>-1</containerEntry>
        </property>
        <property name="drawRejectionLevel" type="Int32" container="StaticArray" arraySize="1">
          <containerEntry>8</containerEntry>
        </property>
        <property name="drawMode" type="Int32" container="StaticArray" arraySize="1">
          <containerEntry>0</containerEntry>
        </property>
        <property name="rejectFarRangeShadowCast" type="Int32" container="StaticArray" arraySize="1">
          <containerEntry>2</containerEntry>
        </property>
        <property name="parentLocator" type="EntityLink" container="StaticArray" arraySize="1">
          <containerEntry packagePathHash="0xB8A0BF169F98" archivePathHash="0xB8A0BF169F98" nameInArchiveHash="0xB8A0BF169F98">0x0</containerEntry>
        </property>
        <property name="transforms" type="Matrix4" container="DynamicArray" arraySize="24">
          <containerEntry r11="0.8889139" r12="0.0093173245" r13="-0.45797962" r14="0" r21="-0.009497344" r22="0.9999531" r23="0.0019096199" r24="0" r31="0.45797592" r32="0.0026520996" r33="0.8889607" r34="0" r41="-647.2831" r42="-3.92077" r43="183.62683" r44="1"></containerEntry>
          <containerEntry r11="0.45704925" r12="0" r13="-0.88944083" r14="0" r21="0" r22="1" r23="0" r24="0" r31="0.88944083" r32="0" r33="0.45704925" r34="0" r41="-657.13354" r42="-3.92077" r43="182.03519" r44="1"></containerEntry>
          <containerEntry r11="-0.714252" r12="0" r13="0.6998872" r14="0" r21="0" r22="1" r23="0" r24="0" r31="-0.6998872" r32="0" r33="-0.714252" r34="0" r41="-654.3744" r42="-3.92077" r43="176.57353" r44="1"></containerEntry>
          <containerEntry r11="0.41768962" r12="0" r13="-0.90858954" r14="0" r21="0" r22="1" r23="0" r24="0" r31="0.90858954" r32="0" r33="0.41768962" r34="0" r41="-650.8286" r42="-3.92077" r43="225.36066" r44="1"></containerEntry>
          <containerEntry r11="-0.22135937" r12="0" r13="-0.9751918" r14="0" r21="0" r22="1" r23="0" r24="0" r31="0.9751918" r32="0" r33="-0.22135937" r34="0" r41="-646.2226" r42="-3.92077" r43="236.30975" r44="1"></containerEntry>
          <containerEntry r11="0.530031" r12="0.0066525713" r13="-0.8479517" r14="0" r21="-0.009496966" r22="0.9999531" r23="0.0019088048" r24="0" r31="0.84792465" r32="0.007041251" r33="0.53006935" r34="0" r41="-652.6262" r42="-3.92077" r43="213.4643" r44="1"></containerEntry>
          <containerEntry r11="0.8889139" r12="0.0093173245" r13="-0.45797962" r14="0" r21="-0.009497344" r22="0.9999531" r23="0.0019096199" r24="0" r31="0.45797592" r32="0.0026520996" r33="0.8889607" r34="0" r41="-641.25934" r42="-3.92077" r43="171.52313" r44="1"></containerEntry>
          <containerEntry r11="0.8889139" r12="0.0093173245" r13="-0.45797962" r14="0" r21="-0.009497344" r22="0.9999531" r23="0.0019096199" r24="0" r31="0.45797592" r32="0.0026520996" r33="0.8889607" r34="0" r41="-638.6662" r42="-3.92077" r43="161.4477" r44="1"></containerEntry>
          <containerEntry r11="-0.61096215" r12="0" r13="0.7916598" r14="0" r21="0" r22="1" r23="0" r24="0" r31="-0.7916598" r32="0" r33="-0.61096215" r34="0" r41="-657.9894" r42="-3.791978" r43="193.71562" r44="1"></containerEntry>
          <containerEntry r11="-0.45767915" r12="0" r13="0.88911635" r14="0" r21="0" r22="1" r23="0" r24="0" r31="-0.88911635" r32="0" r33="-0.45767915" r34="0" r41="-658.99976" r42="-3.92077" r43="240.81941" r44="1"></containerEntry>
          <containerEntry r11="0.69010925" r12="0" r13="-0.7237048" r14="0" r21="0" r22="1" r23="0" r24="0" r31="0.7237048" r32="0" r33="0.69010925" r34="0" r41="-665.9678" r42="-3.92077" r43="179.86752" r44="1"></containerEntry>
          <containerEntry r11="0.69010925" r12="0" r13="-0.7237048" r14="0" r21="0" r22="1" r23="0" r24="0" r31="0.7237048" r32="0" r33="0.69010925" r34="0" r41="-659.89624" r42="-3.932276" r43="171.54501" r44="1"></containerEntry>
          <containerEntry r11="0.87775666" r12="0" r13="-0.4791066" r14="0" r21="0" r22="1" r23="0" r24="0" r31="0.4791066" r32="0" r33="0.87775666" r34="0" r41="-642.2737" r42="-3.92077" r43="141.21338" r44="1"></containerEntry>
          <containerEntry r11="0.988486" r12="0" r13="-0.1513125" r14="0" r21="0" r22="1" r23="0" r24="0" r31="0.1513125" r32="0" r33="0.988486" r34="0" r41="-679.7899" r42="-3.92077" r43="141.60672" r44="1"></containerEntry>
          <containerEntry r11="0.9519444" r12="0" r13="-0.3062708" r14="0" r21="0" r22="1" r23="0" r24="0" r31="0.3062708" r32="0" r33="0.9519444" r34="0" r41="-669.01917" r42="-3.92077" r43="146.73488" r44="1"></containerEntry>
          <containerEntry r11="0.69010925" r12="0" r13="-0.7237048" r14="0" r21="0" r22="1" r23="0" r24="0" r31="0.7237048" r32="0" r33="0.69010925" r34="0" r41="-674.2661" r42="-3.92077" r43="174.86775" r44="1"></containerEntry>
          <containerEntry r11="-0.4676504" r12="0" r13="0.883913" r14="0" r21="0" r22="1" r23="0" r24="0" r31="-0.883913" r32="0" r33="-0.4676504" r34="0" r41="-659.12354" r42="-3.791978" r43="197.41019" r44="1"></containerEntry>
          <containerEntry r11="-0.924981" r12="0" r13="0.38001198" r14="0" r21="0" r22="1" r23="0" r24="0" r31="-0.38001198" r32="0" r33="-0.924981" r34="0" r41="-673.8477" r42="-3.92077" r43="161.20738" r44="1"></containerEntry>
          <containerEntry r11="0.23739487" r12="0" r13="0.97141296" r14="0" r21="0" r22="1" r23="0" r24="0" r31="-0.97141296" r32="0" r33="0.23739487" r34="0" r41="-654.8366" r42="-3.932276" r43="171.54501" r44="1"></containerEntry>
          <containerEntry r11="0.9344354" r12="0.009554869" r13="-0.3560043" r14="0" r21="-0.00949695" r22="0.9999531" r23="0.0019104634" r24="0" r31="0.35600585" r32="0.0015957523" r33="0.93448234" r34="0" r41="-642.9082" r42="-3.92077" r43="172.45975" r44="1"></containerEntry>
          <containerEntry r11="-0.45767915" r12="0" r13="0.88911635" r14="0" r21="0" r22="1" r23="0" r24="0" r31="-0.88911635" r32="0" r33="-0.45767915" r34="0" r41="-671.50696" r42="-3.92077" r43="247.62354" r44="1"></containerEntry>
          <containerEntry r11="0.988486" r12="0" r13="-0.1513125" r14="0" r21="0" r22="1" r23="0" r24="0" r31="0.1513125" r32="0" r33="0.988486" r34="0" r41="-673.4934" r42="-4.048061" r43="138.5127" r44="1"></containerEntry>
          <containerEntry r11="0.45704925" r12="0" r13="-0.88944083" r14="0" r21="0" r22="1" r23="0" r24="0" r31="0.88944083" r32="0" r33="0.45704925" r34="0" r41="-648.4348" r42="-3.92077" r43="191.59488" r44="1"></containerEntry>
          <containerEntry r11="0.27217406" r12="0" r13="-0.9622473" r14="0" r21="0" r22="1" r23="0" r24="0" r31="0.9622473" r32="0" r33="0.27217406" r34="0" r41="-685.11365" r42="-3.999264" r43="188.67975" r44="1"></containerEntry>
        </property>
        <property name="colors" type="UInt32" container="DynamicArray" arraySize="24">
          <containerEntry>4294967295</containerEntry>
          <containerEntry>4294967295</containerEntry>
          <containerEntry>4294967295</containerEntry>
          <containerEntry>4294967295</containerEntry>
          <containerEntry>4294967295</containerEntry>
          <containerEntry>4294967295</containerEntry>
          <containerEntry>4294967295</containerEntry>
          <containerEntry>4294967295</containerEntry>
          <containerEntry>4294967295</containerEntry>
          <containerEntry>4294967295</containerEntry>
          <containerEntry>4294967295</containerEntry>
          <containerEntry>4294967295</containerEntry>
          <containerEntry>4294967295</containerEntry>
          <containerEntry>4294967295</containerEntry>
          <containerEntry>4294967295</containerEntry>
          <containerEntry>4294967295</containerEntry>
          <containerEntry>4294967295</containerEntry>
          <containerEntry>4294967295</containerEntry>
          <containerEntry>4294967295</containerEntry>
          <containerEntry>4294967295</containerEntry>
          <containerEntry>4294967295</containerEntry>
          <containerEntry>4294967295</containerEntry>
          <containerEntry>4294967295</containerEntry>
          <containerEntry>4294967295</containerEntry>
        </property>
      </staticProperties>
      <dynamicProperties></dynamicProperties>
    </entity>
    <entity class="StaticModelArray" classVersion="4" classID="0xD0" addr="0x32F0320" id="0x0">
      <staticProperties>
        <property name="name" type="String" container="StaticArray" arraySize="1">
          <containerEntry>StaticModelArray0002</containerEntry>
        </property>
        <property name="dataSet" type="EntityHandle" container="StaticArray" arraySize="1">
          <containerEntry>0x32F47D0</containerEntry>
        </property>
        <property name="modelFile" type="FilePtr" container="StaticArray" arraySize="1">
          <containerEntry>/Assets/tpp/environ/object/middle_africa/mud/mafr_mudd003/scenes/mafr_mudd003.fmdl</containerEntry>
        </property>
        <property name="geomFile" type="FilePtr" container="StaticArray" arraySize="1">
          <containerEntry>/Assets/tpp/environ/object/middle_africa/mud/mafr_mudd003/scenes/mafr_mudd003.geom</containerEntry>
        </property>
        <property name="isVisibleGeom" type="Bool" container="StaticArray" arraySize="1">
          <containerEntry>false</containerEntry>
        </property>
        <property name="lodFarSize" type="Float" container="StaticArray" arraySize="1">
          <containerEntry>-1</containerEntry>
        </property>
        <property name="lodNearSize" type="Float" container="StaticArray" arraySize="1">
          <containerEntry>-1</containerEntry>
        </property>
        <property name="lodPolygonSize" type="Float" container="StaticArray" arraySize="1">
          <containerEntry>-1</containerEntry>
        </property>
        <property name="drawRejectionLevel" type="Int32" container="StaticArray" arraySize="1">
          <containerEntry>8</containerEntry>
        </property>
        <property name="drawMode" type="Int32" container="StaticArray" arraySize="1">
          <containerEntry>0</containerEntry>
        </property>
        <property name="rejectFarRangeShadowCast" type="Int32" container="StaticArray" arraySize="1">
          <containerEntry>2</containerEntry>
        </property>
        <property name="parentLocator" type="EntityLink" container="StaticArray" arraySize="1">
          <containerEntry packagePathHash="0xB8A0BF169F98" archivePathHash="0xB8A0BF169F98" nameInArchiveHash="0xB8A0BF169F98">0x0</containerEntry>
        </property>
        <property name="transforms" type="Matrix4" container="DynamicArray" arraySize="51">
          <containerEntry r11="0.37443197" r12="0" r13="0.9272545" r14="0" r21="0" r22="1" r23="0" r24="0" r31="-0.9272545" r32="0" r33="0.37443197" r34="0" r41="-700.233" r42="-3.993396" r43="253.16003" r44="1"></containerEntry>
          <containerEntry r11="0.998498" r12="0" r13="-0.05478739" r14="0" r21="0" r22="1" r23="0" r24="0" r31="0.05478739" r32="0" r33="0.998498" r34="0" r41="-667.1069" r42="-3.968117" r43="237.5258" r44="1"></containerEntry>
          <containerEntry r11="0.72016275" r12="0" r13="0.6938054" r14="0" r21="0" r22="1" r23="0" r24="0" r31="-0.6938054" r32="0" r33="0.72016275" r34="0" r41="-677.4626" r42="-4.096797" r43="218.3115" r44="1"></containerEntry>
          <containerEntry r11="0.38698107" r12="0" r13="-0.9220879" r14="0" r21="0" r22="1" r23="0" r24="0" r31="0.9220879" r32="0" r33="0.38698107" r34="0" r41="-704.23364" r42="-4.077774" r43="209.25824" r44="1"></containerEntry>
          <containerEntry r11="0.72016275" r12="0" r13="0.6938054" r14="0" r21="0" r22="1" r23="0" r24="0" r31="-0.6938054" r32="0" r33="0.72016275" r34="0" r41="-670.63385" r42="-4.096797" r43="156.82028" r44="1"></containerEntry>
          <containerEntry r11="-0.10848904" r12="0" r13="-0.9940973" r14="0" r21="0" r22="1" r23="0" r24="0" r31="0.9940973" r32="0" r33="-0.10848904" r34="0" r41="-684.2095" r42="-4.096797" r43="152.61612" r44="1"></containerEntry>
          <containerEntry r11="-0.24131763" r12="0" r13="-0.9704465" r14="0" r21="0" r22="1" r23="0" r24="0" r31="0.9704465" r32="0" r33="-0.24131763" r34="0" r41="-714.45404" r42="-3.96115" r43="182.72371" r44="1"></containerEntry>
          <containerEntry r11="0.063289165" r12="0" r13="-0.99799573" r14="0" r21="0" r22="1" r23="0" r24="0" r31="0.99799573" r32="0" r33="0.063289165" r34="0" r41="-688.5797" r42="-4.096797" r43="229.36961" r44="1"></containerEntry>
          <containerEntry r11="0.10857248" r12="0" r13="-0.9940885" r14="0" r21="0" r22="1" r23="0" r24="0" r31="0.9940885" r32="0" r33="0.10857248" r34="0" r41="-676.0323" r42="-4.096797" r43="183.94373" r44="1"></containerEntry>
          <containerEntry r11="0.6954708" r12="0" r13="-0.718554" r14="0" r21="0" r22="1" r23="0" r24="0" r31="0.718554" r32="0" r33="0.6954708" r34="0" r41="-679.94885" r42="-4.096797" r43="173.53285" r44="1"></containerEntry>
          <containerEntry r11="0.72016275" r12="0" r13="0.6938054" r14="0" r21="0" r22="1" r23="0" r24="0" r31="-0.6938054" r32="0" r33="0.72016275" r34="0" r41="-677.45667" r42="-4.096797" r43="238.79417" r44="1"></containerEntry>
          <containerEntry r11="0.46142328" r12="0" r13="-0.8871804" r14="0" r21="0" r22="1" r23="0" r24="0" r31="0.8871804" r32="0" r33="0.46142328" r34="0" r41="-688.57965" r42="-4.096797" r43="247.99011" r44="1"></containerEntry>
          <containerEntry r11="0.6954708" r12="0" r13="-0.718554" r14="0" r21="0" r22="1" r23="0" r24="0" r31="0.718554" r32="0" r33="0.6954708" r34="0" r41="-710.4371" r42="-4.096797" r43="160.70195" r44="1"></containerEntry>
          <containerEntry r11="0.73888993" r12="0" r13="0.6738259" r14="0" r21="0" r22="1" r23="0" r24="0" r31="-0.6738259" r32="0" r33="0.73888993" r34="0" r41="-693.0388" r42="-4.096797" r43="147.2735" r44="1"></containerEntry>
          <containerEntry r11="0.73888993" r12="0" r13="0.6738259" r14="0" r21="0" r22="1" r23="0" r24="0" r31="-0.6738259" r32="0" r33="0.73888993" r34="0" r41="-692.26807" r42="-4.096797" r43="162.4792" r44="1"></containerEntry>
          <containerEntry r11="0.083897054" r12="0" r13="-0.9964737" r14="0" r21="0" r22="1" r23="0" r24="0" r31="0.9964737" r32="0" r33="0.083897054" r34="0" r41="-683.14355" r42="-4.096797" r43="237.84038" r44="1"></containerEntry>
          <containerEntry r11="0.25354123" r12="0" r13="-0.967324" r14="0" r21="0" r22="1" r23="0" r24="0" r31="0.967324" r32="0" r33="0.25354123" r34="0" r41="-728.4929" r42="-4.096797" r43="185.51756" r44="1"></containerEntry>
          <containerEntry r11="0.10857248" r12="0" r13="-0.9940885" r14="0" r21="0" r22="1" r23="0" r24="0" r31="0.9940885" r32="0" r33="0.10857248" r34="0" r41="-674.8526" r42="-4.096797" r43="204.49637" r44="1"></containerEntry>
          <containerEntry r11="-0.29828238" r12="0" r13="-0.9544771" r14="0" r21="0" r22="1" r23="0" r24="0" r31="0.9544771" r32="0" r33="-0.29828238" r34="0" r41="-688.2087" r42="-4.096797" r43="221.60469" r44="1"></containerEntry>
          <containerEntry r11="0.23266995" r12="0" r13="-0.9725557" r14="0" r21="0" r22="1" r23="0" r24="0" r31="0.9725557" r32="0" r33="0.23266995" r34="0" r41="-694.5078" r42="-4.113811" r43="190.34279" r44="1"></containerEntry>
          <containerEntry r11="-0.22393656" r12="0" r13="0.97460383" r14="0" r21="0" r22="1" r23="0" r24="0" r31="-0.97460383" r32="0" r33="-0.22393656" r34="0" r41="-692.56506" r42="-4.096797" r43="235.73941" r44="1"></containerEntry>
          <containerEntry r11="-0.64291525" r12="0" r13="-0.76593596" r14="0" r21="0" r22="1" r23="0" r24="0" r31="0.76593596" r32="0" r33="-0.64291525" r34="0" r41="-720.7649" r42="-4.04829" r43="203.433" r44="1"></containerEntry>
          <containerEntry r11="-0.64291525" r12="0" r13="-0.76593596" r14="0" r21="0" r22="1" r23="0" r24="0" r31="0.76593596" r32="0" r33="-0.64291525" r34="0" r41="-730.0592" r42="-4.04829" r43="190.1576" r44="1"></containerEntry>
          <containerEntry r11="0.6141048" r12="0" r13="0.78922457" r14="0" r21="0" r22="1" r23="0" r24="0" r31="-0.78922457" r32="0" r33="0.6141048" r34="0" r41="-675.55084" r42="-4.096797" r43="197.82053" r44="1"></containerEntry>
          <containerEntry r11="0.6311282" r12="0" r13="-0.77567863" r14="0" r21="0" r22="1" r23="0" r24="0" r31="0.77567863" r32="0" r33="0.6311282" r34="0" r41="-705.9541" r42="-3.993396" r43="215.71617" r44="1"></containerEntry>
          <containerEntry r11="0.36103004" r12="0" r13="0.93255377" r14="0" r21="0" r22="1" r23="0" r24="0" r31="-0.93255377" r32="0" r33="0.36103004" r34="0" r41="-722.3616" r42="-3.993396" r43="228.05415" r44="1"></containerEntry>
          <containerEntry r11="-0.22935903" r12="0" r13="-0.9733421" r14="0" r21="0" r22="1" r23="0" r24="0" r31="0.9733421" r32="0" r33="-0.22935903" r34="0" r41="-746.46533" r42="-4.126924" r43="179.0309" r44="1"></containerEntry>
          <containerEntry r11="0.3067869" r12="0" r13="0.95177764" r14="0" r21="0" r22="1" r23="0" r24="0" r31="-0.95177764" r32="0" r33="0.3067869" r34="0" r41="-746.72534" r42="-4.126924" r43="185.4229" r44="1"></containerEntry>
          <containerEntry r11="-0.17923331" r12="0" r13="0.9838071" r14="0" r21="0" r22="1" r23="0" r24="0" r31="-0.9838071" r32="0" r33="-0.17923331" r34="0" r41="-747.9917" r42="-4.116665" r43="192.16447" r44="1"></containerEntry>
          <containerEntry r11="0.45250672" r12="0" r13="-0.89176095" r14="0" r21="0" r22="1" r23="0" r24="0" r31="0.89176095" r32="0" r33="0.45250672" r34="0" r41="-744.4191" r42="-4.126924" r43="174.87009" r44="1"></containerEntry>
          <containerEntry r11="-0.9500321" r12="0" r13="0.31215596" r14="0" r21="0" r22="1" r23="0" r24="0" r31="-0.31215596" r32="0" r33="-0.9500321" r34="0" r41="-733.88226" r42="-4.092017" r43="167.11717" r44="1"></containerEntry>
          <containerEntry r11="0.68586564" r12="0" r13="-0.72772837" r14="0" r21="0" r22="1" r23="0" r24="0" r31="0.72772837" r32="0" r33="0.68586564" r34="0" r41="-728.94904" r42="-4.092017" r43="166.13145" r44="1"></containerEntry>
