<fox formatVersion="2" fileVersion="0">
  <entities>
    <entity class="DataSet" classVersion="0" classID="0xE8" addr="0x2F04BC0" id="0xD6D597">
      <staticProperties>
        <property name="name" type="String" container="StaticArray" arraySize="1">
          <containerEntry hash="0xB8A0BF169F98"></containerEntry>
        </property>
        <property name="dataSet" type="EntityHandle" container="StaticArray" arraySize="1">
          <containerEntry>0x0</containerEntry>
        </property>
        <property name="dataList" type="EntityPtr" container="StringMap" arraySize="13">
          <containerEntry key="TppGimmickElectricCableLinkSetData0000">
            <data>0x2D793F0</data>
          </containerEntry>
          <containerEntry key="TppGimmickElectricCableLinkSetData0001">
            <data>0x2D79C40</data>
          </containerEntry>
          <containerEntry key="TppGimmickElectricCableLinkSetData0002">
            <data>0x2D7A1F0</data>
          </containerEntry>
          <containerEntry key="cypr_utpl001_vrtn001_gim_i0000|TppSharedGimmickData_cypr_utpl001_vrtn001">
            <data>0x2D7ACE0</data>
          </containerEntry>
          <containerEntry key="cypr_cabl002_vrtn001_gim_i0000|TppSharedGimmick_cypr_cabl002_vrtn001">
            <data>0x2D7AFF0</data>
          </containerEntry>
          <containerEntry key="StaticModelArray0000">
            <data>0x2D7F2E0</data>
          </containerEntry>
          <containerEntry key="StaticModelArray0001">
            <data>0x2D7F350</data>
          </containerEntry>
          <containerEntry key="StaticModelArray0002">
            <data>0x2D7F3C0</data>
          </containerEntry>
          <containerEntry key="StaticModelArray0003">
            <data>0x2D7F430</data>
          </containerEntry>
          <containerEntry key="StaticModelArray0004">
            <data>0x2D7EE10</data>
          </containerEntry>
          <containerEntry key="StaticModelArray0005">
            <data>0x2D7ECC0</data>
          </containerEntry>
          <containerEntry key="StaticModelArray0006">
            <data>0x2D7B8B0</data>
          </containerEntry>
          <containerEntry key="TexturePackLoadConditioner0000">
            <data>0x2D7FB30</data>
          </containerEntry>
        </property>
      </staticProperties>
      <dynamicProperties></dynamicProperties>
    </entity>
    <entity class="TppGimmickElectricCableLinkSetData" classVersion="0" classID="0xB0" addr="0x2D793F0" id="0xD6D7BD">
      <staticProperties>
        <property name="name" type="String" container="StaticArray" arraySize="1">
          <containerEntry>TppGimmickElectricCableLinkSetData0000</containerEntry>
        </property>
        <property name="dataSet" type="EntityHandle" container="StaticArray" arraySize="1">
          <containerEntry>0x2F04BC0</containerEntry>
        </property>
        <property name="electricCableData" type="EntityLink" container="StaticArray" arraySize="1">
          <containerEntry packagePathHash="0xB8A0BF169F98" archivePath="/Assets/tpp/level/location/mafr/block_small/127/127_130/mafr_127_130_asset.fox2" nameInArchive="cypr_cabl002_vrtn001_gim_i0000|TppSharedGimmick_cypr_cabl002_vrtn001">0x0</containerEntry>
        </property>
        <property name="poleData" type="EntityLink" container="StaticArray" arraySize="1">
          <containerEntry packagePathHash="0xB8A0BF169F98" archivePath="/Assets/tpp/level/location/mafr/block_small/127/127_130/mafr_127_130_asset.fox2" nameInArchive="cypr_utpl001_vrtn001_gim_i0000|TppSharedGimmickData_cypr_utpl001_vrtn001">0x0</containerEntry>
        </property>
        <property name="electricCable" type="String" container="DynamicArray" arraySize="6">
          <containerEntry>cypr_cabl002_vrtn001_gim_n0001|srt_cypr_cabl002_vrtn001</containerEntry>
          <containerEntry>cypr_cabl002_vrtn001_gim_n0001|srt_cypr_cabl002_vrtn001</containerEntry>
          <containerEntry>cypr_cabl002_vrtn001_gim_n0002|srt_cypr_cabl002_vrtn001</containerEntry>
          <containerEntry>cypr_cabl002_vrtn001_gim_n0002|srt_cypr_cabl002_vrtn001</containerEntry>
          <containerEntry>cypr_cabl002_vrtn001_gim_n0003|srt_cypr_cabl002_vrtn001</containerEntry>
          <containerEntry>cypr_cabl002_vrtn001_gim_n0003|srt_cypr_cabl002_vrtn001</containerEntry>
        </property>
        <property name="pole" type="String" container="DynamicArray" arraySize="6">
          <containerEntry>cypr_utpl001_vrtn001_gim_n_0001|srt_cypr_utpl001_vrtn001</containerEntry>
          <containerEntry>cypr_utpl001_vrtn001_gim_n_0000|srt_cypr_utpl001_vrtn001</containerEntry>
          <containerEntry>cypr_utpl001_vrtn001_gim_n_0001|srt_cypr_utpl001_vrtn001</containerEntry>
          <containerEntry>cypr_utpl001_vrtn001_gim_n_0000|srt_cypr_utpl001_vrtn001</containerEntry>
          <containerEntry>cypr_utpl001_vrtn001_gim_n_0001|srt_cypr_utpl001_vrtn001</containerEntry>
          <containerEntry>cypr_utpl001_vrtn001_gim_n_0000|srt_cypr_utpl001_vrtn001</containerEntry>
        </property>
        <property name="cnpIndex" type="UInt8" container="DynamicArray" arraySize="6">
          <containerEntry>0</containerEntry>
          <containerEntry>0</containerEntry>
          <containerEntry>1</containerEntry>
          <containerEntry>1</containerEntry>
          <containerEntry>2</containerEntry>
          <containerEntry>2</containerEntry>
        </property>
      </staticProperties>
      <dynamicProperties></dynamicProperties>
    </entity>
    <entity class="TppGimmickElectricCableLinkSetData" classVersion="0" classID="0xB0" addr="0x2D79C40" id="0xD6D7DC">
      <staticProperties>
        <property name="name" type="String" container="StaticArray" arraySize="1">
          <containerEntry>TppGimmickElectricCableLinkSetData0001</containerEntry>
        </property>
        <property name="dataSet" type="EntityHandle" container="StaticArray" arraySize="1">
          <containerEntry>0x2F04BC0</containerEntry>
        </property>
        <property name="electricCableData" type="EntityLink" container="StaticArray" arraySize="1">
          <containerEntry packagePath="/Assets/tpp/pack/location/mafr/pack_small/127/mafr_127_129.fpk" archivePath="/Assets/tpp/level/location/mafr/block_small/127/127_129/mafr_127_129_asset.fox2" nameInArchive="cypr_cabl002_vrtn001_gim_i0000|TppSharedGimmick_cypr_cabl002_vrtn001">0x0</containerEntry>
        </property>
        <property name="poleData" type="EntityLink" container="StaticArray" arraySize="1">
          <containerEntry packagePathHash="0xB8A0BF169F98" archivePath="/Assets/tpp/level/location/mafr/block_small/127/127_130/mafr_127_130_asset.fox2" nameInArchive="cypr_utpl001_vrtn001_gim_i0000|TppSharedGimmickData_cypr_utpl001_vrtn001">0x0</containerEntry>
        </property>
        <property name="electricCable" type="String" container="DynamicArray" arraySize="3">
          <containerEntry>cypr_cabl002_vrtn001_gim_n0010|srt_cypr_cabl002_vrtn001</containerEntry>
          <containerEntry>cypr_cabl002_vrtn001_gim_n0011|srt_cypr_cabl002_vrtn001</containerEntry>
          <containerEntry>cypr_cabl002_vrtn001_gim_n0012|srt_cypr_cabl002_vrtn001</containerEntry>
        </property>
        <property name="pole" type="String" container="DynamicArray" arraySize="3">
          <containerEntry>cypr_utpl001_vrtn001_gim_n_0000|srt_cypr_utpl001_vrtn001</containerEntry>
          <containerEntry>cypr_utpl001_vrtn001_gim_n_0000|srt_cypr_utpl001_vrtn001</containerEntry>
          <containerEntry>cypr_utpl001_vrtn001_gim_n_0000|srt_cypr_utpl001_vrtn001</containerEntry>
        </property>
        <property name="cnpIndex" type="UInt8" container="DynamicArray" arraySize="3">
          <containerEntry>0</containerEntry>
          <containerEntry>1</containerEntry>
          <containerEntry>2</containerEntry>
        </property>
      </staticProperties>
      <dynamicProperties></dynamicProperties>
    </entity>
    <entity class="TppGimmickElectricCableLinkSetData" classVersion="0" classID="0xB0" addr="0x2D7A1F0" id="0xD6D7FC">
      <staticProperties>
        <property name="name" type="String" container="StaticArray" arraySize="1">
          <containerEntry>TppGimmickElectricCableLinkSetData0002</containerEntry>
        </property>
        <property name="dataSet" type="EntityHandle" container="StaticArray" arraySize="1">
          <containerEntry>0x2F04BC0</containerEntry>
        </property>
        <property name="electricCableData" type="EntityLink" container="StaticArray" arraySize="1">
          <containerEntry packagePath="/Assets/tpp/pack/location/mafr/pack_small/128/mafr_128_130.fpk" archivePath="/Assets/tpp/level/location/mafr/block_small/128/128_130/mafr_128_130_asset.fox2" nameInArchive="cypr_cabl002_vrtn001_gim_i0000|TppSharedGimmick_cypr_cabl002_vrtn001">0x0</containerEntry>
        </property>
        <property name="poleData" type="EntityLink" container="StaticArray" arraySize="1">
          <containerEntry packagePathHash="0xB8A0BF169F98" archivePath="/Assets/tpp/level/location/mafr/block_small/127/127_130/mafr_127_130_asset.fox2" nameInArchive="cypr_utpl001_vrtn001_gim_i0000|TppSharedGimmickData_cypr_utpl001_vrtn001">0x0</containerEntry>
        </property>
        <property name="electricCable" type="String" container="DynamicArray" arraySize="3">
          <containerEntry>cypr_cabl002_vrtn001_gim_n0006|srt_cypr_cabl002_vrtn001</containerEntry>
          <containerEntry>cypr_cabl002_vrtn001_gim_n0007|srt_cypr_cabl002_vrtn001</containerEntry>
          <containerEntry>cypr_cabl002_vrtn001_gim_n0008|srt_cypr_cabl002_vrtn001</containerEntry>
        </property>
        <property name="pole" type="String" container="DynamicArray" arraySize="3">
          <containerEntry>cypr_utpl001_vrtn001_gim_n_0001|srt_cypr_utpl001_vrtn001</containerEntry>
          <containerEntry>cypr_utpl001_vrtn001_gim_n_0001|srt_cypr_utpl001_vrtn001</containerEntry>
          <containerEntry>cypr_utpl001_vrtn001_gim_n_0001|srt_cypr_utpl001_vrtn001</containerEntry>
        </property>
        <property name="cnpIndex" type="UInt8" container="DynamicArray" arraySize="3">
          <containerEntry>0</containerEntry>
          <containerEntry>1</containerEntry>
          <containerEntry>2</containerEntry>
        </property>
      </staticProperties>
      <dynamicProperties></dynamicProperties>
    </entity>
    <entity class="TppSharedGimmickData" classVersion="1" classID="0xF0" addr="0x2D7ACE0" id="0xC619">
      <staticProperties>
        <property name="name" type="String" container="StaticArray" arraySize="1">
          <containerEntry>cypr_utpl001_vrtn001_gim_i0000|TppSharedGimmickData_cypr_utpl001_vrtn001</containerEntry>
        </property>
        <property name="dataSet" type="EntityHandle" container="StaticArray" arraySize="1">
          <containerEntry>0x2F04BC0</containerEntry>
        </property>
        <property name="modelFile" type="FilePtr" container="StaticArray" arraySize="1">
          <containerEntry>/Assets/tpp/environ/object/cyprus/utility_pole/cypr_utpl001/scenes/cypr_utpl001_vrtn001.fmdl</containerEntry>
        </property>
        <property name="geomFile" type="FilePtr" container="StaticArray" arraySize="1">
          <containerEntry>/Assets/tpp/environ/object/cyprus/utility_pole/cypr_utpl001/scenes/cypr_utpl001_vrtn001.geom</containerEntry>
        </property>
        <property name="breakedModelFile" type="FilePtr" container="StaticArray" arraySize="1">
          <containerEntry hash="0xB8A0BF169F98"></containerEntry>
        </property>
        <property name="breakedGeomFile" type="FilePtr" container="StaticArray" arraySize="1">
          <containerEntry hash="0xB8A0BF169F98"></containerEntry>
        </property>
        <property name="partsFile" type="FilePtr" container="StaticArray" arraySize="1">
          <containerEntry>/Assets/tpp/parts/environ/object/cyprus/utility_pole/cypr_utpl001/cypr_utpl001_vrtn001.parts</containerEntry>
        </property>
        <property name="numDynamicGimmick" type="UInt32" container="StaticArray" arraySize="1">
          <containerEntry>2</containerEntry>
        </property>
        <property name="locaterFile" type="FilePtr" container="StaticArray" arraySize="1">
          <containerEntry>/Assets/tpp/level/location/mafr/block_small/127/127_130/lba/cypr_utpl001_vrtn001.lba</containerEntry>
        </property>
        <property name="flags1" type="UInt32" container="StaticArray" arraySize="1">
          <containerEntry>284</containerEntry>
        </property>
        <property name="flags2" type="UInt32" container="StaticArray" arraySize="1">
          <containerEntry>0</containerEntry>
        </property>
      </staticProperties>
      <dynamicProperties></dynamicProperties>
    </entity>
    <entity class="TppSharedGimmickData" classVersion="1" classID="0xF0" addr="0x2D7AFF0" id="0xCF4">
      <staticProperties>
        <property name="name" type="String" container="StaticArray" arraySize="1">
          <containerEntry>cypr_cabl002_vrtn001_gim_i0000|TppSharedGimmick_cypr_cabl002_vrtn001</containerEntry>
        </property>
        <property name="dataSet" type="EntityHandle" container="StaticArray" arraySize="1">
          <containerEntry>0x2F04BC0</containerEntry>
        </property>
        <property name="modelFile" type="FilePtr" container="StaticArray" arraySize="1">
          <containerEntry>/Assets/tpp/environ/object/cyprus/cable/cypr_cabl002/scenes/cypr_cabl002_vrtn001_fl.fmdl</containerEntry>
        </property>
        <property name="geomFile" type="FilePtr" container="StaticArray" arraySize="1">
          <containerEntry hash="0xB8A0BF169F98"></containerEntry>
        </property>
        <property name="breakedModelFile" type="FilePtr" container="StaticArray" arraySize="1">
          <containerEntry hash="0xB8A0BF169F98"></containerEntry>
        </property>
        <property name="breakedGeomFile" type="FilePtr" container="StaticArray" arraySize="1">
          <containerEntry hash="0xB8A0BF169F98"></containerEntry>
        </property>
        <property name="partsFile" type="FilePtr" container="StaticArray" arraySize="1">
          <containerEntry>/Assets/tpp/parts/environ/object/cyprus/cable/cypr_cabl002/cypr_cabl002_vrtn001.parts</containerEntry>
        </property>
        <property name="numDynamicGimmick" type="UInt32" container="StaticArray" arraySize="1">
          <containerEntry>6</containerEntry>
        </property>
        <property name="locaterFile" type="FilePtr" container="StaticArray" arraySize="1">
          <containerEntry>/Assets/tpp/level/location/mafr/block_small/127/127_130/lba/cypr_cabl002_vrtn001_scl.lba</containerEntry>
        </property>
        <property name="flags1" type="UInt32" container="StaticArray" arraySize="1">
          <containerEntry>274</containerEntry>
        </property>
        <property name="flags2" type="UInt32" container="StaticArray" arraySize="1">
          <containerEntry>0</containerEntry>
        </property>
      </staticProperties>
      <dynamicProperties></dynamicProperties>
    </entity>
    <entity class="StaticModelArray" classVersion="4" classID="0xD0" addr="0x2D7F2E0" id="0x0">
      <staticProperties>
        <property name="name" type="String" container="StaticArray" arraySize="1">
          <containerEntry>StaticModelArray0000</containerEntry>
        </property>
        <property name="dataSet" type="EntityHandle" container="StaticArray" arraySize="1">
          <containerEntry>0x2F04BC0</containerEntry>
        </property>
        <property name="modelFile" type="FilePtr" container="StaticArray" arraySize="1">
          <containerEntry hash="0xB8A0BF169F98"></containerEntry>
        </property>
        <property name="geomFile" type="FilePtr" container="StaticArray" arraySize="1">
          <containerEntry>/Assets/tpp/environ/object/cyprus/utility_pole/cypr_utpl001/scenes/cypr_utpl001_vrtn001_pc.geom</containerEntry>
        </property>
        <property name="isVisibleGeom" type="Bool" container="StaticArray" arraySize="1">
          <containerEntry>false</containerEntry>
        </property>
        <property name="lodFarSize" type="Float" container="StaticArray" arraySize="1">
          <containerEntry>-1</containerEntry>
        </property>
        <property name="lodNearSize" type="Float" container="StaticArray" arraySize="1">
          <containerEntry>-1</containerEntry>
        </property>
        <property name="lodPolygonSize" type="Float" container="StaticArray" arraySize="1">
          <containerEntry>-1</containerEntry>
        </property>
        <property name="drawRejectionLevel" type="Int32" container="StaticArray" arraySize="1">
          <containerEntry>8</containerEntry>
        </property>
        <property name="drawMode" type="Int32" container="StaticArray" arraySize="1">
          <containerEntry>0</containerEntry>
        </property>
        <property name="rejectFarRangeShadowCast" type="Int32" container="StaticArray" arraySize="1">
          <containerEntry>2</containerEntry>
        </property>
        <property name="parentLocator" type="EntityLink" container="StaticArray" arraySize="1">
          <containerEntry packagePathHash="0xB8A0BF169F98" archivePathHash="0xB8A0BF169F98" nameInArchiveHash="0xB8A0BF169F98">0x0</containerEntry>
        </property>
        <property name="transforms" type="Matrix4" container="DynamicArray" arraySize="2">
          <containerEntry r11="-0.66322076" r12="0.0035427315" r13="0.74841255" r14="0" r21="-0.022373017" r22="0.99944806" r23="-0.024557376" r24="0" r31="-0.7480865" r32="-0.033031285" r33="-0.6627754" r34="0" r41="-679.31775" r42="-0.290756" r43="-373.2897" r44="1"></containerEntry>
          <containerEntry r11="-0.8766164" r12="0.02117676" r13="0.48072094" r14="0" r21="-0.034232013" r22="0.9937553" r23="-0.10620064" r24="0" r31="-0.47996795" r32="-0.10955342" r33="-0.87041724" r34="0" r41="-644.5417" r42="-1.09483" r43="-346.56345" r44="1"></containerEntry>
        </property>
        <property name="colors" type="UInt32" container="DynamicArray" arraySize="2">
          <containerEntry>4294967295</containerEntry>
          <containerEntry>4294967295</containerEntry>
        </property>
      </staticProperties>
      <dynamicProperties></dynamicProperties>
    </entity>
    <entity class="StaticModelArray" classVersion="4" classID="0xD0" addr="0x2D7F350" id="0x0">
      <staticProperties>
        <property name="name" type="String" container="StaticArray" arraySize="1">
          <containerEntry>StaticModelArray0001</containerEntry>
        </property>
        <property name="dataSet" type="EntityHandle" container="StaticArray" arraySize="1">
          <containerEntry>0x2F04BC0</containerEntry>
        </property>
        <property name="modelFile" type="FilePtr" container="StaticArray" arraySize="1">
          <containerEntry>/Assets/tpp/environ/object/middle_africa/rock/mafr_rock011/scenes/mafr_rock011.fmdl</containerEntry>
        </property>
        <property name="geomFile" type="FilePtr" container="StaticArray" arraySize="1">
          <containerEntry>/Assets/tpp/environ/object/middle_africa/rock/mafr_rock011/scenes/mafr_rock011.geom</containerEntry>
        </property>
        <property name="isVisibleGeom" type="Bool" container="StaticArray" arraySize="1">
          <containerEntry>false</containerEntry>
        </property>
        <property name="lodFarSize" type="Float" container="StaticArray" arraySize="1">
          <containerEntry>-1</containerEntry>
        </property>
        <property name="lodNearSize" type="Float" container="StaticArray" arraySize="1">
          <containerEntry>-1</containerEntry>
        </property>
        <property name="lodPolygonSize" type="Float" container="StaticArray" arraySize="1">
          <containerEntry>-1</containerEntry>
        </property>
        <property name="drawRejectionLevel" type="Int32" container="StaticArray" arraySize="1">
          <containerEntry>8</containerEntry>
        </property>
        <property name="drawMode" type="Int32" container="StaticArray" arraySize="1">
          <containerEntry>0</containerEntry>
        </property>
        <property name="rejectFarRangeShadowCast" type="Int32" container="StaticArray" arraySize="1">
          <containerEntry>2</containerEntry>
        </property>
        <property name="parentLocator" type="EntityLink" container="StaticArray" arraySize="1">
          <containerEntry packagePathHash="0xB8A0BF169F98" archivePathHash="0xB8A0BF169F98" nameInArchiveHash="0xB8A0BF169F98">0x0</containerEntry>
        </property>
        <property name="transforms" type="Matrix4" container="DynamicArray" arraySize="3">
          <containerEntry r11="-0.34094602" r12="0.042851314" r13="-0.93910635" r14="0" r21="0.3834017" r22="0.9184435" r23="-0.09728673" r24="0" r31="0.8583473" r32="-0.39322427" r33="-0.32956898" r34="0" r41="-671.70123" r42="-1.662873" r43="-380.94778" r44="1"></containerEntry>
          <containerEntry r11="-0.85292345" r12="0.041909702" r13="-0.52035075" r14="0" r21="0.23269042" r22="0.92279613" r23="-0.30708712" r24="0" r31="0.46730775" r32="-0.38300252" r33="-0.7968264" r34="0" r41="-655.8433" r42="-0.98477" r43="-374.11633" r44="1"></containerEntry>
          <containerEntry r11="0.200434" r12="0.21929339" r13="-0.95484895" r14="0" r21="0.4527261" r22="0.8435926" r23="0.2887744" r24="0" r31="0.8688298" r32="-0.49016526" r33="0.06980479" r34="0" r41="-656.0718" r42="-2.763593" r43="-362.95248" r44="1"></containerEntry>
        </property>
        <property name="colors" type="UInt32" container="DynamicArray" arraySize="3">
          <containerEntry>4294967295</containerEntry>
          <containerEntry>4294967295</containerEntry>
          <containerEntry>4294967295</containerEntry>
        </property>
      </staticProperties>
      <dynamicProperties></dynamicProperties>
    </entity>
    <entity class="StaticModelArray" classVersion="4" classID="0xD0" addr="0x2D7F3C0" id="0x0">
      <staticProperties>
        <property name="name" type="String" container="StaticArray" arraySize="1">
          <containerEntry>StaticModelArray0002</containerEntry>
        </property>
        <property name="dataSet" type="EntityHandle" container="StaticArray" arraySize="1">
          <containerEntry>0x2F04BC0</containerEntry>
        </property>
        <property name="modelFile" type="FilePtr" container="StaticArray" arraySize="1">
          <containerEntry>/Assets/tpp/environ/object/middle_africa/rock/mafr_rock007/scenes/mafr_rock007.fmdl</containerEntry>
        </property>
        <property name="geomFile" type="FilePtr" container="StaticArray" arraySize="1">
          <containerEntry>/Assets/tpp/environ/object/middle_africa/rock/mafr_rock007/scenes/mafr_rock007.geom</containerEntry>
        </property>
        <property name="isVisibleGeom" type="Bool" container="StaticArray" arraySize="1">
          <containerEntry>false</containerEntry>
        </property>
        <property name="lodFarSize" type="Float" container="StaticArray" arraySize="1">
          <containerEntry>-1</containerEntry>
        </property>
        <property name="lodNearSize" type="Float" container="StaticArray" arraySize="1">
          <containerEntry>-1</containerEntry>
        </property>
        <property name="lodPolygonSize" type="Float" container="StaticArray" arraySize="1">
          <containerEntry>-1</containerEntry>
        </property>
        <property name="drawRejectionLevel" type="Int32" container="StaticArray" arraySize="1">
          <containerEntry>8</containerEntry>
        </property>
        <property name="drawMode" type="Int32" container="StaticArray" arraySize="1">
          <containerEntry>0</containerEntry>
        </property>
        <property name="rejectFarRangeShadowCast" type="Int32" container="StaticArray" arraySize="1">
          <containerEntry>2</containerEntry>
        </property>
        <property name="parentLocator" type="EntityLink" container="StaticArray" arraySize="1">
          <containerEntry packagePathHash="0xB8A0BF169F98" archivePathHash="0xB8A0BF169F98" nameInArchiveHash="0xB8A0BF169F98">0x0</containerEntry>
        </property>
        <property name="transforms" type="Matrix4" container="DynamicArray" arraySize="3">
          <containerEntry r11="0.9973744" r12="-0.035067357" r13="-0.063361056" r14="0" r21="0.03928885" r22="0.9970021" r23="0.0666571" r24="0" r31="0.06083362" r32="-0.06897146" r33="0.9957621" r34="0" r41="-682.50806" r42="9.706376" r43="-283.7166" r44="1"></containerEntry>
          <containerEntry r11="-0.028400201" r12="0.007684078" r13="0.9995691" r14="0" r21="-0.092550695" r22="0.9956549" r23="-0.010283414" r24="0" r31="-0.9953049" r32="-0.09280267" r33="-0.027565658" r34="0" r41="-703.045" r42="10.17105" r43="-286.94107" r44="1"></containerEntry>
          <containerEntry r11="0.49128845" r12="0.29428393" r13="-0.8197759" r14="0" r21="-0.16928598" r22="0.9555066" r23="0.24155623" r24="0" r31="0.85438734" r32="0.020102859" r33="0.51924753" r34="0" r41="-690.5735" r42="-0.198103" r43="-382.1121" r44="1"></containerEntry>
        </property>
        <property name="colors" type="UInt32" container="DynamicArray" arraySize="3">
          <containerEntry>4294967295</containerEntry>
          <containerEntry>4294967295</containerEntry>
          <containerEntry>4294967295</containerEntry>
        </property>
      </staticProperties>
      <dynamicProperties></dynamicProperties>
    </entity>
    <entity class="StaticModelArray" classVersion="4" classID="0xD0" addr="0x2D7F430" id="0x0">
      <staticProperties>
        <property name="name" type="String" container="StaticArray" arraySize="1">
          <containerEntry>StaticModelArray0003</containerEntry>
        </property>
        <property name="dataSet" type="EntityHandle" container="StaticArray" arraySize="1">
          <containerEntry>0x2F04BC0</containerEntry>
        </property>
        <property name="modelFile" type="FilePtr" container="StaticArray" arraySize="1">
          <containerEntry>/Assets/tpp/environ/object/middle_africa/cliff/mafr_clff003/scenes/mafr_clff003_vrtn001.fmdl</containerEntry>
        </property>
        <property name="geomFile" type="FilePtr" container="StaticArray" arraySize="1">
          <containerEntry>/Assets/tpp/environ/object/middle_africa/cliff/mafr_clff003/scenes/mafr_clff003_vrtn001.geom</containerEntry>
        </property>
        <property name="isVisibleGeom" type="Bool" container="StaticArray" arraySize="1">
          <containerEntry>false</containerEntry>
        </property>
        <property name="lodFarSize" type="Float" container="StaticArray" arraySize="1">
          <containerEntry>-1</containerEntry>
        </property>
        <property name="lodNearSize" type="Float" container="StaticArray" arraySize="1">
          <containerEntry>-1</containerEntry>
        </property>
        <property name="lodPolygonSize" type="Float" container="StaticArray" arraySize="1">
          <containerEntry>-1</containerEntry>
        </property>
        <property name="drawRejectionLevel" type="Int32" container="StaticArray" arraySize="1">
          <containerEntry>8</containerEntry>
        </property>
        <property name="drawMode" type="Int32" container="StaticArray" arraySize="1">
          <containerEntry>0</containerEntry>
        </property>
        <property name="rejectFarRangeShadowCast" type="Int32" container="StaticArray" arraySize="1">
          <containerEntry>2</containerEntry>
        </property>
        <property name="parentLocator" type="EntityLink" container="StaticArray" arraySize="1">
          <containerEntry packagePathHash="0xB8A0BF169F98" archivePathHash="0xB8A0BF169F98" nameInArchiveHash="0xB8A0BF169F98">0x0</containerEntry>
        </property>
        <property name="transforms" type="Matrix4" container="DynamicArray" arraySize="32">
          <containerEntry r11="-0.81998235" r12="-0.037659883" r13="-0.5711424" r14="0" r21="-0.40181404" r22="0.7485055" r23="0.5275263" r24="0" r31="0.40763628" r32="0.6620576" r33="-0.6288927" r34="0" r41="-721.83386" r42="2.877489" r43="-370.09744" r44="1"></containerEntry>
          <containerEntry r11="-0.49930605" r12="0.022826016" r13="-0.8661213" r14="0" r21="-0.5802449" r22="0.7335628" r23="0.35383648" r24="0" r31="0.6434306" r32="0.6792373" r33="-0.35302687" r34="0" r41="-711.17395" r42="2.280058" r43="-358.38196" r44="1"></containerEntry>
          <containerEntry r11="0.5016318" r12="-0.22483951" r13="-0.8353501" r14="0" r21="-0.052929215" r22="0.95584786" r23="-0.28905547" r24="0" r31="0.8634588" r32="0.18921354" r33="0.46758312" r34="0" r41="-699.69507" r42="-1.556437" r43="-344.7188" r44="1"></containerEntry>
          <containerEntry r11="-0.9866195" r12="0.05362349" r13="-0.15394402" r14="0" r21="0.0070137195" r22="0.9574378" r23="0.28855407" r24="0" r31="0.1628651" r32="0.28361446" r33="-0.94500273" r34="0" r41="-751.92993" r42="5.683601" r43="-373.49225" r44="1"></containerEntry>
          <containerEntry r11="-0.60796535" r12="0.001663571" r13="-0.6153005" r14="0" r21="-0.31142887" r22="0.7451863" r23="0.309732" r24="0" r31="0.5306689" r32="0.43922555" r33="-0.5231549" r34="0" r41="-688.59436" r42="6.564922" r43="-299.1564" r44="1"></containerEntry>
          <containerEntry r11="-0.5638766" r12="-0.11399753" r13="-0.6459612" r14="0" r21="-0.39150438" r22="0.7419602" r23="0.21081722" r24="0" r31="0.52629423" r32="0.4297954" r33="-0.5352649" r34="0" r41="-687.8113" r42="0.235021" r43="-313.8776" r44="1"></containerEntry>
          <containerEntry r11="-0.5638766" r12="-0.11399753" r13="-0.6459612" r14="0" r21="-0.39150438" r22="0.7419602" r23="0.21081722" r24="0" r31="0.52629423" r32="0.4297954" r33="-0.5352649" r34="0" r41="-706.582" r42="0.730527" r43="-328.236" r44="1"></containerEntry>
          <containerEntry r11="-0.6194183" r12="0.0066074436" r13="-0.6037316" r14="0" r21="-0.34613094" r22="0.70481503" r23="0.3628402" r24="0" r31="0.4947008" r32="0.501414" r33="-0.5020663" r34="0" r41="-719.49286" r42="2.782231" r43="-345.36536" r44="1"></containerEntry>
          <containerEntry r11="-0.2120405" r12="-0.038912833" r13="-0.9764825" r14="0" r21="-0.5736138" r22="0.8139282" r23="0.092125356" r24="0" r31="0.79120123" r32="0.57966" r33="-0.19490612" r34="0" r41="-735.64136" r42="4.837688" r43="-360.8571" r44="1"></containerEntry>
          <containerEntry r11="-0.4263442" r12="-0.17857067" r13="-0.8867564" r14="0" r21="-0.55497634" r22="0.82576764" r23="0.10054016" r24="0" r31="0.7143009" r32="0.53499496" r33="-0.4511634" r34="0" r41="-729.2216" r42="5.544455" r43="-346.80252" r44="1"></containerEntry>
          <containerEntry r11="-0.8607822" r12="0.003944897" r13="-0.08518223" r14="0" r21="-0.037155923" r22="0.76038396" r23="0.41068265" r24="0" r31="0.07675293" r32="0.41234118" r33="-0.7565063" r34="0" r41="-652.88403" r42="-0.865119" r43="-293.90952" r44="1"></containerEntry>
          <containerEntry r11="-0.7580894" r12="0.048010323" r13="-0.41377574" r14="0" r21="-0.19088891" r22="0.72366405" r23="0.43370026" r24="0" r31="0.3702388" r32="0.47141227" r33="-0.62362605" r34="0" r41="-648.33673" r42="-1.490779" r43="-313.8776" r44="1"></containerEntry>
          <containerEntry r11="-0.689293" r12="-0.036369696" r13="-0.52131325" r14="0" r21="-0.24275737" r22="0.7864323" r23="0.26611552" r24="0" r31="0.46277323" r32="0.35836557" r33="-0.63689125" r34="0" r41="-657.2174" r42="-1.176275" r43="-320.4369" r44="1"></containerEntry>
          <containerEntry r11="-0.65421575" r12="-0.1293791" r13="-0.5508873" r14="0" r21="-0.37065783" r22="0.734271" r23="0.2677366" r24="0" r31="0.42758453" r32="0.4385558" r33="-0.610782" r34="0" r41="-663.64514" r42="-1.758687" r43="-326.2686" r44="1"></containerEntry>
          <containerEntry r11="-0.88575935" r12="-0.07234873" r13="-0.4584616" r14="0" r21="-0.23232688" r22="0.92423356" r23="0.30301186" r24="0" r31="0.40180293" r32="0.37491015" r33="-0.8354567" r34="0" r41="-707.3368" r42="-3.906527" r43="-366.13922" r44="1"></containerEntry>
          <containerEntry r11="-0.74987006" r12="-0.14079636" r13="-0.4075351" r14="0" r21="-0.321445" r22="0.727462" r23="0.34014153" r24="0" r31="0.28737012" r32="0.4463177" r33="-0.682959" r34="0" r41="-726.93866" r42="7.524769" r43="-342.0569" r44="1"></containerEntry>
          <containerEntry r11="0.22064073" r12="-0.15878254" r13="0.9623432" r14="0" r21="0.8262828" r22="0.55467695" r23="-0.0979256" r24="0" r31="-0.51824033" r32="0.8167746" r33="0.25358403" r34="0" r41="-705.76025" r42="2.182957" r43="-348.55228" r44="1"></containerEntry>
          <containerEntry r11="-0.6738093" r12="0.039700948" r13="-0.7378347" r14="0" r21="-0.27082044" r22="0.91579807" r23="0.2965972" r24="0" r31="0.6874827" r32="0.3996717" r33="-0.6063212" r34="0" r41="-751.6905" r42="9.4724" r43="-367.67896" r44="1"></containerEntry>
          <containerEntry r11="-0.5143064" r12="-0.013919994" r13="-0.8574911" r14="0" r21="-0.39410144" r22="0.89187753" r23="0.2218968" r24="0" r31="0.76168805" r32="0.45206234" r33="-0.46418405" r34="0" r41="-741.55615" r42="7.2132545" r43="-360.51935" r44="1"></containerEntry>
          <containerEntry r11="0.9913371" r12="-0.10262424" r13="-0.081969574" r14="0" r21="0.0016026571" r22="0.6334981" r23="-0.77374166" r24="0" r31="0.13133231" r32="0.7669074" r33="0.6281746" r34="0" r41="-744.7633" r42="3.072225" r43="-378.79956" r44="1"></containerEntry>
          <containerEntry r11="-0.9172204" r12="0.020474091" r13="0.39783978" r14="0" r21="0.2543596" r22="0.7986994" r23="0.545325" r24="0" r31="-0.30658907" r32="0.6013809" r33="-0.73779005" r34="0" r41="-765.01794" r42="2.4575305" r43="-383.27167" r44="1"></containerEntry>
          <containerEntry r11="-0.69416386" r12="-0.20195563" r13="-0.6909024" r14="0" r21="-0.34239078" r22="0.93693626" r23="0.070135" r24="0" r31="0.6331673" r32="0.28524423" r33="-0.71953493" r34="0" r41="-736.10126" r42="8.764095" r43="-333.4079" r44="1"></containerEntry>
          <containerEntry r11="-0.5850845" r12="-0.06843314" r13="-0.63341427" r14="0" r21="-0.0692052" r22="0.8617334" r23="-0.029175255" r24="0" r31="0.63333035" r32="0.030942857" r33="-0.5883501" r34="0" r41="-703.3515" r42="8.802372" r43="-256.80875" r44="1"></containerEntry>
          <containerEntry r11="0.44381687" r12="-0.18029319" r13="0.8777925" r14="0" r21="0.56476593" r22="0.8168025" r23="-0.11778216" r24="0" r31="-0.6957476" r32="0.5480215" r33="0.46433443" r34="0" r41="-703.98236" r42="7.035332" r43="-311.31403" r44="1"></containerEntry>
          <containerEntry r11="0.8634803" r12="-0.042249378" r13="-0.029012071" r14="0" r21="0.015418707" r22="0.68111503" r23="-0.5329811" r24="0" r31="0.04887713" r32="0.5315276" r33="0.6806715" r34="0" r41="-665.0972" r42="6.1438" r43="-288.17358" r44="1"></containerEntry>
          <containerEntry r11="-0.67783433" r12="-0.018229395" r13="-0.53705484" r14="0" r21="-0.3298934" r22="0.69653404" r23="0.39272776" r24="0" r31="0.42418215" r32="0.5125744" r33="-0.55277216" r34="0" r41="-656.72546" r42="5.882324" r43="-283.9567" r44="1"></containerEntry>
          <containerEntry r11="-0.9655148" r12="-0.122093275" r13="-0.22991855" r14="0" r21="-0.20378648" r22="0.9040573" r23="0.3757005" r24="0" r31="0.16198884" r32="0.40960106" r33="-0.89776117" r34="0" r41="-717.1692" r42="-4.449164" r43="-379.00665" r44="1"></containerEntry>
          <containerEntry r11="0.9664777" r12="-0.14108418" r13="-0.21451303" r14="0" r21="-0.11759093" r22="0.49948382" r23="-0.85830307" r24="0" r31="0.22823882" r32="0.8547555" r33="0.46614975" r34="0" r41="-685.3461" r42="-2.424297" r43="-333.88376" r44="1"></containerEntry>
          <containerEntry r11="-0.86129254" r12="-0.077933095" r13="-0.017751275" r14="0" r21="-0.07777667" r22="0.77289164" r23="0.38054395" r24="0" r31="-0.018424599" r32="0.38051194" r33="-0.77658564" r34="0" r41="-646.99084" r42="-4.487002" r43="-333.2462" r44="1"></containerEntry>
          <containerEntry r11="-0.7722725" r12="-0.09074545" r13="-0.6287727" r14="0" r21="-0.14689612" r22="0.9884305" r23="0.037769817" r24="0" r31="0.61807066" r32="0.1215331" r33="-0.7766679" r34="0" r41="-712.1177" r42="9.200842" r43="-276.306" r44="1"></containerEntry>
          <containerEntry r11="0.038730152" r12="-0.052453972" r13="-0.9978703" r14="0" r21="-0.079198845" r22="0.9953186" r23="-0.055393532" r24="0" r31="0.9961045" r32="0.081175625" r33="0.034394562" r34="0" r41="-708.5663" r42="9.421719" r43="-268.1159" r44="1"></containerEntry>
          <containerEntry r11="0.9931654" r12="-0.11671462" r13="0.00053083897" r14="0" r21="0.07773215" r22="0.65804434" r23="-0.74895513" r24="0" r31="0.0870649" r32="0.74387753" r33="0.66261935" r34="0" r41="-703.98737" r42="7.408393" r43="-275.27545" r44="1"></containerEntry>
        </property>
        <property name="colors" type="UInt32" container="DynamicArray" arraySize="32">
          <containerEntry>4294967295</containerEntry>
          <containerEntry>4294967295</containerEntry>
          <containerEntry>4294967295</containerEntry>
          <containerEntry>4294967295</containerEntry>
          <containerEntry>4294967295</containerEntry>
          <containerEntry>4294967295</containerEntry>
          <containerEntry>4294967295</containerEntry>
          <containerEntry>4294967295</containerEntry>
          <containerEntry>4294967295</containerEntry>
          <containerEntry>4294967295</containerEntry>
          <containerEntry>4294967295</containerEntry>
          <containerEntry>4294967295</containerEntry>
          <containerEntry>4294967295</containerEntry>
          <containerEntry>4294967295</containerEntry>
          <containerEntry>4294967295</containerEntry>
          <containerEntry>4294967295</containerEntry>
          <containerEntry>4294967295</containerEntry>
          <containerEntry>4294967295</containerEntry>
          <containerEntry>4294967295</containerEntry>
          <containerEntry>4294967295</containerEntry>
          <containerEntry>4294967295</containerEntry>
          <containerEntry>4294967295</containerEntry>
          <containerEntry>4294967295</containerEntry>
          <containerEntry>4294967295</containerEntry>
          <containerEntry>4294967295</containerEntry>
          <containerEntry>4294967295</containerEntry>
          <containerEntry>4294967295</containerEntry>
          <containerEntry>4294967295</containerEntry>
          <containerEntry>4294967295</containerEntry>
          <containerEntry>4294967295</containerEntry>
          <containerEntry>4294967295</containerEntry>
          <containerEntry>4294967295</containerEntry>
        </property>
      </staticProperties>
      <dynamicProperties></dynamicProperties>
    </entity>
    <entity class="StaticModelArray" classVersion="4" classID="0xD0" addr="0x2D7EE10" id="0x0">
      <staticProperties>
        <property name="name" type="String" container="StaticArray" arraySize="1">
          <containerEntry>StaticModelArray0004</containerEntry>
        </property>
        <property name="dataSet" type="EntityHandle" container="StaticArray" arraySize="1">
          <containerEntry>0x2F04BC0</containerEntry>
        </property>
        <property name="modelFile" type="FilePtr" container="StaticArray" arraySize="1">
          <containerEntry>/Assets/tpp/environ/object/middle_africa/rock/mafr_rock002/scenes/mafr_rock002.fmdl</containerEntry>
        </property>
        <property name="geomFile" type="FilePtr" container="StaticArray" arraySize="1">
          <containerEntry>/Assets/tpp/environ/object/middle_africa/rock/mafr_rock002/scenes/mafr_rock002.geom</containerEntry>
        </property>
        <property name="isVisibleGeom" type="Bool" container="StaticArray" arraySize="1">
          <containerEntry>false</containerEntry>
        </property>
        <property name="lodFarSize" type="Float" container="StaticArray" arraySize="1">
          <containerEntry>-1</containerEntry>
        </property>
