<fox formatVersion="2" fileVersion="0">
  <entities>
    <entity class="DataSet" classVersion="0" classID="0xE8" addr="0x2F59230" id="0x18BD56">
      <staticProperties>
        <property name="name" type="String" container="StaticArray" arraySize="1">
          <containerEntry hash="0xB8A0BF169F98"></containerEntry>
        </property>
        <property name="dataSet" type="EntityHandle" container="StaticArray" arraySize="1">
          <containerEntry>0x0</containerEntry>
        </property>
        <property name="dataList" type="EntityPtr" container="StringMap" arraySize="9">
          <containerEntry key="afgh_fndt007_0001">
            <data>0x2D7FCF0</data>
          </containerEntry>
          <containerEntry key="afgh_brbw001_vrtn004_gim_i0000|TppSharedGimmick_afgh_brbw001_vrtn004">
            <data>0x2F59F50</data>
          </containerEntry>
          <containerEntry key="StaticModelArray0000">
            <data>0x68519E0</data>
          </containerEntry>
          <containerEntry key="StaticModelArray0001">
            <data>0x6851A50</data>
          </containerEntry>
          <containerEntry key="StaticModelArray0002">
            <data>0x6851B30</data>
          </containerEntry>
          <containerEntry key="StaticModelArray0003">
            <data>0x6851AC0</data>
          </containerEntry>
          <containerEntry key="StaticModelArray0004">
            <data>0x6851970</data>
          </containerEntry>
          <containerEntry key="GeoxPathPack0000">
            <data>0x6851BA0</data>
          </containerEntry>
          <containerEntry key="TexturePackLoadConditioner0000">
            <data>0x6852000</data>
          </containerEntry>
        </property>
      </staticProperties>
      <dynamicProperties></dynamicProperties>
    </entity>
    <entity class="StaticModel" classVersion="9" classID="0x160" addr="0x2D7FCF0" id="0x18C072">
      <staticProperties>
        <property name="name" type="String" container="StaticArray" arraySize="1">
          <containerEntry>afgh_fndt007_0001</containerEntry>
        </property>
        <property name="dataSet" type="EntityHandle" container="StaticArray" arraySize="1">
          <containerEntry>0x2F59230</containerEntry>
        </property>
        <property name="parent" type="EntityHandle" container="StaticArray" arraySize="1">
          <containerEntry>0x0</containerEntry>
        </property>
        <property name="transform" type="EntityPtr" container="StaticArray" arraySize="1">
          <containerEntry>0x2D7FD60</containerEntry>
        </property>
        <property name="shearTransform" type="EntityPtr" container="StaticArray" arraySize="1">
          <containerEntry>0x0</containerEntry>
        </property>
        <property name="pivotTransform" type="EntityPtr" container="StaticArray" arraySize="1">
          <containerEntry>0x0</containerEntry>
        </property>
        <property name="children" type="EntityHandle" container="List"></property>
        <property name="flags" type="UInt32" container="StaticArray" arraySize="1">
          <containerEntry>7</containerEntry>
        </property>
        <property name="modelFile" type="FilePtr" container="StaticArray" arraySize="1">
          <containerEntry>/Assets/tpp/environ/object/afghanistan/foundation/afgh_fndt007/scenes/afgh_fndt007.fmdl</containerEntry>
        </property>
        <property name="geomFile" type="FilePtr" container="StaticArray" arraySize="1">
          <containerEntry>/Assets/tpp/environ/object/afghanistan/foundation/afgh_fndt007/scenes/afgh_fndt007.geom</containerEntry>
        </property>
        <property name="isVisibleGeom" type="Bool" container="StaticArray" arraySize="1">
          <containerEntry>false</containerEntry>
        </property>
        <property name="isIsolated" type="Bool" container="StaticArray" arraySize="1">
          <containerEntry>false</containerEntry>
        </property>
        <property name="lodFarSize" type="Float" container="StaticArray" arraySize="1">
          <containerEntry>-1</containerEntry>
        </property>
        <property name="lodNearSize" type="Float" container="StaticArray" arraySize="1">
          <containerEntry>-1</containerEntry>
        </property>
        <property name="lodPolygonSize" type="Float" container="StaticArray" arraySize="1">
          <containerEntry>-1</containerEntry>
        </property>
        <property name="color" type="Color" container="StaticArray" arraySize="1">
          <containerEntry r="1" g="1" b="1" a="1"></containerEntry>
        </property>
        <property name="drawRejectionLevel" type="Int32" container="StaticArray" arraySize="1">
          <containerEntry>8</containerEntry>
        </property>
        <property name="drawMode" type="Int32" container="StaticArray" arraySize="1">
          <containerEntry>0</containerEntry>
        </property>
        <property name="rejectFarRangeShadowCast" type="Int32" container="StaticArray" arraySize="1">
          <containerEntry>2</containerEntry>
        </property>
      </staticProperties>
      <dynamicProperties></dynamicProperties>
    </entity>
    <entity class="TransformEntity" classVersion="0" classID="0x50" addr="0x2D7FD60" id="0x18C075">
      <staticProperties>
        <property name="owner" type="EntityHandle" container="StaticArray" arraySize="1">
          <containerEntry>0x2D7FCF0</containerEntry>
        </property>
        <property name="transform_scale" type="Vector3" container="StaticArray" arraySize="1">
          <containerEntry x="1" y="1" z="1" w="0"></containerEntry>
        </property>
        <property name="transform_rotation_quat" type="Quat" container="StaticArray" arraySize="1">
          <containerEntry x="0" y="0" z="0" w="1"></containerEntry>
        </property>
        <property name="transform_translation" type="Vector3" container="StaticArray" arraySize="1">
          <containerEntry x="-2214.8757" y="441.96054" z="-1519.6151" w="0"></containerEntry>
        </property>
      </staticProperties>
      <dynamicProperties></dynamicProperties>
    </entity>
    <entity class="TppSharedGimmickData" classVersion="1" classID="0xF0" addr="0x2F59F50" id="0xB62">
      <staticProperties>
        <property name="name" type="String" container="StaticArray" arraySize="1">
          <containerEntry>afgh_brbw001_vrtn004_gim_i0000|TppSharedGimmick_afgh_brbw001_vrtn004</containerEntry>
        </property>
        <property name="dataSet" type="EntityHandle" container="StaticArray" arraySize="1">
          <containerEntry>0x2F59230</containerEntry>
        </property>
        <property name="modelFile" type="FilePtr" container="StaticArray" arraySize="1">
          <containerEntry>/Assets/tpp/environ/object/afghanistan/barbwire/afgh_brbw001/scenes/afgh_brbw001_vrtn004.fmdl</containerEntry>
        </property>
        <property name="geomFile" type="FilePtr" container="StaticArray" arraySize="1">
          <containerEntry>/Assets/tpp/environ/object/afghanistan/barbwire/afgh_brbw001/scenes/afgh_brbw001_vrtn004.geom</containerEntry>
        </property>
        <property name="breakedModelFile" type="FilePtr" container="StaticArray" arraySize="1">
          <containerEntry hash="0xB8A0BF169F98"></containerEntry>
        </property>
        <property name="breakedGeomFile" type="FilePtr" container="StaticArray" arraySize="1">
          <containerEntry hash="0xB8A0BF169F98"></containerEntry>
        </property>
        <property name="partsFile" type="FilePtr" container="StaticArray" arraySize="1">
          <containerEntry>/Assets/tpp/parts/environ/object/afghanistan/barbwire/afgh_brbw001/afgh_brbw001_vrtn004.parts</containerEntry>
        </property>
        <property name="numDynamicGimmick" type="UInt32" container="StaticArray" arraySize="1">
          <containerEntry>2</containerEntry>
        </property>
        <property name="locaterFile" type="FilePtr" container="StaticArray" arraySize="1">
          <containerEntry>/Assets/tpp/level/location/afgh/block_small/115/115_121/lba/afgh_brbw001_vrtn004.lba</containerEntry>
        </property>
        <property name="flags1" type="UInt32" container="StaticArray" arraySize="1">
          <containerEntry>16781568</containerEntry>
        </property>
        <property name="flags2" type="UInt32" container="StaticArray" arraySize="1">
          <containerEntry>0</containerEntry>
        </property>
      </staticProperties>
      <dynamicProperties></dynamicProperties>
    </entity>
    <entity class="StaticModelArray" classVersion="4" classID="0xD0" addr="0x68519E0" id="0x0">
      <staticProperties>
        <property name="name" type="String" container="StaticArray" arraySize="1">
          <containerEntry>StaticModelArray0000</containerEntry>
        </property>
        <property name="dataSet" type="EntityHandle" container="StaticArray" arraySize="1">
          <containerEntry>0x2F59230</containerEntry>
        </property>
        <property name="modelFile" type="FilePtr" container="StaticArray" arraySize="1">
          <containerEntry>/Assets/tpp/environ/object/middle_africa/curb/mafr_curb001/scenes/mafr_curb001_vrtn005.fmdl</containerEntry>
        </property>
        <property name="geomFile" type="FilePtr" container="StaticArray" arraySize="1">
          <containerEntry>/Assets/tpp/environ/object/middle_africa/curb/mafr_curb001/scenes/mafr_curb001_vrtn005.geom</containerEntry>
        </property>
        <property name="isVisibleGeom" type="Bool" container="StaticArray" arraySize="1">
          <containerEntry>false</containerEntry>
        </property>
        <property name="lodFarSize" type="Float" container="StaticArray" arraySize="1">
          <containerEntry>-1</containerEntry>
        </property>
        <property name="lodNearSize" type="Float" container="StaticArray" arraySize="1">
          <containerEntry>-1</containerEntry>
        </property>
        <property name="lodPolygonSize" type="Float" container="StaticArray" arraySize="1">
          <containerEntry>-1</containerEntry>
        </property>
        <property name="drawRejectionLevel" type="Int32" container="StaticArray" arraySize="1">
          <containerEntry>8</containerEntry>
        </property>
        <property name="drawMode" type="Int32" container="StaticArray" arraySize="1">
          <containerEntry>0</containerEntry>
        </property>
        <property name="rejectFarRangeShadowCast" type="Int32" container="StaticArray" arraySize="1">
          <containerEntry>2</containerEntry>
        </property>
        <property name="parentLocator" type="EntityLink" container="StaticArray" arraySize="1">
          <containerEntry packagePathHash="0xB8A0BF169F98" archivePathHash="0xB8A0BF169F98" nameInArchiveHash="0xB8A0BF169F98">0x0</containerEntry>
        </property>
        <property name="transforms" type="Matrix4" container="DynamicArray" arraySize="7">
          <containerEntry r11="-0.49999845" r12="0" r13="-0.866025" r14="0" r21="0" r22="1" r23="0" r24="0" r31="0.866025" r32="0" r33="-0.49999845" r34="0" r41="-2224.1204" r42="443.3946" r43="-1491.4299" r44="1"></containerEntry>
          <containerEntry r11="-0.49999794" r12="0" r13="-0.8660241" r14="0" r21="0" r22="1" r23="0" r24="0" r31="0.8660241" r32="0" r33="-0.49999794" r34="0" r41="-2231.994" r42="443.39456" r43="-1505.0674" r44="1"></containerEntry>
          <containerEntry r11="-0.49999544" r12="0" r13="-0.8660198" r14="0" r21="0" r22="1" r23="0" r24="0" r31="0.8660198" r32="0" r33="-0.49999544" r34="0" r41="-2247.741" r42="443.39444" r43="-1532.3422" r44="1"></containerEntry>
          <containerEntry r11="-0.49999696" r12="0" r13="-0.8660224" r14="0" r21="0" r22="1" r23="0" r24="0" r31="0.8660224" r32="0" r33="-0.49999696" r34="0" r41="-2231.7249" r42="443.3945" r43="-1524.0347" r44="1"></containerEntry>
          <containerEntry r11="-0.49999794" r12="0" r13="-0.8660241" r14="0" r21="0" r22="1" r23="0" r24="0" r31="0.8660241" r32="0" r33="-0.49999794" r34="0" r41="-2223.579" r42="443.39456" r43="-1509.9257" r44="1"></containerEntry>
          <containerEntry r11="-0.49999845" r12="0" r13="-0.866025" r14="0" r21="0" r22="1" r23="0" r24="0" r31="0.866025" r32="0" r33="-0.49999845" r34="0" r41="-2215.7056" r42="443.3946" r43="-1496.2882" r44="1"></containerEntry>
          <containerEntry r11="-0.49999544" r12="0" r13="-0.8660198" r14="0" r21="0" r22="1" r23="0" r24="0" r31="0.8660198" r32="0" r33="-0.49999544" r34="0" r41="-2239.3262" r42="443.39444" r43="-1537.2004" r44="1"></containerEntry>
        </property>
        <property name="colors" type="UInt32" container="DynamicArray" arraySize="7">
          <containerEntry>4294967295</containerEntry>
          <containerEntry>4294967295</containerEntry>
          <containerEntry>4294967295</containerEntry>
          <containerEntry>4294967295</containerEntry>
          <containerEntry>4294967295</containerEntry>
          <containerEntry>4294967295</containerEntry>
          <containerEntry>4294967295</containerEntry>
        </property>
      </staticProperties>
      <dynamicProperties></dynamicProperties>
    </entity>
    <entity class="StaticModelArray" classVersion="4" classID="0xD0" addr="0x6851A50" id="0x0">
      <staticProperties>
        <property name="name" type="String" container="StaticArray" arraySize="1">
          <containerEntry>StaticModelArray0001</containerEntry>
        </property>
        <property name="dataSet" type="EntityHandle" container="StaticArray" arraySize="1">
          <containerEntry>0x2F59230</containerEntry>
        </property>
        <property name="modelFile" type="FilePtr" container="StaticArray" arraySize="1">
          <containerEntry>/Assets/tpp/environ/object/afghanistan/gas_cylinder/afgh_gscy002/scenes/afgh_gscy002.fmdl</containerEntry>
        </property>
        <property name="geomFile" type="FilePtr" container="StaticArray" arraySize="1">
          <containerEntry>/Assets/tpp/environ/object/afghanistan/gas_cylinder/afgh_gscy002/scenes/afgh_gscy002.geom</containerEntry>
        </property>
        <property name="isVisibleGeom" type="Bool" container="StaticArray" arraySize="1">
          <containerEntry>false</containerEntry>
        </property>
        <property name="lodFarSize" type="Float" container="StaticArray" arraySize="1">
          <containerEntry>50</containerEntry>
        </property>
        <property name="lodNearSize" type="Float" container="StaticArray" arraySize="1">
          <containerEntry>400</containerEntry>
        </property>
        <property name="lodPolygonSize" type="Float" container="StaticArray" arraySize="1">
          <containerEntry>-1</containerEntry>
        </property>
        <property name="drawRejectionLevel" type="Int32" container="StaticArray" arraySize="1">
          <containerEntry>8</containerEntry>
        </property>
        <property name="drawMode" type="Int32" container="StaticArray" arraySize="1">
          <containerEntry>0</containerEntry>
        </property>
        <property name="rejectFarRangeShadowCast" type="Int32" container="StaticArray" arraySize="1">
          <containerEntry>2</containerEntry>
        </property>
        <property name="parentLocator" type="EntityLink" container="StaticArray" arraySize="1">
          <containerEntry packagePathHash="0xB8A0BF169F98" archivePathHash="0xB8A0BF169F98" nameInArchiveHash="0xB8A0BF169F98">0x0</containerEntry>
        </property>
        <property name="transforms" type="Matrix4" container="DynamicArray" arraySize="4">
          <containerEntry r11="-0.49999744" r12="0" r13="-0.86602324" r14="0" r21="0" r22="1" r23="0" r24="0" r31="0.86602324" r32="0" r33="-0.49999744" r34="0" r41="-2252.19" r42="438.52" r43="-1446.8674" r44="1"></containerEntry>
          <containerEntry r11="0.999998" r12="0" r13="0" r14="0" r21="0" r22="1" r23="0" r24="0" r31="0" r32="0" r33="0.999998" r34="0" r41="-2242.5913" r42="438.50305" r43="-1435.2407" r44="1"></containerEntry>
          <containerEntry r11="0.45268366" r12="0" r13="0.89166874" r14="0" r21="0" r22="1" r23="0" r24="0" r31="-0.89166874" r32="0" r33="0.45268366" r34="0" r41="-2236.9324" r42="438.5154" r43="-1437.3312" r44="1"></containerEntry>
          <containerEntry r11="0.018958112" r12="0" r13="-0.9998168" r14="0" r21="0" r22="1" r23="0" r24="0" r31="0.9998168" r32="0" r33="0.018958112" r34="0" r41="-2169.1694" r42="443.8571" r43="-1598.0043" r44="1"></containerEntry>
        </property>
        <property name="colors" type="UInt32" container="DynamicArray" arraySize="4">
          <containerEntry>4294967295</containerEntry>
          <containerEntry>4294967295</containerEntry>
          <containerEntry>4294967295</containerEntry>
          <containerEntry>4294967295</containerEntry>
        </property>
      </staticProperties>
      <dynamicProperties></dynamicProperties>
    </entity>
    <entity class="StaticModelArray" classVersion="4" classID="0xD0" addr="0x6851B30" id="0x0">
      <staticProperties>
        <property name="name" type="String" container="StaticArray" arraySize="1">
          <containerEntry>StaticModelArray0002</containerEntry>
        </property>
        <property name="dataSet" type="EntityHandle" container="StaticArray" arraySize="1">
          <containerEntry>0x2F59230</containerEntry>
        </property>
        <property name="modelFile" type="FilePtr" container="StaticArray" arraySize="1">
          <containerEntry>/Assets/tpp/environ/object/afghanistan/rubble/afgh_rbbl009/scenes/afgh_rbbl009.fmdl</containerEntry>
        </property>
        <property name="geomFile" type="FilePtr" container="StaticArray" arraySize="1">
          <containerEntry>/Assets/tpp/environ/object/afghanistan/rubble/afgh_rbbl009/scenes/afgh_rbbl009.geom</containerEntry>
        </property>
        <property name="isVisibleGeom" type="Bool" container="StaticArray" arraySize="1">
          <containerEntry>false</containerEntry>
        </property>
        <property name="lodFarSize" type="Float" container="StaticArray" arraySize="1">
          <containerEntry>-1</containerEntry>
        </property>
        <property name="lodNearSize" type="Float" container="StaticArray" arraySize="1">
          <containerEntry>-1</containerEntry>
        </property>
        <property name="lodPolygonSize" type="Float" container="StaticArray" arraySize="1">
          <containerEntry>-1</containerEntry>
        </property>
        <property name="drawRejectionLevel" type="Int32" container="StaticArray" arraySize="1">
          <containerEntry>3</containerEntry>
        </property>
        <property name="drawMode" type="Int32" container="StaticArray" arraySize="1">
          <containerEntry>0</containerEntry>
        </property>
        <property name="rejectFarRangeShadowCast" type="Int32" container="StaticArray" arraySize="1">
          <containerEntry>2</containerEntry>
        </property>
        <property name="parentLocator" type="EntityLink" container="StaticArray" arraySize="1">
          <containerEntry packagePathHash="0xB8A0BF169F98" archivePathHash="0xB8A0BF169F98" nameInArchiveHash="0xB8A0BF169F98">0x0</containerEntry>
        </property>
        <property name="transforms" type="Matrix4" container="DynamicArray" arraySize="30">
          <containerEntry r11="0.4663176" r12="-0.026313342" r13="-0.8842231" r14="0" r21="-0.05823884" r22="0.9964758" r23="-0.060367487" r24="0" r31="0.88269544" r32="0.079646565" r33="0.46314177" r34="0" r41="-2263.4473" r42="442.6894" r43="-1513.606" r44="1"></containerEntry>
          <containerEntry r11="0.31574324" r12="0.05862843" r13="0.94703025" r14="0" r21="-0.08289567" r22="0.99597734" r23="-0.034020893" r24="0" r31="-0.9452153" r32="-0.06776273" r33="0.31933314" r34="0" r41="-2266.4758" r42="439.52106" r43="-1498.9984" r44="1"></containerEntry>
          <containerEntry r11="-0.99819386" r12="-0.057245847" r13="0.018072795" r14="0" r21="-0.058240272" r22="0.99647564" r23="-0.060368437" r24="0" r31="-0.014553256" r32="-0.061312005" r33="-0.99800986" r34="0" r41="-2270.9473" r42="442.52606" r43="-1514.8762" r44="1"></containerEntry>
          <containerEntry r11="-0.9609369" r12="0.08779345" r13="0.26246303" r14="0" r21="0.11022722" r22="0.9912965" r23="0.071980625" r24="0" r31="-0.25385922" r32="0.09809957" r33="-0.9622506" r34="0" r41="-2274.829" r42="443.2971" r43="-1515.96" r44="1"></containerEntry>
          <containerEntry r11="-0.93357515" r12="-3.5203993e-07" r13="0.35837898" r14="0" r21="-0.018745841" r22="0.99863106" r23="-0.048831854" r24="0" r31="-0.35788837" r32="-0.052306373" r33="-0.93229717" r34="0" r41="-2258.7095" r42="443.18115" r43="-1498.0206" r44="1"></containerEntry>
          <containerEntry r11="0.25986546" r12="0.08395887" r13="-0.96198696" r14="0" r21="0.05548945" r22="0.99326855" r23="0.10167861" r24="0" r31="0.9640482" r32="-0.07980289" r33="0.25345734" r34="0" r41="-2268.7368" r42="443.20483" r43="-1519.6324" r44="1"></containerEntry>
          <containerEntry r11="0.46959066" r12="-0.0024238382" r13="0.88288134" r14="0" r21="-0.014098426" r22="0.9998481" r23="0.010243702" r24="0" r31="-0.88277215" r32="-0.017257579" r33="0.46948516" r34="0" r41="-2260.7202" r42="443.29565" r43="-1496.0271" r44="1"></containerEntry>
          <containerEntry r11="0.7428419" r12="0.11168003" r13="0.66008735" r14="0" r21="-0.14943866" r22="0.9887706" r23="0.0008837469" r24="0" r31="-0.6525757" r32="-0.099299" r33="0.7511888" r34="0" r41="-2266.9966" r42="439.69604" r43="-1495.7557" r44="1"></containerEntry>
          <containerEntry r11="-0.09932104" r12="0.10430002" r13="0.9895707" r14="0" r21="0.06284088" r22="0.9931637" r23="-0.09837146" r24="0" r31="-0.9930657" r32="0.05241511" r33="-0.10519634" r34="0" r41="-2254.837" r42="439.56592" r43="-1502.8448" r44="1"></containerEntry>
          <containerEntry r11="0.30737677" r12="0.025081256" r13="0.9512554" r14="0" r21="0.082016714" r22="0.9952344" r23="-0.05274272" r24="0" r31="-0.94804496" r32="0.09423071" r33="0.30385485" r34="0" r41="-2262.6628" r42="440.15872" r43="-1500.4819" r44="1"></containerEntry>
          <containerEntry r11="0.7114169" r12="0.11613551" r13="0.69310623" r14="0" r21="-0.04617953" r22="0.9918447" r23="-0.11879198" r24="0" r31="-0.7012498" r32="0.052503265" r33="0.71097815" r34="0" r41="-2260.7039" r42="443.35925" r43="-1498.1636" r44="1"></containerEntry>
          <containerEntry r11="0.35180527" r12="0.19076952" r13="0.91642493" r14="0" r21="-0.06836864" r22="0.9816348" r23="-0.17809798" r24="0" r31="-0.93357027" r32="9.08969e-07" r33="0.358387" r34="0" r41="-2262.6167" r42="439.28085" r43="-1503.3759" r44="1"></containerEntry>
          <containerEntry r11="0.5728756" r12="-0.22824714" r13="0.7872203" r14="0" r21="0.07399882" r22="0.97092485" r23="0.22765994" r24="0" r31="-0.8162945" r32="-0.07216731" r33="0.57310927" r34="0" r41="-2281.1748" r42="439.68237" r43="-1499.1833" r44="1"></containerEntry>
          <containerEntry r11="-0.55926335" r12="0" r13="-0.8289862" r14="0" r21="0" r22="1" r23="0" r24="0" r31="0.8289862" r32="0" r33="-0.55926335" r34="0" r41="-2256.7703" r42="443.1323" r43="-1496.6183" r44="1"></containerEntry>
          <containerEntry r11="-0.5511015" r12="0.07527605" r13="-0.831033" r14="0" r21="0.115796745" r22="0.9931856" r23="0.013173223" r24="0" r31="0.8263616" r32="-0.0889711" r33="-0.5560628" r34="0" r41="-2261.5315" r42="444.8497" r43="-1488.9944" r44="1"></containerEntry>
          <containerEntry r11="0.99452966" r12="-3.9022376e-07" r13="0.104444325" r14="0" r21="-0.009103231" r22="0.9961941" r23="0.08668562" r24="0" r31="-0.10404685" r32="-0.087162204" r33="0.99074465" r34="0" r41="-2275.9136" r42="439.45987" r43="-1502.9913" r44="1"></containerEntry>
          <containerEntry r11="-0.85304374" r12="0.21731643" r13="-0.47443438" r14="0" r21="0.19160955" r22="0.97609526" r23="0.102585316" r24="0" r31="0.4853866" r32="-0.0033963472" r33="-0.8742919" r34="0" r41="-2264.8684" r42="439.43753" r43="-1511.0072" r44="1"></containerEntry>
          <containerEntry r11="-0.91014725" r12="0.04047271" r13="0.41230273" r14="0" r21="0.08420245" r22="0.99251556" r23="0.08844677" r24="0" r31="-0.4056372" r32="0.115216516" r33="-0.9067432" r34="0" r41="-2260.3909" r42="443.9366" r43="-1482.3204" r44="1"></containerEntry>
          <containerEntry r11="-0.9822704" r12="0.15641196" r13="0.1033414" r14="0" r21="0.15555345" r22="0.9876919" r23="-0.016364034" r24="0" r31="-0.104628995" r32="1.1911627e-06" r33="-0.99451095" r34="0" r41="-2275.39" r42="439.18277" r43="-1498.4469" r44="1"></containerEntry>
          <containerEntry r11="-0.24204564" r12="0" r13="-0.9702645" r14="0" r21="0" r22="1" r23="0" r24="0" r31="0.9702645" r32="0" r33="-0.24204564" r34="0" r41="-2278.0225" r42="438.95807" r43="-1495.6997" r44="1"></containerEntry>
          <containerEntry r11="0.8202963" r12="-0.13658857" r13="0.5553896" r14="0" r21="0.12808615" r22="0.9902721" r23="0.0543605" r24="0" r31="-0.55741185" r32="0.026545996" r33="0.82981163" r34="0" r41="-2273.2896" r42="439.5119" r43="-1505.6366" r44="1"></containerEntry>
          <containerEntry r11="-0.7410043" r12="0.10922172" r13="-0.6625553" r14="0" r21="0.055491544" r22="0.99326855" r23="0.101677604" r24="0" r31="0.6692007" r32="0.038577307" r33="-0.7420771" r34="0" r41="-2277.2551" r42="443.81876" r43="-1519.4395" r44="1"></containerEntry>
          <containerEntry r11="-0.7410043" r12="0.10922172" r13="-0.6625553" r14="0" r21="0.055491544" r22="0.99326855" r23="0.101677604" r24="0" r31="0.6692007" r32="0.038577307" r33="-0.7420771" r34="0" r41="-2271.8792" r42="443.81876" r43="-1523.0116" r44="1"></containerEntry>
          <containerEntry r11="-0.6156313" r12="0" r13="-0.78803235" r14="0" r21="0" r22="1" r23="0" r24="0" r31="0.78803235" r32="0" r33="-0.6156313" r34="0" r41="-2262.923" r42="438.973" r43="-1510.4717" r44="1"></containerEntry>
          <containerEntry r11="-0.8613263" r12="0.17356919" r13="-0.4774771" r14="0" r21="0.082866505" r22="0.9752416" r23="0.205029" r24="0" r31="0.5012423" r32="0.13703021" r33="-0.8543843" r34="0" r41="-2260.8455" r42="439.30002" r43="-1510.6854" r44="1"></containerEntry>
          <containerEntry r11="-0.99403477" r12="-0.030942852" r13="0.10457863" r14="0" r21="-0.0307729" r22="0.99952114" r23="0.0032383301" r24="0" r31="-0.10462876" r32="8.268988e-07" r33="-0.994511" r34="0" r41="-2251.8389" r42="439.6928" r43="-1470.3042" r44="1"></containerEntry>
          <containerEntry r11="-0.66711676" r12="0.00060734584" r13="0.7449517" r14="0" r21="-0.032681942" r22="0.999013" r23="-0.030081755" r24="0" r31="-0.7442347" r32="-0.04441459" r33="-0.6664385" r34="0" r41="-2247.7134" r42="439.08554" r43="-1465.378" r44="1"></containerEntry>
          <containerEntry r11="0.40244964" r12="0.07912829" r13="-0.91201705" r14="0" r21="0.09773471" r22="0.98684937" r23="0.12874871" r24="0" r31="0.91021115" r32="-0.14095058" r33="0.38942355" r34="0" r41="-2244.9983" r42="440.69403" r43="-1474.4757" r44="1"></containerEntry>
          <containerEntry r11="1.000001" r12="0" r13="0" r14="0" r21="0" r22="1" r23="0" r24="0" r31="0" r32="0" r33="1.000001" r34="0" r41="-2261.1958" r42="439.12982" r43="-1468.9609" r44="1"></containerEntry>
          <containerEntry r11="0.77555335" r12="0" r13="-0.6312836" r14="0" r21="0" r22="1" r23="0" r24="0" r31="0.6312836" r32="0" r33="0.77555335" r34="0" r41="-2242.629" r42="438.5154" r43="-1444.07" r44="1"></containerEntry>
        </property>
        <property name="colors" type="UInt32" container="DynamicArray" arraySize="30">
          <containerEntry>4294967295</containerEntry>
          <containerEntry>4294967295</containerEntry>
          <containerEntry>4294967295</containerEntry>
          <containerEntry>4294967295</containerEntry>
          <containerEntry>4294967295</containerEntry>
          <containerEntry>4294967295</containerEntry>
          <containerEntry>4294967295</containerEntry>
          <containerEntry>4294967295</containerEntry>
          <containerEntry>4294967295</containerEntry>
          <containerEntry>4294967295</containerEntry>
          <containerEntry>4294967295</containerEntry>
          <containerEntry>4294967295</containerEntry>
          <containerEntry>4294967295</containerEntry>
          <containerEntry>4294967295</containerEntry>
          <containerEntry>4294967295</containerEntry>
          <containerEntry>4294967295</containerEntry>
          <containerEntry>4294967295</containerEntry>
          <containerEntry>4294967295</containerEntry>
          <containerEntry>4294967295</containerEntry>
          <containerEntry>4294967295</containerEntry>
          <containerEntry>4294967295</containerEntry>
          <containerEntry>4294967295</containerEntry>
          <containerEntry>4294967295</containerEntry>
          <containerEntry>4294967295</containerEntry>
          <containerEntry>4294967295</containerEntry>
          <containerEntry>4294967295</containerEntry>
          <containerEntry>4294967295</containerEntry>
          <containerEntry>4294967295</containerEntry>
          <containerEntry>4294967295</containerEntry>
          <containerEntry>4294967295</containerEntry>
        </property>
      </staticProperties>
      <dynamicProperties></dynamicProperties>
    </entity>
    <entity class="StaticModelArray" classVersion="4" classID="0xD0" addr="0x6851AC0" id="0x0">
      <staticProperties>
        <property name="name" type="String" container="StaticArray" arraySize="1">
          <containerEntry>StaticModelArray0003</containerEntry>
        </property>
        <property name="dataSet" type="EntityHandle" container="StaticArray" arraySize="1">
          <containerEntry>0x2F59230</containerEntry>
        </property>
        <property name="modelFile" type="FilePtr" container="StaticArray" arraySize="1">
          <containerEntry>/Assets/tpp/environ/object/afghanistan/ladder/afgh_lddr002/scenes/afgh_lddr002.fmdl</containerEntry>
        </property>
        <property name="geomFile" type="FilePtr" container="StaticArray" arraySize="1">
          <containerEntry>/Assets/tpp/environ/object/afghanistan/ladder/afgh_lddr002/scenes/afgh_lddr002.geom</containerEntry>
        </property>
        <property name="isVisibleGeom" type="Bool" container="StaticArray" arraySize="1">
          <containerEntry>false</containerEntry>
        </property>
        <property name="lodFarSize" type="Float" container="StaticArray" arraySize="1">
          <containerEntry>-1</containerEntry>
        </property>
        <property name="lodNearSize" type="Float" container="StaticArray" arraySize="1">
          <containerEntry>-1</containerEntry>
        </property>
        <property name="lodPolygonSize" type="Float" container="StaticArray" arraySize="1">
          <containerEntry>-1</containerEntry>
        </property>
        <property name="drawRejectionLevel" type="Int32" container="StaticArray" arraySize="1">
          <containerEntry>8</containerEntry>
        </property>
        <property name="drawMode" type="Int32" container="StaticArray" arraySize="1">
          <containerEntry>0</containerEntry>
        </property>
        <property name="rejectFarRangeShadowCast" type="Int32" container="StaticArray" arraySize="1">
          <containerEntry>2</containerEntry>
        </property>
        <property name="parentLocator" type="EntityLink" container="StaticArray" arraySize="1">
          <containerEntry packagePathHash="0xB8A0BF169F98" archivePathHash="0xB8A0BF169F98" nameInArchiveHash="0xB8A0BF169F98">0x0</containerEntry>
        </property>
        <property name="transforms" type="Matrix4" container="DynamicArray" arraySize="5">
          <containerEntry r11="0.5" r12="0" r13="0.866025" r14="0" r21="0" r22="1" r23="0" r24="0" r31="-0.866025" r32="0" r33="0.5" r34="0" r41="-2289.864" r42="450.5731" r43="-1450.3651" r44="1"></containerEntry>
          <containerEntry r11="0.57357574" r12="0" r13="-0.81915194" r14="0" r21="0" r22="1" r23="0" r24="0" r31="0.81915194" r32="0" r33="0.57357574" r34="0" r41="-2275.0842" r42="450.59573" r43="-1526.3889" r44="1"></containerEntry>
          <containerEntry r11="0.98480767" r12="0" r13="-0.17364874" r14="0" r21="0" r22="1" r23="0" r24="0" r31="0.17364874" r32="0" r33="0.98480767" r34="0" r41="-2216.815" r42="450.68506" r43="-1414.1302" r44="1"></containerEntry>
          <containerEntry r11="0.86504745" r12="0" r13="-0.50169027" r14="0" r21="0" r22="1" r23="0" r24="0" r31="0.50169027" r32="0" r33="0.86504745" r34="0" r41="-2277.2253" r42="443.64413" r43="-1458.564" r44="1"></containerEntry>
          <containerEntry r11="-0.98480904" r12="0" r13="0.17364874" r14="0" r21="0" r22="1" r23="0" r24="0" r31="-0.17364874" r32="0" r33="-0.98480904" r34="0" r41="-2221.358" r42="450.69305" r43="-1439.9573" r44="1"></containerEntry>
        </property>
        <property name="colors" type="UInt32" container="DynamicArray" arraySize="5">
          <containerEntry>4294967295</containerEntry>
          <containerEntry>4294967295</containerEntry>
          <containerEntry>4294967295</containerEntry>
          <containerEntry>4294967295</containerEntry>
          <containerEntry>4294967295</containerEntry>
        </property>
      </staticProperties>
      <dynamicProperties></dynamicProperties>
    </entity>
    <entity class="StaticModelArray" classVersion="4" classID="0xD0" addr="0x6851970" id="0x0">
      <staticProperties>
        <property name="name" type="String" container="StaticArray" arraySize="1">
          <containerEntry>StaticModelArray0004</containerEntry>
        </property>
        <property name="dataSet" type="EntityHandle" container="StaticArray" arraySize="1">
          <containerEntry>0x2F59230</containerEntry>
        </property>
        <property name="modelFile" type="FilePtr" container="StaticArray" arraySize="1">
          <containerEntry>/Assets/tpp/environ/object/afghanistan/tin_wall/afgh_tnwl001/scenes/afgh_tnwl001_vrtn001.fmdl</containerEntry>
        </property>
        <property name="geomFile" type="FilePtr" container="StaticArray" arraySize="1">
          <containerEntry>/Assets/tpp/environ/object/afghanistan/tin_wall/afgh_tnwl001/scenes/afgh_tnwl001_vrtn001.geom</containerEntry>
        </property>
        <property name="isVisibleGeom" type="Bool" container="StaticArray" arraySize="1">
          <containerEntry>false</containerEntry>
        </property>
        <property name="lodFarSize" type="Float" container="StaticArray" arraySize="1">
          <containerEntry>-1</containerEntry>
        </property>
        <property name="lodNearSize" type="Float" container="StaticArray" arraySize="1">
          <containerEntry>-1</containerEntry>
        </property>
        <property name="lodPolygonSize" type="Float" container="StaticArray" arraySize="1">
          <containerEntry>-1</containerEntry>
        </property>
        <property name="drawRejectionLevel" type="Int32" container="StaticArray" arraySize="1">
          <containerEntry>3</containerEntry>
        </property>
        <property name="drawMode" type="Int32" container="StaticArray" arraySize="1">
          <containerEntry>0</containerEntry>
        </property>
        <property name="rejectFarRangeShadowCast" type="Int32" container="StaticArray" arraySize="1">
          <containerEntry>2</containerEntry>
        </property>
        <property name="parentLocator" type="EntityLink" container="StaticArray" arraySize="1">
          <containerEntry packagePathHash="0xB8A0BF169F98" archivePathHash="0xB8A0BF169F98" nameInArchiveHash="0xB8A0BF169F98">0x0</containerEntry>
        </property>
        <property name="transforms" type="Matrix4" container="DynamicArray" arraySize="10">
          <containerEntry r11="0.8660552" r12="0" r13="-0.50001204" r14="0" r21="0" r22="1" r23="0" r24="0" r31="0.50001204" r32="0" r33="0.8660552" r34="0" r41="-2283.6074" r42="438.95807" r43="-1478.672" r44="1"></containerEntry>
          <containerEntry r11="-0.50001276" r12="0" r13="-0.86605954" r14="0" r21="0" r22="1" r23="0" r24="0" r31="0.86605954" r32="0" r33="-0.50001276" r34="0" r41="-2264.3167" r42="438.94644" r43="-1497.8264" r44="1"></containerEntry>
          <containerEntry r11="-0.49999624" r12="0" r13="-0.86602926" r14="0" r21="0" r22="1" r23="0" r24="0" r31="0.86602926" r32="0" r33="-0.49999624" r34="0" r41="-2261.7312" r42="440.82443" r43="-1510.9622" r44="1"></containerEntry>
          <containerEntry r11="-0.49999624" r12="0" r13="-0.86602926" r14="0" r21="0" r22="1" r23="0" r24="0" r31="0.86602926" r32="0" r33="-0.49999624" r34="0" r41="-2261.634" r42="438.94644" r43="-1510.9622" r44="1"></containerEntry>
          <containerEntry r11="0.8660552" r12="0" r13="-0.50001204" r14="0" r21="0" r22="1" r23="0" r24="0" r31="0.50001204" r32="0" r33="0.8660552" r34="0" r41="-2279.399" r42="438.95807" r43="-1481.0928" r44="1"></containerEntry>
          <containerEntry r11="-0.49999624" r12="0" r13="-0.86602926" r14="0" r21="0" r22="1" r23="0" r24="0" r31="0.86602926" r32="0" r33="-0.49999624" r34="0" r41="-2264.3757" r42="440.82443" r43="-1497.9285" r44="1"></containerEntry>
          <containerEntry r11="-0.49999624" r12="0" r13="-0.86602926" r14="0" r21="0" r22="1" r23="0" r24="0" r31="0.86602926" r32="0" r33="-0.49999624" r34="0" r41="-2259.0906" r42="440.82443" r43="-1500.9082" r44="1"></containerEntry>
          <containerEntry r11="-0.49999624" r12="0" r13="-0.86602926" r14="0" r21="0" r22="1" r23="0" r24="0" r31="0.86602926" r32="0" r33="-0.49999624" r34="0" r41="-2259.1216" r42="438.94644" r43="-1500.962" r44="1"></containerEntry>
          <containerEntry r11="-0.49999624" r12="0" r13="-0.86602926" r14="0" r21="0" r22="1" r23="0" r24="0" r31="0.86602926" r32="0" r33="-0.49999624" r34="0" r41="-2264.3757" r42="438.94644" r43="-1497.9285" r44="1"></containerEntry>
          <containerEntry r11="0.8660552" r12="0" r13="-0.50001204" r14="0" r21="0" r22="1" r23="0" r24="0" r31="0.50001204" r32="0" r33="0.8660552" r34="0" r41="-2287.7021" r42="438.95807" r43="-1476.3092" r44="1"></containerEntry>
        </property>
        <property name="colors" type="UInt32" container="DynamicArray" arraySize="10">
          <containerEntry>4294967295</containerEntry>
          <containerEntry>4294967295</containerEntry>
          <containerEntry>4294967295</containerEntry>
          <containerEntry>4294967295</containerEntry>
          <containerEntry>4294967295</containerEntry>
          <containerEntry>4294967295</containerEntry>
          <containerEntry>4294967295</containerEntry>
          <containerEntry>4294967295</containerEntry>
          <containerEntry>4294967295</containerEntry>
          <containerEntry>4294967295</containerEntry>
        </property>
      </staticProperties>
      <dynamicProperties></dynamicProperties>
    </entity>
    <entity class="GeoxPathPack" classVersion="0" classID="0x120" addr="0x6851BA0" id="0x0">
      <staticProperties>
        <property name="name" type="String" container="StaticArray" arraySize="1">
          <containerEntry>GeoxPathPack0000</containerEntry>
        </property>
        <property name="dataSet" type="EntityHandle" container="StaticArray" arraySize="1">
          <containerEntry>0x2F59230</containerEntry>
        </property>
        <property name="parent" type="EntityHandle" container="StaticArray" arraySize="1">
          <containerEntry>0x0</containerEntry>
        </property>
        <property name="transform" type="EntityPtr" container="StaticArray" arraySize="1">
          <containerEntry>0x0</containerEntry>
        </property>
        <property name="shearTransform" type="EntityPtr" container="StaticArray" arraySize="1">
          <containerEntry>0x0</containerEntry>
        </property>
        <property name="pivotTransform" type="EntityPtr" container="StaticArray" arraySize="1">
          <containerEntry>0x0</containerEntry>
        </property>
        <property name="children" type="EntityHandle" container="List"></property>
