<fox formatVersion="2" fileVersion="0">
  <entities>
    <entity class="DataSet" classVersion="0" classID="0xE8" addr="0x2F04290" id="0x103B381">
      <staticProperties>
        <property name="name" type="String" container="StaticArray" arraySize="1">
          <containerEntry hash="0xB8A0BF169F98"></containerEntry>
        </property>
        <property name="dataSet" type="EntityHandle" container="StaticArray" arraySize="1">
          <containerEntry>0x0</containerEntry>
        </property>
        <property name="dataList" type="EntityPtr" container="StringMap" arraySize="3">
          <containerEntry key="mafr_clff003_0000">
            <data>0x2D75800</data>
          </containerEntry>
          <containerEntry key="StaticModelArray0000">
            <data>0x2D78270</data>
          </containerEntry>
          <containerEntry key="TexturePackLoadConditioner0000">
            <data>0x2D78B30</data>
          </containerEntry>
        </property>
      </staticProperties>
      <dynamicProperties></dynamicProperties>
    </entity>
    <entity class="StaticModel" classVersion="9" classID="0x160" addr="0x2D75800" id="0x103B402">
      <staticProperties>
        <property name="name" type="String" container="StaticArray" arraySize="1">
          <containerEntry>mafr_clff003_0000</containerEntry>
        </property>
        <property name="dataSet" type="EntityHandle" container="StaticArray" arraySize="1">
          <containerEntry>0x2F04290</containerEntry>
        </property>
        <property name="parent" type="EntityHandle" container="StaticArray" arraySize="1">
          <containerEntry>0x0</containerEntry>
        </property>
        <property name="transform" type="EntityPtr" container="StaticArray" arraySize="1">
          <containerEntry>0x2D75870</containerEntry>
        </property>
        <property name="shearTransform" type="EntityPtr" container="StaticArray" arraySize="1">
          <containerEntry>0x0</containerEntry>
        </property>
        <property name="pivotTransform" type="EntityPtr" container="StaticArray" arraySize="1">
          <containerEntry>0x0</containerEntry>
        </property>
        <property name="children" type="EntityHandle" container="List"></property>
        <property name="flags" type="UInt32" container="StaticArray" arraySize="1">
          <containerEntry>7</containerEntry>
        </property>
        <property name="modelFile" type="FilePtr" container="StaticArray" arraySize="1">
          <containerEntry>/Assets/tpp/environ/object/middle_africa/cliff/mafr_clff003/scenes/mafr_clff003.fmdl</containerEntry>
        </property>
        <property name="geomFile" type="FilePtr" container="StaticArray" arraySize="1">
          <containerEntry>/Assets/tpp/environ/object/middle_africa/cliff/mafr_clff003/scenes/mafr_clff003.geom</containerEntry>
        </property>
        <property name="isVisibleGeom" type="Bool" container="StaticArray" arraySize="1">
          <containerEntry>false</containerEntry>
        </property>
        <property name="isIsolated" type="Bool" container="StaticArray" arraySize="1">
          <containerEntry>false</containerEntry>
        </property>
        <property name="lodFarSize" type="Float" container="StaticArray" arraySize="1">
          <containerEntry>-1</containerEntry>
        </property>
        <property name="lodNearSize" type="Float" container="StaticArray" arraySize="1">
          <containerEntry>-1</containerEntry>
        </property>
        <property name="lodPolygonSize" type="Float" container="StaticArray" arraySize="1">
          <containerEntry>-1</containerEntry>
        </property>
        <property name="color" type="Color" container="StaticArray" arraySize="1">
          <containerEntry r="1" g="1" b="1" a="1"></containerEntry>
        </property>
        <property name="drawRejectionLevel" type="Int32" container="StaticArray" arraySize="1">
          <containerEntry>8</containerEntry>
        </property>
        <property name="drawMode" type="Int32" container="StaticArray" arraySize="1">
          <containerEntry>0</containerEntry>
        </property>
        <property name="rejectFarRangeShadowCast" type="Int32" container="StaticArray" arraySize="1">
          <containerEntry>2</containerEntry>
        </property>
      </staticProperties>
      <dynamicProperties></dynamicProperties>
    </entity>
    <entity class="TransformEntity" classVersion="0" classID="0x50" addr="0x2D75870" id="0x103B405">
      <staticProperties>
        <property name="owner" type="EntityHandle" container="StaticArray" arraySize="1">
          <containerEntry>0x2D75800</containerEntry>
        </property>
        <property name="transform_scale" type="Vector3" container="StaticArray" arraySize="1">
          <containerEntry x="1" y="1" z="1" w="0"></containerEntry>
        </property>
        <property name="transform_rotation_quat" type="Quat" container="StaticArray" arraySize="1">
          <containerEntry x="0" y="0.883891" z="0" w="0.467692"></containerEntry>
        </property>
        <property name="transform_translation" type="Vector3" container="StaticArray" arraySize="1">
          <containerEntry x="1730.6052" y="-6.186443" z="1956.8849" w="0"></containerEntry>
        </property>
      </staticProperties>
      <dynamicProperties></dynamicProperties>
    </entity>
    <entity class="StaticModelArray" classVersion="4" classID="0xD0" addr="0x2D78270" id="0x0">
      <staticProperties>
        <property name="name" type="String" container="StaticArray" arraySize="1">
          <containerEntry>StaticModelArray0000</containerEntry>
        </property>
        <property name="dataSet" type="EntityHandle" container="StaticArray" arraySize="1">
          <containerEntry>0x2F04290</containerEntry>
        </property>
        <property name="modelFile" type="FilePtr" container="StaticArray" arraySize="1">
          <containerEntry>/Assets/tpp/environ/object/middle_africa/rock/mafr_rock011/scenes/mafr_rock011.fmdl</containerEntry>
        </property>
        <property name="geomFile" type="FilePtr" container="StaticArray" arraySize="1">
          <containerEntry>/Assets/tpp/environ/object/middle_africa/rock/mafr_rock011/scenes/mafr_rock011.geom</containerEntry>
        </property>
        <property name="isVisibleGeom" type="Bool" container="StaticArray" arraySize="1">
          <containerEntry>false</containerEntry>
        </property>
        <property name="lodFarSize" type="Float" container="StaticArray" arraySize="1">
          <containerEntry>-1</containerEntry>
        </property>
        <property name="lodNearSize" type="Float" container="StaticArray" arraySize="1">
          <containerEntry>-1</containerEntry>
        </property>
        <property name="lodPolygonSize" type="Float" container="StaticArray" arraySize="1">
          <containerEntry>-1</containerEntry>
        </property>
        <property name="drawRejectionLevel" type="Int32" container="StaticArray" arraySize="1">
          <containerEntry>8</containerEntry>
        </property>
        <property name="drawMode" type="Int32" container="StaticArray" arraySize="1">
          <containerEntry>0</containerEntry>
        </property>
        <property name="rejectFarRangeShadowCast" type="Int32" container="StaticArray" arraySize="1">
          <containerEntry>2</containerEntry>
        </property>
        <property name="parentLocator" type="EntityLink" container="StaticArray" arraySize="1">
          <containerEntry packagePathHash="0xB8A0BF169F98" archivePathHash="0xB8A0BF169F98" nameInArchiveHash="0xB8A0BF169F98">0x0</containerEntry>
        </property>
        <property name="transforms" type="Matrix4" container="DynamicArray" arraySize="12">
          <containerEntry r11="0.031015866" r12="-0.020208597" r13="0.99931407" r14="0" r21="-0.5479271" r22="0.8358385" r23="0.033908516" r24="0" r31="-0.83595026" r32="-0.5486032" r33="0.0148515105" r34="0" r41="1690.9374" r42="-4.68219" r43="2015.3529" r44="1"></containerEntry>
          <containerEntry r11="0.40346122" r12="0.074269265" r13="-0.91197723" r14="0" r21="0.62833166" r22="0.70205015" r23="0.33514857" r24="0" r31="0.66514486" r32="-0.70824385" r33="0.23658437" r34="0" r41="1679.7382" r42="-4.316066" r43="2022.5154" r44="1"></containerEntry>
          <containerEntry r11="0.9324536" r12="0.00029242638" r13="0.3612758" r14="0" r21="-0.1570619" r22="0.9008838" r23="0.40464792" r24="0" r31="-0.32534948" r32="-0.43405852" r33="0.8400791" r34="0" r41="1686.5881" r42="-4.172042" r43="1982.9148" r44="1"></containerEntry>
          <containerEntry r11="0.5763596" r12="0.0029120743" r13="-0.81719106" r14="0" r21="0.4431901" r22="0.8390467" r23="0.31556803" r24="0" r31="0.6865805" r32="-0.54405165" r33="0.4823021" r34="0" r41="1670.1876" r42="-3.559814" r43="1976.4092" r44="1"></containerEntry>
          <containerEntry r11="0.460837" r12="-0.048785746" r13="-0.8861428" r14="0" r21="0.66025054" r22="0.68606395" r23="0.30559033" r24="0" r31="0.59304094" r32="-0.7259043" r33="0.34837508" r34="0" r41="1677.8787" r42="-2.708558" r43="2012.868" r44="1"></containerEntry>
          <containerEntry r11="-0.4765745" r12="0.09485367" r13="0.87400085" r14="0" r21="-0.48177204" r22="0.8034115" r23="-0.34989333" r24="0" r31="-0.73537046" r32="-0.5878208" r33="-0.33718705" r34="0" r41="1686.7596" r42="-3.481184" r43="1999.6876" r44="1"></containerEntry>
          <containerEntry r11="-0.6071527" r12="0.055420592" r13="0.7926505" r14="0" r21="-0.31849343" r22="0.8969469" r23="-0.30667284" r24="0" r31="-0.7279608" r32="-0.4386528" r33="-0.52693206" r34="0" r41="1672.6661" r42="-2.876554" r43="2010.2454" r44="1"></containerEntry>
          <containerEntry r11="-0.49317145" r12="0.0592331" r13="-0.86791486" r14="0" r21="0.64724284" r22="0.6915957" r23="-0.3205817" r24="0" r31="0.5812566" r32="-0.7198539" r33="-0.37941232" r34="0" r41="1672.6661" r42="-2.010933" r43="1992.6266" r44="1"></containerEntry>
          <containerEntry r11="0.9167788" r12="-0.075658865" r13="0.39215595" r14="0" r21="-0.21704806" r22="0.7298579" r23="0.6482248" r24="0" r31="-0.33526307" r32="-0.67939746" r33="0.65269864" r34="0" r41="1698.2378" r42="-5.333046" r43="2019.5345" r44="1"></containerEntry>
          <containerEntry r11="-0.6761227" r12="0.19200778" r13="-0.71132976" r14="0" r21="0.508025" r22="0.8207385" r23="-0.2613405" r24="0" r31="0.5336363" r32="-0.5380718" r33="-0.6524646" r34="0" r41="1673.9918" r42="-3.9389448" r43="2022.5154" r44="1"></containerEntry>
          <containerEntry r11="0.7329805" r12="-0.014452621" r13="-0.6800965" r14="0" r21="0.46467578" r22="0.7408018" r23="0.48506668" r24="0" r31="0.49680638" r32="-0.67156863" r33="0.5497089" r34="0" r41="1683.3942" r42="-3.329405" r43="2003.062" r44="1"></containerEntry>
          <containerEntry r11="0.11812209" r12="-0.037979305" r13="0.9922723" r14="0" r21="-0.5428699" r22="0.8342479" r23="0.09655406" r24="0" r31="-0.8314675" r32="-0.5500809" r33="0.07792523" r34="0" r41="1669.6163" r42="-1.745696" r43="2003.062" r44="1"></containerEntry>
        </property>
        <property name="colors" type="UInt32" container="DynamicArray" arraySize="12">
          <containerEntry>4294967295</containerEntry>
          <containerEntry>4294967295</containerEntry>
          <containerEntry>4294967295</containerEntry>
          <containerEntry>4294967295</containerEntry>
          <containerEntry>4294967295</containerEntry>
          <containerEntry>4294967295</containerEntry>
          <containerEntry>4294967295</containerEntry>
          <containerEntry>4294967295</containerEntry>
          <containerEntry>4294967295</containerEntry>
          <containerEntry>4294967295</containerEntry>
          <containerEntry>4294967295</containerEntry>
          <containerEntry>4294967295</containerEntry>
        </property>
      </staticProperties>
      <dynamicProperties></dynamicProperties>
    </entity>
    <entity class="TexturePackLoadConditioner" classVersion="0" classID="0x48" addr="0x2D78B30" id="0x0">
      <staticProperties>
        <property name="name" type="String" container="StaticArray" arraySize="1">
          <containerEntry>TexturePackLoadConditioner0000</containerEntry>
        </property>
        <property name="dataSet" type="EntityHandle" container="StaticArray" arraySize="1">
          <containerEntry>0x2F04290</containerEntry>
        </property>
        <property name="texturePackPath" type="Path" container="StaticArray" arraySize="1">
          <containerEntry hash="0xB8A0BF169F98"></containerEntry>
        </property>
      </staticProperties>
      <dynamicProperties></dynamicProperties>
    </entity>
  </entities>
</fox>