<fox formatVersion="2" fileVersion="0">
  <entities>
    <entity class="DataSet" classVersion="0" classID="0xE8" addr="0x3352E00" id="0x7E8B28">
      <staticProperties>
        <property name="name" type="String" container="StaticArray" arraySize="1">
          <containerEntry hash="0xB8A0BF169F98"></containerEntry>
        </property>
        <property name="dataSet" type="EntityHandle" container="StaticArray" arraySize="1">
          <containerEntry>0x0</containerEntry>
        </property>
        <property name="dataList" type="EntityPtr" container="StringMap" arraySize="13">
          <containerEntry key="afgh_rock010_vrtn001_0009">
            <data>0x33531F0</data>
          </containerEntry>
          <containerEntry key="afgh_rbbl003_0015">
            <data>0x31761A0</data>
          </containerEntry>
          <containerEntry key="afgh_clff013_0002">
            <data>0x31766E0</data>
          </containerEntry>
          <containerEntry key="afgh_rock010_0010">
            <data>0x317A0A0</data>
          </containerEntry>
          <containerEntry key="StaticModelArray0000">
            <data>0x317FE40</data>
          </containerEntry>
          <containerEntry key="StaticModelArray0001">
            <data>0x3350160</data>
          </containerEntry>
          <containerEntry key="StaticModelArray0002">
            <data>0x3350240</data>
          </containerEntry>
          <containerEntry key="StaticModelArray0003">
            <data>0x317FEB0</data>
          </containerEntry>
          <containerEntry key="StaticModelArray0004">
            <data>0x33500F0</data>
          </containerEntry>
          <containerEntry key="StaticModelArray0005">
            <data>0x317FAC0</data>
          </containerEntry>
          <containerEntry key="StaticModelArray0006">
            <data>0x3177080</data>
          </containerEntry>
          <containerEntry key="GeoxPathPack0000">
            <data>0x3350630</data>
          </containerEntry>
          <containerEntry key="TexturePackLoadConditioner0000">
            <data>0x3350B70</data>
          </containerEntry>
        </property>
      </staticProperties>
      <dynamicProperties></dynamicProperties>
    </entity>
    <entity class="StaticModel" classVersion="9" classID="0x160" addr="0x33531F0" id="0x7E8B3C">
      <staticProperties>
        <property name="name" type="String" container="StaticArray" arraySize="1">
          <containerEntry>afgh_rock010_vrtn001_0009</containerEntry>
        </property>
        <property name="dataSet" type="EntityHandle" container="StaticArray" arraySize="1">
          <containerEntry>0x3352E00</containerEntry>
        </property>
        <property name="parent" type="EntityHandle" container="StaticArray" arraySize="1">
          <containerEntry>0x0</containerEntry>
        </property>
        <property name="transform" type="EntityPtr" container="StaticArray" arraySize="1">
          <containerEntry>0x3353260</containerEntry>
        </property>
        <property name="shearTransform" type="EntityPtr" container="StaticArray" arraySize="1">
          <containerEntry>0x0</containerEntry>
        </property>
        <property name="pivotTransform" type="EntityPtr" container="StaticArray" arraySize="1">
          <containerEntry>0x0</containerEntry>
        </property>
        <property name="children" type="EntityHandle" container="List"></property>
        <property name="flags" type="UInt32" container="StaticArray" arraySize="1">
          <containerEntry>3221225479</containerEntry>
        </property>
        <property name="modelFile" type="FilePtr" container="StaticArray" arraySize="1">
          <containerEntry>/Assets/tpp/environ/object/afghanistan/rock/afgh_rock010/scenes/afgh_rock010_vrtn001.fmdl</containerEntry>
        </property>
        <property name="geomFile" type="FilePtr" container="StaticArray" arraySize="1">
          <containerEntry>/Assets/tpp/environ/object/afghanistan/rock/afgh_rock010/scenes/afgh_rock010_vrtn001.geom</containerEntry>
        </property>
        <property name="isVisibleGeom" type="Bool" container="StaticArray" arraySize="1">
          <containerEntry>false</containerEntry>
        </property>
        <property name="isIsolated" type="Bool" container="StaticArray" arraySize="1">
          <containerEntry>false</containerEntry>
        </property>
        <property name="lodFarSize" type="Float" container="StaticArray" arraySize="1">
          <containerEntry>-1</containerEntry>
        </property>
        <property name="lodNearSize" type="Float" container="StaticArray" arraySize="1">
          <containerEntry>-1</containerEntry>
        </property>
        <property name="lodPolygonSize" type="Float" container="StaticArray" arraySize="1">
          <containerEntry>-1</containerEntry>
        </property>
        <property name="color" type="Color" container="StaticArray" arraySize="1">
          <containerEntry r="1" g="1" b="1" a="1"></containerEntry>
        </property>
        <property name="drawRejectionLevel" type="Int32" container="StaticArray" arraySize="1">
          <containerEntry>7</containerEntry>
        </property>
        <property name="drawMode" type="Int32" container="StaticArray" arraySize="1">
          <containerEntry>0</containerEntry>
        </property>
        <property name="rejectFarRangeShadowCast" type="Int32" container="StaticArray" arraySize="1">
          <containerEntry>2</containerEntry>
        </property>
      </staticProperties>
      <dynamicProperties></dynamicProperties>
    </entity>
    <entity class="TransformEntity" classVersion="0" classID="0x50" addr="0x3353260" id="0x7E8B3F">
      <staticProperties>
        <property name="owner" type="EntityHandle" container="StaticArray" arraySize="1">
          <containerEntry>0x33531F0</containerEntry>
        </property>
        <property name="transform_scale" type="Vector3" container="StaticArray" arraySize="1">
          <containerEntry x="1" y="1" z="1" w="0"></containerEntry>
        </property>
        <property name="transform_rotation_quat" type="Quat" container="StaticArray" arraySize="1">
          <containerEntry x="0.190801" y="-0.029725" z="-0.014639" w="0.981069"></containerEntry>
        </property>
        <property name="transform_translation" type="Vector3" container="StaticArray" arraySize="1">
          <containerEntry x="1140.2822" y="316.3036" z="1413.8912" w="0"></containerEntry>
        </property>
      </staticProperties>
      <dynamicProperties></dynamicProperties>
    </entity>
    <entity class="StaticModel" classVersion="9" classID="0x160" addr="0x31761A0" id="0x7E8C0B">
      <staticProperties>
        <property name="name" type="String" container="StaticArray" arraySize="1">
          <containerEntry>afgh_rbbl003_0015</containerEntry>
        </property>
        <property name="dataSet" type="EntityHandle" container="StaticArray" arraySize="1">
          <containerEntry>0x3352E00</containerEntry>
        </property>
        <property name="parent" type="EntityHandle" container="StaticArray" arraySize="1">
          <containerEntry>0x0</containerEntry>
        </property>
        <property name="transform" type="EntityPtr" container="StaticArray" arraySize="1">
          <containerEntry>0x3176210</containerEntry>
        </property>
        <property name="shearTransform" type="EntityPtr" container="StaticArray" arraySize="1">
          <containerEntry>0x0</containerEntry>
        </property>
        <property name="pivotTransform" type="EntityPtr" container="StaticArray" arraySize="1">
          <containerEntry>0x0</containerEntry>
        </property>
        <property name="children" type="EntityHandle" container="List"></property>
        <property name="flags" type="UInt32" container="StaticArray" arraySize="1">
          <containerEntry>3221225479</containerEntry>
        </property>
        <property name="modelFile" type="FilePtr" container="StaticArray" arraySize="1">
          <containerEntry>/Assets/tpp/environ/object/afghanistan/rubble/afgh_rbbl003/scenes/afgh_rbbl003.fmdl</containerEntry>
        </property>
        <property name="geomFile" type="FilePtr" container="StaticArray" arraySize="1">
          <containerEntry>/Assets/tpp/environ/object/afghanistan/rubble/afgh_rbbl003/scenes/afgh_rbbl003.geom</containerEntry>
        </property>
        <property name="isVisibleGeom" type="Bool" container="StaticArray" arraySize="1">
          <containerEntry>false</containerEntry>
        </property>
        <property name="isIsolated" type="Bool" container="StaticArray" arraySize="1">
          <containerEntry>false</containerEntry>
        </property>
        <property name="lodFarSize" type="Float" container="StaticArray" arraySize="1">
          <containerEntry>-1</containerEntry>
        </property>
        <property name="lodNearSize" type="Float" container="StaticArray" arraySize="1">
          <containerEntry>-1</containerEntry>
        </property>
        <property name="lodPolygonSize" type="Float" container="StaticArray" arraySize="1">
          <containerEntry>-1</containerEntry>
        </property>
        <property name="color" type="Color" container="StaticArray" arraySize="1">
          <containerEntry r="1" g="1" b="1" a="1"></containerEntry>
        </property>
        <property name="drawRejectionLevel" type="Int32" container="StaticArray" arraySize="1">
          <containerEntry>8</containerEntry>
        </property>
        <property name="drawMode" type="Int32" container="StaticArray" arraySize="1">
          <containerEntry>0</containerEntry>
        </property>
        <property name="rejectFarRangeShadowCast" type="Int32" container="StaticArray" arraySize="1">
          <containerEntry>2</containerEntry>
        </property>
      </staticProperties>
      <dynamicProperties></dynamicProperties>
    </entity>
    <entity class="TransformEntity" classVersion="0" classID="0x50" addr="0x3176210" id="0x7E8C0E">
      <staticProperties>
        <property name="owner" type="EntityHandle" container="StaticArray" arraySize="1">
          <containerEntry>0x31761A0</containerEntry>
        </property>
        <property name="transform_scale" type="Vector3" container="StaticArray" arraySize="1">
          <containerEntry x="1.750002" y="1.75" z="1.750002" w="0"></containerEntry>
        </property>
        <property name="transform_rotation_quat" type="Quat" container="StaticArray" arraySize="1">
          <containerEntry x="0.049586" y="0.991313" z="-0.003735" w="-0.121763"></containerEntry>
        </property>
        <property name="transform_translation" type="Vector3" container="StaticArray" arraySize="1">
          <containerEntry x="1123.4779" y="316.81827" z="1408.6805" w="0"></containerEntry>
        </property>
      </staticProperties>
      <dynamicProperties></dynamicProperties>
    </entity>
    <entity class="StaticModel" classVersion="9" classID="0x160" addr="0x31766E0" id="0x7E8C26">
      <staticProperties>
        <property name="name" type="String" container="StaticArray" arraySize="1">
          <containerEntry>afgh_clff013_0002</containerEntry>
        </property>
        <property name="dataSet" type="EntityHandle" container="StaticArray" arraySize="1">
          <containerEntry>0x3352E00</containerEntry>
        </property>
        <property name="parent" type="EntityHandle" container="StaticArray" arraySize="1">
          <containerEntry>0x0</containerEntry>
        </property>
        <property name="transform" type="EntityPtr" container="StaticArray" arraySize="1">
          <containerEntry>0x3176750</containerEntry>
        </property>
        <property name="shearTransform" type="EntityPtr" container="StaticArray" arraySize="1">
          <containerEntry>0x0</containerEntry>
        </property>
        <property name="pivotTransform" type="EntityPtr" container="StaticArray" arraySize="1">
          <containerEntry>0x0</containerEntry>
        </property>
        <property name="children" type="EntityHandle" container="List"></property>
        <property name="flags" type="UInt32" container="StaticArray" arraySize="1">
          <containerEntry>3221225479</containerEntry>
        </property>
        <property name="modelFile" type="FilePtr" container="StaticArray" arraySize="1">
          <containerEntry>/Assets/tpp/environ/object/afghanistan/cliff/afgh_clff013/scenes/afgh_clff013.fmdl</containerEntry>
        </property>
        <property name="geomFile" type="FilePtr" container="StaticArray" arraySize="1">
          <containerEntry>/Assets/tpp/environ/object/afghanistan/cliff/afgh_clff013/scenes/afgh_clff013.geom</containerEntry>
        </property>
        <property name="isVisibleGeom" type="Bool" container="StaticArray" arraySize="1">
          <containerEntry>false</containerEntry>
        </property>
        <property name="isIsolated" type="Bool" container="StaticArray" arraySize="1">
          <containerEntry>false</containerEntry>
        </property>
        <property name="lodFarSize" type="Float" container="StaticArray" arraySize="1">
          <containerEntry>-1</containerEntry>
        </property>
        <property name="lodNearSize" type="Float" container="StaticArray" arraySize="1">
          <containerEntry>-1</containerEntry>
        </property>
        <property name="lodPolygonSize" type="Float" container="StaticArray" arraySize="1">
          <containerEntry>-1</containerEntry>
        </property>
        <property name="color" type="Color" container="StaticArray" arraySize="1">
          <containerEntry r="1" g="1" b="1" a="1"></containerEntry>
        </property>
        <property name="drawRejectionLevel" type="Int32" container="StaticArray" arraySize="1">
          <containerEntry>8</containerEntry>
        </property>
        <property name="drawMode" type="Int32" container="StaticArray" arraySize="1">
          <containerEntry>0</containerEntry>
        </property>
        <property name="rejectFarRangeShadowCast" type="Int32" container="StaticArray" arraySize="1">
          <containerEntry>2</containerEntry>
        </property>
      </staticProperties>
      <dynamicProperties></dynamicProperties>
    </entity>
    <entity class="TransformEntity" classVersion="0" classID="0x50" addr="0x3176750" id="0x7E8C29">
      <staticProperties>
        <property name="owner" type="EntityHandle" container="StaticArray" arraySize="1">
          <containerEntry>0x31766E0</containerEntry>
        </property>
        <property name="transform_scale" type="Vector3" container="StaticArray" arraySize="1">
          <containerEntry x="0.999999" y="1" z="0.999999" w="0"></containerEntry>
        </property>
        <property name="transform_rotation_quat" type="Quat" container="StaticArray" arraySize="1">
          <containerEntry x="0.007547" y="0.929493" z="-0.057565" w="0.364243"></containerEntry>
        </property>
        <property name="transform_translation" type="Vector3" container="StaticArray" arraySize="1">
          <containerEntry x="1031.7186" y="323.2072" z="1447.9033" w="0"></containerEntry>
        </property>
      </staticProperties>
      <dynamicProperties></dynamicProperties>
    </entity>
    <entity class="StaticModel" classVersion="9" classID="0x160" addr="0x317A0A0" id="0x7E8D4F">
      <staticProperties>
        <property name="name" type="String" container="StaticArray" arraySize="1">
          <containerEntry>afgh_rock010_0010</containerEntry>
        </property>
        <property name="dataSet" type="EntityHandle" container="StaticArray" arraySize="1">
          <containerEntry>0x3352E00</containerEntry>
        </property>
        <property name="parent" type="EntityHandle" container="StaticArray" arraySize="1">
          <containerEntry>0x0</containerEntry>
        </property>
        <property name="transform" type="EntityPtr" container="StaticArray" arraySize="1">
          <containerEntry>0x317A110</containerEntry>
        </property>
        <property name="shearTransform" type="EntityPtr" container="StaticArray" arraySize="1">
          <containerEntry>0x0</containerEntry>
        </property>
        <property name="pivotTransform" type="EntityPtr" container="StaticArray" arraySize="1">
          <containerEntry>0x0</containerEntry>
        </property>
        <property name="children" type="EntityHandle" container="List"></property>
        <property name="flags" type="UInt32" container="StaticArray" arraySize="1">
          <containerEntry>3221225479</containerEntry>
        </property>
        <property name="modelFile" type="FilePtr" container="StaticArray" arraySize="1">
          <containerEntry>/Assets/tpp/environ/object/afghanistan/rock/afgh_rock010/scenes/afgh_rock010.fmdl</containerEntry>
        </property>
        <property name="geomFile" type="FilePtr" container="StaticArray" arraySize="1">
          <containerEntry>/Assets/tpp/environ/object/afghanistan/rock/afgh_rock010/scenes/afgh_rock010.geom</containerEntry>
        </property>
        <property name="isVisibleGeom" type="Bool" container="StaticArray" arraySize="1">
          <containerEntry>false</containerEntry>
        </property>
        <property name="isIsolated" type="Bool" container="StaticArray" arraySize="1">
          <containerEntry>false</containerEntry>
        </property>
        <property name="lodFarSize" type="Float" container="StaticArray" arraySize="1">
          <containerEntry>-1</containerEntry>
        </property>
        <property name="lodNearSize" type="Float" container="StaticArray" arraySize="1">
          <containerEntry>-1</containerEntry>
        </property>
        <property name="lodPolygonSize" type="Float" container="StaticArray" arraySize="1">
          <containerEntry>-1</containerEntry>
        </property>
        <property name="color" type="Color" container="StaticArray" arraySize="1">
          <containerEntry r="1" g="1" b="1" a="1"></containerEntry>
        </property>
        <property name="drawRejectionLevel" type="Int32" container="StaticArray" arraySize="1">
          <containerEntry>8</containerEntry>
        </property>
        <property name="drawMode" type="Int32" container="StaticArray" arraySize="1">
          <containerEntry>0</containerEntry>
        </property>
        <property name="rejectFarRangeShadowCast" type="Int32" container="StaticArray" arraySize="1">
          <containerEntry>2</containerEntry>
        </property>
      </staticProperties>
      <dynamicProperties></dynamicProperties>
    </entity>
    <entity class="TransformEntity" classVersion="0" classID="0x50" addr="0x317A110" id="0x7E8D52">
      <staticProperties>
        <property name="owner" type="EntityHandle" container="StaticArray" arraySize="1">
          <containerEntry>0x317A0A0</containerEntry>
        </property>
        <property name="transform_scale" type="Vector3" container="StaticArray" arraySize="1">
          <containerEntry x="1.9481" y="1.9481" z="1.9481" w="0"></containerEntry>
        </property>
        <property name="transform_rotation_quat" type="Quat" container="StaticArray" arraySize="1">
          <containerEntry x="0.013814" y="0.943594" z="-0.157819" w="0.290741"></containerEntry>
        </property>
        <property name="transform_translation" type="Vector3" container="StaticArray" arraySize="1">
          <containerEntry x="1057.3627" y="337.06262" z="1525.3936" w="0"></containerEntry>
        </property>
      </staticProperties>
      <dynamicProperties></dynamicProperties>
    </entity>
    <entity class="StaticModelArray" classVersion="4" classID="0xD0" addr="0x317FE40" id="0x0">
      <staticProperties>
        <property name="name" type="String" container="StaticArray" arraySize="1">
          <containerEntry>StaticModelArray0000</containerEntry>
        </property>
        <property name="dataSet" type="EntityHandle" container="StaticArray" arraySize="1">
          <containerEntry>0x3352E00</containerEntry>
        </property>
        <property name="modelFile" type="FilePtr" container="StaticArray" arraySize="1">
          <containerEntry>/Assets/tpp/environ/object/afghanistan/cliff/afgh_clff022/scenes/afgh_clff022_vrtn002.fmdl</containerEntry>
        </property>
        <property name="geomFile" type="FilePtr" container="StaticArray" arraySize="1">
          <containerEntry>/Assets/tpp/environ/object/afghanistan/cliff/afgh_clff022/scenes/afgh_clff022_vrtn002.geom</containerEntry>
        </property>
        <property name="isVisibleGeom" type="Bool" container="StaticArray" arraySize="1">
          <containerEntry>false</containerEntry>
        </property>
        <property name="lodFarSize" type="Float" container="StaticArray" arraySize="1">
          <containerEntry>-1</containerEntry>
        </property>
        <property name="lodNearSize" type="Float" container="StaticArray" arraySize="1">
          <containerEntry>-1</containerEntry>
        </property>
        <property name="lodPolygonSize" type="Float" container="StaticArray" arraySize="1">
          <containerEntry>-1</containerEntry>
        </property>
        <property name="drawRejectionLevel" type="Int32" container="StaticArray" arraySize="1">
          <containerEntry>8</containerEntry>
        </property>
        <property name="drawMode" type="Int32" container="StaticArray" arraySize="1">
          <containerEntry>0</containerEntry>
        </property>
        <property name="rejectFarRangeShadowCast" type="Int32" container="StaticArray" arraySize="1">
          <containerEntry>2</containerEntry>
        </property>
        <property name="parentLocator" type="EntityLink" container="StaticArray" arraySize="1">
          <containerEntry packagePathHash="0xB8A0BF169F98" archivePathHash="0xB8A0BF169F98" nameInArchiveHash="0xB8A0BF169F98">0x0</containerEntry>
        </property>
        <property name="transforms" type="Matrix4" container="DynamicArray" arraySize="3">
          <containerEntry r11="-0.86421233" r12="0" r13="0.503133" r14="0" r21="0" r22="1" r23="0" r24="0" r31="-0.503133" r32="0" r33="-0.86421233" r34="0" r41="1080.2877" r42="330.7712" r43="1462.7878" r44="1"></containerEntry>
          <containerEntry r11="0.52673084" r12="0" r13="-0.85003227" r14="0" r21="0" r22="1" r23="0" r24="0" r31="0.85003227" r32="0" r33="0.52673084" r34="0" r41="1087.4655" r42="330.7712" r43="1479.4303" r44="1"></containerEntry>
          <containerEntry r11="-0.89716536" r12="0.0045615514" r13="-0.44165844" r14="0" r21="0.020317022" r22="0.9993144" r23="-0.030949995" r24="0" r31="0.44121444" r32="-0.036740508" r33="-0.896643" r34="0" r41="1034.9141" r42="343.6285" r43="1512.0392" r44="1"></containerEntry>
        </property>
        <property name="colors" type="UInt32" container="DynamicArray" arraySize="3">
          <containerEntry>4294967295</containerEntry>
          <containerEntry>4294967295</containerEntry>
          <containerEntry>4294967295</containerEntry>
        </property>
      </staticProperties>
      <dynamicProperties></dynamicProperties>
    </entity>
    <entity class="StaticModelArray" classVersion="4" classID="0xD0" addr="0x3350160" id="0x0">
      <staticProperties>
        <property name="name" type="String" container="StaticArray" arraySize="1">
          <containerEntry>StaticModelArray0001</containerEntry>
        </property>
        <property name="dataSet" type="EntityHandle" container="StaticArray" arraySize="1">
          <containerEntry>0x3352E00</containerEntry>
        </property>
        <property name="modelFile" type="FilePtr" container="StaticArray" arraySize="1">
          <containerEntry>/Assets/tpp/environ/object/afghanistan/rock/afgh_rock009/scenes/afgh_rock009_rock001.fmdl</containerEntry>
        </property>
        <property name="geomFile" type="FilePtr" container="StaticArray" arraySize="1">
          <containerEntry>/Assets/tpp/environ/object/afghanistan/rock/afgh_rock009/scenes/afgh_rock009_rock001.geom</containerEntry>
        </property>
        <property name="isVisibleGeom" type="Bool" container="StaticArray" arraySize="1">
          <containerEntry>false</containerEntry>
        </property>
        <property name="lodFarSize" type="Float" container="StaticArray" arraySize="1">
          <containerEntry>-1</containerEntry>
        </property>
        <property name="lodNearSize" type="Float" container="StaticArray" arraySize="1">
          <containerEntry>-1</containerEntry>
        </property>
        <property name="lodPolygonSize" type="Float" container="StaticArray" arraySize="1">
          <containerEntry>-1</containerEntry>
        </property>
        <property name="drawRejectionLevel" type="Int32" container="StaticArray" arraySize="1">
          <containerEntry>8</containerEntry>
        </property>
        <property name="drawMode" type="Int32" container="StaticArray" arraySize="1">
          <containerEntry>0</containerEntry>
        </property>
        <property name="rejectFarRangeShadowCast" type="Int32" container="StaticArray" arraySize="1">
          <containerEntry>2</containerEntry>
        </property>
        <property name="parentLocator" type="EntityLink" container="StaticArray" arraySize="1">
          <containerEntry packagePathHash="0xB8A0BF169F98" archivePathHash="0xB8A0BF169F98" nameInArchiveHash="0xB8A0BF169F98">0x0</containerEntry>
        </property>
        <property name="transforms" type="Matrix4" container="DynamicArray" arraySize="14">
          <containerEntry r11="-0.63961494" r12="-0.008182074" r13="0.7686487" r14="0" r21="-0.020732846" r22="0.9997632" r23="-0.006610231" r24="0" r31="-0.76841253" r32="-0.020164317" r33="-0.6396331" r34="0" r41="1106.8318" r42="320.82892" r43="1503.3967" r44="1"></containerEntry>
          <containerEntry r11="0.74110323" r12="0.49148008" r13="-0.4573982" r14="0" r21="-0.45739624" r22="0.86830854" r23="0.19190827" r24="0" r31="0.49148187" r32="0.0669885" r33="0.86830753" r34="0" r41="1032.8163" r42="325.1823" r43="1442.8782" r44="1"></containerEntry>
          <containerEntry r11="0.27370763" r12="0.49148" r13="-0.8267594" r14="0" r21="-0.22702968" r22="0.8683086" r23="0.44101882" r24="0" r31="0.93463427" r32="0.06698887" r33="0.34924334" r34="0" r41="1039.1057" r42="321.9725" r43="1429.8076" r44="1"></containerEntry>
          <containerEntry r11="0.27370763" r12="0.49148" r13="-0.8267594" r14="0" r21="-0.22702968" r22="0.8683086" r23="0.44101882" r24="0" r31="0.93463427" r32="0.06698887" r33="0.34924334" r34="0" r41="1068.2694" r42="331.3651" r43="1472.6644" r44="1"></containerEntry>
          <containerEntry r11="0.0164724" r12="0.9180999" r13="0.39600244" r14="0" r21="0.19501755" r22="-0.39139783" r23="0.8993171" r24="0" r31="0.9806597" r32="0.062415183" r33="-0.18549082" r34="0" r41="1058.9147" r42="331.52817" r43="1476.3735" r44="1"></containerEntry>
          <containerEntry r11="0.20632069" r12="0.9402671" r13="0.2707927" r14="0" r21="0.95767915" r22="-0.13728064" r23="-0.2529888" r24="0" r31="-0.2007024" r32="0.31152937" r33="-0.9287981" r34="0" r41="1091.0565" r42="331.7771" r43="1470.0844" r44="1"></containerEntry>
          <containerEntry r11="0.27370763" r12="0.49148" r13="-0.8267594" r14="0" r21="-0.22702968" r22="0.8683086" r23="0.44101882" r24="0" r31="0.93463427" r32="0.06698887" r33="0.34924334" r34="0" r41="1049.2928" r42="331.8427" r43="1495.025" r44="1"></containerEntry>
          <containerEntry r11="0.14260691" r12="0.98597014" r13="-0.086743176" r14="0" r21="-0.35526583" r22="0.13278916" r23="0.92528456" r24="0" r31="0.92382234" r32="-0.10113424" r33="0.36921924" r34="0" r41="1064.316" r42="330.88943" r43="1491.3363" r44="1"></containerEntry>
          <containerEntry r11="-0.06546277" r12="0.9799166" r13="0.18835199" r14="0" r21="0.042483777" r22="-0.18584794" r23="0.9816587" r24="0" r31="0.99694943" r32="0.07226476" r33="-0.0294635" r34="0" r41="1099.2924" r42="331.9255" r43="1469.728" r44="1"></containerEntry>
          <containerEntry r11="0.9571965" r12="0.28913242" r13="0.0133144595" r14="0" r21="-0.2572338" r22="0.82870364" r23="0.49707225" r24="0" r31="0.1326861" r32="-0.47922072" r33="0.8676069" r34="0" r41="1089.6366" r42="331.81067" r43="1456.2393" r44="1"></containerEntry>
          <containerEntry r11="0.27370685" r12="0.4914791" r13="-0.8267604" r14="0" r21="-0.16634099" r22="-0.822444" r23="-0.54398197" r24="0" r31="-0.94732" r32="0.28641576" r33="-0.14335538" r34="0" r41="1087.0131" r42="328.3006" r43="1508.1484" r44="1"></containerEntry>
          <containerEntry r11="0.11135417" r12="-0.98783696" r13="-0.10852212" r14="0" r21="0.33772528" r22="0.14031866" r23="-0.93072605" r24="0" r31="0.9346339" r32="0.066988975" r33="0.34924343" r34="0" r41="1034.3795" r42="331.99756" r43="1484.3386" r44="1"></containerEntry>
          <containerEntry r11="-0.7066631" r12="-0.615375" r13="-0.34919637" r14="0" r21="0.33772522" r22="0.14031845" r23="-0.93072605" r24="0" r31="0.62174445" r32="-0.7756436" r33="0.10867119" r34="0" r41="1044.9324" r42="325.63715" r43="1452.3522" r44="1"></containerEntry>
          <containerEntry r11="0.4024109" r12="0.90366024" r13="0.14649782" r14="0" r21="-0.59973866" r22="0.38113564" r23="-0.70359576" r24="0" r31="-0.691648" r32="0.19527328" r33="0.6953347" r34="0" r41="1114.3926" r42="319.05695" r43="1527.5571" r44="1"></containerEntry>
        </property>
        <property name="colors" type="UInt32" container="DynamicArray" arraySize="14">
          <containerEntry>4294967295</containerEntry>
          <containerEntry>4294967295</containerEntry>
          <containerEntry>4294967295</containerEntry>
          <containerEntry>4294967295</containerEntry>
          <containerEntry>4294967295</containerEntry>
          <containerEntry>4294967295</containerEntry>
          <containerEntry>4294967295</containerEntry>
          <containerEntry>4294967295</containerEntry>
          <containerEntry>4294967295</containerEntry>
          <containerEntry>4294967295</containerEntry>
          <containerEntry>4294967295</containerEntry>
          <containerEntry>4294967295</containerEntry>
          <containerEntry>4294967295</containerEntry>
          <containerEntry>4294967295</containerEntry>
        </property>
      </staticProperties>
      <dynamicProperties></dynamicProperties>
    </entity>
    <entity class="StaticModelArray" classVersion="4" classID="0xD0" addr="0x3350240" id="0x0">
      <staticProperties>
        <property name="name" type="String" container="StaticArray" arraySize="1">
          <containerEntry>StaticModelArray0002</containerEntry>
        </property>
        <property name="dataSet" type="EntityHandle" container="StaticArray" arraySize="1">
          <containerEntry>0x3352E00</containerEntry>
        </property>
        <property name="modelFile" type="FilePtr" container="StaticArray" arraySize="1">
          <containerEntry>/Assets/tpp/environ/object/afghanistan/cliff/afgh_clff007/scenes/afgh_clff007.fmdl</containerEntry>
        </property>
        <property name="geomFile" type="FilePtr" container="StaticArray" arraySize="1">
          <containerEntry>/Assets/tpp/environ/object/afghanistan/cliff/afgh_clff007/scenes/afgh_clff007.geom</containerEntry>
        </property>
        <property name="isVisibleGeom" type="Bool" container="StaticArray" arraySize="1">
          <containerEntry>false</containerEntry>
        </property>
        <property name="lodFarSize" type="Float" container="StaticArray" arraySize="1">
          <containerEntry>-1</containerEntry>
        </property>
        <property name="lodNearSize" type="Float" container="StaticArray" arraySize="1">
          <containerEntry>-1</containerEntry>
        </property>
        <property name="lodPolygonSize" type="Float" container="StaticArray" arraySize="1">
          <containerEntry>-1</containerEntry>
        </property>
        <property name="drawRejectionLevel" type="Int32" container="StaticArray" arraySize="1">
          <containerEntry>8</containerEntry>
        </property>
        <property name="drawMode" type="Int32" container="StaticArray" arraySize="1">
          <containerEntry>0</containerEntry>
        </property>
        <property name="rejectFarRangeShadowCast" type="Int32" container="StaticArray" arraySize="1">
          <containerEntry>2</containerEntry>
        </property>
        <property name="parentLocator" type="EntityLink" container="StaticArray" arraySize="1">
          <containerEntry packagePathHash="0xB8A0BF169F98" archivePathHash="0xB8A0BF169F98" nameInArchiveHash="0xB8A0BF169F98">0x0</containerEntry>
        </property>
        <property name="transforms" type="Matrix4" container="DynamicArray" arraySize="4">
          <containerEntry r11="0.3804652" r12="-0.03377968" r13="-0.92417765" r14="0" r21="0.12941213" r22="0.9914445" r23="0.017037928" r24="0" r31="0.9156953" r32="-0.12608221" r33="0.38158166" r34="0" r41="1134.1261" r42="312.11285" r43="1457.783" r44="1"></containerEntry>
          <containerEntry r11="0.34203476" r12="6.92904e-07" r13="-0.9396868" r14="0" r21="0.12265677" r22="0.9914444" r23="0.04464622" r24="0" r31="0.9316472" r32="-0.13052957" r33="0.33910835" r34="0" r41="1137.9137" r42="312.1335" r43="1447.1764" r44="1"></containerEntry>
          <containerEntry r11="0.19010706" r12="0.17206083" r13="-0.9665687" r14="0" r21="0.034900963" r22="0.982716" r23="0.18179974" r24="0" r31="0.9811431" r32="-0.06829563" r33="0.18081617" r34="0" r41="1139.3544" r42="313.44443" r43="1440.7355" r44="1"></containerEntry>
          <containerEntry r11="0.25879845" r12="2.9988587e-07" r13="-0.9659313" r14="0" r21="0.04213603" r22="0.9990481" r23="0.01128966" r24="0" r31="0.96501184" r32="-0.043622255" r33="0.25855207" r34="0" r41="1131.7157" r42="311.53516" r43="1469.2117" r44="1"></containerEntry>
        </property>
        <property name="colors" type="UInt32" container="DynamicArray" arraySize="4">
          <containerEntry>4294967295</containerEntry>
          <containerEntry>4294967295</containerEntry>
          <containerEntry>4294967295</containerEntry>
          <containerEntry>4294967295</containerEntry>
        </property>
      </staticProperties>
      <dynamicProperties></dynamicProperties>
    </entity>
    <entity class="StaticModelArray" classVersion="4" classID="0xD0" addr="0x317FEB0" id="0x0">
      <staticProperties>
        <property name="name" type="String" container="StaticArray" arraySize="1">
          <containerEntry>StaticModelArray0003</containerEntry>
        </property>
        <property name="dataSet" type="EntityHandle" container="StaticArray" arraySize="1">
          <containerEntry>0x3352E00</containerEntry>
        </property>
        <property name="modelFile" type="FilePtr" container="StaticArray" arraySize="1">
          <containerEntry>/Assets/tpp/environ/object/afghanistan/rock/afgh_rock011/scenes/afgh_rock011.fmdl</containerEntry>
        </property>
        <property name="geomFile" type="FilePtr" container="StaticArray" arraySize="1">
          <containerEntry>/Assets/tpp/environ/object/afghanistan/rock/afgh_rock011/scenes/afgh_rock011.geom</containerEntry>
        </property>
        <property name="isVisibleGeom" type="Bool" container="StaticArray" arraySize="1">
          <containerEntry>false</containerEntry>
        </property>
        <property name="lodFarSize" type="Float" container="StaticArray" arraySize="1">
          <containerEntry>-1</containerEntry>
        </property>
        <property name="lodNearSize" type="Float" container="StaticArray" arraySize="1">
          <containerEntry>-1</containerEntry>
        </property>
        <property name="lodPolygonSize" type="Float" container="StaticArray" arraySize="1">
          <containerEntry>-1</containerEntry>
        </property>
        <property name="drawRejectionLevel" type="Int32" container="StaticArray" arraySize="1">
          <containerEntry>8</containerEntry>
        </property>
        <property name="drawMode" type="Int32" container="StaticArray" arraySize="1">
          <containerEntry>0</containerEntry>
        </property>
        <property name="rejectFarRangeShadowCast" type="Int32" container="StaticArray" arraySize="1">
          <containerEntry>2</containerEntry>
        </property>
        <property name="parentLocator" type="EntityLink" container="StaticArray" arraySize="1">
          <containerEntry packagePathHash="0xB8A0BF169F98" archivePathHash="0xB8A0BF169F98" nameInArchiveHash="0xB8A0BF169F98">0x0</containerEntry>
        </property>
        <property name="transforms" type="Matrix4" container="DynamicArray" arraySize="10">
          <containerEntry r11="0.9988191" r12="-0.048486516" r13="0.0030705675" r14="0" r21="0.048486516" r22="0.99083495" r23="-0.12607612" r24="0" r31="0.0030705675" r32="0.12607612" r33="0.99201584" r34="0" r41="1091.8274" r42="318.96008" r43="1419.7599" r44="1"></containerEntry>
          <containerEntry r11="0.17044249" r12="-0.13258141" r13="-0.9764066" r14="0" r21="0.048486058" r22="0.99083483" r23="-0.12607679" r24="0" r31="0.9841732" r32="-0.025853232" r33="0.1753087" r34="0" r41="1047.4172" r42="319.4322" r43="1418.4481" r44="1"></containerEntry>
          <containerEntry r11="0.6878795" r12="-0.15045317" r13="0.71005887" r14="0" r21="0.12819801" r22="0.9880847" r23="0.08516995" r24="0" r31="-0.7144124" r32="0.03244147" r33="0.698971" r34="0" r41="1128.2124" r42="318.03033" r43="1440.9308" r44="1"></containerEntry>
          <containerEntry r11="0.70710593" r12="0" r13="-0.7071074" r14="0" r21="0" r22="1" r23="0" r24="0" r31="0.7071074" r32="0" r33="0.70710593" r34="0" r41="1035.7468" r42="327.57495" r43="1462.8091" r44="1"></containerEntry>
          <containerEntry r11="0.9988191" r12="-0.048486516" r13="0.0030705675" r14="0" r21="0.048486516" r22="0.99083495" r23="-0.12607612" r24="0" r31="0.0030705675" r32="0.12607612" r33="0.99201584" r34="0" r41="1094.4698" r42="331.38858" r43="1469.64" r44="1"></containerEntry>
          <containerEntry r11="0.83926165" r12="-0.10885461" r13="-0.5327198" r14="0" r21="0.048487216" r22="0.99083483" r23="-0.12607649" r24="0" r31="0.5415613" r32="0.079981044" r33="0.8368478" r34="0" r41="1057.9246" r42="330.0497" r43="1483.8966" r44="1"></containerEntry>
          <containerEntry r11="0.9049968" r12="-0.10697253" r13="-0.4117495" r14="0" r21="0.088565454" r22="0.99403846" r23="-0.06359049" r24="0" r31="0.41609725" r32="0.0210824" r33="0.9090757" r34="0" r41="1057.9246" r42="331.554" r43="1511.5276" r44="1"></containerEntry>
          <containerEntry r11="0.77901113" r12="0.030621365" r13="0.6262619" r14="0" r21="0.32468855" r22="0.83475804" r23="-0.44469804" r24="0" r31="-0.5363944" r32="0.5497648" r33="0.6403434" r34="0" r41="1035.3683" r42="336.94458" r43="1496.3993" r44="1"></containerEntry>
          <containerEntry r11="0.9969373" r12="0.009271562" r13="0.07765396" r14="0" r21="-0.0064297747" r22="0.9993032" r23="-0.036765903" r24="0" r31="-0.07794073" r32="0.036154002" r33="0.99630225" r34="0" r41="1055.1171" r42="324.0254" r43="1459.5277" r44="1"></containerEntry>
          <containerEntry r11="0.7835196" r12="-0.3413481" r13="0.5192095" r14="0" r21="0.33384204" r22="0.93600243" r23="0.111575104" r24="0" r31="-0.5240673" r32="0.08591264" r33="0.8473326" r34="0" r41="1115.9003" r42="317.19214" r43="1491.4054" r44="1"></containerEntry>
        </property>
        <property name="colors" type="UInt32" container="DynamicArray" arraySize="10">
          <containerEntry>4294967295</containerEntry>
          <containerEntry>4294967295</containerEntry>
          <containerEntry>4294967295</containerEntry>
          <containerEntry>4294967295</containerEntry>
          <containerEntry>4294967295</containerEntry>
          <containerEntry>4294967295</containerEntry>
          <containerEntry>4294967295</containerEntry>
          <containerEntry>4294967295</containerEntry>
          <containerEntry>4294967295</containerEntry>
          <containerEntry>4294967295</containerEntry>
        </property>
