<fox formatVersion="2" fileVersion="0">
  <entities>
    <entity class="DataSet" classVersion="0" classID="0xE8" addr="0x2F04F40" id="0x144F9C">
      <staticProperties>
        <property name="name" type="String" container="StaticArray" arraySize="1">
          <containerEntry hash="0xB8A0BF169F98"></containerEntry>
        </property>
        <property name="dataSet" type="EntityHandle" container="StaticArray" arraySize="1">
          <containerEntry>0x0</containerEntry>
        </property>
        <property name="dataList" type="EntityPtr" container="StringMap" arraySize="10">
          <containerEntry key="mafr_rock010_0001">
            <data>0x2D75720</data>
          </containerEntry>
          <containerEntry key="TppGimmickElectricCableLinkSetData0000">
            <data>0x2D76AD0</data>
          </containerEntry>
          <containerEntry key="TppGimmickElectricCableLinkSetData0001">
            <data>0x2D77B00</data>
          </containerEntry>
          <containerEntry key="cypr_utpl001_vrtn001_gim_i0000|TppSharedGimmickData_cypr_utpl001_vrtn001">
            <data>0x2D7C170</data>
          </containerEntry>
          <containerEntry key="cypr_cabl002_vrtn001_gim_i0000|TppSharedGimmick_cypr_cabl002_vrtn001">
            <data>0x2D7C480</data>
          </containerEntry>
          <containerEntry key="StaticModelArray0000">
            <data>0x2F07390</data>
          </containerEntry>
          <containerEntry key="StaticModelArray0001">
            <data>0x2F07400</data>
          </containerEntry>
          <containerEntry key="StaticModelArray0002">
            <data>0x2F074E0</data>
          </containerEntry>
          <containerEntry key="StaticModelArray0003">
            <data>0x2F07470</data>
          </containerEntry>
          <containerEntry key="TexturePackLoadConditioner0000">
            <data>0x2F07B70</data>
          </containerEntry>
        </property>
      </staticProperties>
      <dynamicProperties></dynamicProperties>
    </entity>
    <entity class="StaticModel" classVersion="9" classID="0x160" addr="0x2D75720" id="0x14504C">
      <staticProperties>
        <property name="name" type="String" container="StaticArray" arraySize="1">
          <containerEntry>mafr_rock010_0001</containerEntry>
        </property>
        <property name="dataSet" type="EntityHandle" container="StaticArray" arraySize="1">
          <containerEntry>0x2F04F40</containerEntry>
        </property>
        <property name="parent" type="EntityHandle" container="StaticArray" arraySize="1">
          <containerEntry>0x0</containerEntry>
        </property>
        <property name="transform" type="EntityPtr" container="StaticArray" arraySize="1">
          <containerEntry>0x2D75790</containerEntry>
        </property>
        <property name="shearTransform" type="EntityPtr" container="StaticArray" arraySize="1">
          <containerEntry>0x0</containerEntry>
        </property>
        <property name="pivotTransform" type="EntityPtr" container="StaticArray" arraySize="1">
          <containerEntry>0x0</containerEntry>
        </property>
        <property name="children" type="EntityHandle" container="List"></property>
        <property name="flags" type="UInt32" container="StaticArray" arraySize="1">
          <containerEntry>7</containerEntry>
        </property>
        <property name="modelFile" type="FilePtr" container="StaticArray" arraySize="1">
          <containerEntry>/Assets/tpp/environ/object/middle_africa/rock/mafr_rock010/scenes/mafr_rock010.fmdl</containerEntry>
        </property>
        <property name="geomFile" type="FilePtr" container="StaticArray" arraySize="1">
          <containerEntry>/Assets/tpp/environ/object/middle_africa/rock/mafr_rock010/scenes/mafr_rock010.geom</containerEntry>
        </property>
        <property name="isVisibleGeom" type="Bool" container="StaticArray" arraySize="1">
          <containerEntry>false</containerEntry>
        </property>
        <property name="isIsolated" type="Bool" container="StaticArray" arraySize="1">
          <containerEntry>false</containerEntry>
        </property>
        <property name="lodFarSize" type="Float" container="StaticArray" arraySize="1">
          <containerEntry>-1</containerEntry>
        </property>
        <property name="lodNearSize" type="Float" container="StaticArray" arraySize="1">
          <containerEntry>-1</containerEntry>
        </property>
        <property name="lodPolygonSize" type="Float" container="StaticArray" arraySize="1">
          <containerEntry>-1</containerEntry>
        </property>
        <property name="color" type="Color" container="StaticArray" arraySize="1">
          <containerEntry r="1" g="1" b="1" a="1"></containerEntry>
        </property>
        <property name="drawRejectionLevel" type="Int32" container="StaticArray" arraySize="1">
          <containerEntry>8</containerEntry>
        </property>
        <property name="drawMode" type="Int32" container="StaticArray" arraySize="1">
          <containerEntry>0</containerEntry>
        </property>
        <property name="rejectFarRangeShadowCast" type="Int32" container="StaticArray" arraySize="1">
          <containerEntry>2</containerEntry>
        </property>
      </staticProperties>
      <dynamicProperties></dynamicProperties>
    </entity>
    <entity class="TransformEntity" classVersion="0" classID="0x50" addr="0x2D75790" id="0x14504F">
      <staticProperties>
        <property name="owner" type="EntityHandle" container="StaticArray" arraySize="1">
          <containerEntry>0x2D75720</containerEntry>
        </property>
        <property name="transform_scale" type="Vector3" container="StaticArray" arraySize="1">
          <containerEntry x="1" y="1" z="1" w="0"></containerEntry>
        </property>
        <property name="transform_rotation_quat" type="Quat" container="StaticArray" arraySize="1">
          <containerEntry x="0" y="0" z="0" w="1"></containerEntry>
        </property>
        <property name="transform_translation" type="Vector3" container="StaticArray" arraySize="1">
          <containerEntry x="304.93692" y="-1.169665" z="-558.9611" w="0"></containerEntry>
        </property>
      </staticProperties>
      <dynamicProperties></dynamicProperties>
    </entity>
    <entity class="TppGimmickElectricCableLinkSetData" classVersion="0" classID="0xB0" addr="0x2D76AD0" id="0x1450A0">
      <staticProperties>
        <property name="name" type="String" container="StaticArray" arraySize="1">
          <containerEntry>TppGimmickElectricCableLinkSetData0000</containerEntry>
        </property>
        <property name="dataSet" type="EntityHandle" container="StaticArray" arraySize="1">
          <containerEntry>0x2F04F40</containerEntry>
        </property>
        <property name="electricCableData" type="EntityLink" container="StaticArray" arraySize="1">
          <containerEntry packagePathHash="0xB8A0BF169F98" archivePath="/Assets/tpp/level/location/mafr/block_small/135/135_128/mafr_135_128_asset.fox2" nameInArchive="cypr_cabl002_vrtn001_gim_i0000|TppSharedGimmick_cypr_cabl002_vrtn001">0x0</containerEntry>
        </property>
        <property name="poleData" type="EntityLink" container="StaticArray" arraySize="1">
          <containerEntry packagePathHash="0xB8A0BF169F98" archivePath="/Assets/tpp/level/location/mafr/block_small/135/135_128/mafr_135_128_asset.fox2" nameInArchive="cypr_utpl001_vrtn001_gim_i0000|TppSharedGimmickData_cypr_utpl001_vrtn001">0x0</containerEntry>
        </property>
        <property name="electricCable" type="String" container="DynamicArray" arraySize="36">
          <containerEntry>cypr_cabl002_vrtn001_gim_n0000|srt_cypr_cabl002_vrtn001</containerEntry>
          <containerEntry>cypr_cabl002_vrtn001_gim_n0000|srt_cypr_cabl002_vrtn001</containerEntry>
          <containerEntry>cypr_cabl002_vrtn001_gim_n0001|srt_cypr_cabl002_vrtn001</containerEntry>
          <containerEntry>cypr_cabl002_vrtn001_gim_n0001|srt_cypr_cabl002_vrtn001</containerEntry>
          <containerEntry>cypr_cabl002_vrtn001_gim_n0002|srt_cypr_cabl002_vrtn001</containerEntry>
          <containerEntry>cypr_cabl002_vrtn001_gim_n0002|srt_cypr_cabl002_vrtn001</containerEntry>
          <containerEntry>cypr_cabl002_vrtn001_gim_n0003|srt_cypr_cabl002_vrtn001</containerEntry>
          <containerEntry>cypr_cabl002_vrtn001_gim_n0003|srt_cypr_cabl002_vrtn001</containerEntry>
          <containerEntry>cypr_cabl002_vrtn001_gim_n0004|srt_cypr_cabl002_vrtn001</containerEntry>
          <containerEntry>cypr_cabl002_vrtn001_gim_n0004|srt_cypr_cabl002_vrtn001</containerEntry>
          <containerEntry>cypr_cabl002_vrtn001_gim_n0005|srt_cypr_cabl002_vrtn001</containerEntry>
          <containerEntry>cypr_cabl002_vrtn001_gim_n0005|srt_cypr_cabl002_vrtn001</containerEntry>
          <containerEntry>cypr_cabl002_vrtn001_gim_n0006|srt_cypr_cabl002_vrtn001</containerEntry>
          <containerEntry>cypr_cabl002_vrtn001_gim_n0006|srt_cypr_cabl002_vrtn001</containerEntry>
          <containerEntry>cypr_cabl002_vrtn001_gim_n0007|srt_cypr_cabl002_vrtn001</containerEntry>
          <containerEntry>cypr_cabl002_vrtn001_gim_n0007|srt_cypr_cabl002_vrtn001</containerEntry>
          <containerEntry>cypr_cabl002_vrtn001_gim_n0008|srt_cypr_cabl002_vrtn001</containerEntry>
          <containerEntry>cypr_cabl002_vrtn001_gim_n0008|srt_cypr_cabl002_vrtn001</containerEntry>
          <containerEntry>cypr_cabl002_vrtn001_gim_n0009|srt_cypr_cabl002_vrtn001</containerEntry>
          <containerEntry>cypr_cabl002_vrtn001_gim_n0010|srt_cypr_cabl002_vrtn001</containerEntry>
          <containerEntry>cypr_cabl002_vrtn001_gim_n0011|srt_cypr_cabl002_vrtn001</containerEntry>
          <containerEntry>cypr_cabl002_vrtn001_gim_n0012|srt_cypr_cabl002_vrtn001</containerEntry>
          <containerEntry>cypr_cabl002_vrtn001_gim_n0012|srt_cypr_cabl002_vrtn001</containerEntry>
          <containerEntry>cypr_cabl002_vrtn001_gim_n0013|srt_cypr_cabl002_vrtn001</containerEntry>
          <containerEntry>cypr_cabl002_vrtn001_gim_n0013|srt_cypr_cabl002_vrtn001</containerEntry>
          <containerEntry>cypr_cabl002_vrtn001_gim_n0014|srt_cypr_cabl002_vrtn001</containerEntry>
          <containerEntry>cypr_cabl002_vrtn001_gim_n0014|srt_cypr_cabl002_vrtn001</containerEntry>
          <containerEntry>cypr_cabl002_vrtn001_gim_n0015|srt_cypr_cabl002_vrtn001</containerEntry>
          <containerEntry>cypr_cabl002_vrtn001_gim_n0015|srt_cypr_cabl002_vrtn001</containerEntry>
          <containerEntry>cypr_cabl002_vrtn001_gim_n0016|srt_cypr_cabl002_vrtn001</containerEntry>
          <containerEntry>cypr_cabl002_vrtn001_gim_n0016|srt_cypr_cabl002_vrtn001</containerEntry>
          <containerEntry>cypr_cabl002_vrtn001_gim_n0017|srt_cypr_cabl002_vrtn001</containerEntry>
          <containerEntry>cypr_cabl002_vrtn001_gim_n0017|srt_cypr_cabl002_vrtn001</containerEntry>
          <containerEntry>cypr_cabl002_vrtn001_gim_n0018|srt_cypr_cabl002_vrtn001</containerEntry>
          <containerEntry>cypr_cabl002_vrtn001_gim_n0019|srt_cypr_cabl002_vrtn001</containerEntry>
          <containerEntry>cypr_cabl002_vrtn001_gim_n0020|srt_cypr_cabl002_vrtn001</containerEntry>
        </property>
        <property name="pole" type="String" container="DynamicArray" arraySize="36">
          <containerEntry>cypr_utpl001_vrtn001_gim_n_0001|srt_cypr_utpl001_vrtn001</containerEntry>
          <containerEntry>cypr_utpl001_vrtn001_gim_n_0000|srt_cypr_utpl001_vrtn001</containerEntry>
          <containerEntry>cypr_utpl001_vrtn001_gim_n_0001|srt_cypr_utpl001_vrtn001</containerEntry>
          <containerEntry>cypr_utpl001_vrtn001_gim_n_0000|srt_cypr_utpl001_vrtn001</containerEntry>
          <containerEntry>cypr_utpl001_vrtn001_gim_n_0001|srt_cypr_utpl001_vrtn001</containerEntry>
          <containerEntry>cypr_utpl001_vrtn001_gim_n_0000|srt_cypr_utpl001_vrtn001</containerEntry>
          <containerEntry>cypr_utpl001_vrtn001_gim_n_0002|srt_cypr_utpl001_vrtn001</containerEntry>
          <containerEntry>cypr_utpl001_vrtn001_gim_n_0001|srt_cypr_utpl001_vrtn001</containerEntry>
          <containerEntry>cypr_utpl001_vrtn001_gim_n_0002|srt_cypr_utpl001_vrtn001</containerEntry>
          <containerEntry>cypr_utpl001_vrtn001_gim_n_0001|srt_cypr_utpl001_vrtn001</containerEntry>
          <containerEntry>cypr_utpl001_vrtn001_gim_n_0002|srt_cypr_utpl001_vrtn001</containerEntry>
          <containerEntry>cypr_utpl001_vrtn001_gim_n_0001|srt_cypr_utpl001_vrtn001</containerEntry>
          <containerEntry>cypr_utpl001_vrtn001_gim_n_0003|srt_cypr_utpl001_vrtn001</containerEntry>
          <containerEntry>cypr_utpl001_vrtn001_gim_n_0000|srt_cypr_utpl001_vrtn001</containerEntry>
          <containerEntry>cypr_utpl001_vrtn001_gim_n_0003|srt_cypr_utpl001_vrtn001</containerEntry>
          <containerEntry>cypr_utpl001_vrtn001_gim_n_0000|srt_cypr_utpl001_vrtn001</containerEntry>
          <containerEntry>cypr_utpl001_vrtn001_gim_n_0003|srt_cypr_utpl001_vrtn001</containerEntry>
          <containerEntry>cypr_utpl001_vrtn001_gim_n_0000|srt_cypr_utpl001_vrtn001</containerEntry>
          <containerEntry>cypr_utpl001_vrtn001_gim_n_0003|srt_cypr_utpl001_vrtn001</containerEntry>
          <containerEntry>cypr_utpl001_vrtn001_gim_n_0003|srt_cypr_utpl001_vrtn001</containerEntry>
          <containerEntry>cypr_utpl001_vrtn001_gim_n_0003|srt_cypr_utpl001_vrtn001</containerEntry>
          <containerEntry>cypr_utpl001_vrtn001_gim_n_0004|srt_cypr_utpl001_vrtn001</containerEntry>
          <containerEntry>cypr_utpl001_vrtn001_gim_n_0005|srt_cypr_utpl001_vrtn001</containerEntry>
          <containerEntry>cypr_utpl001_vrtn001_gim_n_0004|srt_cypr_utpl001_vrtn001</containerEntry>
          <containerEntry>cypr_utpl001_vrtn001_gim_n_0005|srt_cypr_utpl001_vrtn001</containerEntry>
          <containerEntry>cypr_utpl001_vrtn001_gim_n_0004|srt_cypr_utpl001_vrtn001</containerEntry>
          <containerEntry>cypr_utpl001_vrtn001_gim_n_0005|srt_cypr_utpl001_vrtn001</containerEntry>
          <containerEntry>cypr_utpl001_vrtn001_gim_n_0003|srt_cypr_utpl001_vrtn001</containerEntry>
          <containerEntry>cypr_utpl001_vrtn001_gim_n_0004|srt_cypr_utpl001_vrtn001</containerEntry>
          <containerEntry>cypr_utpl001_vrtn001_gim_n_0003|srt_cypr_utpl001_vrtn001</containerEntry>
          <containerEntry>cypr_utpl001_vrtn001_gim_n_0004|srt_cypr_utpl001_vrtn001</containerEntry>
          <containerEntry>cypr_utpl001_vrtn001_gim_n_0003|srt_cypr_utpl001_vrtn001</containerEntry>
          <containerEntry>cypr_utpl001_vrtn001_gim_n_0004|srt_cypr_utpl001_vrtn001</containerEntry>
          <containerEntry>cypr_utpl001_vrtn001_gim_n_0005|srt_cypr_utpl001_vrtn001</containerEntry>
          <containerEntry>cypr_utpl001_vrtn001_gim_n_0005|srt_cypr_utpl001_vrtn001</containerEntry>
          <containerEntry>cypr_utpl001_vrtn001_gim_n_0005|srt_cypr_utpl001_vrtn001</containerEntry>
        </property>
        <property name="cnpIndex" type="UInt8" container="DynamicArray" arraySize="36">
          <containerEntry>0</containerEntry>
          <containerEntry>0</containerEntry>
          <containerEntry>1</containerEntry>
          <containerEntry>1</containerEntry>
          <containerEntry>2</containerEntry>
          <containerEntry>2</containerEntry>
          <containerEntry>0</containerEntry>
          <containerEntry>0</containerEntry>
          <containerEntry>1</containerEntry>
          <containerEntry>1</containerEntry>
          <containerEntry>2</containerEntry>
          <containerEntry>2</containerEntry>
          <containerEntry>0</containerEntry>
          <containerEntry>0</containerEntry>
          <containerEntry>1</containerEntry>
          <containerEntry>1</containerEntry>
          <containerEntry>2</containerEntry>
          <containerEntry>2</containerEntry>
          <containerEntry>0</containerEntry>
          <containerEntry>1</containerEntry>
          <containerEntry>2</containerEntry>
          <containerEntry>0</containerEntry>
          <containerEntry>0</containerEntry>
          <containerEntry>1</containerEntry>
          <containerEntry>1</containerEntry>
          <containerEntry>2</containerEntry>
          <containerEntry>2</containerEntry>
          <containerEntry>0</containerEntry>
          <containerEntry>0</containerEntry>
          <containerEntry>1</containerEntry>
          <containerEntry>1</containerEntry>
          <containerEntry>2</containerEntry>
          <containerEntry>2</containerEntry>
          <containerEntry>0</containerEntry>
          <containerEntry>1</containerEntry>
          <containerEntry>2</containerEntry>
        </property>
      </staticProperties>
      <dynamicProperties></dynamicProperties>
    </entity>
    <entity class="TppGimmickElectricCableLinkSetData" classVersion="0" classID="0xB0" addr="0x2D77B00" id="0x1450DA">
      <staticProperties>
        <property name="name" type="String" container="StaticArray" arraySize="1">
          <containerEntry>TppGimmickElectricCableLinkSetData0001</containerEntry>
        </property>
        <property name="dataSet" type="EntityHandle" container="StaticArray" arraySize="1">
          <containerEntry>0x2F04F40</containerEntry>
        </property>
        <property name="electricCableData" type="EntityLink" container="StaticArray" arraySize="1">
          <containerEntry packagePath="/Assets/tpp/pack/location/mafr/pack_small/136/mafr_136_129.fpk" archivePath="/Assets/tpp/level/location/mafr/block_small/136/136_129/mafr_136_129_asset.fox2" nameInArchive="cypr_cabl002_vrtn001_gim_i0000|TppSharedGimmick_cypr_cabl002_vrtn001">0x0</containerEntry>
        </property>
        <property name="poleData" type="EntityLink" container="StaticArray" arraySize="1">
          <containerEntry packagePathHash="0xB8A0BF169F98" archivePath="/Assets/tpp/level/location/mafr/block_small/135/135_128/mafr_135_128_asset.fox2" nameInArchive="cypr_utpl001_vrtn001_gim_i0000|TppSharedGimmickData_cypr_utpl001_vrtn001">0x0</containerEntry>
        </property>
        <property name="electricCable" type="String" container="DynamicArray" arraySize="3">
          <containerEntry>cypr_cabl002_vrtn001_gim_n0009|srt_cypr_cabl002_vrtn001</containerEntry>
          <containerEntry>cypr_cabl002_vrtn001_gim_n0010|srt_cypr_cabl002_vrtn001</containerEntry>
          <containerEntry>cypr_cabl002_vrtn001_gim_n0011|srt_cypr_cabl002_vrtn001</containerEntry>
        </property>
        <property name="pole" type="String" container="DynamicArray" arraySize="3">
          <containerEntry>cypr_utpl001_vrtn001_gim_n_0002|srt_cypr_utpl001_vrtn001</containerEntry>
          <containerEntry>cypr_utpl001_vrtn001_gim_n_0002|srt_cypr_utpl001_vrtn001</containerEntry>
          <containerEntry>cypr_utpl001_vrtn001_gim_n_0002|srt_cypr_utpl001_vrtn001</containerEntry>
        </property>
        <property name="cnpIndex" type="UInt8" container="DynamicArray" arraySize="3">
          <containerEntry>0</containerEntry>
          <containerEntry>1</containerEntry>
          <containerEntry>2</containerEntry>
        </property>
      </staticProperties>
      <dynamicProperties></dynamicProperties>
    </entity>
    <entity class="TppSharedGimmickData" classVersion="1" classID="0xF0" addr="0x2D7C170" id="0xC619">
      <staticProperties>
        <property name="name" type="String" container="StaticArray" arraySize="1">
          <containerEntry>cypr_utpl001_vrtn001_gim_i0000|TppSharedGimmickData_cypr_utpl001_vrtn001</containerEntry>
        </property>
        <property name="dataSet" type="EntityHandle" container="StaticArray" arraySize="1">
          <containerEntry>0x2F04F40</containerEntry>
        </property>
        <property name="modelFile" type="FilePtr" container="StaticArray" arraySize="1">
          <containerEntry>/Assets/tpp/environ/object/cyprus/utility_pole/cypr_utpl001/scenes/cypr_utpl001_vrtn001.fmdl</containerEntry>
        </property>
        <property name="geomFile" type="FilePtr" container="StaticArray" arraySize="1">
          <containerEntry>/Assets/tpp/environ/object/cyprus/utility_pole/cypr_utpl001/scenes/cypr_utpl001_vrtn001.geom</containerEntry>
        </property>
        <property name="breakedModelFile" type="FilePtr" container="StaticArray" arraySize="1">
          <containerEntry hash="0xB8A0BF169F98"></containerEntry>
        </property>
        <property name="breakedGeomFile" type="FilePtr" container="StaticArray" arraySize="1">
          <containerEntry hash="0xB8A0BF169F98"></containerEntry>
        </property>
        <property name="partsFile" type="FilePtr" container="StaticArray" arraySize="1">
          <containerEntry>/Assets/tpp/parts/environ/object/cyprus/utility_pole/cypr_utpl001/cypr_utpl001_vrtn001.parts</containerEntry>
        </property>
        <property name="numDynamicGimmick" type="UInt32" container="StaticArray" arraySize="1">
          <containerEntry>2</containerEntry>
        </property>
        <property name="locaterFile" type="FilePtr" container="StaticArray" arraySize="1">
          <containerEntry>/Assets/tpp/level/location/mafr/block_small/135/135_128/lba/cypr_utpl001_vrtn001.lba</containerEntry>
        </property>
        <property name="flags1" type="UInt32" container="StaticArray" arraySize="1">
          <containerEntry>284</containerEntry>
        </property>
        <property name="flags2" type="UInt32" container="StaticArray" arraySize="1">
          <containerEntry>0</containerEntry>
        </property>
      </staticProperties>
      <dynamicProperties></dynamicProperties>
    </entity>
    <entity class="TppSharedGimmickData" classVersion="1" classID="0xF0" addr="0x2D7C480" id="0xCF4">
      <staticProperties>
        <property name="name" type="String" container="StaticArray" arraySize="1">
          <containerEntry>cypr_cabl002_vrtn001_gim_i0000|TppSharedGimmick_cypr_cabl002_vrtn001</containerEntry>
        </property>
        <property name="dataSet" type="EntityHandle" container="StaticArray" arraySize="1">
          <containerEntry>0x2F04F40</containerEntry>
        </property>
        <property name="modelFile" type="FilePtr" container="StaticArray" arraySize="1">
          <containerEntry>/Assets/tpp/environ/object/cyprus/cable/cypr_cabl002/scenes/cypr_cabl002_vrtn001_fl.fmdl</containerEntry>
        </property>
        <property name="geomFile" type="FilePtr" container="StaticArray" arraySize="1">
          <containerEntry hash="0xB8A0BF169F98"></containerEntry>
        </property>
        <property name="breakedModelFile" type="FilePtr" container="StaticArray" arraySize="1">
          <containerEntry hash="0xB8A0BF169F98"></containerEntry>
        </property>
        <property name="breakedGeomFile" type="FilePtr" container="StaticArray" arraySize="1">
          <containerEntry hash="0xB8A0BF169F98"></containerEntry>
        </property>
        <property name="partsFile" type="FilePtr" container="StaticArray" arraySize="1">
          <containerEntry>/Assets/tpp/parts/environ/object/cyprus/cable/cypr_cabl002/cypr_cabl002_vrtn001.parts</containerEntry>
        </property>
        <property name="numDynamicGimmick" type="UInt32" container="StaticArray" arraySize="1">
          <containerEntry>6</containerEntry>
        </property>
        <property name="locaterFile" type="FilePtr" container="StaticArray" arraySize="1">
          <containerEntry>/Assets/tpp/level/location/mafr/block_small/135/135_128/lba/cypr_cabl002_vrtn001_scl.lba</containerEntry>
        </property>
        <property name="flags1" type="UInt32" container="StaticArray" arraySize="1">
          <containerEntry>274</containerEntry>
        </property>
        <property name="flags2" type="UInt32" container="StaticArray" arraySize="1">
          <containerEntry>0</containerEntry>
        </property>
      </staticProperties>
      <dynamicProperties></dynamicProperties>
    </entity>
    <entity class="StaticModelArray" classVersion="4" classID="0xD0" addr="0x2F07390" id="0x0">
      <staticProperties>
        <property name="name" type="String" container="StaticArray" arraySize="1">
          <containerEntry>StaticModelArray0000</containerEntry>
        </property>
        <property name="dataSet" type="EntityHandle" container="StaticArray" arraySize="1">
          <containerEntry>0x2F04F40</containerEntry>
        </property>
        <property name="modelFile" type="FilePtr" container="StaticArray" arraySize="1">
          <containerEntry>/Assets/tpp/environ/object/middle_africa/cliff/mafr_clff015/scenes/mafr_clff015_wall002.fmdl</containerEntry>
        </property>
        <property name="geomFile" type="FilePtr" container="StaticArray" arraySize="1">
          <containerEntry>/Assets/tpp/environ/object/middle_africa/cliff/mafr_clff015/scenes/mafr_clff015_wall002.geom</containerEntry>
        </property>
        <property name="isVisibleGeom" type="Bool" container="StaticArray" arraySize="1">
          <containerEntry>false</containerEntry>
        </property>
        <property name="lodFarSize" type="Float" container="StaticArray" arraySize="1">
          <containerEntry>-1</containerEntry>
        </property>
        <property name="lodNearSize" type="Float" container="StaticArray" arraySize="1">
          <containerEntry>-1</containerEntry>
        </property>
        <property name="lodPolygonSize" type="Float" container="StaticArray" arraySize="1">
          <containerEntry>-1</containerEntry>
        </property>
        <property name="drawRejectionLevel" type="Int32" container="StaticArray" arraySize="1">
          <containerEntry>8</containerEntry>
        </property>
        <property name="drawMode" type="Int32" container="StaticArray" arraySize="1">
          <containerEntry>0</containerEntry>
        </property>
        <property name="rejectFarRangeShadowCast" type="Int32" container="StaticArray" arraySize="1">
          <containerEntry>2</containerEntry>
        </property>
        <property name="parentLocator" type="EntityLink" container="StaticArray" arraySize="1">
          <containerEntry packagePathHash="0xB8A0BF169F98" archivePathHash="0xB8A0BF169F98" nameInArchiveHash="0xB8A0BF169F98">0x0</containerEntry>
        </property>
        <property name="transforms" type="Matrix4" container="DynamicArray" arraySize="4">
          <containerEntry r11="0.46693316" r12="-0.010625213" r13="0.352257" r14="0" r21="-0.0062110834" r22="0.5843951" r23="0.025860224" r24="0" r31="-0.35236245" r32="-0.02438101" r33="0.46633756" r34="0" r41="365.67044" r42="0.449993" r43="-578.1059" r44="1"></containerEntry>
          <containerEntry r11="-0.5714975" r12="-0.04252921" r13="-0.11748803" r14="0" r21="-0.048666455" r22="0.58239615" r23="0.025909381" r24="0" r31="0.115081474" r32="0.035085406" r33="-0.57249177" r34="0" r41="327.67953" r42="0.116149" r43="-596.60126" r44="1"></containerEntry>
          <containerEntry r11="0.5647377" r12="-0.048352752" r13="0.14477012" r14="0" r21="0.08497533" r22="0.5605273" r23="-0.14426835" r24="0" r31="-0.12678948" r32="0.16030025" r33="0.5481362" r34="0" r41="341.03903" r42="-8.20075" r43="-554.07806" r44="1"></containerEntry>
          <containerEntry r11="0.5843893" r12="0.025866138" r13="-0.0067096204" r14="0" r21="-0.026721347" r22="0.5668252" r23="-0.1421974" r24="0" r31="0.0002138177" r32="0.14235544" r33="0.56741506" r34="0" r41="278.83643" r42="-9.266923" r43="-522.56476" r44="1"></containerEntry>
        </property>
        <property name="colors" type="UInt32" container="DynamicArray" arraySize="4">
          <containerEntry>4294967295</containerEntry>
          <containerEntry>4294967295</containerEntry>
          <containerEntry>4294967295</containerEntry>
          <containerEntry>4294967295</containerEntry>
        </property>
      </staticProperties>
      <dynamicProperties></dynamicProperties>
    </entity>
    <entity class="StaticModelArray" classVersion="4" classID="0xD0" addr="0x2F07400" id="0x0">
      <staticProperties>
        <property name="name" type="String" container="StaticArray" arraySize="1">
          <containerEntry>StaticModelArray0001</containerEntry>
        </property>
        <property name="dataSet" type="EntityHandle" container="StaticArray" arraySize="1">
          <containerEntry>0x2F04F40</containerEntry>
        </property>
        <property name="modelFile" type="FilePtr" container="StaticArray" arraySize="1">
          <containerEntry>/Assets/tpp/environ/object/middle_africa/cliff/mafr_clff003/scenes/mafr_clff003_vrtn001.fmdl</containerEntry>
        </property>
        <property name="geomFile" type="FilePtr" container="StaticArray" arraySize="1">
          <containerEntry>/Assets/tpp/environ/object/middle_africa/cliff/mafr_clff003/scenes/mafr_clff003_vrtn001.geom</containerEntry>
        </property>
        <property name="isVisibleGeom" type="Bool" container="StaticArray" arraySize="1">
          <containerEntry>false</containerEntry>
        </property>
        <property name="lodFarSize" type="Float" container="StaticArray" arraySize="1">
          <containerEntry>-1</containerEntry>
        </property>
        <property name="lodNearSize" type="Float" container="StaticArray" arraySize="1">
          <containerEntry>-1</containerEntry>
        </property>
        <property name="lodPolygonSize" type="Float" container="StaticArray" arraySize="1">
          <containerEntry>-1</containerEntry>
        </property>
        <property name="drawRejectionLevel" type="Int32" container="StaticArray" arraySize="1">
          <containerEntry>8</containerEntry>
        </property>
        <property name="drawMode" type="Int32" container="StaticArray" arraySize="1">
          <containerEntry>0</containerEntry>
        </property>
        <property name="rejectFarRangeShadowCast" type="Int32" container="StaticArray" arraySize="1">
          <containerEntry>2</containerEntry>
        </property>
        <property name="parentLocator" type="EntityLink" container="StaticArray" arraySize="1">
          <containerEntry packagePathHash="0xB8A0BF169F98" archivePathHash="0xB8A0BF169F98" nameInArchiveHash="0xB8A0BF169F98">0x0</containerEntry>
        </property>
        <property name="transforms" type="Matrix4" container="DynamicArray" arraySize="29">
          <containerEntry r11="0.99614537" r12="-0.08240399" r13="-0.030064862" r14="0" r21="0.022626752" r22="0.5725415" r23="-0.8195623" r24="0" r31="0.0847487" r32="0.81572294" r33="0.57219905" r34="0" r41="268.15225" r42="-4.856015" r43="-546.4637" r44="1"></containerEntry>
          <containerEntry r11="-0.6245544" r12="-0.12076755" r13="-0.7715848" r14="0" r21="-0.60066944" r22="0.70569396" r23="0.37575477" r24="0" r31="0.4991234" r32="0.69814795" r33="-0.51328516" r34="0" r41="287.00504" r42="-4.103653" r43="-534.62866" r44="1"></containerEntry>
          <containerEntry r11="0.44599023" r12="-0.035499208" r13="0.89433223" r14="0" r21="-0.001215931" r22="0.9991882" r23="0.04026759" r24="0" r31="-0.8950357" r32="-0.019046351" r33="0.445585" r34="0" r41="305.22485" r42="2.307916" r43="-594.0598" r44="1"></containerEntry>
          <containerEntry r11="0.944561" r12="-0.041545168" r13="0.32569653" r14="0" r21="0.17766413" r22="0.8988675" r23="-0.40058988" r24="0" r31="-0.27611536" r32="0.43624628" r33="0.85641634" r34="0" r41="315.63495" r42="0.654345" r43="-584.01135" r44="1"></containerEntry>
          <containerEntry r11="-0.9788538" r12="-0.15494928" r13="-0.13351302" r14="0" r21="-0.2004574" r22="0.59705466" r23="0.77674997" r24="0" r31="-0.040642727" r32="0.7870923" r33="-0.615488" r34="0" r41="270.59927" r42="-4.944" r43="-567.90845" r44="1"></containerEntry>
          <containerEntry r11="-0.9788538" r12="-0.15494928" r13="-0.13351302" r14="0" r21="-0.2004574" r22="0.59705466" r23="0.77674997" r24="0" r31="-0.040642727" r32="0.7870923" r33="-0.615488" r34="0" r41="300.68973" r42="-2.4741" r43="-574.2954" r44="1"></containerEntry>
          <containerEntry r11="-0.26574817" r12="-0.015964776" r13="-0.96390647" r14="0" r21="-0.8530866" r22="0.4695959" r23="0.22742012" r24="0" r31="0.44901437" r32="0.8827354" r33="-0.1384117" r34="0" r41="302.5476" r42="0.347644" r43="-589.7031" r44="1"></containerEntry>
          <containerEntry r11="0.59586656" r12="0.08085023" r13="0.7990018" r14="0" r21="0.42757124" r22="0.8102459" r23="-0.40085316" r24="0" r31="-0.6797966" r32="0.58048576" r33="0.44822928" r34="0" r41="298.08038" r42="-0.084893" r43="-605.16284" r44="1"></containerEntry>
          <containerEntry r11="-0.96297413" r12="-0.19744343" r13="0.18354608" r14="0" r21="-0.05000031" r22="0.7998628" r23="0.5980959" r24="0" r31="-0.26490194" r32="0.5667758" r33="-0.7801187" r34="0" r41="295.09335" r42="-1.008294" r43="-610.6214" r44="1"></containerEntry>
          <containerEntry r11="-0.5354073" r12="-0.20244575" r13="0.81996715" r14="0" r21="0.25433174" r22="0.88713783" r23="0.38509896" r24="0" r31="-0.8053855" r32="0.4147307" r33="-0.42349106" r34="0" r41="298.11545" r42="0.266945" r43="-600.27136" r44="1"></containerEntry>
          <containerEntry r11="-0.9840069" r12="-0.1079053" r13="0.14171055" r14="0" r21="-0.011973601" r22="0.83388084" r23="0.55181426" r24="0" r31="-0.17771342" r32="0.5412937" r33="-0.82183605" r34="0" r41="279.58548" r42="-3.457473" r43="-632.41284" r44="1"></containerEntry>
          <containerEntry r11="0.69531715" r12="-0.13878103" r13="-0.7051754" r14="0" r21="-0.48769277" r22="0.6295991" r23="-0.60478" r24="0" r31="0.5279094" r32="0.7644233" r33="0.37008867" r34="0" r41="293.4958" r42="-2.839126" r43="-632.7528" r44="1"></containerEntry>
          <containerEntry r11="-0.14479007" r12="-0.024724126" r13="0.98914987" r14="0" r21="0.59172434" r22="0.7990617" r23="0.10659015" r24="0" r31="-0.7930265" r32="0.6007395" r33="-0.101065576" r34="0" r41="311.9303" r42="-0.683449" r43="-622.84985" r44="1"></containerEntry>
          <containerEntry r11="0.9505329" r12="-0.04655759" r13="0.30711457" r14="0" r21="0.23707049" r22="0.74758816" r23="-0.6204097" r24="0" r31="-0.20071015" r32="0.6625278" r33="0.72164464" r34="0" r41="344.8711" r42="2.527469" r43="-601.9828" r44="1"></containerEntry>
          <containerEntry r11="-0.34500968" r12="-0.17201747" r13="-0.9226962" r14="0" r21="-0.59811246" r22="0.7979041" r23="0.074893594" r24="0" r31="0.72333926" r32="0.57771754" r33="-0.37816983" r34="0" r41="337.24625" r42="2.21916" r43="-608.8487" r44="1"></containerEntry>
          <containerEntry r11="-0.9780673" r12="-0.15066023" r13="0.14377737" r14="0" r21="-0.056792274" r22="0.8571813" r23="0.5118729" r24="0" r31="-0.20036235" r32="0.4924842" r33="-0.84693635" r34="0" r41="329.1342" r42="1.581722" r43="-613.215" r44="1"></containerEntry>
          <containerEntry r11="0.8659287" r12="-0.005113989" r13="0.50014013" r14="0" r21="0.37302107" r22="0.6727462" r23="-0.63895625" r24="0" r31="-0.33319902" r32="0.7398538" r33="0.584458" r34="0" r41="330.65247" r42="2.818706" r43="-601.3123" r44="1"></containerEntry>
          <containerEntry r11="-0.10676676" r12="-0.116240054" r13="-0.98746157" r14="0" r21="-0.87009525" r22="0.4915471" r23="0.03621778" r24="0" r31="0.48117194" r32="0.86305606" r33="-0.15361899" r34="0" r41="347.0323" r42="1.187157" r43="-618.7909" r44="1"></containerEntry>
          <containerEntry r11="-0.19392192" r12="-0.1010728" r13="0.97579104" r14="0" r21="0.49863243" r22="0.8464517" r23="0.1867723" r24="0" r31="-0.844837" r32="0.5227834" r33="-0.113746345" r34="0" r41="343.28146" r42="-0.132854" r43="-632.86145" r44="1"></containerEntry>
          <containerEntry r11="0.8298112" r12="0.020670295" r13="-0.5576598" r14="0" r21="-0.42644432" r22="0.6680521" r23="-0.6097938" r24="0" r31="0.35994023" r32="0.7438252" r33="0.5631721" r34="0" r41="354.49985" r42="1.752474" r43="-621.68286" r44="1"></containerEntry>
          <containerEntry r11="0.57864475" r12="0.073328555" r13="0.81227505" r14="0" r21="0.6863451" r22="0.49422" r23="-0.5335487" r24="0" r31="-0.4405659" r32="0.86623716" r33="0.23564962" r34="0" r41="362.84146" r42="4.342026" r43="-594.6567" r44="1"></containerEntry>
          <containerEntry r11="0.96726835" r12="0.0022818893" r13="0.25374478" r14="0" r21="0.17948236" r22="0.7007282" r23="-0.69048107" r24="0" r31="-0.17938146" r32="0.71342325" r33="0.67738265" r34="0" r41="364.6713" r42="2.813209" r43="-608.0392" r44="1"></containerEntry>
          <containerEntry r11="0.49987125" r12="0.032125384" r13="0.8655015" r14="0" r21="0.5853908" r22="0.72396004" r23="-0.364962" r24="0" r31="-0.6383122" r32="0.6890919" r33="0.34308136" r34="0" r41="366.01187" r42="2.546712" r43="-632.7724" r44="1"></containerEntry>
          <containerEntry r11="-0.07563501" r12="-0.1102851" r13="0.9910129" r14="0" r21="0.49425948" r22="0.8590295" r23="0.13332143" r24="0" r31="-0.86601204" r32="0.49990425" r33="-0.010462284" r34="0" r41="361.92456" r42="2.221777" r43="-631.6115" r44="1"></containerEntry>
          <containerEntry r11="-0.27556562" r12="-0.02514276" r13="0.9609485" r14="0" r21="0.6428462" r22="0.7384214" r23="0.20366809" r24="0" r31="-0.7147048" r32="0.67386925" r33="-0.18731934" r34="0" r41="367.94046" r42="2.697659" r43="-620.1862" r44="1"></containerEntry>
          <containerEntry r11="0.2521568" r12="0.010088444" r13="0.9676306" r14="0" r21="0.5497944" r22="0.8213838" r23="-0.15183334" r24="0" r31="-0.79632723" r32="0.5702854" r33="0.20157146" r34="0" r41="380.04648" r42="2.697659" r43="-622.37585" r44="1"></containerEntry>
          <containerEntry r11="0.9932229" r12="0.116103224" r13="-0.0053175166" r14="0" r21="-0.114855416" r22="0.9874945" r23="0.1079944" r24="0" r31="0.017789513" r32="-0.10665176" r33="0.9941373" r34="0" r41="349.54782" r42="2.400676" r43="-586.01996" r44="1"></containerEntry>
          <containerEntry r11="0.8854434" r12="0.11610308" r13="0.4500112" r14="0" r21="-0.15155461" r22="0.9874945" r23="0.043425296" r24="0" r31="-0.43934178" r32="-0.10665193" r33="0.89196646" r34="0" r41="362.79715" r42="2.062368" r43="-576.0027" r44="1"></containerEntry>
          <containerEntry r11="0.8854434" r12="0.11610308" r13="0.4500112" r14="0" r21="-0.15155461" r22="0.9874945" r23="0.043425296" r24="0" r31="-0.43934178" r32="-0.10665193" r33="0.89196646" r34="0" r41="372.1657" r42="2.062368" r43="-569.49335" r44="1"></containerEntry>
        </property>
        <property name="colors" type="UInt32" container="DynamicArray" arraySize="29">
          <containerEntry>4294967295</containerEntry>
          <containerEntry>4294967295</containerEntry>
          <containerEntry>4294967295</containerEntry>
          <containerEntry>4294967295</containerEntry>
          <containerEntry>4294967295</containerEntry>
          <containerEntry>4294967295</containerEntry>
          <containerEntry>4294967295</containerEntry>
          <containerEntry>4294967295</containerEntry>
          <containerEntry>4294967295</containerEntry>
          <containerEntry>4294967295</containerEntry>
          <containerEntry>4294967295</containerEntry>
          <containerEntry>4294967295</containerEntry>
          <containerEntry>4294967295</containerEntry>
          <containerEntry>4294967295</containerEntry>
          <containerEntry>4294967295</containerEntry>
          <containerEntry>4294967295</containerEntry>
          <containerEntry>4294967295</containerEntry>
          <containerEntry>4294967295</containerEntry>
          <containerEntry>4294967295</containerEntry>
          <containerEntry>4294967295</containerEntry>
          <containerEntry>4294967295</containerEntry>
          <containerEntry>4294967295</containerEntry>
          <containerEntry>4294967295</containerEntry>
          <containerEntry>4294967295</containerEntry>
          <containerEntry>4294967295</containerEntry>
          <containerEntry>4294967295</containerEntry>
          <containerEntry>4294967295</containerEntry>
          <containerEntry>4294967295</containerEntry>
          <containerEntry>4294967295</containerEntry>
        </property>
      </staticProperties>
