<fox formatVersion="2" fileVersion="0">
  <entities>
    <entity class="DataSet" classVersion="0" classID="0xE8" addr="0x2EF45A0" id="0x8FA383">
      <staticProperties>
        <property name="name" type="String" container="StaticArray" arraySize="1">
          <containerEntry hash="0xB8A0BF169F98"></containerEntry>
        </property>
        <property name="dataSet" type="EntityHandle" container="StaticArray" arraySize="1">
          <containerEntry>0x0</containerEntry>
        </property>
        <property name="dataList" type="EntityPtr" container="StringMap" arraySize="7">
          <containerEntry key="StaticModelArray0000">
            <data>0x2D7D4B0</data>
          </containerEntry>
          <containerEntry key="StaticModelArray0001">
            <data>0x2D7D520</data>
          </containerEntry>
          <containerEntry key="StaticModelArray0002">
            <data>0x2D7D590</data>
          </containerEntry>
          <containerEntry key="StaticModelArray0003">
            <data>0x2D7D600</data>
          </containerEntry>
          <containerEntry key="StaticModelArray0004">
            <data>0x2D7D130</data>
          </containerEntry>
          <containerEntry key="StaticModelArray0005">
            <data>0x2EF4BC0</data>
          </containerEntry>
          <containerEntry key="TexturePackLoadConditioner0000">
            <data>0x2D7DC20</data>
          </containerEntry>
        </property>
      </staticProperties>
      <dynamicProperties></dynamicProperties>
    </entity>
    <entity class="StaticModelArray" classVersion="4" classID="0xD0" addr="0x2D7D4B0" id="0x0">
      <staticProperties>
        <property name="name" type="String" container="StaticArray" arraySize="1">
          <containerEntry>StaticModelArray0000</containerEntry>
        </property>
        <property name="dataSet" type="EntityHandle" container="StaticArray" arraySize="1">
          <containerEntry>0x2EF45A0</containerEntry>
        </property>
        <property name="modelFile" type="FilePtr" container="StaticArray" arraySize="1">
          <containerEntry>/Assets/tpp/environ/object/middle_africa/cliff/mafr_clff004/scenes/mafr_clff004.fmdl</containerEntry>
        </property>
        <property name="geomFile" type="FilePtr" container="StaticArray" arraySize="1">
          <containerEntry>/Assets/tpp/environ/object/middle_africa/cliff/mafr_clff004/scenes/mafr_clff004.geom</containerEntry>
        </property>
        <property name="isVisibleGeom" type="Bool" container="StaticArray" arraySize="1">
          <containerEntry>false</containerEntry>
        </property>
        <property name="lodFarSize" type="Float" container="StaticArray" arraySize="1">
          <containerEntry>-1</containerEntry>
        </property>
        <property name="lodNearSize" type="Float" container="StaticArray" arraySize="1">
          <containerEntry>-1</containerEntry>
        </property>
        <property name="lodPolygonSize" type="Float" container="StaticArray" arraySize="1">
          <containerEntry>-1</containerEntry>
        </property>
        <property name="drawRejectionLevel" type="Int32" container="StaticArray" arraySize="1">
          <containerEntry>5</containerEntry>
        </property>
        <property name="drawMode" type="Int32" container="StaticArray" arraySize="1">
          <containerEntry>0</containerEntry>
        </property>
        <property name="rejectFarRangeShadowCast" type="Int32" container="StaticArray" arraySize="1">
          <containerEntry>2</containerEntry>
        </property>
        <property name="parentLocator" type="EntityLink" container="StaticArray" arraySize="1">
          <containerEntry packagePathHash="0xB8A0BF169F98" archivePathHash="0xB8A0BF169F98" nameInArchiveHash="0xB8A0BF169F98">0x0</containerEntry>
        </property>
        <property name="transforms" type="Matrix4" container="DynamicArray" arraySize="4">
          <containerEntry r11="-0.95772487" r12="-0.003587298" r13="0.28765443" r14="0" r21="0.08774221" r22="0.9486349" r23="0.30396208" r24="0" r31="-0.27396944" r32="0.31635228" r33="-0.90821636" r34="0" r41="2009.416" r42="6.319109" r43="1238.1726" r44="1"></containerEntry>
          <containerEntry r11="-0.7899445" r12="0.03500776" r13="0.6121762" r14="0" r21="0.1421139" r22="0.98163736" r23="0.12724653" r24="0" r31="-0.59648037" r32="0.18751666" r33="-0.7804141" r34="0" r41="1967.3044" r42="2.073335" r43="1258.7736" r44="1"></containerEntry>
          <containerEntry r11="0.708066" r12="0.069284655" r13="0.70273894" r14="0" r21="0.10805143" r22="0.97282505" r23="-0.20478351" r24="0" r31="-0.6978304" r32="0.2209322" r33="0.6813381" r34="0" r41="1970.7964" r42="1.723767" r43="1272.9182" r44="1"></containerEntry>
          <containerEntry r11="0.6949342" r12="0.036626056" r13="0.71814036" r14="0" r21="0.1769319" r22="0.9592881" r23="-0.22013965" r24="0" r31="-0.6969664" r32="0.28004447" r33="0.6601618" r34="0" r41="1986.6152" r42="3.072613" r43="1204.9099" r44="1"></containerEntry>
        </property>
        <property name="colors" type="UInt32" container="DynamicArray" arraySize="4">
          <containerEntry>4294967295</containerEntry>
          <containerEntry>4294967295</containerEntry>
          <containerEntry>4294967295</containerEntry>
          <containerEntry>4294967295</containerEntry>
        </property>
      </staticProperties>
      <dynamicProperties></dynamicProperties>
    </entity>
    <entity class="StaticModelArray" classVersion="4" classID="0xD0" addr="0x2D7D520" id="0x0">
      <staticProperties>
        <property name="name" type="String" container="StaticArray" arraySize="1">
          <containerEntry>StaticModelArray0001</containerEntry>
        </property>
        <property name="dataSet" type="EntityHandle" container="StaticArray" arraySize="1">
          <containerEntry>0x2EF45A0</containerEntry>
        </property>
        <property name="modelFile" type="FilePtr" container="StaticArray" arraySize="1">
          <containerEntry>/Assets/tpp/environ/object/middle_africa/rock/mafr_rock001/scenes/mafr_rock001_vrtn003.fmdl</containerEntry>
        </property>
        <property name="geomFile" type="FilePtr" container="StaticArray" arraySize="1">
          <containerEntry>/Assets/tpp/environ/object/middle_africa/rock/mafr_rock001/scenes/mafr_rock001_vrtn003.geom</containerEntry>
        </property>
        <property name="isVisibleGeom" type="Bool" container="StaticArray" arraySize="1">
          <containerEntry>false</containerEntry>
        </property>
        <property name="lodFarSize" type="Float" container="StaticArray" arraySize="1">
          <containerEntry>-1</containerEntry>
        </property>
        <property name="lodNearSize" type="Float" container="StaticArray" arraySize="1">
          <containerEntry>-1</containerEntry>
        </property>
        <property name="lodPolygonSize" type="Float" container="StaticArray" arraySize="1">
          <containerEntry>-1</containerEntry>
        </property>
        <property name="drawRejectionLevel" type="Int32" container="StaticArray" arraySize="1">
          <containerEntry>8</containerEntry>
        </property>
        <property name="drawMode" type="Int32" container="StaticArray" arraySize="1">
          <containerEntry>0</containerEntry>
        </property>
        <property name="rejectFarRangeShadowCast" type="Int32" container="StaticArray" arraySize="1">
          <containerEntry>2</containerEntry>
        </property>
        <property name="parentLocator" type="EntityLink" container="StaticArray" arraySize="1">
          <containerEntry packagePathHash="0xB8A0BF169F98" archivePathHash="0xB8A0BF169F98" nameInArchiveHash="0xB8A0BF169F98">0x0</containerEntry>
        </property>
        <property name="transforms" type="Matrix4" container="DynamicArray" arraySize="3">
          <containerEntry r11="-0.8652784" r12="-0.032966424" r13="-0.5002034" r14="0" r21="-0.055086743" r22="0.99804527" r23="0.029514726" r24="0" r31="0.49825263" r32="0.05309301" r33="-0.86540306" r34="0" r41="1986.2087" r42="3.598217" r43="1198.7681" r44="1"></containerEntry>
          <containerEntry r11="-0.6653565" r12="-0.19543979" r13="-0.7204856" r14="0" r21="-0.16769867" r22="0.9795856" r23="-0.11085658" r24="0" r31="0.7274431" r32="0.047065314" r33="-0.6845487" r34="0" r41="1990.7153" r42="0.951572" r43="1232.2913" r44="1"></containerEntry>
          <containerEntry r11="-0.67456734" r12="-0.17293897" r13="0.71766704" r14="0" r21="-0.13785288" r22="0.9845815" r23="0.10768415" r24="0" r31="-0.7252244" r32="-0.026292225" r33="-0.68800664" r34="0" r41="1983.8141" r42="2.96012" r43="1273.3086" r44="1"></containerEntry>
        </property>
        <property name="colors" type="UInt32" container="DynamicArray" arraySize="3">
          <containerEntry>4294967295</containerEntry>
          <containerEntry>4294967295</containerEntry>
          <containerEntry>4294967295</containerEntry>
        </property>
      </staticProperties>
      <dynamicProperties></dynamicProperties>
    </entity>
    <entity class="StaticModelArray" classVersion="4" classID="0xD0" addr="0x2D7D590" id="0x0">
      <staticProperties>
        <property name="name" type="String" container="StaticArray" arraySize="1">
          <containerEntry>StaticModelArray0002</containerEntry>
        </property>
        <property name="dataSet" type="EntityHandle" container="StaticArray" arraySize="1">
          <containerEntry>0x2EF45A0</containerEntry>
        </property>
        <property name="modelFile" type="FilePtr" container="StaticArray" arraySize="1">
          <containerEntry>/Assets/tpp/environ/object/middle_africa/rock/mafr_rock002/scenes/mafr_rock002.fmdl</containerEntry>
        </property>
        <property name="geomFile" type="FilePtr" container="StaticArray" arraySize="1">
          <containerEntry>/Assets/tpp/environ/object/middle_africa/rock/mafr_rock002/scenes/mafr_rock002.geom</containerEntry>
        </property>
        <property name="isVisibleGeom" type="Bool" container="StaticArray" arraySize="1">
          <containerEntry>false</containerEntry>
        </property>
        <property name="lodFarSize" type="Float" container="StaticArray" arraySize="1">
          <containerEntry>-1</containerEntry>
        </property>
        <property name="lodNearSize" type="Float" container="StaticArray" arraySize="1">
          <containerEntry>-1</containerEntry>
        </property>
        <property name="lodPolygonSize" type="Float" container="StaticArray" arraySize="1">
          <containerEntry>-1</containerEntry>
        </property>
        <property name="drawRejectionLevel" type="Int32" container="StaticArray" arraySize="1">
          <containerEntry>8</containerEntry>
        </property>
        <property name="drawMode" type="Int32" container="StaticArray" arraySize="1">
          <containerEntry>0</containerEntry>
        </property>
        <property name="rejectFarRangeShadowCast" type="Int32" container="StaticArray" arraySize="1">
          <containerEntry>2</containerEntry>
        </property>
        <property name="parentLocator" type="EntityLink" container="StaticArray" arraySize="1">
          <containerEntry packagePathHash="0xB8A0BF169F98" archivePathHash="0xB8A0BF169F98" nameInArchiveHash="0xB8A0BF169F98">0x0</containerEntry>
        </property>
        <property name="transforms" type="Matrix4" container="DynamicArray" arraySize="9">
          <containerEntry r11="0.99797505" r12="-0.055822484" r13="0.030457547" r14="0" r21="0.05901565" r22="0.9914189" r23="-0.11664368" r24="0" r31="-0.023684846" r32="0.11820495" r33="0.9927057" r34="0" r41="1947.2573" r42="1.539207" r43="1217.928" r44="1"></containerEntry>
          <containerEntry r11="-0.7807479" r12="-0.030679846" r13="-0.6240862" r14="0" r21="-0.1538031" r22="0.9774994" r23="0.1443586" r24="0" r31="0.605615" r32="0.20869464" r33="-0.7678992" r34="0" r41="1937.7626" r42="1.29118" r43="1214.5454" r44="1"></containerEntry>
          <containerEntry r11="-0.7882178" r12="-0.055823896" r13="0.6128569" r14="0" r21="0.028908892" r22="0.99141884" r23="0.12748712" r24="0" r31="-0.6147147" r32="0.11820468" r33="-0.7798401" r34="0" r41="1935.2942" r42="0.517906" r43="1200.9106" r44="1"></containerEntry>
          <containerEntry r11="0.81424975" r12="0.06430792" r13="-0.57693946" r14="0" r21="-0.13826773" r22="0.9867271" r23="-0.08515622" r24="0" r31="0.5638056" r32="0.14911065" r33="0.81233406" r34="0" r41="2012.1125" r42="4.949921" r43="1216.5695" r44="1"></containerEntry>
          <containerEntry r11="-0.8496664" r12="-0.17017195" r13="-0.49909905" r14="0" r21="-0.22270033" r22="0.9737475" r23="0.04711927" r24="0" r31="0.47797805" r32="0.15118554" r33="-0.86525786" r34="0" r41="2021.1622" r42="5.986702" r43="1233.4132" r44="1"></containerEntry>
          <containerEntry r11="0.93690175" r12="0.16218108" r13="0.3096938" r14="0" r21="-0.15593423" r22="0.98674196" r23="-0.044998646" r24="0" r31="-0.31288582" r32="-0.0061326358" r33="0.94976985" r34="0" r41="2039.0905" r42="8.044045" r43="1223.9213" r44="1"></containerEntry>
          <containerEntry r11="0.6469248" r12="0.08857245" r13="0.7573915" r14="0" r21="-0.004098244" r22="0.9936209" r23="-0.112697355" r24="0" r31="-0.76254195" r32="0.069802664" r33="0.643161" r34="0" r41="1974.4978" r42="3.217932" r43="1174.5337" r44="1"></containerEntry>
          <containerEntry r11="0.63526" r12="0.124298796" r13="0.7622301" r14="0" r21="-0.12486692" r22="0.9905084" r23="-0.057457775" r24="0" r31="-0.76213723" r32="-0.058676675" r33="0.64475113" r34="0" r41="2034.9198" r42="10.895339" r43="1167.6641" r44="1"></containerEntry>
          <containerEntry r11="-0.15821777" r12="0.03729172" r13="0.9867003" r14="0" r21="-0.12486765" r22="0.99050826" r23="-0.05745817" r24="0" r31="-0.9794775" r32="-0.13229775" r33="-0.1520595" r34="0" r41="2039.6646" r42="10.895339" r43="1170.5074" r44="1"></containerEntry>
        </property>
        <property name="colors" type="UInt32" container="DynamicArray" arraySize="9">
          <containerEntry>4294967295</containerEntry>
          <containerEntry>4294967295</containerEntry>
          <containerEntry>4294967295</containerEntry>
          <containerEntry>4294967295</containerEntry>
          <containerEntry>4294967295</containerEntry>
          <containerEntry>4294967295</containerEntry>
          <containerEntry>4294967295</containerEntry>
          <containerEntry>4294967295</containerEntry>
          <containerEntry>4294967295</containerEntry>
        </property>
      </staticProperties>
      <dynamicProperties></dynamicProperties>
    </entity>
    <entity class="StaticModelArray" classVersion="4" classID="0xD0" addr="0x2D7D600" id="0x0">
      <staticProperties>
        <property name="name" type="String" container="StaticArray" arraySize="1">
          <containerEntry>StaticModelArray0003</containerEntry>
        </property>
        <property name="dataSet" type="EntityHandle" container="StaticArray" arraySize="1">
          <containerEntry>0x2EF45A0</containerEntry>
        </property>
        <property name="modelFile" type="FilePtr" container="StaticArray" arraySize="1">
          <containerEntry>/Assets/tpp/environ/object/middle_africa/cliff/mafr_clff004/scenes/mafr_clff004_grnd001.fmdl</containerEntry>
        </property>
        <property name="geomFile" type="FilePtr" container="StaticArray" arraySize="1">
          <containerEntry>/Assets/tpp/environ/object/middle_africa/cliff/mafr_clff004/scenes/mafr_clff004_grnd001.geom</containerEntry>
        </property>
        <property name="isVisibleGeom" type="Bool" container="StaticArray" arraySize="1">
          <containerEntry>false</containerEntry>
        </property>
        <property name="lodFarSize" type="Float" container="StaticArray" arraySize="1">
          <containerEntry>-1</containerEntry>
        </property>
        <property name="lodNearSize" type="Float" container="StaticArray" arraySize="1">
          <containerEntry>-1</containerEntry>
        </property>
        <property name="lodPolygonSize" type="Float" container="StaticArray" arraySize="1">
          <containerEntry>-1</containerEntry>
        </property>
        <property name="drawRejectionLevel" type="Int32" container="StaticArray" arraySize="1">
          <containerEntry>8</containerEntry>
        </property>
        <property name="drawMode" type="Int32" container="StaticArray" arraySize="1">
          <containerEntry>0</containerEntry>
        </property>
        <property name="rejectFarRangeShadowCast" type="Int32" container="StaticArray" arraySize="1">
          <containerEntry>2</containerEntry>
        </property>
        <property name="parentLocator" type="EntityLink" container="StaticArray" arraySize="1">
          <containerEntry packagePathHash="0xB8A0BF169F98" archivePathHash="0xB8A0BF169F98" nameInArchiveHash="0xB8A0BF169F98">0x0</containerEntry>
        </property>
        <property name="transforms" type="Matrix4" container="DynamicArray" arraySize="4">
          <containerEntry r11="1" r12="0" r13="0" r14="0" r21="0" r22="1" r23="0" r24="0" r31="0" r32="0" r33="1" r34="0" r41="1967.3009" r42="1.343862" r43="1268.2386" r44="1"></containerEntry>
          <containerEntry r11="0.775858" r12="-0.11050841" r13="-0.6211541" r14="0" r21="-0.1615226" r22="0.91693604" r23="-0.3648818" r24="0" r31="0.6098811" r32="0.3834269" r33="0.69356257" r34="0" r41="1971.911" r42="1.343862" r43="1263.901" r44="1"></containerEntry>
          <containerEntry r11="0.7595854" r12="-0.15529695" r13="-0.6315961" r14="0" r21="-0.1727348" r22="0.8880373" r23="-0.42609" r24="0" r31="0.62705135" r32="0.43275034" r33="0.647715" r34="0" r41="1975.3634" r42="1.343862" r43="1259.9895" r44="1"></containerEntry>
          <containerEntry r11="0.5821046" r12="4.7311187e-07" r13="0.81311375" r14="0" r21="-0.031887673" r22="0.99923074" r23="0.022827659" r24="0" r31="-0.81248826" r32="-0.039216395" r33="0.58165693" r34="0" r41="1976.4083" r42="0.375681" r43="1197.5671" r44="1"></containerEntry>
        </property>
        <property name="colors" type="UInt32" container="DynamicArray" arraySize="4">
          <containerEntry>4294967295</containerEntry>
          <containerEntry>4294967295</containerEntry>
          <containerEntry>4294967295</containerEntry>
          <containerEntry>4294967295</containerEntry>
        </property>
      </staticProperties>
      <dynamicProperties></dynamicProperties>
    </entity>
    <entity class="StaticModelArray" classVersion="4" classID="0xD0" addr="0x2D7D130" id="0x0">
      <staticProperties>
        <property name="name" type="String" container="StaticArray" arraySize="1">
          <containerEntry>StaticModelArray0004</containerEntry>
        </property>
        <property name="dataSet" type="EntityHandle" container="StaticArray" arraySize="1">
          <containerEntry>0x2EF45A0</containerEntry>
        </property>
        <property name="modelFile" type="FilePtr" container="StaticArray" arraySize="1">
          <containerEntry>/Assets/tpp/environ/object/middle_africa/cliff/mafr_clff003/scenes/mafr_clff003_vrtn001.fmdl</containerEntry>
        </property>
        <property name="geomFile" type="FilePtr" container="StaticArray" arraySize="1">
          <containerEntry>/Assets/tpp/environ/object/middle_africa/cliff/mafr_clff003/scenes/mafr_clff003_vrtn001.geom</containerEntry>
        </property>
        <property name="isVisibleGeom" type="Bool" container="StaticArray" arraySize="1">
          <containerEntry>false</containerEntry>
        </property>
        <property name="lodFarSize" type="Float" container="StaticArray" arraySize="1">
          <containerEntry>-1</containerEntry>
        </property>
        <property name="lodNearSize" type="Float" container="StaticArray" arraySize="1">
          <containerEntry>-1</containerEntry>
        </property>
        <property name="lodPolygonSize" type="Float" container="StaticArray" arraySize="1">
          <containerEntry>-1</containerEntry>
        </property>
        <property name="drawRejectionLevel" type="Int32" container="StaticArray" arraySize="1">
          <containerEntry>5</containerEntry>
        </property>
        <property name="drawMode" type="Int32" container="StaticArray" arraySize="1">
          <containerEntry>0</containerEntry>
        </property>
        <property name="rejectFarRangeShadowCast" type="Int32" container="StaticArray" arraySize="1">
          <containerEntry>2</containerEntry>
        </property>
        <property name="parentLocator" type="EntityLink" container="StaticArray" arraySize="1">
          <containerEntry packagePathHash="0xB8A0BF169F98" archivePathHash="0xB8A0BF169F98" nameInArchiveHash="0xB8A0BF169F98">0x0</containerEntry>
        </property>
        <property name="transforms" type="Matrix4" container="DynamicArray" arraySize="24">
          <containerEntry r11="0.22730537" r12="-0.071710624" r13="-0.7111186" r14="0" r21="-0.49783257" r22="0.5195397" r23="-0.21152088" r24="0" r31="0.5128302" r32="0.53613055" r33="0.10985908" r34="0" r41="1940.8185" r42="-3.869015" r43="1247.8632" r44="1"></containerEntry>
          <containerEntry r11="0.260305" r12="-0.039898396" r13="0.9646992" r14="0" r21="0.16502342" r22="0.9862826" r23="-0.0037371889" r24="0" r31="-0.95131695" r32="0.16017085" r33="0.26331848" r34="0" r41="1931.3223" r42="-4.115013" r43="1210.3438" r44="1"></containerEntry>
          <containerEntry r11="0.51639223" r12="0.017884016" r13="-0.85616523" r14="0" r21="-0.6809985" r22="0.6147475" r23="-0.3978998" r24="0" r31="0.5192098" r32="0.7885206" r33="0.32963023" r34="0" r41="1944.0912" r42="-3.331387" r43="1253.8765" r44="1"></containerEntry>
          <containerEntry r11="-0.7401427" r12="-0.11732522" r13="-0.66213584" r14="0" r21="-0.442037" r22="0.8269107" r23="0.34759167" r24="0" r31="0.5067464" r32="0.54995644" r33="-0.6638947" r34="0" r41="1948.4021" r42="-3.999211" r43="1248.9434" r44="1"></containerEntry>
          <containerEntry r11="0.6566663" r12="0.054455403" r13="-0.75221133" r14="0" r21="-0.4628613" r22="0.8165556" r23="-0.3449555" r24="0" r31="0.5954389" r32="0.57469136" r33="0.5614109" r34="0" r41="1961.3615" r42="-3.752779" r43="1168.7211" r44="1"></containerEntry>
          <containerEntry r11="0.9866197" r12="0.043744795" r13="0.15705387" r14="0" r21="0.07027106" r22="0.7551438" r23="-0.6517788" r24="0" r31="-0.14711064" r32="0.6540961" r33="0.74196804" r34="0" r41="1961.3921" r42="-3.168614" r43="1163.3091" r44="1"></containerEntry>
          <containerEntry r11="0.71596116" r12="0.11886595" r13="-0.6879435" r14="0" r21="-0.5704739" r22="0.6676348" r23="-0.4783503" r24="0" r31="0.40243655" r32="0.7349364" r33="0.54581225" r34="0" r41="1954.4421" r42="-5.571161" r43="1168.5294" r44="1"></containerEntry>
          <containerEntry r11="-0.8756249" r12="-0.2735731" r13="-0.3980355" r14="0" r21="-0.47626325" r22="0.6260936" r23="0.61739737" r24="0" r31="0.08030397" r32="0.7301791" r33="-0.6785156" r34="0" r41="1984.775" r42="0.108738" r43="1186.619" r44="1"></containerEntry>
          <containerEntry r11="-0.8283528" r12="-0.01916205" r13="-0.5598682" r14="0" r21="-0.5484004" r22="0.23176019" r23="0.8034556" r24="0" r31="0.11435833" r32="0.9725805" r33="-0.20248461" r34="0" r41="1946.2657" r42="-3.321754" r43="1222.2812" r44="1"></containerEntry>
          <containerEntry r11="0.67073244" r12="-1.34781e-05" r13="-0.335586" r14="0" r21="-0.23208202" r22="0.5417117" r23="-0.4638819" r24="0" r31="0.24239619" r32="0.5186989" r33="0.48445398" r34="0" r41="1947.4264" r42="-3.944063" r43="1264.8773" r44="1"></containerEntry>
          <containerEntry r11="0.29074" r12="-0.050500587" r13="0.6895071" r14="0" r21="0.50624835" r22="0.5249585" r23="-0.17501782" r24="0" r31="-0.47083223" r32="0.53326195" r33="0.23758969" r34="0" r41="1953.3145" r42="-3.510733" r43="1250.669" r44="1"></containerEntry>
          <containerEntry r11="-0.76222044" r12="-0.039898798" r13="-0.6460829" r14="0" r21="-0.13369194" r22="0.9862824" r23="0.0968162" r24="0" r31="0.6333573" r32="0.16017143" r33="-0.7570988" r34="0" r41="1952.282" r42="-3.176928" r43="1197.3486" r44="1"></containerEntry>
          <containerEntry r11="-0.514396" r12="-0.16202095" r13="0.52119386" r14="0" r21="0.19830318" r22="0.61176884" r23="0.38589433" r24="0" r31="-0.5084975" r32="0.4024771" r33="-0.3767491" r34="0" r41="1928.1284" r42="-3.482719" r43="1204.2568" r44="1"></containerEntry>
          <containerEntry r11="0.5918287" r12="-0.045319956" r13="0.45845872" r14="0" r21="0.34761125" r22="0.53373355" r23="-0.39597255" r24="0" r31="-0.30233216" r32="0.5249514" r33="0.4421769" r34="0" r41="1949.0369" r42="-0.859552" r43="1199.693" r44="1"></containerEntry>
          <containerEntry r11="-0.7464535" r12="-0.0326548" r13="-0.06507704" r14="0" r21="-0.062214587" r22="0.6342987" r23="0.39534044" r24="0" r31="0.037824616" r32="0.3988714" r33="-0.6340075" r34="0" r41="1948.7325" r42="-3.477926" r43="1189.497" r44="1"></containerEntry>
          <containerEntry r11="-0.24792226" r12="-0.039028846" r13="-0.7067588" r14="0" r21="-0.4734749" r22="0.56580716" r23="0.13484512" r24="0" r31="0.5261681" r32="0.49075288" r33="-0.21167336" r34="0" r41="1934.9562" r42="-1.486868" r43="1208.2155" r44="1"></containerEntry>
          <containerEntry r11="0.6088948" r12="-0.09198434" r13="-0.4281186" r14="0" r21="-0.22104044" r22="0.56842244" r23="-0.43650478" r24="0" r31="0.37800503" r32="0.48055613" r33="0.43436962" r34="0" r41="1953.4507" r42="-1.098962" r43="1219.2402" r44="1"></containerEntry>
          <containerEntry r11="-0.7275394" r12="-0.11711419" r13="0.13952808" r14="0" r21="0.03870244" r22="0.4619698" r23="0.58956385" r24="0" r31="-0.17800544" r32="0.57910943" r33="-0.44209087" r34="0" r41="2038.7708" r42="8.203533" r43="1212.9833" r44="1"></containerEntry>
          <containerEntry r11="-0.39461726" r12="0.08162286" r13="-0.6325438" r14="0" r21="-0.5905032" r22="0.23431085" r23="0.39862627" r24="0" r31="0.24099779" r32="0.7077674" r33="-0.059017807" r34="0" r41="2026.872" r42="6.342103" r43="1212.9833" r44="1"></containerEntry>
          <containerEntry r11="-0.63166726" r12="-0.18443647" r13="0.35982698" r14="0" r21="0.26182503" r22="0.3220337" r23="0.62469244" r24="0" r31="-0.30812317" r32="0.6517486" r33="-0.20683564" r34="0" r41="2015.9327" r42="4.273729" r43="1212.7242" r44="1"></containerEntry>
          <containerEntry r11="0.35343164" r12="0.049741566" r13="-0.65962946" r14="0" r21="-0.45232832" r22="0.5638829" r23="-0.19983687" r24="0" r31="0.4826845" r32="0.49199736" r33="0.29572493" r34="0" r41="2034.3422" r42="3.95866" r43="1225.4927" r44="1"></containerEntry>
          <containerEntry r11="0.6077837" r12="-0.023124777" r13="-0.4388212" r14="0" r21="-0.35193798" r22="0.4228642" r23="-0.5097303" r24="0" r31="0.26313204" r32="0.61899155" r33="0.33182865" r34="0" r41="2020.386" r42="6.460166" r43="1161.6652" r44="1"></containerEntry>
          <containerEntry r11="0.26904178" r12="0.08941441" r13="0.6943493" r14="0" r21="0.5128532" r22="0.4811732" r23="-0.26067913" r24="0" r31="-0.47654736" r32="0.5683107" r33="0.11146577" r34="0" r41="2036.3717" r42="8.301124" r43="1164.487" r44="1"></containerEntry>
          <containerEntry r11="-0.8245878" r12="-0.19004461" r13="-0.53285545" r14="0" r21="-0.5200392" r22="0.6254597" r23="0.58168304" r24="0" r31="0.22273444" r32="0.75675714" r33="-0.6145788" r34="0" r41="1988.1968" r42="1.176591" r43="1158.9802" r44="1"></containerEntry>
        </property>
        <property name="colors" type="UInt32" container="DynamicArray" arraySize="24">
          <containerEntry>4294967295</containerEntry>
          <containerEntry>4294967295</containerEntry>
          <containerEntry>4294967295</containerEntry>
          <containerEntry>4294967295</containerEntry>
          <containerEntry>4294967295</containerEntry>
          <containerEntry>4294967295</containerEntry>
          <containerEntry>4294967295</containerEntry>
          <containerEntry>4294967295</containerEntry>
          <containerEntry>4294967295</containerEntry>
          <containerEntry>4294967295</containerEntry>
          <containerEntry>4294967295</containerEntry>
          <containerEntry>4294967295</containerEntry>
          <containerEntry>4294967295</containerEntry>
          <containerEntry>4294967295</containerEntry>
          <containerEntry>4294967295</containerEntry>
          <containerEntry>4294967295</containerEntry>
          <containerEntry>4294967295</containerEntry>
          <containerEntry>4294967295</containerEntry>
          <containerEntry>4294967295</containerEntry>
          <containerEntry>4294967295</containerEntry>
          <containerEntry>4294967295</containerEntry>
          <containerEntry>4294967295</containerEntry>
          <containerEntry>4294967295</containerEntry>
          <containerEntry>4294967295</containerEntry>
        </property>
      </staticProperties>
      <dynamicProperties></dynamicProperties>
    </entity>
    <entity class="StaticModelArray" classVersion="4" classID="0xD0" addr="0x2EF4BC0" id="0x0">
      <staticProperties>
        <property name="name" type="String" container="StaticArray" arraySize="1">
          <containerEntry>StaticModelArray0005</containerEntry>
        </property>
        <property name="dataSet" type="EntityHandle" container="StaticArray" arraySize="1">
          <containerEntry>0x2EF45A0</containerEntry>
        </property>
        <property name="modelFile" type="FilePtr" container="StaticArray" arraySize="1">
          <containerEntry>/Assets/tpp/environ/object/middle_africa/rock/mafr_rock001/scenes/mafr_rock001.fmdl</containerEntry>
        </property>
        <property name="geomFile" type="FilePtr" container="StaticArray" arraySize="1">
          <containerEntry>/Assets/tpp/environ/object/middle_africa/rock/mafr_rock001/scenes/mafr_rock001.geom</containerEntry>
        </property>
        <property name="isVisibleGeom" type="Bool" container="StaticArray" arraySize="1">
          <containerEntry>false</containerEntry>
        </property>
        <property name="lodFarSize" type="Float" container="StaticArray" arraySize="1">
          <containerEntry>-1</containerEntry>
        </property>
        <property name="lodNearSize" type="Float" container="StaticArray" arraySize="1">
          <containerEntry>-1</containerEntry>
        </property>
        <property name="lodPolygonSize" type="Float" container="StaticArray" arraySize="1">
          <containerEntry>-1</containerEntry>
        </property>
        <property name="drawRejectionLevel" type="Int32" container="StaticArray" arraySize="1">
          <containerEntry>8</containerEntry>
        </property>
        <property name="drawMode" type="Int32" container="StaticArray" arraySize="1">
          <containerEntry>0</containerEntry>
        </property>
        <property name="rejectFarRangeShadowCast" type="Int32" container="StaticArray" arraySize="1">
          <containerEntry>2</containerEntry>
        </property>
        <property name="parentLocator" type="EntityLink" container="StaticArray" arraySize="1">
          <containerEntry packagePathHash="0xB8A0BF169F98" archivePathHash="0xB8A0BF169F98" nameInArchiveHash="0xB8A0BF169F98">0x0</containerEntry>
        </property>
        <property name="transforms" type="Matrix4" container="DynamicArray" arraySize="10">
          <containerEntry r11="0.06258267" r12="0" r13="0.99803925" r14="0" r21="0" r22="1" r23="0" r24="0" r31="-0.99803925" r32="0" r33="0.06258267" r34="0" r41="1961.6031" r42="-0.620711" r43="1272.934" r44="1"></containerEntry>
          <containerEntry r11="0.908523" r12="0.03192736" r13="-0.4166131" r14="0" r21="-0.12780803" r22="0.9705208" r23="-0.20433918" r24="0" r31="0.39780766" r32="0.23889336" r33="0.8858211" r34="0" r41="1985.3007" r42="3.318904" r43="1267.9624" r44="1"></containerEntry>
          <containerEntry r11="-0.8262402" r12="-0.0020211264" r13="-0.56331134" r14="0" r21="-0.19615382" r22="0.9384416" r23="0.284343" r24="0" r31="0.5280601" r32="0.34543186" r33="-0.77577454" r34="0" r41="1981.2594" r42="2.117501" r43="1277.4492" r44="1"></containerEntry>
          <containerEntry r11="0.98881966" r12="-0.025935968" r13="-0.14684303" r14="0" r21="-0.04506764" r22="0.88672507" r23="-0.4600946" r24="0" r31="0.1421424" r32="0.4615685" r33="0.87564236" r34="0" r41="1978.1818" r42="2.652332" r43="1192.869" r44="1"></containerEntry>
          <containerEntry r11="-0.51178825" r12="-0.018625429" r13="0.85890603" r14="0" r21="-0.033294544" r22="0.99944395" r23="0.0018339697" r24="0" r31="-0.8584626" r32="-0.027658332" r33="-0.51212376" r34="0" r41="1965.6603" r42="1.111041" r43="1210.7399" r44="1"></containerEntry>
          <containerEntry r11="-0.8598047" r12="-0.029578209" r13="0.5097591" r14="0" r21="-0.033294678" r22="0.9994439" r23="0.0018336666" r24="0" r31="-0.5095299" r32="-0.015395695" r33="-0.8603113" r34="0" r41="1994.0754" r42="1.63831" r43="1231.9188" r44="1"></containerEntry>
          <containerEntry r11="-0.10517055" r12="-0.17939481" r13="-0.9781386" r14="0" r21="-0.21395668" r22="0.96464133" r23="-0.15391421" r24="0" r31="0.9711644" r32="0.19309208" r33="-0.13983458" r34="0" r41="2002.4215" r42="2.785847" r43="1234.0995" r44="1"></containerEntry>
          <containerEntry r11="-0.64274186" r12="0.007204509" r13="0.4762648" r14="0" r21="-0.28654346" r22="0.63312966" r23="-0.39628193" r24="0" r31="-0.38049036" r32="-0.488973" r33="-0.5060928" r34="0" r41="2004.2352" r42="2.670541" r43="1233.5817" r44="1"></containerEntry>
          <containerEntry r11="0.2329724" r12="0.21361594" r13="-0.7349081" r14="0" r21="-0.13460334" r22="0.7676675" r23="0.1804676" r24="0" r31="0.7533948" r32="0.071096554" r33="0.25949848" r34="0" r41="2014.7213" r42="6.867876" r43="1236.0546" r44="1"></containerEntry>
          <containerEntry r11="0.5002421" r12="0.24353318" r13="0.8309323" r14="0" r21="-0.2139564" r22="0.9646414" r23="-0.15391406" r24="0" r31="-0.839035" r32="-0.10078922" r33="0.5346598" r34="0" r41="2019.9794" r42="6.322934" r43="1236.1436" r44="1"></containerEntry>
        </property>
        <property name="colors" type="UInt32" container="DynamicArray" arraySize="10">
          <containerEntry>4294967295</containerEntry>
          <containerEntry>4294967295</containerEntry>
          <containerEntry>4294967295</containerEntry>
          <containerEntry>4294967295</containerEntry>
          <containerEntry>4294967295</containerEntry>
          <containerEntry>4294967295</containerEntry>
          <containerEntry>4294967295</containerEntry>
          <containerEntry>4294967295</containerEntry>
          <containerEntry>4294967295</containerEntry>
          <containerEntry>4294967295</containerEntry>
        </property>
      </staticProperties>
      <dynamicProperties></dynamicProperties>
    </entity>
    <entity class="TexturePackLoadConditioner" classVersion="0" classID="0x48" addr="0x2D7DC20" id="0x0">
      <staticProperties>
        <property name="name" type="String" container="StaticArray" arraySize="1">
          <containerEntry>TexturePackLoadConditioner0000</containerEntry>
        </property>
        <property name="dataSet" type="EntityHandle" container="StaticArray" arraySize="1">
          <containerEntry>0x2EF45A0</containerEntry>
        </property>
        <property name="texturePackPath" type="Path" container="StaticArray" arraySize="1">
          <containerEntry hash="0xB8A0BF169F98"></containerEntry>
        </property>
      </staticProperties>
      <dynamicProperties></dynamicProperties>
    </entity>
  </entities>
</fox>