<fox formatVersion="2" fileVersion="0">
  <entities>
    <entity class="DataSet" classVersion="0" classID="0xE8" addr="0x2F53110" id="0xE9DD3E">
      <staticProperties>
        <property name="name" type="String" container="StaticArray" arraySize="1">
          <containerEntry hash="0xB8A0BF169F98"></containerEntry>
        </property>
        <property name="dataSet" type="EntityHandle" container="StaticArray" arraySize="1">
          <containerEntry>0x0</containerEntry>
        </property>
        <property name="dataList" type="EntityPtr" container="StringMap" arraySize="13">
          <containerEntry key="afgh_clff022_vrtn001_0003">
            <data>0x2F53960</data>
          </containerEntry>
          <containerEntry key="afgh_clff022_vrtn004_0006">
            <data>0x2F53B20</data>
          </containerEntry>
          <containerEntry key="afgh_rock001_0005">
            <data>0x2D79770</data>
          </containerEntry>
          <containerEntry key="afgh_clff030_vrtn011_0000">
            <data>0x2D79930</data>
          </containerEntry>
          <containerEntry key="StaticModelArray0000">
            <data>0x2D7E1D0</data>
          </containerEntry>
          <containerEntry key="StaticModelArray0001">
            <data>0x2D7D9F0</data>
          </containerEntry>
          <containerEntry key="StaticModelArray0002">
            <data>0x2D7DBB0</data>
          </containerEntry>
          <containerEntry key="StaticModelArray0003">
            <data>0x2D7DEC0</data>
          </containerEntry>
          <containerEntry key="StaticModelArray0004">
            <data>0x2D7D7C0</data>
          </containerEntry>
          <containerEntry key="StaticModelArray0005">
            <data>0x2D7AF10</data>
          </containerEntry>
          <containerEntry key="StaticModelArray0006">
            <data>0x2D7D6E0</data>
          </containerEntry>
          <containerEntry key="StaticModelArray0007">
            <data>0x2D7D830</data>
          </containerEntry>
          <containerEntry key="TexturePackLoadConditioner0000">
            <data>0x2D7E4E0</data>
          </containerEntry>
        </property>
      </staticProperties>
      <dynamicProperties></dynamicProperties>
    </entity>
    <entity class="StaticModel" classVersion="9" classID="0x160" addr="0x2F53960" id="0xE9DD6A">
      <staticProperties>
        <property name="name" type="String" container="StaticArray" arraySize="1">
          <containerEntry>afgh_clff022_vrtn001_0003</containerEntry>
        </property>
        <property name="dataSet" type="EntityHandle" container="StaticArray" arraySize="1">
          <containerEntry>0x2F53110</containerEntry>
        </property>
        <property name="parent" type="EntityHandle" container="StaticArray" arraySize="1">
          <containerEntry>0x0</containerEntry>
        </property>
        <property name="transform" type="EntityPtr" container="StaticArray" arraySize="1">
          <containerEntry>0x2F53A40</containerEntry>
        </property>
        <property name="shearTransform" type="EntityPtr" container="StaticArray" arraySize="1">
          <containerEntry>0x0</containerEntry>
        </property>
        <property name="pivotTransform" type="EntityPtr" container="StaticArray" arraySize="1">
          <containerEntry>0x0</containerEntry>
        </property>
        <property name="children" type="EntityHandle" container="List"></property>
        <property name="flags" type="UInt32" container="StaticArray" arraySize="1">
          <containerEntry>3221225479</containerEntry>
        </property>
        <property name="modelFile" type="FilePtr" container="StaticArray" arraySize="1">
          <containerEntry>/Assets/tpp/environ/object/afghanistan/cliff/afgh_clff022/scenes/afgh_clff022_vrtn001.fmdl</containerEntry>
        </property>
        <property name="geomFile" type="FilePtr" container="StaticArray" arraySize="1">
          <containerEntry>/Assets/tpp/environ/object/afghanistan/cliff/afgh_clff022/scenes/afgh_clff022_vrtn001.geom</containerEntry>
        </property>
        <property name="isVisibleGeom" type="Bool" container="StaticArray" arraySize="1">
          <containerEntry>false</containerEntry>
        </property>
        <property name="isIsolated" type="Bool" container="StaticArray" arraySize="1">
          <containerEntry>false</containerEntry>
        </property>
        <property name="lodFarSize" type="Float" container="StaticArray" arraySize="1">
          <containerEntry>-1</containerEntry>
        </property>
        <property name="lodNearSize" type="Float" container="StaticArray" arraySize="1">
          <containerEntry>-1</containerEntry>
        </property>
        <property name="lodPolygonSize" type="Float" container="StaticArray" arraySize="1">
          <containerEntry>-1</containerEntry>
        </property>
        <property name="color" type="Color" container="StaticArray" arraySize="1">
          <containerEntry r="1" g="1" b="1" a="1"></containerEntry>
        </property>
        <property name="drawRejectionLevel" type="Int32" container="StaticArray" arraySize="1">
          <containerEntry>8</containerEntry>
        </property>
        <property name="drawMode" type="Int32" container="StaticArray" arraySize="1">
          <containerEntry>0</containerEntry>
        </property>
        <property name="rejectFarRangeShadowCast" type="Int32" container="StaticArray" arraySize="1">
          <containerEntry>2</containerEntry>
        </property>
      </staticProperties>
      <dynamicProperties></dynamicProperties>
    </entity>
    <entity class="TransformEntity" classVersion="0" classID="0x50" addr="0x2F53A40" id="0xE9DD6D">
      <staticProperties>
        <property name="owner" type="EntityHandle" container="StaticArray" arraySize="1">
          <containerEntry>0x2F53960</containerEntry>
        </property>
        <property name="transform_scale" type="Vector3" container="StaticArray" arraySize="1">
          <containerEntry x="1" y="1" z="1" w="0"></containerEntry>
        </property>
        <property name="transform_rotation_quat" type="Quat" container="StaticArray" arraySize="1">
          <containerEntry x="0" y="-0.991834" z="0" w="0.127531"></containerEntry>
        </property>
        <property name="transform_translation" type="Vector3" container="StaticArray" arraySize="1">
          <containerEntry x="-1624.8799" y="333.51212" z="1146.4359" w="0"></containerEntry>
        </property>
      </staticProperties>
      <dynamicProperties></dynamicProperties>
    </entity>
    <entity class="StaticModel" classVersion="9" classID="0x160" addr="0x2F53B20" id="0xE9DD73">
      <staticProperties>
        <property name="name" type="String" container="StaticArray" arraySize="1">
          <containerEntry>afgh_clff022_vrtn004_0006</containerEntry>
        </property>
        <property name="dataSet" type="EntityHandle" container="StaticArray" arraySize="1">
          <containerEntry>0x2F53110</containerEntry>
        </property>
        <property name="parent" type="EntityHandle" container="StaticArray" arraySize="1">
          <containerEntry>0x0</containerEntry>
        </property>
        <property name="transform" type="EntityPtr" container="StaticArray" arraySize="1">
          <containerEntry>0x2F53B90</containerEntry>
        </property>
        <property name="shearTransform" type="EntityPtr" container="StaticArray" arraySize="1">
          <containerEntry>0x0</containerEntry>
        </property>
        <property name="pivotTransform" type="EntityPtr" container="StaticArray" arraySize="1">
          <containerEntry>0x0</containerEntry>
        </property>
        <property name="children" type="EntityHandle" container="List"></property>
        <property name="flags" type="UInt32" container="StaticArray" arraySize="1">
          <containerEntry>3221225479</containerEntry>
        </property>
        <property name="modelFile" type="FilePtr" container="StaticArray" arraySize="1">
          <containerEntry>/Assets/tpp/environ/object/afghanistan/cliff/afgh_clff022/scenes/afgh_clff022_vrtn004.fmdl</containerEntry>
        </property>
        <property name="geomFile" type="FilePtr" container="StaticArray" arraySize="1">
          <containerEntry>/Assets/tpp/environ/object/afghanistan/cliff/afgh_clff022/scenes/afgh_clff022_vrtn004.geom</containerEntry>
        </property>
        <property name="isVisibleGeom" type="Bool" container="StaticArray" arraySize="1">
          <containerEntry>false</containerEntry>
        </property>
        <property name="isIsolated" type="Bool" container="StaticArray" arraySize="1">
          <containerEntry>false</containerEntry>
        </property>
        <property name="lodFarSize" type="Float" container="StaticArray" arraySize="1">
          <containerEntry>-1</containerEntry>
        </property>
        <property name="lodNearSize" type="Float" container="StaticArray" arraySize="1">
          <containerEntry>-1</containerEntry>
        </property>
        <property name="lodPolygonSize" type="Float" container="StaticArray" arraySize="1">
          <containerEntry>-1</containerEntry>
        </property>
        <property name="color" type="Color" container="StaticArray" arraySize="1">
          <containerEntry r="1" g="1" b="1" a="1"></containerEntry>
        </property>
        <property name="drawRejectionLevel" type="Int32" container="StaticArray" arraySize="1">
          <containerEntry>8</containerEntry>
        </property>
        <property name="drawMode" type="Int32" container="StaticArray" arraySize="1">
          <containerEntry>0</containerEntry>
        </property>
        <property name="rejectFarRangeShadowCast" type="Int32" container="StaticArray" arraySize="1">
          <containerEntry>2</containerEntry>
        </property>
      </staticProperties>
      <dynamicProperties></dynamicProperties>
    </entity>
    <entity class="TransformEntity" classVersion="0" classID="0x50" addr="0x2F53B90" id="0xE9DD76">
      <staticProperties>
        <property name="owner" type="EntityHandle" container="StaticArray" arraySize="1">
          <containerEntry>0x2F53B20</containerEntry>
        </property>
        <property name="transform_scale" type="Vector3" container="StaticArray" arraySize="1">
          <containerEntry x="1" y="1" z="1" w="0"></containerEntry>
        </property>
        <property name="transform_rotation_quat" type="Quat" container="StaticArray" arraySize="1">
          <containerEntry x="0" y="0.850079" z="0" w="0.526655"></containerEntry>
        </property>
        <property name="transform_translation" type="Vector3" container="StaticArray" arraySize="1">
          <containerEntry x="-1655.0957" y="328.7589" z="1099.8656" w="0"></containerEntry>
        </property>
      </staticProperties>
      <dynamicProperties></dynamicProperties>
    </entity>
    <entity class="StaticModel" classVersion="9" classID="0x160" addr="0x2D79770" id="0xE9DF36">
      <staticProperties>
        <property name="name" type="String" container="StaticArray" arraySize="1">
          <containerEntry>afgh_rock001_0005</containerEntry>
        </property>
        <property name="dataSet" type="EntityHandle" container="StaticArray" arraySize="1">
          <containerEntry>0x2F53110</containerEntry>
        </property>
        <property name="parent" type="EntityHandle" container="StaticArray" arraySize="1">
          <containerEntry>0x0</containerEntry>
        </property>
        <property name="transform" type="EntityPtr" container="StaticArray" arraySize="1">
          <containerEntry>0x2D797E0</containerEntry>
        </property>
        <property name="shearTransform" type="EntityPtr" container="StaticArray" arraySize="1">
          <containerEntry>0x0</containerEntry>
        </property>
        <property name="pivotTransform" type="EntityPtr" container="StaticArray" arraySize="1">
          <containerEntry>0x0</containerEntry>
        </property>
        <property name="children" type="EntityHandle" container="List"></property>
        <property name="flags" type="UInt32" container="StaticArray" arraySize="1">
          <containerEntry>3221225479</containerEntry>
        </property>
        <property name="modelFile" type="FilePtr" container="StaticArray" arraySize="1">
          <containerEntry>/Assets/tpp/environ/object/afghanistan/rock/afgh_rock001/scenes/afgh_rock001.fmdl</containerEntry>
        </property>
        <property name="geomFile" type="FilePtr" container="StaticArray" arraySize="1">
          <containerEntry>/Assets/tpp/environ/object/afghanistan/rock/afgh_rock001/scenes/afgh_rock001.geom</containerEntry>
        </property>
        <property name="isVisibleGeom" type="Bool" container="StaticArray" arraySize="1">
          <containerEntry>false</containerEntry>
        </property>
        <property name="isIsolated" type="Bool" container="StaticArray" arraySize="1">
          <containerEntry>false</containerEntry>
        </property>
        <property name="lodFarSize" type="Float" container="StaticArray" arraySize="1">
          <containerEntry>-1</containerEntry>
        </property>
        <property name="lodNearSize" type="Float" container="StaticArray" arraySize="1">
          <containerEntry>-1</containerEntry>
        </property>
        <property name="lodPolygonSize" type="Float" container="StaticArray" arraySize="1">
          <containerEntry>-1</containerEntry>
        </property>
        <property name="color" type="Color" container="StaticArray" arraySize="1">
          <containerEntry r="1" g="1" b="1" a="1"></containerEntry>
        </property>
        <property name="drawRejectionLevel" type="Int32" container="StaticArray" arraySize="1">
          <containerEntry>8</containerEntry>
        </property>
        <property name="drawMode" type="Int32" container="StaticArray" arraySize="1">
          <containerEntry>0</containerEntry>
        </property>
        <property name="rejectFarRangeShadowCast" type="Int32" container="StaticArray" arraySize="1">
          <containerEntry>2</containerEntry>
        </property>
      </staticProperties>
      <dynamicProperties></dynamicProperties>
    </entity>
    <entity class="TransformEntity" classVersion="0" classID="0x50" addr="0x2D797E0" id="0xE9DF39">
      <staticProperties>
        <property name="owner" type="EntityHandle" container="StaticArray" arraySize="1">
          <containerEntry>0x2D79770</containerEntry>
        </property>
        <property name="transform_scale" type="Vector3" container="StaticArray" arraySize="1">
          <containerEntry x="1" y="1" z="1" w="0"></containerEntry>
        </property>
        <property name="transform_rotation_quat" type="Quat" container="StaticArray" arraySize="1">
          <containerEntry x="0" y="0.471283" z="0" w="0.881982"></containerEntry>
        </property>
        <property name="transform_translation" type="Vector3" container="StaticArray" arraySize="1">
          <containerEntry x="-1563.957" y="325.87045" z="1093.0029" w="0"></containerEntry>
        </property>
      </staticProperties>
      <dynamicProperties></dynamicProperties>
    </entity>
    <entity class="StaticModel" classVersion="9" classID="0x160" addr="0x2D79930" id="0xE9DF3F">
      <staticProperties>
        <property name="name" type="String" container="StaticArray" arraySize="1">
          <containerEntry>afgh_clff030_vrtn011_0000</containerEntry>
        </property>
        <property name="dataSet" type="EntityHandle" container="StaticArray" arraySize="1">
          <containerEntry>0x2F53110</containerEntry>
        </property>
        <property name="parent" type="EntityHandle" container="StaticArray" arraySize="1">
          <containerEntry>0x0</containerEntry>
        </property>
        <property name="transform" type="EntityPtr" container="StaticArray" arraySize="1">
          <containerEntry>0x2D799A0</containerEntry>
        </property>
        <property name="shearTransform" type="EntityPtr" container="StaticArray" arraySize="1">
          <containerEntry>0x0</containerEntry>
        </property>
        <property name="pivotTransform" type="EntityPtr" container="StaticArray" arraySize="1">
          <containerEntry>0x0</containerEntry>
        </property>
        <property name="children" type="EntityHandle" container="List"></property>
        <property name="flags" type="UInt32" container="StaticArray" arraySize="1">
          <containerEntry>7</containerEntry>
        </property>
        <property name="modelFile" type="FilePtr" container="StaticArray" arraySize="1">
          <containerEntry>/Assets/tpp/environ/object/afghanistan/cliff/afgh_clff030/scenes/afgh_clff030_vrtn011.fmdl</containerEntry>
        </property>
        <property name="geomFile" type="FilePtr" container="StaticArray" arraySize="1">
          <containerEntry>/Assets/tpp/environ/object/afghanistan/cliff/afgh_clff030/scenes/afgh_clff030_vrtn011.geom</containerEntry>
        </property>
        <property name="isVisibleGeom" type="Bool" container="StaticArray" arraySize="1">
          <containerEntry>false</containerEntry>
        </property>
        <property name="isIsolated" type="Bool" container="StaticArray" arraySize="1">
          <containerEntry>false</containerEntry>
        </property>
        <property name="lodFarSize" type="Float" container="StaticArray" arraySize="1">
          <containerEntry>-1</containerEntry>
        </property>
        <property name="lodNearSize" type="Float" container="StaticArray" arraySize="1">
          <containerEntry>-1</containerEntry>
        </property>
        <property name="lodPolygonSize" type="Float" container="StaticArray" arraySize="1">
          <containerEntry>-1</containerEntry>
        </property>
        <property name="color" type="Color" container="StaticArray" arraySize="1">
          <containerEntry r="1" g="1" b="1" a="1"></containerEntry>
        </property>
        <property name="drawRejectionLevel" type="Int32" container="StaticArray" arraySize="1">
          <containerEntry>8</containerEntry>
        </property>
        <property name="drawMode" type="Int32" container="StaticArray" arraySize="1">
          <containerEntry>0</containerEntry>
        </property>
        <property name="rejectFarRangeShadowCast" type="Int32" container="StaticArray" arraySize="1">
          <containerEntry>2</containerEntry>
        </property>
      </staticProperties>
      <dynamicProperties></dynamicProperties>
    </entity>
    <entity class="TransformEntity" classVersion="0" classID="0x50" addr="0x2D799A0" id="0xE9DF42">
      <staticProperties>
        <property name="owner" type="EntityHandle" container="StaticArray" arraySize="1">
          <containerEntry>0x2D79930</containerEntry>
        </property>
        <property name="transform_scale" type="Vector3" container="StaticArray" arraySize="1">
          <containerEntry x="1" y="1" z="1" w="0"></containerEntry>
        </property>
        <property name="transform_rotation_quat" type="Quat" container="StaticArray" arraySize="1">
          <containerEntry x="0.040422" y="-0.630455" z="0.069795" w="-0.772024"></containerEntry>
        </property>
        <property name="transform_translation" type="Vector3" container="StaticArray" arraySize="1">
          <containerEntry x="-1588.8823" y="317.33392" z="1140.2533" w="0"></containerEntry>
        </property>
      </staticProperties>
      <dynamicProperties></dynamicProperties>
    </entity>
    <entity class="StaticModelArray" classVersion="4" classID="0xD0" addr="0x2D7E1D0" id="0x0">
      <staticProperties>
        <property name="name" type="String" container="StaticArray" arraySize="1">
          <containerEntry>StaticModelArray0000</containerEntry>
        </property>
        <property name="dataSet" type="EntityHandle" container="StaticArray" arraySize="1">
          <containerEntry>0x2F53110</containerEntry>
        </property>
        <property name="modelFile" type="FilePtr" container="StaticArray" arraySize="1">
          <containerEntry>/Assets/tpp/environ/object/afghanistan/rock/afgh_rock011/scenes/afgh_rock011.fmdl</containerEntry>
        </property>
        <property name="geomFile" type="FilePtr" container="StaticArray" arraySize="1">
          <containerEntry>/Assets/tpp/environ/object/afghanistan/rock/afgh_rock011/scenes/afgh_rock011.geom</containerEntry>
        </property>
        <property name="isVisibleGeom" type="Bool" container="StaticArray" arraySize="1">
          <containerEntry>false</containerEntry>
        </property>
        <property name="lodFarSize" type="Float" container="StaticArray" arraySize="1">
          <containerEntry>-1</containerEntry>
        </property>
        <property name="lodNearSize" type="Float" container="StaticArray" arraySize="1">
          <containerEntry>-1</containerEntry>
        </property>
        <property name="lodPolygonSize" type="Float" container="StaticArray" arraySize="1">
          <containerEntry>-1</containerEntry>
        </property>
        <property name="drawRejectionLevel" type="Int32" container="StaticArray" arraySize="1">
          <containerEntry>8</containerEntry>
        </property>
        <property name="drawMode" type="Int32" container="StaticArray" arraySize="1">
          <containerEntry>0</containerEntry>
        </property>
        <property name="rejectFarRangeShadowCast" type="Int32" container="StaticArray" arraySize="1">
          <containerEntry>2</containerEntry>
        </property>
        <property name="parentLocator" type="EntityLink" container="StaticArray" arraySize="1">
          <containerEntry packagePathHash="0xB8A0BF169F98" archivePathHash="0xB8A0BF169F98" nameInArchiveHash="0xB8A0BF169F98">0x0</containerEntry>
        </property>
        <property name="transforms" type="Matrix4" container="DynamicArray" arraySize="7">
          <containerEntry r11="-0.9226367" r12="0.13262779" r13="-0.3621404" r14="0" r21="0.08687364" r22="0.9863471" r23="0.13990127" r24="0" r31="0.37575093" r32="0.09761794" r33="-0.9215619" r34="0" r41="-1534.4403" r42="319.89764" r43="1114.4119" r44="1"></containerEntry>
          <containerEntry r11="0.99554425" r12="-0.08078477" r13="-0.048635956" r14="0" r21="0.08004303" r22="0.9966462" r23="-0.01701318" r24="0" r31="0.04984725" r32="0.013044395" r33="0.99867165" r34="0" r41="-1571.96" r42="323.51697" r43="1066.9458" r44="1"></containerEntry>
          <containerEntry r11="1.1290126" r12="-0.20933712" r13="-0.96514624" r14="0" r21="0.18245095" r22="1.4848936" r23="-0.10864042" r24="0" r31="0.9705879" r32="-0.035623834" r33="1.1431048" r34="0" r41="-1656.7482" r42="328.97876" r43="1104.5253" r44="1"></containerEntry>
          <containerEntry r11="0.85666734" r12="-0.29068542" r13="-1.1965044" r14="0" r21="0.3006327" r22="1.4628663" r23="-0.14015135" r24="0" r31="1.1940439" r32="-0.15976357" r33="0.89371955" r34="0" r41="-1647.5457" r42="336.70584" r43="1138.5001" r44="1"></containerEntry>
          <containerEntry r11="0.44753775" r12="0.19205976" r13="1.4187396" r14="0" r21="0.3637205" r22="1.42242" r23="-0.30729252" r24="0" r31="-1.3847082" r32="0.43569982" r33="0.37782034" r34="0" r41="-1646.302" r42="338.17" r43="1143.5414" r44="1"></containerEntry>
          <containerEntry r11="1.1290126" r12="-0.20933712" r13="-0.96514624" r14="0" r21="0.18245095" r22="1.4848936" r23="-0.10864042" r24="0" r31="0.9705879" r32="-0.035623834" r33="1.1431048" r34="0" r41="-1661.8925" r42="324.03284" r43="1073.514" r44="1"></containerEntry>
          <containerEntry r11="1.0899272" r12="-0.05864343" r13="1.0288924" r14="0" r21="0.18245095" r22="1.4848936" r23="-0.10864008" r24="0" r31="-1.0142832" r32="0.20408815" r33="1.0860835" r34="0" r41="-1686.125" r42="321.54697" r43="1035.6313" r44="1"></containerEntry>
        </property>
        <property name="colors" type="UInt32" container="DynamicArray" arraySize="7">
          <containerEntry>4294967295</containerEntry>
          <containerEntry>4294967295</containerEntry>
          <containerEntry>4294967295</containerEntry>
          <containerEntry>4294967295</containerEntry>
          <containerEntry>4294967295</containerEntry>
          <containerEntry>4294967295</containerEntry>
          <containerEntry>4294967295</containerEntry>
        </property>
      </staticProperties>
      <dynamicProperties></dynamicProperties>
    </entity>
    <entity class="StaticModelArray" classVersion="4" classID="0xD0" addr="0x2D7D9F0" id="0x0">
      <staticProperties>
        <property name="name" type="String" container="StaticArray" arraySize="1">
          <containerEntry>StaticModelArray0001</containerEntry>
        </property>
        <property name="dataSet" type="EntityHandle" container="StaticArray" arraySize="1">
          <containerEntry>0x2F53110</containerEntry>
        </property>
        <property name="modelFile" type="FilePtr" container="StaticArray" arraySize="1">
          <containerEntry>/Assets/tpp/environ/object/afghanistan/cliff/afgh_clff007/scenes/afgh_clff007.fmdl</containerEntry>
        </property>
        <property name="geomFile" type="FilePtr" container="StaticArray" arraySize="1">
          <containerEntry>/Assets/tpp/environ/object/afghanistan/cliff/afgh_clff007/scenes/afgh_clff007.geom</containerEntry>
        </property>
        <property name="isVisibleGeom" type="Bool" container="StaticArray" arraySize="1">
          <containerEntry>false</containerEntry>
        </property>
        <property name="lodFarSize" type="Float" container="StaticArray" arraySize="1">
          <containerEntry>-1</containerEntry>
        </property>
        <property name="lodNearSize" type="Float" container="StaticArray" arraySize="1">
          <containerEntry>-1</containerEntry>
        </property>
        <property name="lodPolygonSize" type="Float" container="StaticArray" arraySize="1">
          <containerEntry>-1</containerEntry>
        </property>
        <property name="drawRejectionLevel" type="Int32" container="StaticArray" arraySize="1">
          <containerEntry>8</containerEntry>
        </property>
        <property name="drawMode" type="Int32" container="StaticArray" arraySize="1">
          <containerEntry>0</containerEntry>
        </property>
        <property name="rejectFarRangeShadowCast" type="Int32" container="StaticArray" arraySize="1">
          <containerEntry>2</containerEntry>
        </property>
        <property name="parentLocator" type="EntityLink" container="StaticArray" arraySize="1">
          <containerEntry packagePathHash="0xB8A0BF169F98" archivePathHash="0xB8A0BF169F98" nameInArchiveHash="0xB8A0BF169F98">0x0</containerEntry>
        </property>
        <property name="transforms" type="Matrix4" container="DynamicArray" arraySize="8">
          <containerEntry r11="0.38109708" r12="-0.0012955037" r13="0.92453367" r14="0" r21="-0.014700567" r22="0.9998641" r23="0.0074606915" r24="0" r31="-0.9244177" r32="-0.016434424" r33="0.38102627" r34="0" r41="-1625.8346" r42="305.69354" r43="1032.1418" r44="1"></containerEntry>
          <containerEntry r11="0.8525096" r12="0.0086350795" r13="0.52264017" r14="0" r21="-0.014701318" r22="0.9998641" r23="0.007460409" r24="0" r31="-0.52250475" r32="-0.0140435705" r33="0.8525207" r34="0" r41="-1619.2227" r42="305.72714" r43="1040.6718" r44="1"></containerEntry>
          <containerEntry r11="-0.9089521" r12="-0.010254646" r13="-0.4167689" r14="0" r21="-0.014700795" r22="0.9998641" r23="0.00746" r24="0" r31="0.41663575" r32="0.012907641" r33="-0.9089793" r34="0" r41="-1626.2787" r42="308.31238" r43="1072.7126" r44="1"></containerEntry>
          <containerEntry r11="-0.9537362" r12="-0.016262403" r13="0.3001928" r14="0" r21="-0.014701035" r22="0.9998641" r23="0.007459297" r24="0" r31="-0.30027333" r32="0.0027010748" r33="-0.9538456" r34="0" r41="-1636.6198" r42="308.16956" r43="1071.4772" r44="1"></containerEntry>
          <containerEntry r11="-0.39748985" r12="0.0010026703" r13="-0.9176047" r14="0" r21="-0.014701056" r22="0.9998641" r23="0.0074608005" r24="0" r31="0.9174875" r32="0.016455371" r33="-0.39742106" r34="0" r41="-1619.5804" r42="308.35532" r43="1080.1582" r44="1"></containerEntry>
          <containerEntry r11="-0.99969083" r12="-0.014847811" r13="0.019920286" r14="0" r21="-0.014701707" r22="0.9998641" r23="0.007460968" r24="0" r31="-0.020028356" r32="0.007165803" r33="-0.9997732" r34="0" r41="-1587.2933" r42="315.6525" r43="1131.434" r44="1"></containerEntry>
          <containerEntry r11="0.9490314" r12="0.011604224" r13="0.31496772" r14="0" r21="-0.014701695" r22="0.9998641" r23="0.007460188" r24="0" r31="-0.31483832" r32="-0.011710517" r33="0.94907296" r34="0" r41="-1547.7528" r42="317.26508" r43="1128.2448" r44="1"></containerEntry>
          <containerEntry r11="-0.051306974" r12="0.0066967285" r13="-0.9986595" r14="0" r21="-0.014700485" r22="0.9998641" r23="0.0074600633" r24="0" r31="0.9985738" r32="0.015063554" r33="-0.051201582" r34="0" r41="-1539.1144" r42="323.96524" r43="1100.9156" r44="1"></containerEntry>
        </property>
        <property name="colors" type="UInt32" container="DynamicArray" arraySize="8">
          <containerEntry>4294967295</containerEntry>
          <containerEntry>4294967295</containerEntry>
          <containerEntry>4294967295</containerEntry>
          <containerEntry>4294967295</containerEntry>
          <containerEntry>4294967295</containerEntry>
          <containerEntry>4294967295</containerEntry>
          <containerEntry>4294967295</containerEntry>
          <containerEntry>4294967295</containerEntry>
        </property>
      </staticProperties>
      <dynamicProperties></dynamicProperties>
    </entity>
    <entity class="StaticModelArray" classVersion="4" classID="0xD0" addr="0x2D7DBB0" id="0x0">
      <staticProperties>
        <property name="name" type="String" container="StaticArray" arraySize="1">
          <containerEntry>StaticModelArray0002</containerEntry>
        </property>
        <property name="dataSet" type="EntityHandle" container="StaticArray" arraySize="1">
          <containerEntry>0x2F53110</containerEntry>
        </property>
        <property name="modelFile" type="FilePtr" container="StaticArray" arraySize="1">
          <containerEntry>/Assets/tpp/environ/object/afghanistan/cliff/afgh_clff022/scenes/afgh_clff022_vrtn003.fmdl</containerEntry>
        </property>
        <property name="geomFile" type="FilePtr" container="StaticArray" arraySize="1">
          <containerEntry>/Assets/tpp/environ/object/afghanistan/cliff/afgh_clff022/scenes/afgh_clff022_vrtn003.geom</containerEntry>
        </property>
        <property name="isVisibleGeom" type="Bool" container="StaticArray" arraySize="1">
          <containerEntry>false</containerEntry>
        </property>
        <property name="lodFarSize" type="Float" container="StaticArray" arraySize="1">
          <containerEntry>-1</containerEntry>
        </property>
        <property name="lodNearSize" type="Float" container="StaticArray" arraySize="1">
          <containerEntry>-1</containerEntry>
        </property>
        <property name="lodPolygonSize" type="Float" container="StaticArray" arraySize="1">
          <containerEntry>-1</containerEntry>
        </property>
        <property name="drawRejectionLevel" type="Int32" container="StaticArray" arraySize="1">
          <containerEntry>8</containerEntry>
        </property>
        <property name="drawMode" type="Int32" container="StaticArray" arraySize="1">
          <containerEntry>0</containerEntry>
        </property>
        <property name="rejectFarRangeShadowCast" type="Int32" container="StaticArray" arraySize="1">
          <containerEntry>2</containerEntry>
        </property>
        <property name="parentLocator" type="EntityLink" container="StaticArray" arraySize="1">
          <containerEntry packagePathHash="0xB8A0BF169F98" archivePathHash="0xB8A0BF169F98" nameInArchiveHash="0xB8A0BF169F98">0x0</containerEntry>
        </property>
        <property name="transforms" type="Matrix4" container="DynamicArray" arraySize="3">
          <containerEntry r11="-0.93938637" r12="0" r13="0.34286526" r14="0" r21="0" r22="1" r23="0" r24="0" r31="-0.34286526" r32="0" r33="-0.93938637" r34="0" r41="-1575.0718" r42="324.26685" r43="1056.434" r44="1"></containerEntry>
          <containerEntry r11="-0.2232045" r12="0" r13="0.9747721" r14="0" r21="0" r22="1" r23="0" r24="0" r31="-0.9747721" r32="0" r33="-0.2232045" r34="0" r41="-1546.2413" r42="320.57224" r43="1044.0669" r44="1"></containerEntry>
          <containerEntry r11="-0.42627883" r12="0" r13="1.438153" r14="0" r21="0" r22="1.5" r23="0" r24="0" r31="-1.438153" r32="0" r33="-0.42627883" r34="0" r41="-1674.1497" r42="344.80313" r43="1082.5396" r44="1"></containerEntry>
        </property>
        <property name="colors" type="UInt32" container="DynamicArray" arraySize="3">
          <containerEntry>4294967295</containerEntry>
          <containerEntry>4294967295</containerEntry>
          <containerEntry>4294967295</containerEntry>
        </property>
      </staticProperties>
      <dynamicProperties></dynamicProperties>
    </entity>
    <entity class="StaticModelArray" classVersion="4" classID="0xD0" addr="0x2D7DEC0" id="0x0">
      <staticProperties>
        <property name="name" type="String" container="StaticArray" arraySize="1">
          <containerEntry>StaticModelArray0003</containerEntry>
        </property>
        <property name="dataSet" type="EntityHandle" container="StaticArray" arraySize="1">
          <containerEntry>0x2F53110</containerEntry>
        </property>
        <property name="modelFile" type="FilePtr" container="StaticArray" arraySize="1">
          <containerEntry>/Assets/tpp/environ/object/afghanistan/cliff/afgh_clff025/scenes/afgh_clff025.fmdl</containerEntry>
        </property>
        <property name="geomFile" type="FilePtr" container="StaticArray" arraySize="1">
          <containerEntry>/Assets/tpp/environ/object/afghanistan/cliff/afgh_clff025/scenes/afgh_clff025.geom</containerEntry>
        </property>
        <property name="isVisibleGeom" type="Bool" container="StaticArray" arraySize="1">
          <containerEntry>false</containerEntry>
        </property>
        <property name="lodFarSize" type="Float" container="StaticArray" arraySize="1">
          <containerEntry>-1</containerEntry>
        </property>
        <property name="lodNearSize" type="Float" container="StaticArray" arraySize="1">
          <containerEntry>-1</containerEntry>
        </property>
        <property name="lodPolygonSize" type="Float" container="StaticArray" arraySize="1">
          <containerEntry>-1</containerEntry>
        </property>
        <property name="drawRejectionLevel" type="Int32" container="StaticArray" arraySize="1">
          <containerEntry>8</containerEntry>
        </property>
        <property name="drawMode" type="Int32" container="StaticArray" arraySize="1">
          <containerEntry>0</containerEntry>
        </property>
        <property name="rejectFarRangeShadowCast" type="Int32" container="StaticArray" arraySize="1">
          <containerEntry>2</containerEntry>
        </property>
        <property name="parentLocator" type="EntityLink" container="StaticArray" arraySize="1">
          <containerEntry packagePathHash="0xB8A0BF169F98" archivePathHash="0xB8A0BF169F98" nameInArchiveHash="0xB8A0BF169F98">0x0</containerEntry>
        </property>
        <property name="transforms" type="Matrix4" container="DynamicArray" arraySize="21">
          <containerEntry r11="0.9621176" r12="0" r13="-0.27263442" r14="0" r21="0" r22="1" r23="0" r24="0" r31="0.27263442" r32="0" r33="0.9621176" r34="0" r41="-1540.8448" r42="322.32285" r43="1109.1205" r44="1"></containerEntry>
          <containerEntry r11="0.890991" r12="0" r13="0.45402104" r14="0" r21="0" r22="1" r23="0" r24="0" r31="-0.45402104" r32="0" r33="0.890991" r34="0" r41="-1556.1459" r42="322.32285" r43="1109.4082" r44="1"></containerEntry>
          <containerEntry r11="-0.1626446" r12="-0.29449856" r13="-0.9417088" r14="0" r21="-0.42484322" r22="0.8823165" r23="-0.20254831" r24="0" r31="0.8905345" r32="0.3671348" r33="-0.26861948" r34="0" r41="-1577.4526" r42="312.09338" r43="1031.7167" r44="1"></containerEntry>
          <containerEntry r11="0.10771227" r12="0" r13="0.9941806" r14="0" r21="0" r22="1" r23="0" r24="0" r31="-0.9941806" r32="0" r33="0.10771227" r34="0" r41="-1602.3424" r42="308.82565" r43="1066.9818" r44="1"></containerEntry>
          <containerEntry r11="-0.3225299" r12="0" r13="0.94655687" r14="0" r21="0" r22="1" r23="0" r24="0" r31="-0.94655687" r32="0" r33="-0.3225299" r34="0" r41="-1615.1577" r42="307.09946" r43="1031.6766" r44="1"></containerEntry>
          <containerEntry r11="0.19833921" r12="0.41139078" r13="0.88961804" r14="0" r21="0.24426962" r22="0.85826266" r23="-0.45135102" r24="0" r31="-0.94920754" r32="0.30682734" r33="0.06973684" r34="0" r41="-1561.1062" r42="314.55237" r43="1038.2687" r44="1"></containerEntry>
          <containerEntry r11="-0.7319083" r12="-0.14215139" r13="-0.6664135" r14="0" r21="-0.22237274" r22="0.97428185" r23="0.03640466" r24="0" r31="0.64409965" r32="0.17483684" r33="-0.7446956" r34="0" r41="-1562.8744" r42="319.19867" r43="1052.2015" r44="1"></containerEntry>
          <containerEntry r11="0.60392123" r12="0.09984195" r13="0.7907663" r14="0" r21="0.35979763" r22="0.8511359" r23="-0.382248" r24="0" r31="-0.711214" r32="0.51536345" r33="0.47809616" r34="0" r41="-1545.3263" r42="320.2166" r43="1057.4949" r44="1"></containerEntry>
          <containerEntry r11="0.33619392" r12="0.06100948" r13="0.93981504" r14="0" r21="0.41949075" r22="0.883742" r23="-0.2074314" r24="0" r31="-0.84320927" r32="0.46398076" r33="0.27151573" r34="0" r41="-1538.3358" r42="321.2387" r43="1066.0233" r44="1"></containerEntry>
          <containerEntry r11="-0.58423185" r12="-0.10326764" r13="-0.8049912" r14="0" r21="-0.33694714" r22="0.9332122" r23="0.12482668" r24="0" r31="0.7383371" r32="0.34416693" r33="-0.5800081" r34="0" r41="-1549.9427" r42="320.49408" r43="1064.765" r44="1"></containerEntry>
          <containerEntry r11="-0.091272645" r12="0.5654786" r13="0.8196962" r14="0" r21="0.40673295" r22="0.7725124" r23="-0.48764038" r24="0" r31="-0.9089747" r32="0.288889" r33="-0.30050778" r34="0" r41="-1566.0854" r42="308.82254" r43="1028.4756" r44="1"></containerEntry>
          <containerEntry r11="0.6039205" r12="0.09984169" r13="0.79076684" r14="0" r21="0.26144397" r22="0.9124166" r23="-0.31487012" r24="0" r31="-0.7529459" r32="0.39689767" r33="0.52492416" r34="0" r41="-1554.5503" r42="318.63486" r43="1048.7734" r44="1"></containerEntry>
          <containerEntry r11="-0.4762602" r12="0" r13="-0.87930393" r14="0" r21="0" r22="1" r23="0" r24="0" r31="0.87930393" r32="0" r33="-0.4762602" r34="0" r41="-1549.2162" r42="324.1223" r43="1078.583" r44="1"></containerEntry>
          <containerEntry r11="0.8345426" r12="0" r13="0.55094296" r14="0" r21="0" r22="1" r23="0" r24="0" r31="-0.55094296" r32="0" r33="0.8345426" r34="0" r41="-1556.2611" r42="317.70477" r43="1118.8995" r44="1"></containerEntry>
          <containerEntry r11="0.99435365" r12="-4.0605664e-07" r13="-0.1061166" r14="0" r21="-0.012421394" r22="0.9931251" r23="-0.116396934" r24="0" r31="0.1053871" r32="0.11705783" r33="0.9875176" r34="0" r41="-1545.1461" r42="319.24045" r43="1116.8796" r44="1"></containerEntry>
          <containerEntry r11="-0.6765661" r12="0" r13="-0.7363774" r14="0" r21="0" r22="1" r23="0" r24="0" r31="0.7363774" r32="0" r33="-0.6765661" r34="0" r41="-1651.9866" r42="307.7711" r43="1046.1022" r44="1"></containerEntry>
          <containerEntry r11="-0.6735144" r12="-0.023446724" r13="-0.7388" r14="0" r21="-0.16830628" r22="0.97810686" r23="0.122392386" r24="0" r31="0.7197556" r32="0.20677802" r33="-0.66271526" r34="0" r41="-1655.9604" r42="304.79056" r43="1030.1329" r44="1"></containerEntry>
