<fox formatVersion="2" fileVersion="0">
  <entities>
    <entity class="DataSet" classVersion="0" classID="0xE8" addr="0x33543E0" id="0xC65037">
      <staticProperties>
        <property name="name" type="String" container="StaticArray" arraySize="1">
          <containerEntry hash="0xB8A0BF169F98"></containerEntry>
        </property>
        <property name="dataSet" type="EntityHandle" container="StaticArray" arraySize="1">
          <containerEntry>0x0</containerEntry>
        </property>
        <property name="dataList" type="EntityPtr" container="StringMap" arraySize="5">
          <containerEntry key="mafr_clff015_wall002_0003">
            <data>0x3354370</data>
          </containerEntry>
          <containerEntry key="StaticModelArray0000">
            <data>0x317BDF0</data>
          </containerEntry>
          <containerEntry key="StaticModelArray0001">
            <data>0x317BE60</data>
          </containerEntry>
          <containerEntry key="StaticModelArray0002">
            <data>0x317BED0</data>
          </containerEntry>
          <containerEntry key="TexturePackLoadConditioner0000">
            <data>0x317C410</data>
          </containerEntry>
        </property>
      </staticProperties>
      <dynamicProperties></dynamicProperties>
    </entity>
    <entity class="StaticModel" classVersion="9" classID="0x160" addr="0x3354370" id="0xC65039">
      <staticProperties>
        <property name="name" type="String" container="StaticArray" arraySize="1">
          <containerEntry>mafr_clff015_wall002_0003</containerEntry>
        </property>
        <property name="dataSet" type="EntityHandle" container="StaticArray" arraySize="1">
          <containerEntry>0x33543E0</containerEntry>
        </property>
        <property name="parent" type="EntityHandle" container="StaticArray" arraySize="1">
          <containerEntry>0x0</containerEntry>
        </property>
        <property name="transform" type="EntityPtr" container="StaticArray" arraySize="1">
          <containerEntry>0x3354300</containerEntry>
        </property>
        <property name="shearTransform" type="EntityPtr" container="StaticArray" arraySize="1">
          <containerEntry>0x0</containerEntry>
        </property>
        <property name="pivotTransform" type="EntityPtr" container="StaticArray" arraySize="1">
          <containerEntry>0x0</containerEntry>
        </property>
        <property name="children" type="EntityHandle" container="List"></property>
        <property name="flags" type="UInt32" container="StaticArray" arraySize="1">
          <containerEntry>3221225479</containerEntry>
        </property>
        <property name="modelFile" type="FilePtr" container="StaticArray" arraySize="1">
          <containerEntry>/Assets/tpp/environ/object/middle_africa/cliff/mafr_clff015/scenes/mafr_clff015_wall002.fmdl</containerEntry>
        </property>
        <property name="geomFile" type="FilePtr" container="StaticArray" arraySize="1">
          <containerEntry>/Assets/tpp/environ/object/middle_africa/cliff/mafr_clff015/scenes/mafr_clff015_wall002.geom</containerEntry>
        </property>
        <property name="isVisibleGeom" type="Bool" container="StaticArray" arraySize="1">
          <containerEntry>false</containerEntry>
        </property>
        <property name="isIsolated" type="Bool" container="StaticArray" arraySize="1">
          <containerEntry>false</containerEntry>
        </property>
        <property name="lodFarSize" type="Float" container="StaticArray" arraySize="1">
          <containerEntry>-1</containerEntry>
        </property>
        <property name="lodNearSize" type="Float" container="StaticArray" arraySize="1">
          <containerEntry>-1</containerEntry>
        </property>
        <property name="lodPolygonSize" type="Float" container="StaticArray" arraySize="1">
          <containerEntry>-1</containerEntry>
        </property>
        <property name="color" type="Color" container="StaticArray" arraySize="1">
          <containerEntry r="1" g="1" b="1" a="1"></containerEntry>
        </property>
        <property name="drawRejectionLevel" type="Int32" container="StaticArray" arraySize="1">
          <containerEntry>8</containerEntry>
        </property>
        <property name="drawMode" type="Int32" container="StaticArray" arraySize="1">
          <containerEntry>0</containerEntry>
        </property>
        <property name="rejectFarRangeShadowCast" type="Int32" container="StaticArray" arraySize="1">
          <containerEntry>2</containerEntry>
        </property>
      </staticProperties>
      <dynamicProperties></dynamicProperties>
    </entity>
    <entity class="TransformEntity" classVersion="0" classID="0x50" addr="0x3354300" id="0xC6503C">
      <staticProperties>
        <property name="owner" type="EntityHandle" container="StaticArray" arraySize="1">
          <containerEntry>0x3354370</containerEntry>
        </property>
        <property name="transform_scale" type="Vector3" container="StaticArray" arraySize="1">
          <containerEntry x="1" y="1" z="1" w="0"></containerEntry>
        </property>
        <property name="transform_rotation_quat" type="Quat" container="StaticArray" arraySize="1">
          <containerEntry x="0" y="0.933347" z="0" w="0.358975"></containerEntry>
        </property>
        <property name="transform_translation" type="Vector3" container="StaticArray" arraySize="1">
          <containerEntry x="1782.2255" y="72.38471" z="-494.88635" w="0"></containerEntry>
        </property>
      </staticProperties>
      <dynamicProperties></dynamicProperties>
    </entity>
    <entity class="StaticModelArray" classVersion="4" classID="0xD0" addr="0x317BDF0" id="0x0">
      <staticProperties>
        <property name="name" type="String" container="StaticArray" arraySize="1">
          <containerEntry>StaticModelArray0000</containerEntry>
        </property>
        <property name="dataSet" type="EntityHandle" container="StaticArray" arraySize="1">
          <containerEntry>0x33543E0</containerEntry>
        </property>
        <property name="modelFile" type="FilePtr" container="StaticArray" arraySize="1">
          <containerEntry>/Assets/tpp/environ/object/middle_africa/tree/mafr_tree038/scenes/mafr_tree038.fmdl</containerEntry>
        </property>
        <property name="geomFile" type="FilePtr" container="StaticArray" arraySize="1">
          <containerEntry>/Assets/tpp/environ/object/middle_africa/tree/mafr_tree038/scenes/mafr_tree038.geom</containerEntry>
        </property>
        <property name="isVisibleGeom" type="Bool" container="StaticArray" arraySize="1">
          <containerEntry>false</containerEntry>
        </property>
        <property name="lodFarSize" type="Float" container="StaticArray" arraySize="1">
          <containerEntry>-1</containerEntry>
        </property>
        <property name="lodNearSize" type="Float" container="StaticArray" arraySize="1">
          <containerEntry>-1</containerEntry>
        </property>
        <property name="lodPolygonSize" type="Float" container="StaticArray" arraySize="1">
          <containerEntry>-1</containerEntry>
        </property>
        <property name="drawRejectionLevel" type="Int32" container="StaticArray" arraySize="1">
          <containerEntry>8</containerEntry>
        </property>
        <property name="drawMode" type="Int32" container="StaticArray" arraySize="1">
          <containerEntry>0</containerEntry>
        </property>
        <property name="rejectFarRangeShadowCast" type="Int32" container="StaticArray" arraySize="1">
          <containerEntry>2</containerEntry>
        </property>
        <property name="parentLocator" type="EntityLink" container="StaticArray" arraySize="1">
          <containerEntry packagePathHash="0xB8A0BF169F98" archivePathHash="0xB8A0BF169F98" nameInArchiveHash="0xB8A0BF169F98">0x0</containerEntry>
        </property>
        <property name="transforms" type="Matrix4" container="DynamicArray" arraySize="2">
          <containerEntry r11="-0.08432974" r12="0" r13="0.84580624" r14="0" r21="0" r22="0.85" r23="0" r24="0" r31="-0.84580624" r32="0" r33="-0.08432974" r34="0" r41="1776.4606" r42="68.51298" r43="-435.6749" r44="1"></containerEntry>
          <containerEntry r11="1" r12="0" r13="0" r14="0" r21="0" r22="1" r23="0" r24="0" r31="0" r32="0" r33="1" r34="0" r41="1768.3541" r42="70.57344" r43="-437.6314" r44="1"></containerEntry>
        </property>
        <property name="colors" type="UInt32" container="DynamicArray" arraySize="2">
          <containerEntry>4294967295</containerEntry>
          <containerEntry>4294967295</containerEntry>
        </property>
      </staticProperties>
      <dynamicProperties></dynamicProperties>
    </entity>
    <entity class="StaticModelArray" classVersion="4" classID="0xD0" addr="0x317BE60" id="0x0">
      <staticProperties>
        <property name="name" type="String" container="StaticArray" arraySize="1">
          <containerEntry>StaticModelArray0001</containerEntry>
        </property>
        <property name="dataSet" type="EntityHandle" container="StaticArray" arraySize="1">
          <containerEntry>0x33543E0</containerEntry>
        </property>
        <property name="modelFile" type="FilePtr" container="StaticArray" arraySize="1">
          <containerEntry>/Assets/tpp/environ/object/middle_africa/rock/mafr_rock002/scenes/mafr_rock002.fmdl</containerEntry>
        </property>
        <property name="geomFile" type="FilePtr" container="StaticArray" arraySize="1">
          <containerEntry>/Assets/tpp/environ/object/middle_africa/rock/mafr_rock002/scenes/mafr_rock002.geom</containerEntry>
        </property>
        <property name="isVisibleGeom" type="Bool" container="StaticArray" arraySize="1">
          <containerEntry>false</containerEntry>
        </property>
        <property name="lodFarSize" type="Float" container="StaticArray" arraySize="1">
          <containerEntry>-1</containerEntry>
        </property>
        <property name="lodNearSize" type="Float" container="StaticArray" arraySize="1">
          <containerEntry>-1</containerEntry>
        </property>
        <property name="lodPolygonSize" type="Float" container="StaticArray" arraySize="1">
          <containerEntry>-1</containerEntry>
        </property>
        <property name="drawRejectionLevel" type="Int32" container="StaticArray" arraySize="1">
          <containerEntry>8</containerEntry>
        </property>
        <property name="drawMode" type="Int32" container="StaticArray" arraySize="1">
          <containerEntry>0</containerEntry>
        </property>
        <property name="rejectFarRangeShadowCast" type="Int32" container="StaticArray" arraySize="1">
          <containerEntry>2</containerEntry>
        </property>
        <property name="parentLocator" type="EntityLink" container="StaticArray" arraySize="1">
          <containerEntry packagePathHash="0xB8A0BF169F98" archivePathHash="0xB8A0BF169F98" nameInArchiveHash="0xB8A0BF169F98">0x0</containerEntry>
        </property>
        <property name="transforms" type="Matrix4" container="DynamicArray" arraySize="7">
          <containerEntry r11="0.9874423" r12="0.09522088" r13="0.12605768" r14="0" r21="-0.1169665" r22="0.97701484" r23="0.17821516" r24="0" r31="-0.10619036" r32="-0.19072177" r33="0.9758835" r34="0" r41="1712.2886" r42="72.91594" r43="-473.8374" r44="1"></containerEntry>
          <containerEntry r11="0.69056135" r12="0.03392378" r13="0.722476" r14="0" r21="-0.13342158" r22="0.98773146" r23="0.081148416" r24="0" r31="-0.7108594" r32="-0.15243216" r33="0.6866154" r34="0" r41="1731.2006" r42="60.2888" r43="-424.9278" r44="1"></containerEntry>
          <containerEntry r11="0.69056135" r12="0.03392378" r13="0.722476" r14="0" r21="-0.13342158" r22="0.98773146" r23="0.081148416" r24="0" r31="-0.7108594" r32="-0.15243216" r33="0.6866154" r34="0" r41="1723.3494" r42="59.88982" r43="-428.26083" r44="1"></containerEntry>
          <containerEntry r11="0.7289831" r12="-0.037405357" r13="0.6835076" r14="0" r21="-0.17189772" r22="0.9565073" r23="0.23567896" r24="0" r31="-0.6625957" r32="-0.28929955" r33="0.6908479" r34="0" r41="1766.3569" r42="73.74342" r43="-450.78198" r44="1"></containerEntry>
          <containerEntry r11="-0.61322904" r12="0.08333631" r13="-0.7854912" r14="0" r21="-0.17189695" r22="0.9565073" r23="0.23567954" r24="0" r31="0.7709688" r32="0.27955046" r33="-0.5722326" r34="0" r41="1754.8119" r42="74.40993" r43="-464.78714" r44="1"></containerEntry>
          <containerEntry r11="0.9904801" r12="0.1327548" r13="-0.036403425" r14="0" r21="-0.13300449" r22="0.99110514" r23="-0.0045140083" r24="0" r31="0.035480365" r32="0.009312866" r33="0.99932694" r34="0" r41="1688.2001" r42="78.07842" r43="-497.31293" r44="1"></containerEntry>
          <containerEntry r11="0.8782592" r12="0.0799011" r13="0.47146103" r14="0" r21="-0.077357486" r22="0.9966947" r23="-0.024810243" r24="0" r31="-0.47188506" r32="-0.014681407" r33="0.8815372" r34="0" r41="1699.8239" r42="53.95278" r43="-400.3614" r44="1"></containerEntry>
        </property>
        <property name="colors" type="UInt32" container="DynamicArray" arraySize="7">
          <containerEntry>4294967295</containerEntry>
          <containerEntry>4294967295</containerEntry>
          <containerEntry>4294967295</containerEntry>
          <containerEntry>4294967295</containerEntry>
          <containerEntry>4294967295</containerEntry>
          <containerEntry>4294967295</containerEntry>
          <containerEntry>4294967295</containerEntry>
        </property>
      </staticProperties>
      <dynamicProperties></dynamicProperties>
    </entity>
    <entity class="StaticModelArray" classVersion="4" classID="0xD0" addr="0x317BED0" id="0x0">
      <staticProperties>
        <property name="name" type="String" container="StaticArray" arraySize="1">
          <containerEntry>StaticModelArray0002</containerEntry>
        </property>
        <property name="dataSet" type="EntityHandle" container="StaticArray" arraySize="1">
          <containerEntry>0x33543E0</containerEntry>
        </property>
        <property name="modelFile" type="FilePtr" container="StaticArray" arraySize="1">
          <containerEntry>/Assets/tpp/environ/object/middle_africa/cliff/mafr_clff003/scenes/mafr_clff003_vrtn001.fmdl</containerEntry>
        </property>
        <property name="geomFile" type="FilePtr" container="StaticArray" arraySize="1">
          <containerEntry>/Assets/tpp/environ/object/middle_africa/cliff/mafr_clff003/scenes/mafr_clff003_vrtn001.geom</containerEntry>
        </property>
        <property name="isVisibleGeom" type="Bool" container="StaticArray" arraySize="1">
          <containerEntry>false</containerEntry>
        </property>
        <property name="lodFarSize" type="Float" container="StaticArray" arraySize="1">
          <containerEntry>-1</containerEntry>
        </property>
        <property name="lodNearSize" type="Float" container="StaticArray" arraySize="1">
          <containerEntry>-1</containerEntry>
        </property>
        <property name="lodPolygonSize" type="Float" container="StaticArray" arraySize="1">
          <containerEntry>-1</containerEntry>
        </property>
        <property name="drawRejectionLevel" type="Int32" container="StaticArray" arraySize="1">
          <containerEntry>8</containerEntry>
        </property>
        <property name="drawMode" type="Int32" container="StaticArray" arraySize="1">
          <containerEntry>0</containerEntry>
        </property>
        <property name="rejectFarRangeShadowCast" type="Int32" container="StaticArray" arraySize="1">
          <containerEntry>2</containerEntry>
        </property>
        <property name="parentLocator" type="EntityLink" container="StaticArray" arraySize="1">
          <containerEntry packagePathHash="0xB8A0BF169F98" archivePathHash="0xB8A0BF169F98" nameInArchiveHash="0xB8A0BF169F98">0x0</containerEntry>
        </property>
        <property name="transforms" type="Matrix4" container="DynamicArray" arraySize="13">
          <containerEntry r11="0.94946253" r12="-0.024170917" r13="0.3129481" r14="0" r21="0.14814582" r22="0.9134994" r23="-0.37890807" r24="0" r31="-0.27671927" r32="0.406121" r33="0.8709143" r34="0" r41="1699.4194" r42="63.482876" r43="-464.7373" r44="1"></containerEntry>
          <containerEntry r11="-0.94415504" r12="-0.06491698" r13="-0.3230276" r14="0" r21="-0.3261068" r22="0.32417056" r23="0.8880114" r24="0" r31="0.047068298" r32="0.9437668" r33="-0.32723373" r34="0" r41="1710.1499" r42="64.891556" r43="-464.01062" r44="1"></containerEntry>
          <containerEntry r11="-0.94415504" r12="-0.06491698" r13="-0.3230276" r14="0" r21="-0.3261068" r22="0.32417056" r23="0.8880114" r24="0" r31="0.047068298" r32="0.9437668" r33="-0.32723373" r34="0" r41="1705.4254" r42="63.204613" r43="-461.9493" r44="1"></containerEntry>
          <containerEntry r11="-0.6714174" r12="0.013746321" r13="-0.74094445" r14="0" r21="-0.70427924" r22="0.2992896" r23="0.64374834" r24="0" r31="0.23060447" r32="0.95406085" r33="-0.19126314" r34="0" r41="1735.4357" r42="63.24662" r43="-445.64877" r44="1"></containerEntry>
          <containerEntry r11="0.8101879" r12="-0.13519518" r13="0.5703654" r14="0" r21="0.21098633" r22="0.97508067" r23="-0.06857378" r24="0" r31="-0.5468813" r32="0.1758973" r33="0.81852293" r34="0" r41="1741.5775" r42="61.801384" r43="-437.82114" r44="1"></containerEntry>
          <containerEntry r11="0.7834627" r12="-0.08510175" r13="0.6155832" r14="0" r21="0.18208265" r22="0.97854036" r23="-0.09646007" r24="0" r31="-0.594164" r32="0.18766013" r33="0.7821455" r34="0" r41="1734.4805" r42="60.10387" r43="-439.4222" r44="1"></containerEntry>
          <containerEntry r11="0.7695588" r12="-0.104962125" r13="0.6298892" r14="0" r21="0.28392756" r22="0.9397749" r23="-0.19028336" r24="0" r31="-0.57198125" r32="0.3252777" r33="0.75301385" r34="0" r41="1755.9974" r42="60.30404" r43="-423.094" r44="1"></containerEntry>
          <containerEntry r11="-0.7408653" r12="-0.042985618" r13="-0.6702677" r14="0" r21="-0.58842826" r22="0.52268296" r23="0.61688846" r24="0" r31="0.323819" r32="0.85144085" r33="-0.41252887" r34="0" r41="1754.6637" r42="61.644833" r43="-430.11755" r44="1"></containerEntry>
          <containerEntry r11="0.78909224" r12="-0.0632716" r13="0.6110066" r14="0" r21="0.38718843" r22="0.8234387" r23="-0.41476843" r24="0" r31="-0.47688308" r32="0.56386566" r33="0.6742673" r34="0" r41="1745.0828" r42="59.30241" r43="-428.16922" r44="1"></containerEntry>
          <containerEntry r11="0.84226924" r12="-0.009615533" r13="0.5389704" r14="0" r21="0.17601964" r22="0.9499414" r23="-0.25812402" r24="0" r31="-0.5095082" r32="0.3122795" r33="0.80179906" r34="0" r41="1773.7023" r42="77.59471" r43="-473.46225" r44="1"></containerEntry>
          <containerEntry r11="0.84226924" r12="-0.009615533" r13="0.5389704" r14="0" r21="0.17601964" r22="0.9499414" r23="-0.25812402" r24="0" r31="-0.5095082" r32="0.3122795" r33="0.80179906" r34="0" r41="1799.2601" r42="77.01074" r43="-458.1831" r44="1"></containerEntry>
          <containerEntry r11="0.80450606" r12="0.01228499" r13="0.59381664" r14="0" r21="0.05989154" r22="0.9930122" r23="-0.10168474" r24="0" r31="-0.5909164" r32="0.11737061" r33="0.7981485" r34="0" r41="1751.0579" r42="78.18611" r43="-491.73694" r44="1"></containerEntry>
          <containerEntry r11="0.94536954" r12="0.19018416" r13="-0.26477572" r14="0" r21="-0.24007304" r22="0.95561713" r23="-0.17076491" r24="0" r31="0.22054736" r32="0.22500156" r33="0.9490695" r34="0" r41="1670.6067" r42="68.84113" r43="-492.75864" r44="1"></containerEntry>
        </property>
        <property name="colors" type="UInt32" container="DynamicArray" arraySize="13">
          <containerEntry>4294967295</containerEntry>
          <containerEntry>4294967295</containerEntry>
          <containerEntry>4294967295</containerEntry>
          <containerEntry>4294967295</containerEntry>
          <containerEntry>4294967295</containerEntry>
          <containerEntry>4294967295</containerEntry>
          <containerEntry>4294967295</containerEntry>
          <containerEntry>4294967295</containerEntry>
          <containerEntry>4294967295</containerEntry>
          <containerEntry>4294967295</containerEntry>
          <containerEntry>4294967295</containerEntry>
          <containerEntry>4294967295</containerEntry>
          <containerEntry>4294967295</containerEntry>
        </property>
      </staticProperties>
      <dynamicProperties></dynamicProperties>
    </entity>
    <entity class="TexturePackLoadConditioner" classVersion="0" classID="0x48" addr="0x317C410" id="0x0">
      <staticProperties>
        <property name="name" type="String" container="StaticArray" arraySize="1">
          <containerEntry>TexturePackLoadConditioner0000</containerEntry>
        </property>
        <property name="dataSet" type="EntityHandle" container="StaticArray" arraySize="1">
          <containerEntry>0x33543E0</containerEntry>
        </property>
        <property name="texturePackPath" type="Path" container="StaticArray" arraySize="1">
          <containerEntry hash="0xB8A0BF169F98"></containerEntry>
        </property>
      </staticProperties>
      <dynamicProperties></dynamicProperties>
    </entity>
  </entities>
</fox>