<fox formatVersion="2" fileVersion="0">
  <entities>
    <entity class="DataSet" classVersion="0" classID="0xE8" addr="0x33544C0" id="0x1D2E095">
      <staticProperties>
        <property name="name" type="String" container="StaticArray" arraySize="1">
          <containerEntry hash="0xB8A0BF169F98"></containerEntry>
        </property>
        <property name="dataSet" type="EntityHandle" container="StaticArray" arraySize="1">
          <containerEntry>0x0</containerEntry>
        </property>
        <property name="dataList" type="EntityPtr" container="StringMap" arraySize="6">
          <containerEntry key="StaticModelArray0000">
            <data>0x317B8B0</data>
          </containerEntry>
          <containerEntry key="StaticModelArray0001">
            <data>0x317B920</data>
          </containerEntry>
          <containerEntry key="StaticModelArray0002">
            <data>0x317BA00</data>
          </containerEntry>
          <containerEntry key="StaticModelArray0003">
            <data>0x317B990</data>
          </containerEntry>
          <containerEntry key="StaticModelArray0004">
            <data>0x317BA70</data>
          </containerEntry>
          <containerEntry key="TexturePackLoadConditioner0000">
            <data>0x317BED0</data>
          </containerEntry>
        </property>
      </staticProperties>
      <dynamicProperties></dynamicProperties>
    </entity>
    <entity class="StaticModelArray" classVersion="4" classID="0xD0" addr="0x317B8B0" id="0x0">
      <staticProperties>
        <property name="name" type="String" container="StaticArray" arraySize="1">
          <containerEntry>StaticModelArray0000</containerEntry>
        </property>
        <property name="dataSet" type="EntityHandle" container="StaticArray" arraySize="1">
          <containerEntry>0x33544C0</containerEntry>
        </property>
        <property name="modelFile" type="FilePtr" container="StaticArray" arraySize="1">
          <containerEntry>/Assets/tpp/environ/object/middle_africa/clod/mafr_clod005/scenes/mafr_clod005.fmdl</containerEntry>
        </property>
        <property name="geomFile" type="FilePtr" container="StaticArray" arraySize="1">
          <containerEntry>/Assets/tpp/environ/object/middle_africa/clod/mafr_clod005/scenes/mafr_clod005.geom</containerEntry>
        </property>
        <property name="isVisibleGeom" type="Bool" container="StaticArray" arraySize="1">
          <containerEntry>false</containerEntry>
        </property>
        <property name="lodFarSize" type="Float" container="StaticArray" arraySize="1">
          <containerEntry>-1</containerEntry>
        </property>
        <property name="lodNearSize" type="Float" container="StaticArray" arraySize="1">
          <containerEntry>-1</containerEntry>
        </property>
        <property name="lodPolygonSize" type="Float" container="StaticArray" arraySize="1">
          <containerEntry>-1</containerEntry>
        </property>
        <property name="drawRejectionLevel" type="Int32" container="StaticArray" arraySize="1">
          <containerEntry>8</containerEntry>
        </property>
        <property name="drawMode" type="Int32" container="StaticArray" arraySize="1">
          <containerEntry>0</containerEntry>
        </property>
        <property name="rejectFarRangeShadowCast" type="Int32" container="StaticArray" arraySize="1">
          <containerEntry>2</containerEntry>
        </property>
        <property name="parentLocator" type="EntityLink" container="StaticArray" arraySize="1">
          <containerEntry packagePathHash="0xB8A0BF169F98" archivePathHash="0xB8A0BF169F98" nameInArchiveHash="0xB8A0BF169F98">0x0</containerEntry>
        </property>
        <property name="transforms" type="Matrix4" container="DynamicArray" arraySize="3">
          <containerEntry r11="-0.9907202" r12="-0.03758374" r13="-0.13060863" r14="0" r21="-0.023261275" r22="0.9937142" r23="-0.10950306" r24="0" r31="0.13390319" r32="-0.1054489" r33="-0.985367" r34="0" r41="740.44324" r42="-12.410779" r43="439.28354" r44="1"></containerEntry>
          <containerEntry r11="-0.8655328" r12="-0.0254455" r13="-0.50020236" r14="0" r21="0.005235037" r22="0.99819446" r23="-0.059837054" r24="0" r31="0.50082177" r32="-0.054409605" r33="-0.8638368" r34="0" r41="706.0371" r42="-10.526685" r43="430.7493" r44="1"></containerEntry>
          <containerEntry r11="-0.48673838" r12="-0.017850228" r13="-0.8733625" r14="0" r21="0.10013161" r22="0.99206114" r23="-0.0760813" r24="0" r31="0.86778706" r32="-0.12448322" r33="-0.4810868" r34="0" r41="672.59924" r42="-11.58012" r43="403.44617" r44="1"></containerEntry>
        </property>
        <property name="colors" type="UInt32" container="DynamicArray" arraySize="3">
          <containerEntry>4294967295</containerEntry>
          <containerEntry>4294967295</containerEntry>
          <containerEntry>4294967295</containerEntry>
        </property>
      </staticProperties>
      <dynamicProperties></dynamicProperties>
    </entity>
    <entity class="StaticModelArray" classVersion="4" classID="0xD0" addr="0x317B920" id="0x0">
      <staticProperties>
        <property name="name" type="String" container="StaticArray" arraySize="1">
          <containerEntry>StaticModelArray0001</containerEntry>
        </property>
        <property name="dataSet" type="EntityHandle" container="StaticArray" arraySize="1">
          <containerEntry>0x33544C0</containerEntry>
        </property>
        <property name="modelFile" type="FilePtr" container="StaticArray" arraySize="1">
          <containerEntry>/Assets/tpp/environ/object/middle_africa/tree/mafr_tree010/scenes/mafr_tree010_dead001.fmdl</containerEntry>
        </property>
        <property name="geomFile" type="FilePtr" container="StaticArray" arraySize="1">
          <containerEntry>/Assets/tpp/environ/object/middle_africa/tree/mafr_tree010/scenes/mafr_tree010_dead001.geom</containerEntry>
        </property>
        <property name="isVisibleGeom" type="Bool" container="StaticArray" arraySize="1">
          <containerEntry>false</containerEntry>
        </property>
        <property name="lodFarSize" type="Float" container="StaticArray" arraySize="1">
          <containerEntry>-1</containerEntry>
        </property>
        <property name="lodNearSize" type="Float" container="StaticArray" arraySize="1">
          <containerEntry>-1</containerEntry>
        </property>
        <property name="lodPolygonSize" type="Float" container="StaticArray" arraySize="1">
          <containerEntry>-1</containerEntry>
        </property>
        <property name="drawRejectionLevel" type="Int32" container="StaticArray" arraySize="1">
          <containerEntry>8</containerEntry>
        </property>
        <property name="drawMode" type="Int32" container="StaticArray" arraySize="1">
          <containerEntry>0</containerEntry>
        </property>
        <property name="rejectFarRangeShadowCast" type="Int32" container="StaticArray" arraySize="1">
          <containerEntry>2</containerEntry>
        </property>
        <property name="parentLocator" type="EntityLink" container="StaticArray" arraySize="1">
          <containerEntry packagePathHash="0xB8A0BF169F98" archivePathHash="0xB8A0BF169F98" nameInArchiveHash="0xB8A0BF169F98">0x0</containerEntry>
        </property>
        <property name="transforms" type="Matrix4" container="DynamicArray" arraySize="7">
          <containerEntry r11="-0.36807966" r12="0" r13="0.9297953" r14="0" r21="0" r22="1" r23="0" r24="0" r31="-0.9297953" r32="0" r33="-0.36807966" r34="0" r41="652.7179" r42="-10.759409" r43="454.27505" r44="1"></containerEntry>
          <containerEntry r11="-0.69641244" r12="0" r13="-0.27840608" r14="0" r21="0" r22="0.75" r23="0" r24="0" r31="0.27840608" r32="0" r33="-0.69641244" r34="0" r41="705.08527" r42="-11.019066" r43="506.3604" r44="1"></containerEntry>
          <containerEntry r11="0.57069886" r12="0" r13="-0.48662415" r14="0" r21="0" r22="0.75" r23="0" r24="0" r31="0.48662415" r32="0" r33="0.57069886" r34="0" r41="714.47394" r42="-11.158239" r43="477.62518" r44="1"></containerEntry>
          <containerEntry r11="-0.3393621" r12="0" r13="-0.6688318" r14="0" r21="0" r22="0.75" r23="0" r24="0" r31="0.6688318" r32="0" r33="-0.3393621" r34="0" r41="747.3171" r42="-11.162743" r43="501.72473" r44="1"></containerEntry>
          <containerEntry r11="0.40448204" r12="0" r13="0.631581" r14="0" r21="0" r22="0.75" r23="0" r24="0" r31="-0.631581" r32="0" r33="0.40448204" r34="0" r41="762.23114" r42="-11.162188" r43="494.65662" r44="1"></containerEntry>
          <containerEntry r11="0.61909676" r12="0" r13="-0.42334306" r14="0" r21="0" r22="0.75" r23="0" r24="0" r31="0.42334306" r32="0" r33="0.61909676" r34="0" r41="659.8202" r42="-10.354143" r43="478.95697" r44="1"></containerEntry>
          <containerEntry r11="0.37655237" r12="0" r13="0.6486205" r14="0" r21="0" r22="0.75" r23="0" r24="0" r31="-0.6486205" r32="0" r33="0.37655237" r34="0" r41="644.65436" r42="-10.63475" r43="488.39566" r44="1"></containerEntry>
        </property>
        <property name="colors" type="UInt32" container="DynamicArray" arraySize="7">
          <containerEntry>4294967295</containerEntry>
          <containerEntry>4294967295</containerEntry>
          <containerEntry>4294967295</containerEntry>
          <containerEntry>4294967295</containerEntry>
          <containerEntry>4294967295</containerEntry>
          <containerEntry>4294967295</containerEntry>
          <containerEntry>4294967295</containerEntry>
        </property>
      </staticProperties>
      <dynamicProperties></dynamicProperties>
    </entity>
    <entity class="StaticModelArray" classVersion="4" classID="0xD0" addr="0x317BA00" id="0x0">
      <staticProperties>
        <property name="name" type="String" container="StaticArray" arraySize="1">
          <containerEntry>StaticModelArray0002</containerEntry>
        </property>
        <property name="dataSet" type="EntityHandle" container="StaticArray" arraySize="1">
          <containerEntry>0x33544C0</containerEntry>
        </property>
        <property name="modelFile" type="FilePtr" container="StaticArray" arraySize="1">
          <containerEntry>/Assets/tpp/environ/object/middle_africa/rock/mafr_rock002/scenes/mafr_rock002.fmdl</containerEntry>
        </property>
        <property name="geomFile" type="FilePtr" container="StaticArray" arraySize="1">
          <containerEntry>/Assets/tpp/environ/object/middle_africa/rock/mafr_rock002/scenes/mafr_rock002.geom</containerEntry>
        </property>
        <property name="isVisibleGeom" type="Bool" container="StaticArray" arraySize="1">
          <containerEntry>false</containerEntry>
        </property>
        <property name="lodFarSize" type="Float" container="StaticArray" arraySize="1">
          <containerEntry>-1</containerEntry>
        </property>
        <property name="lodNearSize" type="Float" container="StaticArray" arraySize="1">
          <containerEntry>-1</containerEntry>
        </property>
        <property name="lodPolygonSize" type="Float" container="StaticArray" arraySize="1">
          <containerEntry>-1</containerEntry>
        </property>
        <property name="drawRejectionLevel" type="Int32" container="StaticArray" arraySize="1">
          <containerEntry>8</containerEntry>
        </property>
        <property name="drawMode" type="Int32" container="StaticArray" arraySize="1">
          <containerEntry>0</containerEntry>
        </property>
        <property name="rejectFarRangeShadowCast" type="Int32" container="StaticArray" arraySize="1">
          <containerEntry>2</containerEntry>
        </property>
        <property name="parentLocator" type="EntityLink" container="StaticArray" arraySize="1">
          <containerEntry packagePathHash="0xB8A0BF169F98" archivePathHash="0xB8A0BF169F98" nameInArchiveHash="0xB8A0BF169F98">0x0</containerEntry>
        </property>
        <property name="transforms" type="Matrix4" container="DynamicArray" arraySize="8">
          <containerEntry r11="-0.6667387" r12="-0.19790742" r13="0.7185316" r14="0" r21="0.21732211" r22="0.8705743" r23="0.4414422" r24="0" r31="-0.7128998" r32="0.45048058" r33="-0.53743553" r34="0" r41="758.8034" r42="-7.933249" r43="451.39413" r44="1"></containerEntry>
          <containerEntry r11="-0.70117813" r12="0.2373027" r13="-0.6723298" r14="0" r21="-0.14907624" r22="0.8733467" r23="0.46372527" r24="0" r31="0.6972203" r32="0.42538488" r33="-0.5769947" r34="0" r41="724.47876" r42="-3.451193" r43="443.78226" r44="1"></containerEntry>
          <containerEntry r11="0.4703004" r12="-0.157614" r13="0.8683172" r14="0" r21="-0.17023107" r22="0.9492413" r23="0.26450387" r24="0" r31="-0.86593205" r32="-0.27221087" r33="0.41959774" r34="0" r41="690.7076" r42="-3.259357" r43="414.7407" r44="1"></containerEntry>
          <containerEntry r11="-0.3238444" r12="-0.20673792" r13="0.9232458" r14="0" r21="-0.29614615" r22="0.94894695" r23="0.1086144" r24="0" r31="-0.898566" r32="-0.23824163" r33="-0.36853582" r34="0" r41="672.83527" r42="-5.750401" r43="412.71475" r44="1"></containerEntry>
          <containerEntry r11="0.7459056" r12="-0.3628937" r13="0.55850875" r14="0" r21="0.12503919" r22="0.89992344" r23="0.41773504" r24="0" r31="-0.6542088" r32="-0.24175511" r33="0.71663404" r34="0" r41="746.5734" r42="-5.848814" r43="453.43546" r44="1"></containerEntry>
          <containerEntry r11="0.97122043" r12="0.0834437" r13="-0.22308722" r14="0" r21="0.020681135" r22="0.90354323" r23="0.42799696" r24="0" r31="0.23728263" r32="-0.42029306" r33="0.8758139" r34="0" r41="742.83984" r42="-0.467042" r43="438.33093" r44="1"></containerEntry>
          <containerEntry r11="-0.7942711" r12="-0.031191662" r13="0.60675615" r14="0" r21="0.20513491" r22="0.9262665" r23="0.31614825" r24="0" r31="-0.57187897" r32="0.37557575" r33="-0.72930795" r34="0" r41="750.8276" r42="-1.32889" r43="438.14304" r44="1"></containerEntry>
          <containerEntry r11="-0.2785345" r12="-0.39228252" r13="0.8766571" r14="0" r21="-0.014368147" r22="0.91438186" r23="0.40459737" r24="0" r31="-0.96031606" r32="0.100099415" r33="-0.26032305" r34="0" r41="742.92944" r42="2.590733" r43="433.07346" r44="1"></containerEntry>
        </property>
        <property name="colors" type="UInt32" container="DynamicArray" arraySize="8">
          <containerEntry>4294967295</containerEntry>
          <containerEntry>4294967295</containerEntry>
          <containerEntry>4294967295</containerEntry>
          <containerEntry>4294967295</containerEntry>
          <containerEntry>4294967295</containerEntry>
          <containerEntry>4294967295</containerEntry>
          <containerEntry>4294967295</containerEntry>
          <containerEntry>4294967295</containerEntry>
        </property>
      </staticProperties>
      <dynamicProperties></dynamicProperties>
    </entity>
    <entity class="StaticModelArray" classVersion="4" classID="0xD0" addr="0x317B990" id="0x0">
      <staticProperties>
        <property name="name" type="String" container="StaticArray" arraySize="1">
          <containerEntry>StaticModelArray0003</containerEntry>
        </property>
        <property name="dataSet" type="EntityHandle" container="StaticArray" arraySize="1">
          <containerEntry>0x33544C0</containerEntry>
        </property>
        <property name="modelFile" type="FilePtr" container="StaticArray" arraySize="1">
          <containerEntry>/Assets/tpp/environ/object/middle_africa/rock/mafr_rock011/scenes/mafr_rock011.fmdl</containerEntry>
        </property>
        <property name="geomFile" type="FilePtr" container="StaticArray" arraySize="1">
          <containerEntry>/Assets/tpp/environ/object/middle_africa/rock/mafr_rock011/scenes/mafr_rock011.geom</containerEntry>
        </property>
        <property name="isVisibleGeom" type="Bool" container="StaticArray" arraySize="1">
          <containerEntry>false</containerEntry>
        </property>
        <property name="lodFarSize" type="Float" container="StaticArray" arraySize="1">
          <containerEntry>-1</containerEntry>
        </property>
        <property name="lodNearSize" type="Float" container="StaticArray" arraySize="1">
          <containerEntry>-1</containerEntry>
        </property>
        <property name="lodPolygonSize" type="Float" container="StaticArray" arraySize="1">
          <containerEntry>-1</containerEntry>
        </property>
        <property name="drawRejectionLevel" type="Int32" container="StaticArray" arraySize="1">
          <containerEntry>8</containerEntry>
        </property>
        <property name="drawMode" type="Int32" container="StaticArray" arraySize="1">
          <containerEntry>0</containerEntry>
        </property>
        <property name="rejectFarRangeShadowCast" type="Int32" container="StaticArray" arraySize="1">
          <containerEntry>2</containerEntry>
        </property>
        <property name="parentLocator" type="EntityLink" container="StaticArray" arraySize="1">
          <containerEntry packagePathHash="0xB8A0BF169F98" archivePathHash="0xB8A0BF169F98" nameInArchiveHash="0xB8A0BF169F98">0x0</containerEntry>
        </property>
        <property name="transforms" type="Matrix4" container="DynamicArray" arraySize="3">
          <containerEntry r11="0.9062627" r12="0.1438088" r13="0.39750275" r14="0" r21="-0.4118389" r22="0.51232857" r23="0.7535951" r24="0" r31="-0.09527762" r32="-0.8466625" r33="0.52353054" r34="0" r41="697.7646" r42="-7.891531" r43="431.6216" r44="1"></containerEntry>
          <containerEntry r11="0.32980242" r12="0.16894819" r13="0.9288083" r14="0" r21="-0.36179307" r22="0.9313585" r23="-0.04094675" r24="0" r31="-0.87197125" r32="-0.32253313" r33="0.36828887" r34="0" r41="755.9922" r42="-6.208986" r43="394.7621" r44="1"></containerEntry>
          <containerEntry r11="0.9697318" r12="-0.040476967" r13="0.24079794" r14="0" r21="-0.071576014" r22="0.8957227" r23="0.43881345" r24="0" r31="-0.23345" r32="-0.44276673" r33="0.86571354" r34="0" r41="762.4143" r42="-10.323622" r43="385.4943" r44="1"></containerEntry>
        </property>
        <property name="colors" type="UInt32" container="DynamicArray" arraySize="3">
          <containerEntry>4294967295</containerEntry>
          <containerEntry>4294967295</containerEntry>
          <containerEntry>4294967295</containerEntry>
        </property>
      </staticProperties>
      <dynamicProperties></dynamicProperties>
    </entity>
    <entity class="StaticModelArray" classVersion="4" classID="0xD0" addr="0x317BA70" id="0x0">
      <staticProperties>
        <property name="name" type="String" container="StaticArray" arraySize="1">
          <containerEntry>StaticModelArray0004</containerEntry>
        </property>
        <property name="dataSet" type="EntityHandle" container="StaticArray" arraySize="1">
          <containerEntry>0x33544C0</containerEntry>
        </property>
        <property name="modelFile" type="FilePtr" container="StaticArray" arraySize="1">
          <containerEntry>/Assets/tpp/environ/object/middle_africa/cliff/mafr_clff003/scenes/mafr_clff003.fmdl</containerEntry>
        </property>
        <property name="geomFile" type="FilePtr" container="StaticArray" arraySize="1">
          <containerEntry>/Assets/tpp/environ/object/middle_africa/cliff/mafr_clff003/scenes/mafr_clff003.geom</containerEntry>
        </property>
        <property name="isVisibleGeom" type="Bool" container="StaticArray" arraySize="1">
          <containerEntry>false</containerEntry>
        </property>
        <property name="lodFarSize" type="Float" container="StaticArray" arraySize="1">
          <containerEntry>-1</containerEntry>
        </property>
        <property name="lodNearSize" type="Float" container="StaticArray" arraySize="1">
          <containerEntry>-1</containerEntry>
        </property>
        <property name="lodPolygonSize" type="Float" container="StaticArray" arraySize="1">
          <containerEntry>-1</containerEntry>
        </property>
        <property name="drawRejectionLevel" type="Int32" container="StaticArray" arraySize="1">
          <containerEntry>8</containerEntry>
        </property>
        <property name="drawMode" type="Int32" container="StaticArray" arraySize="1">
          <containerEntry>0</containerEntry>
        </property>
        <property name="rejectFarRangeShadowCast" type="Int32" container="StaticArray" arraySize="1">
          <containerEntry>2</containerEntry>
        </property>
        <property name="parentLocator" type="EntityLink" container="StaticArray" arraySize="1">
          <containerEntry packagePathHash="0xB8A0BF169F98" archivePathHash="0xB8A0BF169F98" nameInArchiveHash="0xB8A0BF169F98">0x0</containerEntry>
        </property>
        <property name="transforms" type="Matrix4" container="DynamicArray" arraySize="2">
          <containerEntry r11="0.74598086" r12="-0.0020344716" r13="0.665964" r14="0" r21="0.0011534928" r22="0.9999978" r23="0.0017628324" r24="0" r31="-0.66596615" r32="-0.00054685364" r33="0.7459816" r34="0" r41="721.2911" r42="10.939996" r43="408.3775" r44="1"></containerEntry>
          <containerEntry r11="-0.76794195" r12="0.106238164" r13="-0.6316467" r14="0" r21="0.09482048" r22="0.9941392" r23="0.05192593" r24="0" r31="0.6334613" r32="-0.020016935" r33="-0.77351475" r34="0" r41="724.86115" r42="11.205144" r43="398.96368" r44="1"></containerEntry>
        </property>
        <property name="colors" type="UInt32" container="DynamicArray" arraySize="2">
          <containerEntry>4294967295</containerEntry>
          <containerEntry>4294967295</containerEntry>
        </property>
      </staticProperties>
      <dynamicProperties></dynamicProperties>
    </entity>
    <entity class="TexturePackLoadConditioner" classVersion="0" classID="0x48" addr="0x317BED0" id="0x0">
      <staticProperties>
        <property name="name" type="String" container="StaticArray" arraySize="1">
          <containerEntry>TexturePackLoadConditioner0000</containerEntry>
        </property>
        <property name="dataSet" type="EntityHandle" container="StaticArray" arraySize="1">
          <containerEntry>0x33544C0</containerEntry>
        </property>
        <property name="texturePackPath" type="Path" container="StaticArray" arraySize="1">
          <containerEntry hash="0xB8A0BF169F98"></containerEntry>
        </property>
      </staticProperties>
      <dynamicProperties></dynamicProperties>
    </entity>
  </entities>
</fox>