<fox formatVersion="2" fileVersion="0">
  <entities>
    <entity class="DataSet" classVersion="0" classID="0xE8" addr="0x2F52000" id="0xEF890">
      <staticProperties>
        <property name="name" type="String" container="StaticArray" arraySize="1">
          <containerEntry hash="0xB8A0BF169F98"></containerEntry>
        </property>
        <property name="dataSet" type="EntityHandle" container="StaticArray" arraySize="1">
          <containerEntry>0x0</containerEntry>
        </property>
        <property name="dataList" type="EntityPtr" container="StringMap" arraySize="11">
          <containerEntry key="afgh_rock012_0027">
            <data>0x2F51900</data>
          </containerEntry>
          <containerEntry key="afgh_rock001_0004">
            <data>0x2D78740</data>
          </containerEntry>
          <containerEntry key="afgh_sgbd002_vrtn016_gim_i0000|TppSharedGimmick_afgh_sgbd002_vrtn016">
            <data>0x2D795B0</data>
          </containerEntry>
          <containerEntry key="StaticModelArray0000">
            <data>0x2D7EC50</data>
          </containerEntry>
          <containerEntry key="StaticModelArray0001">
            <data>0x2D792A0</data>
          </containerEntry>
          <containerEntry key="StaticModelArray0002">
            <data>0x2D79000</data>
          </containerEntry>
          <containerEntry key="StaticModelArray0003">
            <data>0x2D7E400</data>
          </containerEntry>
          <containerEntry key="StaticModelArray0004">
            <data>0x2D7EA90</data>
          </containerEntry>
          <containerEntry key="StaticModelArray0005">
            <data>0x2D7E9B0</data>
          </containerEntry>
          <containerEntry key="StaticModelArray0006">
            <data>0x2D7E390</data>
          </containerEntry>
          <containerEntry key="TexturePackLoadConditioner0000">
            <data>0x2D7F3C0</data>
          </containerEntry>
        </property>
      </staticProperties>
      <dynamicProperties></dynamicProperties>
    </entity>
    <entity class="StaticModel" classVersion="9" classID="0x160" addr="0x2F51900" id="0xEF8B4">
      <staticProperties>
        <property name="name" type="String" container="StaticArray" arraySize="1">
          <containerEntry>afgh_rock012_0027</containerEntry>
        </property>
        <property name="dataSet" type="EntityHandle" container="StaticArray" arraySize="1">
          <containerEntry>0x2F52000</containerEntry>
        </property>
        <property name="parent" type="EntityHandle" container="StaticArray" arraySize="1">
          <containerEntry>0x0</containerEntry>
        </property>
        <property name="transform" type="EntityPtr" container="StaticArray" arraySize="1">
          <containerEntry>0x2F51890</containerEntry>
        </property>
        <property name="shearTransform" type="EntityPtr" container="StaticArray" arraySize="1">
          <containerEntry>0x0</containerEntry>
        </property>
        <property name="pivotTransform" type="EntityPtr" container="StaticArray" arraySize="1">
          <containerEntry>0x0</containerEntry>
        </property>
        <property name="children" type="EntityHandle" container="List"></property>
        <property name="flags" type="UInt32" container="StaticArray" arraySize="1">
          <containerEntry>7</containerEntry>
        </property>
        <property name="modelFile" type="FilePtr" container="StaticArray" arraySize="1">
          <containerEntry>/Assets/tpp/environ/object/afghanistan/rock/afgh_rock012/scenes/afgh_rock012.fmdl</containerEntry>
        </property>
        <property name="geomFile" type="FilePtr" container="StaticArray" arraySize="1">
          <containerEntry>/Assets/tpp/environ/object/afghanistan/rock/afgh_rock012/scenes/afgh_rock012.geom</containerEntry>
        </property>
        <property name="isVisibleGeom" type="Bool" container="StaticArray" arraySize="1">
          <containerEntry>false</containerEntry>
        </property>
        <property name="isIsolated" type="Bool" container="StaticArray" arraySize="1">
          <containerEntry>false</containerEntry>
        </property>
        <property name="lodFarSize" type="Float" container="StaticArray" arraySize="1">
          <containerEntry>-1</containerEntry>
        </property>
        <property name="lodNearSize" type="Float" container="StaticArray" arraySize="1">
          <containerEntry>-1</containerEntry>
        </property>
        <property name="lodPolygonSize" type="Float" container="StaticArray" arraySize="1">
          <containerEntry>-1</containerEntry>
        </property>
        <property name="color" type="Color" container="StaticArray" arraySize="1">
          <containerEntry r="1" g="1" b="1" a="1"></containerEntry>
        </property>
        <property name="drawRejectionLevel" type="Int32" container="StaticArray" arraySize="1">
          <containerEntry>8</containerEntry>
        </property>
        <property name="drawMode" type="Int32" container="StaticArray" arraySize="1">
          <containerEntry>0</containerEntry>
        </property>
        <property name="rejectFarRangeShadowCast" type="Int32" container="StaticArray" arraySize="1">
          <containerEntry>2</containerEntry>
        </property>
      </staticProperties>
      <dynamicProperties></dynamicProperties>
    </entity>
    <entity class="TransformEntity" classVersion="0" classID="0x50" addr="0x2F51890" id="0xEF8B7">
      <staticProperties>
        <property name="owner" type="EntityHandle" container="StaticArray" arraySize="1">
          <containerEntry>0x2F51900</containerEntry>
        </property>
        <property name="transform_scale" type="Vector3" container="StaticArray" arraySize="1">
          <containerEntry x="0.999999" y="1" z="0.999999" w="0"></containerEntry>
        </property>
        <property name="transform_rotation_quat" type="Quat" container="StaticArray" arraySize="1">
          <containerEntry x="-0.008819" y="0.928888" z="0.022218" w="-0.369587"></containerEntry>
        </property>
        <property name="transform_translation" type="Vector3" container="StaticArray" arraySize="1">
          <containerEntry x="2174.1099" y="467.55347" z="-1462.7335" w="0"></containerEntry>
        </property>
      </staticProperties>
      <dynamicProperties></dynamicProperties>
    </entity>
    <entity class="StaticModel" classVersion="9" classID="0x160" addr="0x2D78740" id="0xEFA09">
      <staticProperties>
        <property name="name" type="String" container="StaticArray" arraySize="1">
          <containerEntry>afgh_rock001_0004</containerEntry>
        </property>
        <property name="dataSet" type="EntityHandle" container="StaticArray" arraySize="1">
          <containerEntry>0x2F52000</containerEntry>
        </property>
        <property name="parent" type="EntityHandle" container="StaticArray" arraySize="1">
          <containerEntry>0x0</containerEntry>
        </property>
        <property name="transform" type="EntityPtr" container="StaticArray" arraySize="1">
          <containerEntry>0x2D787B0</containerEntry>
        </property>
        <property name="shearTransform" type="EntityPtr" container="StaticArray" arraySize="1">
          <containerEntry>0x0</containerEntry>
        </property>
        <property name="pivotTransform" type="EntityPtr" container="StaticArray" arraySize="1">
          <containerEntry>0x0</containerEntry>
        </property>
        <property name="children" type="EntityHandle" container="List"></property>
        <property name="flags" type="UInt32" container="StaticArray" arraySize="1">
          <containerEntry>7</containerEntry>
        </property>
        <property name="modelFile" type="FilePtr" container="StaticArray" arraySize="1">
          <containerEntry>/Assets/tpp/environ/object/afghanistan/rock/afgh_rock001/scenes/afgh_rock001.fmdl</containerEntry>
        </property>
        <property name="geomFile" type="FilePtr" container="StaticArray" arraySize="1">
          <containerEntry>/Assets/tpp/environ/object/afghanistan/rock/afgh_rock001/scenes/afgh_rock001.geom</containerEntry>
        </property>
        <property name="isVisibleGeom" type="Bool" container="StaticArray" arraySize="1">
          <containerEntry>false</containerEntry>
        </property>
        <property name="isIsolated" type="Bool" container="StaticArray" arraySize="1">
          <containerEntry>false</containerEntry>
        </property>
        <property name="lodFarSize" type="Float" container="StaticArray" arraySize="1">
          <containerEntry>-1</containerEntry>
        </property>
        <property name="lodNearSize" type="Float" container="StaticArray" arraySize="1">
          <containerEntry>-1</containerEntry>
        </property>
        <property name="lodPolygonSize" type="Float" container="StaticArray" arraySize="1">
          <containerEntry>-1</containerEntry>
        </property>
        <property name="color" type="Color" container="StaticArray" arraySize="1">
          <containerEntry r="1" g="1" b="1" a="1"></containerEntry>
        </property>
        <property name="drawRejectionLevel" type="Int32" container="StaticArray" arraySize="1">
          <containerEntry>8</containerEntry>
        </property>
        <property name="drawMode" type="Int32" container="StaticArray" arraySize="1">
          <containerEntry>0</containerEntry>
        </property>
        <property name="rejectFarRangeShadowCast" type="Int32" container="StaticArray" arraySize="1">
          <containerEntry>2</containerEntry>
        </property>
      </staticProperties>
      <dynamicProperties></dynamicProperties>
    </entity>
    <entity class="TransformEntity" classVersion="0" classID="0x50" addr="0x2D787B0" id="0xEFA0C">
      <staticProperties>
        <property name="owner" type="EntityHandle" container="StaticArray" arraySize="1">
          <containerEntry>0x2D78740</containerEntry>
        </property>
        <property name="transform_scale" type="Vector3" container="StaticArray" arraySize="1">
          <containerEntry x="1" y="1" z="1" w="0"></containerEntry>
        </property>
        <property name="transform_rotation_quat" type="Quat" container="StaticArray" arraySize="1">
          <containerEntry x="-0.142106" y="0.11129" z="-0.050164" w="0.982295"></containerEntry>
        </property>
        <property name="transform_translation" type="Vector3" container="StaticArray" arraySize="1">
          <containerEntry x="2098.8838" y="481.0539" z="-1492.6191" w="0"></containerEntry>
        </property>
      </staticProperties>
      <dynamicProperties></dynamicProperties>
    </entity>
    <entity class="TppSharedGimmickData" classVersion="1" classID="0xF0" addr="0x2D795B0" id="0x2A8BA">
      <staticProperties>
        <property name="name" type="String" container="StaticArray" arraySize="1">
          <containerEntry>afgh_sgbd002_vrtn016_gim_i0000|TppSharedGimmick_afgh_sgbd002_vrtn016</containerEntry>
        </property>
        <property name="dataSet" type="EntityHandle" container="StaticArray" arraySize="1">
          <containerEntry>0x2F52000</containerEntry>
        </property>
        <property name="modelFile" type="FilePtr" container="StaticArray" arraySize="1">
          <containerEntry>/Assets/tpp/environ/object/afghanistan/signboard/afgh_sgbd002/scenes/afgh_sgbd002_vrtn016.fmdl</containerEntry>
        </property>
        <property name="geomFile" type="FilePtr" container="StaticArray" arraySize="1">
          <containerEntry>/Assets/tpp/environ/object/afghanistan/signboard/afgh_sgbd002/scenes/afgh_sgbd002_vrtn016.geom</containerEntry>
        </property>
        <property name="breakedModelFile" type="FilePtr" container="StaticArray" arraySize="1">
          <containerEntry hash="0xB8A0BF169F98"></containerEntry>
        </property>
        <property name="breakedGeomFile" type="FilePtr" container="StaticArray" arraySize="1">
          <containerEntry hash="0xB8A0BF169F98"></containerEntry>
        </property>
        <property name="partsFile" type="FilePtr" container="StaticArray" arraySize="1">
          <containerEntry>/Assets/tpp/parts/environ/object/afghanistan/signboard/afgh_sgbd002/afgh_sgbd002_vrtn016.parts</containerEntry>
        </property>
        <property name="numDynamicGimmick" type="UInt32" container="StaticArray" arraySize="1">
          <containerEntry>1</containerEntry>
        </property>
        <property name="locaterFile" type="FilePtr" container="StaticArray" arraySize="1">
          <containerEntry>/Assets/tpp/level/location/afgh/block_small/149/149_121/lba/afgh_sgbd002_vrtn016.lba</containerEntry>
        </property>
        <property name="flags1" type="UInt32" container="StaticArray" arraySize="1">
          <containerEntry>16777486</containerEntry>
        </property>
        <property name="flags2" type="UInt32" container="StaticArray" arraySize="1">
          <containerEntry>0</containerEntry>
        </property>
      </staticProperties>
      <dynamicProperties></dynamicProperties>
    </entity>
    <entity class="StaticModelArray" classVersion="4" classID="0xD0" addr="0x2D7EC50" id="0x0">
      <staticProperties>
        <property name="name" type="String" container="StaticArray" arraySize="1">
          <containerEntry>StaticModelArray0000</containerEntry>
        </property>
        <property name="dataSet" type="EntityHandle" container="StaticArray" arraySize="1">
          <containerEntry>0x2F52000</containerEntry>
        </property>
        <property name="modelFile" type="FilePtr" container="StaticArray" arraySize="1">
          <containerEntry hash="0xB8A0BF169F98"></containerEntry>
        </property>
        <property name="geomFile" type="FilePtr" container="StaticArray" arraySize="1">
          <containerEntry>/Assets/tpp/environ/object/afghanistan/signboard/afgh_sgbd002/scenes/afgh_sgbd002_vrtn016_pc.geom</containerEntry>
        </property>
        <property name="isVisibleGeom" type="Bool" container="StaticArray" arraySize="1">
          <containerEntry>false</containerEntry>
        </property>
        <property name="lodFarSize" type="Float" container="StaticArray" arraySize="1">
          <containerEntry>-1</containerEntry>
        </property>
        <property name="lodNearSize" type="Float" container="StaticArray" arraySize="1">
          <containerEntry>-1</containerEntry>
        </property>
        <property name="lodPolygonSize" type="Float" container="StaticArray" arraySize="1">
          <containerEntry>-1</containerEntry>
        </property>
        <property name="drawRejectionLevel" type="Int32" container="StaticArray" arraySize="1">
          <containerEntry>8</containerEntry>
        </property>
        <property name="drawMode" type="Int32" container="StaticArray" arraySize="1">
          <containerEntry>0</containerEntry>
        </property>
        <property name="rejectFarRangeShadowCast" type="Int32" container="StaticArray" arraySize="1">
          <containerEntry>2</containerEntry>
        </property>
        <property name="parentLocator" type="EntityLink" container="StaticArray" arraySize="1">
          <containerEntry packagePathHash="0xB8A0BF169F98" archivePathHash="0xB8A0BF169F98" nameInArchiveHash="0xB8A0BF169F98">0x0</containerEntry>
        </property>
        <property name="transforms" type="Matrix4" container="DynamicArray" arraySize="2">
          <containerEntry r11="0.86164725" r12="0" r13="0.50750756" r14="0" r21="0" r22="1" r23="0" r24="0" r31="-0.50750756" r32="0" r33="0.86164725" r34="0" r41="2115.9812" r42="463.0437" r43="-1438.5251" r44="1"></containerEntry>
          <containerEntry r11="0.9723762" r12="0" r13="-0.23341912" r14="0" r21="0" r22="1" r23="0" r24="0" r31="0.23341912" r32="0" r33="0.9723762" r34="0" r41="2102.2969" r42="462.82846" r43="-1437.1232" r44="1"></containerEntry>
        </property>
        <property name="colors" type="UInt32" container="DynamicArray" arraySize="2">
          <containerEntry>4294967295</containerEntry>
          <containerEntry>4294967295</containerEntry>
        </property>
      </staticProperties>
      <dynamicProperties></dynamicProperties>
    </entity>
    <entity class="StaticModelArray" classVersion="4" classID="0xD0" addr="0x2D792A0" id="0x0">
      <staticProperties>
        <property name="name" type="String" container="StaticArray" arraySize="1">
          <containerEntry>StaticModelArray0001</containerEntry>
        </property>
        <property name="dataSet" type="EntityHandle" container="StaticArray" arraySize="1">
          <containerEntry>0x2F52000</containerEntry>
        </property>
        <property name="modelFile" type="FilePtr" container="StaticArray" arraySize="1">
          <containerEntry>/Assets/tpp/environ/object/afghanistan/cliff/afgh_clff038/scenes/afgh_clff038_vrtn003_gen8.fmdl</containerEntry>
        </property>
        <property name="geomFile" type="FilePtr" container="StaticArray" arraySize="1">
          <containerEntry>/Assets/tpp/environ/object/afghanistan/cliff/afgh_clff038/scenes/afgh_clff038_vrtn003_gen8.geom</containerEntry>
        </property>
        <property name="isVisibleGeom" type="Bool" container="StaticArray" arraySize="1">
          <containerEntry>false</containerEntry>
        </property>
        <property name="lodFarSize" type="Float" container="StaticArray" arraySize="1">
          <containerEntry>-1</containerEntry>
        </property>
        <property name="lodNearSize" type="Float" container="StaticArray" arraySize="1">
          <containerEntry>-1</containerEntry>
        </property>
        <property name="lodPolygonSize" type="Float" container="StaticArray" arraySize="1">
          <containerEntry>-1</containerEntry>
        </property>
        <property name="drawRejectionLevel" type="Int32" container="StaticArray" arraySize="1">
          <containerEntry>8</containerEntry>
        </property>
        <property name="drawMode" type="Int32" container="StaticArray" arraySize="1">
          <containerEntry>0</containerEntry>
        </property>
        <property name="rejectFarRangeShadowCast" type="Int32" container="StaticArray" arraySize="1">
          <containerEntry>2</containerEntry>
        </property>
        <property name="parentLocator" type="EntityLink" container="StaticArray" arraySize="1">
          <containerEntry packagePathHash="0xB8A0BF169F98" archivePathHash="0xB8A0BF169F98" nameInArchiveHash="0xB8A0BF169F98">0x0</containerEntry>
        </property>
        <property name="transforms" type="Matrix4" container="DynamicArray" arraySize="6">
          <containerEntry r11="0.97501576" r12="0.11740586" r13="-0.18857409" r14="0" r21="-0.03764369" r22="0.9239639" r23="0.38062274" r24="0" r31="0.21892299" r32="-0.36401457" r33="0.90529895" r34="0" r41="2090.5532" r42="465.56464" r43="-1433.3835" r44="1"></containerEntry>
          <containerEntry r11="0.17875385" r12="-0.46114132" r13="0.8691361" r14="0" r21="0.31081346" r22="0.864594" r23="0.39480704" r24="0" r31="-0.9335116" r32="0.19956525" r33="0.29787815" r34="0" r41="2070.6714" r42="465.81488" r43="-1412.8202" r44="1"></containerEntry>
          <containerEntry r11="-0.00713712" r12="-0.2204552" r13="0.9753706" r14="0" r21="0.9832654" r22="-0.17910928" r23="-0.033287466" r24="0" r31="0.18203682" r32="0.9588109" r33="0.2180449" r34="0" r41="2070.6177" r42="472.6273" r43="-1472.7881" r44="1"></containerEntry>
          <containerEntry r11="0.16018403" r12="0.7629776" r13="0.62626415" r14="0" r21="0.9832661" r22="-0.17911029" r23="-0.033287793" r24="0" r31="0.08677226" r32="0.6211163" r33="-0.77890074" r34="0" r41="2064.812" r42="472.74866" r43="-1471.4509" r44="1"></containerEntry>
          <containerEntry r11="0.7934986" r12="0.08312922" r13="0.60286754" r14="0" r21="-0.021716952" r22="0.99386364" r23="-0.10845948" r24="0" r31="-0.6081843" r32="0.07296998" r33="0.7904347" r34="0" r41="2090.4922" r42="471.78644" r43="-1440.5013" r44="1"></containerEntry>
          <containerEntry r11="-0.2778324" r12="0.1173622" r13="0.95343184" r14="0" r21="-0.03539831" r22="0.990584" r23="-0.13225047" r24="0" r31="-0.9599756" r32="-0.070493564" r33="-0.2710619" r34="0" r41="2088.8545" r42="467.17334" r43="-1431.7621" r44="1"></containerEntry>
        </property>
        <property name="colors" type="UInt32" container="DynamicArray" arraySize="6">
          <containerEntry>4294967295</containerEntry>
          <containerEntry>4294967295</containerEntry>
          <containerEntry>4294967295</containerEntry>
          <containerEntry>4294967295</containerEntry>
          <containerEntry>4294967295</containerEntry>
          <containerEntry>4294967295</containerEntry>
        </property>
      </staticProperties>
      <dynamicProperties></dynamicProperties>
    </entity>
    <entity class="StaticModelArray" classVersion="4" classID="0xD0" addr="0x2D79000" id="0x0">
      <staticProperties>
        <property name="name" type="String" container="StaticArray" arraySize="1">
          <containerEntry>StaticModelArray0002</containerEntry>
        </property>
        <property name="dataSet" type="EntityHandle" container="StaticArray" arraySize="1">
          <containerEntry>0x2F52000</containerEntry>
        </property>
        <property name="modelFile" type="FilePtr" container="StaticArray" arraySize="1">
          <containerEntry>/Assets/tpp/environ/object/afghanistan/cliff/afgh_clff025/scenes/afgh_clff025_vrtn001.fmdl</containerEntry>
        </property>
        <property name="geomFile" type="FilePtr" container="StaticArray" arraySize="1">
          <containerEntry>/Assets/tpp/environ/object/afghanistan/cliff/afgh_clff025/scenes/afgh_clff025_vrtn001.geom</containerEntry>
        </property>
        <property name="isVisibleGeom" type="Bool" container="StaticArray" arraySize="1">
          <containerEntry>false</containerEntry>
        </property>
        <property name="lodFarSize" type="Float" container="StaticArray" arraySize="1">
          <containerEntry>-1</containerEntry>
        </property>
        <property name="lodNearSize" type="Float" container="StaticArray" arraySize="1">
          <containerEntry>-1</containerEntry>
        </property>
        <property name="lodPolygonSize" type="Float" container="StaticArray" arraySize="1">
          <containerEntry>-1</containerEntry>
        </property>
        <property name="drawRejectionLevel" type="Int32" container="StaticArray" arraySize="1">
          <containerEntry>8</containerEntry>
        </property>
        <property name="drawMode" type="Int32" container="StaticArray" arraySize="1">
          <containerEntry>0</containerEntry>
        </property>
        <property name="rejectFarRangeShadowCast" type="Int32" container="StaticArray" arraySize="1">
          <containerEntry>2</containerEntry>
        </property>
        <property name="parentLocator" type="EntityLink" container="StaticArray" arraySize="1">
          <containerEntry packagePathHash="0xB8A0BF169F98" archivePathHash="0xB8A0BF169F98" nameInArchiveHash="0xB8A0BF169F98">0x0</containerEntry>
        </property>
        <property name="transforms" type="Matrix4" container="DynamicArray" arraySize="14">
          <containerEntry r11="-0.95560527" r12="-0.07708745" r13="0.2843607" r14="0" r21="0.025529396" r22="0.9398683" r23="0.3405815" r24="0" r31="-0.2935162" r32="0.33272192" r33="-0.8961749" r34="0" r41="2148.558" r42="470.9017" r43="-1448.4514" r44="1"></containerEntry>
          <containerEntry r11="-0.9986901" r12="-0.03650428" r13="0.035624344" r14="0" r21="-0.024938336" r22="0.9587149" r23="0.28327337" r24="0" r31="-0.04449429" r32="0.2820148" r33="-0.95836926" r34="0" r41="2159.3706" r42="470.96887" r43="-1450.3455" r44="1"></containerEntry>
          <containerEntry r11="-0.58820766" r12="-0.09543803" r13="0.8030506" r14="0" r21="0.07432206" r22="0.9824299" r23="0.17119466" r24="0" r31="-0.8052794" r32="0.1603827" r33="-0.5707796" r34="0" r41="2141.5955" r42="473.0367" r43="-1425.4067" r44="1"></containerEntry>
          <containerEntry r11="-0.8858304" r12="-0.0138034485" r13="0.46379036" r14="0" r21="0.07432242" r22="0.9824301" r23="0.17119378" r24="0" r31="-0.45800468" r32="0.18611889" r33="-0.86924046" r34="0" r41="2148.4744" r42="474.08728" r43="-1434.422" r44="1"></containerEntry>
          <containerEntry r11="-0.9972041" r12="0.07199866" r13="0.019750683" r14="0" r21="0.07432263" r22="0.98243004" r23="0.17119382" r24="0" r31="-0.007077938" r32="0.17218311" r33="-0.9850344" r34="0" r41="2158.4753" r42="474.05048" r43="-1438.5526" r44="1"></containerEntry>
          <containerEntry r11="-0.9175912" r12="-0.056763425" r13="0.39343598" r14="0" r21="0.022413617" r22="0.9807892" r23="0.1937786" r24="0" r31="-0.3968773" r32="0.18662809" r33="-0.8986913" r34="0" r41="2143.6133" r42="466.59738" r43="-1453.4974" r44="1"></containerEntry>
          <containerEntry r11="-0.8732107" r12="-0.22575572" r13="0.4318836" r14="0" r21="-0.10714266" r22="0.95347893" r23="0.281777" r24="0" r31="-0.47540474" r32="0.19977804" r33="-0.856776" r34="0" r41="2171.8523" r42="475.8936" r43="-1446.6864" r44="1"></containerEntry>
          <containerEntry r11="-0.9713783" r12="-0.13905443" r13="0.19255394" r14="0" r21="-0.081958316" r22="0.95714885" r23="0.27775702" r24="0" r31="-0.22292614" r32="0.25402588" r33="-0.9411503" r34="0" r41="2169.9556" r42="472.36258" r43="-1455.2681" r44="1"></containerEntry>
          <containerEntry r11="-0.8632204" r12="-0.17106788" r13="0.47494477" r14="0" r21="-0.11014348" r22="0.98198944" r23="0.15350933" r24="0" r31="-0.49265125" r32="0.08020055" r33="-0.8665153" r34="0" r41="2177.2883" r42="473.14307" r43="-1461.3888" r44="1"></containerEntry>
          <containerEntry r11="-0.8858283" r12="-0.013804181" r13="0.4637903" r14="0" r21="0.14098099" r22="0.9442941" r23="0.29737657" r24="0" r31="-0.44205946" r32="0.32881126" r33="-0.83453614" r34="0" r41="2144.266" r42="471.44534" r43="-1437.0458" r44="1"></containerEntry>
          <containerEntry r11="-0.9770194" r12="0.034876995" r13="0.21023792" r14="0" r21="0.12068051" r22="0.9036487" r23="0.41091973" r24="0" r31="-0.17564952" r32="0.42684954" r33="-0.8870909" r34="0" r41="2159.3608" r42="471.62146" r43="-1443.9108" r44="1"></containerEntry>
          <containerEntry r11="-0.21232143" r12="-0.04607951" r13="0.9761071" r14="0" r21="0.052477613" r22="0.99690855" r23="0.05847635" r24="0" r31="-0.97578406" r32="0.06363961" r33="-0.2092469" r34="0" r41="2118.183" r42="463.9468" r43="-1427.9957" r44="1"></containerEntry>
          <containerEntry r11="-0.488344" r12="-0.025459144" r13="0.872275" r14="0" r21="0.052478235" r22="0.9969085" r23="0.058476806" r24="0" r31="-0.87106705" r32="0.07433218" r33="-0.4854982" r34="0" r41="2130.8716" r42="468.90317" r43="-1429.4388" r44="1"></containerEntry>
          <containerEntry r11="-0.48834306" r12="-0.025459051" r13="0.87227446" r14="0" r21="0.1880225" r22="0.97302693" r23="0.13366416" r24="0" r31="-0.8521495" r32="0.2292812" r33="-0.4703841" r34="0" r41="2139.2341" r42="470.0712" r43="-1442.1083" r44="1"></containerEntry>
        </property>
        <property name="colors" type="UInt32" container="DynamicArray" arraySize="14">
          <containerEntry>4294967295</containerEntry>
          <containerEntry>4294967295</containerEntry>
          <containerEntry>4294967295</containerEntry>
          <containerEntry>4294967295</containerEntry>
          <containerEntry>4294967295</containerEntry>
          <containerEntry>4294967295</containerEntry>
          <containerEntry>4294967295</containerEntry>
          <containerEntry>4294967295</containerEntry>
          <containerEntry>4294967295</containerEntry>
          <containerEntry>4294967295</containerEntry>
          <containerEntry>4294967295</containerEntry>
          <containerEntry>4294967295</containerEntry>
          <containerEntry>4294967295</containerEntry>
          <containerEntry>4294967295</containerEntry>
        </property>
      </staticProperties>
      <dynamicProperties></dynamicProperties>
    </entity>
    <entity class="StaticModelArray" classVersion="4" classID="0xD0" addr="0x2D7E400" id="0x0">
      <staticProperties>
        <property name="name" type="String" container="StaticArray" arraySize="1">
          <containerEntry>StaticModelArray0003</containerEntry>
        </property>
        <property name="dataSet" type="EntityHandle" container="StaticArray" arraySize="1">
          <containerEntry>0x2F52000</containerEntry>
        </property>
        <property name="modelFile" type="FilePtr" container="StaticArray" arraySize="1">
          <containerEntry>/Assets/tpp/environ/object/afghanistan/cliff/afgh_clff036/scenes/afgh_clff036_vrtn002_gen8.fmdl</containerEntry>
        </property>
        <property name="geomFile" type="FilePtr" container="StaticArray" arraySize="1">
          <containerEntry>/Assets/tpp/environ/object/afghanistan/cliff/afgh_clff036/scenes/afgh_clff036_vrtn002_gen8.geom</containerEntry>
        </property>
        <property name="isVisibleGeom" type="Bool" container="StaticArray" arraySize="1">
          <containerEntry>false</containerEntry>
        </property>
        <property name="lodFarSize" type="Float" container="StaticArray" arraySize="1">
          <containerEntry>-1</containerEntry>
        </property>
        <property name="lodNearSize" type="Float" container="StaticArray" arraySize="1">
          <containerEntry>-1</containerEntry>
        </property>
        <property name="lodPolygonSize" type="Float" container="StaticArray" arraySize="1">
          <containerEntry>-1</containerEntry>
        </property>
        <property name="drawRejectionLevel" type="Int32" container="StaticArray" arraySize="1">
          <containerEntry>8</containerEntry>
        </property>
        <property name="drawMode" type="Int32" container="StaticArray" arraySize="1">
          <containerEntry>0</containerEntry>
        </property>
        <property name="rejectFarRangeShadowCast" type="Int32" container="StaticArray" arraySize="1">
          <containerEntry>2</containerEntry>
        </property>
        <property name="parentLocator" type="EntityLink" container="StaticArray" arraySize="1">
          <containerEntry packagePathHash="0xB8A0BF169F98" archivePathHash="0xB8A0BF169F98" nameInArchiveHash="0xB8A0BF169F98">0x0</containerEntry>
        </property>
        <property name="transforms" type="Matrix4" container="DynamicArray" arraySize="5">
          <containerEntry r11="0.59182185" r12="-0.002506934" r13="0.80606455" r14="0" r21="0.085483484" r22="0.9945512" r23="-0.059669737" r24="0" r31="-0.8015229" r32="0.104219094" r33="0.5888114" r34="0" r41="2058.547" r42="486.69458" r43="-1531.1884" r44="1"></containerEntry>
          <containerEntry r11="0.86162835" r12="0" r13="-0.5075397" r14="0" r21="0" r22="1" r23="0" r24="0" r31="0.5075397" r32="0" r33="0.86162835" r34="0" r41="2064.3596" r42="474.11395" r43="-1416.294" r44="1"></containerEntry>
          <containerEntry r11="0.7443065" r12="-0.08715172" r13="-0.6621267" r14="0" r21="0.065114975" r22="0.996195" r23="-0.057926342" r24="0" r31="0.66465575" r32="5.159527e-07" r33="0.74714935" r34="0" r41="2094.0723" r42="472.0888" r43="-1444.879" r44="1"></containerEntry>
          <containerEntry r11="-0.9259347" r12="0" r13="-0.3776823" r14="0" r21="0" r22="1" r23="0" r24="0" r31="0.3776823" r32="0" r33="-0.9259347" r34="0" r41="2053.181" r42="481.67484" r43="-1461.444" r44="1"></containerEntry>
          <containerEntry r11="-0.9494451" r12="0.12059705" r13="-0.2898418" r14="0" r21="0.10815933" r22="0.992404" r23="0.058616545" r24="0" r31="0.29470912" r32="0.02430414" r33="-0.95527685" r34="0" r41="2081.2803" r42="474.3365" r43="-1464.889" r44="1"></containerEntry>
        </property>
        <property name="colors" type="UInt32" container="DynamicArray" arraySize="5">
          <containerEntry>4294967295</containerEntry>
          <containerEntry>4294967295</containerEntry>
          <containerEntry>4294967295</containerEntry>
          <containerEntry>4294967295</containerEntry>
          <containerEntry>4294967295</containerEntry>
        </property>
      </staticProperties>
      <dynamicProperties></dynamicProperties>
    </entity>
    <entity class="StaticModelArray" classVersion="4" classID="0xD0" addr="0x2D7EA90" id="0x0">
      <staticProperties>
        <property name="name" type="String" container="StaticArray" arraySize="1">
          <containerEntry>StaticModelArray0004</containerEntry>
        </property>
        <property name="dataSet" type="EntityHandle" container="StaticArray" arraySize="1">
          <containerEntry>0x2F52000</containerEntry>
        </property>
        <property name="modelFile" type="FilePtr" container="StaticArray" arraySize="1">
          <containerEntry>/Assets/tpp/environ/object/afghanistan/cliff/afgh_clff022/scenes/afgh_clff022_vrtn008.fmdl</containerEntry>
        </property>
        <property name="geomFile" type="FilePtr" container="StaticArray" arraySize="1">
          <containerEntry>/Assets/tpp/environ/object/afghanistan/cliff/afgh_clff022/scenes/afgh_clff022_vrtn008.geom</containerEntry>
        </property>
        <property name="isVisibleGeom" type="Bool" container="StaticArray" arraySize="1">
          <containerEntry>false</containerEntry>
        </property>
        <property name="lodFarSize" type="Float" container="StaticArray" arraySize="1">
          <containerEntry>-1</containerEntry>
        </property>
        <property name="lodNearSize" type="Float" container="StaticArray" arraySize="1">
          <containerEntry>-1</containerEntry>
        </property>
        <property name="lodPolygonSize" type="Float" container="StaticArray" arraySize="1">
          <containerEntry>-1</containerEntry>
        </property>
        <property name="drawRejectionLevel" type="Int32" container="StaticArray" arraySize="1">
          <containerEntry>8</containerEntry>
        </property>
        <property name="drawMode" type="Int32" container="StaticArray" arraySize="1">
          <containerEntry>0</containerEntry>
        </property>
        <property name="rejectFarRangeShadowCast" type="Int32" container="StaticArray" arraySize="1">
          <containerEntry>2</containerEntry>
        </property>
        <property name="parentLocator" type="EntityLink" container="StaticArray" arraySize="1">
          <containerEntry packagePathHash="0xB8A0BF169F98" archivePathHash="0xB8A0BF169F98" nameInArchiveHash="0xB8A0BF169F98">0x0</containerEntry>
        </property>
        <property name="transforms" type="Matrix4" container="DynamicArray" arraySize="5">
          <containerEntry r11="0.5450927" r12="0" r13="0.8383756" r14="0" r21="0" r22="1" r23="0" r24="0" r31="-0.8383756" r32="0" r33="0.5450927" r34="0" r41="2106.2332" r42="482.77725" r43="-1498.1135" r44="1"></containerEntry>
          <containerEntry r11="0.5450927" r12="0" r13="0.8383756" r14="0" r21="0" r22="1" r23="0" r24="0" r31="-0.8383756" r32="0" r33="0.5450927" r34="0" r41="2188.9287" r42="494.61218" r43="-1413.1864" r44="1"></containerEntry>
          <containerEntry r11="-0.6490115" r12="0" r13="0.7607798" r14="0" r21="0" r22="1" r23="0" r24="0" r31="-0.7607798" r32="0" r33="-0.6490115" r34="0" r41="2182.1038" r42="497.32462" r43="-1422.9952" r44="1"></containerEntry>
          <containerEntry r11="0.5450927" r12="0" r13="0.8383756" r14="0" r21="0" r22="1" r23="0" r24="0" r31="-0.8383756" r32="0" r33="0.5450927" r34="0" r41="2184.566" r42="497.32462" r43="-1434.56" r44="1"></containerEntry>
          <containerEntry r11="0.5450927" r12="0" r13="0.8383756" r14="0" r21="0" r22="1" r23="0" r24="0" r31="-0.8383756" r32="0" r33="0.5450927" r34="0" r41="2205.571" r42="497.3246" r43="-1409.8562" r44="1"></containerEntry>
        </property>
        <property name="colors" type="UInt32" container="DynamicArray" arraySize="5">
          <containerEntry>4294967295</containerEntry>
          <containerEntry>4294967295</containerEntry>
          <containerEntry>4294967295</containerEntry>
          <containerEntry>4294967295</containerEntry>
          <containerEntry>4294967295</containerEntry>
        </property>
      </staticProperties>
      <dynamicProperties></dynamicProperties>
    </entity>
    <entity class="StaticModelArray" classVersion="4" classID="0xD0" addr="0x2D7E9B0" id="0x0">
      <staticProperties>
        <property name="name" type="String" container="StaticArray" arraySize="1">
          <containerEntry>StaticModelArray0005</containerEntry>
        </property>
        <property name="dataSet" type="EntityHandle" container="StaticArray" arraySize="1">
          <containerEntry>0x2F52000</containerEntry>
        </property>
        <property name="modelFile" type="FilePtr" container="StaticArray" arraySize="1">
          <containerEntry>/Assets/tpp/environ/object/afghanistan/rock/afgh_rock012/scenes/afgh_rock012_vrtn002.fmdl</containerEntry>
        </property>
        <property name="geomFile" type="FilePtr" container="StaticArray" arraySize="1">
          <containerEntry>/Assets/tpp/environ/object/afghanistan/rock/afgh_rock012/scenes/afgh_rock012_vrtn002.geom</containerEntry>
        </property>
        <property name="isVisibleGeom" type="Bool" container="StaticArray" arraySize="1">
          <containerEntry>false</containerEntry>
        </property>
        <property name="lodFarSize" type="Float" container="StaticArray" arraySize="1">
          <containerEntry>-1</containerEntry>
        </property>
        <property name="lodNearSize" type="Float" container="StaticArray" arraySize="1">
          <containerEntry>-1</containerEntry>
        </property>
        <property name="lodPolygonSize" type="Float" container="StaticArray" arraySize="1">
          <containerEntry>-1</containerEntry>
        </property>
        <property name="drawRejectionLevel" type="Int32" container="StaticArray" arraySize="1">
          <containerEntry>8</containerEntry>
        </property>
        <property name="drawMode" type="Int32" container="StaticArray" arraySize="1">
          <containerEntry>0</containerEntry>
        </property>
        <property name="rejectFarRangeShadowCast" type="Int32" container="StaticArray" arraySize="1">
          <containerEntry>2</containerEntry>
        </property>
        <property name="parentLocator" type="EntityLink" container="StaticArray" arraySize="1">
          <containerEntry packagePathHash="0xB8A0BF169F98" archivePathHash="0xB8A0BF169F98" nameInArchiveHash="0xB8A0BF169F98">0x0</containerEntry>
        </property>
        <property name="transforms" type="Matrix4" container="DynamicArray" arraySize="5">
          <containerEntry r11="0.05327618" r12="0" r13="0.9985793" r14="0" r21="0" r22="1" r23="0" r24="0" r31="-0.9985793" r32="0" r33="0.05327618" r34="0" r41="2089.6936" r42="481.29044" r43="-1506.4425" r44="1"></containerEntry>
          <containerEntry r11="0.5629836" r12="-0.004098218" r13="0.8264577" r14="0" r21="0.025623549" r22="0.99959356" r23="-0.01249801" r24="0" r31="-0.8260705" r32="0.02821296" r33="0.5628598" r34="0" r41="2065.4766" r42="479.95847" r43="-1507.3575" r44="1"></containerEntry>
          <containerEntry r11="-0.6156577" r12="-0.040705305" r13="0.7869607" r14="0" r21="0.03000611" r22="0.99672973" r23="0.07503003" r24="0" r31="-0.78744125" r32="0.069806434" r33="-0.61242294" r34="0" r41="2178.936" r42="483.75208" r43="-1444.4215" r44="1"></containerEntry>
          <containerEntry r11="0.9005773" r12="-0.017654039" r13="0.43433705" r14="0" r21="0.025622562" r22="0.9995936" r23="-0.012497731" r24="0" r31="-0.4339399" r32="0.02238401" r33="0.9006636" r34="0" r41="2160.217" r42="515.13367" r43="-1512.9749" r44="1"></containerEntry>
