<fox formatVersion="2" fileVersion="0">
  <entities>
    <entity class="DataSet" classVersion="0" classID="0xE8" addr="0x2F04370" id="0x103B44C">
      <staticProperties>
        <property name="name" type="String" container="StaticArray" arraySize="1">
          <containerEntry hash="0xB8A0BF169F98"></containerEntry>
        </property>
        <property name="dataSet" type="EntityHandle" container="StaticArray" arraySize="1">
          <containerEntry>0x0</containerEntry>
        </property>
        <property name="dataList" type="EntityPtr" container="StringMap" arraySize="4">
          <containerEntry key="StaticModelArray0000">
            <data>0x2D783C0</data>
          </containerEntry>
          <containerEntry key="StaticModelArray0001">
            <data>0x2D78430</data>
          </containerEntry>
          <containerEntry key="StaticModelArray0002">
            <data>0x2D78510</data>
          </containerEntry>
          <containerEntry key="TexturePackLoadConditioner0000">
            <data>0x2D78120</data>
          </containerEntry>
        </property>
      </staticProperties>
      <dynamicProperties></dynamicProperties>
    </entity>
    <entity class="StaticModelArray" classVersion="4" classID="0xD0" addr="0x2D783C0" id="0x0">
      <staticProperties>
        <property name="name" type="String" container="StaticArray" arraySize="1">
          <containerEntry>StaticModelArray0000</containerEntry>
        </property>
        <property name="dataSet" type="EntityHandle" container="StaticArray" arraySize="1">
          <containerEntry>0x2F04370</containerEntry>
        </property>
        <property name="modelFile" type="FilePtr" container="StaticArray" arraySize="1">
          <containerEntry>/Assets/tpp/environ/object/middle_africa/rock/mafr_rock011/scenes/mafr_rock011.fmdl</containerEntry>
        </property>
        <property name="geomFile" type="FilePtr" container="StaticArray" arraySize="1">
          <containerEntry>/Assets/tpp/environ/object/middle_africa/rock/mafr_rock011/scenes/mafr_rock011.geom</containerEntry>
        </property>
        <property name="isVisibleGeom" type="Bool" container="StaticArray" arraySize="1">
          <containerEntry>false</containerEntry>
        </property>
        <property name="lodFarSize" type="Float" container="StaticArray" arraySize="1">
          <containerEntry>-1</containerEntry>
        </property>
        <property name="lodNearSize" type="Float" container="StaticArray" arraySize="1">
          <containerEntry>-1</containerEntry>
        </property>
        <property name="lodPolygonSize" type="Float" container="StaticArray" arraySize="1">
          <containerEntry>-1</containerEntry>
        </property>
        <property name="drawRejectionLevel" type="Int32" container="StaticArray" arraySize="1">
          <containerEntry>8</containerEntry>
        </property>
        <property name="drawMode" type="Int32" container="StaticArray" arraySize="1">
          <containerEntry>0</containerEntry>
        </property>
        <property name="rejectFarRangeShadowCast" type="Int32" container="StaticArray" arraySize="1">
          <containerEntry>2</containerEntry>
        </property>
        <property name="parentLocator" type="EntityLink" container="StaticArray" arraySize="1">
          <containerEntry packagePathHash="0xB8A0BF169F98" archivePathHash="0xB8A0BF169F98" nameInArchiveHash="0xB8A0BF169F98">0x0</containerEntry>
        </property>
        <property name="transforms" type="Matrix4" container="DynamicArray" arraySize="4">
          <containerEntry r11="0.8961842" r12="0.023299418" r13="-0.44306946" r14="0" r21="0.24160936" r22="0.81193995" r23="0.5313921" r24="0" r31="0.37212676" r32="-0.5832751" r33="0.7220185" r34="0" r41="1824.3096" r42="-7.009429" r43="1931.874" r44="1"></containerEntry>
          <containerEntry r11="-0.8549109" r12="-0.061554022" r13="-0.515106" r14="0" r21="0.24183427" r22="0.8311604" r23="-0.50068957" r24="0" r31="0.45895472" r32="-0.55261594" r33="-0.6956812" r34="0" r41="1894.8849" r42="-10.112164" r43="1985.0294" r44="1"></containerEntry>
          <containerEntry r11="0.54129803" r12="0.06787005" r13="0.8380871" r14="0" r21="-0.6412543" r22="0.67802995" r23="0.35926056" r24="0" r31="-0.5438651" r32="-0.731894" r33="0.41053826" r34="0" r41="1904.3755" r42="-8.831743" r43="1984.9038" r44="1"></containerEntry>
          <containerEntry r11="0.8372495" r12="0.10240616" r13="-0.53714585" r14="0" r21="0.24160992" r22="0.81194013" r23="0.53139174" r24="0" r31="0.490548" r32="-0.57468736" r33="0.65505415" r34="0" r41="1893.2504" r42="-8.338263" r43="1939.3213" r44="1"></containerEntry>
        </property>
        <property name="colors" type="UInt32" container="DynamicArray" arraySize="4">
          <containerEntry>4294967295</containerEntry>
          <containerEntry>4294967295</containerEntry>
          <containerEntry>4294967295</containerEntry>
          <containerEntry>4294967295</containerEntry>
        </property>
      </staticProperties>
      <dynamicProperties></dynamicProperties>
    </entity>
    <entity class="StaticModelArray" classVersion="4" classID="0xD0" addr="0x2D78430" id="0x0">
      <staticProperties>
        <property name="name" type="String" container="StaticArray" arraySize="1">
          <containerEntry>StaticModelArray0001</containerEntry>
        </property>
        <property name="dataSet" type="EntityHandle" container="StaticArray" arraySize="1">
          <containerEntry>0x2F04370</containerEntry>
        </property>
        <property name="modelFile" type="FilePtr" container="StaticArray" arraySize="1">
          <containerEntry>/Assets/tpp/environ/object/middle_africa/rock/mafr_rock002/scenes/mafr_rock002.fmdl</containerEntry>
        </property>
        <property name="geomFile" type="FilePtr" container="StaticArray" arraySize="1">
          <containerEntry>/Assets/tpp/environ/object/middle_africa/rock/mafr_rock002/scenes/mafr_rock002.geom</containerEntry>
        </property>
        <property name="isVisibleGeom" type="Bool" container="StaticArray" arraySize="1">
          <containerEntry>false</containerEntry>
        </property>
        <property name="lodFarSize" type="Float" container="StaticArray" arraySize="1">
          <containerEntry>-1</containerEntry>
        </property>
        <property name="lodNearSize" type="Float" container="StaticArray" arraySize="1">
          <containerEntry>-1</containerEntry>
        </property>
        <property name="lodPolygonSize" type="Float" container="StaticArray" arraySize="1">
          <containerEntry>-1</containerEntry>
        </property>
        <property name="drawRejectionLevel" type="Int32" container="StaticArray" arraySize="1">
          <containerEntry>8</containerEntry>
        </property>
        <property name="drawMode" type="Int32" container="StaticArray" arraySize="1">
          <containerEntry>0</containerEntry>
        </property>
        <property name="rejectFarRangeShadowCast" type="Int32" container="StaticArray" arraySize="1">
          <containerEntry>2</containerEntry>
        </property>
        <property name="parentLocator" type="EntityLink" container="StaticArray" arraySize="1">
          <containerEntry packagePathHash="0xB8A0BF169F98" archivePathHash="0xB8A0BF169F98" nameInArchiveHash="0xB8A0BF169F98">0x0</containerEntry>
        </property>
        <property name="transforms" type="Matrix4" container="DynamicArray" arraySize="8">
          <containerEntry r11="-0.89199704" r12="0.007979826" r13="0.45198935" r14="0" r21="0.08609706" r22="0.9845415" r23="0.15252987" r24="0" r31="-0.4437851" r32="0.17497124" r33="-0.87889516" r34="0" r41="1802.8845" r42="-6.192029" r43="2044.3917" r44="1"></containerEntry>
          <containerEntry r11="0.57876503" r12="0" r13="-0.81550306" r14="0" r21="0" r22="1" r23="0" r24="0" r31="0.81550306" r32="0" r33="0.57876503" r34="0" r41="1810.0321" r42="-7.185963" r43="2037.2391" r44="1"></containerEntry>
          <containerEntry r11="0.82062876" r12="0" r13="0.5714705" r14="0" r21="0" r22="1" r23="0" r24="0" r31="-0.5714705" r32="0" r33="0.82062876" r34="0" r41="1817.5874" r42="-10.024076" r43="2011.042" r44="1"></containerEntry>
          <containerEntry r11="-0.98821616" r12="-0.062325068" r13="-0.13982406" r14="0" r21="-0.06173961" r22="0.9980559" r23="-0.008524254" r24="0" r31="0.14008349" r32="0.0002088821" r33="-0.9901429" r34="0" r41="1826.231" r42="-9.963507" r43="2013.4163" r44="1"></containerEntry>
          <containerEntry r11="0.11442194" r12="4.4703484e-08" r13="-0.9934335" r14="0" r21="-0.23190013" r22="0.9723729" r23="-0.026710145" r24="0" r31="0.9659878" r32="0.23343328" r33="0.11126077" r34="0" r41="1864.1028" r42="-6.735148" r43="1975.918" r44="1"></containerEntry>
          <containerEntry r11="0.991951" r12="0" r13="0.12662247" r14="0" r21="0" r22="1" r23="0" r24="0" r31="-0.12662247" r32="0" r33="0.991951" r34="0" r41="1870.8529" r42="-7.137897" r43="2000.9779" r44="1"></containerEntry>
          <containerEntry r11="0.70691144" r12="0" r13="-0.7073023" r14="0" r21="0" r22="1" r23="0" r24="0" r31="0.7073023" r32="0" r33="0.70691144" r34="0" r41="1878.7646" r42="-6.729208" r43="2001.5775" r44="1"></containerEntry>
          <containerEntry r11="0.70691144" r12="0" r13="-0.7073023" r14="0" r21="0" r22="1" r23="0" r24="0" r31="0.7073023" r32="0" r33="0.70691144" r34="0" r41="1896.8572" r42="-5.579695" r43="1942.1316" r44="1"></containerEntry>
        </property>
        <property name="colors" type="UInt32" container="DynamicArray" arraySize="8">
          <containerEntry>4294967295</containerEntry>
          <containerEntry>4294967295</containerEntry>
          <containerEntry>4294967295</containerEntry>
          <containerEntry>4294967295</containerEntry>
          <containerEntry>4294967295</containerEntry>
          <containerEntry>4294967295</containerEntry>
          <containerEntry>4294967295</containerEntry>
          <containerEntry>4294967295</containerEntry>
        </property>
      </staticProperties>
      <dynamicProperties></dynamicProperties>
    </entity>
    <entity class="StaticModelArray" classVersion="4" classID="0xD0" addr="0x2D78510" id="0x0">
      <staticProperties>
        <property name="name" type="String" container="StaticArray" arraySize="1">
          <containerEntry>StaticModelArray0002</containerEntry>
        </property>
        <property name="dataSet" type="EntityHandle" container="StaticArray" arraySize="1">
          <containerEntry>0x2F04370</containerEntry>
        </property>
        <property name="modelFile" type="FilePtr" container="StaticArray" arraySize="1">
          <containerEntry>/Assets/tpp/environ/object/middle_africa/cliff/mafr_clff003/scenes/mafr_clff003.fmdl</containerEntry>
        </property>
        <property name="geomFile" type="FilePtr" container="StaticArray" arraySize="1">
          <containerEntry>/Assets/tpp/environ/object/middle_africa/cliff/mafr_clff003/scenes/mafr_clff003.geom</containerEntry>
        </property>
        <property name="isVisibleGeom" type="Bool" container="StaticArray" arraySize="1">
          <containerEntry>false</containerEntry>
        </property>
        <property name="lodFarSize" type="Float" container="StaticArray" arraySize="1">
          <containerEntry>-1</containerEntry>
        </property>
        <property name="lodNearSize" type="Float" container="StaticArray" arraySize="1">
          <containerEntry>-1</containerEntry>
        </property>
        <property name="lodPolygonSize" type="Float" container="StaticArray" arraySize="1">
          <containerEntry>-1</containerEntry>
        </property>
        <property name="drawRejectionLevel" type="Int32" container="StaticArray" arraySize="1">
          <containerEntry>8</containerEntry>
        </property>
        <property name="drawMode" type="Int32" container="StaticArray" arraySize="1">
          <containerEntry>0</containerEntry>
        </property>
        <property name="rejectFarRangeShadowCast" type="Int32" container="StaticArray" arraySize="1">
          <containerEntry>2</containerEntry>
        </property>
        <property name="parentLocator" type="EntityLink" container="StaticArray" arraySize="1">
          <containerEntry packagePathHash="0xB8A0BF169F98" archivePathHash="0xB8A0BF169F98" nameInArchiveHash="0xB8A0BF169F98">0x0</containerEntry>
        </property>
        <property name="transforms" type="Matrix4" container="DynamicArray" arraySize="2">
          <containerEntry r11="-0.55789816" r12="0.114427336" r13="-0.8219837" r14="0" r21="0.07996274" r22="0.99325246" r23="0.08399709" r24="0" r31="0.82604885" r32="-0.01886627" r33="-0.5632836" r34="0" r41="1859.3969" r42="-6.469147" r43="1940.1381" r44="1"></containerEntry>
          <containerEntry r11="0.75665313" r12="0.046339106" r13="0.65217227" r14="0" r21="-0.035099756" r22="0.99892575" r23="-0.030254256" r24="0" r31="-0.6528737" r32="8.8848174e-07" r33="0.7574668" r34="0" r41="1825.8337" r42="-8.088354" r43="1980.4055" r44="1"></containerEntry>
        </property>
        <property name="colors" type="UInt32" container="DynamicArray" arraySize="2">
          <containerEntry>4294967295</containerEntry>
          <containerEntry>4294967295</containerEntry>
        </property>
      </staticProperties>
      <dynamicProperties></dynamicProperties>
    </entity>
    <entity class="TexturePackLoadConditioner" classVersion="0" classID="0x48" addr="0x2D78120" id="0x0">
      <staticProperties>
        <property name="name" type="String" container="StaticArray" arraySize="1">
          <containerEntry>TexturePackLoadConditioner0000</containerEntry>
        </property>
        <property name="dataSet" type="EntityHandle" container="StaticArray" arraySize="1">
          <containerEntry>0x2F04370</containerEntry>
        </property>
        <property name="texturePackPath" type="Path" container="StaticArray" arraySize="1">
          <containerEntry hash="0xB8A0BF169F98"></containerEntry>
        </property>
      </staticProperties>
      <dynamicProperties></dynamicProperties>
    </entity>
  </entities>
</fox>