<fox formatVersion="2" fileVersion="0">
  <entities>
    <entity class="DataSet" classVersion="0" classID="0xE8" addr="0x2EF1E40" id="0x5120FEE">
      <staticProperties>
        <property name="name" type="String" container="StaticArray" arraySize="1">
          <containerEntry hash="0xB8A0BF169F98"></containerEntry>
        </property>
        <property name="dataSet" type="EntityHandle" container="StaticArray" arraySize="1">
          <containerEntry>0x0</containerEntry>
        </property>
        <property name="dataList" type="EntityPtr" container="StringMap" arraySize="8">
          <containerEntry key="mafr_clff004_grnd001_0000">
            <data>0x2D793F0</data>
          </containerEntry>
          <containerEntry key="StaticModelArray0000">
            <data>0x2D7DC20</data>
          </containerEntry>
          <containerEntry key="StaticModelArray0001">
            <data>0x2D7DC90</data>
          </containerEntry>
          <containerEntry key="StaticModelArray0002">
            <data>0x2D7DD70</data>
          </containerEntry>
          <containerEntry key="StaticModelArray0003">
            <data>0x2D7DD00</data>
          </containerEntry>
          <containerEntry key="StaticModelArray0004">
            <data>0x2D7ADC0</data>
          </containerEntry>
          <containerEntry key="StaticModelArray0005">
            <data>0x2D7D590</data>
          </containerEntry>
          <containerEntry key="TexturePackLoadConditioner0000">
            <data>0x2D7E0F0</data>
          </containerEntry>
        </property>
      </staticProperties>
      <dynamicProperties></dynamicProperties>
    </entity>
    <entity class="StaticModel" classVersion="9" classID="0x160" addr="0x2D793F0" id="0x51211B7">
      <staticProperties>
        <property name="name" type="String" container="StaticArray" arraySize="1">
          <containerEntry>mafr_clff004_grnd001_0000</containerEntry>
        </property>
        <property name="dataSet" type="EntityHandle" container="StaticArray" arraySize="1">
          <containerEntry>0x2EF1E40</containerEntry>
        </property>
        <property name="parent" type="EntityHandle" container="StaticArray" arraySize="1">
          <containerEntry>0x0</containerEntry>
        </property>
        <property name="transform" type="EntityPtr" container="StaticArray" arraySize="1">
          <containerEntry>0x2D79460</containerEntry>
        </property>
        <property name="shearTransform" type="EntityPtr" container="StaticArray" arraySize="1">
          <containerEntry>0x0</containerEntry>
        </property>
        <property name="pivotTransform" type="EntityPtr" container="StaticArray" arraySize="1">
          <containerEntry>0x0</containerEntry>
        </property>
        <property name="children" type="EntityHandle" container="List"></property>
        <property name="flags" type="UInt32" container="StaticArray" arraySize="1">
          <containerEntry>7</containerEntry>
        </property>
        <property name="modelFile" type="FilePtr" container="StaticArray" arraySize="1">
          <containerEntry>/Assets/tpp/environ/object/middle_africa/cliff/mafr_clff004/scenes/mafr_clff004_grnd001.fmdl</containerEntry>
        </property>
        <property name="geomFile" type="FilePtr" container="StaticArray" arraySize="1">
          <containerEntry>/Assets/tpp/environ/object/middle_africa/cliff/mafr_clff004/scenes/mafr_clff004_grnd001.geom</containerEntry>
        </property>
        <property name="isVisibleGeom" type="Bool" container="StaticArray" arraySize="1">
          <containerEntry>false</containerEntry>
        </property>
        <property name="isIsolated" type="Bool" container="StaticArray" arraySize="1">
          <containerEntry>false</containerEntry>
        </property>
        <property name="lodFarSize" type="Float" container="StaticArray" arraySize="1">
          <containerEntry>-1</containerEntry>
        </property>
        <property name="lodNearSize" type="Float" container="StaticArray" arraySize="1">
          <containerEntry>-1</containerEntry>
        </property>
        <property name="lodPolygonSize" type="Float" container="StaticArray" arraySize="1">
          <containerEntry>-1</containerEntry>
        </property>
        <property name="color" type="Color" container="StaticArray" arraySize="1">
          <containerEntry r="1" g="1" b="1" a="1"></containerEntry>
        </property>
        <property name="drawRejectionLevel" type="Int32" container="StaticArray" arraySize="1">
          <containerEntry>8</containerEntry>
        </property>
        <property name="drawMode" type="Int32" container="StaticArray" arraySize="1">
          <containerEntry>0</containerEntry>
        </property>
        <property name="rejectFarRangeShadowCast" type="Int32" container="StaticArray" arraySize="1">
          <containerEntry>2</containerEntry>
        </property>
      </staticProperties>
      <dynamicProperties></dynamicProperties>
    </entity>
    <entity class="TransformEntity" classVersion="0" classID="0x50" addr="0x2D79460" id="0x51211BA">
      <staticProperties>
        <property name="owner" type="EntityHandle" container="StaticArray" arraySize="1">
          <containerEntry>0x2D793F0</containerEntry>
        </property>
        <property name="transform_scale" type="Vector3" container="StaticArray" arraySize="1">
          <containerEntry x="1" y="1" z="1" w="0"></containerEntry>
        </property>
        <property name="transform_rotation_quat" type="Quat" container="StaticArray" arraySize="1">
          <containerEntry x="-0.058948" y="0.179043" z="0.117373" w="0.975034"></containerEntry>
        </property>
        <property name="transform_translation" type="Vector3" container="StaticArray" arraySize="1">
          <containerEntry x="2237.481" y="7.80738" z="1738.4059" w="0"></containerEntry>
        </property>
      </staticProperties>
      <dynamicProperties></dynamicProperties>
    </entity>
    <entity class="StaticModelArray" classVersion="4" classID="0xD0" addr="0x2D7DC20" id="0x0">
      <staticProperties>
        <property name="name" type="String" container="StaticArray" arraySize="1">
          <containerEntry>StaticModelArray0000</containerEntry>
        </property>
        <property name="dataSet" type="EntityHandle" container="StaticArray" arraySize="1">
          <containerEntry>0x2EF1E40</containerEntry>
        </property>
        <property name="modelFile" type="FilePtr" container="StaticArray" arraySize="1">
          <containerEntry>/Assets/tpp/environ/object/middle_africa/rock/mafr_rock007/scenes/mafr_rock007.fmdl</containerEntry>
        </property>
        <property name="geomFile" type="FilePtr" container="StaticArray" arraySize="1">
          <containerEntry>/Assets/tpp/environ/object/middle_africa/rock/mafr_rock007/scenes/mafr_rock007.geom</containerEntry>
        </property>
        <property name="isVisibleGeom" type="Bool" container="StaticArray" arraySize="1">
          <containerEntry>false</containerEntry>
        </property>
        <property name="lodFarSize" type="Float" container="StaticArray" arraySize="1">
          <containerEntry>-1</containerEntry>
        </property>
        <property name="lodNearSize" type="Float" container="StaticArray" arraySize="1">
          <containerEntry>-1</containerEntry>
        </property>
        <property name="lodPolygonSize" type="Float" container="StaticArray" arraySize="1">
          <containerEntry>-1</containerEntry>
        </property>
        <property name="drawRejectionLevel" type="Int32" container="StaticArray" arraySize="1">
          <containerEntry>8</containerEntry>
        </property>
        <property name="drawMode" type="Int32" container="StaticArray" arraySize="1">
          <containerEntry>0</containerEntry>
        </property>
        <property name="rejectFarRangeShadowCast" type="Int32" container="StaticArray" arraySize="1">
          <containerEntry>2</containerEntry>
        </property>
        <property name="parentLocator" type="EntityLink" container="StaticArray" arraySize="1">
          <containerEntry packagePathHash="0xB8A0BF169F98" archivePathHash="0xB8A0BF169F98" nameInArchiveHash="0xB8A0BF169F98">0x0</containerEntry>
        </property>
        <property name="transforms" type="Matrix4" container="DynamicArray" arraySize="3">
          <containerEntry r11="-0.92318827" r12="0.032852642" r13="0.38294056" r14="0" r21="-0.00012074861" r22="-0.99635565" r23="0.085186705" r24="0" r31="0.3843445" r32="0.078597315" r33="0.91983026" r34="0" r41="2194.0325" r42="10.054888" r43="1689.8905" r44="1"></containerEntry>
          <containerEntry r11="0.84095836" r12="-0.22262022" r13="0.49318314" r14="0" r21="-0.24578229" r22="-0.9691437" r23="-0.018366134" r24="0" r31="0.48205402" r32="-0.10577062" r33="-0.86972755" r34="0" r41="2263.3672" r42="1.413738" r43="1762.2024" r44="1"></containerEntry>
          <containerEntry r11="-0.7188779" r12="0.048211858" r13="0.69346476" r14="0" r21="-0.051351607" r22="0.9911741" r23="-0.122143015" r24="0" r31="-0.6932345" r32="-0.12341647" r33="-0.71005887" r34="0" r41="2209.8906" r42="4.021339" r43="1757.1384" r44="1"></containerEntry>
        </property>
        <property name="colors" type="UInt32" container="DynamicArray" arraySize="3">
          <containerEntry>4294967295</containerEntry>
          <containerEntry>4294967295</containerEntry>
          <containerEntry>4294967295</containerEntry>
        </property>
      </staticProperties>
      <dynamicProperties></dynamicProperties>
    </entity>
    <entity class="StaticModelArray" classVersion="4" classID="0xD0" addr="0x2D7DC90" id="0x0">
      <staticProperties>
        <property name="name" type="String" container="StaticArray" arraySize="1">
          <containerEntry>StaticModelArray0001</containerEntry>
        </property>
        <property name="dataSet" type="EntityHandle" container="StaticArray" arraySize="1">
          <containerEntry>0x2EF1E40</containerEntry>
        </property>
        <property name="modelFile" type="FilePtr" container="StaticArray" arraySize="1">
          <containerEntry>/Assets/tpp/environ/object/middle_africa/rock/mafr_rock001/scenes/mafr_rock001_vrtn003.fmdl</containerEntry>
        </property>
        <property name="geomFile" type="FilePtr" container="StaticArray" arraySize="1">
          <containerEntry>/Assets/tpp/environ/object/middle_africa/rock/mafr_rock001/scenes/mafr_rock001_vrtn003.geom</containerEntry>
        </property>
        <property name="isVisibleGeom" type="Bool" container="StaticArray" arraySize="1">
          <containerEntry>false</containerEntry>
        </property>
        <property name="lodFarSize" type="Float" container="StaticArray" arraySize="1">
          <containerEntry>-1</containerEntry>
        </property>
        <property name="lodNearSize" type="Float" container="StaticArray" arraySize="1">
          <containerEntry>-1</containerEntry>
        </property>
        <property name="lodPolygonSize" type="Float" container="StaticArray" arraySize="1">
          <containerEntry>-1</containerEntry>
        </property>
        <property name="drawRejectionLevel" type="Int32" container="StaticArray" arraySize="1">
          <containerEntry>8</containerEntry>
        </property>
        <property name="drawMode" type="Int32" container="StaticArray" arraySize="1">
          <containerEntry>0</containerEntry>
        </property>
        <property name="rejectFarRangeShadowCast" type="Int32" container="StaticArray" arraySize="1">
          <containerEntry>2</containerEntry>
        </property>
        <property name="parentLocator" type="EntityLink" container="StaticArray" arraySize="1">
          <containerEntry packagePathHash="0xB8A0BF169F98" archivePathHash="0xB8A0BF169F98" nameInArchiveHash="0xB8A0BF169F98">0x0</containerEntry>
        </property>
        <property name="transforms" type="Matrix4" container="DynamicArray" arraySize="7">
          <containerEntry r11="-0.88066626" r12="0.07447715" r13="-0.46784446" r14="0" r21="0.019205889" r22="0.9923659" r23="0.12182376" r24="0" r31="0.47334597" r32="0.0983008" r33="-0.87537354" r34="0" r41="2226.8572" r42="8.735078" r43="1734.3079" r44="1"></containerEntry>
          <containerEntry r11="-0.44367257" r12="0.012459367" r13="0.89610004" r14="0" r21="0.042376976" r22="0.99907655" r23="0.00709041" r24="0" r31="-0.89518416" r32="0.041119903" r33="-0.44379085" r34="0" r41="2200.3088" r42="2.011812" r43="1767.822" r44="1"></containerEntry>
          <containerEntry r11="-0.36415246" r12="0.1356944" r13="-0.92140085" r14="0" r21="0.008249819" r22="0.9897603" r23="0.14250118" r24="0" r31="0.9313025" r32="0.0442908" r33="-0.36154306" r34="0" r41="2213.754" r42="6.916316" r43="1740.511" r44="1"></containerEntry>
          <containerEntry r11="0.6236775" r12="-0.09141093" r13="-0.7763175" r14="0" r21="0.09999878" r22="0.9943089" r23="-0.036742352" r24="0" r31="0.77525806" r32="-0.05471562" r33="0.629269" r34="0" r41="2293.9912" r42="2.361354" r43="1698.2902" r44="1"></containerEntry>
          <containerEntry r11="0.9472056" r12="-0.11351168" r13="0.29986075" r14="0" r21="0.07148409" r22="0.986458" r23="0.1476162" r24="0" r31="-0.31255624" r32="-0.118387565" r33="0.94249284" r34="0" r41="2252.5166" r42="-0.858092" r43="1767.4424" r44="1"></containerEntry>
          <containerEntry r11="-0.4597708" r12="0.030946404" r13="-0.88749427" r14="0" r21="0.19857751" r22="0.97766846" r23="-0.06878395" r24="0" r31="0.8655465" r32="-0.20786193" r33="-0.4556486" r34="0" r41="2281.548" r42="4.121036" r43="1699.7269" r44="1"></containerEntry>
          <containerEntry r11="0.44223532" r12="-0.018246388" r13="0.89671344" r14="0" r21="0.06313448" r22="0.99794626" r23="-0.010829972" r24="0" r31="-0.89467424" r32="0.06140293" r33="0.44247907" r34="0" r41="2270.0806" r42="5.865438" r43="1732.7285" r44="1"></containerEntry>
        </property>
        <property name="colors" type="UInt32" container="DynamicArray" arraySize="7">
          <containerEntry>4294967295</containerEntry>
          <containerEntry>4294967295</containerEntry>
          <containerEntry>4294967295</containerEntry>
          <containerEntry>4294967295</containerEntry>
          <containerEntry>4294967295</containerEntry>
          <containerEntry>4294967295</containerEntry>
          <containerEntry>4294967295</containerEntry>
        </property>
      </staticProperties>
      <dynamicProperties></dynamicProperties>
    </entity>
    <entity class="StaticModelArray" classVersion="4" classID="0xD0" addr="0x2D7DD70" id="0x0">
      <staticProperties>
        <property name="name" type="String" container="StaticArray" arraySize="1">
          <containerEntry>StaticModelArray0002</containerEntry>
        </property>
        <property name="dataSet" type="EntityHandle" container="StaticArray" arraySize="1">
          <containerEntry>0x2EF1E40</containerEntry>
        </property>
        <property name="modelFile" type="FilePtr" container="StaticArray" arraySize="1">
          <containerEntry>/Assets/tpp/environ/object/middle_africa/cliff/mafr_clff003/scenes/mafr_clff003_vrtn001.fmdl</containerEntry>
        </property>
        <property name="geomFile" type="FilePtr" container="StaticArray" arraySize="1">
          <containerEntry>/Assets/tpp/environ/object/middle_africa/cliff/mafr_clff003/scenes/mafr_clff003_vrtn001.geom</containerEntry>
        </property>
        <property name="isVisibleGeom" type="Bool" container="StaticArray" arraySize="1">
          <containerEntry>false</containerEntry>
        </property>
        <property name="lodFarSize" type="Float" container="StaticArray" arraySize="1">
          <containerEntry>-1</containerEntry>
        </property>
        <property name="lodNearSize" type="Float" container="StaticArray" arraySize="1">
          <containerEntry>-1</containerEntry>
        </property>
        <property name="lodPolygonSize" type="Float" container="StaticArray" arraySize="1">
          <containerEntry>-1</containerEntry>
        </property>
        <property name="drawRejectionLevel" type="Int32" container="StaticArray" arraySize="1">
          <containerEntry>8</containerEntry>
        </property>
        <property name="drawMode" type="Int32" container="StaticArray" arraySize="1">
          <containerEntry>0</containerEntry>
        </property>
        <property name="rejectFarRangeShadowCast" type="Int32" container="StaticArray" arraySize="1">
          <containerEntry>2</containerEntry>
        </property>
        <property name="parentLocator" type="EntityLink" container="StaticArray" arraySize="1">
          <containerEntry packagePathHash="0xB8A0BF169F98" archivePathHash="0xB8A0BF169F98" nameInArchiveHash="0xB8A0BF169F98">0x0</containerEntry>
        </property>
        <property name="transforms" type="Matrix4" container="DynamicArray" arraySize="30">
          <containerEntry r11="0.8343683" r12="-0.17147058" r13="0.5238561" r14="0" r21="0.3375364" r22="0.91029567" r23="-0.23964524" r24="0" r31="-0.43577123" r32="0.37677377" r33="0.81739986" r34="0" r41="2223.7805" r42="3.156503" r43="1741.8069" r44="1"></containerEntry>
          <containerEntry r11="-0.2760706" r12="-0.16308933" r13="0.67799485" r14="0" r21="0.53840256" r22="0.41356945" r23="0.31871584" r24="0" r31="-0.44316798" r32="0.6040356" r33="-0.035151824" r34="0" r41="2245.559" r42="2.16035" r43="1741.8069" r44="1"></containerEntry>
          <containerEntry r11="0.47706833" r12="-0.11991657" r13="0.5661479" r14="0" r21="0.44947475" r22="0.53894293" r23="-0.26459616" r24="0" r31="-0.36452156" r32="0.5076009" r33="0.41468364" r34="0" r41="2266.95" r42="2.57345" r43="1741.8069" r44="1"></containerEntry>
          <containerEntry r11="-0.5759801" r12="-0.013746221" r13="-0.48015484" r14="0" r21="-0.2914415" r22="0.6059408" r23="0.33225983" r24="0" r31="0.38183704" r32="0.4417531" r33="-0.47068697" r34="0" r41="2269.1924" r42="2.716111" r43="1719.3119" r44="1"></containerEntry>
          <containerEntry r11="-0.4974648" r12="-0.0844993" r13="-0.8633485" r14="0" r21="-0.35815427" r22="0.9264659" r23="0.11569616" r24="0" r31="0.79008627" r32="0.3667696" r33="-0.49114746" r34="0" r41="2274.1667" r42="0.962654" r43="1693.2091" r44="1"></containerEntry>
          <containerEntry r11="-0.9200188" r12="-0.08483374" r13="-0.38254747" r14="0" r21="-0.33739448" r22="0.6679726" r23="0.6633047" r24="0" r31="0.19925937" r32="0.7393317" r33="-0.64316565" r34="0" r41="2199.9592" r42="4.830166" r43="1729.4376" r44="1"></containerEntry>
          <containerEntry r11="0.8935312" r12="-0.13862488" r13="0.4270643" r14="0" r21="0.4401814" r22="0.4580365" r23="-0.77229315" r24="0" r31="-0.088550076" r32="0.87805444" r33="0.4702907" r34="0" r41="2282.478" r42="-3.803073" r43="1677.9141" r44="1"></containerEntry>
          <containerEntry r11="-0.2748609" r12="-0.116548195" r13="-0.68801117" r14="0" r21="-0.3854566" r22="0.64177275" r23="0.04527779" r24="0" r31="0.5816924" r32="0.37019372" r33="-0.29509616" r34="0" r41="2298.2593" r42="-2.194965" r43="1687.792" r44="1"></containerEntry>
          <containerEntry r11="0.5462637" r12="-0.037490565" r13="-0.512532" r14="0" r21="-0.23055513" r22="0.6506211" r23="-0.2933186" r24="0" r31="0.45928082" r32="0.3711953" r33="0.46235615" r34="0" r41="2275.0266" r42="2.11162" r43="1750.6913" r44="1"></containerEntry>
          <containerEntry r11="0.4302352" r12="-0.09191485" r13="-0.60741013" r14="0" r21="-0.18763067" r22="0.68646276" r23="-0.23677659" r24="0" r31="0.58497024" r32="0.28778479" r33="0.37079263" r34="0" r41="2285.1707" r42="-0.002379" r43="1722.8984" r44="1"></containerEntry>
          <containerEntry r11="0.98883" r12="-0.0017371438" r13="-0.14903735" r14="0" r21="-0.07658267" r22="0.8519225" r23="-0.51803637" r24="0" r31="0.12786807" r32="0.52366364" r33="0.8422735" r34="0" r41="2254.5461" r42="-3.017139" r43="1760.4382" r44="1"></containerEntry>
          <containerEntry r11="-0.6390472" r12="-0.06818562" r13="0.38660172" r14="0" r21="0.28200015" r22="0.43410027" r23="0.54270697" r24="0" r31="-0.27310452" r32="0.6077876" r33="-0.3442405" r34="0" r41="2276.6433" r42="0.671519" r43="1753.6593" r44="1"></containerEntry>
          <containerEntry r11="0.9478992" r12="-0.010904051" r13="-0.3183825" r14="0" r21="-0.20557943" r22="0.74252826" r23="-0.6374834" r24="0" r31="0.24335861" r32="0.6697232" r33="0.7016004" r34="0" r41="2199.6875" r42="5.656421" r43="1679.6681" r44="1"></containerEntry>
          <containerEntry r11="0.8521126" r12="0.15863818" r13="0.4987343" r14="0" r21="0.32279548" r22="0.59079945" r23="-0.7394275" r24="0" r31="-0.41195273" r32="0.79106504" r33="0.45222002" r34="0" r41="2199.6223" r42="4.813618" r43="1672.581" r44="1"></containerEntry>
          <containerEntry r11="0.33796164" r12="-0.08309333" r13="0.66435874" r14="0" r21="0.4442023" r22="0.5846559" r23="-0.15283942" r24="0" r31="-0.50096047" r32="0.46235383" r33="0.31266975" r34="0" r41="2203.6694" r42="7.487617" r43="1715.676" r44="1"></containerEntry>
          <containerEntry r11="-0.3606938" r12="-0.1348391" r13="0.64359236" r14="0" r21="0.43652236" r22="0.49988303" r23="0.34937596" r24="0" r31="-0.49177328" r32="0.5426175" r33="-0.16192397" r34="0" r41="2282.7734" r42="-3.498173" r43="1765.5048" r44="1"></containerEntry>
          <containerEntry r11="0.74816626" r12="-0.05088811" r13="0.012554485" r14="0" r21="0.0509231" r22="0.66318667" r23="-0.34653965" r24="0" r31="0.012411803" r32="0.34654477" r33="0.6650204" r34="0" r41="2267.2705" r42="-2.705086" r43="1765.3815" r44="1"></containerEntry>
          <containerEntry r11="0.6666557" r12="-0.030427795" r13="-0.34226257" r14="0" r21="-0.10776944" r22="0.69084466" r23="-0.27132818" r24="0" r31="0.3262748" r32="0.29035732" r33="0.6097018" r34="0" r41="2265.266" r42="-3.975643" r43="1768.5596" r44="1"></containerEntry>
          <containerEntry r11="0.74459904" r12="-0.08392916" r13="0.03206394" r14="0" r21="0.089844055" r22="0.6940787" r23="-0.2695968" r24="0" r31="0.0004963679" r32="0.27149636" r33="0.69913447" r34="0" r41="2245.2678" r42="-7.548873" r43="1781.1088" r44="1"></containerEntry>
          <containerEntry r11="-0.5636885" r12="0.0003453344" r13="-0.49471784" r14="0" r21="-0.39779314" r22="0.4455751" r23="0.45356503" r24="0" r31="0.29411983" r32="0.6032914" r33="-0.33470172" r34="0" r41="2245.2678" r42="-4.123456" r43="1774.209" r44="1"></containerEntry>
          <containerEntry r11="-0.7348828" r12="-0.009165578" r13="-0.14949991" r14="0" r21="-0.13747887" r22="0.33838528" r23="0.65505064" r24="0" r31="0.059445675" r32="0.66925913" r33="-0.33323997" r34="0" r41="2221.053" r42="-5.096101" r43="1777.9768" r44="1"></containerEntry>
          <containerEntry r11="0.54766405" r12="0.0948396" r13="-0.50355554" r14="0" r21="-0.2789801" r22="0.67341465" r23="-0.17658508" r24="0" r31="0.42980564" r32="0.31625566" r33="0.5270181" r34="0" r41="2206.2114" r42="-3.924708" r43="1775.1576" r44="1"></containerEntry>
          <containerEntry r11="-0.7256978" r12="-0.24932112" r13="0.64123374" r14="0" r21="0.49365222" r22="0.46049863" r23="0.7377276" r24="0" r31="-0.47921735" r32="0.8519234" r33="-0.21109855" r34="0" r41="2226.334" r42="-6.471385" r43="1777.9508" r44="1"></containerEntry>
          <containerEntry r11="0.7678592" r12="-0.034579046" r13="-0.63968277" r14="0" r21="-0.18981925" r22="0.94141954" r23="-0.2787423" r24="0" r31="0.61184835" r32="0.3354593" r33="0.7163139" r34="0" r41="2235.0603" r42="-1.87638" r43="1759.6904" r44="1"></containerEntry>
          <containerEntry r11="0.9774937" r12="0.02928698" r13="-0.20892091" r14="0" r21="-0.12366018" r22="0.8818884" r23="-0.4549498" r24="0" r31="0.17092057" r32="0.4705459" r33="0.86566204" r34="0" r41="2194.3147" r42="0.873908" r43="1754.3542" r44="1"></containerEntry>
          <containerEntry r11="-0.7391441" r12="0.051066343" r13="-0.116390616" r14="0" r21="-0.005768508" r22="0.6726167" r23="0.3317421" r24="0" r31="0.12696956" r32="0.32783887" r33="-0.6624874" r34="0" r41="2236.4536" r42="5.813258" r43="1682.5817" r44="1"></containerEntry>
          <containerEntry r11="0.6516777" r12="-0.028909743" r13="0.75794196" r14="0" r21="0.5976176" r22="0.63492674" r23="-0.48960865" r24="0" r31="-0.4670813" r32="0.7720283" r33="0.43104547" r34="0" r41="2223.7454" r42="6.357019" r43="1690.137" r44="1"></containerEntry>
          <containerEntry r11="0.98602873" r12="-0.13545935" r13="0.09694251" r14="0" r21="0.14629753" r22="0.42595893" r23="-0.89283204" r24="0" r31="0.07964998" r32="0.89454055" r33="0.43982533" r34="0" r41="2241.2976" r42="2.927893" r43="1680.2285" r44="1"></containerEntry>
          <containerEntry r11="-0.48939916" r12="0.12445976" r13="-0.55451393" r14="0" r21="-0.39297733" r22="0.45452994" r23="0.4488523" r24="0" r31="0.410542" r32="0.5834461" r33="-0.23137857" r34="0" r41="2215.852" r42="0.386195" r43="1760.1191" r44="1"></containerEntry>
          <containerEntry r11="-0.672169" r12="0.061662346" r13="-0.7378108" r14="0" r21="-0.4320693" r22="0.7765694" r23="0.45853367" r24="0" r31="0.60123473" r32="0.6270046" r33="-0.49534094" r34="0" r41="2241.408" r42="1.203452" r43="1744.7843" r44="1"></containerEntry>
        </property>
        <property name="colors" type="UInt32" container="DynamicArray" arraySize="30">
          <containerEntry>4294967295</containerEntry>
          <containerEntry>4294967295</containerEntry>
          <containerEntry>4294967295</containerEntry>
          <containerEntry>4294967295</containerEntry>
          <containerEntry>4294967295</containerEntry>
          <containerEntry>4294967295</containerEntry>
          <containerEntry>4294967295</containerEntry>
          <containerEntry>4294967295</containerEntry>
          <containerEntry>4294967295</containerEntry>
          <containerEntry>4294967295</containerEntry>
          <containerEntry>4294967295</containerEntry>
          <containerEntry>4294967295</containerEntry>
          <containerEntry>4294967295</containerEntry>
          <containerEntry>4294967295</containerEntry>
          <containerEntry>4294967295</containerEntry>
          <containerEntry>4294967295</containerEntry>
          <containerEntry>4294967295</containerEntry>
          <containerEntry>4294967295</containerEntry>
          <containerEntry>4294967295</containerEntry>
          <containerEntry>4294967295</containerEntry>
          <containerEntry>4294967295</containerEntry>
          <containerEntry>4294967295</containerEntry>
          <containerEntry>4294967295</containerEntry>
          <containerEntry>4294967295</containerEntry>
          <containerEntry>4294967295</containerEntry>
          <containerEntry>4294967295</containerEntry>
          <containerEntry>4294967295</containerEntry>
          <containerEntry>4294967295</containerEntry>
          <containerEntry>4294967295</containerEntry>
          <containerEntry>4294967295</containerEntry>
        </property>
      </staticProperties>
      <dynamicProperties></dynamicProperties>
    </entity>
    <entity class="StaticModelArray" classVersion="4" classID="0xD0" addr="0x2D7DD00" id="0x0">
      <staticProperties>
        <property name="name" type="String" container="StaticArray" arraySize="1">
          <containerEntry>StaticModelArray0003</containerEntry>
        </property>
        <property name="dataSet" type="EntityHandle" container="StaticArray" arraySize="1">
          <containerEntry>0x2EF1E40</containerEntry>
        </property>
        <property name="modelFile" type="FilePtr" container="StaticArray" arraySize="1">
          <containerEntry>/Assets/tpp/environ/object/middle_africa/rock/mafr_rock001/scenes/mafr_rock001.fmdl</containerEntry>
        </property>
        <property name="geomFile" type="FilePtr" container="StaticArray" arraySize="1">
          <containerEntry>/Assets/tpp/environ/object/middle_africa/rock/mafr_rock001/scenes/mafr_rock001.geom</containerEntry>
        </property>
        <property name="isVisibleGeom" type="Bool" container="StaticArray" arraySize="1">
          <containerEntry>false</containerEntry>
        </property>
        <property name="lodFarSize" type="Float" container="StaticArray" arraySize="1">
          <containerEntry>-1</containerEntry>
        </property>
        <property name="lodNearSize" type="Float" container="StaticArray" arraySize="1">
          <containerEntry>-1</containerEntry>
        </property>
        <property name="lodPolygonSize" type="Float" container="StaticArray" arraySize="1">
          <containerEntry>-1</containerEntry>
        </property>
        <property name="drawRejectionLevel" type="Int32" container="StaticArray" arraySize="1">
          <containerEntry>8</containerEntry>
        </property>
        <property name="drawMode" type="Int32" container="StaticArray" arraySize="1">
          <containerEntry>0</containerEntry>
        </property>
        <property name="rejectFarRangeShadowCast" type="Int32" container="StaticArray" arraySize="1">
          <containerEntry>2</containerEntry>
        </property>
        <property name="parentLocator" type="EntityLink" container="StaticArray" arraySize="1">
          <containerEntry packagePathHash="0xB8A0BF169F98" archivePathHash="0xB8A0BF169F98" nameInArchiveHash="0xB8A0BF169F98">0x0</containerEntry>
        </property>
        <property name="transforms" type="Matrix4" container="DynamicArray" arraySize="10">
          <containerEntry r11="-0.610314" r12="0.18723279" r13="0.76971275" r14="0" r21="0.10522685" r22="0.9822172" r23="-0.15548861" r24="0" r31="-0.7851377" r32="-0.013902575" r33="-0.6191628" r34="0" r41="2242.3494" r42="7.909122" r43="1682.5803" r44="1"></containerEntry>
          <containerEntry r11="-0.8088614" r12="0.18723181" r13="-0.5573889" r14="0" r21="0.16218707" r22="0.9822173" r23="0.09457488" r24="0" r31="0.5651845" r32="-0.013903186" r33="-0.82484424" r34="0" r41="2232.7095" r42="9.536269" r43="1687.1235" r44="1"></containerEntry>
          <containerEntry r11="0.7652207" r12="-0.073362626" r13="-0.6395739" r14="0" r21="0.06522564" r22="0.99720836" r23="-0.036345784" r24="0" r31="0.6404548" r32="-0.013904106" r33="0.7678697" r34="0" r41="2235.6328" r42="10.006104" r43="1689.5461" r44="1"></containerEntry>
          <containerEntry r11="0.9822289" r12="-0.098435044" r13="0.15980287" r14="0" r21="0.10165168" r22="0.994747" r23="-0.012060214" r24="0" r31="-0.15777628" r32="0.02809013" r33="0.98707527" r34="0" r41="2280.5654" r42="1.839532" r43="1678.9235" r44="1"></containerEntry>
          <containerEntry r11="-0.8088614" r12="0.18723181" r13="-0.5573889" r14="0" r21="0.16218707" r22="0.9822173" r23="0.09457488" r24="0" r31="0.5651845" r32="-0.013903186" r33="-0.82484424" r34="0" r41="2294.0618" r42="3.182922" r43="1701.5549" r44="1"></containerEntry>
          <containerEntry r11="0.95742106" r12="0.02845964" r13="0.2872886" r14="0" r21="-0.019392641" r22="0.99922144" r23="-0.03435757" r24="0" r31="-0.28804272" r32="0.027323361" r33="0.9572276" r34="0" r41="2267.904" r42="6.196071" r43="1726.9374" r44="1"></containerEntry>
          <containerEntry r11="-0.5356672" r12="-0.25038567" r13="0.8064511" r14="0" r21="-0.03270761" r22="0.96046364" r23="0.27647746" r24="0" r31="-0.8437929" r32="0.12172337" r33="-0.52267826" r34="0" r41="2273.176" r42="6.422831" r43="1730.8351" r44="1"></containerEntry>
          <containerEntry r11="-0.7034994" r12="0.0007466194" r13="0.7106914" r14="0" r21="-0.003363961" r22="0.99998474" r23="-0.0043804627" r24="0" r31="-0.7106839" r32="-0.0054724077" r33="-0.70348614" r34="0" r41="2269.2163" r42="5.966057" r43="1745.0093" r44="1"></containerEntry>
          <containerEntry r11="0.82006556" r12="0.31703943" r13="0.47642183" r14="0" r21="-0.46989197" r22="0.84822553" r23="0.24436527" r24="0" r31="-0.3266394" r32="-0.4242627" r33="0.84457517" r34="0" r41="2196.129" r42="2.081606" r43="1769.0636" r44="1"></containerEntry>
          <containerEntry r11="0.33419728" r12="0.13909405" r13="-0.932182" r14="0" r21="-0.010488674" r22="0.98953784" r23="0.14389184" r24="0" r31="0.9424439" r32="-0.038310774" r33="0.33215976" r34="0" r41="2191.5764" r42="2.916111" r43="1761.8636" r44="1"></containerEntry>
        </property>
        <property name="colors" type="UInt32" container="DynamicArray" arraySize="10">
          <containerEntry>4294967295</containerEntry>
          <containerEntry>4294967295</containerEntry>
          <containerEntry>4294967295</containerEntry>
          <containerEntry>4294967295</containerEntry>
          <containerEntry>4294967295</containerEntry>
          <containerEntry>4294967295</containerEntry>
          <containerEntry>4294967295</containerEntry>
          <containerEntry>4294967295</containerEntry>
          <containerEntry>4294967295</containerEntry>
          <containerEntry>4294967295</containerEntry>
        </property>
      </staticProperties>
      <dynamicProperties></dynamicProperties>
    </entity>
    <entity class="StaticModelArray" classVersion="4" classID="0xD0" addr="0x2D7ADC0" id="0x0">
      <staticProperties>
        <property name="name" type="String" container="StaticArray" arraySize="1">
          <containerEntry>StaticModelArray0004</containerEntry>
        </property>
        <property name="dataSet" type="EntityHandle" container="StaticArray" arraySize="1">
          <containerEntry>0x2EF1E40</containerEntry>
        </property>
        <property name="modelFile" type="FilePtr" container="StaticArray" arraySize="1">
          <containerEntry>/Assets/tpp/environ/object/middle_africa/rock/mafr_rock002/scenes/mafr_rock002.fmdl</containerEntry>
        </property>
        <property name="geomFile" type="FilePtr" container="StaticArray" arraySize="1">
          <containerEntry>/Assets/tpp/environ/object/middle_africa/rock/mafr_rock002/scenes/mafr_rock002.geom</containerEntry>
        </property>
        <property name="isVisibleGeom" type="Bool" container="StaticArray" arraySize="1">
          <containerEntry>false</containerEntry>
        </property>
        <property name="lodFarSize" type="Float" container="StaticArray" arraySize="1">
          <containerEntry>-1</containerEntry>
        </property>
        <property name="lodNearSize" type="Float" container="StaticArray" arraySize="1">
          <containerEntry>-1</containerEntry>
        </property>
        <property name="lodPolygonSize" type="Float" container="StaticArray" arraySize="1">
          <containerEntry>-1</containerEntry>
        </property>
        <property name="drawRejectionLevel" type="Int32" container="StaticArray" arraySize="1">
          <containerEntry>8</containerEntry>
        </property>
        <property name="drawMode" type="Int32" container="StaticArray" arraySize="1">
          <containerEntry>0</containerEntry>
        </property>
        <property name="rejectFarRangeShadowCast" type="Int32" container="StaticArray" arraySize="1">
          <containerEntry>2</containerEntry>
        </property>
        <property name="parentLocator" type="EntityLink" container="StaticArray" arraySize="1">
          <containerEntry packagePathHash="0xB8A0BF169F98" archivePathHash="0xB8A0BF169F98" nameInArchiveHash="0xB8A0BF169F98">0x0</containerEntry>
        </property>
        <property name="transforms" type="Matrix4" container="DynamicArray" arraySize="12">
          <containerEntry r11="0.39268798" r12="0.081541196" r13="-0.91604835" r14="0" r21="-0.081791475" r22="0.9952111" r23="0.053525746" r24="0" r31="0.91602606" r32="0.053906262" r33="0.39747685" r34="0" r41="2208.4119" r42="9.270962" r43="1728.5702" r44="1"></containerEntry>
          <containerEntry r11="-0.6416061" r12="-0.0056345463" r13="-0.76700824" r14="0" r21="-0.07987288" r22="0.99502736" r23="0.059504725" r24="0" r31="0.7628589" r32="0.09944215" r33="-0.63886565" r34="0" r41="2244.222" r42="8.70413" r43="1716.5449" r44="1"></containerEntry>
          <containerEntry r11="-0.99689543" r12="-0.0056348694" r13="-0.07848611" r14="0" r21="-0.013394806" r22="0.99502724" r23="0.09869783" r24="0" r31="0.07753966" r32="0.0994431" r33="-0.99201363" r34="0" r41="2244.222" r42="8.70413" r43="1696.9521" r44="1"></containerEntry>
          <containerEntry r11="0.5076998" r12="0.13830899" r13="0.850359" r14="0" r21="0.036479782" r22="0.9826933" r23="-0.18161258" r24="0" r31="-0.86076075" r32="0.12322551" r33="0.4938677" r34="0" r41="2249.1519" r42="5.774323" r43="1680.3334" r44="1"></containerEntry>
          <containerEntry r11="-0.9968714" r12="0.07887314" r13="-0.0046662977" r14="0" r21="0.07748416" r22="0.9874573" r23="0.13756582" r24="0" r31="0.01545803" r32="0.13677418" r33="-0.9904793" r34="0" r41="2293.431" r42="-0.606643" r43="1682.3876" r44="1"></containerEntry>
          <containerEntry r11="0.9601871" r12="0.004755782" r13="0.27931702" r14="0" r21="0.00713915" r22="0.9991108" r23="-0.04155294" r24="0" r31="-0.27926624" r32="0.041892678" r33="0.9592993" r34="0" r41="2271.807" r42="4.455447" r43="1751.991" r44="1"></containerEntry>
          <containerEntry r11="-0.83479965" r12="0.19393626" r13="-0.5152547" r14="0" r21="0.12282801" r22="0.9779197" r23="0.16907442" r24="0" r31="0.5366674" r32="0.077856295" r33="-0.8401878" r34="0" r41="2259.8545" r42="0.971165" r43="1763.057" r44="1"></containerEntry>
          <containerEntry r11="-0.23563857" r12="-0.07034191" r13="-0.9692884" r14="0" r21="0.016626103" r22="0.99693936" r23="-0.076390296" r24="0" r31="0.97169524" r32="-0.034116276" r33="-0.23374784" r34="0" r41="2205.5596" r42="9.05559" r43="1673.4203" r44="1"></containerEntry>
          <containerEntry r11="-0.70329094" r12="-0.18730877" r13="-0.6857758" r14="0" r21="-0.18604518" r22="0.97953916" r23="-0.07674728" r24="0" r31="0.68611974" r32="0.073609605" r33="-0.7237489" r34="0" r41="2184.3562" r42="8.287575" r43="1672.7842" r44="1"></containerEntry>
          <containerEntry r11="0.645735" r12="-0.030374773" r13="-0.7629558" r14="0" r21="-0.01928839" r22="0.99824065" r23="-0.056066655" r24="0" r31="0.7633165" r32="0.050920375" r33="0.6440131" r34="0" r41="2231.826" r42="10.277989" r43="1713.1455" r44="1"></containerEntry>
          <containerEntry r11="0.9480953" r12="-0.02038274" r13="0.31733197" r14="0" r21="0.009773869" r22="0.99933994" r23="0.03498767" r24="0" r31="-0.3178357" r32="-0.030070078" r33="0.9476688" r34="0" r41="2222.654" r42="-1.312056" r43="1775.9307" r44="1"></containerEntry>
          <containerEntry r11="-0.9119764" r12="-0.107027285" r13="0.3960259" r14="0" r21="-0.013324566" r22="0.97258633" r23="0.23215991" r24="0" r31="-0.41001683" r32="0.20644838" r33="-0.88840175" r34="0" r41="2195.9734" r42="5.770296" r43="1751.5015" r44="1"></containerEntry>
        </property>
        <property name="colors" type="UInt32" container="DynamicArray" arraySize="12">
          <containerEntry>4294967295</containerEntry>
          <containerEntry>4294967295</containerEntry>
          <containerEntry>4294967295</containerEntry>
          <containerEntry>4294967295</containerEntry>
          <containerEntry>4294967295</containerEntry>
          <containerEntry>4294967295</containerEntry>
          <containerEntry>4294967295</containerEntry>
          <containerEntry>4294967295</containerEntry>
          <containerEntry>4294967295</containerEntry>
          <containerEntry>4294967295</containerEntry>
          <containerEntry>4294967295</containerEntry>
          <containerEntry>4294967295</containerEntry>
        </property>
      </staticProperties>
      <dynamicProperties></dynamicProperties>
    </entity>
    <entity class="StaticModelArray" classVersion="4" classID="0xD0" addr="0x2D7D590" id="0x0">
      <staticProperties>
        <property name="name" type="String" container="StaticArray" arraySize="1">
          <containerEntry>StaticModelArray0005</containerEntry>
        </property>
        <property name="dataSet" type="EntityHandle" container="StaticArray" arraySize="1">
