<fox formatVersion="2" fileVersion="0">
  <entities>
    <entity class="DataSet" classVersion="0" classID="0xE8" addr="0x2EF19E0" id="0x62255">
      <staticProperties>
        <property name="name" type="String" container="StaticArray" arraySize="1">
          <containerEntry hash="0xB8A0BF169F98"></containerEntry>
        </property>
        <property name="dataSet" type="EntityHandle" container="StaticArray" arraySize="1">
          <containerEntry>0x0</containerEntry>
        </property>
        <property name="dataList" type="EntityPtr" container="StringMap" arraySize="3">
          <containerEntry key="StaticModelArray0000">
            <data>0x2D78C10</data>
          </containerEntry>
          <containerEntry key="StaticModelArray0001">
            <data>0x2D78E40</data>
          </containerEntry>
          <containerEntry key="TexturePackLoadConditioner0000">
            <data>0x2D79770</data>
          </containerEntry>
        </property>
      </staticProperties>
      <dynamicProperties></dynamicProperties>
    </entity>
    <entity class="StaticModelArray" classVersion="4" classID="0xD0" addr="0x2D78C10" id="0x0">
      <staticProperties>
        <property name="name" type="String" container="StaticArray" arraySize="1">
          <containerEntry>StaticModelArray0000</containerEntry>
        </property>
        <property name="dataSet" type="EntityHandle" container="StaticArray" arraySize="1">
          <containerEntry>0x2EF19E0</containerEntry>
        </property>
        <property name="modelFile" type="FilePtr" container="StaticArray" arraySize="1">
          <containerEntry>/Assets/tpp/environ/object/middle_africa/mud/mafr_mudd003/scenes/mafr_mudd003_rock001.fmdl</containerEntry>
        </property>
        <property name="geomFile" type="FilePtr" container="StaticArray" arraySize="1">
          <containerEntry>/Assets/tpp/environ/object/middle_africa/mud/mafr_mudd003/scenes/mafr_mudd003_rock001.geom</containerEntry>
        </property>
        <property name="isVisibleGeom" type="Bool" container="StaticArray" arraySize="1">
          <containerEntry>false</containerEntry>
        </property>
        <property name="lodFarSize" type="Float" container="StaticArray" arraySize="1">
          <containerEntry>-1</containerEntry>
        </property>
        <property name="lodNearSize" type="Float" container="StaticArray" arraySize="1">
          <containerEntry>-1</containerEntry>
        </property>
        <property name="lodPolygonSize" type="Float" container="StaticArray" arraySize="1">
          <containerEntry>-1</containerEntry>
        </property>
        <property name="drawRejectionLevel" type="Int32" container="StaticArray" arraySize="1">
          <containerEntry>8</containerEntry>
        </property>
        <property name="drawMode" type="Int32" container="StaticArray" arraySize="1">
          <containerEntry>0</containerEntry>
        </property>
        <property name="rejectFarRangeShadowCast" type="Int32" container="StaticArray" arraySize="1">
          <containerEntry>2</containerEntry>
        </property>
        <property name="parentLocator" type="EntityLink" container="StaticArray" arraySize="1">
          <containerEntry packagePathHash="0xB8A0BF169F98" archivePathHash="0xB8A0BF169F98" nameInArchiveHash="0xB8A0BF169F98">0x0</containerEntry>
        </property>
        <property name="transforms" type="Matrix4" container="DynamicArray" arraySize="3">
          <containerEntry r11="-0.84092814" r12="-0.06759105" r13="-0.53690666" r14="0" r21="0.11332649" r22="0.94817185" r23="-0.2968623" r24="0" r31="0.52914506" r32="-0.3104857" r33="-0.78968453" r34="0" r41="2575.8867" r42="-11.851964" r43="1505.2222" r44="1"></containerEntry>
          <containerEntry r11="0.8843462" r12="0.2346281" r13="0.40358573" r14="0" r21="-0.23305632" r22="0.97097355" r23="-0.053805724" r24="0" r31="-0.40449542" r32="-0.046475343" r33="0.91335833" r34="0" r41="2567.4653" r42="-12.691731" r43="1506.8097" r44="1"></containerEntry>
          <containerEntry r11="-0.7856462" r12="0.07232447" r13="0.6144338" r14="0" r21="0.17995764" r22="0.97691596" r23="0.11511059" r24="0" r31="-0.5919249" r32="0.20100793" r33="-0.7805257" r34="0" r41="2571.6772" r42="-9.663784" r43="1511.335" r44="1"></containerEntry>
        </property>
        <property name="colors" type="UInt32" container="DynamicArray" arraySize="3">
          <containerEntry>4294967295</containerEntry>
          <containerEntry>4294967295</containerEntry>
          <containerEntry>4294967295</containerEntry>
        </property>
      </staticProperties>
      <dynamicProperties></dynamicProperties>
    </entity>
    <entity class="StaticModelArray" classVersion="4" classID="0xD0" addr="0x2D78E40" id="0x0">
      <staticProperties>
        <property name="name" type="String" container="StaticArray" arraySize="1">
          <containerEntry>StaticModelArray0001</containerEntry>
        </property>
        <property name="dataSet" type="EntityHandle" container="StaticArray" arraySize="1">
          <containerEntry>0x2EF19E0</containerEntry>
        </property>
        <property name="modelFile" type="FilePtr" container="StaticArray" arraySize="1">
          <containerEntry>/Assets/tpp/environ/object/middle_africa/tree/mafr_tree038/scenes/mafr_tree038.fmdl</containerEntry>
        </property>
        <property name="geomFile" type="FilePtr" container="StaticArray" arraySize="1">
          <containerEntry>/Assets/tpp/environ/object/middle_africa/tree/mafr_tree038/scenes/mafr_tree038.geom</containerEntry>
        </property>
        <property name="isVisibleGeom" type="Bool" container="StaticArray" arraySize="1">
          <containerEntry>false</containerEntry>
        </property>
        <property name="lodFarSize" type="Float" container="StaticArray" arraySize="1">
          <containerEntry>-1</containerEntry>
        </property>
        <property name="lodNearSize" type="Float" container="StaticArray" arraySize="1">
          <containerEntry>-1</containerEntry>
        </property>
        <property name="lodPolygonSize" type="Float" container="StaticArray" arraySize="1">
          <containerEntry>-1</containerEntry>
        </property>
        <property name="drawRejectionLevel" type="Int32" container="StaticArray" arraySize="1">
          <containerEntry>8</containerEntry>
        </property>
        <property name="drawMode" type="Int32" container="StaticArray" arraySize="1">
          <containerEntry>0</containerEntry>
        </property>
        <property name="rejectFarRangeShadowCast" type="Int32" container="StaticArray" arraySize="1">
          <containerEntry>2</containerEntry>
        </property>
        <property name="parentLocator" type="EntityLink" container="StaticArray" arraySize="1">
          <containerEntry packagePathHash="0xB8A0BF169F98" archivePathHash="0xB8A0BF169F98" nameInArchiveHash="0xB8A0BF169F98">0x0</containerEntry>
        </property>
        <property name="transforms" type="Matrix4" container="DynamicArray" arraySize="9">
          <containerEntry r11="0.46032703" r12="0" r13="-0.8877454" r14="0" r21="0" r22="1" r23="0" r24="0" r31="0.8877454" r32="0" r33="0.46032703" r34="0" r41="2663.8066" r42="-19.81127" r43="1525.3972" r44="1"></containerEntry>
          <containerEntry r11="-0.99099517" r12="0" r13="0.13386531" r14="0" r21="0" r22="1" r23="0" r24="0" r31="-0.13386531" r32="0" r33="-0.99099517" r34="0" r41="2663.515" r42="-14.079619" r43="1512.7565" r44="1"></containerEntry>
          <containerEntry r11="0.90154475" r12="0" r13="0.43268368" r14="0" r21="0" r22="1" r23="0" r24="0" r31="-0.43268368" r32="0" r33="0.90154475" r34="0" r41="2625.1782" r42="-15.622779" r43="1523.3867" r44="1"></containerEntry>
          <containerEntry r11="-0.69326895" r12="0" r13="-0.72067523" r14="0" r21="0" r22="1" r23="0" r24="0" r31="0.72067523" r32="0" r33="-0.69326895" r34="0" r41="2667.1287" r42="-8.010009" r43="1505.2836" r44="1"></containerEntry>
          <containerEntry r11="-0.84806204" r12="0" r13="0.52989244" r14="0" r21="0" r22="1" r23="0" r24="0" r31="-0.52989244" r32="0" r33="-0.84806204" r34="0" r41="2650.0825" r42="-15.622779" r43="1508.6512" r44="1"></containerEntry>
          <containerEntry r11="-0.9977277" r12="0" r13="-0.06735765" r14="0" r21="0" r22="1" r23="0" r24="0" r31="0.06735765" r32="0" r33="-0.9977277" r34="0" r41="2643.48" r42="-15.62278" r43="1502.9851" r44="1"></containerEntry>
          <containerEntry r11="0.98745906" r12="0" r13="-0.15785645" r14="0" r21="0" r22="1" r23="0" r24="0" r31="0.15785645" r32="0" r33="0.98745906" r34="0" r41="2683.0396" r42="-8.010009" r43="1529.1804" r44="1"></containerEntry>
          <containerEntry r11="0.4557607" r12="0" r13="-0.89009833" r14="0" r21="0" r22="1" r23="0" r24="0" r31="0.89009833" r32="0" r33="0.4557607" r34="0" r41="2678.9668" r42="-14.079619" r43="1521.9475" r44="1"></containerEntry>
          <containerEntry r11="0.46614784" r12="0" r13="0.88470244" r14="0" r21="0" r22="1" r23="0" r24="0" r31="-0.88470244" r32="0" r33="0.46614784" r34="0" r41="2671.0571" r42="-14.079619" r43="1511.1797" r44="1"></containerEntry>
        </property>
        <property name="colors" type="UInt32" container="DynamicArray" arraySize="9">
          <containerEntry>4294967295</containerEntry>
          <containerEntry>4294967295</containerEntry>
          <containerEntry>4294967295</containerEntry>
          <containerEntry>4294967295</containerEntry>
          <containerEntry>4294967295</containerEntry>
          <containerEntry>4294967295</containerEntry>
          <containerEntry>4294967295</containerEntry>
          <containerEntry>4294967295</containerEntry>
          <containerEntry>4294967295</containerEntry>
        </property>
      </staticProperties>
      <dynamicProperties></dynamicProperties>
    </entity>
    <entity class="TexturePackLoadConditioner" classVersion="0" classID="0x48" addr="0x2D79770" id="0x0">
      <staticProperties>
        <property name="name" type="String" container="StaticArray" arraySize="1">
          <containerEntry>TexturePackLoadConditioner0000</containerEntry>
        </property>
        <property name="dataSet" type="EntityHandle" container="StaticArray" arraySize="1">
          <containerEntry>0x2EF19E0</containerEntry>
        </property>
        <property name="texturePackPath" type="Path" container="StaticArray" arraySize="1">
          <containerEntry hash="0xB8A0BF169F98"></containerEntry>
        </property>
      </staticProperties>
      <dynamicProperties></dynamicProperties>
    </entity>
  </entities>
</fox>