<fox formatVersion="2" fileVersion="0">
  <entities>
    <entity class="DataSet" classVersion="0" classID="0xE8" addr="0x2F52EE0" id="0x6979C">
      <staticProperties>
        <property name="name" type="String" container="StaticArray" arraySize="1">
          <containerEntry hash="0xB8A0BF169F98"></containerEntry>
        </property>
        <property name="dataSet" type="EntityHandle" container="StaticArray" arraySize="1">
          <containerEntry>0x0</containerEntry>
        </property>
        <property name="dataList" type="EntityPtr" container="StringMap" arraySize="12">
          <containerEntry key="afgh_clff013_0007">
            <data>0x2D78CF0</data>
          </containerEntry>
          <containerEntry key="afgh_tree011_vrtn002_0002">
            <data>0x2D7D130</data>
          </containerEntry>
          <containerEntry key="StaticModelArray0000">
            <data>0x2D7FDD0</data>
          </containerEntry>
          <containerEntry key="StaticModelArray0001">
            <data>0x2F50320</data>
          </containerEntry>
          <containerEntry key="StaticModelArray0002">
            <data>0x2F500F0</data>
          </containerEntry>
          <containerEntry key="StaticModelArray0003">
            <data>0x2D7FC10</data>
          </containerEntry>
          <containerEntry key="StaticModelArray0004">
            <data>0x2F502B0</data>
          </containerEntry>
          <containerEntry key="StaticModelArray0005">
            <data>0x2D78040</data>
          </containerEntry>
          <containerEntry key="StaticModelArray0006">
            <data>0x2D7FF90</data>
          </containerEntry>
          <containerEntry key="StaticModelArray0007">
            <data>0x2F50470</data>
          </containerEntry>
          <containerEntry key="StaticModelArray0008">
            <data>0x2D7FD60</data>
          </containerEntry>
          <containerEntry key="TexturePackLoadConditioner0000">
            <data>0x2F50BE0</data>
          </containerEntry>
        </property>
      </staticProperties>
      <dynamicProperties></dynamicProperties>
    </entity>
    <entity class="StaticModel" classVersion="9" classID="0x160" addr="0x2D78CF0" id="0x69960">
      <staticProperties>
        <property name="name" type="String" container="StaticArray" arraySize="1">
          <containerEntry>afgh_clff013_0007</containerEntry>
        </property>
        <property name="dataSet" type="EntityHandle" container="StaticArray" arraySize="1">
          <containerEntry>0x2F52EE0</containerEntry>
        </property>
        <property name="parent" type="EntityHandle" container="StaticArray" arraySize="1">
          <containerEntry>0x0</containerEntry>
        </property>
        <property name="transform" type="EntityPtr" container="StaticArray" arraySize="1">
          <containerEntry>0x2D78D60</containerEntry>
        </property>
        <property name="shearTransform" type="EntityPtr" container="StaticArray" arraySize="1">
          <containerEntry>0x0</containerEntry>
        </property>
        <property name="pivotTransform" type="EntityPtr" container="StaticArray" arraySize="1">
          <containerEntry>0x0</containerEntry>
        </property>
        <property name="children" type="EntityHandle" container="List"></property>
        <property name="flags" type="UInt32" container="StaticArray" arraySize="1">
          <containerEntry>3221225479</containerEntry>
        </property>
        <property name="modelFile" type="FilePtr" container="StaticArray" arraySize="1">
          <containerEntry>/Assets/tpp/environ/object/afghanistan/cliff/afgh_clff013/scenes/afgh_clff013.fmdl</containerEntry>
        </property>
        <property name="geomFile" type="FilePtr" container="StaticArray" arraySize="1">
          <containerEntry>/Assets/tpp/environ/object/afghanistan/cliff/afgh_clff013/scenes/afgh_clff013.geom</containerEntry>
        </property>
        <property name="isVisibleGeom" type="Bool" container="StaticArray" arraySize="1">
          <containerEntry>false</containerEntry>
        </property>
        <property name="isIsolated" type="Bool" container="StaticArray" arraySize="1">
          <containerEntry>false</containerEntry>
        </property>
        <property name="lodFarSize" type="Float" container="StaticArray" arraySize="1">
          <containerEntry>-1</containerEntry>
        </property>
        <property name="lodNearSize" type="Float" container="StaticArray" arraySize="1">
          <containerEntry>-1</containerEntry>
        </property>
        <property name="lodPolygonSize" type="Float" container="StaticArray" arraySize="1">
          <containerEntry>-1</containerEntry>
        </property>
        <property name="color" type="Color" container="StaticArray" arraySize="1">
          <containerEntry r="1" g="1" b="1" a="1"></containerEntry>
        </property>
        <property name="drawRejectionLevel" type="Int32" container="StaticArray" arraySize="1">
          <containerEntry>8</containerEntry>
        </property>
        <property name="drawMode" type="Int32" container="StaticArray" arraySize="1">
          <containerEntry>0</containerEntry>
        </property>
        <property name="rejectFarRangeShadowCast" type="Int32" container="StaticArray" arraySize="1">
          <containerEntry>2</containerEntry>
        </property>
      </staticProperties>
      <dynamicProperties></dynamicProperties>
    </entity>
    <entity class="TransformEntity" classVersion="0" classID="0x50" addr="0x2D78D60" id="0x69963">
      <staticProperties>
        <property name="owner" type="EntityHandle" container="StaticArray" arraySize="1">
          <containerEntry>0x2D78CF0</containerEntry>
        </property>
        <property name="transform_scale" type="Vector3" container="StaticArray" arraySize="1">
          <containerEntry x="1" y="1" z="1" w="0"></containerEntry>
        </property>
        <property name="transform_rotation_quat" type="Quat" container="StaticArray" arraySize="1">
          <containerEntry x="0.091618" y="0.120451" z="0.076105" w="0.985547"></containerEntry>
        </property>
        <property name="transform_translation" type="Vector3" container="StaticArray" arraySize="1">
          <containerEntry x="1009.2471" y="361.9946" z="1023.9756" w="0"></containerEntry>
        </property>
      </staticProperties>
      <dynamicProperties></dynamicProperties>
    </entity>
    <entity class="StaticModel" classVersion="9" classID="0x160" addr="0x2D7D130" id="0x69ABF">
      <staticProperties>
        <property name="name" type="String" container="StaticArray" arraySize="1">
          <containerEntry>afgh_tree011_vrtn002_0002</containerEntry>
        </property>
        <property name="dataSet" type="EntityHandle" container="StaticArray" arraySize="1">
          <containerEntry>0x2F52EE0</containerEntry>
        </property>
        <property name="parent" type="EntityHandle" container="StaticArray" arraySize="1">
          <containerEntry>0x0</containerEntry>
        </property>
        <property name="transform" type="EntityPtr" container="StaticArray" arraySize="1">
          <containerEntry>0x2D7D1A0</containerEntry>
        </property>
        <property name="shearTransform" type="EntityPtr" container="StaticArray" arraySize="1">
          <containerEntry>0x0</containerEntry>
        </property>
        <property name="pivotTransform" type="EntityPtr" container="StaticArray" arraySize="1">
          <containerEntry>0x0</containerEntry>
        </property>
        <property name="children" type="EntityHandle" container="List"></property>
        <property name="flags" type="UInt32" container="StaticArray" arraySize="1">
          <containerEntry>6</containerEntry>
        </property>
        <property name="modelFile" type="FilePtr" container="StaticArray" arraySize="1">
          <containerEntry>/Assets/tpp/environ/object/afghanistan/tree/afgh_tree011/scenes/afgh_tree011_vrtn002.fmdl</containerEntry>
        </property>
        <property name="geomFile" type="FilePtr" container="StaticArray" arraySize="1">
          <containerEntry>/Assets/tpp/environ/object/afghanistan/tree/afgh_tree011/scenes/afgh_tree011_vrtn002.geom</containerEntry>
        </property>
        <property name="isVisibleGeom" type="Bool" container="StaticArray" arraySize="1">
          <containerEntry>false</containerEntry>
        </property>
        <property name="isIsolated" type="Bool" container="StaticArray" arraySize="1">
          <containerEntry>false</containerEntry>
        </property>
        <property name="lodFarSize" type="Float" container="StaticArray" arraySize="1">
          <containerEntry>-1</containerEntry>
        </property>
        <property name="lodNearSize" type="Float" container="StaticArray" arraySize="1">
          <containerEntry>-1</containerEntry>
        </property>
        <property name="lodPolygonSize" type="Float" container="StaticArray" arraySize="1">
          <containerEntry>-1</containerEntry>
        </property>
        <property name="color" type="Color" container="StaticArray" arraySize="1">
          <containerEntry r="1" g="1" b="1" a="1"></containerEntry>
        </property>
        <property name="drawRejectionLevel" type="Int32" container="StaticArray" arraySize="1">
          <containerEntry>8</containerEntry>
        </property>
        <property name="drawMode" type="Int32" container="StaticArray" arraySize="1">
          <containerEntry>0</containerEntry>
        </property>
        <property name="rejectFarRangeShadowCast" type="Int32" container="StaticArray" arraySize="1">
          <containerEntry>2</containerEntry>
        </property>
      </staticProperties>
      <dynamicProperties></dynamicProperties>
    </entity>
    <entity class="TransformEntity" classVersion="0" classID="0x50" addr="0x2D7D1A0" id="0x69AC2">
      <staticProperties>
        <property name="owner" type="EntityHandle" container="StaticArray" arraySize="1">
          <containerEntry>0x2D7D130</containerEntry>
        </property>
        <property name="transform_scale" type="Vector3" container="StaticArray" arraySize="1">
          <containerEntry x="0.5838" y="0.5838" z="0.5838" w="0"></containerEntry>
        </property>
        <property name="transform_rotation_quat" type="Quat" container="StaticArray" arraySize="1">
          <containerEntry x="0" y="-0.150102" z="0" w="0.988671"></containerEntry>
        </property>
        <property name="transform_translation" type="Vector3" container="StaticArray" arraySize="1">
          <containerEntry x="951.3621" y="364.00543" z="1025.3822" w="0"></containerEntry>
        </property>
      </staticProperties>
      <dynamicProperties></dynamicProperties>
    </entity>
    <entity class="StaticModelArray" classVersion="4" classID="0xD0" addr="0x2D7FDD0" id="0x0">
      <staticProperties>
        <property name="name" type="String" container="StaticArray" arraySize="1">
          <containerEntry>StaticModelArray0000</containerEntry>
        </property>
        <property name="dataSet" type="EntityHandle" container="StaticArray" arraySize="1">
          <containerEntry>0x2F52EE0</containerEntry>
        </property>
        <property name="modelFile" type="FilePtr" container="StaticArray" arraySize="1">
          <containerEntry>/Assets/tpp/environ/object/afghanistan/cliff/afgh_clff022/scenes/afgh_clff022_vrtn004.fmdl</containerEntry>
        </property>
        <property name="geomFile" type="FilePtr" container="StaticArray" arraySize="1">
          <containerEntry>/Assets/tpp/environ/object/afghanistan/cliff/afgh_clff022/scenes/afgh_clff022_vrtn004.geom</containerEntry>
        </property>
        <property name="isVisibleGeom" type="Bool" container="StaticArray" arraySize="1">
          <containerEntry>false</containerEntry>
        </property>
        <property name="lodFarSize" type="Float" container="StaticArray" arraySize="1">
          <containerEntry>-1</containerEntry>
        </property>
        <property name="lodNearSize" type="Float" container="StaticArray" arraySize="1">
          <containerEntry>-1</containerEntry>
        </property>
        <property name="lodPolygonSize" type="Float" container="StaticArray" arraySize="1">
          <containerEntry>-1</containerEntry>
        </property>
        <property name="drawRejectionLevel" type="Int32" container="StaticArray" arraySize="1">
          <containerEntry>8</containerEntry>
        </property>
        <property name="drawMode" type="Int32" container="StaticArray" arraySize="1">
          <containerEntry>0</containerEntry>
        </property>
        <property name="rejectFarRangeShadowCast" type="Int32" container="StaticArray" arraySize="1">
          <containerEntry>2</containerEntry>
        </property>
        <property name="parentLocator" type="EntityLink" container="StaticArray" arraySize="1">
          <containerEntry packagePathHash="0xB8A0BF169F98" archivePathHash="0xB8A0BF169F98" nameInArchiveHash="0xB8A0BF169F98">0x0</containerEntry>
        </property>
        <property name="transforms" type="Matrix4" container="DynamicArray" arraySize="4">
          <containerEntry r11="0.9938651" r12="0.025296262" r13="-0.1076676" r14="0" r21="-0.029727386" r22="0.99876726" r23="-0.039751403" r24="0" r31="0.10652932" r32="0.042708203" r33="0.99339193" r34="0" r41="941.2335" r42="359.90527" r43="1036.9493" r44="1"></containerEntry>
          <containerEntry r11="0.57357574" r12="0" r13="0.81915283" r14="0" r21="0" r22="1" r23="0" r24="0" r31="-0.81915283" r32="0" r33="0.57357574" r34="0" r41="912.3605" r42="337.47455" r43="1112.7789" r44="1"></containerEntry>
          <containerEntry r11="0.88005227" r12="-0.10622859" r13="0.46284285" r14="0" r21="0.10404675" r22="0.9941099" r23="0.030326314" r24="0" r31="-0.46333823" r32="0.021468531" r33="0.8859215" r34="0" r41="903.4733" r42="359.5964" r43="1024.5" r44="1"></containerEntry>
          <containerEntry r11="0.95511913" r12="0.13512039" r13="-0.26360974" r14="0" r21="-0.07890181" r22="0.97380215" r23="0.21326981" r24="0" r31="0.28552076" r32="-0.18289886" r33="0.9407583" r34="0" r41="977.0268" r42="364.53787" r43="1025.0862" r44="1"></containerEntry>
        </property>
        <property name="colors" type="UInt32" container="DynamicArray" arraySize="4">
          <containerEntry>4294967295</containerEntry>
          <containerEntry>4294967295</containerEntry>
          <containerEntry>4294967295</containerEntry>
          <containerEntry>4294967295</containerEntry>
        </property>
      </staticProperties>
      <dynamicProperties></dynamicProperties>
    </entity>
    <entity class="StaticModelArray" classVersion="4" classID="0xD0" addr="0x2F50320" id="0x0">
      <staticProperties>
        <property name="name" type="String" container="StaticArray" arraySize="1">
          <containerEntry>StaticModelArray0001</containerEntry>
        </property>
        <property name="dataSet" type="EntityHandle" container="StaticArray" arraySize="1">
          <containerEntry>0x2F52EE0</containerEntry>
        </property>
        <property name="modelFile" type="FilePtr" container="StaticArray" arraySize="1">
          <containerEntry>/Assets/tpp/environ/object/afghanistan/rock/afgh_rock009/scenes/afgh_rock009_rock002.fmdl</containerEntry>
        </property>
        <property name="geomFile" type="FilePtr" container="StaticArray" arraySize="1">
          <containerEntry>/Assets/tpp/environ/object/afghanistan/rock/afgh_rock009/scenes/afgh_rock009_rock002.geom</containerEntry>
        </property>
        <property name="isVisibleGeom" type="Bool" container="StaticArray" arraySize="1">
          <containerEntry>false</containerEntry>
        </property>
        <property name="lodFarSize" type="Float" container="StaticArray" arraySize="1">
          <containerEntry>-1</containerEntry>
        </property>
        <property name="lodNearSize" type="Float" container="StaticArray" arraySize="1">
          <containerEntry>-1</containerEntry>
        </property>
        <property name="lodPolygonSize" type="Float" container="StaticArray" arraySize="1">
          <containerEntry>-1</containerEntry>
        </property>
        <property name="drawRejectionLevel" type="Int32" container="StaticArray" arraySize="1">
          <containerEntry>8</containerEntry>
        </property>
        <property name="drawMode" type="Int32" container="StaticArray" arraySize="1">
          <containerEntry>0</containerEntry>
        </property>
        <property name="rejectFarRangeShadowCast" type="Int32" container="StaticArray" arraySize="1">
          <containerEntry>2</containerEntry>
        </property>
        <property name="parentLocator" type="EntityLink" container="StaticArray" arraySize="1">
          <containerEntry packagePathHash="0xB8A0BF169F98" archivePathHash="0xB8A0BF169F98" nameInArchiveHash="0xB8A0BF169F98">0x0</containerEntry>
        </property>
        <property name="transforms" type="Matrix4" container="DynamicArray" arraySize="11">
          <containerEntry r11="-0.29619902" r12="-0.027700631" r13="-0.95471805" r14="0" r21="-0.035237398" r22="0.9992158" r23="-0.018059079" r24="0" r31="0.9544696" r32="0.028292745" r33="-0.29694283" r34="0" r41="997.48254" r42="352.6157" r43="1052.4343" r44="1"></containerEntry>
          <containerEntry r11="-0.29619902" r12="-0.027700631" r13="-0.95471805" r14="0" r21="-0.035237398" r22="0.9992158" r23="-0.018059079" r24="0" r31="0.9544696" r32="0.028292745" r33="-0.29694283" r34="0" r41="993.12286" r42="342.70892" r43="1089.1024" r44="1"></containerEntry>
          <containerEntry r11="-0.29619986" r12="-0.027700543" r13="-0.9547179" r14="0" r21="0.90786386" r22="0.302359" r23="-0.29044053" r24="0" r31="0.2967098" r32="-0.9527881" r33="-0.0644061" r34="0" r41="991.0756" r42="338.51135" r43="1107.068" r44="1"></containerEntry>
          <containerEntry r11="0.998139" r12="0.060683608" r13="0.0059967665" r14="0" r21="-0.06093566" r22="0.9963068" r23="0.060495395" r24="0" r31="-0.0023035395" r32="-0.06074823" r33="0.99815047" r34="0" r41="1015.27936" r42="344.05313" r43="1130.1765" r44="1"></containerEntry>
          <containerEntry r11="-0.4449234" r12="-0.079417214" r13="0.89203066" r14="0" r21="-0.38748455" r22="-0.88091594" r23="-0.27169877" r24="0" r31="0.8073918" r32="-0.46653765" r33="0.36118335" r34="0" r41="928.905" r42="340.09344" r43="1075.5696" r44="1"></containerEntry>
          <containerEntry r11="0.76188785" r12="-0.61435115" r13="0.20517589" r14="0" r21="0.6449605" r22="0.69044626" r23="-0.32757714" r24="0" r31="0.059585825" r32="0.38190767" r33="0.9222773" r34="0" r41="925.65735" r42="343.89822" r43="1055.426" r44="1"></containerEntry>
          <containerEntry r11="0.6410899" r12="0.30975392" r13="0.70217645" r14="0" r21="-0.034552813" r22="0.92565423" r23="-0.37678826" r24="0" r31="-0.76668465" r32="0.217292" r33="0.6041307" r34="0" r41="939.41205" r42="339.56357" r43="1090.7291" r44="1"></containerEntry>
          <containerEntry r11="0.859056" r12="-0.05116154" r13="0.5093185" r14="0" r21="-0.13554548" r22="0.9367393" r23="0.32271788" r24="0" r31="-0.4936094" r32="-0.34626856" r33="0.7977768" r34="0" r41="955.351" r42="345.24756" r43="1056.9985" r44="1"></containerEntry>
          <containerEntry r11="0.6271271" r12="0.45497027" r13="0.632226" r14="0" r21="0.47086826" r22="-0.8680044" r23="0.15758103" r24="0" r31="0.62047625" r32="0.1988737" r33="-0.7585776" r34="0" r41="912.143" r42="343.5065" r43="1054.7518" r44="1"></containerEntry>
          <containerEntry r11="-0.31593755" r12="0.94523484" r13="-0.0818564" r14="0" r21="0.70178956" r22="0.29089093" r23="0.6502817" r24="0" r31="0.63848317" r32="0.14800674" r33="-0.75525784" r34="0" r41="901.71204" r42="339.29553" r43="1094.461" r44="1"></containerEntry>
          <containerEntry r11="0.88151" r12="0.47001046" r13="-0.04504193" r14="0" r21="0.47086716" r22="-0.8680029" r23="0.15758035" r24="0" r31="0.03496782" r32="-0.16011745" r33="-0.9864657" r34="0" r41="913.78845" r42="341.12256" r43="1082.822" r44="1"></containerEntry>
        </property>
        <property name="colors" type="UInt32" container="DynamicArray" arraySize="11">
          <containerEntry>4294967295</containerEntry>
          <containerEntry>4294967295</containerEntry>
          <containerEntry>4294967295</containerEntry>
          <containerEntry>4294967295</containerEntry>
          <containerEntry>4294967295</containerEntry>
          <containerEntry>4294967295</containerEntry>
          <containerEntry>4294967295</containerEntry>
          <containerEntry>4294967295</containerEntry>
          <containerEntry>4294967295</containerEntry>
          <containerEntry>4294967295</containerEntry>
          <containerEntry>4294967295</containerEntry>
        </property>
      </staticProperties>
      <dynamicProperties></dynamicProperties>
    </entity>
    <entity class="StaticModelArray" classVersion="4" classID="0xD0" addr="0x2F500F0" id="0x0">
      <staticProperties>
        <property name="name" type="String" container="StaticArray" arraySize="1">
          <containerEntry>StaticModelArray0002</containerEntry>
        </property>
        <property name="dataSet" type="EntityHandle" container="StaticArray" arraySize="1">
          <containerEntry>0x2F52EE0</containerEntry>
        </property>
        <property name="modelFile" type="FilePtr" container="StaticArray" arraySize="1">
          <containerEntry>/Assets/tpp/environ/object/afghanistan/rock/afgh_rock001/scenes/afgh_rock001.fmdl</containerEntry>
        </property>
        <property name="geomFile" type="FilePtr" container="StaticArray" arraySize="1">
          <containerEntry>/Assets/tpp/environ/object/afghanistan/rock/afgh_rock001/scenes/afgh_rock001.geom</containerEntry>
        </property>
        <property name="isVisibleGeom" type="Bool" container="StaticArray" arraySize="1">
          <containerEntry>false</containerEntry>
        </property>
        <property name="lodFarSize" type="Float" container="StaticArray" arraySize="1">
          <containerEntry>50</containerEntry>
        </property>
        <property name="lodNearSize" type="Float" container="StaticArray" arraySize="1">
          <containerEntry>400</containerEntry>
        </property>
        <property name="lodPolygonSize" type="Float" container="StaticArray" arraySize="1">
          <containerEntry>-1</containerEntry>
        </property>
        <property name="drawRejectionLevel" type="Int32" container="StaticArray" arraySize="1">
          <containerEntry>8</containerEntry>
        </property>
        <property name="drawMode" type="Int32" container="StaticArray" arraySize="1">
          <containerEntry>0</containerEntry>
        </property>
        <property name="rejectFarRangeShadowCast" type="Int32" container="StaticArray" arraySize="1">
          <containerEntry>2</containerEntry>
        </property>
        <property name="parentLocator" type="EntityLink" container="StaticArray" arraySize="1">
          <containerEntry packagePathHash="0xB8A0BF169F98" archivePathHash="0xB8A0BF169F98" nameInArchiveHash="0xB8A0BF169F98">0x0</containerEntry>
        </property>
        <property name="transforms" type="Matrix4" container="DynamicArray" arraySize="9">
          <containerEntry r11="-0.02306354" r12="-0.4952556" r13="0.8684448" r14="0" r21="-0.18130018" r22="-0.8522037" r23="-0.49080604" r24="0" r31="0.9831606" r32="-0.16876686" r33="-0.0701407" r34="0" r41="1009.3957" r42="345.5546" r43="1090.4036" r44="1"></containerEntry>
          <containerEntry r11="-0.02306354" r12="-0.4952556" r13="0.8684448" r14="0" r21="-0.18130018" r22="-0.8522037" r23="-0.49080604" r24="0" r31="0.9831606" r32="-0.16876686" r33="-0.0701407" r34="0" r41="1008.3045" r42="355.492" r43="1046.8158" r44="1"></containerEntry>
          <containerEntry r11="-0.02306354" r12="-0.4952556" r13="0.8684448" r14="0" r21="-0.18130018" r22="-0.8522037" r23="-0.49080604" r24="0" r31="0.9831606" r32="-0.16876686" r33="-0.0701407" r34="0" r41="978.9288" r42="327.98788" r43="1149.6564" r44="1"></containerEntry>
          <containerEntry r11="-0.02306354" r12="-0.4952556" r13="0.8684448" r14="0" r21="-0.18130018" r22="-0.8522037" r23="-0.49080604" r24="0" r31="0.9831606" r32="-0.16876686" r33="-0.0701407" r34="0" r41="936.3393" r42="340.47775" r43="1075.3077" r44="1"></containerEntry>
          <containerEntry r11="-0.02306354" r12="-0.4952556" r13="0.8684448" r14="0" r21="-0.18130018" r22="-0.8522037" r23="-0.49080604" r24="0" r31="0.9831606" r32="-0.16876686" r33="-0.0701407" r34="0" r41="925.5349" r42="340.07916" r43="1089.1144" r44="1"></containerEntry>
          <containerEntry r11="-0.02306354" r12="-0.4952556" r13="0.8684448" r14="0" r21="-0.18130018" r22="-0.8522037" r23="-0.49080604" r24="0" r31="0.9831606" r32="-0.16876686" r33="-0.0701407" r34="0" r41="940.045" r42="337.74744" r43="1110.0802" r44="1"></containerEntry>
          <containerEntry r11="-0.02306354" r12="-0.4952556" r13="0.8684448" r14="0" r21="-0.18130018" r22="-0.8522037" r23="-0.49080604" r24="0" r31="0.9831606" r32="-0.16876686" r33="-0.0701407" r34="0" r41="919.5267" r42="342.38727" r43="1064.0459" r44="1"></containerEntry>
          <containerEntry r11="-0.12678707" r12="-0.35339484" r13="-0.9268475" r14="0" r21="0.13163385" r22="0.92012537" r23="-0.36883944" r24="0" r31="0.9831616" r32="-0.16876638" r33="-0.07014179" r34="0" r41="951.8922" r42="340.36282" r43="1068.6536" r44="1"></containerEntry>
          <containerEntry r11="-0.12678707" r12="-0.35339484" r13="-0.9268475" r14="0" r21="0.13163385" r22="0.92012537" r23="-0.36883944" r24="0" r31="0.9831616" r32="-0.16876638" r33="-0.07014179" r34="0" r41="979.7594" r42="342.2193" r43="1075.488" r44="1"></containerEntry>
        </property>
        <property name="colors" type="UInt32" container="DynamicArray" arraySize="9">
          <containerEntry>4294967295</containerEntry>
          <containerEntry>4294967295</containerEntry>
          <containerEntry>4294967295</containerEntry>
          <containerEntry>4294967295</containerEntry>
          <containerEntry>4294967295</containerEntry>
          <containerEntry>4294967295</containerEntry>
          <containerEntry>4294967295</containerEntry>
          <containerEntry>4294967295</containerEntry>
          <containerEntry>4294967295</containerEntry>
        </property>
      </staticProperties>
      <dynamicProperties></dynamicProperties>
    </entity>
    <entity class="StaticModelArray" classVersion="4" classID="0xD0" addr="0x2D7FC10" id="0x0">
      <staticProperties>
        <property name="name" type="String" container="StaticArray" arraySize="1">
          <containerEntry>StaticModelArray0003</containerEntry>
        </property>
        <property name="dataSet" type="EntityHandle" container="StaticArray" arraySize="1">
          <containerEntry>0x2F52EE0</containerEntry>
        </property>
        <property name="modelFile" type="FilePtr" container="StaticArray" arraySize="1">
          <containerEntry>/Assets/tpp/environ/object/afghanistan/rock/afgh_rock010/scenes/afgh_rock010_vrtn001.fmdl</containerEntry>
        </property>
        <property name="geomFile" type="FilePtr" container="StaticArray" arraySize="1">
          <containerEntry>/Assets/tpp/environ/object/afghanistan/rock/afgh_rock010/scenes/afgh_rock010_vrtn001.geom</containerEntry>
        </property>
        <property name="isVisibleGeom" type="Bool" container="StaticArray" arraySize="1">
          <containerEntry>false</containerEntry>
        </property>
        <property name="lodFarSize" type="Float" container="StaticArray" arraySize="1">
          <containerEntry>-1</containerEntry>
        </property>
        <property name="lodNearSize" type="Float" container="StaticArray" arraySize="1">
          <containerEntry>-1</containerEntry>
        </property>
        <property name="lodPolygonSize" type="Float" container="StaticArray" arraySize="1">
          <containerEntry>-1</containerEntry>
        </property>
        <property name="drawRejectionLevel" type="Int32" container="StaticArray" arraySize="1">
          <containerEntry>8</containerEntry>
        </property>
        <property name="drawMode" type="Int32" container="StaticArray" arraySize="1">
          <containerEntry>0</containerEntry>
        </property>
        <property name="rejectFarRangeShadowCast" type="Int32" container="StaticArray" arraySize="1">
          <containerEntry>2</containerEntry>
        </property>
        <property name="parentLocator" type="EntityLink" container="StaticArray" arraySize="1">
          <containerEntry packagePathHash="0xB8A0BF169F98" archivePathHash="0xB8A0BF169F98" nameInArchiveHash="0xB8A0BF169F98">0x0</containerEntry>
        </property>
        <property name="transforms" type="Matrix4" container="DynamicArray" arraySize="22">
          <containerEntry r11="0.82282364" r12="0.5317479" r13="0.20051333" r14="0" r21="-0.5077267" r22="0.8463485" r23="-0.16095908" r24="0" r31="-0.2552938" r32="0.03063497" r33="0.9663781" r34="0" r41="891.75653" r42="323.93076" r43="1132.3906" r44="1"></containerEntry>
          <containerEntry r11="-0.29453948" r12="0.5331626" r13="-0.793084" r14="0" r21="0.17704609" r22="0.8459773" r23="0.502968" r24="0" r31="0.9390949" r32="0.00773187" r33="-0.34356803" r34="0" r41="896.3359" r42="323.3578" r43="1143.3558" r44="1"></containerEntry>
          <containerEntry r11="0.43528637" r12="-0.057159096" r13="-0.8984749" r14="0" r21="0.30364758" r22="0.9488272" r23="0.08674612" r24="0" r31="0.847539" r32="-0.31057942" r33="0.43036783" r34="0" r41="974.08936" r42="343.70816" r43="1066.7799" r44="1"></containerEntry>
          <containerEntry r11="0.91073364" r12="-0.26349422" r13="0.3180171" r14="0" r21="0.26303843" r22="0.9637254" r23="0.045211736" r24="0" r31="-0.31839415" r32="0.042474937" r33="0.94700634" r34="0" r41="967.044" r42="343.1423" r43="1060.7585" r44="1"></containerEntry>
          <containerEntry r11="0.41083" r12="-0.21326357" r13="-0.8864181" r14="0" r21="-0.081701614" r22="0.95973337" r23="-0.26876885" r24="0" r31="0.9080436" r32="0.18284008" r33="0.3768633" r34="0" r41="898.10754" r42="347.34302" r43="1042.4531" r44="1"></containerEntry>
          <containerEntry r11="0.94311213" r12="-0.21326244" r13="-0.2550659" r14="0" r21="0.15337095" r22="0.9597338" r23="-0.23534758" r24="0" r31="0.29498616" r32="0.18283947" r33="0.9378449" r34="0" r41="925.1972" r42="358.31802" r43="1029.7898" r44="1"></containerEntry>
          <containerEntry r11="-0.5171607" r12="-0.67118686" r13="0.53108126" r14="0" r21="0.6657658" r22="-0.7054122" r23="-0.24319354" r24="0" r31="0.5378615" r32="0.22780553" r33="0.8116704" r34="0" r41="909.45996" r42="338.0361" r43="1101.9775" r44="1"></containerEntry>
          <containerEntry r11="-0.91429496" r12="-0.025477536" r13="-0.40423694" r14="0" r21="0.024249427" r22="-0.9996684" r23="0.008158484" r24="0" r31="-0.40431246" r32="-0.0023432423" r33="0.9146177" r34="0" r41="944.67096" r42="335.81308" r43="1123.3494" r44="1"></containerEntry>
          <containerEntry r11="-0.5357313" r12="0.2067321" r13="0.81868595" r14="0" r21="-0.7333496" r22="-0.5945128" r23="-0.32976586" r24="0" r31="0.41854888" r32="-0.7770515" r33="0.47011197" r34="0" r41="962.687" r42="337.30536" r43="1115.0852" r44="1"></containerEntry>
          <containerEntry r11="0.5015415" r12="0.02380163" r13="0.8648056" r14="0" r21="-0.0038230494" r22="0.9996727" r23="-0.025296327" r24="0" r31="-0.8651246" r32="0.009380949" r33="0.5014684" r34="0" r41="964.22437" r42="332.18045" r43="1135.1938" r44="1"></containerEntry>
          <containerEntry r11="-0.0018751015" r12="-0.055755198" r13="-0.99844" r14="0" r21="0.027893491" r22="0.998053" r23="-0.055785894" r24="0" r31="0.9996065" r32="-0.0279548" r33="-0.00031626225" r34="0" r41="964.2007" r42="329.33844" r43="1144.6615" r44="1"></containerEntry>
          <containerEntry r11="0.5015415" r12="-0.023803364" r13="-0.8648055" r14="0" r21="-0.0038247826" r22="-0.99967086" r23="0.025297325" r24="0" r31="-0.86512464" r32="-0.00937995" r33="-0.5014665" r34="0" r41="957.2918" r42="329.03073" r43="1140.9106" r44="1"></containerEntry>
          <containerEntry r11="0.43930957" r12="-0.37652928" r13="0.8156169" r14="0" r21="-0.32387865" r22="-0.91324294" r23="-0.24715137" r24="0" r31="0.8379188" r32="-0.15558562" r33="-0.5231446" r34="0" r41="904.912" r42="329.69275" r43="1124.814" r44="1"></containerEntry>
          <containerEntry r11="0.5522994" r12="0.68903595" r13="0.46924967" r14="0" r21="-0.83251005" r22="0.42649508" r23="0.35359505" r24="0" r31="0.043506786" r32="-0.58594525" r33="0.809182" r34="0" r41="908.99335" r42="326.37628" r43="1143.8296" r44="1"></containerEntry>
          <containerEntry r11="0.69852173" r12="-0.31357396" r13="-0.64322376" r14="0" r21="0.3983593" r22="0.9171147" r23="-0.01449094" r24="0" r31="0.5944538" r32="-0.2461128" r33="0.7655401" r34="0" r41="1010.9199" r42="340.01523" r43="1139.4104" r44="1"></containerEntry>
          <containerEntry r11="0.5796152" r12="-0.11489728" r13="-0.8067485" r14="0" r21="-0.010540333" r22="0.9888701" r23="-0.14840756" r24="0" r31="0.8148211" r32="0.094522566" r33="0.57195306" r34="0" r41="1013.1971" r42="351.01785" r43="1068.6123" r44="1"></containerEntry>
          <containerEntry r11="-0.74952036" r12="-0.31978428" r13="-0.5796132" r14="0" r21="-0.399288" r22="0.91676486" r23="0.010539271" r24="0" r31="0.5279987" r32="0.23933241" r33="-0.8148199" r34="0" r41="1006.29205" r42="349.91782" r43="1068.1113" r44="1"></containerEntry>
          <containerEntry r11="-0.6551105" r12="-0.18313317" r13="0.7329931" r14="0" r21="-0.22655879" r22="0.9731489" r23="0.040645838" r24="0" r31="-0.720755" r32="-0.13943893" r33="-0.67901045" r34="0" r41="999.46796" r42="336.96283" r43="1139.6259" r44="1"></containerEntry>
          <containerEntry r11="-0.9680648" r12="-0.057158478" r13="0.24408074" r14="0" r21="-0.12872893" r22="0.94882727" r23="-0.28836685" r24="0" r31="-0.21510778" r32="-0.3105793" r33="-0.925884" r34="0" r41="994.49457" r42="346.099" r43="1066.7799" r44="1"></containerEntry>
          <containerEntry r11="-0.96666926" r12="-0.026122235" r13="0.25468212" r14="0" r21="-0.031159636" r22="-0.97537875" r23="-0.21831216" r24="0" r31="0.254115" r32="-0.21897204" r33="0.9420598" r34="0" r41="915.3011" r42="338.7011" r43="1107.4623" r44="1"></containerEntry>
          <containerEntry r11="-0.16687226" r12="0.032935444" r13="0.98542625" r14="0" r21="0.027676672" r22="-0.99888825" r23="0.038072255" r24="0" r31="0.985588" r32="0.033626642" r33="0.16577913" r34="0" r41="998.8954" r42="359.7944" r43="1030.4922" r44="1"></containerEntry>
          <containerEntry r11="-0.8162942" r12="0.15680438" r13="-0.5559391" r14="0" r21="0.08223823" r22="0.98419374" r23="0.15684234" r24="0" r31="0.5717454" r32="0.08231056" r33="-0.81628686" r34="0" r41="1010.71094" r42="343.7457" r43="1099.6987" r44="1"></containerEntry>
        </property>
        <property name="colors" type="UInt32" container="DynamicArray" arraySize="22">
          <containerEntry>4294967295</containerEntry>
          <containerEntry>4294967295</containerEntry>
          <containerEntry>4294967295</containerEntry>
          <containerEntry>4294967295</containerEntry>
          <containerEntry>4294967295</containerEntry>
          <containerEntry>4294967295</containerEntry>
          <containerEntry>4294967295</containerEntry>
          <containerEntry>4294967295</containerEntry>
          <containerEntry>4294967295</containerEntry>
          <containerEntry>4294967295</containerEntry>
          <containerEntry>4294967295</containerEntry>
          <containerEntry>4294967295</containerEntry>
          <containerEntry>4294967295</containerEntry>
          <containerEntry>4294967295</containerEntry>
          <containerEntry>4294967295</containerEntry>
          <containerEntry>4294967295</containerEntry>
          <containerEntry>4294967295</containerEntry>
          <containerEntry>4294967295</containerEntry>
          <containerEntry>4294967295</containerEntry>
          <containerEntry>4294967295</containerEntry>
          <containerEntry>4294967295</containerEntry>
          <containerEntry>4294967295</containerEntry>
        </property>
      </staticProperties>
      <dynamicProperties></dynamicProperties>
    </entity>
    <entity class="StaticModelArray" classVersion="4" classID="0xD0" addr="0x2F502B0" id="0x0">
      <staticProperties>
        <property name="name" type="String" container="StaticArray" arraySize="1">
          <containerEntry>StaticModelArray0004</containerEntry>
        </property>
        <property name="dataSet" type="EntityHandle" container="StaticArray" arraySize="1">
          <containerEntry>0x2F52EE0</containerEntry>
        </property>
        <property name="modelFile" type="FilePtr" container="StaticArray" arraySize="1">
          <containerEntry>/Assets/tpp/environ/object/afghanistan/cliff/afgh_clff022/scenes/afgh_clff022_vrtn003.fmdl</containerEntry>
        </property>
        <property name="geomFile" type="FilePtr" container="StaticArray" arraySize="1">
          <containerEntry>/Assets/tpp/environ/object/afghanistan/cliff/afgh_clff022/scenes/afgh_clff022_vrtn003.geom</containerEntry>
        </property>
        <property name="isVisibleGeom" type="Bool" container="StaticArray" arraySize="1">
          <containerEntry>false</containerEntry>
        </property>
        <property name="lodFarSize" type="Float" container="StaticArray" arraySize="1">
          <containerEntry>-1</containerEntry>
        </property>
        <property name="lodNearSize" type="Float" container="StaticArray" arraySize="1">
          <containerEntry>-1</containerEntry>
        </property>
        <property name="lodPolygonSize" type="Float" container="StaticArray" arraySize="1">
          <containerEntry>-1</containerEntry>
        </property>
        <property name="drawRejectionLevel" type="Int32" container="StaticArray" arraySize="1">
          <containerEntry>8</containerEntry>
        </property>
        <property name="drawMode" type="Int32" container="StaticArray" arraySize="1">
          <containerEntry>0</containerEntry>
        </property>
        <property name="rejectFarRangeShadowCast" type="Int32" container="StaticArray" arraySize="1">
          <containerEntry>2</containerEntry>
        </property>
        <property name="parentLocator" type="EntityLink" container="StaticArray" arraySize="1">
          <containerEntry packagePathHash="0xB8A0BF169F98" archivePathHash="0xB8A0BF169F98" nameInArchiveHash="0xB8A0BF169F98">0x0</containerEntry>
        </property>
        <property name="transforms" type="Matrix4" container="DynamicArray" arraySize="2">
          <containerEntry r11="0.8898033" r12="0.035449516" r13="0.45496505" r14="0" r21="-0.038671542" r22="0.99924946" r23="-0.0022262041" r24="0" r31="-0.4547025" r32="-0.015613332" r33="0.8905064" r34="0" r41="934.25275" r42="339.05942" r43="1126.3524" r44="1"></containerEntry>
          <containerEntry r11="0.5067085" r12="0.038431823" r13="-0.8612596" r14="0" r21="-0.015317781" r22="0.9992495" r23="0.035577312" r24="0" r31="0.86198056" r32="-0.0048347004" r33="0.506917" r34="0" r41="996.1319" r42="370.48203" r43="1014.4055" r44="1"></containerEntry>
        </property>
        <property name="colors" type="UInt32" container="DynamicArray" arraySize="2">
          <containerEntry>4294967295</containerEntry>
          <containerEntry>4294967295</containerEntry>
        </property>
      </staticProperties>
      <dynamicProperties></dynamicProperties>
    </entity>
    <entity class="StaticModelArray" classVersion="4" classID="0xD0" addr="0x2D78040" id="0x0">
      <staticProperties>
        <property name="name" type="String" container="StaticArray" arraySize="1">
          <containerEntry>StaticModelArray0005</containerEntry>
        </property>
