<fox formatVersion="2" fileVersion="0">
  <entities>
    <entity class="DataSet" classVersion="0" classID="0xE8" addr="0x32F4610" id="0x36D99C">
      <staticProperties>
        <property name="name" type="String" container="StaticArray" arraySize="1">
          <containerEntry hash="0xB8A0BF169F98"></containerEntry>
        </property>
        <property name="dataSet" type="EntityHandle" container="StaticArray" arraySize="1">
          <containerEntry>0x0</containerEntry>
        </property>
        <property name="dataList" type="EntityPtr" container="StringMap" arraySize="7">
          <containerEntry key="mafr_rock001_0000">
            <data>0x32F4300</data>
          </containerEntry>
          <containerEntry key="mafr_rock001_vrtn003_0005">
            <data>0x3175FE0</data>
          </containerEntry>
          <containerEntry key="StaticModelArray0000">
            <data>0x317BA00</data>
          </containerEntry>
          <containerEntry key="StaticModelArray0001">
            <data>0x317BA70</data>
          </containerEntry>
          <containerEntry key="StaticModelArray0002">
            <data>0x317BAE0</data>
          </containerEntry>
          <containerEntry key="StaticModelArray0003">
            <data>0x317BB50</data>
          </containerEntry>
          <containerEntry key="TexturePackLoadConditioner0000">
            <data>0x317C020</data>
          </containerEntry>
        </property>
      </staticProperties>
      <dynamicProperties></dynamicProperties>
    </entity>
    <entity class="StaticModel" classVersion="9" classID="0x160" addr="0x32F4300" id="0x36D9AC">
      <staticProperties>
        <property name="name" type="String" container="StaticArray" arraySize="1">
          <containerEntry>mafr_rock001_0000</containerEntry>
        </property>
        <property name="dataSet" type="EntityHandle" container="StaticArray" arraySize="1">
          <containerEntry>0x32F4610</containerEntry>
        </property>
        <property name="parent" type="EntityHandle" container="StaticArray" arraySize="1">
          <containerEntry>0x0</containerEntry>
        </property>
        <property name="transform" type="EntityPtr" container="StaticArray" arraySize="1">
          <containerEntry>0x32F4290</containerEntry>
        </property>
        <property name="shearTransform" type="EntityPtr" container="StaticArray" arraySize="1">
          <containerEntry>0x0</containerEntry>
        </property>
        <property name="pivotTransform" type="EntityPtr" container="StaticArray" arraySize="1">
          <containerEntry>0x0</containerEntry>
        </property>
        <property name="children" type="EntityHandle" container="List"></property>
        <property name="flags" type="UInt32" container="StaticArray" arraySize="1">
          <containerEntry>2147483655</containerEntry>
        </property>
        <property name="modelFile" type="FilePtr" container="StaticArray" arraySize="1">
          <containerEntry>/Assets/tpp/environ/object/middle_africa/rock/mafr_rock001/scenes/mafr_rock001.fmdl</containerEntry>
        </property>
        <property name="geomFile" type="FilePtr" container="StaticArray" arraySize="1">
          <containerEntry>/Assets/tpp/environ/object/middle_africa/rock/mafr_rock001/scenes/mafr_rock001.geom</containerEntry>
        </property>
        <property name="isVisibleGeom" type="Bool" container="StaticArray" arraySize="1">
          <containerEntry>false</containerEntry>
        </property>
        <property name="isIsolated" type="Bool" container="StaticArray" arraySize="1">
          <containerEntry>false</containerEntry>
        </property>
        <property name="lodFarSize" type="Float" container="StaticArray" arraySize="1">
          <containerEntry>-1</containerEntry>
        </property>
        <property name="lodNearSize" type="Float" container="StaticArray" arraySize="1">
          <containerEntry>-1</containerEntry>
        </property>
        <property name="lodPolygonSize" type="Float" container="StaticArray" arraySize="1">
          <containerEntry>-1</containerEntry>
        </property>
        <property name="color" type="Color" container="StaticArray" arraySize="1">
          <containerEntry r="1" g="1" b="1" a="1"></containerEntry>
        </property>
        <property name="drawRejectionLevel" type="Int32" container="StaticArray" arraySize="1">
          <containerEntry>8</containerEntry>
        </property>
        <property name="drawMode" type="Int32" container="StaticArray" arraySize="1">
          <containerEntry>0</containerEntry>
        </property>
        <property name="rejectFarRangeShadowCast" type="Int32" container="StaticArray" arraySize="1">
          <containerEntry>2</containerEntry>
        </property>
      </staticProperties>
      <dynamicProperties></dynamicProperties>
    </entity>
    <entity class="TransformEntity" classVersion="0" classID="0x50" addr="0x32F4290" id="0x36D9AF">
      <staticProperties>
        <property name="owner" type="EntityHandle" container="StaticArray" arraySize="1">
          <containerEntry>0x32F4300</containerEntry>
        </property>
        <property name="transform_scale" type="Vector3" container="StaticArray" arraySize="1">
          <containerEntry x="1" y="1" z="1" w="0"></containerEntry>
        </property>
        <property name="transform_rotation_quat" type="Quat" container="StaticArray" arraySize="1">
          <containerEntry x="0.284766" y="-0.493797" z="0.153445" w="0.807172"></containerEntry>
        </property>
        <property name="transform_translation" type="Vector3" container="StaticArray" arraySize="1">
          <containerEntry x="573.7169" y="-7.052565" z="380.20148" w="0"></containerEntry>
        </property>
      </staticProperties>
      <dynamicProperties></dynamicProperties>
    </entity>
    <entity class="StaticModel" classVersion="9" classID="0x160" addr="0x3175FE0" id="0x36DA30">
      <staticProperties>
        <property name="name" type="String" container="StaticArray" arraySize="1">
          <containerEntry>mafr_rock001_vrtn003_0005</containerEntry>
        </property>
        <property name="dataSet" type="EntityHandle" container="StaticArray" arraySize="1">
          <containerEntry>0x32F4610</containerEntry>
        </property>
        <property name="parent" type="EntityHandle" container="StaticArray" arraySize="1">
          <containerEntry>0x0</containerEntry>
        </property>
        <property name="transform" type="EntityPtr" container="StaticArray" arraySize="1">
          <containerEntry>0x3176050</containerEntry>
        </property>
        <property name="shearTransform" type="EntityPtr" container="StaticArray" arraySize="1">
          <containerEntry>0x0</containerEntry>
        </property>
        <property name="pivotTransform" type="EntityPtr" container="StaticArray" arraySize="1">
          <containerEntry>0x0</containerEntry>
        </property>
        <property name="children" type="EntityHandle" container="List"></property>
        <property name="flags" type="UInt32" container="StaticArray" arraySize="1">
          <containerEntry>7</containerEntry>
        </property>
        <property name="modelFile" type="FilePtr" container="StaticArray" arraySize="1">
          <containerEntry>/Assets/tpp/environ/object/middle_africa/rock/mafr_rock001/scenes/mafr_rock001_vrtn003.fmdl</containerEntry>
        </property>
        <property name="geomFile" type="FilePtr" container="StaticArray" arraySize="1">
          <containerEntry>/Assets/tpp/environ/object/middle_africa/rock/mafr_rock001/scenes/mafr_rock001_vrtn003.geom</containerEntry>
        </property>
        <property name="isVisibleGeom" type="Bool" container="StaticArray" arraySize="1">
          <containerEntry>false</containerEntry>
        </property>
        <property name="isIsolated" type="Bool" container="StaticArray" arraySize="1">
          <containerEntry>false</containerEntry>
        </property>
        <property name="lodFarSize" type="Float" container="StaticArray" arraySize="1">
          <containerEntry>-1</containerEntry>
        </property>
        <property name="lodNearSize" type="Float" container="StaticArray" arraySize="1">
          <containerEntry>-1</containerEntry>
        </property>
        <property name="lodPolygonSize" type="Float" container="StaticArray" arraySize="1">
          <containerEntry>-1</containerEntry>
        </property>
        <property name="color" type="Color" container="StaticArray" arraySize="1">
          <containerEntry r="1" g="1" b="1" a="1"></containerEntry>
        </property>
        <property name="drawRejectionLevel" type="Int32" container="StaticArray" arraySize="1">
          <containerEntry>8</containerEntry>
        </property>
        <property name="drawMode" type="Int32" container="StaticArray" arraySize="1">
          <containerEntry>0</containerEntry>
        </property>
        <property name="rejectFarRangeShadowCast" type="Int32" container="StaticArray" arraySize="1">
          <containerEntry>2</containerEntry>
        </property>
      </staticProperties>
      <dynamicProperties></dynamicProperties>
    </entity>
    <entity class="TransformEntity" classVersion="0" classID="0x50" addr="0x3176050" id="0x36DA33">
      <staticProperties>
        <property name="owner" type="EntityHandle" container="StaticArray" arraySize="1">
          <containerEntry>0x3175FE0</containerEntry>
        </property>
        <property name="transform_scale" type="Vector3" container="StaticArray" arraySize="1">
          <containerEntry x="1" y="1" z="1" w="0"></containerEntry>
        </property>
        <property name="transform_rotation_quat" type="Quat" container="StaticArray" arraySize="1">
          <containerEntry x="0.001367" y="-0.912174" z="0.019092" w="-0.409354"></containerEntry>
        </property>
        <property name="transform_translation" type="Vector3" container="StaticArray" arraySize="1">
          <containerEntry x="588.5579" y="-8.446218" z="377.47104" w="0"></containerEntry>
        </property>
      </staticProperties>
      <dynamicProperties></dynamicProperties>
    </entity>
    <entity class="StaticModelArray" classVersion="4" classID="0xD0" addr="0x317BA00" id="0x0">
      <staticProperties>
        <property name="name" type="String" container="StaticArray" arraySize="1">
          <containerEntry>StaticModelArray0000</containerEntry>
        </property>
        <property name="dataSet" type="EntityHandle" container="StaticArray" arraySize="1">
          <containerEntry>0x32F4610</containerEntry>
        </property>
        <property name="modelFile" type="FilePtr" container="StaticArray" arraySize="1">
          <containerEntry>/Assets/tpp/environ/object/middle_africa/rock/mafr_rock001/scenes/mafr_rock001_vrtn001.fmdl</containerEntry>
        </property>
        <property name="geomFile" type="FilePtr" container="StaticArray" arraySize="1">
          <containerEntry>/Assets/tpp/environ/object/middle_africa/rock/mafr_rock001/scenes/mafr_rock001_vrtn001.geom</containerEntry>
        </property>
        <property name="isVisibleGeom" type="Bool" container="StaticArray" arraySize="1">
          <containerEntry>false</containerEntry>
        </property>
        <property name="lodFarSize" type="Float" container="StaticArray" arraySize="1">
          <containerEntry>-1</containerEntry>
        </property>
        <property name="lodNearSize" type="Float" container="StaticArray" arraySize="1">
          <containerEntry>-1</containerEntry>
        </property>
        <property name="lodPolygonSize" type="Float" container="StaticArray" arraySize="1">
          <containerEntry>-1</containerEntry>
        </property>
        <property name="drawRejectionLevel" type="Int32" container="StaticArray" arraySize="1">
          <containerEntry>8</containerEntry>
        </property>
        <property name="drawMode" type="Int32" container="StaticArray" arraySize="1">
          <containerEntry>0</containerEntry>
        </property>
        <property name="rejectFarRangeShadowCast" type="Int32" container="StaticArray" arraySize="1">
          <containerEntry>2</containerEntry>
        </property>
        <property name="parentLocator" type="EntityLink" container="StaticArray" arraySize="1">
          <containerEntry packagePathHash="0xB8A0BF169F98" archivePathHash="0xB8A0BF169F98" nameInArchiveHash="0xB8A0BF169F98">0x0</containerEntry>
        </property>
        <property name="transforms" type="Matrix4" container="DynamicArray" arraySize="2">
          <containerEntry r11="-0.95165807" r12="0.030354504" r13="0.30565056" r14="0" r21="0.14287972" r22="0.9246352" r23="0.35303694" r24="0" r31="-0.27189896" r32="0.3796423" r33="-0.88427347" r34="0" r41="566.24805" r42="-9.92121" r43="370.197" r44="1"></containerEntry>
          <containerEntry r11="-0.91911536" r12="0.020752396" r13="0.39344028" r14="0" r21="0.09823252" r22="0.97914505" r23="0.17783497" r24="0" r31="-0.38154462" r32="0.20209958" r33="-0.9019858" r34="0" r41="575.0293" r42="-9.167537" r43="370.789" r44="1"></containerEntry>
        </property>
        <property name="colors" type="UInt32" container="DynamicArray" arraySize="2">
          <containerEntry>4294967295</containerEntry>
          <containerEntry>4294967295</containerEntry>
        </property>
      </staticProperties>
      <dynamicProperties></dynamicProperties>
    </entity>
    <entity class="StaticModelArray" classVersion="4" classID="0xD0" addr="0x317BA70" id="0x0">
      <staticProperties>
        <property name="name" type="String" container="StaticArray" arraySize="1">
          <containerEntry>StaticModelArray0001</containerEntry>
        </property>
        <property name="dataSet" type="EntityHandle" container="StaticArray" arraySize="1">
          <containerEntry>0x32F4610</containerEntry>
        </property>
        <property name="modelFile" type="FilePtr" container="StaticArray" arraySize="1">
          <containerEntry>/Assets/tpp/environ/object/middle_africa/rock/mafr_rock011/scenes/mafr_rock011.fmdl</containerEntry>
        </property>
        <property name="geomFile" type="FilePtr" container="StaticArray" arraySize="1">
          <containerEntry>/Assets/tpp/environ/object/middle_africa/rock/mafr_rock011/scenes/mafr_rock011.geom</containerEntry>
        </property>
        <property name="isVisibleGeom" type="Bool" container="StaticArray" arraySize="1">
          <containerEntry>false</containerEntry>
        </property>
        <property name="lodFarSize" type="Float" container="StaticArray" arraySize="1">
          <containerEntry>-1</containerEntry>
        </property>
        <property name="lodNearSize" type="Float" container="StaticArray" arraySize="1">
          <containerEntry>-1</containerEntry>
        </property>
        <property name="lodPolygonSize" type="Float" container="StaticArray" arraySize="1">
          <containerEntry>-1</containerEntry>
        </property>
        <property name="drawRejectionLevel" type="Int32" container="StaticArray" arraySize="1">
          <containerEntry>5</containerEntry>
        </property>
        <property name="drawMode" type="Int32" container="StaticArray" arraySize="1">
          <containerEntry>0</containerEntry>
        </property>
        <property name="rejectFarRangeShadowCast" type="Int32" container="StaticArray" arraySize="1">
          <containerEntry>2</containerEntry>
        </property>
        <property name="parentLocator" type="EntityLink" container="StaticArray" arraySize="1">
          <containerEntry packagePathHash="0xB8A0BF169F98" archivePathHash="0xB8A0BF169F98" nameInArchiveHash="0xB8A0BF169F98">0x0</containerEntry>
        </property>
        <property name="transforms" type="Matrix4" container="DynamicArray" arraySize="6">
          <containerEntry r11="0.93727666" r12="-0.08772378" r13="0.3373699" r14="0" r21="-0.22917187" r22="0.5742005" r23="0.78598404" r24="0" r31="-0.26266718" r32="-0.8140003" r33="0.51808095" r34="0" r41="590.61316" r42="-4.414269" r43="314.98404" r44="1"></containerEntry>
          <containerEntry r11="-0.3457531" r12="-0.012673122" r13="0.9382383" r14="0" r21="-0.5254086" r22="0.8310698" r23="-0.18239547" r24="0" r31="-0.7774297" r32="-0.55602366" r33="-0.2940031" r34="0" r41="610.52795" r42="-4.268963" r43="309.28546" r44="1"></containerEntry>
          <containerEntry r11="-0.80541474" r12="0.062604785" r13="-0.5893846" r14="0" r21="0.50934595" r22="0.5816118" r23="-0.63426405" r24="0" r31="0.3030839" r32="-0.81105244" r33="-0.5003231" r34="0" r41="605.6079" r42="-4.677262" r43="282.63956" r44="1"></containerEntry>
          <containerEntry r11="-0.3860833" r12="0.054261945" r13="0.9208617" r14="0" r21="-0.7948078" r22="0.48711008" r23="-0.36193976" r24="0" r31="-0.4681988" r32="-0.87165177" r33="-0.14493431" r34="0" r41="577.6928" r42="-4.124146" r43="296.12634" r44="1"></containerEntry>
          <containerEntry r11="-0.9753103" r12="0.027698666" r13="0.21909174" r14="0" r21="-0.10212612" r22="0.82306993" r23="-0.55868214" r24="0" r31="-0.19580258" r32="-0.56726444" r33="-0.79991955" r34="0" r41="597.7235" r42="-3.0342" r43="307.05484" r44="1"></containerEntry>
          <containerEntry r11="0.9451555" r12="0.09067353" r13="-0.31378517" r14="0" r21="0.04247836" r22="0.9184114" r23="0.39333937" r24="0" r31="0.32384935" r32="-0.38509592" r33="0.8641899" r34="0" r41="592.50665" r42="-6.540247" r43="274.35715" r44="1"></containerEntry>
        </property>
        <property name="colors" type="UInt32" container="DynamicArray" arraySize="6">
          <containerEntry>4294967295</containerEntry>
          <containerEntry>4294967295</containerEntry>
          <containerEntry>4294967295</containerEntry>
          <containerEntry>4294967295</containerEntry>
          <containerEntry>4294967295</containerEntry>
          <containerEntry>4294967295</containerEntry>
        </property>
      </staticProperties>
      <dynamicProperties></dynamicProperties>
    </entity>
    <entity class="StaticModelArray" classVersion="4" classID="0xD0" addr="0x317BAE0" id="0x0">
      <staticProperties>
        <property name="name" type="String" container="StaticArray" arraySize="1">
          <containerEntry>StaticModelArray0002</containerEntry>
        </property>
        <property name="dataSet" type="EntityHandle" container="StaticArray" arraySize="1">
          <containerEntry>0x32F4610</containerEntry>
        </property>
        <property name="modelFile" type="FilePtr" container="StaticArray" arraySize="1">
          <containerEntry>/Assets/tpp/environ/object/middle_africa/cliff/mafr_clff003/scenes/mafr_clff003_vrtn001.fmdl</containerEntry>
        </property>
        <property name="geomFile" type="FilePtr" container="StaticArray" arraySize="1">
          <containerEntry>/Assets/tpp/environ/object/middle_africa/cliff/mafr_clff003/scenes/mafr_clff003_vrtn001.geom</containerEntry>
        </property>
        <property name="isVisibleGeom" type="Bool" container="StaticArray" arraySize="1">
          <containerEntry>false</containerEntry>
        </property>
        <property name="lodFarSize" type="Float" container="StaticArray" arraySize="1">
          <containerEntry>-1</containerEntry>
        </property>
        <property name="lodNearSize" type="Float" container="StaticArray" arraySize="1">
          <containerEntry>-1</containerEntry>
        </property>
        <property name="lodPolygonSize" type="Float" container="StaticArray" arraySize="1">
          <containerEntry>-1</containerEntry>
        </property>
        <property name="drawRejectionLevel" type="Int32" container="StaticArray" arraySize="1">
          <containerEntry>5</containerEntry>
        </property>
        <property name="drawMode" type="Int32" container="StaticArray" arraySize="1">
          <containerEntry>0</containerEntry>
        </property>
        <property name="rejectFarRangeShadowCast" type="Int32" container="StaticArray" arraySize="1">
          <containerEntry>2</containerEntry>
        </property>
        <property name="parentLocator" type="EntityLink" container="StaticArray" arraySize="1">
          <containerEntry packagePathHash="0xB8A0BF169F98" archivePathHash="0xB8A0BF169F98" nameInArchiveHash="0xB8A0BF169F98">0x0</containerEntry>
        </property>
        <property name="transforms" type="Matrix4" container="DynamicArray" arraySize="10">
          <containerEntry r11="0.59895676" r12="-0.09896947" r13="-0.3485052" r14="0" r21="-0.17528288" r22="0.51014787" r23="-0.44612223" r24="0" r31="0.31705952" r32="0.46899274" r33="0.41172695" r34="0" r41="573.7211" r42="-9.808089" r43="366.21634" r44="1"></containerEntry>
          <containerEntry r11="-0.61317563" r12="0.09163697" r13="0.32498953" r14="0" r21="0.29523918" r22="0.47244254" r23="0.4238299" r24="0" r31="-0.16385768" r32="0.50833124" r33="-0.45249295" r34="0" r41="578.89056" r42="-10.225414" r43="379.4675" r44="1"></containerEntry>
          <containerEntry r11="0.76186323" r12="0.1952582" r13="-0.61760724" r14="0" r21="-0.38689524" r22="0.901886" r23="-0.19212967" r24="0" r31="0.51949644" r32="0.3853258" r33="0.76265824" r34="0" r41="601.87866" r42="-9.714645" r43="327.96567" r44="1"></containerEntry>
          <containerEntry r11="-0.91475093" r12="0.033919603" r13="0.4025911" r14="0" r21="0.39895737" r22="0.23305255" r23="0.8868593" r24="0" r31="-0.063742936" r32="0.9718723" r33="-0.2267173" r34="0" r41="612.67236" r42="-7.409475" r43="318.61777" r44="1"></containerEntry>
          <containerEntry r11="-0.03849946" r12="0.020323336" r13="0.99905086" r14="0" r21="0.7777927" r22="0.6282851" r23="0.01719284" r24="0" r31="-0.627339" r32="0.7777172" r33="-0.03999561" r34="0" r41="615.0005" r42="-7.055058" r43="286.88812" r44="1"></containerEntry>
          <containerEntry r11="-0.9195559" r12="-0.2458045" r13="0.30658692" r14="0" r21="-0.12235816" r22="0.9205236" r23="0.37103188" r24="0" r31="-0.37342185" r32="0.30367142" r33="-0.87654907" r34="0" r41="577.2049" r42="-9.480125" r43="282.67526" r44="1"></containerEntry>
          <containerEntry r11="0.024187617" r12="-0.08931461" r13="-0.9957101" r14="0" r21="-0.6892005" r22="0.7199924" r23="-0.081325114" r24="0" r31="0.7241673" r32="0.6882107" r33="-0.044140816" r34="0" r41="599.2402" r42="-4.429288" r43="289.8753" r44="1"></containerEntry>
          <containerEntry r11="0.41321844" r12="-0.019760013" r13="-0.91041684" r14="0" r21="-0.6954099" r22="0.63862324" r23="-0.3294915" r24="0" r31="0.58792377" r32="0.7692653" r33="0.25014982" r34="0" r41="583.91425" r42="-4.134765" r43="303.4503" r44="1"></containerEntry>
          <containerEntry r11="0.54486203" r12="-0.15711805" r13="0.8236729" r14="0" r21="0.6650014" r22="0.6793196" r23="-0.3103166" r24="0" r31="-0.5107801" r32="0.7168244" r33="0.4746198" r34="0" r41="608.10126" r42="-4.542772" r43="299.64795" r44="1"></containerEntry>
          <containerEntry r11="-0.96093786" r12="-0.26193264" r13="0.08933031" r14="0" r21="-0.06301927" r22="0.5214161" r23="0.85097086" r24="0" r31="-0.26947576" r32="0.8121047" r33="-0.51755303" r34="0" r41="568.06494" r42="-11.271949" r43="319.39258" r44="1"></containerEntry>
        </property>
        <property name="colors" type="UInt32" container="DynamicArray" arraySize="10">
          <containerEntry>4294967295</containerEntry>
          <containerEntry>4294967295</containerEntry>
          <containerEntry>4294967295</containerEntry>
          <containerEntry>4294967295</containerEntry>
          <containerEntry>4294967295</containerEntry>
          <containerEntry>4294967295</containerEntry>
          <containerEntry>4294967295</containerEntry>
          <containerEntry>4294967295</containerEntry>
          <containerEntry>4294967295</containerEntry>
          <containerEntry>4294967295</containerEntry>
        </property>
      </staticProperties>
      <dynamicProperties></dynamicProperties>
    </entity>
    <entity class="StaticModelArray" classVersion="4" classID="0xD0" addr="0x317BB50" id="0x0">
      <staticProperties>
        <property name="name" type="String" container="StaticArray" arraySize="1">
          <containerEntry>StaticModelArray0003</containerEntry>
        </property>
        <property name="dataSet" type="EntityHandle" container="StaticArray" arraySize="1">
          <containerEntry>0x32F4610</containerEntry>
        </property>
        <property name="modelFile" type="FilePtr" container="StaticArray" arraySize="1">
          <containerEntry>/Assets/tpp/environ/object/middle_africa/rock/mafr_rock002/scenes/mafr_rock002.fmdl</containerEntry>
        </property>
        <property name="geomFile" type="FilePtr" container="StaticArray" arraySize="1">
          <containerEntry>/Assets/tpp/environ/object/middle_africa/rock/mafr_rock002/scenes/mafr_rock002.geom</containerEntry>
        </property>
        <property name="isVisibleGeom" type="Bool" container="StaticArray" arraySize="1">
          <containerEntry>false</containerEntry>
        </property>
        <property name="lodFarSize" type="Float" container="StaticArray" arraySize="1">
          <containerEntry>-1</containerEntry>
        </property>
        <property name="lodNearSize" type="Float" container="StaticArray" arraySize="1">
          <containerEntry>-1</containerEntry>
        </property>
        <property name="lodPolygonSize" type="Float" container="StaticArray" arraySize="1">
          <containerEntry>-1</containerEntry>
        </property>
        <property name="drawRejectionLevel" type="Int32" container="StaticArray" arraySize="1">
          <containerEntry>8</containerEntry>
        </property>
        <property name="drawMode" type="Int32" container="StaticArray" arraySize="1">
          <containerEntry>0</containerEntry>
        </property>
        <property name="rejectFarRangeShadowCast" type="Int32" container="StaticArray" arraySize="1">
          <containerEntry>2</containerEntry>
        </property>
        <property name="parentLocator" type="EntityLink" container="StaticArray" arraySize="1">
          <containerEntry packagePathHash="0xB8A0BF169F98" archivePathHash="0xB8A0BF169F98" nameInArchiveHash="0xB8A0BF169F98">0x0</containerEntry>
        </property>
        <property name="transforms" type="Matrix4" container="DynamicArray" arraySize="5">
          <containerEntry r11="0.5826928" r12="0.042481124" r13="0.8115814" r14="0" r21="-0.07336696" r22="0.9973049" r23="0.0004728604" r24="0" r31="-0.809374" r32="-0.059818804" r33="0.5842391" r34="0" r41="576.0382" r42="-2.703616" r43="308.26846" r44="1"></containerEntry>
          <containerEntry r11="-0.23209837" r12="-0.017536264" r13="0.9725339" r14="0" r21="-0.07336646" r22="0.9973049" r23="0.00047375634" r24="0" r31="-0.9699212" r32="-0.07124142" r33="-0.23275942" r34="0" r41="564.0141" r42="-5.547767" r43="295.90454" r44="1"></containerEntry>
          <containerEntry r11="-0.30422541" r12="0.14091817" r13="-0.9421173" r14="0" r21="0.008738689" r22="0.98936903" r23="0.14516379" r24="0" r31="0.95255786" r32="0.03592992" r33="-0.3022226" r34="0" r41="622.4827" r42="-5.202456" r43="301.94125" r44="1"></containerEntry>
          <containerEntry r11="-0.7806048" r12="-0.12155648" r13="-0.6130845" r14="0" r21="-0.16330963" r22="0.98649764" r23="0.012340408" r24="0" r31="0.60330635" r32="0.109755844" r33="-0.7899161" r34="0" r41="604.81525" r42="-5.660207" r43="270.06503" r44="1"></containerEntry>
          <containerEntry r11="0.9660335" r12="0.067209706" r13="0.24952374" r14="0" r21="-0.046467297" r22="0.99502605" r23="-0.08811353" r24="0" r31="-0.25420472" r32="0.073525906" r33="0.96435153" r34="0" r41="588.59357" r42="-5.738638" r43="326.10803" r44="1"></containerEntry>
        </property>
        <property name="colors" type="UInt32" container="DynamicArray" arraySize="5">
          <containerEntry>4294967295</containerEntry>
          <containerEntry>4294967295</containerEntry>
          <containerEntry>4294967295</containerEntry>
          <containerEntry>4294967295</containerEntry>
          <containerEntry>4294967295</containerEntry>
        </property>
      </staticProperties>
      <dynamicProperties></dynamicProperties>
    </entity>
    <entity class="TexturePackLoadConditioner" classVersion="0" classID="0x48" addr="0x317C020" id="0x0">
      <staticProperties>
        <property name="name" type="String" container="StaticArray" arraySize="1">
          <containerEntry>TexturePackLoadConditioner0000</containerEntry>
        </property>
        <property name="dataSet" type="EntityHandle" container="StaticArray" arraySize="1">
          <containerEntry>0x32F4610</containerEntry>
        </property>
        <property name="texturePackPath" type="Path" container="StaticArray" arraySize="1">
          <containerEntry hash="0xB8A0BF169F98"></containerEntry>
        </property>
      </staticProperties>
      <dynamicProperties></dynamicProperties>
    </entity>
  </entities>
</fox>