<fox formatVersion="2" fileVersion="0">
  <entities>
    <entity class="DataSet" classVersion="0" classID="0xE8" addr="0x32F1970" id="0x1A91BB">
      <staticProperties>
        <property name="name" type="String" container="StaticArray" arraySize="1">
          <containerEntry hash="0xB8A0BF169F98"></containerEntry>
        </property>
        <property name="dataSet" type="EntityHandle" container="StaticArray" arraySize="1">
          <containerEntry>0x0</containerEntry>
        </property>
        <property name="dataList" type="EntityPtr" container="StringMap" arraySize="5">
          <containerEntry key="mafr_tree031_vrtn009_0007">
            <data>0x3174D10</data>
          </containerEntry>
          <containerEntry key="StaticModelArray0000">
            <data>0x31770F0</data>
          </containerEntry>
          <containerEntry key="StaticModelArray0001">
            <data>0x3177160</data>
          </containerEntry>
          <containerEntry key="StaticModelArray0002">
            <data>0x31771D0</data>
          </containerEntry>
          <containerEntry key="TexturePackLoadConditioner0000">
            <data>0x31777F0</data>
          </containerEntry>
        </property>
      </staticProperties>
      <dynamicProperties></dynamicProperties>
    </entity>
    <entity class="StaticModel" classVersion="9" classID="0x160" addr="0x3174D10" id="0x1C87C9">
      <staticProperties>
        <property name="name" type="String" container="StaticArray" arraySize="1">
          <containerEntry>mafr_tree031_vrtn009_0007</containerEntry>
        </property>
        <property name="dataSet" type="EntityHandle" container="StaticArray" arraySize="1">
          <containerEntry>0x32F1970</containerEntry>
        </property>
        <property name="parent" type="EntityHandle" container="StaticArray" arraySize="1">
          <containerEntry>0x0</containerEntry>
        </property>
        <property name="transform" type="EntityPtr" container="StaticArray" arraySize="1">
          <containerEntry>0x3174D80</containerEntry>
        </property>
        <property name="shearTransform" type="EntityPtr" container="StaticArray" arraySize="1">
          <containerEntry>0x0</containerEntry>
        </property>
        <property name="pivotTransform" type="EntityPtr" container="StaticArray" arraySize="1">
          <containerEntry>0x0</containerEntry>
        </property>
        <property name="children" type="EntityHandle" container="List"></property>
        <property name="flags" type="UInt32" container="StaticArray" arraySize="1">
          <containerEntry>7</containerEntry>
        </property>
        <property name="modelFile" type="FilePtr" container="StaticArray" arraySize="1">
          <containerEntry>/Assets/tpp/environ/object/middle_africa/tree/mafr_tree031/scenes/mafr_tree031_vrtn009.fmdl</containerEntry>
        </property>
        <property name="geomFile" type="FilePtr" container="StaticArray" arraySize="1">
          <containerEntry>/Assets/tpp/environ/object/middle_africa/tree/mafr_tree031/scenes/mafr_tree031_vrtn009.geom</containerEntry>
        </property>
        <property name="isVisibleGeom" type="Bool" container="StaticArray" arraySize="1">
          <containerEntry>false</containerEntry>
        </property>
        <property name="isIsolated" type="Bool" container="StaticArray" arraySize="1">
          <containerEntry>false</containerEntry>
        </property>
        <property name="lodFarSize" type="Float" container="StaticArray" arraySize="1">
          <containerEntry>-1</containerEntry>
        </property>
        <property name="lodNearSize" type="Float" container="StaticArray" arraySize="1">
          <containerEntry>-1</containerEntry>
        </property>
        <property name="lodPolygonSize" type="Float" container="StaticArray" arraySize="1">
          <containerEntry>-1</containerEntry>
        </property>
        <property name="color" type="Color" container="StaticArray" arraySize="1">
          <containerEntry r="1" g="1" b="1" a="1"></containerEntry>
        </property>
        <property name="drawRejectionLevel" type="Int32" container="StaticArray" arraySize="1">
          <containerEntry>8</containerEntry>
        </property>
        <property name="drawMode" type="Int32" container="StaticArray" arraySize="1">
          <containerEntry>0</containerEntry>
        </property>
        <property name="rejectFarRangeShadowCast" type="Int32" container="StaticArray" arraySize="1">
          <containerEntry>2</containerEntry>
        </property>
      </staticProperties>
      <dynamicProperties></dynamicProperties>
    </entity>
    <entity class="TransformEntity" classVersion="0" classID="0x50" addr="0x3174D80" id="0x1C87CA">
      <staticProperties>
        <property name="owner" type="EntityHandle" container="StaticArray" arraySize="1">
          <containerEntry>0x3174D10</containerEntry>
        </property>
        <property name="transform_scale" type="Vector3" container="StaticArray" arraySize="1">
          <containerEntry x="1" y="1" z="1" w="0"></containerEntry>
        </property>
        <property name="transform_rotation_quat" type="Quat" container="StaticArray" arraySize="1">
          <containerEntry x="0" y="-0.804939" z="0" w="0.593358"></containerEntry>
        </property>
        <property name="transform_translation" type="Vector3" container="StaticArray" arraySize="1">
          <containerEntry x="2953.3315" y="7.16133" z="893.7313" w="0"></containerEntry>
        </property>
      </staticProperties>
      <dynamicProperties></dynamicProperties>
    </entity>
    <entity class="StaticModelArray" classVersion="4" classID="0xD0" addr="0x31770F0" id="0x0">
      <staticProperties>
        <property name="name" type="String" container="StaticArray" arraySize="1">
          <containerEntry>StaticModelArray0000</containerEntry>
        </property>
        <property name="dataSet" type="EntityHandle" container="StaticArray" arraySize="1">
          <containerEntry>0x32F1970</containerEntry>
        </property>
        <property name="modelFile" type="FilePtr" container="StaticArray" arraySize="1">
          <containerEntry>/Assets/tpp/environ/object/middle_africa/tree/mafr_tree031/scenes/mafr_tree031_vrtn001.fmdl</containerEntry>
        </property>
        <property name="geomFile" type="FilePtr" container="StaticArray" arraySize="1">
          <containerEntry>/Assets/tpp/environ/object/middle_africa/tree/mafr_tree031/scenes/mafr_tree031_vrtn001.geom</containerEntry>
        </property>
        <property name="isVisibleGeom" type="Bool" container="StaticArray" arraySize="1">
          <containerEntry>false</containerEntry>
        </property>
        <property name="lodFarSize" type="Float" container="StaticArray" arraySize="1">
          <containerEntry>-1</containerEntry>
        </property>
        <property name="lodNearSize" type="Float" container="StaticArray" arraySize="1">
          <containerEntry>-1</containerEntry>
        </property>
        <property name="lodPolygonSize" type="Float" container="StaticArray" arraySize="1">
          <containerEntry>-1</containerEntry>
        </property>
        <property name="drawRejectionLevel" type="Int32" container="StaticArray" arraySize="1">
          <containerEntry>7</containerEntry>
        </property>
        <property name="drawMode" type="Int32" container="StaticArray" arraySize="1">
          <containerEntry>0</containerEntry>
        </property>
        <property name="rejectFarRangeShadowCast" type="Int32" container="StaticArray" arraySize="1">
          <containerEntry>2</containerEntry>
        </property>
        <property name="parentLocator" type="EntityLink" container="StaticArray" arraySize="1">
          <containerEntry packagePathHash="0xB8A0BF169F98" archivePathHash="0xB8A0BF169F98" nameInArchiveHash="0xB8A0BF169F98">0x0</containerEntry>
        </property>
        <property name="transforms" type="Matrix4" container="DynamicArray" arraySize="5">
          <containerEntry r11="-0.8236252" r12="0" r13="-0.5671347" r14="0" r21="0" r22="1" r23="0" r24="0" r31="0.5671347" r32="0" r33="-0.8236252" r34="0" r41="2946.0103" r42="6.131531" r43="943.30585" r44="1"></containerEntry>
          <containerEntry r11="-0.36898637" r12="0" r13="-0.9294349" r14="0" r21="0" r22="1" r23="0" r24="0" r31="0.9294349" r32="0" r33="-0.36898637" r34="0" r41="2866.6934" r42="12.915344" r43="902.04346" r44="1"></containerEntry>
          <containerEntry r11="0.31046754" r12="0" r13="0.9505838" r14="0" r21="0" r22="1" r23="0" r24="0" r31="-0.9505838" r32="0" r33="0.31046754" r34="0" r41="2974.419" r42="-6.339767" r43="1014.8959" r44="1"></containerEntry>
          <containerEntry r11="0.5527293" r12="0" r13="-0.8333603" r14="0" r21="0" r22="1" r23="0" r24="0" r31="0.8333603" r32="0" r33="0.5527293" r34="0" r41="3010.4548" r42="-0.358566" r43="1018.1666" r44="1"></containerEntry>
          <containerEntry r11="-0.95914984" r12="0" r13="0.2828917" r14="0" r21="0" r22="1" r23="0" r24="0" r31="-0.2828917" r32="0" r33="-0.95914984" r34="0" r41="3005.3997" r42="10.455482" r43="918.63513" r44="1"></containerEntry>
        </property>
        <property name="colors" type="UInt32" container="DynamicArray" arraySize="5">
          <containerEntry>4294967295</containerEntry>
          <containerEntry>4294967295</containerEntry>
          <containerEntry>4294967295</containerEntry>
          <containerEntry>4294967295</containerEntry>
          <containerEntry>4294967295</containerEntry>
        </property>
      </staticProperties>
      <dynamicProperties></dynamicProperties>
    </entity>
    <entity class="StaticModelArray" classVersion="4" classID="0xD0" addr="0x3177160" id="0x0">
      <staticProperties>
        <property name="name" type="String" container="StaticArray" arraySize="1">
          <containerEntry>StaticModelArray0001</containerEntry>
        </property>
        <property name="dataSet" type="EntityHandle" container="StaticArray" arraySize="1">
          <containerEntry>0x32F1970</containerEntry>
        </property>
        <property name="modelFile" type="FilePtr" container="StaticArray" arraySize="1">
          <containerEntry>/Assets/tpp/environ/object/middle_africa/tree/mafr_tree031/scenes/mafr_tree031_vrtn009.fmdl</containerEntry>
        </property>
        <property name="geomFile" type="FilePtr" container="StaticArray" arraySize="1">
          <containerEntry>/Assets/tpp/environ/object/middle_africa/tree/mafr_tree031/scenes/mafr_tree031_vrtn009.geom</containerEntry>
        </property>
        <property name="isVisibleGeom" type="Bool" container="StaticArray" arraySize="1">
          <containerEntry>false</containerEntry>
        </property>
        <property name="lodFarSize" type="Float" container="StaticArray" arraySize="1">
          <containerEntry>-1</containerEntry>
        </property>
        <property name="lodNearSize" type="Float" container="StaticArray" arraySize="1">
          <containerEntry>-1</containerEntry>
        </property>
        <property name="lodPolygonSize" type="Float" container="StaticArray" arraySize="1">
          <containerEntry>-1</containerEntry>
        </property>
        <property name="drawRejectionLevel" type="Int32" container="StaticArray" arraySize="1">
          <containerEntry>7</containerEntry>
        </property>
        <property name="drawMode" type="Int32" container="StaticArray" arraySize="1">
          <containerEntry>0</containerEntry>
        </property>
        <property name="rejectFarRangeShadowCast" type="Int32" container="StaticArray" arraySize="1">
          <containerEntry>2</containerEntry>
        </property>
        <property name="parentLocator" type="EntityLink" container="StaticArray" arraySize="1">
          <containerEntry packagePathHash="0xB8A0BF169F98" archivePathHash="0xB8A0BF169F98" nameInArchiveHash="0xB8A0BF169F98">0x0</containerEntry>
        </property>
        <property name="transforms" type="Matrix4" container="DynamicArray" arraySize="4">
          <containerEntry r11="0.9980015" r12="0" r13="0.063190386" r14="0" r21="0" r22="1" r23="0" r24="0" r31="-0.063190386" r32="0" r33="0.9980015" r34="0" r41="2872.2173" r42="9.101837" r43="989.7682" r44="1"></containerEntry>
          <containerEntry r11="0.958761" r12="0" r13="-0.28421354" r14="0" r21="0" r22="1" r23="0" r24="0" r31="0.28421354" r32="0" r33="0.958761" r34="0" r41="2874.301" r42="10.673754" r43="940.75305" r44="1"></containerEntry>
          <containerEntry r11="0.4114895" r12="0" r13="-0.9114143" r14="0" r21="0" r22="1" r23="0" r24="0" r31="0.9114143" r32="0" r33="0.4114895" r34="0" r41="3003.75" r42="20.408861" r43="878.54865" r44="1"></containerEntry>
          <containerEntry r11="0.3535018" r12="0" r13="0.93543303" r14="0" r21="0" r22="1" r23="0" r24="0" r31="-0.93543303" r32="0" r33="0.3535018" r34="0" r41="3060.4597" r42="32.75616" r43="882.3476" r44="1"></containerEntry>
        </property>
        <property name="colors" type="UInt32" container="DynamicArray" arraySize="4">
          <containerEntry>4294967295</containerEntry>
          <containerEntry>4294967295</containerEntry>
          <containerEntry>4294967295</containerEntry>
          <containerEntry>4294967295</containerEntry>
        </property>
      </staticProperties>
      <dynamicProperties></dynamicProperties>
    </entity>
    <entity class="StaticModelArray" classVersion="4" classID="0xD0" addr="0x31771D0" id="0x0">
      <staticProperties>
        <property name="name" type="String" container="StaticArray" arraySize="1">
          <containerEntry>StaticModelArray0002</containerEntry>
        </property>
        <property name="dataSet" type="EntityHandle" container="StaticArray" arraySize="1">
          <containerEntry>0x32F1970</containerEntry>
        </property>
        <property name="modelFile" type="FilePtr" container="StaticArray" arraySize="1">
          <containerEntry>/Assets/tpp/environ/object/middle_africa/tree/mafr_tree031/scenes/mafr_tree031_vrtn005.fmdl</containerEntry>
        </property>
        <property name="geomFile" type="FilePtr" container="StaticArray" arraySize="1">
          <containerEntry>/Assets/tpp/environ/object/middle_africa/tree/mafr_tree031/scenes/mafr_tree031_vrtn005.geom</containerEntry>
        </property>
        <property name="isVisibleGeom" type="Bool" container="StaticArray" arraySize="1">
          <containerEntry>false</containerEntry>
        </property>
        <property name="lodFarSize" type="Float" container="StaticArray" arraySize="1">
          <containerEntry>-1</containerEntry>
        </property>
        <property name="lodNearSize" type="Float" container="StaticArray" arraySize="1">
          <containerEntry>-1</containerEntry>
        </property>
        <property name="lodPolygonSize" type="Float" container="StaticArray" arraySize="1">
          <containerEntry>-1</containerEntry>
        </property>
        <property name="drawRejectionLevel" type="Int32" container="StaticArray" arraySize="1">
          <containerEntry>7</containerEntry>
        </property>
        <property name="drawMode" type="Int32" container="StaticArray" arraySize="1">
          <containerEntry>0</containerEntry>
        </property>
        <property name="rejectFarRangeShadowCast" type="Int32" container="StaticArray" arraySize="1">
          <containerEntry>2</containerEntry>
        </property>
        <property name="parentLocator" type="EntityLink" container="StaticArray" arraySize="1">
          <containerEntry packagePathHash="0xB8A0BF169F98" archivePathHash="0xB8A0BF169F98" nameInArchiveHash="0xB8A0BF169F98">0x0</containerEntry>
        </property>
        <property name="transforms" type="Matrix4" container="DynamicArray" arraySize="14">
          <containerEntry r11="0.71067774" r12="0" r13="-0.7035159" r14="0" r21="0" r22="1" r23="0" r24="0" r31="0.7035159" r32="0" r33="0.71067774" r34="0" r41="2995.61" r42="1.001923" r43="987.22424" r44="1"></containerEntry>
          <containerEntry r11="0.78405195" r12="0" r13="0.620695" r14="0" r21="0" r22="1" r23="0" r24="0" r31="-0.620695" r32="0" r33="0.78405195" r34="0" r41="3047.504" r42="17.266716" r43="949.4885" r44="1"></containerEntry>
          <containerEntry r11="0.90329415" r12="0" r13="0.42902178" r14="0" r21="0" r22="1" r23="0" r24="0" r31="-0.42902178" r32="0" r33="0.90329415" r34="0" r41="3042.8972" r42="7.935822" r43="982.77234" r44="1"></containerEntry>
          <containerEntry r11="0.3641979" r12="0" r13="0.93132055" r14="0" r21="0" r22="1" r23="0" r24="0" r31="-0.93132055" r32="0" r33="0.3641979" r34="0" r41="3029.4768" r42="6.429785" r43="1003.18335" r44="1"></containerEntry>
          <containerEntry r11="0.71702987" r12="0" r13="-0.6970426" r14="0" r21="0" r22="1" r23="0" r24="0" r31="0.6970426" r32="0" r33="0.71702987" r34="0" r41="3062.8228" r42="16.242691" r43="977.85645" r44="1"></containerEntry>
          <containerEntry r11="0.78405195" r12="0" r13="0.620695" r14="0" r21="0" r22="1" r23="0" r24="0" r31="-0.620695" r32="0" r33="0.78405195" r34="0" r41="3032.8342" r42="19.095963" r43="904.43286" r44="1"></containerEntry>
          <containerEntry r11="0.768336" r12="0" r13="0.64004666" r14="0" r21="0" r22="1" r23="0" r24="0" r31="-0.64004666" r32="0" r33="0.768336" r34="0" r41="3078.0874" r42="21.088837" r43="958.0808" r44="1"></containerEntry>
          <containerEntry r11="0.7189779" r12="0" r13="0.69503266" r14="0" r21="0" r22="1" r23="0" r24="0" r31="-0.69503266" r32="0" r33="0.7189779" r34="0" r41="3075.8088" r42="23.094131" r43="934.24207" r44="1"></containerEntry>
          <containerEntry r11="0.39322555" r12="0" r13="-0.9194417" r14="0" r21="0" r22="1" r23="0" r24="0" r31="0.9194417" r32="0" r33="0.39322555" r34="0" r41="3103.6313" r42="34.430008" r43="908.98425" r44="1"></containerEntry>
          <containerEntry r11="0.9071238" r12="0" r13="0.4208639" r14="0" r21="0" r22="1" r23="0" r24="0" r31="-0.4208639" r32="0" r33="0.9071238" r34="0" r41="3107.48" r42="36.29771" r43="928.9739" r44="1"></containerEntry>
          <containerEntry r11="0.7928303" r12="-0.0006354993" r13="0.60944235" r14="0" r21="-0.00039312054" r22="0.99999875" r23="0.0015541698" r24="0" r31="-0.6094426" r32="-0.0014717773" r33="0.79282904" r34="0" r41="3096.8071" r42="28.828232" r43="950.72876" r44="1"></containerEntry>
          <containerEntry r11="0.9410304" r12="0" r13="-0.33831882" r14="0" r21="0" r22="1" r23="0" r24="0" r31="0.33831882" r32="0" r33="0.9410304" r34="0" r41="2963.1116" r42="-0.295089" r43="969.9218" r44="1"></containerEntry>
          <containerEntry r11="0.92435956" r12="0" r13="-0.38151947" r14="0" r21="0" r22="1" r23="0" r24="0" r31="0.38151947" r32="0" r33="0.92435956" r34="0" r41="2996.1482" r42="2.96079" r43="952.3442" r44="1"></containerEntry>
          <containerEntry r11="0.6053887" r12="0" r13="0.7959299" r14="0" r21="0" r22="1" r23="0" r24="0" r31="-0.7959299" r32="0" r33="0.6053887" r34="0" r41="2833.703" r42="7.72341" r43="889.3122" r44="1"></containerEntry>
        </property>
        <property name="colors" type="UInt32" container="DynamicArray" arraySize="14">
          <containerEntry>4294967295</containerEntry>
          <containerEntry>4294967295</containerEntry>
          <containerEntry>4294967295</containerEntry>
          <containerEntry>4294967295</containerEntry>
          <containerEntry>4294967295</containerEntry>
          <containerEntry>4294967295</containerEntry>
          <containerEntry>4294967295</containerEntry>
          <containerEntry>4294967295</containerEntry>
          <containerEntry>4294967295</containerEntry>
          <containerEntry>4294967295</containerEntry>
          <containerEntry>4294967295</containerEntry>
          <containerEntry>4294967295</containerEntry>
          <containerEntry>4294967295</containerEntry>
          <containerEntry>4294967295</containerEntry>
        </property>
      </staticProperties>
      <dynamicProperties></dynamicProperties>
    </entity>
    <entity class="TexturePackLoadConditioner" classVersion="0" classID="0x48" addr="0x31777F0" id="0x0">
      <staticProperties>
        <property name="name" type="String" container="StaticArray" arraySize="1">
          <containerEntry>TexturePackLoadConditioner0000</containerEntry>
        </property>
        <property name="dataSet" type="EntityHandle" container="StaticArray" arraySize="1">
          <containerEntry>0x32F1970</containerEntry>
        </property>
        <property name="texturePackPath" type="Path" container="StaticArray" arraySize="1">
          <containerEntry hash="0xB8A0BF169F98"></containerEntry>
        </property>
      </staticProperties>
      <dynamicProperties></dynamicProperties>
    </entity>
  </entities>
</fox>