<fox formatVersion="2" fileVersion="0">
  <entities>
    <entity class="DataSet" classVersion="0" classID="0xE8" addr="0x2F53030" id="0x16CDEF">
      <staticProperties>
        <property name="name" type="String" container="StaticArray" arraySize="1">
          <containerEntry hash="0xB8A0BF169F98"></containerEntry>
        </property>
        <property name="dataSet" type="EntityHandle" container="StaticArray" arraySize="1">
          <containerEntry>0x0</containerEntry>
        </property>
        <property name="dataList" type="EntityPtr" container="StringMap" arraySize="12">
          <containerEntry key="afgh_clff022_vrtn002_0008">
            <data>0x2F55C60</data>
          </containerEntry>
          <containerEntry key="afgh_rock010_vrtn001_0001">
            <data>0x2D76910</data>
          </containerEntry>
          <containerEntry key="StaticModelArray0000">
            <data>0x2D7F510</data>
          </containerEntry>
          <containerEntry key="StaticModelArray0001">
            <data>0x2D7F5F0</data>
          </containerEntry>
          <containerEntry key="StaticModelArray0002">
            <data>0x2D7F580</data>
          </containerEntry>
          <containerEntry key="StaticModelArray0003">
            <data>0x2D7EE10</data>
          </containerEntry>
          <containerEntry key="StaticModelArray0004">
            <data>0x2D7EC50</data>
          </containerEntry>
          <containerEntry key="StaticModelArray0005">
            <data>0x2D7C330</data>
          </containerEntry>
          <containerEntry key="StaticModelArray0006">
            <data>0x2D7EB00</data>
          </containerEntry>
          <containerEntry key="StaticModelArray0007">
            <data>0x2D7EB70</data>
          </containerEntry>
          <containerEntry key="StaticModelArray0008">
            <data>0x2D7EBE0</data>
          </containerEntry>
          <containerEntry key="TexturePackLoadConditioner0000">
            <data>0x2D7F9E0</data>
          </containerEntry>
        </property>
      </staticProperties>
      <dynamicProperties></dynamicProperties>
    </entity>
    <entity class="StaticModel" classVersion="9" classID="0x160" addr="0x2F55C60" id="0x16CE78">
      <staticProperties>
        <property name="name" type="String" container="StaticArray" arraySize="1">
          <containerEntry>afgh_clff022_vrtn002_0008</containerEntry>
        </property>
        <property name="dataSet" type="EntityHandle" container="StaticArray" arraySize="1">
          <containerEntry>0x2F53030</containerEntry>
        </property>
        <property name="parent" type="EntityHandle" container="StaticArray" arraySize="1">
          <containerEntry>0x0</containerEntry>
        </property>
        <property name="transform" type="EntityPtr" container="StaticArray" arraySize="1">
          <containerEntry>0x2F55BF0</containerEntry>
        </property>
        <property name="shearTransform" type="EntityPtr" container="StaticArray" arraySize="1">
          <containerEntry>0x0</containerEntry>
        </property>
        <property name="pivotTransform" type="EntityPtr" container="StaticArray" arraySize="1">
          <containerEntry>0x0</containerEntry>
        </property>
        <property name="children" type="EntityHandle" container="List"></property>
        <property name="flags" type="UInt32" container="StaticArray" arraySize="1">
          <containerEntry>3221225479</containerEntry>
        </property>
        <property name="modelFile" type="FilePtr" container="StaticArray" arraySize="1">
          <containerEntry>/Assets/tpp/environ/object/afghanistan/cliff/afgh_clff022/scenes/afgh_clff022_vrtn002.fmdl</containerEntry>
        </property>
        <property name="geomFile" type="FilePtr" container="StaticArray" arraySize="1">
          <containerEntry>/Assets/tpp/environ/object/afghanistan/cliff/afgh_clff022/scenes/afgh_clff022_vrtn002.geom</containerEntry>
        </property>
        <property name="isVisibleGeom" type="Bool" container="StaticArray" arraySize="1">
          <containerEntry>false</containerEntry>
        </property>
        <property name="isIsolated" type="Bool" container="StaticArray" arraySize="1">
          <containerEntry>false</containerEntry>
        </property>
        <property name="lodFarSize" type="Float" container="StaticArray" arraySize="1">
          <containerEntry>-1</containerEntry>
        </property>
        <property name="lodNearSize" type="Float" container="StaticArray" arraySize="1">
          <containerEntry>-1</containerEntry>
        </property>
        <property name="lodPolygonSize" type="Float" container="StaticArray" arraySize="1">
          <containerEntry>-1</containerEntry>
        </property>
        <property name="color" type="Color" container="StaticArray" arraySize="1">
          <containerEntry r="1" g="1" b="1" a="1"></containerEntry>
        </property>
        <property name="drawRejectionLevel" type="Int32" container="StaticArray" arraySize="1">
          <containerEntry>8</containerEntry>
        </property>
        <property name="drawMode" type="Int32" container="StaticArray" arraySize="1">
          <containerEntry>0</containerEntry>
        </property>
        <property name="rejectFarRangeShadowCast" type="Int32" container="StaticArray" arraySize="1">
          <containerEntry>2</containerEntry>
        </property>
      </staticProperties>
      <dynamicProperties></dynamicProperties>
    </entity>
    <entity class="TransformEntity" classVersion="0" classID="0x50" addr="0x2F55BF0" id="0x16CE7B">
      <staticProperties>
        <property name="owner" type="EntityHandle" container="StaticArray" arraySize="1">
          <containerEntry>0x2F55C60</containerEntry>
        </property>
        <property name="transform_scale" type="Vector3" container="StaticArray" arraySize="1">
          <containerEntry x="1" y="1" z="1" w="0"></containerEntry>
        </property>
        <property name="transform_rotation_quat" type="Quat" container="StaticArray" arraySize="1">
          <containerEntry x="0.001137" y="-0.219006" z="-0.045384" w="0.974667"></containerEntry>
        </property>
        <property name="transform_translation" type="Vector3" container="StaticArray" arraySize="1">
          <containerEntry x="-840.58826" y="323.03943" z="797.33044" w="0"></containerEntry>
        </property>
      </staticProperties>
      <dynamicProperties></dynamicProperties>
    </entity>
    <entity class="StaticModel" classVersion="9" classID="0x160" addr="0x2D76910" id="0x16CF06">
      <staticProperties>
        <property name="name" type="String" container="StaticArray" arraySize="1">
          <containerEntry>afgh_rock010_vrtn001_0001</containerEntry>
        </property>
        <property name="dataSet" type="EntityHandle" container="StaticArray" arraySize="1">
          <containerEntry>0x2F53030</containerEntry>
        </property>
        <property name="parent" type="EntityHandle" container="StaticArray" arraySize="1">
          <containerEntry>0x0</containerEntry>
        </property>
        <property name="transform" type="EntityPtr" container="StaticArray" arraySize="1">
          <containerEntry>0x2D76980</containerEntry>
        </property>
        <property name="shearTransform" type="EntityPtr" container="StaticArray" arraySize="1">
          <containerEntry>0x0</containerEntry>
        </property>
        <property name="pivotTransform" type="EntityPtr" container="StaticArray" arraySize="1">
          <containerEntry>0x0</containerEntry>
        </property>
        <property name="children" type="EntityHandle" container="List"></property>
        <property name="flags" type="UInt32" container="StaticArray" arraySize="1">
          <containerEntry>3221225479</containerEntry>
        </property>
        <property name="modelFile" type="FilePtr" container="StaticArray" arraySize="1">
          <containerEntry>/Assets/tpp/environ/object/afghanistan/rock/afgh_rock010/scenes/afgh_rock010_vrtn001.fmdl</containerEntry>
        </property>
        <property name="geomFile" type="FilePtr" container="StaticArray" arraySize="1">
          <containerEntry>/Assets/tpp/environ/object/afghanistan/rock/afgh_rock010/scenes/afgh_rock010_vrtn001.geom</containerEntry>
        </property>
        <property name="isVisibleGeom" type="Bool" container="StaticArray" arraySize="1">
          <containerEntry>false</containerEntry>
        </property>
        <property name="isIsolated" type="Bool" container="StaticArray" arraySize="1">
          <containerEntry>false</containerEntry>
        </property>
        <property name="lodFarSize" type="Float" container="StaticArray" arraySize="1">
          <containerEntry>-1</containerEntry>
        </property>
        <property name="lodNearSize" type="Float" container="StaticArray" arraySize="1">
          <containerEntry>-1</containerEntry>
        </property>
        <property name="lodPolygonSize" type="Float" container="StaticArray" arraySize="1">
          <containerEntry>-1</containerEntry>
        </property>
        <property name="color" type="Color" container="StaticArray" arraySize="1">
          <containerEntry r="1" g="1" b="1" a="1"></containerEntry>
        </property>
        <property name="drawRejectionLevel" type="Int32" container="StaticArray" arraySize="1">
          <containerEntry>8</containerEntry>
        </property>
        <property name="drawMode" type="Int32" container="StaticArray" arraySize="1">
          <containerEntry>0</containerEntry>
        </property>
        <property name="rejectFarRangeShadowCast" type="Int32" container="StaticArray" arraySize="1">
          <containerEntry>2</containerEntry>
        </property>
      </staticProperties>
      <dynamicProperties></dynamicProperties>
    </entity>
    <entity class="TransformEntity" classVersion="0" classID="0x50" addr="0x2D76980" id="0x16CF09">
      <staticProperties>
        <property name="owner" type="EntityHandle" container="StaticArray" arraySize="1">
          <containerEntry>0x2D76910</containerEntry>
        </property>
        <property name="transform_scale" type="Vector3" container="StaticArray" arraySize="1">
          <containerEntry x="1" y="1" z="1" w="0"></containerEntry>
        </property>
        <property name="transform_rotation_quat" type="Quat" container="StaticArray" arraySize="1">
          <containerEntry x="0.206485" y="-0.518532" z="-0.170208" w="0.812107"></containerEntry>
        </property>
        <property name="transform_translation" type="Vector3" container="StaticArray" arraySize="1">
          <containerEntry x="-788.12665" y="302.5047" z="890.3021" w="0"></containerEntry>
        </property>
      </staticProperties>
      <dynamicProperties></dynamicProperties>
    </entity>
    <entity class="StaticModelArray" classVersion="4" classID="0xD0" addr="0x2D7F510" id="0x0">
      <staticProperties>
        <property name="name" type="String" container="StaticArray" arraySize="1">
          <containerEntry>StaticModelArray0000</containerEntry>
        </property>
        <property name="dataSet" type="EntityHandle" container="StaticArray" arraySize="1">
          <containerEntry>0x2F53030</containerEntry>
        </property>
        <property name="modelFile" type="FilePtr" container="StaticArray" arraySize="1">
          <containerEntry>/Assets/tpp/environ/object/afghanistan/rock/afgh_rock009/scenes/afgh_rock009_rock002.fmdl</containerEntry>
        </property>
        <property name="geomFile" type="FilePtr" container="StaticArray" arraySize="1">
          <containerEntry>/Assets/tpp/environ/object/afghanistan/rock/afgh_rock009/scenes/afgh_rock009_rock002.geom</containerEntry>
        </property>
        <property name="isVisibleGeom" type="Bool" container="StaticArray" arraySize="1">
          <containerEntry>false</containerEntry>
        </property>
        <property name="lodFarSize" type="Float" container="StaticArray" arraySize="1">
          <containerEntry>-1</containerEntry>
        </property>
        <property name="lodNearSize" type="Float" container="StaticArray" arraySize="1">
          <containerEntry>-1</containerEntry>
        </property>
        <property name="lodPolygonSize" type="Float" container="StaticArray" arraySize="1">
          <containerEntry>-1</containerEntry>
        </property>
        <property name="drawRejectionLevel" type="Int32" container="StaticArray" arraySize="1">
          <containerEntry>8</containerEntry>
        </property>
        <property name="drawMode" type="Int32" container="StaticArray" arraySize="1">
          <containerEntry>0</containerEntry>
        </property>
        <property name="rejectFarRangeShadowCast" type="Int32" container="StaticArray" arraySize="1">
          <containerEntry>2</containerEntry>
        </property>
        <property name="parentLocator" type="EntityLink" container="StaticArray" arraySize="1">
          <containerEntry packagePathHash="0xB8A0BF169F98" archivePathHash="0xB8A0BF169F98" nameInArchiveHash="0xB8A0BF169F98">0x0</containerEntry>
        </property>
        <property name="transforms" type="Matrix4" container="DynamicArray" arraySize="10">
          <containerEntry r11="0.20643634" r12="0.95732605" r13="0.20225689" r14="0" r21="0.21127054" r22="-0.24544239" r23="0.9461069" r24="0" r31="0.95537734" r32="-0.15257847" r33="-0.25292164" r34="0" r41="-891.5858" r42="319.90982" r43="794.2029" r44="1"></containerEntry>
          <containerEntry r11="0.92559695" r12="0.12217433" r13="0.35825035" r14="0" r21="0.090282835" r22="-0.9904134" r23="0.104502566" r24="0" r31="0.3675852" r32="-0.064383306" r33="-0.9277536" r34="0" r41="-785.8339" r42="301.60355" r43="877.53357" r44="1"></containerEntry>
          <containerEntry r11="0.20562291" r12="0.12120755" r13="0.97109467" r14="0" r21="0.09028414" r22="-0.9904142" r23="0.104502276" r24="0" r31="0.97445625" r32="0.066186726" r33="-0.21459192" r34="0" r41="-817.9193" r42="300.09332" r43="877.63" r44="1"></containerEntry>
          <containerEntry r11="0.92726475" r12="-0.20005402" r13="0.31647772" r14="0" r21="-0.14747283" r22="-0.97209734" r23="-0.18240249" r24="0" r31="0.3441388" r32="0.12246341" r33="-0.9308939" r34="0" r41="-829.53064" r42="312.24838" r43="824.8765" r44="1"></containerEntry>
          <containerEntry r11="-0.010758489" r12="-0.94072026" r13="-0.33900774" r14="0" r21="-0.078727424" r22="0.33877358" r23="-0.9375672" r24="0" r31="0.9968364" r32="0.016600847" r33="-0.07770419" r34="0" r41="-881.2836" r42="303.76413" r43="866.36053" r44="1"></containerEntry>
          <containerEntry r11="0.44268125" r12="-0.22978804" r13="0.8667346" r14="0" r21="-0.14747298" r22="-0.9720981" r23="-0.18240142" r24="0" r31="0.8844677" r32="-0.04707464" r33="-0.46421534" r34="0" r41="-871.604" r42="303.35144" r43="885.99054" r44="1"></containerEntry>
          <containerEntry r11="0.92726475" r12="-0.20005402" r13="0.31647772" r14="0" r21="-0.14747283" r22="-0.97209734" r23="-0.18240249" r24="0" r31="0.3441388" r32="0.12246341" r33="-0.9308939" r34="0" r41="-807.81366" r42="310.85312" r43="822.5429" r44="1"></containerEntry>
          <containerEntry r11="-0.7600032" r12="0.14637505" r13="-0.63322276" r14="0" r21="0.01898764" r22="0.97889274" r23="0.2034906" r24="0" r31="0.6496431" r32="0.14262994" r33="-0.746741" r34="0" r41="-829.07574" r42="326.05374" r43="771.9972" r44="1"></containerEntry>
          <containerEntry r11="-0.08930016" r12="0.20437346" r13="-0.9748098" r14="0" r21="0.0189877" r22="0.9788929" r23="0.20348978" r24="0" r31="0.99582237" r32="-0.00033745915" r33="-0.09129584" r34="0" r41="-841.7697" r42="324.7337" r43="789.393" r44="1"></containerEntry>
          <containerEntry r11="0.06005001" r12="0.98883337" r13="0.13638395" r14="0" r21="-0.5158407" r22="-0.086230636" r23="0.85233235" r24="0" r31="0.8545762" r32="-0.1215342" r33="0.5049039" r34="0" r41="-881.643" r42="326.3868" r43="774.08453" r44="1"></containerEntry>
        </property>
        <property name="colors" type="UInt32" container="DynamicArray" arraySize="10">
          <containerEntry>4294967295</containerEntry>
          <containerEntry>4294967295</containerEntry>
          <containerEntry>4294967295</containerEntry>
          <containerEntry>4294967295</containerEntry>
          <containerEntry>4294967295</containerEntry>
          <containerEntry>4294967295</containerEntry>
          <containerEntry>4294967295</containerEntry>
          <containerEntry>4294967295</containerEntry>
          <containerEntry>4294967295</containerEntry>
          <containerEntry>4294967295</containerEntry>
        </property>
      </staticProperties>
      <dynamicProperties></dynamicProperties>
    </entity>
    <entity class="StaticModelArray" classVersion="4" classID="0xD0" addr="0x2D7F5F0" id="0x0">
      <staticProperties>
        <property name="name" type="String" container="StaticArray" arraySize="1">
          <containerEntry>StaticModelArray0001</containerEntry>
        </property>
        <property name="dataSet" type="EntityHandle" container="StaticArray" arraySize="1">
          <containerEntry>0x2F53030</containerEntry>
        </property>
        <property name="modelFile" type="FilePtr" container="StaticArray" arraySize="1">
          <containerEntry>/Assets/tpp/environ/object/afghanistan/cliff/afgh_clff007/scenes/afgh_clff007.fmdl</containerEntry>
        </property>
        <property name="geomFile" type="FilePtr" container="StaticArray" arraySize="1">
          <containerEntry>/Assets/tpp/environ/object/afghanistan/cliff/afgh_clff007/scenes/afgh_clff007.geom</containerEntry>
        </property>
        <property name="isVisibleGeom" type="Bool" container="StaticArray" arraySize="1">
          <containerEntry>false</containerEntry>
        </property>
        <property name="lodFarSize" type="Float" container="StaticArray" arraySize="1">
          <containerEntry>50</containerEntry>
        </property>
        <property name="lodNearSize" type="Float" container="StaticArray" arraySize="1">
          <containerEntry>400</containerEntry>
        </property>
        <property name="lodPolygonSize" type="Float" container="StaticArray" arraySize="1">
          <containerEntry>-1</containerEntry>
        </property>
        <property name="drawRejectionLevel" type="Int32" container="StaticArray" arraySize="1">
          <containerEntry>7</containerEntry>
        </property>
        <property name="drawMode" type="Int32" container="StaticArray" arraySize="1">
          <containerEntry>0</containerEntry>
        </property>
        <property name="rejectFarRangeShadowCast" type="Int32" container="StaticArray" arraySize="1">
          <containerEntry>2</containerEntry>
        </property>
        <property name="parentLocator" type="EntityLink" container="StaticArray" arraySize="1">
          <containerEntry packagePathHash="0xB8A0BF169F98" archivePathHash="0xB8A0BF169F98" nameInArchiveHash="0xB8A0BF169F98">0x0</containerEntry>
        </property>
        <property name="transforms" type="Matrix4" container="DynamicArray" arraySize="11">
          <containerEntry r11="0.94167864" r12="-0.018759988" r13="-0.33598948" r14="0" r21="-0.014130632" r22="0.99535984" r23="-0.09517945" r24="0" r31="0.33621597" r32="0.09437619" r33="0.93704396" r34="0" r41="-848.03" r42="300.7623" r43="878.07996" r44="1"></containerEntry>
          <containerEntry r11="0.9818172" r12="0.052940752" r13="-0.18229683" r14="0" r21="-0.06484347" r22="0.99609244" r23="-0.059959847" r24="0" r31="0.17841016" r32="0.070690416" r33="0.98141354" r34="0" r41="-804.9566" r42="299.73212" r43="871.0451" r44="1"></containerEntry>
          <containerEntry r11="-0.99316293" r12="-0.03787832" r13="-0.11028067" r14="0" r21="-0.050825052" r22="0.99182314" r23="0.11706171" r24="0" r31="0.10494479" r32="0.121868216" r33="-0.9869671" r34="0" r41="-778.61395" r42="300.8219" r43="878.2241" r44="1"></containerEntry>
          <containerEntry r11="-0.9744534" r12="-0.023260992" r13="0.22332636" r14="0" r21="-0.032130767" r22="0.9988292" r23="-0.036164667" r24="0" r31="-0.22222364" r32="-0.042416926" r33="-0.9740598" r34="0" r41="-806.33466" r42="299.4376" r43="883.2941" r44="1"></containerEntry>
          <containerEntry r11="0.96245694" r12="0.11470073" r13="-0.24600817" r14="0" r21="-0.12048709" r22="0.99267805" r23="-0.008547339" r24="0" r31="0.24322651" r32="0.037867397" r33="0.96922994" r34="0" r41="-780.4262" r42="300.29453" r43="867.38025" r44="1"></containerEntry>
          <containerEntry r11="-0.97461265" r12="0.022255365" r13="0.22272515" r14="0" r21="0.0091816215" r22="0.9981823" r23="-0.059562925" r24="0" r31="-0.2236459" r32="-0.056006636" r33="-0.9730454" r34="0" r41="-836.2823" r42="300.55423" r43="890.8206" r44="1"></containerEntry>
          <containerEntry r11="-0.974454" r12="-0.0232617" r13="0.22332625" r14="0" r21="-0.0042200936" r22="0.9963409" r23="0.08536449" r24="0" r31="-0.2244948" r32="0.08224231" r33="-0.9709864" r34="0" r41="-795.1289" r42="299.79398" r43="880.4476" r44="1"></containerEntry>
          <containerEntry r11="0.99871886" r12="-0.010568594" r13="-0.049486957" r14="0" r21="0.005618262" r22="0.9950593" r23="-0.09912285" r24="0" r31="0.050290048" r32="0.09871782" r33="0.99384385" r34="0" r41="-820.9346" r42="299.93436" r43="873.3275" r44="1"></containerEntry>
          <containerEntry r11="0.9804244" r12="-0.004903119" r13="-0.19683424" r14="0" r21="-0.014130747" r22="0.9953599" r23="-0.09517862" r24="0" r31="0.19638756" r32="0.09609686" r33="0.9758059" r34="0" r41="-831.821" r42="300.05838" r43="874.9468" r44="1"></containerEntry>
          <containerEntry r11="-0.9994172" r12="-0.032055136" r13="-0.010323107" r14="0" r21="-0.031093718" r22="0.99608946" r23="-0.082697436" r24="0" r31="0.012933636" r32="-0.08232954" r33="-0.9965056" r34="0" r41="-816.6264" r42="299.23145" r43="885.5804" r44="1"></containerEntry>
          <containerEntry r11="0.92543167" r12="0.033680074" r13="-0.37741372" r14="0" r21="-0.07176259" r22="0.99359417" r23="-0.08729638" r24="0" r31="0.37205592" r32="0.10787113" r33="0.9219205" r34="0" r41="-770.32635" r42="301.22153" r43="863.40405" r44="1"></containerEntry>
        </property>
        <property name="colors" type="UInt32" container="DynamicArray" arraySize="11">
          <containerEntry>4294967295</containerEntry>
          <containerEntry>4294967295</containerEntry>
          <containerEntry>4294967295</containerEntry>
          <containerEntry>4294967295</containerEntry>
          <containerEntry>4294967295</containerEntry>
          <containerEntry>4294967295</containerEntry>
          <containerEntry>4294967295</containerEntry>
          <containerEntry>4294967295</containerEntry>
          <containerEntry>4294967295</containerEntry>
          <containerEntry>4294967295</containerEntry>
          <containerEntry>4294967295</containerEntry>
        </property>
      </staticProperties>
      <dynamicProperties></dynamicProperties>
    </entity>
    <entity class="StaticModelArray" classVersion="4" classID="0xD0" addr="0x2D7F580" id="0x0">
      <staticProperties>
        <property name="name" type="String" container="StaticArray" arraySize="1">
          <containerEntry>StaticModelArray0002</containerEntry>
        </property>
        <property name="dataSet" type="EntityHandle" container="StaticArray" arraySize="1">
          <containerEntry>0x2F53030</containerEntry>
        </property>
        <property name="modelFile" type="FilePtr" container="StaticArray" arraySize="1">
          <containerEntry>/Assets/tpp/environ/object/afghanistan/rock/afgh_rock001/scenes/afgh_rock001.fmdl</containerEntry>
        </property>
        <property name="geomFile" type="FilePtr" container="StaticArray" arraySize="1">
          <containerEntry>/Assets/tpp/environ/object/afghanistan/rock/afgh_rock001/scenes/afgh_rock001.geom</containerEntry>
        </property>
        <property name="isVisibleGeom" type="Bool" container="StaticArray" arraySize="1">
          <containerEntry>false</containerEntry>
        </property>
        <property name="lodFarSize" type="Float" container="StaticArray" arraySize="1">
          <containerEntry>-1</containerEntry>
        </property>
        <property name="lodNearSize" type="Float" container="StaticArray" arraySize="1">
          <containerEntry>-1</containerEntry>
        </property>
        <property name="lodPolygonSize" type="Float" container="StaticArray" arraySize="1">
          <containerEntry>-1</containerEntry>
        </property>
        <property name="drawRejectionLevel" type="Int32" container="StaticArray" arraySize="1">
          <containerEntry>8</containerEntry>
        </property>
        <property name="drawMode" type="Int32" container="StaticArray" arraySize="1">
          <containerEntry>0</containerEntry>
        </property>
        <property name="rejectFarRangeShadowCast" type="Int32" container="StaticArray" arraySize="1">
          <containerEntry>2</containerEntry>
        </property>
        <property name="parentLocator" type="EntityLink" container="StaticArray" arraySize="1">
          <containerEntry packagePathHash="0xB8A0BF169F98" archivePathHash="0xB8A0BF169F98" nameInArchiveHash="0xB8A0BF169F98">0x0</containerEntry>
        </property>
        <property name="transforms" type="Matrix4" container="DynamicArray" arraySize="38">
          <containerEntry r11="-0.6841773" r12="-0.18540268" r13="-0.70534015" r14="0" r21="0.18731128" r22="-0.9793627" r23="0.07573982" r24="0" r31="-0.70483565" r32="-0.08029873" r33="0.70480835" r34="0" r41="-804.6931" r42="301.06894" r43="871.41864" r44="1"></containerEntry>
          <containerEntry r11="-0.6827919" r12="0.57873094" r13="-0.4459157" r14="0" r21="0.71288526" r22="0.6613382" r23="-0.23328376" r24="0" r31="0.15989043" r32="-0.47717625" r33="-0.86412394" r34="0" r41="-802.18933" r42="303.9837" r43="891.9924" r44="1"></containerEntry>
          <containerEntry r11="-0.9735081" r12="-0.22108617" r13="-0.05804483" r14="0" r21="-0.20198512" r22="0.95094043" r23="-0.2343363" r24="0" r31="0.10700611" r32="-0.21640794" r33="-0.97040385" r34="0" r41="-808.3251" r42="302.21155" r43="886.73645" r44="1"></containerEntry>
          <containerEntry r11="-0.9735088" r12="-0.22108565" r13="-0.058043987" r14="0" r21="-0.2234533" r22="0.86703354" r23="0.4453305" r24="0" r31="-0.04813099" r32="0.44651067" r33="-0.8934653" r34="0" r41="-808.3251" r42="299.82538" r43="876.06464" r44="1"></containerEntry>
          <containerEntry r11="-0.44271952" r12="-0.497316" r13="0.74609023" r14="0" r21="0.19746584" r22="0.7575849" r23="0.6221478" r24="0" r31="-0.87463194" r32="0.42277357" r33="-0.23719072" r34="0" r41="-808.3251" r42="302.87985" r43="865.96857" r44="1"></containerEntry>
          <containerEntry r11="-0.31156033" r12="-0.11539285" r13="0.9431814" r14="0" r21="-0.100402996" r22="0.99104035" r23="0.08808003" r24="0" r31="-0.9448947" r32="-0.06725581" r33="-0.32035464" r34="0" r41="-817.00305" r42="302.18417" r43="869.328" r44="1"></containerEntry>
          <containerEntry r11="-0.31156033" r12="-0.11539285" r13="0.9431814" r14="0" r21="-0.100402996" r22="0.99104035" r23="0.08808003" r24="0" r31="-0.9448947" r32="-0.06725581" r33="-0.32035464" r34="0" r41="-830.76526" r42="302.18417" r43="890.45703" r44="1"></containerEntry>
          <containerEntry r11="-0.8683019" r12="0.49600708" r13="0.00050728023" r14="0" r21="0.4177428" r22="0.73185843" r23="-0.5383959" r24="0" r31="-0.26742148" r32="-0.46728596" r33="-0.8426752" r34="0" r41="-838.7143" r42="301.96164" r43="889.8446" r44="1"></containerEntry>
          <containerEntry r11="-0.31296915" r12="0.5925937" r13="0.74219966" r14="0" r21="-0.6636866" r22="0.4225378" r23="-0.6172292" r24="0" r31="-0.679373" r32="-0.6857729" r33="0.26106519" r34="0" r41="-825.0852" r42="304.6346" r43="895.2534" r44="1"></containerEntry>
          <containerEntry r11="0.18023151" r12="0.17304139" r13="-0.9682772" r14="0" r21="0.07048367" r22="-0.98412997" r23="-0.1627568" r24="0" r31="-0.98108923" r32="-0.038915373" r33="-0.1895554" r34="0" r41="-856.944" r42="300.77136" r43="888.9976" r44="1"></containerEntry>
          <containerEntry r11="-0.5055165" r12="0.27896032" r13="-0.816461" r14="0" r21="-0.12738824" r22="-0.96003455" r23="-0.24914354" r24="0" r31="-0.85334617" r32="-0.021940976" r33="0.52087504" r34="0" r41="-819.3201" r42="307.00284" r43="858.27826" r44="1"></containerEntry>
          <containerEntry r11="-0.4438911" r12="-0.12666306" r13="-0.8870687" r14="0" r21="-0.054314427" r22="0.9919423" r23="-0.11445688" r24="0" r31="0.8944184" r32="-0.0026268326" r33="-0.44719392" r34="0" r41="-832.23157" r42="308.23773" r43="835.5238" r44="1"></containerEntry>
          <containerEntry r11="-0.3603863" r12="0.5878392" r13="-0.7242536" r14="0" r21="0.26478833" r22="0.8089715" r23="0.5248323" r24="0" r31="0.894419" r32="-0.002627015" r33="-0.44719434" r34="0" r41="-834.23737" r42="314.98026" r43="815.65594" r44="1"></containerEntry>
          <containerEntry r11="-0.08749795" r12="-0.47923142" r13="-0.87330663" r14="0" r21="-0.3538218" r22="0.8344667" r23="-0.42246047" r24="0" r31="0.93120205" r32="0.2720293" r33="-0.2425766" r34="0" r41="-773.2786" r42="312.08704" r43="809.7314" r44="1"></containerEntry>
          <containerEntry r11="0.79056275" r12="0.1524506" r13="0.59309894" r14="0" r21="0.35647458" r22="-0.90205914" r23="-0.24328554" r24="0" r31="0.49792913" r32="0.40375835" r33="-0.7674766" r34="0" r41="-787.80505" r42="317.2771" r43="792.93304" r44="1"></containerEntry>
          <containerEntry r11="0.79056275" r12="0.1524506" r13="0.59309894" r14="0" r21="0.35647458" r22="-0.90205914" r23="-0.24328554" r24="0" r31="0.49792913" r32="0.40375835" r33="-0.7674766" r34="0" r41="-787.80505" r42="319.8612" r43="783.091" r44="1"></containerEntry>
          <containerEntry r11="0.86282414" r12="-0.3196143" r13="0.39163658" r14="0" r21="-0.08717272" r22="-0.8572038" r23="-0.5075186" r24="0" r31="0.49792913" r32="0.4037585" r33="-0.7674761" r34="0" r41="-793.37836" r42="321.80542" r43="780.194" r44="1"></containerEntry>
          <containerEntry r11="-0.084123135" r12="0.23923114" r13="0.9673025" r14="0" r21="-0.11694839" r22="-0.96639764" r23="0.22883776" r24="0" r31="0.9895598" r32="-0.093872815" r33="0.10929166" r34="0" r41="-820.63055" r42="322.49377" r43="798.70416" r44="1"></containerEntry>
          <containerEntry r11="-0.084121466" r12="0.2392309" r13="0.96730185" r14="0" r21="-0.68726146" r22="-0.71682113" r23="0.117510736" r24="0" r31="0.7215096" r32="-0.6549089" r33="0.22473219" r34="0" r41="-837.4264" r42="324.21237" r43="792.79193" r44="1"></containerEntry>
          <containerEntry r11="-0.036595017" r12="-0.85128534" r13="0.5234075" r14="0" r21="-0.15920615" r22="0.52204573" r23="0.83792186" r24="0" r31="-0.9865574" r32="-0.052658886" r33="-0.1546309" r34="0" r41="-825.4934" r42="326.2768" r43="772.18713" r44="1"></containerEntry>
          <containerEntry r11="0.4851845" r12="0.65347385" r13="-0.5810003" r14="0" r21="0.18192276" r22="-0.7253372" r23="-0.6639035" r24="0" r31="-0.85527396" r32="0.21641561" r33="-0.4707992" r34="0" r41="-858.78265" r42="311.49728" r43="826.3155" r44="1"></containerEntry>
          <containerEntry r11="0.44093877" r12="-0.1732678" r13="-0.88065004" r14="0" r21="-0.27216354" r22="-0.96079075" r23="0.05276709" r24="0" r31="-0.8552737" r32="0.2164154" r33="-0.4708007" r34="0" r41="-895.71124" r42="310.83368" r43="839.73474" r44="1"></containerEntry>
          <containerEntry r11="-0.26264495" r12="0.538647" r13="-0.80053216" r14="0" r21="0.36829263" r22="-0.71086866" r23="-0.5991596" r24="0" r31="-0.8918256" r32="-0.45220688" r33="-0.011654049" r34="0" r41="-895.8021" r42="319.85318" r43="785.3459" r44="1"></containerEntry>
          <containerEntry r11="-0.9605464" r12="-0.11387636" r13="-0.2536551" r14="0" r21="0.17797698" r22="-0.95269984" r23="-0.24626286" r24="0" r31="-0.21361867" r32="-0.28169733" r33="0.93542093" r34="0" r41="-878.74274" r42="325.33505" r43="780.8194" r44="1"></containerEntry>
          <containerEntry r11="-0.14039338" r12="-0.2105797" r13="0.9674329" r14="0" r21="-0.08350786" r22="0.9761572" r23="0.2003575" r24="0" r31="-0.986558" r32="-0.05265814" r33="-0.15463102" r34="0" r41="-815.65265" r42="324.44162" r43="775.6078" r44="1"></containerEntry>
          <containerEntry r11="0.4871893" r12="0.08617752" r13="-0.8690274" r14="0" r21="0.07324248" r22="-0.99562275" r23="-0.057672683" r24="0" r31="-0.87021303" r32="-0.035553243" r33="-0.4913572" r34="0" r41="-891.0353" r42="319.25967" r43="795.5816" r44="1"></containerEntry>
          <containerEntry r11="-0.97418994" r12="-0.00984448" r13="-0.22544" r14="0" r21="-0.06800288" r22="-0.9397786" r23="0.3349007" r24="0" r31="-0.2151644" r32="0.3415933" r33="0.91488624" r34="0" r41="-880.89624" r42="325.97366" r43="769.9532" r44="1"></containerEntry>
          <containerEntry r11="-0.9605464" r12="-0.11387636" r13="-0.2536551" r14="0" r21="0.17797698" r22="-0.95269984" r23="-0.24626286" r24="0" r31="-0.21361867" r32="-0.28169733" r33="0.93542093" r34="0" r41="-879.0189" r42="319.25967" r43="806.62006" r44="1"></containerEntry>
          <containerEntry r11="-0.97418845" r12="-0.009842669" r13="-0.22543995" r14="0" r21="-0.007491735" r22="-0.9970681" r23="0.075906396" r24="0" r31="-0.22553031" r32="0.07563749" r33="0.9712953" r34="0" r41="-888.3124" r42="326.36975" r43="769.86395" r44="1"></containerEntry>
          <containerEntry r11="-0.41264933" r12="0.90435636" r13="0.10879323" r14="0" r21="0.8843632" r22="0.3691799" r23="0.28565234" r24="0" r31="0.21817002" r32="0.21409126" r33="-0.9521204" r34="0" r41="-847.8052" r42="326.35635" r43="768.68933" r44="1"></containerEntry>
          <containerEntry r11="-0.9741898" r12="-0.009844728" r13="-0.22544011" r14="0" r21="-0.057638496" r22="0.976764" r23="0.20642042" r24="0" r31="0.21816957" r32="0.21409032" r33="-0.95212066" r34="0" r41="-863.2445" r42="325.97366" r43="796.15515" r44="1"></containerEntry>
          <containerEntry r11="-0.9741898" r12="-0.009844728" r13="-0.22544011" r14="0" r21="-0.057638496" r22="0.976764" r23="0.20642042" r24="0" r31="0.21816957" r32="0.21409032" r33="-0.95212066" r34="0" r41="-871.3158" r42="325.97366" r43="778.07983" r44="1"></containerEntry>
          <containerEntry r11="0.63785195" r12="0.6282593" r13="0.44545928" r14="0" r21="0.76886964" r22="-0.48601115" r23="-0.41548514" r24="0" r31="-0.04453361" r32="0.60751843" r33="-0.79305255" r34="0" r41="-775.67633" r42="318.1593" r43="780.69507" r44="1"></containerEntry>
          <containerEntry r11="0.6955389" r12="0.116999835" r13="0.7088955" r14="0" r21="-0.16467074" r22="-0.9344178" r23="0.3157889" r24="0" r31="0.69936067" r32="-0.33637795" r33="-0.6306537" r34="0" r41="-773.50867" r42="301.48923" r43="874.3435" r44="1"></containerEntry>
          <containerEntry r11="0.69553924" r12="0.117000215" r13="0.708895" r14="0" r21="-0.13938648" r22="0.98988026" r23="-0.026615493" r24="0" r31="-0.7048351" r32="-0.080298975" r33="0.70480883" r34="0" r41="-800.44977" r42="303.75497" r43="863.6078" r44="1"></containerEntry>
          <containerEntry r11="0.30619788" r12="-0.6795132" r13="-0.6667069" r14="0" r21="-0.09047291" r22="0.6764083" r23="-0.73094696" r24="0" r31="0.94765556" r32="0.28413123" r33="0.14563799" r34="0" r41="-773.55347" r42="301.8125" r43="875.81744" r44="1"></containerEntry>
          <containerEntry r11="0.33105445" r12="0.24787554" r13="-0.9104691" r14="0" r21="-0.4089401" r22="0.9072502" r23="0.09830594" r24="0" r31="0.8503906" r32="0.3397849" r33="0.4017163" r34="0" r41="-773.17346" r42="302.906" r43="887.0654" r44="1"></containerEntry>
          <containerEntry r11="-0.036595166" r12="-0.8512859" r13="0.52340746" r14="0" r21="0.9777835" r22="0.07765293" r23="0.19466299" r24="0" r31="-0.20635527" r32="0.518909" r33="0.82954687" r34="0" r41="-825.4934" r42="324.68167" r43="778.99884" r44="1"></containerEntry>
        </property>
        <property name="colors" type="UInt32" container="DynamicArray" arraySize="38">
          <containerEntry>4294967295</containerEntry>
          <containerEntry>4294967295</containerEntry>
          <containerEntry>4294967295</containerEntry>
          <containerEntry>4294967295</containerEntry>
          <containerEntry>4294967295</containerEntry>
          <containerEntry>4294967295</containerEntry>
          <containerEntry>4294967295</containerEntry>
          <containerEntry>4294967295</containerEntry>
          <containerEntry>4294967295</containerEntry>
          <containerEntry>4294967295</containerEntry>
          <containerEntry>4294967295</containerEntry>
          <containerEntry>4294967295</containerEntry>
          <containerEntry>4294967295</containerEntry>
          <containerEntry>4294967295</containerEntry>
          <containerEntry>4294967295</containerEntry>
          <containerEntry>4294967295</containerEntry>
          <containerEntry>4294967295</containerEntry>
          <containerEntry>4294967295</containerEntry>
          <containerEntry>4294967295</containerEntry>
          <containerEntry>4294967295</containerEntry>
          <containerEntry>4294967295</containerEntry>
          <containerEntry>4294967295</containerEntry>
          <containerEntry>4294967295</containerEntry>
          <containerEntry>4294967295</containerEntry>
          <containerEntry>4294967295</containerEntry>
          <containerEntry>4294967295</containerEntry>
          <containerEntry>4294967295</containerEntry>
          <containerEntry>4294967295</containerEntry>
          <containerEntry>4294967295</containerEntry>
          <containerEntry>4294967295</containerEntry>
          <containerEntry>4294967295</containerEntry>
          <containerEntry>4294967295</containerEntry>
          <containerEntry>4294967295</containerEntry>
          <containerEntry>4294967295</containerEntry>
          <containerEntry>4294967295</containerEntry>
          <containerEntry>4294967295</containerEntry>
          <containerEntry>4294967295</containerEntry>
          <containerEntry>4294967295</containerEntry>
        </property>
      </staticProperties>
      <dynamicProperties></dynamicProperties>
    </entity>
    <entity class="StaticModelArray" classVersion="4" classID="0xD0" addr="0x2D7EE10" id="0x0">
      <staticProperties>
        <property name="name" type="String" container="StaticArray" arraySize="1">
          <containerEntry>StaticModelArray0003</containerEntry>
        </property>
        <property name="dataSet" type="EntityHandle" container="StaticArray" arraySize="1">
          <containerEntry>0x2F53030</containerEntry>
        </property>
        <property name="modelFile" type="FilePtr" container="StaticArray" arraySize="1">
          <containerEntry>/Assets/tpp/environ/object/afghanistan/cliff/afgh_clff022/scenes/afgh_clff022_vrtn004.fmdl</containerEntry>
        </property>
        <property name="geomFile" type="FilePtr" container="StaticArray" arraySize="1">
          <containerEntry>/Assets/tpp/environ/object/afghanistan/cliff/afgh_clff022/scenes/afgh_clff022_vrtn004.geom</containerEntry>
        </property>
        <property name="isVisibleGeom" type="Bool" container="StaticArray" arraySize="1">
          <containerEntry>false</containerEntry>
        </property>
        <property name="lodFarSize" type="Float" container="StaticArray" arraySize="1">
          <containerEntry>-1</containerEntry>
        </property>
        <property name="lodNearSize" type="Float" container="StaticArray" arraySize="1">
          <containerEntry>-1</containerEntry>
        </property>
        <property name="lodPolygonSize" type="Float" container="StaticArray" arraySize="1">
          <containerEntry>-1</containerEntry>
        </property>
        <property name="drawRejectionLevel" type="Int32" container="StaticArray" arraySize="1">
          <containerEntry>8</containerEntry>
        </property>
