<fox formatVersion="2" fileVersion="0">
  <entities>
    <entity class="DataSet" classVersion="0" classID="0xE8" addr="0x3354610" id="0x1640685">
      <staticProperties>
        <property name="name" type="String" container="StaticArray" arraySize="1">
          <containerEntry hash="0xB8A0BF169F98"></containerEntry>
        </property>
        <property name="dataSet" type="EntityHandle" container="StaticArray" arraySize="1">
          <containerEntry>0x0</containerEntry>
        </property>
        <property name="dataList" type="EntityPtr" container="StringMap" arraySize="7">
          <containerEntry key="StaticModelArray0000">
            <data>0x317EE10</data>
          </containerEntry>
          <containerEntry key="StaticModelArray0001">
            <data>0x317EE80</data>
          </containerEntry>
          <containerEntry key="StaticModelArray0002">
            <data>0x317EEF0</data>
          </containerEntry>
          <containerEntry key="StaticModelArray0003">
            <data>0x317EC50</data>
          </containerEntry>
          <containerEntry key="StaticModelArray0004">
            <data>0x317EDA0</data>
          </containerEntry>
          <containerEntry key="StaticModelArray0005">
            <data>0x317BBC0</data>
          </containerEntry>
          <containerEntry key="TexturePackLoadConditioner0000">
            <data>0x317F740</data>
          </containerEntry>
        </property>
      </staticProperties>
      <dynamicProperties></dynamicProperties>
    </entity>
    <entity class="StaticModelArray" classVersion="4" classID="0xD0" addr="0x317EE10" id="0x0">
      <staticProperties>
        <property name="name" type="String" container="StaticArray" arraySize="1">
          <containerEntry>StaticModelArray0000</containerEntry>
        </property>
        <property name="dataSet" type="EntityHandle" container="StaticArray" arraySize="1">
          <containerEntry>0x3354610</containerEntry>
        </property>
        <property name="modelFile" type="FilePtr" container="StaticArray" arraySize="1">
          <containerEntry>/Assets/tpp/environ/object/middle_africa/clod/mafr_clod005/scenes/mafr_clod005.fmdl</containerEntry>
        </property>
        <property name="geomFile" type="FilePtr" container="StaticArray" arraySize="1">
          <containerEntry>/Assets/tpp/environ/object/middle_africa/clod/mafr_clod005/scenes/mafr_clod005.geom</containerEntry>
        </property>
        <property name="isVisibleGeom" type="Bool" container="StaticArray" arraySize="1">
          <containerEntry>false</containerEntry>
        </property>
        <property name="lodFarSize" type="Float" container="StaticArray" arraySize="1">
          <containerEntry>-1</containerEntry>
        </property>
        <property name="lodNearSize" type="Float" container="StaticArray" arraySize="1">
          <containerEntry>-1</containerEntry>
        </property>
        <property name="lodPolygonSize" type="Float" container="StaticArray" arraySize="1">
          <containerEntry>-1</containerEntry>
        </property>
        <property name="drawRejectionLevel" type="Int32" container="StaticArray" arraySize="1">
          <containerEntry>8</containerEntry>
        </property>
        <property name="drawMode" type="Int32" container="StaticArray" arraySize="1">
          <containerEntry>0</containerEntry>
        </property>
        <property name="rejectFarRangeShadowCast" type="Int32" container="StaticArray" arraySize="1">
          <containerEntry>2</containerEntry>
        </property>
        <property name="parentLocator" type="EntityLink" container="StaticArray" arraySize="1">
          <containerEntry packagePathHash="0xB8A0BF169F98" archivePathHash="0xB8A0BF169F98" nameInArchiveHash="0xB8A0BF169F98">0x0</containerEntry>
        </property>
        <property name="transforms" type="Matrix4" container="DynamicArray" arraySize="5">
          <containerEntry r11="0.8384005" r12="0" r13="-0.54505455" r14="0" r21="0" r22="1" r23="0" r24="0" r31="0.54505455" r32="0" r33="0.8384005" r34="0" r41="1555.3373" r42="1.649277" r43="687.124" r44="1"></containerEntry>
          <containerEntry r11="-0.7343566" r12="0.022436298" r13="0.6783903" r14="0" r21="0.16625044" r22="0.9749559" r23="0.14772159" r24="0" r31="-0.65808636" r32="0.22126341" r33="-0.71969527" r34="0" r41="1549.9178" r42="-4.732224" r43="699.38055" r44="1"></containerEntry>
          <containerEntry r11="0.74212795" r12="0.1004287" r13="-0.6626914" r14="0" r21="-0.054774925" r22="0.9944911" r23="0.08937104" r24="0" r31="0.66801614" r32="-0.030025838" r33="0.7435406" r34="0" r41="1641.2952" r42="-2.488028" r43="731.8972" r44="1"></containerEntry>
          <containerEntry r11="-0.37504753" r12="-0.031005356" r13="0.9264859" r14="0" r21="0.016085103" r22="0.9990724" r23="0.039945845" r24="0" r31="-0.926865" r32="0.02988426" r33="-0.37420088" r34="0" r41="1617.4656" r42="-2.096492" r43="712.4113" r44="1"></containerEntry>
          <containerEntry r11="-0.20692848" r12="0.06659682" r13="-0.9760855" r14="0" r21="-0.0031080581" r22="0.9976307" r23="0.06872565" r24="0" r31="0.97834986" r32="0.017255114" r33="-0.20623124" r34="0" r41="1591.8076" r42="-11.488228" r43="736.5889" r44="1"></containerEntry>
        </property>
        <property name="colors" type="UInt32" container="DynamicArray" arraySize="5">
          <containerEntry>4294967295</containerEntry>
          <containerEntry>4294967295</containerEntry>
          <containerEntry>4294967295</containerEntry>
          <containerEntry>4294967295</containerEntry>
          <containerEntry>4294967295</containerEntry>
        </property>
      </staticProperties>
      <dynamicProperties></dynamicProperties>
    </entity>
    <entity class="StaticModelArray" classVersion="4" classID="0xD0" addr="0x317EE80" id="0x0">
      <staticProperties>
        <property name="name" type="String" container="StaticArray" arraySize="1">
          <containerEntry>StaticModelArray0001</containerEntry>
        </property>
        <property name="dataSet" type="EntityHandle" container="StaticArray" arraySize="1">
          <containerEntry>0x3354610</containerEntry>
        </property>
        <property name="modelFile" type="FilePtr" container="StaticArray" arraySize="1">
          <containerEntry>/Assets/tpp/environ/object/middle_africa/tree/mafr_tree038/scenes/mafr_tree038.fmdl</containerEntry>
        </property>
        <property name="geomFile" type="FilePtr" container="StaticArray" arraySize="1">
          <containerEntry>/Assets/tpp/environ/object/middle_africa/tree/mafr_tree038/scenes/mafr_tree038.geom</containerEntry>
        </property>
        <property name="isVisibleGeom" type="Bool" container="StaticArray" arraySize="1">
          <containerEntry>false</containerEntry>
        </property>
        <property name="lodFarSize" type="Float" container="StaticArray" arraySize="1">
          <containerEntry>-1</containerEntry>
        </property>
        <property name="lodNearSize" type="Float" container="StaticArray" arraySize="1">
          <containerEntry>-1</containerEntry>
        </property>
        <property name="lodPolygonSize" type="Float" container="StaticArray" arraySize="1">
          <containerEntry>-1</containerEntry>
        </property>
        <property name="drawRejectionLevel" type="Int32" container="StaticArray" arraySize="1">
          <containerEntry>8</containerEntry>
        </property>
        <property name="drawMode" type="Int32" container="StaticArray" arraySize="1">
          <containerEntry>0</containerEntry>
        </property>
        <property name="rejectFarRangeShadowCast" type="Int32" container="StaticArray" arraySize="1">
          <containerEntry>2</containerEntry>
        </property>
        <property name="parentLocator" type="EntityLink" container="StaticArray" arraySize="1">
          <containerEntry packagePathHash="0xB8A0BF169F98" archivePathHash="0xB8A0BF169F98" nameInArchiveHash="0xB8A0BF169F98">0x0</containerEntry>
        </property>
        <property name="transforms" type="Matrix4" container="DynamicArray" arraySize="3">
          <containerEntry r11="1" r12="0" r13="0" r14="0" r21="0" r22="1" r23="0" r24="0" r31="0" r32="0" r33="1" r34="0" r41="1652" r42="-7.14288" r43="751.1903" r44="1"></containerEntry>
          <containerEntry r11="0.8" r12="0" r13="0" r14="0" r21="0" r22="0.8" r23="0" r24="0" r31="0" r32="0" r33="0.8" r34="0" r41="1631.0203" r42="1.077826" r43="697.1902" r44="1"></containerEntry>
          <containerEntry r11="0.4277483" r12="-0.112946264" r13="0.66653967" r14="0" r21="-0.016401937" r22="0.78679" r23="0.14384888" r24="0" r31="-0.6758424" r32="-0.09057962" r33="0.41836938" r34="0" r41="1646.3606" r42="1.077826" r43="681.4062" r44="1"></containerEntry>
        </property>
        <property name="colors" type="UInt32" container="DynamicArray" arraySize="3">
          <containerEntry>4294967295</containerEntry>
          <containerEntry>4294967295</containerEntry>
          <containerEntry>4294967295</containerEntry>
        </property>
      </staticProperties>
      <dynamicProperties></dynamicProperties>
    </entity>
    <entity class="StaticModelArray" classVersion="4" classID="0xD0" addr="0x317EEF0" id="0x0">
      <staticProperties>
        <property name="name" type="String" container="StaticArray" arraySize="1">
          <containerEntry>StaticModelArray0002</containerEntry>
        </property>
        <property name="dataSet" type="EntityHandle" container="StaticArray" arraySize="1">
          <containerEntry>0x3354610</containerEntry>
        </property>
        <property name="modelFile" type="FilePtr" container="StaticArray" arraySize="1">
          <containerEntry>/Assets/tpp/environ/object/middle_africa/rock/mafr_rock002/scenes/mafr_rock002.fmdl</containerEntry>
        </property>
        <property name="geomFile" type="FilePtr" container="StaticArray" arraySize="1">
          <containerEntry>/Assets/tpp/environ/object/middle_africa/rock/mafr_rock002/scenes/mafr_rock002.geom</containerEntry>
        </property>
        <property name="isVisibleGeom" type="Bool" container="StaticArray" arraySize="1">
          <containerEntry>false</containerEntry>
        </property>
        <property name="lodFarSize" type="Float" container="StaticArray" arraySize="1">
          <containerEntry>-1</containerEntry>
        </property>
        <property name="lodNearSize" type="Float" container="StaticArray" arraySize="1">
          <containerEntry>-1</containerEntry>
        </property>
        <property name="lodPolygonSize" type="Float" container="StaticArray" arraySize="1">
          <containerEntry>-1</containerEntry>
        </property>
        <property name="drawRejectionLevel" type="Int32" container="StaticArray" arraySize="1">
          <containerEntry>8</containerEntry>
        </property>
        <property name="drawMode" type="Int32" container="StaticArray" arraySize="1">
          <containerEntry>0</containerEntry>
        </property>
        <property name="rejectFarRangeShadowCast" type="Int32" container="StaticArray" arraySize="1">
          <containerEntry>2</containerEntry>
        </property>
        <property name="parentLocator" type="EntityLink" container="StaticArray" arraySize="1">
          <containerEntry packagePathHash="0xB8A0BF169F98" archivePathHash="0xB8A0BF169F98" nameInArchiveHash="0xB8A0BF169F98">0x0</containerEntry>
        </property>
        <property name="transforms" type="Matrix4" container="DynamicArray" arraySize="26">
          <containerEntry r11="0.9274812" r12="0" r13="-0.3738698" r14="0" r21="0" r22="1" r23="0" r24="0" r31="0.3738698" r32="0" r33="0.9274812" r34="0" r41="1651.4836" r42="2.828222" r43="694.4634" r44="1"></containerEntry>
          <containerEntry r11="-0.06715524" r12="0" r13="0.99774367" r14="0" r21="0" r22="1" r23="0" r24="0" r31="-0.99774367" r32="0" r33="-0.06715524" r34="0" r41="1638.5798" r42="3.271358" r43="681.36127" r44="1"></containerEntry>
          <containerEntry r11="-0.4462074" r12="0" r13="-0.89493066" r14="0" r21="0" r22="1" r23="0" r24="0" r31="0.89493066" r32="0" r33="-0.4462074" r34="0" r41="1638.5798" r42="3.271358" r43="693.7425" r44="1"></containerEntry>
          <containerEntry r11="0.4491111" r12="0" r13="0.8934756" r14="0" r21="0" r22="1" r23="0" r24="0" r31="-0.8934756" r32="0" r33="0.4491111" r34="0" r41="1628.9772" r42="2.225931" r43="705.65546" r44="1"></containerEntry>
          <containerEntry r11="0.7000052" r12="0" r13="-0.7141379" r14="0" r21="0" r22="1" r23="0" r24="0" r31="0.7141379" r32="0" r33="0.7000052" r34="0" r41="1653.7219" r42="3.271358" r43="661.9343" r44="1"></containerEntry>
          <containerEntry r11="0.21306711" r12="0" r13="0.97703797" r14="0" r21="0" r22="1" r23="0" r24="0" r31="-0.97703797" r32="0" r33="0.21306711" r34="0" r41="1649.0452" r42="3.271358" r43="670.53143" r44="1"></containerEntry>
          <containerEntry r11="0.7000052" r12="0" r13="-0.7141379" r14="0" r21="0" r22="1" r23="0" r24="0" r31="0.7141379" r32="0" r33="0.7000052" r34="0" r41="1666.1893" r42="1.747181" r43="644.4299" r44="1"></containerEntry>
          <containerEntry r11="0.9668489" r12="0" r13="0.25534916" r14="0" r21="0" r22="1" r23="0" r24="0" r31="-0.25534916" r32="0" r33="0.9668489" r34="0" r41="1657.3807" r42="3.15929" r43="676.5903" r44="1"></containerEntry>
          <containerEntry r11="-0.79508173" r12="0.032603502" r13="0.6056281" r14="0" r21="0.016819349" r22="0.9993553" r23="-0.031718757" r24="0" r31="-0.6062718" r32="-0.01503269" r33="-0.7951175" r34="0" r41="1616.6345" r42="-0.64747" r43="702.57715" r44="1"></containerEntry>
          <containerEntry r11="0.48291734" r12="0.057260815" r13="0.87379146" r14="0" r21="-0.0055705793" r22="0.9980404" r23="-0.062324308" r24="0" r31="-0.8756479" r32="0.025229944" r33="0.48228997" r34="0" r41="1611.0383" r42="-1.763387" r43="714.5933" r44="1"></containerEntry>
          <containerEntry r11="-0.41811973" r12="0.038003474" r13="-0.9075935" r14="0" r21="-0.028238744" r22="0.99809784" r23="0.054802444" r24="0" r31="0.9079498" r32="0.048543487" r33="-0.41625118" r34="0" r41="1617.333" r42="0.595989" r43="719.14496" r44="1"></containerEntry>
          <containerEntry r11="-0.8546802" r12="0" r13="-0.51914716" r14="0" r21="0" r22="1" r23="0" r24="0" r31="0.51914716" r32="0" r33="-0.8546802" r34="0" r41="1621.8147" r42="1.003498" r43="732.9642" r44="1"></containerEntry>
          <containerEntry r11="0.5602937" r12="0" r13="0.8282938" r14="0" r21="0" r22="1" r23="0" r24="0" r31="-0.8282938" r32="0" r33="0.5602937" r34="0" r41="1649.4275" r42="3.200312" r43="689.8565" r44="1"></containerEntry>
          <containerEntry r11="0.6577343" r12="0.06465052" r13="0.75047016" r14="0" r21="-0.042611018" r22="0.99790794" r23="-0.048620887" r24="0" r31="-0.7520435" r32="1.2870878e-06" r33="0.65911305" r34="0" r41="1609.437" r42="-4.116865" r43="747.0532" r44="1"></containerEntry>
          <containerEntry r11="0.9509541" r12="0.10194312" r13="0.29205102" r14="0" r21="-0.106096685" r22="0.9943545" r23="-0.0016247742" r24="0" r31="-0.29056787" r32="-0.029440582" r33="0.95640135" r34="0" r41="1610.5579" r42="-4.832086" r43="753.8196" r44="1"></containerEntry>
          <containerEntry r11="-0.2568039" r12="0.03780047" r13="-0.96572423" r14="0" r21="-0.018139789" r22="0.9988703" r23="0.043921586" r24="0" r31="0.96629345" r32="0.028797258" r33="-0.25582808" r34="0" r41="1603.7252" r42="-4.043325" r43="738.91956" r44="1"></containerEntry>
          <containerEntry r11="-0.33981174" r12="-0.103541106" r13="0.9347767" r14="0" r21="-0.06595443" r22="0.9940979" r23="0.08613599" r24="0" r31="-0.9381781" r32="-0.032382652" r33="-0.34463513" r34="0" r41="1603.4299" r42="-3.780751" r43="728.2082" r44="1"></containerEntry>
          <containerEntry r11="0.62674755" r12="0.036811233" r13="-0.77835214" r14="0" r21="0.09054461" r22="0.98867667" r23="0.11966685" r24="0" r31="0.77394366" r32="-0.1454765" r33="0.6163176" r34="0" r41="1555.4478" r42="9.597926" r43="664.0632" r44="1"></containerEntry>
          <containerEntry r11="0.9730818" r12="0.046164542" r13="0.22578898" r14="0" r21="-0.07732072" r22="0.9883422" r23="0.13115351" r24="0" r31="-0.21710214" r32="-0.14508127" r33="0.9653073" r34="0" r41="1547.3115" r42="8.671583" r43="667.9527" r44="1"></containerEntry>
          <containerEntry r11="0.964361" r12="-0.03330815" r13="0.26248488" r14="0" r21="-0.0008340981" r22="0.9916571" r23="0.12890115" r24="0" r31="-0.26458845" r32="-0.12452618" r33="0.9562876" r34="0" r41="1550.2904" r42="6.991831" r43="675.2191" r44="1"></containerEntry>
          <containerEntry r11="0.6896361" r12="0.097940564" r13="-0.7175009" r14="0" r21="-0.04029746" r22="0.99446684" r23="0.09701432" r24="0" r31="0.7230326" r32="-0.037990924" r33="0.689767" r34="0" r41="1566.7703" r42="12.740677" r43="641.2705" r44="1"></containerEntry>
          <containerEntry r11="-0.82830805" r12="-0.10331945" r13="0.5506515" r14="0" r21="-0.109878704" r22="0.9937195" r23="0.021168273" r24="0" r31="-0.54938024" r32="-0.042971108" r33="-0.8344585" r34="0" r41="1558.2991" r42="12.673648" r43="647.93" r44="1"></containerEntry>
          <containerEntry r11="0.835809" r12="-0.03503225" r13="-0.5479015" r14="0" r21="0.12519291" r22="0.9838313" r23="0.12807323" r24="0" r31="0.5345559" r32="-0.17563815" r33="0.8266808" r34="0" r41="1589.8872" r42="-0.653962" r43="657.2294" r44="1"></containerEntry>
          <containerEntry r11="-0.8246925" r12="-0.069024086" r13="0.56135213" r14="0" r21="-0.08407937" r22="0.9964586" r23="-0.0009976886" r24="0" r31="-0.5592953" r32="-0.04802094" r33="-0.8275754" r34="0" r41="1597.7759" r42="-0.620224" r43="654.5396" r44="1"></containerEntry>
          <containerEntry r11="0.2311113" r12="0.22296087" r13="-0.9470341" r14="0" r21="0.1011612" r22="0.96260476" r23="0.2513132" r24="0" r31="0.9676527" r32="-0.15388428" r33="0.19991386" r34="0" r41="1592.4506" r42="1.428518" r43="652.6512" r44="1"></containerEntry>
          <containerEntry r11="-0.61617464" r12="-0.17755705" r13="0.76733273" r14="0" r21="0.08525506" r22="0.9534965" r23="0.28909487" r24="0" r31="-0.7829799" r32="0.24355239" r33="-0.5723827" r34="0" r41="1586.6257" r42="2.587189" r43="654.81335" r44="1"></containerEntry>
        </property>
        <property name="colors" type="UInt32" container="DynamicArray" arraySize="26">
          <containerEntry>4294967295</containerEntry>
          <containerEntry>4294967295</containerEntry>
          <containerEntry>4294967295</containerEntry>
          <containerEntry>4294967295</containerEntry>
          <containerEntry>4294967295</containerEntry>
          <containerEntry>4294967295</containerEntry>
          <containerEntry>4294967295</containerEntry>
          <containerEntry>4294967295</containerEntry>
          <containerEntry>4294967295</containerEntry>
          <containerEntry>4294967295</containerEntry>
          <containerEntry>4294967295</containerEntry>
          <containerEntry>4294967295</containerEntry>
          <containerEntry>4294967295</containerEntry>
          <containerEntry>4294967295</containerEntry>
          <containerEntry>4294967295</containerEntry>
          <containerEntry>4294967295</containerEntry>
          <containerEntry>4294967295</containerEntry>
          <containerEntry>4294967295</containerEntry>
          <containerEntry>4294967295</containerEntry>
          <containerEntry>4294967295</containerEntry>
          <containerEntry>4294967295</containerEntry>
          <containerEntry>4294967295</containerEntry>
          <containerEntry>4294967295</containerEntry>
          <containerEntry>4294967295</containerEntry>
          <containerEntry>4294967295</containerEntry>
          <containerEntry>4294967295</containerEntry>
        </property>
      </staticProperties>
      <dynamicProperties></dynamicProperties>
    </entity>
    <entity class="StaticModelArray" classVersion="4" classID="0xD0" addr="0x317EC50" id="0x0">
      <staticProperties>
        <property name="name" type="String" container="StaticArray" arraySize="1">
          <containerEntry>StaticModelArray0003</containerEntry>
        </property>
        <property name="dataSet" type="EntityHandle" container="StaticArray" arraySize="1">
          <containerEntry>0x3354610</containerEntry>
        </property>
        <property name="modelFile" type="FilePtr" container="StaticArray" arraySize="1">
          <containerEntry>/Assets/tpp/environ/object/middle_africa/rock/mafr_rock010/scenes/mafr_rock010.fmdl</containerEntry>
        </property>
        <property name="geomFile" type="FilePtr" container="StaticArray" arraySize="1">
          <containerEntry>/Assets/tpp/environ/object/middle_africa/rock/mafr_rock010/scenes/mafr_rock010.geom</containerEntry>
        </property>
        <property name="isVisibleGeom" type="Bool" container="StaticArray" arraySize="1">
          <containerEntry>false</containerEntry>
        </property>
        <property name="lodFarSize" type="Float" container="StaticArray" arraySize="1">
          <containerEntry>-1</containerEntry>
        </property>
        <property name="lodNearSize" type="Float" container="StaticArray" arraySize="1">
          <containerEntry>-1</containerEntry>
        </property>
        <property name="lodPolygonSize" type="Float" container="StaticArray" arraySize="1">
          <containerEntry>-1</containerEntry>
        </property>
        <property name="drawRejectionLevel" type="Int32" container="StaticArray" arraySize="1">
          <containerEntry>8</containerEntry>
        </property>
        <property name="drawMode" type="Int32" container="StaticArray" arraySize="1">
          <containerEntry>0</containerEntry>
        </property>
        <property name="rejectFarRangeShadowCast" type="Int32" container="StaticArray" arraySize="1">
          <containerEntry>2</containerEntry>
        </property>
        <property name="parentLocator" type="EntityLink" container="StaticArray" arraySize="1">
          <containerEntry packagePathHash="0xB8A0BF169F98" archivePathHash="0xB8A0BF169F98" nameInArchiveHash="0xB8A0BF169F98">0x0</containerEntry>
        </property>
        <property name="transforms" type="Matrix4" container="DynamicArray" arraySize="8">
          <containerEntry r11="0.13262893" r12="0.016672568" r13="0.99102616" r14="0" r21="0.05708" r22="0.99807066" r23="-0.024430152" r24="0" r31="-0.9895215" r32="0.059807893" r33="0.13142139" r34="0" r41="1636.437" r42="2.047383" r43="686.77496" r44="1"></containerEntry>
          <containerEntry r11="0.13262893" r12="0.016672568" r13="0.99102616" r14="0" r21="0.05708" r22="0.99807066" r23="-0.024430152" r24="0" r31="-0.9895215" r32="0.059807893" r33="0.13142139" r34="0" r41="1659.0814" r42="2.483083" r43="659.272" r44="1"></containerEntry>
          <containerEntry r11="-0.67746735" r12="0.056695145" r13="0.73336643" r14="0" r21="0.057079505" r22="0.99807066" r23="-0.024430284" r24="0" r31="-0.7333366" r32="0.025309475" r33="-0.67939645" r34="0" r41="1662.8983" r42="1.899213" r43="651.35986" r44="1"></containerEntry>
          <containerEntry r11="-0.9983557" r12="0.057200365" r13="0.0042490102" r14="0" r21="0.05708018" r22="0.9980707" r23="-0.024429591" r24="0" r31="-0.0056381924" r32="-0.024146838" r33="-0.9996945" r34="0" r41="1636.437" r42="1.134407" r43="716.18646" r44="1"></containerEntry>
          <containerEntry r11="-0.9917375" r12="-0.11806239" r13="0.050169505" r14="0" r21="-0.10497625" r22="0.9717118" r23="0.21155648" r24="0" r31="-0.073727176" r32="0.204542" r33="-0.9760768" r34="0" r41="1619.2837" r42="-5.184609" r43="753.44183" r44="1"></containerEntry>
          <containerEntry r11="0.316282" r12="-0.11009929" r13="0.9422546" r14="0" r21="-0.036888413" r22="0.9910641" r23="0.12818465" r24="0" r31="-0.9479477" r32="-0.07530077" r33="0.30939436" r34="0" r41="1610.2919" r42="-3.208499" r43="739.9069" r44="1"></containerEntry>
          <containerEntry r11="0.31207362" r12="-0.02657244" r13="0.9496859" r14="0" r21="-0.06329055" r22="0.99680674" r23="0.048688576" r24="0" r31="-0.9479471" r32="-0.075300574" r33="0.3093953" r34="0" r41="1595.4325" r42="-7.393051" r43="733.20953" r44="1"></containerEntry>
          <containerEntry r11="0.76041275" r12="0.19391164" r13="-0.6198152" r14="0" r21="-0.013954096" r22="0.95904183" r23="0.28292066" r24="0" r31="0.64929026" r32="-0.20648752" r33="0.73197347" r34="0" r41="1616.9199" r42="-2.830541" r43="749.27704" r44="1"></containerEntry>
        </property>
        <property name="colors" type="UInt32" container="DynamicArray" arraySize="8">
          <containerEntry>4294967295</containerEntry>
          <containerEntry>4294967295</containerEntry>
          <containerEntry>4294967295</containerEntry>
          <containerEntry>4294967295</containerEntry>
          <containerEntry>4294967295</containerEntry>
          <containerEntry>4294967295</containerEntry>
          <containerEntry>4294967295</containerEntry>
          <containerEntry>4294967295</containerEntry>
        </property>
      </staticProperties>
      <dynamicProperties></dynamicProperties>
    </entity>
    <entity class="StaticModelArray" classVersion="4" classID="0xD0" addr="0x317EDA0" id="0x0">
      <staticProperties>
        <property name="name" type="String" container="StaticArray" arraySize="1">
          <containerEntry>StaticModelArray0004</containerEntry>
        </property>
        <property name="dataSet" type="EntityHandle" container="StaticArray" arraySize="1">
          <containerEntry>0x3354610</containerEntry>
        </property>
        <property name="modelFile" type="FilePtr" container="StaticArray" arraySize="1">
          <containerEntry>/Assets/tpp/environ/object/middle_africa/cliff/mafr_clff003/scenes/mafr_clff003_vrtn001.fmdl</containerEntry>
        </property>
        <property name="geomFile" type="FilePtr" container="StaticArray" arraySize="1">
          <containerEntry>/Assets/tpp/environ/object/middle_africa/cliff/mafr_clff003/scenes/mafr_clff003_vrtn001.geom</containerEntry>
        </property>
        <property name="isVisibleGeom" type="Bool" container="StaticArray" arraySize="1">
          <containerEntry>false</containerEntry>
        </property>
        <property name="lodFarSize" type="Float" container="StaticArray" arraySize="1">
          <containerEntry>-1</containerEntry>
        </property>
        <property name="lodNearSize" type="Float" container="StaticArray" arraySize="1">
          <containerEntry>-1</containerEntry>
        </property>
        <property name="lodPolygonSize" type="Float" container="StaticArray" arraySize="1">
          <containerEntry>-1</containerEntry>
        </property>
        <property name="drawRejectionLevel" type="Int32" container="StaticArray" arraySize="1">
          <containerEntry>8</containerEntry>
        </property>
        <property name="drawMode" type="Int32" container="StaticArray" arraySize="1">
          <containerEntry>0</containerEntry>
        </property>
        <property name="rejectFarRangeShadowCast" type="Int32" container="StaticArray" arraySize="1">
          <containerEntry>2</containerEntry>
        </property>
        <property name="parentLocator" type="EntityLink" container="StaticArray" arraySize="1">
          <containerEntry packagePathHash="0xB8A0BF169F98" archivePathHash="0xB8A0BF169F98" nameInArchiveHash="0xB8A0BF169F98">0x0</containerEntry>
        </property>
        <property name="transforms" type="Matrix4" container="DynamicArray" arraySize="13">
          <containerEntry r11="0.5091568" r12="-0.16792339" r13="-0.8441328" r14="0" r21="-0.40640873" r22="0.81764364" r23="-0.40778738" r24="0" r31="0.75867677" r32="0.55069077" r33="0.34806332" r34="0" r41="1575.3855" r42="-5.178585" r43="682.889" r44="1"></containerEntry>
          <containerEntry r11="0.5283652" r12="0.06590539" r13="-0.8464556" r14="0" r21="-0.10218778" r22="0.99467134" r23="0.0136589855" r24="0" r31="0.8428453" r32="0.07928045" r33="0.5322844" r34="0" r41="1569.6835" r42="1.200247" r43="662.6937" r44="1"></containerEntry>
          <containerEntry r11="0.29554972" r12="-0.25498444" r13="0.92066896" r14="0" r21="0.5268139" r22="0.84744596" r23="0.06558953" r24="0" r31="-0.7969413" r32="0.46563697" r33="0.38479215" r34="0" r41="1581.3025" r42="-14.965241" r43="756.5448" r44="1"></containerEntry>
          <containerEntry r11="-0.4652085" r12="-0.16867077" r13="-0.8689795" r14="0" r21="-0.76441014" r22="0.5715781" r23="0.29828486" r24="0" r31="0.44637686" r32="0.8030236" r33="-0.39483565" r34="0" r41="1592.0604" r42="-13.161977" r43="768.46564" r44="1"></containerEntry>
          <containerEntry r11="0.08273645" r12="0.065833986" r13="-0.9943935" r14="0" r21="-0.78719115" r22="0.61621356" r23="-0.02469924" r24="0" r31="0.6111323" r32="0.7848222" r33="0.1028077" r34="0" r41="1578.8523" r42="-11.887793" r43="734.88855" r44="1"></containerEntry>
          <containerEntry r11="0.4455016" r12="-0.05576007" r13="0.8935423" r14="0" r21="0.46212244" r22="0.86914206" r23="-0.17616668" r24="0" r31="-0.76679194" r32="0.49140885" r33="0.41297227" r34="0" r41="1586.1635" r42="-12.437615" r43="749.99506" r44="1"></containerEntry>
          <containerEntry r11="0.9657719" r12="0.102315284" r13="-0.23836157" r14="0" r21="-0.23522437" r22="0.73277533" r23="-0.63852185" r24="0" r31="0.10933504" r32="0.6727349" r33="0.73176086" r34="0" r41="1577.0815" r42="-18.588078" r43="766.43713" r44="1"></containerEntry>
          <containerEntry r11="0.6710931" r12="-0.33230785" r13="0.66272515" r14="0" r21="0.6025598" r22="0.76527566" r23="-0.22643813" r24="0" r31="-0.43192" r32="0.551293" r33="0.7138069" r34="0" r41="1572.9564" r42="-8.853275" r43="702.5767" r44="1"></containerEntry>
          <containerEntry r11="-0.8572365" r12="0.06583376" r13="-0.51069254" r14="0" r21="-0.36762035" r22="0.6162138" r23="0.6965162" r24="0" r31="0.36054987" r32="0.7848219" r33="-0.5040382" r34="0" r41="1544.0079" r42="-17.692974" r43="761.1189" r44="1"></containerEntry>
          <containerEntry r11="-0.97926223" r12="-0.016019315" r13="-0.20195526" r14="0" r21="-0.17042932" r22="0.60408837" r23="0.7784796" r24="0" r31="0.10952806" r32="0.7967559" r33="-0.59429055" r34="0" r41="1581.72" r42="-10.880006" r43="714.8489" r44="1"></containerEntry>
          <containerEntry r11="-0.16291374" r12="-0.20352192" r13="0.96541965" r14="0" r21="0.65446216" r22="0.7099462" r23="0.26010558" r24="0" r31="-0.738333" r32="0.6742065" r33="0.017537951" r34="0" r41="1560.0295" r42="-16.300703" r43="726.7744" r44="1"></containerEntry>
          <containerEntry r11="-0.14903852" r12="-0.25563443" r13="0.9552152" r14="0" r21="0.52411073" r22="0.79872954" r23="0.29553103" r24="0" r31="-0.83850646" r32="0.54468495" r33="0.014939666" r34="0" r41="1567.1414" r42="-14.372402" r43="722.4582" r44="1"></containerEntry>
          <containerEntry r11="-0.32068765" r12="-0.0018900931" r13="-0.94718075" r14="0" r21="-0.7317343" r22="0.63546264" r23="0.24647701" r24="0" r31="0.6014315" r32="0.77212846" r33="-0.2051673" r34="0" r41="1583.5345" r42="-11.887793" r43="727.49615" r44="1"></containerEntry>
        </property>
        <property name="colors" type="UInt32" container="DynamicArray" arraySize="13">
          <containerEntry>4294967295</containerEntry>
          <containerEntry>4294967295</containerEntry>
          <containerEntry>4294967295</containerEntry>
          <containerEntry>4294967295</containerEntry>
          <containerEntry>4294967295</containerEntry>
          <containerEntry>4294967295</containerEntry>
          <containerEntry>4294967295</containerEntry>
          <containerEntry>4294967295</containerEntry>
          <containerEntry>4294967295</containerEntry>
          <containerEntry>4294967295</containerEntry>
          <containerEntry>4294967295</containerEntry>
          <containerEntry>4294967295</containerEntry>
          <containerEntry>4294967295</containerEntry>
        </property>
      </staticProperties>
      <dynamicProperties></dynamicProperties>
    </entity>
    <entity class="StaticModelArray" classVersion="4" classID="0xD0" addr="0x317BBC0" id="0x0">
      <staticProperties>
        <property name="name" type="String" container="StaticArray" arraySize="1">
          <containerEntry>StaticModelArray0005</containerEntry>
        </property>
        <property name="dataSet" type="EntityHandle" container="StaticArray" arraySize="1">
          <containerEntry>0x3354610</containerEntry>
        </property>
        <property name="modelFile" type="FilePtr" container="StaticArray" arraySize="1">
          <containerEntry>/Assets/tpp/environ/object/middle_africa/rock/mafr_rock007/scenes/mafr_rock007.fmdl</containerEntry>
        </property>
        <property name="geomFile" type="FilePtr" container="StaticArray" arraySize="1">
          <containerEntry>/Assets/tpp/environ/object/middle_africa/rock/mafr_rock007/scenes/mafr_rock007.geom</containerEntry>
        </property>
        <property name="isVisibleGeom" type="Bool" container="StaticArray" arraySize="1">
          <containerEntry>false</containerEntry>
        </property>
        <property name="lodFarSize" type="Float" container="StaticArray" arraySize="1">
          <containerEntry>-1</containerEntry>
        </property>
        <property name="lodNearSize" type="Float" container="StaticArray" arraySize="1">
          <containerEntry>-1</containerEntry>
        </property>
        <property name="lodPolygonSize" type="Float" container="StaticArray" arraySize="1">
          <containerEntry>-1</containerEntry>
        </property>
        <property name="drawRejectionLevel" type="Int32" container="StaticArray" arraySize="1">
          <containerEntry>8</containerEntry>
        </property>
        <property name="drawMode" type="Int32" container="StaticArray" arraySize="1">
          <containerEntry>0</containerEntry>
        </property>
        <property name="rejectFarRangeShadowCast" type="Int32" container="StaticArray" arraySize="1">
          <containerEntry>2</containerEntry>
        </property>
        <property name="parentLocator" type="EntityLink" container="StaticArray" arraySize="1">
          <containerEntry packagePathHash="0xB8A0BF169F98" archivePathHash="0xB8A0BF169F98" nameInArchiveHash="0xB8A0BF169F98">0x0</containerEntry>
        </property>
        <property name="transforms" type="Matrix4" container="DynamicArray" arraySize="6">
          <containerEntry r11="-0.94175607" r12="-0.09668707" r13="0.322098" r14="0" r21="-0.13412426" r22="0.9862948" r23="-0.09608998" r24="0" r31="-0.3083929" r32="-0.13369448" r33="-0.94181716" r34="0" r41="1587.7214" r42="1.136533" r43="656.0506" r44="1"></containerEntry>
          <containerEntry r11="-0.29716682" r12="0.47065866" r13="-0.83076507" r14="0" r21="0.23365867" r22="0.87946284" r23="0.41466686" r24="0" r31="0.9257936" r32="-0.07088998" r33="-0.3713206" r34="0" r41="1596.2548" r42="0.863837" r43="652.8968" r44="1"></containerEntry>
          <containerEntry r11="1" r12="0" r13="0" r14="0" r21="0" r22="1" r23="0" r24="0" r31="0" r32="0" r33="1" r34="0" r41="1621.6064" r42="-2.547874" r43="748.90594" r44="1"></containerEntry>
          <containerEntry r11="0.7964425" r12="0.12139713" r13="-0.59240335" r14="0" r21="-5.1409006e-07" r22="0.9796424" r23="0.20075046" r24="0" r31="0.604714" r32="-0.15988584" r33="0.78022885" r34="0" r41="1621.8391" r42="-1.363489" r43="747.278" r44="1"></containerEntry>
          <containerEntry r11="-0.34241632" r12="-0.026550822" r13="-0.9391716" r14="0" r21="-0.109452866" r22="0.9939219" r23="0.011807367" r24="0" r31="0.93314964" r32="0.10683819" r33="-0.3432411" r34="0" r41="1609.1384" r42="-3.959459" r43="751.8325" r44="1"></containerEntry>
          <containerEntry r11="-0.7992869" r12="-0.04395639" r13="-0.5993345" r14="0" r21="0.047206037" r22="0.9896469" r23="-0.13553782" r24="0" r31="0.59908724" r32="-0.13662629" r33="-0.7889368" r34="0" r41="1623.4056" r42="1.083162" r43="738.50385" r44="1"></containerEntry>
        </property>
        <property name="colors" type="UInt32" container="DynamicArray" arraySize="6">
          <containerEntry>4294967295</containerEntry>
          <containerEntry>4294967295</containerEntry>
          <containerEntry>4294967295</containerEntry>
          <containerEntry>4294967295</containerEntry>
          <containerEntry>4294967295</containerEntry>
          <containerEntry>4294967295</containerEntry>
        </property>
      </staticProperties>
      <dynamicProperties></dynamicProperties>
    </entity>
    <entity class="TexturePackLoadConditioner" classVersion="0" classID="0x48" addr="0x317F740" id="0x0">
      <staticProperties>
        <property name="name" type="String" container="StaticArray" arraySize="1">
          <containerEntry>TexturePackLoadConditioner0000</containerEntry>
        </property>
        <property name="dataSet" type="EntityHandle" container="StaticArray" arraySize="1">
          <containerEntry>0x3354610</containerEntry>
        </property>
        <property name="texturePackPath" type="Path" container="StaticArray" arraySize="1">
          <containerEntry hash="0xB8A0BF169F98"></containerEntry>
        </property>
      </staticProperties>
      <dynamicProperties></dynamicProperties>
    </entity>
  </entities>
</fox>