<fox formatVersion="2" fileVersion="0">
  <entities>
    <entity class="DataSet" classVersion="0" classID="0xE8" addr="0x2F04BC0" id="0x116934">
      <staticProperties>
        <property name="name" type="String" container="StaticArray" arraySize="1">
          <containerEntry hash="0xB8A0BF169F98"></containerEntry>
        </property>
        <property name="dataSet" type="EntityHandle" container="StaticArray" arraySize="1">
          <containerEntry>0x0</containerEntry>
        </property>
        <property name="dataList" type="EntityPtr" container="StringMap" arraySize="14">
          <containerEntry key="mafr_rock001_vrtn001_0000">
            <data>0x2F033B0</data>
          </containerEntry>
          <containerEntry key="mafr_pipe003_fndt001_0000">
            <data>0x2D783C0</data>
          </containerEntry>
          <containerEntry key="StaticModelArray0000">
            <data>0x2D7F5F0</data>
          </containerEntry>
          <containerEntry key="StaticModelArray0001">
            <data>0x2D7F510</data>
          </containerEntry>
          <containerEntry key="StaticModelArray0002">
            <data>0x2D7F4A0</data>
          </containerEntry>
          <containerEntry key="StaticModelArray0003">
            <data>0x2D7F3C0</data>
          </containerEntry>
          <containerEntry key="StaticModelArray0004">
            <data>0x2D7EC50</data>
          </containerEntry>
          <containerEntry key="StaticModelArray0005">
            <data>0x2D7F190</data>
          </containerEntry>
          <containerEntry key="StaticModelArray0006">
            <data>0x2D7C480</data>
          </containerEntry>
          <containerEntry key="StaticModelArray0007">
            <data>0x2D7EF60</data>
          </containerEntry>
          <containerEntry key="StaticModelArray0008">
            <data>0x2D7EE80</data>
          </containerEntry>
          <containerEntry key="StaticModelArray0009">
            <data>0x2D7F740</data>
          </containerEntry>
          <containerEntry key="StaticModelArray0010">
            <data>0x2D7F0B0</data>
          </containerEntry>
          <containerEntry key="TexturePackLoadConditioner0000">
            <data>0x2D7FCF0</data>
          </containerEntry>
        </property>
      </staticProperties>
      <dynamicProperties></dynamicProperties>
    </entity>
    <entity class="StaticModel" classVersion="9" classID="0x160" addr="0x2F033B0" id="0x1169B4">
      <staticProperties>
        <property name="name" type="String" container="StaticArray" arraySize="1">
          <containerEntry>mafr_rock001_vrtn001_0000</containerEntry>
        </property>
        <property name="dataSet" type="EntityHandle" container="StaticArray" arraySize="1">
          <containerEntry>0x2F04BC0</containerEntry>
        </property>
        <property name="parent" type="EntityHandle" container="StaticArray" arraySize="1">
          <containerEntry>0x0</containerEntry>
        </property>
        <property name="transform" type="EntityPtr" container="StaticArray" arraySize="1">
          <containerEntry>0x2F03340</containerEntry>
        </property>
        <property name="shearTransform" type="EntityPtr" container="StaticArray" arraySize="1">
          <containerEntry>0x0</containerEntry>
        </property>
        <property name="pivotTransform" type="EntityPtr" container="StaticArray" arraySize="1">
          <containerEntry>0x0</containerEntry>
        </property>
        <property name="children" type="EntityHandle" container="List"></property>
        <property name="flags" type="UInt32" container="StaticArray" arraySize="1">
          <containerEntry>3221225479</containerEntry>
        </property>
        <property name="modelFile" type="FilePtr" container="StaticArray" arraySize="1">
          <containerEntry>/Assets/tpp/environ/object/middle_africa/rock/mafr_rock001/scenes/mafr_rock001_vrtn001.fmdl</containerEntry>
        </property>
        <property name="geomFile" type="FilePtr" container="StaticArray" arraySize="1">
          <containerEntry>/Assets/tpp/environ/object/middle_africa/rock/mafr_rock001/scenes/mafr_rock001_vrtn001.geom</containerEntry>
        </property>
        <property name="isVisibleGeom" type="Bool" container="StaticArray" arraySize="1">
          <containerEntry>false</containerEntry>
        </property>
        <property name="isIsolated" type="Bool" container="StaticArray" arraySize="1">
          <containerEntry>false</containerEntry>
        </property>
        <property name="lodFarSize" type="Float" container="StaticArray" arraySize="1">
          <containerEntry>-1</containerEntry>
        </property>
        <property name="lodNearSize" type="Float" container="StaticArray" arraySize="1">
          <containerEntry>-1</containerEntry>
        </property>
        <property name="lodPolygonSize" type="Float" container="StaticArray" arraySize="1">
          <containerEntry>-1</containerEntry>
        </property>
        <property name="color" type="Color" container="StaticArray" arraySize="1">
          <containerEntry r="1" g="1" b="1" a="1"></containerEntry>
        </property>
        <property name="drawRejectionLevel" type="Int32" container="StaticArray" arraySize="1">
          <containerEntry>8</containerEntry>
        </property>
        <property name="drawMode" type="Int32" container="StaticArray" arraySize="1">
          <containerEntry>0</containerEntry>
        </property>
        <property name="rejectFarRangeShadowCast" type="Int32" container="StaticArray" arraySize="1">
          <containerEntry>2</containerEntry>
        </property>
      </staticProperties>
      <dynamicProperties></dynamicProperties>
    </entity>
    <entity class="TransformEntity" classVersion="0" classID="0x50" addr="0x2F03340" id="0x1169B7">
      <staticProperties>
        <property name="owner" type="EntityHandle" container="StaticArray" arraySize="1">
          <containerEntry>0x2F033B0</containerEntry>
        </property>
        <property name="transform_scale" type="Vector3" container="StaticArray" arraySize="1">
          <containerEntry x="1" y="1" z="1" w="0"></containerEntry>
        </property>
        <property name="transform_rotation_quat" type="Quat" container="StaticArray" arraySize="1">
          <containerEntry x="-0.146063" y="-0.291088" z="-0.135114" w="0.935777"></containerEntry>
        </property>
        <property name="transform_translation" type="Vector3" container="StaticArray" arraySize="1">
          <containerEntry x="1778.1375" y="-13.972153" z="846.4034" w="0"></containerEntry>
        </property>
      </staticProperties>
      <dynamicProperties></dynamicProperties>
    </entity>
    <entity class="StaticModel" classVersion="9" classID="0x160" addr="0x2D783C0" id="0x116B19">
      <staticProperties>
        <property name="name" type="String" container="StaticArray" arraySize="1">
          <containerEntry>mafr_pipe003_fndt001_0000</containerEntry>
        </property>
        <property name="dataSet" type="EntityHandle" container="StaticArray" arraySize="1">
          <containerEntry>0x2F04BC0</containerEntry>
        </property>
        <property name="parent" type="EntityHandle" container="StaticArray" arraySize="1">
          <containerEntry>0x0</containerEntry>
        </property>
        <property name="transform" type="EntityPtr" container="StaticArray" arraySize="1">
          <containerEntry>0x2D78430</containerEntry>
        </property>
        <property name="shearTransform" type="EntityPtr" container="StaticArray" arraySize="1">
          <containerEntry>0x0</containerEntry>
        </property>
        <property name="pivotTransform" type="EntityPtr" container="StaticArray" arraySize="1">
          <containerEntry>0x0</containerEntry>
        </property>
        <property name="children" type="EntityHandle" container="List"></property>
        <property name="flags" type="UInt32" container="StaticArray" arraySize="1">
          <containerEntry>3221225479</containerEntry>
        </property>
        <property name="modelFile" type="FilePtr" container="StaticArray" arraySize="1">
          <containerEntry>/Assets/tpp/environ/object/middle_africa/pipe/mafr_pipe003/scenes/mafr_pipe003_fndt001.fmdl</containerEntry>
        </property>
        <property name="geomFile" type="FilePtr" container="StaticArray" arraySize="1">
          <containerEntry>/Assets/tpp/environ/object/middle_africa/pipe/mafr_pipe003/scenes/mafr_pipe003_fndt001.geom</containerEntry>
        </property>
        <property name="isVisibleGeom" type="Bool" container="StaticArray" arraySize="1">
          <containerEntry>false</containerEntry>
        </property>
        <property name="isIsolated" type="Bool" container="StaticArray" arraySize="1">
          <containerEntry>false</containerEntry>
        </property>
        <property name="lodFarSize" type="Float" container="StaticArray" arraySize="1">
          <containerEntry>-1</containerEntry>
        </property>
        <property name="lodNearSize" type="Float" container="StaticArray" arraySize="1">
          <containerEntry>-1</containerEntry>
        </property>
        <property name="lodPolygonSize" type="Float" container="StaticArray" arraySize="1">
          <containerEntry>-1</containerEntry>
        </property>
        <property name="color" type="Color" container="StaticArray" arraySize="1">
          <containerEntry r="1" g="1" b="1" a="1"></containerEntry>
        </property>
        <property name="drawRejectionLevel" type="Int32" container="StaticArray" arraySize="1">
          <containerEntry>8</containerEntry>
        </property>
        <property name="drawMode" type="Int32" container="StaticArray" arraySize="1">
          <containerEntry>0</containerEntry>
        </property>
        <property name="rejectFarRangeShadowCast" type="Int32" container="StaticArray" arraySize="1">
          <containerEntry>2</containerEntry>
        </property>
      </staticProperties>
      <dynamicProperties></dynamicProperties>
    </entity>
    <entity class="TransformEntity" classVersion="0" classID="0x50" addr="0x2D78430" id="0x116B1C">
      <staticProperties>
        <property name="owner" type="EntityHandle" container="StaticArray" arraySize="1">
          <containerEntry>0x2D783C0</containerEntry>
        </property>
        <property name="transform_scale" type="Vector3" container="StaticArray" arraySize="1">
          <containerEntry x="1" y="1" z="1" w="0"></containerEntry>
        </property>
        <property name="transform_rotation_quat" type="Quat" container="StaticArray" arraySize="1">
          <containerEntry x="0" y="-0.556115" z="0" w="0.831105"></containerEntry>
        </property>
        <property name="transform_translation" type="Vector3" container="StaticArray" arraySize="1">
          <containerEntry x="1755.145" y="-12.527216" z="856.48175" w="0"></containerEntry>
        </property>
      </staticProperties>
      <dynamicProperties></dynamicProperties>
    </entity>
    <entity class="StaticModelArray" classVersion="4" classID="0xD0" addr="0x2D7F5F0" id="0x0">
      <staticProperties>
        <property name="name" type="String" container="StaticArray" arraySize="1">
          <containerEntry>StaticModelArray0000</containerEntry>
        </property>
        <property name="dataSet" type="EntityHandle" container="StaticArray" arraySize="1">
          <containerEntry>0x2F04BC0</containerEntry>
        </property>
        <property name="modelFile" type="FilePtr" container="StaticArray" arraySize="1">
          <containerEntry>/Assets/tpp/environ/object/middle_africa/clod/mafr_clod005/scenes/mafr_clod005.fmdl</containerEntry>
        </property>
        <property name="geomFile" type="FilePtr" container="StaticArray" arraySize="1">
          <containerEntry>/Assets/tpp/environ/object/middle_africa/clod/mafr_clod005/scenes/mafr_clod005.geom</containerEntry>
        </property>
        <property name="isVisibleGeom" type="Bool" container="StaticArray" arraySize="1">
          <containerEntry>false</containerEntry>
        </property>
        <property name="lodFarSize" type="Float" container="StaticArray" arraySize="1">
          <containerEntry>-1</containerEntry>
        </property>
        <property name="lodNearSize" type="Float" container="StaticArray" arraySize="1">
          <containerEntry>-1</containerEntry>
        </property>
        <property name="lodPolygonSize" type="Float" container="StaticArray" arraySize="1">
          <containerEntry>-1</containerEntry>
        </property>
        <property name="drawRejectionLevel" type="Int32" container="StaticArray" arraySize="1">
          <containerEntry>8</containerEntry>
        </property>
        <property name="drawMode" type="Int32" container="StaticArray" arraySize="1">
          <containerEntry>0</containerEntry>
        </property>
        <property name="rejectFarRangeShadowCast" type="Int32" container="StaticArray" arraySize="1">
          <containerEntry>2</containerEntry>
        </property>
        <property name="parentLocator" type="EntityLink" container="StaticArray" arraySize="1">
          <containerEntry packagePathHash="0xB8A0BF169F98" archivePathHash="0xB8A0BF169F98" nameInArchiveHash="0xB8A0BF169F98">0x0</containerEntry>
        </property>
        <property name="transforms" type="Matrix4" container="DynamicArray" arraySize="2">
          <containerEntry r11="-0.6535123" r12="-0.022921648" r13="0.7565628" r14="0" r21="-0.10977353" r22="0.99184394" r23="-0.064771906" r24="0" r31="-0.74890757" r32="-0.12538034" r33="-0.65069836" r34="0" r41="1672.152" r42="-8.755575" r43="785.1002" r44="1"></containerEntry>
          <containerEntry r11="-0.85745823" r12="-0.04098805" r13="0.51291186" r14="0" r21="-0.10420113" r22="0.9900005" r23="-0.09508495" r24="0" r31="-0.50388557" r32="-0.13497779" r33="-0.853155" r34="0" r41="1691.3665" r42="-14.402563" r43="843.381" r44="1"></containerEntry>
        </property>
        <property name="colors" type="UInt32" container="DynamicArray" arraySize="2">
          <containerEntry>4294967295</containerEntry>
          <containerEntry>4294967295</containerEntry>
        </property>
      </staticProperties>
      <dynamicProperties></dynamicProperties>
    </entity>
    <entity class="StaticModelArray" classVersion="4" classID="0xD0" addr="0x2D7F510" id="0x0">
      <staticProperties>
        <property name="name" type="String" container="StaticArray" arraySize="1">
          <containerEntry>StaticModelArray0001</containerEntry>
        </property>
        <property name="dataSet" type="EntityHandle" container="StaticArray" arraySize="1">
          <containerEntry>0x2F04BC0</containerEntry>
        </property>
        <property name="modelFile" type="FilePtr" container="StaticArray" arraySize="1">
          <containerEntry>/Assets/tpp/environ/object/middle_africa/rock/mafr_rock002/scenes/mafr_rock002.fmdl</containerEntry>
        </property>
        <property name="geomFile" type="FilePtr" container="StaticArray" arraySize="1">
          <containerEntry>/Assets/tpp/environ/object/middle_africa/rock/mafr_rock002/scenes/mafr_rock002.geom</containerEntry>
        </property>
        <property name="isVisibleGeom" type="Bool" container="StaticArray" arraySize="1">
          <containerEntry>false</containerEntry>
        </property>
        <property name="lodFarSize" type="Float" container="StaticArray" arraySize="1">
          <containerEntry>-1</containerEntry>
        </property>
        <property name="lodNearSize" type="Float" container="StaticArray" arraySize="1">
          <containerEntry>-1</containerEntry>
        </property>
        <property name="lodPolygonSize" type="Float" container="StaticArray" arraySize="1">
          <containerEntry>-1</containerEntry>
        </property>
        <property name="drawRejectionLevel" type="Int32" container="StaticArray" arraySize="1">
          <containerEntry>8</containerEntry>
        </property>
        <property name="drawMode" type="Int32" container="StaticArray" arraySize="1">
          <containerEntry>0</containerEntry>
        </property>
        <property name="rejectFarRangeShadowCast" type="Int32" container="StaticArray" arraySize="1">
          <containerEntry>2</containerEntry>
        </property>
        <property name="parentLocator" type="EntityLink" container="StaticArray" arraySize="1">
          <containerEntry packagePathHash="0xB8A0BF169F98" archivePathHash="0xB8A0BF169F98" nameInArchiveHash="0xB8A0BF169F98">0x0</containerEntry>
        </property>
        <property name="transforms" type="Matrix4" container="DynamicArray" arraySize="22">
          <containerEntry r11="-0.93851066" r12="0.21882918" r13="-0.267043" r14="0" r21="0.16182986" r22="0.9620683" r23="0.21962619" r24="0" r31="0.3049742" r32="0.16290596" r33="-0.93832445" r34="0" r41="1749.0585" r42="-10.113447" r43="820.1816" r44="1"></containerEntry>
          <containerEntry r11="0.9970737" r12="-0.0763711" r13="-0.0033834542" r14="0" r21="0.0763711" r22="0.9931617" r23="0.08830266" r24="0" r31="-0.0033834542" r32="-0.08830266" r33="0.99608797" r34="0" r41="1757.3168" r42="-11.883404" r43="824.25183" r44="1"></containerEntry>
          <containerEntry r11="0.9369969" r12="-0.03960066" r13="-0.34708607" r14="0" r21="0.10586448" r22="0.9790224" r23="0.17409173" r24="0" r31="0.3329109" r32="-0.19986746" r33="0.92153317" r34="0" r41="1756.3947" r42="-10.372525" r43="815.6677" r44="1"></containerEntry>
          <containerEntry r11="0.94858575" r12="-0.04021983" r13="-0.3139545" r14="0" r21="0.105115205" r22="0.97562885" r23="0.19261125" r24="0" r31="0.2985563" r32="-0.21570969" r33="0.92969537" r34="0" r41="1737.0332" r42="-9.571482" r43="824.4609" r44="1"></containerEntry>
          <containerEntry r11="0.9980552" r12="0.062329203" r13="0.00089757144" r14="0" r21="-0.062329203" r22="0.99764097" r23="0.028767016" r24="0" r31="0.00089757144" r32="-0.028767016" r33="0.99958575" r34="0" r41="1726.424" r42="-13.453957" r43="862.0907" r44="1"></containerEntry>
          <containerEntry r11="0.99214" r12="-0.12510756" r13="0.0025148783" r14="0" r21="0.11994711" r22="0.95655763" r23="0.26572585" r24="0" r31="-0.035649925" r32="-0.2633356" r33="0.96404535" r34="0" r41="1713.4722" r42="-10.826982" r43="858.3239" r44="1"></containerEntry>
          <containerEntry r11="0.95511115" r12="-0.1297393" r13="-0.26632762" r14="0" r21="0.19838567" r22="0.94776773" r23="0.24975884" r24="0" r31="0.2200132" r32="-0.29138303" r33="0.93096197" r34="0" r41="1722.4463" r42="-11.563629" r43="849.9182" r44="1"></containerEntry>
          <containerEntry r11="0.96620363" r12="-0.25419718" r13="-0.042828273" r14="0" r21="0.25419718" r22="0.9119297" r23="0.3221301" r24="0" r31="-0.042828273" r32="-0.3221301" r33="0.9457261" r34="0" r41="1707.1078" r42="-11.162501" r43="864.9891" r44="1"></containerEntry>
          <containerEntry r11="-0.7508679" r12="-0.07642837" r13="0.6560129" r14="0" r21="-0.07425164" r22="0.9967533" r23="0.031137994" r24="0" r31="-0.6562629" r32="-0.02532951" r33="-0.754105" r34="0" r41="1717.39" r42="-13.663816" r43="866.4428" r44="1"></containerEntry>
          <containerEntry r11="0.9980601" r12="0.06222515" r13="0.0020145187" r14="0" r21="-0.06222515" r22="0.9959681" r23="0.06461874" r24="0" r31="0.0020145187" r32="-0.06461874" r33="0.997908" r34="0" r41="1710.4095" r42="-14.594031" r43="877.28033" r44="1"></containerEntry>
          <containerEntry r11="0.9996732" r12="0.025384624" r13="0.0030336902" r14="0" r21="-0.02550064" r22="0.99853265" r23="0.04777353" r24="0" r31="-0.0018165247" r32="-0.04783527" r33="0.9988536" r34="0" r41="1690.3263" r42="-15.200708" r43="878.82007" r44="1"></containerEntry>
          <containerEntry r11="-0.36817238" r12="0.013925888" r13="0.9296524" r14="0" r21="0.14018342" r22="0.9892888" r23="0.04069804" r24="0" r31="-0.9191279" r32="0.14530586" r33="-0.36618096" r34="0" r41="1761.4813" r42="-10.048126" r43="806.3117" r44="1"></containerEntry>
          <containerEntry r11="-0.35991734" r12="-0.119676955" r13="0.9252756" r14="0" r21="0.1740466" r22="0.9657171" r23="0.1926091" r24="0" r31="-0.9166053" r32="0.23036474" r33="-0.3267489" r34="0" r41="1740.3475" r42="-7.73562" r43="816.24725" r44="1"></containerEntry>
          <containerEntry r11="-0.93950903" r12="0.10425024" r13="0.32626507" r14="0" r21="0.17404543" r22="0.9657174" r23="0.1926084" r24="0" r31="-0.29500034" r32="0.23774292" r33="-0.9254444" r34="0" r41="1727.1351" r42="-8.350183" r43="828.9729" r44="1"></containerEntry>
          <containerEntry r11="-0.7211104" r12="-0.00820753" r13="0.6927708" r14="0" r21="-0.0040746494" r22="0.99996275" r23="0.007605615" r24="0" r31="-0.6928074" r32="0.0026616931" r33="-0.721117" r34="0" r41="1746.3403" r42="-7.313191" r43="808.87604" r44="1"></containerEntry>
          <containerEntry r11="-0.9978154" r12="-0.028155666" r13="-0.05975374" r14="0" r21="-0.020306591" r22="0.991551" r23="-0.12811811" r24="0" r31="0.06285613" r32="-0.1266249" r33="-0.98995656" r34="0" r41="1687.0858" r42="-13.977903" r43="875.0819" r44="1"></containerEntry>
          <containerEntry r11="0.8940565" r12="-0.02279591" r13="0.44737384" r14="0" r21="-0.02030752" r22="0.99561495" r23="0.0913152" r24="0" r31="-0.4474937" r32="-0.09072601" r33="0.8896731" r34="0" r41="1681.6925" r42="-15.011255" r43="879.45416" r44="1"></containerEntry>
          <containerEntry r11="-0.87140954" r12="0.027150508" r13="-0.4897988" r14="0" r21="-0.020306047" r22="0.99561495" r23="0.09131571" r24="0" r31="0.49013028" r32="0.08951952" r33="-0.867037" r34="0" r41="1677.8889" r42="-14.008201" r43="875.63763" r44="1"></containerEntry>
          <containerEntry r11="0.72616565" r12="0.07746584" r13="-0.68314135" r14="0" r21="-0.020304909" r22="0.99561495" r23="0.091315486" r24="0" r31="0.6872196" r32="-0.052439027" r33="0.7245543" r34="0" r41="1696.8058" r42="-13.553683" r43="873.8927" r44="1"></containerEntry>
          <containerEntry r11="-0.45981705" r12="0.016456284" r13="-0.8878593" r14="0" r21="-0.17189616" r22="0.9792677" r23="0.107174695" r24="0" r31="0.87121564" r32="0.20190069" r33="-0.44745517" r34="0" r41="1783.4062" r42="-11.982638" r43="829.35016" r44="1"></containerEntry>
          <containerEntry r11="-0.7895669" r12="0.019816453" r13="0.6133405" r14="0" r21="-0.01733931" r22="0.998359" r23="-0.054577317" r24="0" r31="-0.6134155" r32="-0.053727306" r33="-0.78792757" r34="0" r41="1781.6125" r42="-11.306211" r43="835.2355" r44="1"></containerEntry>
          <containerEntry r11="-0.3018303" r12="-0.061642796" r13="0.95136267" r14="0" r21="-0.012499247" r22="0.9980775" r23="0.06070407" r24="0" r31="-0.95327574" r32="0.00643105" r33="-0.30202055" r34="0" r41="1783.6088" r42="-10.27831" r43="810.7434" r44="1"></containerEntry>
        </property>
        <property name="colors" type="UInt32" container="DynamicArray" arraySize="22">
          <containerEntry>4294967295</containerEntry>
          <containerEntry>4294967295</containerEntry>
          <containerEntry>4294967295</containerEntry>
          <containerEntry>4294967295</containerEntry>
          <containerEntry>4294967295</containerEntry>
          <containerEntry>4294967295</containerEntry>
          <containerEntry>4294967295</containerEntry>
          <containerEntry>4294967295</containerEntry>
          <containerEntry>4294967295</containerEntry>
          <containerEntry>4294967295</containerEntry>
          <containerEntry>4294967295</containerEntry>
          <containerEntry>4294967295</containerEntry>
          <containerEntry>4294967295</containerEntry>
          <containerEntry>4294967295</containerEntry>
          <containerEntry>4294967295</containerEntry>
          <containerEntry>4294967295</containerEntry>
          <containerEntry>4294967295</containerEntry>
          <containerEntry>4294967295</containerEntry>
          <containerEntry>4294967295</containerEntry>
          <containerEntry>4294967295</containerEntry>
          <containerEntry>4294967295</containerEntry>
          <containerEntry>4294967295</containerEntry>
        </property>
      </staticProperties>
      <dynamicProperties></dynamicProperties>
    </entity>
    <entity class="StaticModelArray" classVersion="4" classID="0xD0" addr="0x2D7F4A0" id="0x0">
      <staticProperties>
        <property name="name" type="String" container="StaticArray" arraySize="1">
          <containerEntry>StaticModelArray0002</containerEntry>
        </property>
        <property name="dataSet" type="EntityHandle" container="StaticArray" arraySize="1">
          <containerEntry>0x2F04BC0</containerEntry>
        </property>
        <property name="modelFile" type="FilePtr" container="StaticArray" arraySize="1">
          <containerEntry>/Assets/tpp/environ/object/middle_africa/tin_wall/mafr_tnwl001/scenes/mafr_tnwl001_vrtn002.fmdl</containerEntry>
        </property>
        <property name="geomFile" type="FilePtr" container="StaticArray" arraySize="1">
          <containerEntry>/Assets/tpp/environ/object/middle_africa/tin_wall/mafr_tnwl001/scenes/mafr_tnwl001_vrtn002.geom</containerEntry>
        </property>
        <property name="isVisibleGeom" type="Bool" container="StaticArray" arraySize="1">
          <containerEntry>false</containerEntry>
        </property>
        <property name="lodFarSize" type="Float" container="StaticArray" arraySize="1">
          <containerEntry>-1</containerEntry>
        </property>
        <property name="lodNearSize" type="Float" container="StaticArray" arraySize="1">
          <containerEntry>-1</containerEntry>
        </property>
        <property name="lodPolygonSize" type="Float" container="StaticArray" arraySize="1">
          <containerEntry>-1</containerEntry>
        </property>
        <property name="drawRejectionLevel" type="Int32" container="StaticArray" arraySize="1">
          <containerEntry>8</containerEntry>
        </property>
        <property name="drawMode" type="Int32" container="StaticArray" arraySize="1">
          <containerEntry>0</containerEntry>
        </property>
        <property name="rejectFarRangeShadowCast" type="Int32" container="StaticArray" arraySize="1">
          <containerEntry>2</containerEntry>
        </property>
        <property name="parentLocator" type="EntityLink" container="StaticArray" arraySize="1">
          <containerEntry packagePathHash="0xB8A0BF169F98" archivePathHash="0xB8A0BF169F98" nameInArchiveHash="0xB8A0BF169F98">0x0</containerEntry>
        </property>
        <property name="transforms" type="Matrix4" container="DynamicArray" arraySize="4">
          <containerEntry r11="0.8042132" r12="-0.016645044" r13="-0.5941076" r14="0" r21="0.5930983" r22="-0.042123497" r23="0.8040267" r24="0" r31="-0.038409263" r32="-0.99897325" r33="-0.024004005" r34="0" r41="1776.5406" r42="-10.324034" r43="826.8578" r44="1"></containerEntry>
          <containerEntry r11="0.9969282" r12="-0.027081087" r13="-0.0734902" r14="0" r21="0.07184882" r22="-0.057280183" r23="0.99577016" r24="0" r31="-0.031176005" r32="-0.9979915" r33="-0.055158507" r34="0" r41="1764.0226" r42="-11.320015" r43="874.07733" r44="1"></containerEntry>
          <containerEntry r11="-0.013746917" r12="-0.14623365" r13="-0.9891526" r14="0" r21="0.9887459" r22="0.14538431" r23="-0.03523612" r24="0" r31="0.14895838" r32="-0.9785069" r33="0.1425913" r34="0" r41="1748.9998" r42="-12.054497" r43="856.9609" r44="1"></containerEntry>
          <containerEntry r11="0.5084441" r12="-0.04174739" r13="0.8600812" r14="0" r21="0.85783064" r22="-0.062313855" r23="-0.51013625" r24="0" r31="0.07489383" r32="0.9971808" r33="0.004130289" r34="0" r41="1754.5071" r42="-11.334846" r43="863.16705" r44="1"></containerEntry>
        </property>
        <property name="colors" type="UInt32" container="DynamicArray" arraySize="4">
          <containerEntry>4294967295</containerEntry>
          <containerEntry>4294967295</containerEntry>
          <containerEntry>4294967295</containerEntry>
          <containerEntry>4294967295</containerEntry>
        </property>
      </staticProperties>
      <dynamicProperties></dynamicProperties>
    </entity>
    <entity class="StaticModelArray" classVersion="4" classID="0xD0" addr="0x2D7F3C0" id="0x0">
      <staticProperties>
        <property name="name" type="String" container="StaticArray" arraySize="1">
          <containerEntry>StaticModelArray0003</containerEntry>
        </property>
        <property name="dataSet" type="EntityHandle" container="StaticArray" arraySize="1">
          <containerEntry>0x2F04BC0</containerEntry>
        </property>
        <property name="modelFile" type="FilePtr" container="StaticArray" arraySize="1">
          <containerEntry>/Assets/tpp/environ/object/middle_africa/stone/mafr_ston002/scenes/mafr_ston002.fmdl</containerEntry>
        </property>
        <property name="geomFile" type="FilePtr" container="StaticArray" arraySize="1">
          <containerEntry>/Assets/tpp/environ/object/middle_africa/stone/mafr_ston002/scenes/mafr_ston002.geom</containerEntry>
        </property>
        <property name="isVisibleGeom" type="Bool" container="StaticArray" arraySize="1">
          <containerEntry>false</containerEntry>
        </property>
        <property name="lodFarSize" type="Float" container="StaticArray" arraySize="1">
          <containerEntry>-1</containerEntry>
        </property>
        <property name="lodNearSize" type="Float" container="StaticArray" arraySize="1">
          <containerEntry>-1</containerEntry>
        </property>
        <property name="lodPolygonSize" type="Float" container="StaticArray" arraySize="1">
          <containerEntry>-1</containerEntry>
        </property>
        <property name="drawRejectionLevel" type="Int32" container="StaticArray" arraySize="1">
          <containerEntry>8</containerEntry>
        </property>
        <property name="drawMode" type="Int32" container="StaticArray" arraySize="1">
          <containerEntry>0</containerEntry>
        </property>
        <property name="rejectFarRangeShadowCast" type="Int32" container="StaticArray" arraySize="1">
          <containerEntry>2</containerEntry>
        </property>
        <property name="parentLocator" type="EntityLink" container="StaticArray" arraySize="1">
          <containerEntry packagePathHash="0xB8A0BF169F98" archivePathHash="0xB8A0BF169F98" nameInArchiveHash="0xB8A0BF169F98">0x0</containerEntry>
        </property>
        <property name="transforms" type="Matrix4" container="DynamicArray" arraySize="3">
          <containerEntry r11="0.57850397" r12="0" r13="-0.81568" r14="0" r21="0" r22="1" r23="0" r24="0" r31="0.81568" r32="0" r33="0.57850397" r34="0" r41="1780.1593" r42="-12.128171" r43="869.241" r44="1"></containerEntry>
          <containerEntry r11="0.45992976" r12="0" r13="-0.8879555" r14="0" r21="0" r22="1" r23="0" r24="0" r31="0.8879555" r32="0" r33="0.45992976" r34="0" r41="1777.2135" r42="-12.091201" r43="874.04297" r44="1"></containerEntry>
          <containerEntry r11="0.33027512" r12="0" r13="-0.9438851" r14="0" r21="0" r22="1" r23="0" r24="0" r31="0.9438851" r32="0" r33="0.33027512" r34="0" r41="1775.2496" r42="-12.122507" r43="879.0392" r44="1"></containerEntry>
        </property>
        <property name="colors" type="UInt32" container="DynamicArray" arraySize="3">
          <containerEntry>4294967295</containerEntry>
          <containerEntry>4294967295</containerEntry>
          <containerEntry>4294967295</containerEntry>
        </property>
      </staticProperties>
      <dynamicProperties></dynamicProperties>
    </entity>
    <entity class="StaticModelArray" classVersion="4" classID="0xD0" addr="0x2D7EC50" id="0x0">
      <staticProperties>
        <property name="name" type="String" container="StaticArray" arraySize="1">
          <containerEntry>StaticModelArray0004</containerEntry>
        </property>
        <property name="dataSet" type="EntityHandle" container="StaticArray" arraySize="1">
          <containerEntry>0x2F04BC0</containerEntry>
        </property>
        <property name="modelFile" type="FilePtr" container="StaticArray" arraySize="1">
          <containerEntry>/Assets/tpp/environ/object/guantanamo/pallet/gntn_pllt002/scenes/gntn_pllt002_vrtn001.fmdl</containerEntry>
        </property>
        <property name="geomFile" type="FilePtr" container="StaticArray" arraySize="1">
          <containerEntry>/Assets/tpp/environ/object/guantanamo/pallet/gntn_pllt002/scenes/gntn_pllt002_vrtn001.geom</containerEntry>
        </property>
        <property name="isVisibleGeom" type="Bool" container="StaticArray" arraySize="1">
          <containerEntry>false</containerEntry>
        </property>
        <property name="lodFarSize" type="Float" container="StaticArray" arraySize="1">
          <containerEntry>-1</containerEntry>
        </property>
        <property name="lodNearSize" type="Float" container="StaticArray" arraySize="1">
          <containerEntry>-1</containerEntry>
        </property>
        <property name="lodPolygonSize" type="Float" container="StaticArray" arraySize="1">
          <containerEntry>-1</containerEntry>
        </property>
        <property name="drawRejectionLevel" type="Int32" container="StaticArray" arraySize="1">
          <containerEntry>8</containerEntry>
        </property>
        <property name="drawMode" type="Int32" container="StaticArray" arraySize="1">
          <containerEntry>0</containerEntry>
        </property>
        <property name="rejectFarRangeShadowCast" type="Int32" container="StaticArray" arraySize="1">
          <containerEntry>2</containerEntry>
        </property>
        <property name="parentLocator" type="EntityLink" container="StaticArray" arraySize="1">
          <containerEntry packagePathHash="0xB8A0BF169F98" archivePathHash="0xB8A0BF169F98" nameInArchiveHash="0xB8A0BF169F98">0x0</containerEntry>
        </property>
        <property name="transforms" type="Matrix4" container="DynamicArray" arraySize="6">
          <containerEntry r11="0.99823457" r12="0.05786197" r13="0.013407016" r14="0" r21="-0.05933629" r22="0.9815376" r23="0.18183292" r24="0" r31="-0.0026382678" r32="-0.18230744" r33="0.98323804" r34="0" r41="1751.3369" r42="-12.189618" r43="879.21735" r44="1"></containerEntry>
          <containerEntry r11="0.982954" r12="-0.1836867" r13="-0.0077814683" r14="0" r21="0.1836867" r22="0.97940177" r23="0.08385282" r24="0" r31="-0.0077814683" r32="-0.08385282" r33="0.99644774" r34="0" r41="1751.7069" r42="-11.837914" r43="871.2309" r44="1"></containerEntry>
          <containerEntry r11="0.9938364" r12="0.11058033" r13="0.007824365" r14="0" r21="-0.11058033" r22="0.9839038" r23="0.14037572" r24="0" r31="0.007824365" r32="-0.14037572" r33="0.9900674" r34="0" r41="1751.9033" r42="-11.61455" r43="866.95233" r44="1"></containerEntry>
          <containerEntry r11="0.6985622" r12="0.2046789" r13="-0.6856513" r14="0" r21="-0.115311444" r22="0.9778934" r23="0.17443556" r24="0" r31="0.70619714" r32="-0.042790733" r33="0.7067212" r34="0" r41="1751.1936" r42="-11.801439" r43="866.4481" r44="1"></containerEntry>
          <containerEntry r11="0.99671155" r12="0.08089817" r13="-0.004642455" r14="0" r21="-0.08089817" r22="0.99015754" r23="-0.1142079" r24="0" r31="-0.004642455" r32="0.1142079" r33="0.993446" r34="0" r41="1755.6392" r42="-11.739283" r43="861.7155" r44="1"></containerEntry>
          <containerEntry r11="0.82075375" r12="0.5018792" r13="0.2729114" r14="0" r21="-0.43774697" r22="0.8594537" r23="-0.2640398" r24="0" r31="-0.36707076" r32="0.097245604" r33="0.92509586" r34="0" r41="1752.7574" r42="-12.121898" r43="856.0468" r44="1"></containerEntry>
        </property>
        <property name="colors" type="UInt32" container="DynamicArray" arraySize="6">
          <containerEntry>4294967295</containerEntry>
          <containerEntry>4294967295</containerEntry>
          <containerEntry>4294967295</containerEntry>
          <containerEntry>4294967295</containerEntry>
          <containerEntry>4294967295</containerEntry>
          <containerEntry>4294967295</containerEntry>
        </property>
      </staticProperties>
      <dynamicProperties></dynamicProperties>
    </entity>
    <entity class="StaticModelArray" classVersion="4" classID="0xD0" addr="0x2D7F190" id="0x0">
      <staticProperties>
        <property name="name" type="String" container="StaticArray" arraySize="1">
          <containerEntry>StaticModelArray0005</containerEntry>
        </property>
        <property name="dataSet" type="EntityHandle" container="StaticArray" arraySize="1">
          <containerEntry>0x2F04BC0</containerEntry>
        </property>
        <property name="modelFile" type="FilePtr" container="StaticArray" arraySize="1">
          <containerEntry>/Assets/tpp/environ/object/middle_africa/tree/mafr_tree038/scenes/mafr_tree038.fmdl</containerEntry>
        </property>
        <property name="geomFile" type="FilePtr" container="StaticArray" arraySize="1">
          <containerEntry>/Assets/tpp/environ/object/middle_africa/tree/mafr_tree038/scenes/mafr_tree038.geom</containerEntry>
        </property>
        <property name="isVisibleGeom" type="Bool" container="StaticArray" arraySize="1">
          <containerEntry>false</containerEntry>
        </property>
        <property name="lodFarSize" type="Float" container="StaticArray" arraySize="1">
          <containerEntry>-1</containerEntry>
        </property>
        <property name="lodNearSize" type="Float" container="StaticArray" arraySize="1">
          <containerEntry>-1</containerEntry>
        </property>
        <property name="lodPolygonSize" type="Float" container="StaticArray" arraySize="1">
          <containerEntry>-1</containerEntry>
        </property>
        <property name="drawRejectionLevel" type="Int32" container="StaticArray" arraySize="1">
          <containerEntry>8</containerEntry>
        </property>
        <property name="drawMode" type="Int32" container="StaticArray" arraySize="1">
          <containerEntry>0</containerEntry>
        </property>
        <property name="rejectFarRangeShadowCast" type="Int32" container="StaticArray" arraySize="1">
          <containerEntry>2</containerEntry>
        </property>
        <property name="parentLocator" type="EntityLink" container="StaticArray" arraySize="1">
          <containerEntry packagePathHash="0xB8A0BF169F98" archivePathHash="0xB8A0BF169F98" nameInArchiveHash="0xB8A0BF169F98">0x0</containerEntry>
        </property>
        <property name="transforms" type="Matrix4" container="DynamicArray" arraySize="7">
          <containerEntry r11="0.7238863" r12="0" r13="0.6899193" r14="0" r21="0" r22="1" r23="0" r24="0" r31="-0.6899193" r32="0" r33="0.7238863" r34="0" r41="1709.1595" r42="-7.134961" r43="777.30206" r44="1"></containerEntry>
          <containerEntry r11="-0.24927783" r12="0" r13="0.96843326" r14="0" r21="0" r22="1" r23="0" r24="0" r31="-0.96843326" r32="0" r33="-0.24927783" r34="0" r41="1765.3195" r42="-8.435696" r43="787.2616" r44="1"></containerEntry>
          <containerEntry r11="-0.99741685" r12="0" r13="-0.071823575" r14="0" r21="0" r22="1" r23="0" r24="0" r31="0.071823575" r32="0" r33="-0.99741685" r34="0" r41="1763.6322" r42="-6.794548" r43="777.3889" r44="1"></containerEntry>
          <containerEntry r11="0.8" r12="0" r13="0" r14="0" r21="0" r22="0.8" r23="0" r24="0" r31="0" r32="0" r33="0.8" r34="0" r41="1685.2656" r42="-9.640766" r43="860.93115" r44="1"></containerEntry>
          <containerEntry r11="0.14515525" r12="0.042068608" r13="0.9885156" r14="0" r21="-0.04481443" r22="0.99834985" r23="-0.035906494" r24="0" r31="-0.988395" r32="-0.039087616" r33="0.146801" r34="0" r41="1692.315" r42="-9.640766" r43="842.15894" r44="1"></containerEntry>
