<fox formatVersion="2" fileVersion="0">
  <entities>
    <entity class="DataSet" classVersion="0" classID="0xE8" addr="0x2F03960" id="0x21D50B1">
      <staticProperties>
        <property name="name" type="String" container="StaticArray" arraySize="1">
          <containerEntry hash="0xB8A0BF169F98"></containerEntry>
        </property>
        <property name="dataSet" type="EntityHandle" container="StaticArray" arraySize="1">
          <containerEntry>0x0</containerEntry>
        </property>
        <property name="dataList" type="EntityPtr" container="StringMap" arraySize="16">
          <containerEntry key="afgh_clff007_0005">
            <data>0x2D77C50</data>
          </containerEntry>
          <containerEntry key="afgh_rock009_rock002_0002">
            <data>0x2D7C410</data>
          </containerEntry>
          <containerEntry key="afgh_clff035_vrtn003_0003">
            <data>0x2D7E390</data>
          </containerEntry>
          <containerEntry key="afgh_brbw001_vrtn004_gim_i0000|TppSharedGimmick_afgh_brbw001_vrtn004">
            <data>0x2F01430</data>
          </containerEntry>
          <containerEntry key="StaticModelArray0000">
            <data>0x2F015F0</data>
          </containerEntry>
          <containerEntry key="StaticModelArray0001">
            <data>0x2F01660</data>
          </containerEntry>
          <containerEntry key="StaticModelArray0002">
            <data>0x2F016D0</data>
          </containerEntry>
          <containerEntry key="StaticModelArray0003">
            <data>0x2F01740</data>
          </containerEntry>
          <containerEntry key="StaticModelArray0004">
            <data>0x2F017B0</data>
          </containerEntry>
          <containerEntry key="StaticModelArray0005">
            <data>0x2F01580</data>
          </containerEntry>
          <containerEntry key="StaticModelArray0006">
            <data>0x2D7F580</data>
          </containerEntry>
          <containerEntry key="StaticModelArray0007">
            <data>0x2D7F3C0</data>
          </containerEntry>
          <containerEntry key="StaticModelArray0008">
            <data>0x2D78970</data>
          </containerEntry>
          <containerEntry key="StaticModelArray0009">
            <data>0x2D7F040</data>
          </containerEntry>
          <containerEntry key="GeoxPathPack0000">
            <data>0x2F001D0</data>
          </containerEntry>
          <containerEntry key="TexturePackLoadConditioner0000">
            <data>0x2F01D60</data>
          </containerEntry>
        </property>
      </staticProperties>
      <dynamicProperties></dynamicProperties>
    </entity>
    <entity class="StaticModel" classVersion="9" classID="0x160" addr="0x2D77C50" id="0x21D5209">
      <staticProperties>
        <property name="name" type="String" container="StaticArray" arraySize="1">
          <containerEntry>afgh_clff007_0005</containerEntry>
        </property>
        <property name="dataSet" type="EntityHandle" container="StaticArray" arraySize="1">
          <containerEntry>0x2F03960</containerEntry>
        </property>
        <property name="parent" type="EntityHandle" container="StaticArray" arraySize="1">
          <containerEntry>0x0</containerEntry>
        </property>
        <property name="transform" type="EntityPtr" container="StaticArray" arraySize="1">
          <containerEntry>0x2D77CC0</containerEntry>
        </property>
        <property name="shearTransform" type="EntityPtr" container="StaticArray" arraySize="1">
          <containerEntry>0x0</containerEntry>
        </property>
        <property name="pivotTransform" type="EntityPtr" container="StaticArray" arraySize="1">
          <containerEntry>0x0</containerEntry>
        </property>
        <property name="children" type="EntityHandle" container="List"></property>
        <property name="flags" type="UInt32" container="StaticArray" arraySize="1">
          <containerEntry>3221225479</containerEntry>
        </property>
        <property name="modelFile" type="FilePtr" container="StaticArray" arraySize="1">
          <containerEntry>/Assets/tpp/environ/object/afghanistan/cliff/afgh_clff007/scenes/afgh_clff007.fmdl</containerEntry>
        </property>
        <property name="geomFile" type="FilePtr" container="StaticArray" arraySize="1">
          <containerEntry>/Assets/tpp/environ/object/afghanistan/cliff/afgh_clff007/scenes/afgh_clff007.geom</containerEntry>
        </property>
        <property name="isVisibleGeom" type="Bool" container="StaticArray" arraySize="1">
          <containerEntry>false</containerEntry>
        </property>
        <property name="isIsolated" type="Bool" container="StaticArray" arraySize="1">
          <containerEntry>false</containerEntry>
        </property>
        <property name="lodFarSize" type="Float" container="StaticArray" arraySize="1">
          <containerEntry>50</containerEntry>
        </property>
        <property name="lodNearSize" type="Float" container="StaticArray" arraySize="1">
          <containerEntry>400</containerEntry>
        </property>
        <property name="lodPolygonSize" type="Float" container="StaticArray" arraySize="1">
          <containerEntry>-1</containerEntry>
        </property>
        <property name="color" type="Color" container="StaticArray" arraySize="1">
          <containerEntry r="1" g="1" b="1" a="1"></containerEntry>
        </property>
        <property name="drawRejectionLevel" type="Int32" container="StaticArray" arraySize="1">
          <containerEntry>5</containerEntry>
        </property>
        <property name="drawMode" type="Int32" container="StaticArray" arraySize="1">
          <containerEntry>0</containerEntry>
        </property>
        <property name="rejectFarRangeShadowCast" type="Int32" container="StaticArray" arraySize="1">
          <containerEntry>2</containerEntry>
        </property>
      </staticProperties>
      <dynamicProperties></dynamicProperties>
    </entity>
    <entity class="TransformEntity" classVersion="0" classID="0x50" addr="0x2D77CC0" id="0x21D520C">
      <staticProperties>
        <property name="owner" type="EntityHandle" container="StaticArray" arraySize="1">
          <containerEntry>0x2D77C50</containerEntry>
        </property>
        <property name="transform_scale" type="Vector3" container="StaticArray" arraySize="1">
          <containerEntry x="1" y="1" z="1" w="0"></containerEntry>
        </property>
        <property name="transform_rotation_quat" type="Quat" container="StaticArray" arraySize="1">
          <containerEntry x="-0.029328" y="-0.167114" z="-0.005331" w="0.985487"></containerEntry>
        </property>
        <property name="transform_translation" type="Vector3" container="StaticArray" arraySize="1">
          <containerEntry x="309.0545" y="326.71014" z="78.26347" w="0"></containerEntry>
        </property>
      </staticProperties>
      <dynamicProperties></dynamicProperties>
    </entity>
    <entity class="StaticModel" classVersion="9" classID="0x160" addr="0x2D7C410" id="0x21D537A">
      <staticProperties>
        <property name="name" type="String" container="StaticArray" arraySize="1">
          <containerEntry>afgh_rock009_rock002_0002</containerEntry>
        </property>
        <property name="dataSet" type="EntityHandle" container="StaticArray" arraySize="1">
          <containerEntry>0x2F03960</containerEntry>
        </property>
        <property name="parent" type="EntityHandle" container="StaticArray" arraySize="1">
          <containerEntry>0x0</containerEntry>
        </property>
        <property name="transform" type="EntityPtr" container="StaticArray" arraySize="1">
          <containerEntry>0x2D7C480</containerEntry>
        </property>
        <property name="shearTransform" type="EntityPtr" container="StaticArray" arraySize="1">
          <containerEntry>0x0</containerEntry>
        </property>
        <property name="pivotTransform" type="EntityPtr" container="StaticArray" arraySize="1">
          <containerEntry>0x0</containerEntry>
        </property>
        <property name="children" type="EntityHandle" container="List"></property>
        <property name="flags" type="UInt32" container="StaticArray" arraySize="1">
          <containerEntry>3221225479</containerEntry>
        </property>
        <property name="modelFile" type="FilePtr" container="StaticArray" arraySize="1">
          <containerEntry>/Assets/tpp/environ/object/afghanistan/rock/afgh_rock009/scenes/afgh_rock009_rock002.fmdl</containerEntry>
        </property>
        <property name="geomFile" type="FilePtr" container="StaticArray" arraySize="1">
          <containerEntry>/Assets/tpp/environ/object/afghanistan/rock/afgh_rock009/scenes/afgh_rock009_rock002.geom</containerEntry>
        </property>
        <property name="isVisibleGeom" type="Bool" container="StaticArray" arraySize="1">
          <containerEntry>false</containerEntry>
        </property>
        <property name="isIsolated" type="Bool" container="StaticArray" arraySize="1">
          <containerEntry>false</containerEntry>
        </property>
        <property name="lodFarSize" type="Float" container="StaticArray" arraySize="1">
          <containerEntry>-1</containerEntry>
        </property>
        <property name="lodNearSize" type="Float" container="StaticArray" arraySize="1">
          <containerEntry>-1</containerEntry>
        </property>
        <property name="lodPolygonSize" type="Float" container="StaticArray" arraySize="1">
          <containerEntry>-1</containerEntry>
        </property>
        <property name="color" type="Color" container="StaticArray" arraySize="1">
          <containerEntry r="1" g="1" b="1" a="1"></containerEntry>
        </property>
        <property name="drawRejectionLevel" type="Int32" container="StaticArray" arraySize="1">
          <containerEntry>8</containerEntry>
        </property>
        <property name="drawMode" type="Int32" container="StaticArray" arraySize="1">
          <containerEntry>0</containerEntry>
        </property>
        <property name="rejectFarRangeShadowCast" type="Int32" container="StaticArray" arraySize="1">
          <containerEntry>2</containerEntry>
        </property>
      </staticProperties>
      <dynamicProperties></dynamicProperties>
    </entity>
    <entity class="TransformEntity" classVersion="0" classID="0x50" addr="0x2D7C480" id="0x21D537D">
      <staticProperties>
        <property name="owner" type="EntityHandle" container="StaticArray" arraySize="1">
          <containerEntry>0x2D7C410</containerEntry>
        </property>
        <property name="transform_scale" type="Vector3" container="StaticArray" arraySize="1">
          <containerEntry x="1" y="1" z="1" w="0"></containerEntry>
        </property>
        <property name="transform_rotation_quat" type="Quat" container="StaticArray" arraySize="1">
          <containerEntry x="0.192811" y="0.956576" z="-0.206345" w="-0.072148"></containerEntry>
        </property>
        <property name="transform_translation" type="Vector3" container="StaticArray" arraySize="1">
          <containerEntry x="354.279" y="310.403" z="124.202" w="0"></containerEntry>
        </property>
      </staticProperties>
      <dynamicProperties></dynamicProperties>
    </entity>
    <entity class="StaticModel" classVersion="9" classID="0x160" addr="0x2D7E390" id="0x21D541C">
      <staticProperties>
        <property name="name" type="String" container="StaticArray" arraySize="1">
          <containerEntry>afgh_clff035_vrtn003_0003</containerEntry>
        </property>
        <property name="dataSet" type="EntityHandle" container="StaticArray" arraySize="1">
          <containerEntry>0x2F03960</containerEntry>
        </property>
        <property name="parent" type="EntityHandle" container="StaticArray" arraySize="1">
          <containerEntry>0x0</containerEntry>
        </property>
        <property name="transform" type="EntityPtr" container="StaticArray" arraySize="1">
          <containerEntry>0x2D7E400</containerEntry>
        </property>
        <property name="shearTransform" type="EntityPtr" container="StaticArray" arraySize="1">
          <containerEntry>0x0</containerEntry>
        </property>
        <property name="pivotTransform" type="EntityPtr" container="StaticArray" arraySize="1">
          <containerEntry>0x0</containerEntry>
        </property>
        <property name="children" type="EntityHandle" container="List"></property>
        <property name="flags" type="UInt32" container="StaticArray" arraySize="1">
          <containerEntry>7</containerEntry>
        </property>
        <property name="modelFile" type="FilePtr" container="StaticArray" arraySize="1">
          <containerEntry>/Assets/tpp/environ/object/afghanistan/cliff/afgh_clff035/scenes/afgh_clff035_vrtn003.fmdl</containerEntry>
        </property>
        <property name="geomFile" type="FilePtr" container="StaticArray" arraySize="1">
          <containerEntry>/Assets/tpp/environ/object/afghanistan/cliff/afgh_clff035/scenes/afgh_clff035_vrtn003.geom</containerEntry>
        </property>
        <property name="isVisibleGeom" type="Bool" container="StaticArray" arraySize="1">
          <containerEntry>false</containerEntry>
        </property>
        <property name="isIsolated" type="Bool" container="StaticArray" arraySize="1">
          <containerEntry>false</containerEntry>
        </property>
        <property name="lodFarSize" type="Float" container="StaticArray" arraySize="1">
          <containerEntry>-1</containerEntry>
        </property>
        <property name="lodNearSize" type="Float" container="StaticArray" arraySize="1">
          <containerEntry>-1</containerEntry>
        </property>
        <property name="lodPolygonSize" type="Float" container="StaticArray" arraySize="1">
          <containerEntry>-1</containerEntry>
        </property>
        <property name="color" type="Color" container="StaticArray" arraySize="1">
          <containerEntry r="1" g="1" b="1" a="1"></containerEntry>
        </property>
        <property name="drawRejectionLevel" type="Int32" container="StaticArray" arraySize="1">
          <containerEntry>8</containerEntry>
        </property>
        <property name="drawMode" type="Int32" container="StaticArray" arraySize="1">
          <containerEntry>0</containerEntry>
        </property>
        <property name="rejectFarRangeShadowCast" type="Int32" container="StaticArray" arraySize="1">
          <containerEntry>2</containerEntry>
        </property>
      </staticProperties>
      <dynamicProperties></dynamicProperties>
    </entity>
    <entity class="TransformEntity" classVersion="0" classID="0x50" addr="0x2D7E400" id="0x21D541F">
      <staticProperties>
        <property name="owner" type="EntityHandle" container="StaticArray" arraySize="1">
          <containerEntry>0x2D7E390</containerEntry>
        </property>
        <property name="transform_scale" type="Vector3" container="StaticArray" arraySize="1">
          <containerEntry x="1" y="1" z="1" w="0"></containerEntry>
        </property>
        <property name="transform_rotation_quat" type="Quat" container="StaticArray" arraySize="1">
          <containerEntry x="0" y="-0.093594" z="0" w="0.99561"></containerEntry>
        </property>
        <property name="transform_translation" type="Vector3" container="StaticArray" arraySize="1">
          <containerEntry x="268.39215" y="345.4572" z="31.506517" w="0"></containerEntry>
        </property>
      </staticProperties>
      <dynamicProperties></dynamicProperties>
    </entity>
    <entity class="TppSharedGimmickData" classVersion="1" classID="0xF0" addr="0x2F01430" id="0xB62">
      <staticProperties>
        <property name="name" type="String" container="StaticArray" arraySize="1">
          <containerEntry>afgh_brbw001_vrtn004_gim_i0000|TppSharedGimmick_afgh_brbw001_vrtn004</containerEntry>
        </property>
        <property name="dataSet" type="EntityHandle" container="StaticArray" arraySize="1">
          <containerEntry>0x2F03960</containerEntry>
        </property>
        <property name="modelFile" type="FilePtr" container="StaticArray" arraySize="1">
          <containerEntry>/Assets/tpp/environ/object/afghanistan/barbwire/afgh_brbw001/scenes/afgh_brbw001_vrtn004.fmdl</containerEntry>
        </property>
        <property name="geomFile" type="FilePtr" container="StaticArray" arraySize="1">
          <containerEntry>/Assets/tpp/environ/object/afghanistan/barbwire/afgh_brbw001/scenes/afgh_brbw001_vrtn004.geom</containerEntry>
        </property>
        <property name="breakedModelFile" type="FilePtr" container="StaticArray" arraySize="1">
          <containerEntry hash="0xB8A0BF169F98"></containerEntry>
        </property>
        <property name="breakedGeomFile" type="FilePtr" container="StaticArray" arraySize="1">
          <containerEntry hash="0xB8A0BF169F98"></containerEntry>
        </property>
        <property name="partsFile" type="FilePtr" container="StaticArray" arraySize="1">
          <containerEntry>/Assets/tpp/parts/environ/object/afghanistan/barbwire/afgh_brbw001/afgh_brbw001_vrtn004.parts</containerEntry>
        </property>
        <property name="numDynamicGimmick" type="UInt32" container="StaticArray" arraySize="1">
          <containerEntry>1</containerEntry>
        </property>
        <property name="locaterFile" type="FilePtr" container="StaticArray" arraySize="1">
          <containerEntry>/Assets/tpp/level/location/afgh/block_small/135/135_133/lba/afgh_brbw001_vrtn004.lba</containerEntry>
        </property>
        <property name="flags1" type="UInt32" container="StaticArray" arraySize="1">
          <containerEntry>16781568</containerEntry>
        </property>
        <property name="flags2" type="UInt32" container="StaticArray" arraySize="1">
          <containerEntry>0</containerEntry>
        </property>
      </staticProperties>
      <dynamicProperties></dynamicProperties>
    </entity>
    <entity class="StaticModelArray" classVersion="4" classID="0xD0" addr="0x2F015F0" id="0x0">
      <staticProperties>
        <property name="name" type="String" container="StaticArray" arraySize="1">
          <containerEntry>StaticModelArray0000</containerEntry>
        </property>
        <property name="dataSet" type="EntityHandle" container="StaticArray" arraySize="1">
          <containerEntry>0x2F03960</containerEntry>
        </property>
        <property name="modelFile" type="FilePtr" container="StaticArray" arraySize="1">
          <containerEntry>/Assets/tpp/environ/object/afghanistan/cliff/afgh_clff013/scenes/afgh_clff013.fmdl</containerEntry>
        </property>
        <property name="geomFile" type="FilePtr" container="StaticArray" arraySize="1">
          <containerEntry>/Assets/tpp/environ/object/afghanistan/cliff/afgh_clff013/scenes/afgh_clff013.geom</containerEntry>
        </property>
        <property name="isVisibleGeom" type="Bool" container="StaticArray" arraySize="1">
          <containerEntry>false</containerEntry>
        </property>
        <property name="lodFarSize" type="Float" container="StaticArray" arraySize="1">
          <containerEntry>50</containerEntry>
        </property>
        <property name="lodNearSize" type="Float" container="StaticArray" arraySize="1">
          <containerEntry>400</containerEntry>
        </property>
        <property name="lodPolygonSize" type="Float" container="StaticArray" arraySize="1">
          <containerEntry>-1</containerEntry>
        </property>
        <property name="drawRejectionLevel" type="Int32" container="StaticArray" arraySize="1">
          <containerEntry>8</containerEntry>
        </property>
        <property name="drawMode" type="Int32" container="StaticArray" arraySize="1">
          <containerEntry>0</containerEntry>
        </property>
        <property name="rejectFarRangeShadowCast" type="Int32" container="StaticArray" arraySize="1">
          <containerEntry>2</containerEntry>
        </property>
        <property name="parentLocator" type="EntityLink" container="StaticArray" arraySize="1">
          <containerEntry packagePathHash="0xB8A0BF169F98" archivePathHash="0xB8A0BF169F98" nameInArchiveHash="0xB8A0BF169F98">0x0</containerEntry>
        </property>
        <property name="transforms" type="Matrix4" container="DynamicArray" arraySize="12">
          <containerEntry r11="-0.86602604" r12="0" r13="-0.49999806" r14="0" r21="0" r22="1" r23="0" r24="0" r31="0.49999806" r32="0" r33="-0.86602604" r34="0" r41="285.50073" r42="308.637" r43="117.52125" r44="1"></containerEntry>
          <containerEntry r11="-1" r12="0" r13="2e-06" r14="0" r21="0" r22="1" r23="0" r24="0" r31="-2e-06" r32="0" r33="-1" r34="0" r41="308.10928" r42="308.637" r43="122.18527" r44="1"></containerEntry>
          <containerEntry r11="0.95187265" r12="0.040020794" r13="0.30386972" r14="0" r21="-0.038125254" r22="0.99919885" r23="-0.012170834" r24="0" r31="-0.3041134" r32="-2.8871e-08" r33="0.9526359" r34="0" r41="326.77847" r42="312.30307" r43="101.905914" r44="1"></containerEntry>
          <containerEntry r11="0.9555551" r12="0" r13="0.29481253" r14="0" r21="0" r22="1" r23="0" r24="0" r31="-0.29481253" r32="0" r33="0.9555551" r34="0" r41="258.92346" r42="325.2576" r43="57.652313" r44="1"></containerEntry>
          <containerEntry r11="0.92988217" r12="-0.022378152" r13="0.36717606" r14="0" r21="0.021036109" r22="0.9997494" r23="0.0076569254" r24="0" r31="-0.3672554" r32="0.0006039252" r33="0.9301199" r34="0" r41="291.961" r42="329.76477" r43="47.750534" r44="1"></containerEntry>
          <containerEntry r11="0.9267365" r12="-0.15038456" r13="0.34430203" r14="0" r21="0.17101072" r22="0.9848076" r23="-0.03015373" r24="0" r31="-0.33453658" r32="0.08682395" r33="0.9383745" r34="0" r41="326.41312" r42="321.3444" r43="87.6111" r44="1"></containerEntry>
          <containerEntry r11="0.9000518" r12="-0.030682951" r13="0.43470123" r14="0" r21="0.020765763" r22="0.9994048" r23="0.027546315" r24="0" r31="-0.43528768" r32="-0.015766198" r33="0.9001532" r34="0" r41="346.51083" r42="312.1819" r43="107.69466" r44="1"></containerEntry>
          <containerEntry r11="0.99930257" r12="0" r13="0.0373415" r14="0" r21="0" r22="1" r23="0" r24="0" r31="-0.0373415" r32="0" r33="0.99930257" r34="0" r41="292.2421" r42="311.35297" r43="86.90183" r44="1"></containerEntry>
          <containerEntry r11="0.9929767" r12="0" r13="0.118309766" r14="0" r21="0" r22="1" r23="0" r24="0" r31="-0.118309766" r32="0" r33="0.9929767" r34="0" r41="289.18643" r42="320.29132" r43="74.85573" r44="1"></containerEntry>
          <containerEntry r11="0.99930257" r12="0" r13="0.0373415" r14="0" r21="0" r22="1" r23="0" r24="0" r31="-0.0373415" r32="0" r33="0.99930257" r34="0" r41="276.62677" r42="311.35297" r43="85.36988" r44="1"></containerEntry>
          <containerEntry r11="0.9390059" r12="0" r13="0.34390113" r14="0" r21="0" r22="1" r23="0" r24="0" r31="-0.34390113" r32="0" r33="0.9390059" r34="0" r41="301.13806" r42="320.15646" r43="80.33284" r44="1"></containerEntry>
          <containerEntry r11="0.9082213" r12="0" r13="0.4184903" r14="0" r21="0" r22="1" r23="0" r24="0" r31="-0.4184903" r32="0" r33="0.9082213" r34="0" r41="270.2393" r42="330.4969" r43="38.23355" r44="1"></containerEntry>
        </property>
        <property name="colors" type="UInt32" container="DynamicArray" arraySize="12">
          <containerEntry>4294967295</containerEntry>
          <containerEntry>4294967295</containerEntry>
          <containerEntry>4294967295</containerEntry>
          <containerEntry>4294967295</containerEntry>
          <containerEntry>4294967295</containerEntry>
          <containerEntry>4294967295</containerEntry>
          <containerEntry>4294967295</containerEntry>
          <containerEntry>4294967295</containerEntry>
          <containerEntry>4294967295</containerEntry>
          <containerEntry>4294967295</containerEntry>
          <containerEntry>4294967295</containerEntry>
          <containerEntry>4294967295</containerEntry>
        </property>
      </staticProperties>
      <dynamicProperties></dynamicProperties>
    </entity>
    <entity class="StaticModelArray" classVersion="4" classID="0xD0" addr="0x2F01660" id="0x0">
      <staticProperties>
        <property name="name" type="String" container="StaticArray" arraySize="1">
          <containerEntry>StaticModelArray0001</containerEntry>
        </property>
        <property name="dataSet" type="EntityHandle" container="StaticArray" arraySize="1">
          <containerEntry>0x2F03960</containerEntry>
        </property>
        <property name="modelFile" type="FilePtr" container="StaticArray" arraySize="1">
          <containerEntry>/Assets/tpp/environ/object/afghanistan/cliff/afgh_clff022/scenes/afgh_clff022_vrtn002.fmdl</containerEntry>
        </property>
        <property name="geomFile" type="FilePtr" container="StaticArray" arraySize="1">
          <containerEntry>/Assets/tpp/environ/object/afghanistan/cliff/afgh_clff022/scenes/afgh_clff022_vrtn002.geom</containerEntry>
        </property>
        <property name="isVisibleGeom" type="Bool" container="StaticArray" arraySize="1">
          <containerEntry>false</containerEntry>
        </property>
        <property name="lodFarSize" type="Float" container="StaticArray" arraySize="1">
          <containerEntry>-1</containerEntry>
        </property>
        <property name="lodNearSize" type="Float" container="StaticArray" arraySize="1">
          <containerEntry>-1</containerEntry>
        </property>
        <property name="lodPolygonSize" type="Float" container="StaticArray" arraySize="1">
          <containerEntry>-1</containerEntry>
        </property>
        <property name="drawRejectionLevel" type="Int32" container="StaticArray" arraySize="1">
          <containerEntry>8</containerEntry>
        </property>
        <property name="drawMode" type="Int32" container="StaticArray" arraySize="1">
          <containerEntry>0</containerEntry>
        </property>
        <property name="rejectFarRangeShadowCast" type="Int32" container="StaticArray" arraySize="1">
          <containerEntry>2</containerEntry>
        </property>
        <property name="parentLocator" type="EntityLink" container="StaticArray" arraySize="1">
          <containerEntry packagePathHash="0xB8A0BF169F98" archivePathHash="0xB8A0BF169F98" nameInArchiveHash="0xB8A0BF169F98">0x0</containerEntry>
        </property>
        <property name="transforms" type="Matrix4" container="DynamicArray" arraySize="3">
          <containerEntry r11="0.96592647" r12="0" r13="0.25881672" r14="0" r21="0" r22="1" r23="0" r24="0" r31="-0.25881672" r32="0" r33="0.96592647" r34="0" r41="381.29324" r42="347.05722" r43="39.981915" r44="1"></containerEntry>
          <containerEntry r11="0.9989062" r12="0" r13="0.046759233" r14="0" r21="0" r22="1" r23="0" r24="0" r31="-0.046759233" r32="0" r33="0.9989062" r34="0" r41="334.67386" r42="347.05722" r43="37.50196" r44="1"></containerEntry>
          <containerEntry r11="0.9686364" r12="0" r13="0.24848269" r14="0" r21="0" r22="1" r23="0" r24="0" r31="-0.24848269" r32="0" r33="0.9686364" r34="0" r41="299.7045" r42="347.05722" r43="31.535534" r44="1"></containerEntry>
        </property>
        <property name="colors" type="UInt32" container="DynamicArray" arraySize="3">
          <containerEntry>4294967295</containerEntry>
          <containerEntry>4294967295</containerEntry>
          <containerEntry>4294967295</containerEntry>
        </property>
      </staticProperties>
      <dynamicProperties></dynamicProperties>
    </entity>
    <entity class="StaticModelArray" classVersion="4" classID="0xD0" addr="0x2F016D0" id="0x0">
      <staticProperties>
        <property name="name" type="String" container="StaticArray" arraySize="1">
          <containerEntry>StaticModelArray0002</containerEntry>
        </property>
        <property name="dataSet" type="EntityHandle" container="StaticArray" arraySize="1">
          <containerEntry>0x2F03960</containerEntry>
        </property>
        <property name="modelFile" type="FilePtr" container="StaticArray" arraySize="1">
          <containerEntry>/Assets/tpp/environ/object/afghanistan/rock/afgh_rock001/scenes/afgh_rock001.fmdl</containerEntry>
        </property>
        <property name="geomFile" type="FilePtr" container="StaticArray" arraySize="1">
          <containerEntry>/Assets/tpp/environ/object/afghanistan/rock/afgh_rock001/scenes/afgh_rock001.geom</containerEntry>
        </property>
        <property name="isVisibleGeom" type="Bool" container="StaticArray" arraySize="1">
          <containerEntry>false</containerEntry>
        </property>
        <property name="lodFarSize" type="Float" container="StaticArray" arraySize="1">
          <containerEntry>200</containerEntry>
        </property>
        <property name="lodNearSize" type="Float" container="StaticArray" arraySize="1">
          <containerEntry>500</containerEntry>
        </property>
        <property name="lodPolygonSize" type="Float" container="StaticArray" arraySize="1">
          <containerEntry>-1</containerEntry>
        </property>
        <property name="drawRejectionLevel" type="Int32" container="StaticArray" arraySize="1">
          <containerEntry>5</containerEntry>
        </property>
        <property name="drawMode" type="Int32" container="StaticArray" arraySize="1">
          <containerEntry>0</containerEntry>
        </property>
        <property name="rejectFarRangeShadowCast" type="Int32" container="StaticArray" arraySize="1">
          <containerEntry>2</containerEntry>
        </property>
        <property name="parentLocator" type="EntityLink" container="StaticArray" arraySize="1">
          <containerEntry packagePathHash="0xB8A0BF169F98" archivePathHash="0xB8A0BF169F98" nameInArchiveHash="0xB8A0BF169F98">0x0</containerEntry>
        </property>
        <property name="transforms" type="Matrix4" container="DynamicArray" arraySize="3">
          <containerEntry r11="0.565812" r12="-0.07405004" r13="0.82120144" r14="0" r21="0.19726747" r22="0.9791923" r23="-0.047621503" r24="0" r31="-0.80058795" r32="0.18894042" r33="0.56864655" r34="0" r41="345.318" r42="310.009" r43="120.01" r44="1"></containerEntry>
          <containerEntry r11="-0.17472434" r12="0.71019804" r13="0.68197227" r14="0" r21="-0.2613698" r22="-0.7012312" r23="0.66329104" r24="0" r31="0.9492912" r32="-0.062352136" r33="0.30814946" r34="0" r41="331.12" r42="310.86075" r43="120.01" r44="1"></containerEntry>
          <containerEntry r11="-1.6513091" r12="0.369634" r13="0.75996166" r14="0" r21="0.36593208" r22="1.8164016" r23="-0.08833792" r24="0" r31="-0.7617515" r32="0.071276374" r33="-1.689866" r34="0" r41="293.458" r42="313.502" r43="120.971" r44="1"></containerEntry>
        </property>
        <property name="colors" type="UInt32" container="DynamicArray" arraySize="3">
          <containerEntry>4294967295</containerEntry>
          <containerEntry>4294967295</containerEntry>
          <containerEntry>4294967295</containerEntry>
        </property>
      </staticProperties>
      <dynamicProperties></dynamicProperties>
    </entity>
    <entity class="StaticModelArray" classVersion="4" classID="0xD0" addr="0x2F01740" id="0x0">
      <staticProperties>
        <property name="name" type="String" container="StaticArray" arraySize="1">
          <containerEntry>StaticModelArray0003</containerEntry>
        </property>
        <property name="dataSet" type="EntityHandle" container="StaticArray" arraySize="1">
          <containerEntry>0x2F03960</containerEntry>
        </property>
        <property name="modelFile" type="FilePtr" container="StaticArray" arraySize="1">
          <containerEntry>/Assets/tpp/environ/object/afghanistan/rock/afgh_rock009/scenes/afgh_rock009_rock001.fmdl</containerEntry>
        </property>
        <property name="geomFile" type="FilePtr" container="StaticArray" arraySize="1">
          <containerEntry>/Assets/tpp/environ/object/afghanistan/rock/afgh_rock009/scenes/afgh_rock009_rock001.geom</containerEntry>
        </property>
        <property name="isVisibleGeom" type="Bool" container="StaticArray" arraySize="1">
          <containerEntry>false</containerEntry>
        </property>
        <property name="lodFarSize" type="Float" container="StaticArray" arraySize="1">
          <containerEntry>-1</containerEntry>
        </property>
        <property name="lodNearSize" type="Float" container="StaticArray" arraySize="1">
          <containerEntry>-1</containerEntry>
        </property>
        <property name="lodPolygonSize" type="Float" container="StaticArray" arraySize="1">
          <containerEntry>-1</containerEntry>
        </property>
        <property name="drawRejectionLevel" type="Int32" container="StaticArray" arraySize="1">
          <containerEntry>8</containerEntry>
        </property>
        <property name="drawMode" type="Int32" container="StaticArray" arraySize="1">
          <containerEntry>0</containerEntry>
        </property>
        <property name="rejectFarRangeShadowCast" type="Int32" container="StaticArray" arraySize="1">
          <containerEntry>2</containerEntry>
        </property>
        <property name="parentLocator" type="EntityLink" container="StaticArray" arraySize="1">
          <containerEntry packagePathHash="0xB8A0BF169F98" archivePathHash="0xB8A0BF169F98" nameInArchiveHash="0xB8A0BF169F98">0x0</containerEntry>
        </property>
        <property name="transforms" type="Matrix4" container="DynamicArray" arraySize="17">
          <containerEntry r11="0.30395812" r12="0.102832586" r13="-0.94711834" r14="0" r21="0.2193324" r22="-0.9750026" r23="-0.03547033" r24="0" r31="-0.92709273" r32="-0.19695255" r33="-0.31891274" r34="0" r41="319.17328" r42="342.30206" r43="41.264526" r44="1"></containerEntry>
          <containerEntry r11="0.7517946" r12="-0.14775757" r13="-0.6426294" r14="0" r21="-0.08831495" r22="-0.9883526" r23="0.12393133" r24="0" r31="-0.65345645" r32="-0.036417108" r33="-0.75608724" r34="0" r41="365.68985" r42="347.71753" r43="39.920425" r44="1"></containerEntry>
          <containerEntry r11="0.75179476" r12="0.55333716" r13="-0.3586396" r14="0" r21="-0.08831568" r22="-0.45449364" r23="-0.88635993" r24="0" r31="-0.653456" r32="0.69803405" r33="-0.29281732" r34="0" r41="366.947" r42="350.31485" r43="34.903984" r44="1"></containerEntry>
          <containerEntry r11="0.75179505" r12="-0.045818564" r13="-0.6578031" r14="0" r21="-0.08831449" r22="-0.9955922" r23="-0.031586707" r24="0" r31="-0.65345603" r32="0.08184026" r33="-0.7525279" r34="0" r41="340.86777" r42="339.64218" r43="49.02323" r44="1"></containerEntry>
          <containerEntry r11="-0.7057078" r12="-0.14775749" r13="-0.6929247" r14="0" r21="0.13115682" r22="-0.98835313" r23="0.07717748" r24="0" r31="-0.69625765" r32="-0.036417056" r33="0.71686757" r34="0" r41="334.48682" r42="334.69778" r43="56.67578" r44="1"></containerEntry>
          <containerEntry r11="0.7517946" r12="-0.14775757" r13="-0.6426294" r14="0" r21="-0.08831495" r22="-0.9883526" r23="0.12393133" r24="0" r31="-0.65345645" r32="-0.036417108" r33="-0.75608724" r34="0" r41="337.54868" r42="327.4511" r43="67.909775" r44="1"></containerEntry>
          <containerEntry r11="-0.77652186" r12="0.12946668" r13="-0.6166482" r14="0" r21="-0.03918991" r22="-0.98669344" r23="-0.157808" r24="0" r31="-0.62887263" r32="-0.09837478" r33="0.77126" r34="0" r41="367.59134" r42="330.1261" r43="63.091576" r44="1"></containerEntry>
          <containerEntry r11="0.9695101" r12="-0.05673961" r13="0.2383923" r14="0" r21="-0.092637256" r22="-0.9854971" r23="0.14218646" r24="0" r31="0.22686693" r32="-0.1599352" r33="-0.96070564" r34="0" r41="299.0578" r42="328.06058" r43="73.199936" r44="1"></containerEntry>
          <containerEntry r11="0.37346825" r12="-0.28187332" r13="-1.1591237" r14="0" r21="0.44982615" r22="1.1582159" r23="-0.13671921" r24="0" r31="1.1048423" r32="-0.37627536" r33="0.44748074" r34="0" r41="369.951" r42="322.22" r43="90.291" r44="1"></containerEntry>
          <containerEntry r11="0.2869181" r12="0.22227168" r13="0.112575844" r14="0" r21="0.17860267" r22="-0.30319545" r23="0.14343551" r24="0" r31="0.17372133" r32="-0.05538924" r33="-0.33339626" r34="0" r41="383.824" r42="314.949" r43="113.057" r44="1"></containerEntry>
          <containerEntry r11="-0.16766918" r12="0.9150138" r13="-0.36691973" r14="0" r21="-0.95198536" r22="-0.24697797" r23="-0.18088296" r24="0" r31="-0.2561333" r32="0.3189741" r33="0.912497" r34="0" r41="315.84" r42="307.947" r43="113.563" r44="1"></containerEntry>
          <containerEntry r11="0.4464183" r12="0.8875231" r13="-0.11405897" r14="0" r21="-0.71340305" r22="0.27606457" r23="-0.64408016" r24="0" r31="-0.54015076" r32="0.36889815" r33="0.75640565" r34="0" r41="289.85544" r42="309.17673" r43="114.605" r44="1"></containerEntry>
          <containerEntry r11="-0.16766828" r12="0.91501296" r13="-0.36692065" r14="0" r21="-0.9755969" r22="-0.10049325" r23="0.1952036" r24="0" r31="0.14174002" r32="0.39069808" r33="0.90954065" r34="0" r41="279.567" r42="309.622" r43="96.312" r44="1"></containerEntry>
          <containerEntry r11="0.5018125" r12="-0.36225748" r13="0.78546304" r14="0" r21="-0.4307024" r22="-0.89213973" r23="-0.13629377" r24="0" r31="0.7501187" r32="-0.26990753" r33="-0.6037108" r34="0" r41="278.355" r42="315.237" r43="119.104" r44="1"></containerEntry>
          <containerEntry r11="-0.3411581" r12="0.34955633" r13="-0.8725899" r14="0" r21="-0.7447883" r22="-0.6668595" r23="0.02405122" r24="0" r31="-0.5734921" r32="0.65810215" r33="0.48785773" r34="0" r41="265.2907" r42="309.31833" r43="94.820755" r44="1"></containerEntry>
          <containerEntry r11="-0.89296156" r12="0.18735987" r13="0.4092899" r14="0" r21="-0.2752451" r22="-0.9467374" r23="-0.1671252" r24="0" r31="0.35617703" r32="-0.26189116" r33="0.8969677" r34="0" r41="314.40314" r42="339.89246" r43="44.81181" r44="1"></containerEntry>
          <containerEntry r11="0.9716014" r12="0.2264535" r13="-0.068624094" r14="0" r21="-0.23574655" r22="0.90146184" r23="-0.3630281" r24="0" r31="-0.020347282" r32="0.36889654" r33="0.92924744" r34="0" r41="338" r42="318.3729" r43="101.49863" r44="1"></containerEntry>
        </property>
        <property name="colors" type="UInt32" container="DynamicArray" arraySize="17">
          <containerEntry>4294967295</containerEntry>
          <containerEntry>4294967295</containerEntry>
          <containerEntry>4294967295</containerEntry>
          <containerEntry>4294967295</containerEntry>
          <containerEntry>4294967295</containerEntry>
          <containerEntry>4294967295</containerEntry>
          <containerEntry>4294967295</containerEntry>
          <containerEntry>4294967295</containerEntry>
          <containerEntry>4294967295</containerEntry>
          <containerEntry>4294967295</containerEntry>
          <containerEntry>4294967295</containerEntry>
          <containerEntry>4294967295</containerEntry>
          <containerEntry>4294967295</containerEntry>
          <containerEntry>4294967295</containerEntry>
          <containerEntry>4294967295</containerEntry>
          <containerEntry>4294967295</containerEntry>
          <containerEntry>4294967295</containerEntry>
        </property>
      </staticProperties>
      <dynamicProperties></dynamicProperties>
    </entity>
    <entity class="StaticModelArray" classVersion="4" classID="0xD0" addr="0x2F017B0" id="0x0">
      <staticProperties>
        <property name="name" type="String" container="StaticArray" arraySize="1">
          <containerEntry>StaticModelArray0004</containerEntry>
        </property>
        <property name="dataSet" type="EntityHandle" container="StaticArray" arraySize="1">
          <containerEntry>0x2F03960</containerEntry>
        </property>
        <property name="modelFile" type="FilePtr" container="StaticArray" arraySize="1">
