<fox formatVersion="2" fileVersion="0">
  <entities>
    <entity class="DataSet" classVersion="0" classID="0xE8" addr="0x2EF4220" id="0x131F18">
      <staticProperties>
        <property name="name" type="String" container="StaticArray" arraySize="1">
          <containerEntry hash="0xB8A0BF169F98"></containerEntry>
        </property>
        <property name="dataSet" type="EntityHandle" container="StaticArray" arraySize="1">
          <containerEntry>0x0</containerEntry>
        </property>
        <property name="dataList" type="EntityPtr" container="StringMap" arraySize="3">
          <containerEntry key="StaticModelArray0000">
            <data>0x2D77FD0</data>
          </containerEntry>
          <containerEntry key="StaticModelArray0001">
            <data>0x2D78200</data>
          </containerEntry>
          <containerEntry key="TexturePackLoadConditioner0000">
            <data>0x2D78B30</data>
          </containerEntry>
        </property>
      </staticProperties>
      <dynamicProperties></dynamicProperties>
    </entity>
    <entity class="StaticModelArray" classVersion="4" classID="0xD0" addr="0x2D77FD0" id="0x0">
      <staticProperties>
        <property name="name" type="String" container="StaticArray" arraySize="1">
          <containerEntry>StaticModelArray0000</containerEntry>
        </property>
        <property name="dataSet" type="EntityHandle" container="StaticArray" arraySize="1">
          <containerEntry>0x2EF4220</containerEntry>
        </property>
        <property name="modelFile" type="FilePtr" container="StaticArray" arraySize="1">
          <containerEntry>/Assets/tpp/environ/object/middle_africa/tree/mafr_tree031/scenes/mafr_tree031_vrtn008.fmdl</containerEntry>
        </property>
        <property name="geomFile" type="FilePtr" container="StaticArray" arraySize="1">
          <containerEntry>/Assets/tpp/environ/object/middle_africa/tree/mafr_tree031/scenes/mafr_tree031_vrtn008.geom</containerEntry>
        </property>
        <property name="isVisibleGeom" type="Bool" container="StaticArray" arraySize="1">
          <containerEntry>false</containerEntry>
        </property>
        <property name="lodFarSize" type="Float" container="StaticArray" arraySize="1">
          <containerEntry>-1</containerEntry>
        </property>
        <property name="lodNearSize" type="Float" container="StaticArray" arraySize="1">
          <containerEntry>-1</containerEntry>
        </property>
        <property name="lodPolygonSize" type="Float" container="StaticArray" arraySize="1">
          <containerEntry>-1</containerEntry>
        </property>
        <property name="drawRejectionLevel" type="Int32" container="StaticArray" arraySize="1">
          <containerEntry>7</containerEntry>
        </property>
        <property name="drawMode" type="Int32" container="StaticArray" arraySize="1">
          <containerEntry>0</containerEntry>
        </property>
        <property name="rejectFarRangeShadowCast" type="Int32" container="StaticArray" arraySize="1">
          <containerEntry>2</containerEntry>
        </property>
        <property name="parentLocator" type="EntityLink" container="StaticArray" arraySize="1">
          <containerEntry packagePathHash="0xB8A0BF169F98" archivePathHash="0xB8A0BF169F98" nameInArchiveHash="0xB8A0BF169F98">0x0</containerEntry>
        </property>
        <property name="transforms" type="Matrix4" container="DynamicArray" arraySize="8">
          <containerEntry r11="0.7318891" r12="0.06706071" r13="-0.6781069" r14="0" r21="-0.049193308" r22="0.99774885" r23="0.04557644" r24="0" r31="0.6796368" r32="1.4286402e-06" r33="0.73354053" r34="0" r41="2665.985" r42="-11.309041" r43="2282.529" r44="1"></containerEntry>
          <containerEntry r11="-0.9963184" r12="0.06705952" r13="0.053254448" r14="0" r21="0.066964604" r22="0.9977489" r23="-0.0035780235" r24="0" r31="-0.053374514" r32="1.3135023e-06" r33="-0.9985662" r34="0" r41="2619.187" r42="-11.309078" r43="2301.4773" r44="1"></containerEntry>
          <containerEntry r11="-0.16759713" r12="0.067059085" r13="0.98356646" r14="0" r21="0.011265729" r22="0.997749" r23="-0.06610641" r24="0" r31="-0.98578537" r32="1.3671734e-06" r33="-0.16797537" r34="0" r41="2646.6204" r42="-11.309139" r43="2256.1936" r44="1"></containerEntry>
          <containerEntry r11="0.07730492" r12="0.06706024" r13="-0.9947448" r14="0" r21="-0.005196657" r22="0.9977489" r23="0.066858925" r24="0" r31="0.99698913" r32="8.0465867e-07" r33="0.07747939" r34="0" r41="2624.4575" r42="-11.309141" r43="2276.0352" r44="1"></containerEntry>
          <containerEntry r11="0.40960693" r12="0.06705957" r13="0.90978885" r14="0" r21="-0.027529113" r22="0.9977489" r23="-0.061148826" r24="0" r31="-0.91184145" r32="1.3299219e-06" r33="0.41053095" r34="0" r41="2618.4626" r42="-11.30914" r43="2233.472" r44="1"></containerEntry>
          <containerEntry r11="-0.21411297" r12="0.067059286" r13="-0.97449803" r14="0" r21="0.014389858" r22="0.997749" r23="0.065497585" r24="0" r31="0.97669655" r32="1.0058224e-06" r33="-0.21459599" r34="0" r41="2593.1165" r42="-11.309052" r43="2250.6594" r44="1"></containerEntry>
          <containerEntry r11="0.6555487" r12="0.067059405" r13="0.7521601" r14="0" r21="-0.044060122" r22="0.9977489" r23="-0.050554246" r24="0" r31="-0.753857" r32="4.8987226e-07" r33="0.65702766" r34="0" r41="2658.1372" r42="-11.309026" r43="2240.692" r44="1"></containerEntry>
          <containerEntry r11="0.8454286" r12="0.06705874" r13="-0.5298445" r14="0" r21="-0.056823026" r22="0.997749" r23="0.03561039" r24="0" r31="0.53103983" r32="1.3597187e-06" r33="0.84733605" r34="0" r41="2610.875" r42="-11.309078" r43="2208.6226" r44="1"></containerEntry>
        </property>
        <property name="colors" type="UInt32" container="DynamicArray" arraySize="8">
          <containerEntry>4294967295</containerEntry>
          <containerEntry>4294967295</containerEntry>
          <containerEntry>4294967295</containerEntry>
          <containerEntry>4294967295</containerEntry>
          <containerEntry>4294967295</containerEntry>
          <containerEntry>4294967295</containerEntry>
          <containerEntry>4294967295</containerEntry>
          <containerEntry>4294967295</containerEntry>
        </property>
      </staticProperties>
      <dynamicProperties></dynamicProperties>
    </entity>
    <entity class="StaticModelArray" classVersion="4" classID="0xD0" addr="0x2D78200" id="0x0">
      <staticProperties>
        <property name="name" type="String" container="StaticArray" arraySize="1">
          <containerEntry>StaticModelArray0001</containerEntry>
        </property>
        <property name="dataSet" type="EntityHandle" container="StaticArray" arraySize="1">
          <containerEntry>0x2EF4220</containerEntry>
        </property>
        <property name="modelFile" type="FilePtr" container="StaticArray" arraySize="1">
          <containerEntry>/Assets/tpp/environ/object/middle_africa/tree/mafr_tree031/scenes/mafr_tree031_vrtn007.fmdl</containerEntry>
        </property>
        <property name="geomFile" type="FilePtr" container="StaticArray" arraySize="1">
          <containerEntry>/Assets/tpp/environ/object/middle_africa/tree/mafr_tree031/scenes/mafr_tree031_vrtn007.geom</containerEntry>
        </property>
        <property name="isVisibleGeom" type="Bool" container="StaticArray" arraySize="1">
          <containerEntry>false</containerEntry>
        </property>
        <property name="lodFarSize" type="Float" container="StaticArray" arraySize="1">
          <containerEntry>-1</containerEntry>
        </property>
        <property name="lodNearSize" type="Float" container="StaticArray" arraySize="1">
          <containerEntry>-1</containerEntry>
        </property>
        <property name="lodPolygonSize" type="Float" container="StaticArray" arraySize="1">
          <containerEntry>-1</containerEntry>
        </property>
        <property name="drawRejectionLevel" type="Int32" container="StaticArray" arraySize="1">
          <containerEntry>7</containerEntry>
        </property>
        <property name="drawMode" type="Int32" container="StaticArray" arraySize="1">
          <containerEntry>0</containerEntry>
        </property>
        <property name="rejectFarRangeShadowCast" type="Int32" container="StaticArray" arraySize="1">
          <containerEntry>2</containerEntry>
        </property>
        <property name="parentLocator" type="EntityLink" container="StaticArray" arraySize="1">
          <containerEntry packagePathHash="0xB8A0BF169F98" archivePathHash="0xB8A0BF169F98" nameInArchiveHash="0xB8A0BF169F98">0x0</containerEntry>
        </property>
        <property name="transforms" type="Matrix4" container="DynamicArray" arraySize="4">
          <containerEntry r11="-1.3825281" r12="0" r13="-0.581901" r14="0" r21="0" r22="1.5" r23="0" r24="0" r31="0.581901" r32="0" r33="-1.3825281" r34="0" r41="2647.0706" r42="-12.15608" r43="2220.4714" r44="1"></containerEntry>
          <containerEntry r11="-0.06921949" r12="0" r13="-1.4983982" r14="0" r21="0" r22="1.5" r23="0" r24="0" r31="1.4983982" r32="0" r33="-0.06921949" r34="0" r41="2579.2417" r42="-12.156103" r43="2220.2861" r44="1"></containerEntry>
          <containerEntry r11="0.7798797" r12="0" r13="1.2813163" r14="0" r21="0" r22="1.5" r23="0" r24="0" r31="-1.2813163" r32="0" r33="0.7798797" r34="0" r41="2684.8867" r42="-12.156076" r43="2260.679" r44="1"></containerEntry>
          <containerEntry r11="0.9336058" r12="0" r13="1.1740439" r14="0" r21="0" r22="1.5" r23="0" r24="0" r31="-1.1740439" r32="0" r33="0.9336058" r34="0" r41="2593.12" r42="-12.156102" r43="2273.71" r44="1"></containerEntry>
        </property>
        <property name="colors" type="UInt32" container="DynamicArray" arraySize="4">
          <containerEntry>4294967295</containerEntry>
          <containerEntry>4294967295</containerEntry>
          <containerEntry>4294967295</containerEntry>
          <containerEntry>4294967295</containerEntry>
        </property>
      </staticProperties>
      <dynamicProperties></dynamicProperties>
    </entity>
    <entity class="TexturePackLoadConditioner" classVersion="0" classID="0x48" addr="0x2D78B30" id="0x0">
      <staticProperties>
        <property name="name" type="String" container="StaticArray" arraySize="1">
          <containerEntry>TexturePackLoadConditioner0000</containerEntry>
        </property>
        <property name="dataSet" type="EntityHandle" container="StaticArray" arraySize="1">
          <containerEntry>0x2EF4220</containerEntry>
        </property>
        <property name="texturePackPath" type="Path" container="StaticArray" arraySize="1">
          <containerEntry hash="0xB8A0BF169F98"></containerEntry>
        </property>
      </staticProperties>
      <dynamicProperties></dynamicProperties>
    </entity>
  </entities>
</fox>