<fox formatVersion="2" fileVersion="0">
  <entities>
    <entity class="DataSet" classVersion="0" classID="0xE8" addr="0x3353B90" id="0x4A9404">
      <staticProperties>
        <property name="name" type="String" container="StaticArray" arraySize="1">
          <containerEntry hash="0xB8A0BF169F98"></containerEntry>
        </property>
        <property name="dataSet" type="EntityHandle" container="StaticArray" arraySize="1">
          <containerEntry>0x0</containerEntry>
        </property>
        <property name="dataList" type="EntityPtr" container="StringMap" arraySize="12">
          <containerEntry key="afgh_clff013_0001">
            <data>0x33539D0</data>
          </containerEntry>
          <containerEntry key="afgh_clff022_vrtn001_0008">
            <data>0x3175100</data>
          </containerEntry>
          <containerEntry key="afgh_clff022_vrtn004_0020">
            <data>0x31785F0</data>
          </containerEntry>
          <containerEntry key="afgh_clff022_vrtn003_0004">
            <data>0x3178CF0</data>
          </containerEntry>
          <containerEntry key="StaticModelArray0000">
            <data>0x317C9C0</data>
          </containerEntry>
          <containerEntry key="StaticModelArray0001">
            <data>0x317CA30</data>
          </containerEntry>
          <containerEntry key="StaticModelArray0002">
            <data>0x317CAA0</data>
          </containerEntry>
          <containerEntry key="StaticModelArray0003">
            <data>0x317BF40</data>
          </containerEntry>
          <containerEntry key="StaticModelArray0004">
            <data>0x317C560</data>
          </containerEntry>
          <containerEntry key="StaticModelArray0005">
            <data>0x317C720</data>
          </containerEntry>
          <containerEntry key="StaticModelArray0006">
            <data>0x317BFB0</data>
          </containerEntry>
          <containerEntry key="TexturePackLoadConditioner0000">
            <data>0x317CDB0</data>
          </containerEntry>
        </property>
      </staticProperties>
      <dynamicProperties></dynamicProperties>
    </entity>
    <entity class="StaticModel" classVersion="9" classID="0x160" addr="0x33539D0" id="0x4A9406">
      <staticProperties>
        <property name="name" type="String" container="StaticArray" arraySize="1">
          <containerEntry>afgh_clff013_0001</containerEntry>
        </property>
        <property name="dataSet" type="EntityHandle" container="StaticArray" arraySize="1">
          <containerEntry>0x3353B90</containerEntry>
        </property>
        <property name="parent" type="EntityHandle" container="StaticArray" arraySize="1">
          <containerEntry>0x0</containerEntry>
        </property>
        <property name="transform" type="EntityPtr" container="StaticArray" arraySize="1">
          <containerEntry>0x3353A40</containerEntry>
        </property>
        <property name="shearTransform" type="EntityPtr" container="StaticArray" arraySize="1">
          <containerEntry>0x0</containerEntry>
        </property>
        <property name="pivotTransform" type="EntityPtr" container="StaticArray" arraySize="1">
          <containerEntry>0x0</containerEntry>
        </property>
        <property name="children" type="EntityHandle" container="List"></property>
        <property name="flags" type="UInt32" container="StaticArray" arraySize="1">
          <containerEntry>3221225479</containerEntry>
        </property>
        <property name="modelFile" type="FilePtr" container="StaticArray" arraySize="1">
          <containerEntry>/Assets/tpp/environ/object/afghanistan/cliff/afgh_clff013/scenes/afgh_clff013.fmdl</containerEntry>
        </property>
        <property name="geomFile" type="FilePtr" container="StaticArray" arraySize="1">
          <containerEntry>/Assets/tpp/environ/object/afghanistan/cliff/afgh_clff013/scenes/afgh_clff013.geom</containerEntry>
        </property>
        <property name="isVisibleGeom" type="Bool" container="StaticArray" arraySize="1">
          <containerEntry>false</containerEntry>
        </property>
        <property name="isIsolated" type="Bool" container="StaticArray" arraySize="1">
          <containerEntry>false</containerEntry>
        </property>
        <property name="lodFarSize" type="Float" container="StaticArray" arraySize="1">
          <containerEntry>-1</containerEntry>
        </property>
        <property name="lodNearSize" type="Float" container="StaticArray" arraySize="1">
          <containerEntry>-1</containerEntry>
        </property>
        <property name="lodPolygonSize" type="Float" container="StaticArray" arraySize="1">
          <containerEntry>-1</containerEntry>
        </property>
        <property name="color" type="Color" container="StaticArray" arraySize="1">
          <containerEntry r="1" g="1" b="1" a="1"></containerEntry>
        </property>
        <property name="drawRejectionLevel" type="Int32" container="StaticArray" arraySize="1">
          <containerEntry>8</containerEntry>
        </property>
        <property name="drawMode" type="Int32" container="StaticArray" arraySize="1">
          <containerEntry>0</containerEntry>
        </property>
        <property name="rejectFarRangeShadowCast" type="Int32" container="StaticArray" arraySize="1">
          <containerEntry>2</containerEntry>
        </property>
      </staticProperties>
      <dynamicProperties></dynamicProperties>
    </entity>
    <entity class="TransformEntity" classVersion="0" classID="0x50" addr="0x3353A40" id="0x4A9409">
      <staticProperties>
        <property name="owner" type="EntityHandle" container="StaticArray" arraySize="1">
          <containerEntry>0x33539D0</containerEntry>
        </property>
        <property name="transform_scale" type="Vector3" container="StaticArray" arraySize="1">
          <containerEntry x="1" y="1" z="1" w="0"></containerEntry>
        </property>
        <property name="transform_rotation_quat" type="Quat" container="StaticArray" arraySize="1">
          <containerEntry x="0" y="0.821353" z="0" w="0.57042"></containerEntry>
        </property>
        <property name="transform_translation" type="Vector3" container="StaticArray" arraySize="1">
          <containerEntry x="-973.9249" y="411.5336" z="-722.49536" w="0"></containerEntry>
        </property>
      </staticProperties>
      <dynamicProperties></dynamicProperties>
    </entity>
    <entity class="StaticModel" classVersion="9" classID="0x160" addr="0x3175100" id="0x4A94B3">
      <staticProperties>
        <property name="name" type="String" container="StaticArray" arraySize="1">
          <containerEntry>afgh_clff022_vrtn001_0008</containerEntry>
        </property>
        <property name="dataSet" type="EntityHandle" container="StaticArray" arraySize="1">
          <containerEntry>0x3353B90</containerEntry>
        </property>
        <property name="parent" type="EntityHandle" container="StaticArray" arraySize="1">
          <containerEntry>0x0</containerEntry>
        </property>
        <property name="transform" type="EntityPtr" container="StaticArray" arraySize="1">
          <containerEntry>0x3175170</containerEntry>
        </property>
        <property name="shearTransform" type="EntityPtr" container="StaticArray" arraySize="1">
          <containerEntry>0x0</containerEntry>
        </property>
        <property name="pivotTransform" type="EntityPtr" container="StaticArray" arraySize="1">
          <containerEntry>0x0</containerEntry>
        </property>
        <property name="children" type="EntityHandle" container="List"></property>
        <property name="flags" type="UInt32" container="StaticArray" arraySize="1">
          <containerEntry>3221225479</containerEntry>
        </property>
        <property name="modelFile" type="FilePtr" container="StaticArray" arraySize="1">
          <containerEntry>/Assets/tpp/environ/object/afghanistan/cliff/afgh_clff022/scenes/afgh_clff022_vrtn001.fmdl</containerEntry>
        </property>
        <property name="geomFile" type="FilePtr" container="StaticArray" arraySize="1">
          <containerEntry>/Assets/tpp/environ/object/afghanistan/cliff/afgh_clff022/scenes/afgh_clff022_vrtn001.geom</containerEntry>
        </property>
        <property name="isVisibleGeom" type="Bool" container="StaticArray" arraySize="1">
          <containerEntry>false</containerEntry>
        </property>
        <property name="isIsolated" type="Bool" container="StaticArray" arraySize="1">
          <containerEntry>false</containerEntry>
        </property>
        <property name="lodFarSize" type="Float" container="StaticArray" arraySize="1">
          <containerEntry>-1</containerEntry>
        </property>
        <property name="lodNearSize" type="Float" container="StaticArray" arraySize="1">
          <containerEntry>-1</containerEntry>
        </property>
        <property name="lodPolygonSize" type="Float" container="StaticArray" arraySize="1">
          <containerEntry>-1</containerEntry>
        </property>
        <property name="color" type="Color" container="StaticArray" arraySize="1">
          <containerEntry r="1" g="1" b="1" a="1"></containerEntry>
        </property>
        <property name="drawRejectionLevel" type="Int32" container="StaticArray" arraySize="1">
          <containerEntry>8</containerEntry>
        </property>
        <property name="drawMode" type="Int32" container="StaticArray" arraySize="1">
          <containerEntry>0</containerEntry>
        </property>
        <property name="rejectFarRangeShadowCast" type="Int32" container="StaticArray" arraySize="1">
          <containerEntry>2</containerEntry>
        </property>
      </staticProperties>
      <dynamicProperties></dynamicProperties>
    </entity>
    <entity class="TransformEntity" classVersion="0" classID="0x50" addr="0x3175170" id="0x4A94B6">
      <staticProperties>
        <property name="owner" type="EntityHandle" container="StaticArray" arraySize="1">
          <containerEntry>0x3175100</containerEntry>
        </property>
        <property name="transform_scale" type="Vector3" container="StaticArray" arraySize="1">
          <containerEntry x="1" y="1" z="1" w="0"></containerEntry>
        </property>
        <property name="transform_rotation_quat" type="Quat" container="StaticArray" arraySize="1">
          <containerEntry x="-0.064122" y="0.336542" z="0.022977" w="-0.939203"></containerEntry>
        </property>
        <property name="transform_translation" type="Vector3" container="StaticArray" arraySize="1">
          <containerEntry x="-912.0857" y="436.1537" z="-685.68115" w="0"></containerEntry>
        </property>
      </staticProperties>
      <dynamicProperties></dynamicProperties>
    </entity>
    <entity class="StaticModel" classVersion="9" classID="0x160" addr="0x31785F0" id="0x4A95C7">
      <staticProperties>
        <property name="name" type="String" container="StaticArray" arraySize="1">
          <containerEntry>afgh_clff022_vrtn004_0020</containerEntry>
        </property>
        <property name="dataSet" type="EntityHandle" container="StaticArray" arraySize="1">
          <containerEntry>0x3353B90</containerEntry>
        </property>
        <property name="parent" type="EntityHandle" container="StaticArray" arraySize="1">
          <containerEntry>0x0</containerEntry>
        </property>
        <property name="transform" type="EntityPtr" container="StaticArray" arraySize="1">
          <containerEntry>0x3178660</containerEntry>
        </property>
        <property name="shearTransform" type="EntityPtr" container="StaticArray" arraySize="1">
          <containerEntry>0x0</containerEntry>
        </property>
        <property name="pivotTransform" type="EntityPtr" container="StaticArray" arraySize="1">
          <containerEntry>0x0</containerEntry>
        </property>
        <property name="children" type="EntityHandle" container="List"></property>
        <property name="flags" type="UInt32" container="StaticArray" arraySize="1">
          <containerEntry>7</containerEntry>
        </property>
        <property name="modelFile" type="FilePtr" container="StaticArray" arraySize="1">
          <containerEntry>/Assets/tpp/environ/object/afghanistan/cliff/afgh_clff022/scenes/afgh_clff022_vrtn004.fmdl</containerEntry>
        </property>
        <property name="geomFile" type="FilePtr" container="StaticArray" arraySize="1">
          <containerEntry>/Assets/tpp/environ/object/afghanistan/cliff/afgh_clff022/scenes/afgh_clff022_vrtn004.geom</containerEntry>
        </property>
        <property name="isVisibleGeom" type="Bool" container="StaticArray" arraySize="1">
          <containerEntry>false</containerEntry>
        </property>
        <property name="isIsolated" type="Bool" container="StaticArray" arraySize="1">
          <containerEntry>false</containerEntry>
        </property>
        <property name="lodFarSize" type="Float" container="StaticArray" arraySize="1">
          <containerEntry>-1</containerEntry>
        </property>
        <property name="lodNearSize" type="Float" container="StaticArray" arraySize="1">
          <containerEntry>-1</containerEntry>
        </property>
        <property name="lodPolygonSize" type="Float" container="StaticArray" arraySize="1">
          <containerEntry>-1</containerEntry>
        </property>
        <property name="color" type="Color" container="StaticArray" arraySize="1">
          <containerEntry r="1" g="1" b="1" a="1"></containerEntry>
        </property>
        <property name="drawRejectionLevel" type="Int32" container="StaticArray" arraySize="1">
          <containerEntry>8</containerEntry>
        </property>
        <property name="drawMode" type="Int32" container="StaticArray" arraySize="1">
          <containerEntry>0</containerEntry>
        </property>
        <property name="rejectFarRangeShadowCast" type="Int32" container="StaticArray" arraySize="1">
          <containerEntry>2</containerEntry>
        </property>
      </staticProperties>
      <dynamicProperties></dynamicProperties>
    </entity>
    <entity class="TransformEntity" classVersion="0" classID="0x50" addr="0x3178660" id="0x4A95CA">
      <staticProperties>
        <property name="owner" type="EntityHandle" container="StaticArray" arraySize="1">
          <containerEntry>0x31785F0</containerEntry>
        </property>
        <property name="transform_scale" type="Vector3" container="StaticArray" arraySize="1">
          <containerEntry x="1" y="1" z="1" w="0"></containerEntry>
        </property>
        <property name="transform_rotation_quat" type="Quat" container="StaticArray" arraySize="1">
          <containerEntry x="-0.070153" y="0.96112" z="0.046152" w="0.263051"></containerEntry>
        </property>
        <property name="transform_translation" type="Vector3" container="StaticArray" arraySize="1">
          <containerEntry x="-918.12354" y="431.1909" z="-694.51196" w="0"></containerEntry>
        </property>
      </staticProperties>
      <dynamicProperties></dynamicProperties>
    </entity>
    <entity class="StaticModel" classVersion="9" classID="0x160" addr="0x3178CF0" id="0x4A95EC">
      <staticProperties>
        <property name="name" type="String" container="StaticArray" arraySize="1">
          <containerEntry>afgh_clff022_vrtn003_0004</containerEntry>
        </property>
        <property name="dataSet" type="EntityHandle" container="StaticArray" arraySize="1">
          <containerEntry>0x3353B90</containerEntry>
        </property>
        <property name="parent" type="EntityHandle" container="StaticArray" arraySize="1">
          <containerEntry>0x0</containerEntry>
        </property>
        <property name="transform" type="EntityPtr" container="StaticArray" arraySize="1">
          <containerEntry>0x3178D60</containerEntry>
        </property>
        <property name="shearTransform" type="EntityPtr" container="StaticArray" arraySize="1">
          <containerEntry>0x0</containerEntry>
        </property>
        <property name="pivotTransform" type="EntityPtr" container="StaticArray" arraySize="1">
          <containerEntry>0x0</containerEntry>
        </property>
        <property name="children" type="EntityHandle" container="List"></property>
        <property name="flags" type="UInt32" container="StaticArray" arraySize="1">
          <containerEntry>7</containerEntry>
        </property>
        <property name="modelFile" type="FilePtr" container="StaticArray" arraySize="1">
          <containerEntry>/Assets/tpp/environ/object/afghanistan/cliff/afgh_clff022/scenes/afgh_clff022_vrtn003.fmdl</containerEntry>
        </property>
        <property name="geomFile" type="FilePtr" container="StaticArray" arraySize="1">
          <containerEntry>/Assets/tpp/environ/object/afghanistan/cliff/afgh_clff022/scenes/afgh_clff022_vrtn003.geom</containerEntry>
        </property>
        <property name="isVisibleGeom" type="Bool" container="StaticArray" arraySize="1">
          <containerEntry>false</containerEntry>
        </property>
        <property name="isIsolated" type="Bool" container="StaticArray" arraySize="1">
          <containerEntry>false</containerEntry>
        </property>
        <property name="lodFarSize" type="Float" container="StaticArray" arraySize="1">
          <containerEntry>-1</containerEntry>
        </property>
        <property name="lodNearSize" type="Float" container="StaticArray" arraySize="1">
          <containerEntry>-1</containerEntry>
        </property>
        <property name="lodPolygonSize" type="Float" container="StaticArray" arraySize="1">
          <containerEntry>-1</containerEntry>
        </property>
        <property name="color" type="Color" container="StaticArray" arraySize="1">
          <containerEntry r="1" g="1" b="1" a="1"></containerEntry>
        </property>
        <property name="drawRejectionLevel" type="Int32" container="StaticArray" arraySize="1">
          <containerEntry>8</containerEntry>
        </property>
        <property name="drawMode" type="Int32" container="StaticArray" arraySize="1">
          <containerEntry>0</containerEntry>
        </property>
        <property name="rejectFarRangeShadowCast" type="Int32" container="StaticArray" arraySize="1">
          <containerEntry>2</containerEntry>
        </property>
      </staticProperties>
      <dynamicProperties></dynamicProperties>
    </entity>
    <entity class="TransformEntity" classVersion="0" classID="0x50" addr="0x3178D60" id="0x4A95EF">
      <staticProperties>
        <property name="owner" type="EntityHandle" container="StaticArray" arraySize="1">
          <containerEntry>0x3178CF0</containerEntry>
        </property>
        <property name="transform_scale" type="Vector3" container="StaticArray" arraySize="1">
          <containerEntry x="1" y="1" z="1" w="0"></containerEntry>
        </property>
        <property name="transform_rotation_quat" type="Quat" container="StaticArray" arraySize="1">
          <containerEntry x="0" y="-0.129612" z="0" w="-0.991565"></containerEntry>
        </property>
        <property name="transform_translation" type="Vector3" container="StaticArray" arraySize="1">
          <containerEntry x="-970.32635" y="432.2198" z="-700.48456" w="0"></containerEntry>
        </property>
      </staticProperties>
      <dynamicProperties></dynamicProperties>
    </entity>
    <entity class="StaticModelArray" classVersion="4" classID="0xD0" addr="0x317C9C0" id="0x0">
      <staticProperties>
        <property name="name" type="String" container="StaticArray" arraySize="1">
          <containerEntry>StaticModelArray0000</containerEntry>
        </property>
        <property name="dataSet" type="EntityHandle" container="StaticArray" arraySize="1">
          <containerEntry>0x3353B90</containerEntry>
        </property>
        <property name="modelFile" type="FilePtr" container="StaticArray" arraySize="1">
          <containerEntry>/Assets/tpp/environ/object/afghanistan/cliff/afgh_clff035/scenes/afgh_clff035_vrtn003.fmdl</containerEntry>
        </property>
        <property name="geomFile" type="FilePtr" container="StaticArray" arraySize="1">
          <containerEntry>/Assets/tpp/environ/object/afghanistan/cliff/afgh_clff035/scenes/afgh_clff035_vrtn003.geom</containerEntry>
        </property>
        <property name="isVisibleGeom" type="Bool" container="StaticArray" arraySize="1">
          <containerEntry>false</containerEntry>
        </property>
        <property name="lodFarSize" type="Float" container="StaticArray" arraySize="1">
          <containerEntry>-1</containerEntry>
        </property>
        <property name="lodNearSize" type="Float" container="StaticArray" arraySize="1">
          <containerEntry>-1</containerEntry>
        </property>
        <property name="lodPolygonSize" type="Float" container="StaticArray" arraySize="1">
          <containerEntry>-1</containerEntry>
        </property>
        <property name="drawRejectionLevel" type="Int32" container="StaticArray" arraySize="1">
          <containerEntry>8</containerEntry>
        </property>
        <property name="drawMode" type="Int32" container="StaticArray" arraySize="1">
          <containerEntry>0</containerEntry>
        </property>
        <property name="rejectFarRangeShadowCast" type="Int32" container="StaticArray" arraySize="1">
          <containerEntry>2</containerEntry>
        </property>
        <property name="parentLocator" type="EntityLink" container="StaticArray" arraySize="1">
          <containerEntry packagePathHash="0xB8A0BF169F98" archivePathHash="0xB8A0BF169F98" nameInArchiveHash="0xB8A0BF169F98">0x0</containerEntry>
        </property>
        <property name="transforms" type="Matrix4" container="DynamicArray" arraySize="2">
          <containerEntry r11="-0.7520946" r12="0" r13="0.6590548" r14="0" r21="0" r22="1" r23="0" r24="0" r31="-0.6590548" r32="0" r33="-0.7520946" r34="0" r41="-906.5116" r42="432.79495" r43="-698.74615" r44="1"></containerEntry>
          <containerEntry r11="0.2664488" r12="0" r13="0.96384794" r14="0" r21="0" r22="1" r23="0" r24="0" r31="-0.96384794" r32="0" r33="0.2664488" r34="0" r41="-990.32214" r42="430.81866" r43="-656.8733" r44="1"></containerEntry>
        </property>
        <property name="colors" type="UInt32" container="DynamicArray" arraySize="2">
          <containerEntry>4294967295</containerEntry>
          <containerEntry>4294967295</containerEntry>
        </property>
      </staticProperties>
      <dynamicProperties></dynamicProperties>
    </entity>
    <entity class="StaticModelArray" classVersion="4" classID="0xD0" addr="0x317CA30" id="0x0">
      <staticProperties>
        <property name="name" type="String" container="StaticArray" arraySize="1">
          <containerEntry>StaticModelArray0001</containerEntry>
        </property>
        <property name="dataSet" type="EntityHandle" container="StaticArray" arraySize="1">
          <containerEntry>0x3353B90</containerEntry>
        </property>
        <property name="modelFile" type="FilePtr" container="StaticArray" arraySize="1">
          <containerEntry>/Assets/tpp/environ/object/afghanistan/cliff/afgh_clff022/scenes/afgh_clff022_vrtn002.fmdl</containerEntry>
        </property>
        <property name="geomFile" type="FilePtr" container="StaticArray" arraySize="1">
          <containerEntry>/Assets/tpp/environ/object/afghanistan/cliff/afgh_clff022/scenes/afgh_clff022_vrtn002.geom</containerEntry>
        </property>
        <property name="isVisibleGeom" type="Bool" container="StaticArray" arraySize="1">
          <containerEntry>false</containerEntry>
        </property>
        <property name="lodFarSize" type="Float" container="StaticArray" arraySize="1">
          <containerEntry>-1</containerEntry>
        </property>
        <property name="lodNearSize" type="Float" container="StaticArray" arraySize="1">
          <containerEntry>-1</containerEntry>
        </property>
        <property name="lodPolygonSize" type="Float" container="StaticArray" arraySize="1">
          <containerEntry>-1</containerEntry>
        </property>
        <property name="drawRejectionLevel" type="Int32" container="StaticArray" arraySize="1">
          <containerEntry>8</containerEntry>
        </property>
        <property name="drawMode" type="Int32" container="StaticArray" arraySize="1">
          <containerEntry>0</containerEntry>
        </property>
        <property name="rejectFarRangeShadowCast" type="Int32" container="StaticArray" arraySize="1">
          <containerEntry>2</containerEntry>
        </property>
        <property name="parentLocator" type="EntityLink" container="StaticArray" arraySize="1">
          <containerEntry packagePathHash="0xB8A0BF169F98" archivePathHash="0xB8A0BF169F98" nameInArchiveHash="0xB8A0BF169F98">0x0</containerEntry>
        </property>
        <property name="transforms" type="Matrix4" container="DynamicArray" arraySize="4">
          <containerEntry r11="-0.9842112" r12="0" r13="-0.17699918" r14="0" r21="0" r22="1" r23="0" r24="0" r31="0.17699918" r32="0" r33="-0.9842112" r34="0" r41="-1000.9093" r42="413.51593" r43="-741.3815" r44="1"></containerEntry>
          <containerEntry r11="-0.7946068" r12="1.1473894e-06" r13="-0.6071233" r14="0" r21="-0.063845" r22="0.99445516" r23="0.08356267" r24="0" r31="0.60375696" r32="0.105161324" r33="-0.79020077" r34="0" r41="-932.4357" r42="427.14078" r43="-694.3173" r44="1"></containerEntry>
          <containerEntry r11="-0.9250202" r12="0" r13="-0.37991577" r14="0" r21="0" r22="1" r23="0" r24="0" r31="0.37991577" r32="0" r33="-0.9250202" r34="0" r41="-946.7234" r42="426.14462" r43="-698.4626" r44="1"></containerEntry>
          <containerEntry r11="-0.46557117" r12="0" r13="0.885009" r14="0" r21="0" r22="1" r23="0" r24="0" r31="-0.885009" r32="0" r33="-0.46557117" r34="0" r41="-982.52356" r42="428.98276" r43="-684.2686" r44="1"></containerEntry>
        </property>
        <property name="colors" type="UInt32" container="DynamicArray" arraySize="4">
          <containerEntry>4294967295</containerEntry>
          <containerEntry>4294967295</containerEntry>
          <containerEntry>4294967295</containerEntry>
          <containerEntry>4294967295</containerEntry>
        </property>
      </staticProperties>
      <dynamicProperties></dynamicProperties>
    </entity>
    <entity class="StaticModelArray" classVersion="4" classID="0xD0" addr="0x317CAA0" id="0x0">
      <staticProperties>
        <property name="name" type="String" container="StaticArray" arraySize="1">
          <containerEntry>StaticModelArray0002</containerEntry>
        </property>
        <property name="dataSet" type="EntityHandle" container="StaticArray" arraySize="1">
          <containerEntry>0x3353B90</containerEntry>
        </property>
        <property name="modelFile" type="FilePtr" container="StaticArray" arraySize="1">
          <containerEntry>/Assets/tpp/environ/object/afghanistan/rock/afgh_rock010/scenes/afgh_rock010.fmdl</containerEntry>
        </property>
        <property name="geomFile" type="FilePtr" container="StaticArray" arraySize="1">
          <containerEntry>/Assets/tpp/environ/object/afghanistan/rock/afgh_rock010/scenes/afgh_rock010.geom</containerEntry>
        </property>
        <property name="isVisibleGeom" type="Bool" container="StaticArray" arraySize="1">
          <containerEntry>false</containerEntry>
        </property>
        <property name="lodFarSize" type="Float" container="StaticArray" arraySize="1">
          <containerEntry>-1</containerEntry>
        </property>
        <property name="lodNearSize" type="Float" container="StaticArray" arraySize="1">
          <containerEntry>-1</containerEntry>
        </property>
        <property name="lodPolygonSize" type="Float" container="StaticArray" arraySize="1">
          <containerEntry>-1</containerEntry>
        </property>
        <property name="drawRejectionLevel" type="Int32" container="StaticArray" arraySize="1">
          <containerEntry>8</containerEntry>
        </property>
        <property name="drawMode" type="Int32" container="StaticArray" arraySize="1">
          <containerEntry>0</containerEntry>
        </property>
        <property name="rejectFarRangeShadowCast" type="Int32" container="StaticArray" arraySize="1">
          <containerEntry>2</containerEntry>
        </property>
        <property name="parentLocator" type="EntityLink" container="StaticArray" arraySize="1">
          <containerEntry packagePathHash="0xB8A0BF169F98" archivePathHash="0xB8A0BF169F98" nameInArchiveHash="0xB8A0BF169F98">0x0</containerEntry>
        </property>
        <property name="transforms" type="Matrix4" container="DynamicArray" arraySize="20">
          <containerEntry r11="1.8662723" r12="0" r13="0.7190465" r14="0" r21="0" r22="2" r23="0" r24="0" r31="-0.7190465" r32="0" r33="1.8662723" r34="0" r41="-980.0868" r42="428.47647" r43="-667.98364" r44="1"></containerEntry>
          <containerEntry r11="0.19044472" r12="0.18595363" r13="0.96392477" r14="0" r21="0.18380783" r22="0.95777714" r23="-0.22108275" r24="0" r31="-0.9643363" r32="0.21928096" r33="0.14822388" r34="0" r41="-917.65735" r42="415.28677" r43="-723.3724" r44="1"></containerEntry>
          <containerEntry r11="0.9787382" r12="-0.05530952" r13="-0.19751562" r14="0" r21="-0.00968845" r22="0.9494165" r23="-0.31386992" r24="0" r31="0.2048846" r32="0.30911008" r33="0.92869437" r34="0" r41="-923.40735" r42="414.1743" r43="-722.0724" r44="1"></containerEntry>
          <containerEntry r11="-0.98165363" r12="-0.1569954" r13="0.10819288" r14="0" r21="-0.17584158" r22="0.9648285" r23="-0.1954115" r24="0" r31="-0.07370884" r32="-0.21085152" r33="-0.97473365" r34="0" r41="-903.7461" r42="410.74844" r43="-741.59314" r44="1"></containerEntry>
          <containerEntry r11="0.9909635" r12="-0.09114518" r13="0.09840661" r14="0" r21="0.080910675" r22="0.9913421" r23="0.10341284" r24="0" r31="-0.10698022" r32="-0.09451619" r33="0.9897585" r34="0" r41="-950.054" r42="429.70844" r43="-686.8648" r44="1"></containerEntry>
          <containerEntry r11="0.980228" r12="-0.19463125" r13="0.03566099" r14="0" r21="0.18645096" r22="0.9688706" r23="0.16286753" r24="0" r31="-0.066250026" r32="-0.15299828" r33="0.9860033" r34="0" r41="-1016.88934" r42="416.38052" r43="-672.1599" r44="1"></containerEntry>
          <containerEntry r11="0.94472104" r12="-0.32593" r13="0.03566045" r14="0" r21="0.31628346" r22="0.9345796" r23="0.16286658" r24="0" r31="-0.086410716" r32="-0.14258464" r33="0.98600346" r34="0" r41="-997.9377" r42="411.72217" r43="-740.6348" r44="1"></containerEntry>
          <containerEntry r11="0.97144234" r12="0" r13="0.23727565" r14="0" r21="0" r22="1" r23="0" r24="0" r31="-0.23727565" r32="0" r33="0.97144234" r34="0" r41="-904.06995" r42="434.64883" r43="-651.4129" r44="1"></containerEntry>
          <containerEntry r11="-0.8290409" r12="-0.15352902" r13="0.537701" r14="0" r21="-0.026536472" r22="0.97128934" r23="0.23641652" r24="0" r31="-0.55856" r32="0.18173" r33="-0.80931276" r34="0" r41="-905.4075" r42="433.96133" r43="-657.0004" r44="1"></containerEntry>
          <containerEntry r11="0.96449775" r12="-0.00868941" r13="0.26394808" r14="0" r21="0.011179642" r22="0.999906" r23="-0.00793394" r24="0" r31="-0.26385432" r32="0.01060311" r33="0.96450424" r34="0" r41="-950.88513" r42="407.30356" r43="-734.3585" r44="1"></containerEntry>
          <containerEntry r11="0.93154556" r12="-0.36151728" r13="0.03909434" r14="0" r21="0.3585501" r22="0.9311199" r23="0.06676643" r24="0" r31="-0.06053869" r32="-0.04817874" r33="0.9970024" r34="0" r41="-957.1855" r42="410.934" r43="-712.9396" r44="1"></containerEntry>
          <containerEntry r11="0.04589507" r12="-0.115908995" r13="0.99219966" r14="0" r21="-0.056390762" r22="0.9913611" r23="0.11841957" r24="0" r31="-0.99735403" r32="-0.061385814" r33="0.038962364" r34="0" r41="-923.8315" r42="435.99582" r43="-638.78314" r44="1"></containerEntry>
          <containerEntry r11="0.82199556" r12="0.11338185" r13="-0.55809325" r14="0" r21="-0.19937702" r22="0.9752559" r23="-0.095523" r24="0" r31="0.53345317" r32="0.1897904" r33="0.8242618" r34="0" r41="-921.0843" r42="430.5023" r43="-689.1019" r44="1"></containerEntry>
          <containerEntry r11="0.9826029" r12="-0.15606132" r13="-0.100679785" r14="0" r21="0.17847484" r22="0.94341344" r23="0.27949554" r24="0" r31="0.0513642" r32="-0.29260194" r33="0.9548538" r34="0" r41="-977.47217" r42="429.6901" r43="-653.0019" r44="1"></containerEntry>
          <containerEntry r11="-0.14414312" r12="0.00072169304" r13="0.98955613" r14="0" r21="-0.46081418" r22="0.88490534" r23="-0.06776981" r24="0" r31="-0.87571234" r32="-0.46577024" r33="-0.12722039" r34="0" r41="-937.879" r42="427.19687" r43="-689.0269" r44="1"></containerEntry>
          <containerEntry r11="-0.9312775" r12="-0.3055642" r13="-0.1983718" r14="0" r21="-0.20404151" r22="0.8885814" r23="-0.41084072" r24="0" r31="0.30180773" r32="-0.34213093" r33="-0.8898636" r34="0" r41="-940.38715" r42="426.7241" r43="-702.9558" r44="1"></containerEntry>
          <containerEntry r11="0.7033919" r12="-0.08592057" r13="-0.705589" r14="0" r21="-0.03513018" r22="0.98725206" r23="-0.15523937" r24="0" r31="0.7099324" r32="0.13398153" r33="0.69140667" r34="0" r41="-993.93945" r42="420.7876" r43="-684.1986" r44="1"></containerEntry>
          <containerEntry r11="1.981927" r12="-0.18229036" r13="0.19681323" r14="0" r21="0.16182135" r22="1.9826843" r23="0.20682567" r24="0" r31="-0.21396044" r32="-0.18903238" r33="1.979517" r34="0" r41="-952.0819" r42="429.61136" r43="-678.46796" r44="1"></containerEntry>
          <containerEntry r11="-0.035836067" r12="0.17410098" r13="1.9920801" r14="0" r21="-0.1547334" r22="1.9861901" r23="-0.17636971" r24="0" r31="-1.993678" r32="-0.15728174" r33="-0.022118926" r34="0" r41="-905.1056" r42="432.142" r43="-675.20026" r44="1"></containerEntry>
          <containerEntry r11="1.9287089" r12="0.16966705" r13="0.50129217" r14="0" r21="-0.23012687" r22="1.9748288" r23="0.21700709" r24="0" r31="-0.4765736" r32="-0.26695234" r33="1.9239576" r34="0" r41="-918.82086" r42="429.65417" r43="-676.1512" r44="1"></containerEntry>
        </property>
        <property name="colors" type="UInt32" container="DynamicArray" arraySize="20">
          <containerEntry>4294967295</containerEntry>
          <containerEntry>4294967295</containerEntry>
          <containerEntry>4294967295</containerEntry>
          <containerEntry>4294967295</containerEntry>
          <containerEntry>4294967295</containerEntry>
          <containerEntry>4294967295</containerEntry>
          <containerEntry>4294967295</containerEntry>
          <containerEntry>4294967295</containerEntry>
          <containerEntry>4294967295</containerEntry>
          <containerEntry>4294967295</containerEntry>
          <containerEntry>4294967295</containerEntry>
          <containerEntry>4294967295</containerEntry>
          <containerEntry>4294967295</containerEntry>
          <containerEntry>4294967295</containerEntry>
          <containerEntry>4294967295</containerEntry>
          <containerEntry>4294967295</containerEntry>
          <containerEntry>4294967295</containerEntry>
          <containerEntry>4294967295</containerEntry>
          <containerEntry>4294967295</containerEntry>
          <containerEntry>4294967295</containerEntry>
        </property>
      </staticProperties>
      <dynamicProperties></dynamicProperties>
    </entity>
    <entity class="StaticModelArray" classVersion="4" classID="0xD0" addr="0x317BF40" id="0x0">
      <staticProperties>
        <property name="name" type="String" container="StaticArray" arraySize="1">
          <containerEntry>StaticModelArray0003</containerEntry>
        </property>
        <property name="dataSet" type="EntityHandle" container="StaticArray" arraySize="1">
          <containerEntry>0x3353B90</containerEntry>
        </property>
        <property name="modelFile" type="FilePtr" container="StaticArray" arraySize="1">
          <containerEntry>/Assets/tpp/environ/object/afghanistan/cliff/afgh_clff025/scenes/afgh_clff025.fmdl</containerEntry>
        </property>
        <property name="geomFile" type="FilePtr" container="StaticArray" arraySize="1">
          <containerEntry>/Assets/tpp/environ/object/afghanistan/cliff/afgh_clff025/scenes/afgh_clff025.geom</containerEntry>
        </property>
        <property name="isVisibleGeom" type="Bool" container="StaticArray" arraySize="1">
          <containerEntry>false</containerEntry>
        </property>
        <property name="lodFarSize" type="Float" container="StaticArray" arraySize="1">
          <containerEntry>-1</containerEntry>
        </property>
        <property name="lodNearSize" type="Float" container="StaticArray" arraySize="1">
          <containerEntry>-1</containerEntry>
        </property>
        <property name="lodPolygonSize" type="Float" container="StaticArray" arraySize="1">
          <containerEntry>-1</containerEntry>
        </property>
        <property name="drawRejectionLevel" type="Int32" container="StaticArray" arraySize="1">
          <containerEntry>8</containerEntry>
        </property>
        <property name="drawMode" type="Int32" container="StaticArray" arraySize="1">
          <containerEntry>0</containerEntry>
        </property>
        <property name="rejectFarRangeShadowCast" type="Int32" container="StaticArray" arraySize="1">
          <containerEntry>2</containerEntry>
        </property>
        <property name="parentLocator" type="EntityLink" container="StaticArray" arraySize="1">
          <containerEntry packagePathHash="0xB8A0BF169F98" archivePathHash="0xB8A0BF169F98" nameInArchiveHash="0xB8A0BF169F98">0x0</containerEntry>
        </property>
        <property name="transforms" type="Matrix4" container="DynamicArray" arraySize="5">
          <containerEntry r11="-0.8736266" r12="-0.0069900015" r13="-0.48654345" r14="0" r21="0.027326286" r22="0.9976141" r23="-0.06339888" r24="0" r31="0.48582575" r32="-0.06868249" r33="-0.8713512" r34="0" r41="-972.9849" r42="418.55115" r43="-710.0027" r44="1"></containerEntry>
          <containerEntry r11="-0.2860649" r12="0.039955392" r13="0.95737576" r14="0" r21="0.11967771" r22="0.9927966" r23="-0.005673699" r24="0" r31="-0.9507061" r32="0.11295358" r33="-0.288786" r34="0" r41="-900.8725" r42="419.8783" r43="-721.8053" r44="1"></containerEntry>
          <containerEntry r11="-0.79906154" r12="0.11766173" r13="0.58962053" r14="0" r21="0.4139468" r22="0.8188914" r23="0.39757332" r24="0" r31="-0.43605584" r32="0.56175816" r33="-0.70305" r34="0" r41="-941.8176" r42="407.24023" r43="-751.5577" r44="1"></containerEntry>
          <containerEntry r11="-0.80587083" r12="-0.2709341" r13="-0.5264626" r14="0" r21="-0.42415917" r22="0.88455135" r23="0.19405577" r24="0" r31="0.41310677" r32="0.37968847" r33="-0.8277532" r34="0" r41="-958.14813" r42="429.56418" r43="-694.71326" r44="1"></containerEntry>
          <containerEntry r11="-0.11438905" r12="-0.16712269" r13="-0.97927594" r14="0" r21="-0.28154048" r22="0.9507877" r23="-0.12937343" r24="0" r31="0.9527048" r32="0.26090714" r33="-0.15581149" r34="0" r41="-986.89246" r42="417.4867" r43="-716.8143" r44="1"></containerEntry>
        </property>
        <property name="colors" type="UInt32" container="DynamicArray" arraySize="5">
          <containerEntry>4294967295</containerEntry>
          <containerEntry>4294967295</containerEntry>
          <containerEntry>4294967295</containerEntry>
          <containerEntry>4294967295</containerEntry>
          <containerEntry>4294967295</containerEntry>
        </property>
      </staticProperties>
      <dynamicProperties></dynamicProperties>
    </entity>
    <entity class="StaticModelArray" classVersion="4" classID="0xD0" addr="0x317C560" id="0x0">
      <staticProperties>
