<fox formatVersion="2" fileVersion="0">
  <entities>
    <entity class="DataSet" classVersion="0" classID="0xE8" addr="0x3303500" id="0xC8158F">
      <staticProperties>
        <property name="name" type="String" container="StaticArray" arraySize="1">
          <containerEntry hash="0xB8A0BF169F98"></containerEntry>
        </property>
        <property name="dataSet" type="EntityHandle" container="StaticArray" arraySize="1">
          <containerEntry>0x0</containerEntry>
        </property>
        <property name="dataList" type="EntityPtr" container="StringMap" arraySize="7">
          <containerEntry key="mafr_wdbx001_vrtn001_gim_n0000|mafr_wdbx001_vrtn001_pc_0000">
            <data>0x33024D0</data>
          </containerEntry>
          <containerEntry key="mafr_wdbx001_vrtn001_gim_i0000|TppSharedGimmick_mafr_wdbx001_vrtn001">
            <data>0x3305F70</data>
          </containerEntry>
          <containerEntry key="StaticModelArray0000">
            <data>0x33070F0</data>
          </containerEntry>
          <containerEntry key="StaticModelArray0001">
            <data>0x3307390</data>
          </containerEntry>
          <containerEntry key="StaticModelArray0002">
            <data>0x3306C90</data>
          </containerEntry>
          <containerEntry key="GeoxPathPack0000">
            <data>0x33077F0</data>
          </containerEntry>
          <containerEntry key="TexturePackLoadConditioner0000">
            <data>0x3307B00</data>
          </containerEntry>
        </property>
      </staticProperties>
      <dynamicProperties></dynamicProperties>
    </entity>
    <entity class="StaticModel" classVersion="9" classID="0x160" addr="0x33024D0" id="0x13555A5">
      <staticProperties>
        <property name="name" type="String" container="StaticArray" arraySize="1">
          <containerEntry>mafr_wdbx001_vrtn001_gim_n0000|mafr_wdbx001_vrtn001_pc_0000</containerEntry>
        </property>
        <property name="dataSet" type="EntityHandle" container="StaticArray" arraySize="1">
          <containerEntry>0x3303500</containerEntry>
        </property>
        <property name="parent" type="EntityHandle" container="StaticArray" arraySize="1">
          <containerEntry>0x0</containerEntry>
        </property>
        <property name="transform" type="EntityPtr" container="StaticArray" arraySize="1">
          <containerEntry>0x33025B0</containerEntry>
        </property>
        <property name="shearTransform" type="EntityPtr" container="StaticArray" arraySize="1">
          <containerEntry>0x0</containerEntry>
        </property>
        <property name="pivotTransform" type="EntityPtr" container="StaticArray" arraySize="1">
          <containerEntry>0x0</containerEntry>
        </property>
        <property name="children" type="EntityHandle" container="List"></property>
        <property name="flags" type="UInt32" container="StaticArray" arraySize="1">
          <containerEntry>7</containerEntry>
        </property>
        <property name="modelFile" type="FilePtr" container="StaticArray" arraySize="1">
          <containerEntry hash="0xB8A0BF169F98"></containerEntry>
        </property>
        <property name="geomFile" type="FilePtr" container="StaticArray" arraySize="1">
          <containerEntry>/Assets/tpp/environ/object/middle_africa/wood_box/mafr_wdbx001/scenes/mafr_wdbx001_vrtn001_pc.geom</containerEntry>
        </property>
        <property name="isVisibleGeom" type="Bool" container="StaticArray" arraySize="1">
          <containerEntry>false</containerEntry>
        </property>
        <property name="isIsolated" type="Bool" container="StaticArray" arraySize="1">
          <containerEntry>false</containerEntry>
        </property>
        <property name="lodFarSize" type="Float" container="StaticArray" arraySize="1">
          <containerEntry>-1</containerEntry>
        </property>
        <property name="lodNearSize" type="Float" container="StaticArray" arraySize="1">
          <containerEntry>-1</containerEntry>
        </property>
        <property name="lodPolygonSize" type="Float" container="StaticArray" arraySize="1">
          <containerEntry>-1</containerEntry>
        </property>
        <property name="color" type="Color" container="StaticArray" arraySize="1">
          <containerEntry r="1" g="1" b="1" a="1"></containerEntry>
        </property>
        <property name="drawRejectionLevel" type="Int32" container="StaticArray" arraySize="1">
          <containerEntry>8</containerEntry>
        </property>
        <property name="drawMode" type="Int32" container="StaticArray" arraySize="1">
          <containerEntry>0</containerEntry>
        </property>
        <property name="rejectFarRangeShadowCast" type="Int32" container="StaticArray" arraySize="1">
          <containerEntry>2</containerEntry>
        </property>
      </staticProperties>
      <dynamicProperties></dynamicProperties>
    </entity>
    <entity class="TransformEntity" classVersion="0" classID="0x50" addr="0x33025B0" id="0x13555A8">
      <staticProperties>
        <property name="owner" type="EntityHandle" container="StaticArray" arraySize="1">
          <containerEntry>0x33024D0</containerEntry>
        </property>
        <property name="transform_scale" type="Vector3" container="StaticArray" arraySize="1">
          <containerEntry x="1.0000004" y="1" z="1.0000004" w="1.1e-44"></containerEntry>
        </property>
        <property name="transform_rotation_quat" type="Quat" container="StaticArray" arraySize="1">
          <containerEntry x="0" y="0.70212716" z="0" w="0.71205163"></containerEntry>
        </property>
        <property name="transform_translation" type="Vector3" container="StaticArray" arraySize="1">
          <containerEntry x="239.56268" y="-11.825441" z="244.51466" w="1"></containerEntry>
        </property>
      </staticProperties>
      <dynamicProperties></dynamicProperties>
    </entity>
    <entity class="TppSharedGimmickData" classVersion="1" classID="0xF0" addr="0x3305F70" id="0x1901B6">
      <staticProperties>
        <property name="name" type="String" container="StaticArray" arraySize="1">
          <containerEntry>mafr_wdbx001_vrtn001_gim_i0000|TppSharedGimmick_mafr_wdbx001_vrtn001</containerEntry>
        </property>
        <property name="dataSet" type="EntityHandle" container="StaticArray" arraySize="1">
          <containerEntry>0x3303500</containerEntry>
        </property>
        <property name="modelFile" type="FilePtr" container="StaticArray" arraySize="1">
          <containerEntry>/Assets/tpp/environ/object/middle_africa/wood_box/mafr_wdbx001/scenes/mafr_wdbx001_vrtn001.fmdl</containerEntry>
        </property>
        <property name="geomFile" type="FilePtr" container="StaticArray" arraySize="1">
          <containerEntry>/Assets/tpp/environ/object/middle_africa/wood_box/mafr_wdbx001/scenes/mafr_wdbx001_vrtn001.geom</containerEntry>
        </property>
        <property name="breakedModelFile" type="FilePtr" container="StaticArray" arraySize="1">
          <containerEntry>/Assets/tpp/environ/object/middle_africa/desk/mafr_desk001/scenes/mafr_desk001_rbbl001.fmdl</containerEntry>
        </property>
        <property name="breakedGeomFile" type="FilePtr" container="StaticArray" arraySize="1">
          <containerEntry>/Assets/tpp/environ/object/middle_africa/desk/mafr_desk001/scenes/mafr_desk001_rbbl001.geom</containerEntry>
        </property>
        <property name="partsFile" type="FilePtr" container="StaticArray" arraySize="1">
          <containerEntry>/Assets/tpp/parts/environ/object/middle_africa/wood_box/mafr_wdbx001/mafr_wdbx001_vrtn001.parts</containerEntry>
        </property>
        <property name="numDynamicGimmick" type="UInt32" container="StaticArray" arraySize="1">
          <containerEntry>1</containerEntry>
        </property>
        <property name="locaterFile" type="FilePtr" container="StaticArray" arraySize="1">
          <containerEntry>/Assets/tpp/level/location/mafr/block_small/134/134_134/lba/mafr_wdbx001_vrtn001.lba</containerEntry>
        </property>
        <property name="flags1" type="UInt32" container="StaticArray" arraySize="1">
          <containerEntry>2147746048</containerEntry>
        </property>
        <property name="flags2" type="UInt32" container="StaticArray" arraySize="1">
          <containerEntry>65536</containerEntry>
        </property>
      </staticProperties>
      <dynamicProperties></dynamicProperties>
    </entity>
    <entity class="StaticModelArray" classVersion="4" classID="0xD0" addr="0x33070F0" id="0x0">
      <staticProperties>
        <property name="name" type="String" container="StaticArray" arraySize="1">
          <containerEntry>StaticModelArray0000</containerEntry>
        </property>
        <property name="dataSet" type="EntityHandle" container="StaticArray" arraySize="1">
          <containerEntry>0x3303500</containerEntry>
        </property>
        <property name="modelFile" type="FilePtr" container="StaticArray" arraySize="1">
          <containerEntry>/Assets/tpp/environ/object/middle_africa/mud/mafr_mudd003/scenes/mafr_mudd003_grnd001.fmdl</containerEntry>
        </property>
        <property name="geomFile" type="FilePtr" container="StaticArray" arraySize="1">
          <containerEntry>/Assets/tpp/environ/object/middle_africa/mud/mafr_mudd003/scenes/mafr_mudd003_grnd001.geom</containerEntry>
        </property>
        <property name="isVisibleGeom" type="Bool" container="StaticArray" arraySize="1">
          <containerEntry>false</containerEntry>
        </property>
        <property name="lodFarSize" type="Float" container="StaticArray" arraySize="1">
          <containerEntry>-1</containerEntry>
        </property>
        <property name="lodNearSize" type="Float" container="StaticArray" arraySize="1">
          <containerEntry>-1</containerEntry>
        </property>
        <property name="lodPolygonSize" type="Float" container="StaticArray" arraySize="1">
          <containerEntry>-1</containerEntry>
        </property>
        <property name="drawRejectionLevel" type="Int32" container="StaticArray" arraySize="1">
          <containerEntry>8</containerEntry>
        </property>
        <property name="drawMode" type="Int32" container="StaticArray" arraySize="1">
          <containerEntry>0</containerEntry>
        </property>
        <property name="rejectFarRangeShadowCast" type="Int32" container="StaticArray" arraySize="1">
          <containerEntry>2</containerEntry>
        </property>
        <property name="parentLocator" type="EntityLink" container="StaticArray" arraySize="1">
          <containerEntry packagePathHash="0xB8A0BF169F98" archivePathHash="0xB8A0BF169F98" nameInArchiveHash="0xB8A0BF169F98">0x0</containerEntry>
        </property>
        <property name="transforms" type="Matrix4" container="DynamicArray" arraySize="21">
          <containerEntry r11="-0.18072854" r12="-0.011475687" r13="-0.9834656" r14="0" r21="0.033361875" r22="0.999285" r23="-0.017791096" r24="0" r31="0.9829666" r32="-0.036025632" r33="-0.18021643" r34="0" r41="252.59456" r42="-7.24297" r43="169.32758" r44="1"></containerEntry>
          <containerEntry r11="0.24839187" r12="-0.011475364" r13="0.9685914" r14="0" r21="-0.032049663" r22="0.999285" r23="0.020058013" r24="0" r31="-0.968129" r32="-0.036025282" r33="0.24784648" r34="0" r41="241.71625" r42="-7.24297" r43="158.92961" r44="1"></containerEntry>
          <containerEntry r11="0.35988382" r12="-0.025632873" r13="0.9326441" r14="0" r21="-0.046894386" r22="0.99786216" r23="0.045520596" r24="0" r31="-0.93181705" r32="-0.060117915" r33="0.35791242" r34="0" r41="253.76541" r42="-7.341513" r43="180.62917" r44="1"></containerEntry>
          <containerEntry r11="0.079760626" r12="-0.01147444" r13="0.9967482" r14="0" r21="-0.03499818" r22="0.999285" r23="0.014304237" r24="0" r31="-0.9961997" r32="-0.036025286" r33="0.07930201" r34="0" r41="229.08911" r42="-7.24297" r43="149.06755" r44="1"></containerEntry>
          <containerEntry r11="0.8285899" r12="-0.00435567" r13="0.5598393" r14="0" r21="6.912742e-07" r22="0.9999697" r23="0.007778963" r24="0" r31="-0.55985624" r32="-0.0064451853" r33="0.8285649" r34="0" r41="158.62924" r42="-7.233351" r43="185.01991" r44="1"></containerEntry>
          <containerEntry r11="0.32632732" r12="0" r13="0.94525725" r14="0" r21="0" r22="1" r23="0" r24="0" r31="-0.94525725" r32="0" r33="0.32632732" r34="0" r41="166.62737" r42="-7.233351" r43="186.90396" r44="1"></containerEntry>
          <containerEntry r11="-0.90286887" r12="0" r13="-0.4299161" r14="0" r21="0" r22="1" r23="0" r24="0" r31="0.4299161" r32="0" r33="-0.90286887" r34="0" r41="160.1486" r42="-7.300676" r43="200.69632" r44="1"></containerEntry>
          <containerEntry r11="0.08867431" r12="0" r13="0.99606055" r14="0" r21="0" r22="1" r23="0" r24="0" r31="-0.99606055" r32="0" r33="0.08867431" r34="0" r41="167.7287" r42="-7.300676" r43="204.7559" r44="1"></containerEntry>
          <containerEntry r11="-0.8957783" r12="0" r13="-0.4444972" r14="0" r21="0" r22="1" r23="0" r24="0" r31="0.4444972" r32="0" r33="-0.8957783" r34="0" r41="173.38094" r42="-7.237967" r43="215.01295" r44="1"></containerEntry>
          <containerEntry r11="0.9682192" r12="-0.041731406" r13="0.24659675" r14="0" r21="0.023806352" r22="0.99688196" r23="0.07523009" r24="0" r31="-0.24896732" r32="-0.066968635" r33="0.96619374" r34="0" r41="184.85521" r42="-7.237967" r43="210.92009" r44="1"></containerEntry>
          <containerEntry r11="-0.13165027" r12="-0.06120342" r13="0.98940533" r14="0" r21="-0.08957578" r22="0.99474347" r23="0.04961472" r24="0" r31="-0.9872411" r32="-0.08209496" r33="-0.13644058" r34="0" r41="206.6437" r42="-7.356758" r43="202.61147" r44="1"></containerEntry>
          <containerEntry r11="0.75298077" r12="-0.013000065" r13="0.65791434" r14="0" r21="0.026996346" r22="0.9995734" r23="-0.01114616" r24="0" r31="-0.65748876" r32="0.026154118" r33="0.7530105" r34="0" r41="226.25494" r42="-7.12013" r43="195.79134" r44="1"></containerEntry>
          <containerEntry r11="0.045478895" r12="0.000116614625" r13="0.99896616" r14="0" r21="0.0064269938" r22="0.99997926" r23="-0.00040933397" r24="0" r31="-0.99894553" r32="0.00643896" r33="0.04547721" r34="0" r41="231.81935" r42="-7.12013" r43="199.00165" r44="1"></containerEntry>
          <containerEntry r11="1" r12="0" r13="0" r14="0" r21="0" r22="0.99888617" r23="0.04718488" r24="0" r31="0" r32="-0.04718488" r33="0.99888617" r34="0" r41="253.64545" r42="-6.945656" r43="205.78453" r44="1"></containerEntry>
          <containerEntry r11="-0.0017119581" r12="-0.10288437" r13="-0.9946926" r14="0" r21="-0.030575976" r22="0.9942336" r23="-0.102784365" r24="0" r31="0.9995318" r32="0.030237794" r33="-0.004847884" r34="0" r41="255.82964" r42="-6.833494" r43="222.36224" r44="1"></containerEntry>
          <containerEntry r11="0.0055735195" r12="-0.011475251" r13="-0.9999188" r14="0" r21="0.036091547" r22="0.999285" r23="-0.011266801" r24="0" r31="0.99933314" r32="-0.03602581" r33="0.0059837103" r34="0" r41="239.14177" r42="-7.230453" r43="132.65465" r44="1"></containerEntry>
          <containerEntry r11="-0.850879" r12="-0.011474636" r13="-0.52523637" r14="0" r21="0.009166288" r22="0.99928504" r23="-0.036680315" r24="0" r31="0.52528167" r32="-0.036024977" r33="-0.8501655" r34="0" r41="252.6054" r42="-7.25634" r43="150.7531" r44="1"></containerEntry>
          <containerEntry r11="-0.40312192" r12="-0.011474517" r13="0.9150738" r14="0" r21="-0.037593342" r22="0.999285" r23="-0.0040307175" r24="0" r31="-0.9143732" r32="-0.03602557" r33="-0.40326506" r34="0" r41="254.84204" r42="-7.25634" r43="147.1709" r44="1"></containerEntry>
          <containerEntry r11="-0.90840864" r12="0.118426576" r13="-0.40095043" r14="0" r21="0.083591565" r22="0.99112576" r23="0.10335426" r24="0" r31="0.4096322" r32="0.06037216" r33="-0.9102467" r34="0" r41="132.79372" r42="-6.805312" r43="165.77249" r44="1"></containerEntry>
          <containerEntry r11="-0.78932136" r12="0.104079165" r13="-0.6050894" r14="0" r21="0.038627528" r22="0.99199307" r23="0.12024013" r24="0" r31="0.612759" r32="0.07153533" r33="-0.7870216" r34="0" r41="141.32808" r42="-6.933824" r43="166.39279" r44="1"></containerEntry>
          <containerEntry r11="-0.8670618" r12="-0.019575434" r13="0.4978117" r14="0" r21="-0.0245443" r22="0.9996928" r23="-0.0034391587" r24="0" r31="-0.49759147" r32="-0.015200425" r33="-0.8672759" r34="0" r41="147.64966" r42="-7.208234" r43="164.2169" r44="1"></containerEntry>
        </property>
        <property name="colors" type="UInt32" container="DynamicArray" arraySize="21">
          <containerEntry>4294967295</containerEntry>
          <containerEntry>4294967295</containerEntry>
          <containerEntry>4294967295</containerEntry>
          <containerEntry>4294967295</containerEntry>
          <containerEntry>4294967295</containerEntry>
          <containerEntry>4294967295</containerEntry>
          <containerEntry>4294967295</containerEntry>
          <containerEntry>4294967295</containerEntry>
          <containerEntry>4294967295</containerEntry>
          <containerEntry>4294967295</containerEntry>
          <containerEntry>4294967295</containerEntry>
          <containerEntry>4294967295</containerEntry>
          <containerEntry>4294967295</containerEntry>
          <containerEntry>4294967295</containerEntry>
          <containerEntry>4294967295</containerEntry>
          <containerEntry>4294967295</containerEntry>
          <containerEntry>4294967295</containerEntry>
          <containerEntry>4294967295</containerEntry>
          <containerEntry>4294967295</containerEntry>
          <containerEntry>4294967295</containerEntry>
          <containerEntry>4294967295</containerEntry>
        </property>
      </staticProperties>
      <dynamicProperties></dynamicProperties>
    </entity>
    <entity class="StaticModelArray" classVersion="4" classID="0xD0" addr="0x3307390" id="0x0">
      <staticProperties>
        <property name="name" type="String" container="StaticArray" arraySize="1">
          <containerEntry>StaticModelArray0001</containerEntry>
        </property>
        <property name="dataSet" type="EntityHandle" container="StaticArray" arraySize="1">
          <containerEntry>0x3303500</containerEntry>
        </property>
        <property name="modelFile" type="FilePtr" container="StaticArray" arraySize="1">
          <containerEntry>/Assets/tpp/environ/object/middle_africa/mud/mafr_mudd003/scenes/mafr_mudd003.fmdl</containerEntry>
        </property>
        <property name="geomFile" type="FilePtr" container="StaticArray" arraySize="1">
          <containerEntry>/Assets/tpp/environ/object/middle_africa/mud/mafr_mudd003/scenes/mafr_mudd003.geom</containerEntry>
        </property>
        <property name="isVisibleGeom" type="Bool" container="StaticArray" arraySize="1">
          <containerEntry>false</containerEntry>
        </property>
        <property name="lodFarSize" type="Float" container="StaticArray" arraySize="1">
          <containerEntry>-1</containerEntry>
        </property>
        <property name="lodNearSize" type="Float" container="StaticArray" arraySize="1">
          <containerEntry>-1</containerEntry>
        </property>
        <property name="lodPolygonSize" type="Float" container="StaticArray" arraySize="1">
          <containerEntry>-1</containerEntry>
        </property>
        <property name="drawRejectionLevel" type="Int32" container="StaticArray" arraySize="1">
          <containerEntry>8</containerEntry>
        </property>
        <property name="drawMode" type="Int32" container="StaticArray" arraySize="1">
          <containerEntry>0</containerEntry>
        </property>
        <property name="rejectFarRangeShadowCast" type="Int32" container="StaticArray" arraySize="1">
          <containerEntry>2</containerEntry>
        </property>
        <property name="parentLocator" type="EntityLink" container="StaticArray" arraySize="1">
          <containerEntry packagePathHash="0xB8A0BF169F98" archivePathHash="0xB8A0BF169F98" nameInArchiveHash="0xB8A0BF169F98">0x0</containerEntry>
        </property>
        <property name="transforms" type="Matrix4" container="DynamicArray" arraySize="91">
          <containerEntry r11="-0.880312" r12="0.019010369" r13="0.47400346" r14="0" r21="0.02111226" r22="0.9997767" r23="-0.00088742" r24="0" r31="-0.47391447" r32="0.0092261005" r33="-0.8805168" r34="0" r41="161.91415" r42="-7.456509" r43="155.32439" r44="1"></containerEntry>
          <containerEntry r11="0.67075735" r12="-0.013505757" r13="0.74155265" r14="0" r21="0.021112036" r22="0.9997767" r23="-0.0008877227" r24="0" r31="-0.741375" r32="0.016251173" r33="0.67089283" r34="0" r41="163.57825" r42="-7.367881" r43="160.0446" r44="1"></containerEntry>
          <containerEntry r11="-0.38758472" r12="0.009003578" r13="0.9217842" r14="0" r21="0.021111622" r22="0.9997767" r23="-0.0008883942" r24="0" r31="-0.92158645" r32="0.019116104" r33="-0.38768828" r34="0" r41="159.84164" r42="-7.468847" r43="163.8603" r44="1"></containerEntry>
          <containerEntry r11="0.67075735" r12="-0.013505757" r13="0.74155265" r14="0" r21="0.021112036" r22="0.9997767" r23="-0.0008877227" r24="0" r31="-0.741375" r32="0.016251173" r33="0.67089283" r34="0" r41="193.77702" r42="-7.502834" r43="165.0025" r44="1"></containerEntry>
          <containerEntry r11="0.99996734" r12="-0.005906262" r13="-0.00551627" r14="0" r21="0.0057930355" r22="0.9997767" r23="-0.020321092" r24="0" r31="0.0056350604" r32="0.020288473" r33="0.9997783" r34="0" r41="242.29999" r42="-7.308322" r43="170.05449" r44="1"></containerEntry>
          <containerEntry r11="0.49223888" r12="-0.011168052" r13="-0.87038755" r14="0" r21="0.02111265" r22="0.9997767" r23="-0.000888234" r24="0" r31="0.87020314" r32="-0.017938996" r33="0.49236476" r34="0" r41="224.11044" r42="-7.323925" r43="175.637" r44="1"></containerEntry>
          <containerEntry r11="-0.9013603" r12="-0.010401929" r13="0.4329357" r14="0" r21="-0.017338686" r22="0.9997767" r23="-0.0120776715" r24="0" r31="-0.43271345" r32="-0.018392935" r33="-0.9013394" r34="0" r41="216.12155" r42="-7.404811" r43="225.33475" r44="1"></containerEntry>
          <containerEntry r11="-0.80394346" r12="-0.04460215" r13="-0.59302586" r14="0" r21="-0.012402007" r22="0.99822414" r23="-0.058264464" r24="0" r31="0.5945714" r32="-0.03948678" r33="-0.80306894" r34="0" r41="191.9569" r42="-7.156968" r43="203.81735" r44="1"></containerEntry>
          <containerEntry r11="0.89470786" r12="0.0048723025" r13="-0.44662464" r14="0" r21="-0.018760934" r22="0.99946797" r23="-0.026679689" r24="0" r31="0.44625705" r32="0.032249637" r33="0.8943232" r34="0" r41="159.89923" r42="-7.331025" r43="234.43925" r44="1"></containerEntry>
          <containerEntry r11="0.96545124" r12="0.025109611" r13="0.25937074" r14="0" r21="-0.0315461" r22="0.99928826" r23="0.020682596" r24="0" r31="-0.2586668" r32="-0.028150197" r33="0.9655562" r34="0" r41="143.58495" r42="-7.289512" r43="196.42046" r44="1"></containerEntry>
          <containerEntry r11="-0.8006598" r12="0.0014891019" r13="0.5991124" r14="0" r21="0.02047608" r22="0.9994807" r23="0.02488028" r24="0" r31="-0.5987642" r32="0.032188207" r33="-0.8002745" r34="0" r41="167.17877" r42="-7.38176" r43="239.7616" r44="1"></containerEntry>
          <containerEntry r11="-0.7596734" r12="0.02014798" r13="-0.64998114" r14="0" r21="0.019446705" r22="0.9997767" r23="0.008262037" r24="0" r31="0.6500025" r32="-0.0063635334" r33="-0.7598956" r34="0" r41="146.51198" r42="-7.254899" r43="156.45473" r44="1"></containerEntry>
          <containerEntry r11="0.9647023" r12="0.06377734" r13="0.25550288" r14="0" r21="-0.06350818" r22="0.99793786" r23="-0.009312378" r24="0" r31="-0.25556993" r32="-0.007242888" r33="0.9667634" r34="0" r41="148.009" r42="-7.443513" r43="200.79582" r44="1"></containerEntry>
          <containerEntry r11="-0.6889251" r12="-0.038168374" r13="0.72381985" r14="0" r21="-0.015013448" r22="0.99914974" r23="0.038397152" r24="0" r31="-0.72467005" r32="0.015585892" r33="-0.6889124" r34="0" r41="137.57666" r42="-7.397173" r43="198.55032" r44="1"></containerEntry>
          <containerEntry r11="0.69711494" r12="0.06377732" r13="-0.7141159" r14="0" r21="-0.0393566" r22="0.9979379" r23="0.050705582" r24="0" r31="0.71587723" r32="-0.007242322" r33="0.6981875" r34="0" r41="153.92636" r42="-7.397078" r43="200.82301" r44="1"></containerEntry>
          <containerEntry r11="0.96410173" r12="0.05574979" r13="0.2596143" r14="0" r21="-0.065994404" r22="0.9973412" r23="0.030906372" r24="0" r31="-0.25720102" r32="-0.046930015" r33="0.9652176" r34="0" r41="143.58495" r42="-7.442139" r43="185.34476" r44="1"></containerEntry>
          <containerEntry r11="0.89706874" r12="0.019976733" r13="-0.44143838" r14="0" r21="-0.029398477" r22="0.99946237" r23="-0.014512619" r24="0" r31="0.44091117" r32="0.025996475" r33="0.89717376" r34="0" r41="150.44804" r42="-7.336665" r43="185.38873" r44="1"></containerEntry>
          <containerEntry r11="-0.9838997" r12="0.043498702" r13="0.17332402" r14="0" r21="0.035060056" r22="0.9980597" r23="-0.05145599" r24="0" r31="-0.17522597" r32="-0.044550978" r33="-0.9835157" r34="0" r41="137.52808" r42="-7.207817" r43="182.0924" r44="1"></containerEntry>
          <containerEntry r11="-0.98752004" r12="0.07028716" r13="-0.14088222" r14="0" r21="0.0767915" r22="0.99619263" r23="-0.041269824" r24="0" r31="0.13744509" r32="-0.051573716" r33="-0.9891577" r34="0" r41="132.12619" r42="-7.240425" r43="178.53932" r44="1"></containerEntry>
          <containerEntry r11="0.88343173" r12="0.019977532" r13="0.46813276" r14="0" r21="-0.0054715485" r22="0.99946237" r23="-0.03232628" r24="0" r31="-0.46852687" r32="0.025996627" r33="0.8830661" r34="0" r41="170.45935" r42="-7.411721" r43="188.65137" r44="1"></containerEntry>
          <containerEntry r11="-0.43837625" r12="0.047648646" r13="-0.89752305" r14="0" r21="0.03453534" r22="0.9987493" r23="0.03615433" r24="0" r31="0.89812326" r32="-0.015147005" r33="-0.4394735" r34="0" r41="169.6209" r42="-7.416485" r43="209.87138" r44="1"></containerEntry>
          <containerEntry r11="-0.43837625" r12="0.047648646" r13="-0.89752305" r14="0" r21="0.03453534" r22="0.9987493" r23="0.03615433" r24="0" r31="0.89812326" r32="-0.015147005" r33="-0.4394735" r34="0" r41="154.6416" r42="-7.441878" r43="223.02817" r44="1"></containerEntry>
          <containerEntry r11="0.6409577" r12="0.05709394" r13="0.76544815" r14="0" r21="-0.042202502" r22="0.9983427" r23="-0.03912642" r24="0" r31="-0.7664134" r32="-0.0072256196" r33="0.64230496" r34="0" r41="162.28802" r42="-7.441878" r43="232.83736" r44="1"></containerEntry>
          <containerEntry r11="0.85093135" r12="0.0048728012" r13="0.5252537" r14="0" r21="0.012794796" r22="0.999468" r23="-0.030000096" r24="0" r31="-0.52512044" r32="0.03224854" r33="0.8504163" r34="0" r41="157.71463" r42="-7.331025" r43="229.6353" r44="1"></containerEntry>
          <containerEntry r11="-0.26462683" r12="0.010281765" r13="-0.9642967" r14="0" r21="-0.011258" r22="1.1998421" r23="0.015882729" r24="0" r31="0.9643059" r32="0.0125491945" r33="-0.26449555" r34="0" r41="147.04291" r42="-7.354712" r43="235.70738" r44="1"></containerEntry>
          <containerEntry r11="0.035859022" r12="-0.006586153" r13="-0.9993349" r14="0" r21="-0.032405984" r22="0.9994448" r23="-0.007749687" r24="0" r31="0.998831" r32="0.032662332" r33="0.035625696" r34="0" r41="149.88704" r42="-7.400727" r43="242.59341" r44="1"></containerEntry>
          <containerEntry r11="0.3059291" r12="0.019977918" r13="0.9518412" r14="0" r21="0.01864328" r22="0.99946237" r23="-0.026969325" r24="0" r31="-0.95186824" r32="0.025996137" r33="0.30539215" r34="0" r41="172.17848" r42="-7.408654" r43="193.10423" r44="1"></containerEntry>
          <containerEntry r11="0.9792978" r12="0.019978328" r13="-0.20143603" r14="0" r21="-0.024800753" r22="0.99946237" r23="-0.02144458" r24="0" r31="0.20089929" r32="0.025996419" r33="0.9792668" r34="0" r41="175.38689" r42="-7.34292" r43="199.24895" r44="1"></containerEntry>
          <containerEntry r11="-0.995008" r12="0.01997698" r13="0.097667806" r14="0" r21="0.022414694" r22="0.9994624" r23="0.023925826" r24="0" r31="-0.09713734" r32="0.025995843" r33="-0.9949209" r34="0" r41="180.30344" r42="-7.363219" r43="200.99767" r44="1"></containerEntry>
          <containerEntry r11="0.60823333" r12="0.047649004" r13="-0.79232514" r14="0" r21="-0.01698193" r22="0.99874926" r23="0.047026563" r24="0" r31="0.7935749" r32="-0.015147805" r33="0.60828173" r34="0" r41="178.76523" r42="-7.363509" r43="215.06848" r44="1"></containerEntry>
          <containerEntry r11="-0.9060623" r12="0.03317181" r13="-0.42183834" r14="0" r21="0.03362205" r22="0.9994143" r23="0.006373665" r24="0" r31="0.4218027" r32="-0.008408135" r33="-0.9066469" r34="0" r41="189.82047" r42="-7.324687" r43="213.65337" r44="1"></containerEntry>
          <containerEntry r11="-0.9416869" r12="0.033172596" r13="-0.33484867" r14="0" r21="0.03407305" r22="0.99941427" r23="0.0031864867" r24="0" r31="0.33475825" r32="-0.008408645" r33="-0.9422656" r34="0" r41="195.83144" r42="-7.493515" r43="216.69684" r44="1"></containerEntry>
          <containerEntry r11="-0.92490494" r12="0.0021688351" r13="0.38019076" r14="0" r21="-0.0057082614" r22="0.9997918" r23="-0.019590124" r24="0" r31="-0.3801541" r32="-0.020289242" r33="-0.92469996" r34="0" r41="197.2468" r42="-7.156968" r43="205.44939" r44="1"></containerEntry>
          <containerEntry r11="0.9946881" r12="-0.024626886" r13="0.09994581" r14="0" r21="0.029774329" r22="0.99828815" r23="-0.050341524" r24="0" r31="-0.09853496" r32="0.053049937" r33="0.99371856" r34="0" r41="204.44301" r42="-7.367138" r43="205.87173" r44="1"></containerEntry>
          <containerEntry r11="0.9922686" r12="-0.0090131555" r13="-0.123781085" r14="0" r21="0.0018652095" r22="0.9983298" r23="-0.057741378" r24="0" r31="0.124094784" r32="0.057064075" r33="0.9906281" r34="0" r41="201.70946" r42="-7.420469" r43="219.5245" r44="1"></containerEntry>
          <containerEntry r11="0.08632945" r12="-0.024627402" r13="0.99596167" r14="0" r21="0.05499141" r22="0.99828815" r23="0.019918323" r24="0" r31="-0.9947473" r32="0.05304984" r33="0.08753598" r34="0" r41="227.97523" r42="-7.367138" r43="208.21408" r44="1"></containerEntry>
          <containerEntry r11="-0.6026796" r12="-0.024627501" r13="0.79760426" r14="0" r21="0.027512008" r22="0.99828815" r23="0.0516124" r24="0" r31="-0.79750997" r32="0.053049378" r33="-0.6009704" r34="0" r41="222.48473" r42="-7.367138" r43="212.8722" r44="1"></containerEntry>
          <containerEntry r11="0.9939417" r12="-0.02462609" r13="-0.107113965" r14="0" r21="0.01876388" r22="0.99828815" r23="-0.05539623" r24="0" r31="0.10829479" r32="0.05305074" r33="0.9927023" r34="0" r41="218.07146" r42="-7.367138" r43="212.48167" r44="1"></containerEntry>
          <containerEntry r11="-0.9961096" r12="-0.0246269" r13="0.0845255" r14="0" r21="-0.020017244" r22="0.9982881" r23="0.05495628" r24="0" r31="-0.08573421" r32="0.053050905" r33="-0.9948973" r34="0" r41="211.25542" r42="-7.411607" r43="210.00517" r44="1"></containerEntry>
          <containerEntry r11="-0.9479912" r12="-0.02462703" r13="-0.3173407" r14="0" r21="-0.040165953" r22="0.99828804" r23="0.042516187" r24="0" r31="0.3157504" r32="0.053051285" r33="-0.9473575" r34="0" r41="209.44058" r42="-7.411607" r43="205.80255" r44="1"></containerEntry>
          <containerEntry r11="0.8989846" r12="-0.024628002" r13="-0.43728665" r14="0" r21="-0.0010962365" r22="0.99828815" r23="-0.05847715" r24="0" r31="0.43797824" r32="0.053049408" r33="0.8974187" r34="0" r41="226.21997" r42="-7.478973" r43="201.11238" r44="1"></containerEntry>
          <containerEntry r11="0.87717396" r12="-0.011167439" r13="0.480043" r14="0" r21="0.0011822511" r22="0.9997767" r23="0.021097928" r24="0" r31="-0.48017144" r32="-0.017939024" r33="0.87699133" r34="0" r41="236.05104" r42="-7.353784" r43="168.34889" r44="1"></containerEntry>
          <containerEntry r11="0.67777556" r12="-0.01116775" r13="0.7351829" r14="0" r21="-0.0056213806" r22="0.9997767" r23="0.020369418" r24="0" r31="-0.7352462" r32="-0.017938629" r33="0.67756146" r34="0" r41="211.37137" r42="-7.239343" r43="170.84607" r44="1"></containerEntry>
          <containerEntry r11="-0.9067567" r12="0.018412743" r13="-0.42124006" r14="0" r21="-0.0015216498" r22="0.99889666" r23="0.046937957" r24="0" r31="0.42163953" r32="0.043202527" r33="-0.9057282" r34="0" r41="215.74896" r42="-7.277705" r43="168.8401" r44="1"></containerEntry>
          <containerEntry r11="-0.721274" r12="0.018412061" r13="-0.6923991" r14="0" r21="-0.016653694" r22="0.9988966" r23="0.043910544" r24="0" r31="0.69244355" r32="0.043202747" r33="-0.7201716" r34="0" r41="221.30087" r42="-7.277705" r43="170.13483" r44="1"></containerEntry>
          <containerEntry r11="0.93071806" r12="0.016989378" r13="-0.36534235" r14="0" r21="-0.027451595" r22="0.9993478" r23="-0.023461219" r24="0" r31="0.36470547" r32="0.031865027" r33="0.9305774" r34="0" r41="219.1766" r42="-7.452557" r43="176.825" r44="1"></containerEntry>
          <containerEntry r11="0.9861075" r12="-0.019972434" r13="-0.16490303" r14="0" r21="0.008363111" r22="0.99745566" r23="-0.07079722" r24="0" r31="0.16589744" r32="0.068434566" r33="0.9837656" r34="0" r41="249.96007" r42="-7.511064" r43="174.97635" r44="1"></containerEntry>
          <containerEntry r11="0.044167683" r12="0.022013498" r13="0.998782" r14="0" r21="0.032090876" r22="0.99921" r23="-0.023442063" r24="0" r31="-0.998509" r32="0.033087164" r33="0.043426335" r34="0" r41="170.42854" r42="-7.38176" r43="247.53682" r44="1"></containerEntry>
          <containerEntry r11="-0.5951483" r12="0.022014014" r13="0.80330914" r14="0" r21="0.039689817" r22="0.99921" r23="0.0020227144" r24="0" r31="-0.80263" r32="0.0330871" r33="-0.59555185" r34="0" r41="179.69333" r42="-7.38176" r43="237.76727" r44="1"></containerEntry>
          <containerEntry r11="0.6121362" r12="0.009002642" r13="0.7906996" r14="0" r21="0.009605928" r22="0.9997767" r23="-0.018819675" r24="0" r31="-0.79069245" r32="0.019115608" r33="0.61191297" r34="0" r41="190.99023" r42="-7.468847" r43="159.98543" r44="1"></containerEntry>
          <containerEntry r11="-0.9666083" r12="0.009003269" r13="0.25607502" r14="0" r21="0.0135967545" r22="0.9997768" r23="0.016173195" r24="0" r31="-0.25587225" r32="0.01911505" r33="-0.9665149" r34="0" r41="200.10698" r42="-7.349745" r43="170.0353" r44="1"></containerEntry>
          <containerEntry r11="-0.9077465" r12="0.009003036" r13="-0.41940373" r14="0" r21="0.00015365938" r22="0.9997768" r23="0.021128815" r24="0" r31="0.41950035" r32="0.019115329" r33="-0.9075452" r34="0" r41="192.7916" r42="-7.349745" r43="169.3931" r44="1"></containerEntry>
          <containerEntry r11="-0.17184937" r12="0.009002946" r13="-0.98507875" r14="0" r21="-0.017284457" r22="0.9997767" r23="0.012152615" r24="0" r31="0.98496825" r32="0.019115057" r33="-0.17165542" r34="0" r41="191.37701" r42="-7.349745" r43="174.784" r44="1"></containerEntry>
          <containerEntry r11="-0.52767706" r12="0.009002344" r13="-0.84939396" r14="0" r21="-0.011487759" r22="0.9997768" r23="0.01773284" r24="0" r31="0.84936404" r32="0.019114915" r33="-0.52745587" r34="0" r41="201.4773" r42="-7.349745" r43="175.5996" r44="1"></containerEntry>
          <containerEntry r11="0.67962104" r12="-0.04222788" r13="-0.7323474" r14="0" r21="-0.004457852" r22="0.99808556" r23="-0.061687578" r24="0" r31="0.73355037" r32="0.045188893" r33="0.6781317" r34="0" r41="197.78596" r42="-7.3876677" r43="179.9455" r44="1"></containerEntry>
          <containerEntry r11="0.28204173" r12="0.029620243" r13="0.9589431" r14="0" r21="-0.0072545614" r22="0.9995606" r23="-0.02874111" r24="0" r31="-0.959373" r32="0.0011494188" r33="0.2821327" r34="0" r41="208.60587" r42="-7.319878" r43="157.29456" r44="1"></containerEntry>
          <containerEntry r11="-0.266999" r12="0.018413285" r13="-0.96351695" r14="0" r21="-0.036728017" r22="0.99889666" r23="0.029267125" r24="0" r31="0.9629928" r32="0.04320258" r33="-0.2660281" r34="0" r41="209.5" r42="-7.280172" r43="163.72379" r44="1"></containerEntry>
          <containerEntry r11="-0.8565105" r12="0.02962059" r13="0.5152744" r14="0" r21="0.025974562" r22="0.99956053" r23="-0.014283688" r24="0" r31="-0.5154711" r32="0.0011498826" r33="-0.8569035" r34="0" r41="213.43434" r42="-7.347152" r43="151.77838" r44="1"></containerEntry>
          <containerEntry r11="0.9175338" r12="0.029619642" r13="0.39655283" r14="0" r21="-0.026732914" r22="0.9995606" r23="-0.0128060365" r24="0" r31="-0.39675787" r32="0.0011489373" r33="0.91792244" r34="0" r41="210.91766" r42="-7.319878" r43="147.49312" r44="1"></containerEntry>
          <containerEntry r11="-0.9061975" r12="0.022649553" r13="-0.42225134" r14="0" r21="-0.014585599" r22="0.99629605" r23="0.0847436" r24="0" r31="0.42260677" r32="0.08295309" r33="-0.9025106" r34="0" r41="246.7728" r42="-7.300635" r43="164.59021" r44="1"></containerEntry>
          <containerEntry r11="-0.72907066" r12="0.017815704" r13="-0.68420005" r14="0" r21="-0.052829996" r22="0.99521387" r23="0.08220889" r24="0" r31="0.68239" r32="0.09608284" r33="-0.72464" r34="0" r41="254.95352" r42="-7.415154" r43="185.92776" r44="1"></containerEntry>
          <containerEntry r11="0.99170697" r12="0.022649033" r13="-0.1265085" r14="0" r21="-0.032889046" r22="0.99629617" r23="-0.079450324" r24="0" r31="0.12424046" r32="0.08295219" r33="0.9887787" r34="0" r41="222.5804" r42="-7.312881" r43="146.85005" r44="1"></containerEntry>
          <containerEntry r11="0.9029481" r12="0.013020117" r13="-0.42955247" r14="0" r21="-0.0033856747" r22="0.99972546" r23="0.023185648" r24="0" r31="0.4297364" r32="-0.019481111" r33="0.9027442" r34="0" r41="239.9157" r42="-7.197028" r43="165.17223" r44="1"></containerEntry>
          <containerEntry r11="0.9635355" r12="-0.024627814" r13="0.26644436" r14="0" r21="0.037847154" r22="0.99828804" r23="-0.04459237" r24="0" r31="-0.26489" r32="0.053050514" r33="0.9628181" r34="0" r41="222.49329" r42="-7.459706" r43="192.86649" r44="1"></containerEntry>
          <containerEntry r11="-0.9588694" r12="-0.024628099" r13="0.28276068" r14="0" r21="-0.0085796155" r22="0.99828815" r23="0.057855036" r24="0" r31="-0.28370148" r32="0.05304971" r33="-0.95743924" r34="0" r41="236.73203" r42="-7.448917" r43="200.08904" r44="1"></containerEntry>
          <containerEntry r11="0.26874182" r12="-0.015008144" r13="-0.9630941" r14="0" r21="-0.08433307" r22="0.9956722" r23="-0.03904796" r24="0" r31="0.9595121" r32="0.09171459" r33="0.26631308" r34="0" r41="242.45374" r42="-7.448917" r43="201.18675" r44="1"></containerEntry>
          <containerEntry r11="-0.60400826" r12="0.017215922" r13="0.79678667" r14="0" r21="0.03096268" r22="0.9995188" r23="0.0018751761" r24="0" r31="-0.796371" r32="0.025803296" r33="-0.60425067" r34="0" r41="253.04175" r42="-7.3602667" r43="199.87286" r44="1"></containerEntry>
          <containerEntry r11="-0.11927413" r12="0.020148128" r13="0.99265647" r14="0" r21="-0.0039157905" r22="0.9997767" r23="-0.020763151" r24="0" r31="-0.99285316" r32="-0.006363552" r33="-0.11916864" r34="0" r41="149.66786" r42="-7.27872" r43="140.41081" r44="1"></containerEntry>
          <containerEntry r11="0.18966502" r12="-0.01350638" r13="0.98175424" r14="0" r21="0.018519005" r22="0.9997767" r23="0.010176647" r24="0" r31="-0.98167247" r32="0.016251013" r33="0.1898728" r34="0" r41="147.82446" r42="-7.393835" r43="128.55502" r44="1"></containerEntry>
          <containerEntry r11="0.7353618" r12="0.009003007" r13="-0.67761445" r14="0" r21="-0.01957434" r22="0.9997767" r23="-0.007959122" r24="0" r31="0.6773915" r32="0.019116703" r33="0.73537385" r34="0" r41="190.99023" r42="-7.311799" r43="134.89436" r44="1"></containerEntry>
