<fox formatVersion="2" fileVersion="0">
  <entities>
    <entity class="DataSet" classVersion="0" classID="0xE8" addr="0x2F53180" id="0x17F059">
      <staticProperties>
        <property name="name" type="String" container="StaticArray" arraySize="1">
          <containerEntry hash="0xB8A0BF169F98"></containerEntry>
        </property>
        <property name="dataSet" type="EntityHandle" container="StaticArray" arraySize="1">
          <containerEntry>0x0</containerEntry>
        </property>
        <property name="dataList" type="EntityPtr" container="StringMap" arraySize="15">
          <containerEntry key="StaticModelArray0000">
            <data>0x2F51200</data>
          </containerEntry>
          <containerEntry key="StaticModelArray0001">
            <data>0x2F51270</data>
          </containerEntry>
          <containerEntry key="StaticModelArray0002">
            <data>0x2F512E0</data>
          </containerEntry>
          <containerEntry key="StaticModelArray0003">
            <data>0x2F51350</data>
          </containerEntry>
          <containerEntry key="StaticModelArray0004">
            <data>0x2F51430</data>
          </containerEntry>
          <containerEntry key="StaticModelArray0005">
            <data>0x2F513C0</data>
          </containerEntry>
          <containerEntry key="StaticModelArray0006">
            <data>0x2F514A0</data>
          </containerEntry>
          <containerEntry key="StaticModelArray0007">
            <data>0x2F50A20</data>
          </containerEntry>
          <containerEntry key="StaticModelArray0008">
            <data>0x2F50940</data>
          </containerEntry>
          <containerEntry key="StaticModelArray0009">
            <data>0x2F50630</data>
          </containerEntry>
          <containerEntry key="StaticModelArray0010">
            <data>0x2D7D750</data>
          </containerEntry>
          <containerEntry key="StaticModelArray0011">
            <data>0x2F504E0</data>
          </containerEntry>
          <containerEntry key="StaticModelArray0012">
            <data>0x2F505C0</data>
          </containerEntry>
          <containerEntry key="StaticModelArray0013">
            <data>0x2F506A0</data>
          </containerEntry>
          <containerEntry key="TexturePackLoadConditioner0000">
            <data>0x2F516D0</data>
          </containerEntry>
        </property>
      </staticProperties>
      <dynamicProperties></dynamicProperties>
    </entity>
    <entity class="StaticModelArray" classVersion="4" classID="0xD0" addr="0x2F51200" id="0x0">
      <staticProperties>
        <property name="name" type="String" container="StaticArray" arraySize="1">
          <containerEntry>StaticModelArray0000</containerEntry>
        </property>
        <property name="dataSet" type="EntityHandle" container="StaticArray" arraySize="1">
          <containerEntry>0x2F53180</containerEntry>
        </property>
        <property name="modelFile" type="FilePtr" container="StaticArray" arraySize="1">
          <containerEntry>/Assets/tpp/environ/object/afghanistan/cliff/afgh_clff035/scenes/afgh_clff035_vrtn003.fmdl</containerEntry>
        </property>
        <property name="geomFile" type="FilePtr" container="StaticArray" arraySize="1">
          <containerEntry>/Assets/tpp/environ/object/afghanistan/cliff/afgh_clff035/scenes/afgh_clff035_vrtn003.geom</containerEntry>
        </property>
        <property name="isVisibleGeom" type="Bool" container="StaticArray" arraySize="1">
          <containerEntry>false</containerEntry>
        </property>
        <property name="lodFarSize" type="Float" container="StaticArray" arraySize="1">
          <containerEntry>-1</containerEntry>
        </property>
        <property name="lodNearSize" type="Float" container="StaticArray" arraySize="1">
          <containerEntry>-1</containerEntry>
        </property>
        <property name="lodPolygonSize" type="Float" container="StaticArray" arraySize="1">
          <containerEntry>-1</containerEntry>
        </property>
        <property name="drawRejectionLevel" type="Int32" container="StaticArray" arraySize="1">
          <containerEntry>8</containerEntry>
        </property>
        <property name="drawMode" type="Int32" container="StaticArray" arraySize="1">
          <containerEntry>0</containerEntry>
        </property>
        <property name="rejectFarRangeShadowCast" type="Int32" container="StaticArray" arraySize="1">
          <containerEntry>2</containerEntry>
        </property>
        <property name="parentLocator" type="EntityLink" container="StaticArray" arraySize="1">
          <containerEntry packagePathHash="0xB8A0BF169F98" archivePathHash="0xB8A0BF169F98" nameInArchiveHash="0xB8A0BF169F98">0x0</containerEntry>
        </property>
        <property name="transforms" type="Matrix4" container="DynamicArray" arraySize="2">
          <containerEntry r11="0.3867139" r12="0.0015246235" r13="0.92219853" r14="0" r21="0.047688637" r22="0.99862766" r23="-0.021648694" r24="0" r31="-0.9209659" r32="0.05235024" r33="0.38611048" r34="0" r41="1648.1147" r42="333.68008" r43="1737.0122" r44="1"></containerEntry>
          <containerEntry r11="-0.4596421" r12="-0.16451094" r13="0.8727322" r14="0" r21="-0.15393388" r22="0.9825774" r23="0.10414401" r24="0" r31="-0.87465984" r32="-0.086474076" r33="-0.4769578" r34="0" r41="1644.6255" r42="333.5322" r43="1750.7385" r44="1"></containerEntry>
        </property>
        <property name="colors" type="UInt32" container="DynamicArray" arraySize="2">
          <containerEntry>4294967295</containerEntry>
          <containerEntry>4294967295</containerEntry>
        </property>
      </staticProperties>
      <dynamicProperties></dynamicProperties>
    </entity>
    <entity class="StaticModelArray" classVersion="4" classID="0xD0" addr="0x2F51270" id="0x0">
      <staticProperties>
        <property name="name" type="String" container="StaticArray" arraySize="1">
          <containerEntry>StaticModelArray0001</containerEntry>
        </property>
        <property name="dataSet" type="EntityHandle" container="StaticArray" arraySize="1">
          <containerEntry>0x2F53180</containerEntry>
        </property>
        <property name="modelFile" type="FilePtr" container="StaticArray" arraySize="1">
          <containerEntry>/Assets/tpp/environ/object/afghanistan/rock/afgh_rock009/scenes/afgh_rock009_rock001.fmdl</containerEntry>
        </property>
        <property name="geomFile" type="FilePtr" container="StaticArray" arraySize="1">
          <containerEntry>/Assets/tpp/environ/object/afghanistan/rock/afgh_rock009/scenes/afgh_rock009_rock001.geom</containerEntry>
        </property>
        <property name="isVisibleGeom" type="Bool" container="StaticArray" arraySize="1">
          <containerEntry>false</containerEntry>
        </property>
        <property name="lodFarSize" type="Float" container="StaticArray" arraySize="1">
          <containerEntry>-1</containerEntry>
        </property>
        <property name="lodNearSize" type="Float" container="StaticArray" arraySize="1">
          <containerEntry>-1</containerEntry>
        </property>
        <property name="lodPolygonSize" type="Float" container="StaticArray" arraySize="1">
          <containerEntry>-1</containerEntry>
        </property>
        <property name="drawRejectionLevel" type="Int32" container="StaticArray" arraySize="1">
          <containerEntry>8</containerEntry>
        </property>
        <property name="drawMode" type="Int32" container="StaticArray" arraySize="1">
          <containerEntry>0</containerEntry>
        </property>
        <property name="rejectFarRangeShadowCast" type="Int32" container="StaticArray" arraySize="1">
          <containerEntry>2</containerEntry>
        </property>
        <property name="parentLocator" type="EntityLink" container="StaticArray" arraySize="1">
          <containerEntry packagePathHash="0xB8A0BF169F98" archivePathHash="0xB8A0BF169F98" nameInArchiveHash="0xB8A0BF169F98">0x0</containerEntry>
        </property>
        <property name="transforms" type="Matrix4" container="DynamicArray" arraySize="3">
          <containerEntry r11="-0.5664119" r12="0.25124177" r13="-0.7848843" r14="0" r21="-0.26978907" r22="-0.9564388" r23="-0.111463025" r24="0" r31="-0.77870375" r32="0.14861934" r33="0.6095324" r34="0" r41="1648.6346" r42="331.3436" r43="1718.9501" r44="1"></containerEntry>
          <containerEntry r11="-0.5371463" r12="-0.6599113" r13="-0.52533555" r14="0" r21="0.8230573" r22="-0.5462945" r23="-0.15532358" r24="0" r31="-0.18449126" r32="-0.51581573" r33="0.8365977" r34="0" r41="1657.454" r42="335.30038" r43="1727.4216" r44="1"></containerEntry>
          <containerEntry r11="-0.15203083" r12="-0.975234" r13="-0.16061491" r14="0" r21="0.97907025" r22="-0.17083998" r23="0.1105755" r24="0" r31="-0.13527748" r32="-0.14044249" r33="0.98080367" r34="0" r41="1639.2449" r42="323.60556" r43="1740.4161" r44="1"></containerEntry>
        </property>
        <property name="colors" type="UInt32" container="DynamicArray" arraySize="3">
          <containerEntry>4294967295</containerEntry>
          <containerEntry>4294967295</containerEntry>
          <containerEntry>4294967295</containerEntry>
        </property>
      </staticProperties>
      <dynamicProperties></dynamicProperties>
    </entity>
    <entity class="StaticModelArray" classVersion="4" classID="0xD0" addr="0x2F512E0" id="0x0">
      <staticProperties>
        <property name="name" type="String" container="StaticArray" arraySize="1">
          <containerEntry>StaticModelArray0002</containerEntry>
        </property>
        <property name="dataSet" type="EntityHandle" container="StaticArray" arraySize="1">
          <containerEntry>0x2F53180</containerEntry>
        </property>
        <property name="modelFile" type="FilePtr" container="StaticArray" arraySize="1">
          <containerEntry>/Assets/tpp/environ/object/afghanistan/tree/afgh_tree011/scenes/afgh_tree011_vrtn003.fmdl</containerEntry>
        </property>
        <property name="geomFile" type="FilePtr" container="StaticArray" arraySize="1">
          <containerEntry>/Assets/tpp/environ/object/afghanistan/tree/afgh_tree011/scenes/afgh_tree011_vrtn003.geom</containerEntry>
        </property>
        <property name="isVisibleGeom" type="Bool" container="StaticArray" arraySize="1">
          <containerEntry>false</containerEntry>
        </property>
        <property name="lodFarSize" type="Float" container="StaticArray" arraySize="1">
          <containerEntry>-1</containerEntry>
        </property>
        <property name="lodNearSize" type="Float" container="StaticArray" arraySize="1">
          <containerEntry>-1</containerEntry>
        </property>
        <property name="lodPolygonSize" type="Float" container="StaticArray" arraySize="1">
          <containerEntry>-1</containerEntry>
        </property>
        <property name="drawRejectionLevel" type="Int32" container="StaticArray" arraySize="1">
          <containerEntry>8</containerEntry>
        </property>
        <property name="drawMode" type="Int32" container="StaticArray" arraySize="1">
          <containerEntry>0</containerEntry>
        </property>
        <property name="rejectFarRangeShadowCast" type="Int32" container="StaticArray" arraySize="1">
          <containerEntry>2</containerEntry>
        </property>
        <property name="parentLocator" type="EntityLink" container="StaticArray" arraySize="1">
          <containerEntry packagePathHash="0xB8A0BF169F98" archivePathHash="0xB8A0BF169F98" nameInArchiveHash="0xB8A0BF169F98">0x0</containerEntry>
        </property>
        <property name="transforms" type="Matrix4" container="DynamicArray" arraySize="3">
          <containerEntry r11="1" r12="0" r13="0" r14="0" r21="0" r22="1" r23="0" r24="0" r31="0" r32="0" r33="1" r34="0" r41="1776.107" r42="363.364" r43="1676.3279" r44="1"></containerEntry>
          <containerEntry r11="1" r12="0" r13="0" r14="0" r21="0" r22="1" r23="0" r24="0" r31="0" r32="0" r33="1" r34="0" r41="1786.1836" r42="368.62952" r43="1709.3267" r44="1"></containerEntry>
          <containerEntry r11="1" r12="0" r13="0" r14="0" r21="0" r22="1" r23="0" r24="0" r31="0" r32="0" r33="1" r34="0" r41="1792.0339" r42="372.7519" r43="1649.1953" r44="1"></containerEntry>
        </property>
        <property name="colors" type="UInt32" container="DynamicArray" arraySize="3">
          <containerEntry>4294967295</containerEntry>
          <containerEntry>4294967295</containerEntry>
          <containerEntry>4294967295</containerEntry>
        </property>
      </staticProperties>
      <dynamicProperties></dynamicProperties>
    </entity>
    <entity class="StaticModelArray" classVersion="4" classID="0xD0" addr="0x2F51350" id="0x0">
      <staticProperties>
        <property name="name" type="String" container="StaticArray" arraySize="1">
          <containerEntry>StaticModelArray0003</containerEntry>
        </property>
        <property name="dataSet" type="EntityHandle" container="StaticArray" arraySize="1">
          <containerEntry>0x2F53180</containerEntry>
        </property>
        <property name="modelFile" type="FilePtr" container="StaticArray" arraySize="1">
          <containerEntry>/Assets/tpp/environ/object/afghanistan/tree/afgh_tree011/scenes/afgh_tree011_vrtn001.fmdl</containerEntry>
        </property>
        <property name="geomFile" type="FilePtr" container="StaticArray" arraySize="1">
          <containerEntry>/Assets/tpp/environ/object/afghanistan/tree/afgh_tree011/scenes/afgh_tree011_vrtn001.geom</containerEntry>
        </property>
        <property name="isVisibleGeom" type="Bool" container="StaticArray" arraySize="1">
          <containerEntry>false</containerEntry>
        </property>
        <property name="lodFarSize" type="Float" container="StaticArray" arraySize="1">
          <containerEntry>-1</containerEntry>
        </property>
        <property name="lodNearSize" type="Float" container="StaticArray" arraySize="1">
          <containerEntry>-1</containerEntry>
        </property>
        <property name="lodPolygonSize" type="Float" container="StaticArray" arraySize="1">
          <containerEntry>-1</containerEntry>
        </property>
        <property name="drawRejectionLevel" type="Int32" container="StaticArray" arraySize="1">
          <containerEntry>8</containerEntry>
        </property>
        <property name="drawMode" type="Int32" container="StaticArray" arraySize="1">
          <containerEntry>0</containerEntry>
        </property>
        <property name="rejectFarRangeShadowCast" type="Int32" container="StaticArray" arraySize="1">
          <containerEntry>2</containerEntry>
        </property>
        <property name="parentLocator" type="EntityLink" container="StaticArray" arraySize="1">
          <containerEntry packagePathHash="0xB8A0BF169F98" archivePathHash="0xB8A0BF169F98" nameInArchiveHash="0xB8A0BF169F98">0x0</containerEntry>
        </property>
        <property name="transforms" type="Matrix4" container="DynamicArray" arraySize="2">
          <containerEntry r11="-0.8537096" r12="0" r13="-0.5207499" r14="0" r21="0" r22="1" r23="0" r24="0" r31="0.5207499" r32="0" r33="-0.8537096" r34="0" r41="1804.8698" r42="366.45425" r43="1687.6993" r44="1"></containerEntry>
          <containerEntry r11="-0.93818915" r12="0" r13="0.34612814" r14="0" r21="0" r22="1" r23="0" r24="0" r31="-0.34612814" r32="0" r33="-0.93818915" r34="0" r41="1788.7972" r42="366.08517" r43="1671.7451" r44="1"></containerEntry>
        </property>
        <property name="colors" type="UInt32" container="DynamicArray" arraySize="2">
          <containerEntry>4294967295</containerEntry>
          <containerEntry>4294967295</containerEntry>
        </property>
      </staticProperties>
      <dynamicProperties></dynamicProperties>
    </entity>
    <entity class="StaticModelArray" classVersion="4" classID="0xD0" addr="0x2F51430" id="0x0">
      <staticProperties>
        <property name="name" type="String" container="StaticArray" arraySize="1">
          <containerEntry>StaticModelArray0004</containerEntry>
        </property>
        <property name="dataSet" type="EntityHandle" container="StaticArray" arraySize="1">
          <containerEntry>0x2F53180</containerEntry>
        </property>
        <property name="modelFile" type="FilePtr" container="StaticArray" arraySize="1">
          <containerEntry>/Assets/tpp/environ/object/afghanistan/cliff/afgh_clff022/scenes/afgh_clff022_vrtn001.fmdl</containerEntry>
        </property>
        <property name="geomFile" type="FilePtr" container="StaticArray" arraySize="1">
          <containerEntry>/Assets/tpp/environ/object/afghanistan/cliff/afgh_clff022/scenes/afgh_clff022_vrtn001.geom</containerEntry>
        </property>
        <property name="isVisibleGeom" type="Bool" container="StaticArray" arraySize="1">
          <containerEntry>false</containerEntry>
        </property>
        <property name="lodFarSize" type="Float" container="StaticArray" arraySize="1">
          <containerEntry>-1</containerEntry>
        </property>
        <property name="lodNearSize" type="Float" container="StaticArray" arraySize="1">
          <containerEntry>-1</containerEntry>
        </property>
        <property name="lodPolygonSize" type="Float" container="StaticArray" arraySize="1">
          <containerEntry>-1</containerEntry>
        </property>
        <property name="drawRejectionLevel" type="Int32" container="StaticArray" arraySize="1">
          <containerEntry>8</containerEntry>
        </property>
        <property name="drawMode" type="Int32" container="StaticArray" arraySize="1">
          <containerEntry>0</containerEntry>
        </property>
        <property name="rejectFarRangeShadowCast" type="Int32" container="StaticArray" arraySize="1">
          <containerEntry>2</containerEntry>
        </property>
        <property name="parentLocator" type="EntityLink" container="StaticArray" arraySize="1">
          <containerEntry packagePathHash="0xB8A0BF169F98" archivePathHash="0xB8A0BF169F98" nameInArchiveHash="0xB8A0BF169F98">0x0</containerEntry>
        </property>
        <property name="transforms" type="Matrix4" container="DynamicArray" arraySize="6">
          <containerEntry r11="1.0036426" r12="0" r13="0.6393765" r14="0" r21="0" r22="1.19" r23="0" r24="0" r31="-0.6393765" r32="0" r33="1.0036426" r34="0" r41="1555.4264" r42="331.2538" r43="1723.5894" r44="1"></containerEntry>
          <containerEntry r11="-0.3891678" r12="0" r13="-0.9211658" r14="0" r21="0" r22="1" r23="0" r24="0" r31="0.9211658" r32="0" r33="-0.3891678" r34="0" r41="1636.2252" r42="334.9122" r43="1694.4965" r44="1"></containerEntry>
          <containerEntry r11="-0.8658135" r12="0" r13="0.50036365" r14="0" r21="0" r22="1" r23="0" r24="0" r31="-0.50036365" r32="0" r33="-0.8658135" r34="0" r41="1555.5299" r42="331.22296" r43="1734.3984" r44="1"></containerEntry>
          <containerEntry r11="-0.98110485" r12="0" r13="-0.19347355" r14="0" r21="0" r22="1" r23="0" r24="0" r31="0.19347355" r32="0" r33="-0.98110485" r34="0" r41="1565.2578" r42="329.40146" r43="1749.4833" r44="1"></containerEntry>
          <containerEntry r11="-0.7793505" r12="0" r13="-0.62658316" r14="0" r21="0" r22="1" r23="0" r24="0" r31="0.62658316" r32="0" r33="-0.7793505" r34="0" r41="1554.878" r42="320.53076" r43="1703.6108" r44="1"></containerEntry>
          <containerEntry r11="0.5375185" r12="0" r13="0.84325176" r14="0" r21="0" r22="1" r23="0" r24="0" r31="-0.84325176" r32="0" r33="0.5375185" r34="0" r41="1660.8828" r42="340.82516" r43="1752.3517" r44="1"></containerEntry>
        </property>
        <property name="colors" type="UInt32" container="DynamicArray" arraySize="6">
          <containerEntry>4294967295</containerEntry>
          <containerEntry>4294967295</containerEntry>
          <containerEntry>4294967295</containerEntry>
          <containerEntry>4294967295</containerEntry>
          <containerEntry>4294967295</containerEntry>
          <containerEntry>4294967295</containerEntry>
        </property>
      </staticProperties>
      <dynamicProperties></dynamicProperties>
    </entity>
    <entity class="StaticModelArray" classVersion="4" classID="0xD0" addr="0x2F513C0" id="0x0">
      <staticProperties>
        <property name="name" type="String" container="StaticArray" arraySize="1">
          <containerEntry>StaticModelArray0005</containerEntry>
        </property>
        <property name="dataSet" type="EntityHandle" container="StaticArray" arraySize="1">
          <containerEntry>0x2F53180</containerEntry>
        </property>
        <property name="modelFile" type="FilePtr" container="StaticArray" arraySize="1">
          <containerEntry>/Assets/tpp/environ/object/afghanistan/rock/afgh_rock009/scenes/afgh_rock009_rock002.fmdl</containerEntry>
        </property>
        <property name="geomFile" type="FilePtr" container="StaticArray" arraySize="1">
          <containerEntry>/Assets/tpp/environ/object/afghanistan/rock/afgh_rock009/scenes/afgh_rock009_rock002.geom</containerEntry>
        </property>
        <property name="isVisibleGeom" type="Bool" container="StaticArray" arraySize="1">
          <containerEntry>false</containerEntry>
        </property>
        <property name="lodFarSize" type="Float" container="StaticArray" arraySize="1">
          <containerEntry>-1</containerEntry>
        </property>
        <property name="lodNearSize" type="Float" container="StaticArray" arraySize="1">
          <containerEntry>-1</containerEntry>
        </property>
        <property name="lodPolygonSize" type="Float" container="StaticArray" arraySize="1">
          <containerEntry>-1</containerEntry>
        </property>
        <property name="drawRejectionLevel" type="Int32" container="StaticArray" arraySize="1">
          <containerEntry>8</containerEntry>
        </property>
        <property name="drawMode" type="Int32" container="StaticArray" arraySize="1">
          <containerEntry>0</containerEntry>
        </property>
        <property name="rejectFarRangeShadowCast" type="Int32" container="StaticArray" arraySize="1">
          <containerEntry>2</containerEntry>
        </property>
        <property name="parentLocator" type="EntityLink" container="StaticArray" arraySize="1">
          <containerEntry packagePathHash="0xB8A0BF169F98" archivePathHash="0xB8A0BF169F98" nameInArchiveHash="0xB8A0BF169F98">0x0</containerEntry>
        </property>
        <property name="transforms" type="Matrix4" container="DynamicArray" arraySize="13">
          <containerEntry r11="-0.97163373" r12="0.018741546" r13="-0.23564099" r14="0" r21="-0.01619087" r22="0.9892346" r23="0.14543882" r24="0" r31="0.23582996" r32="0.14513218" r33="-0.96087" r34="0" r41="1606.3044" r42="317.3765" r43="1770.6368" r44="1"></containerEntry>
          <containerEntry r11="-0.73053294" r12="0.08760741" r13="-0.6771997" r14="0" r21="-0.016189996" r22="0.98923475" r23="0.1454381" r24="0" r31="0.68265104" r32="0.11721476" r33="-0.72124994" r34="0" r41="1617.9159" r42="318.76068" r43="1767.6721" r44="1"></containerEntry>
          <containerEntry r11="-0.73053324" r12="0.08760715" r13="-0.6771997" r14="0" r21="0.064390846" r22="0.996155" r23="0.05940434" r24="0" r31="0.67980015" r32="-0.00020781904" r33="-0.7333654" r34="0" r41="1623.0374" r42="318.7656" r43="1750.9198" r44="1"></containerEntry>
          <containerEntry r11="0.78833026" r12="0.4564819" r13="-0.4124975" r14="0" r21="-0.5157001" r22="0.8559065" r23="-0.03838914" r24="0" r31="0.33553436" r32="0.24299097" r33="0.9101482" r34="0" r41="1634.5751" r42="322.8488" r43="1743.2688" r44="1"></containerEntry>
          <containerEntry r11="0.78833026" r12="0.4564819" r13="-0.4124975" r14="0" r21="-0.5157001" r22="0.8559065" r23="-0.03838914" r24="0" r31="0.33553436" r32="0.24299097" r33="0.9101482" r34="0" r41="1611.7072" r42="314.38663" r43="1735.8988" r44="1"></containerEntry>
          <containerEntry r11="0.7884549" r12="-0.37266564" r13="-0.48933986" r14="0" r21="0.47600728" r22="0.87353796" r23="0.101711035" r24="0" r31="0.38955137" r32="-0.31312674" r33="0.8661396" r34="0" r41="1588.1254" r42="312.01157" r43="1740.8905" r44="1"></containerEntry>
          <containerEntry r11="0.86203575" r12="-0.48635095" r13="0.14266619" r14="0" r21="0.4760074" r22="0.87353814" r23="0.10170984" r24="0" r31="-0.17409143" r32="-0.019766305" r33="0.9845309" r34="0" r41="1581.7948" r42="313.04572" r43="1749.9844" r44="1"></containerEntry>
          <containerEntry r11="0.9070123" r12="-0.15516238" r13="0.39147294" r14="0" r21="0.18180396" r22="0.9828242" r23="-0.03167717" r24="0" r31="-0.37983382" r32="0.09990376" r33="0.9196431" r34="0" r41="1571.9993" r42="315.07172" r43="1765.4261" r44="1"></containerEntry>
          <containerEntry r11="0.55733997" r12="-0.076449215" r13="0.826751" r14="0" r21="0.18180433" r22="0.98282415" r23="-0.031677544" r24="0" r31="-0.8101289" r32="0.16796368" r33="0.56166625" r34="0" r41="1559.4276" r42="317.1242" r43="1770.0457" r44="1"></containerEntry>
          <containerEntry r11="0.047602605" r12="0.023382513" r13="0.99858105" r14="0" r21="-0.008255282" r22="0.999701" r23="-0.023015022" r24="0" r31="-0.99882066" r32="-0.00714836" r33="0.047781408" r34="0" r41="1566.7137" r42="313.49582" r43="1779.4423" r44="1"></containerEntry>
          <containerEntry r11="0.57866645" r12="-0.4268204" r13="0.69495237" r14="0" r21="0.28030336" r22="0.9042953" r23="0.32198995" r24="0" r31="-0.765875" r32="0.008476883" r33="0.6429266" r34="0" r41="1556.529" r42="314.98828" r43="1782.0436" r44="1"></containerEntry>
          <containerEntry r11="0.5731632" r12="0.43175185" r13="-0.69646573" r14="0" r21="-0.33779615" r22="0.8988485" r23="0.27921844" r24="0" r31="0.7465708" r32="0.07522978" r33="0.66103315" r34="0" r41="1609.662" r42="317.95462" r43="1673.5863" r44="1"></containerEntry>
          <containerEntry r11="0.8571401" r12="-0.28676504" r13="-0.42787072" r14="0" r21="0.3136028" r22="0.9495187" r23="-0.008150838" r24="0" r31="0.4086084" r32="-0.12719658" r33="0.903802" r34="0" r41="1584.6033" r42="311.19595" r43="1683.4554" r44="1"></containerEntry>
        </property>
        <property name="colors" type="UInt32" container="DynamicArray" arraySize="13">
          <containerEntry>4294967295</containerEntry>
          <containerEntry>4294967295</containerEntry>
          <containerEntry>4294967295</containerEntry>
          <containerEntry>4294967295</containerEntry>
          <containerEntry>4294967295</containerEntry>
          <containerEntry>4294967295</containerEntry>
          <containerEntry>4294967295</containerEntry>
          <containerEntry>4294967295</containerEntry>
          <containerEntry>4294967295</containerEntry>
          <containerEntry>4294967295</containerEntry>
          <containerEntry>4294967295</containerEntry>
          <containerEntry>4294967295</containerEntry>
          <containerEntry>4294967295</containerEntry>
        </property>
      </staticProperties>
      <dynamicProperties></dynamicProperties>
    </entity>
    <entity class="StaticModelArray" classVersion="4" classID="0xD0" addr="0x2F514A0" id="0x0">
      <staticProperties>
        <property name="name" type="String" container="StaticArray" arraySize="1">
          <containerEntry>StaticModelArray0006</containerEntry>
        </property>
        <property name="dataSet" type="EntityHandle" container="StaticArray" arraySize="1">
          <containerEntry>0x2F53180</containerEntry>
        </property>
        <property name="modelFile" type="FilePtr" container="StaticArray" arraySize="1">
          <containerEntry>/Assets/tpp/environ/object/afghanistan/rock/afgh_rock001/scenes/afgh_rock001.fmdl</containerEntry>
        </property>
        <property name="geomFile" type="FilePtr" container="StaticArray" arraySize="1">
          <containerEntry>/Assets/tpp/environ/object/afghanistan/rock/afgh_rock001/scenes/afgh_rock001.geom</containerEntry>
        </property>
        <property name="isVisibleGeom" type="Bool" container="StaticArray" arraySize="1">
          <containerEntry>false</containerEntry>
        </property>
        <property name="lodFarSize" type="Float" container="StaticArray" arraySize="1">
          <containerEntry>-1</containerEntry>
        </property>
        <property name="lodNearSize" type="Float" container="StaticArray" arraySize="1">
          <containerEntry>-1</containerEntry>
        </property>
        <property name="lodPolygonSize" type="Float" container="StaticArray" arraySize="1">
          <containerEntry>-1</containerEntry>
        </property>
        <property name="drawRejectionLevel" type="Int32" container="StaticArray" arraySize="1">
          <containerEntry>8</containerEntry>
        </property>
        <property name="drawMode" type="Int32" container="StaticArray" arraySize="1">
          <containerEntry>0</containerEntry>
        </property>
        <property name="rejectFarRangeShadowCast" type="Int32" container="StaticArray" arraySize="1">
          <containerEntry>2</containerEntry>
        </property>
        <property name="parentLocator" type="EntityLink" container="StaticArray" arraySize="1">
          <containerEntry packagePathHash="0xB8A0BF169F98" archivePathHash="0xB8A0BF169F98" nameInArchiveHash="0xB8A0BF169F98">0x0</containerEntry>
        </property>
        <property name="transforms" type="Matrix4" container="DynamicArray" arraySize="22">
          <containerEntry r11="0.6908512" r12="0.17541452" r13="-0.70139104" r14="0" r21="0.13570158" r22="0.92141956" r23="0.3641014" r24="0" r31="0.7101441" r32="-0.34671962" r33="0.61275977" r34="0" r41="1576.8939" r42="309.46976" r43="1782.8251" r44="1"></containerEntry>
          <containerEntry r11="0.6908512" r12="0.17541452" r13="-0.70139104" r14="0" r21="0.13570158" r22="0.92141956" r23="0.3641014" r24="0" r31="0.7101441" r32="-0.34671962" r33="0.61275977" r34="0" r41="1607.7234" r42="317.2499" r43="1770.6564" r44="1"></containerEntry>
          <containerEntry r11="0.6908505" r12="0.17541574" r13="-0.7013915" r14="0" r21="0.12554412" r22="-0.9844729" r23="-0.12255948" r24="0" r31="-0.7120108" r32="-0.0033862814" r33="-0.7021414" r34="0" r41="1612.2107" r42="318.00354" r43="1760.8417" r44="1"></containerEntry>
          <containerEntry r11="0.69085073" r12="0.17541501" r13="-0.70139134" r14="0" r21="0.36696807" r22="-0.9209285" r23="0.13112667" r24="0" r31="-0.6229403" r32="-0.34797892" r33="-0.70059156" r34="0" r41="1630.1036" r42="321.9507" r43="1762.7795" r44="1"></containerEntry>
          <containerEntry r11="0.7591194" r12="-0.05264718" r13="-0.64881563" r14="0" r21="-0.012569474" r22="-0.9977057" r23="0.06625187" r24="0" r31="-0.6508267" r32="-0.042137586" r33="-0.7580351" r34="0" r41="1627.8762" r42="319.40604" r43="1742.4786" r44="1"></containerEntry>
          <containerEntry r11="0.6343491" r12="0.32239956" r13="-0.7026042" r14="0" r21="0.4483099" r22="-0.8938409" r23="-0.0054035336" r24="0" r31="-0.6297716" r32="-0.3115598" r33="-0.7115366" r34="0" r41="1629.3452" r42="319.3611" r43="1733.0149" r44="1"></containerEntry>
          <containerEntry r11="0.6343491" r12="0.32239956" r13="-0.7026042" r14="0" r21="0.4483099" r22="-0.8938409" r23="-0.0054035336" r24="0" r31="-0.6297716" r32="-0.3115598" r33="-0.7115366" r34="0" r41="1623.7677" r42="315.1894" r43="1715.3939" r44="1"></containerEntry>
          <containerEntry r11="0.93228155" r12="0.36121845" r13="-0.019257503" r14="0" r21="-0.35750544" r22="0.9281973" r23="0.10314099" r24="0" r31="0.055131577" r32="-0.08927163" r33="0.99448025" r34="0" r41="1613.9406" r42="315.13983" r43="1699.2897" r44="1"></containerEntry>
          <containerEntry r11="0.93228155" r12="0.36121845" r13="-0.019257503" r14="0" r21="-0.35750544" r22="0.9281973" r23="0.10314099" r24="0" r31="0.055131577" r32="-0.08927163" r33="0.99448025" r34="0" r41="1618.5546" r42="320.038" r43="1678.5505" r44="1"></containerEntry>
          <containerEntry r11="0.9322817" r12="0.3612181" r13="-0.019257791" r14="0" r21="-0.3200236" r22="0.8484386" r23="0.42158443" r24="0" r31="0.16862461" r32="-0.3868721" r33="0.9065835" r34="0" r41="1590.2118" r42="311.86835" r43="1682.25" r44="1"></containerEntry>
          <containerEntry r11="-0.23462066" r12="0.117473155" r13="0.9649477" r14="0" r21="-0.35768154" r22="0.91259515" r23="-0.19807057" r24="0" r31="-0.9038738" r32="-0.39162236" r33="-0.17209393" r34="0" r41="1605.6805" r42="312.49576" r43="1717.2639" r44="1"></containerEntry>
          <containerEntry r11="0.85055286" r12="-0.34074444" r13="-0.40056187" r14="0" r21="0.19709355" r22="0.91271853" r23="-0.35790652" r24="0" r31="0.48755586" r32="0.22546881" r33="0.8434748" r34="0" r41="1581.8655" r42="310.55536" r43="1716.0929" r44="1"></containerEntry>
          <containerEntry r11="0.85055286" r12="-0.34074444" r13="-0.40056187" r14="0" r21="0.19709355" r22="0.91271853" r23="-0.35790652" r24="0" r31="0.48755586" r32="0.22546881" r33="0.8434748" r34="0" r41="1567.5269" r42="322.1485" r43="1725.1718" r44="1"></containerEntry>
          <containerEntry r11="0.85055226" r12="-0.3407452" r13="-0.4005623" r14="0" r21="0.3132087" r22="0.94009125" r23="-0.13463807" r24="0" r31="0.42244262" r32="-0.010944497" r33="0.9063224" r34="0" r41="1583.4634" r42="313.42563" r43="1745.9392" r44="1"></containerEntry>
          <containerEntry r11="0.6134988" r12="0.5988985" r13="-0.5147151" r14="0" r21="-0.62120825" r22="0.7684264" r23="0.15367553" r24="0" r31="0.48755643" r32="0.22546953" r33="0.84347427" r34="0" r41="1602.2974" r42="311.76944" r43="1745.9392" r44="1"></containerEntry>
          <containerEntry r11="0.34247297" r12="0.41160342" r13="0.84455955" r14="0" r21="-0.20779178" r22="0.90984887" r23="-0.35915962" r24="0" r31="-0.9162537" r32="-0.052494437" r33="0.397128" r34="0" r41="1622.1147" r42="315.7081" r43="1728.938" r44="1"></containerEntry>
          <containerEntry r11="-0.20498571" r12="-0.39017934" r13="0.89761454" r14="0" r21="-0.20820837" r22="0.9134975" r23="0.34952748" r24="0" r31="-0.95634776" r32="-0.1152399" r33="-0.26849228" r34="0" r41="1609.5005" r42="313.60226" r43="1728.1405" r44="1"></containerEntry>
          <containerEntry r11="-0.23462066" r12="0.117473155" r13="0.9649477" r14="0" r21="-0.35768154" r22="0.91259515" r23="-0.19807057" r24="0" r31="-0.9038738" r32="-0.39162236" r33="-0.17209393" r34="0" r41="1589.367" r42="309.73373" r43="1705.9846" r44="1"></containerEntry>
          <containerEntry r11="-0.16642687" r12="-0.535089" r13="0.8282223" r14="0" r21="-0.18162307" r22="0.8422162" r23="0.50762284" r24="0" r31="-0.96916735" r32="-0.06593658" r33="-0.23735082" r34="0" r41="1580.703" r42="310.25314" r43="1687.6628" r44="1"></containerEntry>
          <containerEntry r11="-0.043781966" r12="-0.3847745" r13="0.92195576" r14="0" r21="0.38022035" r22="0.8469857" r23="0.37154198" r24="0" r31="-0.9238432" r32="0.36682355" r33="0.10922068" r34="0" r41="1568.3662" r42="309.9119" r43="1695.4441" r44="1"></containerEntry>
          <containerEntry r11="0.09434223" r12="-0.25042158" r13="0.96351784" r14="0" r21="-0.10764771" r22="0.9596051" r23="0.25994042" r24="0" r31="-0.9896917" r32="-0.12824225" r33="0.063574076" r34="0" r41="1598.6842" r42="310.51068" r43="1701.6508" r44="1"></containerEntry>
          <containerEntry r11="0.9410124" r12="0.32418942" r13="0.09693704" r14="0" r21="-0.32948768" r22="0.81268346" r23="0.48060703" r24="0" r31="0.077028714" r32="-0.48419672" r33="0.87156177" r34="0" r41="1566.727" r42="310.39597" r43="1675.5607" r44="1"></containerEntry>
        </property>
        <property name="colors" type="UInt32" container="DynamicArray" arraySize="22">
          <containerEntry>4294967295</containerEntry>
          <containerEntry>4294967295</containerEntry>
          <containerEntry>4294967295</containerEntry>
          <containerEntry>4294967295</containerEntry>
          <containerEntry>4294967295</containerEntry>
          <containerEntry>4294967295</containerEntry>
          <containerEntry>4294967295</containerEntry>
          <containerEntry>4294967295</containerEntry>
          <containerEntry>4294967295</containerEntry>
          <containerEntry>4294967295</containerEntry>
          <containerEntry>4294967295</containerEntry>
          <containerEntry>4294967295</containerEntry>
          <containerEntry>4294967295</containerEntry>
          <containerEntry>4294967295</containerEntry>
          <containerEntry>4294967295</containerEntry>
          <containerEntry>4294967295</containerEntry>
          <containerEntry>4294967295</containerEntry>
          <containerEntry>4294967295</containerEntry>
          <containerEntry>4294967295</containerEntry>
          <containerEntry>4294967295</containerEntry>
          <containerEntry>4294967295</containerEntry>
          <containerEntry>4294967295</containerEntry>
        </property>
      </staticProperties>
      <dynamicProperties></dynamicProperties>
    </entity>
    <entity class="StaticModelArray" classVersion="4" classID="0xD0" addr="0x2F50A20" id="0x0">
      <staticProperties>
        <property name="name" type="String" container="StaticArray" arraySize="1">
          <containerEntry>StaticModelArray0007</containerEntry>
        </property>
        <property name="dataSet" type="EntityHandle" container="StaticArray" arraySize="1">
          <containerEntry>0x2F53180</containerEntry>
        </property>
        <property name="modelFile" type="FilePtr" container="StaticArray" arraySize="1">
          <containerEntry>/Assets/tpp/environ/object/afghanistan/cliff/afgh_clff025/scenes/afgh_clff025.fmdl</containerEntry>
        </property>
        <property name="geomFile" type="FilePtr" container="StaticArray" arraySize="1">
          <containerEntry>/Assets/tpp/environ/object/afghanistan/cliff/afgh_clff025/scenes/afgh_clff025.geom</containerEntry>
        </property>
        <property name="isVisibleGeom" type="Bool" container="StaticArray" arraySize="1">
          <containerEntry>false</containerEntry>
        </property>
        <property name="lodFarSize" type="Float" container="StaticArray" arraySize="1">
          <containerEntry>-1</containerEntry>
        </property>
        <property name="lodNearSize" type="Float" container="StaticArray" arraySize="1">
          <containerEntry>-1</containerEntry>
        </property>
        <property name="lodPolygonSize" type="Float" container="StaticArray" arraySize="1">
          <containerEntry>-1</containerEntry>
        </property>
        <property name="drawRejectionLevel" type="Int32" container="StaticArray" arraySize="1">
          <containerEntry>8</containerEntry>
        </property>
        <property name="drawMode" type="Int32" container="StaticArray" arraySize="1">
          <containerEntry>0</containerEntry>
        </property>
        <property name="rejectFarRangeShadowCast" type="Int32" container="StaticArray" arraySize="1">
          <containerEntry>2</containerEntry>
        </property>
        <property name="parentLocator" type="EntityLink" container="StaticArray" arraySize="1">
          <containerEntry packagePathHash="0xB8A0BF169F98" archivePathHash="0xB8A0BF169F98" nameInArchiveHash="0xB8A0BF169F98">0x0</containerEntry>
        </property>
        <property name="transforms" type="Matrix4" container="DynamicArray" arraySize="8">
          <containerEntry r11="-0.7208231" r12="0.0022824951" r13="-0.9593803" r14="0" r21="-0.04043962" r22="1.1988578" r23="0.03323623" r24="0" r31="0.95853037" r32="0.052295316" r33="-0.72006005" r34="0" r41="1539.7976" r42="333.4218" r43="1722.1979" r44="1"></containerEntry>
          <containerEntry r11="0.11782757" r12="0.017630076" r13="-0.9928764" r14="0" r21="-0.03465546" r22="0.9993064" r23="0.0136316065" r24="0" r31="0.99242806" r32="0.03280247" r33="0.118356824" r34="0" r41="1584.0483" r42="312.87595" r43="1731.316" r44="1"></containerEntry>
