<fox formatVersion="2" fileVersion="0">
  <entities>
    <entity class="DataSet" classVersion="0" classID="0xE8" addr="0x2EF43E0" id="0x1C4A572">
      <staticProperties>
        <property name="name" type="String" container="StaticArray" arraySize="1">
          <containerEntry hash="0xB8A0BF169F98"></containerEntry>
        </property>
        <property name="dataSet" type="EntityHandle" container="StaticArray" arraySize="1">
          <containerEntry>0x0</containerEntry>
        </property>
        <property name="dataList" type="EntityPtr" container="StringMap" arraySize="5">
          <containerEntry key="StaticModelArray0000">
            <data>0x2D7FC80</data>
          </containerEntry>
          <containerEntry key="StaticModelArray0001">
            <data>0x2D7FCF0</data>
          </containerEntry>
          <containerEntry key="StaticModelArray0002">
            <data>0x2D7FDD0</data>
          </containerEntry>
          <containerEntry key="StaticModelArray0003">
            <data>0x2D7FD60</data>
          </containerEntry>
          <containerEntry key="TexturePackLoadConditioner0000">
            <data>0x2EF0550</data>
          </containerEntry>
        </property>
      </staticProperties>
      <dynamicProperties></dynamicProperties>
    </entity>
    <entity class="StaticModelArray" classVersion="4" classID="0xD0" addr="0x2D7FC80" id="0x0">
      <staticProperties>
        <property name="name" type="String" container="StaticArray" arraySize="1">
          <containerEntry>StaticModelArray0000</containerEntry>
        </property>
        <property name="dataSet" type="EntityHandle" container="StaticArray" arraySize="1">
          <containerEntry>0x2EF43E0</containerEntry>
        </property>
        <property name="modelFile" type="FilePtr" container="StaticArray" arraySize="1">
          <containerEntry>/Assets/tpp/environ/object/middle_africa/rock/mafr_rock010/scenes/mafr_rock010.fmdl</containerEntry>
        </property>
        <property name="geomFile" type="FilePtr" container="StaticArray" arraySize="1">
          <containerEntry>/Assets/tpp/environ/object/middle_africa/rock/mafr_rock010/scenes/mafr_rock010.geom</containerEntry>
        </property>
        <property name="isVisibleGeom" type="Bool" container="StaticArray" arraySize="1">
          <containerEntry>false</containerEntry>
        </property>
        <property name="lodFarSize" type="Float" container="StaticArray" arraySize="1">
          <containerEntry>-1</containerEntry>
        </property>
        <property name="lodNearSize" type="Float" container="StaticArray" arraySize="1">
          <containerEntry>-1</containerEntry>
        </property>
        <property name="lodPolygonSize" type="Float" container="StaticArray" arraySize="1">
          <containerEntry>-1</containerEntry>
        </property>
        <property name="drawRejectionLevel" type="Int32" container="StaticArray" arraySize="1">
          <containerEntry>8</containerEntry>
        </property>
        <property name="drawMode" type="Int32" container="StaticArray" arraySize="1">
          <containerEntry>0</containerEntry>
        </property>
        <property name="rejectFarRangeShadowCast" type="Int32" container="StaticArray" arraySize="1">
          <containerEntry>2</containerEntry>
        </property>
        <property name="parentLocator" type="EntityLink" container="StaticArray" arraySize="1">
          <containerEntry packagePathHash="0xB8A0BF169F98" archivePathHash="0xB8A0BF169F98" nameInArchiveHash="0xB8A0BF169F98">0x0</containerEntry>
        </property>
        <property name="transforms" type="Matrix4" container="DynamicArray" arraySize="3">
          <containerEntry r11="0.6204207" r12="0.0019934904" r13="-0.78426653" r14="0" r21="-0.04251861" r22="0.99861157" r23="-0.03109745" r24="0" r31="0.7831157" r32="0.052639425" r33="0.61964405" r34="0" r41="-64.49642" r42="-5.215708" r43="-193.20497" r44="1"></containerEntry>
          <containerEntry r11="0.993998" r12="-0.053552136" r13="-0.09539481" r14="0" r21="0.075161934" r22="0.9679036" r23="0.2398193" r24="0" r31="0.07949016" r32="-0.24554996" r33="0.96611935" r34="0" r41="-45.477722" r42="-3.6075" r43="-159.6011" r44="1"></containerEntry>
          <containerEntry r11="0.5899869" r12="0.021224812" r13="-0.11050658" r14="0" r21="-0.020512825" r22="0.65657115" r23="0.016589953" r24="0" r31="0.110953346" r32="-0.011445807" r33="0.5901738" r34="0" r41="-89.804115" r42="-1.431867" r43="-181.08191" r44="1"></containerEntry>
        </property>
        <property name="colors" type="UInt32" container="DynamicArray" arraySize="3">
          <containerEntry>4294967295</containerEntry>
          <containerEntry>4294967295</containerEntry>
          <containerEntry>4294967295</containerEntry>
        </property>
      </staticProperties>
      <dynamicProperties></dynamicProperties>
    </entity>
    <entity class="StaticModelArray" classVersion="4" classID="0xD0" addr="0x2D7FCF0" id="0x0">
      <staticProperties>
        <property name="name" type="String" container="StaticArray" arraySize="1">
          <containerEntry>StaticModelArray0001</containerEntry>
        </property>
        <property name="dataSet" type="EntityHandle" container="StaticArray" arraySize="1">
          <containerEntry>0x2EF43E0</containerEntry>
        </property>
        <property name="modelFile" type="FilePtr" container="StaticArray" arraySize="1">
          <containerEntry>/Assets/tpp/environ/object/middle_africa/tree/mafr_tree038/scenes/mafr_tree038.fmdl</containerEntry>
        </property>
        <property name="geomFile" type="FilePtr" container="StaticArray" arraySize="1">
          <containerEntry>/Assets/tpp/environ/object/middle_africa/tree/mafr_tree038/scenes/mafr_tree038.geom</containerEntry>
        </property>
        <property name="isVisibleGeom" type="Bool" container="StaticArray" arraySize="1">
          <containerEntry>false</containerEntry>
        </property>
        <property name="lodFarSize" type="Float" container="StaticArray" arraySize="1">
          <containerEntry>-1</containerEntry>
        </property>
        <property name="lodNearSize" type="Float" container="StaticArray" arraySize="1">
          <containerEntry>-1</containerEntry>
        </property>
        <property name="lodPolygonSize" type="Float" container="StaticArray" arraySize="1">
          <containerEntry>-1</containerEntry>
        </property>
        <property name="drawRejectionLevel" type="Int32" container="StaticArray" arraySize="1">
          <containerEntry>8</containerEntry>
        </property>
        <property name="drawMode" type="Int32" container="StaticArray" arraySize="1">
          <containerEntry>0</containerEntry>
        </property>
        <property name="rejectFarRangeShadowCast" type="Int32" container="StaticArray" arraySize="1">
          <containerEntry>2</containerEntry>
        </property>
        <property name="parentLocator" type="EntityLink" container="StaticArray" arraySize="1">
          <containerEntry packagePathHash="0xB8A0BF169F98" archivePathHash="0xB8A0BF169F98" nameInArchiveHash="0xB8A0BF169F98">0x0</containerEntry>
        </property>
        <property name="transforms" type="Matrix4" container="DynamicArray" arraySize="10">
          <containerEntry r11="0.073891275" r12="-0.056098692" r13="0.9956873" r14="0" r21="-0.059454978" r22="0.99639285" r23="0.06055069" r24="0" r31="-0.9954925" r32="-0.06367273" r33="0.07028937" r34="0" r41="-74.242" r42="-4.994" r43="-202.319" r44="1"></containerEntry>
          <containerEntry r11="0.073891275" r12="-0.056098692" r13="0.9956873" r14="0" r21="-0.059454978" r22="0.99639285" r23="0.06055069" r24="0" r31="-0.9954925" r32="-0.06367273" r33="0.07028937" r34="0" r41="-20.188" r42="-5.959" r43="-145.357" r44="1"></containerEntry>
          <containerEntry r11="0.8241328" r12="0" r13="-0.5663968" r14="0" r21="0" r22="1" r23="0" r24="0" r31="0.5663968" r32="0" r33="0.8241328" r34="0" r41="-48.20757" r42="-5.296588" r43="-133.53333" r44="1"></containerEntry>
          <containerEntry r11="0.8388709" r12="0" r13="0.54433054" r14="0" r21="0" r22="1" r23="0" r24="0" r31="-0.54433054" r32="0" r33="0.8388709" r34="0" r41="-67.43515" r42="-8.367442" r43="-155.89252" r44="1"></containerEntry>
          <containerEntry r11="1" r12="0" r13="0" r14="0" r21="0" r22="1" r23="0" r24="0" r31="0" r32="0" r33="1" r34="0" r41="-89.18233" r42="-3.14" r43="-194.08368" r44="1"></containerEntry>
          <containerEntry r11="1" r12="0" r13="0" r14="0" r21="0" r22="1" r23="0" r24="0" r31="0" r32="0" r33="1" r34="0" r41="-87.900986" r42="-4.902133" r43="-164.39908" r44="1"></containerEntry>
          <containerEntry r11="0.8241328" r12="0" r13="-0.5663968" r14="0" r21="0" r22="1" r23="0" r24="0" r31="0.5663968" r32="0" r33="0.8241328" r34="0" r41="-43.708824" r42="-9.737098" r43="-153.6553" r44="1"></containerEntry>
          <containerEntry r11="1" r12="0" r13="0" r14="0" r21="0" r22="1" r23="0" r24="0" r31="0" r32="0" r33="1" r34="0" r41="-79.48494" r42="-1.943257" r43="-175.55109" r44="1"></containerEntry>
          <containerEntry r11="0.8388709" r12="0" r13="0.54433054" r14="0" r21="0" r22="1" r23="0" r24="0" r31="-0.54433054" r32="0" r33="0.8388709" r34="0" r41="-76.52341" r42="-2.29747" r43="-149.79541" r44="1"></containerEntry>
          <containerEntry r11="0.9034801" r12="-0.055641286" r13="0.42500302" r14="0" r21="0.00090767257" r22="0.9917848" r23="0.12791455" r24="0" r31="-0.42862883" r32="-0.11518248" r33="0.8961084" r34="0" r41="-98.521484" r42="-3.211642" r43="-176.2179" r44="1"></containerEntry>
        </property>
        <property name="colors" type="UInt32" container="DynamicArray" arraySize="10">
          <containerEntry>4294967295</containerEntry>
          <containerEntry>4294967295</containerEntry>
          <containerEntry>4294967295</containerEntry>
          <containerEntry>4294967295</containerEntry>
          <containerEntry>4294967295</containerEntry>
          <containerEntry>4294967295</containerEntry>
          <containerEntry>4294967295</containerEntry>
          <containerEntry>4294967295</containerEntry>
          <containerEntry>4294967295</containerEntry>
          <containerEntry>4294967295</containerEntry>
        </property>
      </staticProperties>
      <dynamicProperties></dynamicProperties>
    </entity>
    <entity class="StaticModelArray" classVersion="4" classID="0xD0" addr="0x2D7FDD0" id="0x0">
      <staticProperties>
        <property name="name" type="String" container="StaticArray" arraySize="1">
          <containerEntry>StaticModelArray0002</containerEntry>
        </property>
        <property name="dataSet" type="EntityHandle" container="StaticArray" arraySize="1">
          <containerEntry>0x2EF43E0</containerEntry>
        </property>
        <property name="modelFile" type="FilePtr" container="StaticArray" arraySize="1">
          <containerEntry>/Assets/tpp/environ/object/middle_africa/rock/mafr_rock007/scenes/mafr_rock007.fmdl</containerEntry>
        </property>
        <property name="geomFile" type="FilePtr" container="StaticArray" arraySize="1">
          <containerEntry>/Assets/tpp/environ/object/middle_africa/rock/mafr_rock007/scenes/mafr_rock007.geom</containerEntry>
        </property>
        <property name="isVisibleGeom" type="Bool" container="StaticArray" arraySize="1">
          <containerEntry>false</containerEntry>
        </property>
        <property name="lodFarSize" type="Float" container="StaticArray" arraySize="1">
          <containerEntry>-1</containerEntry>
        </property>
        <property name="lodNearSize" type="Float" container="StaticArray" arraySize="1">
          <containerEntry>-1</containerEntry>
        </property>
        <property name="lodPolygonSize" type="Float" container="StaticArray" arraySize="1">
          <containerEntry>-1</containerEntry>
        </property>
        <property name="drawRejectionLevel" type="Int32" container="StaticArray" arraySize="1">
          <containerEntry>8</containerEntry>
        </property>
        <property name="drawMode" type="Int32" container="StaticArray" arraySize="1">
          <containerEntry>0</containerEntry>
        </property>
        <property name="rejectFarRangeShadowCast" type="Int32" container="StaticArray" arraySize="1">
          <containerEntry>2</containerEntry>
        </property>
        <property name="parentLocator" type="EntityLink" container="StaticArray" arraySize="1">
          <containerEntry packagePathHash="0xB8A0BF169F98" archivePathHash="0xB8A0BF169F98" nameInArchiveHash="0xB8A0BF169F98">0x0</containerEntry>
        </property>
        <property name="transforms" type="Matrix4" container="DynamicArray" arraySize="4">
          <containerEntry r11="-0.68315005" r12="-0.04321436" r13="-0.72899956" r14="0" r21="0.22537982" r22="0.93704194" r23="-0.26675162" r24="0" r31="0.6946307" r32="-0.34653285" r33="-0.6304007" r34="0" r41="-34.17415" r42="-6.353052" r43="-213.42612" r44="1"></containerEntry>
          <containerEntry r11="-0.9228566" r12="-0.04321398" r13="0.38271964" r14="0" r21="-0.17031251" r22="0.93704164" r23="-0.3048717" r24="0" r31="-0.34544957" r32="-0.3465338" r33="-0.8721152" r34="0" r41="-17.592932" r42="-6.232591" r43="-188.23306" r44="1"></containerEntry>
          <containerEntry r11="-0.9228566" r12="-0.04321398" r13="0.38271964" r14="0" r21="-0.17031251" r22="0.93704164" r23="-0.3048717" r24="0" r31="-0.34544957" r32="-0.3465338" r33="-0.8721152" r34="0" r41="-58.201004" r42="-1.53159" r43="-167.41307" r44="1"></containerEntry>
          <containerEntry r11="-0.14096239" r12="0.025664406" r13="0.98968273" r14="0" r21="-0.24971247" r22="0.9664201" r23="-0.060628265" r24="0" r31="-0.9580053" r32="-0.25568256" r33="-0.12982017" r34="0" r41="-90.87581" r42="-0.489894" r43="-182.93" r44="1"></containerEntry>
        </property>
        <property name="colors" type="UInt32" container="DynamicArray" arraySize="4">
          <containerEntry>4294967295</containerEntry>
          <containerEntry>4294967295</containerEntry>
          <containerEntry>4294967295</containerEntry>
          <containerEntry>4294967295</containerEntry>
        </property>
      </staticProperties>
      <dynamicProperties></dynamicProperties>
    </entity>
    <entity class="StaticModelArray" classVersion="4" classID="0xD0" addr="0x2D7FD60" id="0x0">
      <staticProperties>
        <property name="name" type="String" container="StaticArray" arraySize="1">
          <containerEntry>StaticModelArray0003</containerEntry>
        </property>
        <property name="dataSet" type="EntityHandle" container="StaticArray" arraySize="1">
          <containerEntry>0x2EF43E0</containerEntry>
        </property>
        <property name="modelFile" type="FilePtr" container="StaticArray" arraySize="1">
          <containerEntry>/Assets/tpp/environ/object/middle_africa/mud/mafr_mudd003/scenes/mafr_mudd003_rock001.fmdl</containerEntry>
        </property>
        <property name="geomFile" type="FilePtr" container="StaticArray" arraySize="1">
          <containerEntry>/Assets/tpp/environ/object/middle_africa/mud/mafr_mudd003/scenes/mafr_mudd003_rock001.geom</containerEntry>
        </property>
        <property name="isVisibleGeom" type="Bool" container="StaticArray" arraySize="1">
          <containerEntry>false</containerEntry>
        </property>
        <property name="lodFarSize" type="Float" container="StaticArray" arraySize="1">
          <containerEntry>-1</containerEntry>
        </property>
        <property name="lodNearSize" type="Float" container="StaticArray" arraySize="1">
          <containerEntry>-1</containerEntry>
        </property>
        <property name="lodPolygonSize" type="Float" container="StaticArray" arraySize="1">
          <containerEntry>-1</containerEntry>
        </property>
        <property name="drawRejectionLevel" type="Int32" container="StaticArray" arraySize="1">
          <containerEntry>8</containerEntry>
        </property>
        <property name="drawMode" type="Int32" container="StaticArray" arraySize="1">
          <containerEntry>0</containerEntry>
        </property>
        <property name="rejectFarRangeShadowCast" type="Int32" container="StaticArray" arraySize="1">
          <containerEntry>2</containerEntry>
        </property>
        <property name="parentLocator" type="EntityLink" container="StaticArray" arraySize="1">
          <containerEntry packagePathHash="0xB8A0BF169F98" archivePathHash="0xB8A0BF169F98" nameInArchiveHash="0xB8A0BF169F98">0x0</containerEntry>
        </property>
        <property name="transforms" type="Matrix4" container="DynamicArray" arraySize="17">
          <containerEntry r11="0.7478855" r12="-0.058094256" r13="0.66128063" r14="0" r21="-0.21347368" r22="0.922202" r23="0.3224476" r24="0" r31="-0.6285666" r32="-0.38231993" r33="0.6772999" r34="0" r41="-116.036896" r42="-3.758237" r43="-162.50684" r44="1"></containerEntry>
          <containerEntry r11="0.15995525" r12="-0.00018756109" r13="0.98712486" r14="0" r21="-0.21409108" r22="0.9761908" r23="0.034877032" r24="0" r31="-0.96362877" r32="-0.21691346" r33="0.15610668" r34="0" r41="-94.01859" r42="-3.555845" r43="-156.41083" r44="1"></containerEntry>
          <containerEntry r11="0.8606069" r12="0.044206865" r13="0.5073477" r14="0" r21="-0.08409033" r22="0.994886" r23="0.05595365" r24="0" r31="-0.5022795" r32="-0.09081711" r33="0.85992306" r34="0" r41="-90.89776" r42="-5.251377" r43="-144.59448" r44="1"></containerEntry>
          <containerEntry r11="0.16162886" r12="0.023250457" r13="-0.986577" r14="0" r21="0.008766152" r22="0.9996491" r23="0.024994638" r24="0" r31="0.98681194" r32="-0.012688328" r33="0.16136831" r34="0" r41="-91.26142" r42="-6.6626616" r43="-142.72661" r44="1"></containerEntry>
          <containerEntry r11="-0.47486448" r12="-0.087583065" r13="0.87569076" r14="0" r21="-0.023790672" r22="0.9959495" r23="0.08670968" r24="0" r31="-0.87973803" r32="0.020342171" r33="-0.4750247" r34="0" r41="-116.659294" r42="-2.855976" r43="-168.1186" r44="1"></containerEntry>
          <containerEntry r11="-0.63738936" r12="-0.16510259" r13="-0.7855563" r14="0" r21="0.2561438" r22="0.9088137" r23="-0.39883947" r24="0" r31="0.7607549" r32="-0.44432387" r33="-0.52388096" r34="0" r41="-125.698685" r42="-5.464408" r43="-171.50487" r44="1"></containerEntry>
          <containerEntry r11="-0.82302356" r12="-0.13494347" r13="-0.55174243" r14="0" r21="-0.08442285" r22="0.98964185" r23="-0.11611131" r24="0" r31="0.5616958" r32="-0.04898281" r33="-0.82589084" r34="0" r41="-127.74826" r42="-4.807084" r43="-145.51204" r44="1"></containerEntry>
          <containerEntry r11="0.6359604" r12="-0.18980911" r13="0.7480156" r14="0" r21="0.13541964" r22="0.9816891" r23="0.13397053" r24="0" r31="-0.75974756" r32="0.016095974" r33="0.65001917" r34="0" r41="-121.64971" r42="-5.2891564" r43="-142.02426" r44="1"></containerEntry>
          <containerEntry r11="-0.0037188863" r12="0.17675407" r13="-0.98424816" r14="0" r21="-0.19690847" r22="0.96485525" r23="0.17401545" r24="0" r31="0.980415" r32="0.19445424" r33="0.031216234" r34="0" r41="-121.28756" r42="-6.8661985" r43="-135.20476" r44="1"></containerEntry>
          <containerEntry r11="0.069546" r12="0.046892513" r13="-0.99647486" r14="0" r21="0.11154623" r22="0.9922648" r23="0.054479234" r24="0" r31="0.99132156" r32="-0.1149419" r33="0.06377739" r34="0" r41="-118.60261" r42="-7.512747" r43="-133.30634" r44="1"></containerEntry>
          <containerEntry r11="0.40080753" r12="-0.1226317" r13="-0.23864664" r14="0" r21="0.14990218" r22="0.45814833" r23="0.016335545" r24="0" r31="0.2225311" r32="-0.08774384" r33="0.41882977" r34="0" r41="-117.51797" r42="-5.6173997" r43="-136.93536" r44="1"></containerEntry>
          <containerEntry r11="0.2755407" r12="-0.08865856" r13="0.69189394" r14="0" r21="0.028754437" r22="0.74472874" r23="0.08397758" r24="0" r31="-0.69695824" r32="-0.00432566" r33="0.27700323" r34="0" r41="-121.617424" r42="-0.850117" r43="-187.63" r44="1"></containerEntry>
          <containerEntry r11="0.071759395" r12="-0.09902208" r13="0.828701" r14="0" r21="0.003694985" r22="0.83178765" r23="0.099071" r24="0" r31="-0.834588" r32="-0.0048315697" r33="0.07169186" r34="0" r41="-124.48912" r42="-0.850117" r43="-189.60269" r44="1"></containerEntry>
          <containerEntry r11="0.16162886" r12="0.023250457" r13="-0.986577" r14="0" r21="0.008766152" r22="0.9996491" r23="0.024994638" r24="0" r31="0.98681194" r32="-0.012688328" r33="0.16136831" r34="0" r41="-54.08395" r42="-5.790623" r43="-143.03125" r44="1"></containerEntry>
          <containerEntry r11="0.16162886" r12="0.023250457" r13="-0.986577" r14="0" r21="0.008766152" r22="0.9996491" r23="0.024994638" r24="0" r31="0.98681194" r32="-0.012688328" r33="0.16136831" r34="0" r41="-51.328526" r42="-4.4734626" r43="-145.55403" r44="1"></containerEntry>
          <containerEntry r11="0.36738762" r12="-0.11821141" r13="0.9225253" r14="0" r21="0.03833925" r22="0.99297166" r23="0.111970104" r24="0" r31="-0.92927766" r32="-0.0057675466" r33="0.36933762" r34="0" r41="-124.779945" r42="0.902243" r43="-185.67027" r44="1"></containerEntry>
          <containerEntry r11="-0.0037188863" r12="0.17675407" r13="-0.98424816" r14="0" r21="-0.19690847" r22="0.96485525" r23="0.17401545" r24="0" r31="0.980415" r32="0.19445424" r33="0.031216234" r34="0" r41="-123.11409" r42="-6.00086" r43="-138.14468" r44="1"></containerEntry>
        </property>
        <property name="colors" type="UInt32" container="DynamicArray" arraySize="17">
          <containerEntry>4294967295</containerEntry>
          <containerEntry>4294967295</containerEntry>
          <containerEntry>4294967295</containerEntry>
          <containerEntry>4294967295</containerEntry>
          <containerEntry>4294967295</containerEntry>
          <containerEntry>4294967295</containerEntry>
          <containerEntry>4294967295</containerEntry>
          <containerEntry>4294967295</containerEntry>
          <containerEntry>4294967295</containerEntry>
          <containerEntry>4294967295</containerEntry>
          <containerEntry>4294967295</containerEntry>
          <containerEntry>4294967295</containerEntry>
          <containerEntry>4294967295</containerEntry>
          <containerEntry>4294967295</containerEntry>
          <containerEntry>4294967295</containerEntry>
          <containerEntry>4294967295</containerEntry>
          <containerEntry>4294967295</containerEntry>
        </property>
      </staticProperties>
      <dynamicProperties></dynamicProperties>
    </entity>
    <entity class="TexturePackLoadConditioner" classVersion="0" classID="0x48" addr="0x2EF0550" id="0x0">
      <staticProperties>
        <property name="name" type="String" container="StaticArray" arraySize="1">
          <containerEntry>TexturePackLoadConditioner0000</containerEntry>
        </property>
        <property name="dataSet" type="EntityHandle" container="StaticArray" arraySize="1">
          <containerEntry>0x2EF43E0</containerEntry>
        </property>
        <property name="texturePackPath" type="Path" container="StaticArray" arraySize="1">
          <containerEntry hash="0xB8A0BF169F98"></containerEntry>
        </property>
      </staticProperties>
      <dynamicProperties></dynamicProperties>
    </entity>
  </entities>
</fox>