<fox formatVersion="2" fileVersion="0">
  <entities>
    <entity class="DataSet" classVersion="0" classID="0xE8" addr="0x2F535E0" id="0x2B33005">
      <staticProperties>
        <property name="name" type="String" container="StaticArray" arraySize="1">
          <containerEntry hash="0xB8A0BF169F98"></containerEntry>
        </property>
        <property name="dataSet" type="EntityHandle" container="StaticArray" arraySize="1">
          <containerEntry>0x0</containerEntry>
        </property>
        <property name="dataList" type="EntityPtr" container="StringMap" arraySize="14">
          <containerEntry key="afgh_clff022_vrtn002_0009">
            <data>0x2F533B0</data>
          </containerEntry>
          <containerEntry key="StaticModelArray0000">
            <data>0x2D7EE10</data>
          </containerEntry>
          <containerEntry key="StaticModelArray0001">
            <data>0x2D7ECC0</data>
          </containerEntry>
          <containerEntry key="StaticModelArray0002">
            <data>0x2D7E940</data>
          </containerEntry>
          <containerEntry key="StaticModelArray0003">
            <data>0x2D7E710</data>
          </containerEntry>
          <containerEntry key="StaticModelArray0004">
            <data>0x2D7EB00</data>
          </containerEntry>
          <containerEntry key="StaticModelArray0005">
            <data>0x2D7EA20</data>
          </containerEntry>
          <containerEntry key="StaticModelArray0006">
            <data>0x2D7E6A0</data>
          </containerEntry>
          <containerEntry key="StaticModelArray0007">
            <data>0x2D7EDA0</data>
          </containerEntry>
          <containerEntry key="StaticModelArray0008">
            <data>0x2D77A90</data>
          </containerEntry>
          <containerEntry key="StaticModelArray0009">
            <data>0x2D7E240</data>
          </containerEntry>
          <containerEntry key="StaticModelArray0010">
            <data>0x2D7E2B0</data>
          </containerEntry>
          <containerEntry key="StaticModelArray0011">
            <data>0x2D7E320</data>
          </containerEntry>
          <containerEntry key="TexturePackLoadConditioner0000">
            <data>0x2D7F270</data>
          </containerEntry>
        </property>
      </staticProperties>
      <dynamicProperties></dynamicProperties>
    </entity>
    <entity class="StaticModel" classVersion="9" classID="0x160" addr="0x2F533B0" id="0x2B33010">
      <staticProperties>
        <property name="name" type="String" container="StaticArray" arraySize="1">
          <containerEntry>afgh_clff022_vrtn002_0009</containerEntry>
        </property>
        <property name="dataSet" type="EntityHandle" container="StaticArray" arraySize="1">
          <containerEntry>0x2F535E0</containerEntry>
        </property>
        <property name="parent" type="EntityHandle" container="StaticArray" arraySize="1">
          <containerEntry>0x0</containerEntry>
        </property>
        <property name="transform" type="EntityPtr" container="StaticArray" arraySize="1">
          <containerEntry>0x2F53340</containerEntry>
        </property>
        <property name="shearTransform" type="EntityPtr" container="StaticArray" arraySize="1">
          <containerEntry>0x0</containerEntry>
        </property>
        <property name="pivotTransform" type="EntityPtr" container="StaticArray" arraySize="1">
          <containerEntry>0x0</containerEntry>
        </property>
        <property name="children" type="EntityHandle" container="List"></property>
        <property name="flags" type="UInt32" container="StaticArray" arraySize="1">
          <containerEntry>3221225479</containerEntry>
        </property>
        <property name="modelFile" type="FilePtr" container="StaticArray" arraySize="1">
          <containerEntry>/Assets/tpp/environ/object/afghanistan/cliff/afgh_clff022/scenes/afgh_clff022_vrtn002.fmdl</containerEntry>
        </property>
        <property name="geomFile" type="FilePtr" container="StaticArray" arraySize="1">
          <containerEntry>/Assets/tpp/environ/object/afghanistan/cliff/afgh_clff022/scenes/afgh_clff022_vrtn002.geom</containerEntry>
        </property>
        <property name="isVisibleGeom" type="Bool" container="StaticArray" arraySize="1">
          <containerEntry>false</containerEntry>
        </property>
        <property name="isIsolated" type="Bool" container="StaticArray" arraySize="1">
          <containerEntry>false</containerEntry>
        </property>
        <property name="lodFarSize" type="Float" container="StaticArray" arraySize="1">
          <containerEntry>-1</containerEntry>
        </property>
        <property name="lodNearSize" type="Float" container="StaticArray" arraySize="1">
          <containerEntry>-1</containerEntry>
        </property>
        <property name="lodPolygonSize" type="Float" container="StaticArray" arraySize="1">
          <containerEntry>-1</containerEntry>
        </property>
        <property name="color" type="Color" container="StaticArray" arraySize="1">
          <containerEntry r="1" g="1" b="1" a="1"></containerEntry>
        </property>
        <property name="drawRejectionLevel" type="Int32" container="StaticArray" arraySize="1">
          <containerEntry>8</containerEntry>
        </property>
        <property name="drawMode" type="Int32" container="StaticArray" arraySize="1">
          <containerEntry>0</containerEntry>
        </property>
        <property name="rejectFarRangeShadowCast" type="Int32" container="StaticArray" arraySize="1">
          <containerEntry>2</containerEntry>
        </property>
      </staticProperties>
      <dynamicProperties></dynamicProperties>
    </entity>
    <entity class="TransformEntity" classVersion="0" classID="0x50" addr="0x2F53340" id="0x2B33013">
      <staticProperties>
        <property name="owner" type="EntityHandle" container="StaticArray" arraySize="1">
          <containerEntry>0x2F533B0</containerEntry>
        </property>
        <property name="transform_scale" type="Vector3" container="StaticArray" arraySize="1">
          <containerEntry x="1" y="1" z="1" w="0"></containerEntry>
        </property>
        <property name="transform_rotation_quat" type="Quat" container="StaticArray" arraySize="1">
          <containerEntry x="0" y="-0.143666" z="0" w="0.989626"></containerEntry>
        </property>
        <property name="transform_translation" type="Vector3" container="StaticArray" arraySize="1">
          <containerEntry x="28.114897" y="344.80853" z="792.58264" w="0"></containerEntry>
        </property>
      </staticProperties>
      <dynamicProperties></dynamicProperties>
    </entity>
    <entity class="StaticModelArray" classVersion="4" classID="0xD0" addr="0x2D7EE10" id="0x0">
      <staticProperties>
        <property name="name" type="String" container="StaticArray" arraySize="1">
          <containerEntry>StaticModelArray0000</containerEntry>
        </property>
        <property name="dataSet" type="EntityHandle" container="StaticArray" arraySize="1">
          <containerEntry>0x2F535E0</containerEntry>
        </property>
        <property name="modelFile" type="FilePtr" container="StaticArray" arraySize="1">
          <containerEntry>/Assets/tpp/environ/object/afghanistan/cliff/afgh_clff013/scenes/afgh_clff013.fmdl</containerEntry>
        </property>
        <property name="geomFile" type="FilePtr" container="StaticArray" arraySize="1">
          <containerEntry>/Assets/tpp/environ/object/afghanistan/cliff/afgh_clff013/scenes/afgh_clff013.geom</containerEntry>
        </property>
        <property name="isVisibleGeom" type="Bool" container="StaticArray" arraySize="1">
          <containerEntry>false</containerEntry>
        </property>
        <property name="lodFarSize" type="Float" container="StaticArray" arraySize="1">
          <containerEntry>50</containerEntry>
        </property>
        <property name="lodNearSize" type="Float" container="StaticArray" arraySize="1">
          <containerEntry>400</containerEntry>
        </property>
        <property name="lodPolygonSize" type="Float" container="StaticArray" arraySize="1">
          <containerEntry>-1</containerEntry>
        </property>
        <property name="drawRejectionLevel" type="Int32" container="StaticArray" arraySize="1">
          <containerEntry>5</containerEntry>
        </property>
        <property name="drawMode" type="Int32" container="StaticArray" arraySize="1">
          <containerEntry>0</containerEntry>
        </property>
        <property name="rejectFarRangeShadowCast" type="Int32" container="StaticArray" arraySize="1">
          <containerEntry>2</containerEntry>
        </property>
        <property name="parentLocator" type="EntityLink" container="StaticArray" arraySize="1">
          <containerEntry packagePathHash="0xB8A0BF169F98" archivePathHash="0xB8A0BF169F98" nameInArchiveHash="0xB8A0BF169F98">0x0</containerEntry>
        </property>
        <property name="transforms" type="Matrix4" container="DynamicArray" arraySize="5">
          <containerEntry r11="0.8099984" r12="-1.9026279e-06" r13="0.5864318" r14="0" r21="1.9026279e-06" r22="1" r23="6.1644397e-07" r24="0" r31="-0.5864318" r32="6.1644397e-07" r33="0.8099984" r34="0" r41="16.010628" r42="321.9802" r43="824.42377" r44="1"></containerEntry>
          <containerEntry r11="0.945246" r12="-1.972432e-06" r13="0.32635862" r14="0" r21="1.972432e-06" r22="1" r23="3.3092002e-07" r24="0" r31="-0.32635862" r32="3.3092002e-07" r33="0.945246" r34="0" r41="32.0467" r42="322.11316" r43="832.023" r44="1"></containerEntry>
          <containerEntry r11="0.9948521" r12="-1.997424e-06" r13="-0.101337306" r14="0" r21="1.997424e-06" r22="1" r23="-1.01468e-07" r24="0" r31="0.101337306" r32="-1.01468e-07" r33="0.9948521" r34="0" r41="50.928307" r42="321.983" r43="834.42786" r44="1"></containerEntry>
          <containerEntry r11="0.9948521" r12="-1.997424e-06" r13="-0.101337306" r14="0" r21="1.997424e-06" r22="1" r23="-1.01468e-07" r24="0" r31="0.101337306" r32="-1.01468e-07" r33="0.9948521" r34="0" r41="35.58409" r42="319.96637" r43="834.10895" r44="1"></containerEntry>
          <containerEntry r11="0.99362093" r12="-1.996806e-06" r13="-0.112771615" r14="0" r21="1.996806e-06" r22="1" r23="-1.12952e-07" r24="0" r31="0.112771615" r32="-1.12952e-07" r33="0.99362093" r34="0" r41="1.101224" r42="322.5844" r43="821.4823" r44="1"></containerEntry>
        </property>
        <property name="colors" type="UInt32" container="DynamicArray" arraySize="5">
          <containerEntry>4294967295</containerEntry>
          <containerEntry>4294967295</containerEntry>
          <containerEntry>4294967295</containerEntry>
          <containerEntry>4294967295</containerEntry>
          <containerEntry>4294967295</containerEntry>
        </property>
      </staticProperties>
      <dynamicProperties></dynamicProperties>
    </entity>
    <entity class="StaticModelArray" classVersion="4" classID="0xD0" addr="0x2D7ECC0" id="0x0">
      <staticProperties>
        <property name="name" type="String" container="StaticArray" arraySize="1">
          <containerEntry>StaticModelArray0001</containerEntry>
        </property>
        <property name="dataSet" type="EntityHandle" container="StaticArray" arraySize="1">
          <containerEntry>0x2F535E0</containerEntry>
        </property>
        <property name="modelFile" type="FilePtr" container="StaticArray" arraySize="1">
          <containerEntry>/Assets/tpp/environ/object/afghanistan/cliff/afgh_clff030/scenes/afgh_clff030_vrtn011.fmdl</containerEntry>
        </property>
        <property name="geomFile" type="FilePtr" container="StaticArray" arraySize="1">
          <containerEntry>/Assets/tpp/environ/object/afghanistan/cliff/afgh_clff030/scenes/afgh_clff030_vrtn011.geom</containerEntry>
        </property>
        <property name="isVisibleGeom" type="Bool" container="StaticArray" arraySize="1">
          <containerEntry>false</containerEntry>
        </property>
        <property name="lodFarSize" type="Float" container="StaticArray" arraySize="1">
          <containerEntry>-1</containerEntry>
        </property>
        <property name="lodNearSize" type="Float" container="StaticArray" arraySize="1">
          <containerEntry>-1</containerEntry>
        </property>
        <property name="lodPolygonSize" type="Float" container="StaticArray" arraySize="1">
          <containerEntry>-1</containerEntry>
        </property>
        <property name="drawRejectionLevel" type="Int32" container="StaticArray" arraySize="1">
          <containerEntry>8</containerEntry>
        </property>
        <property name="drawMode" type="Int32" container="StaticArray" arraySize="1">
          <containerEntry>0</containerEntry>
        </property>
        <property name="rejectFarRangeShadowCast" type="Int32" container="StaticArray" arraySize="1">
          <containerEntry>2</containerEntry>
        </property>
        <property name="parentLocator" type="EntityLink" container="StaticArray" arraySize="1">
          <containerEntry packagePathHash="0xB8A0BF169F98" archivePathHash="0xB8A0BF169F98" nameInArchiveHash="0xB8A0BF169F98">0x0</containerEntry>
        </property>
        <property name="transforms" type="Matrix4" container="DynamicArray" arraySize="2">
          <containerEntry r11="0.99596083" r12="0.0056688963" r13="0.08960962" r14="0" r21="-0.0065905247" r22="0.99992836" r23="0.009992357" r24="0" r31="-0.08954656" r32="-0.010542572" r33="0.99592686" r34="0" r41="63.073257" r42="349.86508" r43="788.9065" r44="1"></containerEntry>
          <containerEntry r11="0.8961045" r12="0.010340076" r13="-0.44372213" r14="0" r21="-0.0065900986" r22="0.99992836" r23="0.009992537" r24="0" r31="0.44379365" r32="-0.0060301768" r33="0.89610845" r34="0" r41="22.81965" r42="345.66577" r43="787.8914" r44="1"></containerEntry>
        </property>
        <property name="colors" type="UInt32" container="DynamicArray" arraySize="2">
          <containerEntry>4294967295</containerEntry>
          <containerEntry>4294967295</containerEntry>
        </property>
      </staticProperties>
      <dynamicProperties></dynamicProperties>
    </entity>
    <entity class="StaticModelArray" classVersion="4" classID="0xD0" addr="0x2D7E940" id="0x0">
      <staticProperties>
        <property name="name" type="String" container="StaticArray" arraySize="1">
          <containerEntry>StaticModelArray0002</containerEntry>
        </property>
        <property name="dataSet" type="EntityHandle" container="StaticArray" arraySize="1">
          <containerEntry>0x2F535E0</containerEntry>
        </property>
        <property name="modelFile" type="FilePtr" container="StaticArray" arraySize="1">
          <containerEntry>/Assets/tpp/environ/object/afghanistan/rock/afgh_rock001/scenes/afgh_rock001.fmdl</containerEntry>
        </property>
        <property name="geomFile" type="FilePtr" container="StaticArray" arraySize="1">
          <containerEntry>/Assets/tpp/environ/object/afghanistan/rock/afgh_rock001/scenes/afgh_rock001.geom</containerEntry>
        </property>
        <property name="isVisibleGeom" type="Bool" container="StaticArray" arraySize="1">
          <containerEntry>false</containerEntry>
        </property>
        <property name="lodFarSize" type="Float" container="StaticArray" arraySize="1">
          <containerEntry>-1</containerEntry>
        </property>
        <property name="lodNearSize" type="Float" container="StaticArray" arraySize="1">
          <containerEntry>-1</containerEntry>
        </property>
        <property name="lodPolygonSize" type="Float" container="StaticArray" arraySize="1">
          <containerEntry>-1</containerEntry>
        </property>
        <property name="drawRejectionLevel" type="Int32" container="StaticArray" arraySize="1">
          <containerEntry>8</containerEntry>
        </property>
        <property name="drawMode" type="Int32" container="StaticArray" arraySize="1">
          <containerEntry>0</containerEntry>
        </property>
        <property name="rejectFarRangeShadowCast" type="Int32" container="StaticArray" arraySize="1">
          <containerEntry>2</containerEntry>
        </property>
        <property name="parentLocator" type="EntityLink" container="StaticArray" arraySize="1">
          <containerEntry packagePathHash="0xB8A0BF169F98" archivePathHash="0xB8A0BF169F98" nameInArchiveHash="0xB8A0BF169F98">0x0</containerEntry>
        </property>
        <property name="transforms" type="Matrix4" container="DynamicArray" arraySize="2">
          <containerEntry r11="1" r12="0" r13="0" r14="0" r21="0" r22="1" r23="0" r24="0" r31="0" r32="0" r33="1" r34="0" r41="94.68898" r42="325.2368" r43="884.5571" r44="1"></containerEntry>
          <containerEntry r11="0.65806854" r12="-0.7529578" r13="0" r14="0" r21="0.7529578" r22="0.65806854" r23="0" r24="0" r31="0" r32="0" r33="1" r34="0" r41="14.016434" r42="320.3319" r43="861.2825" r44="1"></containerEntry>
        </property>
        <property name="colors" type="UInt32" container="DynamicArray" arraySize="2">
          <containerEntry>4294967295</containerEntry>
          <containerEntry>4294967295</containerEntry>
        </property>
      </staticProperties>
      <dynamicProperties></dynamicProperties>
    </entity>
    <entity class="StaticModelArray" classVersion="4" classID="0xD0" addr="0x2D7E710" id="0x0">
      <staticProperties>
        <property name="name" type="String" container="StaticArray" arraySize="1">
          <containerEntry>StaticModelArray0003</containerEntry>
        </property>
        <property name="dataSet" type="EntityHandle" container="StaticArray" arraySize="1">
          <containerEntry>0x2F535E0</containerEntry>
        </property>
        <property name="modelFile" type="FilePtr" container="StaticArray" arraySize="1">
          <containerEntry>/Assets/tpp/environ/object/afghanistan/cliff/afgh_clff007/scenes/afgh_clff007.fmdl</containerEntry>
        </property>
        <property name="geomFile" type="FilePtr" container="StaticArray" arraySize="1">
          <containerEntry>/Assets/tpp/environ/object/afghanistan/cliff/afgh_clff007/scenes/afgh_clff007.geom</containerEntry>
        </property>
        <property name="isVisibleGeom" type="Bool" container="StaticArray" arraySize="1">
          <containerEntry>false</containerEntry>
        </property>
        <property name="lodFarSize" type="Float" container="StaticArray" arraySize="1">
          <containerEntry>50</containerEntry>
        </property>
        <property name="lodNearSize" type="Float" container="StaticArray" arraySize="1">
          <containerEntry>400</containerEntry>
        </property>
        <property name="lodPolygonSize" type="Float" container="StaticArray" arraySize="1">
          <containerEntry>-1</containerEntry>
        </property>
        <property name="drawRejectionLevel" type="Int32" container="StaticArray" arraySize="1">
          <containerEntry>5</containerEntry>
        </property>
        <property name="drawMode" type="Int32" container="StaticArray" arraySize="1">
          <containerEntry>0</containerEntry>
        </property>
        <property name="rejectFarRangeShadowCast" type="Int32" container="StaticArray" arraySize="1">
          <containerEntry>2</containerEntry>
        </property>
        <property name="parentLocator" type="EntityLink" container="StaticArray" arraySize="1">
          <containerEntry packagePathHash="0xB8A0BF169F98" archivePathHash="0xB8A0BF169F98" nameInArchiveHash="0xB8A0BF169F98">0x0</containerEntry>
        </property>
        <property name="transforms" type="Matrix4" container="DynamicArray" arraySize="9">
          <containerEntry r11="0.96162397" r12="0.041237038" r13="0.2712541" r14="0" r21="-0.05197304" r22="0.9981191" r23="0.032512095" r24="0" r31="-0.2694032" r32="-0.04536232" r33="0.96195847" r34="0" r41="110.78356" r42="330.4927" r43="844.7663" r44="1"></containerEntry>
          <containerEntry r11="0.96162397" r12="0.041237038" r13="0.2712541" r14="0" r21="-0.05197304" r22="0.9981191" r23="0.032512095" r24="0" r31="-0.2694032" r32="-0.04536232" r33="0.96195847" r34="0" r41="71.01734" r42="326.6359" r43="830.8536" r44="1"></containerEntry>
          <containerEntry r11="0.995938" r12="0.08700033" r13="-0.023203596" r14="0" r21="-0.086204775" r22="0.9957198" r23="0.033328775" r24="0" r31="0.026003897" r32="-0.031193133" r33="0.999175" r34="0" r41="50.51631" r42="322.65128" r43="839.41644" r44="1"></containerEntry>
          <containerEntry r11="0.97123873" r12="0.06641996" r13="-0.22865617" r14="0" r21="-0.12743685" r22="0.9561922" r23="-0.26354542" r24="0" r31="0.20113456" r32="0.28510478" r33="0.9371553" r34="0" r41="56.858173" r42="323.28525" r43="892.38464" r44="1"></containerEntry>
          <containerEntry r11="-0.9953999" r12="-0.05057756" r13="-0.08128278" r14="0" r21="-0.05758313" r22="0.99460447" r23="0.086290784" r24="0" r31="0.07647982" r32="0.09057497" r33="-0.99294156" r34="0" r41="46.60581" r42="320.99097" r43="862.6566" r44="1"></containerEntry>
          <containerEntry r11="0.9914483" r12="0.119596764" r13="0.052218836" r14="0" r21="-0.12155907" r22="0.9919251" r23="0.036165126" r24="0" r31="-0.047471937" r32="-0.04220353" r33="0.9979806" r34="0" r41="74.01733" r42="324.23917" r43="845.04065" r44="1"></containerEntry>
          <containerEntry r11="0.9989272" r12="0.017487278" r13="-0.042880163" r14="0" r21="-0.025260141" r22="0.9818355" r23="-0.18804525" r24="0" r31="0.03881287" r32="0.18892665" r33="0.9812239" r34="0" r41="37.409695" r42="325.63928" r43="828.30963" r44="1"></containerEntry>
          <containerEntry r11="0.99018776" r12="0.06328873" r13="0.12459039" r14="0" r21="-0.065103665" r22="0.99782276" r23="0.010545874" r24="0" r31="-0.12365169" r32="-0.018553691" r33="0.9921522" r34="0" r41="85.04842" r42="325.33545" r43="846.3593" r44="1"></containerEntry>
          <containerEntry r11="-0.027290992" r12="0.03395485" r13="0.99905115" r14="0" r21="-0.02981449" r22="0.99895066" r23="-0.03476588" r24="0" r31="-0.99918324" r32="-0.030734967" r33="-0.026250005" r34="0" r41="12.137554" r42="320.9611" r43="892.36285" r44="1"></containerEntry>
        </property>
        <property name="colors" type="UInt32" container="DynamicArray" arraySize="9">
          <containerEntry>4294967295</containerEntry>
          <containerEntry>4294967295</containerEntry>
          <containerEntry>4294967295</containerEntry>
          <containerEntry>4294967295</containerEntry>
          <containerEntry>4294967295</containerEntry>
          <containerEntry>4294967295</containerEntry>
          <containerEntry>4294967295</containerEntry>
          <containerEntry>4294967295</containerEntry>
          <containerEntry>4294967295</containerEntry>
        </property>
      </staticProperties>
      <dynamicProperties></dynamicProperties>
    </entity>
    <entity class="StaticModelArray" classVersion="4" classID="0xD0" addr="0x2D7EB00" id="0x0">
      <staticProperties>
        <property name="name" type="String" container="StaticArray" arraySize="1">
          <containerEntry>StaticModelArray0004</containerEntry>
        </property>
        <property name="dataSet" type="EntityHandle" container="StaticArray" arraySize="1">
          <containerEntry>0x2F535E0</containerEntry>
        </property>
        <property name="modelFile" type="FilePtr" container="StaticArray" arraySize="1">
          <containerEntry>/Assets/tpp/environ/object/afghanistan/rock/afgh_rock009/scenes/afgh_rock009_rock001.fmdl</containerEntry>
        </property>
        <property name="geomFile" type="FilePtr" container="StaticArray" arraySize="1">
          <containerEntry>/Assets/tpp/environ/object/afghanistan/rock/afgh_rock009/scenes/afgh_rock009_rock001.geom</containerEntry>
        </property>
        <property name="isVisibleGeom" type="Bool" container="StaticArray" arraySize="1">
          <containerEntry>false</containerEntry>
        </property>
        <property name="lodFarSize" type="Float" container="StaticArray" arraySize="1">
          <containerEntry>-1</containerEntry>
        </property>
        <property name="lodNearSize" type="Float" container="StaticArray" arraySize="1">
          <containerEntry>-1</containerEntry>
        </property>
        <property name="lodPolygonSize" type="Float" container="StaticArray" arraySize="1">
          <containerEntry>-1</containerEntry>
        </property>
        <property name="drawRejectionLevel" type="Int32" container="StaticArray" arraySize="1">
          <containerEntry>8</containerEntry>
        </property>
        <property name="drawMode" type="Int32" container="StaticArray" arraySize="1">
          <containerEntry>0</containerEntry>
        </property>
        <property name="rejectFarRangeShadowCast" type="Int32" container="StaticArray" arraySize="1">
          <containerEntry>2</containerEntry>
        </property>
        <property name="parentLocator" type="EntityLink" container="StaticArray" arraySize="1">
          <containerEntry packagePathHash="0xB8A0BF169F98" archivePathHash="0xB8A0BF169F98" nameInArchiveHash="0xB8A0BF169F98">0x0</containerEntry>
        </property>
        <property name="transforms" type="Matrix4" container="DynamicArray" arraySize="13">
          <containerEntry r11="1" r12="0" r13="0" r14="0" r21="0" r22="1" r23="0" r24="0" r31="0" r32="0" r33="1" r34="0" r41="44.314964" r42="326.2955" r43="821.5057" r44="1"></containerEntry>
          <containerEntry r11="0.15421292" r12="0.33401194" r13="-0.92986715" r14="0" r21="0.95012224" r22="-0.30834067" r23="0.046813756" r24="0" r31="-0.27108058" r32="-0.8907075" r33="-0.36490163" r34="0" r41="21.873405" r42="321.1012" r43="841.374" r44="1"></containerEntry>
          <containerEntry r11="0.2875144" r12="0.8078208" r13="-0.51454824" r14="0" r21="0.9501221" r22="-0.3083412" r23="0.046813637" r24="0" r31="-0.12083991" r32="-0.50234365" r33="-0.8561808" r34="0" r41="46.27379" r42="323.08148" r43="887.4875" r44="1"></containerEntry>
          <containerEntry r11="0.9804892" r12="-0.19461432" r13="-0.027679153" r14="0" r21="0.19657281" r22="0.97071993" r23="0.13806497" r24="0" r31="-6.8638474e-07" r32="-0.14081217" r33="0.9900363" r34="0" r41="56.300934" r42="323.62195" r43="882.93396" r44="1"></containerEntry>
          <containerEntry r11="-0.9925139" r12="0.0764249" r13="0.09524042" r14="0" r21="0.052594274" r22="0.97143054" r23="-0.23142257" r24="0" r31="-0.110205926" r32="-0.22468156" r33="-0.9681778" r34="0" r41="10.670986" r42="320.7066" r43="874.9814" r44="1"></containerEntry>
          <containerEntry r11="-0.9965241" r12="-0.06409316" r13="-0.053163987" r14="0" r21="0.06455766" r22="-0.9978863" r23="-0.0070644803" r24="0" r31="-0.052598972" r32="-0.010472091" r33="0.9985608" r34="0" r41="67.09988" r42="323.2637" r43="870.2574" r44="1"></containerEntry>
          <containerEntry r11="-0.8797302" r12="-0.0602528" r13="0.47163668" r14="0" r21="0.45174176" r22="0.20352642" r23="0.8686225" r24="0" r31="-0.1483272" r32="0.97721297" r33="-0.15182835" r34="0" r41="74.17097" r42="322.98013" r43="851.7353" r44="1"></containerEntry>
          <containerEntry r11="0.98048925" r12="-0.1946139" r13="-0.027679414" r14="0" r21="-0.15745535" r22="-0.6932536" r23="-0.70328295" r24="0" r31="0.117679805" r32="0.69391966" r33="-0.7103707" r34="0" r41="83.355576" r42="324.22318" r43="852.0364" r44="1"></containerEntry>
          <containerEntry r11="0.98316795" r12="-0.011312455" r13="0.18235359" r14="0" r21="0.12968716" r22="0.74624103" r23="-0.65292084" r24="0" r31="-0.12869361" r32="0.6655798" r33="0.73514736" r34="0" r41="103.326096" r42="323.68488" r43="868.31024" r44="1"></containerEntry>
          <containerEntry r11="-0.13130337" r12="-0.5316374" r13="-0.8367301" r14="0" r21="0.95012134" r22="-0.30834004" r23="0.046813518" r24="0" r31="-0.2828871" r32="-0.7888496" r33="0.5456094" r34="0" r41="71.01595" r42="323.96124" r43="882.9048" r44="1"></containerEntry>
          <containerEntry r11="0.10780811" r12="0.2130644" r13="0.97107065" r14="0" r21="-0.892279" r22="0.45148245" r23="-1.013279e-06" r24="0" r31="-0.43842074" r32="-0.86646724" r33="0.23878747" r34="0" r41="125.018005" r42="358.44452" r43="786.34674" r44="1"></containerEntry>
          <containerEntry r11="-0.041168593" r12="-0.71131814" r13="-0.7016653" r14="0" r21="-0.99219906" r22="0.111814916" r23="-0.05514112" r24="0" r31="0.11768022" r32="0.69392085" r33="-0.71037275" r34="0" r41="78.36972" r42="335.85675" r43="800.9599" r44="1"></containerEntry>
          <containerEntry r11="0.87641394" r12="-0.40894496" r13="-0.2542889" r14="0" r21="-0.46459353" r22="-0.8569696" r23="-0.22306743" r24="0" r31="-0.12669522" r32="0.31364033" r33="-0.9410533" r34="0" r41="128.0851" r42="339.8257" r43="833.7832" r44="1"></containerEntry>
        </property>
        <property name="colors" type="UInt32" container="DynamicArray" arraySize="13">
          <containerEntry>4294967295</containerEntry>
          <containerEntry>4294967295</containerEntry>
          <containerEntry>4294967295</containerEntry>
          <containerEntry>4294967295</containerEntry>
          <containerEntry>4294967295</containerEntry>
          <containerEntry>4294967295</containerEntry>
          <containerEntry>4294967295</containerEntry>
          <containerEntry>4294967295</containerEntry>
          <containerEntry>4294967295</containerEntry>
          <containerEntry>4294967295</containerEntry>
          <containerEntry>4294967295</containerEntry>
          <containerEntry>4294967295</containerEntry>
          <containerEntry>4294967295</containerEntry>
        </property>
      </staticProperties>
      <dynamicProperties></dynamicProperties>
    </entity>
    <entity class="StaticModelArray" classVersion="4" classID="0xD0" addr="0x2D7EA20" id="0x0">
      <staticProperties>
        <property name="name" type="String" container="StaticArray" arraySize="1">
          <containerEntry>StaticModelArray0005</containerEntry>
        </property>
        <property name="dataSet" type="EntityHandle" container="StaticArray" arraySize="1">
          <containerEntry>0x2F535E0</containerEntry>
        </property>
        <property name="modelFile" type="FilePtr" container="StaticArray" arraySize="1">
          <containerEntry>/Assets/tpp/environ/object/afghanistan/rock/afgh_rock009/scenes/afgh_rock009_rock002.fmdl</containerEntry>
        </property>
        <property name="geomFile" type="FilePtr" container="StaticArray" arraySize="1">
          <containerEntry>/Assets/tpp/environ/object/afghanistan/rock/afgh_rock009/scenes/afgh_rock009_rock002.geom</containerEntry>
        </property>
        <property name="isVisibleGeom" type="Bool" container="StaticArray" arraySize="1">
          <containerEntry>false</containerEntry>
        </property>
        <property name="lodFarSize" type="Float" container="StaticArray" arraySize="1">
          <containerEntry>-1</containerEntry>
        </property>
        <property name="lodNearSize" type="Float" container="StaticArray" arraySize="1">
          <containerEntry>-1</containerEntry>
        </property>
        <property name="lodPolygonSize" type="Float" container="StaticArray" arraySize="1">
          <containerEntry>-1</containerEntry>
        </property>
        <property name="drawRejectionLevel" type="Int32" container="StaticArray" arraySize="1">
          <containerEntry>8</containerEntry>
        </property>
        <property name="drawMode" type="Int32" container="StaticArray" arraySize="1">
          <containerEntry>0</containerEntry>
        </property>
        <property name="rejectFarRangeShadowCast" type="Int32" container="StaticArray" arraySize="1">
          <containerEntry>2</containerEntry>
        </property>
        <property name="parentLocator" type="EntityLink" container="StaticArray" arraySize="1">
          <containerEntry packagePathHash="0xB8A0BF169F98" archivePathHash="0xB8A0BF169F98" nameInArchiveHash="0xB8A0BF169F98">0x0</containerEntry>
        </property>
        <property name="transforms" type="Matrix4" container="DynamicArray" arraySize="4">
          <containerEntry r11="0.96865946" r12="-0.14444305" r13="-0.20207667" r14="0" r21="0.2028019" r22="0.92964095" r23="0.3076345" r24="0" r31="0.14342302" r32="-0.33897462" r33="0.92979884" r34="0" r41="48.45564" r42="326.47385" r43="833.56683" r44="1"></containerEntry>
          <containerEntry r11="0.9737479" r12="0.2276294" r13="3.259629e-09" r14="0" r21="-0.22724757" r22="0.9721145" r23="-0.057897124" r24="0" r31="-0.013179079" r32="0.0563772" r33="0.9983226" r34="0" r41="53.85397" r42="322.34906" r43="848.39465" r44="1"></containerEntry>
          <containerEntry r11="0.82965636" r12="0.16212884" r13="-0.5342137" r14="0" r21="-0.09153674" r22="0.9834573" r23="0.15630955" r24="0" r31="0.5507187" r32="-0.08078298" r33="0.8307724" r34="0" r41="22.846823" r42="321.21237" r43="878.0787" r44="1"></containerEntry>
          <containerEntry r11="0.96865946" r12="-0.14444305" r13="-0.20207667" r14="0" r21="0.2028019" r22="0.92964095" r23="0.3076345" r24="0" r31="0.14342302" r32="-0.33897462" r33="0.92979884" r34="0" r41="82.11792" r42="324.52466" r43="872.21893" r44="1"></containerEntry>
        </property>
        <property name="colors" type="UInt32" container="DynamicArray" arraySize="4">
          <containerEntry>4294967295</containerEntry>
          <containerEntry>4294967295</containerEntry>
          <containerEntry>4294967295</containerEntry>
          <containerEntry>4294967295</containerEntry>
        </property>
      </staticProperties>
      <dynamicProperties></dynamicProperties>
    </entity>
    <entity class="StaticModelArray" classVersion="4" classID="0xD0" addr="0x2D7E6A0" id="0x0">
      <staticProperties>
        <property name="name" type="String" container="StaticArray" arraySize="1">
          <containerEntry>StaticModelArray0006</containerEntry>
        </property>
        <property name="dataSet" type="EntityHandle" container="StaticArray" arraySize="1">
          <containerEntry>0x2F535E0</containerEntry>
        </property>
        <property name="modelFile" type="FilePtr" container="StaticArray" arraySize="1">
          <containerEntry>/Assets/tpp/environ/object/afghanistan/cliff/afgh_clff022/scenes/afgh_clff022_vrtn003.fmdl</containerEntry>
        </property>
        <property name="geomFile" type="FilePtr" container="StaticArray" arraySize="1">
          <containerEntry>/Assets/tpp/environ/object/afghanistan/cliff/afgh_clff022/scenes/afgh_clff022_vrtn003.geom</containerEntry>
        </property>
        <property name="isVisibleGeom" type="Bool" container="StaticArray" arraySize="1">
          <containerEntry>false</containerEntry>
        </property>
        <property name="lodFarSize" type="Float" container="StaticArray" arraySize="1">
          <containerEntry>-1</containerEntry>
        </property>
        <property name="lodNearSize" type="Float" container="StaticArray" arraySize="1">
          <containerEntry>-1</containerEntry>
        </property>
        <property name="lodPolygonSize" type="Float" container="StaticArray" arraySize="1">
          <containerEntry>-1</containerEntry>
        </property>
        <property name="drawRejectionLevel" type="Int32" container="StaticArray" arraySize="1">
          <containerEntry>8</containerEntry>
        </property>
        <property name="drawMode" type="Int32" container="StaticArray" arraySize="1">
          <containerEntry>0</containerEntry>
        </property>
        <property name="rejectFarRangeShadowCast" type="Int32" container="StaticArray" arraySize="1">
          <containerEntry>2</containerEntry>
        </property>
        <property name="parentLocator" type="EntityLink" container="StaticArray" arraySize="1">
          <containerEntry packagePathHash="0xB8A0BF169F98" archivePathHash="0xB8A0BF169F98" nameInArchiveHash="0xB8A0BF169F98">0x0</containerEntry>
        </property>
        <property name="transforms" type="Matrix4" container="DynamicArray" arraySize="5">
          <containerEntry r11="1" r12="0" r13="0" r14="0" r21="0" r22="1" r23="0" r24="0" r31="0" r32="0" r33="1" r34="0" r41="106.47609" r42="349.9248" r43="816.18677" r44="1"></containerEntry>
          <containerEntry r11="1" r12="0" r13="0" r14="0" r21="0" r22="1" r23="0" r24="0" r31="0" r32="0" r33="1" r34="0" r41="7.072821" r42="347.20642" r43="793.8538" r44="1"></containerEntry>
          <containerEntry r11="-0.38286102" r12="0" r13="0.923807" r14="0" r21="0" r22="1" r23="0" r24="0" r31="-0.923807" r32="0" r33="-0.38286102" r34="0" r41="53.424732" r42="349.15735" r43="800.0058" r44="1"></containerEntry>
          <containerEntry r11="-0.8642956" r12="0" r13="0.50299275" r14="0" r21="0" r22="1" r23="0" r24="0" r31="-0.50299275" r32="0" r33="-0.8642956" r34="0" r41="52.07647" r42="342.82367" r43="805.22046" r44="1"></containerEntry>
          <containerEntry r11="-0.24748278" r12="0" r13="-0.96889037" r14="0" r21="0" r22="1" r23="0" r24="0" r31="0.96889037" r32="0" r33="-0.24748278" r34="0" r41="117.76632" r42="354.77988" r43="812.59454" r44="1"></containerEntry>
        </property>
        <property name="colors" type="UInt32" container="DynamicArray" arraySize="5">
          <containerEntry>4294967295</containerEntry>
          <containerEntry>4294967295</containerEntry>
          <containerEntry>4294967295</containerEntry>
          <containerEntry>4294967295</containerEntry>
          <containerEntry>4294967295</containerEntry>
        </property>
      </staticProperties>
      <dynamicProperties></dynamicProperties>
    </entity>
    <entity class="StaticModelArray" classVersion="4" classID="0xD0" addr="0x2D7EDA0" id="0x0">
      <staticProperties>
        <property name="name" type="String" container="StaticArray" arraySize="1">
          <containerEntry>StaticModelArray0007</containerEntry>
        </property>
        <property name="dataSet" type="EntityHandle" container="StaticArray" arraySize="1">
          <containerEntry>0x2F535E0</containerEntry>
        </property>
        <property name="modelFile" type="FilePtr" container="StaticArray" arraySize="1">
          <containerEntry>/Assets/tpp/environ/object/afghanistan/cliff/afgh_clff025/scenes/afgh_clff025.fmdl</containerEntry>
        </property>
        <property name="geomFile" type="FilePtr" container="StaticArray" arraySize="1">
          <containerEntry>/Assets/tpp/environ/object/afghanistan/cliff/afgh_clff025/scenes/afgh_clff025.geom</containerEntry>
        </property>
        <property name="isVisibleGeom" type="Bool" container="StaticArray" arraySize="1">
          <containerEntry>false</containerEntry>
        </property>
        <property name="lodFarSize" type="Float" container="StaticArray" arraySize="1">
          <containerEntry>-1</containerEntry>
        </property>
        <property name="lodNearSize" type="Float" container="StaticArray" arraySize="1">
          <containerEntry>-1</containerEntry>
        </property>
        <property name="lodPolygonSize" type="Float" container="StaticArray" arraySize="1">
          <containerEntry>-1</containerEntry>
        </property>
        <property name="drawRejectionLevel" type="Int32" container="StaticArray" arraySize="1">
          <containerEntry>8</containerEntry>
        </property>
        <property name="drawMode" type="Int32" container="StaticArray" arraySize="1">
          <containerEntry>0</containerEntry>
        </property>
        <property name="rejectFarRangeShadowCast" type="Int32" container="StaticArray" arraySize="1">
          <containerEntry>2</containerEntry>
        </property>
        <property name="parentLocator" type="EntityLink" container="StaticArray" arraySize="1">
          <containerEntry packagePathHash="0xB8A0BF169F98" archivePathHash="0xB8A0BF169F98" nameInArchiveHash="0xB8A0BF169F98">0x0</containerEntry>
        </property>
