<fox formatVersion="2" fileVersion="0">
  <entities>
    <entity class="DataSet" classVersion="0" classID="0xE8" addr="0x2F57390" id="0x342976">
      <staticProperties>
        <property name="name" type="String" container="StaticArray" arraySize="1">
          <containerEntry hash="0xB8A0BF169F98"></containerEntry>
        </property>
        <property name="dataSet" type="EntityHandle" container="StaticArray" arraySize="1">
          <containerEntry>0x0</containerEntry>
        </property>
        <property name="dataList" type="EntityPtr" container="StringMap" arraySize="4">
          <containerEntry key="mafr_clff003_0001">
            <data>0x2F57320</data>
          </containerEntry>
          <containerEntry key="StaticModelArray0000">
            <data>0x2D7AC70</data>
          </containerEntry>
          <containerEntry key="StaticModelArray0001">
            <data>0x2D7ACE0</data>
          </containerEntry>
          <containerEntry key="TexturePackLoadConditioner0000">
            <data>0x2D7B290</data>
          </containerEntry>
        </property>
      </staticProperties>
      <dynamicProperties></dynamicProperties>
    </entity>
    <entity class="StaticModel" classVersion="9" classID="0x160" addr="0x2F57320" id="0x342978">
      <staticProperties>
        <property name="name" type="String" container="StaticArray" arraySize="1">
          <containerEntry>mafr_clff003_0001</containerEntry>
        </property>
        <property name="dataSet" type="EntityHandle" container="StaticArray" arraySize="1">
          <containerEntry>0x2F57390</containerEntry>
        </property>
        <property name="parent" type="EntityHandle" container="StaticArray" arraySize="1">
          <containerEntry>0x0</containerEntry>
        </property>
        <property name="transform" type="EntityPtr" container="StaticArray" arraySize="1">
          <containerEntry>0x2F572B0</containerEntry>
        </property>
        <property name="shearTransform" type="EntityPtr" container="StaticArray" arraySize="1">
          <containerEntry>0x0</containerEntry>
        </property>
        <property name="pivotTransform" type="EntityPtr" container="StaticArray" arraySize="1">
          <containerEntry>0x0</containerEntry>
        </property>
        <property name="children" type="EntityHandle" container="List"></property>
        <property name="flags" type="UInt32" container="StaticArray" arraySize="1">
          <containerEntry>7</containerEntry>
        </property>
        <property name="modelFile" type="FilePtr" container="StaticArray" arraySize="1">
          <containerEntry>/Assets/tpp/environ/object/middle_africa/cliff/mafr_clff003/scenes/mafr_clff003.fmdl</containerEntry>
        </property>
        <property name="geomFile" type="FilePtr" container="StaticArray" arraySize="1">
          <containerEntry>/Assets/tpp/environ/object/middle_africa/cliff/mafr_clff003/scenes/mafr_clff003.geom</containerEntry>
        </property>
        <property name="isVisibleGeom" type="Bool" container="StaticArray" arraySize="1">
          <containerEntry>false</containerEntry>
        </property>
        <property name="isIsolated" type="Bool" container="StaticArray" arraySize="1">
          <containerEntry>false</containerEntry>
        </property>
        <property name="lodFarSize" type="Float" container="StaticArray" arraySize="1">
          <containerEntry>-1</containerEntry>
        </property>
        <property name="lodNearSize" type="Float" container="StaticArray" arraySize="1">
          <containerEntry>-1</containerEntry>
        </property>
        <property name="lodPolygonSize" type="Float" container="StaticArray" arraySize="1">
          <containerEntry>-1</containerEntry>
        </property>
        <property name="color" type="Color" container="StaticArray" arraySize="1">
          <containerEntry r="1" g="1" b="1" a="1"></containerEntry>
        </property>
        <property name="drawRejectionLevel" type="Int32" container="StaticArray" arraySize="1">
          <containerEntry>8</containerEntry>
        </property>
        <property name="drawMode" type="Int32" container="StaticArray" arraySize="1">
          <containerEntry>0</containerEntry>
        </property>
        <property name="rejectFarRangeShadowCast" type="Int32" container="StaticArray" arraySize="1">
          <containerEntry>2</containerEntry>
        </property>
      </staticProperties>
      <dynamicProperties></dynamicProperties>
    </entity>
    <entity class="TransformEntity" classVersion="0" classID="0x50" addr="0x2F572B0" id="0x34297B">
      <staticProperties>
        <property name="owner" type="EntityHandle" container="StaticArray" arraySize="1">
          <containerEntry>0x2F57320</containerEntry>
        </property>
        <property name="transform_scale" type="Vector3" container="StaticArray" arraySize="1">
          <containerEntry x="1" y="1" z="1" w="0"></containerEntry>
        </property>
        <property name="transform_rotation_quat" type="Quat" container="StaticArray" arraySize="1">
          <containerEntry x="0" y="0.698665" z="0" w="0.715449"></containerEntry>
        </property>
        <property name="transform_translation" type="Vector3" container="StaticArray" arraySize="1">
          <containerEntry x="2278.0244" y="69.63148" z="292.11124" w="0"></containerEntry>
        </property>
      </staticProperties>
      <dynamicProperties></dynamicProperties>
    </entity>
    <entity class="StaticModelArray" classVersion="4" classID="0xD0" addr="0x2D7AC70" id="0x0">
      <staticProperties>
        <property name="name" type="String" container="StaticArray" arraySize="1">
          <containerEntry>StaticModelArray0000</containerEntry>
        </property>
        <property name="dataSet" type="EntityHandle" container="StaticArray" arraySize="1">
          <containerEntry>0x2F57390</containerEntry>
        </property>
        <property name="modelFile" type="FilePtr" container="StaticArray" arraySize="1">
          <containerEntry>/Assets/tpp/environ/object/middle_africa/rock/mafr_rock002/scenes/mafr_rock002.fmdl</containerEntry>
        </property>
        <property name="geomFile" type="FilePtr" container="StaticArray" arraySize="1">
          <containerEntry>/Assets/tpp/environ/object/middle_africa/rock/mafr_rock002/scenes/mafr_rock002.geom</containerEntry>
        </property>
        <property name="isVisibleGeom" type="Bool" container="StaticArray" arraySize="1">
          <containerEntry>false</containerEntry>
        </property>
        <property name="lodFarSize" type="Float" container="StaticArray" arraySize="1">
          <containerEntry>-1</containerEntry>
        </property>
        <property name="lodNearSize" type="Float" container="StaticArray" arraySize="1">
          <containerEntry>-1</containerEntry>
        </property>
        <property name="lodPolygonSize" type="Float" container="StaticArray" arraySize="1">
          <containerEntry>-1</containerEntry>
        </property>
        <property name="drawRejectionLevel" type="Int32" container="StaticArray" arraySize="1">
          <containerEntry>8</containerEntry>
        </property>
        <property name="drawMode" type="Int32" container="StaticArray" arraySize="1">
          <containerEntry>0</containerEntry>
        </property>
        <property name="rejectFarRangeShadowCast" type="Int32" container="StaticArray" arraySize="1">
          <containerEntry>2</containerEntry>
        </property>
        <property name="parentLocator" type="EntityLink" container="StaticArray" arraySize="1">
          <containerEntry packagePathHash="0xB8A0BF169F98" archivePathHash="0xB8A0BF169F98" nameInArchiveHash="0xB8A0BF169F98">0x0</containerEntry>
        </property>
        <property name="transforms" type="Matrix4" container="DynamicArray" arraySize="17">
          <containerEntry r11="0.34080467" r12="-0.11745277" r13="0.9327676" r14="0" r21="0.43306372" r22="0.90024567" r23="-0.04487014" r24="0" r31="-0.83444977" r32="0.4192402" r33="0.35767257" r34="0" r41="2281.8315" r42="69.88262" r43="288.9642" r44="1"></containerEntry>
          <containerEntry r11="0.9813365" r12="-0.19190426" r13="-0.012306194" r14="0" r21="0.19190426" r22="0.97322214" r23="0.1265363" r24="0" r31="-0.012306194" r32="-0.1265363" r33="0.99188566" r34="0" r41="2273.4375" r42="69.48532" r43="335.6296" r44="1"></containerEntry>
          <containerEntry r11="0.94492453" r12="-0.3271841" r13="-0.008261406" r14="0" r21="0.3271841" r22="0.9436853" r23="0.049078114" r24="0" r31="-0.008261406" r32="-0.049078114" r33="0.99876076" r34="0" r41="2276.2683" r42="70.803215" r43="320.18228" r44="1"></containerEntry>
          <containerEntry r11="0.28447595" r12="0.14482152" r13="-0.9476818" r14="0" r21="0.06422031" r22="0.983425" r23="0.16956148" r24="0" r31="0.9565301" r32="-0.10909662" r33="0.2704603" r34="0" r41="2277.249" r42="71.74438" r43="313.0573" r44="1"></containerEntry>
          <containerEntry r11="0.29447293" r12="0" r13="-0.95565975" r14="0" r21="0" r22="1" r23="0" r24="0" r31="0.95565975" r32="0" r33="0.29447293" r34="0" r41="2281.8267" r42="71.47838" r43="302.17044" r44="1"></containerEntry>
          <containerEntry r11="-0.060169995" r12="0.014724068" r13="0.9980794" r14="0" r21="0.23769248" r22="0.9713405" r23="-8.940697e-08" r24="0" r31="-0.9694749" r32="0.237236" r33="-0.06194532" r34="0" r41="2288.1006" r42="70.19858" r43="294.01096" r44="1"></containerEntry>
          <containerEntry r11="0.99934363" r12="-0.030651653" r13="-0.019307593" r14="0" r21="0.031662744" r22="0.99801475" r23="0.05444269" r24="0" r31="0.017600505" r32="-0.055018283" r33="0.9983302" r34="0" r41="2244.7766" r42="71.90468" r43="353.31964" r44="1"></containerEntry>
          <containerEntry r11="0.99934363" r12="-0.030651653" r13="-0.019307593" r14="0" r21="0.031662744" r22="0.99801475" r23="0.05444269" r24="0" r31="0.017600505" r32="-0.055018283" r33="0.9983302" r34="0" r41="2254.9055" r42="71.91782" r43="350.39844" r44="1"></containerEntry>
          <containerEntry r11="1" r12="0" r13="0" r14="0" r21="0" r22="1" r23="0" r24="0" r31="0" r32="0" r33="1" r34="0" r41="2210.12" r42="74.99986" r43="272.65588" r44="1"></containerEntry>
          <containerEntry r11="0.99348307" r12="-0.11394166" r13="0.0029507345" r14="0" r21="0.11394166" r22="0.992147" r23="-0.051590428" r24="0" r31="0.0029507345" r32="0.051590428" r33="0.99866396" r34="0" r41="2222.2993" r42="75.43471" r43="295.02264" r44="1"></containerEntry>
          <containerEntry r11="0.99934363" r12="-0.030651653" r13="-0.019307593" r14="0" r21="0.031662744" r22="0.99801475" r23="0.05444269" r24="0" r31="0.017600505" r32="-0.055018283" r33="0.9983302" r34="0" r41="2214.551" r42="74.418236" r43="350.8354" r44="1"></containerEntry>
          <containerEntry r11="-0.007206735" r12="0.0032782461" r13="0.664952" r14="0" r21="-0.030170182" r22="0.6643055" r23="-0.0036020789" r24="0" r31="-0.6642753" r32="-0.030207084" r33="-0.007050487" r34="0" r41="2219.8118" r42="55.29525" r43="388.92334" r44="1"></containerEntry>
          <containerEntry r11="0.9813365" r12="-0.19190426" r13="-0.012306194" r14="0" r21="0.19190426" r22="0.97322214" r23="0.1265363" r24="0" r31="-0.012306194" r32="-0.1265363" r33="0.99188566" r34="0" r41="2266.547" r42="70.758766" r43="347.39465" r44="1"></containerEntry>
          <containerEntry r11="0.99881876" r12="0.048205778" r13="0.0061115725" r14="0" r21="-0.048205778" r22="0.96719915" r23="0.24940336" r24="0" r31="0.0061115725" r32="-0.24940336" r33="0.9683804" r34="0" r41="2201.7944" r42="73.124756" r43="347.19116" r44="1"></containerEntry>
          <containerEntry r11="-0.87772477" r12="-0.063063994" r13="-0.47499585" r14="0" r21="-0.09207696" r22="0.9950251" r23="0.038038246" r24="0" r31="0.47023392" r32="0.07712332" r33="-0.8791649" r34="0" r41="2205.8535" r42="74.06725" r43="348.40546" r44="1"></containerEntry>
          <containerEntry r11="0.99934363" r12="-0.030651653" r13="-0.019307593" r14="0" r21="0.031662744" r22="0.99801475" r23="0.05444269" r24="0" r31="0.017600505" r32="-0.055018283" r33="0.9983302" r34="0" r41="2234.9001" r42="72.24606" r43="350.27652" r44="1"></containerEntry>
          <containerEntry r11="0.99934363" r12="-0.030651653" r13="-0.019307593" r14="0" r21="0.031662744" r22="0.99801475" r23="0.05444269" r24="0" r31="0.017600505" r32="-0.055018283" r33="0.9983302" r34="0" r41="2223.793" r42="72.55606" r43="351.68643" r44="1"></containerEntry>
        </property>
        <property name="colors" type="UInt32" container="DynamicArray" arraySize="17">
          <containerEntry>4294967295</containerEntry>
          <containerEntry>4294967295</containerEntry>
          <containerEntry>4294967295</containerEntry>
          <containerEntry>4294967295</containerEntry>
          <containerEntry>4294967295</containerEntry>
          <containerEntry>4294967295</containerEntry>
          <containerEntry>4294967295</containerEntry>
          <containerEntry>4294967295</containerEntry>
          <containerEntry>4294967295</containerEntry>
          <containerEntry>4294967295</containerEntry>
          <containerEntry>4294967295</containerEntry>
          <containerEntry>4294967295</containerEntry>
          <containerEntry>4294967295</containerEntry>
          <containerEntry>4294967295</containerEntry>
          <containerEntry>4294967295</containerEntry>
          <containerEntry>4294967295</containerEntry>
          <containerEntry>4294967295</containerEntry>
        </property>
      </staticProperties>
      <dynamicProperties></dynamicProperties>
    </entity>
    <entity class="StaticModelArray" classVersion="4" classID="0xD0" addr="0x2D7ACE0" id="0x0">
      <staticProperties>
        <property name="name" type="String" container="StaticArray" arraySize="1">
          <containerEntry>StaticModelArray0001</containerEntry>
        </property>
        <property name="dataSet" type="EntityHandle" container="StaticArray" arraySize="1">
          <containerEntry>0x2F57390</containerEntry>
        </property>
        <property name="modelFile" type="FilePtr" container="StaticArray" arraySize="1">
          <containerEntry>/Assets/tpp/environ/object/middle_africa/cliff/mafr_clff013/scenes/mafr_clff013.fmdl</containerEntry>
        </property>
        <property name="geomFile" type="FilePtr" container="StaticArray" arraySize="1">
          <containerEntry>/Assets/tpp/environ/object/middle_africa/cliff/mafr_clff013/scenes/mafr_clff013.geom</containerEntry>
        </property>
        <property name="isVisibleGeom" type="Bool" container="StaticArray" arraySize="1">
          <containerEntry>false</containerEntry>
        </property>
        <property name="lodFarSize" type="Float" container="StaticArray" arraySize="1">
          <containerEntry>-1</containerEntry>
        </property>
        <property name="lodNearSize" type="Float" container="StaticArray" arraySize="1">
          <containerEntry>-1</containerEntry>
        </property>
        <property name="lodPolygonSize" type="Float" container="StaticArray" arraySize="1">
          <containerEntry>-1</containerEntry>
        </property>
        <property name="drawRejectionLevel" type="Int32" container="StaticArray" arraySize="1">
          <containerEntry>8</containerEntry>
        </property>
        <property name="drawMode" type="Int32" container="StaticArray" arraySize="1">
          <containerEntry>0</containerEntry>
        </property>
        <property name="rejectFarRangeShadowCast" type="Int32" container="StaticArray" arraySize="1">
          <containerEntry>2</containerEntry>
        </property>
        <property name="parentLocator" type="EntityLink" container="StaticArray" arraySize="1">
          <containerEntry packagePathHash="0xB8A0BF169F98" archivePathHash="0xB8A0BF169F98" nameInArchiveHash="0xB8A0BF169F98">0x0</containerEntry>
        </property>
        <property name="transforms" type="Matrix4" container="DynamicArray" arraySize="2">
          <containerEntry r11="-0.8928393" r12="0.017348666" r13="0.45003656" r14="0" r21="0.030173011" r22="1.2059295" r23="0.013373166" r24="0" r31="-0.44967577" r32="0.021153407" r33="-0.89293903" r34="0" r41="2289.6223" r42="52.712196" r43="337.47864" r44="1"></containerEntry>
          <containerEntry r11="0.30992737" r12="0.023250157" r13="-0.9504745" r14="0" r21="0.0078489985" r22="1.2059294" r23="0.03205836" r24="0" r31="0.9507365" r32="-0.014420012" r33="0.3096601" r34="0" r41="2301.4966" r42="53.398132" r43="311.97644" r44="1"></containerEntry>
        </property>
        <property name="colors" type="UInt32" container="DynamicArray" arraySize="2">
          <containerEntry>4294967295</containerEntry>
          <containerEntry>4294967295</containerEntry>
        </property>
      </staticProperties>
      <dynamicProperties></dynamicProperties>
    </entity>
    <entity class="TexturePackLoadConditioner" classVersion="0" classID="0x48" addr="0x2D7B290" id="0x0">
      <staticProperties>
        <property name="name" type="String" container="StaticArray" arraySize="1">
          <containerEntry>TexturePackLoadConditioner0000</containerEntry>
        </property>
        <property name="dataSet" type="EntityHandle" container="StaticArray" arraySize="1">
          <containerEntry>0x2F57390</containerEntry>
        </property>
        <property name="texturePackPath" type="Path" container="StaticArray" arraySize="1">
          <containerEntry hash="0xB8A0BF169F98"></containerEntry>
        </property>
      </staticProperties>
      <dynamicProperties></dynamicProperties>
    </entity>
  </entities>
</fox>