<fox formatVersion="2" fileVersion="0">
  <entities>
    <entity class="DataSet" classVersion="0" classID="0xE8" addr="0x32E31F0" id="0x6418AA">
      <staticProperties>
        <property name="name" type="String" container="StaticArray" arraySize="1">
          <containerEntry hash="0xB8A0BF169F98"></containerEntry>
        </property>
        <property name="dataSet" type="EntityHandle" container="StaticArray" arraySize="1">
          <containerEntry>0x0</containerEntry>
        </property>
        <property name="dataList" type="EntityPtr" container="StringMap" arraySize="9">
          <containerEntry key="StaticModelArray0000">
            <data>0x317B290</data>
          </containerEntry>
          <containerEntry key="StaticModelArray0001">
            <data>0x317B300</data>
          </containerEntry>
          <containerEntry key="StaticModelArray0002">
            <data>0x3177320</data>
          </containerEntry>
          <containerEntry key="StaticModelArray0003">
            <data>0x32E3730</data>
          </containerEntry>
          <containerEntry key="StaticModelArray0004">
            <data>0x317ACE0</data>
          </containerEntry>
          <containerEntry key="StaticModelArray0005">
            <data>0x317AE30</data>
          </containerEntry>
          <containerEntry key="StaticModelArray0006">
            <data>0x317AB90</data>
          </containerEntry>
          <containerEntry key="StaticModelArray0007">
            <data>0x317AC00</data>
          </containerEntry>
          <containerEntry key="TexturePackLoadConditioner0000">
            <data>0x317B8B0</data>
          </containerEntry>
        </property>
      </staticProperties>
      <dynamicProperties></dynamicProperties>
    </entity>
    <entity class="StaticModelArray" classVersion="4" classID="0xD0" addr="0x317B290" id="0x0">
      <staticProperties>
        <property name="name" type="String" container="StaticArray" arraySize="1">
          <containerEntry>StaticModelArray0000</containerEntry>
        </property>
        <property name="dataSet" type="EntityHandle" container="StaticArray" arraySize="1">
          <containerEntry>0x32E31F0</containerEntry>
        </property>
        <property name="modelFile" type="FilePtr" container="StaticArray" arraySize="1">
          <containerEntry>/Assets/tpp/environ/object/afghanistan/rock/afgh_rock009/scenes/afgh_rock009_rock002.fmdl</containerEntry>
        </property>
        <property name="geomFile" type="FilePtr" container="StaticArray" arraySize="1">
          <containerEntry>/Assets/tpp/environ/object/afghanistan/rock/afgh_rock009/scenes/afgh_rock009_rock002.geom</containerEntry>
        </property>
        <property name="isVisibleGeom" type="Bool" container="StaticArray" arraySize="1">
          <containerEntry>false</containerEntry>
        </property>
        <property name="lodFarSize" type="Float" container="StaticArray" arraySize="1">
          <containerEntry>-1</containerEntry>
        </property>
        <property name="lodNearSize" type="Float" container="StaticArray" arraySize="1">
          <containerEntry>-1</containerEntry>
        </property>
        <property name="lodPolygonSize" type="Float" container="StaticArray" arraySize="1">
          <containerEntry>-1</containerEntry>
        </property>
        <property name="drawRejectionLevel" type="Int32" container="StaticArray" arraySize="1">
          <containerEntry>8</containerEntry>
        </property>
        <property name="drawMode" type="Int32" container="StaticArray" arraySize="1">
          <containerEntry>0</containerEntry>
        </property>
        <property name="rejectFarRangeShadowCast" type="Int32" container="StaticArray" arraySize="1">
          <containerEntry>2</containerEntry>
        </property>
        <property name="parentLocator" type="EntityLink" container="StaticArray" arraySize="1">
          <containerEntry packagePathHash="0xB8A0BF169F98" archivePathHash="0xB8A0BF169F98" nameInArchiveHash="0xB8A0BF169F98">0x0</containerEntry>
        </property>
        <property name="transforms" type="Matrix4" container="DynamicArray" arraySize="9">
          <containerEntry r11="0.10989392" r12="-0.07584746" r13="0.9910435" r14="0" r21="-0.067010984" r22="-0.9953773" r23="-0.06874875" r24="0" r31="0.9916802" r32="-0.05885596" r33="-0.11446535" r34="0" r41="-1507.0227" r42="522.4785" r43="-2052.5332" r44="1"></containerEntry>
          <containerEntry r11="-0.92199486" r12="0.35617882" r13="0.15182643" r14="0" r21="-0.3404824" r22="-0.93254656" r23="0.12007351" r24="0" r31="0.18435381" r32="0.05901344" r33="0.9810866" r34="0" r41="-1525.6016" r42="527.6449" r43="-2128.4421" r44="1"></containerEntry>
          <containerEntry r11="0.38791406" r12="0.037491858" r13="-0.92093074" r14="0" r21="0.16925128" r22="-0.9850732" r23="0.031188115" r24="0" r31="-0.9060204" r32="-0.16796741" r33="-0.38846564" r34="0" r41="-1514.7329" r42="526.8503" r43="-2146.481" r44="1"></containerEntry>
          <containerEntry r11="-0.9888568" r12="0.057078253" r13="0.13745387" r14="0" r21="-0.06701065" r22="-0.9953755" r23="-0.06874789" r24="0" r31="0.13289495" r32="-0.0771931" r33="0.9881195" r34="0" r41="-1507.0227" r42="524.5722" r43="-2069.9614" r44="1"></containerEntry>
          <containerEntry r11="-0.9888568" r12="0.057078253" r13="0.13745387" r14="0" r21="-0.06701065" r22="-0.9953755" r23="-0.06874789" r24="0" r31="0.13289495" r32="-0.0771931" r33="0.9881195" r34="0" r41="-1527.3398" r42="527.2353" r43="-2090.5527" r44="1"></containerEntry>
          <containerEntry r11="0.38791406" r12="0.037491858" r13="-0.92093074" r14="0" r21="0.16925128" r22="-0.9850732" r23="0.031188115" r24="0" r31="-0.9060204" r32="-0.16796741" r33="-0.38846564" r34="0" r41="-1514.7329" r42="527.4272" r43="-2174.1287" r44="1"></containerEntry>
          <containerEntry r11="0.24096513" r12="-0.9665181" r13="0.08817972" r14="0" r21="-0.8591345" r22="-0.2546854" r23="-0.4438675" r24="0" r31="0.45146513" r32="0.031197563" r33="-0.89173913" r34="0" r41="-1530.7273" r42="520.576" r43="-2072.234" r44="1"></containerEntry>
          <containerEntry r11="0.10989392" r12="-0.07584746" r13="0.9910435" r14="0" r21="-0.067010984" r22="-0.9953773" r23="-0.06874875" r24="0" r31="0.9916802" r32="-0.05885596" r33="-0.11446535" r34="0" r41="-1535.3268" r42="517.0415" r43="-2052.5332" r44="1"></containerEntry>
          <containerEntry r11="-0.9888568" r12="0.057078253" r13="0.13745387" r14="0" r21="-0.06701065" r22="-0.9953755" r23="-0.06874789" r24="0" r31="0.13289495" r32="-0.0771931" r33="0.9881195" r34="0" r41="-1497.0665" r42="532.6095" r43="-2127.1404" r44="1"></containerEntry>
        </property>
        <property name="colors" type="UInt32" container="DynamicArray" arraySize="9">
          <containerEntry>4294967295</containerEntry>
          <containerEntry>4294967295</containerEntry>
          <containerEntry>4294967295</containerEntry>
          <containerEntry>4294967295</containerEntry>
          <containerEntry>4294967295</containerEntry>
          <containerEntry>4294967295</containerEntry>
          <containerEntry>4294967295</containerEntry>
          <containerEntry>4294967295</containerEntry>
          <containerEntry>4294967295</containerEntry>
        </property>
      </staticProperties>
      <dynamicProperties></dynamicProperties>
    </entity>
    <entity class="StaticModelArray" classVersion="4" classID="0xD0" addr="0x317B300" id="0x0">
      <staticProperties>
        <property name="name" type="String" container="StaticArray" arraySize="1">
          <containerEntry>StaticModelArray0001</containerEntry>
        </property>
        <property name="dataSet" type="EntityHandle" container="StaticArray" arraySize="1">
          <containerEntry>0x32E31F0</containerEntry>
        </property>
        <property name="modelFile" type="FilePtr" container="StaticArray" arraySize="1">
          <containerEntry>/Assets/tpp/environ/object/afghanistan/rock/afgh_rock001/scenes/afgh_rock001.fmdl</containerEntry>
        </property>
        <property name="geomFile" type="FilePtr" container="StaticArray" arraySize="1">
          <containerEntry>/Assets/tpp/environ/object/afghanistan/rock/afgh_rock001/scenes/afgh_rock001.geom</containerEntry>
        </property>
        <property name="isVisibleGeom" type="Bool" container="StaticArray" arraySize="1">
          <containerEntry>false</containerEntry>
        </property>
        <property name="lodFarSize" type="Float" container="StaticArray" arraySize="1">
          <containerEntry>-1</containerEntry>
        </property>
        <property name="lodNearSize" type="Float" container="StaticArray" arraySize="1">
          <containerEntry>-1</containerEntry>
        </property>
        <property name="lodPolygonSize" type="Float" container="StaticArray" arraySize="1">
          <containerEntry>-1</containerEntry>
        </property>
        <property name="drawRejectionLevel" type="Int32" container="StaticArray" arraySize="1">
          <containerEntry>8</containerEntry>
        </property>
        <property name="drawMode" type="Int32" container="StaticArray" arraySize="1">
          <containerEntry>0</containerEntry>
        </property>
        <property name="rejectFarRangeShadowCast" type="Int32" container="StaticArray" arraySize="1">
          <containerEntry>2</containerEntry>
        </property>
        <property name="parentLocator" type="EntityLink" container="StaticArray" arraySize="1">
          <containerEntry packagePathHash="0xB8A0BF169F98" archivePathHash="0xB8A0BF169F98" nameInArchiveHash="0xB8A0BF169F98">0x0</containerEntry>
        </property>
        <property name="transforms" type="Matrix4" container="DynamicArray" arraySize="13">
          <containerEntry r11="-0.94686913" r12="0.27131194" r13="0.17270564" r14="0" r21="0.24401319" r22="0.95584434" r23="-0.16376548" r24="0" r31="-0.20951124" r32="-0.11292212" r33="-0.97126323" r34="0" r41="-1531.4253" r42="526.6406" r43="-2091.6487" r44="1"></containerEntry>
          <containerEntry r11="-0.94686913" r12="0.27131194" r13="0.17270564" r14="0" r21="0.24401319" r22="0.95584434" r23="-0.16376548" r24="0" r31="-0.20951124" r32="-0.11292212" r33="-0.97126323" r34="0" r41="-1503.7594" r42="528.97504" r43="-2099.9766" r44="1"></containerEntry>
          <containerEntry r11="-0.8705413" r12="-0.4307834" r13="0.23786841" r14="0" r21="-0.35165226" r22="0.88272595" r23="0.31166562" r24="0" r31="-0.34423307" r32="0.18767112" r33="-0.9199353" r34="0" r41="-1498.4623" r42="530.77924" r43="-2121.1528" r44="1"></containerEntry>
          <containerEntry r11="-0.90119797" r12="-0.3631204" r13="0.23661478" r14="0" r21="-0.28165117" r22="0.9056148" r23="0.31707188" r24="0" r31="-0.32941708" r32="0.2191016" r33="-0.9184115" r34="0" r41="-1501.0385" r42="526.16003" r43="-2064.833" r44="1"></containerEntry>
          <containerEntry r11="0.2781433" r12="-0.09270251" r13="-0.9560555" r14="0" r21="0.037842453" r22="-0.99350107" r23="0.107342795" r24="0" r31="-0.9597937" r32="-0.06603615" r33="-0.27282715" r34="0" r41="-1513.921" r42="528.4994" r43="-2133.1763" r44="1"></containerEntry>
          <containerEntry r11="0.14599621" r12="-0.28615493" r13="0.9469954" r14="0" r21="-0.28165042" r22="0.9056148" r23="0.31707224" r24="0" r31="-0.9483448" r32="-0.313013" r33="0.051620662" r34="0" r41="-1490.4612" r42="531.40216" r43="-2082.336" r44="1"></containerEntry>
          <containerEntry r11="0.9770736" r12="0.014265897" r13="-0.21242316" r14="0" r21="0.03784307" r22="-0.9935005" r23="0.107343584" r24="0" r31="-0.20951138" r32="-0.11292133" r33="-0.971263" r34="0" r41="-1521.1262" r42="527.2971" r43="-2108.6125" r44="1"></containerEntry>
          <containerEntry r11="-0.025938451" r12="0.26078427" r13="-0.96504736" r14="0" r21="0.5292401" r22="-0.81540006" r23="-0.23457094" r24="0" r31="-0.8480742" r32="-0.51682705" r33="-0.11686529" r34="0" r41="-1515.6063" r42="526.91095" r43="-2175.9678" r44="1"></containerEntry>
          <containerEntry r11="0.14599621" r12="-0.28615493" r13="0.9469954" r14="0" r21="-0.28165042" r22="0.9056148" r23="0.31707224" r24="0" r31="-0.9483448" r32="-0.313013" r33="0.051620662" r34="0" r41="-1531.831" r42="517.6197" r43="-2050.7183" r44="1"></containerEntry>
          <containerEntry r11="0.9770736" r12="0.014265897" r13="-0.21242316" r14="0" r21="0.03784307" r22="-0.9935005" r23="0.107343584" r24="0" r31="-0.20951138" r32="-0.11292133" r33="-0.971263" r34="0" r41="-1534.718" r42="526.75446" r43="-2115.1606" r44="1"></containerEntry>
          <containerEntry r11="0.26389855" r12="-0.22071534" r13="-0.9389574" r14="0" r21="0.45948523" r22="-0.82714605" r23="0.32357287" r24="0" r31="-0.848074" r32="-0.51682764" r33="-0.1168659" r34="0" r41="-1519.9893" r42="524.7015" r43="-2146.068" r44="1"></containerEntry>
          <containerEntry r11="0.27814344" r12="-0.09270361" r13="-0.95605516" r14="0" r21="-0.21408874" r22="0.9643111" r23="-0.15578842" r24="0" r31="0.9363768" r32="0.24801221" r33="0.24836999" r34="0" r41="-1523.4406" r42="525.77905" r43="-2135.7798" r44="1"></containerEntry>
          <containerEntry r11="0.97637177" r12="0.21605217" r13="-0.0044212155" r14="0" r21="-0.21408886" r22="0.96431124" r23="-0.15578748" r24="0" r31="-0.029394843" r32="0.15305303" r33="0.9877807" r34="0" r41="-1527.3223" r42="522.3542" r43="-2146.287" r44="1"></containerEntry>
        </property>
        <property name="colors" type="UInt32" container="DynamicArray" arraySize="13">
          <containerEntry>4294967295</containerEntry>
          <containerEntry>4294967295</containerEntry>
          <containerEntry>4294967295</containerEntry>
          <containerEntry>4294967295</containerEntry>
          <containerEntry>4294967295</containerEntry>
          <containerEntry>4294967295</containerEntry>
          <containerEntry>4294967295</containerEntry>
          <containerEntry>4294967295</containerEntry>
          <containerEntry>4294967295</containerEntry>
          <containerEntry>4294967295</containerEntry>
          <containerEntry>4294967295</containerEntry>
          <containerEntry>4294967295</containerEntry>
          <containerEntry>4294967295</containerEntry>
        </property>
      </staticProperties>
      <dynamicProperties></dynamicProperties>
    </entity>
    <entity class="StaticModelArray" classVersion="4" classID="0xD0" addr="0x3177320" id="0x0">
      <staticProperties>
        <property name="name" type="String" container="StaticArray" arraySize="1">
          <containerEntry>StaticModelArray0002</containerEntry>
        </property>
        <property name="dataSet" type="EntityHandle" container="StaticArray" arraySize="1">
          <containerEntry>0x32E31F0</containerEntry>
        </property>
        <property name="modelFile" type="FilePtr" container="StaticArray" arraySize="1">
          <containerEntry>/Assets/tpp/environ/object/afghanistan/rock/afgh_rock009/scenes/afgh_rock009_rock001.fmdl</containerEntry>
        </property>
        <property name="geomFile" type="FilePtr" container="StaticArray" arraySize="1">
          <containerEntry>/Assets/tpp/environ/object/afghanistan/rock/afgh_rock009/scenes/afgh_rock009_rock001.geom</containerEntry>
        </property>
        <property name="isVisibleGeom" type="Bool" container="StaticArray" arraySize="1">
          <containerEntry>false</containerEntry>
        </property>
        <property name="lodFarSize" type="Float" container="StaticArray" arraySize="1">
          <containerEntry>-1</containerEntry>
        </property>
        <property name="lodNearSize" type="Float" container="StaticArray" arraySize="1">
          <containerEntry>-1</containerEntry>
        </property>
        <property name="lodPolygonSize" type="Float" container="StaticArray" arraySize="1">
          <containerEntry>-1</containerEntry>
        </property>
        <property name="drawRejectionLevel" type="Int32" container="StaticArray" arraySize="1">
          <containerEntry>8</containerEntry>
        </property>
        <property name="drawMode" type="Int32" container="StaticArray" arraySize="1">
          <containerEntry>0</containerEntry>
        </property>
        <property name="rejectFarRangeShadowCast" type="Int32" container="StaticArray" arraySize="1">
          <containerEntry>2</containerEntry>
        </property>
        <property name="parentLocator" type="EntityLink" container="StaticArray" arraySize="1">
          <containerEntry packagePathHash="0xB8A0BF169F98" archivePathHash="0xB8A0BF169F98" nameInArchiveHash="0xB8A0BF169F98">0x0</containerEntry>
        </property>
        <property name="transforms" type="Matrix4" container="DynamicArray" arraySize="6">
          <containerEntry r11="0.84272426" r12="-3.874302e-07" r13="0.5383454" r14="0" r21="-0.25061965" r22="0.88502824" r23="0.39231974" r24="0" r31="-0.47645098" r32="-0.4655373" r33="0.74583465" r34="0" r41="-1530" r42="520.15485" r43="-2152" r44="1"></containerEntry>
          <containerEntry r11="-0.28651676" r12="0.9580742" r13="-6.556511e-07" r14="0" r21="0.70435405" r22="0.21064234" r23="0.6778745" r24="0" r31="0.6494548" r32="0.19422261" r33="-0.7351757" r34="0" r41="-1517.2552" r42="526.6314" r43="-2141.1648" r44="1"></containerEntry>
          <containerEntry r11="0.48927546" r12="0.6310776" r13="-0.6019546" r14="0" r21="-0.45942956" r22="0.7731842" r23="0.4371615" r24="0" r31="0.74130476" r32="0.06266399" r33="0.66823626" r34="0" r41="-1534.3838" r42="525.75903" r43="-2096.2478" r44="1"></containerEntry>
          <containerEntry r11="-0.938426" r12="0.020991502" r13="0.3448426" r14="0" r21="0.05765497" r22="0.99367046" r23="0.09641001" r24="0" r31="-0.34063613" r32="0.110355526" r33="-0.9336965" r34="0" r41="-1520" r42="525.4265" r43="-2082" r44="1"></containerEntry>
          <containerEntry r11="0.7955621" r12="0.08045559" r13="-0.600506" r14="0" r21="0.13177666" r22="0.9444386" r23="0.30111554" r24="0" r31="0.5913674" r32="-0.31868878" r33="0.7407574" r34="0" r41="-1488" r42="531.11053" r43="-2066" r44="1"></containerEntry>
          <containerEntry r11="0.95791507" r12="-0.26569176" r13="0.10865757" r14="0" r21="-0.09841946" r22="0.05159098" r23="0.99380624" r24="0" r31="-0.26965198" r32="-0.96267605" r33="0.02327057" r34="0" r41="-1442.1938" r42="539.7987" r43="-2059.7178" r44="1"></containerEntry>
        </property>
        <property name="colors" type="UInt32" container="DynamicArray" arraySize="6">
          <containerEntry>4294967295</containerEntry>
          <containerEntry>4294967295</containerEntry>
          <containerEntry>4294967295</containerEntry>
          <containerEntry>4294967295</containerEntry>
          <containerEntry>4294967295</containerEntry>
          <containerEntry>4294967295</containerEntry>
        </property>
      </staticProperties>
      <dynamicProperties></dynamicProperties>
    </entity>
    <entity class="StaticModelArray" classVersion="4" classID="0xD0" addr="0x32E3730" id="0x0">
      <staticProperties>
        <property name="name" type="String" container="StaticArray" arraySize="1">
          <containerEntry>StaticModelArray0003</containerEntry>
        </property>
        <property name="dataSet" type="EntityHandle" container="StaticArray" arraySize="1">
          <containerEntry>0x32E31F0</containerEntry>
        </property>
        <property name="modelFile" type="FilePtr" container="StaticArray" arraySize="1">
          <containerEntry>/Assets/tpp/environ/object/afghanistan/cliff/afgh_clff013/scenes/afgh_clff013.fmdl</containerEntry>
        </property>
        <property name="geomFile" type="FilePtr" container="StaticArray" arraySize="1">
          <containerEntry>/Assets/tpp/environ/object/afghanistan/cliff/afgh_clff013/scenes/afgh_clff013.geom</containerEntry>
        </property>
        <property name="isVisibleGeom" type="Bool" container="StaticArray" arraySize="1">
          <containerEntry>false</containerEntry>
        </property>
        <property name="lodFarSize" type="Float" container="StaticArray" arraySize="1">
          <containerEntry>-1</containerEntry>
        </property>
        <property name="lodNearSize" type="Float" container="StaticArray" arraySize="1">
          <containerEntry>-1</containerEntry>
        </property>
        <property name="lodPolygonSize" type="Float" container="StaticArray" arraySize="1">
          <containerEntry>-1</containerEntry>
        </property>
        <property name="drawRejectionLevel" type="Int32" container="StaticArray" arraySize="1">
          <containerEntry>8</containerEntry>
        </property>
        <property name="drawMode" type="Int32" container="StaticArray" arraySize="1">
          <containerEntry>0</containerEntry>
        </property>
        <property name="rejectFarRangeShadowCast" type="Int32" container="StaticArray" arraySize="1">
          <containerEntry>2</containerEntry>
        </property>
        <property name="parentLocator" type="EntityLink" container="StaticArray" arraySize="1">
          <containerEntry packagePathHash="0xB8A0BF169F98" archivePathHash="0xB8A0BF169F98" nameInArchiveHash="0xB8A0BF169F98">0x0</containerEntry>
        </property>
        <property name="transforms" type="Matrix4" container="DynamicArray" arraySize="6">
          <containerEntry r11="-0.06495568" r12="-0.023916803" r13="0.9976012" r14="0" r21="-0.001554342" r22="0.9997139" r23="0.023866242" r24="0" r31="-0.9978866" r32="-3.594905e-07" r33="-0.06497431" r34="0" r41="-1503.1901" r42="529.8591" r43="-2155.7812" r44="1"></containerEntry>
          <containerEntry r11="0.05084181" r12="0" r13="0.998705" r14="0" r21="0" r22="1" r23="0" r24="0" r31="-0.998705" r32="0" r33="0.05084181" r34="0" r41="-1485.851" r42="534.80566" r43="-2125.5864" r44="1"></containerEntry>
          <containerEntry r11="0.2070666" r12="0" r13="0.9783268" r14="0" r21="0" r22="1" r23="0" r24="0" r31="-0.9783268" r32="0" r33="0.2070666" r34="0" r41="-1477.8103" r42="533.8254" r43="-2082.14" r44="1"></containerEntry>
          <containerEntry r11="0.2070666" r12="0" r13="0.9783268" r14="0" r21="0" r22="1" r23="0" r24="0" r31="-0.9783268" r32="0" r33="0.2070666" r34="0" r41="-1482.6323" r42="534.4829" r43="-2105.0322" r44="1"></containerEntry>
          <containerEntry r11="-0.5306866" r12="0" r13="0.8475668" r14="0" r21="0" r22="1" r23="0" r24="0" r31="-0.8475668" r32="0" r33="-0.5306866" r34="0" r41="-1477.8103" r42="533.32294" r43="-2064.806" r44="1"></containerEntry>
          <containerEntry r11="0.3821683" r12="0" r13="0.924093" r14="0" r21="0" r22="1" r23="0" r24="0" r31="-0.924093" r32="0" r33="0.3821683" r34="0" r41="-1492.3124" r42="535.06573" r43="-2144.3376" r44="1"></containerEntry>
        </property>
        <property name="colors" type="UInt32" container="DynamicArray" arraySize="6">
          <containerEntry>4294967295</containerEntry>
          <containerEntry>4294967295</containerEntry>
          <containerEntry>4294967295</containerEntry>
          <containerEntry>4294967295</containerEntry>
          <containerEntry>4294967295</containerEntry>
          <containerEntry>4294967295</containerEntry>
        </property>
      </staticProperties>
      <dynamicProperties></dynamicProperties>
    </entity>
    <entity class="StaticModelArray" classVersion="4" classID="0xD0" addr="0x317ACE0" id="0x0">
      <staticProperties>
        <property name="name" type="String" container="StaticArray" arraySize="1">
          <containerEntry>StaticModelArray0004</containerEntry>
        </property>
        <property name="dataSet" type="EntityHandle" container="StaticArray" arraySize="1">
          <containerEntry>0x32E31F0</containerEntry>
        </property>
        <property name="modelFile" type="FilePtr" container="StaticArray" arraySize="1">
          <containerEntry>/Assets/tpp/environ/object/afghanistan/rock/afgh_rock010/scenes/afgh_rock010.fmdl</containerEntry>
        </property>
        <property name="geomFile" type="FilePtr" container="StaticArray" arraySize="1">
          <containerEntry>/Assets/tpp/environ/object/afghanistan/rock/afgh_rock010/scenes/afgh_rock010.geom</containerEntry>
        </property>
        <property name="isVisibleGeom" type="Bool" container="StaticArray" arraySize="1">
          <containerEntry>false</containerEntry>
        </property>
        <property name="lodFarSize" type="Float" container="StaticArray" arraySize="1">
          <containerEntry>-1</containerEntry>
        </property>
        <property name="lodNearSize" type="Float" container="StaticArray" arraySize="1">
          <containerEntry>-1</containerEntry>
        </property>
        <property name="lodPolygonSize" type="Float" container="StaticArray" arraySize="1">
          <containerEntry>-1</containerEntry>
        </property>
        <property name="drawRejectionLevel" type="Int32" container="StaticArray" arraySize="1">
          <containerEntry>8</containerEntry>
        </property>
        <property name="drawMode" type="Int32" container="StaticArray" arraySize="1">
          <containerEntry>0</containerEntry>
        </property>
        <property name="rejectFarRangeShadowCast" type="Int32" container="StaticArray" arraySize="1">
          <containerEntry>2</containerEntry>
        </property>
        <property name="parentLocator" type="EntityLink" container="StaticArray" arraySize="1">
          <containerEntry packagePathHash="0xB8A0BF169F98" archivePathHash="0xB8A0BF169F98" nameInArchiveHash="0xB8A0BF169F98">0x0</containerEntry>
        </property>
        <property name="transforms" type="Matrix4" container="DynamicArray" arraySize="4">
          <containerEntry r11="0.9399073" r12="0.31009677" r13="0.1428787" r14="0" r21="-0.31331125" r22="0.9496505" r23="-2.8125942e-07" r24="0" r31="-0.13568492" r32="-0.04476521" r33="0.98974025" r34="0" r41="-1502.4009" r42="531.8061" r43="-2151.8447" r44="1"></containerEntry>
          <containerEntry r11="0.83800685" r12="0.013745681" r13="-0.5454864" r14="0" r21="-0.011305603" r22="0.99990547" r23="0.007828256" r24="0" r31="0.5455424" r32="-0.00039307494" r33="0.838083" r34="0" r41="-1534.3756" r42="525.6652" r43="-2101.8623" r44="1"></containerEntry>
          <containerEntry r11="0.33829448" r12="-0.008858281" r13="1.6200302" r14="0" r21="-0.018711139" r22="1.6548436" r23="0.012955862" r24="0" r31="-1.6199464" r32="-0.02096406" r33="0.33816233" r34="0" r41="-1470.5331" r42="535.09717" r43="-2069.3657" r44="1"></containerEntry>
          <containerEntry r11="-0.80907464" r12="0.3077965" r13="-2.4460409" r14="0" r21="-0.22001989" r22="2.5551107" r23="0.39429697" r24="0" r31="2.4554932" r32="0.33036366" r33="-0.77062994" r34="0" r41="-1435.7133" r42="539.2763" r43="-2124.2964" r44="1"></containerEntry>
        </property>
        <property name="colors" type="UInt32" container="DynamicArray" arraySize="4">
          <containerEntry>4294967295</containerEntry>
          <containerEntry>4294967295</containerEntry>
          <containerEntry>4294967295</containerEntry>
          <containerEntry>4294967295</containerEntry>
        </property>
      </staticProperties>
      <dynamicProperties></dynamicProperties>
    </entity>
    <entity class="StaticModelArray" classVersion="4" classID="0xD0" addr="0x317AE30" id="0x0">
      <staticProperties>
        <property name="name" type="String" container="StaticArray" arraySize="1">
          <containerEntry>StaticModelArray0005</containerEntry>
        </property>
        <property name="dataSet" type="EntityHandle" container="StaticArray" arraySize="1">
          <containerEntry>0x32E31F0</containerEntry>
        </property>
        <property name="modelFile" type="FilePtr" container="StaticArray" arraySize="1">
          <containerEntry>/Assets/tpp/environ/object/afghanistan/rock/afgh_rock011/scenes/afgh_rock011.fmdl</containerEntry>
        </property>
        <property name="geomFile" type="FilePtr" container="StaticArray" arraySize="1">
          <containerEntry>/Assets/tpp/environ/object/afghanistan/rock/afgh_rock011/scenes/afgh_rock011.geom</containerEntry>
        </property>
        <property name="isVisibleGeom" type="Bool" container="StaticArray" arraySize="1">
          <containerEntry>false</containerEntry>
        </property>
        <property name="lodFarSize" type="Float" container="StaticArray" arraySize="1">
          <containerEntry>-1</containerEntry>
        </property>
        <property name="lodNearSize" type="Float" container="StaticArray" arraySize="1">
          <containerEntry>-1</containerEntry>
        </property>
        <property name="lodPolygonSize" type="Float" container="StaticArray" arraySize="1">
          <containerEntry>-1</containerEntry>
        </property>
        <property name="drawRejectionLevel" type="Int32" container="StaticArray" arraySize="1">
          <containerEntry>8</containerEntry>
        </property>
        <property name="drawMode" type="Int32" container="StaticArray" arraySize="1">
          <containerEntry>0</containerEntry>
        </property>
        <property name="rejectFarRangeShadowCast" type="Int32" container="StaticArray" arraySize="1">
          <containerEntry>2</containerEntry>
        </property>
        <property name="parentLocator" type="EntityLink" container="StaticArray" arraySize="1">
          <containerEntry packagePathHash="0xB8A0BF169F98" archivePathHash="0xB8A0BF169F98" nameInArchiveHash="0xB8A0BF169F98">0x0</containerEntry>
        </property>
        <property name="transforms" type="Matrix4" container="DynamicArray" arraySize="7">
          <containerEntry r11="0.86059475" r12="0.50488734" r13="-0.0668229" r14="0" r21="-0.50219727" r22="0.86309445" r23="0.053532355" r24="0" r31="0.0847023" r32="-0.0125113595" r33="0.99632776" r34="0" r41="-1519.2703" r42="523.14923" r43="-2157.6184" r44="1"></containerEntry>
          <containerEntry r11="0.17113529" r12="-0.004095979" r13="-0.9852375" r14="0" r21="-0.1467916" r22="0.98872423" r23="-0.029607825" r24="0" r31="0.97424936" r32="0.14969176" r33="0.16860437" r34="0" r41="-1534.2865" r42="518.2476" r43="-2155.3804" r44="1"></containerEntry>
          <containerEntry r11="1.2456214" r12="0.196917" r13="-0.42255247" r14="0" r21="-0.2230478" r22="1.3103253" r23="-0.046876468" r24="0" r31="0.40936115" r32="0.11476678" r33="1.260219" r34="0" r41="-1481.6794" r42="539.65784" r43="-2117.0623" r44="1"></containerEntry>
          <containerEntry r11="1.6674482" r12="0.11538639" r13="0.59891784" r14="0" r21="-0.12670408" r22="1.7709355" r23="0.011571857" r24="0" r31="-0.596626" r32="-0.05360797" r33="1.6713957" r34="0" r41="-1474.8073" r42="536.5289" r43="-2057.5605" r44="1"></containerEntry>
          <containerEntry r11="-1.1409619" r12="-0.30305046" r13="0.6125775" r14="0" r21="-0.28981072" r22="1.2941489" r23="0.10044049" r24="0" r31="-0.61895114" r32="-0.04731776" r33="-1.1762419" r34="0" r41="-1474.4292" r42="538.6496" r43="-2099.5173" r44="1"></containerEntry>
          <containerEntry r11="0.28607845" r12="0.14905366" r13="0.9465402" r14="0" r21="-0.45433542" r22="0.89082545" r23="-0.0029645115" r24="0" r31="-0.8436436" r32="-0.4291998" r33="0.3225667" r34="0" r41="-1500.131" r42="525.36163" r43="-2061.2212" r44="1"></containerEntry>
          <containerEntry r11="0.15460713" r12="-0.023318939" r13="-0.98770016" r14="0" r21="-0.19505906" r22="0.9793228" r23="-0.053654067" r24="0" r31="0.96852845" r32="0.20095527" r33="0.14686173" r34="0" r41="-1501.4967" r42="529.4714" r43="-2166.1543" r44="1"></containerEntry>
        </property>
        <property name="colors" type="UInt32" container="DynamicArray" arraySize="7">
          <containerEntry>4294967295</containerEntry>
          <containerEntry>4294967295</containerEntry>
          <containerEntry>4294967295</containerEntry>
          <containerEntry>4294967295</containerEntry>
          <containerEntry>4294967295</containerEntry>
          <containerEntry>4294967295</containerEntry>
          <containerEntry>4294967295</containerEntry>
        </property>
      </staticProperties>
      <dynamicProperties></dynamicProperties>
    </entity>
    <entity class="StaticModelArray" classVersion="4" classID="0xD0" addr="0x317AB90" id="0x0">
      <staticProperties>
        <property name="name" type="String" container="StaticArray" arraySize="1">
          <containerEntry>StaticModelArray0006</containerEntry>
        </property>
        <property name="dataSet" type="EntityHandle" container="StaticArray" arraySize="1">
          <containerEntry>0x32E31F0</containerEntry>
        </property>
        <property name="modelFile" type="FilePtr" container="StaticArray" arraySize="1">
          <containerEntry>/Assets/tpp/environ/object/afghanistan/rock/afgh_rock010/scenes/afgh_rock010_vrtn001.fmdl</containerEntry>
        </property>
        <property name="geomFile" type="FilePtr" container="StaticArray" arraySize="1">
          <containerEntry>/Assets/tpp/environ/object/afghanistan/rock/afgh_rock010/scenes/afgh_rock010_vrtn001.geom</containerEntry>
        </property>
        <property name="isVisibleGeom" type="Bool" container="StaticArray" arraySize="1">
          <containerEntry>false</containerEntry>
        </property>
        <property name="lodFarSize" type="Float" container="StaticArray" arraySize="1">
          <containerEntry>-1</containerEntry>
        </property>
        <property name="lodNearSize" type="Float" container="StaticArray" arraySize="1">
          <containerEntry>-1</containerEntry>
        </property>
        <property name="lodPolygonSize" type="Float" container="StaticArray" arraySize="1">
          <containerEntry>-1</containerEntry>
        </property>
        <property name="drawRejectionLevel" type="Int32" container="StaticArray" arraySize="1">
          <containerEntry>8</containerEntry>
        </property>
        <property name="drawMode" type="Int32" container="StaticArray" arraySize="1">
          <containerEntry>0</containerEntry>
        </property>
        <property name="rejectFarRangeShadowCast" type="Int32" container="StaticArray" arraySize="1">
          <containerEntry>2</containerEntry>
        </property>
        <property name="parentLocator" type="EntityLink" container="StaticArray" arraySize="1">
          <containerEntry packagePathHash="0xB8A0BF169F98" archivePathHash="0xB8A0BF169F98" nameInArchiveHash="0xB8A0BF169F98">0x0</containerEntry>
        </property>
        <property name="transforms" type="Matrix4" container="DynamicArray" arraySize="7">
          <containerEntry r11="0.98512083" r12="0" r13="-0.17186306" r14="0" r21="0" r22="1" r23="0" r24="0" r31="0.17186306" r32="0" r33="0.98512083" r34="0" r41="-1505.2974" r42="529.7943" r43="-2140.297" r44="1"></containerEntry>
          <containerEntry r11="0.36103475" r12="-0.40542588" r13="0.83981097" r14="0" r21="0.36426905" r22="0.8903172" r23="0.2732089" r24="0" r31="-0.8584641" r32="0.20727971" r33="0.4691198" r34="0" r41="-1432.3562" r42="551.6731" r43="-2182.3054" r44="1"></containerEntry>
          <containerEntry r11="-0.90767676" r12="0.27381805" r13="0.31803617" r14="0" r21="0.32075265" r22="0.94132733" r23="0.10497944" r24="0" r31="-0.27063087" r32="0.1972983" r33="-0.94224876" r34="0" r41="-1473.2535" r42="544.42596" r43="-2139.042" r44="1"></containerEntry>
          <containerEntry r11="0.396546" r12="0.25023487" r13="0.88324964" r14="0" r21="-0.21311855" r22="0.96094" r23="-0.17656308" r24="0" r31="-0.8929322" r32="-0.11822244" r33="0.43438685" r34="0" r41="-1516.015" r42="530.65265" r43="-2097.0266" r44="1"></containerEntry>
          <containerEntry r11="-0.384367" r12="-0.89307517" r13="-0.2338346" r14="0" r21="0.83089656" r22="-0.4450514" r23="0.33397612" r24="0" r31="-0.40233424" r32="-0.065922946" r33="0.9131163" r34="0" r41="-1496.5043" r42="536.3524" r43="-2167.514" r44="1"></containerEntry>
          <containerEntry r11="-0.66444564" r12="0.7347312" r13="-0.13667043" r14="0" r21="-0.49349496" r22="-0.568695" r23="-0.6580621" r24="0" r31="-0.5612232" r32="-0.3698013" r33="0.7404559" r34="0" r41="-1423.6831" r42="543.62335" r43="-2078.5278" r44="1"></containerEntry>
          <containerEntry r11="-0.6146158" r12="-0.4727848" r13="0.63144445" r14="0" r21="-0.089742094" r22="0.8371968" r23="0.5394885" r24="0" r31="-0.78370523" r32="0.274911" r33="-0.5569831" r34="0" r41="-1442.1941" r42="549.39795" r43="-2167.643" r44="1"></containerEntry>
        </property>
        <property name="colors" type="UInt32" container="DynamicArray" arraySize="7">
          <containerEntry>4294967295</containerEntry>
          <containerEntry>4294967295</containerEntry>
          <containerEntry>4294967295</containerEntry>
          <containerEntry>4294967295</containerEntry>
          <containerEntry>4294967295</containerEntry>
          <containerEntry>4294967295</containerEntry>
          <containerEntry>4294967295</containerEntry>
        </property>
      </staticProperties>
      <dynamicProperties></dynamicProperties>
    </entity>
    <entity class="StaticModelArray" classVersion="4" classID="0xD0" addr="0x317AC00" id="0x0">
      <staticProperties>
        <property name="name" type="String" container="StaticArray" arraySize="1">
          <containerEntry>StaticModelArray0007</containerEntry>
        </property>
        <property name="dataSet" type="EntityHandle" container="StaticArray" arraySize="1">
          <containerEntry>0x32E31F0</containerEntry>
        </property>
        <property name="modelFile" type="FilePtr" container="StaticArray" arraySize="1">
          <containerEntry>/Assets/tpp/environ/object/afghanistan/cliff/afgh_clff022/scenes/afgh_clff022_vrtn001.fmdl</containerEntry>
        </property>
        <property name="geomFile" type="FilePtr" container="StaticArray" arraySize="1">
          <containerEntry>/Assets/tpp/environ/object/afghanistan/cliff/afgh_clff022/scenes/afgh_clff022_vrtn001.geom</containerEntry>
        </property>
        <property name="isVisibleGeom" type="Bool" container="StaticArray" arraySize="1">
          <containerEntry>false</containerEntry>
        </property>
        <property name="lodFarSize" type="Float" container="StaticArray" arraySize="1">
          <containerEntry>-1</containerEntry>
        </property>
        <property name="lodNearSize" type="Float" container="StaticArray" arraySize="1">
          <containerEntry>-1</containerEntry>
        </property>
        <property name="lodPolygonSize" type="Float" container="StaticArray" arraySize="1">
          <containerEntry>-1</containerEntry>
        </property>
        <property name="drawRejectionLevel" type="Int32" container="StaticArray" arraySize="1">
          <containerEntry>8</containerEntry>
        </property>
        <property name="drawMode" type="Int32" container="StaticArray" arraySize="1">
          <containerEntry>0</containerEntry>
        </property>
        <property name="rejectFarRangeShadowCast" type="Int32" container="StaticArray" arraySize="1">
          <containerEntry>2</containerEntry>
        </property>
        <property name="parentLocator" type="EntityLink" container="StaticArray" arraySize="1">
          <containerEntry packagePathHash="0xB8A0BF169F98" archivePathHash="0xB8A0BF169F98" nameInArchiveHash="0xB8A0BF169F98">0x0</containerEntry>
        </property>
        <property name="transforms" type="Matrix4" container="DynamicArray" arraySize="4">
          <containerEntry r11="1" r12="0" r13="0" r14="0" r21="0" r22="1" r23="0" r24="0" r31="0" r32="0" r33="1" r34="0" r41="-1533.1375" r42="532.1191" r43="-2130.0657" r44="1"></containerEntry>
          <containerEntry r11="0.093721926" r12="0" r13="-0.9955991" r14="0" r21="0" r22="1" r23="0" r24="0" r31="0.9955991" r32="0" r33="0.093721926" r34="0" r41="-1487.2936" r42="537.3259" r43="-2050.9463" r44="1"></containerEntry>
