<fox formatVersion="2" fileVersion="0">
  <entities>
    <entity class="DataSet" classVersion="0" classID="0xE8" addr="0x3386360" id="0xAAF90">
      <staticProperties>
        <property name="name" type="String" container="StaticArray" arraySize="1">
          <containerEntry hash="0xB8A0BF169F98"></containerEntry>
        </property>
        <property name="dataSet" type="EntityHandle" container="StaticArray" arraySize="1">
          <containerEntry>0x0</containerEntry>
        </property>
        <property name="dataList" type="EntityPtr" container="StringMap" arraySize="16">
          <containerEntry key="mafr_clod005_0000">
            <data>0x317E1D0</data>
          </containerEntry>
          <containerEntry key="mafr_brrc001_vrtn001_gim_i0000|TppSharedGimmick_mafr_brrc001_vrtn001">
            <data>0x338F120</data>
          </containerEntry>
          <containerEntry key="StaticModelArray0000">
            <data>0x6DA8A50</data>
          </containerEntry>
          <containerEntry key="StaticModelArray0001">
            <data>0x6DA8AC0</data>
          </containerEntry>
          <containerEntry key="StaticModelArray0002">
            <data>0x6DA8900</data>
          </containerEntry>
          <containerEntry key="StaticModelArray0003">
            <data>0x6DA84A0</data>
          </containerEntry>
          <containerEntry key="StaticModelArray0004">
            <data>0x6DA89E0</data>
          </containerEntry>
          <containerEntry key="StaticModelArray0005">
            <data>0x338F270</data>
          </containerEntry>
          <containerEntry key="StaticModelArray0006">
            <data>0x338EB00</data>
          </containerEntry>
          <containerEntry key="StaticModelArray0007">
            <data>0x338A960</data>
          </containerEntry>
          <containerEntry key="StaticModelArray0008">
            <data>0x6DA13C0</data>
          </containerEntry>
          <containerEntry key="StaticModelArray0009">
            <data>0x6DA1120</data>
          </containerEntry>
          <containerEntry key="StaticModelArray0010">
            <data>0x6DA0E80</data>
          </containerEntry>
          <containerEntry key="StaticModelArray0011">
            <data>0x6DA0BE0</data>
          </containerEntry>
          <containerEntry key="GeoxPathPack0000">
            <data>0x6DA8200</data>
          </containerEntry>
          <containerEntry key="TexturePackLoadConditioner0000">
            <data>0x6DA8970</data>
          </containerEntry>
        </property>
      </staticProperties>
      <dynamicProperties></dynamicProperties>
    </entity>
    <entity class="StaticModel" classVersion="9" classID="0x160" addr="0x317E1D0" id="0xAB1E4">
      <staticProperties>
        <property name="name" type="String" container="StaticArray" arraySize="1">
          <containerEntry>mafr_clod005_0000</containerEntry>
        </property>
        <property name="dataSet" type="EntityHandle" container="StaticArray" arraySize="1">
          <containerEntry>0x3386360</containerEntry>
        </property>
        <property name="parent" type="EntityHandle" container="StaticArray" arraySize="1">
          <containerEntry>0x0</containerEntry>
        </property>
        <property name="transform" type="EntityPtr" container="StaticArray" arraySize="1">
          <containerEntry>0x317E240</containerEntry>
        </property>
        <property name="shearTransform" type="EntityPtr" container="StaticArray" arraySize="1">
          <containerEntry>0x0</containerEntry>
        </property>
        <property name="pivotTransform" type="EntityPtr" container="StaticArray" arraySize="1">
          <containerEntry>0x0</containerEntry>
        </property>
        <property name="children" type="EntityHandle" container="List"></property>
        <property name="flags" type="UInt32" container="StaticArray" arraySize="1">
          <containerEntry>7</containerEntry>
        </property>
        <property name="modelFile" type="FilePtr" container="StaticArray" arraySize="1">
          <containerEntry>/Assets/tpp/environ/object/middle_africa/clod/mafr_clod005/scenes/mafr_clod005.fmdl</containerEntry>
        </property>
        <property name="geomFile" type="FilePtr" container="StaticArray" arraySize="1">
          <containerEntry>/Assets/tpp/environ/object/middle_africa/clod/mafr_clod005/scenes/mafr_clod005.geom</containerEntry>
        </property>
        <property name="isVisibleGeom" type="Bool" container="StaticArray" arraySize="1">
          <containerEntry>false</containerEntry>
        </property>
        <property name="isIsolated" type="Bool" container="StaticArray" arraySize="1">
          <containerEntry>false</containerEntry>
        </property>
        <property name="lodFarSize" type="Float" container="StaticArray" arraySize="1">
          <containerEntry>-1</containerEntry>
        </property>
        <property name="lodNearSize" type="Float" container="StaticArray" arraySize="1">
          <containerEntry>-1</containerEntry>
        </property>
        <property name="lodPolygonSize" type="Float" container="StaticArray" arraySize="1">
          <containerEntry>-1</containerEntry>
        </property>
        <property name="color" type="Color" container="StaticArray" arraySize="1">
          <containerEntry r="1" g="1" b="1" a="1"></containerEntry>
        </property>
        <property name="drawRejectionLevel" type="Int32" container="StaticArray" arraySize="1">
          <containerEntry>8</containerEntry>
        </property>
        <property name="drawMode" type="Int32" container="StaticArray" arraySize="1">
          <containerEntry>0</containerEntry>
        </property>
        <property name="rejectFarRangeShadowCast" type="Int32" container="StaticArray" arraySize="1">
          <containerEntry>2</containerEntry>
        </property>
      </staticProperties>
      <dynamicProperties></dynamicProperties>
    </entity>
    <entity class="TransformEntity" classVersion="0" classID="0x50" addr="0x317E240" id="0xAB1E7">
      <staticProperties>
        <property name="owner" type="EntityHandle" container="StaticArray" arraySize="1">
          <containerEntry>0x317E1D0</containerEntry>
        </property>
        <property name="transform_scale" type="Vector3" container="StaticArray" arraySize="1">
          <containerEntry x="1" y="1" z="1" w="0"></containerEntry>
        </property>
        <property name="transform_rotation_quat" type="Quat" container="StaticArray" arraySize="1">
          <containerEntry x="0" y="-0.382683" z="0" w="0.92388"></containerEntry>
        </property>
        <property name="transform_translation" type="Vector3" container="StaticArray" arraySize="1">
          <containerEntry x="1251.2292" y="18.04886" z="31.676834" w="0"></containerEntry>
        </property>
      </staticProperties>
      <dynamicProperties></dynamicProperties>
    </entity>
    <entity class="TppSharedGimmickData" classVersion="1" classID="0xF0" addr="0x338F120" id="0x630D3">
      <staticProperties>
        <property name="name" type="String" container="StaticArray" arraySize="1">
          <containerEntry>mafr_brrc001_vrtn001_gim_i0000|TppSharedGimmick_mafr_brrc001_vrtn001</containerEntry>
        </property>
        <property name="dataSet" type="EntityHandle" container="StaticArray" arraySize="1">
          <containerEntry>0x3386360</containerEntry>
        </property>
        <property name="modelFile" type="FilePtr" container="StaticArray" arraySize="1">
          <containerEntry>/Assets/tpp/environ/object/middle_africa/barricade/mafr_brrc001/scenes/mafr_brrc001_vrtn011.fmdl</containerEntry>
        </property>
        <property name="geomFile" type="FilePtr" container="StaticArray" arraySize="1">
          <containerEntry>/Assets/tpp/environ/object/middle_africa/barricade/mafr_brrc001/scenes/mafr_brrc001_vrtn011.geom</containerEntry>
        </property>
        <property name="breakedModelFile" type="FilePtr" container="StaticArray" arraySize="1">
          <containerEntry hash="0xB8A0BF169F98"></containerEntry>
        </property>
        <property name="breakedGeomFile" type="FilePtr" container="StaticArray" arraySize="1">
          <containerEntry hash="0xB8A0BF169F98"></containerEntry>
        </property>
        <property name="partsFile" type="FilePtr" container="StaticArray" arraySize="1">
          <containerEntry>/Assets/tpp/parts/environ/object/middle_africa/barricade/mafr_brrc001/mafr_brrc001_vrtn010.parts</containerEntry>
        </property>
        <property name="numDynamicGimmick" type="UInt32" container="StaticArray" arraySize="1">
          <containerEntry>8</containerEntry>
        </property>
        <property name="locaterFile" type="FilePtr" container="StaticArray" arraySize="1">
          <containerEntry>/Assets/tpp/level/location/mafr/block_small/142/142_133/lba/mafr_brrc001_vrtn010.lba</containerEntry>
        </property>
        <property name="flags1" type="UInt32" container="StaticArray" arraySize="1">
          <containerEntry>16642</containerEntry>
        </property>
        <property name="flags2" type="UInt32" container="StaticArray" arraySize="1">
          <containerEntry>0</containerEntry>
        </property>
      </staticProperties>
      <dynamicProperties></dynamicProperties>
    </entity>
    <entity class="StaticModelArray" classVersion="4" classID="0xD0" addr="0x6DA8A50" id="0x0">
      <staticProperties>
        <property name="name" type="String" container="StaticArray" arraySize="1">
          <containerEntry>StaticModelArray0000</containerEntry>
        </property>
        <property name="dataSet" type="EntityHandle" container="StaticArray" arraySize="1">
          <containerEntry>0x3386360</containerEntry>
        </property>
        <property name="modelFile" type="FilePtr" container="StaticArray" arraySize="1">
          <containerEntry>/Assets/tpp/environ/object/middle_africa/signboard/mafr_sgbd002/scenes/mafr_sgbd002.fmdl</containerEntry>
        </property>
        <property name="geomFile" type="FilePtr" container="StaticArray" arraySize="1">
          <containerEntry>/Assets/tpp/environ/object/middle_africa/signboard/mafr_sgbd002/scenes/mafr_sgbd002.geom</containerEntry>
        </property>
        <property name="isVisibleGeom" type="Bool" container="StaticArray" arraySize="1">
          <containerEntry>false</containerEntry>
        </property>
        <property name="lodFarSize" type="Float" container="StaticArray" arraySize="1">
          <containerEntry>-1</containerEntry>
        </property>
        <property name="lodNearSize" type="Float" container="StaticArray" arraySize="1">
          <containerEntry>-1</containerEntry>
        </property>
        <property name="lodPolygonSize" type="Float" container="StaticArray" arraySize="1">
          <containerEntry>-1</containerEntry>
        </property>
        <property name="drawRejectionLevel" type="Int32" container="StaticArray" arraySize="1">
          <containerEntry>8</containerEntry>
        </property>
        <property name="drawMode" type="Int32" container="StaticArray" arraySize="1">
          <containerEntry>0</containerEntry>
        </property>
        <property name="rejectFarRangeShadowCast" type="Int32" container="StaticArray" arraySize="1">
          <containerEntry>2</containerEntry>
        </property>
        <property name="parentLocator" type="EntityLink" container="StaticArray" arraySize="1">
          <containerEntry packagePathHash="0xB8A0BF169F98" archivePathHash="0xB8A0BF169F98" nameInArchiveHash="0xB8A0BF169F98">0x0</containerEntry>
        </property>
        <property name="transforms" type="Matrix4" container="DynamicArray" arraySize="2">
          <containerEntry r11="0.5132753" r12="0" r13="0.85822237" r14="0" r21="0" r22="1" r23="0" r24="0" r31="-0.85822237" r32="0" r33="0.5132753" r34="0" r41="1213.4413" r42="7.9183826" r43="78.27365" r44="1"></containerEntry>
          <containerEntry r11="-0.67199135" r12="0" r13="-0.74055696" r14="0" r21="0" r22="1" r23="0" r24="0" r31="0.74055696" r32="0" r33="-0.67199135" r34="0" r41="1199.2983" r42="7.9183826" r43="62.15828" r44="1"></containerEntry>
        </property>
        <property name="colors" type="UInt32" container="DynamicArray" arraySize="2">
          <containerEntry>4294967295</containerEntry>
          <containerEntry>4294967295</containerEntry>
        </property>
      </staticProperties>
      <dynamicProperties></dynamicProperties>
    </entity>
    <entity class="StaticModelArray" classVersion="4" classID="0xD0" addr="0x6DA8AC0" id="0x0">
      <staticProperties>
        <property name="name" type="String" container="StaticArray" arraySize="1">
          <containerEntry>StaticModelArray0001</containerEntry>
        </property>
        <property name="dataSet" type="EntityHandle" container="StaticArray" arraySize="1">
          <containerEntry>0x3386360</containerEntry>
        </property>
        <property name="modelFile" type="FilePtr" container="StaticArray" arraySize="1">
          <containerEntry>/Assets/tpp/environ/object/middle_africa/rock/mafr_rock011/scenes/mafr_rock011.fmdl</containerEntry>
        </property>
        <property name="geomFile" type="FilePtr" container="StaticArray" arraySize="1">
          <containerEntry>/Assets/tpp/environ/object/middle_africa/rock/mafr_rock011/scenes/mafr_rock011.geom</containerEntry>
        </property>
        <property name="isVisibleGeom" type="Bool" container="StaticArray" arraySize="1">
          <containerEntry>false</containerEntry>
        </property>
        <property name="lodFarSize" type="Float" container="StaticArray" arraySize="1">
          <containerEntry>-1</containerEntry>
        </property>
        <property name="lodNearSize" type="Float" container="StaticArray" arraySize="1">
          <containerEntry>-1</containerEntry>
        </property>
        <property name="lodPolygonSize" type="Float" container="StaticArray" arraySize="1">
          <containerEntry>-1</containerEntry>
        </property>
        <property name="drawRejectionLevel" type="Int32" container="StaticArray" arraySize="1">
          <containerEntry>5</containerEntry>
        </property>
        <property name="drawMode" type="Int32" container="StaticArray" arraySize="1">
          <containerEntry>0</containerEntry>
        </property>
        <property name="rejectFarRangeShadowCast" type="Int32" container="StaticArray" arraySize="1">
          <containerEntry>2</containerEntry>
        </property>
        <property name="parentLocator" type="EntityLink" container="StaticArray" arraySize="1">
          <containerEntry packagePathHash="0xB8A0BF169F98" archivePathHash="0xB8A0BF169F98" nameInArchiveHash="0xB8A0BF169F98">0x0</containerEntry>
        </property>
        <property name="transforms" type="Matrix4" container="DynamicArray" arraySize="9">
          <containerEntry r11="-0.33598155" r12="0.030377492" r13="-0.94137543" r14="0" r21="0.39686954" r22="0.91098535" r23="-0.11224885" r24="0" r31="0.8541692" r32="-0.41131794" r33="-0.31812996" r34="0" r41="1173.8431" r42="6.125847" r43="5.148724" r44="1"></containerEntry>
          <containerEntry r11="-0.70532906" r12="0.10137017" r13="-0.70158815" r14="0" r21="0.30490398" r22="0.9368755" r23="-0.17116523" r24="0" r31="0.63994956" r32="-0.33464617" r33="-0.6917135" r34="0" r41="1225.4286" r42="7.916573" r43="57.75388" r44="1"></containerEntry>
          <containerEntry r11="-0.7188085" r12="-0.0016960874" r13="-0.6952001" r14="0" r21="0.22456607" r22="0.94582206" r23="-0.23450045" r24="0" r31="0.65793324" r32="-0.32468063" r33="-0.6794838" r34="0" r41="1239.2427" r42="8.624267" r43="68.92783" r44="1"></containerEntry>
          <containerEntry r11="-0.72275406" r12="0.115419924" r13="-0.6813913" r14="0" r21="0.32625377" r22="0.9261582" r23="-0.18917982" r24="0" r31="0.60924083" r32="-0.35903865" r33="-0.7070405" r34="0" r41="1225.9481" r42="6.070586" r43="65.44544" r44="1"></containerEntry>
          <containerEntry r11="0.34432283" r12="0.20576316" r13="-0.9160245" r14="0" r21="0.43660212" r22="0.8286736" r23="0.3502542" r24="0" r31="0.83115464" r32="-0.5205391" r33="0.19549465" r34="0" r41="1172.8142" r42="4.736282" r43="116.18837" r44="1"></containerEntry>
          <containerEntry r11="-0.75834125" r12="-0.0017888298" r13="-0.7334352" r14="0" r21="0.3182589" r22="0.94969463" r23="-0.33138424" r24="0" r31="0.66078866" r32="-0.45945734" r33="-0.6821068" r34="0" r41="1243.2767" r42="6.137088" r43="93.53133" r44="1"></containerEntry>
          <containerEntry r11="-0.75834125" r12="-0.0017888298" r13="-0.7334352" r14="0" r21="0.3182589" r22="0.94969463" r23="-0.33138424" r24="0" r31="0.66078866" r32="-0.45945734" r33="-0.6821068" r34="0" r41="1255.07" r42="8.352494" r43="84.32214" r44="1"></containerEntry>
          <containerEntry r11="-0.76401573" r12="0.026163094" r13="-0.64466137" r14="0" r21="0.26320872" r22="0.9248907" r23="-0.27440485" r24="0" r31="0.5890619" r32="-0.37933144" r33="-0.7135172" r34="0" r41="1247.8981" r42="9.200667" r43="74.20796" r44="1"></containerEntry>
          <containerEntry r11="-0.75834125" r12="-0.0017888298" r13="-0.7334352" r14="0" r21="0.3182589" r22="0.94969463" r23="-0.33138424" r24="0" r31="0.66078866" r32="-0.45945734" r33="-0.6821068" r34="0" r41="1252.1167" r42="6.533331" r43="101.82822" r44="1"></containerEntry>
        </property>
        <property name="colors" type="UInt32" container="DynamicArray" arraySize="9">
          <containerEntry>4294967295</containerEntry>
          <containerEntry>4294967295</containerEntry>
          <containerEntry>4294967295</containerEntry>
          <containerEntry>4294967295</containerEntry>
          <containerEntry>4294967295</containerEntry>
          <containerEntry>4294967295</containerEntry>
          <containerEntry>4294967295</containerEntry>
          <containerEntry>4294967295</containerEntry>
          <containerEntry>4294967295</containerEntry>
        </property>
      </staticProperties>
      <dynamicProperties></dynamicProperties>
    </entity>
    <entity class="StaticModelArray" classVersion="4" classID="0xD0" addr="0x6DA8900" id="0x0">
      <staticProperties>
        <property name="name" type="String" container="StaticArray" arraySize="1">
          <containerEntry>StaticModelArray0002</containerEntry>
        </property>
        <property name="dataSet" type="EntityHandle" container="StaticArray" arraySize="1">
          <containerEntry>0x3386360</containerEntry>
        </property>
        <property name="modelFile" type="FilePtr" container="StaticArray" arraySize="1">
          <containerEntry>/Assets/tpp/environ/object/middle_africa/rock/mafr_rock002/scenes/mafr_rock002.fmdl</containerEntry>
        </property>
        <property name="geomFile" type="FilePtr" container="StaticArray" arraySize="1">
          <containerEntry>/Assets/tpp/environ/object/middle_africa/rock/mafr_rock002/scenes/mafr_rock002.geom</containerEntry>
        </property>
        <property name="isVisibleGeom" type="Bool" container="StaticArray" arraySize="1">
          <containerEntry>false</containerEntry>
        </property>
        <property name="lodFarSize" type="Float" container="StaticArray" arraySize="1">
          <containerEntry>-1</containerEntry>
        </property>
        <property name="lodNearSize" type="Float" container="StaticArray" arraySize="1">
          <containerEntry>-1</containerEntry>
        </property>
        <property name="lodPolygonSize" type="Float" container="StaticArray" arraySize="1">
          <containerEntry>-1</containerEntry>
        </property>
        <property name="drawRejectionLevel" type="Int32" container="StaticArray" arraySize="1">
          <containerEntry>8</containerEntry>
        </property>
        <property name="drawMode" type="Int32" container="StaticArray" arraySize="1">
          <containerEntry>0</containerEntry>
        </property>
        <property name="rejectFarRangeShadowCast" type="Int32" container="StaticArray" arraySize="1">
          <containerEntry>2</containerEntry>
        </property>
        <property name="parentLocator" type="EntityLink" container="StaticArray" arraySize="1">
          <containerEntry packagePathHash="0xB8A0BF169F98" archivePathHash="0xB8A0BF169F98" nameInArchiveHash="0xB8A0BF169F98">0x0</containerEntry>
        </property>
        <property name="transforms" type="Matrix4" container="DynamicArray" arraySize="7">
          <containerEntry r11="0.33115518" r12="0.020668738" r13="0.9433488" r14="0" r21="-0.04245586" r22="0.9990739" r23="-0.006985912" r24="0" r31="-0.9426196" r32="-0.037737332" r33="0.331726" r34="0" r41="1184.7266" r42="10.819464" r43="17.512688" r44="1"></containerEntry>
          <containerEntry r11="0.91325796" r12="0.04305242" r13="0.40510017" r14="0" r21="-0.07673508" r22="0.9947795" r23="0.06727034" r24="0" r31="-0.4000892" r32="-0.092520595" r33="0.911794" r34="0" r41="1221.1111" r42="13.394575" r43="36.448696" r44="1"></containerEntry>
          <containerEntry r11="0.9132582" r12="0.043052826" r13="0.40509984" r14="0" r21="-0.035725858" r22="0.99903286" r23="-0.025633806" r24="0" r31="-0.40581164" r32="0.008937737" r33="0.913913" r34="0" r41="1202.905" r42="11.281096" r43="35.949097" r44="1"></containerEntry>
          <containerEntry r11="0.67942923" r12="-0.02638255" r13="0.7332659" r14="0" r21="0.1114746" r22="0.9914642" r23="-0.06761752" r24="0" r31="-0.72522295" r32="0.12768194" r33="0.6765708" r34="0" r41="1232.5671" r42="10.659596" r43="61.521248" r44="1"></containerEntry>
          <containerEntry r11="0.67942923" r12="-0.02638255" r13="0.7332659" r14="0" r21="0.1114746" r22="0.9914642" r23="-0.06761752" r24="0" r31="-0.72522295" r32="0.12768194" r33="0.6765708" r34="0" r41="1166.653" r42="6.86289" r43="107.21961" r44="1"></containerEntry>
          <containerEntry r11="-0.9981609" r12="-0.027961832" r13="-0.053744473" r14="0" r21="-0.020547181" r22="0.9907859" r23="-0.13386944" r24="0" r31="0.05699251" r32="-0.13251925" r33="-0.9895383" r34="0" r41="1170.403" r42="6.86289" r43="109.71961" r44="1"></containerEntry>
          <containerEntry r11="0.7397913" r12="0.009863344" r13="0.67276365" r14="0" r21="0.021623101" r22="0.9990275" r23="-0.03842404" r24="0" r31="-0.6724884" r32="0.042973015" r33="0.7388586" r34="0" r41="1170.153" r42="8.11289" r43="105.46961" r44="1"></containerEntry>
        </property>
        <property name="colors" type="UInt32" container="DynamicArray" arraySize="7">
          <containerEntry>4294967295</containerEntry>
          <containerEntry>4294967295</containerEntry>
          <containerEntry>4294967295</containerEntry>
          <containerEntry>4294967295</containerEntry>
          <containerEntry>4294967295</containerEntry>
          <containerEntry>4294967295</containerEntry>
          <containerEntry>4294967295</containerEntry>
        </property>
      </staticProperties>
      <dynamicProperties></dynamicProperties>
    </entity>
    <entity class="StaticModelArray" classVersion="4" classID="0xD0" addr="0x6DA84A0" id="0x0">
      <staticProperties>
        <property name="name" type="String" container="StaticArray" arraySize="1">
          <containerEntry>StaticModelArray0003</containerEntry>
        </property>
        <property name="dataSet" type="EntityHandle" container="StaticArray" arraySize="1">
          <containerEntry>0x3386360</containerEntry>
        </property>
        <property name="modelFile" type="FilePtr" container="StaticArray" arraySize="1">
          <containerEntry>/Assets/tpp/environ/object/middle_africa/stone/mafr_ston002/scenes/mafr_ston002.fmdl</containerEntry>
        </property>
        <property name="geomFile" type="FilePtr" container="StaticArray" arraySize="1">
          <containerEntry>/Assets/tpp/environ/object/middle_africa/stone/mafr_ston002/scenes/mafr_ston002.geom</containerEntry>
        </property>
        <property name="isVisibleGeom" type="Bool" container="StaticArray" arraySize="1">
          <containerEntry>false</containerEntry>
        </property>
        <property name="lodFarSize" type="Float" container="StaticArray" arraySize="1">
          <containerEntry>-1</containerEntry>
        </property>
        <property name="lodNearSize" type="Float" container="StaticArray" arraySize="1">
          <containerEntry>-1</containerEntry>
        </property>
        <property name="lodPolygonSize" type="Float" container="StaticArray" arraySize="1">
          <containerEntry>-1</containerEntry>
        </property>
        <property name="drawRejectionLevel" type="Int32" container="StaticArray" arraySize="1">
          <containerEntry>8</containerEntry>
        </property>
        <property name="drawMode" type="Int32" container="StaticArray" arraySize="1">
          <containerEntry>0</containerEntry>
        </property>
        <property name="rejectFarRangeShadowCast" type="Int32" container="StaticArray" arraySize="1">
          <containerEntry>2</containerEntry>
        </property>
        <property name="parentLocator" type="EntityLink" container="StaticArray" arraySize="1">
          <containerEntry packagePathHash="0xB8A0BF169F98" archivePathHash="0xB8A0BF169F98" nameInArchiveHash="0xB8A0BF169F98">0x0</containerEntry>
        </property>
        <property name="transforms" type="Matrix4" container="DynamicArray" arraySize="7">
          <containerEntry r11="0.9125408" r12="0.037407637" r13="0.40727144" r14="0" r21="-0.04105363" r22="0.99915695" r23="0.00021363981" r24="0" r31="-0.40692008" r32="-0.016914925" r33="0.9133072" r34="0" r41="1188.3292" r42="7.726213" r43="113.33826" r44="1"></containerEntry>
          <containerEntry r11="0.35803324" r12="0.0030166283" r13="0.93370366" r14="0" r21="0.080423765" r22="0.99617875" r23="-0.034057327" r24="0" r31="-0.9302385" r32="0.087285645" r33="0.35642248" r34="0" r41="1167.7106" r42="7.787955" r43="84.11568" r44="1"></containerEntry>
          <containerEntry r11="-0.43888584" r12="0.004713189" r13="-0.8985294" r14="0" r21="0.08042453" r22="0.9961786" r23="-0.03405794" r24="0" r31="0.89493537" r32="-0.08721143" r33="-0.4375878" r34="0" r41="1165.7867" r42="7.579999" r43="78.64186" r44="1"></containerEntry>
          <containerEntry r11="-0.34745374" r12="-0.004006412" r13="-0.9376888" r14="0" r21="0.0804248" r22="0.9961787" r23="-0.034057133" r24="0" r31="0.934242" r32="-0.08724669" r33="-0.3458038" r34="0" r41="1171.0358" r42="7.449261" r43="89.47349" r44="1"></containerEntry>
          <containerEntry r11="0.38994735" r12="7.0407987e-07" r13="0.9208371" r14="0" r21="0.08042441" r22="0.9961787" r23="-0.034058128" r24="0" r31="-0.9173183" r32="0.08733867" r33="0.38845718" r34="0" r41="1174.5382" r42="8.046571" r43="101.23996" r44="1"></containerEntry>
          <containerEntry r11="-0.34745374" r12="-0.004006412" r13="-0.9376888" r14="0" r21="0.0804248" r22="0.9961787" r23="-0.034057133" r24="0" r31="0.934242" r32="-0.08724669" r33="-0.3458038" r34="0" r41="1172.805" r42="7.994133" r43="95.61362" r44="1"></containerEntry>
          <containerEntry r11="-0.44823182" r12="0" r13="-0.89391786" r14="0" r21="0" r22="1" r23="0" r24="0" r31="0.89391786" r32="0" r33="-0.44823182" r34="0" r41="1177.8069" r42="7.659832" r43="106.32162" r44="1"></containerEntry>
        </property>
        <property name="colors" type="UInt32" container="DynamicArray" arraySize="7">
          <containerEntry>4294967295</containerEntry>
          <containerEntry>4294967295</containerEntry>
          <containerEntry>4294967295</containerEntry>
          <containerEntry>4294967295</containerEntry>
          <containerEntry>4294967295</containerEntry>
          <containerEntry>4294967295</containerEntry>
          <containerEntry>4294967295</containerEntry>
        </property>
      </staticProperties>
      <dynamicProperties></dynamicProperties>
    </entity>
    <entity class="StaticModelArray" classVersion="4" classID="0xD0" addr="0x6DA89E0" id="0x0">
      <staticProperties>
        <property name="name" type="String" container="StaticArray" arraySize="1">
          <containerEntry>StaticModelArray0004</containerEntry>
        </property>
        <property name="dataSet" type="EntityHandle" container="StaticArray" arraySize="1">
          <containerEntry>0x3386360</containerEntry>
        </property>
        <property name="modelFile" type="FilePtr" container="StaticArray" arraySize="1">
          <containerEntry hash="0xB8A0BF169F98"></containerEntry>
        </property>
        <property name="geomFile" type="FilePtr" container="StaticArray" arraySize="1">
          <containerEntry>/Assets/tpp/environ/object/middle_africa/wood_box/mafr_wdbx001/scenes/mafr_wdbx001_vrtn004_pc.geom</containerEntry>
        </property>
        <property name="isVisibleGeom" type="Bool" container="StaticArray" arraySize="1">
          <containerEntry>false</containerEntry>
        </property>
        <property name="lodFarSize" type="Float" container="StaticArray" arraySize="1">
          <containerEntry>-1</containerEntry>
        </property>
        <property name="lodNearSize" type="Float" container="StaticArray" arraySize="1">
          <containerEntry>-1</containerEntry>
        </property>
        <property name="lodPolygonSize" type="Float" container="StaticArray" arraySize="1">
          <containerEntry>-1</containerEntry>
        </property>
        <property name="drawRejectionLevel" type="Int32" container="StaticArray" arraySize="1">
          <containerEntry>8</containerEntry>
        </property>
        <property name="drawMode" type="Int32" container="StaticArray" arraySize="1">
          <containerEntry>0</containerEntry>
        </property>
        <property name="rejectFarRangeShadowCast" type="Int32" container="StaticArray" arraySize="1">
          <containerEntry>2</containerEntry>
        </property>
        <property name="parentLocator" type="EntityLink" container="StaticArray" arraySize="1">
          <containerEntry packagePathHash="0xB8A0BF169F98" archivePathHash="0xB8A0BF169F98" nameInArchiveHash="0xB8A0BF169F98">0x0</containerEntry>
        </property>
        <property name="transforms" type="Matrix4" container="DynamicArray" arraySize="6">
          <containerEntry r11="0.5155256" r12="0" r13="0.85687447" r14="0" r21="0" r22="1" r23="0" r24="0" r31="-0.85687447" r32="0" r33="0.5155256" r34="0" r41="1191.2046" r42="8.056726" r43="62.70844" r44="1"></containerEntry>
          <containerEntry r11="0.5110028" r12="0" r13="0.8595792" r14="0" r21="0" r22="1" r23="0" r24="0" r31="-0.8595792" r32="0" r33="0.5110028" r34="0" r41="1213.9862" r42="8.049784" r43="78.15082" r44="1"></containerEntry>
          <containerEntry r11="0.39522433" r12="0" r13="0.9185849" r14="0" r21="0" r22="1" r23="0" r24="0" r31="-0.9185849" r32="0" r33="0.39522433" r34="0" r41="1211.36" r42="8.056072" r43="92.86302" r44="1"></containerEntry>
          <containerEntry r11="0.39522433" r12="0" r13="0.9185849" r14="0" r21="0" r22="1" r23="0" r24="0" r31="-0.9185849" r32="0" r33="0.39522433" r34="0" r41="1201.4612" r42="7.921722" r43="76.3387" r44="1"></containerEntry>
          <containerEntry r11="0.69460076" r12="0" r13="-0.7193953" r14="0" r21="0" r22="1" r23="0" r24="0" r31="0.7193953" r32="0" r33="0.69460076" r34="0" r41="1200.057" r42="8.048644" r43="80.91126" r44="1"></containerEntry>
          <containerEntry r11="0.46818203" r12="0.03256612" r13="0.8830313" r14="0" r21="-0.0046893535" r22="0.9993981" r23="-0.034371406" r24="0" r31="-0.8836191" r32="0.011951212" r33="0.46805292" r34="0" r41="1185.7429" r42="8.01532" r43="57.862366" r44="1"></containerEntry>
        </property>
        <property name="colors" type="UInt32" container="DynamicArray" arraySize="6">
          <containerEntry>4294967295</containerEntry>
          <containerEntry>4294967295</containerEntry>
          <containerEntry>4294967295</containerEntry>
          <containerEntry>4294967295</containerEntry>
          <containerEntry>4294967295</containerEntry>
          <containerEntry>4294967295</containerEntry>
        </property>
      </staticProperties>
      <dynamicProperties></dynamicProperties>
    </entity>
    <entity class="StaticModelArray" classVersion="4" classID="0xD0" addr="0x338F270" id="0x0">
      <staticProperties>
        <property name="name" type="String" container="StaticArray" arraySize="1">
          <containerEntry>StaticModelArray0005</containerEntry>
        </property>
        <property name="dataSet" type="EntityHandle" container="StaticArray" arraySize="1">
          <containerEntry>0x3386360</containerEntry>
        </property>
        <property name="modelFile" type="FilePtr" container="StaticArray" arraySize="1">
          <containerEntry hash="0xB8A0BF169F98"></containerEntry>
        </property>
        <property name="geomFile" type="FilePtr" container="StaticArray" arraySize="1">
          <containerEntry>/Assets/tpp/environ/object/middle_africa/desk/mafr_desk002/scenes/mafr_desk002_vrtn001_pc.geom</containerEntry>
        </property>
        <property name="isVisibleGeom" type="Bool" container="StaticArray" arraySize="1">
          <containerEntry>false</containerEntry>
        </property>
        <property name="lodFarSize" type="Float" container="StaticArray" arraySize="1">
          <containerEntry>-1</containerEntry>
        </property>
        <property name="lodNearSize" type="Float" container="StaticArray" arraySize="1">
          <containerEntry>-1</containerEntry>
        </property>
        <property name="lodPolygonSize" type="Float" container="StaticArray" arraySize="1">
          <containerEntry>-1</containerEntry>
        </property>
        <property name="drawRejectionLevel" type="Int32" container="StaticArray" arraySize="1">
          <containerEntry>8</containerEntry>
        </property>
        <property name="drawMode" type="Int32" container="StaticArray" arraySize="1">
          <containerEntry>0</containerEntry>
        </property>
        <property name="rejectFarRangeShadowCast" type="Int32" container="StaticArray" arraySize="1">
          <containerEntry>2</containerEntry>
        </property>
        <property name="parentLocator" type="EntityLink" container="StaticArray" arraySize="1">
          <containerEntry packagePathHash="0xB8A0BF169F98" archivePathHash="0xB8A0BF169F98" nameInArchiveHash="0xB8A0BF169F98">0x0</containerEntry>
        </property>
        <property name="transforms" type="Matrix4" container="DynamicArray" arraySize="4">
          <containerEntry r11="-0.82069844" r12="0" r13="0.571365" r14="0" r21="0" r22="1" r23="0" r24="0" r31="-0.571365" r32="0" r33="-0.82069844" r34="0" r41="1208.4521" r42="7.916452" r43="91.389824" r44="1"></containerEntry>
          <containerEntry r11="0.61147004" r12="0" r13="0.7912672" r14="0" r21="0" r22="1" r23="0" r24="0" r31="-0.7912672" r32="0" r33="0.61147004" r34="0" r41="1197.419" r42="7.921871" r43="75.87756" r44="1"></containerEntry>
          <containerEntry r11="0.5848117" r12="0" r13="0.8111692" r14="0" r21="0" r22="1" r23="0" r24="0" r31="-0.8111692" r32="0" r33="0.5848117" r34="0" r41="1211.5925" r42="7.921871" r43="79.83022" r44="1"></containerEntry>
          <containerEntry r11="-0.9027518" r12="0" r13="0.43016234" r14="0" r21="0" r22="1" r23="0" r24="0" r31="-0.43016234" r32="0" r33="-0.9027518" r34="0" r41="1198.1757" r42="7.895766" r43="71.963745" r44="1"></containerEntry>
        </property>
        <property name="colors" type="UInt32" container="DynamicArray" arraySize="4">
          <containerEntry>4294967295</containerEntry>
          <containerEntry>4294967295</containerEntry>
          <containerEntry>4294967295</containerEntry>
          <containerEntry>4294967295</containerEntry>
        </property>
      </staticProperties>
      <dynamicProperties></dynamicProperties>
    </entity>
    <entity class="StaticModelArray" classVersion="4" classID="0xD0" addr="0x338EB00" id="0x0">
      <staticProperties>
        <property name="name" type="String" container="StaticArray" arraySize="1">
          <containerEntry>StaticModelArray0006</containerEntry>
        </property>
        <property name="dataSet" type="EntityHandle" container="StaticArray" arraySize="1">
          <containerEntry>0x3386360</containerEntry>
        </property>
        <property name="modelFile" type="FilePtr" container="StaticArray" arraySize="1">
          <containerEntry hash="0xB8A0BF169F98"></containerEntry>
        </property>
        <property name="geomFile" type="FilePtr" container="StaticArray" arraySize="1">
          <containerEntry>/Assets/tpp/environ/object/middle_africa/wood_box/mafr_wdbx003/scenes/mafr_wdbx003_pc.geom</containerEntry>
        </property>
        <property name="isVisibleGeom" type="Bool" container="StaticArray" arraySize="1">
          <containerEntry>false</containerEntry>
        </property>
        <property name="lodFarSize" type="Float" container="StaticArray" arraySize="1">
          <containerEntry>-1</containerEntry>
        </property>
        <property name="lodNearSize" type="Float" container="StaticArray" arraySize="1">
          <containerEntry>-1</containerEntry>
        </property>
        <property name="lodPolygonSize" type="Float" container="StaticArray" arraySize="1">
          <containerEntry>-1</containerEntry>
        </property>
        <property name="drawRejectionLevel" type="Int32" container="StaticArray" arraySize="1">
          <containerEntry>8</containerEntry>
        </property>
        <property name="drawMode" type="Int32" container="StaticArray" arraySize="1">
          <containerEntry>0</containerEntry>
        </property>
        <property name="rejectFarRangeShadowCast" type="Int32" container="StaticArray" arraySize="1">
          <containerEntry>2</containerEntry>
        </property>
        <property name="parentLocator" type="EntityLink" container="StaticArray" arraySize="1">
          <containerEntry packagePathHash="0xB8A0BF169F98" archivePathHash="0xB8A0BF169F98" nameInArchiveHash="0xB8A0BF169F98">0x0</containerEntry>
        </property>
        <property name="transforms" type="Matrix4" container="DynamicArray" arraySize="3">
          <containerEntry r11="0.39808828" r12="-0.0070836837" r13="0.9173192" r14="0" r21="0.007959211" r22="0.99995923" r23="0.0042677913" r24="0" r31="-0.917312" r32="0.0056021875" r33="0.39812845" r34="0" r41="1213.3401" r42="7.907373" r43="92.276" r44="1"></containerEntry>
          <containerEntry r11="0.39339298" r12="0" r13="0.91936994" r14="0" r21="0" r22="1" r23="0" r24="0" r31="-0.91936994" r32="0" r33="0.39339298" r34="0" r41="1212.8218" r42="8.050052" r43="93.660194" r44="1"></containerEntry>
          <containerEntry r11="0.36594033" r12="0" r13="0.93063825" r14="0" r21="0" r22="1" r23="0" r24="0" r31="-0.93063825" r32="0" r33="0.36594033" r34="0" r41="1211.9043" r42="7.909186" r43="91.54456" r44="1"></containerEntry>
        </property>
        <property name="colors" type="UInt32" container="DynamicArray" arraySize="3">
          <containerEntry>4294967295</containerEntry>
          <containerEntry>4294967295</containerEntry>
          <containerEntry>4294967295</containerEntry>
        </property>
      </staticProperties>
      <dynamicProperties></dynamicProperties>
    </entity>
    <entity class="StaticModelArray" classVersion="4" classID="0xD0" addr="0x338A960" id="0x0">
      <staticProperties>
        <property name="name" type="String" container="StaticArray" arraySize="1">
          <containerEntry>StaticModelArray0007</containerEntry>
        </property>
        <property name="dataSet" type="EntityHandle" container="StaticArray" arraySize="1">
          <containerEntry>0x3386360</containerEntry>
        </property>
        <property name="modelFile" type="FilePtr" container="StaticArray" arraySize="1">
          <containerEntry hash="0xB8A0BF169F98"></containerEntry>
        </property>
