<fox formatVersion="2" fileVersion="0">
  <entities>
    <entity class="DataSet" classVersion="0" classID="0xE8" addr="0x2F04370" id="0xDD53A5">
      <staticProperties>
        <property name="name" type="String" container="StaticArray" arraySize="1">
          <containerEntry hash="0xB8A0BF169F98"></containerEntry>
        </property>
        <property name="dataSet" type="EntityHandle" container="StaticArray" arraySize="1">
          <containerEntry>0x0</containerEntry>
        </property>
        <property name="dataList" type="EntityPtr" container="StringMap" arraySize="7">
          <containerEntry key="StaticModelArray0000">
            <data>0x2F00320</data>
          </containerEntry>
          <containerEntry key="StaticModelArray0001">
            <data>0x2F00400</data>
          </containerEntry>
          <containerEntry key="StaticModelArray0002">
            <data>0x2F00390</data>
          </containerEntry>
          <containerEntry key="StaticModelArray0003">
            <data>0x2F00470</data>
          </containerEntry>
          <containerEntry key="StaticModelArray0004">
            <data>0x2F002B0</data>
          </containerEntry>
          <containerEntry key="StaticModelArray0005">
            <data>0x2F000F0</data>
          </containerEntry>
          <containerEntry key="TexturePackLoadConditioner0000">
            <data>0x2F00DA0</data>
          </containerEntry>
        </property>
      </staticProperties>
      <dynamicProperties></dynamicProperties>
    </entity>
    <entity class="StaticModelArray" classVersion="4" classID="0xD0" addr="0x2F00320" id="0x0">
      <staticProperties>
        <property name="name" type="String" container="StaticArray" arraySize="1">
          <containerEntry>StaticModelArray0000</containerEntry>
        </property>
        <property name="dataSet" type="EntityHandle" container="StaticArray" arraySize="1">
          <containerEntry>0x2F04370</containerEntry>
        </property>
        <property name="modelFile" type="FilePtr" container="StaticArray" arraySize="1">
          <containerEntry>/Assets/tpp/environ/object/middle_africa/cliff/mafr_clff003/scenes/mafr_clff003_vrtn001.fmdl</containerEntry>
        </property>
        <property name="geomFile" type="FilePtr" container="StaticArray" arraySize="1">
          <containerEntry>/Assets/tpp/environ/object/middle_africa/cliff/mafr_clff003/scenes/mafr_clff003_vrtn001.geom</containerEntry>
        </property>
        <property name="isVisibleGeom" type="Bool" container="StaticArray" arraySize="1">
          <containerEntry>false</containerEntry>
        </property>
        <property name="lodFarSize" type="Float" container="StaticArray" arraySize="1">
          <containerEntry>-1</containerEntry>
        </property>
        <property name="lodNearSize" type="Float" container="StaticArray" arraySize="1">
          <containerEntry>-1</containerEntry>
        </property>
        <property name="lodPolygonSize" type="Float" container="StaticArray" arraySize="1">
          <containerEntry>-1</containerEntry>
        </property>
        <property name="drawRejectionLevel" type="Int32" container="StaticArray" arraySize="1">
          <containerEntry>8</containerEntry>
        </property>
        <property name="drawMode" type="Int32" container="StaticArray" arraySize="1">
          <containerEntry>0</containerEntry>
        </property>
        <property name="rejectFarRangeShadowCast" type="Int32" container="StaticArray" arraySize="1">
          <containerEntry>2</containerEntry>
        </property>
        <property name="parentLocator" type="EntityLink" container="StaticArray" arraySize="1">
          <containerEntry packagePathHash="0xB8A0BF169F98" archivePathHash="0xB8A0BF169F98" nameInArchiveHash="0xB8A0BF169F98">0x0</containerEntry>
        </property>
        <property name="transforms" type="Matrix4" container="DynamicArray" arraySize="10">
          <containerEntry r11="0.6861084" r12="-0.08940264" r13="-0.72198606" r14="0" r21="-0.6497283" r22="0.37115067" r23="-0.6633998" r24="0" r31="0.32727498" r32="0.9242591" r33="0.19656232" r34="0" r41="1617.4865" r42="-7.393319" r43="1272.6663" r44="1"></containerEntry>
          <containerEntry r11="-0.37910557" r12="0.08683048" r13="0.64127886" r14="0" r21="0.5099425" r22="0.49765983" r23="0.23407947" r24="0" r31="-0.3984179" r32="0.5543419" r33="-0.31059203" r34="0" r41="1598.8024" r42="-6.971633" r43="1268.6019" r44="1"></containerEntry>
          <containerEntry r11="0.07593591" r12="-0.07224056" r13="-0.7426411" r14="0" r21="-0.6362959" r22="0.38359728" r23="-0.10237706" r24="0" r31="0.38969484" r32="0.6404177" r33="-0.022450313" r34="0" r41="1587.7716" r42="-10.075047" r43="1272.4618" r44="1"></containerEntry>
          <containerEntry r11="0.5967071" r12="-0.013487432" r13="0.4541569" r14="0" r21="0.3554525" r22="0.48080948" r23="-0.45274204" r24="0" r31="-0.2830087" r32="0.57544756" r33="0.3889288" r34="0" r41="1630.501" r42="-6.165897" r43="1268.7201" r44="1"></containerEntry>
          <containerEntry r11="-0.7469193" r12="-0.06709652" r13="-0.010349451" r14="0" r21="-0.05872024" r22="0.5811025" r23="0.4705013" r24="0" r31="-0.03407327" r32="0.46938005" r33="-0.5839684" r34="0" r41="1630.501" r42="-8.029035" r43="1256.2783" r44="1"></containerEntry>
          <containerEntry r11="-0.61223495" r12="-0.019032106" r13="0.43278542" r14="0" r21="0.2693023" r22="0.5701817" r23="0.40604025" r24="0" r31="-0.33932537" r32="0.48685747" r33="-0.4586126" r34="0" r41="1616.2708" r42="-8.16746" r43="1264.7189" r44="1"></containerEntry>
          <containerEntry r11="0.7220085" r12="0.01798335" r13="0.20218863" r14="0" r21="0.116532266" r22="0.57495904" r23="-0.46727073" r24="0" r31="-0.1662043" r32="0.48124665" r33="0.55070627" r34="0" r41="1624.5021" r42="-4.480386" r43="1277.3115" r44="1"></containerEntry>
          <containerEntry r11="-0.60574883" r12="-0.21990949" r13="0.3836757" r14="0" r21="0.14439069" r22="0.5166826" r23="0.52410895" r24="0" r31="-0.4179935" r32="0.49717075" r33="-0.37496912" r34="0" r41="1575.9474" r42="-10.146772" r43="1245.3783" r44="1"></containerEntry>
          <containerEntry r11="0.9292793" r12="-0.18843956" r13="-0.317695" r14="0" r21="-0.102861986" r22="0.69404393" r23="-0.7125454" r24="0" r31="0.3547661" r32="0.69483244" r33="0.6255774" r34="0" r41="1655.3381" r42="-6.286388" r43="1272.8923" r44="1"></containerEntry>
          <containerEntry r11="0.541503" r12="-0.006570205" r13="0.5188743" r14="0" r21="0.35633355" r22="0.5498787" r23="-0.36490962" r24="0" r31="-0.37722683" r32="0.5099897" r33="0.40013635" r34="0" r41="1645.2028" r42="-4.657447" r43="1272.8923" r44="1"></containerEntry>
        </property>
        <property name="colors" type="UInt32" container="DynamicArray" arraySize="10">
          <containerEntry>4294967295</containerEntry>
          <containerEntry>4294967295</containerEntry>
          <containerEntry>4294967295</containerEntry>
          <containerEntry>4294967295</containerEntry>
          <containerEntry>4294967295</containerEntry>
          <containerEntry>4294967295</containerEntry>
          <containerEntry>4294967295</containerEntry>
          <containerEntry>4294967295</containerEntry>
          <containerEntry>4294967295</containerEntry>
          <containerEntry>4294967295</containerEntry>
        </property>
      </staticProperties>
      <dynamicProperties></dynamicProperties>
    </entity>
    <entity class="StaticModelArray" classVersion="4" classID="0xD0" addr="0x2F00400" id="0x0">
      <staticProperties>
        <property name="name" type="String" container="StaticArray" arraySize="1">
          <containerEntry>StaticModelArray0001</containerEntry>
        </property>
        <property name="dataSet" type="EntityHandle" container="StaticArray" arraySize="1">
          <containerEntry>0x2F04370</containerEntry>
        </property>
        <property name="modelFile" type="FilePtr" container="StaticArray" arraySize="1">
          <containerEntry>/Assets/tpp/environ/object/middle_africa/rock/mafr_rock010/scenes/mafr_rock010.fmdl</containerEntry>
        </property>
        <property name="geomFile" type="FilePtr" container="StaticArray" arraySize="1">
          <containerEntry>/Assets/tpp/environ/object/middle_africa/rock/mafr_rock010/scenes/mafr_rock010.geom</containerEntry>
        </property>
        <property name="isVisibleGeom" type="Bool" container="StaticArray" arraySize="1">
          <containerEntry>false</containerEntry>
        </property>
        <property name="lodFarSize" type="Float" container="StaticArray" arraySize="1">
          <containerEntry>-1</containerEntry>
        </property>
        <property name="lodNearSize" type="Float" container="StaticArray" arraySize="1">
          <containerEntry>-1</containerEntry>
        </property>
        <property name="lodPolygonSize" type="Float" container="StaticArray" arraySize="1">
          <containerEntry>-1</containerEntry>
        </property>
        <property name="drawRejectionLevel" type="Int32" container="StaticArray" arraySize="1">
          <containerEntry>5</containerEntry>
        </property>
        <property name="drawMode" type="Int32" container="StaticArray" arraySize="1">
          <containerEntry>0</containerEntry>
        </property>
        <property name="rejectFarRangeShadowCast" type="Int32" container="StaticArray" arraySize="1">
          <containerEntry>2</containerEntry>
        </property>
        <property name="parentLocator" type="EntityLink" container="StaticArray" arraySize="1">
          <containerEntry packagePathHash="0xB8A0BF169F98" archivePathHash="0xB8A0BF169F98" nameInArchiveHash="0xB8A0BF169F98">0x0</containerEntry>
        </property>
        <property name="transforms" type="Matrix4" container="DynamicArray" arraySize="16">
          <containerEntry r11="-0.8338218" r12="-0.20261082" r13="-0.51349723" r14="0" r21="-0.21926177" r22="0.975242" r23="-0.028761676" r24="0" r31="0.506612" r32="0.088608325" r33="-0.8576037" r34="0" r41="1648.0114" r42="-4.167017" r43="1188.1" r44="1"></containerEntry>
          <containerEntry r11="-0.9093289" r12="0.19928433" r13="0.36523318" r14="0" r21="0.057426997" r22="0.92954296" r23="-0.36421406" r24="0" r31="-0.41208214" r32="-0.31021672" r33="-0.8567045" r34="0" r41="1649.5448" r42="-5.884695" r43="1185.386" r44="1"></containerEntry>
          <containerEntry r11="0.5590903" r12="0.018733492" r13="0.21694955" r14="0" r21="0.0045212065" r22="0.59664804" r23="-0.06317168" r24="0" r31="-0.21770957" r32="0.060499135" r33="0.55582476" r34="0" r41="1636.3488" r42="4.390414" r43="1197.7798" r44="1"></containerEntry>
          <containerEntry r11="-0.035405725" r12="0.3268216" r13="0.5019294" r14="0" r21="-0.09902652" r22="0.49269253" r23="-0.3277925" r24="0" r31="-0.5907098" r32="-0.1021831" r33="0.024866356" r34="0" r41="1615.6744" r42="-1.647555" r43="1177.9303" r44="1"></containerEntry>
          <containerEntry r11="0.9181764" r12="-0.27359134" r13="0.28652343" r14="0" r21="0.23019443" r22="0.95705986" r23="0.17619552" r24="0" r31="-0.3224263" r32="-0.09582258" r33="0.9417309" r34="0" r41="1652.0555" r42="-4.48234" r43="1190.1881" r44="1"></containerEntry>
          <containerEntry r11="-0.5255085" r12="0.618521" r13="-0.5841832" r14="0" r21="0.834101" r22="0.50987285" r23="-0.21048257" r24="0" r31="0.1676717" r32="-0.5978801" r33="-0.7838539" r34="0" r41="1654.7512" r42="-6.501995" r43="1188.8739" r44="1"></containerEntry>
          <containerEntry r11="-0.72729915" r12="-0.31960016" r13="0.6073659" r14="0" r21="-0.018539023" r22="0.89378256" r23="0.44811508" r24="0" r31="-0.686072" r32="0.314654" r33="-0.65597373" r34="0" r41="1648.965" r42="-4.710915" r43="1192.5001" r44="1"></containerEntry>
          <containerEntry r11="0.6201892" r12="0.20216599" r13="-0.7579517" r14="0" r21="0.32168332" r22="0.8156987" r23="0.4807845" r24="0" r31="0.71546" r32="-0.5419988" r33="0.44085497" r34="0" r41="1653.3668" r42="-6.056303" r43="1193.4288" r44="1"></containerEntry>
          <containerEntry r11="0.56779385" r12="0.028427368" r13="-0.1918354" r14="0" r21="-0.07111144" r22="0.58269674" r23="-0.12412773" r24="0" r31="0.18042205" r32="0.14020109" r33="0.55478853" r34="0" r41="1614.39" r42="-1.582291" r43="1183.0591" r44="1"></containerEntry>
          <containerEntry r11="-0.48474544" r12="-0.25711" r13="0.83601147" r14="0" r21="0.13274227" r22="0.9231206" r23="0.36086807" r24="0" r31="-0.86452395" r32="0.2859036" r33="-0.41335005" r34="0" r41="1636.3508" r42="-3.979459" r43="1209.6023" r44="1"></containerEntry>
          <containerEntry r11="0.8024258" r12="-0.15059394" r13="0.5774326" r14="0" r21="-0.15841416" r22="0.8791605" r23="0.4494238" r24="0" r31="-0.5753364" r32="-0.45210275" r33="0.6816049" r34="0" r41="1632.7949" r42="0.755077" r43="1201.1754" r44="1"></containerEntry>
          <containerEntry r11="0.4850389" r12="0.6559932" r13="0.5782754" r14="0" r21="-0.101097316" r22="0.6989028" r23="-0.7080356" r24="0" r31="-0.8686257" r32="0.28496313" r33="0.40531453" r34="0" r41="1636.0103" r42="1.925009" r43="1196.1265" r44="1"></containerEntry>
          <containerEntry r11="0.51595086" r12="-0.3573817" r13="-0.7785029" r14="0" r21="-0.3717559" r22="0.7253527" r23="-0.5793624" r24="0" r31="0.7717434" r32="0.5883361" r33="0.24138783" r34="0" r41="1633.8716" r42="-1.44353" r43="1195.2211" r44="1"></containerEntry>
          <containerEntry r11="0.5980837" r12="0.13279203" r13="0.7903517" r14="0" r21="-0.088714294" r22="0.99108636" r23="-0.09938586" r24="0" r31="-0.7965052" r32="-0.010674492" r33="0.60453373" r34="0" r41="1608.6422" r42="-3.461708" r43="1193.18" r44="1"></containerEntry>
          <containerEntry r11="0.1474257" r12="0.2491616" r13="-0.95717186" r14="0" r21="-0.08751554" r22="0.96723974" r23="0.238303" r24="0" r31="0.9851916" r32="0.048635527" r33="0.16440168" r34="0" r41="1622.0714" r42="-2.399823" r43="1198.9852" r44="1"></containerEntry>
          <containerEntry r11="0.57533455" r12="0.2491015" r13="-0.77906126" r14="0" r21="-0.38527897" r22="0.92273915" r23="0.010514473" r24="0" r31="0.72149086" r32="0.29410726" r33="0.6268586" r34="0" r41="1627.4114" r42="-2.961185" r43="1206.9844" r44="1"></containerEntry>
        </property>
        <property name="colors" type="UInt32" container="DynamicArray" arraySize="16">
          <containerEntry>4294967295</containerEntry>
          <containerEntry>4294967295</containerEntry>
          <containerEntry>4294967295</containerEntry>
          <containerEntry>4294967295</containerEntry>
          <containerEntry>4294967295</containerEntry>
          <containerEntry>4294967295</containerEntry>
          <containerEntry>4294967295</containerEntry>
          <containerEntry>4294967295</containerEntry>
          <containerEntry>4294967295</containerEntry>
          <containerEntry>4294967295</containerEntry>
          <containerEntry>4294967295</containerEntry>
          <containerEntry>4294967295</containerEntry>
          <containerEntry>4294967295</containerEntry>
          <containerEntry>4294967295</containerEntry>
          <containerEntry>4294967295</containerEntry>
          <containerEntry>4294967295</containerEntry>
        </property>
      </staticProperties>
      <dynamicProperties></dynamicProperties>
    </entity>
    <entity class="StaticModelArray" classVersion="4" classID="0xD0" addr="0x2F00390" id="0x0">
      <staticProperties>
        <property name="name" type="String" container="StaticArray" arraySize="1">
          <containerEntry>StaticModelArray0002</containerEntry>
        </property>
        <property name="dataSet" type="EntityHandle" container="StaticArray" arraySize="1">
          <containerEntry>0x2F04370</containerEntry>
        </property>
        <property name="modelFile" type="FilePtr" container="StaticArray" arraySize="1">
          <containerEntry>/Assets/tpp/environ/object/middle_africa/rock/mafr_rock002/scenes/mafr_rock002.fmdl</containerEntry>
        </property>
        <property name="geomFile" type="FilePtr" container="StaticArray" arraySize="1">
          <containerEntry>/Assets/tpp/environ/object/middle_africa/rock/mafr_rock002/scenes/mafr_rock002.geom</containerEntry>
        </property>
        <property name="isVisibleGeom" type="Bool" container="StaticArray" arraySize="1">
          <containerEntry>false</containerEntry>
        </property>
        <property name="lodFarSize" type="Float" container="StaticArray" arraySize="1">
          <containerEntry>-1</containerEntry>
        </property>
        <property name="lodNearSize" type="Float" container="StaticArray" arraySize="1">
          <containerEntry>-1</containerEntry>
        </property>
        <property name="lodPolygonSize" type="Float" container="StaticArray" arraySize="1">
          <containerEntry>-1</containerEntry>
        </property>
        <property name="drawRejectionLevel" type="Int32" container="StaticArray" arraySize="1">
          <containerEntry>8</containerEntry>
        </property>
        <property name="drawMode" type="Int32" container="StaticArray" arraySize="1">
          <containerEntry>0</containerEntry>
        </property>
        <property name="rejectFarRangeShadowCast" type="Int32" container="StaticArray" arraySize="1">
          <containerEntry>2</containerEntry>
        </property>
        <property name="parentLocator" type="EntityLink" container="StaticArray" arraySize="1">
          <containerEntry packagePathHash="0xB8A0BF169F98" archivePathHash="0xB8A0BF169F98" nameInArchiveHash="0xB8A0BF169F98">0x0</containerEntry>
        </property>
        <property name="transforms" type="Matrix4" container="DynamicArray" arraySize="10">
          <containerEntry r11="-0.8607638" r12="-0.05554977" r13="0.50596577" r14="0" r21="-0.048277006" r22="0.99845564" r23="0.027489746" r24="0" r31="-0.5067114" r32="-0.00076432974" r33="-0.8621162" r34="0" r41="1621.2942" r42="-2.325821" r43="1274.279" r44="1"></containerEntry>
          <containerEntry r11="0.9342062" r12="0.044186395" r13="-0.353989" r14="0" r21="-0.047270216" r22="0.9988822" r23="-6.531924e-05" r24="0" r31="0.35359043" r32="0.016794175" r33="0.9352506" r34="0" r41="1598.0946" r42="-5.79536" r43="1263.1996" r44="1"></containerEntry>
          <containerEntry r11="-0.8806899" r12="-0.21786945" r13="-0.42061904" r14="0" r21="-0.19113798" r22="0.9759001" r23="-0.10528663" r24="0" r31="0.4334209" r32="-0.012328596" r33="-0.9011085" r34="0" r41="1626.7825" r42="-2.828891" r43="1270.3773" r44="1"></containerEntry>
          <containerEntry r11="-0.39210695" r12="0.01650916" r13="0.9197707" r14="0" r21="0.015905" r22="0.9998111" r23="-0.01116533" r24="0" r31="-0.9197813" r32="0.010250948" r33="-0.3922955" r34="0" r41="1594.7551" r42="-4.57507" r43="1270.3773" r44="1"></containerEntry>
          <containerEntry r11="0.12670548" r12="0.01650966" r13="0.9918031" r14="0" r21="0.0080769155" r22="0.9998112" r23="-0.017674789" r24="0" r31="-0.99190766" r32="0.010250195" r33="0.12654823" r34="0" r41="1591.128" r42="-5.958989" r43="1273.5211" r44="1"></containerEntry>
          <containerEntry r11="0.9161178" r12="0.07560709" r13="0.3937176" r14="0" r21="-0.03390302" r22="0.9931487" r23="-0.11183111" r24="0" r31="-0.39947534" r32="0.08910223" r33="0.91240454" r34="0" r41="1652.9025" r42="-2.628965" r43="1267.3905" r44="1"></containerEntry>
          <containerEntry r11="0.9161178" r12="0.07560709" r13="0.3937176" r14="0" r21="-0.03390302" r22="0.9931487" r23="-0.11183111" r24="0" r31="-0.39947534" r32="0.08910223" r33="0.91240454" r34="0" r41="1625.9951" r42="-4.796886" r43="1259.6299" r44="1"></containerEntry>
          <containerEntry r11="-0.43888348" r12="0.044186812" r13="-0.8974584" r14="0" r21="0.004308082" r22="0.9988821" r23="0.0470737" r24="0" r31="0.8985352" r32="0.016793529" r33="-0.43858325" r34="0" r41="1594.5594" r42="-7.542383" r43="1245.3253" r44="1"></containerEntry>
          <containerEntry r11="0.96021706" r12="0.016508773" r13="-0.27876955" r14="0" r21="-0.01871134" r22="0.9998112" r23="-0.005241926" r24="0" r31="0.27863038" r32="0.010249541" r33="0.9603446" r34="0" r41="1582.6515" r42="-7.67824" r43="1256.9102" r44="1"></containerEntry>
          <containerEntry r11="-0.9789545" r12="0.07560747" r13="-0.18954869" r14="0" r21="0.05694557" r22="0.9931487" r23="0.10204331" r24="0" r31="0.19596529" r32="0.08910203" r33="-0.9765529" r34="0" r41="1657.7299" r42="-3.049788" r43="1266.0514" r44="1"></containerEntry>
        </property>
        <property name="colors" type="UInt32" container="DynamicArray" arraySize="10">
          <containerEntry>4294967295</containerEntry>
          <containerEntry>4294967295</containerEntry>
          <containerEntry>4294967295</containerEntry>
          <containerEntry>4294967295</containerEntry>
          <containerEntry>4294967295</containerEntry>
          <containerEntry>4294967295</containerEntry>
          <containerEntry>4294967295</containerEntry>
          <containerEntry>4294967295</containerEntry>
          <containerEntry>4294967295</containerEntry>
          <containerEntry>4294967295</containerEntry>
        </property>
      </staticProperties>
      <dynamicProperties></dynamicProperties>
    </entity>
    <entity class="StaticModelArray" classVersion="4" classID="0xD0" addr="0x2F00470" id="0x0">
      <staticProperties>
        <property name="name" type="String" container="StaticArray" arraySize="1">
          <containerEntry>StaticModelArray0003</containerEntry>
        </property>
        <property name="dataSet" type="EntityHandle" container="StaticArray" arraySize="1">
          <containerEntry>0x2F04370</containerEntry>
        </property>
        <property name="modelFile" type="FilePtr" container="StaticArray" arraySize="1">
          <containerEntry>/Assets/tpp/environ/object/middle_africa/rock/mafr_rock010/scenes/mafr_rock010.fmdl</containerEntry>
        </property>
        <property name="geomFile" type="FilePtr" container="StaticArray" arraySize="1">
          <containerEntry>/Assets/tpp/environ/object/middle_africa/rock/mafr_rock010/scenes/mafr_rock010.geom</containerEntry>
        </property>
        <property name="isVisibleGeom" type="Bool" container="StaticArray" arraySize="1">
          <containerEntry>false</containerEntry>
        </property>
        <property name="lodFarSize" type="Float" container="StaticArray" arraySize="1">
          <containerEntry>-1</containerEntry>
        </property>
        <property name="lodNearSize" type="Float" container="StaticArray" arraySize="1">
          <containerEntry>-1</containerEntry>
        </property>
        <property name="lodPolygonSize" type="Float" container="StaticArray" arraySize="1">
          <containerEntry>-1</containerEntry>
        </property>
        <property name="drawRejectionLevel" type="Int32" container="StaticArray" arraySize="1">
          <containerEntry>4</containerEntry>
        </property>
        <property name="drawMode" type="Int32" container="StaticArray" arraySize="1">
          <containerEntry>0</containerEntry>
        </property>
        <property name="rejectFarRangeShadowCast" type="Int32" container="StaticArray" arraySize="1">
          <containerEntry>2</containerEntry>
        </property>
        <property name="parentLocator" type="EntityLink" container="StaticArray" arraySize="1">
          <containerEntry packagePathHash="0xB8A0BF169F98" archivePathHash="0xB8A0BF169F98" nameInArchiveHash="0xB8A0BF169F98">0x0</containerEntry>
        </property>
        <property name="transforms" type="Matrix4" container="DynamicArray" arraySize="6">
          <containerEntry r11="0.7559826" r12="0.047821008" r13="-0.6528444" r14="0" r21="-0.10232877" r22="0.9937" r23="-0.045706287" r24="0" r31="0.6465459" r32="0.10135787" r33="0.7561134" r34="0" r41="1574.5472" r42="-8.889488" r43="1244.8705" r44="1"></containerEntry>
          <containerEntry r11="-0.46930394" r12="0.033834565" r13="0.88239104" r14="0" r21="-0.52547497" r22="0.79237866" r23="-0.30985892" r24="0" r31="-0.709672" r32="-0.60909146" r33="-0.35408756" r34="0" r41="1572.7482" r42="-10.11095" r43="1241.5668" r44="1"></containerEntry>
          <containerEntry r11="-0.49048102" r12="-0.1029397" r13="-0.86535287" r14="0" r21="-0.011271276" r22="0.99366516" r23="-0.11181487" r24="0" r31="0.87138116" r32="-0.04508935" r33="-0.48853415" r34="0" r41="1576.8182" r42="-8.889488" r43="1240.5922" r44="1"></containerEntry>
          <containerEntry r11="0.446016" r12="-0.24848859" r13="-0.85983956" r14="0" r21="-0.19797422" r22="0.9095007" r23="-0.3655331" r24="0" r31="0.87285554" r32="0.33325967" r33="0.35645756" r34="0" r41="1590.2382" r42="-8.889488" r43="1239.5663" r44="1"></containerEntry>
          <containerEntry r11="0.10554452" r12="-0.029109744" r13="-0.993988" r14="0" r21="0.14827338" r22="0.9888581" r23="-0.013215594" r24="0" r31="0.98329777" r32="-0.14598735" r33="0.10868476" r34="0" r41="1592.2512" r42="-7.633582" r43="1252.4431" r44="1"></containerEntry>
          <containerEntry r11="-0.9605018" r12="-0.19302537" r13="0.20046037" r14="0" r21="-0.15868978" r22="0.9716498" r23="0.17525502" r24="0" r31="-0.22860593" r32="0.13652137" r33="-0.96390253" r34="0" r41="1596.0508" r42="-4.702566" r43="1274.4192" r44="1"></containerEntry>
        </property>
        <property name="colors" type="UInt32" container="DynamicArray" arraySize="6">
          <containerEntry>4294967295</containerEntry>
          <containerEntry>4294967295</containerEntry>
          <containerEntry>4294967295</containerEntry>
          <containerEntry>4294967295</containerEntry>
          <containerEntry>4294967295</containerEntry>
          <containerEntry>4294967295</containerEntry>
        </property>
      </staticProperties>
      <dynamicProperties></dynamicProperties>
    </entity>
    <entity class="StaticModelArray" classVersion="4" classID="0xD0" addr="0x2F002B0" id="0x0">
      <staticProperties>
        <property name="name" type="String" container="StaticArray" arraySize="1">
          <containerEntry>StaticModelArray0004</containerEntry>
        </property>
        <property name="dataSet" type="EntityHandle" container="StaticArray" arraySize="1">
          <containerEntry>0x2F04370</containerEntry>
        </property>
        <property name="modelFile" type="FilePtr" container="StaticArray" arraySize="1">
          <containerEntry>/Assets/tpp/environ/object/middle_africa/cliff/mafr_clff003/scenes/mafr_clff003_vrtn001.fmdl</containerEntry>
        </property>
        <property name="geomFile" type="FilePtr" container="StaticArray" arraySize="1">
          <containerEntry>/Assets/tpp/environ/object/middle_africa/cliff/mafr_clff003/scenes/mafr_clff003_vrtn001.geom</containerEntry>
        </property>
        <property name="isVisibleGeom" type="Bool" container="StaticArray" arraySize="1">
          <containerEntry>false</containerEntry>
        </property>
        <property name="lodFarSize" type="Float" container="StaticArray" arraySize="1">
          <containerEntry>-1</containerEntry>
        </property>
        <property name="lodNearSize" type="Float" container="StaticArray" arraySize="1">
          <containerEntry>-1</containerEntry>
        </property>
        <property name="lodPolygonSize" type="Float" container="StaticArray" arraySize="1">
          <containerEntry>-1</containerEntry>
        </property>
        <property name="drawRejectionLevel" type="Int32" container="StaticArray" arraySize="1">
          <containerEntry>5</containerEntry>
        </property>
        <property name="drawMode" type="Int32" container="StaticArray" arraySize="1">
          <containerEntry>0</containerEntry>
        </property>
        <property name="rejectFarRangeShadowCast" type="Int32" container="StaticArray" arraySize="1">
          <containerEntry>2</containerEntry>
        </property>
        <property name="parentLocator" type="EntityLink" container="StaticArray" arraySize="1">
          <containerEntry packagePathHash="0xB8A0BF169F98" archivePathHash="0xB8A0BF169F98" nameInArchiveHash="0xB8A0BF169F98">0x0</containerEntry>
        </property>
        <property name="transforms" type="Matrix4" container="DynamicArray" arraySize="33">
          <containerEntry r11="0.6351264" r12="-0.0041750893" r13="-0.2942737" r14="0" r21="-0.19751294" r22="0.5128446" r23="-0.43356565" r24="0" r31="0.21818131" r32="0.47641695" r33="0.4641379" r34="0" r41="1595.8582" r42="-10.885952" r43="1163.3915" r44="1"></containerEntry>
          <containerEntry r11="-0.96460515" r12="-0.0026511827" r13="-0.26368773" r14="0" r21="-0.18301415" r22="0.7266474" r23="0.662185" r24="0" r31="0.18985237" r32="0.6870066" r33="-0.7014127" r34="0" r41="1604.4219" r42="-10.59827" r43="1223.9984" r44="1"></containerEntry>
          <containerEntry r11="-0.8078929" r12="-0.1537955" r13="0.5689081" r14="0" r21="0.16768076" r22="0.86545986" r23="0.47208312" r24="0" r31="-0.5649713" r32="0.47678742" r33="-0.67341036" r34="0" r41="1593.5474" r42="-11.329847" r43="1180.1954" r44="1"></containerEntry>
          <containerEntry r11="-0.6160482" r12="-0.028668657" r13="-0.42680374" r14="0" r21="-0.26582903" r22="0.61193556" r23="0.34259295" r24="0" r31="0.3351397" r32="0.43268013" r33="-0.51280385" r34="0" r41="1604.4282" r42="-10.204409" r43="1169.1049" r44="1"></containerEntry>
          <containerEntry r11="-0.91458035" r12="-0.36867762" r13="-0.16621514" r14="0" r21="-0.39002255" r22="0.69542587" r23="0.6035444" r24="0" r31="-0.10692275" r32="0.6168163" r33="-0.7798159" r34="0" r41="1609.4503" r42="-7.287926" r43="1213.7186" r44="1"></containerEntry>
          <containerEntry r11="-0.15757169" r12="-0.02214475" r13="-0.7329277" r14="0" r21="-0.5755112" r22="0.46827266" r23="0.10958004" r24="0" r31="0.45437735" r32="0.58543193" r33="-0.115374774" r34="0" r41="1598.7854" r42="-10.487134" r43="1214.7119" r44="1"></containerEntry>
          <containerEntry r11="0.7420794" r12="0.002697643" r13="0.10867824" r14="0" r21="0.060190856" r22="0.6141623" r23="-0.42624128" r24="0" r31="-0.090527885" r32="0.43046173" r33="0.6074597" r34="0" r41="1601.2743" r42="-10.51933" r43="1229.5751" r44="1"></containerEntry>
          <containerEntry r11="0.7455549" r12="-0.031269588" r13="0.07529968" r14="0" r21="0.0657743" r22="0.63998556" r23="-0.38547653" r24="0" r31="-0.048182666" r32="0.3897956" r33="0.63893485" r34="0" r41="1624.3539" r42="-8.317533" r43="1229.5751" r44="1"></containerEntry>
          <containerEntry r11="-0.38929406" r12="-0.0721806" r13="0.6369786" r14="0" r21="0.43988237" r22="0.51202273" r23="0.32685816" r24="0" r31="-0.4663205" r32="0.5432527" r33="-0.22343528" r34="0" r41="1641.0435" r42="-7.551661" r43="1219.8932" r44="1"></containerEntry>
          <containerEntry r11="0.69100976" r12="-0.114120916" r13="-0.2682945" r14="0" r21="-0.120232806" r22="0.51720446" r23="-0.52966356" r24="0" r31="0.26561177" r32="0.53101397" r33="0.45822966" r34="0" r41="1656.3606" r42="-7.420781" r43="1205.98" r44="1"></containerEntry>
          <containerEntry r11="0.022304187" r12="-0.028668908" r13="-0.7491185" r14="0" r21="-0.4321088" r22="0.61193573" r23="-0.03628423" r24="0" r31="0.61260337" r32="0.43268022" r33="0.0016808934" r34="0" r41="1617.164" r42="-11.825209" r43="1163.7089" r44="1"></containerEntry>
          <containerEntry r11="0.652826" r12="-0.028896756" r13="0.36808044" r14="0" r21="0.33183956" r22="0.37371808" r23="-0.5592101" r24="0" r31="-0.16186532" r32="0.64961404" r33="0.33808258" r34="0" r41="1619.599" r42="-11.049591" r43="1171.4604" r44="1"></containerEntry>
          <containerEntry r11="0.745959" r12="0.040159933" r13="-0.06657603" r14="0" r21="-0.07767301" r22="0.3562178" r23="-0.655419" r24="0" r31="-0.003474719" r32="0.6587825" r33="0.35845762" r34="0" r41="1643.8018" r42="-8.380776" r43="1186.3851" r44="1"></containerEntry>
          <containerEntry r11="-0.78988916" r12="-0.15576705" r13="-0.59313077" r14="0" r21="-0.42938375" r22="0.83103055" r23="0.3535786" r24="0" r31="0.43783388" r32="0.5339685" r33="-0.7233059" r34="0" r41="1651.7731" r42="-13.31529" r43="1173.9237" r44="1"></containerEntry>
          <containerEntry r11="0.38459793" r12="-0.037825562" r13="0.6427705" r14="0" r21="0.3682459" r22="0.62709385" r23="-0.18343492" r24="0" r31="-0.52818537" r32="0.4096616" r33="0.34014407" r34="0" r41="1591.9552" r42="-10.416862" r43="1199.6873" r44="1"></containerEntry>
          <containerEntry r11="0.08007109" r12="-0.06669704" r13="-0.74272555" r14="0" r21="-0.6188899" r22="0.41078004" r23="-0.10360868" r24="0" r31="0.41600952" r32="0.6239488" r33="-0.0111819655" r34="0" r41="1598.9174" r42="-9.506041" r43="1192.0586" r44="1"></containerEntry>
          <containerEntry r11="0.6353248" r12="0.052830398" r13="-0.3950589" r14="0" r21="-0.2980238" r22="0.5565811" r23="-0.40484518" r24="0" r31="0.26465905" r32="0.4999267" r33="0.49247262" r34="0" r41="1605.7861" r42="-8.462088" r43="1208.0505" r44="1"></containerEntry>
          <containerEntry r11="0.43012863" r12="-0.011934818" r13="-0.614287" r14="0" r21="-0.34185892" r22="0.6184148" r23="-0.2513875" r24="0" r31="0.5105127" r32="0.42417127" r33="0.34922388" r34="0" r41="1619.4988" r42="-7.484631" r43="1218.839" r44="1"></containerEntry>
          <containerEntry r11="0.7308911" r12="-0.16737561" r13="0.016842015" r14="0" r21="0.15218958" r22="0.6259242" r23="-0.3841319" r24="0" r31="0.07166993" r32="0.37776238" r33="0.6439403" r34="0" r41="1634.6799" r42="-6.410721" r43="1212.586" r44="1"></containerEntry>
          <containerEntry r11="-0.5867142" r12="0.44677913" r13="0.13660061" r14="0" r21="0.32709593" r22="0.23624797" r23="0.6322158" r24="0" r31="0.33358505" r32="0.5541477" r33="-0.37966588" r34="0" r41="1642.7332" r42="-3.572387" r43="1198.7085" r44="1"></containerEntry>
          <containerEntry r11="0.9957235" r12="-0.057547994" r13="0.07226977" r14="0" r21="0.09063961" r22="0.75982916" r23="-0.64377344" r24="0" r31="-0.017864835" r32="0.64757085" r33="0.7617959" r34="0" r41="1629.5043" r42="-7.890044" r43="1221.1519" r44="1"></containerEntry>
          <containerEntry r11="-0.67390037" r12="-0.18838489" r13="-0.26994252" r14="0" r21="-0.3128075" r22="0.558027" r23="0.39148083" r24="0" r31="0.10251483" r32="0.46434572" r33="-0.57997704" r34="0" r41="1590.7715" r42="-10.870685" r43="1185.0592" r44="1"></containerEntry>
          <containerEntry r11="-0.38672143" r12="-0.057308543" r13="0.5806581" r14="0" r21="0.3398017" r22="0.5441737" r23="0.28001744" r24="0" r31="-0.4743232" r32="0.4365676" r33="-0.27281442" r34="0" r41="1594.4893" r42="-10.451871" r43="1172.8593" r44="1"></containerEntry>
          <containerEntry r11="0.6357374" r12="-0.15007803" r13="-0.36853027" r14="0" r21="-0.17630705" r22="0.51647043" r23="-0.5144649" r24="0" r31="0.35672602" r32="0.5227181" r33="0.40250587" r34="0" r41="1607.3536" r42="-9.63443" r43="1177.4725" r44="1"></containerEntry>
          <containerEntry r11="-0.38959846" r12="-0.18888119" r13="0.6124028" r14="0" r21="0.22206932" r22="0.63249576" r23="0.3363545" r24="0" r31="-0.6011642" r32="0.356052" r33="-0.2726329" r34="0" r41="1597.0922" r42="-9.663156" r43="1201.7648" r44="1"></containerEntry>
          <containerEntry r11="0.669168" r12="-0.003332913" r13="0.33867854" r14="0" r21="0.15415108" r22="0.6707824" r23="-0.29797402" r24="0" r31="-0.301582" r32="0.33546978" r33="0.5991732" r34="0" r41="1626.2089" r42="-4.100244" r43="1204.3367" r44="1"></containerEntry>
          <containerEntry r11="-0.6559242" r12="0.08844297" r13="0.74962515" r14="0" r21="0.43974036" r22="0.8519539" r23="0.28425837" r24="0" r31="-0.61350536" r32="0.5160927" r33="-0.59770906" r34="0" r41="1635.8295" r42="-11.746555" r43="1176.9669" r44="1"></containerEntry>
          <containerEntry r11="-0.67298037" r12="-0.19965556" r13="-0.26406923" r14="0" r21="-0.32737365" r22="0.49029332" r23="0.4636149" r24="0" r31="0.049210668" r32="0.5312712" r33="-0.5270928" r34="0" r41="1648.9094" r42="-5.725719" r43="1190.0767" r44="1"></containerEntry>
          <containerEntry r11="0.3831701" r12="-0.35014507" r13="-0.5413681" r14="0" r21="-0.5032984" r22="0.2311496" r23="-0.50572824" r24="0" r31="0.40295327" r32="0.6216653" r33="-0.11687697" r34="0" r41="1614.5038" r42="-7.824655" r43="1177.4725" r44="1"></containerEntry>
          <containerEntry r11="0.26686472" r12="0.27154592" r13="-0.646178" r14="0" r21="-0.5654867" r22="0.491941" r23="-0.026809774" r24="0" r31="0.41413516" r32="0.49674627" r33="0.37978315" r34="0" r41="1610.1497" r42="-5.847369" r43="1197.7986" r44="1"></containerEntry>
          <containerEntry r11="0.60604024" r12="0.38593388" r13="0.2151049" r14="0" r21="-0.21185744" r22="0.5742537" r23="-0.43341538" r24="0" r31="-0.3877261" r32="0.28946066" r33="0.5730452" r34="0" r41="1613.8871" r42="-5.825747" r43="1182.1371" r44="1"></containerEntry>
          <containerEntry r11="0.44423896" r12="-0.33558413" r13="-0.5025284" r14="0" r21="-0.14220043" r22="0.54814243" r23="-0.49175075" r24="0" r31="0.58730793" r32="0.38655272" r33="0.26104802" r34="0" r41="1620.2695" r42="-5.514937" r43="1186.032" r44="1"></containerEntry>
          <containerEntry r11="-0.38692814" r12="0.059343033" r13="0.63973653" r14="0" r21="0.32595772" r22="0.6616784" r23="0.13576892" r24="0" r31="-0.5536572" r32="0.34808004" r33="-0.36715373" r34="0" r41="1626.8643" r42="-3.910188" r43="1194.8284" r44="1"></containerEntry>
        </property>
        <property name="colors" type="UInt32" container="DynamicArray" arraySize="33">
          <containerEntry>4294967295</containerEntry>
          <containerEntry>4294967295</containerEntry>
          <containerEntry>4294967295</containerEntry>
          <containerEntry>4294967295</containerEntry>
          <containerEntry>4294967295</containerEntry>
          <containerEntry>4294967295</containerEntry>
          <containerEntry>4294967295</containerEntry>
          <containerEntry>4294967295</containerEntry>
          <containerEntry>4294967295</containerEntry>
          <containerEntry>4294967295</containerEntry>
          <containerEntry>4294967295</containerEntry>
          <containerEntry>4294967295</containerEntry>
          <containerEntry>4294967295</containerEntry>
          <containerEntry>4294967295</containerEntry>
          <containerEntry>4294967295</containerEntry>
          <containerEntry>4294967295</containerEntry>
          <containerEntry>4294967295</containerEntry>
          <containerEntry>4294967295</containerEntry>
          <containerEntry>4294967295</containerEntry>
          <containerEntry>4294967295</containerEntry>
          <containerEntry>4294967295</containerEntry>
          <containerEntry>4294967295</containerEntry>
          <containerEntry>4294967295</containerEntry>
          <containerEntry>4294967295</containerEntry>
          <containerEntry>4294967295</containerEntry>
          <containerEntry>4294967295</containerEntry>
          <containerEntry>4294967295</containerEntry>
          <containerEntry>4294967295</containerEntry>
          <containerEntry>4294967295</containerEntry>
          <containerEntry>4294967295</containerEntry>
          <containerEntry>4294967295</containerEntry>
          <containerEntry>4294967295</containerEntry>
          <containerEntry>4294967295</containerEntry>
        </property>
      </staticProperties>
      <dynamicProperties></dynamicProperties>
    </entity>
    <entity class="StaticModelArray" classVersion="4" classID="0xD0" addr="0x2F000F0" id="0x0">
      <staticProperties>
        <property name="name" type="String" container="StaticArray" arraySize="1">
          <containerEntry>StaticModelArray0005</containerEntry>
        </property>
        <property name="dataSet" type="EntityHandle" container="StaticArray" arraySize="1">
          <containerEntry>0x2F04370</containerEntry>
        </property>
        <property name="modelFile" type="FilePtr" container="StaticArray" arraySize="1">
