<fox formatVersion="2" fileVersion="0">
  <entities>
    <entity class="DataSet" classVersion="0" classID="0xE8" addr="0x3353420" id="0x5C6D67">
      <staticProperties>
        <property name="name" type="String" container="StaticArray" arraySize="1">
          <containerEntry hash="0xB8A0BF169F98"></containerEntry>
        </property>
        <property name="dataSet" type="EntityHandle" container="StaticArray" arraySize="1">
          <containerEntry>0x0</containerEntry>
        </property>
        <property name="dataList" type="EntityPtr" container="StringMap" arraySize="12">
          <containerEntry key="afgh_rock010_0005">
            <data>0x3175DB0</data>
          </containerEntry>
          <containerEntry key="StaticModelArray0000">
            <data>0x317CB80</data>
          </containerEntry>
          <containerEntry key="StaticModelArray0001">
            <data>0x317CBF0</data>
          </containerEntry>
          <containerEntry key="StaticModelArray0002">
            <data>0x317CC60</data>
          </containerEntry>
          <containerEntry key="StaticModelArray0003">
            <data>0x317CB10</data>
          </containerEntry>
          <containerEntry key="StaticModelArray0004">
            <data>0x317C870</data>
          </containerEntry>
          <containerEntry key="StaticModelArray0005">
            <data>0x317C790</data>
          </containerEntry>
          <containerEntry key="StaticModelArray0006">
            <data>0x317C950</data>
          </containerEntry>
          <containerEntry key="StaticModelArray0007">
            <data>0x317C3A0</data>
          </containerEntry>
          <containerEntry key="StaticModelArray0008">
            <data>0x317C410</data>
          </containerEntry>
          <containerEntry key="StaticModelArray0009">
            <data>0x31799A0</data>
          </containerEntry>
          <containerEntry key="TexturePackLoadConditioner0000">
            <data>0x317CFE0</data>
          </containerEntry>
        </property>
      </staticProperties>
      <dynamicProperties></dynamicProperties>
    </entity>
    <entity class="StaticModel" classVersion="9" classID="0x160" addr="0x3175DB0" id="0x5C6E49">
      <staticProperties>
        <property name="name" type="String" container="StaticArray" arraySize="1">
          <containerEntry>afgh_rock010_0005</containerEntry>
        </property>
        <property name="dataSet" type="EntityHandle" container="StaticArray" arraySize="1">
          <containerEntry>0x3353420</containerEntry>
        </property>
        <property name="parent" type="EntityHandle" container="StaticArray" arraySize="1">
          <containerEntry>0x0</containerEntry>
        </property>
        <property name="transform" type="EntityPtr" container="StaticArray" arraySize="1">
          <containerEntry>0x3175E20</containerEntry>
        </property>
        <property name="shearTransform" type="EntityPtr" container="StaticArray" arraySize="1">
          <containerEntry>0x0</containerEntry>
        </property>
        <property name="pivotTransform" type="EntityPtr" container="StaticArray" arraySize="1">
          <containerEntry>0x0</containerEntry>
        </property>
        <property name="children" type="EntityHandle" container="List"></property>
        <property name="flags" type="UInt32" container="StaticArray" arraySize="1">
          <containerEntry>2147483655</containerEntry>
        </property>
        <property name="modelFile" type="FilePtr" container="StaticArray" arraySize="1">
          <containerEntry>/Assets/tpp/environ/object/afghanistan/rock/afgh_rock010/scenes/afgh_rock010.fmdl</containerEntry>
        </property>
        <property name="geomFile" type="FilePtr" container="StaticArray" arraySize="1">
          <containerEntry>/Assets/tpp/environ/object/afghanistan/rock/afgh_rock010/scenes/afgh_rock010.geom</containerEntry>
        </property>
        <property name="isVisibleGeom" type="Bool" container="StaticArray" arraySize="1">
          <containerEntry>false</containerEntry>
        </property>
        <property name="isIsolated" type="Bool" container="StaticArray" arraySize="1">
          <containerEntry>false</containerEntry>
        </property>
        <property name="lodFarSize" type="Float" container="StaticArray" arraySize="1">
          <containerEntry>-1</containerEntry>
        </property>
        <property name="lodNearSize" type="Float" container="StaticArray" arraySize="1">
          <containerEntry>-1</containerEntry>
        </property>
        <property name="lodPolygonSize" type="Float" container="StaticArray" arraySize="1">
          <containerEntry>-1</containerEntry>
        </property>
        <property name="color" type="Color" container="StaticArray" arraySize="1">
          <containerEntry r="1" g="1" b="1" a="1"></containerEntry>
        </property>
        <property name="drawRejectionLevel" type="Int32" container="StaticArray" arraySize="1">
          <containerEntry>8</containerEntry>
        </property>
        <property name="drawMode" type="Int32" container="StaticArray" arraySize="1">
          <containerEntry>0</containerEntry>
        </property>
        <property name="rejectFarRangeShadowCast" type="Int32" container="StaticArray" arraySize="1">
          <containerEntry>2</containerEntry>
        </property>
      </staticProperties>
      <dynamicProperties></dynamicProperties>
    </entity>
    <entity class="TransformEntity" classVersion="0" classID="0x50" addr="0x3175E20" id="0x5C6E4C">
      <staticProperties>
        <property name="owner" type="EntityHandle" container="StaticArray" arraySize="1">
          <containerEntry>0x3175DB0</containerEntry>
        </property>
        <property name="transform_scale" type="Vector3" container="StaticArray" arraySize="1">
          <containerEntry x="1" y="1" z="1" w="0"></containerEntry>
        </property>
        <property name="transform_rotation_quat" type="Quat" container="StaticArray" arraySize="1">
          <containerEntry x="-0.015457" y="-0.170615" z="-0.016247" w="0.985082"></containerEntry>
        </property>
        <property name="transform_translation" type="Vector3" container="StaticArray" arraySize="1">
          <containerEntry x="-1689.7611" y="531.63947" z="-2248.9922" w="0"></containerEntry>
        </property>
      </staticProperties>
      <dynamicProperties></dynamicProperties>
    </entity>
    <entity class="StaticModelArray" classVersion="4" classID="0xD0" addr="0x317CB80" id="0x0">
      <staticProperties>
        <property name="name" type="String" container="StaticArray" arraySize="1">
          <containerEntry>StaticModelArray0000</containerEntry>
        </property>
        <property name="dataSet" type="EntityHandle" container="StaticArray" arraySize="1">
          <containerEntry>0x3353420</containerEntry>
        </property>
        <property name="modelFile" type="FilePtr" container="StaticArray" arraySize="1">
          <containerEntry>/Assets/tpp/environ/object/afghanistan/cliff/afgh_clff022/scenes/afgh_clff022_vrtn001.fmdl</containerEntry>
        </property>
        <property name="geomFile" type="FilePtr" container="StaticArray" arraySize="1">
          <containerEntry>/Assets/tpp/environ/object/afghanistan/cliff/afgh_clff022/scenes/afgh_clff022_vrtn001.geom</containerEntry>
        </property>
        <property name="isVisibleGeom" type="Bool" container="StaticArray" arraySize="1">
          <containerEntry>false</containerEntry>
        </property>
        <property name="lodFarSize" type="Float" container="StaticArray" arraySize="1">
          <containerEntry>-1</containerEntry>
        </property>
        <property name="lodNearSize" type="Float" container="StaticArray" arraySize="1">
          <containerEntry>-1</containerEntry>
        </property>
        <property name="lodPolygonSize" type="Float" container="StaticArray" arraySize="1">
          <containerEntry>-1</containerEntry>
        </property>
        <property name="drawRejectionLevel" type="Int32" container="StaticArray" arraySize="1">
          <containerEntry>8</containerEntry>
        </property>
        <property name="drawMode" type="Int32" container="StaticArray" arraySize="1">
          <containerEntry>0</containerEntry>
        </property>
        <property name="rejectFarRangeShadowCast" type="Int32" container="StaticArray" arraySize="1">
          <containerEntry>2</containerEntry>
        </property>
        <property name="parentLocator" type="EntityLink" container="StaticArray" arraySize="1">
          <containerEntry packagePathHash="0xB8A0BF169F98" archivePathHash="0xB8A0BF169F98" nameInArchiveHash="0xB8A0BF169F98">0x0</containerEntry>
        </property>
        <property name="transforms" type="Matrix4" container="DynamicArray" arraySize="2">
          <containerEntry r11="-0.8563639" r12="0" r13="-0.51636916" r14="0" r21="0" r22="1" r23="0" r24="0" r31="0.51636916" r32="0" r33="-0.8563639" r34="0" r41="-1753.4269" r42="549.22284" r43="-2254.675" r44="1"></containerEntry>
          <containerEntry r11="-0.7854264" r12="0" r13="0.61895007" r14="0" r21="0" r22="1" r23="0" r24="0" r31="-0.61895007" r32="0" r33="-0.7854264" r34="0" r41="-1755.8301" r42="540.2384" r43="-2297.2654" r44="1"></containerEntry>
        </property>
        <property name="colors" type="UInt32" container="DynamicArray" arraySize="2">
          <containerEntry>4294967295</containerEntry>
          <containerEntry>4294967295</containerEntry>
        </property>
      </staticProperties>
      <dynamicProperties></dynamicProperties>
    </entity>
    <entity class="StaticModelArray" classVersion="4" classID="0xD0" addr="0x317CBF0" id="0x0">
      <staticProperties>
        <property name="name" type="String" container="StaticArray" arraySize="1">
          <containerEntry>StaticModelArray0001</containerEntry>
        </property>
        <property name="dataSet" type="EntityHandle" container="StaticArray" arraySize="1">
          <containerEntry>0x3353420</containerEntry>
        </property>
        <property name="modelFile" type="FilePtr" container="StaticArray" arraySize="1">
          <containerEntry>/Assets/tpp/environ/object/afghanistan/cliff/afgh_clff025/scenes/afgh_clff025.fmdl</containerEntry>
        </property>
        <property name="geomFile" type="FilePtr" container="StaticArray" arraySize="1">
          <containerEntry>/Assets/tpp/environ/object/afghanistan/cliff/afgh_clff025/scenes/afgh_clff025.geom</containerEntry>
        </property>
        <property name="isVisibleGeom" type="Bool" container="StaticArray" arraySize="1">
          <containerEntry>false</containerEntry>
        </property>
        <property name="lodFarSize" type="Float" container="StaticArray" arraySize="1">
          <containerEntry>-1</containerEntry>
        </property>
        <property name="lodNearSize" type="Float" container="StaticArray" arraySize="1">
          <containerEntry>-1</containerEntry>
        </property>
        <property name="lodPolygonSize" type="Float" container="StaticArray" arraySize="1">
          <containerEntry>-1</containerEntry>
        </property>
        <property name="drawRejectionLevel" type="Int32" container="StaticArray" arraySize="1">
          <containerEntry>8</containerEntry>
        </property>
        <property name="drawMode" type="Int32" container="StaticArray" arraySize="1">
          <containerEntry>0</containerEntry>
        </property>
        <property name="rejectFarRangeShadowCast" type="Int32" container="StaticArray" arraySize="1">
          <containerEntry>2</containerEntry>
        </property>
        <property name="parentLocator" type="EntityLink" container="StaticArray" arraySize="1">
          <containerEntry packagePathHash="0xB8A0BF169F98" archivePathHash="0xB8A0BF169F98" nameInArchiveHash="0xB8A0BF169F98">0x0</containerEntry>
        </property>
        <property name="transforms" type="Matrix4" container="DynamicArray" arraySize="4">
          <containerEntry r11="-0.40719748" r12="0.03965701" r13="-0.91247445" r14="0" r21="0.020146579" r22="0.99920386" r23="0.03443563" r24="0" r31="0.91311353" r32="-0.004361051" r33="-0.40767223" r34="0" r41="-1706.6171" r42="537.4164" r43="-2219.9922" r44="1"></containerEntry>
          <containerEntry r11="-0.23062" r12="0.012640696" r13="-0.9729565" r14="0" r21="0.009564552" r22="0.9998967" r23="0.010723522" r24="0" r31="0.9729915" r32="-0.006832818" r33="-0.23071712" r34="0" r41="-1711.7656" r42="537.4844" r43="-2230.0044" r44="1"></containerEntry>
          <containerEntry r11="-0.1756736" r12="-0.0058644656" r13="-0.98442644" r14="0" r21="-0.037034974" r22="0.9993138" r23="0.000656005" r24="0" r31="0.98374707" r32="0.036573593" r33="-0.17577022" r34="0" r41="-1695.2458" r42="536.6796" r43="-2201.8135" r44="1"></containerEntry>
          <containerEntry r11="-0.48361936" r12="0.014010819" r13="-0.87515724" r14="0" r21="0.009564165" r22="0.99989676" r23="0.010722452" r24="0" r31="0.8752171" r32="-0.0031845213" r33="-0.48370343" r34="0" r41="-1717.8676" r42="537.7948" r43="-2239.7122" r44="1"></containerEntry>
        </property>
        <property name="colors" type="UInt32" container="DynamicArray" arraySize="4">
          <containerEntry>4294967295</containerEntry>
          <containerEntry>4294967295</containerEntry>
          <containerEntry>4294967295</containerEntry>
          <containerEntry>4294967295</containerEntry>
        </property>
      </staticProperties>
      <dynamicProperties></dynamicProperties>
    </entity>
    <entity class="StaticModelArray" classVersion="4" classID="0xD0" addr="0x317CC60" id="0x0">
      <staticProperties>
        <property name="name" type="String" container="StaticArray" arraySize="1">
          <containerEntry>StaticModelArray0002</containerEntry>
        </property>
        <property name="dataSet" type="EntityHandle" container="StaticArray" arraySize="1">
          <containerEntry>0x3353420</containerEntry>
        </property>
        <property name="modelFile" type="FilePtr" container="StaticArray" arraySize="1">
          <containerEntry>/Assets/tpp/environ/object/afghanistan/rock/afgh_rock009/scenes/afgh_rock009_rock002.fmdl</containerEntry>
        </property>
        <property name="geomFile" type="FilePtr" container="StaticArray" arraySize="1">
          <containerEntry>/Assets/tpp/environ/object/afghanistan/rock/afgh_rock009/scenes/afgh_rock009_rock002.geom</containerEntry>
        </property>
        <property name="isVisibleGeom" type="Bool" container="StaticArray" arraySize="1">
          <containerEntry>false</containerEntry>
        </property>
        <property name="lodFarSize" type="Float" container="StaticArray" arraySize="1">
          <containerEntry>-1</containerEntry>
        </property>
        <property name="lodNearSize" type="Float" container="StaticArray" arraySize="1">
          <containerEntry>-1</containerEntry>
        </property>
        <property name="lodPolygonSize" type="Float" container="StaticArray" arraySize="1">
          <containerEntry>-1</containerEntry>
        </property>
        <property name="drawRejectionLevel" type="Int32" container="StaticArray" arraySize="1">
          <containerEntry>8</containerEntry>
        </property>
        <property name="drawMode" type="Int32" container="StaticArray" arraySize="1">
          <containerEntry>0</containerEntry>
        </property>
        <property name="rejectFarRangeShadowCast" type="Int32" container="StaticArray" arraySize="1">
          <containerEntry>2</containerEntry>
        </property>
        <property name="parentLocator" type="EntityLink" container="StaticArray" arraySize="1">
          <containerEntry packagePathHash="0xB8A0BF169F98" archivePathHash="0xB8A0BF169F98" nameInArchiveHash="0xB8A0BF169F98">0x0</containerEntry>
        </property>
        <property name="transforms" type="Matrix4" container="DynamicArray" arraySize="12">
          <containerEntry r11="0.6941734" r12="-0.025306137" r13="-0.719363" r14="0" r21="0.062368892" r22="0.9977379" r23="0.025085995" r24="0" r31="0.71710086" r32="-0.062279895" r33="0.6941813" r34="0" r41="-1705.1691" r42="533.4775" r43="-2258.9465" r44="1"></containerEntry>
          <containerEntry r11="0.23788637" r12="-0.22460034" r13="0.94496787" r14="0" r21="0.41274366" r22="0.9040617" r23="0.11097367" r24="0" r31="-0.87923396" r32="0.36363053" r33="0.30776638" r34="0" r41="-1712.1802" r42="540.4745" r43="-2200.858" r44="1"></containerEntry>
          <containerEntry r11="0.6941734" r12="-0.025306137" r13="-0.719363" r14="0" r21="0.062368892" r22="0.9977379" r23="0.025085995" r24="0" r31="0.71710086" r32="-0.062279895" r33="0.6941813" r34="0" r41="-1705.1691" r42="535.8527" r43="-2228.4856" r44="1"></containerEntry>
          <containerEntry r11="0.764191" r12="0.18345821" r13="-0.6183483" r14="0" r21="0.10692745" r22="0.9093944" r23="0.4019555" r24="0" r31="0.63606447" r32="-0.3732891" r33="0.6753342" r34="0" r41="-1673.9153" r42="528.53644" r43="-2187.472" r44="1"></containerEntry>
          <containerEntry r11="0.6941734" r12="-0.025306137" r13="-0.719363" r14="0" r21="0.062368892" r22="0.9977379" r23="0.025085995" r24="0" r31="0.71710086" r32="-0.062279895" r33="0.6941813" r34="0" r41="-1674.9434" r42="526.1325" r43="-2275.4446" r44="1"></containerEntry>
          <containerEntry r11="0.9798475" r12="-0.1344691" r13="-0.14770573" r14="0" r21="0.15162636" r22="0.98209846" r23="0.111768186" r24="0" r31="0.13003218" r32="-0.13191186" r33="0.98269576" r34="0" r41="-1715.0382" r42="534.32056" r43="-2262.9224" r44="1"></containerEntry>
          <containerEntry r11="0.9798472" r12="-0.1344696" r13="-0.14770725" r14="0" r21="0.10828765" r22="0.978971" r23="-0.17288584" r24="0" r31="0.167849" r32="0.15340683" r33="0.9738034" r34="0" r41="-1713.4447" r42="531.78265" r43="-2272.3806" r44="1"></containerEntry>
          <containerEntry r11="0.9798473" r12="-0.13446917" r13="-0.14770661" r14="0" r21="0.1410679" r22="0.98937756" r23="0.035098232" r24="0" r31="0.14141797" r32="-0.055227578" r33="0.98840827" r34="0" r41="-1740.769" r42="535.08386" r43="-2268.0125" r44="1"></containerEntry>
          <containerEntry r11="0.9611168" r12="-0.24491313" r13="-0.12756218" r14="0" r21="0.21961838" r22="0.95797217" r23="-0.18454559" r24="0" r31="0.16739868" r32="0.14935483" r33="0.97451055" r34="0" r41="-1734.103" r42="530.0951" r43="-2290.421" r44="1"></containerEntry>
          <containerEntry r11="0.97984713" r12="-0.13447039" r13="-0.14770678" r14="0" r21="0.14860521" r22="0.9848656" r23="0.0891978" r24="0" r31="0.13347685" r32="-0.10935022" r33="0.9850007" r34="0" r41="-1684.8127" r42="529.3506" r43="-2301.654" r44="1"></containerEntry>
          <containerEntry r11="-0.5832864" r12="0.38119403" r13="0.71726507" r14="0" r21="0.2933782" r22="0.92229897" r23="-0.25158283" r24="0" r31="-0.75743467" r32="0.06368514" r33="-0.64979845" r34="0" r41="-1676.4121" r42="532.38464" r43="-2237.144" r44="1"></containerEntry>
          <containerEntry r11="-0.5832864" r12="0.38119403" r13="0.71726507" r14="0" r21="0.2933782" r22="0.92229897" r23="-0.25158283" r24="0" r31="-0.75743467" r32="0.06368514" r33="-0.64979845" r34="0" r41="-1704.5065" r42="539.92584" r43="-2212.417" r44="1"></containerEntry>
        </property>
        <property name="colors" type="UInt32" container="DynamicArray" arraySize="12">
          <containerEntry>4294967295</containerEntry>
          <containerEntry>4294967295</containerEntry>
          <containerEntry>4294967295</containerEntry>
          <containerEntry>4294967295</containerEntry>
          <containerEntry>4294967295</containerEntry>
          <containerEntry>4294967295</containerEntry>
          <containerEntry>4294967295</containerEntry>
          <containerEntry>4294967295</containerEntry>
          <containerEntry>4294967295</containerEntry>
          <containerEntry>4294967295</containerEntry>
          <containerEntry>4294967295</containerEntry>
          <containerEntry>4294967295</containerEntry>
        </property>
      </staticProperties>
      <dynamicProperties></dynamicProperties>
    </entity>
    <entity class="StaticModelArray" classVersion="4" classID="0xD0" addr="0x317CB10" id="0x0">
      <staticProperties>
        <property name="name" type="String" container="StaticArray" arraySize="1">
          <containerEntry>StaticModelArray0003</containerEntry>
        </property>
        <property name="dataSet" type="EntityHandle" container="StaticArray" arraySize="1">
          <containerEntry>0x3353420</containerEntry>
        </property>
        <property name="modelFile" type="FilePtr" container="StaticArray" arraySize="1">
          <containerEntry>/Assets/tpp/environ/object/afghanistan/cliff/afgh_clff022/scenes/afgh_clff022_vrtn002.fmdl</containerEntry>
        </property>
        <property name="geomFile" type="FilePtr" container="StaticArray" arraySize="1">
          <containerEntry>/Assets/tpp/environ/object/afghanistan/cliff/afgh_clff022/scenes/afgh_clff022_vrtn002.geom</containerEntry>
        </property>
        <property name="isVisibleGeom" type="Bool" container="StaticArray" arraySize="1">
          <containerEntry>false</containerEntry>
        </property>
        <property name="lodFarSize" type="Float" container="StaticArray" arraySize="1">
          <containerEntry>-1</containerEntry>
        </property>
        <property name="lodNearSize" type="Float" container="StaticArray" arraySize="1">
          <containerEntry>-1</containerEntry>
        </property>
        <property name="lodPolygonSize" type="Float" container="StaticArray" arraySize="1">
          <containerEntry>-1</containerEntry>
        </property>
        <property name="drawRejectionLevel" type="Int32" container="StaticArray" arraySize="1">
          <containerEntry>8</containerEntry>
        </property>
        <property name="drawMode" type="Int32" container="StaticArray" arraySize="1">
          <containerEntry>0</containerEntry>
        </property>
        <property name="rejectFarRangeShadowCast" type="Int32" container="StaticArray" arraySize="1">
          <containerEntry>2</containerEntry>
        </property>
        <property name="parentLocator" type="EntityLink" container="StaticArray" arraySize="1">
          <containerEntry packagePathHash="0xB8A0BF169F98" archivePathHash="0xB8A0BF169F98" nameInArchiveHash="0xB8A0BF169F98">0x0</containerEntry>
        </property>
        <property name="transforms" type="Matrix4" container="DynamicArray" arraySize="2">
          <containerEntry r11="-0.8618139" r12="0.008659985" r13="-0.5071519" r14="0" r21="0.0056658257" r22="0.99995625" r23="0.007446927" r24="0" r31="0.5071942" r32="0.0035444275" r33="-0.8618252" r34="0" r41="-1692.8582" r42="531.95245" r43="-2250.8884" r44="1"></containerEntry>
          <containerEntry r11="-0.2150222" r12="0" r13="-0.9766086" r14="0" r21="0" r22="1" r23="0" r24="0" r31="0.9766086" r32="0" r33="-0.2150222" r34="0" r41="-1755.2063" r42="542.7547" r43="-2274.9788" r44="1"></containerEntry>
        </property>
        <property name="colors" type="UInt32" container="DynamicArray" arraySize="2">
          <containerEntry>4294967295</containerEntry>
          <containerEntry>4294967295</containerEntry>
        </property>
      </staticProperties>
      <dynamicProperties></dynamicProperties>
    </entity>
    <entity class="StaticModelArray" classVersion="4" classID="0xD0" addr="0x317C870" id="0x0">
      <staticProperties>
        <property name="name" type="String" container="StaticArray" arraySize="1">
          <containerEntry>StaticModelArray0004</containerEntry>
        </property>
        <property name="dataSet" type="EntityHandle" container="StaticArray" arraySize="1">
          <containerEntry>0x3353420</containerEntry>
        </property>
        <property name="modelFile" type="FilePtr" container="StaticArray" arraySize="1">
          <containerEntry>/Assets/tpp/environ/object/afghanistan/rock/afgh_rock010/scenes/afgh_rock010_vrtn001.fmdl</containerEntry>
        </property>
        <property name="geomFile" type="FilePtr" container="StaticArray" arraySize="1">
          <containerEntry>/Assets/tpp/environ/object/afghanistan/rock/afgh_rock010/scenes/afgh_rock010_vrtn001.geom</containerEntry>
        </property>
        <property name="isVisibleGeom" type="Bool" container="StaticArray" arraySize="1">
          <containerEntry>false</containerEntry>
        </property>
        <property name="lodFarSize" type="Float" container="StaticArray" arraySize="1">
          <containerEntry>-1</containerEntry>
        </property>
        <property name="lodNearSize" type="Float" container="StaticArray" arraySize="1">
          <containerEntry>-1</containerEntry>
        </property>
        <property name="lodPolygonSize" type="Float" container="StaticArray" arraySize="1">
          <containerEntry>-1</containerEntry>
        </property>
        <property name="drawRejectionLevel" type="Int32" container="StaticArray" arraySize="1">
          <containerEntry>8</containerEntry>
        </property>
        <property name="drawMode" type="Int32" container="StaticArray" arraySize="1">
          <containerEntry>0</containerEntry>
        </property>
        <property name="rejectFarRangeShadowCast" type="Int32" container="StaticArray" arraySize="1">
          <containerEntry>2</containerEntry>
        </property>
        <property name="parentLocator" type="EntityLink" container="StaticArray" arraySize="1">
          <containerEntry packagePathHash="0xB8A0BF169F98" archivePathHash="0xB8A0BF169F98" nameInArchiveHash="0xB8A0BF169F98">0x0</containerEntry>
        </property>
        <property name="transforms" type="Matrix4" container="DynamicArray" arraySize="3">
          <containerEntry r11="0.9126416" r12="0.10941465" r13="-0.39384454" r14="0" r21="0.09578428" r22="-0.9939252" r23="-0.05416721" r24="0" r31="-0.39737952" r32="0.011711091" r33="-0.91757756" r34="0" r41="-1754.8427" r42="544.99554" r43="-2268.2505" r44="1"></containerEntry>
          <containerEntry r11="0.6192376" r12="0.5601957" r13="-0.5502043" r14="0" r21="0.43600827" r22="-0.82807446" r23="-0.35240006" r24="0" r31="-0.6530243" r32="-0.021674633" r33="-0.75702435" r34="0" r41="-1755.9932" r42="547.8639" r43="-2246.973" r44="1"></containerEntry>
          <containerEntry r11="0.23968476" r12="-0.0025988445" r13="-0.970847" r14="0" r21="-0.058567848" r22="-0.99821305" r23="-0.011787234" r24="0" r31="-0.96908224" r32="0.059685655" r33="-0.23940808" r34="0" r41="-1712.6937" r42="530.69226" r43="-2266.046" r44="1"></containerEntry>
        </property>
        <property name="colors" type="UInt32" container="DynamicArray" arraySize="3">
          <containerEntry>4294967295</containerEntry>
          <containerEntry>4294967295</containerEntry>
          <containerEntry>4294967295</containerEntry>
        </property>
      </staticProperties>
      <dynamicProperties></dynamicProperties>
    </entity>
    <entity class="StaticModelArray" classVersion="4" classID="0xD0" addr="0x317C790" id="0x0">
      <staticProperties>
        <property name="name" type="String" container="StaticArray" arraySize="1">
          <containerEntry>StaticModelArray0005</containerEntry>
        </property>
        <property name="dataSet" type="EntityHandle" container="StaticArray" arraySize="1">
          <containerEntry>0x3353420</containerEntry>
        </property>
        <property name="modelFile" type="FilePtr" container="StaticArray" arraySize="1">
          <containerEntry>/Assets/tpp/environ/object/afghanistan/cliff/afgh_clff007/scenes/afgh_clff007.fmdl</containerEntry>
        </property>
        <property name="geomFile" type="FilePtr" container="StaticArray" arraySize="1">
          <containerEntry>/Assets/tpp/environ/object/afghanistan/cliff/afgh_clff007/scenes/afgh_clff007.geom</containerEntry>
        </property>
        <property name="isVisibleGeom" type="Bool" container="StaticArray" arraySize="1">
          <containerEntry>false</containerEntry>
        </property>
        <property name="lodFarSize" type="Float" container="StaticArray" arraySize="1">
          <containerEntry>-1</containerEntry>
        </property>
        <property name="lodNearSize" type="Float" container="StaticArray" arraySize="1">
          <containerEntry>-1</containerEntry>
        </property>
        <property name="lodPolygonSize" type="Float" container="StaticArray" arraySize="1">
          <containerEntry>-1</containerEntry>
        </property>
        <property name="drawRejectionLevel" type="Int32" container="StaticArray" arraySize="1">
          <containerEntry>8</containerEntry>
        </property>
        <property name="drawMode" type="Int32" container="StaticArray" arraySize="1">
          <containerEntry>0</containerEntry>
        </property>
        <property name="rejectFarRangeShadowCast" type="Int32" container="StaticArray" arraySize="1">
          <containerEntry>2</containerEntry>
        </property>
        <property name="parentLocator" type="EntityLink" container="StaticArray" arraySize="1">
          <containerEntry packagePathHash="0xB8A0BF169F98" archivePathHash="0xB8A0BF169F98" nameInArchiveHash="0xB8A0BF169F98">0x0</containerEntry>
        </property>
        <property name="transforms" type="Matrix4" container="DynamicArray" arraySize="7">
          <containerEntry r11="0.67749983" r12="-0.116742544" r13="0.7261989" r14="0" r21="0.1344918" r22="0.9903404" r23="0.03373275" r24="0" r31="-0.7231221" r32="0.074813925" r33="0.68665636" r34="0" r41="-1673.4515" r42="524.2962" r43="-2274.0583" r44="1"></containerEntry>
          <containerEntry r11="0.3379121" r12="-0.02620922" r13="0.9408122" r14="0" r21="0.019707236" r22="0.99959004" r23="0.020768393" r24="0" r31="-0.94097084" r32="0.011522941" r33="0.3382901" r34="0" r41="-1690.526" r42="527.05255" r43="-2297.9456" r44="1"></containerEntry>
          <containerEntry r11="0.71994966" r12="-0.02941544" r13="0.693402" r14="0" r21="0.07391551" r22="0.99666876" r23="-0.034464747" r24="0" r31="-0.6900783" r32="0.076066114" r33="0.7197256" r34="0" r41="-1684.2449" r42="526.8326" r43="-2288.179" r44="1"></containerEntry>
          <containerEntry r11="-0.6834823" r12="0.016598381" r13="-0.729775" r14="0" r21="0.17184561" r22="0.975302" r23="-0.1387623" r24="0" r31="0.7094478" r32="-0.22025073" r33="-0.669454" r34="0" r41="-1713.3245" r42="529.97705" r43="-2273.3838" r44="1"></containerEntry>
          <containerEntry r11="-0.9598756" r12="0.06361232" r13="-0.27309862" r14="0" r21="0.1005952" r22="0.98721784" r23="-0.12361854" r24="0" r31="0.2617441" r32="-0.14613149" r33="-0.9540053" r34="0" r41="-1724.7589" r42="530.38495" r43="-2280.2146" r44="1"></containerEntry>
          <containerEntry r11="-0.97448343" r12="0.22417283" r13="0.011377629" r14="0" r21="0.22191244" r22="0.9545613" r23="0.19891608" r24="0" r31="0.033730924" r32="0.19636518" r33="-0.9799509" r34="0" r41="-1670.368" r42="527.3334" r43="-2177.5254" r44="1"></containerEntry>
          <containerEntry r11="0.8180025" r12="-0.18512367" r13="0.54461056" r14="0" r21="0.14800455" r22="0.98265606" r23="0.11172159" r24="0" r31="-0.5558472" r32="-0.0107835755" r33="0.8312143" r34="0" r41="-1664.868" r42="522.8953" r43="-2267.5713" r44="1"></containerEntry>
        </property>
        <property name="colors" type="UInt32" container="DynamicArray" arraySize="7">
          <containerEntry>4294967295</containerEntry>
          <containerEntry>4294967295</containerEntry>
          <containerEntry>4294967295</containerEntry>
          <containerEntry>4294967295</containerEntry>
          <containerEntry>4294967295</containerEntry>
          <containerEntry>4294967295</containerEntry>
          <containerEntry>4294967295</containerEntry>
        </property>
      </staticProperties>
      <dynamicProperties></dynamicProperties>
    </entity>
    <entity class="StaticModelArray" classVersion="4" classID="0xD0" addr="0x317C950" id="0x0">
      <staticProperties>
        <property name="name" type="String" container="StaticArray" arraySize="1">
          <containerEntry>StaticModelArray0006</containerEntry>
        </property>
        <property name="dataSet" type="EntityHandle" container="StaticArray" arraySize="1">
          <containerEntry>0x3353420</containerEntry>
        </property>
        <property name="modelFile" type="FilePtr" container="StaticArray" arraySize="1">
          <containerEntry>/Assets/tpp/environ/object/afghanistan/rock/afgh_rock011/scenes/afgh_rock011.fmdl</containerEntry>
        </property>
        <property name="geomFile" type="FilePtr" container="StaticArray" arraySize="1">
          <containerEntry>/Assets/tpp/environ/object/afghanistan/rock/afgh_rock011/scenes/afgh_rock011.geom</containerEntry>
        </property>
        <property name="isVisibleGeom" type="Bool" container="StaticArray" arraySize="1">
          <containerEntry>false</containerEntry>
        </property>
        <property name="lodFarSize" type="Float" container="StaticArray" arraySize="1">
          <containerEntry>-1</containerEntry>
        </property>
        <property name="lodNearSize" type="Float" container="StaticArray" arraySize="1">
          <containerEntry>-1</containerEntry>
        </property>
        <property name="lodPolygonSize" type="Float" container="StaticArray" arraySize="1">
          <containerEntry>-1</containerEntry>
        </property>
        <property name="drawRejectionLevel" type="Int32" container="StaticArray" arraySize="1">
          <containerEntry>8</containerEntry>
        </property>
        <property name="drawMode" type="Int32" container="StaticArray" arraySize="1">
          <containerEntry>0</containerEntry>
        </property>
        <property name="rejectFarRangeShadowCast" type="Int32" container="StaticArray" arraySize="1">
          <containerEntry>2</containerEntry>
        </property>
        <property name="parentLocator" type="EntityLink" container="StaticArray" arraySize="1">
          <containerEntry packagePathHash="0xB8A0BF169F98" archivePathHash="0xB8A0BF169F98" nameInArchiveHash="0xB8A0BF169F98">0x0</containerEntry>
        </property>
        <property name="transforms" type="Matrix4" container="DynamicArray" arraySize="5">
          <containerEntry r11="0.19166884" r12="-0.3815666" r13="-0.9042503" r14="0" r21="0.3988681" r22="0.8720996" r23="-0.2834542" r24="0" r31="0.896753" r32="-0.30634776" r33="0.3193493" r34="0" r41="-1682.6462" r42="525.8852" r43="-2253.0486" r44="1"></containerEntry>
          <containerEntry r11="-0.2507114" r12="0.23290034" r13="0.9396274" r14="0" r21="0.15689458" r22="0.9675714" r23="-0.19796377" r24="0" r31="-0.9552624" r32="0.09779059" r33="-0.279122" r34="0" r41="-1746.0294" r42="531.7402" r43="-2289.0647" r44="1"></containerEntry>
          <containerEntry r11="1.1265484" r12="-0.29474655" r13="-0.57793844" r14="0" r21="0.26462165" r22="1.2661353" r23="-0.12990986" r24="0" r31="0.59233755" r32="-0.0050656884" r33="1.1571993" r34="0" r41="-1762.5907" r42="548.2177" r43="-2218.9119" r44="1"></containerEntry>
          <containerEntry r11="2.2268841" r12="0.16734545" r13="-0.23196088" r14="0" r21="-0.15953946" r22="2.2379663" r23="0.08293447" r24="0" r31="0.23739737" r32="-0.06577585" r33="2.2316227" r34="0" r41="-1784.1674" r42="552.55304" r43="-2179.7788" r44="1"></containerEntry>
          <containerEntry r11="-0.84543216" r12="-0.27492112" r13="1.1832423" r14="0" r21="-0.12745696" r22="1.453718" r23="0.2466963" r24="0" r31="-1.2080557" r32="0.039022006" r33="-0.8540949" r34="0" r41="-1665.4888" r42="541.3336" r43="-2307.371" r44="1"></containerEntry>
        </property>
        <property name="colors" type="UInt32" container="DynamicArray" arraySize="5">
          <containerEntry>4294967295</containerEntry>
          <containerEntry>4294967295</containerEntry>
          <containerEntry>4294967295</containerEntry>
          <containerEntry>4294967295</containerEntry>
          <containerEntry>4294967295</containerEntry>
        </property>
      </staticProperties>
      <dynamicProperties></dynamicProperties>
    </entity>
    <entity class="StaticModelArray" classVersion="4" classID="0xD0" addr="0x317C3A0" id="0x0">
      <staticProperties>
        <property name="name" type="String" container="StaticArray" arraySize="1">
          <containerEntry>StaticModelArray0007</containerEntry>
        </property>
        <property name="dataSet" type="EntityHandle" container="StaticArray" arraySize="1">
          <containerEntry>0x3353420</containerEntry>
        </property>
        <property name="modelFile" type="FilePtr" container="StaticArray" arraySize="1">
          <containerEntry>/Assets/tpp/environ/object/afghanistan/cliff/afgh_clff013/scenes/afgh_clff013.fmdl</containerEntry>
        </property>
        <property name="geomFile" type="FilePtr" container="StaticArray" arraySize="1">
          <containerEntry>/Assets/tpp/environ/object/afghanistan/cliff/afgh_clff013/scenes/afgh_clff013.geom</containerEntry>
        </property>
        <property name="isVisibleGeom" type="Bool" container="StaticArray" arraySize="1">
          <containerEntry>false</containerEntry>
        </property>
        <property name="lodFarSize" type="Float" container="StaticArray" arraySize="1">
          <containerEntry>-1</containerEntry>
        </property>
        <property name="lodNearSize" type="Float" container="StaticArray" arraySize="1">
          <containerEntry>-1</containerEntry>
        </property>
        <property name="lodPolygonSize" type="Float" container="StaticArray" arraySize="1">
          <containerEntry>-1</containerEntry>
        </property>
        <property name="drawRejectionLevel" type="Int32" container="StaticArray" arraySize="1">
          <containerEntry>8</containerEntry>
        </property>
        <property name="drawMode" type="Int32" container="StaticArray" arraySize="1">
          <containerEntry>0</containerEntry>
        </property>
        <property name="rejectFarRangeShadowCast" type="Int32" container="StaticArray" arraySize="1">
          <containerEntry>2</containerEntry>
        </property>
        <property name="parentLocator" type="EntityLink" container="StaticArray" arraySize="1">
          <containerEntry packagePathHash="0xB8A0BF169F98" archivePathHash="0xB8A0BF169F98" nameInArchiveHash="0xB8A0BF169F98">0x0</containerEntry>
        </property>
        <property name="transforms" type="Matrix4" container="DynamicArray" arraySize="4">
          <containerEntry r11="0.12277374" r12="0.14086333" r13="-0.9823863" r14="0" r21="-0.043328084" r22="0.9896927" r23="0.13649596" r24="0" r31="0.9914878" r32="0.025806915" r33="0.12761164" r34="0" r41="-1754.388" r42="542.8631" r43="-2220.2163" r44="1"></containerEntry>
          <containerEntry r11="-0.3867091" r12="-0.0037507631" r13="-0.9221911" r14="0" r21="0.00044003944" r22="0.9999909" r23="-0.004251711" r24="0" r31="0.9221986" r32="-0.0020499888" r33="-0.3867039" r34="0" r41="-1753.2998" r42="543.2867" r43="-2237.1838" r44="1"></containerEntry>
          <containerEntry r11="-0.2139059" r12="0.042328585" r13="-0.9759322" r14="0" r21="0.08778776" r22="0.99585116" r23="0.02395062" r24="0" r31="0.972897" r32="-0.08055193" r33="-0.21673441" r34="0" r41="-1750.964" r42="540.15625" r43="-2177.7617" r44="1"></containerEntry>
          <containerEntry r11="-0.010384196" r12="0.0549137" r13="-0.9984359" r14="0" r21="0.000571141" r22="0.9984911" r23="0.054910727" r24="0" r31="0.99994475" r32="2.2351742e-08" r33="-0.010399878" r34="0" r41="-1755.7451" r42="540.9808" r43="-2198.824" r44="1"></containerEntry>
        </property>
        <property name="colors" type="UInt32" container="DynamicArray" arraySize="4">
          <containerEntry>4294967295</containerEntry>
          <containerEntry>4294967295</containerEntry>
          <containerEntry>4294967295</containerEntry>
