<fox formatVersion="2" fileVersion="0">
  <entities>
    <entity class="DataSet" classVersion="0" classID="0xE8" addr="0x2EF4AE0" id="0xE57807">
      <staticProperties>
        <property name="name" type="String" container="StaticArray" arraySize="1">
          <containerEntry hash="0xB8A0BF169F98"></containerEntry>
        </property>
        <property name="dataSet" type="EntityHandle" container="StaticArray" arraySize="1">
          <containerEntry>0x0</containerEntry>
        </property>
        <property name="dataList" type="EntityPtr" container="StringMap" arraySize="10">
          <containerEntry key="mafr_clod005_0000">
            <data>0x2EF6E50</data>
          </containerEntry>
          <containerEntry key="mafr_rock002_0009">
            <data>0x2EF6C90</data>
          </containerEntry>
          <containerEntry key="StaticModelArray0000">
            <data>0x2D7A500</data>
          </containerEntry>
          <containerEntry key="StaticModelArray0001">
            <data>0x2D7A570</data>
          </containerEntry>
          <containerEntry key="StaticModelArray0002">
            <data>0x2D7A5E0</data>
          </containerEntry>
          <containerEntry key="StaticModelArray0003">
            <data>0x2D7A6C0</data>
          </containerEntry>
          <containerEntry key="StaticModelArray0004">
            <data>0x2D7A650</data>
          </containerEntry>
          <containerEntry key="StaticModelArray0005">
            <data>0x2D79F50</data>
          </containerEntry>
          <containerEntry key="StaticModelArray0006">
            <data>0x2D79D90</data>
          </containerEntry>
          <containerEntry key="TexturePackLoadConditioner0000">
            <data>0x2D7AB20</data>
          </containerEntry>
        </property>
      </staticProperties>
      <dynamicProperties></dynamicProperties>
    </entity>
    <entity class="StaticModel" classVersion="9" classID="0x160" addr="0x2EF6E50" id="0xE57833">
      <staticProperties>
        <property name="name" type="String" container="StaticArray" arraySize="1">
          <containerEntry>mafr_clod005_0000</containerEntry>
        </property>
        <property name="dataSet" type="EntityHandle" container="StaticArray" arraySize="1">
          <containerEntry>0x2EF4AE0</containerEntry>
        </property>
        <property name="parent" type="EntityHandle" container="StaticArray" arraySize="1">
          <containerEntry>0x0</containerEntry>
        </property>
        <property name="transform" type="EntityPtr" container="StaticArray" arraySize="1">
          <containerEntry>0x2EF6D70</containerEntry>
        </property>
        <property name="shearTransform" type="EntityPtr" container="StaticArray" arraySize="1">
          <containerEntry>0x0</containerEntry>
        </property>
        <property name="pivotTransform" type="EntityPtr" container="StaticArray" arraySize="1">
          <containerEntry>0x0</containerEntry>
        </property>
        <property name="children" type="EntityHandle" container="List"></property>
        <property name="flags" type="UInt32" container="StaticArray" arraySize="1">
          <containerEntry>5</containerEntry>
        </property>
        <property name="modelFile" type="FilePtr" container="StaticArray" arraySize="1">
          <containerEntry>/Assets/tpp/environ/object/middle_africa/clod/mafr_clod005/scenes/mafr_clod005.fmdl</containerEntry>
        </property>
        <property name="geomFile" type="FilePtr" container="StaticArray" arraySize="1">
          <containerEntry>/Assets/tpp/environ/object/middle_africa/clod/mafr_clod005/scenes/mafr_clod005.geom</containerEntry>
        </property>
        <property name="isVisibleGeom" type="Bool" container="StaticArray" arraySize="1">
          <containerEntry>false</containerEntry>
        </property>
        <property name="isIsolated" type="Bool" container="StaticArray" arraySize="1">
          <containerEntry>false</containerEntry>
        </property>
        <property name="lodFarSize" type="Float" container="StaticArray" arraySize="1">
          <containerEntry>-1</containerEntry>
        </property>
        <property name="lodNearSize" type="Float" container="StaticArray" arraySize="1">
          <containerEntry>-1</containerEntry>
        </property>
        <property name="lodPolygonSize" type="Float" container="StaticArray" arraySize="1">
          <containerEntry>-1</containerEntry>
        </property>
        <property name="color" type="Color" container="StaticArray" arraySize="1">
          <containerEntry r="1" g="1" b="1" a="1"></containerEntry>
        </property>
        <property name="drawRejectionLevel" type="Int32" container="StaticArray" arraySize="1">
          <containerEntry>8</containerEntry>
        </property>
        <property name="drawMode" type="Int32" container="StaticArray" arraySize="1">
          <containerEntry>0</containerEntry>
        </property>
        <property name="rejectFarRangeShadowCast" type="Int32" container="StaticArray" arraySize="1">
          <containerEntry>2</containerEntry>
        </property>
      </staticProperties>
      <dynamicProperties></dynamicProperties>
    </entity>
    <entity class="TransformEntity" classVersion="0" classID="0x50" addr="0x2EF6D70" id="0xE57836">
      <staticProperties>
        <property name="owner" type="EntityHandle" container="StaticArray" arraySize="1">
          <containerEntry>0x2EF6E50</containerEntry>
        </property>
        <property name="transform_scale" type="Vector3" container="StaticArray" arraySize="1">
          <containerEntry x="2.191916" y="2.191916" z="2.191916" w="0"></containerEntry>
        </property>
        <property name="transform_rotation_quat" type="Quat" container="StaticArray" arraySize="1">
          <containerEntry x="0.000292" y="-0.667212" z="0.006142" w="0.744842"></containerEntry>
        </property>
        <property name="transform_translation" type="Vector3" container="StaticArray" arraySize="1">
          <containerEntry x="1308.422" y="131.40149" z="-981.7396" w="0"></containerEntry>
        </property>
      </staticProperties>
      <dynamicProperties></dynamicProperties>
    </entity>
    <entity class="StaticModel" classVersion="9" classID="0x160" addr="0x2EF6C90" id="0xE5783A">
      <staticProperties>
        <property name="name" type="String" container="StaticArray" arraySize="1">
          <containerEntry>mafr_rock002_0009</containerEntry>
        </property>
        <property name="dataSet" type="EntityHandle" container="StaticArray" arraySize="1">
          <containerEntry>0x2EF4AE0</containerEntry>
        </property>
        <property name="parent" type="EntityHandle" container="StaticArray" arraySize="1">
          <containerEntry>0x0</containerEntry>
        </property>
        <property name="transform" type="EntityPtr" container="StaticArray" arraySize="1">
          <containerEntry>0x2EF6C20</containerEntry>
        </property>
        <property name="shearTransform" type="EntityPtr" container="StaticArray" arraySize="1">
          <containerEntry>0x0</containerEntry>
        </property>
        <property name="pivotTransform" type="EntityPtr" container="StaticArray" arraySize="1">
          <containerEntry>0x0</containerEntry>
        </property>
        <property name="children" type="EntityHandle" container="List"></property>
        <property name="flags" type="UInt32" container="StaticArray" arraySize="1">
          <containerEntry>5</containerEntry>
        </property>
        <property name="modelFile" type="FilePtr" container="StaticArray" arraySize="1">
          <containerEntry>/Assets/tpp/environ/object/middle_africa/rock/mafr_rock002/scenes/mafr_rock002.fmdl</containerEntry>
        </property>
        <property name="geomFile" type="FilePtr" container="StaticArray" arraySize="1">
          <containerEntry>/Assets/tpp/environ/object/middle_africa/rock/mafr_rock002/scenes/mafr_rock002.geom</containerEntry>
        </property>
        <property name="isVisibleGeom" type="Bool" container="StaticArray" arraySize="1">
          <containerEntry>false</containerEntry>
        </property>
        <property name="isIsolated" type="Bool" container="StaticArray" arraySize="1">
          <containerEntry>false</containerEntry>
        </property>
        <property name="lodFarSize" type="Float" container="StaticArray" arraySize="1">
          <containerEntry>-1</containerEntry>
        </property>
        <property name="lodNearSize" type="Float" container="StaticArray" arraySize="1">
          <containerEntry>-1</containerEntry>
        </property>
        <property name="lodPolygonSize" type="Float" container="StaticArray" arraySize="1">
          <containerEntry>-1</containerEntry>
        </property>
        <property name="color" type="Color" container="StaticArray" arraySize="1">
          <containerEntry r="1" g="1" b="1" a="1"></containerEntry>
        </property>
        <property name="drawRejectionLevel" type="Int32" container="StaticArray" arraySize="1">
          <containerEntry>7</containerEntry>
        </property>
        <property name="drawMode" type="Int32" container="StaticArray" arraySize="1">
          <containerEntry>0</containerEntry>
        </property>
        <property name="rejectFarRangeShadowCast" type="Int32" container="StaticArray" arraySize="1">
          <containerEntry>2</containerEntry>
        </property>
      </staticProperties>
      <dynamicProperties></dynamicProperties>
    </entity>
    <entity class="TransformEntity" classVersion="0" classID="0x50" addr="0x2EF6C20" id="0xE5783D">
      <staticProperties>
        <property name="owner" type="EntityHandle" container="StaticArray" arraySize="1">
          <containerEntry>0x2EF6C90</containerEntry>
        </property>
        <property name="transform_scale" type="Vector3" container="StaticArray" arraySize="1">
          <containerEntry x="6.446387" y="6.446387" z="6.446387" w="0"></containerEntry>
        </property>
        <property name="transform_rotation_quat" type="Quat" container="StaticArray" arraySize="1">
          <containerEntry x="0.121396" y="0.044202" z="0.056437" w="0.990012"></containerEntry>
        </property>
        <property name="transform_translation" type="Vector3" container="StaticArray" arraySize="1">
          <containerEntry x="1357.2437" y="137.40831" z="-948.57153" w="0"></containerEntry>
        </property>
      </staticProperties>
      <dynamicProperties></dynamicProperties>
    </entity>
    <entity class="StaticModelArray" classVersion="4" classID="0xD0" addr="0x2D7A500" id="0x0">
      <staticProperties>
        <property name="name" type="String" container="StaticArray" arraySize="1">
          <containerEntry>StaticModelArray0000</containerEntry>
        </property>
        <property name="dataSet" type="EntityHandle" container="StaticArray" arraySize="1">
          <containerEntry>0x2EF4AE0</containerEntry>
        </property>
        <property name="modelFile" type="FilePtr" container="StaticArray" arraySize="1">
          <containerEntry>/Assets/tpp/environ/object/middle_africa/tree/mafr_tree031/scenes/mafr_tree031_vrtn008.fmdl</containerEntry>
        </property>
        <property name="geomFile" type="FilePtr" container="StaticArray" arraySize="1">
          <containerEntry>/Assets/tpp/environ/object/middle_africa/tree/mafr_tree031/scenes/mafr_tree031_vrtn008.geom</containerEntry>
        </property>
        <property name="isVisibleGeom" type="Bool" container="StaticArray" arraySize="1">
          <containerEntry>false</containerEntry>
        </property>
        <property name="lodFarSize" type="Float" container="StaticArray" arraySize="1">
          <containerEntry>-1</containerEntry>
        </property>
        <property name="lodNearSize" type="Float" container="StaticArray" arraySize="1">
          <containerEntry>-1</containerEntry>
        </property>
        <property name="lodPolygonSize" type="Float" container="StaticArray" arraySize="1">
          <containerEntry>-1</containerEntry>
        </property>
        <property name="drawRejectionLevel" type="Int32" container="StaticArray" arraySize="1">
          <containerEntry>8</containerEntry>
        </property>
        <property name="drawMode" type="Int32" container="StaticArray" arraySize="1">
          <containerEntry>0</containerEntry>
        </property>
        <property name="rejectFarRangeShadowCast" type="Int32" container="StaticArray" arraySize="1">
          <containerEntry>2</containerEntry>
        </property>
        <property name="parentLocator" type="EntityLink" container="StaticArray" arraySize="1">
          <containerEntry packagePathHash="0xB8A0BF169F98" archivePathHash="0xB8A0BF169F98" nameInArchiveHash="0xB8A0BF169F98">0x0</containerEntry>
        </property>
        <property name="transforms" type="Matrix4" container="DynamicArray" arraySize="4">
          <containerEntry r11="0.99327457" r12="0.11578281" r13="0" r14="0" r21="-0.11578281" r22="0.99327457" r23="0" r24="0" r31="0" r32="0" r33="1" r34="0" r41="1314.368" r42="139.32439" r43="-1020.7935" r44="1"></containerEntry>
          <containerEntry r11="0.11964348" r12="0.013946272" r13="0.9927184" r14="0" r21="-0.11578361" r22="0.9932745" r23="2.1979213e-07" r24="0" r31="-0.98604184" r32="-0.11494061" r33="0.120453596" r34="0" r41="1316.4498" r42="139.56706" r43="-1003.5202" r44="1"></containerEntry>
          <containerEntry r11="0.96406156" r12="0.092305616" r13="-0.24912824" r14="0" r21="-0.067842975" r22="0.9921479" r23="0.10507036" r24="0" r31="0.25687066" r32="-0.084392674" r33="0.96275395" r34="0" r41="1310.6564" r42="138.96901" r43="-991.29443" r44="1"></containerEntry>
          <containerEntry r11="-0.19778852" r12="0.010852251" r13="-0.98018175" r14="0" r21="-0.083688706" r22="0.99610084" r23="0.027916018" r24="0" r31="0.9766628" r32="0.08755188" r33="-0.19610906" r34="0" r41="1313.9917" r42="137.71014" r43="-956.9967" r44="1"></containerEntry>
        </property>
        <property name="colors" type="UInt32" container="DynamicArray" arraySize="4">
          <containerEntry>4294967295</containerEntry>
          <containerEntry>4294967295</containerEntry>
          <containerEntry>4294967295</containerEntry>
          <containerEntry>4294967295</containerEntry>
        </property>
      </staticProperties>
      <dynamicProperties></dynamicProperties>
    </entity>
    <entity class="StaticModelArray" classVersion="4" classID="0xD0" addr="0x2D7A570" id="0x0">
      <staticProperties>
        <property name="name" type="String" container="StaticArray" arraySize="1">
          <containerEntry>StaticModelArray0001</containerEntry>
        </property>
        <property name="dataSet" type="EntityHandle" container="StaticArray" arraySize="1">
          <containerEntry>0x2EF4AE0</containerEntry>
        </property>
        <property name="modelFile" type="FilePtr" container="StaticArray" arraySize="1">
          <containerEntry>/Assets/tpp/environ/object/middle_africa/cliff/mafr_clff015/scenes/mafr_clff015_wall002.fmdl</containerEntry>
        </property>
        <property name="geomFile" type="FilePtr" container="StaticArray" arraySize="1">
          <containerEntry>/Assets/tpp/environ/object/middle_africa/cliff/mafr_clff015/scenes/mafr_clff015_wall002.geom</containerEntry>
        </property>
        <property name="isVisibleGeom" type="Bool" container="StaticArray" arraySize="1">
          <containerEntry>false</containerEntry>
        </property>
        <property name="lodFarSize" type="Float" container="StaticArray" arraySize="1">
          <containerEntry>-1</containerEntry>
        </property>
        <property name="lodNearSize" type="Float" container="StaticArray" arraySize="1">
          <containerEntry>-1</containerEntry>
        </property>
        <property name="lodPolygonSize" type="Float" container="StaticArray" arraySize="1">
          <containerEntry>-1</containerEntry>
        </property>
        <property name="drawRejectionLevel" type="Int32" container="StaticArray" arraySize="1">
          <containerEntry>8</containerEntry>
        </property>
        <property name="drawMode" type="Int32" container="StaticArray" arraySize="1">
          <containerEntry>0</containerEntry>
        </property>
        <property name="rejectFarRangeShadowCast" type="Int32" container="StaticArray" arraySize="1">
          <containerEntry>2</containerEntry>
        </property>
        <property name="parentLocator" type="EntityLink" container="StaticArray" arraySize="1">
          <containerEntry packagePathHash="0xB8A0BF169F98" archivePathHash="0xB8A0BF169F98" nameInArchiveHash="0xB8A0BF169F98">0x0</containerEntry>
        </property>
        <property name="transforms" type="Matrix4" container="DynamicArray" arraySize="4">
          <containerEntry r11="-0.9963803" r12="-0.060794003" r13="-0.05942408" r14="0" r21="-0.061746947" r22="0.9979889" r23="0.014332159" r24="0" r31="0.058433264" r32="0.01794953" r33="-0.9981304" r34="0" r41="1347.2987" r42="116.917656" r43="-918.96027" r44="1"></containerEntry>
          <containerEntry r11="-0.08041685" r12="0.08709706" r13="-0.9929492" r14="0" r21="0.010875624" r22="0.9961924" r23="0.08650079" r24="0" r31="0.9967024" r32="-0.003842853" r33="-0.081057906" r34="0" r41="1280.7789" r42="114.160385" r43="-989.4349" r44="1"></containerEntry>
          <containerEntry r11="-0.3399906" r12="-0.0016857991" r13="-0.9404273" r14="0" r21="0.0057293177" r22="0.99997616" r23="-0.003863853" r24="0" r31="0.9404113" r32="-0.0067016804" r33="-0.3399728" r34="0" r41="1296.4529" r42="109.51661" r43="-937.99994" r44="1"></containerEntry>
          <containerEntry r11="-0.53404105" r12="-0.13043185" r13="0.8353366" r14="0" r21="-0.107650824" r22="0.9904766" r23="0.085833296" r24="0" r31="-0.83857685" r32="-0.04408617" r33="-0.5429963" r34="0" r41="1390.961" r42="123.04268" r43="-949.58795" r44="1"></containerEntry>
        </property>
        <property name="colors" type="UInt32" container="DynamicArray" arraySize="4">
          <containerEntry>4294967295</containerEntry>
          <containerEntry>4294967295</containerEntry>
          <containerEntry>4294967295</containerEntry>
          <containerEntry>4294967295</containerEntry>
        </property>
      </staticProperties>
      <dynamicProperties></dynamicProperties>
    </entity>
    <entity class="StaticModelArray" classVersion="4" classID="0xD0" addr="0x2D7A5E0" id="0x0">
      <staticProperties>
        <property name="name" type="String" container="StaticArray" arraySize="1">
          <containerEntry>StaticModelArray0002</containerEntry>
        </property>
        <property name="dataSet" type="EntityHandle" container="StaticArray" arraySize="1">
          <containerEntry>0x2EF4AE0</containerEntry>
        </property>
        <property name="modelFile" type="FilePtr" container="StaticArray" arraySize="1">
          <containerEntry>/Assets/tpp/environ/object/middle_africa/tree/mafr_tree038/scenes/mafr_tree038.fmdl</containerEntry>
        </property>
        <property name="geomFile" type="FilePtr" container="StaticArray" arraySize="1">
          <containerEntry>/Assets/tpp/environ/object/middle_africa/tree/mafr_tree038/scenes/mafr_tree038.geom</containerEntry>
        </property>
        <property name="isVisibleGeom" type="Bool" container="StaticArray" arraySize="1">
          <containerEntry>false</containerEntry>
        </property>
        <property name="lodFarSize" type="Float" container="StaticArray" arraySize="1">
          <containerEntry>-1</containerEntry>
        </property>
        <property name="lodNearSize" type="Float" container="StaticArray" arraySize="1">
          <containerEntry>-1</containerEntry>
        </property>
        <property name="lodPolygonSize" type="Float" container="StaticArray" arraySize="1">
          <containerEntry>-1</containerEntry>
        </property>
        <property name="drawRejectionLevel" type="Int32" container="StaticArray" arraySize="1">
          <containerEntry>8</containerEntry>
        </property>
        <property name="drawMode" type="Int32" container="StaticArray" arraySize="1">
          <containerEntry>0</containerEntry>
        </property>
        <property name="rejectFarRangeShadowCast" type="Int32" container="StaticArray" arraySize="1">
          <containerEntry>2</containerEntry>
        </property>
        <property name="parentLocator" type="EntityLink" container="StaticArray" arraySize="1">
          <containerEntry packagePathHash="0xB8A0BF169F98" archivePathHash="0xB8A0BF169F98" nameInArchiveHash="0xB8A0BF169F98">0x0</containerEntry>
        </property>
        <property name="transforms" type="Matrix4" container="DynamicArray" arraySize="2">
          <containerEntry r11="-0.6657223" r12="0.003185328" r13="0.74619275" r14="0" r21="0.04730019" r22="0.99816" r23="0.037938353" r24="0" r31="-0.74469894" r32="0.06055147" r33="-0.664648" r34="0" r41="1399.9684" r42="129.16751" r43="-913.0151" r44="1"></containerEntry>
          <containerEntry r11="-0.6657223" r12="0.003185328" r13="0.74619275" r14="0" r21="0.04730019" r22="0.99816" r23="0.037938353" r24="0" r31="-0.74469894" r32="0.06055147" r33="-0.664648" r34="0" r41="1394.417" r42="141.74904" r43="-952.22955" r44="1"></containerEntry>
        </property>
        <property name="colors" type="UInt32" container="DynamicArray" arraySize="2">
          <containerEntry>4294967295</containerEntry>
          <containerEntry>4294967295</containerEntry>
        </property>
      </staticProperties>
      <dynamicProperties></dynamicProperties>
    </entity>
    <entity class="StaticModelArray" classVersion="4" classID="0xD0" addr="0x2D7A6C0" id="0x0">
      <staticProperties>
        <property name="name" type="String" container="StaticArray" arraySize="1">
          <containerEntry>StaticModelArray0003</containerEntry>
        </property>
        <property name="dataSet" type="EntityHandle" container="StaticArray" arraySize="1">
          <containerEntry>0x2EF4AE0</containerEntry>
        </property>
        <property name="modelFile" type="FilePtr" container="StaticArray" arraySize="1">
          <containerEntry>/Assets/tpp/environ/object/middle_africa/tree/mafr_tree032/scenes/mafr_tree032.fmdl</containerEntry>
        </property>
        <property name="geomFile" type="FilePtr" container="StaticArray" arraySize="1">
          <containerEntry>/Assets/tpp/environ/object/middle_africa/tree/mafr_tree032/scenes/mafr_tree032.geom</containerEntry>
        </property>
        <property name="isVisibleGeom" type="Bool" container="StaticArray" arraySize="1">
          <containerEntry>false</containerEntry>
        </property>
        <property name="lodFarSize" type="Float" container="StaticArray" arraySize="1">
          <containerEntry>-1</containerEntry>
        </property>
        <property name="lodNearSize" type="Float" container="StaticArray" arraySize="1">
          <containerEntry>-1</containerEntry>
        </property>
        <property name="lodPolygonSize" type="Float" container="StaticArray" arraySize="1">
          <containerEntry>-1</containerEntry>
        </property>
        <property name="drawRejectionLevel" type="Int32" container="StaticArray" arraySize="1">
          <containerEntry>8</containerEntry>
        </property>
        <property name="drawMode" type="Int32" container="StaticArray" arraySize="1">
          <containerEntry>0</containerEntry>
        </property>
        <property name="rejectFarRangeShadowCast" type="Int32" container="StaticArray" arraySize="1">
          <containerEntry>2</containerEntry>
        </property>
        <property name="parentLocator" type="EntityLink" container="StaticArray" arraySize="1">
          <containerEntry packagePathHash="0xB8A0BF169F98" archivePathHash="0xB8A0BF169F98" nameInArchiveHash="0xB8A0BF169F98">0x0</containerEntry>
        </property>
        <property name="transforms" type="Matrix4" container="DynamicArray" arraySize="27">
          <containerEntry r11="0.78358287" r12="0.19521232" r13="-0.58982205" r14="0" r21="-0.15596606" r22="0.980761" r23="0.117398635" r24="0" r31="0.60139215" r32="6.519258e-07" r33="0.798954" r34="0" r41="1300.1289" r42="136.26689" r43="-1014.81586" r44="1"></containerEntry>
          <containerEntry r11="-0.032648325" r12="0" r13="0.99946535" r14="0" r21="0" r22="1" r23="0" r24="0" r31="-0.99946535" r32="0" r33="-0.032648325" r34="0" r41="1305.2365" r42="137.04727" r43="-999.3668" r44="1"></containerEntry>
          <containerEntry r11="-0.25231135" r12="0" r13="0.9676428" r14="0" r21="0" r22="1" r23="0" r24="0" r31="-0.9676428" r32="0" r33="-0.25231135" r34="0" r41="1302.8904" r42="138.12227" r43="-1020.1326" r44="1"></containerEntry>
          <containerEntry r11="0.78358287" r12="0.19521232" r13="-0.58982205" r14="0" r21="-0.15596606" r22="0.980761" r23="0.117398635" r24="0" r31="0.60139215" r32="6.519258e-07" r33="0.798954" r34="0" r41="1286.5786" r42="133.76437" r43="-1019.2242" r44="1"></containerEntry>
          <containerEntry r11="-0.032648325" r12="0" r13="0.99946535" r14="0" r21="0" r22="1" r23="0" r24="0" r31="-0.99946535" r32="0" r33="-0.032648325" r34="0" r41="1284.8804" r42="131.25719" r43="-1005.24866" r44="1"></containerEntry>
          <containerEntry r11="-0.032648258" r12="0" r13="0.9994648" r14="0" r21="0" r22="1" r23="0" r24="0" r31="-0.9994648" r32="0" r33="-0.032648258" r34="0" r41="1315.1418" r42="135.50644" r43="-953.7886" r44="1"></containerEntry>
          <containerEntry r11="-0.58945006" r12="0" r13="0.8078015" r14="0" r21="0" r22="1" r23="0" r24="0" r31="-0.8078015" r32="0" r33="-0.58945006" r34="0" r41="1291.4738" r42="127.58819" r43="-941.81024" r44="1"></containerEntry>
          <containerEntry r11="-0.76461935" r12="0" r13="-0.6444765" r14="0" r21="0" r22="1" r23="0" r24="0" r31="0.6444765" r32="0" r33="-0.76461935" r34="0" r41="1289.1239" r42="126.889046" r43="-949.53534" r44="1"></containerEntry>
          <containerEntry r11="-0.69622636" r12="0" r13="0.7178201" r14="0" r21="0" r22="1" r23="0" r24="0" r31="-0.7178201" r32="0" r33="-0.69622636" r34="0" r41="1304.3015" r42="133.09866" r43="-951.39575" r44="1"></containerEntry>
          <containerEntry r11="0.7722263" r12="0.04696043" r13="0.6336097" r14="0" r21="-0.15596636" r22="0.98076105" r23="0.11739774" r24="0" r31="-0.61590666" r32="-0.18947943" r33="0.7646937" r34="0" r41="1307.2982" r42="135.15678" r43="-966.5146" r44="1"></containerEntry>
          <containerEntry r11="0.79950225" r12="0" r13="0.600663" r14="0" r21="0" r22="1" r23="0" r24="0" r31="-0.600663" r32="0" r33="0.79950225" r34="0" r41="1323.5505" r42="132.8337" r43="-910.9905" r44="1"></containerEntry>
          <containerEntry r11="0.5441764" r12="-0.12874947" r13="0.8290329" r14="0" r21="0.07065052" r22="0.99167717" r23="0.107633315" r24="0" r31="-0.83599067" r32="1.0430813e-07" r33="0.5487436" r34="0" r41="1304.7867" r42="123.8805" r43="-904.8765" r44="1"></containerEntry>
          <containerEntry r11="0.39975113" r12="0" r13="0.3003315" r14="0" r21="0" r22="0.5" r23="0" r24="0" r31="-0.3003315" r32="0" r33="0.39975113" r34="0" r41="1315.64" r42="131.98534" r43="-905.79285" r44="1"></containerEntry>
          <containerEntry r11="0.18140143" r12="0" r13="0.9834084" r14="0" r21="0" r22="1" r23="0" r24="0" r31="-0.9834084" r32="0" r33="0.18140143" r34="0" r41="1310.6014" r42="132.61899" r43="-912.4702" r44="1"></containerEntry>
          <containerEntry r11="0.79950225" r12="0" r13="0.600663" r14="0" r21="0" r22="1" r23="0" r24="0" r31="-0.600663" r32="0" r33="0.79950225" r34="0" r41="1351.6604" r42="134.03513" r43="-914.6319" r44="1"></containerEntry>
          <containerEntry r11="-0.39596677" r12="0" r13="0.9182642" r14="0" r21="0" r22="1" r23="0" r24="0" r31="-0.9182642" r32="0" r33="-0.39596677" r34="0" r41="1383.5188" r42="136.65115" r43="-916.7499" r44="1"></containerEntry>
          <containerEntry r11="0.79950225" r12="0" r13="0.600663" r14="0" r21="0" r22="1" r23="0" r24="0" r31="-0.600663" r32="0" r33="0.79950225" r34="0" r41="1329.4413" r42="138.26399" r43="-934.5774" r44="1"></containerEntry>
          <containerEntry r11="0.79950225" r12="0" r13="0.600663" r14="0" r21="0" r22="1" r23="0" r24="0" r31="-0.600663" r32="0" r33="0.79950225" r34="0" r41="1286.3441" r42="126.474594" r43="-927.7174" r44="1"></containerEntry>
          <containerEntry r11="0.6396018" r12="0" r13="0.4805304" r14="0" r21="0" r22="0.8" r23="0" r24="0" r31="-0.4805304" r32="0" r33="0.6396018" r34="0" r41="1298.9766" r42="124.497665" r43="-902.353" r44="1"></containerEntry>
          <containerEntry r11="0.52211195" r12="0" r13="0.8528768" r14="0" r21="0" r22="1" r23="0" r24="0" r31="-0.8528768" r32="0" r33="0.52211195" r34="0" r41="1295.3376" r42="124.48371" r43="-909.7364" r44="1"></containerEntry>
          <containerEntry r11="0.79950225" r12="0" r13="0.600663" r14="0" r21="0" r22="1" r23="0" r24="0" r31="-0.600663" r32="0" r33="0.79950225" r34="0" r41="1360.9147" r42="133.50346" r43="-914.02405" r44="1"></containerEntry>
          <containerEntry r11="0.076596595" r12="0" r13="0.7963243" r14="0" r21="0" r22="0.8" r23="0" r24="0" r31="-0.7963243" r32="0" r33="0.076596595" r34="0" r41="1336.6556" r42="134.03426" r43="-908.0245" r44="1"></containerEntry>
          <containerEntry r11="0.79950225" r12="0" r13="0.600663" r14="0" r21="0" r22="1" r23="0" r24="0" r31="-0.600663" r32="0" r33="0.79950225" r34="0" r41="1280.9635" r42="127.21425" r43="-947.0977" r44="1"></containerEntry>
          <containerEntry r11="0.79950225" r12="0" r13="0.600663" r14="0" r21="0" r22="1" r23="0" r24="0" r31="-0.600663" r32="0" r33="0.79950225" r34="0" r41="1375.694" r42="133.78224" r43="-907.5494" r44="1"></containerEntry>
          <containerEntry r11="-0.957972" r12="-0.19280063" r13="0.212398" r14="0" r21="-0.18822978" r22="0.98123795" r23="0.04173281" r24="0" r31="-0.2164591" r32="-7.18981e-07" r33="-0.9762893" r34="0" r41="1369.6161" r42="135.69542" r43="-925.1901" r44="1"></containerEntry>
          <containerEntry r11="0.22724533" r12="-0.11450866" r13="0.55438954" r14="0" r21="0.043430712" r22="0.5991559" r23="0.10595286" r24="0" r31="-0.56442344" r32="2.9541553e-07" r33="0.23135832" r34="0" r41="1327.3114" r42="132.20836" r43="-902.3924" r44="1"></containerEntry>
          <containerEntry r11="0.79950225" r12="0" r13="0.600663" r14="0" r21="0" r22="1" r23="0" r24="0" r31="-0.600663" r32="0" r33="0.79950225" r34="0" r41="1331.7343" r42="131.83595" r43="-905.33624" r44="1"></containerEntry>
        </property>
        <property name="colors" type="UInt32" container="DynamicArray" arraySize="27">
          <containerEntry>4294967295</containerEntry>
          <containerEntry>4294967295</containerEntry>
          <containerEntry>4294967295</containerEntry>
          <containerEntry>4294967295</containerEntry>
          <containerEntry>4294967295</containerEntry>
          <containerEntry>4294967295</containerEntry>
          <containerEntry>4294967295</containerEntry>
          <containerEntry>4294967295</containerEntry>
          <containerEntry>4294967295</containerEntry>
          <containerEntry>4294967295</containerEntry>
          <containerEntry>4294967295</containerEntry>
          <containerEntry>4294967295</containerEntry>
          <containerEntry>4294967295</containerEntry>
          <containerEntry>4294967295</containerEntry>
          <containerEntry>4294967295</containerEntry>
          <containerEntry>4294967295</containerEntry>
          <containerEntry>4294967295</containerEntry>
          <containerEntry>4294967295</containerEntry>
          <containerEntry>4294967295</containerEntry>
          <containerEntry>4294967295</containerEntry>
          <containerEntry>4294967295</containerEntry>
          <containerEntry>4294967295</containerEntry>
          <containerEntry>4294967295</containerEntry>
          <containerEntry>4294967295</containerEntry>
          <containerEntry>4294967295</containerEntry>
          <containerEntry>4294967295</containerEntry>
          <containerEntry>4294967295</containerEntry>
        </property>
      </staticProperties>
      <dynamicProperties></dynamicProperties>
    </entity>
    <entity class="StaticModelArray" classVersion="4" classID="0xD0" addr="0x2D7A650" id="0x0">
      <staticProperties>
        <property name="name" type="String" container="StaticArray" arraySize="1">
          <containerEntry>StaticModelArray0004</containerEntry>
        </property>
        <property name="dataSet" type="EntityHandle" container="StaticArray" arraySize="1">
          <containerEntry>0x2EF4AE0</containerEntry>
        </property>
        <property name="modelFile" type="FilePtr" container="StaticArray" arraySize="1">
          <containerEntry>/Assets/tpp/environ/object/middle_africa/cliff/mafr_clff003/scenes/mafr_clff003_vrtn001.fmdl</containerEntry>
        </property>
        <property name="geomFile" type="FilePtr" container="StaticArray" arraySize="1">
          <containerEntry>/Assets/tpp/environ/object/middle_africa/cliff/mafr_clff003/scenes/mafr_clff003_vrtn001.geom</containerEntry>
        </property>
        <property name="isVisibleGeom" type="Bool" container="StaticArray" arraySize="1">
          <containerEntry>false</containerEntry>
        </property>
        <property name="lodFarSize" type="Float" container="StaticArray" arraySize="1">
          <containerEntry>-1</containerEntry>
        </property>
        <property name="lodNearSize" type="Float" container="StaticArray" arraySize="1">
          <containerEntry>-1</containerEntry>
        </property>
        <property name="lodPolygonSize" type="Float" container="StaticArray" arraySize="1">
          <containerEntry>-1</containerEntry>
        </property>
        <property name="drawRejectionLevel" type="Int32" container="StaticArray" arraySize="1">
          <containerEntry>8</containerEntry>
        </property>
        <property name="drawMode" type="Int32" container="StaticArray" arraySize="1">
          <containerEntry>0</containerEntry>
        </property>
        <property name="rejectFarRangeShadowCast" type="Int32" container="StaticArray" arraySize="1">
          <containerEntry>2</containerEntry>
        </property>
        <property name="parentLocator" type="EntityLink" container="StaticArray" arraySize="1">
          <containerEntry packagePathHash="0xB8A0BF169F98" archivePathHash="0xB8A0BF169F98" nameInArchiveHash="0xB8A0BF169F98">0x0</containerEntry>
        </property>
        <property name="transforms" type="Matrix4" container="DynamicArray" arraySize="6">
          <containerEntry r11="0.60388154" r12="-0.08482056" r13="-0.7925477" r14="0" r21="0.068059705" r22="0.99617755" r23="-0.05475547" r24="0" r31="0.79416263" r32="-0.020874811" r33="0.6073461" r34="0" r41="1387.948" r42="126.43533" r43="-910.7458" r44="1"></containerEntry>
          <containerEntry r11="0.442789" r12="0.07811787" r13="-0.89321655" r14="0" r21="-0.20903647" r22="0.97774005" r23="-0.018114425" r24="0" r31="0.8719185" r32="0.19473568" r33="0.44926202" r34="0" r41="1403.9452" r42="130.187" r43="-935.12476" r44="1"></containerEntry>
          <containerEntry r11="-0.6155622" r12="-0.104807585" r13="0.7810853" r14="0" r21="0.73514986" r22="0.28075212" r23="0.6170341" r24="0" r31="-0.28396052" r32="0.9540397" r33="-0.095769465" r34="0" r41="1398.275" r42="129.89688" r43="-926.6043" r44="1"></containerEntry>
          <containerEntry r11="0.9971585" r12="-0.011203405" r13="-0.07449405" r14="0" r21="-0.0014450941" r22="0.9858525" r23="-0.16760902" r24="0" r31="0.075317934" r32="0.16724043" r33="0.98303497" r34="0" r41="1338.5033" r42="121.01758" r43="-900.17523" r44="1"></containerEntry>
          <containerEntry r11="0.9306201" r12="-0.030612126" r13="-0.36470383" r14="0" r21="0.019056909" r22="0.9991971" r23="-0.0352417" r24="0" r31="0.36548984" r32="0.02584649" r33="0.9304563" r34="0" r41="1349.4473" r42="119.86621" r43="-898.9438" r44="1"></containerEntry>
          <containerEntry r11="-0.5524491" r12="-0.2647394" r13="0.7903841" r14="0" r21="0.5983538" r22="0.53420216" r23="0.5971591" r24="0" r31="-0.580316" r32="0.80283207" r33="-0.13670999" r34="0" r41="1402.783" r42="123.097404" r43="-903.09155" r44="1"></containerEntry>
        </property>
        <property name="colors" type="UInt32" container="DynamicArray" arraySize="6">
          <containerEntry>4294967295</containerEntry>
          <containerEntry>4294967295</containerEntry>
          <containerEntry>4294967295</containerEntry>
          <containerEntry>4294967295</containerEntry>
          <containerEntry>4294967295</containerEntry>
          <containerEntry>4294967295</containerEntry>
        </property>
      </staticProperties>
      <dynamicProperties></dynamicProperties>
    </entity>
    <entity class="StaticModelArray" classVersion="4" classID="0xD0" addr="0x2D79F50" id="0x0">
      <staticProperties>
        <property name="name" type="String" container="StaticArray" arraySize="1">
          <containerEntry>StaticModelArray0005</containerEntry>
        </property>
        <property name="dataSet" type="EntityHandle" container="StaticArray" arraySize="1">
          <containerEntry>0x2EF4AE0</containerEntry>
        </property>
        <property name="modelFile" type="FilePtr" container="StaticArray" arraySize="1">
          <containerEntry>/Assets/tpp/environ/object/middle_africa/tree/mafr_tree031/scenes/mafr_tree031_vrtn007.fmdl</containerEntry>
        </property>
        <property name="geomFile" type="FilePtr" container="StaticArray" arraySize="1">
          <containerEntry>/Assets/tpp/environ/object/middle_africa/tree/mafr_tree031/scenes/mafr_tree031_vrtn007.geom</containerEntry>
        </property>
        <property name="isVisibleGeom" type="Bool" container="StaticArray" arraySize="1">
          <containerEntry>false</containerEntry>
        </property>
        <property name="lodFarSize" type="Float" container="StaticArray" arraySize="1">
          <containerEntry>-1</containerEntry>
        </property>
        <property name="lodNearSize" type="Float" container="StaticArray" arraySize="1">
          <containerEntry>-1</containerEntry>
        </property>
        <property name="lodPolygonSize" type="Float" container="StaticArray" arraySize="1">
          <containerEntry>-1</containerEntry>
        </property>
        <property name="drawRejectionLevel" type="Int32" container="StaticArray" arraySize="1">
          <containerEntry>8</containerEntry>
        </property>
        <property name="drawMode" type="Int32" container="StaticArray" arraySize="1">
          <containerEntry>0</containerEntry>
        </property>
        <property name="rejectFarRangeShadowCast" type="Int32" container="StaticArray" arraySize="1">
          <containerEntry>2</containerEntry>
        </property>
        <property name="parentLocator" type="EntityLink" container="StaticArray" arraySize="1">
          <containerEntry packagePathHash="0xB8A0BF169F98" archivePathHash="0xB8A0BF169F98" nameInArchiveHash="0xB8A0BF169F98">0x0</containerEntry>
        </property>
        <property name="transforms" type="Matrix4" container="DynamicArray" arraySize="2">
          <containerEntry r11="0.4380622" r12="0" r13="-0.8989447" r14="0" r21="0" r22="1" r23="0" r24="0" r31="0.8989447" r32="0" r33="0.4380622" r34="0" r41="1357.8529" r42="145.92516" r43="-996.69293" r44="1"></containerEntry>
          <containerEntry r11="0.98263234" r12="0" r13="-0.18556307" r14="0" r21="0" r22="1" r23="0" r24="0" r31="0.18556307" r32="0" r33="0.98263234" r34="0" r41="1374.992" r42="148.72516" r43="-1014.523" r44="1"></containerEntry>
        </property>
        <property name="colors" type="UInt32" container="DynamicArray" arraySize="2">
          <containerEntry>4294967295</containerEntry>
          <containerEntry>4294967295</containerEntry>
        </property>
      </staticProperties>
