<fox formatVersion="2" fileVersion="0">
  <entities>
    <entity class="DataSet" classVersion="0" classID="0xE8" addr="0x2EF46F0" id="0x56401B4">
      <staticProperties>
        <property name="name" type="String" container="StaticArray" arraySize="1">
          <containerEntry hash="0xB8A0BF169F98"></containerEntry>
        </property>
        <property name="dataSet" type="EntityHandle" container="StaticArray" arraySize="1">
          <containerEntry>0x0</containerEntry>
        </property>
        <property name="dataList" type="EntityPtr" container="StringMap" arraySize="8">
          <containerEntry key="mafr_rock001_vrtn002_0000">
            <data>0x2D76EC0</data>
          </containerEntry>
          <containerEntry key="StaticModelArray0000">
            <data>0x2D7D600</data>
          </containerEntry>
          <containerEntry key="StaticModelArray0001">
            <data>0x2D7D6E0</data>
          </containerEntry>
          <containerEntry key="StaticModelArray0002">
            <data>0x2D7D670</data>
          </containerEntry>
          <containerEntry key="StaticModelArray0003">
            <data>0x2D7D4B0</data>
          </containerEntry>
          <containerEntry key="StaticModelArray0004">
            <data>0x2D7D440</data>
          </containerEntry>
          <containerEntry key="StaticModelArray0005">
            <data>0x2D7D0C0</data>
          </containerEntry>
          <containerEntry key="TexturePackLoadConditioner0000">
            <data>0x2D7DD70</data>
          </containerEntry>
        </property>
      </staticProperties>
      <dynamicProperties></dynamicProperties>
    </entity>
    <entity class="StaticModel" classVersion="9" classID="0x160" addr="0x2D76EC0" id="0x564028F">
      <staticProperties>
        <property name="name" type="String" container="StaticArray" arraySize="1">
          <containerEntry>mafr_rock001_vrtn002_0000</containerEntry>
        </property>
        <property name="dataSet" type="EntityHandle" container="StaticArray" arraySize="1">
          <containerEntry>0x2EF46F0</containerEntry>
        </property>
        <property name="parent" type="EntityHandle" container="StaticArray" arraySize="1">
          <containerEntry>0x0</containerEntry>
        </property>
        <property name="transform" type="EntityPtr" container="StaticArray" arraySize="1">
          <containerEntry>0x2D76F30</containerEntry>
        </property>
        <property name="shearTransform" type="EntityPtr" container="StaticArray" arraySize="1">
          <containerEntry>0x0</containerEntry>
        </property>
        <property name="pivotTransform" type="EntityPtr" container="StaticArray" arraySize="1">
          <containerEntry>0x0</containerEntry>
        </property>
        <property name="children" type="EntityHandle" container="List"></property>
        <property name="flags" type="UInt32" container="StaticArray" arraySize="1">
          <containerEntry>2147483655</containerEntry>
        </property>
        <property name="modelFile" type="FilePtr" container="StaticArray" arraySize="1">
          <containerEntry>/Assets/tpp/environ/object/middle_africa/rock/mafr_rock001/scenes/mafr_rock001_vrtn002.fmdl</containerEntry>
        </property>
        <property name="geomFile" type="FilePtr" container="StaticArray" arraySize="1">
          <containerEntry>/Assets/tpp/environ/object/middle_africa/rock/mafr_rock001/scenes/mafr_rock001_vrtn002.geom</containerEntry>
        </property>
        <property name="isVisibleGeom" type="Bool" container="StaticArray" arraySize="1">
          <containerEntry>false</containerEntry>
        </property>
        <property name="isIsolated" type="Bool" container="StaticArray" arraySize="1">
          <containerEntry>false</containerEntry>
        </property>
        <property name="lodFarSize" type="Float" container="StaticArray" arraySize="1">
          <containerEntry>-1</containerEntry>
        </property>
        <property name="lodNearSize" type="Float" container="StaticArray" arraySize="1">
          <containerEntry>-1</containerEntry>
        </property>
        <property name="lodPolygonSize" type="Float" container="StaticArray" arraySize="1">
          <containerEntry>-1</containerEntry>
        </property>
        <property name="color" type="Color" container="StaticArray" arraySize="1">
          <containerEntry r="1" g="1" b="1" a="1"></containerEntry>
        </property>
        <property name="drawRejectionLevel" type="Int32" container="StaticArray" arraySize="1">
          <containerEntry>8</containerEntry>
        </property>
        <property name="drawMode" type="Int32" container="StaticArray" arraySize="1">
          <containerEntry>0</containerEntry>
        </property>
        <property name="rejectFarRangeShadowCast" type="Int32" container="StaticArray" arraySize="1">
          <containerEntry>2</containerEntry>
        </property>
      </staticProperties>
      <dynamicProperties></dynamicProperties>
    </entity>
    <entity class="TransformEntity" classVersion="0" classID="0x50" addr="0x2D76F30" id="0x5640292">
      <staticProperties>
        <property name="owner" type="EntityHandle" container="StaticArray" arraySize="1">
          <containerEntry>0x2D76EC0</containerEntry>
        </property>
        <property name="transform_scale" type="Vector3" container="StaticArray" arraySize="1">
          <containerEntry x="1" y="1" z="1" w="0"></containerEntry>
        </property>
        <property name="transform_rotation_quat" type="Quat" container="StaticArray" arraySize="1">
          <containerEntry x="-0.062127" y="0.771677" z="0.051988" w="0.630835"></containerEntry>
        </property>
        <property name="transform_translation" type="Vector3" container="StaticArray" arraySize="1">
          <containerEntry x="1651.5165" y="-12.070585" z="1505.7705" w="0"></containerEntry>
        </property>
      </staticProperties>
      <dynamicProperties></dynamicProperties>
    </entity>
    <entity class="StaticModelArray" classVersion="4" classID="0xD0" addr="0x2D7D600" id="0x0">
      <staticProperties>
        <property name="name" type="String" container="StaticArray" arraySize="1">
          <containerEntry>StaticModelArray0000</containerEntry>
        </property>
        <property name="dataSet" type="EntityHandle" container="StaticArray" arraySize="1">
          <containerEntry>0x2EF46F0</containerEntry>
        </property>
        <property name="modelFile" type="FilePtr" container="StaticArray" arraySize="1">
          <containerEntry>/Assets/tpp/environ/object/middle_africa/cliff/mafr_clff003/scenes/mafr_clff003_vrtn001.fmdl</containerEntry>
        </property>
        <property name="geomFile" type="FilePtr" container="StaticArray" arraySize="1">
          <containerEntry>/Assets/tpp/environ/object/middle_africa/cliff/mafr_clff003/scenes/mafr_clff003_vrtn001.geom</containerEntry>
        </property>
        <property name="isVisibleGeom" type="Bool" container="StaticArray" arraySize="1">
          <containerEntry>false</containerEntry>
        </property>
        <property name="lodFarSize" type="Float" container="StaticArray" arraySize="1">
          <containerEntry>-1</containerEntry>
        </property>
        <property name="lodNearSize" type="Float" container="StaticArray" arraySize="1">
          <containerEntry>-1</containerEntry>
        </property>
        <property name="lodPolygonSize" type="Float" container="StaticArray" arraySize="1">
          <containerEntry>-1</containerEntry>
        </property>
        <property name="drawRejectionLevel" type="Int32" container="StaticArray" arraySize="1">
          <containerEntry>8</containerEntry>
        </property>
        <property name="drawMode" type="Int32" container="StaticArray" arraySize="1">
          <containerEntry>0</containerEntry>
        </property>
        <property name="rejectFarRangeShadowCast" type="Int32" container="StaticArray" arraySize="1">
          <containerEntry>2</containerEntry>
        </property>
        <property name="parentLocator" type="EntityLink" container="StaticArray" arraySize="1">
          <containerEntry packagePathHash="0xB8A0BF169F98" archivePathHash="0xB8A0BF169F98" nameInArchiveHash="0xB8A0BF169F98">0x0</containerEntry>
        </property>
        <property name="transforms" type="Matrix4" container="DynamicArray" arraySize="12">
          <containerEntry r11="0.75322616" r12="0.054581866" r13="-0.65549177" r14="0" r21="-0.4673192" r22="0.745708" r23="-0.47490066" r24="0" r31="0.46288377" r32="0.66403216" r33="0.58719414" r34="0" r41="1563.2051" r42="-13.934478" r43="1484.5911" r44="1"></containerEntry>
          <containerEntry r11="0.11615018" r12="0.012376368" r13="0.9931508" r14="0" r21="0.62057006" r22="0.7798199" r23="-0.08229166" r24="0" r31="-0.7754963" r32="0.6258801" r33="0.08289659" r34="0" r41="1556.3738" r42="-14.286558" r43="1484.5911" r44="1"></containerEntry>
          <containerEntry r11="-0.5730679" r12="0.035561655" r13="0.48251536" r14="0" r21="0.38799238" r22="0.48063236" r23="0.42538565" r24="0" r31="-0.28904602" r32="0.5746534" r33="-0.38564175" r34="0" r41="1587.0636" r42="-12.962437" r43="1474.2877" r44="1"></containerEntry>
          <containerEntry r11="0.2265413" r12="-0.024604395" r13="0.71454257" r14="0" r21="0.4194532" r22="0.61158097" r23="-0.111924626" r24="0" r31="-0.5789953" r32="0.4334313" r33="0.198492" r34="0" r41="1602.062" r42="-12.876374" r43="1484.7412" r44="1"></containerEntry>
          <containerEntry r11="-0.7389332" r12="0.013304049" r13="-0.12764834" r14="0" r21="-0.058920756" r22="0.6275321" r23="0.40648645" r24="0" r31="0.114015095" r32="0.41051906" r33="-0.61722654" r34="0" r41="1638.7001" r42="-14.174079" r43="1533.469" r44="1"></containerEntry>
          <containerEntry r11="0.54797786" r12="-0.09729139" r13="-0.5027462" r14="0" r21="-0.052822962" r22="0.721671" r23="-0.19723237" r24="0" r31="0.5093419" r32="0.17951396" r33="0.52042735" r34="0" r41="1644.2643" r42="-14.174079" r43="1524.0383" r44="1"></containerEntry>
          <containerEntry r11="0.2354549" r12="0.0030394793" r13="0.9718786" r14="0" r21="0.5659002" r22="0.812562" r23="-0.13963921" r24="0" r31="-0.79013556" r32="0.58286613" r33="0.18960202" r34="0" r41="1617.7183" r42="-14.091311" r43="1524.0383" r44="1"></containerEntry>
          <containerEntry r11="-0.92570114" r12="-0.13310488" r13="0.35405022" r14="0" r21="0.15028824" r22="0.7295444" r23="0.6672159" r24="0" r31="-0.34710503" r32="0.6708552" r33="-0.6553347" r34="0" r41="1621.0286" r42="-13.812721" r43="1517.0183" r44="1"></containerEntry>
          <containerEntry r11="0.26571858" r12="-0.090059265" r13="0.69554317" r14="0" r21="0.46423942" r22="0.5801103" r23="-0.10223908" r24="0" r31="-0.52571166" r32="0.46675515" r33="0.26127416" r34="0" r41="1639.5283" r42="-11.765702" r43="1520.2179" r44="1"></containerEntry>
          <containerEntry r11="-0.6534039" r12="-0.09718801" r13="0.7507379" r14="0" r21="0.44374287" r22="0.75430006" r23="0.48386165" r24="0" r31="-0.61330676" r32="0.6492952" r33="-0.44973463" r34="0" r41="1581.4741" r42="-15.463784" r43="1505.5991" r44="1"></containerEntry>
          <containerEntry r11="-0.6227312" r12="0.048836395" r13="-0.7809043" r14="0" r21="-0.4442711" r22="0.79948545" r23="0.4042834" r24="0" r31="0.6440649" r32="0.598696" r33="-0.47616696" r34="0" r41="1576.3436" r42="-14.452928" r43="1492.0657" r44="1"></containerEntry>
          <containerEntry r11="-0.71584547" r12="-0.060705848" r13="-0.21534723" r14="0" r21="-0.17981791" r22="0.58564264" r23="0.43265182" r24="0" r31="0.13313583" r32="0.46458244" r33="-0.57352674" r34="0" r41="1646.5502" r42="-12.953156" r43="1486.363" r44="1"></containerEntry>
        </property>
        <property name="colors" type="UInt32" container="DynamicArray" arraySize="12">
          <containerEntry>4294967295</containerEntry>
          <containerEntry>4294967295</containerEntry>
          <containerEntry>4294967295</containerEntry>
          <containerEntry>4294967295</containerEntry>
          <containerEntry>4294967295</containerEntry>
          <containerEntry>4294967295</containerEntry>
          <containerEntry>4294967295</containerEntry>
          <containerEntry>4294967295</containerEntry>
          <containerEntry>4294967295</containerEntry>
          <containerEntry>4294967295</containerEntry>
          <containerEntry>4294967295</containerEntry>
          <containerEntry>4294967295</containerEntry>
        </property>
      </staticProperties>
      <dynamicProperties></dynamicProperties>
    </entity>
    <entity class="StaticModelArray" classVersion="4" classID="0xD0" addr="0x2D7D6E0" id="0x0">
      <staticProperties>
        <property name="name" type="String" container="StaticArray" arraySize="1">
          <containerEntry>StaticModelArray0001</containerEntry>
        </property>
        <property name="dataSet" type="EntityHandle" container="StaticArray" arraySize="1">
          <containerEntry>0x2EF46F0</containerEntry>
        </property>
        <property name="modelFile" type="FilePtr" container="StaticArray" arraySize="1">
          <containerEntry>/Assets/tpp/environ/object/middle_africa/rock/mafr_rock001/scenes/mafr_rock001_vrtn003.fmdl</containerEntry>
        </property>
        <property name="geomFile" type="FilePtr" container="StaticArray" arraySize="1">
          <containerEntry>/Assets/tpp/environ/object/middle_africa/rock/mafr_rock001/scenes/mafr_rock001_vrtn003.geom</containerEntry>
        </property>
        <property name="isVisibleGeom" type="Bool" container="StaticArray" arraySize="1">
          <containerEntry>false</containerEntry>
        </property>
        <property name="lodFarSize" type="Float" container="StaticArray" arraySize="1">
          <containerEntry>-1</containerEntry>
        </property>
        <property name="lodNearSize" type="Float" container="StaticArray" arraySize="1">
          <containerEntry>-1</containerEntry>
        </property>
        <property name="lodPolygonSize" type="Float" container="StaticArray" arraySize="1">
          <containerEntry>-1</containerEntry>
        </property>
        <property name="drawRejectionLevel" type="Int32" container="StaticArray" arraySize="1">
          <containerEntry>8</containerEntry>
        </property>
        <property name="drawMode" type="Int32" container="StaticArray" arraySize="1">
          <containerEntry>0</containerEntry>
        </property>
        <property name="rejectFarRangeShadowCast" type="Int32" container="StaticArray" arraySize="1">
          <containerEntry>2</containerEntry>
        </property>
        <property name="parentLocator" type="EntityLink" container="StaticArray" arraySize="1">
          <containerEntry packagePathHash="0xB8A0BF169F98" archivePathHash="0xB8A0BF169F98" nameInArchiveHash="0xB8A0BF169F98">0x0</containerEntry>
        </property>
        <property name="transforms" type="Matrix4" container="DynamicArray" arraySize="12">
          <containerEntry r11="0.9984922" r12="0.052414082" r13="0.016311023" r14="0" r21="-0.052651346" r22="0.99850804" r23="0.014473478" r24="0" r31="-0.0155280745" r32="-0.015310454" r33="0.9997622" r34="0" r41="1572.5315" r42="-11.480723" r43="1430.8982" r44="1"></containerEntry>
          <containerEntry r11="-0.64943445" r12="0.010763375" r13="0.76033854" r14="0" r21="-0.012626657" r22="0.9996093" r23="-0.024935413" r24="0" r31="-0.76030993" r32="-0.025794517" r33="-0.6490448" r34="0" r41="1565.6925" r42="-11.51717" r43="1434.7632" r44="1"></containerEntry>
          <containerEntry r11="0.899347" r12="0.09853408" r13="0.4259881" r14="0" r21="-0.059568" r22="0.9928041" r23="-0.103882544" r24="0" r31="-0.43315873" r32="0.06805118" r33="0.89874494" r34="0" r41="1613.4279" r42="-11.548275" r43="1445.1908" r44="1"></containerEntry>
          <containerEntry r11="-0.83357173" r12="0.025840512" r13="-0.55180246" r14="0" r21="-0.080187745" r22="0.9826648" r23="0.16715196" r24="0" r31="0.5465562" r32="0.18358138" r33="-0.81704944" r34="0" r41="1633.5717" r42="-11.623271" r43="1435.3385" r44="1"></containerEntry>
          <containerEntry r11="-0.18057485" r12="-0.03475663" r13="-0.9829448" r14="0" r21="-0.06970971" r22="0.9973145" r23="-0.022458311" r24="0" r31="0.9810856" r32="0.06446546" r33="-0.18251276" r34="0" r41="1583.8488" r42="-10.994201" r43="1439.8025" r44="1"></containerEntry>
          <containerEntry r11="0.66465735" r12="0.038477667" r13="0.746156" r14="0" r21="-0.06633682" r22="0.99776804" r23="0.0076383576" r24="0" r31="-0.74419665" r32="-0.0545746" r33="0.6657263" r34="0" r41="1589.2726" r42="-11.127978" r43="1503.3064" r44="1"></containerEntry>
          <containerEntry r11="-0.68737936" r12="-0.014093667" r13="0.7261603" r14="0" r21="0.12633896" r22="1.0711011" r23="0.14038032" r24="0" r31="-0.7169478" r32="0.17307183" r33="-0.67529976" r34="0" r41="1645.5737" r42="-8.510466" r43="1510.4014" r44="1"></containerEntry>
          <containerEntry r11="0.9794677" r12="0" r13="-0.20160119" r14="0" r21="0" r22="1" r23="0" r24="0" r31="0.20160119" r32="0" r33="0.9794677" r34="0" r41="1661.0074" r42="-11.986541" r43="1522.6716" r44="1"></containerEntry>
          <containerEntry r11="0.6504851" r12="0" r13="-0.75951934" r14="0" r21="0" r22="1" r23="0" r24="0" r31="0.75951934" r32="0" r33="0.6504851" r34="0" r41="1628.7122" r42="-9.422425" r43="1509.65" r44="1"></containerEntry>
          <containerEntry r11="0.98950064" r12="0.008244249" r13="0.14429335" r14="0" r21="-0.0027767394" r22="0.9992719" r23="-0.03805214" r24="0" r31="-0.144502" r32="0.037251957" r33="0.9888031" r34="0" r41="1640.8448" r42="-9.061088" r43="1497.0131" r44="1"></containerEntry>
          <containerEntry r11="0.8426913" r12="-0.0045912545" r13="-0.5383773" r14="0" r21="-0.069743805" r22="1.1119994" r23="-0.11864898" r24="0" r31="0.5347867" r32="0.12274424" r33="0.8360244" r34="0" r41="1601.9027" r42="-11.064271" r43="1479.2881" r44="1"></containerEntry>
          <containerEntry r11="-0.58909565" r12="-0.00013925508" r13="-0.8080629" r14="0" r21="-0.045907468" r22="1.1028725" r23="0.033277508" r24="0" r31="0.8069929" r32="0.05134319" r33="-0.5883245" r34="0" r41="1557.6808" r42="-11.031418" r43="1497.7683" r44="1"></containerEntry>
        </property>
        <property name="colors" type="UInt32" container="DynamicArray" arraySize="12">
          <containerEntry>4294967295</containerEntry>
          <containerEntry>4294967295</containerEntry>
          <containerEntry>4294967295</containerEntry>
          <containerEntry>4294967295</containerEntry>
          <containerEntry>4294967295</containerEntry>
          <containerEntry>4294967295</containerEntry>
          <containerEntry>4294967295</containerEntry>
          <containerEntry>4294967295</containerEntry>
          <containerEntry>4294967295</containerEntry>
          <containerEntry>4294967295</containerEntry>
          <containerEntry>4294967295</containerEntry>
          <containerEntry>4294967295</containerEntry>
        </property>
      </staticProperties>
      <dynamicProperties></dynamicProperties>
    </entity>
    <entity class="StaticModelArray" classVersion="4" classID="0xD0" addr="0x2D7D670" id="0x0">
      <staticProperties>
        <property name="name" type="String" container="StaticArray" arraySize="1">
          <containerEntry>StaticModelArray0002</containerEntry>
        </property>
        <property name="dataSet" type="EntityHandle" container="StaticArray" arraySize="1">
          <containerEntry>0x2EF46F0</containerEntry>
        </property>
        <property name="modelFile" type="FilePtr" container="StaticArray" arraySize="1">
          <containerEntry>/Assets/tpp/environ/object/middle_africa/rock/mafr_rock002/scenes/mafr_rock002.fmdl</containerEntry>
        </property>
        <property name="geomFile" type="FilePtr" container="StaticArray" arraySize="1">
          <containerEntry>/Assets/tpp/environ/object/middle_africa/rock/mafr_rock002/scenes/mafr_rock002.geom</containerEntry>
        </property>
        <property name="isVisibleGeom" type="Bool" container="StaticArray" arraySize="1">
          <containerEntry>false</containerEntry>
        </property>
        <property name="lodFarSize" type="Float" container="StaticArray" arraySize="1">
          <containerEntry>-1</containerEntry>
        </property>
        <property name="lodNearSize" type="Float" container="StaticArray" arraySize="1">
          <containerEntry>-1</containerEntry>
        </property>
        <property name="lodPolygonSize" type="Float" container="StaticArray" arraySize="1">
          <containerEntry>-1</containerEntry>
        </property>
        <property name="drawRejectionLevel" type="Int32" container="StaticArray" arraySize="1">
          <containerEntry>8</containerEntry>
        </property>
        <property name="drawMode" type="Int32" container="StaticArray" arraySize="1">
          <containerEntry>0</containerEntry>
        </property>
        <property name="rejectFarRangeShadowCast" type="Int32" container="StaticArray" arraySize="1">
          <containerEntry>2</containerEntry>
        </property>
        <property name="parentLocator" type="EntityLink" container="StaticArray" arraySize="1">
          <containerEntry packagePathHash="0xB8A0BF169F98" archivePathHash="0xB8A0BF169F98" nameInArchiveHash="0xB8A0BF169F98">0x0</containerEntry>
        </property>
        <property name="transforms" type="Matrix4" container="DynamicArray" arraySize="5">
          <containerEntry r11="0.44690806" r12="0.02045796" r13="0.8943449" r14="0" r21="0.010484092" r22="0.99955004" r23="-0.028103458" r24="0" r31="-0.8945174" r32="0.021936057" r33="0.44649246" r34="0" r41="1581.4246" r42="-9.912563" r43="1475.6748" r44="1"></containerEntry>
          <containerEntry r11="0.7750077" r12="0.028771421" r13="-0.6312949" r14="0" r21="-0.031679425" r22="0.9994759" r23="0.006660189" r24="0" r31="0.63115567" r32="0.014837358" r33="0.775513" r34="0" r41="1614.4551" r42="-10.411324" r43="1481.148" r44="1"></containerEntry>
          <containerEntry r11="-0.47227642" r12="0.029004533" r13="-0.8809709" r14="0" r21="-0.0116435625" r22="0.999166" r23="0.039137855" r24="0" r31="0.8813713" r32="0.028741568" r33="-0.4715448" r34="0" r41="1608.5962" r42="-10.442731" r43="1482.9983" r44="1"></containerEntry>
          <containerEntry r11="-0.6905774" r12="0.020456536" r13="0.72296804" r14="0" r21="0.029991444" r22="0.9995501" r23="0.00036526565" r24="0" r31="-0.7226353" r32="0.021935098" r33="-0.6908802" r34="0" r41="1635.902" r42="-10.97922" r43="1416.5874" r44="1"></containerEntry>
          <containerEntry r11="-0.976839" r12="0.028770799" r13="0.21203116" r14="0" r21="0.031261496" r22="0.9994759" r23="0.008403031" r24="0" r31="-0.21167827" r32="0.0148368105" r33="-0.9772265" r34="0" r41="1644.1531" r42="-10.411324" r43="1483.7084" r44="1"></containerEntry>
        </property>
        <property name="colors" type="UInt32" container="DynamicArray" arraySize="5">
          <containerEntry>4294967295</containerEntry>
          <containerEntry>4294967295</containerEntry>
          <containerEntry>4294967295</containerEntry>
          <containerEntry>4294967295</containerEntry>
          <containerEntry>4294967295</containerEntry>
        </property>
      </staticProperties>
      <dynamicProperties></dynamicProperties>
    </entity>
    <entity class="StaticModelArray" classVersion="4" classID="0xD0" addr="0x2D7D4B0" id="0x0">
      <staticProperties>
        <property name="name" type="String" container="StaticArray" arraySize="1">
          <containerEntry>StaticModelArray0003</containerEntry>
        </property>
        <property name="dataSet" type="EntityHandle" container="StaticArray" arraySize="1">
          <containerEntry>0x2EF46F0</containerEntry>
        </property>
        <property name="modelFile" type="FilePtr" container="StaticArray" arraySize="1">
          <containerEntry>/Assets/tpp/environ/object/middle_africa/rock/mafr_rock001/scenes/mafr_rock001_vrtn001.fmdl</containerEntry>
        </property>
        <property name="geomFile" type="FilePtr" container="StaticArray" arraySize="1">
          <containerEntry>/Assets/tpp/environ/object/middle_africa/rock/mafr_rock001/scenes/mafr_rock001_vrtn001.geom</containerEntry>
        </property>
        <property name="isVisibleGeom" type="Bool" container="StaticArray" arraySize="1">
          <containerEntry>false</containerEntry>
        </property>
        <property name="lodFarSize" type="Float" container="StaticArray" arraySize="1">
          <containerEntry>-1</containerEntry>
        </property>
        <property name="lodNearSize" type="Float" container="StaticArray" arraySize="1">
          <containerEntry>-1</containerEntry>
        </property>
        <property name="lodPolygonSize" type="Float" container="StaticArray" arraySize="1">
          <containerEntry>-1</containerEntry>
        </property>
        <property name="drawRejectionLevel" type="Int32" container="StaticArray" arraySize="1">
          <containerEntry>8</containerEntry>
        </property>
        <property name="drawMode" type="Int32" container="StaticArray" arraySize="1">
          <containerEntry>0</containerEntry>
        </property>
        <property name="rejectFarRangeShadowCast" type="Int32" container="StaticArray" arraySize="1">
          <containerEntry>2</containerEntry>
        </property>
        <property name="parentLocator" type="EntityLink" container="StaticArray" arraySize="1">
          <containerEntry packagePathHash="0xB8A0BF169F98" archivePathHash="0xB8A0BF169F98" nameInArchiveHash="0xB8A0BF169F98">0x0</containerEntry>
        </property>
        <property name="transforms" type="Matrix4" container="DynamicArray" arraySize="3">
          <containerEntry r11="0.982333" r12="-0.0004772283" r13="-0.18714078" r14="0" r21="-0.039147347" r22="0.9773487" r23="-0.20798314" r24="0" r31="0.18300106" r32="0.21163476" r33="0.96006316" r34="0" r41="1570.8123" r42="-12.073831" r43="1450.3429" r44="1"></containerEntry>
          <containerEntry r11="-0.08739514" r12="-0.096267015" r13="-0.68781936" r14="0" r21="-0.042577937" r22="0.6926817" r23="-0.09153764" r24="0" r31="0.6932171" r32="0.030408598" r33="-0.09233693" r34="0" r41="1651.7991" r42="-12.407479" r43="1517.4014" r44="1"></containerEntry>
          <containerEntry r11="-0.82692057" r12="-0.014685348" r13="-0.5621283" r14="0" r21="-0.08616597" r22="0.99116224" r23="0.100860976" r24="0" r31="0.5556792" r32="0.13184024" r33="-0.8208778" r34="0" r41="1632.4323" r42="-12.407479" r43="1531.2883" r44="1"></containerEntry>
        </property>
        <property name="colors" type="UInt32" container="DynamicArray" arraySize="3">
          <containerEntry>4294967295</containerEntry>
          <containerEntry>4294967295</containerEntry>
          <containerEntry>4294967295</containerEntry>
        </property>
      </staticProperties>
      <dynamicProperties></dynamicProperties>
    </entity>
    <entity class="StaticModelArray" classVersion="4" classID="0xD0" addr="0x2D7D440" id="0x0">
      <staticProperties>
        <property name="name" type="String" container="StaticArray" arraySize="1">
          <containerEntry>StaticModelArray0004</containerEntry>
        </property>
        <property name="dataSet" type="EntityHandle" container="StaticArray" arraySize="1">
          <containerEntry>0x2EF46F0</containerEntry>
        </property>
        <property name="modelFile" type="FilePtr" container="StaticArray" arraySize="1">
          <containerEntry>/Assets/tpp/environ/object/middle_africa/rock/mafr_rock010/scenes/mafr_rock010.fmdl</containerEntry>
        </property>
        <property name="geomFile" type="FilePtr" container="StaticArray" arraySize="1">
          <containerEntry>/Assets/tpp/environ/object/middle_africa/rock/mafr_rock010/scenes/mafr_rock010.geom</containerEntry>
        </property>
        <property name="isVisibleGeom" type="Bool" container="StaticArray" arraySize="1">
          <containerEntry>false</containerEntry>
        </property>
        <property name="lodFarSize" type="Float" container="StaticArray" arraySize="1">
          <containerEntry>-1</containerEntry>
        </property>
        <property name="lodNearSize" type="Float" container="StaticArray" arraySize="1">
          <containerEntry>-1</containerEntry>
        </property>
        <property name="lodPolygonSize" type="Float" container="StaticArray" arraySize="1">
          <containerEntry>-1</containerEntry>
        </property>
        <property name="drawRejectionLevel" type="Int32" container="StaticArray" arraySize="1">
          <containerEntry>8</containerEntry>
        </property>
        <property name="drawMode" type="Int32" container="StaticArray" arraySize="1">
          <containerEntry>0</containerEntry>
        </property>
        <property name="rejectFarRangeShadowCast" type="Int32" container="StaticArray" arraySize="1">
          <containerEntry>2</containerEntry>
        </property>
        <property name="parentLocator" type="EntityLink" container="StaticArray" arraySize="1">
          <containerEntry packagePathHash="0xB8A0BF169F98" archivePathHash="0xB8A0BF169F98" nameInArchiveHash="0xB8A0BF169F98">0x0</containerEntry>
        </property>
        <property name="transforms" type="Matrix4" container="DynamicArray" arraySize="14">
          <containerEntry r11="-0.36798036" r12="0" r13="-0.9298343" r14="0" r21="0" r22="1" r23="0" r24="0" r31="0.9298343" r32="0" r33="-0.36798036" r34="0" r41="1583.7019" r42="-10.720977" r43="1473.0448" r44="1"></containerEntry>
          <containerEntry r11="0.47883463" r12="0" r13="0.87790537" r14="0" r21="0" r22="1" r23="0" r24="0" r31="-0.87790537" r32="0" r33="0.47883463" r34="0" r41="1652.9635" r42="-10.765624" r43="1422.5918" r44="1"></containerEntry>
          <containerEntry r11="0.9999987" r12="0" r13="-0.001624" r14="0" r21="0" r22="1" r23="0" r24="0" r31="0.001624" r32="0" r33="0.9999987" r34="0" r41="1649.1962" r42="-11.424215" r43="1428.2834" r44="1"></containerEntry>
          <containerEntry r11="-0.9917173" r12="-0.05791822" r13="0.114665546" r14="0" r21="-0.063323334" r22="0.99701965" r23="-0.04406781" r24="0" r31="-0.11177147" r32="-0.050963674" r33="-0.9924292" r34="0" r41="1636.1677" r42="-11.808164" r43="1417.7605" r44="1"></containerEntry>
          <containerEntry r11="0.6746755" r12="-0.15042846" r13="0.7226233" r14="0" r21="-0.00045350194" r22="0.9789276" r23="0.20420681" r24="0" r31="-0.7381144" r32="-0.13810106" r33="0.6603904" r34="0" r41="1649.5588" r42="-9.766414" r43="1423.2855" r44="1"></containerEntry>
          <containerEntry r11="-0.92815745" r12="0.18132897" r13="0.32502764" r14="0" r21="0.049123794" r22="0.92533535" r23="-0.37595397" r24="0" r31="-0.36893094" r32="-0.332978" r33="-0.8677644" r34="0" r41="1647.5409" r42="-10.151574" r43="1420.1642" r44="1"></containerEntry>
          <containerEntry r11="-0.8358971" r12="0.012222007" r13="-0.5487488" r14="0" r21="-0.20065872" r22="0.92374665" r23="0.32623336" r24="0" r31="0.5108921" r32="0.382809" r33="-0.76970464" r34="0" r41="1646.2601" r42="-9.942055" r43="1424.032" r44="1"></containerEntry>
          <containerEntry r11="0.7518729" r12="-0.07909989" r13="0.65454566" r14="0" r21="-0.121056825" r22="0.95933586" r23="0.25498998" r24="0" r31="-0.6480988" r32="-0.2709573" r33="0.7117231" r34="0" r41="1567.4745" r42="-10.998779" r43="1496.5824" r44="1"></containerEntry>
          <containerEntry r11="0.95920485" r12="-0.14686707" r13="0.24157" r14="0" r21="0.17454648" r22="0.9798226" r23="-0.097372" r24="0" r31="-0.22239497" r32="0.1355649" r33="0.9654857" r34="0" r41="1571.2361" r42="-9.442753" r43="1496.2198" r44="1"></containerEntry>
          <containerEntry r11="-0.95970416" r12="0.058572527" r13="0.27482685" r14="0" r21="0.067216925" r22="0.99749285" r23="0.022133175" r24="0" r31="-0.27284142" r32="0.039714366" r33="-0.9612351" r34="0" r41="1569.004" r42="-10.812504" r43="1499.5078" r44="1"></containerEntry>
          <containerEntry r11="-0.90615314" r12="0.40103066" r13="-0.13439876" r14="0" r21="0.41165888" r22="0.90918493" r23="-0.06260833" r24="0" r31="0.09708549" r32="-0.11205909" r33="-0.98894864" r34="0" r41="1574.8247" r42="-11.431554" r43="1494.1351" r44="1"></containerEntry>
          <containerEntry r11="-0.81047314" r12="0.10792274" r13="0.5757512" r14="0" r21="0.10958751" r22="0.9934633" r23="-0.031957608" r24="0" r31="-0.5754366" r32="0.03719436" r33="-0.81700224" r34="0" r41="1574.3976" r42="-11.588579" r43="1499.0663" r44="1"></containerEntry>
          <containerEntry r11="0.8091191" r12="-0.22274981" r13="-0.54379094" r14="0" r21="0.08925967" r22="0.96122277" r23="-0.26092824" r24="0" r31="0.5808259" r32="0.16258337" r33="0.79762626" r34="0" r41="1571.4735" r42="-10.859571" r43="1493.091" r44="1"></containerEntry>
          <containerEntry r11="-0.32386613" r12="-0.038121935" r13="0.94533545" r14="0" r21="-0.14033508" r22="0.9900705" r23="-0.0081520155" r24="0" r31="-0.935638" r32="-0.1353039" r33="-0.32600015" r34="0" r41="1566.921" r42="-10.912277" r43="1493.547" r44="1"></containerEntry>
        </property>
        <property name="colors" type="UInt32" container="DynamicArray" arraySize="14">
          <containerEntry>4294967295</containerEntry>
          <containerEntry>4294967295</containerEntry>
          <containerEntry>4294967295</containerEntry>
          <containerEntry>4294967295</containerEntry>
          <containerEntry>4294967295</containerEntry>
          <containerEntry>4294967295</containerEntry>
          <containerEntry>4294967295</containerEntry>
          <containerEntry>4294967295</containerEntry>
          <containerEntry>4294967295</containerEntry>
          <containerEntry>4294967295</containerEntry>
          <containerEntry>4294967295</containerEntry>
          <containerEntry>4294967295</containerEntry>
          <containerEntry>4294967295</containerEntry>
          <containerEntry>4294967295</containerEntry>
        </property>
      </staticProperties>
      <dynamicProperties></dynamicProperties>
    </entity>
    <entity class="StaticModelArray" classVersion="4" classID="0xD0" addr="0x2D7D0C0" id="0x0">
      <staticProperties>
        <property name="name" type="String" container="StaticArray" arraySize="1">
          <containerEntry>StaticModelArray0005</containerEntry>
        </property>
        <property name="dataSet" type="EntityHandle" container="StaticArray" arraySize="1">
          <containerEntry>0x2EF46F0</containerEntry>
        </property>
        <property name="modelFile" type="FilePtr" container="StaticArray" arraySize="1">
          <containerEntry>/Assets/tpp/environ/object/middle_africa/rock/mafr_rock001/scenes/mafr_rock001.fmdl</containerEntry>
        </property>
        <property name="geomFile" type="FilePtr" container="StaticArray" arraySize="1">
          <containerEntry>/Assets/tpp/environ/object/middle_africa/rock/mafr_rock001/scenes/mafr_rock001.geom</containerEntry>
        </property>
        <property name="isVisibleGeom" type="Bool" container="StaticArray" arraySize="1">
          <containerEntry>false</containerEntry>
        </property>
        <property name="lodFarSize" type="Float" container="StaticArray" arraySize="1">
          <containerEntry>-1</containerEntry>
        </property>
        <property name="lodNearSize" type="Float" container="StaticArray" arraySize="1">
          <containerEntry>-1</containerEntry>
        </property>
        <property name="lodPolygonSize" type="Float" container="StaticArray" arraySize="1">
          <containerEntry>-1</containerEntry>
        </property>
        <property name="drawRejectionLevel" type="Int32" container="StaticArray" arraySize="1">
          <containerEntry>8</containerEntry>
        </property>
        <property name="drawMode" type="Int32" container="StaticArray" arraySize="1">
          <containerEntry>0</containerEntry>
        </property>
        <property name="rejectFarRangeShadowCast" type="Int32" container="StaticArray" arraySize="1">
          <containerEntry>2</containerEntry>
        </property>
        <property name="parentLocator" type="EntityLink" container="StaticArray" arraySize="1">
          <containerEntry packagePathHash="0xB8A0BF169F98" archivePathHash="0xB8A0BF169F98" nameInArchiveHash="0xB8A0BF169F98">0x0</containerEntry>
        </property>
        <property name="transforms" type="Matrix4" container="DynamicArray" arraySize="11">
          <containerEntry r11="-0.311808" r12="0" r13="0.9501436" r14="0" r21="0" r22="1" r23="0" r24="0" r31="-0.9501436" r32="0" r33="-0.311808" r34="0" r41="1580.9229" r42="-10.72083" r43="1441.8331" r44="1"></containerEntry>
          <containerEntry r11="-0.7444462" r12="0.13536032" r13="-0.65381616" r14="0" r21="0.086496435" r22="0.9905342" r23="0.10658534" r24="0" r31="0.66205466" r32="0.022794204" r33="-0.74910766" r34="0" r41="1571.8059" r42="-9.023075" r43="1450.6992" r44="1"></containerEntry>
          <containerEntry r11="0.4037404" r12="0.062425718" r13="-0.9127398" r14="0" r21="-0.055606186" r22="0.9974992" r23="0.043625955" r24="0" r31="0.91318065" r32="0.033140335" r33="0.40620196" r34="0" r41="1569.3804" r42="-10.712566" r43="1432.3408" r44="1"></containerEntry>
          <containerEntry r11="0.98966473" r12="0.04928032" r13="0.1346516" r14="0" r21="-0.055606104" r22="0.9974992" r23="0.043626163" r24="0" r31="-0.13216496" r32="-0.050662715" r33="0.9899301" r34="0" r41="1574.5162" r42="-10.79158" r43="1434.214" r44="1"></containerEntry>
          <containerEntry r11="-0.89399534" r12="-0.14386666" r13="-0.42434585" r14="0" r21="-0.05916707" r22="0.97666276" r23="-0.20646802" r24="0" r31="0.4441467" r32="-0.15947464" r33="-0.88164407" r34="0" r41="1658.8405" r42="-11.761195" r43="1519.1622" r44="1"></containerEntry>
          <containerEntry r11="-0.2666153" r12="0.2963" r13="-0.91712546" r14="0" r21="0.23823158" r22="0.942304" r23="0.23517804" r24="0" r31="0.9338943" r32="-0.15578608" r33="-0.32182068" r34="0" r41="1656.3666" r42="-10.705328" r43="1499.0269" r44="1"></containerEntry>
          <containerEntry r11="0.8240183" r12="0.2030881" r13="-0.5289127" r14="0" r21="-0.11386341" r22="0.97386134" r23="0.19654287" r24="0" r31="0.5550032" r32="-0.10173102" r33="0.8256039" r34="0" r41="1667.0729" r42="-11.442301" r43="1514.5983" r44="1"></containerEntry>
          <containerEntry r11="0.8395192" r12="0.096938364" r13="0.5346123" r14="0" r21="0.0786153" r22="0.95192856" r23="-0.29606012" r24="0" r31="-0.5376123" r32="0.29057685" r33="0.79154146" r34="0" r41="1638.5336" r42="-8.784992" r43="1514.5983" r44="1"></containerEntry>
          <containerEntry r11="-0.50373596" r12="0.14286311" r13="-0.851959" r14="0" r21="0.095930494" r22="0.9893815" r23="0.10918599" r24="0" r31="0.8585111" r32="-0.026727766" r33="-0.512092" r34="0" r41="1626.0927" r42="-9.487223" r43="1529.2245" r44="1"></containerEntry>
          <containerEntry r11="0.9343629" r12="-0.018817138" r13="0.35582525" r14="0" r21="0.09539461" r22="0.9753625" r23="-0.19891642" r24="0" r31="-0.34331554" r32="0.21980397" r33="0.91313756" r34="0" r41="1630.0634" r42="-9.602441" r43="1520.45" r44="1"></containerEntry>
          <containerEntry r11="-0.48273784" r12="-0.018817872" r13="0.87555796" r14="0" r21="0.18365653" r22="0.9753624" r23="0.122222245" r24="0" r31="-0.8562862" r32="0.2198042" r33="-0.4673882" r34="0" r41="1630.0634" r42="-9.602441" r43="1519.0967" r44="1"></containerEntry>
        </property>
        <property name="colors" type="UInt32" container="DynamicArray" arraySize="11">
          <containerEntry>4294967295</containerEntry>
          <containerEntry>4294967295</containerEntry>
          <containerEntry>4294967295</containerEntry>
          <containerEntry>4294967295</containerEntry>
          <containerEntry>4294967295</containerEntry>
          <containerEntry>4294967295</containerEntry>
