<fox formatVersion="2" fileVersion="0">
  <entities>
    <entity class="DataSet" classVersion="0" classID="0xE8" addr="0x2F53730" id="0x5B21F">
      <staticProperties>
        <property name="name" type="String" container="StaticArray" arraySize="1">
          <containerEntry hash="0xB8A0BF169F98"></containerEntry>
        </property>
        <property name="dataSet" type="EntityHandle" container="StaticArray" arraySize="1">
          <containerEntry>0x0</containerEntry>
        </property>
        <property name="dataList" type="EntityPtr" container="StringMap" arraySize="12">
          <containerEntry key="afgh_clff035_vrtn002_0000">
            <data>0x2D78900</data>
          </containerEntry>
          <containerEntry key="afgh_clff035_vrtn003_0000">
            <data>0x2D78A50</data>
          </containerEntry>
          <containerEntry key="StaticModelArray0000">
            <data>0x2D7CE90</data>
          </containerEntry>
          <containerEntry key="StaticModelArray0001">
            <data>0x2D7CF00</data>
          </containerEntry>
          <containerEntry key="StaticModelArray0002">
            <data>0x2F53260</data>
          </containerEntry>
          <containerEntry key="StaticModelArray0003">
            <data>0x2D7C410</data>
          </containerEntry>
          <containerEntry key="StaticModelArray0004">
            <data>0x2D7CAA0</data>
          </containerEntry>
          <containerEntry key="StaticModelArray0005">
            <data>0x2D7CDB0</data>
          </containerEntry>
          <containerEntry key="StaticModelArray0006">
            <data>0x2D79690</data>
          </containerEntry>
          <containerEntry key="StaticModelArray0007">
            <data>0x2D7C3A0</data>
          </containerEntry>
          <containerEntry key="StaticModelArray0008">
            <data>0x2D7C480</data>
          </containerEntry>
          <containerEntry key="TexturePackLoadConditioner0000">
            <data>0x2D7D2F0</data>
          </containerEntry>
        </property>
      </staticProperties>
      <dynamicProperties></dynamicProperties>
    </entity>
    <entity class="StaticModel" classVersion="9" classID="0x160" addr="0x2D78900" id="0x5B3FA">
      <staticProperties>
        <property name="name" type="String" container="StaticArray" arraySize="1">
          <containerEntry>afgh_clff035_vrtn002_0000</containerEntry>
        </property>
        <property name="dataSet" type="EntityHandle" container="StaticArray" arraySize="1">
          <containerEntry>0x2F53730</containerEntry>
        </property>
        <property name="parent" type="EntityHandle" container="StaticArray" arraySize="1">
          <containerEntry>0x0</containerEntry>
        </property>
        <property name="transform" type="EntityPtr" container="StaticArray" arraySize="1">
          <containerEntry>0x2D78970</containerEntry>
        </property>
        <property name="shearTransform" type="EntityPtr" container="StaticArray" arraySize="1">
          <containerEntry>0x0</containerEntry>
        </property>
        <property name="pivotTransform" type="EntityPtr" container="StaticArray" arraySize="1">
          <containerEntry>0x0</containerEntry>
        </property>
        <property name="children" type="EntityHandle" container="List"></property>
        <property name="flags" type="UInt32" container="StaticArray" arraySize="1">
          <containerEntry>7</containerEntry>
        </property>
        <property name="modelFile" type="FilePtr" container="StaticArray" arraySize="1">
          <containerEntry>/Assets/tpp/environ/object/afghanistan/cliff/afgh_clff035/scenes/afgh_clff035_vrtn002_gen8.fmdl</containerEntry>
        </property>
        <property name="geomFile" type="FilePtr" container="StaticArray" arraySize="1">
          <containerEntry>/Assets/tpp/environ/object/afghanistan/cliff/afgh_clff035/scenes/afgh_clff035_vrtn002_gen8.geom</containerEntry>
        </property>
        <property name="isVisibleGeom" type="Bool" container="StaticArray" arraySize="1">
          <containerEntry>false</containerEntry>
        </property>
        <property name="isIsolated" type="Bool" container="StaticArray" arraySize="1">
          <containerEntry>false</containerEntry>
        </property>
        <property name="lodFarSize" type="Float" container="StaticArray" arraySize="1">
          <containerEntry>-1</containerEntry>
        </property>
        <property name="lodNearSize" type="Float" container="StaticArray" arraySize="1">
          <containerEntry>-1</containerEntry>
        </property>
        <property name="lodPolygonSize" type="Float" container="StaticArray" arraySize="1">
          <containerEntry>-1</containerEntry>
        </property>
        <property name="color" type="Color" container="StaticArray" arraySize="1">
          <containerEntry r="1" g="1" b="1" a="1"></containerEntry>
        </property>
        <property name="drawRejectionLevel" type="Int32" container="StaticArray" arraySize="1">
          <containerEntry>8</containerEntry>
        </property>
        <property name="drawMode" type="Int32" container="StaticArray" arraySize="1">
          <containerEntry>0</containerEntry>
        </property>
        <property name="rejectFarRangeShadowCast" type="Int32" container="StaticArray" arraySize="1">
          <containerEntry>2</containerEntry>
        </property>
      </staticProperties>
      <dynamicProperties></dynamicProperties>
    </entity>
    <entity class="TransformEntity" classVersion="0" classID="0x50" addr="0x2D78970" id="0x5B3FD">
      <staticProperties>
        <property name="owner" type="EntityHandle" container="StaticArray" arraySize="1">
          <containerEntry>0x2D78900</containerEntry>
        </property>
        <property name="transform_scale" type="Vector3" container="StaticArray" arraySize="1">
          <containerEntry x="1" y="1" z="1" w="0"></containerEntry>
        </property>
        <property name="transform_rotation_quat" type="Quat" container="StaticArray" arraySize="1">
          <containerEntry x="0.049392" y="0.4901" z="0.135902" w="0.859587"></containerEntry>
        </property>
        <property name="transform_translation" type="Vector3" container="StaticArray" arraySize="1">
          <containerEntry x="1298.91" y="339.9405" z="-66.97463" w="0"></containerEntry>
        </property>
      </staticProperties>
      <dynamicProperties></dynamicProperties>
    </entity>
    <entity class="StaticModel" classVersion="9" classID="0x160" addr="0x2D78A50" id="0x5B401">
      <staticProperties>
        <property name="name" type="String" container="StaticArray" arraySize="1">
          <containerEntry>afgh_clff035_vrtn003_0000</containerEntry>
        </property>
        <property name="dataSet" type="EntityHandle" container="StaticArray" arraySize="1">
          <containerEntry>0x2F53730</containerEntry>
        </property>
        <property name="parent" type="EntityHandle" container="StaticArray" arraySize="1">
          <containerEntry>0x0</containerEntry>
        </property>
        <property name="transform" type="EntityPtr" container="StaticArray" arraySize="1">
          <containerEntry>0x2D78AC0</containerEntry>
        </property>
        <property name="shearTransform" type="EntityPtr" container="StaticArray" arraySize="1">
          <containerEntry>0x0</containerEntry>
        </property>
        <property name="pivotTransform" type="EntityPtr" container="StaticArray" arraySize="1">
          <containerEntry>0x0</containerEntry>
        </property>
        <property name="children" type="EntityHandle" container="List"></property>
        <property name="flags" type="UInt32" container="StaticArray" arraySize="1">
          <containerEntry>7</containerEntry>
        </property>
        <property name="modelFile" type="FilePtr" container="StaticArray" arraySize="1">
          <containerEntry>/Assets/tpp/environ/object/afghanistan/cliff/afgh_clff035/scenes/afgh_clff035_vrtn003.fmdl</containerEntry>
        </property>
        <property name="geomFile" type="FilePtr" container="StaticArray" arraySize="1">
          <containerEntry>/Assets/tpp/environ/object/afghanistan/cliff/afgh_clff035/scenes/afgh_clff035_vrtn003.geom</containerEntry>
        </property>
        <property name="isVisibleGeom" type="Bool" container="StaticArray" arraySize="1">
          <containerEntry>false</containerEntry>
        </property>
        <property name="isIsolated" type="Bool" container="StaticArray" arraySize="1">
          <containerEntry>false</containerEntry>
        </property>
        <property name="lodFarSize" type="Float" container="StaticArray" arraySize="1">
          <containerEntry>-1</containerEntry>
        </property>
        <property name="lodNearSize" type="Float" container="StaticArray" arraySize="1">
          <containerEntry>-1</containerEntry>
        </property>
        <property name="lodPolygonSize" type="Float" container="StaticArray" arraySize="1">
          <containerEntry>-1</containerEntry>
        </property>
        <property name="color" type="Color" container="StaticArray" arraySize="1">
          <containerEntry r="1" g="1" b="1" a="1"></containerEntry>
        </property>
        <property name="drawRejectionLevel" type="Int32" container="StaticArray" arraySize="1">
          <containerEntry>8</containerEntry>
        </property>
        <property name="drawMode" type="Int32" container="StaticArray" arraySize="1">
          <containerEntry>0</containerEntry>
        </property>
        <property name="rejectFarRangeShadowCast" type="Int32" container="StaticArray" arraySize="1">
          <containerEntry>2</containerEntry>
        </property>
      </staticProperties>
      <dynamicProperties></dynamicProperties>
    </entity>
    <entity class="TransformEntity" classVersion="0" classID="0x50" addr="0x2D78AC0" id="0x5B404">
      <staticProperties>
        <property name="owner" type="EntityHandle" container="StaticArray" arraySize="1">
          <containerEntry>0x2D78A50</containerEntry>
        </property>
        <property name="transform_scale" type="Vector3" container="StaticArray" arraySize="1">
          <containerEntry x="1" y="1" z="1" w="0"></containerEntry>
        </property>
        <property name="transform_rotation_quat" type="Quat" container="StaticArray" arraySize="1">
          <containerEntry x="0" y="-0.325544" z="0" w="0.945527"></containerEntry>
        </property>
        <property name="transform_translation" type="Vector3" container="StaticArray" arraySize="1">
          <containerEntry x="1351.4954" y="369.8944" z="-97.681526" w="0"></containerEntry>
        </property>
      </staticProperties>
      <dynamicProperties></dynamicProperties>
    </entity>
    <entity class="StaticModelArray" classVersion="4" classID="0xD0" addr="0x2D7CE90" id="0x0">
      <staticProperties>
        <property name="name" type="String" container="StaticArray" arraySize="1">
          <containerEntry>StaticModelArray0000</containerEntry>
        </property>
        <property name="dataSet" type="EntityHandle" container="StaticArray" arraySize="1">
          <containerEntry>0x2F53730</containerEntry>
        </property>
        <property name="modelFile" type="FilePtr" container="StaticArray" arraySize="1">
          <containerEntry>/Assets/tpp/environ/object/afghanistan/cliff/afgh_clff035/scenes/afgh_clff035_vrtn001_gen8.fmdl</containerEntry>
        </property>
        <property name="geomFile" type="FilePtr" container="StaticArray" arraySize="1">
          <containerEntry>/Assets/tpp/environ/object/afghanistan/cliff/afgh_clff035/scenes/afgh_clff035_vrtn001_gen8.geom</containerEntry>
        </property>
        <property name="isVisibleGeom" type="Bool" container="StaticArray" arraySize="1">
          <containerEntry>false</containerEntry>
        </property>
        <property name="lodFarSize" type="Float" container="StaticArray" arraySize="1">
          <containerEntry>-1</containerEntry>
        </property>
        <property name="lodNearSize" type="Float" container="StaticArray" arraySize="1">
          <containerEntry>-1</containerEntry>
        </property>
        <property name="lodPolygonSize" type="Float" container="StaticArray" arraySize="1">
          <containerEntry>-1</containerEntry>
        </property>
        <property name="drawRejectionLevel" type="Int32" container="StaticArray" arraySize="1">
          <containerEntry>8</containerEntry>
        </property>
        <property name="drawMode" type="Int32" container="StaticArray" arraySize="1">
          <containerEntry>0</containerEntry>
        </property>
        <property name="rejectFarRangeShadowCast" type="Int32" container="StaticArray" arraySize="1">
          <containerEntry>2</containerEntry>
        </property>
        <property name="parentLocator" type="EntityLink" container="StaticArray" arraySize="1">
          <containerEntry packagePathHash="0xB8A0BF169F98" archivePathHash="0xB8A0BF169F98" nameInArchiveHash="0xB8A0BF169F98">0x0</containerEntry>
        </property>
        <property name="transforms" type="Matrix4" container="DynamicArray" arraySize="4">
          <containerEntry r11="-0.1599946" r12="-0.03674242" r13="0.9864312" r14="0" r21="-0.026860528" r22="0.9990991" r23="0.03285747" r24="0" r31="-0.9867497" r32="-0.021239018" r33="-0.16083735" r34="0" r41="1400.3834" r42="379.97363" r43="-68.38958" r44="1"></containerEntry>
          <containerEntry r11="0.43036672" r12="-0.052892864" r13="0.9011014" r14="0" r21="0.015931323" r22="0.9985713" r23="0.05100523" r24="0" r31="-0.9025118" r32="-0.0075950976" r33="0.4305945" r34="0" r41="1400.25" r42="378.74332" r43="-43.043724" r44="1"></containerEntry>
          <containerEntry r11="0.11623883" r12="0" r13="0.9932201" r14="0" r21="0" r22="1" r23="0" r24="0" r31="-0.9932201" r32="0" r33="0.11623883" r34="0" r41="1319.7058" r42="334.36206" r43="-37.035892" r44="1"></containerEntry>
          <containerEntry r11="0.750043" r12="0" r13="0.6613892" r14="0" r21="0" r22="1" r23="0" r24="0" r31="-0.6613892" r32="0" r33="0.750043" r34="0" r41="1335.1384" r42="333.97415" r43="-1.988905" r44="1"></containerEntry>
        </property>
        <property name="colors" type="UInt32" container="DynamicArray" arraySize="4">
          <containerEntry>4294967295</containerEntry>
          <containerEntry>4294967295</containerEntry>
          <containerEntry>4294967295</containerEntry>
          <containerEntry>4294967295</containerEntry>
        </property>
      </staticProperties>
      <dynamicProperties></dynamicProperties>
    </entity>
    <entity class="StaticModelArray" classVersion="4" classID="0xD0" addr="0x2D7CF00" id="0x0">
      <staticProperties>
        <property name="name" type="String" container="StaticArray" arraySize="1">
          <containerEntry>StaticModelArray0001</containerEntry>
        </property>
        <property name="dataSet" type="EntityHandle" container="StaticArray" arraySize="1">
          <containerEntry>0x2F53730</containerEntry>
        </property>
        <property name="modelFile" type="FilePtr" container="StaticArray" arraySize="1">
          <containerEntry>/Assets/tpp/environ/object/afghanistan/cliff/afgh_clff022/scenes/afgh_clff022_vrtn004.fmdl</containerEntry>
        </property>
        <property name="geomFile" type="FilePtr" container="StaticArray" arraySize="1">
          <containerEntry>/Assets/tpp/environ/object/afghanistan/cliff/afgh_clff022/scenes/afgh_clff022_vrtn004.geom</containerEntry>
        </property>
        <property name="isVisibleGeom" type="Bool" container="StaticArray" arraySize="1">
          <containerEntry>false</containerEntry>
        </property>
        <property name="lodFarSize" type="Float" container="StaticArray" arraySize="1">
          <containerEntry>-1</containerEntry>
        </property>
        <property name="lodNearSize" type="Float" container="StaticArray" arraySize="1">
          <containerEntry>-1</containerEntry>
        </property>
        <property name="lodPolygonSize" type="Float" container="StaticArray" arraySize="1">
          <containerEntry>-1</containerEntry>
        </property>
        <property name="drawRejectionLevel" type="Int32" container="StaticArray" arraySize="1">
          <containerEntry>8</containerEntry>
        </property>
        <property name="drawMode" type="Int32" container="StaticArray" arraySize="1">
          <containerEntry>0</containerEntry>
        </property>
        <property name="rejectFarRangeShadowCast" type="Int32" container="StaticArray" arraySize="1">
          <containerEntry>2</containerEntry>
        </property>
        <property name="parentLocator" type="EntityLink" container="StaticArray" arraySize="1">
          <containerEntry packagePathHash="0xB8A0BF169F98" archivePathHash="0xB8A0BF169F98" nameInArchiveHash="0xB8A0BF169F98">0x0</containerEntry>
        </property>
        <property name="transforms" type="Matrix4" container="DynamicArray" arraySize="5">
          <containerEntry r11="0.19570425" r12="-0.024023112" r13="0.9803646" r14="0" r21="0.129731" r22="0.9915479" r23="-0.0015997365" r24="0" r31="-0.97204" r32="0.12749738" r33="0.19716674" r34="0" r41="1372.8313" r42="370.0159" r43="-60.065117" r44="1"></containerEntry>
          <containerEntry r11="0.75122964" r12="-0.13736786" r13="0.64558625" r14="0" r21="0.1485387" r22="0.9881982" r23="0.037423454" r24="0" r31="-0.6431079" r32="0.06778146" r33="0.7627683" r34="0" r41="1393.9952" r42="366.08746" r43="-15.684095" r44="1"></containerEntry>
          <containerEntry r11="-0.009075843" r12="0.018045008" r13="0.9997903" r14="0" r21="0.12596476" r22="0.9918931" r23="-0.016758185" r24="0" r31="-0.99198747" r32="0.12578686" r33="-0.011275291" r34="0" r41="1355.4648" r42="347.94653" r43="-29.824926" r44="1"></containerEntry>
          <containerEntry r11="0.4281658" r12="-0.013717331" r13="0.9035919" r14="0" r21="0.12003065" r22="0.991889" r23="-0.04181781" r24="0" r31="-0.89568913" r32="0.12636423" r33="0.4263395" r34="0" r41="1319.6029" r42="320.2567" r43="-20.233564" r44="1"></containerEntry>
          <containerEntry r11="0.81241685" r12="0.2862627" r13="-0.50796664" r14="0" r21="-0.3240676" r22="0.9459182" r23="0.014771342" r24="0" r31="0.48472327" r32="0.15261608" r33="0.8612491" r34="0" r41="1334.4874" r42="369.4809" r43="-112.597885" r44="1"></containerEntry>
        </property>
        <property name="colors" type="UInt32" container="DynamicArray" arraySize="5">
          <containerEntry>4294967295</containerEntry>
          <containerEntry>4294967295</containerEntry>
          <containerEntry>4294967295</containerEntry>
          <containerEntry>4294967295</containerEntry>
          <containerEntry>4294967295</containerEntry>
        </property>
      </staticProperties>
      <dynamicProperties></dynamicProperties>
    </entity>
    <entity class="StaticModelArray" classVersion="4" classID="0xD0" addr="0x2F53260" id="0x0">
      <staticProperties>
        <property name="name" type="String" container="StaticArray" arraySize="1">
          <containerEntry>StaticModelArray0002</containerEntry>
        </property>
        <property name="dataSet" type="EntityHandle" container="StaticArray" arraySize="1">
          <containerEntry>0x2F53730</containerEntry>
        </property>
        <property name="modelFile" type="FilePtr" container="StaticArray" arraySize="1">
          <containerEntry>/Assets/tpp/environ/object/afghanistan/cliff/afgh_clff022/scenes/afgh_clff022_vrtn003.fmdl</containerEntry>
        </property>
        <property name="geomFile" type="FilePtr" container="StaticArray" arraySize="1">
          <containerEntry>/Assets/tpp/environ/object/afghanistan/cliff/afgh_clff022/scenes/afgh_clff022_vrtn003.geom</containerEntry>
        </property>
        <property name="isVisibleGeom" type="Bool" container="StaticArray" arraySize="1">
          <containerEntry>false</containerEntry>
        </property>
        <property name="lodFarSize" type="Float" container="StaticArray" arraySize="1">
          <containerEntry>-1</containerEntry>
        </property>
        <property name="lodNearSize" type="Float" container="StaticArray" arraySize="1">
          <containerEntry>-1</containerEntry>
        </property>
        <property name="lodPolygonSize" type="Float" container="StaticArray" arraySize="1">
          <containerEntry>-1</containerEntry>
        </property>
        <property name="drawRejectionLevel" type="Int32" container="StaticArray" arraySize="1">
          <containerEntry>8</containerEntry>
        </property>
        <property name="drawMode" type="Int32" container="StaticArray" arraySize="1">
          <containerEntry>0</containerEntry>
        </property>
        <property name="rejectFarRangeShadowCast" type="Int32" container="StaticArray" arraySize="1">
          <containerEntry>2</containerEntry>
        </property>
        <property name="parentLocator" type="EntityLink" container="StaticArray" arraySize="1">
          <containerEntry packagePathHash="0xB8A0BF169F98" archivePathHash="0xB8A0BF169F98" nameInArchiveHash="0xB8A0BF169F98">0x0</containerEntry>
        </property>
        <property name="transforms" type="Matrix4" container="DynamicArray" arraySize="10">
          <containerEntry r11="0.57771033" r12="0" r13="-0.8162417" r14="0" r21="0" r22="1" r23="0" r24="0" r31="0.8162417" r32="0" r33="0.57771033" r34="0" r41="1370.2344" r42="380.42166" r43="-83.60517" r44="1"></containerEntry>
          <containerEntry r11="0.73148686" r12="-0.045630157" r13="-0.6803271" r14="0" r21="0.08954598" r22="0.9955455" r23="0.029507583" r24="0" r31="0.6759501" r32="-0.08250496" r33="0.73231435" r34="0" r41="1375.417" r42="370.56482" r43="-35.43829" r44="1"></containerEntry>
          <containerEntry r11="0.92186385" r12="-0.23419662" r13="-0.30873793" r14="0" r21="0.22207354" r22="0.9721893" r23="-0.074373364" r24="0" r31="0.31756967" r32="-3.6880374e-07" r33="0.948235" r34="0" r41="1367.1831" r42="361.39487" r43="-58.04469" r44="1"></containerEntry>
          <containerEntry r11="0.89418805" r12="0" r13="-0.44769132" r14="0" r21="0" r22="1" r23="0" r24="0" r31="0.44769132" r32="0" r33="0.89418805" r34="0" r41="1379.7723" r42="383.79724" r43="-99.67242" r44="1"></containerEntry>
          <containerEntry r11="0.96607715" r12="0" r13="-0.25825354" r14="0" r21="0" r22="1" r23="0" r24="0" r31="0.25825354" r32="0" r33="0.96607715" r34="0" r41="1374.7632" r42="353.33163" r43="-4.421207" r44="1"></containerEntry>
          <containerEntry r11="0.46576384" r12="0.012204488" r13="-0.88482565" r14="0" r21="-0.016012043" r22="0.9998574" r23="0.00536254" r24="0" r31="0.88476497" r32="0.011670167" r33="0.46589285" r34="0" r41="1328.1113" r42="332.72586" r43="-17.39002" r44="1"></containerEntry>
          <containerEntry r11="0.7562821" r12="0" r13="0.6542451" r14="0" r21="0" r22="1" r23="0" r24="0" r31="-0.6542451" r32="0" r33="0.7562821" r34="0" r41="1282.5575" r42="353.5781" r43="-82.58545" r44="1"></containerEntry>
          <containerEntry r11="-0.70418316" r12="0.06258784" r13="-0.7072528" r14="0" r21="0.028631369" r22="0.9978001" r23="0.059792433" r24="0" r31="0.7094392" r32="0.021855261" r33="-0.704426" r34="0" r41="1282.5604" r42="332.38773" r43="-46.39408" r44="1"></containerEntry>
          <containerEntry r11="0.925083" r12="0" r13="0.37976465" r14="0" r21="0" r22="1" r23="0" r24="0" r31="-0.37976465" r32="0" r33="0.925083" r34="0" r41="1351.6211" r42="384.63037" r43="-125.296486" r44="1"></containerEntry>
          <containerEntry r11="-0.32395494" r12="0" r13="-0.9460724" r14="0" r21="0" r22="1" r23="0" r24="0" r31="0.9460724" r32="0" r33="-0.32395494" r34="0" r41="1361.5314" r42="367.654" r43="-86.769615" r44="1"></containerEntry>
        </property>
        <property name="colors" type="UInt32" container="DynamicArray" arraySize="10">
          <containerEntry>4294967295</containerEntry>
          <containerEntry>4294967295</containerEntry>
          <containerEntry>4294967295</containerEntry>
          <containerEntry>4294967295</containerEntry>
          <containerEntry>4294967295</containerEntry>
          <containerEntry>4294967295</containerEntry>
          <containerEntry>4294967295</containerEntry>
          <containerEntry>4294967295</containerEntry>
          <containerEntry>4294967295</containerEntry>
          <containerEntry>4294967295</containerEntry>
        </property>
      </staticProperties>
      <dynamicProperties></dynamicProperties>
    </entity>
    <entity class="StaticModelArray" classVersion="4" classID="0xD0" addr="0x2D7C410" id="0x0">
      <staticProperties>
        <property name="name" type="String" container="StaticArray" arraySize="1">
          <containerEntry>StaticModelArray0003</containerEntry>
        </property>
        <property name="dataSet" type="EntityHandle" container="StaticArray" arraySize="1">
          <containerEntry>0x2F53730</containerEntry>
        </property>
        <property name="modelFile" type="FilePtr" container="StaticArray" arraySize="1">
          <containerEntry>/Assets/tpp/environ/object/afghanistan/rock/afgh_rock010/scenes/afgh_rock010_vrtn001.fmdl</containerEntry>
        </property>
        <property name="geomFile" type="FilePtr" container="StaticArray" arraySize="1">
          <containerEntry>/Assets/tpp/environ/object/afghanistan/rock/afgh_rock010/scenes/afgh_rock010_vrtn001.geom</containerEntry>
        </property>
        <property name="isVisibleGeom" type="Bool" container="StaticArray" arraySize="1">
          <containerEntry>false</containerEntry>
        </property>
        <property name="lodFarSize" type="Float" container="StaticArray" arraySize="1">
          <containerEntry>-1</containerEntry>
        </property>
        <property name="lodNearSize" type="Float" container="StaticArray" arraySize="1">
          <containerEntry>-1</containerEntry>
        </property>
        <property name="lodPolygonSize" type="Float" container="StaticArray" arraySize="1">
          <containerEntry>-1</containerEntry>
        </property>
        <property name="drawRejectionLevel" type="Int32" container="StaticArray" arraySize="1">
          <containerEntry>8</containerEntry>
        </property>
        <property name="drawMode" type="Int32" container="StaticArray" arraySize="1">
          <containerEntry>0</containerEntry>
        </property>
        <property name="rejectFarRangeShadowCast" type="Int32" container="StaticArray" arraySize="1">
          <containerEntry>2</containerEntry>
        </property>
        <property name="parentLocator" type="EntityLink" container="StaticArray" arraySize="1">
          <containerEntry packagePathHash="0xB8A0BF169F98" archivePathHash="0xB8A0BF169F98" nameInArchiveHash="0xB8A0BF169F98">0x0</containerEntry>
        </property>
        <property name="transforms" type="Matrix4" container="DynamicArray" arraySize="14">
          <containerEntry r11="-0.15033194" r12="0.8112365" r13="0.56505555" r14="0" r21="0.5630084" r22="0.5400718" r23="-0.62557244" r24="0" r31="-0.8126586" r32="0.22408618" r33="-0.5379228" r34="0" r41="1390.3296" r42="366.58527" r43="-16.708727" r44="1"></containerEntry>
          <containerEntry r11="-0.4919023" r12="0.43899417" r13="0.75187105" r14="0" r21="0.82959104" r22="-0.02572745" r23="0.5577746" r24="0" r31="0.26420563" r32="0.89811915" r33="-0.3515278" r34="0" r41="1368.641" r42="372.01843" r43="-68.884415" r44="1"></containerEntry>
          <containerEntry r11="-0.9348929" r12="-0.165217" r13="-0.3141118" r14="0" r21="-0.09896843" r22="0.97129345" r23="-0.21631932" r24="0" r31="0.34083447" r32="-0.17114949" r33="-0.9244065" r34="0" r41="1336.0114" r42="338.85678" r43="-64.09685" r44="1"></containerEntry>
          <containerEntry r11="0.3970613" r12="0.8882382" r13="-0.23101597" r14="0" r21="-0.87690294" r22="0.44144934" r23="0.1901507" r24="0" r31="0.27088118" r32="0.1270789" r33="0.9541875" r34="0" r41="1332.9513" r42="342.684" r43="-88.14526" r44="1"></containerEntry>
          <containerEntry r11="-0.54894936" r12="0.032020718" r13="0.83522904" r14="0" r21="-0.68396056" r22="-0.5915833" r23="-0.4268546" r24="0" r31="0.48044857" r32="-0.80559397" r33="0.34666756" r34="0" r41="1297.8734" r42="319.43796" r43="-45.216827" r44="1"></containerEntry>
          <containerEntry r11="-0.17168975" r12="-0.5398989" r13="-0.8240285" r14="0" r21="-0.98514295" r22="0.096377075" r23="0.14211985" r24="0" r31="0.002684027" r32="0.8361901" r33="-0.5484225" r34="0" r41="1345.5515" r42="352.76605" r43="-89.81223" r44="1"></containerEntry>
          <containerEntry r11="0.36382258" r12="0.8810244" r13="0.3023666" r14="0" r21="-0.91083556" r22="0.26855704" r23="0.31345114" r24="0" r31="0.1949568" r32="-0.38944706" r33="0.900179" r34="0" r41="1346.8176" r42="344.7919" r43="-71.07026" r44="1"></containerEntry>
          <containerEntry r11="0.3182007" r12="-0.8783551" r13="-0.35670105" r14="0" r21="-0.91450375" r22="-0.1852243" r23="-0.3596749" r24="0" r31="0.24985215" r32="0.4406536" r33="-0.8621975" r34="0" r41="1347.4175" r42="344.28915" r43="-36.735596" r44="1"></containerEntry>
          <containerEntry r11="-0.16164672" r12="-0.3213211" r13="0.9330675" r14="0" r21="-0.12593389" r22="-0.9310521" r23="-0.34244582" r24="0" r31="0.97877616" r32="-0.17286184" r33="0.11004401" r34="0" r41="1359.1345" r42="374.95972" r43="-114.96583" r44="1"></containerEntry>
          <containerEntry r11="0.33003688" r12="-0.9195417" r13="-0.21334374" r14="0" r21="-0.6894629" r22="-0.0804441" r23="-0.7198364" r24="0" r31="0.64475834" r32="0.38466436" r33="-0.66053915" r34="0" r41="1345.2672" r42="375.10028" r43="-115.66343" r44="1"></containerEntry>
          <containerEntry r11="-0.045081727" r12="0.07495543" r13="-0.9961636" r14="0" r21="0.27895224" r22="0.95846015" r23="0.059493132" r24="0" r31="0.95924234" r32="-0.27520078" r33="-0.06411797" r34="0" r41="1320.0494" r42="356.47675" r43="-95.34551" r44="1"></containerEntry>
          <containerEntry r11="0.18965723" r12="-0.5643321" r13="-0.80346346" r14="0" r21="-0.9817475" r22="-0.09732443" r23="-0.16337594" r24="0" r31="0.0139988065" r32="0.8197861" r33="-0.5724887" r34="0" r41="1340.2004" r42="366.12518" r43="-111.46972" r44="1"></containerEntry>
          <containerEntry r11="-0.97888976" r12="0.02453386" r13="0.20285547" r14="0" r21="0.07557887" r22="0.9658322" r23="0.2479024" r24="0" r31="-0.18984225" r32="0.2580036" r33="-0.9472971" r34="0" r41="1302.413" r42="344.57974" r43="-77.99198" r44="1"></containerEntry>
          <containerEntry r11="0.5373423" r12="0.8039218" r13="-0.25488836" r14="0" r21="0.43151987" r22="-0.5217438" r23="-0.7359061" r24="0" r31="-0.7246026" r32="0.28544176" r33="-0.62726134" r34="0" r41="1281.3527" r42="336.9286" r43="-64.902725" r44="1"></containerEntry>
        </property>
        <property name="colors" type="UInt32" container="DynamicArray" arraySize="14">
          <containerEntry>4294967295</containerEntry>
          <containerEntry>4294967295</containerEntry>
          <containerEntry>4294967295</containerEntry>
          <containerEntry>4294967295</containerEntry>
          <containerEntry>4294967295</containerEntry>
          <containerEntry>4294967295</containerEntry>
          <containerEntry>4294967295</containerEntry>
          <containerEntry>4294967295</containerEntry>
          <containerEntry>4294967295</containerEntry>
          <containerEntry>4294967295</containerEntry>
          <containerEntry>4294967295</containerEntry>
          <containerEntry>4294967295</containerEntry>
          <containerEntry>4294967295</containerEntry>
          <containerEntry>4294967295</containerEntry>
        </property>
      </staticProperties>
      <dynamicProperties></dynamicProperties>
    </entity>
    <entity class="StaticModelArray" classVersion="4" classID="0xD0" addr="0x2D7CAA0" id="0x0">
      <staticProperties>
        <property name="name" type="String" container="StaticArray" arraySize="1">
          <containerEntry>StaticModelArray0004</containerEntry>
        </property>
        <property name="dataSet" type="EntityHandle" container="StaticArray" arraySize="1">
          <containerEntry>0x2F53730</containerEntry>
        </property>
        <property name="modelFile" type="FilePtr" container="StaticArray" arraySize="1">
          <containerEntry>/Assets/tpp/environ/object/afghanistan/cliff/afgh_clff022/scenes/afgh_clff022_vrtn002.fmdl</containerEntry>
        </property>
        <property name="geomFile" type="FilePtr" container="StaticArray" arraySize="1">
          <containerEntry>/Assets/tpp/environ/object/afghanistan/cliff/afgh_clff022/scenes/afgh_clff022_vrtn002.geom</containerEntry>
        </property>
        <property name="isVisibleGeom" type="Bool" container="StaticArray" arraySize="1">
          <containerEntry>false</containerEntry>
        </property>
        <property name="lodFarSize" type="Float" container="StaticArray" arraySize="1">
          <containerEntry>-1</containerEntry>
        </property>
        <property name="lodNearSize" type="Float" container="StaticArray" arraySize="1">
          <containerEntry>-1</containerEntry>
        </property>
        <property name="lodPolygonSize" type="Float" container="StaticArray" arraySize="1">
          <containerEntry>-1</containerEntry>
        </property>
        <property name="drawRejectionLevel" type="Int32" container="StaticArray" arraySize="1">
          <containerEntry>8</containerEntry>
        </property>
        <property name="drawMode" type="Int32" container="StaticArray" arraySize="1">
          <containerEntry>0</containerEntry>
        </property>
        <property name="rejectFarRangeShadowCast" type="Int32" container="StaticArray" arraySize="1">
          <containerEntry>2</containerEntry>
        </property>
        <property name="parentLocator" type="EntityLink" container="StaticArray" arraySize="1">
          <containerEntry packagePathHash="0xB8A0BF169F98" archivePathHash="0xB8A0BF169F98" nameInArchiveHash="0xB8A0BF169F98">0x0</containerEntry>
        </property>
        <property name="transforms" type="Matrix4" container="DynamicArray" arraySize="3">
          <containerEntry r11="0.76570386" r12="0" r13="-0.6431933" r14="0" r21="0" r22="1" r23="0" r24="0" r31="0.6431933" r32="0" r33="0.76570386" r34="0" r41="1398.7418" r42="381.22522" r43="-118.78134" r44="1"></containerEntry>
          <containerEntry r11="0.9958681" r12="0.031470463" r13="-0.08518422" r14="0" r21="-0.031763956" r22="0.99949324" r23="-0.0020918571" r24="0" r31="0.085075215" r32="0.004789007" r33="0.99636304" r34="0" r41="1300.2072" r42="354.25146" r43="-91.48641" r44="1"></containerEntry>
          <containerEntry r11="0.7314979" r12="-0.080332175" r13="-0.6770945" r14="0" r21="0.03191369" r22="0.9959809" r23="-0.08368766" r24="0" r31="0.681096" r32="0.039608717" r33="0.7311216" r34="0" r41="1290.2301" r42="318.01535" r43="-47.69846" r44="1"></containerEntry>
        </property>
        <property name="colors" type="UInt32" container="DynamicArray" arraySize="3">
          <containerEntry>4294967295</containerEntry>
          <containerEntry>4294967295</containerEntry>
          <containerEntry>4294967295</containerEntry>
        </property>
      </staticProperties>
      <dynamicProperties></dynamicProperties>
    </entity>
    <entity class="StaticModelArray" classVersion="4" classID="0xD0" addr="0x2D7CDB0" id="0x0">
      <staticProperties>
        <property name="name" type="String" container="StaticArray" arraySize="1">
          <containerEntry>StaticModelArray0005</containerEntry>
        </property>
        <property name="dataSet" type="EntityHandle" container="StaticArray" arraySize="1">
          <containerEntry>0x2F53730</containerEntry>
        </property>
        <property name="modelFile" type="FilePtr" container="StaticArray" arraySize="1">
          <containerEntry>/Assets/tpp/environ/object/afghanistan/rock/afgh_rock001/scenes/afgh_rock001.fmdl</containerEntry>
        </property>
        <property name="geomFile" type="FilePtr" container="StaticArray" arraySize="1">
          <containerEntry>/Assets/tpp/environ/object/afghanistan/rock/afgh_rock001/scenes/afgh_rock001.geom</containerEntry>
        </property>
        <property name="isVisibleGeom" type="Bool" container="StaticArray" arraySize="1">
          <containerEntry>false</containerEntry>
        </property>
        <property name="lodFarSize" type="Float" container="StaticArray" arraySize="1">
          <containerEntry>-1</containerEntry>
        </property>
        <property name="lodNearSize" type="Float" container="StaticArray" arraySize="1">
          <containerEntry>-1</containerEntry>
        </property>
        <property name="lodPolygonSize" type="Float" container="StaticArray" arraySize="1">
          <containerEntry>-1</containerEntry>
        </property>
        <property name="drawRejectionLevel" type="Int32" container="StaticArray" arraySize="1">
          <containerEntry>8</containerEntry>
        </property>
        <property name="drawMode" type="Int32" container="StaticArray" arraySize="1">
          <containerEntry>0</containerEntry>
        </property>
        <property name="rejectFarRangeShadowCast" type="Int32" container="StaticArray" arraySize="1">
          <containerEntry>2</containerEntry>
        </property>
        <property name="parentLocator" type="EntityLink" container="StaticArray" arraySize="1">
          <containerEntry packagePathHash="0xB8A0BF169F98" archivePathHash="0xB8A0BF169F98" nameInArchiveHash="0xB8A0BF169F98">0x0</containerEntry>
        </property>
        <property name="transforms" type="Matrix4" container="DynamicArray" arraySize="11">
          <containerEntry r11="0.48388195" r12="-0.16146863" r13="0.8601043" r14="0" r21="0.3788423" r22="-0.8473048" r23="-0.37219518" r24="0" r31="0.78887904" r32="0.5059433" r33="-0.34881783" r34="0" r41="1308.4816" r42="316.62924" r43="-40.39191" r44="1"></containerEntry>
          <containerEntry r11="0.24485728" r12="0.6181989" r13="0.746904" r14="0" r21="0.8693973" r22="0.20100546" r23="-0.45137036" r24="0" r31="-0.42916644" r32="0.7598796" r33="-0.4882424" r34="0" r41="1312.4374" r42="328.184" r43="-58.56638" r44="1"></containerEntry>
          <containerEntry r11="0.48388344" r12="-0.16146943" r13="0.86010325" r14="0" r21="0.06872411" r22="0.9868068" r23="0.14659178" r24="0" r31="-0.8724259" r32="-0.011822604" r33="0.48859644" r34="0" r41="1324.5234" r42="336.0264" r43="-78.54915" r44="1"></containerEntry>
          <containerEntry r11="-0.37932664" r12="0.6467309" r13="-0.66168886" r14="0" r21="-0.30816448" r22="-0.7626113" r23="-0.56871367" r24="0" r31="-0.87242633" r32="-0.011823088" r33="0.48859572" r34="0" r41="1329.1841" r42="344.72858" r43="-91.67568" r44="1"></containerEntry>
          <containerEntry r11="-0.37932664" r12="0.6467309" r13="-0.66168886" r14="0" r21="-0.30816448" r22="-0.7626113" r23="-0.56871367" r24="0" r31="-0.87242633" r32="-0.011823088" r33="0.48859572" r34="0" r41="1338.5652" r42="341.01712" r43="-41.97651" r44="1"></containerEntry>
          <containerEntry r11="-0.4838702" r12="0.16148503" r13="-0.8601022" r14="0" r21="0.45196158" r22="-0.79548883" r23="-0.4036191" r24="0" r31="-0.74938905" r32="-0.58403784" r33="0.31194264" r34="0" r41="1338.5652" r42="332.66818" r43="-18.908619" r44="1"></containerEntry>
          <containerEntry r11="-0.4838702" r12="0.16148503" r13="-0.8601022" r14="0" r21="0.45196158" r22="-0.79548883" r23="-0.4036191" r24="0" r31="-0.74938905" r32="-0.58403784" r33="0.31194264" r34="0" r41="1303.2968" r42="308.48245" r43="-18.908619" r44="1"></containerEntry>
          <containerEntry r11="-0.9402695" r12="0.13820949" r13="0.31107536" r14="0" r21="0.007963739" r22="-0.90466833" r23="0.42601475" r24="0" r31="0.34030327" r32="0.40305105" r33="0.8495538" r34="0" r41="1393.1559" r42="368.5882" r43="-30.896935" r44="1"></containerEntry>
