<fox formatVersion="2" fileVersion="0">
  <entities>
    <entity class="DataSet" classVersion="0" classID="0xE8" addr="0x32F4450" id="0x86117E">
      <staticProperties>
        <property name="name" type="String" container="StaticArray" arraySize="1">
          <containerEntry hash="0xB8A0BF169F98"></containerEntry>
        </property>
        <property name="dataSet" type="EntityHandle" container="StaticArray" arraySize="1">
          <containerEntry>0x0</containerEntry>
        </property>
        <property name="dataList" type="EntityPtr" container="StringMap" arraySize="5">
          <containerEntry key="StaticModelArray0000">
            <data>0x317E160</data>
          </containerEntry>
          <containerEntry key="StaticModelArray0001">
            <data>0x317DEC0</data>
          </containerEntry>
          <containerEntry key="StaticModelArray0002">
            <data>0x317DD70</data>
          </containerEntry>
          <containerEntry key="StaticModelArray0003">
            <data>0x317DE50</data>
          </containerEntry>
          <containerEntry key="TexturePackLoadConditioner0000">
            <data>0x317EBE0</data>
          </containerEntry>
        </property>
      </staticProperties>
      <dynamicProperties></dynamicProperties>
    </entity>
    <entity class="StaticModelArray" classVersion="4" classID="0xD0" addr="0x317E160" id="0x0">
      <staticProperties>
        <property name="name" type="String" container="StaticArray" arraySize="1">
          <containerEntry>StaticModelArray0000</containerEntry>
        </property>
        <property name="dataSet" type="EntityHandle" container="StaticArray" arraySize="1">
          <containerEntry>0x32F4450</containerEntry>
        </property>
        <property name="modelFile" type="FilePtr" container="StaticArray" arraySize="1">
          <containerEntry>/Assets/tpp/environ/object/middle_africa/rock/mafr_rock002/scenes/mafr_rock002.fmdl</containerEntry>
        </property>
        <property name="geomFile" type="FilePtr" container="StaticArray" arraySize="1">
          <containerEntry>/Assets/tpp/environ/object/middle_africa/rock/mafr_rock002/scenes/mafr_rock002.geom</containerEntry>
        </property>
        <property name="isVisibleGeom" type="Bool" container="StaticArray" arraySize="1">
          <containerEntry>false</containerEntry>
        </property>
        <property name="lodFarSize" type="Float" container="StaticArray" arraySize="1">
          <containerEntry>-1</containerEntry>
        </property>
        <property name="lodNearSize" type="Float" container="StaticArray" arraySize="1">
          <containerEntry>-1</containerEntry>
        </property>
        <property name="lodPolygonSize" type="Float" container="StaticArray" arraySize="1">
          <containerEntry>-1</containerEntry>
        </property>
        <property name="drawRejectionLevel" type="Int32" container="StaticArray" arraySize="1">
          <containerEntry>8</containerEntry>
        </property>
        <property name="drawMode" type="Int32" container="StaticArray" arraySize="1">
          <containerEntry>0</containerEntry>
        </property>
        <property name="rejectFarRangeShadowCast" type="Int32" container="StaticArray" arraySize="1">
          <containerEntry>2</containerEntry>
        </property>
        <property name="parentLocator" type="EntityLink" container="StaticArray" arraySize="1">
          <containerEntry packagePathHash="0xB8A0BF169F98" archivePathHash="0xB8A0BF169F98" nameInArchiveHash="0xB8A0BF169F98">0x0</containerEntry>
        </property>
        <property name="transforms" type="Matrix4" container="DynamicArray" arraySize="21">
          <containerEntry r11="0.8984897" r12="0" r13="-0.43899453" r14="0" r21="0" r22="1" r23="0" r24="0" r31="0.43899453" r32="0" r33="0.8984897" r34="0" r41="1644.5043" r42="-6.280701" r43="1359.5714" r44="1"></containerEntry>
          <containerEntry r11="0.9815453" r12="0" r13="0.19122945" r14="0" r21="0" r22="1" r23="0" r24="0" r31="-0.19122945" r32="0" r33="0.9815453" r34="0" r41="1613.951" r42="-2.149478" r43="1352.3746" r44="1"></containerEntry>
          <containerEntry r11="0.69520617" r12="0.08624011" r13="0.7136183" r14="0" r21="-0.09689121" r22="0.99495924" r23="-0.025848594" r24="0" r31="-0.71225035" r32="-0.05117323" r33="0.70005774" r34="0" r41="1585.5897" r42="-3.834296" r43="1344.3921" r44="1"></containerEntry>
          <containerEntry r11="-0.655298" r12="0" r13="0.75537324" r14="0" r21="0" r22="1" r23="0" r24="0" r31="-0.75537324" r32="0" r33="-0.655298" r34="0" r41="1588.8419" r42="-3.448571" r43="1292.6487" r44="1"></containerEntry>
          <containerEntry r11="-0.33652458" r12="0" r13="0.9416775" r14="0" r21="0" r22="1" r23="0" r24="0" r31="-0.9416775" r32="0" r33="-0.33652458" r34="0" r41="1585.8496" r42="-2.814841" r43="1302.2991" r44="1"></containerEntry>
          <containerEntry r11="0.7453304" r12="0" r13="-0.6666949" r14="0" r21="0" r22="1" r23="0" r24="0" r31="0.6666949" r32="0" r33="0.7453304" r34="0" r41="1653.7697" r42="-3.548835" r43="1348.3029" r44="1"></containerEntry>
          <containerEntry r11="0.8452474" r12="0" r13="0.53437525" r14="0" r21="0" r22="1" r23="0" r24="0" r31="-0.53437525" r32="0" r33="0.8452474" r34="0" r41="1560.8582" r42="-10.564045" r43="1377.2572" r44="1"></containerEntry>
          <containerEntry r11="0.41248506" r12="0" r13="0.910965" r14="0" r21="0" r22="1" r23="0" r24="0" r31="-0.910965" r32="0" r33="0.41248506" r34="0" r41="1554.4352" r42="-8.909068" r43="1364.4628" r44="1"></containerEntry>
          <containerEntry r11="-0.9830298" r12="-0.05555042" r13="0.17484845" r14="0" r21="-0.05482609" r22="0.9984556" r23="0.00897374" r24="0" r31="-0.17507692" r32="-0.0007648108" r33="-0.98455715" r34="0" r41="1601.793" r42="-1.675143" r43="1289.2112" r44="1"></containerEntry>
          <containerEntry r11="-0.929903" r12="-0.027460912" r13="0.36677867" r14="0" r21="-0.04148919" r22="0.9986758" r23="-0.030417262" r24="0" r31="-0.3654577" r32="-0.043502484" r33="-0.92981094" r34="0" r41="1607.2217" r42="1.058531" r43="1294.9832" r44="1"></containerEntry>
          <containerEntry r11="-0.39412606" r12="0" r13="-0.91905785" r14="0" r21="0" r22="1" r23="0" r24="0" r31="0.91905785" r32="0" r33="-0.39412606" r34="0" r41="1662.405" r42="-0.438994" r43="1299.4595" r44="1"></containerEntry>
          <containerEntry r11="-0.017627954" r12="0" r13="-0.9998423" r14="0" r21="0" r22="1" r23="0" r24="0" r31="0.9998423" r32="0" r33="-0.017627954" r34="0" r41="1655.2341" r42="0.751999" r43="1325.6487" r44="1"></containerEntry>
          <containerEntry r11="-0.5875089" r12="0" r13="-0.8092183" r14="0" r21="0" r22="1" r23="0" r24="0" r31="0.8092183" r32="0" r33="-0.5875089" r34="0" r41="1646.6018" r42="2.050201" r43="1293.0078" r44="1"></containerEntry>
          <containerEntry r11="-0.69663817" r12="-0.13696852" r13="0.70422965" r14="0" r21="-0.08317154" r22="0.9904063" r23="0.11035347" r24="0" r31="-0.71258837" r32="0.01830448" r33="-0.7013467" r34="0" r41="1569.0934" r42="-7.608339" r43="1298.177" r44="1"></containerEntry>
          <containerEntry r11="0.033064857" r12="0.046087258" r13="0.9983906" r14="0" r21="-0.20253658" r22="0.9785191" r23="-0.038462378" r24="0" r31="-0.9787169" r32="-0.20093895" r33="0.04168896" r34="0" r41="1557.327" r42="-8.893917" r43="1316.1986" r44="1"></containerEntry>
          <containerEntry r11="0.8373634" r12="0.0081327595" r13="0.54658633" r14="0" r21="0.09466398" r22="0.9826252" r23="-0.15964483" r24="0" r31="-0.53838784" r32="0.18542276" r33="0.8220445" r34="0" r41="1645.5416" r42="1.408551" r43="1286.7434" r44="1"></containerEntry>
          <containerEntry r11="-0.9058776" r12="-0.18682154" r13="-0.38011816" r14="0" r21="-0.1956533" r22="0.9805482" r23="-0.015653104" r24="0" r31="0.37564853" r32="0.060191516" r33="-0.924809" r34="0" r41="1599.343" r42="-2.929882" r43="1285.5267" r44="1"></containerEntry>
          <containerEntry r11="-0.39412606" r12="0" r13="-0.91905785" r14="0" r21="0" r22="1" r23="0" r24="0" r31="0.91905785" r32="0" r33="-0.39412606" r34="0" r41="1655.0989" r42="0.441753" r43="1310.4808" r44="1"></containerEntry>
          <containerEntry r11="0.6450294" r12="0" r13="0.7641569" r14="0" r21="0" r22="1" r23="0" r24="0" r31="-0.7641569" r32="0" r33="0.6450294" r34="0" r41="1624.4109" r42="-0.333194" r43="1350.2014" r44="1"></containerEntry>
          <containerEntry r11="0.6450294" r12="0" r13="0.7641569" r14="0" r21="0" r22="1" r23="0" r24="0" r31="-0.7641569" r32="0" r33="0.6450294" r34="0" r41="1597.5498" r42="-2.203565" r43="1334.4161" r44="1"></containerEntry>
          <containerEntry r11="-0.50494254" r12="0" r13="-0.86315024" r14="0" r21="0" r22="1" r23="0" r24="0" r31="0.86315024" r32="0" r33="-0.50494254" r34="0" r41="1599.2059" r42="-1.759842" r43="1326.7566" r44="1"></containerEntry>
        </property>
        <property name="colors" type="UInt32" container="DynamicArray" arraySize="21">
          <containerEntry>4294967295</containerEntry>
          <containerEntry>4294967295</containerEntry>
          <containerEntry>4294967295</containerEntry>
          <containerEntry>4294967295</containerEntry>
          <containerEntry>4294967295</containerEntry>
          <containerEntry>4294967295</containerEntry>
          <containerEntry>4294967295</containerEntry>
          <containerEntry>4294967295</containerEntry>
          <containerEntry>4294967295</containerEntry>
          <containerEntry>4294967295</containerEntry>
          <containerEntry>4294967295</containerEntry>
          <containerEntry>4294967295</containerEntry>
          <containerEntry>4294967295</containerEntry>
          <containerEntry>4294967295</containerEntry>
          <containerEntry>4294967295</containerEntry>
          <containerEntry>4294967295</containerEntry>
          <containerEntry>4294967295</containerEntry>
          <containerEntry>4294967295</containerEntry>
          <containerEntry>4294967295</containerEntry>
          <containerEntry>4294967295</containerEntry>
          <containerEntry>4294967295</containerEntry>
        </property>
      </staticProperties>
      <dynamicProperties></dynamicProperties>
    </entity>
    <entity class="StaticModelArray" classVersion="4" classID="0xD0" addr="0x317DEC0" id="0x0">
      <staticProperties>
        <property name="name" type="String" container="StaticArray" arraySize="1">
          <containerEntry>StaticModelArray0001</containerEntry>
        </property>
        <property name="dataSet" type="EntityHandle" container="StaticArray" arraySize="1">
          <containerEntry>0x32F4450</containerEntry>
        </property>
        <property name="modelFile" type="FilePtr" container="StaticArray" arraySize="1">
          <containerEntry>/Assets/tpp/environ/object/middle_africa/rock/mafr_rock011/scenes/mafr_rock011.fmdl</containerEntry>
        </property>
        <property name="geomFile" type="FilePtr" container="StaticArray" arraySize="1">
          <containerEntry>/Assets/tpp/environ/object/middle_africa/rock/mafr_rock011/scenes/mafr_rock011.geom</containerEntry>
        </property>
        <property name="isVisibleGeom" type="Bool" container="StaticArray" arraySize="1">
          <containerEntry>false</containerEntry>
        </property>
        <property name="lodFarSize" type="Float" container="StaticArray" arraySize="1">
          <containerEntry>-1</containerEntry>
        </property>
        <property name="lodNearSize" type="Float" container="StaticArray" arraySize="1">
          <containerEntry>-1</containerEntry>
        </property>
        <property name="lodPolygonSize" type="Float" container="StaticArray" arraySize="1">
          <containerEntry>-1</containerEntry>
        </property>
        <property name="drawRejectionLevel" type="Int32" container="StaticArray" arraySize="1">
          <containerEntry>5</containerEntry>
        </property>
        <property name="drawMode" type="Int32" container="StaticArray" arraySize="1">
          <containerEntry>0</containerEntry>
        </property>
        <property name="rejectFarRangeShadowCast" type="Int32" container="StaticArray" arraySize="1">
          <containerEntry>2</containerEntry>
        </property>
        <property name="parentLocator" type="EntityLink" container="StaticArray" arraySize="1">
          <containerEntry packagePathHash="0xB8A0BF169F98" archivePathHash="0xB8A0BF169F98" nameInArchiveHash="0xB8A0BF169F98">0x0</containerEntry>
        </property>
        <property name="transforms" type="Matrix4" container="DynamicArray" arraySize="5">
          <containerEntry r11="-0.96052086" r12="0" r13="0.2782009" r14="0" r21="0" r22="1" r23="0" r24="0" r31="-0.2782009" r32="0" r33="-0.96052086" r34="0" r41="1636.9542" r42="-5.848476" r43="1357.236" r44="1"></containerEntry>
          <containerEntry r11="-0.9827534" r12="0" r13="-0.18492547" r14="0" r21="0" r22="1" r23="0" r24="0" r31="0.18492547" r32="0" r33="-0.9827534" r34="0" r41="1612.5991" r42="-8.625635" r43="1358.2059" r44="1"></containerEntry>
          <containerEntry r11="0.33047348" r12="6.854541e-07" r13="-0.943816" r14="0" r21="0.22266245" r22="0.971773" r23="0.077965" r24="0" r31="0.917175" r32="-0.23591782" r33="0.32114506" r34="0" r41="1581.4674" r42="-7.295004" r43="1300.2205" r44="1"></containerEntry>
          <containerEntry r11="-0.6106272" r12="1.1026848e-06" r13="0.79191667" r14="0" r21="-0.28806165" r22="0.9314955" r23="-0.22211845" r24="0" r31="-0.737667" r32="-0.36375248" r33="-0.5687961" r34="0" r41="1655.175" r42="-4.621041" r43="1343.3153" r44="1"></containerEntry>
          <containerEntry r11="-0.8893027" r12="0" r13="0.45731294" r14="0" r21="0" r22="1" r23="0" r24="0" r31="-0.45731294" r32="0" r33="-0.8893027" r34="0" r41="1641.0604" r42="-8.592752" r43="1359.3513" r44="1"></containerEntry>
        </property>
        <property name="colors" type="UInt32" container="DynamicArray" arraySize="5">
          <containerEntry>4294967295</containerEntry>
          <containerEntry>4294967295</containerEntry>
          <containerEntry>4294967295</containerEntry>
          <containerEntry>4294967295</containerEntry>
          <containerEntry>4294967295</containerEntry>
        </property>
      </staticProperties>
      <dynamicProperties></dynamicProperties>
    </entity>
    <entity class="StaticModelArray" classVersion="4" classID="0xD0" addr="0x317DD70" id="0x0">
      <staticProperties>
        <property name="name" type="String" container="StaticArray" arraySize="1">
          <containerEntry>StaticModelArray0002</containerEntry>
        </property>
        <property name="dataSet" type="EntityHandle" container="StaticArray" arraySize="1">
          <containerEntry>0x32F4450</containerEntry>
        </property>
        <property name="modelFile" type="FilePtr" container="StaticArray" arraySize="1">
          <containerEntry>/Assets/tpp/environ/object/middle_africa/cliff/mafr_clff003/scenes/mafr_clff003_vrtn001.fmdl</containerEntry>
        </property>
        <property name="geomFile" type="FilePtr" container="StaticArray" arraySize="1">
          <containerEntry>/Assets/tpp/environ/object/middle_africa/cliff/mafr_clff003/scenes/mafr_clff003_vrtn001.geom</containerEntry>
        </property>
        <property name="isVisibleGeom" type="Bool" container="StaticArray" arraySize="1">
          <containerEntry>false</containerEntry>
        </property>
        <property name="lodFarSize" type="Float" container="StaticArray" arraySize="1">
          <containerEntry>-1</containerEntry>
        </property>
        <property name="lodNearSize" type="Float" container="StaticArray" arraySize="1">
          <containerEntry>-1</containerEntry>
        </property>
        <property name="lodPolygonSize" type="Float" container="StaticArray" arraySize="1">
          <containerEntry>-1</containerEntry>
        </property>
        <property name="drawRejectionLevel" type="Int32" container="StaticArray" arraySize="1">
          <containerEntry>5</containerEntry>
        </property>
        <property name="drawMode" type="Int32" container="StaticArray" arraySize="1">
          <containerEntry>0</containerEntry>
        </property>
        <property name="rejectFarRangeShadowCast" type="Int32" container="StaticArray" arraySize="1">
          <containerEntry>2</containerEntry>
        </property>
        <property name="parentLocator" type="EntityLink" container="StaticArray" arraySize="1">
          <containerEntry packagePathHash="0xB8A0BF169F98" archivePathHash="0xB8A0BF169F98" nameInArchiveHash="0xB8A0BF169F98">0x0</containerEntry>
        </property>
        <property name="transforms" type="Matrix4" container="DynamicArray" arraySize="27">
          <containerEntry r11="0.90017235" r12="0" r13="0.43553397" r14="0" r21="0" r22="1" r23="0" r24="0" r31="-0.43553397" r32="0" r33="0.90017235" r34="0" r41="1601.8202" r42="-9.47182" r43="1353.7363" r44="1"></containerEntry>
          <containerEntry r11="-0.5658274" r12="0" r13="0.824524" r14="0" r21="0" r22="1" r23="0" r24="0" r31="-0.824524" r32="0" r33="-0.5658274" r34="0" r41="1587.2075" r42="-9.471819" r43="1290.1016" r44="1"></containerEntry>
          <containerEntry r11="0.90017235" r12="0" r13="0.43553397" r14="0" r21="0" r22="1" r23="0" r24="0" r31="-0.43553397" r32="0" r33="0.90017235" r34="0" r41="1567.0211" r42="-12.060452" r43="1377.374" r44="1"></containerEntry>
          <containerEntry r11="0.32652864" r12="5.5879354e-07" r13="0.94518805" r14="0" r21="0.18912709" r22="0.9797765" r23="-0.065337434" r24="0" r31="-0.9260731" r32="0.20009507" r33="0.31992495" r34="0" r41="1560.0203" r42="-10.843874" r43="1366.9755" r44="1"></containerEntry>
          <containerEntry r11="0.95472634" r12="-0.08708763" r13="-0.28445265" r14="0" r21="0.019306194" r22="0.972313" r23="-0.23288341" r24="0" r31="0.29685828" r32="0.21684824" r33="0.92997414" r34="0" r41="1587.5565" r42="-11.62035" r43="1375.7666" r44="1"></containerEntry>
          <containerEntry r11="-0.95072293" r12="-0.093134314" r13="0.29572883" r14="0" r21="0.08241205" r22="0.84359586" r23="0.530617" r24="0" r31="-0.2988943" r32="0.5288409" r33="-0.79435074" r34="0" r41="1621.079" r42="-3.981404" r43="1284.0494" r44="1"></containerEntry>
          <containerEntry r11="-0.3989147" r12="-0.02178908" r13="0.91673034" r14="0" r21="0.3029459" r22="0.9404533" r23="0.15417966" r24="0" r31="-0.8655015" r32="0.33922422" r33="-0.36855972" r34="0" r41="1570.2424" r42="-11.92929" r43="1288.817" r44="1"></containerEntry>
          <containerEntry r11="0.68429625" r12="0.19657253" r13="-0.23579213" r14="0" r21="-0.3046903" r22="0.50518376" r23="-0.46309108" r24="0" r31="0.037449896" r32="0.5183134" r33="0.54078543" r34="0" r41="1567.6919" r42="-11.024755" r43="1296.1399" r44="1"></containerEntry>
          <containerEntry r11="0.06172271" r12="-0.052904293" r13="-0.74558204" r14="0" r21="-0.5005987" r22="0.55262643" r23="-0.08065523" r24="0" r31="0.5550606" r32="0.5042871" r33="0.010167539" r34="0" r41="1563.0576" r42="-9.060404" r43="1365.7474" r44="1"></containerEntry>
          <containerEntry r11="0.4609611" r12="-0.08157136" r13="-0.58597064" r14="0" r21="-0.4201178" r22="0.47788984" r23="-0.39701748" r24="0" r31="0.41655308" r32="0.57224816" r33="0.2480253" r34="0" r41="1567.4801" r42="-9.126937" r43="1355.2559" r44="1"></containerEntry>
          <containerEntry r11="-0.6645354" r12="-0.31042165" r13="0.15662852" r14="0" r21="-0.16895288" r22="0.5835764" r23="0.43976545" r24="0" r31="-0.30388984" r32="0.35436866" r33="-0.5870052" r34="0" r41="1553.9087" r42="-11.769161" r43="1357.0576" r44="1"></containerEntry>
          <containerEntry r11="-0.7497311" r12="0.0013664744" r13="-0.020056486" r14="0" r21="-0.0135198645" r22="0.5194949" r23="0.5407794" r24="0" r31="0.014877607" r32="0.5409467" r33="-0.5192842" r34="0" r41="1588.8994" r42="-12.165437" r43="1379.3843" r44="1"></containerEntry>
          <containerEntry r11="-0.7104598" r12="0.08329115" r13="0.22541057" r14="0" r21="0.20989367" r22="0.5576428" r23="0.4554989" r24="0" r31="-0.117012754" r32="0.4945677" r33="-0.55155355" r34="0" r41="1590.4265" r42="-9.189025" r43="1366.7786" r44="1"></containerEntry>
          <containerEntry r11="-0.5980202" r12="-0.029693797" r13="0.45165402" r14="0" r21="0.24553663" r22="0.6074182" r23="0.36504117" r24="0" r31="-0.38024312" r32="0.4389323" r33="-0.4746101" r34="0" r41="1578.4609" r42="-8.496968" r43="1364.9193" r44="1"></containerEntry>
          <containerEntry r11="-0.61421955" r12="-0.13801306" r13="0.40766186" r14="0" r21="0.26773566" r22="0.43368196" r23="0.55021626" r24="0" r31="-0.3369769" r32="0.59613144" r33="-0.30590028" r34="0" r41="1642.8635" r42="-10.155972" r43="1363.6316" r44="1"></containerEntry>
          <containerEntry r11="0.6834715" r12="0.04011964" r13="-0.30619782" r14="0" r21="-0.17987412" r22="0.6561938" r23="-0.31552327" r24="0" r31="0.25102186" r32="0.36097097" r33="0.6076083" r34="0" r41="1617.7063" r42="-10.268337" r43="1366.9036" r44="1"></containerEntry>
          <containerEntry r11="0.56861544" r12="-0.11151466" r13="0.47617316" r14="0" r21="0.34617567" r22="0.6075965" r23="-0.27108806" r24="0" r31="-0.34545445" r32="0.4253126" r33="0.5121233" r34="0" r41="1606.3047" r42="-9.763563" r43="1361.0222" r44="1"></containerEntry>
          <containerEntry r11="0.13183714" r12="-0.38219714" r13="0.6316993" r14="0" r21="0.5385524" r22="0.4887346" r23="0.18330206" r24="0" r31="-0.5050545" r32="0.42138308" r33="0.36035553" r34="0" r41="1599.4796" r42="-6.914362" r43="1353.0658" r44="1"></containerEntry>
          <containerEntry r11="-0.18902409" r12="-0.032947384" r13="0.72504" r14="0" r21="0.31947967" r22="0.66895974" r23="0.113690324" r24="0" r31="-0.6516911" r32="0.33750144" r33="-0.15456453" r34="0" r41="1574.4655" r42="-9.508345" r43="1308.0812" r44="1"></containerEntry>
          <containerEntry r11="-0.18902409" r12="-0.032947384" r13="0.72504" r14="0" r21="0.31947967" r22="0.66895974" r23="0.113690324" r24="0" r31="-0.6516911" r32="0.33750144" r33="-0.15456453" r34="0" r41="1580.3014" r42="-9.155176" r43="1293.8197" r44="1"></containerEntry>
          <containerEntry r11="0.90680146" r12="0.011043991" r13="0.4214154" r14="0" r21="0.2714166" r22="0.7496032" r23="-0.6036784" r24="0" r31="-0.3225613" r32="0.6617956" r33="0.6767438" r34="0" r41="1638.7245" r42="-2.341167" r43="1286.4548" r44="1"></containerEntry>
          <containerEntry r11="-0.54774046" r12="-0.18276024" r13="-0.47862446" r14="0" r21="-0.51221883" r22="0.20998254" r23="0.506004" r24="0" r31="0.010701008" r32="0.69642437" r33="-0.27817315" r34="0" r41="1582.7708" r42="-7.007481" r43="1343.6154" r44="1"></containerEntry>
          <containerEntry r11="0.74210536" r12="0.02091395" r13="0.106500044" r14="0" r21="0.032964446" r22="0.6577456" r23="-0.35886487" r24="0" r31="-0.10340695" r32="0.35976833" r33="0.6499028" r34="0" r41="1587.2424" r42="-8.491758" r43="1354.7267" r44="1"></containerEntry>
          <containerEntry r11="0.7008154" r12="-0.16546309" r13="-0.20971337" r14="0" r21="0.12990543" r22="0.7255881" r23="-0.13837111" r24="0" r31="0.23341444" r32="0.0929729" r33="0.7066638" r34="0" r41="1645.4711" r42="-3.804623" r43="1350.483" r44="1"></containerEntry>
          <containerEntry r11="0.21737503" r12="0.106521405" r13="-0.7098599" r14="0" r21="-0.35157442" r22="0.6624404" r23="-0.008254252" r24="0" r31="0.62581414" r32="0.33515054" r33="0.24193096" r34="0" r41="1659.288" r42="-6.489677" r43="1344.4426" r44="1"></containerEntry>
          <containerEntry r11="1" r12="0" r13="0" r14="0" r21="0" r22="1" r23="0" r24="0" r31="0" r32="0" r33="1" r34="0" r41="1629.1265" r42="-7.946237" r43="1359.5875" r44="1"></containerEntry>
          <containerEntry r11="-0.70482934" r12="0.017563988" r13="0.2557413" r14="0" r21="0.25287142" r22="-0.075096935" r23="0.7020787" r24="0" r31="0.042049404" r32="0.74602276" r33="0.06465469" r34="0" r41="1644.4517" r42="-4.716384" r43="1353.0642" r44="1"></containerEntry>
        </property>
        <property name="colors" type="UInt32" container="DynamicArray" arraySize="27">
          <containerEntry>4294967295</containerEntry>
          <containerEntry>4294967295</containerEntry>
          <containerEntry>4294967295</containerEntry>
          <containerEntry>4294967295</containerEntry>
          <containerEntry>4294967295</containerEntry>
          <containerEntry>4294967295</containerEntry>
          <containerEntry>4294967295</containerEntry>
          <containerEntry>4294967295</containerEntry>
          <containerEntry>4294967295</containerEntry>
          <containerEntry>4294967295</containerEntry>
          <containerEntry>4294967295</containerEntry>
          <containerEntry>4294967295</containerEntry>
          <containerEntry>4294967295</containerEntry>
          <containerEntry>4294967295</containerEntry>
          <containerEntry>4294967295</containerEntry>
          <containerEntry>4294967295</containerEntry>
          <containerEntry>4294967295</containerEntry>
          <containerEntry>4294967295</containerEntry>
          <containerEntry>4294967295</containerEntry>
          <containerEntry>4294967295</containerEntry>
          <containerEntry>4294967295</containerEntry>
          <containerEntry>4294967295</containerEntry>
          <containerEntry>4294967295</containerEntry>
          <containerEntry>4294967295</containerEntry>
          <containerEntry>4294967295</containerEntry>
          <containerEntry>4294967295</containerEntry>
          <containerEntry>4294967295</containerEntry>
        </property>
      </staticProperties>
      <dynamicProperties></dynamicProperties>
    </entity>
    <entity class="StaticModelArray" classVersion="4" classID="0xD0" addr="0x317DE50" id="0x0">
      <staticProperties>
        <property name="name" type="String" container="StaticArray" arraySize="1">
          <containerEntry>StaticModelArray0003</containerEntry>
        </property>
        <property name="dataSet" type="EntityHandle" container="StaticArray" arraySize="1">
          <containerEntry>0x32F4450</containerEntry>
        </property>
        <property name="modelFile" type="FilePtr" container="StaticArray" arraySize="1">
          <containerEntry>/Assets/tpp/environ/object/middle_africa/rock/mafr_rock010/scenes/mafr_rock010.fmdl</containerEntry>
        </property>
        <property name="geomFile" type="FilePtr" container="StaticArray" arraySize="1">
          <containerEntry>/Assets/tpp/environ/object/middle_africa/rock/mafr_rock010/scenes/mafr_rock010.geom</containerEntry>
        </property>
        <property name="isVisibleGeom" type="Bool" container="StaticArray" arraySize="1">
          <containerEntry>false</containerEntry>
        </property>
        <property name="lodFarSize" type="Float" container="StaticArray" arraySize="1">
          <containerEntry>-1</containerEntry>
        </property>
        <property name="lodNearSize" type="Float" container="StaticArray" arraySize="1">
          <containerEntry>-1</containerEntry>
        </property>
        <property name="lodPolygonSize" type="Float" container="StaticArray" arraySize="1">
          <containerEntry>-1</containerEntry>
        </property>
        <property name="drawRejectionLevel" type="Int32" container="StaticArray" arraySize="1">
          <containerEntry>5</containerEntry>
        </property>
        <property name="drawMode" type="Int32" container="StaticArray" arraySize="1">
          <containerEntry>0</containerEntry>
        </property>
        <property name="rejectFarRangeShadowCast" type="Int32" container="StaticArray" arraySize="1">
          <containerEntry>2</containerEntry>
        </property>
        <property name="parentLocator" type="EntityLink" container="StaticArray" arraySize="1">
          <containerEntry packagePathHash="0xB8A0BF169F98" archivePathHash="0xB8A0BF169F98" nameInArchiveHash="0xB8A0BF169F98">0x0</containerEntry>
        </property>
        <property name="transforms" type="Matrix4" container="DynamicArray" arraySize="22">
          <containerEntry r11="0.9492247" r12="0" r13="0.314599" r14="0" r21="0" r22="1" r23="0" r24="0" r31="-0.314599" r32="0" r33="0.9492247" r34="0" r41="1606.099" r42="-3.664457" r43="1349.9369" r44="1"></containerEntry>
          <containerEntry r11="0.9733347" r12="0" r13="-0.22938928" r14="0" r21="0" r22="1" r23="0" r24="0" r31="0.22938928" r32="0" r33="0.9733347" r34="0" r41="1630.0656" r42="-2.956295" r43="1357.2225" r44="1"></containerEntry>
          <containerEntry r11="-0.45363578" r12="0" r13="0.8911874" r14="0" r21="0" r22="1" r23="0" r24="0" r31="-0.8911874" r32="0" r33="-0.45363578" r34="0" r41="1590.3209" r42="-3.664456" r43="1295.3922" r44="1"></containerEntry>
          <containerEntry r11="0.9492247" r12="0" r13="0.314599" r14="0" r21="0" r22="1" r23="0" r24="0" r31="-0.314599" r32="0" r33="0.9492247" r34="0" r41="1567.3555" r42="-7.53104" r43="1374.7435" r44="1"></containerEntry>
          <containerEntry r11="0.4468373" r12="0" r13="0.89461607" r14="0" r21="0" r22="1" r23="0" r24="0" r31="-0.89461607" r32="0" r33="0.4468373" r34="0" r41="1576.3655" r42="-6.796889" r43="1363.9752" r44="1"></containerEntry>
          <containerEntry r11="-0.15937057" r12="0.060243353" r13="-0.9853793" r14="0" r21="0.049837176" r22="0.9973546" r23="0.052915" r24="0" r31="0.9859603" r32="-0.040675417" r33="-0.16195133" r34="0" r41="1570.2826" r42="-6.31446" r43="1355.7413" r44="1"></containerEntry>
          <containerEntry r11="0.4860419" r12="0" r13="-0.8739359" r14="0" r21="0" r22="1" r23="0" r24="0" r31="0.8739359" r32="0" r33="0.4860419" r34="0" r41="1591.867" r42="-7.722915" r43="1371.007" r44="1"></containerEntry>
          <containerEntry r11="-0.046982646" r12="0" r13="0.9988956" r14="0" r21="0" r22="1" r23="0" r24="0" r31="-0.9988956" r32="0" r33="-0.046982646" r34="0" r41="1557.4683" r42="-8.650345" r43="1361.9777" r44="1"></containerEntry>
          <containerEntry r11="0.11592538" r12="0.3125752" r13="0.9427932" r14="0" r21="-0.13837346" r22="0.9450185" r23="-0.29629853" r24="0" r31="-0.9835726" r32="-0.096109234" r33="0.15280381" r34="0" r41="1612.8778" r42="-0.472676" r43="1288.4402" r44="1"></containerEntry>
          <containerEntry r11="-0.8412493" r12="-0.03046081" r13="-0.53978693" r14="0" r21="0.027272148" r22="0.9947496" r23="-0.09863809" r24="0" r31="0.5399574" r32="-0.09770057" r33="-0.83600163" r34="0" r41="1581.4327" r42="-5.577261" r43="1306.3262" r44="1"></containerEntry>
          <containerEntry r11="-0.0027674816" r12="-0.04799608" r13="0.9988437" r14="0" r21="0.1820319" r22="0.98213506" r23="0.047697686" r24="0" r31="-0.9832887" r32="0.18195364" r33="0.006018823" r34="0" r41="1558.8735" r42="-9.578308" r43="1316.6117" r44="1"></containerEntry>
          <containerEntry r11="0.45715603" r12="0.11824796" r13="0.88149196" r14="0" r21="-0.1584882" r22="0.98608977" r23="-0.0500847" r24="0" r31="-0.87515265" r32="-0.116809495" r33="0.46953776" r34="0" r41="1578.6372" r42="-7.601583" r43="1299.975" r44="1"></containerEntry>
          <containerEntry r11="-0.17578784" r12="0.028640525" r13="-0.984012" r14="0" r21="-0.00414801" r22="0.99954623" r23="0.029833674" r24="0" r31="0.98441994" r32="0.009326102" r33="-0.17558931" r34="0" r41="1573.492" r42="-7.400952" r43="1291.0245" r44="1"></containerEntry>
          <containerEntry r11="0.97163475" r12="0.11981682" r13="-0.20389162" r14="0" r21="-0.21835439" r22="0.7856337" r23="-0.5788794" r24="0" r31="0.09082472" r32="0.60698" r33="0.7895115" r34="0" r41="1585.7445" r42="-6.564563" r43="1288.6323" r44="1"></containerEntry>
          <containerEntry r11="0.9501157" r12="0.00503016" r13="-0.31186047" r14="0" r21="-0.21380267" r22="0.738497" r23="-0.63946176" r24="0" r31="0.22709158" r32="0.6742392" r33="0.70273304" r34="0" r41="1638.0944" r42="-0.282037" r43="1282.3333" r44="1"></containerEntry>
          <containerEntry r11="-0.9874779" r12="-0.054175697" r13="-0.14819317" r14="0" r21="-0.021262392" r22="0.97632945" r23="-0.21524146" r24="0" r31="0.1563462" r32="-0.2093945" r33="-0.9652557" r34="0" r41="1647.684" r42="-0.012246" r43="1284.5055" r44="1"></containerEntry>
          <containerEntry r11="0.7326807" r12="-0.054175653" r13="0.6784151" r14="0" r21="-0.10360634" r22="0.9763293" r23="0.1898601" r24="0" r31="-0.6726424" r32="-0.20939489" r33="0.70972466" r34="0" r41="1659.9817" r42="-1.254498" r43="1298.3403" r44="1"></containerEntry>
          <containerEntry r11="0.67420715" r12="0.07434818" r13="0.7347921" r14="0" r21="-0.035709836" r22="0.99703807" r23="-0.06811745" r24="0" r31="-0.7376801" r32="0.019686" r33="0.6748652" r34="0" r41="1649.9432" r42="0.646558" r43="1301.4116" r44="1"></containerEntry>
          <containerEntry r11="0.91608644" r12="0.1321793" r13="0.37856847" r14="0" r21="-0.09482503" r22="0.9887405" r23="-0.11575993" r24="0" r31="-0.38960707" r32="0.07014828" r33="0.9183057" r34="0" r41="1649.8573" r42="-0.747901" r43="1329.6864" r44="1"></containerEntry>
          <containerEntry r11="-0.7457899" r12="-0.31000972" r13="0.5896506" r14="0" r21="0.14123711" r22="0.7914228" r23="0.5947282" r24="0" r31="-0.65103453" r32="0.52682394" r33="-0.54644984" r34="0" r41="1630.706" r42="-1.284441" r43="1355.0797" r44="1"></containerEntry>
          <containerEntry r11="0.15941535" r12="-0.082735926" r13="0.98373806" r14="0" r21="0.02504829" r22="0.99650013" r23="0.079750136" r24="0" r31="-0.9868933" r32="0.011927608" r33="0.1609298" r34="0" r41="1635.0663" r42="-0.370472" r43="1351.7444" r44="1"></containerEntry>
          <containerEntry r11="0.67695117" r12="0" r13="-0.73602784" r14="0" r21="0" r22="1" r23="0" r24="0" r31="0.73602784" r32="0" r33="0.67695117" r34="0" r41="1639.3024" r42="-0.864724" r43="1351.1736" r44="1"></containerEntry>
        </property>
        <property name="colors" type="UInt32" container="DynamicArray" arraySize="22">
          <containerEntry>4294967295</containerEntry>
          <containerEntry>4294967295</containerEntry>
          <containerEntry>4294967295</containerEntry>
          <containerEntry>4294967295</containerEntry>
          <containerEntry>4294967295</containerEntry>
          <containerEntry>4294967295</containerEntry>
          <containerEntry>4294967295</containerEntry>
          <containerEntry>4294967295</containerEntry>
          <containerEntry>4294967295</containerEntry>
          <containerEntry>4294967295</containerEntry>
          <containerEntry>4294967295</containerEntry>
          <containerEntry>4294967295</containerEntry>
          <containerEntry>4294967295</containerEntry>
          <containerEntry>4294967295</containerEntry>
          <containerEntry>4294967295</containerEntry>
          <containerEntry>4294967295</containerEntry>
          <containerEntry>4294967295</containerEntry>
          <containerEntry>4294967295</containerEntry>
          <containerEntry>4294967295</containerEntry>
          <containerEntry>4294967295</containerEntry>
          <containerEntry>4294967295</containerEntry>
          <containerEntry>4294967295</containerEntry>
        </property>
      </staticProperties>
      <dynamicProperties></dynamicProperties>
    </entity>
    <entity class="TexturePackLoadConditioner" classVersion="0" classID="0x48" addr="0x317EBE0" id="0x0">
      <staticProperties>
        <property name="name" type="String" container="StaticArray" arraySize="1">
          <containerEntry>TexturePackLoadConditioner0000</containerEntry>
        </property>
        <property name="dataSet" type="EntityHandle" container="StaticArray" arraySize="1">
          <containerEntry>0x32F4450</containerEntry>
        </property>
        <property name="texturePackPath" type="Path" container="StaticArray" arraySize="1">
          <containerEntry hash="0xB8A0BF169F98"></containerEntry>
        </property>
      </staticProperties>
      <dynamicProperties></dynamicProperties>
    </entity>
  </entities>
</fox>