<fox formatVersion="2" fileVersion="0">
  <entities>
    <entity class="DataSet" classVersion="0" classID="0xE8" addr="0x3352FC0" id="0x9C6A">
      <staticProperties>
        <property name="name" type="String" container="StaticArray" arraySize="1">
          <containerEntry hash="0xB8A0BF169F98"></containerEntry>
        </property>
        <property name="dataSet" type="EntityHandle" container="StaticArray" arraySize="1">
          <containerEntry>0x0</containerEntry>
        </property>
        <property name="dataList" type="EntityPtr" container="StringMap" arraySize="13">
          <containerEntry key="afgh_clff022_vrtn001_0008">
            <data>0x3353880</data>
          </containerEntry>
          <containerEntry key="afgh_clff022_vrtn003_0009">
            <data>0x3353E30</data>
          </containerEntry>
          <containerEntry key="StaticModelArray0000">
            <data>0x317DA60</data>
          </containerEntry>
          <containerEntry key="StaticModelArray0001">
            <data>0x317A5E0</data>
          </containerEntry>
          <containerEntry key="StaticModelArray0002">
            <data>0x317CFE0</data>
          </containerEntry>
          <containerEntry key="StaticModelArray0003">
            <data>0x317D670</data>
          </containerEntry>
          <containerEntry key="StaticModelArray0004">
            <data>0x317D050</data>
          </containerEntry>
          <containerEntry key="StaticModelArray0005">
            <data>0x317CF70</data>
          </containerEntry>
          <containerEntry key="StaticModelArray0006">
            <data>0x317D0C0</data>
          </containerEntry>
          <containerEntry key="StaticModelArray0007">
            <data>0x317D130</data>
          </containerEntry>
          <containerEntry key="StaticModelArray0008">
            <data>0x317D1A0</data>
          </containerEntry>
          <containerEntry key="StaticModelArray0009">
            <data>0x317D210</data>
          </containerEntry>
          <containerEntry key="TexturePackLoadConditioner0000">
            <data>0x317D3D0</data>
          </containerEntry>
        </property>
      </staticProperties>
      <dynamicProperties></dynamicProperties>
    </entity>
    <entity class="StaticModel" classVersion="9" classID="0x160" addr="0x3353880" id="0x9CAF">
      <staticProperties>
        <property name="name" type="String" container="StaticArray" arraySize="1">
          <containerEntry>afgh_clff022_vrtn001_0008</containerEntry>
        </property>
        <property name="dataSet" type="EntityHandle" container="StaticArray" arraySize="1">
          <containerEntry>0x3352FC0</containerEntry>
        </property>
        <property name="parent" type="EntityHandle" container="StaticArray" arraySize="1">
          <containerEntry>0x0</containerEntry>
        </property>
        <property name="transform" type="EntityPtr" container="StaticArray" arraySize="1">
          <containerEntry>0x3353CE0</containerEntry>
        </property>
        <property name="shearTransform" type="EntityPtr" container="StaticArray" arraySize="1">
          <containerEntry>0x0</containerEntry>
        </property>
        <property name="pivotTransform" type="EntityPtr" container="StaticArray" arraySize="1">
          <containerEntry>0x0</containerEntry>
        </property>
        <property name="children" type="EntityHandle" container="List"></property>
        <property name="flags" type="UInt32" container="StaticArray" arraySize="1">
          <containerEntry>3221225479</containerEntry>
        </property>
        <property name="modelFile" type="FilePtr" container="StaticArray" arraySize="1">
          <containerEntry>/Assets/tpp/environ/object/afghanistan/cliff/afgh_clff022/scenes/afgh_clff022_vrtn001.fmdl</containerEntry>
        </property>
        <property name="geomFile" type="FilePtr" container="StaticArray" arraySize="1">
          <containerEntry>/Assets/tpp/environ/object/afghanistan/cliff/afgh_clff022/scenes/afgh_clff022_vrtn001.geom</containerEntry>
        </property>
        <property name="isVisibleGeom" type="Bool" container="StaticArray" arraySize="1">
          <containerEntry>false</containerEntry>
        </property>
        <property name="isIsolated" type="Bool" container="StaticArray" arraySize="1">
          <containerEntry>false</containerEntry>
        </property>
        <property name="lodFarSize" type="Float" container="StaticArray" arraySize="1">
          <containerEntry>-1</containerEntry>
        </property>
        <property name="lodNearSize" type="Float" container="StaticArray" arraySize="1">
          <containerEntry>-1</containerEntry>
        </property>
        <property name="lodPolygonSize" type="Float" container="StaticArray" arraySize="1">
          <containerEntry>-1</containerEntry>
        </property>
        <property name="color" type="Color" container="StaticArray" arraySize="1">
          <containerEntry r="1" g="1" b="1" a="1"></containerEntry>
        </property>
        <property name="drawRejectionLevel" type="Int32" container="StaticArray" arraySize="1">
          <containerEntry>8</containerEntry>
        </property>
        <property name="drawMode" type="Int32" container="StaticArray" arraySize="1">
          <containerEntry>0</containerEntry>
        </property>
        <property name="rejectFarRangeShadowCast" type="Int32" container="StaticArray" arraySize="1">
          <containerEntry>2</containerEntry>
        </property>
      </staticProperties>
      <dynamicProperties></dynamicProperties>
    </entity>
    <entity class="TransformEntity" classVersion="0" classID="0x50" addr="0x3353CE0" id="0x9CB2">
      <staticProperties>
        <property name="owner" type="EntityHandle" container="StaticArray" arraySize="1">
          <containerEntry>0x3353880</containerEntry>
        </property>
        <property name="transform_scale" type="Vector3" container="StaticArray" arraySize="1">
          <containerEntry x="1.18" y="1.18" z="1.18" w="0"></containerEntry>
        </property>
        <property name="transform_rotation_quat" type="Quat" container="StaticArray" arraySize="1">
          <containerEntry x="0" y="-0.491865" z="0" w="-0.870672"></containerEntry>
        </property>
        <property name="transform_translation" type="Vector3" container="StaticArray" arraySize="1">
          <containerEntry x="-1109.6699" y="340.4072" z="810.1197" w="0"></containerEntry>
        </property>
      </staticProperties>
      <dynamicProperties></dynamicProperties>
    </entity>
    <entity class="StaticModel" classVersion="9" classID="0x160" addr="0x3353E30" id="0x9CB9">
      <staticProperties>
        <property name="name" type="String" container="StaticArray" arraySize="1">
          <containerEntry>afgh_clff022_vrtn003_0009</containerEntry>
        </property>
        <property name="dataSet" type="EntityHandle" container="StaticArray" arraySize="1">
          <containerEntry>0x3352FC0</containerEntry>
        </property>
        <property name="parent" type="EntityHandle" container="StaticArray" arraySize="1">
          <containerEntry>0x0</containerEntry>
        </property>
        <property name="transform" type="EntityPtr" container="StaticArray" arraySize="1">
          <containerEntry>0x3353EA0</containerEntry>
        </property>
        <property name="shearTransform" type="EntityPtr" container="StaticArray" arraySize="1">
          <containerEntry>0x0</containerEntry>
        </property>
        <property name="pivotTransform" type="EntityPtr" container="StaticArray" arraySize="1">
          <containerEntry>0x0</containerEntry>
        </property>
        <property name="children" type="EntityHandle" container="List"></property>
        <property name="flags" type="UInt32" container="StaticArray" arraySize="1">
          <containerEntry>3221225479</containerEntry>
        </property>
        <property name="modelFile" type="FilePtr" container="StaticArray" arraySize="1">
          <containerEntry>/Assets/tpp/environ/object/afghanistan/cliff/afgh_clff022/scenes/afgh_clff022_vrtn003.fmdl</containerEntry>
        </property>
        <property name="geomFile" type="FilePtr" container="StaticArray" arraySize="1">
          <containerEntry>/Assets/tpp/environ/object/afghanistan/cliff/afgh_clff022/scenes/afgh_clff022_vrtn003.geom</containerEntry>
        </property>
        <property name="isVisibleGeom" type="Bool" container="StaticArray" arraySize="1">
          <containerEntry>false</containerEntry>
        </property>
        <property name="isIsolated" type="Bool" container="StaticArray" arraySize="1">
          <containerEntry>false</containerEntry>
        </property>
        <property name="lodFarSize" type="Float" container="StaticArray" arraySize="1">
          <containerEntry>-1</containerEntry>
        </property>
        <property name="lodNearSize" type="Float" container="StaticArray" arraySize="1">
          <containerEntry>-1</containerEntry>
        </property>
        <property name="lodPolygonSize" type="Float" container="StaticArray" arraySize="1">
          <containerEntry>-1</containerEntry>
        </property>
        <property name="color" type="Color" container="StaticArray" arraySize="1">
          <containerEntry r="1" g="1" b="1" a="1"></containerEntry>
        </property>
        <property name="drawRejectionLevel" type="Int32" container="StaticArray" arraySize="1">
          <containerEntry>8</containerEntry>
        </property>
        <property name="drawMode" type="Int32" container="StaticArray" arraySize="1">
          <containerEntry>0</containerEntry>
        </property>
        <property name="rejectFarRangeShadowCast" type="Int32" container="StaticArray" arraySize="1">
          <containerEntry>2</containerEntry>
        </property>
      </staticProperties>
      <dynamicProperties></dynamicProperties>
    </entity>
    <entity class="TransformEntity" classVersion="0" classID="0x50" addr="0x3353EA0" id="0x9CBC">
      <staticProperties>
        <property name="owner" type="EntityHandle" container="StaticArray" arraySize="1">
          <containerEntry>0x3353E30</containerEntry>
        </property>
        <property name="transform_scale" type="Vector3" container="StaticArray" arraySize="1">
          <containerEntry x="1" y="1" z="1" w="0"></containerEntry>
        </property>
        <property name="transform_rotation_quat" type="Quat" container="StaticArray" arraySize="1">
          <containerEntry x="-0.011922" y="-0.613446" z="-0.022618" w="-0.789322"></containerEntry>
        </property>
        <property name="transform_translation" type="Vector3" container="StaticArray" arraySize="1">
          <containerEntry x="-1066.8997" y="343.21475" z="811.2696" w="0"></containerEntry>
        </property>
      </staticProperties>
      <dynamicProperties></dynamicProperties>
    </entity>
    <entity class="StaticModelArray" classVersion="4" classID="0xD0" addr="0x317DA60" id="0x0">
      <staticProperties>
        <property name="name" type="String" container="StaticArray" arraySize="1">
          <containerEntry>StaticModelArray0000</containerEntry>
        </property>
        <property name="dataSet" type="EntityHandle" container="StaticArray" arraySize="1">
          <containerEntry>0x3352FC0</containerEntry>
        </property>
        <property name="modelFile" type="FilePtr" container="StaticArray" arraySize="1">
          <containerEntry>/Assets/tpp/environ/object/afghanistan/rock/afgh_rock010/scenes/afgh_rock010_vrtn001.fmdl</containerEntry>
        </property>
        <property name="geomFile" type="FilePtr" container="StaticArray" arraySize="1">
          <containerEntry>/Assets/tpp/environ/object/afghanistan/rock/afgh_rock010/scenes/afgh_rock010_vrtn001.geom</containerEntry>
        </property>
        <property name="isVisibleGeom" type="Bool" container="StaticArray" arraySize="1">
          <containerEntry>false</containerEntry>
        </property>
        <property name="lodFarSize" type="Float" container="StaticArray" arraySize="1">
          <containerEntry>-1</containerEntry>
        </property>
        <property name="lodNearSize" type="Float" container="StaticArray" arraySize="1">
          <containerEntry>-1</containerEntry>
        </property>
        <property name="lodPolygonSize" type="Float" container="StaticArray" arraySize="1">
          <containerEntry>-1</containerEntry>
        </property>
        <property name="drawRejectionLevel" type="Int32" container="StaticArray" arraySize="1">
          <containerEntry>8</containerEntry>
        </property>
        <property name="drawMode" type="Int32" container="StaticArray" arraySize="1">
          <containerEntry>0</containerEntry>
        </property>
        <property name="rejectFarRangeShadowCast" type="Int32" container="StaticArray" arraySize="1">
          <containerEntry>2</containerEntry>
        </property>
        <property name="parentLocator" type="EntityLink" container="StaticArray" arraySize="1">
          <containerEntry packagePathHash="0xB8A0BF169F98" archivePathHash="0xB8A0BF169F98" nameInArchiveHash="0xB8A0BF169F98">0x0</containerEntry>
        </property>
        <property name="transforms" type="Matrix4" container="DynamicArray" arraySize="2">
          <containerEntry r11="-0.6234506" r12="-0.016997369" r13="-0.78167087" r14="0" r21="-0.0011974499" r22="0.9997833" r23="-0.020785056" r24="0" r31="0.7818547" r32="-0.012022556" r33="-0.6233358" r34="0" r41="-1150.8613" r42="311.29605" r43="892.57416" r44="1"></containerEntry>
          <containerEntry r11="-0.5148965" r12="0.580783" r13="0.63052356" r14="0" r21="0.5265223" r22="0.79470015" r23="-0.3020335" r24="0" r31="-0.6764933" r32="0.17646816" r33="-0.7149836" r34="0" r41="-1098.0525" r42="310.91144" r43="879.55457" r44="1"></containerEntry>
        </property>
        <property name="colors" type="UInt32" container="DynamicArray" arraySize="2">
          <containerEntry>4294967295</containerEntry>
          <containerEntry>4294967295</containerEntry>
        </property>
      </staticProperties>
      <dynamicProperties></dynamicProperties>
    </entity>
    <entity class="StaticModelArray" classVersion="4" classID="0xD0" addr="0x317A5E0" id="0x0">
      <staticProperties>
        <property name="name" type="String" container="StaticArray" arraySize="1">
          <containerEntry>StaticModelArray0001</containerEntry>
        </property>
        <property name="dataSet" type="EntityHandle" container="StaticArray" arraySize="1">
          <containerEntry>0x3352FC0</containerEntry>
        </property>
        <property name="modelFile" type="FilePtr" container="StaticArray" arraySize="1">
          <containerEntry>/Assets/tpp/environ/object/afghanistan/rock/afgh_rock009/scenes/afgh_rock009_rock002.fmdl</containerEntry>
        </property>
        <property name="geomFile" type="FilePtr" container="StaticArray" arraySize="1">
          <containerEntry>/Assets/tpp/environ/object/afghanistan/rock/afgh_rock009/scenes/afgh_rock009_rock002.geom</containerEntry>
        </property>
        <property name="isVisibleGeom" type="Bool" container="StaticArray" arraySize="1">
          <containerEntry>false</containerEntry>
        </property>
        <property name="lodFarSize" type="Float" container="StaticArray" arraySize="1">
          <containerEntry>-1</containerEntry>
        </property>
        <property name="lodNearSize" type="Float" container="StaticArray" arraySize="1">
          <containerEntry>-1</containerEntry>
        </property>
        <property name="lodPolygonSize" type="Float" container="StaticArray" arraySize="1">
          <containerEntry>-1</containerEntry>
        </property>
        <property name="drawRejectionLevel" type="Int32" container="StaticArray" arraySize="1">
          <containerEntry>8</containerEntry>
        </property>
        <property name="drawMode" type="Int32" container="StaticArray" arraySize="1">
          <containerEntry>0</containerEntry>
        </property>
        <property name="rejectFarRangeShadowCast" type="Int32" container="StaticArray" arraySize="1">
          <containerEntry>2</containerEntry>
        </property>
        <property name="parentLocator" type="EntityLink" container="StaticArray" arraySize="1">
          <containerEntry packagePathHash="0xB8A0BF169F98" archivePathHash="0xB8A0BF169F98" nameInArchiveHash="0xB8A0BF169F98">0x0</containerEntry>
        </property>
        <property name="transforms" type="Matrix4" container="DynamicArray" arraySize="16">
          <containerEntry r11="-0.92765975" r12="-0.12006949" r13="0.3535693" r14="0" r21="-0.1081747" r22="0.99270236" r23="0.05329308" r24="0" r31="-0.357388" r32="0.011190914" r33="-0.93387854" r34="0" r41="-1109.7942" r42="321.9772" r43="847.828" r44="1"></containerEntry>
          <containerEntry r11="0.037469126" r12="0.9535486" r13="0.29887438" r14="0" r21="0.99918634" r22="-0.040045977" r23="0.0025519729" r24="0" r31="0.01440464" r32="0.29853794" r33="-0.95427275" r34="0" r41="-1136.7339" r42="311.34048" r43="884.0449" r44="1"></containerEntry>
          <containerEntry r11="-0.80230546" r12="0.16097006" r13="0.5747868" r14="0" r21="-0.27820018" r22="-0.95280087" r23="-0.1214878" r24="0" r31="0.528106" r32="-0.25737765" r33="0.8092338" r34="0" r41="-1149.8323" r42="332.4712" r43="802.81616" r44="1"></containerEntry>
          <containerEntry r11="0.15571445" r12="-0.9800992" r13="-0.12310317" r14="0" r21="0.22309494" r22="0.15629917" r23="-0.96218246" r24="0" r31="0.9622773" r32="0.12235993" r33="0.2429955" r34="0" r41="-1041.5055" r42="333.3486" r43="823.14813" r44="1"></containerEntry>
          <containerEntry r11="-0.80230546" r12="0.16097006" r13="0.5747868" r14="0" r21="-0.27820018" r22="-0.95280087" r23="-0.1214878" r24="0" r31="0.528106" r32="-0.25737765" r33="0.8092338" r34="0" r41="-1133.6467" r42="329.76398" r43="812.5869" r44="1"></containerEntry>
          <containerEntry r11="-0.990542" r12="-0.10936869" r13="-0.08275433" r14="0" r21="-0.1011144" r22="0.9900255" r23="-0.09810795" r24="0" r31="0.09265888" r32="-0.08881317" r33="-0.9917206" r34="0" r41="-1027.4708" r42="331.20618" r43="843.26526" r44="1"></containerEntry>
          <containerEntry r11="0.25257692" r12="-0.06983763" r13="-0.9650506" r14="0" r21="-0.10111371" r22="0.99002564" r23="-0.0981083" r24="0" r31="0.96227646" r32="0.12235982" r33="0.2429961" r34="0" r41="-1049.8309" r42="327.62732" r43="849.6365" r44="1"></containerEntry>
          <containerEntry r11="-0.0025929809" r12="0.9937297" r13="0.111744344" r14="0" r21="-0.35790047" r22="-0.1052624" r23="0.92780316" r24="0" r31="0.933752" r32="-0.037584156" r33="0.3559349" r34="0" r41="-1115.9849" r42="323.5316" r43="843.687" r44="1"></containerEntry>
          <containerEntry r11="-0.002592206" r12="0.9937297" r13="0.11174351" r14="0" r21="0.8765974" r22="-0.051507175" r23="0.47845137" r24="0" r31="0.48120928" r32="0.0991966" r33="-0.87096673" r34="0" r41="-1084.6654" r42="328.9861" r43="823.56976" r44="1"></containerEntry>
          <containerEntry r11="-0.0025931" r12="0.99373007" r13="0.111743" r14="0" r21="0.22911867" r22="-0.10817593" r23="0.9673648" r24="0" r31="0.9733913" r32="0.028114527" r33="-0.2273984" r34="0" r41="-1074.8436" r42="326.5129" r43="841.6289" r44="1"></containerEntry>
          <containerEntry r11="-0.80230546" r12="0.16097006" r13="0.5747868" r14="0" r21="-0.27820018" r22="-0.95280087" r23="-0.1214878" r24="0" r31="0.528106" r32="-0.25737765" r33="0.8092338" r34="0" r41="-1133.6467" r42="326.40213" r43="825.0322" r44="1"></containerEntry>
          <containerEntry r11="-0.92765975" r12="-0.12006949" r13="0.3535693" r14="0" r21="-0.1081747" r22="0.99270236" r23="0.05329308" r24="0" r31="-0.357388" r32="0.011190914" r33="-0.93387854" r34="0" r41="-1085.2354" r42="323.8295" r43="847.828" r44="1"></containerEntry>
          <containerEntry r11="-0.30286583" r12="-0.24450941" r13="-0.9211283" r14="0" r21="-0.2608563" r22="0.9508868" r23="-0.1666373" r24="0" r31="0.916633" r32="0.18981346" r33="-0.3517729" r34="0" r41="-1041.5055" r42="326.4557" r43="867.7631" r44="1"></containerEntry>
          <containerEntry r11="0.15571505" r12="-0.98009884" r13="-0.1231038" r14="0" r21="0.9167075" r22="0.18980496" r23="-0.351592" r24="0" r31="0.3679613" r32="-0.058103114" r33="0.9280238" r34="0" r41="-1041.5055" r42="329.04605" r43="848.14075" r44="1"></containerEntry>
          <containerEntry r11="-0.22756942" r12="0.0030177925" r13="-0.973752" r14="0" r21="-0.02669072" r22="0.9996002" r23="0.009335718" r24="0" r31="0.9733908" r32="0.028114818" r33="-0.22739786" r34="0" r41="-1061.6669" r42="325.88522" r43="852.55615" r44="1"></containerEntry>
          <containerEntry r11="0.48685017" r12="0.44493607" r13="-0.7516687" r14="0" r21="-0.1416916" r22="0.8893718" r23="0.43467307" r24="0" r31="0.861915" r32="-0.10511458" r33="0.49603486" r34="0" r41="-1064.0419" r42="330.87665" r43="824.6024" r44="1"></containerEntry>
        </property>
        <property name="colors" type="UInt32" container="DynamicArray" arraySize="16">
          <containerEntry>4294967295</containerEntry>
          <containerEntry>4294967295</containerEntry>
          <containerEntry>4294967295</containerEntry>
          <containerEntry>4294967295</containerEntry>
          <containerEntry>4294967295</containerEntry>
          <containerEntry>4294967295</containerEntry>
          <containerEntry>4294967295</containerEntry>
          <containerEntry>4294967295</containerEntry>
          <containerEntry>4294967295</containerEntry>
          <containerEntry>4294967295</containerEntry>
          <containerEntry>4294967295</containerEntry>
          <containerEntry>4294967295</containerEntry>
          <containerEntry>4294967295</containerEntry>
          <containerEntry>4294967295</containerEntry>
          <containerEntry>4294967295</containerEntry>
          <containerEntry>4294967295</containerEntry>
        </property>
      </staticProperties>
      <dynamicProperties></dynamicProperties>
    </entity>
    <entity class="StaticModelArray" classVersion="4" classID="0xD0" addr="0x317CFE0" id="0x0">
      <staticProperties>
        <property name="name" type="String" container="StaticArray" arraySize="1">
          <containerEntry>StaticModelArray0002</containerEntry>
        </property>
        <property name="dataSet" type="EntityHandle" container="StaticArray" arraySize="1">
          <containerEntry>0x3352FC0</containerEntry>
        </property>
        <property name="modelFile" type="FilePtr" container="StaticArray" arraySize="1">
          <containerEntry>/Assets/tpp/environ/object/afghanistan/rock/afgh_rock001/scenes/afgh_rock001.fmdl</containerEntry>
        </property>
        <property name="geomFile" type="FilePtr" container="StaticArray" arraySize="1">
          <containerEntry>/Assets/tpp/environ/object/afghanistan/rock/afgh_rock001/scenes/afgh_rock001.geom</containerEntry>
        </property>
        <property name="isVisibleGeom" type="Bool" container="StaticArray" arraySize="1">
          <containerEntry>false</containerEntry>
        </property>
        <property name="lodFarSize" type="Float" container="StaticArray" arraySize="1">
          <containerEntry>-1</containerEntry>
        </property>
        <property name="lodNearSize" type="Float" container="StaticArray" arraySize="1">
          <containerEntry>-1</containerEntry>
        </property>
        <property name="lodPolygonSize" type="Float" container="StaticArray" arraySize="1">
          <containerEntry>-1</containerEntry>
        </property>
        <property name="drawRejectionLevel" type="Int32" container="StaticArray" arraySize="1">
          <containerEntry>8</containerEntry>
        </property>
        <property name="drawMode" type="Int32" container="StaticArray" arraySize="1">
          <containerEntry>0</containerEntry>
        </property>
        <property name="rejectFarRangeShadowCast" type="Int32" container="StaticArray" arraySize="1">
          <containerEntry>2</containerEntry>
        </property>
        <property name="parentLocator" type="EntityLink" container="StaticArray" arraySize="1">
          <containerEntry packagePathHash="0xB8A0BF169F98" archivePathHash="0xB8A0BF169F98" nameInArchiveHash="0xB8A0BF169F98">0x0</containerEntry>
        </property>
        <property name="transforms" type="Matrix4" container="DynamicArray" arraySize="14">
          <containerEntry r11="0.93101925" r12="0.12850364" r13="-0.3415968" r14="0" r21="-0.07877459" r22="0.98465633" r23="0.15571186" r24="0" r31="0.35636517" r32="-0.118061155" r33="0.92685694" r34="0" r41="-1074.9579" r42="311.73938" r43="877.9213" r44="1"></containerEntry>
          <containerEntry r11="0.6990587" r12="-0.6244832" r13="-0.34832442" r14="0" r21="0.61993015" r22="0.77205986" r23="-0.14001538" r24="0" r31="0.35636467" r32="-0.11806113" r33="0.926857" r34="0" r41="-1086" r42="313.7654" r43="874" r44="1"></containerEntry>
          <containerEntry r11="0.65192163" r12="-0.06728694" r13="0.75528944" r14="0" r21="-0.07877526" r22="0.98465616" r23="0.15571249" r24="0" r31="-0.7541778" r32="-0.1610105" r33="0.636618" r34="0" r41="-1096.4508" r42="311.01202" r43="894.6554" r44="1"></containerEntry>
          <containerEntry r11="0.65192163" r12="-0.06728694" r13="0.75528944" r14="0" r21="-0.07877526" r22="0.98465616" r23="0.15571249" r24="0" r31="-0.7541778" r32="-0.1610105" r33="0.636618" r34="0" r41="-1103.2773" r42="318.0031" r43="860.6559" r44="1"></containerEntry>
          <containerEntry r11="0.65192163" r12="-0.06728694" r13="0.75528944" r14="0" r21="-0.07877526" r22="0.98465616" r23="0.15571249" r24="0" r31="-0.7541778" r32="-0.1610105" r33="0.636618" r34="0" r41="-1111.3597" r42="313.34778" r43="880.1563" r44="1"></containerEntry>
          <containerEntry r11="0.65192163" r12="-0.06728694" r13="0.75528944" r14="0" r21="-0.07877526" r22="0.98465616" r23="0.15571249" r24="0" r31="-0.7541778" r32="-0.1610105" r33="0.636618" r34="0" r41="-1130.5476" r42="317.2524" r43="870.09845" r44="1"></containerEntry>
          <containerEntry r11="-0.92073166" r12="-0.1317361" r13="0.3672208" r14="0" r21="0.18326029" r22="-0.9769766" r23="0.10901103" r24="0" r31="0.34441426" r32="0.16767034" r33="0.9237227" r34="0" r41="-1130.5476" r42="323.48184" r43="845.006" r44="1"></containerEntry>
          <containerEntry r11="-0.92073065" r12="-0.13173658" r13="0.3672215" r14="0" r21="-0.056147568" r22="-0.88669676" r23="-0.45887718" r24="0" r31="0.38607463" r32="-0.44313237" r33="0.8090582" r34="0" r41="-1096.2657" r42="326.89532" r43="825.96857" r44="1"></containerEntry>
          <containerEntry r11="-0.4169829" r12="0.30204526" r13="-0.85723764" r14="0" r21="0.0020126402" r22="-0.9428311" r23="-0.33318758" r24="0" r31="-0.9088915" r32="-0.14066513" r33="0.39257303" r34="0" r41="-1054.4008" r42="331.64203" r43="825.3262" r44="1"></containerEntry>
          <containerEntry r11="-0.9982508" r12="0.01763283" r13="-0.05592458" r14="0" r21="0.0020118966" r22="-0.9428289" r23="-0.33318803" r24="0" r31="-0.058603987" r32="-0.33272722" r33="0.9411995" r34="0" r41="-1036.6412" r42="328.8506" r43="848.4433" r44="1"></containerEntry>
          <containerEntry r11="-0.9982508" r12="0.01763283" r13="-0.05592458" r14="0" r21="0.0020118966" r22="-0.9428289" r23="-0.33318803" r24="0" r31="-0.058603987" r32="-0.33272722" r33="0.9411995" r34="0" r41="-1056.3094" r42="326.068" r43="852.86456" r44="1"></containerEntry>
          <containerEntry r11="-0.9982508" r12="0.01763283" r13="-0.05592458" r14="0" r21="0.0020118966" r22="-0.9428289" r23="-0.33318803" r24="0" r31="-0.058603987" r32="-0.33272722" r33="0.9411995" r34="0" r41="-1140.643" r42="331.9811" r43="807.3277" r44="1"></containerEntry>
          <containerEntry r11="-0.73474914" r12="0.020611502" r13="-0.6779999" r14="0" r21="0.110282384" r22="-0.98258924" r23="-0.14938623" r24="0" r31="-0.6692881" r32="-0.18453622" r33="0.71971816" r34="0" r41="-1055.726" r42="315.63156" r43="878.55035" r44="1"></containerEntry>
          <containerEntry r11="-0.6705462" r12="-0.18428044" r13="0.718593" r14="0" r21="-0.012783781" r22="0.97138244" r23="0.23717561" r24="0" r31="-0.7417357" r32="0.14985463" r33="-0.6537121" r34="0" r41="-1031.1174" r42="317.72455" r43="892.88696" r44="1"></containerEntry>
        </property>
        <property name="colors" type="UInt32" container="DynamicArray" arraySize="14">
          <containerEntry>4294967295</containerEntry>
          <containerEntry>4294967295</containerEntry>
          <containerEntry>4294967295</containerEntry>
          <containerEntry>4294967295</containerEntry>
          <containerEntry>4294967295</containerEntry>
          <containerEntry>4294967295</containerEntry>
          <containerEntry>4294967295</containerEntry>
          <containerEntry>4294967295</containerEntry>
          <containerEntry>4294967295</containerEntry>
          <containerEntry>4294967295</containerEntry>
          <containerEntry>4294967295</containerEntry>
          <containerEntry>4294967295</containerEntry>
          <containerEntry>4294967295</containerEntry>
          <containerEntry>4294967295</containerEntry>
        </property>
      </staticProperties>
      <dynamicProperties></dynamicProperties>
    </entity>
    <entity class="StaticModelArray" classVersion="4" classID="0xD0" addr="0x317D670" id="0x0">
      <staticProperties>
        <property name="name" type="String" container="StaticArray" arraySize="1">
          <containerEntry>StaticModelArray0003</containerEntry>
        </property>
        <property name="dataSet" type="EntityHandle" container="StaticArray" arraySize="1">
          <containerEntry>0x3352FC0</containerEntry>
        </property>
        <property name="modelFile" type="FilePtr" container="StaticArray" arraySize="1">
          <containerEntry>/Assets/tpp/environ/object/afghanistan/rock/afgh_rock010/scenes/afgh_rock010.fmdl</containerEntry>
        </property>
        <property name="geomFile" type="FilePtr" container="StaticArray" arraySize="1">
          <containerEntry>/Assets/tpp/environ/object/afghanistan/rock/afgh_rock010/scenes/afgh_rock010.geom</containerEntry>
        </property>
        <property name="isVisibleGeom" type="Bool" container="StaticArray" arraySize="1">
          <containerEntry>false</containerEntry>
        </property>
        <property name="lodFarSize" type="Float" container="StaticArray" arraySize="1">
          <containerEntry>-1</containerEntry>
        </property>
        <property name="lodNearSize" type="Float" container="StaticArray" arraySize="1">
          <containerEntry>-1</containerEntry>
        </property>
        <property name="lodPolygonSize" type="Float" container="StaticArray" arraySize="1">
          <containerEntry>-1</containerEntry>
        </property>
        <property name="drawRejectionLevel" type="Int32" container="StaticArray" arraySize="1">
          <containerEntry>8</containerEntry>
        </property>
        <property name="drawMode" type="Int32" container="StaticArray" arraySize="1">
          <containerEntry>0</containerEntry>
        </property>
        <property name="rejectFarRangeShadowCast" type="Int32" container="StaticArray" arraySize="1">
          <containerEntry>2</containerEntry>
        </property>
        <property name="parentLocator" type="EntityLink" container="StaticArray" arraySize="1">
          <containerEntry packagePathHash="0xB8A0BF169F98" archivePathHash="0xB8A0BF169F98" nameInArchiveHash="0xB8A0BF169F98">0x0</containerEntry>
        </property>
        <property name="transforms" type="Matrix4" container="DynamicArray" arraySize="13">
          <containerEntry r11="1.2436728" r12="0.5061703" r13="-1.3687291" r14="0" r21="-0.15460013" r22="1.8339295" r23="0.5377307" r24="0" r31="1.451112" r32="-0.23842646" r33="1.2303562" r34="0" r41="-1050.4633" r42="352.89935" r43="778.4607" r44="1"></containerEntry>
          <containerEntry r11="1.4367483" r12="-0.0060342993" r13="0.63851166" r14="0" r21="-0.12100354" r22="1.5411229" r23="0.28684056" r24="0" r31="-0.6269703" r32="-0.31126025" r33="1.4078367" r34="0" r41="-1119.5541" r42="346.73795" r43="781.1794" r44="1"></containerEntry>
          <containerEntry r11="-1.4558954" r12="0.30419606" r13="-0.5077679" r14="0" r21="0.20894194" r22="1.5255262" r23="0.31483" r24="0" r31="0.55381113" r32="0.22414157" r33="-1.453633" r34="0" r41="-1037.758" r42="353.0975" r43="778.4607" r44="1"></containerEntry>
          <containerEntry r11="-0.8245884" r12="0.2377543" r13="-1.2248331" r14="0" r21="0.06961731" r22="1.4746344" r23="0.23937526" r24="0" r31="1.2457514" r32="0.07496653" r33="-0.8241193" r34="0" r41="-1110.0925" r42="343.3916" r43="793.5449" r44="1"></containerEntry>
          <containerEntry r11="0.7657946" r12="0.039415166" r13="-0.641875" r14="0" r21="0.019106511" r22="0.9962848" r23="0.08397305" r24="0" r31="0.6428002" r32="-0.07657008" r33="0.7621964" r34="0" r41="-1121.3486" r42="320.21948" r43="854.95374" r44="1"></containerEntry>
          <containerEntry r11="0.9998168" r12="-0.019138318" r13="-0.00042069686" r14="0" r21="0.019106042" r22="0.9962848" r23="0.08397342" r24="0" r31="-0.0011879818" r32="-0.08396608" r33="0.9964679" r34="0" r41="-1117.7991" r42="310.61127" r43="891.29974" r44="1"></containerEntry>
          <containerEntry r11="0.60825646" r12="-0.07824032" r13="0.7898739" r14="0" r21="0.019105468" r22="0.99628484" r23="0.083973505" r24="0" r31="-0.79350954" r32="-0.03598641" r33="0.6074915" r34="0" r41="-1114.7289" r42="320.21948" r43="854.95374" r44="1"></containerEntry>
          <containerEntry r11="0.9946503" r12="0.08530977" r13="-0.05824953" r14="0" r21="-0.08342683" r22="0.9959327" r23="0.03403062" r24="0" r31="0.060915757" r32="-0.028988983" r33="0.99772185" r34="0" r41="-1072.4666" r42="324.04285" r43="850.11316" r44="1"></containerEntry>
          <containerEntry r11="0.8076216" r12="0.04756909" r13="0.58777887" r14="0" r21="-0.08342775" r22="0.9959326" r23="0.034030497" r24="0" r31="-0.5837694" r32="-0.07652089" r33="0.80830526" r34="0" r41="-1037.298" r42="327.23987" r43="855.5986" r44="1"></containerEntry>
          <containerEntry r11="-0.808977" r12="0.06475842" r13="-0.58425117" r14="0" r21="0.019105857" r22="0.99628484" r23="0.08397301" r24="0" r31="0.5875186" r32="0.056770124" r33="-0.8072088" r34="0" r41="-1125.9154" r42="310.32312" r43="892.7778" r44="1"></containerEntry>
          <containerEntry r11="0.9483716" r12="-0.0446533" r13="0.31400207" r14="0" r21="-0.06733549" r22="0.9391221" r23="0.3369206" r24="0" r31="-0.3099309" r32="-0.34066936" r33="0.8876299" r34="0" r41="-1063.458" r42="309.5695" r43="883.39545" r44="1"></containerEntry>
          <containerEntry r11="0.20622692" r12="-0.13096611" r13="0.96969855" r14="0" r21="-0.1084566" r22="0.9818369" r23="0.15567061" r24="0" r31="-0.9724734" r32="-0.13727364" r33="0.18827707" r34="0" r41="-1060.0095" r42="310.7808" r43="886.26184" r44="1"></containerEntry>
          <containerEntry r11="0.9945411" r12="0.086707845" r13="-0.058048688" r14="0" r21="-0.073795184" r22="0.97778326" r23="0.19619894" r24="0" r31="0.07377107" r32="-0.19084418" r33="0.9788443" r34="0" r41="-1069.455" r42="329.5134" r43="822.2044" r44="1"></containerEntry>
        </property>
        <property name="colors" type="UInt32" container="DynamicArray" arraySize="13">
          <containerEntry>4294967295</containerEntry>
          <containerEntry>4294967295</containerEntry>
          <containerEntry>4294967295</containerEntry>
          <containerEntry>4294967295</containerEntry>
          <containerEntry>4294967295</containerEntry>
          <containerEntry>4294967295</containerEntry>
          <containerEntry>4294967295</containerEntry>
          <containerEntry>4294967295</containerEntry>
          <containerEntry>4294967295</containerEntry>
          <containerEntry>4294967295</containerEntry>
          <containerEntry>4294967295</containerEntry>
          <containerEntry>4294967295</containerEntry>
          <containerEntry>4294967295</containerEntry>
        </property>
      </staticProperties>
      <dynamicProperties></dynamicProperties>
    </entity>
    <entity class="StaticModelArray" classVersion="4" classID="0xD0" addr="0x317D050" id="0x0">
      <staticProperties>
        <property name="name" type="String" container="StaticArray" arraySize="1">
          <containerEntry>StaticModelArray0004</containerEntry>
        </property>
        <property name="dataSet" type="EntityHandle" container="StaticArray" arraySize="1">
          <containerEntry>0x3352FC0</containerEntry>
        </property>
        <property name="modelFile" type="FilePtr" container="StaticArray" arraySize="1">
          <containerEntry>/Assets/tpp/environ/object/afghanistan/cliff/afgh_clff007/scenes/afgh_clff007.fmdl</containerEntry>
        </property>
        <property name="geomFile" type="FilePtr" container="StaticArray" arraySize="1">
          <containerEntry>/Assets/tpp/environ/object/afghanistan/cliff/afgh_clff007/scenes/afgh_clff007.geom</containerEntry>
        </property>
        <property name="isVisibleGeom" type="Bool" container="StaticArray" arraySize="1">
          <containerEntry>false</containerEntry>
        </property>
        <property name="lodFarSize" type="Float" container="StaticArray" arraySize="1">
          <containerEntry>50</containerEntry>
        </property>
        <property name="lodNearSize" type="Float" container="StaticArray" arraySize="1">
          <containerEntry>400</containerEntry>
        </property>
        <property name="lodPolygonSize" type="Float" container="StaticArray" arraySize="1">
          <containerEntry>-1</containerEntry>
        </property>
        <property name="drawRejectionLevel" type="Int32" container="StaticArray" arraySize="1">
          <containerEntry>7</containerEntry>
        </property>
        <property name="drawMode" type="Int32" container="StaticArray" arraySize="1">
          <containerEntry>0</containerEntry>
        </property>
        <property name="rejectFarRangeShadowCast" type="Int32" container="StaticArray" arraySize="1">
          <containerEntry>2</containerEntry>
        </property>
        <property name="parentLocator" type="EntityLink" container="StaticArray" arraySize="1">
          <containerEntry packagePathHash="0xB8A0BF169F98" archivePathHash="0xB8A0BF169F98" nameInArchiveHash="0xB8A0BF169F98">0x0</containerEntry>
        </property>
        <property name="transforms" type="Matrix4" container="DynamicArray" arraySize="4">
          <containerEntry r11="0.98276186" r12="0.17950328" r13="-0.044246882" r14="0" r21="-0.17943175" r22="0.9837544" r23="0.005615116" r24="0" r31="0.044535995" r32="0.0024209712" r33="0.99900484" r34="0" r41="-1082.4875" r42="324.41855" r43="841.7244" r44="1"></containerEntry>
          <containerEntry r11="0.99349344" r12="0.07956345" r13="0.08148894" r14="0" r21="-0.082696535" r22="0.9959309" r23="0.035817817" r24="0" r31="-0.078307554" r32="-0.042323634" r33="0.99603045" r34="0" r41="-1097.534" r42="323.3537" r43="839.5591" r44="1"></containerEntry>
          <containerEntry r11="0.89718276" r12="0.016265672" r13="-0.44135943" r14="0" r21="0.041871767" r22="0.9916879" r23="0.121662706" r24="0" r31="0.43966976" r32="-0.1276342" r33="0.8890442" r34="0" r41="-1141.1696" r42="323.88544" r43="828.98553" r44="1"></containerEntry>
          <containerEntry r11="0.94178766" r12="0.07558816" r13="-0.3276007" r14="0" r21="-0.02118992" r22="0.9858068" r23="0.16654065" r24="0" r31="0.3355395" r32="-0.14990407" r33="0.9300224" r34="0" r41="-1150.9452" r42="323.51865" r43="833.24866" r44="1"></containerEntry>
        </property>
        <property name="colors" type="UInt32" container="DynamicArray" arraySize="4">
          <containerEntry>4294967295</containerEntry>
          <containerEntry>4294967295</containerEntry>
