<fox formatVersion="2" fileVersion="0">
  <entities>
    <entity class="DataSet" classVersion="0" classID="0xE8" addr="0x3352FC0" id="0x931E47">
      <staticProperties>
        <property name="name" type="String" container="StaticArray" arraySize="1">
          <containerEntry hash="0xB8A0BF169F98"></containerEntry>
        </property>
        <property name="dataSet" type="EntityHandle" container="StaticArray" arraySize="1">
          <containerEntry>0x0</containerEntry>
        </property>
        <property name="dataList" type="EntityPtr" container="StringMap" arraySize="13">
          <containerEntry key="afgh_rock006_0002">
            <data>0x3175C60</data>
          </containerEntry>
          <containerEntry key="StaticModelArray0000">
            <data>0x317DD70</data>
          </containerEntry>
          <containerEntry key="StaticModelArray0001">
            <data>0x317DDE0</data>
          </containerEntry>
          <containerEntry key="StaticModelArray0002">
            <data>0x317D750</data>
          </containerEntry>
          <containerEntry key="StaticModelArray0003">
            <data>0x317D4B0</data>
          </containerEntry>
          <containerEntry key="StaticModelArray0004">
            <data>0x317D2F0</data>
          </containerEntry>
          <containerEntry key="StaticModelArray0005">
            <data>0x317DC20</data>
          </containerEntry>
          <containerEntry key="StaticModelArray0006">
            <data>0x3352AF0</data>
          </containerEntry>
          <containerEntry key="StaticModelArray0007">
            <data>0x317D280</data>
          </containerEntry>
          <containerEntry key="StaticModelArray0008">
            <data>0x317D360</data>
          </containerEntry>
          <containerEntry key="StaticModelArray0009">
            <data>0x317D440</data>
          </containerEntry>
          <containerEntry key="StaticModelArray0010">
            <data>0x317D520</data>
          </containerEntry>
          <containerEntry key="TexturePackLoadConditioner0000">
            <data>0x317E2B0</data>
          </containerEntry>
        </property>
      </staticProperties>
      <dynamicProperties></dynamicProperties>
    </entity>
    <entity class="StaticModel" classVersion="9" classID="0x160" addr="0x3175C60" id="0x931F12">
      <staticProperties>
        <property name="name" type="String" container="StaticArray" arraySize="1">
          <containerEntry>afgh_rock006_0002</containerEntry>
        </property>
        <property name="dataSet" type="EntityHandle" container="StaticArray" arraySize="1">
          <containerEntry>0x3352FC0</containerEntry>
        </property>
        <property name="parent" type="EntityHandle" container="StaticArray" arraySize="1">
          <containerEntry>0x0</containerEntry>
        </property>
        <property name="transform" type="EntityPtr" container="StaticArray" arraySize="1">
          <containerEntry>0x3175CD0</containerEntry>
        </property>
        <property name="shearTransform" type="EntityPtr" container="StaticArray" arraySize="1">
          <containerEntry>0x0</containerEntry>
        </property>
        <property name="pivotTransform" type="EntityPtr" container="StaticArray" arraySize="1">
          <containerEntry>0x0</containerEntry>
        </property>
        <property name="children" type="EntityHandle" container="List"></property>
        <property name="flags" type="UInt32" container="StaticArray" arraySize="1">
          <containerEntry>3221225479</containerEntry>
        </property>
        <property name="modelFile" type="FilePtr" container="StaticArray" arraySize="1">
          <containerEntry>/Assets/tpp/environ/object/afghanistan/rock/afgh_rock006/scenes/afgh_rock006.fmdl</containerEntry>
        </property>
        <property name="geomFile" type="FilePtr" container="StaticArray" arraySize="1">
          <containerEntry>/Assets/tpp/environ/object/afghanistan/rock/afgh_rock006/scenes/afgh_rock006.geom</containerEntry>
        </property>
        <property name="isVisibleGeom" type="Bool" container="StaticArray" arraySize="1">
          <containerEntry>false</containerEntry>
        </property>
        <property name="isIsolated" type="Bool" container="StaticArray" arraySize="1">
          <containerEntry>false</containerEntry>
        </property>
        <property name="lodFarSize" type="Float" container="StaticArray" arraySize="1">
          <containerEntry>-1</containerEntry>
        </property>
        <property name="lodNearSize" type="Float" container="StaticArray" arraySize="1">
          <containerEntry>-1</containerEntry>
        </property>
        <property name="lodPolygonSize" type="Float" container="StaticArray" arraySize="1">
          <containerEntry>-1</containerEntry>
        </property>
        <property name="color" type="Color" container="StaticArray" arraySize="1">
          <containerEntry r="1" g="1" b="1" a="1"></containerEntry>
        </property>
        <property name="drawRejectionLevel" type="Int32" container="StaticArray" arraySize="1">
          <containerEntry>8</containerEntry>
        </property>
        <property name="drawMode" type="Int32" container="StaticArray" arraySize="1">
          <containerEntry>0</containerEntry>
        </property>
        <property name="rejectFarRangeShadowCast" type="Int32" container="StaticArray" arraySize="1">
          <containerEntry>2</containerEntry>
        </property>
      </staticProperties>
      <dynamicProperties></dynamicProperties>
    </entity>
    <entity class="TransformEntity" classVersion="0" classID="0x50" addr="0x3175CD0" id="0x931F15">
      <staticProperties>
        <property name="owner" type="EntityHandle" container="StaticArray" arraySize="1">
          <containerEntry>0x3175C60</containerEntry>
        </property>
        <property name="transform_scale" type="Vector3" container="StaticArray" arraySize="1">
          <containerEntry x="1" y="1" z="1" w="0"></containerEntry>
        </property>
        <property name="transform_rotation_quat" type="Quat" container="StaticArray" arraySize="1">
          <containerEntry x="0" y="0.965006" z="0" w="0.262227"></containerEntry>
        </property>
        <property name="transform_translation" type="Vector3" container="StaticArray" arraySize="1">
          <containerEntry x="-1457.4869" y="313.52832" z="1141.0546" w="0"></containerEntry>
        </property>
      </staticProperties>
      <dynamicProperties></dynamicProperties>
    </entity>
    <entity class="StaticModelArray" classVersion="4" classID="0xD0" addr="0x317DD70" id="0x0">
      <staticProperties>
        <property name="name" type="String" container="StaticArray" arraySize="1">
          <containerEntry>StaticModelArray0000</containerEntry>
        </property>
        <property name="dataSet" type="EntityHandle" container="StaticArray" arraySize="1">
          <containerEntry>0x3352FC0</containerEntry>
        </property>
        <property name="modelFile" type="FilePtr" container="StaticArray" arraySize="1">
          <containerEntry>/Assets/tpp/environ/object/afghanistan/rock/afgh_rock010/scenes/afgh_rock010.fmdl</containerEntry>
        </property>
        <property name="geomFile" type="FilePtr" container="StaticArray" arraySize="1">
          <containerEntry>/Assets/tpp/environ/object/afghanistan/rock/afgh_rock010/scenes/afgh_rock010.geom</containerEntry>
        </property>
        <property name="isVisibleGeom" type="Bool" container="StaticArray" arraySize="1">
          <containerEntry>false</containerEntry>
        </property>
        <property name="lodFarSize" type="Float" container="StaticArray" arraySize="1">
          <containerEntry>-1</containerEntry>
        </property>
        <property name="lodNearSize" type="Float" container="StaticArray" arraySize="1">
          <containerEntry>-1</containerEntry>
        </property>
        <property name="lodPolygonSize" type="Float" container="StaticArray" arraySize="1">
          <containerEntry>-1</containerEntry>
        </property>
        <property name="drawRejectionLevel" type="Int32" container="StaticArray" arraySize="1">
          <containerEntry>8</containerEntry>
        </property>
        <property name="drawMode" type="Int32" container="StaticArray" arraySize="1">
          <containerEntry>0</containerEntry>
        </property>
        <property name="rejectFarRangeShadowCast" type="Int32" container="StaticArray" arraySize="1">
          <containerEntry>2</containerEntry>
        </property>
        <property name="parentLocator" type="EntityLink" container="StaticArray" arraySize="1">
          <containerEntry packagePathHash="0xB8A0BF169F98" archivePathHash="0xB8A0BF169F98" nameInArchiveHash="0xB8A0BF169F98">0x0</containerEntry>
        </property>
        <property name="transforms" type="Matrix4" container="DynamicArray" arraySize="4">
          <containerEntry r11="0.53667533" r12="0.064647846" r13="0.84130806" r14="0" r21="-0.07042042" r22="0.9970138" r23="-0.031691" r24="0" r31="-0.8408446" r32="-0.042237565" r33="0.5396253" r34="0" r41="-1407.3389" r42="318.913" r43="1068.2354" r44="1"></containerEntry>
          <containerEntry r11="0.9874747" r12="-0.1238419" r13="-1.1223004" r14="0" r21="0.07745582" r22="1.4948678" r23="-0.09680267" r24="0" r31="1.1264527" r32="0.0057743965" r33="0.9904909" r34="0" r41="-1493.1403" r42="328.24704" r43="1099.5264" r44="1"></containerEntry>
          <containerEntry r11="-1.2363867" r12="0.009065196" r13="-0.8492759" r14="0" r21="0.07745537" r22="1.4948678" r23="-0.09680417" r24="0" r31="0.8457851" r32="-0.123645484" r33="-1.2326245" r34="0" r41="-1481.5123" r42="326.82227" r43="1094.5533" r44="1"></containerEntry>
          <containerEntry r11="-0.7592716" r12="-0.044381715" r13="-1.2928815" r14="0" r21="0.07745532" r22="1.4948678" r23="-0.09680267" r24="0" r31="1.2913222" r32="-0.11575987" r33="-0.75438213" r34="0" r41="-1509.7277" r42="327.93314" r43="1083.9762" r44="1"></containerEntry>
        </property>
        <property name="colors" type="UInt32" container="DynamicArray" arraySize="4">
          <containerEntry>4294967295</containerEntry>
          <containerEntry>4294967295</containerEntry>
          <containerEntry>4294967295</containerEntry>
          <containerEntry>4294967295</containerEntry>
        </property>
      </staticProperties>
      <dynamicProperties></dynamicProperties>
    </entity>
    <entity class="StaticModelArray" classVersion="4" classID="0xD0" addr="0x317DDE0" id="0x0">
      <staticProperties>
        <property name="name" type="String" container="StaticArray" arraySize="1">
          <containerEntry>StaticModelArray0001</containerEntry>
        </property>
        <property name="dataSet" type="EntityHandle" container="StaticArray" arraySize="1">
          <containerEntry>0x3352FC0</containerEntry>
        </property>
        <property name="modelFile" type="FilePtr" container="StaticArray" arraySize="1">
          <containerEntry>/Assets/tpp/environ/object/afghanistan/cliff/afgh_clff007/scenes/afgh_clff007.fmdl</containerEntry>
        </property>
        <property name="geomFile" type="FilePtr" container="StaticArray" arraySize="1">
          <containerEntry>/Assets/tpp/environ/object/afghanistan/cliff/afgh_clff007/scenes/afgh_clff007.geom</containerEntry>
        </property>
        <property name="isVisibleGeom" type="Bool" container="StaticArray" arraySize="1">
          <containerEntry>false</containerEntry>
        </property>
        <property name="lodFarSize" type="Float" container="StaticArray" arraySize="1">
          <containerEntry>-1</containerEntry>
        </property>
        <property name="lodNearSize" type="Float" container="StaticArray" arraySize="1">
          <containerEntry>-1</containerEntry>
        </property>
        <property name="lodPolygonSize" type="Float" container="StaticArray" arraySize="1">
          <containerEntry>-1</containerEntry>
        </property>
        <property name="drawRejectionLevel" type="Int32" container="StaticArray" arraySize="1">
          <containerEntry>8</containerEntry>
        </property>
        <property name="drawMode" type="Int32" container="StaticArray" arraySize="1">
          <containerEntry>0</containerEntry>
        </property>
        <property name="rejectFarRangeShadowCast" type="Int32" container="StaticArray" arraySize="1">
          <containerEntry>2</containerEntry>
        </property>
        <property name="parentLocator" type="EntityLink" container="StaticArray" arraySize="1">
          <containerEntry packagePathHash="0xB8A0BF169F98" archivePathHash="0xB8A0BF169F98" nameInArchiveHash="0xB8A0BF169F98">0x0</containerEntry>
        </property>
        <property name="transforms" type="Matrix4" container="DynamicArray" arraySize="3">
          <containerEntry r11="0.90922344" r12="-0.114482395" r13="-0.40025815" r14="0" r21="0.13658278" r22="0.99025995" r23="0.027024927" r24="0" r31="0.39326575" r32="-0.07924003" r33="0.9160039" r34="0" r41="-1414.6888" r42="305.95694" r43="1143.4059" r44="1"></containerEntry>
          <containerEntry r11="0.9633184" r12="-0.13912925" r13="0.2294792" r14="0" r21="0.13658276" r22="0.99026" r23="0.027023973" r24="0" r31="-0.23100388" r32="0.005310213" r33="0.97293836" r34="0" r41="-1426.9014" r42="307.38644" r43="1143.8827" r44="1"></containerEntry>
          <containerEntry r11="0.8629955" r12="-0.07198493" r13="0.500057" r14="0" r21="0.09016661" r22="0.99585134" r23="-0.012252808" r24="0" r31="-0.4971004" r32="0.055662557" r33="0.8659058" r34="0" r41="-1508.735" r42="318.51886" r43="1127.8688" r44="1"></containerEntry>
        </property>
        <property name="colors" type="UInt32" container="DynamicArray" arraySize="3">
          <containerEntry>4294967295</containerEntry>
          <containerEntry>4294967295</containerEntry>
          <containerEntry>4294967295</containerEntry>
        </property>
      </staticProperties>
      <dynamicProperties></dynamicProperties>
    </entity>
    <entity class="StaticModelArray" classVersion="4" classID="0xD0" addr="0x317D750" id="0x0">
      <staticProperties>
        <property name="name" type="String" container="StaticArray" arraySize="1">
          <containerEntry>StaticModelArray0002</containerEntry>
        </property>
        <property name="dataSet" type="EntityHandle" container="StaticArray" arraySize="1">
          <containerEntry>0x3352FC0</containerEntry>
        </property>
        <property name="modelFile" type="FilePtr" container="StaticArray" arraySize="1">
          <containerEntry>/Assets/tpp/environ/object/afghanistan/cliff/afgh_clff022/scenes/afgh_clff022_vrtn003.fmdl</containerEntry>
        </property>
        <property name="geomFile" type="FilePtr" container="StaticArray" arraySize="1">
          <containerEntry>/Assets/tpp/environ/object/afghanistan/cliff/afgh_clff022/scenes/afgh_clff022_vrtn003.geom</containerEntry>
        </property>
        <property name="isVisibleGeom" type="Bool" container="StaticArray" arraySize="1">
          <containerEntry>false</containerEntry>
        </property>
        <property name="lodFarSize" type="Float" container="StaticArray" arraySize="1">
          <containerEntry>-1</containerEntry>
        </property>
        <property name="lodNearSize" type="Float" container="StaticArray" arraySize="1">
          <containerEntry>-1</containerEntry>
        </property>
        <property name="lodPolygonSize" type="Float" container="StaticArray" arraySize="1">
          <containerEntry>-1</containerEntry>
        </property>
        <property name="drawRejectionLevel" type="Int32" container="StaticArray" arraySize="1">
          <containerEntry>8</containerEntry>
        </property>
        <property name="drawMode" type="Int32" container="StaticArray" arraySize="1">
          <containerEntry>0</containerEntry>
        </property>
        <property name="rejectFarRangeShadowCast" type="Int32" container="StaticArray" arraySize="1">
          <containerEntry>2</containerEntry>
        </property>
        <property name="parentLocator" type="EntityLink" container="StaticArray" arraySize="1">
          <containerEntry packagePathHash="0xB8A0BF169F98" archivePathHash="0xB8A0BF169F98" nameInArchiveHash="0xB8A0BF169F98">0x0</containerEntry>
        </property>
        <property name="transforms" type="Matrix4" container="DynamicArray" arraySize="3">
          <containerEntry r11="0.7466519" r12="0" r13="-0.66521496" r14="0" r21="0" r22="1" r23="0" r24="0" r31="0.66521496" r32="0" r33="0.7466519" r34="0" r41="-1517.3324" r42="332.90195" r43="1085.8387" r44="1"></containerEntry>
          <containerEntry r11="-0.96840584" r12="0" r13="0.24938458" r14="0" r21="0" r22="1" r23="0" r24="0" r31="-0.24938458" r32="0" r33="-0.96840584" r34="0" r41="-1454.5035" r42="332.4776" r43="1062.5211" r44="1"></containerEntry>
          <containerEntry r11="-0.2232045" r12="0" r13="0.9747721" r14="0" r21="0" r22="1" r23="0" r24="0" r31="-0.9747721" r32="0" r33="-0.2232045" r34="0" r41="-1529.0792" r42="329.51376" r43="1048.423" r44="1"></containerEntry>
        </property>
        <property name="colors" type="UInt32" container="DynamicArray" arraySize="3">
          <containerEntry>4294967295</containerEntry>
          <containerEntry>4294967295</containerEntry>
          <containerEntry>4294967295</containerEntry>
        </property>
      </staticProperties>
      <dynamicProperties></dynamicProperties>
    </entity>
    <entity class="StaticModelArray" classVersion="4" classID="0xD0" addr="0x317D4B0" id="0x0">
      <staticProperties>
        <property name="name" type="String" container="StaticArray" arraySize="1">
          <containerEntry>StaticModelArray0003</containerEntry>
        </property>
        <property name="dataSet" type="EntityHandle" container="StaticArray" arraySize="1">
          <containerEntry>0x3352FC0</containerEntry>
        </property>
        <property name="modelFile" type="FilePtr" container="StaticArray" arraySize="1">
          <containerEntry>/Assets/tpp/environ/object/afghanistan/rock/afgh_rock009/scenes/afgh_rock009_rock001.fmdl</containerEntry>
        </property>
        <property name="geomFile" type="FilePtr" container="StaticArray" arraySize="1">
          <containerEntry>/Assets/tpp/environ/object/afghanistan/rock/afgh_rock009/scenes/afgh_rock009_rock001.geom</containerEntry>
        </property>
        <property name="isVisibleGeom" type="Bool" container="StaticArray" arraySize="1">
          <containerEntry>false</containerEntry>
        </property>
        <property name="lodFarSize" type="Float" container="StaticArray" arraySize="1">
          <containerEntry>-1</containerEntry>
        </property>
        <property name="lodNearSize" type="Float" container="StaticArray" arraySize="1">
          <containerEntry>-1</containerEntry>
        </property>
        <property name="lodPolygonSize" type="Float" container="StaticArray" arraySize="1">
          <containerEntry>-1</containerEntry>
        </property>
        <property name="drawRejectionLevel" type="Int32" container="StaticArray" arraySize="1">
          <containerEntry>8</containerEntry>
        </property>
        <property name="drawMode" type="Int32" container="StaticArray" arraySize="1">
          <containerEntry>0</containerEntry>
        </property>
        <property name="rejectFarRangeShadowCast" type="Int32" container="StaticArray" arraySize="1">
          <containerEntry>2</containerEntry>
        </property>
        <property name="parentLocator" type="EntityLink" container="StaticArray" arraySize="1">
          <containerEntry packagePathHash="0xB8A0BF169F98" archivePathHash="0xB8A0BF169F98" nameInArchiveHash="0xB8A0BF169F98">0x0</containerEntry>
        </property>
        <property name="transforms" type="Matrix4" container="DynamicArray" arraySize="5">
          <containerEntry r11="0.9839286" r12="-0.17712381" r13="-0.022618828" r14="0" r21="0.17712381" r22="0.9520949" r23="0.24928373" r24="0" r31="-0.022618828" r32="-0.24928373" r33="0.9681663" r34="0" r41="-1413.8304" r42="308.52057" r43="1135.4502" r44="1"></containerEntry>
          <containerEntry r11="0.9190978" r12="-0.069432035" r13="-0.387864" r14="0" r21="0.17712407" r22="0.95209473" r23="0.24928437" r24="0" r31="0.3519749" r32="-0.29781675" r33="0.88736624" r34="0" r41="-1446.8193" r42="319.17877" r43="1053.0914" r44="1"></containerEntry>
          <containerEntry r11="-0.2593838" r12="-0.082448125" r13="0.96224666" r14="0" r21="0.3732138" r22="0.91039" r23="0.17860907" r24="0" r31="-0.89074564" r32="0.4054529" r33="-0.20536947" r34="0" r41="-1509.5906" r42="318.5646" r43="1131.3413" r44="1"></containerEntry>
          <containerEntry r11="-0.9206913" r12="-0.2531781" r13="0.29702687" r14="0" r21="0.28418848" r22="0.0867448" r23="0.9548354" r24="0" r31="-0.26750892" r32="0.96352196" r33="-0.007913291" r34="0" r41="-1414.4603" r42="304.60065" r43="1053.5203" r44="1"></containerEntry>
          <containerEntry r11="-0.17094539" r12="0.26568118" r13="-0.94878334" r14="0" r21="0.06295129" r22="0.9639359" r23="0.2585819" r24="0" r31="0.9832668" r32="-0.0155236125" r33="-0.18150538" r34="0" r41="-1426.9425" r42="319.5143" r43="1048.9504" r44="1"></containerEntry>
        </property>
        <property name="colors" type="UInt32" container="DynamicArray" arraySize="5">
          <containerEntry>4294967295</containerEntry>
          <containerEntry>4294967295</containerEntry>
          <containerEntry>4294967295</containerEntry>
          <containerEntry>4294967295</containerEntry>
          <containerEntry>4294967295</containerEntry>
        </property>
      </staticProperties>
      <dynamicProperties></dynamicProperties>
    </entity>
    <entity class="StaticModelArray" classVersion="4" classID="0xD0" addr="0x317D2F0" id="0x0">
      <staticProperties>
        <property name="name" type="String" container="StaticArray" arraySize="1">
          <containerEntry>StaticModelArray0004</containerEntry>
        </property>
        <property name="dataSet" type="EntityHandle" container="StaticArray" arraySize="1">
          <containerEntry>0x3352FC0</containerEntry>
        </property>
        <property name="modelFile" type="FilePtr" container="StaticArray" arraySize="1">
          <containerEntry>/Assets/tpp/environ/object/afghanistan/cliff/afgh_clff022/scenes/afgh_clff022_vrtn002.fmdl</containerEntry>
        </property>
        <property name="geomFile" type="FilePtr" container="StaticArray" arraySize="1">
          <containerEntry>/Assets/tpp/environ/object/afghanistan/cliff/afgh_clff022/scenes/afgh_clff022_vrtn002.geom</containerEntry>
        </property>
        <property name="isVisibleGeom" type="Bool" container="StaticArray" arraySize="1">
          <containerEntry>false</containerEntry>
        </property>
        <property name="lodFarSize" type="Float" container="StaticArray" arraySize="1">
          <containerEntry>-1</containerEntry>
        </property>
        <property name="lodNearSize" type="Float" container="StaticArray" arraySize="1">
          <containerEntry>-1</containerEntry>
        </property>
        <property name="lodPolygonSize" type="Float" container="StaticArray" arraySize="1">
          <containerEntry>-1</containerEntry>
        </property>
        <property name="drawRejectionLevel" type="Int32" container="StaticArray" arraySize="1">
          <containerEntry>8</containerEntry>
        </property>
        <property name="drawMode" type="Int32" container="StaticArray" arraySize="1">
          <containerEntry>0</containerEntry>
        </property>
        <property name="rejectFarRangeShadowCast" type="Int32" container="StaticArray" arraySize="1">
          <containerEntry>2</containerEntry>
        </property>
        <property name="parentLocator" type="EntityLink" container="StaticArray" arraySize="1">
          <containerEntry packagePathHash="0xB8A0BF169F98" archivePathHash="0xB8A0BF169F98" nameInArchiveHash="0xB8A0BF169F98">0x0</containerEntry>
        </property>
        <property name="transforms" type="Matrix4" container="DynamicArray" arraySize="5">
          <containerEntry r11="0.9795224" r12="0.013222679" r13="0.20090029" r14="0" r21="-0.015623934" r22="0.99982417" r23="0.010371472" r24="0" r31="-0.20072782" r32="-0.013297952" r33="0.97955674" r34="0" r41="-1491.021" r42="329.276" r43="1105.1741" r44="1"></containerEntry>
          <containerEntry r11="-0.93043566" r12="0" r13="0.36644787" r14="0" r21="0" r22="1" r23="0" r24="0" r31="-0.36644787" r32="0" r33="-0.93043566" r34="0" r41="-1457.253" r42="318.27505" r43="1057.0776" r44="1"></containerEntry>
          <containerEntry r11="-0.82377493" r12="0" r13="-0.56691396" r14="0" r21="0" r22="1" r23="0" r24="0" r31="0.56691396" r32="0" r33="-0.82377493" r34="0" r41="-1419.1105" r42="318.27505" r43="1060.6622" r44="1"></containerEntry>
          <containerEntry r11="-0.81135154" r12="0" r13="-0.5845557" r14="0" r21="0" r22="1" r23="0" r24="0" r31="0.5845557" r32="0" r33="-0.81135154" r34="0" r41="-1491.8549" r42="320.50885" r43="1050.6124" r44="1"></containerEntry>
          <containerEntry r11="-0.999316" r12="0" r13="-0.036949683" r14="0" r21="0" r22="1" r23="0" r24="0" r31="0.036949683" r32="0" r33="-0.999316" r34="0" r41="-1529.1257" r42="320.2685" r43="1046.2778" r44="1"></containerEntry>
        </property>
        <property name="colors" type="UInt32" container="DynamicArray" arraySize="5">
          <containerEntry>4294967295</containerEntry>
          <containerEntry>4294967295</containerEntry>
          <containerEntry>4294967295</containerEntry>
          <containerEntry>4294967295</containerEntry>
          <containerEntry>4294967295</containerEntry>
        </property>
      </staticProperties>
      <dynamicProperties></dynamicProperties>
    </entity>
    <entity class="StaticModelArray" classVersion="4" classID="0xD0" addr="0x317DC20" id="0x0">
      <staticProperties>
        <property name="name" type="String" container="StaticArray" arraySize="1">
          <containerEntry>StaticModelArray0005</containerEntry>
        </property>
        <property name="dataSet" type="EntityHandle" container="StaticArray" arraySize="1">
          <containerEntry>0x3352FC0</containerEntry>
        </property>
        <property name="modelFile" type="FilePtr" container="StaticArray" arraySize="1">
          <containerEntry>/Assets/tpp/environ/object/afghanistan/cliff/afgh_clff013/scenes/afgh_clff013.fmdl</containerEntry>
        </property>
        <property name="geomFile" type="FilePtr" container="StaticArray" arraySize="1">
          <containerEntry>/Assets/tpp/environ/object/afghanistan/cliff/afgh_clff013/scenes/afgh_clff013.geom</containerEntry>
        </property>
        <property name="isVisibleGeom" type="Bool" container="StaticArray" arraySize="1">
          <containerEntry>false</containerEntry>
        </property>
        <property name="lodFarSize" type="Float" container="StaticArray" arraySize="1">
          <containerEntry>-1</containerEntry>
        </property>
        <property name="lodNearSize" type="Float" container="StaticArray" arraySize="1">
          <containerEntry>-1</containerEntry>
        </property>
        <property name="lodPolygonSize" type="Float" container="StaticArray" arraySize="1">
          <containerEntry>-1</containerEntry>
        </property>
        <property name="drawRejectionLevel" type="Int32" container="StaticArray" arraySize="1">
          <containerEntry>8</containerEntry>
        </property>
        <property name="drawMode" type="Int32" container="StaticArray" arraySize="1">
          <containerEntry>0</containerEntry>
        </property>
        <property name="rejectFarRangeShadowCast" type="Int32" container="StaticArray" arraySize="1">
          <containerEntry>2</containerEntry>
        </property>
        <property name="parentLocator" type="EntityLink" container="StaticArray" arraySize="1">
          <containerEntry packagePathHash="0xB8A0BF169F98" archivePathHash="0xB8A0BF169F98" nameInArchiveHash="0xB8A0BF169F98">0x0</containerEntry>
        </property>
        <property name="transforms" type="Matrix4" container="DynamicArray" arraySize="7">
          <containerEntry r11="0.37460637" r12="0" r13="0.9271834" r14="0" r21="0" r22="1" r23="0" r24="0" r31="-0.9271834" r32="0" r33="0.37460637" r34="0" r41="-1528.0808" r42="323.41513" r43="1066.8206" r44="1"></containerEntry>
          <containerEntry r11="0.8504087" r12="0" r13="-0.5261225" r14="0" r21="0" r22="1" r23="0" r24="0" r31="0.5261225" r32="0" r33="0.8504087" r34="0" r41="-1460.8314" r42="325.7059" r43="1100.097" r44="1"></containerEntry>
          <containerEntry r11="-0.10637879" r12="0" r13="-0.9943243" r14="0" r21="0" r22="1" r23="0" r24="0" r31="0.9943243" r32="0" r33="-0.10637879" r34="0" r41="-1448.1388" r42="325.59927" r43="1082.3212" r44="1"></containerEntry>
          <containerEntry r11="0.955845" r12="0" r13="0.29387113" r14="0" r21="0" r22="1" r23="0" r24="0" r31="-0.29387113" r32="0" r33="0.955845" r34="0" r41="-1474.9529" r42="319.03705" r43="1122.7704" r44="1"></containerEntry>
          <containerEntry r11="-0.9535253" r12="0" r13="-0.30130106" r14="0" r21="0" r22="1" r23="0" r24="0" r31="0.30130106" r32="0" r33="-0.9535253" r34="0" r41="-1454.4631" r42="302.86716" r43="1037.6853" r44="1"></containerEntry>
          <containerEntry r11="-0.9017376" r12="0" r13="0.43227682" r14="0" r21="0" r22="1" r23="0" r24="0" r31="-0.43227682" r32="0" r33="-0.9017376" r34="0" r41="-1477.401" r42="302.86716" r43="1037.0349" r44="1"></containerEntry>
          <containerEntry r11="0.98006636" r12="0" r13="-0.19867046" r14="0" r21="0" r22="1" r23="0" r24="0" r31="0.19867046" r32="0" r33="0.98006636" r34="0" r41="-1452.7635" r42="316.9692" r43="1124.5295" r44="1"></containerEntry>
        </property>
        <property name="colors" type="UInt32" container="DynamicArray" arraySize="7">
          <containerEntry>4294967295</containerEntry>
          <containerEntry>4294967295</containerEntry>
          <containerEntry>4294967295</containerEntry>
          <containerEntry>4294967295</containerEntry>
          <containerEntry>4294967295</containerEntry>
          <containerEntry>4294967295</containerEntry>
          <containerEntry>4294967295</containerEntry>
        </property>
      </staticProperties>
      <dynamicProperties></dynamicProperties>
    </entity>
    <entity class="StaticModelArray" classVersion="4" classID="0xD0" addr="0x3352AF0" id="0x0">
      <staticProperties>
        <property name="name" type="String" container="StaticArray" arraySize="1">
          <containerEntry>StaticModelArray0006</containerEntry>
        </property>
        <property name="dataSet" type="EntityHandle" container="StaticArray" arraySize="1">
          <containerEntry>0x3352FC0</containerEntry>
        </property>
        <property name="modelFile" type="FilePtr" container="StaticArray" arraySize="1">
          <containerEntry>/Assets/tpp/environ/object/afghanistan/cliff/afgh_clff025/scenes/afgh_clff025.fmdl</containerEntry>
        </property>
        <property name="geomFile" type="FilePtr" container="StaticArray" arraySize="1">
          <containerEntry>/Assets/tpp/environ/object/afghanistan/cliff/afgh_clff025/scenes/afgh_clff025.geom</containerEntry>
        </property>
        <property name="isVisibleGeom" type="Bool" container="StaticArray" arraySize="1">
          <containerEntry>false</containerEntry>
        </property>
        <property name="lodFarSize" type="Float" container="StaticArray" arraySize="1">
          <containerEntry>-1</containerEntry>
        </property>
        <property name="lodNearSize" type="Float" container="StaticArray" arraySize="1">
          <containerEntry>-1</containerEntry>
        </property>
        <property name="lodPolygonSize" type="Float" container="StaticArray" arraySize="1">
          <containerEntry>-1</containerEntry>
        </property>
        <property name="drawRejectionLevel" type="Int32" container="StaticArray" arraySize="1">
          <containerEntry>8</containerEntry>
        </property>
        <property name="drawMode" type="Int32" container="StaticArray" arraySize="1">
          <containerEntry>0</containerEntry>
        </property>
        <property name="rejectFarRangeShadowCast" type="Int32" container="StaticArray" arraySize="1">
          <containerEntry>2</containerEntry>
        </property>
        <property name="parentLocator" type="EntityLink" container="StaticArray" arraySize="1">
          <containerEntry packagePathHash="0xB8A0BF169F98" archivePathHash="0xB8A0BF169F98" nameInArchiveHash="0xB8A0BF169F98">0x0</containerEntry>
        </property>
        <property name="transforms" type="Matrix4" container="DynamicArray" arraySize="25">
          <containerEntry r11="-1.255166" r12="0" r13="0.821318" r14="0" r21="0" r22="1.5" r23="0" r24="0" r31="-0.821318" r32="0" r33="-1.255166" r34="0" r41="-1467.5725" r42="322.9521" r43="1059.8939" r44="1"></containerEntry>
          <containerEntry r11="-1.0962349" r12="0" r13="-1.0238476" r14="0" r21="0" r22="1.5" r23="0" r24="0" r31="1.0238476" r32="0" r33="-1.0962349" r34="0" r41="-1498.043" r42="324.6768" r43="1050.1132" r44="1"></containerEntry>
          <containerEntry r11="-0.8447766" r12="0" r13="-1.2394964" r14="0" r21="0" r22="1.5" r23="0" r24="0" r31="1.2394964" r32="0" r33="-0.8447766" r34="0" r41="-1489.1946" r42="324.8634" r43="1057.6941" r44="1"></containerEntry>
          <containerEntry r11="-1.4912045" r12="0" r13="0.16219072" r14="0" r21="0" r22="1.5" r23="0" r24="0" r31="-0.16219072" r32="0" r33="-1.4912045" r34="0" r41="-1481.2823" r42="323.9882" r43="1059.724" r44="1"></containerEntry>
          <containerEntry r11="-1.4620302" r12="-0.05546085" r13="0.33075085" r14="0" r21="-0.047965687" r22="1.4987181" r23="0.03928327" r24="0" r31="-0.33192065" r32="0.027712386" r33="-1.4625541" r34="0" r41="-1513.6993" r42="324.40546" r43="1048.4115" r44="1"></containerEntry>
          <containerEntry r11="0.9992325" r12="0" r13="0.039172437" r14="0" r21="0" r22="1" r23="0" r24="0" r31="-0.039172437" r32="0" r33="0.9992325" r34="0" r41="-1419.0793" r42="314.3198" r43="1124.8771" r44="1"></containerEntry>
          <containerEntry r11="-0.86247313" r12="0" r13="-0.50610125" r14="0" r21="0" r22="1" r23="0" r24="0" r31="0.50610125" r32="0" r33="-0.86247313" r34="0" r41="-1439.8883" r42="322.1719" r43="1063.3945" r44="1"></containerEntry>
          <containerEntry r11="-0.9981644" r12="0" r13="0.060574185" r14="0" r21="0" r22="1" r23="0" r24="0" r31="-0.060574185" r32="0" r33="-0.9981644" r34="0" r41="-1516.3644" r42="307.4463" r43="1026.5858" r44="1"></containerEntry>
          <containerEntry r11="-0.86247313" r12="0" r13="-0.50610125" r14="0" r21="0" r22="1" r23="0" r24="0" r31="0.50610125" r32="0" r33="-0.86247313" r34="0" r41="-1504.5293" r42="306.86008" r43="1028.7415" r44="1"></containerEntry>
          <containerEntry r11="-0.4199294" r12="0" r13="0.9075581" r14="0" r21="0" r22="1" r23="0" r24="0" r31="-0.9075581" r32="0" r33="-0.4199294" r34="0" r41="-1524.9088" r42="307.7451" r43="1033.8212" r44="1"></containerEntry>
          <containerEntry r11="-0.22921157" r12="0" r13="-0.97337615" r14="0" r21="0" r22="1" r23="0" r24="0" r31="0.97337615" r32="0" r33="-0.22921157" r34="0" r41="-1433.1134" r42="322.1719" r43="1072.7789" r44="1"></containerEntry>
          <containerEntry r11="-0.9063039" r12="0" r13="-0.4226225" r14="0" r21="0" r22="1" r23="0" r24="0" r31="0.4226225" r32="0" r33="-0.9063039" r34="0" r41="-1444.6877" r42="301.50098" r43="1031.2589" r44="1"></containerEntry>
          <containerEntry r11="-0.7071049" r12="0" r13="-0.70710564" r14="0" r21="0" r22="1" r23="0" r24="0" r31="0.70710564" r32="0" r33="-0.7071049" r34="0" r41="-1434.6484" r42="302.28586" r43="1036.8733" r44="1"></containerEntry>
          <containerEntry r11="-0.34630084" r12="0.12071628" r13="-0.9303245" r14="0" r21="-0.18903407" r22="0.9623657" r23="0.19523923" r24="0" r31="0.918881" r32="0.24347447" r33="-0.3104486" r34="0" r41="-1529.7994" r42="320.68234" r43="1107.77" r44="1"></containerEntry>
          <containerEntry r11="0.2652466" r12="-0.14139032" r13="0.9537569" r14="0" r21="0.29770514" r22="0.95286596" r23="0.0584644" r24="0" r31="-0.91706884" r32="0.268431" r33="0.29483712" r34="0" r41="-1516.2212" r42="318.9561" r43="1119.5348" r44="1"></containerEntry>
          <containerEntry r11="0.9909787" r12="-4.898757e-07" r13="-0.13401952" r14="0" r21="-0.055082254" r22="0.91163313" r23="-0.40729707" r24="0" r31="0.122176826" r32="0.41100484" r33="0.903409" r34="0" r41="-1477.4219" r42="301.5598" r43="1026.8439" r44="1"></containerEntry>
          <containerEntry r11="0.12611389" r12="0.3575764" r13="-0.9253266" r14="0" r21="-0.16883269" r22="0.92690486" r23="0.33517528" r24="0" r31="0.9775406" r32="0.11395647" r33="0.17726654" r34="0" r41="-1436.0272" r42="315.55148" r43="1124.4438" r44="1"></containerEntry>
          <containerEntry r11="0.5835334" r12="-0.37139937" r13="0.7221836" r14="0" r21="0.2954211" r22="0.92544544" r23="0.23722719" r24="0" r31="-0.7564477" r32="0.07491906" r33="0.64974785" r34="0" r41="-1425.5936" r42="312.30167" r43="1126.6725" r44="1"></containerEntry>
          <containerEntry r11="0.3227883" r12="0.065704286" r13="0.94418716" r14="0" r21="0.23407835" r22="0.96105516" r23="-0.14690194" r24="0" r31="-0.917068" r32="0.2684321" r33="0.29483742" r34="0" r41="-1528.167" r42="323.47324" r43="1086.1625" r44="1"></containerEntry>
          <containerEntry r11="0.27652922" r12="-0.10454243" r13="0.95530146" r14="0" r21="0.28725654" r22="0.9576091" r23="0.021643586" r24="0" r31="-0.91706795" r32="0.26843184" r33="0.29483747" r34="0" r41="-1518.5189" r42="321.74393" r43="1104.1008" r44="1"></containerEntry>
          <containerEntry r11="0.8006585" r12="-0.2825658" r13="0.5283009" r14="0" r21="0.29770538" r22="0.9528658" r23="0.058464736" r24="0" r31="-0.51992" r32="0.110468" r33="0.8470416" r34="0" r41="-1479.849" r42="317.67822" r43="1129.2175" r44="1"></containerEntry>
          <containerEntry r11="-1.255166" r12="0" r13="0.821318" r14="0" r21="0" r22="1.5" r23="0" r24="0" r31="-0.821318" r32="0" r33="-1.255166" r34="0" r41="-1463.2655" r42="327.91278" r43="1066.4761" r44="1"></containerEntry>
          <containerEntry r11="-0.55095345" r12="0" r13="1.3951524" r14="0" r21="0" r22="1.5" r23="0" r24="0" r31="-1.3951524" r32="0" r33="-0.55095345" r34="0" r41="-1471.3845" r42="327.91278" r43="1079.7206" r44="1"></containerEntry>
          <containerEntry r11="-1.255166" r12="0" r13="0.821318" r14="0" r21="0" r22="1.5" r23="0" r24="0" r31="-0.821318" r32="0" r33="-1.255166" r34="0" r41="-1523.1156" r42="327.10315" r43="1055.9163" r44="1"></containerEntry>
          <containerEntry r11="0.47754326" r12="0" r13="1.4219544" r14="0" r21="0" r22="1.5" r23="0" r24="0" r31="-1.4219544" r32="0" r33="0.47754326" r34="0" r41="-1524.2815" r42="327.78802" r43="1071.1674" r44="1"></containerEntry>
        </property>
        <property name="colors" type="UInt32" container="DynamicArray" arraySize="25">
          <containerEntry>4294967295</containerEntry>
          <containerEntry>4294967295</containerEntry>
          <containerEntry>4294967295</containerEntry>
          <containerEntry>4294967295</containerEntry>
          <containerEntry>4294967295</containerEntry>
          <containerEntry>4294967295</containerEntry>
          <containerEntry>4294967295</containerEntry>
          <containerEntry>4294967295</containerEntry>
          <containerEntry>4294967295</containerEntry>
          <containerEntry>4294967295</containerEntry>
          <containerEntry>4294967295</containerEntry>
          <containerEntry>4294967295</containerEntry>
          <containerEntry>4294967295</containerEntry>
          <containerEntry>4294967295</containerEntry>
          <containerEntry>4294967295</containerEntry>
