<fox formatVersion="2" fileVersion="0">
  <entities>
    <entity class="DataSet" classVersion="0" classID="0xE8" addr="0x2F52FC0" id="0x151118">
      <staticProperties>
        <property name="name" type="String" container="StaticArray" arraySize="1">
          <containerEntry hash="0xB8A0BF169F98"></containerEntry>
        </property>
        <property name="dataSet" type="EntityHandle" container="StaticArray" arraySize="1">
          <containerEntry>0x0</containerEntry>
        </property>
        <property name="dataList" type="EntityPtr" container="StringMap" arraySize="13">
          <containerEntry key="afgh_rock010_vrtn001_0011">
            <data>0x2D764B0</data>
          </containerEntry>
          <containerEntry key="afgh_clff041_vrtn002_0000">
            <data>0x2D767C0</data>
          </containerEntry>
          <containerEntry key="StaticModelArray0000">
            <data>0x2D7B300</data>
          </containerEntry>
          <containerEntry key="StaticModelArray0001">
            <data>0x2D7B370</data>
          </containerEntry>
          <containerEntry key="StaticModelArray0002">
            <data>0x2D7B450</data>
          </containerEntry>
          <containerEntry key="StaticModelArray0003">
            <data>0x2D7B3E0</data>
          </containerEntry>
          <containerEntry key="StaticModelArray0004">
            <data>0x2D7AFF0</data>
          </containerEntry>
          <containerEntry key="StaticModelArray0005">
            <data>0x2D7AC70</data>
          </containerEntry>
          <containerEntry key="StaticModelArray0006">
            <data>0x2D7AB20</data>
          </containerEntry>
          <containerEntry key="StaticModelArray0007">
            <data>0x2D7B1B0</data>
          </containerEntry>
          <containerEntry key="StaticModelArray0008">
            <data>0x2D7B0D0</data>
          </containerEntry>
          <containerEntry key="StaticModelArray0009">
            <data>0x2D7AF10</data>
          </containerEntry>
          <containerEntry key="TexturePackLoadConditioner0000">
            <data>0x2D7B7D0</data>
          </containerEntry>
        </property>
      </staticProperties>
      <dynamicProperties></dynamicProperties>
    </entity>
    <entity class="StaticModel" classVersion="9" classID="0x160" addr="0x2D764B0" id="0x151225">
      <staticProperties>
        <property name="name" type="String" container="StaticArray" arraySize="1">
          <containerEntry>afgh_rock010_vrtn001_0011</containerEntry>
        </property>
        <property name="dataSet" type="EntityHandle" container="StaticArray" arraySize="1">
          <containerEntry>0x2F52FC0</containerEntry>
        </property>
        <property name="parent" type="EntityHandle" container="StaticArray" arraySize="1">
          <containerEntry>0x0</containerEntry>
        </property>
        <property name="transform" type="EntityPtr" container="StaticArray" arraySize="1">
          <containerEntry>0x2D76520</containerEntry>
        </property>
        <property name="shearTransform" type="EntityPtr" container="StaticArray" arraySize="1">
          <containerEntry>0x0</containerEntry>
        </property>
        <property name="pivotTransform" type="EntityPtr" container="StaticArray" arraySize="1">
          <containerEntry>0x0</containerEntry>
        </property>
        <property name="children" type="EntityHandle" container="List"></property>
        <property name="flags" type="UInt32" container="StaticArray" arraySize="1">
          <containerEntry>3221225479</containerEntry>
        </property>
        <property name="modelFile" type="FilePtr" container="StaticArray" arraySize="1">
          <containerEntry>/Assets/tpp/environ/object/afghanistan/rock/afgh_rock010/scenes/afgh_rock010_vrtn001.fmdl</containerEntry>
        </property>
        <property name="geomFile" type="FilePtr" container="StaticArray" arraySize="1">
          <containerEntry>/Assets/tpp/environ/object/afghanistan/rock/afgh_rock010/scenes/afgh_rock010_vrtn001.geom</containerEntry>
        </property>
        <property name="isVisibleGeom" type="Bool" container="StaticArray" arraySize="1">
          <containerEntry>false</containerEntry>
        </property>
        <property name="isIsolated" type="Bool" container="StaticArray" arraySize="1">
          <containerEntry>false</containerEntry>
        </property>
        <property name="lodFarSize" type="Float" container="StaticArray" arraySize="1">
          <containerEntry>-1</containerEntry>
        </property>
        <property name="lodNearSize" type="Float" container="StaticArray" arraySize="1">
          <containerEntry>-1</containerEntry>
        </property>
        <property name="lodPolygonSize" type="Float" container="StaticArray" arraySize="1">
          <containerEntry>-1</containerEntry>
        </property>
        <property name="color" type="Color" container="StaticArray" arraySize="1">
          <containerEntry r="1" g="1" b="1" a="1"></containerEntry>
        </property>
        <property name="drawRejectionLevel" type="Int32" container="StaticArray" arraySize="1">
          <containerEntry>8</containerEntry>
        </property>
        <property name="drawMode" type="Int32" container="StaticArray" arraySize="1">
          <containerEntry>0</containerEntry>
        </property>
        <property name="rejectFarRangeShadowCast" type="Int32" container="StaticArray" arraySize="1">
          <containerEntry>2</containerEntry>
        </property>
      </staticProperties>
      <dynamicProperties></dynamicProperties>
    </entity>
    <entity class="TransformEntity" classVersion="0" classID="0x50" addr="0x2D76520" id="0x151228">
      <staticProperties>
        <property name="owner" type="EntityHandle" container="StaticArray" arraySize="1">
          <containerEntry>0x2D764B0</containerEntry>
        </property>
        <property name="transform_scale" type="Vector3" container="StaticArray" arraySize="1">
          <containerEntry x="1.65" y="1.65" z="1.65" w="0"></containerEntry>
        </property>
        <property name="transform_rotation_quat" type="Quat" container="StaticArray" arraySize="1">
          <containerEntry x="0.005049" y="-0.900912" z="0.009104" w="-0.433873"></containerEntry>
        </property>
        <property name="transform_translation" type="Vector3" container="StaticArray" arraySize="1">
          <containerEntry x="-1006.318" y="349.8314" z="745.79333" w="0"></containerEntry>
        </property>
      </staticProperties>
      <dynamicProperties></dynamicProperties>
    </entity>
    <entity class="StaticModel" classVersion="9" classID="0x160" addr="0x2D767C0" id="0x151235">
      <staticProperties>
        <property name="name" type="String" container="StaticArray" arraySize="1">
          <containerEntry>afgh_clff041_vrtn002_0000</containerEntry>
        </property>
        <property name="dataSet" type="EntityHandle" container="StaticArray" arraySize="1">
          <containerEntry>0x2F52FC0</containerEntry>
        </property>
        <property name="parent" type="EntityHandle" container="StaticArray" arraySize="1">
          <containerEntry>0x0</containerEntry>
        </property>
        <property name="transform" type="EntityPtr" container="StaticArray" arraySize="1">
          <containerEntry>0x2D76830</containerEntry>
        </property>
        <property name="shearTransform" type="EntityPtr" container="StaticArray" arraySize="1">
          <containerEntry>0x0</containerEntry>
        </property>
        <property name="pivotTransform" type="EntityPtr" container="StaticArray" arraySize="1">
          <containerEntry>0x0</containerEntry>
        </property>
        <property name="children" type="EntityHandle" container="List"></property>
        <property name="flags" type="UInt32" container="StaticArray" arraySize="1">
          <containerEntry>7</containerEntry>
        </property>
        <property name="modelFile" type="FilePtr" container="StaticArray" arraySize="1">
          <containerEntry>/Assets/tpp/environ/object/afghanistan/cliff/afgh_clff041/scenes/afgh_clff041_vrtn002.fmdl</containerEntry>
        </property>
        <property name="geomFile" type="FilePtr" container="StaticArray" arraySize="1">
          <containerEntry>/Assets/tpp/environ/object/afghanistan/cliff/afgh_clff041/scenes/afgh_clff041_vrtn002.geom</containerEntry>
        </property>
        <property name="isVisibleGeom" type="Bool" container="StaticArray" arraySize="1">
          <containerEntry>false</containerEntry>
        </property>
        <property name="isIsolated" type="Bool" container="StaticArray" arraySize="1">
          <containerEntry>false</containerEntry>
        </property>
        <property name="lodFarSize" type="Float" container="StaticArray" arraySize="1">
          <containerEntry>-1</containerEntry>
        </property>
        <property name="lodNearSize" type="Float" container="StaticArray" arraySize="1">
          <containerEntry>-1</containerEntry>
        </property>
        <property name="lodPolygonSize" type="Float" container="StaticArray" arraySize="1">
          <containerEntry>-1</containerEntry>
        </property>
        <property name="color" type="Color" container="StaticArray" arraySize="1">
          <containerEntry r="1" g="1" b="1" a="1"></containerEntry>
        </property>
        <property name="drawRejectionLevel" type="Int32" container="StaticArray" arraySize="1">
          <containerEntry>8</containerEntry>
        </property>
        <property name="drawMode" type="Int32" container="StaticArray" arraySize="1">
          <containerEntry>0</containerEntry>
        </property>
        <property name="rejectFarRangeShadowCast" type="Int32" container="StaticArray" arraySize="1">
          <containerEntry>2</containerEntry>
        </property>
      </staticProperties>
      <dynamicProperties></dynamicProperties>
    </entity>
    <entity class="TransformEntity" classVersion="0" classID="0x50" addr="0x2D76830" id="0x151238">
      <staticProperties>
        <property name="owner" type="EntityHandle" container="StaticArray" arraySize="1">
          <containerEntry>0x2D767C0</containerEntry>
        </property>
        <property name="transform_scale" type="Vector3" container="StaticArray" arraySize="1">
          <containerEntry x="1" y="1" z="1" w="0"></containerEntry>
        </property>
        <property name="transform_rotation_quat" type="Quat" container="StaticArray" arraySize="1">
          <containerEntry x="0" y="0" z="0" w="1"></containerEntry>
        </property>
        <property name="transform_translation" type="Vector3" container="StaticArray" arraySize="1">
          <containerEntry x="-945.483" y="367.8936" z="666.52496" w="0"></containerEntry>
        </property>
      </staticProperties>
      <dynamicProperties></dynamicProperties>
    </entity>
    <entity class="StaticModelArray" classVersion="4" classID="0xD0" addr="0x2D7B300" id="0x0">
      <staticProperties>
        <property name="name" type="String" container="StaticArray" arraySize="1">
          <containerEntry>StaticModelArray0000</containerEntry>
        </property>
        <property name="dataSet" type="EntityHandle" container="StaticArray" arraySize="1">
          <containerEntry>0x2F52FC0</containerEntry>
        </property>
        <property name="modelFile" type="FilePtr" container="StaticArray" arraySize="1">
          <containerEntry>/Assets/tpp/environ/object/afghanistan/cliff/afgh_clff022/scenes/afgh_clff022_vrtn002.fmdl</containerEntry>
        </property>
        <property name="geomFile" type="FilePtr" container="StaticArray" arraySize="1">
          <containerEntry>/Assets/tpp/environ/object/afghanistan/cliff/afgh_clff022/scenes/afgh_clff022_vrtn002.geom</containerEntry>
        </property>
        <property name="isVisibleGeom" type="Bool" container="StaticArray" arraySize="1">
          <containerEntry>false</containerEntry>
        </property>
        <property name="lodFarSize" type="Float" container="StaticArray" arraySize="1">
          <containerEntry>-1</containerEntry>
        </property>
        <property name="lodNearSize" type="Float" container="StaticArray" arraySize="1">
          <containerEntry>-1</containerEntry>
        </property>
        <property name="lodPolygonSize" type="Float" container="StaticArray" arraySize="1">
          <containerEntry>-1</containerEntry>
        </property>
        <property name="drawRejectionLevel" type="Int32" container="StaticArray" arraySize="1">
          <containerEntry>8</containerEntry>
        </property>
        <property name="drawMode" type="Int32" container="StaticArray" arraySize="1">
          <containerEntry>0</containerEntry>
        </property>
        <property name="rejectFarRangeShadowCast" type="Int32" container="StaticArray" arraySize="1">
          <containerEntry>2</containerEntry>
        </property>
        <property name="parentLocator" type="EntityLink" container="StaticArray" arraySize="1">
          <containerEntry packagePathHash="0xB8A0BF169F98" archivePathHash="0xB8A0BF169F98" nameInArchiveHash="0xB8A0BF169F98">0x0</containerEntry>
        </property>
        <property name="transforms" type="Matrix4" container="DynamicArray" arraySize="6">
          <containerEntry r11="0.8873708" r12="0.023185393" r13="0.46047184" r14="0" r21="-0.02127113" r22="0.99973005" r23="-0.009346377" r24="0" r31="-0.46056423" r32="-0.001501109" r33="0.88762444" r34="0" r41="-915.9673" r42="362.15573" r43="673.9603" r44="1"></containerEntry>
          <containerEntry r11="0.7984418" r12="0.009251528" r13="-0.82758725" r14="0" r21="-0.024461254" r22="1.1496896" r23="-0.010747398" r24="0" r31="0.8272774" r32="0.025065292" r33="0.7984231" r34="0" r41="-1015.77" r42="361.69962" r43="731.5948" r44="1"></containerEntry>
          <containerEntry r11="0.9152514" r12="0.023234528" r13="0.4022121" r14="0" r21="-0.021271247" r22="0.99973005" r23="-0.009347582" r24="0" r31="-0.4023207" r32="-1.9511208e-07" r33="0.9154985" r34="0" r41="-898.1557" r42="341.38193" r43="709.14453" r44="1"></containerEntry>
          <containerEntry r11="0.76252264" r12="0.01017599" r13="-0.6468803" r14="0" r21="-0.021271097" r22="0.99973005" r23="-0.00934704" r24="0" r31="0.64661056" r32="0.02088722" r33="0.7625333" r34="0" r41="-971.5043" r42="350.12326" r43="687.8618" r44="1"></containerEntry>
          <containerEntry r11="0.46592206" r12="0.019518612" r13="-0.8846078" r14="0" r21="-0.029601844" r22="0.99954087" r23="0.006463363" r24="0" r31="0.88432777" r32="0.023174725" r33="0.46628594" r34="0" r41="-999.4004" r42="343.87744" r43="750.26624" r44="1"></containerEntry>
          <containerEntry r11="0.36348593" r12="-0.0024662453" r13="-1.0910372" r14="0" r21="-0.024461655" r22="1.1496896" r23="-0.010748232" r24="0" r31="1.0907657" r32="0.02660479" r33="0.36333534" r34="0" r41="-979.9398" r42="364.84473" r43="670.6541" r44="1"></containerEntry>
        </property>
        <property name="colors" type="UInt32" container="DynamicArray" arraySize="6">
          <containerEntry>4294967295</containerEntry>
          <containerEntry>4294967295</containerEntry>
          <containerEntry>4294967295</containerEntry>
          <containerEntry>4294967295</containerEntry>
          <containerEntry>4294967295</containerEntry>
          <containerEntry>4294967295</containerEntry>
        </property>
      </staticProperties>
      <dynamicProperties></dynamicProperties>
    </entity>
    <entity class="StaticModelArray" classVersion="4" classID="0xD0" addr="0x2D7B370" id="0x0">
      <staticProperties>
        <property name="name" type="String" container="StaticArray" arraySize="1">
          <containerEntry>StaticModelArray0001</containerEntry>
        </property>
        <property name="dataSet" type="EntityHandle" container="StaticArray" arraySize="1">
          <containerEntry>0x2F52FC0</containerEntry>
        </property>
        <property name="modelFile" type="FilePtr" container="StaticArray" arraySize="1">
          <containerEntry>/Assets/tpp/environ/object/afghanistan/rock/afgh_rock009/scenes/afgh_rock009_rock002.fmdl</containerEntry>
        </property>
        <property name="geomFile" type="FilePtr" container="StaticArray" arraySize="1">
          <containerEntry>/Assets/tpp/environ/object/afghanistan/rock/afgh_rock009/scenes/afgh_rock009_rock002.geom</containerEntry>
        </property>
        <property name="isVisibleGeom" type="Bool" container="StaticArray" arraySize="1">
          <containerEntry>false</containerEntry>
        </property>
        <property name="lodFarSize" type="Float" container="StaticArray" arraySize="1">
          <containerEntry>-1</containerEntry>
        </property>
        <property name="lodNearSize" type="Float" container="StaticArray" arraySize="1">
          <containerEntry>-1</containerEntry>
        </property>
        <property name="lodPolygonSize" type="Float" container="StaticArray" arraySize="1">
          <containerEntry>-1</containerEntry>
        </property>
        <property name="drawRejectionLevel" type="Int32" container="StaticArray" arraySize="1">
          <containerEntry>8</containerEntry>
        </property>
        <property name="drawMode" type="Int32" container="StaticArray" arraySize="1">
          <containerEntry>0</containerEntry>
        </property>
        <property name="rejectFarRangeShadowCast" type="Int32" container="StaticArray" arraySize="1">
          <containerEntry>2</containerEntry>
        </property>
        <property name="parentLocator" type="EntityLink" container="StaticArray" arraySize="1">
          <containerEntry packagePathHash="0xB8A0BF169F98" archivePathHash="0xB8A0BF169F98" nameInArchiveHash="0xB8A0BF169F98">0x0</containerEntry>
        </property>
        <property name="transforms" type="Matrix4" container="DynamicArray" arraySize="7">
          <containerEntry r11="0.050517917" r12="-0.17796507" r13="0.9827376" r14="0" r21="-0.01583372" r22="-0.98401123" r23="-0.17738213" r24="0" r31="0.998596" r32="-0.0065997243" r33="-0.05252485" r34="0" r41="-935.2978" r42="328.72586" r43="727.4143" r44="1"></containerEntry>
          <containerEntry r11="-0.76524556" r12="-0.64286894" r13="-0.033367857" r14="0" r21="0.6347918" r22="-0.7449906" r23="-0.20499562" r24="0" r31="0.106926695" r32="-0.1780542" r33="0.9781939" r34="0" r41="-958.2013" r42="329.31003" r43="742.39465" r44="1"></containerEntry>
          <containerEntry r11="-0.450419" r12="-0.37502438" r13="0.8102304" r14="0" r21="0.113628656" r22="-0.9241976" r23="-0.36460823" r24="0" r31="0.8855536" r32="-0.07216202" r33="0.45889568" r34="0" r41="-963.6891" r42="332.2739" r43="732.6432" r44="1"></containerEntry>
          <containerEntry r11="-0.450419" r12="-0.37502438" r13="0.8102304" r14="0" r21="0.113628656" r22="-0.9241976" r23="-0.36460823" r24="0" r31="0.8855536" r32="-0.07216202" r33="0.45889568" r34="0" r41="-963.6891" r42="328.57007" r43="763.0809" r44="1"></containerEntry>
          <containerEntry r11="0.97350174" r12="-0.11011571" r13="-0.20042181" r14="0" r21="0.09550001" r22="0.99211067" r23="-0.08121651" r24="0" r31="0.20778382" r32="0.059924163" r33="0.97633755" r34="0" r41="-986.9123" r42="331.48663" r43="757.822" r44="1"></containerEntry>
          <containerEntry r11="0.050517917" r12="-0.17796507" r13="0.9827376" r14="0" r21="-0.01583372" r22="-0.98401123" r23="-0.17738213" r24="0" r31="0.998596" r32="-0.0065997243" r33="-0.05252485" r34="0" r41="-905.54346" r42="326.676" r43="743.37463" r44="1"></containerEntry>
          <containerEntry r11="0.050517917" r12="-0.17796507" r13="0.9827376" r14="0" r21="-0.01583372" r22="-0.98401123" r23="-0.17738213" r24="0" r31="0.998596" r32="-0.0065997243" r33="-0.05252485" r34="0" r41="-962.7493" r42="334.33606" r43="710.50604" r44="1"></containerEntry>
        </property>
        <property name="colors" type="UInt32" container="DynamicArray" arraySize="7">
          <containerEntry>4294967295</containerEntry>
          <containerEntry>4294967295</containerEntry>
          <containerEntry>4294967295</containerEntry>
          <containerEntry>4294967295</containerEntry>
          <containerEntry>4294967295</containerEntry>
          <containerEntry>4294967295</containerEntry>
          <containerEntry>4294967295</containerEntry>
        </property>
      </staticProperties>
      <dynamicProperties></dynamicProperties>
    </entity>
    <entity class="StaticModelArray" classVersion="4" classID="0xD0" addr="0x2D7B450" id="0x0">
      <staticProperties>
        <property name="name" type="String" container="StaticArray" arraySize="1">
          <containerEntry>StaticModelArray0002</containerEntry>
        </property>
        <property name="dataSet" type="EntityHandle" container="StaticArray" arraySize="1">
          <containerEntry>0x2F52FC0</containerEntry>
        </property>
        <property name="modelFile" type="FilePtr" container="StaticArray" arraySize="1">
          <containerEntry>/Assets/tpp/environ/object/afghanistan/rock/afgh_rock001/scenes/afgh_rock001.fmdl</containerEntry>
        </property>
        <property name="geomFile" type="FilePtr" container="StaticArray" arraySize="1">
          <containerEntry>/Assets/tpp/environ/object/afghanistan/rock/afgh_rock001/scenes/afgh_rock001.geom</containerEntry>
        </property>
        <property name="isVisibleGeom" type="Bool" container="StaticArray" arraySize="1">
          <containerEntry>false</containerEntry>
        </property>
        <property name="lodFarSize" type="Float" container="StaticArray" arraySize="1">
          <containerEntry>-1</containerEntry>
        </property>
        <property name="lodNearSize" type="Float" container="StaticArray" arraySize="1">
          <containerEntry>-1</containerEntry>
        </property>
        <property name="lodPolygonSize" type="Float" container="StaticArray" arraySize="1">
          <containerEntry>-1</containerEntry>
        </property>
        <property name="drawRejectionLevel" type="Int32" container="StaticArray" arraySize="1">
          <containerEntry>8</containerEntry>
        </property>
        <property name="drawMode" type="Int32" container="StaticArray" arraySize="1">
          <containerEntry>0</containerEntry>
        </property>
        <property name="rejectFarRangeShadowCast" type="Int32" container="StaticArray" arraySize="1">
          <containerEntry>2</containerEntry>
        </property>
        <property name="parentLocator" type="EntityLink" container="StaticArray" arraySize="1">
          <containerEntry packagePathHash="0xB8A0BF169F98" archivePathHash="0xB8A0BF169F98" nameInArchiveHash="0xB8A0BF169F98">0x0</containerEntry>
        </property>
        <property name="transforms" type="Matrix4" container="DynamicArray" arraySize="9">
          <containerEntry r11="0.41851178" r12="-0.105031595" r13="-0.9021121" r14="0" r21="-0.039999068" r22="0.990195" r23="-0.13384213" r24="0" r31="0.9073247" r32="0.092097804" r33="0.4102071" r34="0" r41="-951.7008" r42="326.86823" r43="760.4983" r44="1"></containerEntry>
          <containerEntry r11="0.9991767" r12="0.038730126" r13="-0.012081825" r14="0" r21="-0.023715729" r22="0.79919076" r23="0.6006063" r24="0" r31="0.032917436" r32="-0.59982526" r33="0.7994513" r34="0" r41="-971.4371" r42="336.1253" r43="711.04584" r44="1"></containerEntry>
          <containerEntry r11="0.5953305" r12="0.22224452" r13="0.7721275" r14="0" r21="-0.04051633" r22="0.96806544" r23="-0.24740061" r24="0" r31="-0.80245376" r32="0.11600005" r33="0.58532363" r34="0" r41="-955.16315" r42="333.79074" r43="711.04584" r44="1"></containerEntry>
          <containerEntry r11="0.56874394" r12="-0.148077" r13="0.8090707" r14="0" r21="0.1805254" r22="0.9821491" r23="0.052852303" r24="0" r31="-0.80245423" r32="0.11599998" r33="0.58532333" r34="0" r41="-917.8933" r42="326.40842" r43="763.86847" r44="1"></containerEntry>
          <containerEntry r11="0.9991767" r12="0.038729407" r13="-0.012081705" r14="0" r21="-0.03999965" r22="0.9901951" r23="-0.13384159" r24="0" r31="0.0067795906" r32="0.13421465" r33="0.990929" r34="0" r41="-963.74994" r42="333.53894" r43="724.82776" r44="1"></containerEntry>
          <containerEntry r11="0.56874394" r12="-0.148077" r13="0.8090707" r14="0" r21="0.1805254" r22="0.9821491" r23="0.052852303" r24="0" r31="-0.80245423" r32="0.11599998" r33="0.58532333" r34="0" r41="-966.0945" r42="329.23172" r43="742.91785" r44="1"></containerEntry>
          <containerEntry r11="0.41851178" r12="-0.105031595" r13="-0.9021121" r14="0" r21="-0.039999068" r22="0.990195" r23="-0.13384213" r24="0" r31="0.9073247" r32="0.092097804" r33="0.4102071" r34="0" r41="-947.09326" r42="333.02063" r43="717.5565" r44="1"></containerEntry>
          <containerEntry r11="0.9991767" r12="0.038729407" r13="-0.012081705" r14="0" r21="-0.03999965" r22="0.9901951" r23="-0.13384159" r24="0" r31="0.0067795906" r32="0.13421465" r33="0.990929" r34="0" r41="-947.09326" r42="329.6917" r43="731.07227" r44="1"></containerEntry>
          <containerEntry r11="0.41851178" r12="-0.105031595" r13="-0.9021121" r14="0" r21="-0.039999068" r22="0.990195" r23="-0.13384213" r24="0" r31="0.9073247" r32="0.092097804" r33="0.4102071" r34="0" r41="-956.94464" r42="329.16748" r43="742.4262" r44="1"></containerEntry>
        </property>
        <property name="colors" type="UInt32" container="DynamicArray" arraySize="9">
          <containerEntry>4294967295</containerEntry>
          <containerEntry>4294967295</containerEntry>
          <containerEntry>4294967295</containerEntry>
          <containerEntry>4294967295</containerEntry>
          <containerEntry>4294967295</containerEntry>
          <containerEntry>4294967295</containerEntry>
          <containerEntry>4294967295</containerEntry>
          <containerEntry>4294967295</containerEntry>
          <containerEntry>4294967295</containerEntry>
        </property>
      </staticProperties>
      <dynamicProperties></dynamicProperties>
    </entity>
    <entity class="StaticModelArray" classVersion="4" classID="0xD0" addr="0x2D7B3E0" id="0x0">
      <staticProperties>
        <property name="name" type="String" container="StaticArray" arraySize="1">
          <containerEntry>StaticModelArray0003</containerEntry>
        </property>
        <property name="dataSet" type="EntityHandle" container="StaticArray" arraySize="1">
          <containerEntry>0x2F52FC0</containerEntry>
        </property>
        <property name="modelFile" type="FilePtr" container="StaticArray" arraySize="1">
          <containerEntry>/Assets/tpp/environ/object/afghanistan/cliff/afgh_clff022/scenes/afgh_clff022_vrtn004.fmdl</containerEntry>
        </property>
        <property name="geomFile" type="FilePtr" container="StaticArray" arraySize="1">
          <containerEntry>/Assets/tpp/environ/object/afghanistan/cliff/afgh_clff022/scenes/afgh_clff022_vrtn004.geom</containerEntry>
        </property>
        <property name="isVisibleGeom" type="Bool" container="StaticArray" arraySize="1">
          <containerEntry>false</containerEntry>
        </property>
        <property name="lodFarSize" type="Float" container="StaticArray" arraySize="1">
          <containerEntry>-1</containerEntry>
        </property>
        <property name="lodNearSize" type="Float" container="StaticArray" arraySize="1">
          <containerEntry>-1</containerEntry>
        </property>
        <property name="lodPolygonSize" type="Float" container="StaticArray" arraySize="1">
          <containerEntry>-1</containerEntry>
        </property>
        <property name="drawRejectionLevel" type="Int32" container="StaticArray" arraySize="1">
          <containerEntry>8</containerEntry>
        </property>
        <property name="drawMode" type="Int32" container="StaticArray" arraySize="1">
          <containerEntry>0</containerEntry>
        </property>
        <property name="rejectFarRangeShadowCast" type="Int32" container="StaticArray" arraySize="1">
          <containerEntry>2</containerEntry>
        </property>
        <property name="parentLocator" type="EntityLink" container="StaticArray" arraySize="1">
          <containerEntry packagePathHash="0xB8A0BF169F98" archivePathHash="0xB8A0BF169F98" nameInArchiveHash="0xB8A0BF169F98">0x0</containerEntry>
        </property>
        <property name="transforms" type="Matrix4" container="DynamicArray" arraySize="2">
          <containerEntry r11="0.9537458" r12="0" r13="0.30061412" r14="0" r21="0" r22="1" r23="0" r24="0" r31="-0.30061412" r32="0" r33="0.9537458" r34="0" r41="-934.2681" r42="347.44028" r43="693.3606" r44="1"></containerEntry>
          <containerEntry r11="-0.17264509" r12="0" r13="-0.9849847" r14="0" r21="0" r22="1" r23="0" r24="0" r31="0.9849847" r32="0" r33="-0.17264509" r34="0" r41="-981.653" r42="345.3274" r43="718.31934" r44="1"></containerEntry>
        </property>
        <property name="colors" type="UInt32" container="DynamicArray" arraySize="2">
          <containerEntry>4294967295</containerEntry>
          <containerEntry>4294967295</containerEntry>
        </property>
      </staticProperties>
      <dynamicProperties></dynamicProperties>
    </entity>
    <entity class="StaticModelArray" classVersion="4" classID="0xD0" addr="0x2D7AFF0" id="0x0">
      <staticProperties>
        <property name="name" type="String" container="StaticArray" arraySize="1">
          <containerEntry>StaticModelArray0004</containerEntry>
        </property>
        <property name="dataSet" type="EntityHandle" container="StaticArray" arraySize="1">
          <containerEntry>0x2F52FC0</containerEntry>
        </property>
        <property name="modelFile" type="FilePtr" container="StaticArray" arraySize="1">
          <containerEntry>/Assets/tpp/environ/object/afghanistan/cliff/afgh_clff022/scenes/afgh_clff022_vrtn001.fmdl</containerEntry>
        </property>
        <property name="geomFile" type="FilePtr" container="StaticArray" arraySize="1">
          <containerEntry>/Assets/tpp/environ/object/afghanistan/cliff/afgh_clff022/scenes/afgh_clff022_vrtn001.geom</containerEntry>
        </property>
        <property name="isVisibleGeom" type="Bool" container="StaticArray" arraySize="1">
          <containerEntry>false</containerEntry>
        </property>
        <property name="lodFarSize" type="Float" container="StaticArray" arraySize="1">
          <containerEntry>-1</containerEntry>
        </property>
        <property name="lodNearSize" type="Float" container="StaticArray" arraySize="1">
          <containerEntry>-1</containerEntry>
        </property>
        <property name="lodPolygonSize" type="Float" container="StaticArray" arraySize="1">
          <containerEntry>-1</containerEntry>
        </property>
        <property name="drawRejectionLevel" type="Int32" container="StaticArray" arraySize="1">
          <containerEntry>8</containerEntry>
        </property>
        <property name="drawMode" type="Int32" container="StaticArray" arraySize="1">
          <containerEntry>0</containerEntry>
        </property>
        <property name="rejectFarRangeShadowCast" type="Int32" container="StaticArray" arraySize="1">
          <containerEntry>2</containerEntry>
        </property>
        <property name="parentLocator" type="EntityLink" container="StaticArray" arraySize="1">
          <containerEntry packagePathHash="0xB8A0BF169F98" archivePathHash="0xB8A0BF169F98" nameInArchiveHash="0xB8A0BF169F98">0x0</containerEntry>
        </property>
        <property name="transforms" type="Matrix4" container="DynamicArray" arraySize="2">
          <containerEntry r11="-0.84871066" r12="0" r13="0.528856" r14="0" r21="0" r22="1" r23="0" r24="0" r31="-0.528856" r32="0" r33="-0.84871066" r34="0" r41="-948.3208" r42="349.32263" r43="686.5783" r44="1"></containerEntry>
          <containerEntry r11="0.5653816" r12="0" r13="-1.5270994" r14="0" r21="0" r22="1.6284" r23="0" r24="0" r31="1.5270994" r32="0" r33="0.5653816" r34="0" r41="-995.8288" r42="363.8592" r43="704.5087" r44="1"></containerEntry>
        </property>
        <property name="colors" type="UInt32" container="DynamicArray" arraySize="2">
          <containerEntry>4294967295</containerEntry>
          <containerEntry>4294967295</containerEntry>
        </property>
      </staticProperties>
      <dynamicProperties></dynamicProperties>
    </entity>
    <entity class="StaticModelArray" classVersion="4" classID="0xD0" addr="0x2D7AC70" id="0x0">
      <staticProperties>
        <property name="name" type="String" container="StaticArray" arraySize="1">
          <containerEntry>StaticModelArray0005</containerEntry>
        </property>
        <property name="dataSet" type="EntityHandle" container="StaticArray" arraySize="1">
          <containerEntry>0x2F52FC0</containerEntry>
        </property>
        <property name="modelFile" type="FilePtr" container="StaticArray" arraySize="1">
          <containerEntry>/Assets/tpp/environ/object/afghanistan/cliff/afgh_clff013/scenes/afgh_clff013.fmdl</containerEntry>
        </property>
        <property name="geomFile" type="FilePtr" container="StaticArray" arraySize="1">
          <containerEntry>/Assets/tpp/environ/object/afghanistan/cliff/afgh_clff013/scenes/afgh_clff013.geom</containerEntry>
        </property>
        <property name="isVisibleGeom" type="Bool" container="StaticArray" arraySize="1">
          <containerEntry>false</containerEntry>
        </property>
        <property name="lodFarSize" type="Float" container="StaticArray" arraySize="1">
          <containerEntry>-1</containerEntry>
        </property>
        <property name="lodNearSize" type="Float" container="StaticArray" arraySize="1">
          <containerEntry>-1</containerEntry>
        </property>
        <property name="lodPolygonSize" type="Float" container="StaticArray" arraySize="1">
          <containerEntry>-1</containerEntry>
        </property>
        <property name="drawRejectionLevel" type="Int32" container="StaticArray" arraySize="1">
          <containerEntry>8</containerEntry>
        </property>
        <property name="drawMode" type="Int32" container="StaticArray" arraySize="1">
          <containerEntry>0</containerEntry>
        </property>
        <property name="rejectFarRangeShadowCast" type="Int32" container="StaticArray" arraySize="1">
          <containerEntry>2</containerEntry>
        </property>
        <property name="parentLocator" type="EntityLink" container="StaticArray" arraySize="1">
          <containerEntry packagePathHash="0xB8A0BF169F98" archivePathHash="0xB8A0BF169F98" nameInArchiveHash="0xB8A0BF169F98">0x0</containerEntry>
        </property>
        <property name="transforms" type="Matrix4" container="DynamicArray" arraySize="2">
          <containerEntry r11="0.9665598" r12="-0.10938777" r13="-0.23194055" r14="0" r21="0.09142518" r22="0.99201643" r23="-0.08686087" r24="0" r31="0.23959036" r32="0.06275102" r33="0.968844" r34="0" r41="-965.6546" r42="324.22748" r43="764.11395" r44="1"></containerEntry>
          <containerEntry r11="0.8669833" r12="-0.008452035" r13="-0.49826497" r14="0" r21="-0.011442709" r22="0.9992549" r23="-0.036860563" r24="0" r31="0.49820524" r32="0.037658997" r33="0.86624056" r34="0" r41="-950.9442" r42="328.54346" r43="722.11395" r44="1"></containerEntry>
        </property>
        <property name="colors" type="UInt32" container="DynamicArray" arraySize="2">
          <containerEntry>4294967295</containerEntry>
          <containerEntry>4294967295</containerEntry>
        </property>
      </staticProperties>
      <dynamicProperties></dynamicProperties>
    </entity>
    <entity class="StaticModelArray" classVersion="4" classID="0xD0" addr="0x2D7AB20" id="0x0">
      <staticProperties>
        <property name="name" type="String" container="StaticArray" arraySize="1">
          <containerEntry>StaticModelArray0006</containerEntry>
        </property>
        <property name="dataSet" type="EntityHandle" container="StaticArray" arraySize="1">
          <containerEntry>0x2F52FC0</containerEntry>
        </property>
        <property name="modelFile" type="FilePtr" container="StaticArray" arraySize="1">
          <containerEntry>/Assets/tpp/environ/object/afghanistan/rock/afgh_rock011/scenes/afgh_rock011.fmdl</containerEntry>
        </property>
        <property name="geomFile" type="FilePtr" container="StaticArray" arraySize="1">
          <containerEntry>/Assets/tpp/environ/object/afghanistan/rock/afgh_rock011/scenes/afgh_rock011.geom</containerEntry>
        </property>
        <property name="isVisibleGeom" type="Bool" container="StaticArray" arraySize="1">
          <containerEntry>false</containerEntry>
        </property>
        <property name="lodFarSize" type="Float" container="StaticArray" arraySize="1">
          <containerEntry>-1</containerEntry>
        </property>
        <property name="lodNearSize" type="Float" container="StaticArray" arraySize="1">
          <containerEntry>-1</containerEntry>
        </property>
        <property name="lodPolygonSize" type="Float" container="StaticArray" arraySize="1">
          <containerEntry>-1</containerEntry>
        </property>
        <property name="drawRejectionLevel" type="Int32" container="StaticArray" arraySize="1">
          <containerEntry>8</containerEntry>
        </property>
        <property name="drawMode" type="Int32" container="StaticArray" arraySize="1">
          <containerEntry>0</containerEntry>
        </property>
        <property name="rejectFarRangeShadowCast" type="Int32" container="StaticArray" arraySize="1">
          <containerEntry>2</containerEntry>
        </property>
        <property name="parentLocator" type="EntityLink" container="StaticArray" arraySize="1">
          <containerEntry packagePathHash="0xB8A0BF169F98" archivePathHash="0xB8A0BF169F98" nameInArchiveHash="0xB8A0BF169F98">0x0</containerEntry>
        </property>
        <property name="transforms" type="Matrix4" container="DynamicArray" arraySize="7">
          <containerEntry r11="-0.9967814" r12="-0.07743609" r13="0.020433918" r14="0" r21="-0.07649705" r22="0.9961288" r23="0.04330931" r24="0" r31="-0.023708526" r32="0.041607052" r33="-0.9988463" r34="0" r41="-960.97614" r42="333.05167" r43="716.4307" r44="1"></containerEntry>
          <containerEntry r11="-0.9991527" r12="0.023328517" r13="0.03375161" r14="0" r21="0.027266283" r22="0.99223447" r23="0.121355765" r24="0" r31="-0.030658456" r32="0.12217385" r33="-0.99202985" r34="0" r41="-929.4525" r42="328.9595" r43="716.4307" r44="1"></containerEntry>
          <containerEntry r11="-0.3130685" r12="-0.32009628" r13="0.89415896" r14="0" r21="-0.11583734" r22="0.947331" r23="0.29857227" r24="0" r31="-0.9426365" r32="-0.010102719" r33="-0.33365852" r34="0" r41="-911.5234" r42="326.1285" r43="737.12634" r44="1"></containerEntry>
          <containerEntry r11="-0.15555099" r12="0.19293952" r13="-0.96879935" r14="0" r21="0.031440236" r22="0.98121023" r23="0.19036251" r24="0" r31="0.98732436" r32="-0.00084771216" r33="-0.15869427" r34="0" r41="-913.4033" r42="327.90308" r43="723.1042" r44="1"></containerEntry>
          <containerEntry r11="-0.46766877" r12="0.11995712" r13="-0.8757227" r14="0" r21="0.058017876" r22="0.9927776" r23="0.10500725" r24="0" r31="0.8819943" r32="-0.0016987473" r33="-0.47125077" r34="0" r41="-944.5309" r42="328.17245" r43="738.8461" r44="1"></containerEntry>
          <containerEntry r11="-0.77074784" r12="0.09905563" r13="-0.6293873" r14="0" r21="0.017930984" r22="0.99082166" r23="0.13398102" r24="0" r31="0.6368821" r32="0.091980524" r33="-0.76544976" r34="0" r41="-918.0392" r42="326.39026" r43="734.10974" r44="1"></containerEntry>
          <containerEntry r11="0.60446936" r12="0.30486587" r13="-0.73598385" r14="0" r21="-0.04409957" r22="0.9352637" r23="0.35119343" r24="0" r31="0.795406" r32="-0.17982881" r33="0.5787828" r34="0" r41="-955.20325" r42="337.23758" r43="698.3447" r44="1"></containerEntry>
