<fox formatVersion="2" fileVersion="0">
  <entities>
    <entity class="DataSet" classVersion="0" classID="0xE8" addr="0x3354450" id="0x6FF90C">
      <staticProperties>
        <property name="name" type="String" container="StaticArray" arraySize="1">
          <containerEntry hash="0xB8A0BF169F98"></containerEntry>
        </property>
        <property name="dataSet" type="EntityHandle" container="StaticArray" arraySize="1">
          <containerEntry>0x0</containerEntry>
        </property>
        <property name="dataList" type="EntityPtr" container="StringMap" arraySize="10">
          <containerEntry key="mafr_tree031_vrtn007_0004_geo">
            <data>0x3174FB0</data>
          </containerEntry>
          <containerEntry key="TppObjectBrushSkeletonModelReserveResource_Skeleton_mafr_tree0005">
            <data>0x3177E10</data>
          </containerEntry>
          <containerEntry key="TppObjectBrushSkeletonModelReserveResource_Skeleton_mafr_tree028_middle">
            <data>0x3177E80</data>
          </containerEntry>
          <containerEntry key="StaticModelArray0000">
            <data>0x317A650</data>
          </containerEntry>
          <containerEntry key="StaticModelArray0001">
            <data>0x317A7A0</data>
          </containerEntry>
          <containerEntry key="StaticModelArray0002">
            <data>0x3354A70</data>
          </containerEntry>
          <containerEntry key="StaticModelArray0003">
            <data>0x3179E70</data>
          </containerEntry>
          <containerEntry key="StaticModelArray0004">
            <data>0x3179EE0</data>
          </containerEntry>
          <containerEntry key="StaticModelArray0005">
            <data>0x317A500</data>
          </containerEntry>
          <containerEntry key="TexturePackLoadConditioner0000">
            <data>0x317AB20</data>
          </containerEntry>
        </property>
      </staticProperties>
      <dynamicProperties></dynamicProperties>
    </entity>
    <entity class="StaticModel" classVersion="9" classID="0x160" addr="0x3174FB0" id="0x6FF942">
      <staticProperties>
        <property name="name" type="String" container="StaticArray" arraySize="1">
          <containerEntry>mafr_tree031_vrtn007_0004_geo</containerEntry>
        </property>
        <property name="dataSet" type="EntityHandle" container="StaticArray" arraySize="1">
          <containerEntry>0x3354450</containerEntry>
        </property>
        <property name="parent" type="EntityHandle" container="StaticArray" arraySize="1">
          <containerEntry>0x0</containerEntry>
        </property>
        <property name="transform" type="EntityPtr" container="StaticArray" arraySize="1">
          <containerEntry>0x3175020</containerEntry>
        </property>
        <property name="shearTransform" type="EntityPtr" container="StaticArray" arraySize="1">
          <containerEntry>0x0</containerEntry>
        </property>
        <property name="pivotTransform" type="EntityPtr" container="StaticArray" arraySize="1">
          <containerEntry>0x0</containerEntry>
        </property>
        <property name="children" type="EntityHandle" container="List"></property>
        <property name="flags" type="UInt32" container="StaticArray" arraySize="1">
          <containerEntry>7</containerEntry>
        </property>
        <property name="modelFile" type="FilePtr" container="StaticArray" arraySize="1">
          <containerEntry>/Assets/tpp/environ/object/middle_africa/tree/mafr_tree031/scenes/mafr_tree031_vrtn007.fmdl</containerEntry>
        </property>
        <property name="geomFile" type="FilePtr" container="StaticArray" arraySize="1">
          <containerEntry hash="0xB8A0BF169F98"></containerEntry>
        </property>
        <property name="isVisibleGeom" type="Bool" container="StaticArray" arraySize="1">
          <containerEntry>false</containerEntry>
        </property>
        <property name="isIsolated" type="Bool" container="StaticArray" arraySize="1">
          <containerEntry>false</containerEntry>
        </property>
        <property name="lodFarSize" type="Float" container="StaticArray" arraySize="1">
          <containerEntry>-1</containerEntry>
        </property>
        <property name="lodNearSize" type="Float" container="StaticArray" arraySize="1">
          <containerEntry>-1</containerEntry>
        </property>
        <property name="lodPolygonSize" type="Float" container="StaticArray" arraySize="1">
          <containerEntry>-1</containerEntry>
        </property>
        <property name="color" type="Color" container="StaticArray" arraySize="1">
          <containerEntry r="1" g="1" b="1" a="1"></containerEntry>
        </property>
        <property name="drawRejectionLevel" type="Int32" container="StaticArray" arraySize="1">
          <containerEntry>8</containerEntry>
        </property>
        <property name="drawMode" type="Int32" container="StaticArray" arraySize="1">
          <containerEntry>0</containerEntry>
        </property>
        <property name="rejectFarRangeShadowCast" type="Int32" container="StaticArray" arraySize="1">
          <containerEntry>2</containerEntry>
        </property>
      </staticProperties>
      <dynamicProperties></dynamicProperties>
    </entity>
    <entity class="TransformEntity" classVersion="0" classID="0x50" addr="0x3175020" id="0x6FF945">
      <staticProperties>
        <property name="owner" type="EntityHandle" container="StaticArray" arraySize="1">
          <containerEntry>0x3174FB0</containerEntry>
        </property>
        <property name="transform_scale" type="Vector3" container="StaticArray" arraySize="1">
          <containerEntry x="1.5" y="1.5" z="1.5" w="0"></containerEntry>
        </property>
        <property name="transform_rotation_quat" type="Quat" container="StaticArray" arraySize="1">
          <containerEntry x="0.021605" y="0.857016" z="-0.01982" w="0.514455"></containerEntry>
        </property>
        <property name="transform_translation" type="Vector3" container="StaticArray" arraySize="1">
          <containerEntry x="2296.532" y="104.78269" z="-782.1545" w="0"></containerEntry>
        </property>
      </staticProperties>
      <dynamicProperties></dynamicProperties>
    </entity>
    <entity class="TppObjectBrushSkeletonModelReserveResource" classVersion="0" classID="0x54" addr="0x3177E10" id="0x6FFA3A">
      <staticProperties>
        <property name="name" type="String" container="StaticArray" arraySize="1">
          <containerEntry>TppObjectBrushSkeletonModelReserveResource_Skeleton_mafr_tree0005</containerEntry>
        </property>
        <property name="dataSet" type="EntityHandle" container="StaticArray" arraySize="1">
          <containerEntry>0x3354450</containerEntry>
        </property>
        <property name="pluginName" type="String" container="StaticArray" arraySize="1">
          <containerEntry>Skeleton_mafr_tree005</containerEntry>
        </property>
        <property name="reserveLodLevel0" type="UInt32" container="StaticArray" arraySize="1">
          <containerEntry>8</containerEntry>
        </property>
        <property name="reserveLodLevel1" type="UInt32" container="StaticArray" arraySize="1">
          <containerEntry>4</containerEntry>
        </property>
        <property name="reserveLodLevel2" type="UInt32" container="StaticArray" arraySize="1">
          <containerEntry>1</containerEntry>
        </property>
        <property name="reserveLodLevel3" type="UInt32" container="StaticArray" arraySize="1">
          <containerEntry>1</containerEntry>
        </property>
      </staticProperties>
      <dynamicProperties></dynamicProperties>
    </entity>
    <entity class="TppObjectBrushSkeletonModelReserveResource" classVersion="0" classID="0x54" addr="0x3177E80" id="0x6FFA3C">
      <staticProperties>
        <property name="name" type="String" container="StaticArray" arraySize="1">
          <containerEntry>TppObjectBrushSkeletonModelReserveResource_Skeleton_mafr_tree028_middle</containerEntry>
        </property>
        <property name="dataSet" type="EntityHandle" container="StaticArray" arraySize="1">
          <containerEntry>0x3354450</containerEntry>
        </property>
        <property name="pluginName" type="String" container="StaticArray" arraySize="1">
          <containerEntry>Skeleton_mafr_tree028_middle</containerEntry>
        </property>
        <property name="reserveLodLevel0" type="UInt32" container="StaticArray" arraySize="1">
          <containerEntry>2</containerEntry>
        </property>
        <property name="reserveLodLevel1" type="UInt32" container="StaticArray" arraySize="1">
          <containerEntry>2</containerEntry>
        </property>
        <property name="reserveLodLevel2" type="UInt32" container="StaticArray" arraySize="1">
          <containerEntry>1</containerEntry>
        </property>
        <property name="reserveLodLevel3" type="UInt32" container="StaticArray" arraySize="1">
          <containerEntry>1</containerEntry>
        </property>
      </staticProperties>
      <dynamicProperties></dynamicProperties>
    </entity>
    <entity class="StaticModelArray" classVersion="4" classID="0xD0" addr="0x317A650" id="0x0">
      <staticProperties>
        <property name="name" type="String" container="StaticArray" arraySize="1">
          <containerEntry>StaticModelArray0000</containerEntry>
        </property>
        <property name="dataSet" type="EntityHandle" container="StaticArray" arraySize="1">
          <containerEntry>0x3354450</containerEntry>
        </property>
        <property name="modelFile" type="FilePtr" container="StaticArray" arraySize="1">
          <containerEntry>/Assets/tpp/environ/object/middle_africa/tree/mafr_tree032/scenes/mafr_tree032.fmdl</containerEntry>
        </property>
        <property name="geomFile" type="FilePtr" container="StaticArray" arraySize="1">
          <containerEntry hash="0xB8A0BF169F98"></containerEntry>
        </property>
        <property name="isVisibleGeom" type="Bool" container="StaticArray" arraySize="1">
          <containerEntry>false</containerEntry>
        </property>
        <property name="lodFarSize" type="Float" container="StaticArray" arraySize="1">
          <containerEntry>-1</containerEntry>
        </property>
        <property name="lodNearSize" type="Float" container="StaticArray" arraySize="1">
          <containerEntry>-1</containerEntry>
        </property>
        <property name="lodPolygonSize" type="Float" container="StaticArray" arraySize="1">
          <containerEntry>-1</containerEntry>
        </property>
        <property name="drawRejectionLevel" type="Int32" container="StaticArray" arraySize="1">
          <containerEntry>8</containerEntry>
        </property>
        <property name="drawMode" type="Int32" container="StaticArray" arraySize="1">
          <containerEntry>0</containerEntry>
        </property>
        <property name="rejectFarRangeShadowCast" type="Int32" container="StaticArray" arraySize="1">
          <containerEntry>2</containerEntry>
        </property>
        <property name="parentLocator" type="EntityLink" container="StaticArray" arraySize="1">
          <containerEntry packagePathHash="0xB8A0BF169F98" archivePathHash="0xB8A0BF169F98" nameInArchiveHash="0xB8A0BF169F98">0x0</containerEntry>
        </property>
        <property name="transforms" type="Matrix4" container="DynamicArray" arraySize="25">
          <containerEntry r11="0.63270354" r12="0" r13="-0.7743934" r14="0" r21="0" r22="1" r23="0" r24="0" r31="0.7743934" r32="0" r33="0.63270354" r34="0" r41="2343.3982" r42="114.267914" r43="-887.52844" r44="1"></containerEntry>
          <containerEntry r11="0.99544156" r12="0" r13="-0.095363066" r14="0" r21="0" r22="1" r23="0" r24="0" r31="0.095363066" r32="0" r33="0.99544156" r34="0" r41="2346.7197" r42="113.75958" r43="-889.10406" r44="1"></containerEntry>
          <containerEntry r11="-0.29963607" r12="0" r13="0.9540515" r14="0" r21="0" r22="1" r23="0" r24="0" r31="-0.9540515" r32="0" r33="-0.29963607" r34="0" r41="2320.4485" r42="116.592705" r43="-869.0841" r44="1"></containerEntry>
          <containerEntry r11="-0.54362583" r12="-0.008851269" r13="-0.83927906" r14="0" r21="0.08833675" r22="0.9937874" r23="-0.06769911" r24="0" r31="0.8346642" r32="-0.110942245" r33="-0.5394666" r34="0" r41="2320.3662" r42="106.02726" r43="-772.30084" r44="1"></containerEntry>
          <containerEntry r11="0.8954512" r12="0" r13="-0.44515738" r14="0" r21="0" r22="1" r23="0" r24="0" r31="0.44515738" r32="0" r33="0.8954512" r34="0" r41="2321.7786" r42="91.15768" r43="-852.5483" r44="1"></containerEntry>
          <containerEntry r11="-0.8225772" r12="0" r13="0.5686491" r14="0" r21="0" r22="1" r23="0" r24="0" r31="-0.5686491" r32="0" r33="-0.8225772" r34="0" r41="2321.6057" r42="115.68135" r43="-864.32776" r44="1"></containerEntry>
          <containerEntry r11="0.9195987" r12="0" r13="-0.39285883" r14="0" r21="0" r22="1" r23="0" r24="0" r31="0.39285883" r32="0" r33="0.9195987" r34="0" r41="2366.776" r42="102.01309" r43="-886.0624" r44="1"></containerEntry>
          <containerEntry r11="0.27722538" r12="0" r13="-0.96080434" r14="0" r21="0" r22="1" r23="0" r24="0" r31="0.96080434" r32="0" r33="0.27722538" r34="0" r41="2362.3254" r42="101.075615" r43="-881.1965" r44="1"></containerEntry>
          <containerEntry r11="0.8954512" r12="0" r13="-0.44515738" r14="0" r21="0" r22="1" r23="0" r24="0" r31="0.44515738" r32="0" r33="0.8954512" r34="0" r41="2333.418" r42="91.44051" r43="-850.2866" r44="1"></containerEntry>
          <containerEntry r11="0.8929897" r12="0" r13="-0.45006612" r14="0" r21="0" r22="1" r23="0" r24="0" r31="0.45006612" r32="0" r33="0.8929897" r34="0" r41="2314.452" r42="112.79309" r43="-850.8914" r44="1"></containerEntry>
          <containerEntry r11="0.676944" r12="0" r13="-0.7360328" r14="0" r21="0" r22="1" r23="0" r24="0" r31="0.7360328" r32="0" r33="0.676944" r34="0" r41="2340.054" r42="93.60251" r43="-856.4239" r44="1"></containerEntry>
          <containerEntry r11="0.96720195" r12="-0.24086772" r13="0.08061657" r14="0" r21="0.2478931" r22="0.9643243" r23="-0.092885286" r24="0" r31="-0.055367425" r32="0.10982314" r33="0.9924058" r34="0" r41="2340.115" r42="102.749855" r43="-862.4715" r44="1"></containerEntry>
          <containerEntry r11="0.9386888" r12="0" r13="0.34476253" r14="0" r21="0" r22="1" r23="0" r24="0" r31="-0.34476253" r32="0" r33="0.9386888" r34="0" r41="2346.8188" r42="92.63064" r43="-857.18665" r44="1"></containerEntry>
          <containerEntry r11="0.9133652" r12="-0.012126758" r13="-0.40695554" r14="0" r21="-0.03134445" r22="0.9944952" r23="-0.09998365" r24="0" r31="0.40592784" r32="0.104077384" r33="0.9079572" r34="0" r41="2343.0596" r42="91.18298" r43="-850.03394" r44="1"></containerEntry>
          <containerEntry r11="0.99976057" r12="0.018105002" r13="-0.012044166" r14="0" r21="-0.020175286" r22="0.9789403" r23="-0.20314723" r24="0" r31="0.008112537" r32="0.20334159" r33="0.9790712" r34="0" r41="2362.8718" r42="90.71048" r43="-858.1936" r44="1"></containerEntry>
          <containerEntry r11="-0.041462515" r12="-0.061309893" r13="-0.99725467" r14="0" r21="0.031158557" r22="0.9975507" r23="-0.06262355" r24="0" r31="0.99865156" r32="-0.0336696" r33="-0.039450627" r34="0" r41="2303.8147" r42="101.130264" r43="-809.4719" r44="1"></containerEntry>
          <containerEntry r11="0.87971354" r12="-0.07916598" r13="-0.4688612" r14="0" r21="-0.020176401" r22="0.9789401" r23="-0.20314796" r24="0" r31="0.47506946" r32="0.18817194" r33="0.85958964" r34="0" r41="2369.5972" r42="90.84801" r43="-844.5249" r44="1"></containerEntry>
          <containerEntry r11="-0.21931358" r12="-0.044588625" r13="0.9746326" r14="0" r21="0.060409814" r22="0.9964178" r23="0.05917882" r24="0" r31="-0.97378105" r32="0.07185631" r33="-0.21583462" r34="0" r41="2327.9084" r42="91.62278" r43="-805.1614" r44="1"></containerEntry>
          <containerEntry r11="-0.21451652" r12="0.27015737" r13="0.9386143" r14="0" r21="0.13051283" r22="0.96029663" r23="-0.24657013" r24="0" r31="-0.96796185" r32="0.06960799" r33="-0.24125874" r34="0" r41="2320.6685" r42="103.33022" r43="-802.44293" r44="1"></containerEntry>
          <containerEntry r11="-0.5690253" r12="0.10348865" r13="-0.81577754" r14="0" r21="-0.0010983683" r22="0.99195266" r23="0.12660418" r24="0" r31="0.8223157" r32="0.072937034" r33="-0.5643331" r34="0" r41="2321.9436" r42="104.594185" r43="-794.4621" r44="1"></containerEntry>
          <containerEntry r11="-0.72700703" r12="0.09205895" r13="-0.6804267" r14="0" r21="0.048613835" r22="0.9953856" r23="0.08272958" r24="0" r31="0.684903" r32="0.027066935" r33="-0.72812766" r34="0" r41="2315.7126" r42="105.28856" r43="-784.0225" r44="1"></containerEntry>
          <containerEntry r11="-0.21644004" r12="0.0067640035" r13="-0.67091626" r14="0" r21="-0.017570192" r22="0.7046653" r23="0.0127724735" r24="0" r31="0.67072123" r32="0.020642059" r33="-0.21616898" r34="0" r41="2333.1848" r42="101.23601" r43="-779.7895" r44="1"></containerEntry>
          <containerEntry r11="0.33636993" r12="-0.09373267" r13="-0.9370519" r14="0" r21="0.088336535" r22="0.9937875" r23="-0.06769807" r24="0" r31="0.93757594" r32="-0.060004435" r33="0.34256023" r34="0" r41="2324.1763" r42="105.27726" r43="-768.0809" r44="1"></containerEntry>
          <containerEntry r11="-0.8225772" r12="0" r13="0.5686491" r14="0" r21="0" r22="1" r23="0" r24="0" r31="-0.5686491" r32="0" r33="-0.8225772" r34="0" r41="2326.7341" r42="114.68135" r43="-872.736" r44="1"></containerEntry>
          <containerEntry r11="-0.5917829" r12="0" r13="0.8060941" r14="0" r21="0" r22="1" r23="0" r24="0" r31="-0.8060941" r32="0" r33="-0.5917829" r34="0" r41="2328.8406" r42="114.68135" r43="-874.965" r44="1"></containerEntry>
        </property>
        <property name="colors" type="UInt32" container="DynamicArray" arraySize="25">
          <containerEntry>4294967295</containerEntry>
          <containerEntry>4294967295</containerEntry>
          <containerEntry>4294967295</containerEntry>
          <containerEntry>4294967295</containerEntry>
          <containerEntry>4294967295</containerEntry>
          <containerEntry>4294967295</containerEntry>
          <containerEntry>4294967295</containerEntry>
          <containerEntry>4294967295</containerEntry>
          <containerEntry>4294967295</containerEntry>
          <containerEntry>4294967295</containerEntry>
          <containerEntry>4294967295</containerEntry>
          <containerEntry>4294967295</containerEntry>
          <containerEntry>4294967295</containerEntry>
          <containerEntry>4294967295</containerEntry>
          <containerEntry>4294967295</containerEntry>
          <containerEntry>4294967295</containerEntry>
          <containerEntry>4294967295</containerEntry>
          <containerEntry>4294967295</containerEntry>
          <containerEntry>4294967295</containerEntry>
          <containerEntry>4294967295</containerEntry>
          <containerEntry>4294967295</containerEntry>
          <containerEntry>4294967295</containerEntry>
          <containerEntry>4294967295</containerEntry>
          <containerEntry>4294967295</containerEntry>
          <containerEntry>4294967295</containerEntry>
        </property>
      </staticProperties>
      <dynamicProperties></dynamicProperties>
    </entity>
    <entity class="StaticModelArray" classVersion="4" classID="0xD0" addr="0x317A7A0" id="0x0">
      <staticProperties>
        <property name="name" type="String" container="StaticArray" arraySize="1">
          <containerEntry>StaticModelArray0001</containerEntry>
        </property>
        <property name="dataSet" type="EntityHandle" container="StaticArray" arraySize="1">
          <containerEntry>0x3354450</containerEntry>
        </property>
        <property name="modelFile" type="FilePtr" container="StaticArray" arraySize="1">
          <containerEntry>/Assets/tpp/environ/object/middle_africa/rock/mafr_rock002/scenes/mafr_rock002.fmdl</containerEntry>
        </property>
        <property name="geomFile" type="FilePtr" container="StaticArray" arraySize="1">
          <containerEntry>/Assets/tpp/environ/object/middle_africa/rock/mafr_rock002/scenes/mafr_rock002.geom</containerEntry>
        </property>
        <property name="isVisibleGeom" type="Bool" container="StaticArray" arraySize="1">
          <containerEntry>false</containerEntry>
        </property>
        <property name="lodFarSize" type="Float" container="StaticArray" arraySize="1">
          <containerEntry>-1</containerEntry>
        </property>
        <property name="lodNearSize" type="Float" container="StaticArray" arraySize="1">
          <containerEntry>-1</containerEntry>
        </property>
        <property name="lodPolygonSize" type="Float" container="StaticArray" arraySize="1">
          <containerEntry>-1</containerEntry>
        </property>
        <property name="drawRejectionLevel" type="Int32" container="StaticArray" arraySize="1">
          <containerEntry>5</containerEntry>
        </property>
        <property name="drawMode" type="Int32" container="StaticArray" arraySize="1">
          <containerEntry>0</containerEntry>
        </property>
        <property name="rejectFarRangeShadowCast" type="Int32" container="StaticArray" arraySize="1">
          <containerEntry>2</containerEntry>
        </property>
        <property name="parentLocator" type="EntityLink" container="StaticArray" arraySize="1">
          <containerEntry packagePathHash="0xB8A0BF169F98" archivePathHash="0xB8A0BF169F98" nameInArchiveHash="0xB8A0BF169F98">0x0</containerEntry>
        </property>
        <property name="transforms" type="Matrix4" container="DynamicArray" arraySize="4">
          <containerEntry r11="2.750266" r12="-0.390251" r13="-1.1330189" r14="0" r21="0.57818574" r22="2.9166045" r23="0.39889526" r24="0" r31="1.0496327" r32="-0.58405477" r33="2.7490258" r34="0" r41="2326.8997" r42="120.244446" r43="-889.9714" r44="1"></containerEntry>
          <containerEntry r11="1.2046293" r12="0.31854656" r13="-2.7289875" r14="0" r21="1.1049403" r22="2.6720188" r23="0.7996368" r24="0" r31="2.515542" r32="-1.3262123" r33="0.95560586" r34="0" r41="2310.4763" r42="118.04599" r43="-862.3174" r44="1"></containerEntry>
          <containerEntry r11="2.0412815" r12="-0.18863381" r13="-2.1903381" r14="0" r21="0.6698841" r22="2.9001691" r23="0.37453127" r24="0" r31="2.0939004" r32="-0.7439326" r33="2.0154748" r34="0" r41="2347.3232" r42="106.22965" r43="-879.11053" r44="1"></containerEntry>
          <containerEntry r11="3.437832" r12="-0.4878147" r13="-1.4162763" r14="0" r21="0.46869767" r22="3.7178512" r23="-0.14285238" r24="0" r31="1.4227172" r32="-0.04605429" r33="3.469329" r34="0" r41="2342.2383" r42="110.952805" r43="-904.63855" r44="1"></containerEntry>
        </property>
        <property name="colors" type="UInt32" container="DynamicArray" arraySize="4">
          <containerEntry>4294967295</containerEntry>
          <containerEntry>4294967295</containerEntry>
          <containerEntry>4294967295</containerEntry>
          <containerEntry>4294967295</containerEntry>
        </property>
      </staticProperties>
      <dynamicProperties></dynamicProperties>
    </entity>
    <entity class="StaticModelArray" classVersion="4" classID="0xD0" addr="0x3354A70" id="0x0">
      <staticProperties>
        <property name="name" type="String" container="StaticArray" arraySize="1">
          <containerEntry>StaticModelArray0002</containerEntry>
        </property>
        <property name="dataSet" type="EntityHandle" container="StaticArray" arraySize="1">
          <containerEntry>0x3354450</containerEntry>
        </property>
        <property name="modelFile" type="FilePtr" container="StaticArray" arraySize="1">
          <containerEntry>/Assets/tpp/environ/object/middle_africa/tree/mafr_tree031/scenes/mafr_tree031_vrtn001.fmdl</containerEntry>
        </property>
        <property name="geomFile" type="FilePtr" container="StaticArray" arraySize="1">
          <containerEntry>/Assets/tpp/environ/object/middle_africa/tree/mafr_tree031/scenes/mafr_tree031_vrtn001.geom</containerEntry>
        </property>
        <property name="isVisibleGeom" type="Bool" container="StaticArray" arraySize="1">
          <containerEntry>false</containerEntry>
        </property>
        <property name="lodFarSize" type="Float" container="StaticArray" arraySize="1">
          <containerEntry>-1</containerEntry>
        </property>
        <property name="lodNearSize" type="Float" container="StaticArray" arraySize="1">
          <containerEntry>-1</containerEntry>
        </property>
        <property name="lodPolygonSize" type="Float" container="StaticArray" arraySize="1">
          <containerEntry>-1</containerEntry>
        </property>
        <property name="drawRejectionLevel" type="Int32" container="StaticArray" arraySize="1">
          <containerEntry>8</containerEntry>
        </property>
        <property name="drawMode" type="Int32" container="StaticArray" arraySize="1">
          <containerEntry>0</containerEntry>
        </property>
        <property name="rejectFarRangeShadowCast" type="Int32" container="StaticArray" arraySize="1">
          <containerEntry>2</containerEntry>
        </property>
        <property name="parentLocator" type="EntityLink" container="StaticArray" arraySize="1">
          <containerEntry packagePathHash="0xB8A0BF169F98" archivePathHash="0xB8A0BF169F98" nameInArchiveHash="0xB8A0BF169F98">0x0</containerEntry>
        </property>
        <property name="transforms" type="Matrix4" container="DynamicArray" arraySize="4">
          <containerEntry r11="-0.5376249" r12="0.07624304" r13="-0.4953494" r14="0" r21="0.056071095" r22="0.73103493" r23="0.051662695" r24="0" r31="0.49803624" r32="5.0928446e-07" r33="-0.54054093" r34="0" r41="2232.4507" r42="108.394714" r43="-776.86115" r44="1"></containerEntry>
          <containerEntry r11="-0.05905378" r12="0" r13="-0.99825567" r14="0" r21="0" r22="1" r23="0" r24="0" r31="0.99825567" r32="0" r33="-0.05905378" r34="0" r41="2273.034" r42="95.74514" r43="-772.7534" r44="1"></containerEntry>
          <containerEntry r11="-0.5178081" r12="0" r13="-0.85549635" r14="0" r21="0" r22="1" r23="0" r24="0" r31="0.85549635" r32="0" r33="-0.5178081" r34="0" r41="2285.2856" r42="99.120056" r43="-801.97034" r44="1"></containerEntry>
          <containerEntry r11="0.9986531" r12="-0.05186982" r13="0.0012347486" r14="0" r21="0.05186982" r22="0.99752116" r23="-0.0475505" r24="0" r31="0.0012347486" r32="0.0475505" r33="0.99886805" r34="0" r41="2214.2134" r42="110.11618" r43="-757.76776" r44="1"></containerEntry>
        </property>
        <property name="colors" type="UInt32" container="DynamicArray" arraySize="4">
          <containerEntry>4294967295</containerEntry>
          <containerEntry>4294967295</containerEntry>
          <containerEntry>4294967295</containerEntry>
          <containerEntry>4294967295</containerEntry>
        </property>
      </staticProperties>
      <dynamicProperties></dynamicProperties>
    </entity>
    <entity class="StaticModelArray" classVersion="4" classID="0xD0" addr="0x3179E70" id="0x0">
      <staticProperties>
        <property name="name" type="String" container="StaticArray" arraySize="1">
          <containerEntry>StaticModelArray0003</containerEntry>
        </property>
        <property name="dataSet" type="EntityHandle" container="StaticArray" arraySize="1">
          <containerEntry>0x3354450</containerEntry>
        </property>
        <property name="modelFile" type="FilePtr" container="StaticArray" arraySize="1">
          <containerEntry>/Assets/tpp/environ/object/middle_africa/rock/mafr_rock002/scenes/mafr_rock002.fmdl</containerEntry>
        </property>
        <property name="geomFile" type="FilePtr" container="StaticArray" arraySize="1">
          <containerEntry>/Assets/tpp/environ/object/middle_africa/rock/mafr_rock002/scenes/mafr_rock002.geom</containerEntry>
        </property>
        <property name="isVisibleGeom" type="Bool" container="StaticArray" arraySize="1">
          <containerEntry>false</containerEntry>
        </property>
        <property name="lodFarSize" type="Float" container="StaticArray" arraySize="1">
          <containerEntry>-1</containerEntry>
        </property>
        <property name="lodNearSize" type="Float" container="StaticArray" arraySize="1">
          <containerEntry>-1</containerEntry>
        </property>
        <property name="lodPolygonSize" type="Float" container="StaticArray" arraySize="1">
          <containerEntry>-1</containerEntry>
        </property>
        <property name="drawRejectionLevel" type="Int32" container="StaticArray" arraySize="1">
          <containerEntry>8</containerEntry>
        </property>
        <property name="drawMode" type="Int32" container="StaticArray" arraySize="1">
          <containerEntry>0</containerEntry>
        </property>
        <property name="rejectFarRangeShadowCast" type="Int32" container="StaticArray" arraySize="1">
          <containerEntry>2</containerEntry>
        </property>
        <property name="parentLocator" type="EntityLink" container="StaticArray" arraySize="1">
          <containerEntry packagePathHash="0xB8A0BF169F98" archivePathHash="0xB8A0BF169F98" nameInArchiveHash="0xB8A0BF169F98">0x0</containerEntry>
        </property>
        <property name="transforms" type="Matrix4" container="DynamicArray" arraySize="2">
          <containerEntry r11="-2.3735437" r12="-0.19640706" r13="-0.7600709" r14="0" r21="0.04061373" r22="2.38653" r23="-0.74352235" r24="0" r31="0.7839859" r32="-0.7182613" r33="-2.2626224" r34="0" r41="2303.1826" r42="104.49131" r43="-806.49536" r44="1"></containerEntry>
          <containerEntry r11="-1.4408526" r12="0.20040154" r13="-2.0331688" r14="0" r21="0.7065534" r22="2.3833025" r23="-0.26580316" r24="0" r31="1.9169555" r32="-0.72781056" r33="-1.4302328" r34="0" r41="2321.5215" r42="104.71941" r43="-784.1239" r44="1"></containerEntry>
        </property>
        <property name="colors" type="UInt32" container="DynamicArray" arraySize="2">
          <containerEntry>4294967295</containerEntry>
          <containerEntry>4294967295</containerEntry>
        </property>
      </staticProperties>
      <dynamicProperties></dynamicProperties>
    </entity>
    <entity class="StaticModelArray" classVersion="4" classID="0xD0" addr="0x3179EE0" id="0x0">
      <staticProperties>
        <property name="name" type="String" container="StaticArray" arraySize="1">
          <containerEntry>StaticModelArray0004</containerEntry>
        </property>
        <property name="dataSet" type="EntityHandle" container="StaticArray" arraySize="1">
          <containerEntry>0x3354450</containerEntry>
        </property>
        <property name="modelFile" type="FilePtr" container="StaticArray" arraySize="1">
          <containerEntry>/Assets/tpp/environ/object/middle_africa/tree/mafr_tree038/scenes/mafr_tree038.fmdl</containerEntry>
        </property>
        <property name="geomFile" type="FilePtr" container="StaticArray" arraySize="1">
          <containerEntry>/Assets/tpp/environ/object/middle_africa/tree/mafr_tree038/scenes/mafr_tree038.geom</containerEntry>
        </property>
        <property name="isVisibleGeom" type="Bool" container="StaticArray" arraySize="1">
          <containerEntry>false</containerEntry>
        </property>
        <property name="lodFarSize" type="Float" container="StaticArray" arraySize="1">
          <containerEntry>50</containerEntry>
        </property>
        <property name="lodNearSize" type="Float" container="StaticArray" arraySize="1">
          <containerEntry>400</containerEntry>
        </property>
        <property name="lodPolygonSize" type="Float" container="StaticArray" arraySize="1">
          <containerEntry>-1</containerEntry>
        </property>
        <property name="drawRejectionLevel" type="Int32" container="StaticArray" arraySize="1">
          <containerEntry>8</containerEntry>
        </property>
        <property name="drawMode" type="Int32" container="StaticArray" arraySize="1">
          <containerEntry>0</containerEntry>
        </property>
        <property name="rejectFarRangeShadowCast" type="Int32" container="StaticArray" arraySize="1">
          <containerEntry>2</containerEntry>
        </property>
        <property name="parentLocator" type="EntityLink" container="StaticArray" arraySize="1">
          <containerEntry packagePathHash="0xB8A0BF169F98" archivePathHash="0xB8A0BF169F98" nameInArchiveHash="0xB8A0BF169F98">0x0</containerEntry>
        </property>
        <property name="transforms" type="Matrix4" container="DynamicArray" arraySize="4">
          <containerEntry r11="0.44716966" r12="0" r13="-0.89444923" r14="0" r21="0" r22="1" r23="0" r24="0" r31="0.89444923" r32="0" r33="0.44716966" r34="0" r41="2198.6958" r42="114.3109" r43="-886.8985" r44="1"></containerEntry>
          <containerEntry r11="-0.9297755" r12="0" r13="-0.36813167" r14="0" r21="0" r22="1" r23="0" r24="0" r31="0.36813167" r32="0" r33="-0.9297755" r34="0" r41="2207.1572" r42="119.33002" r43="-900.84814" r44="1"></containerEntry>
          <containerEntry r11="-0.28633502" r12="0" r13="0.9581328" r14="0" r21="0" r22="1" r23="0" r24="0" r31="-0.9581328" r32="0" r33="-0.28633502" r34="0" r41="2217.5408" r42="114.3109" r43="-891.256" r44="1"></containerEntry>
          <containerEntry r11="0.44716966" r12="0" r13="-0.89444923" r14="0" r21="0" r22="1" r23="0" r24="0" r31="0.89444923" r32="0" r33="0.44716966" r34="0" r41="2293.793" r42="100.29768" r43="-832.7863" r44="1"></containerEntry>
        </property>
        <property name="colors" type="UInt32" container="DynamicArray" arraySize="4">
          <containerEntry>4294967295</containerEntry>
          <containerEntry>4294967295</containerEntry>
          <containerEntry>4294967295</containerEntry>
          <containerEntry>4294967295</containerEntry>
        </property>
      </staticProperties>
      <dynamicProperties></dynamicProperties>
    </entity>
    <entity class="StaticModelArray" classVersion="4" classID="0xD0" addr="0x317A500" id="0x0">
      <staticProperties>
        <property name="name" type="String" container="StaticArray" arraySize="1">
          <containerEntry>StaticModelArray0005</containerEntry>
        </property>
        <property name="dataSet" type="EntityHandle" container="StaticArray" arraySize="1">
          <containerEntry>0x3354450</containerEntry>
        </property>
        <property name="modelFile" type="FilePtr" container="StaticArray" arraySize="1">
          <containerEntry>/Assets/tpp/environ/object/middle_africa/cliff/mafr_clff003/scenes/mafr_clff003.fmdl</containerEntry>
        </property>
        <property name="geomFile" type="FilePtr" container="StaticArray" arraySize="1">
          <containerEntry>/Assets/tpp/environ/object/middle_africa/cliff/mafr_clff003/scenes/mafr_clff003.geom</containerEntry>
        </property>
        <property name="isVisibleGeom" type="Bool" container="StaticArray" arraySize="1">
          <containerEntry>false</containerEntry>
        </property>
        <property name="lodFarSize" type="Float" container="StaticArray" arraySize="1">
          <containerEntry>-1</containerEntry>
        </property>
        <property name="lodNearSize" type="Float" container="StaticArray" arraySize="1">
          <containerEntry>-1</containerEntry>
        </property>
        <property name="lodPolygonSize" type="Float" container="StaticArray" arraySize="1">
          <containerEntry>-1</containerEntry>
        </property>
        <property name="drawRejectionLevel" type="Int32" container="StaticArray" arraySize="1">
          <containerEntry>8</containerEntry>
        </property>
        <property name="drawMode" type="Int32" container="StaticArray" arraySize="1">
          <containerEntry>0</containerEntry>
        </property>
        <property name="rejectFarRangeShadowCast" type="Int32" container="StaticArray" arraySize="1">
          <containerEntry>2</containerEntry>
        </property>
        <property name="parentLocator" type="EntityLink" container="StaticArray" arraySize="1">
          <containerEntry packagePathHash="0xB8A0BF169F98" archivePathHash="0xB8A0BF169F98" nameInArchiveHash="0xB8A0BF169F98">0x0</containerEntry>
        </property>
        <property name="transforms" type="Matrix4" container="DynamicArray" arraySize="4">
          <containerEntry r11="0.9390667" r12="0" r13="-0.34372616" r14="0" r21="0" r22="1" r23="0" r24="0" r31="0.34372616" r32="0" r33="0.9390667" r34="0" r41="2181.3088" r42="117.6613" r43="-883.52795" r44="1"></containerEntry>
          <containerEntry r11="-0.9999199" r12="0" r13="-0.012563748" r14="0" r21="0" r22="1" r23="0" r24="0" r31="0.012563748" r32="0" r33="-0.9999199" r34="0" r41="2272.2886" r42="97.321655" r43="-817.7731" r44="1"></containerEntry>
          <containerEntry r11="0.99321395" r12="0" r13="0.11627588" r14="0" r21="0" r22="1" r23="0" r24="0" r31="-0.11627588" r32="0" r33="0.99321395" r34="0" r41="2254.4094" r42="117.63524" r43="-882.3964" r44="1"></containerEntry>
          <containerEntry r11="-0.99676526" r12="0" r13="-0.08030498" r14="0" r21="0" r22="1" r23="0" r24="0" r31="0.08030498" r32="0" r33="-0.99676526" r34="0" r41="2211.505" r42="108.155655" r43="-819.20807" r44="1"></containerEntry>
        </property>
        <property name="colors" type="UInt32" container="DynamicArray" arraySize="4">
          <containerEntry>4294967295</containerEntry>
          <containerEntry>4294967295</containerEntry>
          <containerEntry>4294967295</containerEntry>
          <containerEntry>4294967295</containerEntry>
        </property>
      </staticProperties>
      <dynamicProperties></dynamicProperties>
    </entity>
    <entity class="TexturePackLoadConditioner" classVersion="0" classID="0x48" addr="0x317AB20" id="0x0">
      <staticProperties>
        <property name="name" type="String" container="StaticArray" arraySize="1">
          <containerEntry>TexturePackLoadConditioner0000</containerEntry>
        </property>
        <property name="dataSet" type="EntityHandle" container="StaticArray" arraySize="1">
          <containerEntry>0x3354450</containerEntry>
        </property>
        <property name="texturePackPath" type="Path" container="StaticArray" arraySize="1">
          <containerEntry hash="0xB8A0BF169F98"></containerEntry>
        </property>
      </staticProperties>
      <dynamicProperties></dynamicProperties>
    </entity>
  </entities>
</fox>