<fox formatVersion="2" fileVersion="0">
  <entities>
    <entity class="DataSet" classVersion="0" classID="0xE8" addr="0x2F52EE0" id="0x1E8A6C">
      <staticProperties>
        <property name="name" type="String" container="StaticArray" arraySize="1">
          <containerEntry hash="0xB8A0BF169F98"></containerEntry>
        </property>
        <property name="dataSet" type="EntityHandle" container="StaticArray" arraySize="1">
          <containerEntry>0x0</containerEntry>
        </property>
        <property name="dataList" type="EntityPtr" container="StringMap" arraySize="11">
          <containerEntry key="afgh_clff027_vrtn005_0005">
            <data>0x2F52F50</data>
          </containerEntry>
          <containerEntry key="afgh_tree012_vrtn001_br_gim_i0000|TppSharedGimmick_afgh_tree012_vrtn001_br">
            <data>0x2D797E0</data>
          </containerEntry>
          <containerEntry key="StaticModelArray0000">
            <data>0x2D7D1A0</data>
          </containerEntry>
          <containerEntry key="StaticModelArray0001">
            <data>0x2D7D210</data>
          </containerEntry>
          <containerEntry key="StaticModelArray0002">
            <data>0x2D7D280</data>
          </containerEntry>
          <containerEntry key="StaticModelArray0003">
            <data>0x2D7CAA0</data>
          </containerEntry>
          <containerEntry key="StaticModelArray0004">
            <data>0x2D7D130</data>
          </containerEntry>
          <containerEntry key="StaticModelArray0005">
            <data>0x2D79FC0</data>
          </containerEntry>
          <containerEntry key="StaticModelArray0006">
            <data>0x2D7CB10</data>
          </containerEntry>
          <containerEntry key="GeoxPathPack0000">
            <data>0x2D7D3D0</data>
          </containerEntry>
          <containerEntry key="TexturePackLoadConditioner0000">
            <data>0x2D7D4B0</data>
          </containerEntry>
        </property>
      </staticProperties>
      <dynamicProperties></dynamicProperties>
    </entity>
    <entity class="StaticModel" classVersion="9" classID="0x160" addr="0x2F52F50" id="0x1E8A6E">
      <staticProperties>
        <property name="name" type="String" container="StaticArray" arraySize="1">
          <containerEntry>afgh_clff027_vrtn005_0005</containerEntry>
        </property>
        <property name="dataSet" type="EntityHandle" container="StaticArray" arraySize="1">
          <containerEntry>0x2F52EE0</containerEntry>
        </property>
        <property name="parent" type="EntityHandle" container="StaticArray" arraySize="1">
          <containerEntry>0x0</containerEntry>
        </property>
        <property name="transform" type="EntityPtr" container="StaticArray" arraySize="1">
          <containerEntry>0x2F52FC0</containerEntry>
        </property>
        <property name="shearTransform" type="EntityPtr" container="StaticArray" arraySize="1">
          <containerEntry>0x0</containerEntry>
        </property>
        <property name="pivotTransform" type="EntityPtr" container="StaticArray" arraySize="1">
          <containerEntry>0x0</containerEntry>
        </property>
        <property name="children" type="EntityHandle" container="List"></property>
        <property name="flags" type="UInt32" container="StaticArray" arraySize="1">
          <containerEntry>2147483655</containerEntry>
        </property>
        <property name="modelFile" type="FilePtr" container="StaticArray" arraySize="1">
          <containerEntry>/Assets/tpp/environ/object/afghanistan/cliff/afgh_clff027/scenes/afgh_clff027_vrtn005.fmdl</containerEntry>
        </property>
        <property name="geomFile" type="FilePtr" container="StaticArray" arraySize="1">
          <containerEntry>/Assets/tpp/environ/object/afghanistan/cliff/afgh_clff027/scenes/afgh_clff027_vrtn005.geom</containerEntry>
        </property>
        <property name="isVisibleGeom" type="Bool" container="StaticArray" arraySize="1">
          <containerEntry>false</containerEntry>
        </property>
        <property name="isIsolated" type="Bool" container="StaticArray" arraySize="1">
          <containerEntry>false</containerEntry>
        </property>
        <property name="lodFarSize" type="Float" container="StaticArray" arraySize="1">
          <containerEntry>-1</containerEntry>
        </property>
        <property name="lodNearSize" type="Float" container="StaticArray" arraySize="1">
          <containerEntry>-1</containerEntry>
        </property>
        <property name="lodPolygonSize" type="Float" container="StaticArray" arraySize="1">
          <containerEntry>-1</containerEntry>
        </property>
        <property name="color" type="Color" container="StaticArray" arraySize="1">
          <containerEntry r="1" g="1" b="1" a="1"></containerEntry>
        </property>
        <property name="drawRejectionLevel" type="Int32" container="StaticArray" arraySize="1">
          <containerEntry>8</containerEntry>
        </property>
        <property name="drawMode" type="Int32" container="StaticArray" arraySize="1">
          <containerEntry>0</containerEntry>
        </property>
        <property name="rejectFarRangeShadowCast" type="Int32" container="StaticArray" arraySize="1">
          <containerEntry>2</containerEntry>
        </property>
      </staticProperties>
      <dynamicProperties></dynamicProperties>
    </entity>
    <entity class="TransformEntity" classVersion="0" classID="0x50" addr="0x2F52FC0" id="0x1E8A71">
      <staticProperties>
        <property name="owner" type="EntityHandle" container="StaticArray" arraySize="1">
          <containerEntry>0x2F52F50</containerEntry>
        </property>
        <property name="transform_scale" type="Vector3" container="StaticArray" arraySize="1">
          <containerEntry x="1" y="1" z="1" w="0"></containerEntry>
        </property>
        <property name="transform_rotation_quat" type="Quat" container="StaticArray" arraySize="1">
          <containerEntry x="-0.042432" y="-0.233763" z="-0.030128" w="0.970901"></containerEntry>
        </property>
        <property name="transform_translation" type="Vector3" container="StaticArray" arraySize="1">
          <containerEntry x="183.73018" y="289.15067" z="2439.4028" w="0"></containerEntry>
        </property>
      </staticProperties>
      <dynamicProperties></dynamicProperties>
    </entity>
    <entity class="TppSharedGimmickData" classVersion="1" classID="0xF0" addr="0x2D797E0" id="0x1432C5">
      <staticProperties>
        <property name="name" type="String" container="StaticArray" arraySize="1">
          <containerEntry>afgh_tree012_vrtn001_br_gim_i0000|TppSharedGimmick_afgh_tree012_vrtn001_br</containerEntry>
        </property>
        <property name="dataSet" type="EntityHandle" container="StaticArray" arraySize="1">
          <containerEntry>0x2F52EE0</containerEntry>
        </property>
        <property name="modelFile" type="FilePtr" container="StaticArray" arraySize="1">
          <containerEntry>/Assets/tpp/environ/object/afghanistan/tree/afgh_tree012/scenes/afgh_tree012_vrtn001_br.fmdl</containerEntry>
        </property>
        <property name="geomFile" type="FilePtr" container="StaticArray" arraySize="1">
          <containerEntry>/Assets/tpp/environ/object/afghanistan/tree/afgh_tree012/scenes/afgh_tree012_vrtn001_br.geom</containerEntry>
        </property>
        <property name="breakedModelFile" type="FilePtr" container="StaticArray" arraySize="1">
          <containerEntry hash="0xB8A0BF169F98"></containerEntry>
        </property>
        <property name="breakedGeomFile" type="FilePtr" container="StaticArray" arraySize="1">
          <containerEntry hash="0xB8A0BF169F98"></containerEntry>
        </property>
        <property name="partsFile" type="FilePtr" container="StaticArray" arraySize="1">
          <containerEntry>/Assets/tpp/parts/environ/object/afghanistan/tree/afgh_tree012/afgh_tree012_vrtn001_br.parts</containerEntry>
        </property>
        <property name="numDynamicGimmick" type="UInt32" container="StaticArray" arraySize="1">
          <containerEntry>2</containerEntry>
        </property>
        <property name="locaterFile" type="FilePtr" container="StaticArray" arraySize="1">
          <containerEntry>/Assets/tpp/level/location/afgh/block_small/134/134_152/lba/afgh_tree012_vrtn001_br.lba</containerEntry>
        </property>
        <property name="flags1" type="UInt32" container="StaticArray" arraySize="1">
          <containerEntry>270</containerEntry>
        </property>
        <property name="flags2" type="UInt32" container="StaticArray" arraySize="1">
          <containerEntry>0</containerEntry>
        </property>
      </staticProperties>
      <dynamicProperties></dynamicProperties>
    </entity>
    <entity class="StaticModelArray" classVersion="4" classID="0xD0" addr="0x2D7D1A0" id="0x0">
      <staticProperties>
        <property name="name" type="String" container="StaticArray" arraySize="1">
          <containerEntry>StaticModelArray0000</containerEntry>
        </property>
        <property name="dataSet" type="EntityHandle" container="StaticArray" arraySize="1">
          <containerEntry>0x2F52EE0</containerEntry>
        </property>
        <property name="modelFile" type="FilePtr" container="StaticArray" arraySize="1">
          <containerEntry hash="0xB8A0BF169F98"></containerEntry>
        </property>
        <property name="geomFile" type="FilePtr" container="StaticArray" arraySize="1">
          <containerEntry>/Assets/tpp/environ/object/afghanistan/tree/afgh_tree012/scenes/afgh_tree012_vrtn001_br_pc.geom</containerEntry>
        </property>
        <property name="isVisibleGeom" type="Bool" container="StaticArray" arraySize="1">
          <containerEntry>false</containerEntry>
        </property>
        <property name="lodFarSize" type="Float" container="StaticArray" arraySize="1">
          <containerEntry>-1</containerEntry>
        </property>
        <property name="lodNearSize" type="Float" container="StaticArray" arraySize="1">
          <containerEntry>-1</containerEntry>
        </property>
        <property name="lodPolygonSize" type="Float" container="StaticArray" arraySize="1">
          <containerEntry>-1</containerEntry>
        </property>
        <property name="drawRejectionLevel" type="Int32" container="StaticArray" arraySize="1">
          <containerEntry>8</containerEntry>
        </property>
        <property name="drawMode" type="Int32" container="StaticArray" arraySize="1">
          <containerEntry>0</containerEntry>
        </property>
        <property name="rejectFarRangeShadowCast" type="Int32" container="StaticArray" arraySize="1">
          <containerEntry>2</containerEntry>
        </property>
        <property name="parentLocator" type="EntityLink" container="StaticArray" arraySize="1">
          <containerEntry packagePathHash="0xB8A0BF169F98" archivePathHash="0xB8A0BF169F98" nameInArchiveHash="0xB8A0BF169F98">0x0</containerEntry>
        </property>
        <property name="transforms" type="Matrix4" container="DynamicArray" arraySize="3">
          <containerEntry r11="1" r12="0" r13="0" r14="0" r21="0" r22="1" r23="0" r24="0" r31="0" r32="0" r33="1" r34="0" r41="218" r42="274.87332" r43="2542" r44="1"></containerEntry>
          <containerEntry r11="0.24898416" r12="0" r13="0.9685074" r14="0" r21="0" r22="1" r23="0" r24="0" r31="-0.9685074" r32="0" r33="0.24898416" r34="0" r41="182" r42="276.74243" r43="2546" r44="1"></containerEntry>
          <containerEntry r11="1" r12="0" r13="0" r14="0" r21="0" r22="1" r23="0" r24="0" r31="0" r32="0" r33="1" r34="0" r41="220" r42="270.89633" r43="2484" r44="1"></containerEntry>
        </property>
        <property name="colors" type="UInt32" container="DynamicArray" arraySize="3">
          <containerEntry>4294967295</containerEntry>
          <containerEntry>4294967295</containerEntry>
          <containerEntry>4294967295</containerEntry>
        </property>
      </staticProperties>
      <dynamicProperties></dynamicProperties>
    </entity>
    <entity class="StaticModelArray" classVersion="4" classID="0xD0" addr="0x2D7D210" id="0x0">
      <staticProperties>
        <property name="name" type="String" container="StaticArray" arraySize="1">
          <containerEntry>StaticModelArray0001</containerEntry>
        </property>
        <property name="dataSet" type="EntityHandle" container="StaticArray" arraySize="1">
          <containerEntry>0x2F52EE0</containerEntry>
        </property>
        <property name="modelFile" type="FilePtr" container="StaticArray" arraySize="1">
          <containerEntry>/Assets/tpp/environ/object/afghanistan/tree/afgh_tree012/scenes/afgh_tree012_ropl001.fmdl</containerEntry>
        </property>
        <property name="geomFile" type="FilePtr" container="StaticArray" arraySize="1">
          <containerEntry hash="0xB8A0BF169F98"></containerEntry>
        </property>
        <property name="isVisibleGeom" type="Bool" container="StaticArray" arraySize="1">
          <containerEntry>false</containerEntry>
        </property>
        <property name="lodFarSize" type="Float" container="StaticArray" arraySize="1">
          <containerEntry>-1</containerEntry>
        </property>
        <property name="lodNearSize" type="Float" container="StaticArray" arraySize="1">
          <containerEntry>-1</containerEntry>
        </property>
        <property name="lodPolygonSize" type="Float" container="StaticArray" arraySize="1">
          <containerEntry>-1</containerEntry>
        </property>
        <property name="drawRejectionLevel" type="Int32" container="StaticArray" arraySize="1">
          <containerEntry>8</containerEntry>
        </property>
        <property name="drawMode" type="Int32" container="StaticArray" arraySize="1">
          <containerEntry>0</containerEntry>
        </property>
        <property name="rejectFarRangeShadowCast" type="Int32" container="StaticArray" arraySize="1">
          <containerEntry>2</containerEntry>
        </property>
        <property name="parentLocator" type="EntityLink" container="StaticArray" arraySize="1">
          <containerEntry packagePathHash="0xB8A0BF169F98" archivePathHash="0xB8A0BF169F98" nameInArchiveHash="0xB8A0BF169F98">0x0</containerEntry>
        </property>
        <property name="transforms" type="Matrix4" container="DynamicArray" arraySize="3">
          <containerEntry r11="1" r12="0" r13="0" r14="0" r21="0" r22="1" r23="0" r24="0" r31="0" r32="0" r33="1" r34="0" r41="218" r42="274.87332" r43="2542" r44="1"></containerEntry>
          <containerEntry r11="0.24898416" r12="0" r13="0.9685074" r14="0" r21="0" r22="1" r23="0" r24="0" r31="-0.9685074" r32="0" r33="0.24898416" r34="0" r41="182" r42="276.74243" r43="2546" r44="1"></containerEntry>
          <containerEntry r11="1" r12="0" r13="0" r14="0" r21="0" r22="1" r23="0" r24="0" r31="0" r32="0" r33="1" r34="0" r41="220" r42="270.89633" r43="2484" r44="1"></containerEntry>
        </property>
        <property name="colors" type="UInt32" container="DynamicArray" arraySize="3">
          <containerEntry>4294967295</containerEntry>
          <containerEntry>4294967295</containerEntry>
          <containerEntry>4294967295</containerEntry>
        </property>
      </staticProperties>
      <dynamicProperties></dynamicProperties>
    </entity>
    <entity class="StaticModelArray" classVersion="4" classID="0xD0" addr="0x2D7D280" id="0x0">
      <staticProperties>
        <property name="name" type="String" container="StaticArray" arraySize="1">
          <containerEntry>StaticModelArray0002</containerEntry>
        </property>
        <property name="dataSet" type="EntityHandle" container="StaticArray" arraySize="1">
          <containerEntry>0x2F52EE0</containerEntry>
        </property>
        <property name="modelFile" type="FilePtr" container="StaticArray" arraySize="1">
          <containerEntry>/Assets/tpp/environ/object/afghanistan/rock/afgh_rock001/scenes/afgh_rock001_vrtn001.fmdl</containerEntry>
        </property>
        <property name="geomFile" type="FilePtr" container="StaticArray" arraySize="1">
          <containerEntry>/Assets/tpp/environ/object/afghanistan/rock/afgh_rock001/scenes/afgh_rock001_vrtn001.geom</containerEntry>
        </property>
        <property name="isVisibleGeom" type="Bool" container="StaticArray" arraySize="1">
          <containerEntry>false</containerEntry>
        </property>
        <property name="lodFarSize" type="Float" container="StaticArray" arraySize="1">
          <containerEntry>-1</containerEntry>
        </property>
        <property name="lodNearSize" type="Float" container="StaticArray" arraySize="1">
          <containerEntry>-1</containerEntry>
        </property>
        <property name="lodPolygonSize" type="Float" container="StaticArray" arraySize="1">
          <containerEntry>-1</containerEntry>
        </property>
        <property name="drawRejectionLevel" type="Int32" container="StaticArray" arraySize="1">
          <containerEntry>8</containerEntry>
        </property>
        <property name="drawMode" type="Int32" container="StaticArray" arraySize="1">
          <containerEntry>0</containerEntry>
        </property>
        <property name="rejectFarRangeShadowCast" type="Int32" container="StaticArray" arraySize="1">
          <containerEntry>2</containerEntry>
        </property>
        <property name="parentLocator" type="EntityLink" container="StaticArray" arraySize="1">
          <containerEntry packagePathHash="0xB8A0BF169F98" archivePathHash="0xB8A0BF169F98" nameInArchiveHash="0xB8A0BF169F98">0x0</containerEntry>
        </property>
        <property name="transforms" type="Matrix4" container="DynamicArray" arraySize="24">
          <containerEntry r11="0.5872885" r12="-0.20952716" r13="0.7817863" r14="0" r21="0.37450293" r22="0.9266389" r23="-0.032982305" r24="0" r31="-0.71752286" r32="0.31215167" r33="0.62267303" r34="0" r41="152" r42="276.19955" r43="2494" r44="1"></containerEntry>
          <containerEntry r11="-0.92263603" r12="0.37594917" r13="0.086048886" r14="0" r21="0.374504" r22="0.9266385" r23="-0.032981463" r24="0" r31="-0.09213556" r32="0.0017957557" r33="-0.9957446" r34="0" r41="154" r42="280.43268" r43="2522" r44="1"></containerEntry>
          <containerEntry r11="0.806851" r12="-0.34320468" r13="-0.48083434" r14="0" r21="0.30743873" r22="0.93897116" r23="-0.15431935" r24="0" r31="0.5044527" r32="-0.023314498" r33="0.8631244" r34="0" r41="218" r42="273.91565" r43="2536" r44="1"></containerEntry>
          <containerEntry r11="0.33038568" r12="-0.6461534" r13="-0.6879896" r14="0" r21="-0.13001072" r22="0.6908186" r23="-0.71124274" r24="0" r31="0.9348482" r32="0.32443005" r33="0.14422983" r34="0" r41="230" r42="275.67603" r43="2534" r44="1"></containerEntry>
          <containerEntry r11="-0.38254884" r12="-0.3608065" r13="-0.850572" r14="0" r21="-0.17388812" r22="0.9322629" r23="-0.31725168" r24="0" r31="0.90742326" r32="0.026539862" r33="-0.41937608" r34="0" r41="206" r42="276.3756" r43="2556" r44="1"></containerEntry>
          <containerEntry r11="-0.954137" r12="0.03566915" r13="0.29723346" r14="0" r21="-0.11274271" r22="0.87696075" r23="-0.46714956" r24="0" r31="-0.27732491" r32="-0.4792362" r33="-0.83271915" r34="0" r41="226.59486" r42="271.26483" r43="2472.6128" r44="1"></containerEntry>
          <containerEntry r11="-0.3376923" r12="0.16943346" r13="0.92588174" r14="0" r21="0.37450433" r22="0.9266385" r23="-0.032980993" r24="0" r31="-0.8635458" r32="0.3356092" r33="-0.37637222" r34="0" r41="191.29578" r42="273.6751" r43="2524" r44="1"></containerEntry>
          <containerEntry r11="-0.10458848" r12="0.566663" r13="0.81728494" r14="0" r21="0.31021118" r22="0.79937917" r23="-0.5145504" r24="0" r31="-0.9448972" r32="0.19971497" r33="-0.25939107" r34="0" r41="146" r42="284.21844" r43="2532" r44="1"></containerEntry>
          <containerEntry r11="0.2525195" r12="-0.43616647" r13="-0.86370784" r14="0" r21="0.28711987" r22="0.8862097" r23="-0.3635853" r24="0" r31="0.9240101" r32="-0.15617585" r33="0.3490175" r34="0" r41="132.92607" r42="288.86176" r43="2545.133" r44="1"></containerEntry>
          <containerEntry r11="0.95464885" r12="0.29770315" r13="-0.004262535" r14="0" r21="-0.29209977" r22="0.9337165" r23="-0.20700483" r24="0" r31="-0.057646096" r32="0.198862" r33="0.97833055" r34="0" r41="220.06863" r42="276.03186" r43="2544.586" r44="1"></containerEntry>
          <containerEntry r11="0.95464885" r12="0.29770315" r13="-0.004262535" r14="0" r21="-0.29209977" r22="0.9337165" r23="-0.20700483" r24="0" r31="-0.057646096" r32="0.198862" r33="0.97833055" r34="0" r41="248" r42="275.06708" r43="2520" r44="1"></containerEntry>
          <containerEntry r11="0.6931153" r12="0.38370574" r13="0.6102135" r14="0" r21="-0.10163467" r22="0.89011186" r23="-0.4442646" r24="0" r31="-0.7136253" r32="0.2459076" r33="0.65594804" r34="0" r41="246" r42="272.50906" r43="2506" r44="1"></containerEntry>
          <containerEntry r11="0.33038568" r12="-0.6461534" r13="-0.6879896" r14="0" r21="-0.13001072" r22="0.6908186" r23="-0.71124274" r24="0" r31="0.9348482" r32="0.32443005" r33="0.14422983" r34="0" r41="243.07962" r42="275.4074" r43="2527.9595" r44="1"></containerEntry>
          <containerEntry r11="0.7392851" r12="0.41534442" r13="0.5300433" r14="0" r21="-0.38814324" r22="0.9060434" r23="-0.16861175" r24="0" r31="-0.5502742" r32="-0.08108093" r33="0.83103776" r34="0" r41="240.84253" r42="271.89322" r43="2516.353" r44="1"></containerEntry>
          <containerEntry r11="-0.17511483" r12="0.36541373" r13="0.9142229" r14="0" r21="0.15046908" r22="0.9275979" r23="-0.3419371" r24="0" r31="-0.97297984" r32="0.07768357" r33="-0.21741956" r34="0" r41="249.60342" r42="275.42163" r43="2518.9001" r44="1"></containerEntry>
          <containerEntry r11="0.5872885" r12="-0.20952716" r13="0.7817863" r14="0" r21="0.37450293" r22="0.9266389" r23="-0.032982305" r24="0" r31="-0.71752286" r32="0.31215167" r33="0.62267303" r34="0" r41="152" r42="274.45862" r43="2482" r44="1"></containerEntry>
          <containerEntry r11="-0.8277148" r12="0.3501306" r13="0.4385161" r14="0" r21="0.37450263" r22="0.9266391" r23="-0.032982253" r24="0" r31="-0.41789427" r32="0.13692555" r33="-0.89811766" r34="0" r41="151.33586" r42="274.20624" r43="2475.8484" r44="1"></containerEntry>
          <containerEntry r11="-0.8277148" r12="0.3501306" r13="0.4385161" r14="0" r21="0.37450263" r22="0.9266391" r23="-0.032982253" r24="0" r31="-0.41789427" r32="0.13692555" r33="-0.89811766" r34="0" r41="174.1813" r42="274.97852" r43="2448.1138" r44="1"></containerEntry>
          <containerEntry r11="0.7179278" r12="-0.26727465" r13="0.642763" r14="0" r21="0.3745031" r22="0.92663896" r23="-0.032981314" r24="0" r31="-0.58679426" r32="0.26439482" r33="0.765355" r34="0" r41="182" r42="273.48358" r43="2462" r44="1"></containerEntry>
          <containerEntry r11="0.37235212" r12="-0.1828723" r13="-0.909897" r14="0" r21="0.37450254" r22="0.9266392" r23="-0.03298138" r24="0" r31="0.84917766" r32="-0.3284778" r33="0.41352212" r34="0" r41="206" r42="273.61154" r43="2468.3105" r44="1"></containerEntry>
          <containerEntry r11="-0.5489883" r12="-0.5301513" r13="0.6461837" r14="0" r21="0.1467907" r22="0.6999333" r23="0.6989609" r24="0" r31="-0.82284033" r32="0.4785744" r33="-0.3064342" r34="0" r41="198.28416" r42="274.68454" r43="2463.8074" r44="1"></containerEntry>
          <containerEntry r11="-0.24660474" r12="-0.4171058" r13="-0.8747639" r14="0" r21="-0.35112518" r22="0.8797655" r23="-0.32050604" r24="0" r31="0.903272" r32="0.22811343" r33="-0.36341065" r34="0" r41="206" r42="270.70184" r43="2484" r44="1"></containerEntry>
          <containerEntry r11="-0.72712564" r12="0.5148719" r13="-0.45408612" r14="0" r21="0.20723681" r22="0.7952127" r23="0.5698154" r24="0" r31="0.65447706" r32="0.3202243" r33="-0.6849199" r34="0" r41="240" r42="269.6367" r43="2467.805" r44="1"></containerEntry>
          <containerEntry r11="0.2736265" r12="0.14076203" r13="-0.95147973" r14="0" r21="0.050210062" r22="-0.9899737" r23="-0.13201754" r24="0" r31="-0.96052414" r32="-0.011650439" r33="-0.2779499" r34="0" r41="250.18456" r42="271.663" r43="2446" r44="1"></containerEntry>
        </property>
        <property name="colors" type="UInt32" container="DynamicArray" arraySize="24">
          <containerEntry>4294967295</containerEntry>
          <containerEntry>4294967295</containerEntry>
          <containerEntry>4294967295</containerEntry>
          <containerEntry>4294967295</containerEntry>
          <containerEntry>4294967295</containerEntry>
          <containerEntry>4294967295</containerEntry>
          <containerEntry>4294967295</containerEntry>
          <containerEntry>4294967295</containerEntry>
          <containerEntry>4294967295</containerEntry>
          <containerEntry>4294967295</containerEntry>
          <containerEntry>4294967295</containerEntry>
          <containerEntry>4294967295</containerEntry>
          <containerEntry>4294967295</containerEntry>
          <containerEntry>4294967295</containerEntry>
          <containerEntry>4294967295</containerEntry>
          <containerEntry>4294967295</containerEntry>
          <containerEntry>4294967295</containerEntry>
          <containerEntry>4294967295</containerEntry>
          <containerEntry>4294967295</containerEntry>
          <containerEntry>4294967295</containerEntry>
          <containerEntry>4294967295</containerEntry>
          <containerEntry>4294967295</containerEntry>
          <containerEntry>4294967295</containerEntry>
          <containerEntry>4294967295</containerEntry>
        </property>
      </staticProperties>
      <dynamicProperties></dynamicProperties>
    </entity>
    <entity class="StaticModelArray" classVersion="4" classID="0xD0" addr="0x2D7CAA0" id="0x0">
      <staticProperties>
        <property name="name" type="String" container="StaticArray" arraySize="1">
          <containerEntry>StaticModelArray0003</containerEntry>
        </property>
        <property name="dataSet" type="EntityHandle" container="StaticArray" arraySize="1">
          <containerEntry>0x2F52EE0</containerEntry>
        </property>
        <property name="modelFile" type="FilePtr" container="StaticArray" arraySize="1">
          <containerEntry>/Assets/tpp/environ/object/middle_africa/rock/mafr_rock010/scenes/mafr_rock010_vrtn001.fmdl</containerEntry>
        </property>
        <property name="geomFile" type="FilePtr" container="StaticArray" arraySize="1">
          <containerEntry>/Assets/tpp/environ/object/middle_africa/rock/mafr_rock010/scenes/mafr_rock010_vrtn001.geom</containerEntry>
        </property>
        <property name="isVisibleGeom" type="Bool" container="StaticArray" arraySize="1">
          <containerEntry>false</containerEntry>
        </property>
        <property name="lodFarSize" type="Float" container="StaticArray" arraySize="1">
          <containerEntry>-1</containerEntry>
        </property>
        <property name="lodNearSize" type="Float" container="StaticArray" arraySize="1">
          <containerEntry>-1</containerEntry>
        </property>
        <property name="lodPolygonSize" type="Float" container="StaticArray" arraySize="1">
          <containerEntry>-1</containerEntry>
        </property>
        <property name="drawRejectionLevel" type="Int32" container="StaticArray" arraySize="1">
          <containerEntry>8</containerEntry>
        </property>
        <property name="drawMode" type="Int32" container="StaticArray" arraySize="1">
          <containerEntry>0</containerEntry>
        </property>
        <property name="rejectFarRangeShadowCast" type="Int32" container="StaticArray" arraySize="1">
          <containerEntry>2</containerEntry>
        </property>
        <property name="parentLocator" type="EntityLink" container="StaticArray" arraySize="1">
          <containerEntry packagePathHash="0xB8A0BF169F98" archivePathHash="0xB8A0BF169F98" nameInArchiveHash="0xB8A0BF169F98">0x0</containerEntry>
        </property>
        <property name="transforms" type="Matrix4" container="DynamicArray" arraySize="9">
          <containerEntry r11="-0.39591" r12="-0.09266798" r13="0.9135989" r14="0" r21="-0.02031529" r22="0.99553555" r23="0.09217507" r24="0" r31="-0.91806185" r32="0.017933201" r33="-0.39602506" r34="0" r41="166.83093" r42="273.672" r43="2439.2915" r44="1"></containerEntry>
          <containerEntry r11="-0.9688838" r12="0.24750233" r13="-0.0004333388" r14="0" r21="0.23957995" r22="0.93743145" r23="-0.25263312" r24="0" r31="-0.06212116" r32="-0.24487679" r33="-0.9675587" r34="0" r41="138" r42="281.38153" r43="2514" r44="1"></containerEntry>
          <containerEntry r11="-0.5111232" r12="0.16054657" r13="-0.8443784" r14="0" r21="0.22808969" r22="0.9725127" r23="0.04684068" r24="0" r31="0.8286888" r32="-0.16865276" r33="-0.53369284" r34="0" r41="219.8225" r42="271.53738" r43="2469.497" r44="1"></containerEntry>
          <containerEntry r11="0.9415803" r12="0.078780934" r13="0.32744431" r14="0" r21="-0.12807019" r22="0.9829717" r23="0.13177457" r24="0" r31="-0.31148714" r32="-0.16601229" r33="0.9356364" r34="0" r41="168.37593" r42="273.65192" r43="2443.8408" r44="1"></containerEntry>
          <containerEntry r11="-0.5135776" r12="-0.028852446" r13="-0.85755634" r14="0" r21="0.05000432" r22="0.9967295" r23="-0.06348178" r24="0" r31="0.85658324" r32="-0.07548447" r33="-0.51045513" r34="0" r41="226" r42="283.07098" r43="2437.2886" r44="1"></containerEntry>
          <containerEntry r11="0.924005" r12="-0.07029463" r13="-0.37586364" r14="0" r21="0.05000426" r22="0.9967295" r23="-0.06348191" r24="0" r31="0.37909678" r32="0.03986281" r33="0.924498" r34="0" r41="202.71428" r42="284.22595" r43="2442.0156" r44="1"></containerEntry>
          <containerEntry r11="-0.015319046" r12="-0.062788576" r13="-0.99790865" r14="0" r21="0.050003868" r22="0.9967295" r23="-0.06348199" r24="0" r31="0.99863094" r32="-0.05087184" r33="-0.012129247" r34="0" r41="207.04892" r42="283.9257" r43="2440.1245" r44="1"></containerEntry>
          <containerEntry r11="-0.22578919" r12="0.34825402" r13="0.9098002" r14="0" r21="0.3346327" r22="0.9048174" r23="-0.2632988" r24="0" r31="-0.9148979" r32="0.24499881" r33="-0.32083517" r34="0" r41="131.2781" r42="287.4309" r43="2534.831" r44="1"></containerEntry>
          <containerEntry r11="1.1734864" r12="-0.08927418" r13="-0.4773468" r14="0" r21="0.06350541" r22="1.2658465" r23="-0.080622025" r24="0" r31="0.4814529" r32="0.05062577" r33="1.1741124" r34="0" r41="176.92174" r42="286.6665" r43="2423.2517" r44="1"></containerEntry>
        </property>
        <property name="colors" type="UInt32" container="DynamicArray" arraySize="9">
          <containerEntry>4294967295</containerEntry>
          <containerEntry>4294967295</containerEntry>
          <containerEntry>4294967295</containerEntry>
          <containerEntry>4294967295</containerEntry>
          <containerEntry>4294967295</containerEntry>
          <containerEntry>4294967295</containerEntry>
          <containerEntry>4294967295</containerEntry>
          <containerEntry>4294967295</containerEntry>
          <containerEntry>4294967295</containerEntry>
        </property>
      </staticProperties>
      <dynamicProperties></dynamicProperties>
    </entity>
    <entity class="StaticModelArray" classVersion="4" classID="0xD0" addr="0x2D7D130" id="0x0">
      <staticProperties>
        <property name="name" type="String" container="StaticArray" arraySize="1">
          <containerEntry>StaticModelArray0004</containerEntry>
        </property>
        <property name="dataSet" type="EntityHandle" container="StaticArray" arraySize="1">
          <containerEntry>0x2F52EE0</containerEntry>
        </property>
        <property name="modelFile" type="FilePtr" container="StaticArray" arraySize="1">
          <containerEntry>/Assets/tpp/environ/object/afghanistan/rock/afgh_rock006/scenes/afgh_rock006.fmdl</containerEntry>
        </property>
        <property name="geomFile" type="FilePtr" container="StaticArray" arraySize="1">
          <containerEntry>/Assets/tpp/environ/object/afghanistan/rock/afgh_rock006/scenes/afgh_rock006.geom</containerEntry>
        </property>
        <property name="isVisibleGeom" type="Bool" container="StaticArray" arraySize="1">
          <containerEntry>false</containerEntry>
        </property>
        <property name="lodFarSize" type="Float" container="StaticArray" arraySize="1">
          <containerEntry>-1</containerEntry>
        </property>
        <property name="lodNearSize" type="Float" container="StaticArray" arraySize="1">
          <containerEntry>-1</containerEntry>
        </property>
        <property name="lodPolygonSize" type="Float" container="StaticArray" arraySize="1">
          <containerEntry>-1</containerEntry>
        </property>
        <property name="drawRejectionLevel" type="Int32" container="StaticArray" arraySize="1">
          <containerEntry>8</containerEntry>
        </property>
        <property name="drawMode" type="Int32" container="StaticArray" arraySize="1">
          <containerEntry>0</containerEntry>
        </property>
        <property name="rejectFarRangeShadowCast" type="Int32" container="StaticArray" arraySize="1">
          <containerEntry>2</containerEntry>
        </property>
        <property name="parentLocator" type="EntityLink" container="StaticArray" arraySize="1">
          <containerEntry packagePathHash="0xB8A0BF169F98" archivePathHash="0xB8A0BF169F98" nameInArchiveHash="0xB8A0BF169F98">0x0</containerEntry>
        </property>
        <property name="transforms" type="Matrix4" container="DynamicArray" arraySize="9">
          <containerEntry r11="0.6189648" r12="0.055759937" r13="0.7834358" r14="0" r21="0.23320177" r22="0.9394475" r23="-0.25110745" r24="0" r31="-0.74999857" r32="0.33812553" r33="0.5684817" r34="0" r41="168" r42="276.47073" r43="2508" r44="1"></containerEntry>
          <containerEntry r11="0.61896515" r12="0.055759966" r13="0.7834355" r14="0" r21="0.30601728" r22="-0.935767" r23="-0.1751706" r24="0" r31="0.72334903" r32="0.34816968" r33="-0.5962691" r34="0" r41="134" r42="275.92902" r43="2462" r44="1"></containerEntry>
          <containerEntry r11="-0.10594034" r12="0.03232488" r13="0.9938436" r14="0" r21="0.3964207" r22="-0.915233" r23="0.07202645" r24="0" r31="0.9119324" r32="0.4016121" r33="0.084152095" r34="0" r41="186" r42="275.16098" r43="2546" r44="1"></containerEntry>
          <containerEntry r11="-0.99052733" r12="-0.0011775955" r13="0.1372888" r14="0" r21="-0.016119467" r22="0.9940447" r23="-0.1077744" r24="0" r31="-0.13634427" r32="-0.108966835" r33="-0.9846474" r34="0" r41="213.5829" r42="275.88254" r43="2546.6606" r44="1"></containerEntry>
          <containerEntry r11="0.852046" r12="-0.5234671" r13="1.0691583e-06" r14="0" r21="0.5102288" r22="0.8304985" r23="0.22347037" r24="0" r31="-0.116980195" r32="-0.19040652" r33="0.97471076" r34="0" r41="246" r42="270.43283" r43="2456" r44="1"></containerEntry>
          <containerEntry r11="0.61896515" r12="0.055759966" r13="0.7834355" r14="0" r21="0.30601728" r22="-0.935767" r23="-0.1751706" r24="0" r31="0.72334903" r32="0.34816968" r33="-0.5962691" r34="0" r41="183.67253" r42="274.05905" r43="2456" r44="1"></containerEntry>
          <containerEntry r11="0.852046" r12="-0.5234671" r13="1.0691583e-06" r14="0" r21="0.5102288" r22="0.8304985" r23="0.22347037" r24="0" r31="-0.116980195" r32="-0.19040652" r33="0.97471076" r34="0" r41="204.27191" r42="274.17035" r43="2463.1282" r44="1"></containerEntry>
          <containerEntry r11="0.9915756" r12="0.03256999" r13="0.1253674" r14="0" r21="-0.055617005" r22="0.981165" r23="0.18499179" r24="0" r31="-0.11698093" r32="-0.19040592" r33="0.97471076" r34="0" r41="233.74945" r42="282.92017" r43="2442" r44="1"></containerEntry>
          <containerEntry r11="-0.9101632" r12="0.050116647" r13="-0.4111973" r14="0" r21="-0.123116255" r22="-0.9805219" r23="0.15300578" r24="0" r31="-0.39552152" r32="0.18988603" r33="0.89861315" r34="0" r41="190.33804" r42="282.40472" r43="2452.877" r44="1"></containerEntry>
        </property>
        <property name="colors" type="UInt32" container="DynamicArray" arraySize="9">
          <containerEntry>4294967295</containerEntry>
          <containerEntry>4294967295</containerEntry>
          <containerEntry>4294967295</containerEntry>
          <containerEntry>4294967295</containerEntry>
          <containerEntry>4294967295</containerEntry>
          <containerEntry>4294967295</containerEntry>
          <containerEntry>4294967295</containerEntry>
          <containerEntry>4294967295</containerEntry>
          <containerEntry>4294967295</containerEntry>
        </property>
      </staticProperties>
      <dynamicProperties></dynamicProperties>
    </entity>
    <entity class="StaticModelArray" classVersion="4" classID="0xD0" addr="0x2D79FC0" id="0x0">
      <staticProperties>
        <property name="name" type="String" container="StaticArray" arraySize="1">
          <containerEntry>StaticModelArray0005</containerEntry>
        </property>
        <property name="dataSet" type="EntityHandle" container="StaticArray" arraySize="1">
          <containerEntry>0x2F52EE0</containerEntry>
        </property>
        <property name="modelFile" type="FilePtr" container="StaticArray" arraySize="1">
          <containerEntry>/Assets/tpp/environ/object/afghanistan/cliff/afgh_clff027/scenes/afgh_clff027_vrtn007.fmdl</containerEntry>
        </property>
        <property name="geomFile" type="FilePtr" container="StaticArray" arraySize="1">
          <containerEntry>/Assets/tpp/environ/object/afghanistan/cliff/afgh_clff027/scenes/afgh_clff027_vrtn007.geom</containerEntry>
        </property>
        <property name="isVisibleGeom" type="Bool" container="StaticArray" arraySize="1">
          <containerEntry>false</containerEntry>
        </property>
        <property name="lodFarSize" type="Float" container="StaticArray" arraySize="1">
          <containerEntry>-1</containerEntry>
        </property>
        <property name="lodNearSize" type="Float" container="StaticArray" arraySize="1">
          <containerEntry>-1</containerEntry>
        </property>
        <property name="lodPolygonSize" type="Float" container="StaticArray" arraySize="1">
          <containerEntry>-1</containerEntry>
        </property>
        <property name="drawRejectionLevel" type="Int32" container="StaticArray" arraySize="1">
          <containerEntry>8</containerEntry>
        </property>
        <property name="drawMode" type="Int32" container="StaticArray" arraySize="1">
          <containerEntry>0</containerEntry>
        </property>
        <property name="rejectFarRangeShadowCast" type="Int32" container="StaticArray" arraySize="1">
          <containerEntry>2</containerEntry>
        </property>
        <property name="parentLocator" type="EntityLink" container="StaticArray" arraySize="1">
          <containerEntry packagePathHash="0xB8A0BF169F98" archivePathHash="0xB8A0BF169F98" nameInArchiveHash="0xB8A0BF169F98">0x0</containerEntry>
        </property>
        <property name="transforms" type="Matrix4" container="DynamicArray" arraySize="5">
          <containerEntry r11="-0.7061386" r12="-0.06548105" r13="-0.70503914" r14="0" r21="-0.075315475" r22="0.997012" r23="-0.017165303" r24="0" r31="0.7040565" r32="0.040979277" r33="-0.7089604" r34="0" r41="230.43231" r42="287.97552" r43="2563.678" r44="1"></containerEntry>
          <containerEntry r11="-0.9491204" r12="-0.046436116" r13="0.31147084" r14="0" r21="-0.09884651" r22="0.98301154" r23="-0.15465334" r24="0" r31="-0.2989979" r32="-0.17757246" r33="-0.93758637" r34="0" r41="241.63136" r42="288.16006" r43="2549.6274" r44="1"></containerEntry>
