<fox formatVersion="2" fileVersion="0">
  <entities>
    <entity class="DataSet" classVersion="0" classID="0xE8" addr="0x2EE38F0" id="0x8D3A4A">
      <staticProperties>
        <property name="name" type="String" container="StaticArray" arraySize="1">
          <containerEntry hash="0xB8A0BF169F98"></containerEntry>
        </property>
        <property name="dataSet" type="EntityHandle" container="StaticArray" arraySize="1">
          <containerEntry>0x0</containerEntry>
        </property>
        <property name="dataList" type="EntityPtr" container="StringMap" arraySize="9">
          <containerEntry key="afgh_clff041_vrtn002_0000">
            <data>0x2D75800</data>
          </containerEntry>
          <containerEntry key="afgh_clff024_0000">
            <data>0x2D75950</data>
          </containerEntry>
          <containerEntry key="StaticModelArray0000">
            <data>0x2D79D90</data>
          </containerEntry>
          <containerEntry key="StaticModelArray0001">
            <data>0x2D79E00</data>
          </containerEntry>
          <containerEntry key="StaticModelArray0002">
            <data>0x2D79E70</data>
          </containerEntry>
          <containerEntry key="StaticModelArray0003">
            <data>0x2D79F50</data>
          </containerEntry>
          <containerEntry key="StaticModelArray0004">
            <data>0x2D79EE0</data>
          </containerEntry>
          <containerEntry key="StaticModelArray0005">
            <data>0x2D79B60</data>
          </containerEntry>
          <containerEntry key="TexturePackLoadConditioner0000">
            <data>0x2D7A340</data>
          </containerEntry>
        </property>
      </staticProperties>
      <dynamicProperties></dynamicProperties>
    </entity>
    <entity class="StaticModel" classVersion="9" classID="0x160" addr="0x2D75800" id="0x8D3B2D">
      <staticProperties>
        <property name="name" type="String" container="StaticArray" arraySize="1">
          <containerEntry>afgh_clff041_vrtn002_0000</containerEntry>
        </property>
        <property name="dataSet" type="EntityHandle" container="StaticArray" arraySize="1">
          <containerEntry>0x2EE38F0</containerEntry>
        </property>
        <property name="parent" type="EntityHandle" container="StaticArray" arraySize="1">
          <containerEntry>0x0</containerEntry>
        </property>
        <property name="transform" type="EntityPtr" container="StaticArray" arraySize="1">
          <containerEntry>0x2D75870</containerEntry>
        </property>
        <property name="shearTransform" type="EntityPtr" container="StaticArray" arraySize="1">
          <containerEntry>0x0</containerEntry>
        </property>
        <property name="pivotTransform" type="EntityPtr" container="StaticArray" arraySize="1">
          <containerEntry>0x0</containerEntry>
        </property>
        <property name="children" type="EntityHandle" container="List"></property>
        <property name="flags" type="UInt32" container="StaticArray" arraySize="1">
          <containerEntry>7</containerEntry>
        </property>
        <property name="modelFile" type="FilePtr" container="StaticArray" arraySize="1">
          <containerEntry>/Assets/tpp/environ/object/afghanistan/cliff/afgh_clff041/scenes/afgh_clff041_vrtn002.fmdl</containerEntry>
        </property>
        <property name="geomFile" type="FilePtr" container="StaticArray" arraySize="1">
          <containerEntry>/Assets/tpp/environ/object/afghanistan/cliff/afgh_clff041/scenes/afgh_clff041_vrtn002.geom</containerEntry>
        </property>
        <property name="isVisibleGeom" type="Bool" container="StaticArray" arraySize="1">
          <containerEntry>false</containerEntry>
        </property>
        <property name="isIsolated" type="Bool" container="StaticArray" arraySize="1">
          <containerEntry>false</containerEntry>
        </property>
        <property name="lodFarSize" type="Float" container="StaticArray" arraySize="1">
          <containerEntry>-1</containerEntry>
        </property>
        <property name="lodNearSize" type="Float" container="StaticArray" arraySize="1">
          <containerEntry>-1</containerEntry>
        </property>
        <property name="lodPolygonSize" type="Float" container="StaticArray" arraySize="1">
          <containerEntry>-1</containerEntry>
        </property>
        <property name="color" type="Color" container="StaticArray" arraySize="1">
          <containerEntry r="1" g="1" b="1" a="1"></containerEntry>
        </property>
        <property name="drawRejectionLevel" type="Int32" container="StaticArray" arraySize="1">
          <containerEntry>8</containerEntry>
        </property>
        <property name="drawMode" type="Int32" container="StaticArray" arraySize="1">
          <containerEntry>0</containerEntry>
        </property>
        <property name="rejectFarRangeShadowCast" type="Int32" container="StaticArray" arraySize="1">
          <containerEntry>2</containerEntry>
        </property>
      </staticProperties>
      <dynamicProperties></dynamicProperties>
    </entity>
    <entity class="TransformEntity" classVersion="0" classID="0x50" addr="0x2D75870" id="0x8D3B30">
      <staticProperties>
        <property name="owner" type="EntityHandle" container="StaticArray" arraySize="1">
          <containerEntry>0x2D75800</containerEntry>
        </property>
        <property name="transform_scale" type="Vector3" container="StaticArray" arraySize="1">
          <containerEntry x="1" y="1" z="1" w="0"></containerEntry>
        </property>
        <property name="transform_rotation_quat" type="Quat" container="StaticArray" arraySize="1">
          <containerEntry x="-0.029686" y="0.149933" z="0.005352" w="0.988236"></containerEntry>
        </property>
        <property name="transform_translation" type="Vector3" container="StaticArray" arraySize="1">
          <containerEntry x="-1638.7693" y="433.60684" z="-797.47784" w="0"></containerEntry>
        </property>
      </staticProperties>
      <dynamicProperties></dynamicProperties>
    </entity>
    <entity class="StaticModel" classVersion="9" classID="0x160" addr="0x2D75950" id="0x8D3B34">
      <staticProperties>
        <property name="name" type="String" container="StaticArray" arraySize="1">
          <containerEntry>afgh_clff024_0000</containerEntry>
        </property>
        <property name="dataSet" type="EntityHandle" container="StaticArray" arraySize="1">
          <containerEntry>0x2EE38F0</containerEntry>
        </property>
        <property name="parent" type="EntityHandle" container="StaticArray" arraySize="1">
          <containerEntry>0x0</containerEntry>
        </property>
        <property name="transform" type="EntityPtr" container="StaticArray" arraySize="1">
          <containerEntry>0x2D759C0</containerEntry>
        </property>
        <property name="shearTransform" type="EntityPtr" container="StaticArray" arraySize="1">
          <containerEntry>0x0</containerEntry>
        </property>
        <property name="pivotTransform" type="EntityPtr" container="StaticArray" arraySize="1">
          <containerEntry>0x0</containerEntry>
        </property>
        <property name="children" type="EntityHandle" container="List"></property>
        <property name="flags" type="UInt32" container="StaticArray" arraySize="1">
          <containerEntry>7</containerEntry>
        </property>
        <property name="modelFile" type="FilePtr" container="StaticArray" arraySize="1">
          <containerEntry>/Assets/tpp/environ/object/afghanistan/cliff/afgh_clff024/scenes/afgh_clff024.fmdl</containerEntry>
        </property>
        <property name="geomFile" type="FilePtr" container="StaticArray" arraySize="1">
          <containerEntry>/Assets/tpp/environ/object/afghanistan/cliff/afgh_clff024/scenes/afgh_clff024.geom</containerEntry>
        </property>
        <property name="isVisibleGeom" type="Bool" container="StaticArray" arraySize="1">
          <containerEntry>false</containerEntry>
        </property>
        <property name="isIsolated" type="Bool" container="StaticArray" arraySize="1">
          <containerEntry>false</containerEntry>
        </property>
        <property name="lodFarSize" type="Float" container="StaticArray" arraySize="1">
          <containerEntry>-1</containerEntry>
        </property>
        <property name="lodNearSize" type="Float" container="StaticArray" arraySize="1">
          <containerEntry>-1</containerEntry>
        </property>
        <property name="lodPolygonSize" type="Float" container="StaticArray" arraySize="1">
          <containerEntry>-1</containerEntry>
        </property>
        <property name="color" type="Color" container="StaticArray" arraySize="1">
          <containerEntry r="1" g="1" b="1" a="1"></containerEntry>
        </property>
        <property name="drawRejectionLevel" type="Int32" container="StaticArray" arraySize="1">
          <containerEntry>8</containerEntry>
        </property>
        <property name="drawMode" type="Int32" container="StaticArray" arraySize="1">
          <containerEntry>0</containerEntry>
        </property>
        <property name="rejectFarRangeShadowCast" type="Int32" container="StaticArray" arraySize="1">
          <containerEntry>2</containerEntry>
        </property>
      </staticProperties>
      <dynamicProperties></dynamicProperties>
    </entity>
    <entity class="TransformEntity" classVersion="0" classID="0x50" addr="0x2D759C0" id="0x8D3B37">
      <staticProperties>
        <property name="owner" type="EntityHandle" container="StaticArray" arraySize="1">
          <containerEntry>0x2D75950</containerEntry>
        </property>
        <property name="transform_scale" type="Vector3" container="StaticArray" arraySize="1">
          <containerEntry x="1" y="1" z="1" w="0"></containerEntry>
        </property>
        <property name="transform_rotation_quat" type="Quat" container="StaticArray" arraySize="1">
          <containerEntry x="-0.148832" y="-0.268006" z="-0.041946" w="0.950927"></containerEntry>
        </property>
        <property name="transform_translation" type="Vector3" container="StaticArray" arraySize="1">
          <containerEntry x="-1547.2594" y="455.8706" z="-884.6944" w="0"></containerEntry>
        </property>
      </staticProperties>
      <dynamicProperties></dynamicProperties>
    </entity>
    <entity class="StaticModelArray" classVersion="4" classID="0xD0" addr="0x2D79D90" id="0x0">
      <staticProperties>
        <property name="name" type="String" container="StaticArray" arraySize="1">
          <containerEntry>StaticModelArray0000</containerEntry>
        </property>
        <property name="dataSet" type="EntityHandle" container="StaticArray" arraySize="1">
          <containerEntry>0x2EE38F0</containerEntry>
        </property>
        <property name="modelFile" type="FilePtr" container="StaticArray" arraySize="1">
          <containerEntry>/Assets/tpp/environ/object/afghanistan/cliff/afgh_clff022/scenes/afgh_clff022_vrtn002.fmdl</containerEntry>
        </property>
        <property name="geomFile" type="FilePtr" container="StaticArray" arraySize="1">
          <containerEntry>/Assets/tpp/environ/object/afghanistan/cliff/afgh_clff022/scenes/afgh_clff022_vrtn002.geom</containerEntry>
        </property>
        <property name="isVisibleGeom" type="Bool" container="StaticArray" arraySize="1">
          <containerEntry>false</containerEntry>
        </property>
        <property name="lodFarSize" type="Float" container="StaticArray" arraySize="1">
          <containerEntry>-1</containerEntry>
        </property>
        <property name="lodNearSize" type="Float" container="StaticArray" arraySize="1">
          <containerEntry>-1</containerEntry>
        </property>
        <property name="lodPolygonSize" type="Float" container="StaticArray" arraySize="1">
          <containerEntry>-1</containerEntry>
        </property>
        <property name="drawRejectionLevel" type="Int32" container="StaticArray" arraySize="1">
          <containerEntry>8</containerEntry>
        </property>
        <property name="drawMode" type="Int32" container="StaticArray" arraySize="1">
          <containerEntry>0</containerEntry>
        </property>
        <property name="rejectFarRangeShadowCast" type="Int32" container="StaticArray" arraySize="1">
          <containerEntry>2</containerEntry>
        </property>
        <property name="parentLocator" type="EntityLink" container="StaticArray" arraySize="1">
          <containerEntry packagePathHash="0xB8A0BF169F98" archivePathHash="0xB8A0BF169F98" nameInArchiveHash="0xB8A0BF169F98">0x0</containerEntry>
        </property>
        <property name="transforms" type="Matrix4" container="DynamicArray" arraySize="2">
          <containerEntry r11="0.99935305" r12="0" r13="0.035964172" r14="0" r21="0" r22="1" r23="0" r24="0" r31="-0.035964172" r32="0" r33="0.99935305" r34="0" r41="-1553.5302" r42="408.68353" r43="-795.1222" r44="1"></containerEntry>
          <containerEntry r11="0.9796763" r12="-0.06703038" r13="-0.18905343" r14="0" r21="0.062005617" r22="0.99755055" r23="-0.03237581" r24="0" r31="0.19076051" r32="0.01999544" r33="0.9814329" r34="0" r41="-1631.3306" r42="442.73233" r43="-887.83716" r44="1"></containerEntry>
        </property>
        <property name="colors" type="UInt32" container="DynamicArray" arraySize="2">
          <containerEntry>4294967295</containerEntry>
          <containerEntry>4294967295</containerEntry>
        </property>
      </staticProperties>
      <dynamicProperties></dynamicProperties>
    </entity>
    <entity class="StaticModelArray" classVersion="4" classID="0xD0" addr="0x2D79E00" id="0x0">
      <staticProperties>
        <property name="name" type="String" container="StaticArray" arraySize="1">
          <containerEntry>StaticModelArray0001</containerEntry>
        </property>
        <property name="dataSet" type="EntityHandle" container="StaticArray" arraySize="1">
          <containerEntry>0x2EE38F0</containerEntry>
        </property>
        <property name="modelFile" type="FilePtr" container="StaticArray" arraySize="1">
          <containerEntry>/Assets/tpp/environ/object/afghanistan/cliff/afgh_clff025/scenes/afgh_clff025.fmdl</containerEntry>
        </property>
        <property name="geomFile" type="FilePtr" container="StaticArray" arraySize="1">
          <containerEntry>/Assets/tpp/environ/object/afghanistan/cliff/afgh_clff025/scenes/afgh_clff025.geom</containerEntry>
        </property>
        <property name="isVisibleGeom" type="Bool" container="StaticArray" arraySize="1">
          <containerEntry>false</containerEntry>
        </property>
        <property name="lodFarSize" type="Float" container="StaticArray" arraySize="1">
          <containerEntry>-1</containerEntry>
        </property>
        <property name="lodNearSize" type="Float" container="StaticArray" arraySize="1">
          <containerEntry>-1</containerEntry>
        </property>
        <property name="lodPolygonSize" type="Float" container="StaticArray" arraySize="1">
          <containerEntry>-1</containerEntry>
        </property>
        <property name="drawRejectionLevel" type="Int32" container="StaticArray" arraySize="1">
          <containerEntry>8</containerEntry>
        </property>
        <property name="drawMode" type="Int32" container="StaticArray" arraySize="1">
          <containerEntry>0</containerEntry>
        </property>
        <property name="rejectFarRangeShadowCast" type="Int32" container="StaticArray" arraySize="1">
          <containerEntry>2</containerEntry>
        </property>
        <property name="parentLocator" type="EntityLink" container="StaticArray" arraySize="1">
          <containerEntry packagePathHash="0xB8A0BF169F98" archivePathHash="0xB8A0BF169F98" nameInArchiveHash="0xB8A0BF169F98">0x0</containerEntry>
        </property>
        <property name="transforms" type="Matrix4" container="DynamicArray" arraySize="2">
          <containerEntry r11="0.97310835" r12="-0.22999589" r13="-0.012725323" r14="0" r21="0.21478303" r22="0.9259321" r23="-0.31067306" r24="0" r31="0.08323639" r32="0.29958534" r33="0.9504316" r34="0" r41="-1591.2651" r42="404.3731" r43="-774.4423" r44="1"></containerEntry>
          <containerEntry r11="0.9162361" r12="-0.072016545" r13="-0.39411283" r14="0" r21="-0.003933616" r22="0.9820471" r23="-0.18859491" r24="0" r31="0.40061933" r32="0.17434773" r33="0.89950365" r34="0" r41="-1581.3527" r42="400.8106" r43="-772.7674" r44="1"></containerEntry>
        </property>
        <property name="colors" type="UInt32" container="DynamicArray" arraySize="2">
          <containerEntry>4294967295</containerEntry>
          <containerEntry>4294967295</containerEntry>
        </property>
      </staticProperties>
      <dynamicProperties></dynamicProperties>
    </entity>
    <entity class="StaticModelArray" classVersion="4" classID="0xD0" addr="0x2D79E70" id="0x0">
      <staticProperties>
        <property name="name" type="String" container="StaticArray" arraySize="1">
          <containerEntry>StaticModelArray0002</containerEntry>
        </property>
        <property name="dataSet" type="EntityHandle" container="StaticArray" arraySize="1">
          <containerEntry>0x2EE38F0</containerEntry>
        </property>
        <property name="modelFile" type="FilePtr" container="StaticArray" arraySize="1">
          <containerEntry>/Assets/tpp/environ/object/afghanistan/rock/afgh_rock010/scenes/afgh_rock010.fmdl</containerEntry>
        </property>
        <property name="geomFile" type="FilePtr" container="StaticArray" arraySize="1">
          <containerEntry>/Assets/tpp/environ/object/afghanistan/rock/afgh_rock010/scenes/afgh_rock010.geom</containerEntry>
        </property>
        <property name="isVisibleGeom" type="Bool" container="StaticArray" arraySize="1">
          <containerEntry>false</containerEntry>
        </property>
        <property name="lodFarSize" type="Float" container="StaticArray" arraySize="1">
          <containerEntry>-1</containerEntry>
        </property>
        <property name="lodNearSize" type="Float" container="StaticArray" arraySize="1">
          <containerEntry>-1</containerEntry>
        </property>
        <property name="lodPolygonSize" type="Float" container="StaticArray" arraySize="1">
          <containerEntry>-1</containerEntry>
        </property>
        <property name="drawRejectionLevel" type="Int32" container="StaticArray" arraySize="1">
          <containerEntry>8</containerEntry>
        </property>
        <property name="drawMode" type="Int32" container="StaticArray" arraySize="1">
          <containerEntry>0</containerEntry>
        </property>
        <property name="rejectFarRangeShadowCast" type="Int32" container="StaticArray" arraySize="1">
          <containerEntry>2</containerEntry>
        </property>
        <property name="parentLocator" type="EntityLink" container="StaticArray" arraySize="1">
          <containerEntry packagePathHash="0xB8A0BF169F98" archivePathHash="0xB8A0BF169F98" nameInArchiveHash="0xB8A0BF169F98">0x0</containerEntry>
        </property>
        <property name="transforms" type="Matrix4" container="DynamicArray" arraySize="10">
          <containerEntry r11="-0.47960794" r12="0.3236282" r13="-0.81562227" r14="0" r21="0.021793976" r22="0.9336096" r23="0.35762838" r24="0" r31="0.8772114" r32="0.15374598" r33="-0.45481968" r34="0" r41="-1577.8427" r42="415.31482" r43="-812" r44="1"></containerEntry>
          <containerEntry r11="-0.31717435" r12="-0.07408513" r13="-0.9454674" r14="0" r21="0.029160438" r22="0.9957108" r23="-0.08780446" r24="0" r31="0.94791716" r32="-0.055419736" r33="-0.3136536" r34="0" r41="-1547.0695" r42="409.20624" r43="-799.2702" r44="1"></containerEntry>
          <containerEntry r11="-0.9638189" r12="0.1537942" r13="-0.21771476" r14="0" r21="0.09179616" r22="0.95831263" r23="0.27057424" r24="0" r31="0.25025156" r32="0.24079928" r33="-0.9377575" r34="0" r41="-1575.9828" r42="401.49832" r43="-782" r44="1"></containerEntry>
          <containerEntry r11="-0.7608398" r12="0.059549525" r13="-0.64620084" r14="0" r21="-0.041379057" r22="0.98930246" r23="0.13988735" r24="0" r31="0.64761823" r32="0.13317113" r33="-0.7502366" r34="0" r41="-1545.0369" r42="395.27866" r43="-782.9141" r44="1"></containerEntry>
          <containerEntry r11="-0.49579784" r12="0.23711841" r13="-0.83543885" r14="0" r21="0.15725885" r22="0.97061235" r23="0.18215731" r24="0" r31="0.8540801" r32="-0.041066892" r33="-0.5185165" r34="0" r41="-1617.5782" r42="414.14523" r43="-782.5149" r44="1"></containerEntry>
          <containerEntry r11="0.23751776" r12="0.011197753" r13="-0.97131765" r14="0" r21="0.07292022" r22="0.9969066" r23="0.029323928" r24="0" r31="0.9686413" r32="-0.07779371" r33="0.23596644" r34="0" r41="-1604.1764" r42="408.77994" r43="-778.22766" r44="1"></containerEntry>
          <containerEntry r11="0.876752" r12="-0.47883022" r13="-0.04502716" r14="0" r21="0.423909" r22="0.7251638" r23="0.5426217" r24="0" r31="-0.22717169" r32="-0.494832" r33="0.8387694" r34="0" r41="-1610.9407" r42="412.30774" r43="-782.5149" r44="1"></containerEntry>
          <containerEntry r11="1.4016572" r12="-0.6239813" r13="-1.2829667" r14="0" r21="0.8929928" r22="1.7863821" r23="0.10678437" r24="0" r31="1.1126186" r32="-0.6476778" r33="1.5305531" r34="0" r41="-1644.0762" r42="431.88724" r43="-843.5027" r44="1"></containerEntry>
          <containerEntry r11="0.6625571" r12="-0.0016362686" r13="-1.8870656" r14="0" r21="0.048649892" r22="1.9993494" r23="0.015347574" r24="0" r31="1.8864391" r32="-0.050987083" r33="0.6623814" r34="0" r41="-1655.5986" r42="430.28497" r43="-826.22186" r44="1"></containerEntry>
          <containerEntry r11="-0.28032115" r12="0.27122715" r13="-1.9615942" r14="0" r21="-0.067055054" r22="1.9787154" r23="0.28317687" r24="0" r31="1.9791209" r32="0.105457835" r33="-0.26824427" r34="0" r41="-1588.2266" r42="425.42682" r43="-856.662" r44="1"></containerEntry>
        </property>
        <property name="colors" type="UInt32" container="DynamicArray" arraySize="10">
          <containerEntry>4294967295</containerEntry>
          <containerEntry>4294967295</containerEntry>
          <containerEntry>4294967295</containerEntry>
          <containerEntry>4294967295</containerEntry>
          <containerEntry>4294967295</containerEntry>
          <containerEntry>4294967295</containerEntry>
          <containerEntry>4294967295</containerEntry>
          <containerEntry>4294967295</containerEntry>
          <containerEntry>4294967295</containerEntry>
          <containerEntry>4294967295</containerEntry>
        </property>
      </staticProperties>
      <dynamicProperties></dynamicProperties>
    </entity>
    <entity class="StaticModelArray" classVersion="4" classID="0xD0" addr="0x2D79F50" id="0x0">
      <staticProperties>
        <property name="name" type="String" container="StaticArray" arraySize="1">
          <containerEntry>StaticModelArray0003</containerEntry>
        </property>
        <property name="dataSet" type="EntityHandle" container="StaticArray" arraySize="1">
          <containerEntry>0x2EE38F0</containerEntry>
        </property>
        <property name="modelFile" type="FilePtr" container="StaticArray" arraySize="1">
          <containerEntry>/Assets/tpp/environ/object/afghanistan/rock/afgh_rock011/scenes/afgh_rock011.fmdl</containerEntry>
        </property>
        <property name="geomFile" type="FilePtr" container="StaticArray" arraySize="1">
          <containerEntry>/Assets/tpp/environ/object/afghanistan/rock/afgh_rock011/scenes/afgh_rock011.geom</containerEntry>
        </property>
        <property name="isVisibleGeom" type="Bool" container="StaticArray" arraySize="1">
          <containerEntry>false</containerEntry>
        </property>
        <property name="lodFarSize" type="Float" container="StaticArray" arraySize="1">
          <containerEntry>-1</containerEntry>
        </property>
        <property name="lodNearSize" type="Float" container="StaticArray" arraySize="1">
          <containerEntry>-1</containerEntry>
        </property>
        <property name="lodPolygonSize" type="Float" container="StaticArray" arraySize="1">
          <containerEntry>-1</containerEntry>
        </property>
        <property name="drawRejectionLevel" type="Int32" container="StaticArray" arraySize="1">
          <containerEntry>8</containerEntry>
        </property>
        <property name="drawMode" type="Int32" container="StaticArray" arraySize="1">
          <containerEntry>0</containerEntry>
        </property>
        <property name="rejectFarRangeShadowCast" type="Int32" container="StaticArray" arraySize="1">
          <containerEntry>2</containerEntry>
        </property>
        <property name="parentLocator" type="EntityLink" container="StaticArray" arraySize="1">
          <containerEntry packagePathHash="0xB8A0BF169F98" archivePathHash="0xB8A0BF169F98" nameInArchiveHash="0xB8A0BF169F98">0x0</containerEntry>
        </property>
        <property name="transforms" type="Matrix4" container="DynamicArray" arraySize="11">
          <containerEntry r11="0.1286561" r12="0.1007999" r13="-0.98655146" r14="0" r21="0.26647443" r22="0.95471907" r23="0.1322977" r24="0" r31="0.95521504" r32="-0.27991194" r33="0.095969856" r34="0" r41="-1584" r42="417.8919" r43="-812.7109" r44="1"></containerEntry>
          <containerEntry r11="0.4775561" r12="0.21765286" r13="-0.8512138" r14="0" r21="0.18900195" r22="0.920699" r23="0.3414546" r24="0" r31="0.8580303" r32="-0.32394478" r33="0.3985486" r34="0" r41="-1628" r42="422.84833" r43="-792" r44="1"></containerEntry>
          <containerEntry r11="0.5124855" r12="-0.4962164" r13="0.70080405" r14="0" r21="0.110636085" r22="0.84748155" r23="0.5191668" r24="0" r31="-0.8515379" r32="-0.18853068" r33="0.4892216" r34="0" r41="-1639.2439" r42="419.68304" r43="-783.9257" r44="1"></containerEntry>
          <containerEntry r11="-0.76366514" r12="-0.32694694" r13="1.2489609" r14="0" r21="0.09471723" r22="1.4330058" r23="0.43303853" r24="0" r31="-1.2875661" r32="0.2993316" r33="-0.7089124" r34="0" r41="-1607.9435" r42="419.12564" r43="-802.5119" r44="1"></containerEntry>
          <containerEntry r11="-0.91098064" r12="-0.49113992" r13="1.0857615" r14="0" r21="-0.05505927" r22="1.3825678" r23="0.5792011" r24="0" r31="-1.1904055" r32="0.31190872" r33="-0.85768914" r34="0" r41="-1659.403" r42="416.0748" r43="-781.8075" r44="1"></containerEntry>
          <containerEntry r11="0.3440619" r12="-0.40773624" r13="0.84579515" r14="0" r21="0.11639474" r22="0.9123661" r23="0.39247927" r24="0" r31="-0.9317031" r32="-0.03659025" r33="0.361369" r34="0" r41="-1604.4506" r42="413.18433" r43="-785.5209" r44="1"></containerEntry>
          <containerEntry r11="0.29240036" r12="0.06701848" r13="-1.4696934" r14="0" r21="0.6199999" r22="1.3532746" r23="0.1850585" r24="0" r31="1.3342003" r32="-0.64354885" r33="0.23609796" r34="0" r41="-1631.5679" r42="429.92596" r43="-823.4039" r44="1"></containerEntry>
          <containerEntry r11="-1.1751499" r12="0.47307962" r13="-0.80323666" r14="0" r21="0.31388077" r22="1.4178249" r23="0.37583297" r24="0" r31="0.8777656" r32="0.1263615" r33="-1.2097648" r34="0" r41="-1637.5054" r42="430.77597" r43="-814.1039" r44="1"></containerEntry>
          <containerEntry r11="-1.0885444" r12="0.12060716" r13="1.024935" r14="0" r21="0.27766687" r22="1.4690158" r23="0.12203841" r24="0" r31="-0.9939512" r32="0.27829152" r33="-1.0883849" r34="0" r41="-1622.544" r42="430.4119" r43="-840.2978" r44="1"></containerEntry>
          <containerEntry r11="0.6533134" r12="-0.10318335" r13="1.3463006" r14="0" r21="-0.112501614" r22="1.4862539" r23="0.16850193" r24="0" r31="-1.345554" r32="-0.17436373" r33="0.6395875" r34="0" r41="-1654.2557" r42="438.95956" r43="-874.129" r44="1"></containerEntry>
          <containerEntry r11="-1.0402347" r12="0.06552052" r13="1.0787048" r14="0" r21="0.18396297" r22="1.4861242" r23="0.08713575" r24="0" r31="-1.0649202" r32="0.1927228" r33="-1.0386474" r34="0" r41="-1553.2037" r42="414.06357" r43="-823.922" r44="1"></containerEntry>
        </property>
        <property name="colors" type="UInt32" container="DynamicArray" arraySize="11">
          <containerEntry>4294967295</containerEntry>
          <containerEntry>4294967295</containerEntry>
          <containerEntry>4294967295</containerEntry>
          <containerEntry>4294967295</containerEntry>
          <containerEntry>4294967295</containerEntry>
          <containerEntry>4294967295</containerEntry>
          <containerEntry>4294967295</containerEntry>
          <containerEntry>4294967295</containerEntry>
          <containerEntry>4294967295</containerEntry>
          <containerEntry>4294967295</containerEntry>
          <containerEntry>4294967295</containerEntry>
        </property>
      </staticProperties>
      <dynamicProperties></dynamicProperties>
    </entity>
    <entity class="StaticModelArray" classVersion="4" classID="0xD0" addr="0x2D79EE0" id="0x0">
      <staticProperties>
        <property name="name" type="String" container="StaticArray" arraySize="1">
          <containerEntry>StaticModelArray0004</containerEntry>
        </property>
        <property name="dataSet" type="EntityHandle" container="StaticArray" arraySize="1">
          <containerEntry>0x2EE38F0</containerEntry>
        </property>
        <property name="modelFile" type="FilePtr" container="StaticArray" arraySize="1">
          <containerEntry>/Assets/tpp/environ/object/afghanistan/rock/afgh_rock009/scenes/afgh_rock009_rock001.fmdl</containerEntry>
        </property>
        <property name="geomFile" type="FilePtr" container="StaticArray" arraySize="1">
          <containerEntry>/Assets/tpp/environ/object/afghanistan/rock/afgh_rock009/scenes/afgh_rock009_rock001.geom</containerEntry>
        </property>
        <property name="isVisibleGeom" type="Bool" container="StaticArray" arraySize="1">
          <containerEntry>false</containerEntry>
        </property>
        <property name="lodFarSize" type="Float" container="StaticArray" arraySize="1">
          <containerEntry>-1</containerEntry>
        </property>
        <property name="lodNearSize" type="Float" container="StaticArray" arraySize="1">
          <containerEntry>-1</containerEntry>
        </property>
        <property name="lodPolygonSize" type="Float" container="StaticArray" arraySize="1">
          <containerEntry>-1</containerEntry>
        </property>
        <property name="drawRejectionLevel" type="Int32" container="StaticArray" arraySize="1">
          <containerEntry>8</containerEntry>
        </property>
        <property name="drawMode" type="Int32" container="StaticArray" arraySize="1">
          <containerEntry>0</containerEntry>
        </property>
        <property name="rejectFarRangeShadowCast" type="Int32" container="StaticArray" arraySize="1">
          <containerEntry>2</containerEntry>
        </property>
        <property name="parentLocator" type="EntityLink" container="StaticArray" arraySize="1">
          <containerEntry packagePathHash="0xB8A0BF169F98" archivePathHash="0xB8A0BF169F98" nameInArchiveHash="0xB8A0BF169F98">0x0</containerEntry>
        </property>
        <property name="transforms" type="Matrix4" container="DynamicArray" arraySize="4">
          <containerEntry r11="1" r12="0" r13="0" r14="0" r21="0" r22="1" r23="0" r24="0" r31="0" r32="0" r33="1" r34="0" r41="-1590" r42="409.89798" r43="-784" r44="1"></containerEntry>
          <containerEntry r11="-0.07239094" r12="0.013576573" r13="-0.997285" r14="0" r21="-0.028338475" r22="0.99947566" r23="0.015663415" r24="0" r31="0.9969747" r32="0.029395383" r33="-0.07196826" r34="0" r41="-1556" r42="397.4557" r43="-784" r44="1"></containerEntry>
          <containerEntry r11="0.48561192" r12="0" r13="-0.8741746" r14="0" r21="0" r22="1" r23="0" r24="0" r31="0.8741746" r32="0" r33="0.48561192" r34="0" r41="-1568.8944" r42="397.97864" r43="-769.7093" r44="1"></containerEntry>
          <containerEntry r11="-0.9415492" r12="0.31970674" r13="0.10615101" r14="0" r21="0.3099317" r22="0.9456009" r23="-0.09889937" r24="0" r31="-0.13199532" r32="-0.06021925" r33="-0.989417" r34="0" r41="-1621.9318" r42="413.67578" r43="-772.1058" r44="1"></containerEntry>
        </property>
        <property name="colors" type="UInt32" container="DynamicArray" arraySize="4">
          <containerEntry>4294967295</containerEntry>
          <containerEntry>4294967295</containerEntry>
          <containerEntry>4294967295</containerEntry>
          <containerEntry>4294967295</containerEntry>
        </property>
      </staticProperties>
      <dynamicProperties></dynamicProperties>
    </entity>
    <entity class="StaticModelArray" classVersion="4" classID="0xD0" addr="0x2D79B60" id="0x0">
      <staticProperties>
        <property name="name" type="String" container="StaticArray" arraySize="1">
          <containerEntry>StaticModelArray0005</containerEntry>
        </property>
        <property name="dataSet" type="EntityHandle" container="StaticArray" arraySize="1">
          <containerEntry>0x2EE38F0</containerEntry>
        </property>
        <property name="modelFile" type="FilePtr" container="StaticArray" arraySize="1">
          <containerEntry>/Assets/tpp/environ/object/afghanistan/rock/afgh_rock010/scenes/afgh_rock010_vrtn001.fmdl</containerEntry>
        </property>
        <property name="geomFile" type="FilePtr" container="StaticArray" arraySize="1">
          <containerEntry>/Assets/tpp/environ/object/afghanistan/rock/afgh_rock010/scenes/afgh_rock010_vrtn001.geom</containerEntry>
        </property>
        <property name="isVisibleGeom" type="Bool" container="StaticArray" arraySize="1">
          <containerEntry>false</containerEntry>
        </property>
        <property name="lodFarSize" type="Float" container="StaticArray" arraySize="1">
          <containerEntry>-1</containerEntry>
        </property>
        <property name="lodNearSize" type="Float" container="StaticArray" arraySize="1">
          <containerEntry>-1</containerEntry>
        </property>
        <property name="lodPolygonSize" type="Float" container="StaticArray" arraySize="1">
          <containerEntry>-1</containerEntry>
        </property>
        <property name="drawRejectionLevel" type="Int32" container="StaticArray" arraySize="1">
          <containerEntry>8</containerEntry>
        </property>
        <property name="drawMode" type="Int32" container="StaticArray" arraySize="1">
          <containerEntry>0</containerEntry>
        </property>
        <property name="rejectFarRangeShadowCast" type="Int32" container="StaticArray" arraySize="1">
          <containerEntry>2</containerEntry>
        </property>
        <property name="parentLocator" type="EntityLink" container="StaticArray" arraySize="1">
          <containerEntry packagePathHash="0xB8A0BF169F98" archivePathHash="0xB8A0BF169F98" nameInArchiveHash="0xB8A0BF169F98">0x0</containerEntry>
        </property>
        <property name="transforms" type="Matrix4" container="DynamicArray" arraySize="11">
          <containerEntry r11="-0.89726543" r12="0.19976404" r13="-0.39370975" r14="0" r21="0.21731567" r22="0.97610134" r23="-1.937151e-07" r24="0" r31="0.38430056" r32="-0.08555952" r33="-0.91923386" r34="0" r41="-1565.9573" r42="410.39386" r43="-800.88385" r44="1"></containerEntry>
          <containerEntry r11="-0.8711166" r12="0.19976354" r13="0.4486029" r14="0" r21="0.25724924" r22="0.9637796" r23="0.0703668" r24="0" r31="-0.4182976" r32="0.17670082" r33="-0.8909534" r34="0" r41="-1567.7717" r42="402.05002" r43="-781.315" r44="1"></containerEntry>
          <containerEntry r11="0.14734975" r12="-0.6976602" r13="-0.7011124" r14="0" r21="0.18499675" r22="0.71578014" r23="-0.67337584" r24="0" r31="0.97162986" r32="-0.030481607" r33="0.2345348" r34="0" r41="-1582" r42="406.6608" r43="-788" r44="1"></containerEntry>
          <containerEntry r11="0.14734975" r12="-0.6976602" r13="-0.7011124" r14="0" r21="0.18499675" r22="0.71578014" r23="-0.67337584" r24="0" r31="0.97162986" r32="-0.030481607" r33="0.2345348" r34="0" r41="-1606.3091" r42="423.15732" r43="-824.4792" r44="1"></containerEntry>
          <containerEntry r11="-0.44492838" r12="0.88753325" r13="0.11969012" r14="0" r21="0.5929895" r22="0.191807" r23="0.7820325" r24="0" r31="0.6711218" r32="0.41892245" r33="-0.6116388" r34="0" r41="-1552.349" r42="422.2212" r43="-842.7447" r44="1"></containerEntry>
          <containerEntry r11="-0.811997" r12="0.44066998" r13="0.38270974" r14="0" r21="0.4619402" r22="0.8860046" r23="-0.040084187" r24="0" r31="-0.3567465" r32="0.14424089" r33="-0.9229963" r34="0" r41="-1607.4767" r42="430.26648" r43="-850.3651" r44="1"></containerEntry>
          <containerEntry r11="-0.7918341" r12="0.3152082" r13="0.5231105" r14="0" r21="0.59298915" r22="0.19180681" r23="0.78203255" r24="0" r31="0.14616653" r32="0.92943794" r33="-0.33879495" r34="0" r41="-1560.4036" r42="430.486" r43="-858.7163" r44="1"></containerEntry>
          <containerEntry r11="-0.7018185" r12="-0.3306367" r13="0.63097405" r14="0" r21="0.35566643" r22="-0.93009454" r23="-0.09177892" r24="0" r31="0.6172117" r32="0.16000418" r33="0.7703558" r34="0" r41="-1567.2262" r42="431.99014" r43="-862.912" r44="1"></containerEntry>
          <containerEntry r11="0.2315498" r12="-0.07853718" r13="0.96964556" r14="0" r21="-0.014182508" r22="0.99635744" r23="0.08408724" r24="0" r31="-0.9727176" r32="-0.03322225" r33="0.2295925" r34="0" r41="-1585.1117" r42="402.75482" r43="-768.80896" r44="1"></containerEntry>
          <containerEntry r11="0.0004592538" r12="-0.96739656" r13="0.25325245" r14="0" r21="0.73613864" r22="0.17173643" r23="0.65467614" r24="0" r31="-0.6768256" r32="0.18613113" r33="0.7122221" r34="0" r41="-1573.12" r42="401.59045" r43="-766.27356" r44="1"></containerEntry>
          <containerEntry r11="-0.88166577" r12="0.07645205" r13="-0.4656321" r14="0" r21="0.11019246" r22="0.9928622" r23="-0.045630313" r24="0" r31="0.45882002" r32="-0.091540106" r33="-0.8837971" r34="0" r41="-1567.2438" r42="399.08783" r43="-773.0648" r44="1"></containerEntry>
        </property>
        <property name="colors" type="UInt32" container="DynamicArray" arraySize="11">
          <containerEntry>4294967295</containerEntry>
          <containerEntry>4294967295</containerEntry>
          <containerEntry>4294967295</containerEntry>
          <containerEntry>4294967295</containerEntry>
          <containerEntry>4294967295</containerEntry>
          <containerEntry>4294967295</containerEntry>
          <containerEntry>4294967295</containerEntry>
          <containerEntry>4294967295</containerEntry>
          <containerEntry>4294967295</containerEntry>
          <containerEntry>4294967295</containerEntry>
          <containerEntry>4294967295</containerEntry>
        </property>
      </staticProperties>
      <dynamicProperties></dynamicProperties>
    </entity>
    <entity class="TexturePackLoadConditioner" classVersion="0" classID="0x48" addr="0x2D7A340" id="0x0">
      <staticProperties>
        <property name="name" type="String" container="StaticArray" arraySize="1">
          <containerEntry>TexturePackLoadConditioner0000</containerEntry>
        </property>
        <property name="dataSet" type="EntityHandle" container="StaticArray" arraySize="1">
          <containerEntry>0x2EE38F0</containerEntry>
        </property>
        <property name="texturePackPath" type="Path" container="StaticArray" arraySize="1">
          <containerEntry hash="0xB8A0BF169F98"></containerEntry>
        </property>
      </staticProperties>
      <dynamicProperties></dynamicProperties>
    </entity>
  </entities>
</fox>