<fox formatVersion="2" fileVersion="0">
  <entities>
    <entity class="DataSet" classVersion="0" classID="0xE8" addr="0x33038F0" id="0x5ED36C4">
      <staticProperties>
        <property name="name" type="String" container="StaticArray" arraySize="1">
          <containerEntry hash="0xB8A0BF169F98"></containerEntry>
        </property>
        <property name="dataSet" type="EntityHandle" container="StaticArray" arraySize="1">
          <containerEntry>0x0</containerEntry>
        </property>
        <property name="dataList" type="EntityPtr" container="StringMap" arraySize="18">
          <containerEntry key="afgh_rock010_vrtn001_0004">
            <data>0x31753A0</data>
          </containerEntry>
          <containerEntry key="afgh_tree011_vrtn001_0005">
            <data>0x3176520</data>
          </containerEntry>
          <containerEntry key="StaticModelArray0000">
            <data>0x317FAC0</data>
          </containerEntry>
          <containerEntry key="StaticModelArray0001">
            <data>0x317FB30</data>
          </containerEntry>
          <containerEntry key="StaticModelArray0002">
            <data>0x317FBA0</data>
          </containerEntry>
          <containerEntry key="StaticModelArray0003">
            <data>0x317FC10</data>
          </containerEntry>
          <containerEntry key="StaticModelArray0004">
            <data>0x317F740</data>
          </containerEntry>
          <containerEntry key="StaticModelArray0005">
            <data>0x317F660</data>
          </containerEntry>
          <containerEntry key="StaticModelArray0006">
            <data>0x317F580</data>
          </containerEntry>
          <containerEntry key="StaticModelArray0007">
            <data>0x317F2E0</data>
          </containerEntry>
          <containerEntry key="StaticModelArray0008">
            <data>0x317F190</data>
          </containerEntry>
          <containerEntry key="StaticModelArray0009">
            <data>0x317EEF0</data>
          </containerEntry>
          <containerEntry key="StaticModelArray0010">
            <data>0x3176280</data>
          </containerEntry>
          <containerEntry key="StaticModelArray0011">
            <data>0x317EC50</data>
          </containerEntry>
          <containerEntry key="StaticModelArray0012">
            <data>0x317ECC0</data>
          </containerEntry>
          <containerEntry key="StaticModelArray0013">
            <data>0x317ED30</data>
          </containerEntry>
          <containerEntry key="StaticModelArray0014">
            <data>0x317EDA0</data>
          </containerEntry>
          <containerEntry key="TexturePackLoadConditioner0000">
            <data>0x317FEB0</data>
          </containerEntry>
        </property>
      </staticProperties>
      <dynamicProperties></dynamicProperties>
    </entity>
    <entity class="StaticModel" classVersion="9" classID="0x160" addr="0x31753A0" id="0x5ED374D">
      <staticProperties>
        <property name="name" type="String" container="StaticArray" arraySize="1">
          <containerEntry>afgh_rock010_vrtn001_0004</containerEntry>
        </property>
        <property name="dataSet" type="EntityHandle" container="StaticArray" arraySize="1">
          <containerEntry>0x33038F0</containerEntry>
        </property>
        <property name="parent" type="EntityHandle" container="StaticArray" arraySize="1">
          <containerEntry>0x0</containerEntry>
        </property>
        <property name="transform" type="EntityPtr" container="StaticArray" arraySize="1">
          <containerEntry>0x3175410</containerEntry>
        </property>
        <property name="shearTransform" type="EntityPtr" container="StaticArray" arraySize="1">
          <containerEntry>0x0</containerEntry>
        </property>
        <property name="pivotTransform" type="EntityPtr" container="StaticArray" arraySize="1">
          <containerEntry>0x0</containerEntry>
        </property>
        <property name="children" type="EntityHandle" container="List"></property>
        <property name="flags" type="UInt32" container="StaticArray" arraySize="1">
          <containerEntry>2147483655</containerEntry>
        </property>
        <property name="modelFile" type="FilePtr" container="StaticArray" arraySize="1">
          <containerEntry>/Assets/tpp/environ/object/afghanistan/rock/afgh_rock010/scenes/afgh_rock010_vrtn001.fmdl</containerEntry>
        </property>
        <property name="geomFile" type="FilePtr" container="StaticArray" arraySize="1">
          <containerEntry>/Assets/tpp/environ/object/afghanistan/rock/afgh_rock010/scenes/afgh_rock010_vrtn001.geom</containerEntry>
        </property>
        <property name="isVisibleGeom" type="Bool" container="StaticArray" arraySize="1">
          <containerEntry>false</containerEntry>
        </property>
        <property name="isIsolated" type="Bool" container="StaticArray" arraySize="1">
          <containerEntry>false</containerEntry>
        </property>
        <property name="lodFarSize" type="Float" container="StaticArray" arraySize="1">
          <containerEntry>-1</containerEntry>
        </property>
        <property name="lodNearSize" type="Float" container="StaticArray" arraySize="1">
          <containerEntry>-1</containerEntry>
        </property>
        <property name="lodPolygonSize" type="Float" container="StaticArray" arraySize="1">
          <containerEntry>-1</containerEntry>
        </property>
        <property name="color" type="Color" container="StaticArray" arraySize="1">
          <containerEntry r="1" g="1" b="1" a="1"></containerEntry>
        </property>
        <property name="drawRejectionLevel" type="Int32" container="StaticArray" arraySize="1">
          <containerEntry>7</containerEntry>
        </property>
        <property name="drawMode" type="Int32" container="StaticArray" arraySize="1">
          <containerEntry>0</containerEntry>
        </property>
        <property name="rejectFarRangeShadowCast" type="Int32" container="StaticArray" arraySize="1">
          <containerEntry>2</containerEntry>
        </property>
      </staticProperties>
      <dynamicProperties></dynamicProperties>
    </entity>
    <entity class="TransformEntity" classVersion="0" classID="0x50" addr="0x3175410" id="0x5ED3750">
      <staticProperties>
        <property name="owner" type="EntityHandle" container="StaticArray" arraySize="1">
          <containerEntry>0x31753A0</containerEntry>
        </property>
        <property name="transform_scale" type="Vector3" container="StaticArray" arraySize="1">
          <containerEntry x="1" y="1" z="1" w="0"></containerEntry>
        </property>
        <property name="transform_rotation_quat" type="Quat" container="StaticArray" arraySize="1">
          <containerEntry x="0.068373" y="-0.000757" z="-0.037001" w="0.996973"></containerEntry>
        </property>
        <property name="transform_translation" type="Vector3" container="StaticArray" arraySize="1">
          <containerEntry x="530.67676" y="358.554" z="464.5454" w="0"></containerEntry>
        </property>
      </staticProperties>
      <dynamicProperties></dynamicProperties>
    </entity>
    <entity class="StaticModel" classVersion="9" classID="0x160" addr="0x3176520" id="0x5ED37A7">
      <staticProperties>
        <property name="name" type="String" container="StaticArray" arraySize="1">
          <containerEntry>afgh_tree011_vrtn001_0005</containerEntry>
        </property>
        <property name="dataSet" type="EntityHandle" container="StaticArray" arraySize="1">
          <containerEntry>0x33038F0</containerEntry>
        </property>
        <property name="parent" type="EntityHandle" container="StaticArray" arraySize="1">
          <containerEntry>0x0</containerEntry>
        </property>
        <property name="transform" type="EntityPtr" container="StaticArray" arraySize="1">
          <containerEntry>0x3176590</containerEntry>
        </property>
        <property name="shearTransform" type="EntityPtr" container="StaticArray" arraySize="1">
          <containerEntry>0x0</containerEntry>
        </property>
        <property name="pivotTransform" type="EntityPtr" container="StaticArray" arraySize="1">
          <containerEntry>0x0</containerEntry>
        </property>
        <property name="children" type="EntityHandle" container="List"></property>
        <property name="flags" type="UInt32" container="StaticArray" arraySize="1">
          <containerEntry>2147483655</containerEntry>
        </property>
        <property name="modelFile" type="FilePtr" container="StaticArray" arraySize="1">
          <containerEntry>/Assets/tpp/environ/object/afghanistan/tree/afgh_tree011/scenes/afgh_tree011_vrtn001.fmdl</containerEntry>
        </property>
        <property name="geomFile" type="FilePtr" container="StaticArray" arraySize="1">
          <containerEntry>/Assets/tpp/environ/object/afghanistan/tree/afgh_tree011/scenes/afgh_tree011_vrtn001.geom</containerEntry>
        </property>
        <property name="isVisibleGeom" type="Bool" container="StaticArray" arraySize="1">
          <containerEntry>false</containerEntry>
        </property>
        <property name="isIsolated" type="Bool" container="StaticArray" arraySize="1">
          <containerEntry>false</containerEntry>
        </property>
        <property name="lodFarSize" type="Float" container="StaticArray" arraySize="1">
          <containerEntry>-1</containerEntry>
        </property>
        <property name="lodNearSize" type="Float" container="StaticArray" arraySize="1">
          <containerEntry>-1</containerEntry>
        </property>
        <property name="lodPolygonSize" type="Float" container="StaticArray" arraySize="1">
          <containerEntry>-1</containerEntry>
        </property>
        <property name="color" type="Color" container="StaticArray" arraySize="1">
          <containerEntry r="1" g="1" b="1" a="1"></containerEntry>
        </property>
        <property name="drawRejectionLevel" type="Int32" container="StaticArray" arraySize="1">
          <containerEntry>8</containerEntry>
        </property>
        <property name="drawMode" type="Int32" container="StaticArray" arraySize="1">
          <containerEntry>0</containerEntry>
        </property>
        <property name="rejectFarRangeShadowCast" type="Int32" container="StaticArray" arraySize="1">
          <containerEntry>2</containerEntry>
        </property>
      </staticProperties>
      <dynamicProperties></dynamicProperties>
    </entity>
    <entity class="TransformEntity" classVersion="0" classID="0x50" addr="0x3176590" id="0x5ED37AA">
      <staticProperties>
        <property name="owner" type="EntityHandle" container="StaticArray" arraySize="1">
          <containerEntry>0x3176520</containerEntry>
        </property>
        <property name="transform_scale" type="Vector3" container="StaticArray" arraySize="1">
          <containerEntry x="1" y="1" z="1" w="0"></containerEntry>
        </property>
        <property name="transform_rotation_quat" type="Quat" container="StaticArray" arraySize="1">
          <containerEntry x="-0.003015" y="0.054802" z="0.031966" w="0.997981"></containerEntry>
        </property>
        <property name="transform_translation" type="Vector3" container="StaticArray" arraySize="1">
          <containerEntry x="631.44855" y="387.95975" z="494.3556" w="0"></containerEntry>
        </property>
      </staticProperties>
      <dynamicProperties></dynamicProperties>
    </entity>
    <entity class="StaticModelArray" classVersion="4" classID="0xD0" addr="0x317FAC0" id="0x0">
      <staticProperties>
        <property name="name" type="String" container="StaticArray" arraySize="1">
          <containerEntry>StaticModelArray0000</containerEntry>
        </property>
        <property name="dataSet" type="EntityHandle" container="StaticArray" arraySize="1">
          <containerEntry>0x33038F0</containerEntry>
        </property>
        <property name="modelFile" type="FilePtr" container="StaticArray" arraySize="1">
          <containerEntry>/Assets/tpp/environ/object/afghanistan/cliff/afgh_clff030/scenes/afgh_clff030_vrtn011.fmdl</containerEntry>
        </property>
        <property name="geomFile" type="FilePtr" container="StaticArray" arraySize="1">
          <containerEntry>/Assets/tpp/environ/object/afghanistan/cliff/afgh_clff030/scenes/afgh_clff030_vrtn011.geom</containerEntry>
        </property>
        <property name="isVisibleGeom" type="Bool" container="StaticArray" arraySize="1">
          <containerEntry>false</containerEntry>
        </property>
        <property name="lodFarSize" type="Float" container="StaticArray" arraySize="1">
          <containerEntry>-1</containerEntry>
        </property>
        <property name="lodNearSize" type="Float" container="StaticArray" arraySize="1">
          <containerEntry>-1</containerEntry>
        </property>
        <property name="lodPolygonSize" type="Float" container="StaticArray" arraySize="1">
          <containerEntry>-1</containerEntry>
        </property>
        <property name="drawRejectionLevel" type="Int32" container="StaticArray" arraySize="1">
          <containerEntry>8</containerEntry>
        </property>
        <property name="drawMode" type="Int32" container="StaticArray" arraySize="1">
          <containerEntry>0</containerEntry>
        </property>
        <property name="rejectFarRangeShadowCast" type="Int32" container="StaticArray" arraySize="1">
          <containerEntry>2</containerEntry>
        </property>
        <property name="parentLocator" type="EntityLink" container="StaticArray" arraySize="1">
          <containerEntry packagePathHash="0xB8A0BF169F98" archivePathHash="0xB8A0BF169F98" nameInArchiveHash="0xB8A0BF169F98">0x0</containerEntry>
        </property>
        <property name="transforms" type="Matrix4" container="DynamicArray" arraySize="2">
          <containerEntry r11="0.82018507" r12="0.3676772" r13="0.43830356" r14="0" r21="-0.4238854" r22="0.90507877" r23="0.03396649" r24="0" r31="-0.3842105" r32="-0.21364927" r33="0.898185" r34="0" r41="538.172" r42="359.26184" r43="480.01877" r44="1"></containerEntry>
          <containerEntry r11="0.8849816" r12="0.18529706" r13="0.427168" r14="0" r21="-0.28843468" r22="0.93835306" r23="0.19052285" r24="0" r31="-0.36553103" r32="-0.29181933" r33="0.88387126" r34="0" r41="524.80383" r42="351.71732" r43="496.40793" r44="1"></containerEntry>
        </property>
        <property name="colors" type="UInt32" container="DynamicArray" arraySize="2">
          <containerEntry>4294967295</containerEntry>
          <containerEntry>4294967295</containerEntry>
        </property>
      </staticProperties>
      <dynamicProperties></dynamicProperties>
    </entity>
    <entity class="StaticModelArray" classVersion="4" classID="0xD0" addr="0x317FB30" id="0x0">
      <staticProperties>
        <property name="name" type="String" container="StaticArray" arraySize="1">
          <containerEntry>StaticModelArray0001</containerEntry>
        </property>
        <property name="dataSet" type="EntityHandle" container="StaticArray" arraySize="1">
          <containerEntry>0x33038F0</containerEntry>
        </property>
        <property name="modelFile" type="FilePtr" container="StaticArray" arraySize="1">
          <containerEntry>/Assets/tpp/environ/object/afghanistan/rock/afgh_rock011/scenes/afgh_rock011.fmdl</containerEntry>
        </property>
        <property name="geomFile" type="FilePtr" container="StaticArray" arraySize="1">
          <containerEntry>/Assets/tpp/environ/object/afghanistan/rock/afgh_rock011/scenes/afgh_rock011.geom</containerEntry>
        </property>
        <property name="isVisibleGeom" type="Bool" container="StaticArray" arraySize="1">
          <containerEntry>false</containerEntry>
        </property>
        <property name="lodFarSize" type="Float" container="StaticArray" arraySize="1">
          <containerEntry>-1</containerEntry>
        </property>
        <property name="lodNearSize" type="Float" container="StaticArray" arraySize="1">
          <containerEntry>-1</containerEntry>
        </property>
        <property name="lodPolygonSize" type="Float" container="StaticArray" arraySize="1">
          <containerEntry>-1</containerEntry>
        </property>
        <property name="drawRejectionLevel" type="Int32" container="StaticArray" arraySize="1">
          <containerEntry>8</containerEntry>
        </property>
        <property name="drawMode" type="Int32" container="StaticArray" arraySize="1">
          <containerEntry>0</containerEntry>
        </property>
        <property name="rejectFarRangeShadowCast" type="Int32" container="StaticArray" arraySize="1">
          <containerEntry>2</containerEntry>
        </property>
        <property name="parentLocator" type="EntityLink" container="StaticArray" arraySize="1">
          <containerEntry packagePathHash="0xB8A0BF169F98" archivePathHash="0xB8A0BF169F98" nameInArchiveHash="0xB8A0BF169F98">0x0</containerEntry>
        </property>
        <property name="transforms" type="Matrix4" container="DynamicArray" arraySize="7">
          <containerEntry r11="0.9405036" r12="-0.14480217" r13="0.3073846" r14="0" r21="0.08031049" r22="0.97374904" r23="0.21298604" r24="0" r31="-0.33015633" r32="-0.1756279" r33="0.9274436" r34="0" r41="548.7522" r42="360.4532" r43="400.2318" r44="1"></containerEntry>
          <containerEntry r11="-0.97959584" r12="0.0376108" r13="0.19742696" r14="0" r21="0.0803115" r22="0.97374874" r23="0.21298686" r24="0" r31="-0.18423365" r32="0.22449669" r33="-0.95690084" r34="0" r41="515.2279" r42="361.6997" r43="430.86044" r44="1"></containerEntry>
          <containerEntry r11="0.9439259" r12="-0.060742155" r13="0.32452148" r14="0" r21="0.037095614" r22="0.9962183" r23="0.07856776" r24="0" r31="-0.32806665" r32="-0.06212381" r33="0.9426096" r34="0" r41="525.004" r42="369.66022" r43="407.70178" r44="1"></containerEntry>
          <containerEntry r11="0.86118716" r12="-0.3390404" r13="0.37869257" r14="0" r21="0.27357095" r22="0.9370908" r23="0.21684021" r24="0" r31="-0.42838693" r32="-0.08314061" r33="0.8997623" r34="0" r41="499.35425" r42="376.94586" r43="413.77835" r44="1"></containerEntry>
          <containerEntry r11="0.18971765" r12="-0.10799326" r13="1.2307879" r14="0" r21="0.12169437" r22="1.2407942" r23="0.09011291" r24="0" r31="-1.2295088" r32="0.1061476" r33="0.19883424" r34="0" r41="537.9812" r42="383.0273" r43="373.8008" r44="1"></containerEntry>
          <containerEntry r11="-0.6048902" r12="0.19806467" r13="-1.0758097" r14="0" r21="0.0651837" r22="1.2336811" r23="0.1904787" r24="0" r31="1.0919465" r32="0.036075342" r33="-0.60732174" r34="0" r41="534.2486" r42="383.79422" r43="378.68243" r44="1"></containerEntry>
          <containerEntry r11="-0.8920297" r12="-0.049732685" r13="0.44922975" r14="0" r21="-0.10740957" r22="0.9887796" r23="-0.10381761" r24="0" r31="-0.4390261" r32="-0.14086011" r33="-0.8873625" r34="0" r41="477.93054" r42="379.33804" r43="398.85278" r44="1"></containerEntry>
        </property>
        <property name="colors" type="UInt32" container="DynamicArray" arraySize="7">
          <containerEntry>4294967295</containerEntry>
          <containerEntry>4294967295</containerEntry>
          <containerEntry>4294967295</containerEntry>
          <containerEntry>4294967295</containerEntry>
          <containerEntry>4294967295</containerEntry>
          <containerEntry>4294967295</containerEntry>
          <containerEntry>4294967295</containerEntry>
        </property>
      </staticProperties>
      <dynamicProperties></dynamicProperties>
    </entity>
    <entity class="StaticModelArray" classVersion="4" classID="0xD0" addr="0x317FBA0" id="0x0">
      <staticProperties>
        <property name="name" type="String" container="StaticArray" arraySize="1">
          <containerEntry>StaticModelArray0002</containerEntry>
        </property>
        <property name="dataSet" type="EntityHandle" container="StaticArray" arraySize="1">
          <containerEntry>0x33038F0</containerEntry>
        </property>
        <property name="modelFile" type="FilePtr" container="StaticArray" arraySize="1">
          <containerEntry>/Assets/tpp/environ/object/afghanistan/cliff/afgh_clff022/scenes/afgh_clff022_vrtn003.fmdl</containerEntry>
        </property>
        <property name="geomFile" type="FilePtr" container="StaticArray" arraySize="1">
          <containerEntry>/Assets/tpp/environ/object/afghanistan/cliff/afgh_clff022/scenes/afgh_clff022_vrtn003.geom</containerEntry>
        </property>
        <property name="isVisibleGeom" type="Bool" container="StaticArray" arraySize="1">
          <containerEntry>false</containerEntry>
        </property>
        <property name="lodFarSize" type="Float" container="StaticArray" arraySize="1">
          <containerEntry>-1</containerEntry>
        </property>
        <property name="lodNearSize" type="Float" container="StaticArray" arraySize="1">
          <containerEntry>-1</containerEntry>
        </property>
        <property name="lodPolygonSize" type="Float" container="StaticArray" arraySize="1">
          <containerEntry>-1</containerEntry>
        </property>
        <property name="drawRejectionLevel" type="Int32" container="StaticArray" arraySize="1">
          <containerEntry>8</containerEntry>
        </property>
        <property name="drawMode" type="Int32" container="StaticArray" arraySize="1">
          <containerEntry>0</containerEntry>
        </property>
        <property name="rejectFarRangeShadowCast" type="Int32" container="StaticArray" arraySize="1">
          <containerEntry>2</containerEntry>
        </property>
        <property name="parentLocator" type="EntityLink" container="StaticArray" arraySize="1">
          <containerEntry packagePathHash="0xB8A0BF169F98" archivePathHash="0xB8A0BF169F98" nameInArchiveHash="0xB8A0BF169F98">0x0</containerEntry>
        </property>
        <property name="transforms" type="Matrix4" container="DynamicArray" arraySize="6">
          <containerEntry r11="0.47955883" r12="-0.064672776" r13="-0.8751214" r14="0" r21="0.03659989" r22="0.9978867" r23="-0.0536888" r24="0" r31="0.8767442" r32="-0.0062825996" r33="0.4809124" r34="0" r41="567.54865" r42="380.03308" r43="430.43445" r44="1"></containerEntry>
          <containerEntry r11="0.72118866" r12="-0.06467179" r13="0.68971217" r14="0" r21="0.04238718" r22="0.9978868" r23="0.049246505" r24="0" r31="-0.6914395" r32="-0.0062809456" r33="0.7224059" r34="0" r41="576.28546" r42="369.3086" r43="410.25153" r44="1"></containerEntry>
          <containerEntry r11="0.23671937" r12="-0.06467244" r13="-0.9694201" r14="0" r21="0.021456216" r22="0.9978868" r23="-0.061332025" r24="0" r31="0.9713379" r32="-0.0062818844" r33="0.23760676" r34="0" r41="539.495" r42="372.195" r43="453.857" r44="1"></containerEntry>
          <containerEntry r11="0.94510424" r12="-0.06467364" r13="0.3203045" r14="0" r21="0.059229434" r22="0.99788666" r23="0.026721327" r24="0" r31="-0.32135576" r32="-0.0062829424" r33="0.94693756" r34="0" r41="579.104" r42="384.971" r43="444.205" r44="1"></containerEntry>
          <containerEntry r11="0.47955674" r12="-0.064672805" r13="-0.87512314" r14="0" r21="0.03659986" r22="0.9978867" r23="-0.05368886" r24="0" r31="0.87674594" r32="-0.0062826592" r33="0.4809103" r34="0" r41="536.7709" r42="372.56747" r43="396.0612" r44="1"></containerEntry>
          <containerEntry r11="0.7163294" r12="-0.061128873" r13="0.6950788" r14="0" r21="0.059228826" r22="0.9978868" r23="0.026719768" r24="0" r31="-0.6952433" r32="0.022028629" r33="0.7184362" r34="0" r41="545.59607" r42="375.96005" r43="443.824" r44="1"></containerEntry>
        </property>
        <property name="colors" type="UInt32" container="DynamicArray" arraySize="6">
          <containerEntry>4294967295</containerEntry>
          <containerEntry>4294967295</containerEntry>
          <containerEntry>4294967295</containerEntry>
          <containerEntry>4294967295</containerEntry>
          <containerEntry>4294967295</containerEntry>
          <containerEntry>4294967295</containerEntry>
        </property>
      </staticProperties>
      <dynamicProperties></dynamicProperties>
    </entity>
    <entity class="StaticModelArray" classVersion="4" classID="0xD0" addr="0x317FC10" id="0x0">
      <staticProperties>
        <property name="name" type="String" container="StaticArray" arraySize="1">
          <containerEntry>StaticModelArray0003</containerEntry>
        </property>
        <property name="dataSet" type="EntityHandle" container="StaticArray" arraySize="1">
          <containerEntry>0x33038F0</containerEntry>
        </property>
        <property name="modelFile" type="FilePtr" container="StaticArray" arraySize="1">
          <containerEntry>/Assets/tpp/environ/object/afghanistan/rock/afgh_rock009/scenes/afgh_rock009_rock001.fmdl</containerEntry>
        </property>
        <property name="geomFile" type="FilePtr" container="StaticArray" arraySize="1">
          <containerEntry>/Assets/tpp/environ/object/afghanistan/rock/afgh_rock009/scenes/afgh_rock009_rock001.geom</containerEntry>
        </property>
        <property name="isVisibleGeom" type="Bool" container="StaticArray" arraySize="1">
          <containerEntry>false</containerEntry>
        </property>
        <property name="lodFarSize" type="Float" container="StaticArray" arraySize="1">
          <containerEntry>-1</containerEntry>
        </property>
        <property name="lodNearSize" type="Float" container="StaticArray" arraySize="1">
          <containerEntry>-1</containerEntry>
        </property>
        <property name="lodPolygonSize" type="Float" container="StaticArray" arraySize="1">
          <containerEntry>-1</containerEntry>
        </property>
        <property name="drawRejectionLevel" type="Int32" container="StaticArray" arraySize="1">
          <containerEntry>8</containerEntry>
        </property>
        <property name="drawMode" type="Int32" container="StaticArray" arraySize="1">
          <containerEntry>0</containerEntry>
        </property>
        <property name="rejectFarRangeShadowCast" type="Int32" container="StaticArray" arraySize="1">
          <containerEntry>2</containerEntry>
        </property>
        <property name="parentLocator" type="EntityLink" container="StaticArray" arraySize="1">
          <containerEntry packagePathHash="0xB8A0BF169F98" archivePathHash="0xB8A0BF169F98" nameInArchiveHash="0xB8A0BF169F98">0x0</containerEntry>
        </property>
        <property name="transforms" type="Matrix4" container="DynamicArray" arraySize="26">
          <containerEntry r11="-0.9788245" r12="0.20316063" r13="-0.025108185" r14="0" r21="0.20025595" r22="0.97575015" r23="0.08836968" r24="0" r31="0.042452548" r32="0.081470266" r33="-0.9957723" r34="0" r41="527.26825" r42="351.181" r43="505.38074" r44="1"></containerEntry>
          <containerEntry r11="-0.117076986" r12="-0.9928053" r13="-0.025109012" r14="0" r21="-0.9894907" r22="0.11445135" r23="0.08836883" r24="0" r31="-0.0848593" r32="0.0351911" r33="-0.9957711" r34="0" r41="522.989" r42="349.361" r43="503.004" r44="1"></containerEntry>
          <containerEntry r11="-0.9788245" r12="0.20316063" r13="-0.025108185" r14="0" r21="0.20025595" r22="0.97575015" r23="0.08836968" r24="0" r31="0.042452548" r32="0.081470266" r33="-0.9957723" r34="0" r41="536.073" r42="356.625" r43="489.289" r44="1"></containerEntry>
          <containerEntry r11="0.96416134" r12="-0.16114384" r13="0.21077392" r14="0" r21="-0.12774229" r22="-0.9782306" r23="-0.16354772" r24="0" r31="0.23254007" r32="0.13076165" r33="-0.963757" r34="0" r41="521.6083" r42="352.72177" r43="478.06592" r44="1"></containerEntry>
          <containerEntry r11="-0.36644703" r12="-0.92601025" r13="-0.090672694" r14="0" r21="0.8886839" r22="-0.3194703" r23="-0.32890671" r24="0" r31="0.27560374" r32="-0.20110627" r33="0.9399994" r34="0" r41="524.861" r42="353.865" r43="484.294" r44="1"></containerEntry>
          <containerEntry r11="-0.2876067" r12="0.20008853" r13="-0.9366153" r14="0" r21="0.27877608" r22="0.953079" r23="0.11800206" r24="0" r31="0.91627914" r32="-0.2271677" r33="-0.32989174" r34="0" r41="532.2046" r42="360.75333" r43="419.48804" r44="1"></containerEntry>
          <containerEntry r11="-0.38109756" r12="-0.17730942" r13="-0.90737236" r14="0" r21="-0.8772063" r22="-0.24063975" r23="0.41545182" r24="0" r31="-0.29201403" r32="0.95428115" r33="-0.063828886" r34="0" r41="546.48956" r42="360.8233" r43="428.33978" r44="1"></containerEntry>
          <containerEntry r11="0.14769071" r12="-0.66173697" r13="-0.7350453" r14="0" r21="0.9606565" r22="0.27273053" r23="-0.052508146" r24="0" r31="0.23521586" r32="-0.69837105" r33="0.67598176" r34="0" r41="546.2349" r42="361.61923" r43="406.69318" r44="1"></containerEntry>
          <containerEntry r11="0.93188274" r12="0.3402068" r13="-0.1259118" r14="0" r21="0.33062518" r22="-0.6537063" r23="0.6807007" r24="0" r31="0.1492697" r32="-0.67596287" r33="-0.7216586" r34="0" r41="585.3504" r42="360.9004" r43="391.24167" r44="1"></containerEntry>
          <containerEntry r11="0.2612837" r12="-0.724206" r13="0.6381671" r14="0" r21="0.44894326" r22="-0.49409944" r23="-0.7445247" r24="0" r31="0.85450655" r32="0.4810331" r33="0.19602658" r34="0" r41="528.34814" r42="359.76492" r43="452.63522" r44="1"></containerEntry>
          <containerEntry r11="0.4841021" r12="-0.7518666" r13="0.44759607" r14="0" r21="-0.3970828" r22="-0.6445968" r23="-0.6533159" r24="0" r31="0.77972484" r32="0.13853917" r33="-0.6106042" r34="0" r41="523.07666" r42="361.84067" r43="427.80057" r44="1"></containerEntry>
          <containerEntry r11="0.11150706" r12="-0.27601057" r13="0.9546648" r14="0" r21="-0.4483701" r22="-0.8712928" r23="-0.19953534" r24="0" r31="0.88686585" r32="-0.40579334" r33="-0.2209107" r34="0" r41="561.6502" r42="362.59344" r43="414.26205" r44="1"></containerEntry>
          <containerEntry r11="-0.4887048" r12="-0.2254391" r13="-0.84281623" r14="0" r21="-0.8526741" r22="0.32791927" r23="0.40671042" r24="0" r31="0.18468603" r32="0.91741145" r33="-0.3524803" r34="0" r41="559.14056" r42="362.4278" r43="416.43866" r44="1"></containerEntry>
          <containerEntry r11="-0.937198" r12="-0.27064946" r13="-0.22001621" r14="0" r21="0.20140395" r22="-0.93492043" r23="0.29216194" r24="0" r31="-0.28477135" r32="0.22950166" r33="0.93071705" r34="0" r41="538.15" r42="361.54013" r43="414.06265" r44="1"></containerEntry>
          <containerEntry r11="-0.5637293" r12="-0.67538905" r13="-0.47545302" r14="0" r21="0.782706" r22="-0.6206588" r23="-0.04637316" r24="0" r31="-0.26377493" r32="-0.39828232" r33="0.8785179" r34="0" r41="530.89453" r42="370.74396" r43="410.42905" r44="1"></containerEntry>
          <containerEntry r11="-0.9335388" r12="-0.123800606" r13="-0.33642012" r14="0" r21="0.10948303" r22="-0.9920978" r23="0.06127949" r24="0" r31="-0.3413481" r32="0.020374497" r33="0.93971604" r34="0" r41="516.8529" r42="370.44443" r43="422.0622" r44="1"></containerEntry>
          <containerEntry r11="0.05645866" r12="0.3141885" r13="-0.94767946" r14="0" r21="-0.024145901" r22="0.94934636" r23="0.31330237" r24="0" r31="0.99811214" r32="0.005194217" r33="0.06118524" r34="0" r41="520.14185" r42="373.30377" r43="402.08383" r44="1"></containerEntry>
          <containerEntry r11="0.5708245" r12="-0.7363953" r13="-0.36315346" r14="0" r21="-0.7543519" r22="-0.64499676" r23="0.12218411" r24="0" r31="-0.32420933" r32="0.20420016" r33="-0.923681" r34="0" r41="512.699" r42="349.361" r43="503.004" r44="1"></containerEntry>
          <containerEntry r11="0.18833625" r12="-0.912061" r13="0.3642459" r14="0" r21="-0.20667052" r22="0.3257713" r23="0.9225838" r24="0" r31="-0.9601133" r32="-0.24903521" r33="-0.12714177" r34="0" r41="525.1648" r42="375.15588" r43="393.84998" r44="1"></containerEntry>
          <containerEntry r11="0.67105454" r12="-0.74133366" r13="-0.010503199" r14="0" r21="-0.7413992" r22="-0.6710485" r23="-0.0046280418" r24="0" r31="-0.0036172317" r32="0.010892731" r33="-0.9999344" r34="0" r41="546.89" r42="382.70255" r43="368.5424" r44="1"></containerEntry>
          <containerEntry r11="-0.6948107" r12="-0.052752066" r13="-0.71725565" r14="0" r21="-0.1124215" r22="-0.9770802" r23="0.1807649" r24="0" r31="-0.7103519" r32="0.2062323" r33="0.6729551" r34="0" r41="542.4774" r42="374.46826" r43="445.08133" r44="1"></containerEntry>
          <containerEntry r11="-0.32349283" r12="0.9442521" r13="-0.06114669" r14="0" r21="-0.83839434" r22="-0.25606793" r23="0.4811681" r24="0" r31="0.43868643" r32="0.20691986" r33="0.8744931" r34="0" r41="577.6184" r42="383.3653" r43="446.68985" r44="1"></containerEntry>
          <containerEntry r11="0.91140014" r12="-0.411391" r13="-0.010353312" r14="0" r21="0.40665427" r22="0.904194" r23="-0.13063492" r24="0" r31="0.06310343" r32="0.11485048" r33="0.99137646" r34="0" r41="564.8983" r42="375.94318" r43="451.51773" r44="1"></containerEntry>
          <containerEntry r11="-0.26854563" r12="0.7902394" r13="0.5508212" r14="0" r21="0.39023513" r22="0.6120516" r23="-0.6878292" r24="0" r31="-0.8806808" r32="0.030235946" r33="-0.47274292" r34="0" r41="564.3772" r42="376.9951" r43="467.6857" r44="1"></containerEntry>
          <containerEntry r11="-0.4646443" r12="-0.3296547" r13="-0.82184386" r14="0" r21="0.2469695" r22="-0.9395311" r23="0.23723248" r24="0" r31="-0.8503562" r32="-0.09274137" r33="0.51796854" r34="0" r41="569.4066" r42="374.83337" r43="421.7928" r44="1"></containerEntry>
          <containerEntry r11="-0.2744792" r12="0.947683" r13="-0.16295037" r14="0" r21="-0.5757705" r22="-0.29769516" r23="-0.76148576" r24="0" r31="-0.7701585" r32="-0.11519182" r33="0.6273636" r34="0" r41="575.8389" r42="378.6433" r43="431.61063" r44="1"></containerEntry>
        </property>
        <property name="colors" type="UInt32" container="DynamicArray" arraySize="26">
          <containerEntry>4294967295</containerEntry>
          <containerEntry>4294967295</containerEntry>
          <containerEntry>4294967295</containerEntry>
          <containerEntry>4294967295</containerEntry>
          <containerEntry>4294967295</containerEntry>
          <containerEntry>4294967295</containerEntry>
          <containerEntry>4294967295</containerEntry>
          <containerEntry>4294967295</containerEntry>
          <containerEntry>4294967295</containerEntry>
          <containerEntry>4294967295</containerEntry>
          <containerEntry>4294967295</containerEntry>
          <containerEntry>4294967295</containerEntry>
          <containerEntry>4294967295</containerEntry>
          <containerEntry>4294967295</containerEntry>
          <containerEntry>4294967295</containerEntry>
          <containerEntry>4294967295</containerEntry>
          <containerEntry>4294967295</containerEntry>
          <containerEntry>4294967295</containerEntry>
          <containerEntry>4294967295</containerEntry>
          <containerEntry>4294967295</containerEntry>
          <containerEntry>4294967295</containerEntry>
          <containerEntry>4294967295</containerEntry>
          <containerEntry>4294967295</containerEntry>
          <containerEntry>4294967295</containerEntry>
          <containerEntry>4294967295</containerEntry>
          <containerEntry>4294967295</containerEntry>
        </property>
      </staticProperties>
      <dynamicProperties></dynamicProperties>
    </entity>
    <entity class="StaticModelArray" classVersion="4" classID="0xD0" addr="0x317F740" id="0x0">
      <staticProperties>
        <property name="name" type="String" container="StaticArray" arraySize="1">
          <containerEntry>StaticModelArray0004</containerEntry>
        </property>
        <property name="dataSet" type="EntityHandle" container="StaticArray" arraySize="1">
          <containerEntry>0x33038F0</containerEntry>
        </property>
        <property name="modelFile" type="FilePtr" container="StaticArray" arraySize="1">
          <containerEntry>/Assets/tpp/environ/object/afghanistan/rock/afgh_rock009/scenes/afgh_rock009_rock002.fmdl</containerEntry>
        </property>
        <property name="geomFile" type="FilePtr" container="StaticArray" arraySize="1">
          <containerEntry>/Assets/tpp/environ/object/afghanistan/rock/afgh_rock009/scenes/afgh_rock009_rock002.geom</containerEntry>
        </property>
        <property name="isVisibleGeom" type="Bool" container="StaticArray" arraySize="1">
          <containerEntry>false</containerEntry>
        </property>
        <property name="lodFarSize" type="Float" container="StaticArray" arraySize="1">
          <containerEntry>-1</containerEntry>
        </property>
        <property name="lodNearSize" type="Float" container="StaticArray" arraySize="1">
          <containerEntry>-1</containerEntry>
        </property>
        <property name="lodPolygonSize" type="Float" container="StaticArray" arraySize="1">
          <containerEntry>-1</containerEntry>
        </property>
        <property name="drawRejectionLevel" type="Int32" container="StaticArray" arraySize="1">
          <containerEntry>8</containerEntry>
        </property>
        <property name="drawMode" type="Int32" container="StaticArray" arraySize="1">
          <containerEntry>0</containerEntry>
        </property>
        <property name="rejectFarRangeShadowCast" type="Int32" container="StaticArray" arraySize="1">
          <containerEntry>2</containerEntry>
        </property>
        <property name="parentLocator" type="EntityLink" container="StaticArray" arraySize="1">
          <containerEntry packagePathHash="0xB8A0BF169F98" archivePathHash="0xB8A0BF169F98" nameInArchiveHash="0xB8A0BF169F98">0x0</containerEntry>
        </property>
        <property name="transforms" type="Matrix4" container="DynamicArray" arraySize="3">
          <containerEntry r11="0.90630746" r12="0" r13="-0.42261901" r14="0" r21="0" r22="1" r23="0" r24="0" r31="0.42261901" r32="0" r33="0.90630746" r34="0" r41="513.727" r42="350.143" r43="496.934" r44="1"></containerEntry>
          <containerEntry r11="0.051780105" r12="0.93611634" r13="-0.34785628" r14="0" r21="-0.99240327" r22="0.08715698" r23="0.08682421" r24="0" r31="0.111595556" r32="0.34071818" r33="0.9335189" r34="0" r41="521.2962" r42="349.833" r43="503.173" r44="1"></containerEntry>
          <containerEntry r11="0.75444496" r12="-0.37126362" r13="0.54127234" r14="0" r21="0.019470558" r22="-0.8116306" r23="-0.58384407" r24="0" r31="0.6560742" r32="0.451017" r33="-0.6051016" r34="0" r41="522.32794" r42="357.0822" r43="458.70444" r44="1"></containerEntry>
        </property>
        <property name="colors" type="UInt32" container="DynamicArray" arraySize="3">
          <containerEntry>4294967295</containerEntry>
          <containerEntry>4294967295</containerEntry>
          <containerEntry>4294967295</containerEntry>
        </property>
      </staticProperties>
      <dynamicProperties></dynamicProperties>
    </entity>
    <entity class="StaticModelArray" classVersion="4" classID="0xD0" addr="0x317F660" id="0x0">
      <staticProperties>
        <property name="name" type="String" container="StaticArray" arraySize="1">
          <containerEntry>StaticModelArray0005</containerEntry>
        </property>
        <property name="dataSet" type="EntityHandle" container="StaticArray" arraySize="1">
          <containerEntry>0x33038F0</containerEntry>
        </property>
        <property name="modelFile" type="FilePtr" container="StaticArray" arraySize="1">
          <containerEntry>/Assets/tpp/environ/object/afghanistan/rock/afgh_rock006/scenes/afgh_rock006.fmdl</containerEntry>
        </property>
        <property name="geomFile" type="FilePtr" container="StaticArray" arraySize="1">
          <containerEntry>/Assets/tpp/environ/object/afghanistan/rock/afgh_rock006/scenes/afgh_rock006.geom</containerEntry>
        </property>
