<fox formatVersion="2" fileVersion="0">
  <entities>
    <entity class="DataSet" classVersion="0" classID="0xE8" addr="0x3353180" id="0x1888B5">
      <staticProperties>
        <property name="name" type="String" container="StaticArray" arraySize="1">
          <containerEntry hash="0xB8A0BF169F98"></containerEntry>
        </property>
        <property name="dataSet" type="EntityHandle" container="StaticArray" arraySize="1">
          <containerEntry>0x0</containerEntry>
        </property>
        <property name="dataList" type="EntityPtr" container="StringMap" arraySize="15">
          <containerEntry key="afgh_clff030_vrtn011_0001">
            <data>0x317C020</data>
          </containerEntry>
          <containerEntry key="afgh_clff035_vrtn003_0009">
            <data>0x317C640</data>
          </containerEntry>
          <containerEntry key="StaticModelArray0000">
            <data>0x3350F60</data>
          </containerEntry>
          <containerEntry key="StaticModelArray0001">
            <data>0x3350FD0</data>
          </containerEntry>
          <containerEntry key="StaticModelArray0002">
            <data>0x3351040</data>
          </containerEntry>
          <containerEntry key="StaticModelArray0003">
            <data>0x33506A0</data>
          </containerEntry>
          <containerEntry key="StaticModelArray0004">
            <data>0x3350400</data>
          </containerEntry>
          <containerEntry key="StaticModelArray0005">
            <data>0x3350470</data>
          </containerEntry>
          <containerEntry key="StaticModelArray0006">
            <data>0x317D7C0</data>
          </containerEntry>
          <containerEntry key="StaticModelArray0007">
            <data>0x3350240</data>
          </containerEntry>
          <containerEntry key="StaticModelArray0008">
            <data>0x33502B0</data>
          </containerEntry>
          <containerEntry key="StaticModelArray0009">
            <data>0x33504E0</data>
          </containerEntry>
          <containerEntry key="StaticModelArray0010">
            <data>0x3350390</data>
          </containerEntry>
          <containerEntry key="StaticModelArray0011">
            <data>0x3350550</data>
          </containerEntry>
          <containerEntry key="TexturePackLoadConditioner0000">
            <data>0x3350E10</data>
          </containerEntry>
        </property>
      </staticProperties>
      <dynamicProperties></dynamicProperties>
    </entity>
    <entity class="StaticModel" classVersion="9" classID="0x160" addr="0x317C020" id="0x188B9D">
      <staticProperties>
        <property name="name" type="String" container="StaticArray" arraySize="1">
          <containerEntry>afgh_clff030_vrtn011_0001</containerEntry>
        </property>
        <property name="dataSet" type="EntityHandle" container="StaticArray" arraySize="1">
          <containerEntry>0x3353180</containerEntry>
        </property>
        <property name="parent" type="EntityHandle" container="StaticArray" arraySize="1">
          <containerEntry>0x0</containerEntry>
        </property>
        <property name="transform" type="EntityPtr" container="StaticArray" arraySize="1">
          <containerEntry>0x317C090</containerEntry>
        </property>
        <property name="shearTransform" type="EntityPtr" container="StaticArray" arraySize="1">
          <containerEntry>0x0</containerEntry>
        </property>
        <property name="pivotTransform" type="EntityPtr" container="StaticArray" arraySize="1">
          <containerEntry>0x0</containerEntry>
        </property>
        <property name="children" type="EntityHandle" container="List"></property>
        <property name="flags" type="UInt32" container="StaticArray" arraySize="1">
          <containerEntry>7</containerEntry>
        </property>
        <property name="modelFile" type="FilePtr" container="StaticArray" arraySize="1">
          <containerEntry>/Assets/tpp/environ/object/afghanistan/cliff/afgh_clff030/scenes/afgh_clff030_vrtn011.fmdl</containerEntry>
        </property>
        <property name="geomFile" type="FilePtr" container="StaticArray" arraySize="1">
          <containerEntry>/Assets/tpp/environ/object/afghanistan/cliff/afgh_clff030/scenes/afgh_clff030_vrtn011.geom</containerEntry>
        </property>
        <property name="isVisibleGeom" type="Bool" container="StaticArray" arraySize="1">
          <containerEntry>false</containerEntry>
        </property>
        <property name="isIsolated" type="Bool" container="StaticArray" arraySize="1">
          <containerEntry>false</containerEntry>
        </property>
        <property name="lodFarSize" type="Float" container="StaticArray" arraySize="1">
          <containerEntry>-1</containerEntry>
        </property>
        <property name="lodNearSize" type="Float" container="StaticArray" arraySize="1">
          <containerEntry>-1</containerEntry>
        </property>
        <property name="lodPolygonSize" type="Float" container="StaticArray" arraySize="1">
          <containerEntry>-1</containerEntry>
        </property>
        <property name="color" type="Color" container="StaticArray" arraySize="1">
          <containerEntry r="1" g="1" b="1" a="1"></containerEntry>
        </property>
        <property name="drawRejectionLevel" type="Int32" container="StaticArray" arraySize="1">
          <containerEntry>8</containerEntry>
        </property>
        <property name="drawMode" type="Int32" container="StaticArray" arraySize="1">
          <containerEntry>0</containerEntry>
        </property>
        <property name="rejectFarRangeShadowCast" type="Int32" container="StaticArray" arraySize="1">
          <containerEntry>2</containerEntry>
        </property>
      </staticProperties>
      <dynamicProperties></dynamicProperties>
    </entity>
    <entity class="TransformEntity" classVersion="0" classID="0x50" addr="0x317C090" id="0x188BA0">
      <staticProperties>
        <property name="owner" type="EntityHandle" container="StaticArray" arraySize="1">
          <containerEntry>0x317C020</containerEntry>
        </property>
        <property name="transform_scale" type="Vector3" container="StaticArray" arraySize="1">
          <containerEntry x="1" y="1" z="1" w="0"></containerEntry>
        </property>
        <property name="transform_rotation_quat" type="Quat" container="StaticArray" arraySize="1">
          <containerEntry x="-0.040379" y="-0.565739" z="0.012325" w="-0.823501"></containerEntry>
        </property>
        <property name="transform_translation" type="Vector3" container="StaticArray" arraySize="1">
          <containerEntry x="-750.74615" y="307.4874" z="839.8231" w="0"></containerEntry>
        </property>
      </staticProperties>
      <dynamicProperties></dynamicProperties>
    </entity>
    <entity class="StaticModel" classVersion="9" classID="0x160" addr="0x317C640" id="0x188BBD">
      <staticProperties>
        <property name="name" type="String" container="StaticArray" arraySize="1">
          <containerEntry>afgh_clff035_vrtn003_0009</containerEntry>
        </property>
        <property name="dataSet" type="EntityHandle" container="StaticArray" arraySize="1">
          <containerEntry>0x3353180</containerEntry>
        </property>
        <property name="parent" type="EntityHandle" container="StaticArray" arraySize="1">
          <containerEntry>0x0</containerEntry>
        </property>
        <property name="transform" type="EntityPtr" container="StaticArray" arraySize="1">
          <containerEntry>0x317C6B0</containerEntry>
        </property>
        <property name="shearTransform" type="EntityPtr" container="StaticArray" arraySize="1">
          <containerEntry>0x0</containerEntry>
        </property>
        <property name="pivotTransform" type="EntityPtr" container="StaticArray" arraySize="1">
          <containerEntry>0x0</containerEntry>
        </property>
        <property name="children" type="EntityHandle" container="List"></property>
        <property name="flags" type="UInt32" container="StaticArray" arraySize="1">
          <containerEntry>7</containerEntry>
        </property>
        <property name="modelFile" type="FilePtr" container="StaticArray" arraySize="1">
          <containerEntry>/Assets/tpp/environ/object/afghanistan/cliff/afgh_clff035/scenes/afgh_clff035_vrtn003.fmdl</containerEntry>
        </property>
        <property name="geomFile" type="FilePtr" container="StaticArray" arraySize="1">
          <containerEntry>/Assets/tpp/environ/object/afghanistan/cliff/afgh_clff035/scenes/afgh_clff035_vrtn003.geom</containerEntry>
        </property>
        <property name="isVisibleGeom" type="Bool" container="StaticArray" arraySize="1">
          <containerEntry>false</containerEntry>
        </property>
        <property name="isIsolated" type="Bool" container="StaticArray" arraySize="1">
          <containerEntry>false</containerEntry>
        </property>
        <property name="lodFarSize" type="Float" container="StaticArray" arraySize="1">
          <containerEntry>-1</containerEntry>
        </property>
        <property name="lodNearSize" type="Float" container="StaticArray" arraySize="1">
          <containerEntry>-1</containerEntry>
        </property>
        <property name="lodPolygonSize" type="Float" container="StaticArray" arraySize="1">
          <containerEntry>-1</containerEntry>
        </property>
        <property name="color" type="Color" container="StaticArray" arraySize="1">
          <containerEntry r="1" g="1" b="1" a="1"></containerEntry>
        </property>
        <property name="drawRejectionLevel" type="Int32" container="StaticArray" arraySize="1">
          <containerEntry>8</containerEntry>
        </property>
        <property name="drawMode" type="Int32" container="StaticArray" arraySize="1">
          <containerEntry>0</containerEntry>
        </property>
        <property name="rejectFarRangeShadowCast" type="Int32" container="StaticArray" arraySize="1">
          <containerEntry>2</containerEntry>
        </property>
      </staticProperties>
      <dynamicProperties></dynamicProperties>
    </entity>
    <entity class="TransformEntity" classVersion="0" classID="0x50" addr="0x317C6B0" id="0x188BC0">
      <staticProperties>
        <property name="owner" type="EntityHandle" container="StaticArray" arraySize="1">
          <containerEntry>0x317C640</containerEntry>
        </property>
        <property name="transform_scale" type="Vector3" container="StaticArray" arraySize="1">
          <containerEntry x="1.5" y="1.5" z="1.5" w="0"></containerEntry>
        </property>
        <property name="transform_rotation_quat" type="Quat" container="StaticArray" arraySize="1">
          <containerEntry x="0.011936" y="0.916426" z="0.065673" w="-0.394595"></containerEntry>
        </property>
        <property name="transform_translation" type="Vector3" container="StaticArray" arraySize="1">
          <containerEntry x="-671.95905" y="330.63882" z="888.8073" w="0"></containerEntry>
        </property>
      </staticProperties>
      <dynamicProperties></dynamicProperties>
    </entity>
    <entity class="StaticModelArray" classVersion="4" classID="0xD0" addr="0x3350F60" id="0x0">
      <staticProperties>
        <property name="name" type="String" container="StaticArray" arraySize="1">
          <containerEntry>StaticModelArray0000</containerEntry>
        </property>
        <property name="dataSet" type="EntityHandle" container="StaticArray" arraySize="1">
          <containerEntry>0x3353180</containerEntry>
        </property>
        <property name="modelFile" type="FilePtr" container="StaticArray" arraySize="1">
          <containerEntry>/Assets/tpp/environ/object/afghanistan/cliff/afgh_clff025/scenes/afgh_clff025.fmdl</containerEntry>
        </property>
        <property name="geomFile" type="FilePtr" container="StaticArray" arraySize="1">
          <containerEntry>/Assets/tpp/environ/object/afghanistan/cliff/afgh_clff025/scenes/afgh_clff025.geom</containerEntry>
        </property>
        <property name="isVisibleGeom" type="Bool" container="StaticArray" arraySize="1">
          <containerEntry>false</containerEntry>
        </property>
        <property name="lodFarSize" type="Float" container="StaticArray" arraySize="1">
          <containerEntry>-1</containerEntry>
        </property>
        <property name="lodNearSize" type="Float" container="StaticArray" arraySize="1">
          <containerEntry>-1</containerEntry>
        </property>
        <property name="lodPolygonSize" type="Float" container="StaticArray" arraySize="1">
          <containerEntry>-1</containerEntry>
        </property>
        <property name="drawRejectionLevel" type="Int32" container="StaticArray" arraySize="1">
          <containerEntry>8</containerEntry>
        </property>
        <property name="drawMode" type="Int32" container="StaticArray" arraySize="1">
          <containerEntry>0</containerEntry>
        </property>
        <property name="rejectFarRangeShadowCast" type="Int32" container="StaticArray" arraySize="1">
          <containerEntry>2</containerEntry>
        </property>
        <property name="parentLocator" type="EntityLink" container="StaticArray" arraySize="1">
          <containerEntry packagePathHash="0xB8A0BF169F98" archivePathHash="0xB8A0BF169F98" nameInArchiveHash="0xB8A0BF169F98">0x0</containerEntry>
        </property>
        <property name="transforms" type="Matrix4" container="DynamicArray" arraySize="3">
          <containerEntry r11="0.98400587" r12="-0.025672853" r13="-0.17627625" r14="0" r21="0.025855843" r22="0.9996649" r23="-0.0012590992" r24="0" r31="0.17624952" r32="-0.0033188127" r33="0.9843399" r34="0" r41="-762.42426" r42="304.93048" r43="851.4394" r44="1"></containerEntry>
          <containerEntry r11="0.8977838" r12="0" r13="-0.4404356" r14="0" r21="0" r22="1" r23="0" r24="0" r31="0.4404356" r32="0" r33="0.8977838" r34="0" r41="-754.36523" r42="310.9556" r43="803.20935" r44="1"></containerEntry>
          <containerEntry r11="0.99646425" r12="0" r13="-0.08401749" r14="0" r21="0" r22="1" r23="0" r24="0" r31="0.08401749" r32="0" r33="0.99646425" r34="0" r41="-756.84845" r42="310.11258" r43="806.94556" r44="1"></containerEntry>
        </property>
        <property name="colors" type="UInt32" container="DynamicArray" arraySize="3">
          <containerEntry>4294967295</containerEntry>
          <containerEntry>4294967295</containerEntry>
          <containerEntry>4294967295</containerEntry>
        </property>
      </staticProperties>
      <dynamicProperties></dynamicProperties>
    </entity>
    <entity class="StaticModelArray" classVersion="4" classID="0xD0" addr="0x3350FD0" id="0x0">
      <staticProperties>
        <property name="name" type="String" container="StaticArray" arraySize="1">
          <containerEntry>StaticModelArray0001</containerEntry>
        </property>
        <property name="dataSet" type="EntityHandle" container="StaticArray" arraySize="1">
          <containerEntry>0x3353180</containerEntry>
        </property>
        <property name="modelFile" type="FilePtr" container="StaticArray" arraySize="1">
          <containerEntry>/Assets/tpp/environ/object/afghanistan/cliff/afgh_clff022/scenes/afgh_clff022_vrtn001.fmdl</containerEntry>
        </property>
        <property name="geomFile" type="FilePtr" container="StaticArray" arraySize="1">
          <containerEntry>/Assets/tpp/environ/object/afghanistan/cliff/afgh_clff022/scenes/afgh_clff022_vrtn001.geom</containerEntry>
        </property>
        <property name="isVisibleGeom" type="Bool" container="StaticArray" arraySize="1">
          <containerEntry>false</containerEntry>
        </property>
        <property name="lodFarSize" type="Float" container="StaticArray" arraySize="1">
          <containerEntry>-1</containerEntry>
        </property>
        <property name="lodNearSize" type="Float" container="StaticArray" arraySize="1">
          <containerEntry>-1</containerEntry>
        </property>
        <property name="lodPolygonSize" type="Float" container="StaticArray" arraySize="1">
          <containerEntry>-1</containerEntry>
        </property>
        <property name="drawRejectionLevel" type="Int32" container="StaticArray" arraySize="1">
          <containerEntry>8</containerEntry>
        </property>
        <property name="drawMode" type="Int32" container="StaticArray" arraySize="1">
          <containerEntry>0</containerEntry>
        </property>
        <property name="rejectFarRangeShadowCast" type="Int32" container="StaticArray" arraySize="1">
          <containerEntry>2</containerEntry>
        </property>
        <property name="parentLocator" type="EntityLink" container="StaticArray" arraySize="1">
          <containerEntry packagePathHash="0xB8A0BF169F98" archivePathHash="0xB8A0BF169F98" nameInArchiveHash="0xB8A0BF169F98">0x0</containerEntry>
        </property>
        <property name="transforms" type="Matrix4" container="DynamicArray" arraySize="2">
          <containerEntry r11="0.36583167" r12="0.011874382" r13="0.93060374" r14="0" r21="0.013672429" r22="0.99974215" r23="-0.018131316" r24="0" r31="-0.93057907" r32="0.019356627" r33="0.36557502" r34="0" r41="-671.11" r42="312.68506" r43="865.0768" r44="1"></containerEntry>
          <containerEntry r11="-0.94537395" r12="0.018830271" r13="0.32541788" r14="0" r21="0.01367153" r22="0.9997421" r23="-0.018132277" r24="0" r31="-0.32567537" r32="-0.012692954" r33="-0.9453876" r34="0" r41="-719.0213" r42="312.65536" r43="878.50745" r44="1"></containerEntry>
        </property>
        <property name="colors" type="UInt32" container="DynamicArray" arraySize="2">
          <containerEntry>4294967295</containerEntry>
          <containerEntry>4294967295</containerEntry>
        </property>
      </staticProperties>
      <dynamicProperties></dynamicProperties>
    </entity>
    <entity class="StaticModelArray" classVersion="4" classID="0xD0" addr="0x3351040" id="0x0">
      <staticProperties>
        <property name="name" type="String" container="StaticArray" arraySize="1">
          <containerEntry>StaticModelArray0002</containerEntry>
        </property>
        <property name="dataSet" type="EntityHandle" container="StaticArray" arraySize="1">
          <containerEntry>0x3353180</containerEntry>
        </property>
        <property name="modelFile" type="FilePtr" container="StaticArray" arraySize="1">
          <containerEntry>/Assets/tpp/environ/object/afghanistan/cliff/afgh_clff007/scenes/afgh_clff007.fmdl</containerEntry>
        </property>
        <property name="geomFile" type="FilePtr" container="StaticArray" arraySize="1">
          <containerEntry>/Assets/tpp/environ/object/afghanistan/cliff/afgh_clff007/scenes/afgh_clff007.geom</containerEntry>
        </property>
        <property name="isVisibleGeom" type="Bool" container="StaticArray" arraySize="1">
          <containerEntry>false</containerEntry>
        </property>
        <property name="lodFarSize" type="Float" container="StaticArray" arraySize="1">
          <containerEntry>50</containerEntry>
        </property>
        <property name="lodNearSize" type="Float" container="StaticArray" arraySize="1">
          <containerEntry>400</containerEntry>
        </property>
        <property name="lodPolygonSize" type="Float" container="StaticArray" arraySize="1">
          <containerEntry>-1</containerEntry>
        </property>
        <property name="drawRejectionLevel" type="Int32" container="StaticArray" arraySize="1">
          <containerEntry>7</containerEntry>
        </property>
        <property name="drawMode" type="Int32" container="StaticArray" arraySize="1">
          <containerEntry>0</containerEntry>
        </property>
        <property name="rejectFarRangeShadowCast" type="Int32" container="StaticArray" arraySize="1">
          <containerEntry>2</containerEntry>
        </property>
        <property name="parentLocator" type="EntityLink" container="StaticArray" arraySize="1">
          <containerEntry packagePathHash="0xB8A0BF169F98" archivePathHash="0xB8A0BF169F98" nameInArchiveHash="0xB8A0BF169F98">0x0</containerEntry>
        </property>
        <property name="transforms" type="Matrix4" container="DynamicArray" arraySize="18">
          <containerEntry r11="-0.918867" r12="0.03483436" r13="0.39300278" r14="0" r21="0.049904767" r22="0.998356" r23="0.028191071" r24="0" r31="-0.39137468" r32="0.04551692" r33="-0.9190948" r34="0" r41="-725.43823" r42="298.56662" r43="860.66693" r44="1"></containerEntry>
          <containerEntry r11="-0.9086123" r12="-0.011397266" r13="0.4174696" r14="0" r21="0.0017468277" r22="0.99951506" r23="0.03108944" r24="0" r31="-0.41762146" r32="0.0289777" r33="-0.9081518" r34="0" r41="-656.536" r42="297.312" r43="837.2537" r44="1"></containerEntry>
          <containerEntry r11="0.9201736" r12="-0.050503645" r13="-0.38823888" r14="0" r21="0.073804826" r22="0.9962419" r23="0.045331143" r24="0" r31="0.38449046" r32="-0.07036652" r33="0.9204429" r34="0" r41="-693.81915" r42="298.62366" r43="839.387" r44="1"></containerEntry>
          <containerEntry r11="0.9545381" r12="-0.022253603" r13="-0.29725623" r14="0" r21="0.040888533" r22="0.99755824" r23="0.056618836" r24="0" r31="0.29527044" r32="-0.06619926" r33="0.95311725" r34="0" r41="-683.6677" r42="298.17123" r43="834.69403" r44="1"></containerEntry>
          <containerEntry r11="0.9784045" r12="-0.07334827" r13="-0.19324669" r14="0" r21="0.08064115" r22="0.9962875" r23="0.030135931" r24="0" r31="0.19031882" r32="-0.045068853" r33="0.98068714" r34="0" r41="-730.1914" r42="299.6591" r43="849.51697" r44="1"></containerEntry>
          <containerEntry r11="-0.9996898" r12="0.024012545" r13="0.004903715" r14="0" r21="0.024186438" r22="0.9989397" r23="0.039171986" r24="0" r31="-0.003957892" r32="0.039278828" r33="-0.99921066" r34="0" r41="-705.0865" r42="298.3124" r43="856.3297" r44="1"></containerEntry>
          <containerEntry r11="0.90289193" r12="0.022987202" r13="-0.42925185" r14="0" r21="-0.03312279" r22="0.99932075" r23="-0.016155262" r24="0" r31="0.42858887" r32="0.028804518" r33="0.90304" r34="0" r41="-659.9373" r42="297.312" r43="824.7731" r44="1"></containerEntry>
          <containerEntry r11="-0.9076535" r12="0.018970644" r13="0.41927087" r14="0" r21="0.040982164" r22="0.99821013" r23="0.043554634" r24="0" r31="-0.41769415" r32="0.056715593" r33="-0.90680635" r34="0" r41="-666.1593" r42="297.312" r43="842.1996" r44="1"></containerEntry>
          <containerEntry r11="-0.9639833" r12="0.033287358" r13="0.26383832" r14="0" r21="0.04556324" r22="0.99813837" r23="0.040544394" r24="0" r31="-0.2619975" r32="0.051105853" r33="-0.96370536" r34="0" r41="-685.3493" r42="297.312" r43="851.0636" r44="1"></containerEntry>
          <containerEntry r11="0.9710809" r12="0.023378346" r13="-0.23760274" r14="0" r21="0.013690732" r22="0.9881041" r23="0.15317522" r24="0" r31="0.23835725" r32="-0.15199848" r33="0.95920897" r34="0" r41="-720.84546" r42="299.13205" r43="847.2335" r44="1"></containerEntry>
          <containerEntry r11="0.971081" r12="0.023378473" r13="-0.23760207" r14="0" r21="-0.021087892" r22="0.9997034" r23="0.012177816" r24="0" r31="0.23781632" r32="-0.006815094" r33="0.97128606" r34="0" r41="-704.587" r42="298.78418" r43="843.098" r44="1"></containerEntry>
          <containerEntry r11="0.9530849" r12="-0.058293458" r13="-0.29703644" r14="0" r21="0.0751932" r22="0.99611753" r23="0.04577992" r24="0" r31="0.29321453" r32="-0.06596735" r33="0.9537679" r34="0" r41="-671.03375" r42="297.5661" r43="829.2349" r44="1"></containerEntry>
          <containerEntry r11="-0.9958935" r12="0.039904855" r13="0.08113124" r14="0" r21="0.043069713" r22="0.9983628" r23="0.037639868" r24="0" r31="-0.07949639" r32="0.040980022" r33="-0.9959817" r34="0" r41="-695.3098" r42="297.9335" r43="854.2989" r44="1"></containerEntry>
          <containerEntry r11="-0.9613045" r12="0.021080859" r13="0.27464166" r14="0" r21="0.03242236" r22="0.9987958" r23="0.036820985" r24="0" r31="-0.2735347" r32="0.044301145" r33="-0.96083033" r34="0" r41="-733.9125" r42="298.632" r43="864.8321" r44="1"></containerEntry>
          <containerEntry r11="-0.99198896" r12="0.090161785" r13="0.08834958" r14="0" r21="0.09279372" r22="0.9953421" r23="0.026141401" r24="0" r31="-0.08558108" r32="0.034130614" r33="-0.9957348" r34="0" r41="-744.7038" r42="299.38574" r43="867.7897" r44="1"></containerEntry>
          <containerEntry r11="0.92578727" r12="0.02184163" r13="-0.3774122" r14="0" r21="-0.024560288" r22="0.9996955" r23="-0.0023915614" r24="0" r31="0.377245" r32="0.011483483" r33="0.92604184" r34="0" r41="-761.6648" r42="301.4284" r43="859.9402" r44="1"></containerEntry>
          <containerEntry r11="-0.9531077" r12="0.041800402" r13="0.29968894" r14="0" r21="0.08625192" r22="0.98685503" r23="0.13666587" r24="0" r31="-0.2900368" r32="0.15610792" r33="-0.9441844" r34="0" r41="-759.9683" r42="300.63174" r43="872.4097" r44="1"></containerEntry>
          <containerEntry r11="-0.9608913" r12="0.0154192895" r13="0.27644563" r14="0" r21="0.052686192" r22="0.9903877" r23="0.12789175" r24="0" r31="-0.2718163" r32="0.13745683" r33="-0.95246714" r34="0" r41="-767.3294" r42="300.78897" r43="875.37476" r44="1"></containerEntry>
        </property>
        <property name="colors" type="UInt32" container="DynamicArray" arraySize="18">
          <containerEntry>4294967295</containerEntry>
          <containerEntry>4294967295</containerEntry>
          <containerEntry>4294967295</containerEntry>
          <containerEntry>4294967295</containerEntry>
          <containerEntry>4294967295</containerEntry>
          <containerEntry>4294967295</containerEntry>
          <containerEntry>4294967295</containerEntry>
          <containerEntry>4294967295</containerEntry>
          <containerEntry>4294967295</containerEntry>
          <containerEntry>4294967295</containerEntry>
          <containerEntry>4294967295</containerEntry>
          <containerEntry>4294967295</containerEntry>
          <containerEntry>4294967295</containerEntry>
          <containerEntry>4294967295</containerEntry>
          <containerEntry>4294967295</containerEntry>
          <containerEntry>4294967295</containerEntry>
          <containerEntry>4294967295</containerEntry>
          <containerEntry>4294967295</containerEntry>
        </property>
      </staticProperties>
      <dynamicProperties></dynamicProperties>
    </entity>
    <entity class="StaticModelArray" classVersion="4" classID="0xD0" addr="0x33506A0" id="0x0">
      <staticProperties>
        <property name="name" type="String" container="StaticArray" arraySize="1">
          <containerEntry>StaticModelArray0003</containerEntry>
        </property>
        <property name="dataSet" type="EntityHandle" container="StaticArray" arraySize="1">
          <containerEntry>0x3353180</containerEntry>
        </property>
        <property name="modelFile" type="FilePtr" container="StaticArray" arraySize="1">
          <containerEntry>/Assets/tpp/environ/object/afghanistan/cliff/afgh_clff022/scenes/afgh_clff022_vrtn002.fmdl</containerEntry>
        </property>
        <property name="geomFile" type="FilePtr" container="StaticArray" arraySize="1">
          <containerEntry>/Assets/tpp/environ/object/afghanistan/cliff/afgh_clff022/scenes/afgh_clff022_vrtn002.geom</containerEntry>
        </property>
        <property name="isVisibleGeom" type="Bool" container="StaticArray" arraySize="1">
          <containerEntry>false</containerEntry>
        </property>
        <property name="lodFarSize" type="Float" container="StaticArray" arraySize="1">
          <containerEntry>-1</containerEntry>
        </property>
        <property name="lodNearSize" type="Float" container="StaticArray" arraySize="1">
          <containerEntry>-1</containerEntry>
        </property>
        <property name="lodPolygonSize" type="Float" container="StaticArray" arraySize="1">
          <containerEntry>-1</containerEntry>
        </property>
        <property name="drawRejectionLevel" type="Int32" container="StaticArray" arraySize="1">
          <containerEntry>8</containerEntry>
        </property>
        <property name="drawMode" type="Int32" container="StaticArray" arraySize="1">
          <containerEntry>0</containerEntry>
        </property>
        <property name="rejectFarRangeShadowCast" type="Int32" container="StaticArray" arraySize="1">
          <containerEntry>2</containerEntry>
        </property>
        <property name="parentLocator" type="EntityLink" container="StaticArray" arraySize="1">
          <containerEntry packagePathHash="0xB8A0BF169F98" archivePathHash="0xB8A0BF169F98" nameInArchiveHash="0xB8A0BF169F98">0x0</containerEntry>
        </property>
        <property name="transforms" type="Matrix4" container="DynamicArray" arraySize="2">
          <containerEntry r11="-0.8218686" r12="0.013624472" r13="0.5695137" r14="0" r21="0.012175626" r22="0.99990577" r23="-0.0063500116" r24="0" r31="-0.56954646" r32="0.001715309" r33="-0.821957" r34="0" r41="-651.9456" r42="309.30038" r43="859.4039" r44="1"></containerEntry>
          <containerEntry r11="-0.9989122" r12="0" r13="0.046539336" r14="0" r21="0" r22="1" r23="0" r24="0" r31="-0.046539336" r32="0" r33="-0.9989122" r34="0" r41="-693.0193" r42="313.57925" r43="876.7731" r44="1"></containerEntry>
        </property>
        <property name="colors" type="UInt32" container="DynamicArray" arraySize="2">
          <containerEntry>4294967295</containerEntry>
          <containerEntry>4294967295</containerEntry>
        </property>
      </staticProperties>
      <dynamicProperties></dynamicProperties>
    </entity>
    <entity class="StaticModelArray" classVersion="4" classID="0xD0" addr="0x3350400" id="0x0">
      <staticProperties>
        <property name="name" type="String" container="StaticArray" arraySize="1">
          <containerEntry>StaticModelArray0004</containerEntry>
        </property>
        <property name="dataSet" type="EntityHandle" container="StaticArray" arraySize="1">
          <containerEntry>0x3353180</containerEntry>
        </property>
        <property name="modelFile" type="FilePtr" container="StaticArray" arraySize="1">
          <containerEntry>/Assets/tpp/environ/object/afghanistan/rock/afgh_rock009/scenes/afgh_rock009_rock002.fmdl</containerEntry>
        </property>
        <property name="geomFile" type="FilePtr" container="StaticArray" arraySize="1">
          <containerEntry>/Assets/tpp/environ/object/afghanistan/rock/afgh_rock009/scenes/afgh_rock009_rock002.geom</containerEntry>
        </property>
        <property name="isVisibleGeom" type="Bool" container="StaticArray" arraySize="1">
          <containerEntry>false</containerEntry>
        </property>
        <property name="lodFarSize" type="Float" container="StaticArray" arraySize="1">
          <containerEntry>-1</containerEntry>
        </property>
        <property name="lodNearSize" type="Float" container="StaticArray" arraySize="1">
          <containerEntry>-1</containerEntry>
        </property>
        <property name="lodPolygonSize" type="Float" container="StaticArray" arraySize="1">
          <containerEntry>-1</containerEntry>
        </property>
        <property name="drawRejectionLevel" type="Int32" container="StaticArray" arraySize="1">
          <containerEntry>8</containerEntry>
        </property>
        <property name="drawMode" type="Int32" container="StaticArray" arraySize="1">
          <containerEntry>0</containerEntry>
        </property>
        <property name="rejectFarRangeShadowCast" type="Int32" container="StaticArray" arraySize="1">
          <containerEntry>2</containerEntry>
        </property>
        <property name="parentLocator" type="EntityLink" container="StaticArray" arraySize="1">
          <containerEntry packagePathHash="0xB8A0BF169F98" archivePathHash="0xB8A0BF169F98" nameInArchiveHash="0xB8A0BF169F98">0x0</containerEntry>
        </property>
        <property name="transforms" type="Matrix4" container="DynamicArray" arraySize="23">
          <containerEntry r11="-0.04954022" r12="-0.9809484" r13="0.18783498" r14="0" r21="0.3366335" r22="0.16066352" r23="0.92782646" r24="0" r31="-0.94032955" r32="0.10919827" r33="0.32226315" r34="0" r41="-724.1449" r42="299.8189" r43="860.9836" r44="1"></containerEntry>
          <containerEntry r11="-0.09256351" r12="-0.96671414" r13="-0.2385154" r14="0" r21="-0.19869506" r22="-0.21678913" r23="0.9557802" r24="0" r31="-0.97567725" r32="0.13586527" r33="-0.17201138" r34="0" r41="-724.1449" r42="301.952" r43="844.4555" r44="1"></containerEntry>
          <containerEntry r11="-0.25602686" r12="-0.7352007" r13="-0.6276338" r14="0" r21="0.10781801" r22="-0.6669399" r23="0.73726416" r24="0" r31="-0.96063495" r32="0.12109125" r33="0.2500276" r34="0" r41="-739.77545" r42="304.9806" r43="844.45135" r44="1"></containerEntry>
          <containerEntry r11="-0.8427922" r12="0.097667105" r13="0.52929646" r14="0" r21="0.03988727" r22="0.99202794" r23="-0.11953892" r24="0" r31="-0.5367519" r32="-0.07963468" r33="-0.83996904" r34="0" r41="-762.8453" r42="308.0024" r43="842.9096" r44="1"></containerEntry>
          <containerEntry r11="0.95779955" r12="-0.0038770624" r13="0.28741047" r14="0" r21="0.039886188" r22="0.992028" r23="-0.11953885" r24="0" r31="-0.28465578" r32="0.12595798" r33="0.9503186" r34="0" r41="-715.82635" r42="306.76477" r43="827.4537" r44="1"></containerEntry>
          <containerEntry r11="0.8844044" r12="0.06554744" r13="-0.462095" r14="0" r21="-0.024349015" r22="0.99522054" r23="0.09456861" r24="0" r31="0.46608517" r32="-0.07238528" r33="0.8817735" r34="0" r41="-658.96313" r42="306.94684" r43="809.77155" r44="1"></containerEntry>
          <containerEntry r11="-0.8427919" r12="0.097666994" r13="0.529295" r14="0" r21="-0.0697823" r22="0.9552703" r23="-0.28738275" r24="0" r31="-0.53368765" r32="-0.2791408" r33="-0.79827845" r34="0" r41="-721.38715" r42="298.76373" r43="856.29956" r44="1"></containerEntry>
          <containerEntry r11="0.870422" r12="-0.14105852" r13="-0.47166452" r14="0" r21="0.106727436" r22="0.98935497" r23="-0.09892402" r24="0" r31="0.4805977" r32="0.035765953" r33="0.87621117" r34="0" r41="-672.42444" r42="307.3222" r43="809.77155" r44="1"></containerEntry>
          <containerEntry r11="0.8844044" r12="0.06554744" r13="-0.462095" r14="0" r21="-0.024349015" r22="0.99522054" r23="0.09456861" r24="0" r31="0.46608517" r32="-0.07238528" r33="0.8817735" r34="0" r41="-699.5285" r42="307.3222" r43="794.41254" r44="1"></containerEntry>
          <containerEntry r11="0.9825329" r12="0.011823422" r13="0.18571277" r14="0" r21="0.024447955" r22="-0.9975301" r23="-0.065836556" r24="0" r31="0.1844758" r32="0.06922688" r33="-0.98039526" r34="0" r41="-684.0186" r42="306.57538" r43="777.8844" r44="1"></containerEntry>
          <containerEntry r11="-0.13049805" r12="0.99054104" r13="-0.042407006" r14="0" r21="-0.67594486" r22="-0.057597905" r23="0.7346976" r24="0" r31="0.7253057" r32="0.12454155" r33="0.6770679" r34="0" r41="-719.921" r42="307.65955" r43="782.7482" r44="1"></containerEntry>
          <containerEntry r11="-0.30898106" r12="0.20469311" r13="-0.9287802" r14="0" r21="-1.3113022e-06" r22="0.9765645" r23="0.2152248" r24="0" r31="0.9510689" r32="0.06650147" r33="-0.3017397" r34="0" r41="-690.53625" r42="297.59613" r43="842.21405" r44="1"></containerEntry>
          <containerEntry r11="-0.8427922" r12="0.097667105" r13="0.52929646" r14="0" r21="0.03988727" r22="0.99202794" r23="-0.11953892" r24="0" r31="-0.5367519" r32="-0.07963468" r33="-0.83996904" r34="0" r41="-765.5856" r42="301.1938" r43="868.4398" r44="1"></containerEntry>
          <containerEntry r11="-0.8427919" r12="0.09766787" r13="0.5292957" r14="0" r21="0.267411" r22="0.9294215" r23="0.2542966" r24="0" r31="-0.467102" r32="0.35586005" r33="-0.8094261" r34="0" r41="-751.166" r42="302.18323" r43="856.29956" r44="1"></containerEntry>
          <containerEntry r11="0.09379208" r12="-0.98615646" r13="0.13673292" r14="0" r21="0.9888822" r22="0.10819359" r23="0.101997904" r24="0" r31="-0.1153795" r32="0.12564647" r33="0.9853428" r34="0" r41="-708.332" r42="300.81686" r43="861.21686" r44="1"></containerEntry>
          <containerEntry r11="0.0734767" r12="0.07406635" r13="-0.99454135" r14="0" r21="0.1480518" r22="0.9853783" r23="0.08432168" r24="0" r31="0.98624486" r32="-0.15343943" r33="0.061436713" r34="0" r41="-747.21735" r42="312.0536" r43="794.08875" r44="1"></containerEntry>
          <containerEntry r11="0.07347787" r12="0.07406586" r13="-0.9945402" r14="0" r21="-0.025488494" r22="0.99705213" r23="0.07236967" r24="0" r31="0.9969686" r32="0.020032011" r33="0.07514912" r34="0" r41="-765.4627" r42="313.4327" r43="794.08875" r44="1"></containerEntry>
          <containerEntry r11="0.8604296" r12="-0.24412754" r13="-0.447283" r14="0" r21="0.2939199" r22="0.95480394" r23="0.044274658" r24="0" r31="0.41625884" r32="-0.16956085" r33="0.8932957" r34="0" r41="-755.7891" r42="315.5413" r43="772.684" r44="1"></containerEntry>
          <containerEntry r11="-0.05737835" r12="-0.98505807" r13="0.162376" r14="0" r21="0.8733785" r22="-0.12831958" r23="-0.4698315" r24="0" r31="0.48364806" r32="0.11485717" r33="0.86769354" r34="0" r41="-733.22504" r42="312.53262" r43="772.684" r44="1"></containerEntry>
          <containerEntry r11="0.71652067" r12="0.15013403" r13="-0.68121827" r14="0" r21="-4.4703484e-07" r22="0.97656447" r23="0.21522519" r24="0" r31="0.69756615" r32="-0.15421304" r33="0.69972867" r34="0" r41="-673.5972" r42="300.22586" r43="827.90936" r44="1"></containerEntry>
          <containerEntry r11="-0.30898106" r12="0.20469311" r13="-0.9287802" r14="0" r21="-1.3113022e-06" r22="0.9765645" r23="0.2152248" r24="0" r31="0.9510689" r32="0.06650147" r33="-0.3017397" r34="0" r41="-667.7998" r42="298.86313" r43="847.2933" r44="1"></containerEntry>
          <containerEntry r11="-0.30898106" r12="0.20469311" r13="-0.9287802" r14="0" r21="-1.3113022e-06" r22="0.9765645" r23="0.2152248" r24="0" r31="0.9510689" r32="0.06650147" r33="-0.3017397" r34="0" r41="-676.85974" r42="305.75967" r43="819.6463" r44="1"></containerEntry>
          <containerEntry r11="1" r12="0" r13="0" r14="0" r21="0" r22="0.9256841" r23="-0.37829742" r24="0" r31="0" r32="0.37829742" r33="0.9256841" r34="0" r41="-648.77167" r42="298.48547" r43="836.068" r44="1"></containerEntry>
        </property>
        <property name="colors" type="UInt32" container="DynamicArray" arraySize="23">
          <containerEntry>4294967295</containerEntry>
          <containerEntry>4294967295</containerEntry>
          <containerEntry>4294967295</containerEntry>
          <containerEntry>4294967295</containerEntry>
          <containerEntry>4294967295</containerEntry>
          <containerEntry>4294967295</containerEntry>
          <containerEntry>4294967295</containerEntry>
          <containerEntry>4294967295</containerEntry>
          <containerEntry>4294967295</containerEntry>
          <containerEntry>4294967295</containerEntry>
          <containerEntry>4294967295</containerEntry>
          <containerEntry>4294967295</containerEntry>
          <containerEntry>4294967295</containerEntry>
          <containerEntry>4294967295</containerEntry>
          <containerEntry>4294967295</containerEntry>
          <containerEntry>4294967295</containerEntry>
          <containerEntry>4294967295</containerEntry>
          <containerEntry>4294967295</containerEntry>
          <containerEntry>4294967295</containerEntry>
          <containerEntry>4294967295</containerEntry>
          <containerEntry>4294967295</containerEntry>
          <containerEntry>4294967295</containerEntry>
          <containerEntry>4294967295</containerEntry>
        </property>
      </staticProperties>
      <dynamicProperties></dynamicProperties>
    </entity>
