<fox formatVersion="2" fileVersion="0">
  <entities>
    <entity class="DataSet" classVersion="0" classID="0xE8" addr="0x2EF47D0" id="0x90F2F">
      <staticProperties>
        <property name="name" type="String" container="StaticArray" arraySize="1">
          <containerEntry hash="0xB8A0BF169F98"></containerEntry>
        </property>
        <property name="dataSet" type="EntityHandle" container="StaticArray" arraySize="1">
          <containerEntry>0x0</containerEntry>
        </property>
        <property name="dataList" type="EntityPtr" container="StringMap" arraySize="8">
          <containerEntry key="mafr_mudd003_rock001_0001">
            <data>0x2D74C30</data>
          </containerEntry>
          <containerEntry key="mafr_clff003_0000">
            <data>0x2D75AA0</data>
          </containerEntry>
          <containerEntry key="StaticModelArray0000">
            <data>0x2D7CE20</data>
          </containerEntry>
          <containerEntry key="StaticModelArray0001">
            <data>0x2D7CE90</data>
          </containerEntry>
          <containerEntry key="StaticModelArray0002">
            <data>0x2D7CF00</data>
          </containerEntry>
          <containerEntry key="StaticModelArray0003">
            <data>0x2D7CF70</data>
          </containerEntry>
          <containerEntry key="StaticModelArray0004">
            <data>0x2D7C8E0</data>
          </containerEntry>
          <containerEntry key="TexturePackLoadConditioner0000">
            <data>0x2D7D360</data>
          </containerEntry>
        </property>
      </staticProperties>
      <dynamicProperties></dynamicProperties>
    </entity>
    <entity class="StaticModel" classVersion="9" classID="0x160" addr="0x2D74C30" id="0x90F54">
      <staticProperties>
        <property name="name" type="String" container="StaticArray" arraySize="1">
          <containerEntry>mafr_mudd003_rock001_0001</containerEntry>
        </property>
        <property name="dataSet" type="EntityHandle" container="StaticArray" arraySize="1">
          <containerEntry>0x2EF47D0</containerEntry>
        </property>
        <property name="parent" type="EntityHandle" container="StaticArray" arraySize="1">
          <containerEntry>0x0</containerEntry>
        </property>
        <property name="transform" type="EntityPtr" container="StaticArray" arraySize="1">
          <containerEntry>0x2D74CA0</containerEntry>
        </property>
        <property name="shearTransform" type="EntityPtr" container="StaticArray" arraySize="1">
          <containerEntry>0x0</containerEntry>
        </property>
        <property name="pivotTransform" type="EntityPtr" container="StaticArray" arraySize="1">
          <containerEntry>0x0</containerEntry>
        </property>
        <property name="children" type="EntityHandle" container="List"></property>
        <property name="flags" type="UInt32" container="StaticArray" arraySize="1">
          <containerEntry>2147483655</containerEntry>
        </property>
        <property name="modelFile" type="FilePtr" container="StaticArray" arraySize="1">
          <containerEntry>/Assets/tpp/environ/object/middle_africa/mud/mafr_mudd003/scenes/mafr_mudd003_rock001.fmdl</containerEntry>
        </property>
        <property name="geomFile" type="FilePtr" container="StaticArray" arraySize="1">
          <containerEntry>/Assets/tpp/environ/object/middle_africa/mud/mafr_mudd003/scenes/mafr_mudd003_rock001.geom</containerEntry>
        </property>
        <property name="isVisibleGeom" type="Bool" container="StaticArray" arraySize="1">
          <containerEntry>false</containerEntry>
        </property>
        <property name="isIsolated" type="Bool" container="StaticArray" arraySize="1">
          <containerEntry>false</containerEntry>
        </property>
        <property name="lodFarSize" type="Float" container="StaticArray" arraySize="1">
          <containerEntry>-1</containerEntry>
        </property>
        <property name="lodNearSize" type="Float" container="StaticArray" arraySize="1">
          <containerEntry>-1</containerEntry>
        </property>
        <property name="lodPolygonSize" type="Float" container="StaticArray" arraySize="1">
          <containerEntry>-1</containerEntry>
        </property>
        <property name="color" type="Color" container="StaticArray" arraySize="1">
          <containerEntry r="1" g="1" b="1" a="1"></containerEntry>
        </property>
        <property name="drawRejectionLevel" type="Int32" container="StaticArray" arraySize="1">
          <containerEntry>8</containerEntry>
        </property>
        <property name="drawMode" type="Int32" container="StaticArray" arraySize="1">
          <containerEntry>0</containerEntry>
        </property>
        <property name="rejectFarRangeShadowCast" type="Int32" container="StaticArray" arraySize="1">
          <containerEntry>2</containerEntry>
        </property>
      </staticProperties>
      <dynamicProperties></dynamicProperties>
    </entity>
    <entity class="TransformEntity" classVersion="0" classID="0x50" addr="0x2D74CA0" id="0x90F57">
      <staticProperties>
        <property name="owner" type="EntityHandle" container="StaticArray" arraySize="1">
          <containerEntry>0x2D74C30</containerEntry>
        </property>
        <property name="transform_scale" type="Vector3" container="StaticArray" arraySize="1">
          <containerEntry x="1" y="1" z="1" w="0"></containerEntry>
        </property>
        <property name="transform_rotation_quat" type="Quat" container="StaticArray" arraySize="1">
          <containerEntry x="0.114522" y="-0.397707" z="0.059732" w="0.908375"></containerEntry>
        </property>
        <property name="transform_translation" type="Vector3" container="StaticArray" arraySize="1">
          <containerEntry x="2126.7498" y="-15.585958" z="1832.4224" w="0"></containerEntry>
        </property>
      </staticProperties>
      <dynamicProperties></dynamicProperties>
    </entity>
    <entity class="StaticModel" classVersion="9" classID="0x160" addr="0x2D75AA0" id="0x9102D">
      <staticProperties>
        <property name="name" type="String" container="StaticArray" arraySize="1">
          <containerEntry>mafr_clff003_0000</containerEntry>
        </property>
        <property name="dataSet" type="EntityHandle" container="StaticArray" arraySize="1">
          <containerEntry>0x2EF47D0</containerEntry>
        </property>
        <property name="parent" type="EntityHandle" container="StaticArray" arraySize="1">
          <containerEntry>0x0</containerEntry>
        </property>
        <property name="transform" type="EntityPtr" container="StaticArray" arraySize="1">
          <containerEntry>0x2D75B10</containerEntry>
        </property>
        <property name="shearTransform" type="EntityPtr" container="StaticArray" arraySize="1">
          <containerEntry>0x0</containerEntry>
        </property>
        <property name="pivotTransform" type="EntityPtr" container="StaticArray" arraySize="1">
          <containerEntry>0x0</containerEntry>
        </property>
        <property name="children" type="EntityHandle" container="List"></property>
        <property name="flags" type="UInt32" container="StaticArray" arraySize="1">
          <containerEntry>7</containerEntry>
        </property>
        <property name="modelFile" type="FilePtr" container="StaticArray" arraySize="1">
          <containerEntry>/Assets/tpp/environ/object/middle_africa/cliff/mafr_clff003/scenes/mafr_clff003.fmdl</containerEntry>
        </property>
        <property name="geomFile" type="FilePtr" container="StaticArray" arraySize="1">
          <containerEntry>/Assets/tpp/environ/object/middle_africa/cliff/mafr_clff003/scenes/mafr_clff003.geom</containerEntry>
        </property>
        <property name="isVisibleGeom" type="Bool" container="StaticArray" arraySize="1">
          <containerEntry>false</containerEntry>
        </property>
        <property name="isIsolated" type="Bool" container="StaticArray" arraySize="1">
          <containerEntry>false</containerEntry>
        </property>
        <property name="lodFarSize" type="Float" container="StaticArray" arraySize="1">
          <containerEntry>-1</containerEntry>
        </property>
        <property name="lodNearSize" type="Float" container="StaticArray" arraySize="1">
          <containerEntry>-1</containerEntry>
        </property>
        <property name="lodPolygonSize" type="Float" container="StaticArray" arraySize="1">
          <containerEntry>-1</containerEntry>
        </property>
        <property name="color" type="Color" container="StaticArray" arraySize="1">
          <containerEntry r="1" g="1" b="1" a="1"></containerEntry>
        </property>
        <property name="drawRejectionLevel" type="Int32" container="StaticArray" arraySize="1">
          <containerEntry>8</containerEntry>
        </property>
        <property name="drawMode" type="Int32" container="StaticArray" arraySize="1">
          <containerEntry>0</containerEntry>
        </property>
        <property name="rejectFarRangeShadowCast" type="Int32" container="StaticArray" arraySize="1">
          <containerEntry>2</containerEntry>
        </property>
      </staticProperties>
      <dynamicProperties></dynamicProperties>
    </entity>
    <entity class="TransformEntity" classVersion="0" classID="0x50" addr="0x2D75B10" id="0x91030">
      <staticProperties>
        <property name="owner" type="EntityHandle" container="StaticArray" arraySize="1">
          <containerEntry>0x2D75AA0</containerEntry>
        </property>
        <property name="transform_scale" type="Vector3" container="StaticArray" arraySize="1">
          <containerEntry x="1" y="1" z="1" w="0"></containerEntry>
        </property>
        <property name="transform_rotation_quat" type="Quat" container="StaticArray" arraySize="1">
          <containerEntry x="0" y="-0.931794" z="0" w="0.362987"></containerEntry>
        </property>
        <property name="transform_translation" type="Vector3" container="StaticArray" arraySize="1">
          <containerEntry x="2142.894" y="-8.308183" z="1900.4176" w="0"></containerEntry>
        </property>
      </staticProperties>
      <dynamicProperties></dynamicProperties>
    </entity>
    <entity class="StaticModelArray" classVersion="4" classID="0xD0" addr="0x2D7CE20" id="0x0">
      <staticProperties>
        <property name="name" type="String" container="StaticArray" arraySize="1">
          <containerEntry>StaticModelArray0000</containerEntry>
        </property>
        <property name="dataSet" type="EntityHandle" container="StaticArray" arraySize="1">
          <containerEntry>0x2EF47D0</containerEntry>
        </property>
        <property name="modelFile" type="FilePtr" container="StaticArray" arraySize="1">
          <containerEntry>/Assets/tpp/environ/object/middle_africa/cliff/mafr_clff003/scenes/mafr_clff003_vrtn001.fmdl</containerEntry>
        </property>
        <property name="geomFile" type="FilePtr" container="StaticArray" arraySize="1">
          <containerEntry>/Assets/tpp/environ/object/middle_africa/cliff/mafr_clff003/scenes/mafr_clff003_vrtn001.geom</containerEntry>
        </property>
        <property name="isVisibleGeom" type="Bool" container="StaticArray" arraySize="1">
          <containerEntry>false</containerEntry>
        </property>
        <property name="lodFarSize" type="Float" container="StaticArray" arraySize="1">
          <containerEntry>-1</containerEntry>
        </property>
        <property name="lodNearSize" type="Float" container="StaticArray" arraySize="1">
          <containerEntry>-1</containerEntry>
        </property>
        <property name="lodPolygonSize" type="Float" container="StaticArray" arraySize="1">
          <containerEntry>-1</containerEntry>
        </property>
        <property name="drawRejectionLevel" type="Int32" container="StaticArray" arraySize="1">
          <containerEntry>8</containerEntry>
        </property>
        <property name="drawMode" type="Int32" container="StaticArray" arraySize="1">
          <containerEntry>0</containerEntry>
        </property>
        <property name="rejectFarRangeShadowCast" type="Int32" container="StaticArray" arraySize="1">
          <containerEntry>2</containerEntry>
        </property>
        <property name="parentLocator" type="EntityLink" container="StaticArray" arraySize="1">
          <containerEntry packagePathHash="0xB8A0BF169F98" archivePathHash="0xB8A0BF169F98" nameInArchiveHash="0xB8A0BF169F98">0x0</containerEntry>
        </property>
        <property name="transforms" type="Matrix4" container="DynamicArray" arraySize="2">
          <containerEntry r11="0.95067847" r12="-0.10127593" r13="-0.2931776" r14="0" r21="-0.08267365" r22="0.82826746" r23="-0.5541989" r24="0" r31="0.2989565" r32="0.55110306" r33="0.7790432" r34="0" r41="2167.5466" r42="-14.652826" r43="1813.7538" r44="1"></containerEntry>
          <containerEntry r11="0.79622644" r12="-0.10541015" r13="0.59574366" r14="0" r21="0.26665527" r22="0.94504344" r23="-0.18917553" r24="0" r31="-0.54306245" r32="0.30948526" r33="0.7805768" r34="0" r41="2169.2812" r42="-12.551668" r43="1802.645" r44="1"></containerEntry>
        </property>
        <property name="colors" type="UInt32" container="DynamicArray" arraySize="2">
          <containerEntry>4294967295</containerEntry>
          <containerEntry>4294967295</containerEntry>
        </property>
      </staticProperties>
      <dynamicProperties></dynamicProperties>
    </entity>
    <entity class="StaticModelArray" classVersion="4" classID="0xD0" addr="0x2D7CE90" id="0x0">
      <staticProperties>
        <property name="name" type="String" container="StaticArray" arraySize="1">
          <containerEntry>StaticModelArray0001</containerEntry>
        </property>
        <property name="dataSet" type="EntityHandle" container="StaticArray" arraySize="1">
          <containerEntry>0x2EF47D0</containerEntry>
        </property>
        <property name="modelFile" type="FilePtr" container="StaticArray" arraySize="1">
          <containerEntry>/Assets/tpp/environ/object/middle_africa/rock/mafr_rock002/scenes/mafr_rock002.fmdl</containerEntry>
        </property>
        <property name="geomFile" type="FilePtr" container="StaticArray" arraySize="1">
          <containerEntry>/Assets/tpp/environ/object/middle_africa/rock/mafr_rock002/scenes/mafr_rock002.geom</containerEntry>
        </property>
        <property name="isVisibleGeom" type="Bool" container="StaticArray" arraySize="1">
          <containerEntry>false</containerEntry>
        </property>
        <property name="lodFarSize" type="Float" container="StaticArray" arraySize="1">
          <containerEntry>-1</containerEntry>
        </property>
        <property name="lodNearSize" type="Float" container="StaticArray" arraySize="1">
          <containerEntry>-1</containerEntry>
        </property>
        <property name="lodPolygonSize" type="Float" container="StaticArray" arraySize="1">
          <containerEntry>-1</containerEntry>
        </property>
        <property name="drawRejectionLevel" type="Int32" container="StaticArray" arraySize="1">
          <containerEntry>8</containerEntry>
        </property>
        <property name="drawMode" type="Int32" container="StaticArray" arraySize="1">
          <containerEntry>0</containerEntry>
        </property>
        <property name="rejectFarRangeShadowCast" type="Int32" container="StaticArray" arraySize="1">
          <containerEntry>2</containerEntry>
        </property>
        <property name="parentLocator" type="EntityLink" container="StaticArray" arraySize="1">
          <containerEntry packagePathHash="0xB8A0BF169F98" archivePathHash="0xB8A0BF169F98" nameInArchiveHash="0xB8A0BF169F98">0x0</containerEntry>
        </property>
        <property name="transforms" type="Matrix4" container="DynamicArray" arraySize="5">
          <containerEntry r11="-0.9105512" r12="0" r13="0.4133935" r14="0" r21="0" r22="1" r23="0" r24="0" r31="-0.4133935" r32="0" r33="-0.9105512" r34="0" r41="2074.1426" r42="-11.125284" r43="1801.8989" r44="1"></containerEntry>
          <containerEntry r11="-0.27290583" r12="0" r13="0.9620397" r14="0" r21="0" r22="1" r23="0" r24="0" r31="-0.9620397" r32="0" r33="-0.27290583" r34="0" r41="2095.445" r42="-10.77701" r43="1796.2157" r44="1"></containerEntry>
          <containerEntry r11="-0.56603944" r12="0" r13="-0.8243756" r14="0" r21="0" r22="1" r23="0" r24="0" r31="0.8243756" r32="0" r33="-0.56603944" r34="0" r41="2148.7168" r42="-9.124287" r43="1828.9679" r44="1"></containerEntry>
          <containerEntry r11="0.9562874" r12="0" r13="0.29241833" r14="0" r21="0" r22="1" r23="0" r24="0" r31="-0.29241833" r32="0" r33="0.9562874" r34="0" r41="2149.3054" r42="-9.83074" r43="1834.9556" r44="1"></containerEntry>
          <containerEntry r11="-0.9302865" r12="0" r13="0.36681965" r14="0" r21="0" r22="1" r23="0" r24="0" r31="-0.36681965" r32="0" r33="-0.9302865" r34="0" r41="2164.1372" r42="-10.137914" r43="1864.2037" r44="1"></containerEntry>
        </property>
        <property name="colors" type="UInt32" container="DynamicArray" arraySize="5">
          <containerEntry>4294967295</containerEntry>
          <containerEntry>4294967295</containerEntry>
          <containerEntry>4294967295</containerEntry>
          <containerEntry>4294967295</containerEntry>
          <containerEntry>4294967295</containerEntry>
        </property>
      </staticProperties>
      <dynamicProperties></dynamicProperties>
    </entity>
    <entity class="StaticModelArray" classVersion="4" classID="0xD0" addr="0x2D7CF00" id="0x0">
      <staticProperties>
        <property name="name" type="String" container="StaticArray" arraySize="1">
          <containerEntry>StaticModelArray0002</containerEntry>
        </property>
        <property name="dataSet" type="EntityHandle" container="StaticArray" arraySize="1">
          <containerEntry>0x2EF47D0</containerEntry>
        </property>
        <property name="modelFile" type="FilePtr" container="StaticArray" arraySize="1">
          <containerEntry>/Assets/tpp/environ/object/middle_africa/cliff/mafr_clff004/scenes/mafr_clff004_rock001.fmdl</containerEntry>
        </property>
        <property name="geomFile" type="FilePtr" container="StaticArray" arraySize="1">
          <containerEntry>/Assets/tpp/environ/object/middle_africa/cliff/mafr_clff004/scenes/mafr_clff004_rock001.geom</containerEntry>
        </property>
        <property name="isVisibleGeom" type="Bool" container="StaticArray" arraySize="1">
          <containerEntry>false</containerEntry>
        </property>
        <property name="lodFarSize" type="Float" container="StaticArray" arraySize="1">
          <containerEntry>-1</containerEntry>
        </property>
        <property name="lodNearSize" type="Float" container="StaticArray" arraySize="1">
          <containerEntry>-1</containerEntry>
        </property>
        <property name="lodPolygonSize" type="Float" container="StaticArray" arraySize="1">
          <containerEntry>-1</containerEntry>
        </property>
        <property name="drawRejectionLevel" type="Int32" container="StaticArray" arraySize="1">
          <containerEntry>8</containerEntry>
        </property>
        <property name="drawMode" type="Int32" container="StaticArray" arraySize="1">
          <containerEntry>0</containerEntry>
        </property>
        <property name="rejectFarRangeShadowCast" type="Int32" container="StaticArray" arraySize="1">
          <containerEntry>2</containerEntry>
        </property>
        <property name="parentLocator" type="EntityLink" container="StaticArray" arraySize="1">
          <containerEntry packagePathHash="0xB8A0BF169F98" archivePathHash="0xB8A0BF169F98" nameInArchiveHash="0xB8A0BF169F98">0x0</containerEntry>
        </property>
        <property name="transforms" type="Matrix4" container="DynamicArray" arraySize="14">
          <containerEntry r11="-0.8796213" r12="0.14658035" r13="0.45252785" r14="0" r21="0.13548188" r22="0.98913616" r23="-0.057046738" r24="0" r31="-0.4559736" r32="0.011129808" r33="-0.8899243" r34="0" r41="2070.0024" r42="-11.721273" r43="1864.5471" r44="1"></containerEntry>
          <containerEntry r11="-0.3638146" r12="0.068111345" r13="-0.9289779" r14="0" r21="0.023460742" r22="0.9976766" r23="0.063960336" r24="0" r31="0.931176" r32="0.001475187" r33="-0.36456728" r34="0" r41="2073.1248" r42="-11.784694" r43="1867.5056" r44="1"></containerEntry>
          <containerEntry r11="-0.9275517" r12="0.011808151" r13="0.3734991" r14="0" r21="0.008136248" r22="0.99990183" r23="-0.011406092" r24="0" r31="-0.37359715" r32="-0.0075408923" r33="-0.92755675" r34="0" r41="2085.6936" r42="-11.278275" r43="1829.346" r44="1"></containerEntry>
          <containerEntry r11="0.71235794" r12="0.011807615" r13="-0.7017165" r14="0" r21="-0.0031190189" r22="0.99990183" r23="0.013658775" r24="0" r31="0.70180887" r32="-0.007541262" r33="0.71232486" r34="0" r41="2070.1753" r42="-11.220871" r43="1817.2756" r44="1"></containerEntry>
          <containerEntry r11="-0.9288832" r12="0.0072081937" r13="0.3702998" r14="0" r21="0.011144283" r22="0.9999019" r23="0.008491123" r24="0" r31="-0.3702022" r32="0.012013998" r33="-0.92887235" r34="0" r41="2096.5964" r42="-10.867613" r43="1809.9891" r44="1"></containerEntry>
          <containerEntry r11="0.8996753" r12="0.0072074514" r13="-0.43649998" r14="0" r21="0.06280902" r22="0.98732436" r23="0.14575885" r24="0" r31="0.4320176" r32="-0.1585518" r33="0.88781863" r34="0" r41="2092.3103" r42="-11.220871" r43="1812.7041" r44="1"></containerEntry>
          <containerEntry r11="0.10615939" r12="0" r13="0.99434876" r14="0" r21="0" r22="1" r23="0" r24="0" r31="-0.99434876" r32="0" r33="0.10615939" r34="0" r41="2063.141" r42="-11.018946" r43="1828.848" r44="1"></containerEntry>
          <containerEntry r11="0.71245563" r12="0" r13="-0.70171726" r14="0" r21="0" r22="1" r23="0" r24="0" r31="0.70171726" r32="0" r33="0.71245563" r34="0" r41="2061.8137" r42="-10.942833" r43="1807.6387" r44="1"></containerEntry>
          <containerEntry r11="-0.6285974" r12="0" r13="-0.7777331" r14="0" r21="0" r22="1" r23="0" r24="0" r31="0.7777338" r32="0" r33="-0.628598" r34="0" r41="2059.798" r42="-11.102833" r43="1808.2808" r44="1"></containerEntry>
          <containerEntry r11="-0.999928" r12="0" r13="0.011913786" r14="0" r21="0" r22="1" r23="0" r24="0" r31="-0.011913786" r32="0" r33="-0.999928" r34="0" r41="2065.4958" r42="-11.17369" r43="1859.0483" r44="1"></containerEntry>
          <containerEntry r11="0.9843788" r12="0" r13="0.17605205" r14="0" r21="0" r22="1" r23="0" r24="0" r31="-0.17605205" r32="0" r33="0.9843788" r34="0" r41="2069.1746" r42="-11.172684" r43="1870.3306" r44="1"></containerEntry>
          <containerEntry r11="0.08243711" r12="0" r13="-0.9965947" r14="0" r21="0" r22="1" r23="0" r24="0" r31="0.9965947" r32="0" r33="0.08243711" r34="0" r41="2065.976" r42="-10.960872" r43="1861.8663" r44="1"></containerEntry>
          <containerEntry r11="0.9843788" r12="0" r13="0.17605205" r14="0" r21="0" r22="1" r23="0" r24="0" r31="-0.17605205" r32="0" r33="0.9843788" r34="0" r41="2111.8186" r42="-11.182042" r43="1867.5448" r44="1"></containerEntry>
          <containerEntry r11="-0.26900238" r12="0" r13="-0.9631378" r14="0" r21="0" r22="1" r23="0" r24="0" r31="0.9631378" r32="0" r33="-0.26900238" r34="0" r41="2110.9524" r42="-11.220871" r43="1872.1677" r44="1"></containerEntry>
        </property>
        <property name="colors" type="UInt32" container="DynamicArray" arraySize="14">
          <containerEntry>4294967295</containerEntry>
          <containerEntry>4294967295</containerEntry>
          <containerEntry>4294967295</containerEntry>
          <containerEntry>4294967295</containerEntry>
          <containerEntry>4294967295</containerEntry>
          <containerEntry>4294967295</containerEntry>
          <containerEntry>4294967295</containerEntry>
          <containerEntry>4294967295</containerEntry>
          <containerEntry>4294967295</containerEntry>
          <containerEntry>4294967295</containerEntry>
          <containerEntry>4294967295</containerEntry>
          <containerEntry>4294967295</containerEntry>
          <containerEntry>4294967295</containerEntry>
          <containerEntry>4294967295</containerEntry>
        </property>
      </staticProperties>
      <dynamicProperties></dynamicProperties>
    </entity>
    <entity class="StaticModelArray" classVersion="4" classID="0xD0" addr="0x2D7CF70" id="0x0">
      <staticProperties>
        <property name="name" type="String" container="StaticArray" arraySize="1">
          <containerEntry>StaticModelArray0003</containerEntry>
        </property>
        <property name="dataSet" type="EntityHandle" container="StaticArray" arraySize="1">
          <containerEntry>0x2EF47D0</containerEntry>
        </property>
        <property name="modelFile" type="FilePtr" container="StaticArray" arraySize="1">
          <containerEntry>/Assets/tpp/environ/object/middle_africa/rock/mafr_rock007/scenes/mafr_rock007.fmdl</containerEntry>
        </property>
        <property name="geomFile" type="FilePtr" container="StaticArray" arraySize="1">
          <containerEntry>/Assets/tpp/environ/object/middle_africa/rock/mafr_rock007/scenes/mafr_rock007.geom</containerEntry>
        </property>
        <property name="isVisibleGeom" type="Bool" container="StaticArray" arraySize="1">
          <containerEntry>false</containerEntry>
        </property>
        <property name="lodFarSize" type="Float" container="StaticArray" arraySize="1">
          <containerEntry>-1</containerEntry>
        </property>
        <property name="lodNearSize" type="Float" container="StaticArray" arraySize="1">
          <containerEntry>-1</containerEntry>
        </property>
        <property name="lodPolygonSize" type="Float" container="StaticArray" arraySize="1">
          <containerEntry>-1</containerEntry>
        </property>
        <property name="drawRejectionLevel" type="Int32" container="StaticArray" arraySize="1">
          <containerEntry>8</containerEntry>
        </property>
        <property name="drawMode" type="Int32" container="StaticArray" arraySize="1">
          <containerEntry>0</containerEntry>
        </property>
        <property name="rejectFarRangeShadowCast" type="Int32" container="StaticArray" arraySize="1">
          <containerEntry>2</containerEntry>
        </property>
        <property name="parentLocator" type="EntityLink" container="StaticArray" arraySize="1">
          <containerEntry packagePathHash="0xB8A0BF169F98" archivePathHash="0xB8A0BF169F98" nameInArchiveHash="0xB8A0BF169F98">0x0</containerEntry>
        </property>
        <property name="transforms" type="Matrix4" container="DynamicArray" arraySize="10">
          <containerEntry r11="-0.9993839" r12="0" r13="0.035084594" r14="0" r21="0" r22="1" r23="0" r24="0" r31="-0.035084594" r32="0" r33="-0.9993839" r34="0" r41="2089.9688" r42="-11.910871" r43="1812.986" r44="1"></containerEntry>
          <containerEntry r11="-0.99938464" r12="6.1281025e-07" r13="0.035084676" r14="0" r21="-0.021228941" r22="0.7961561" r23="-0.60471874" r24="0" r31="-0.027933251" r32="-0.6050913" r33="-0.7956663" r34="0" r41="2103.7507" r42="-11.248787" r43="1843.0779" r44="1"></containerEntry>
          <containerEntry r11="-0.9993867" r12="4.3259976e-07" r13="0.035085008" r14="0" r21="-0.005288446" r22="0.9885727" r23="-0.150652" r24="0" r31="-0.034684144" r32="-0.15074496" r33="-0.9879665" r34="0" r41="2129.5298" r42="-10.980793" r43="1851.6682" r44="1"></containerEntry>
          <containerEntry r11="-0.99938464" r12="6.1281025e-07" r13="0.035084676" r14="0" r21="-0.021228941" r22="0.7961561" r23="-0.60471874" r24="0" r31="-0.027933251" r32="-0.6050913" r33="-0.7956663" r34="0" r41="2083.8923" r42="-11.102833" r43="1884.5458" r44="1"></containerEntry>
          <containerEntry r11="-0.10413687" r12="0.025938734" r13="-0.9942239" r14="0" r21="0.056009196" r22="0.99822634" r23="0.020176588" r24="0" r31="0.9929839" r32="-0.053584576" r33="-0.10540497" r34="0" r41="2081.0078" r42="-11.102834" r43="1885.2753" r44="1"></containerEntry>
          <containerEntry r11="-0.24437144" r12="0.14480929" r13="0.9588098" r14="0" r21="-0.034012087" r22="0.98689795" r23="-0.15772015" r24="0" r31="-0.96908677" r32="-0.07115328" r33="-0.23624443" r34="0" r41="2131.2434" r42="-11.412825" r43="1849.8903" r44="1"></containerEntry>
          <containerEntry r11="-0.2541811" r12="0.14437751" r13="0.95632064" r14="0" r21="-0.0052888915" r22="0.98857266" r23="-0.15065242" r24="0" r31="-0.9671433" r32="-0.043350857" r33="-0.25051284" r34="0" r41="2112.703" r42="-11.298446" r43="1861.9138" r44="1"></containerEntry>
          <containerEntry r11="0.85319096" r12="0.08304023" r13="0.51494646" r14="0" r21="-0.31926093" r22="0.8638483" r23="0.38966507" r24="0" r31="-0.41247788" r32="-0.49686086" r33="0.763539" r34="0" r41="2114.6763" r42="-10.993468" r43="1864.7063" r44="1"></containerEntry>
          <containerEntry r11="-0.9993859" r12="5.129259e-07" r13="0.03508467" r14="0" r21="0.000759326" r22="0.9997661" r23="0.021614747" r24="0" r31="-0.03507645" r32="0.02162808" r33="-0.9991521" r34="0" r41="2088.9546" r42="-11.220871" r43="1856.9454" r44="1"></containerEntry>
          <containerEntry r11="-0.7199033" r12="0.17157075" r13="-0.6725387" r14="0" r21="0.09307018" r22="0.98407876" r23="0.15142265" r24="0" r31="0.68780935" r32="0.04641629" r33="-0.72440827" r34="0" r41="2092.0012" r42="-11.030053" r43="1856.1129" r44="1"></containerEntry>
        </property>
        <property name="colors" type="UInt32" container="DynamicArray" arraySize="10">
          <containerEntry>4294967295</containerEntry>
          <containerEntry>4294967295</containerEntry>
          <containerEntry>4294967295</containerEntry>
          <containerEntry>4294967295</containerEntry>
          <containerEntry>4294967295</containerEntry>
          <containerEntry>4294967295</containerEntry>
          <containerEntry>4294967295</containerEntry>
          <containerEntry>4294967295</containerEntry>
          <containerEntry>4294967295</containerEntry>
          <containerEntry>4294967295</containerEntry>
        </property>
      </staticProperties>
      <dynamicProperties></dynamicProperties>
    </entity>
    <entity class="StaticModelArray" classVersion="4" classID="0xD0" addr="0x2D7C8E0" id="0x0">
      <staticProperties>
        <property name="name" type="String" container="StaticArray" arraySize="1">
          <containerEntry>StaticModelArray0004</containerEntry>
        </property>
        <property name="dataSet" type="EntityHandle" container="StaticArray" arraySize="1">
          <containerEntry>0x2EF47D0</containerEntry>
        </property>
        <property name="modelFile" type="FilePtr" container="StaticArray" arraySize="1">
          <containerEntry>/Assets/tpp/environ/object/middle_africa/tree/mafr_tree010/scenes/mafr_tree010_dead004.fmdl</containerEntry>
        </property>
        <property name="geomFile" type="FilePtr" container="StaticArray" arraySize="1">
          <containerEntry>/Assets/tpp/environ/object/middle_africa/tree/mafr_tree010/scenes/mafr_tree010_dead004.geom</containerEntry>
        </property>
        <property name="isVisibleGeom" type="Bool" container="StaticArray" arraySize="1">
          <containerEntry>false</containerEntry>
        </property>
        <property name="lodFarSize" type="Float" container="StaticArray" arraySize="1">
          <containerEntry>-1</containerEntry>
        </property>
        <property name="lodNearSize" type="Float" container="StaticArray" arraySize="1">
          <containerEntry>-1</containerEntry>
        </property>
        <property name="lodPolygonSize" type="Float" container="StaticArray" arraySize="1">
          <containerEntry>-1</containerEntry>
        </property>
        <property name="drawRejectionLevel" type="Int32" container="StaticArray" arraySize="1">
          <containerEntry>8</containerEntry>
        </property>
        <property name="drawMode" type="Int32" container="StaticArray" arraySize="1">
          <containerEntry>0</containerEntry>
        </property>
        <property name="rejectFarRangeShadowCast" type="Int32" container="StaticArray" arraySize="1">
          <containerEntry>2</containerEntry>
        </property>
        <property name="parentLocator" type="EntityLink" container="StaticArray" arraySize="1">
          <containerEntry packagePathHash="0xB8A0BF169F98" archivePathHash="0xB8A0BF169F98" nameInArchiveHash="0xB8A0BF169F98">0x0</containerEntry>
        </property>
        <property name="transforms" type="Matrix4" container="DynamicArray" arraySize="2">
          <containerEntry r11="0.8964964" r12="-0.0076033864" r13="0.4429856" r14="0" r21="0.01441507" r22="0.999824" r23="-0.012011685" r24="0" r31="-0.44281626" r32="0.017154107" r33="0.89644814" r34="0" r41="2067.5957" r42="-11.28646" r43="1819.6925" r44="1"></containerEntry>
          <containerEntry r11="-0.8266194" r12="0.005155046" r13="-0.5627366" r14="0" r21="-0.014416462" r22="-0.9998231" r23="0.012017694" r24="0" r31="-0.5625755" r32="0.01804674" r33="0.8265488" r34="0" r41="2065.8105" r42="-10.803571" r43="1820.6028" r44="1"></containerEntry>
        </property>
        <property name="colors" type="UInt32" container="DynamicArray" arraySize="2">
          <containerEntry>4294967295</containerEntry>
          <containerEntry>4294967295</containerEntry>
        </property>
      </staticProperties>
      <dynamicProperties></dynamicProperties>
    </entity>
    <entity class="TexturePackLoadConditioner" classVersion="0" classID="0x48" addr="0x2D7D360" id="0x0">
      <staticProperties>
        <property name="name" type="String" container="StaticArray" arraySize="1">
          <containerEntry>TexturePackLoadConditioner0000</containerEntry>
        </property>
        <property name="dataSet" type="EntityHandle" container="StaticArray" arraySize="1">
          <containerEntry>0x2EF47D0</containerEntry>
        </property>
        <property name="texturePackPath" type="Path" container="StaticArray" arraySize="1">
          <containerEntry hash="0xB8A0BF169F98"></containerEntry>
        </property>
      </staticProperties>
      <dynamicProperties></dynamicProperties>
    </entity>
  </entities>
</fox>