<fox formatVersion="2" fileVersion="0">
  <entities>
    <entity class="DataSet" classVersion="0" classID="0xE8" addr="0x2EE2C40" id="0xBCF34E">
      <staticProperties>
        <property name="name" type="String" container="StaticArray" arraySize="1">
          <containerEntry hash="0xB8A0BF169F98"></containerEntry>
        </property>
        <property name="dataSet" type="EntityHandle" container="StaticArray" arraySize="1">
          <containerEntry>0x0</containerEntry>
        </property>
        <property name="dataList" type="EntityPtr" container="StringMap" arraySize="9">
          <containerEntry key="StaticModelArray0000">
            <data>0x2EE02B0</data>
          </containerEntry>
          <containerEntry key="StaticModelArray0001">
            <data>0x2EE0390</data>
          </containerEntry>
          <containerEntry key="StaticModelArray0002">
            <data>0x2EE0160</data>
          </containerEntry>
          <containerEntry key="StaticModelArray0003">
            <data>0x2D7FBA0</data>
          </containerEntry>
          <containerEntry key="StaticModelArray0004">
            <data>0x2D7FC10</data>
          </containerEntry>
          <containerEntry key="StaticModelArray0005">
            <data>0x2D7FB30</data>
          </containerEntry>
          <containerEntry key="StaticModelArray0006">
            <data>0x2D7FC80</data>
          </containerEntry>
          <containerEntry key="StaticModelArray0007">
            <data>0x2D7FCF0</data>
          </containerEntry>
          <containerEntry key="TexturePackLoadConditioner0000">
            <data>0x2EE0A90</data>
          </containerEntry>
        </property>
      </staticProperties>
      <dynamicProperties></dynamicProperties>
    </entity>
    <entity class="StaticModelArray" classVersion="4" classID="0xD0" addr="0x2EE02B0" id="0x0">
      <staticProperties>
        <property name="name" type="String" container="StaticArray" arraySize="1">
          <containerEntry>StaticModelArray0000</containerEntry>
        </property>
        <property name="dataSet" type="EntityHandle" container="StaticArray" arraySize="1">
          <containerEntry>0x2EE2C40</containerEntry>
        </property>
        <property name="modelFile" type="FilePtr" container="StaticArray" arraySize="1">
          <containerEntry>/Assets/tpp/environ/object/afghanistan/rock/afgh_rock001/scenes/afgh_rock001.fmdl</containerEntry>
        </property>
        <property name="geomFile" type="FilePtr" container="StaticArray" arraySize="1">
          <containerEntry>/Assets/tpp/environ/object/afghanistan/rock/afgh_rock001/scenes/afgh_rock001.geom</containerEntry>
        </property>
        <property name="isVisibleGeom" type="Bool" container="StaticArray" arraySize="1">
          <containerEntry>false</containerEntry>
        </property>
        <property name="lodFarSize" type="Float" container="StaticArray" arraySize="1">
          <containerEntry>-1</containerEntry>
        </property>
        <property name="lodNearSize" type="Float" container="StaticArray" arraySize="1">
          <containerEntry>-1</containerEntry>
        </property>
        <property name="lodPolygonSize" type="Float" container="StaticArray" arraySize="1">
          <containerEntry>-1</containerEntry>
        </property>
        <property name="drawRejectionLevel" type="Int32" container="StaticArray" arraySize="1">
          <containerEntry>8</containerEntry>
        </property>
        <property name="drawMode" type="Int32" container="StaticArray" arraySize="1">
          <containerEntry>0</containerEntry>
        </property>
        <property name="rejectFarRangeShadowCast" type="Int32" container="StaticArray" arraySize="1">
          <containerEntry>2</containerEntry>
        </property>
        <property name="parentLocator" type="EntityLink" container="StaticArray" arraySize="1">
          <containerEntry packagePathHash="0xB8A0BF169F98" archivePathHash="0xB8A0BF169F98" nameInArchiveHash="0xB8A0BF169F98">0x0</containerEntry>
        </property>
        <property name="transforms" type="Matrix4" container="DynamicArray" arraySize="30">
          <containerEntry r11="-0.6427406" r12="-0.76134086" r13="-0.08506772" r14="0" r21="-0.33907926" r22="0.1831587" r23="0.9227536" r24="0" r31="-0.6869509" r32="0.62193966" r33="-0.37587577" r34="0" r41="728.59546" r42="304.32883" r43="1954.874" r44="1"></containerEntry>
          <containerEntry r11="-0.9486611" r12="-0.090104245" r13="0.3031704" r14="0" r21="-0.0794862" r22="0.9957174" r23="0.04720916" r24="0" r31="-0.30612585" r32="0.020687819" r33="-0.9517604" r34="0" r41="739.253" r42="302.0208" r43="1938.88" r44="1"></containerEntry>
          <containerEntry r11="0.6213456" r12="0.76350176" r13="-0.1760455" r14="0" r21="0.5254346" r22="-0.5726853" r23="-0.6292367" r24="0" r31="-0.5812447" r32="0.29847187" r33="-0.7570051" r34="0" r41="766.10986" r42="303.13324" r43="1924.387" r44="1"></containerEntry>
          <containerEntry r11="-0.9486611" r12="-0.090104245" r13="0.3031704" r14="0" r21="-0.0794862" r22="0.9957174" r23="0.04720916" r24="0" r31="-0.30612585" r32="0.020687819" r33="-0.9517604" r34="0" r41="700.53235" r42="300.14856" r43="1973.5518" r44="1"></containerEntry>
          <containerEntry r11="-0.94866276" r12="-0.09010355" r13="0.30317014" r14="0" r21="-0.00088250265" r22="0.9593111" r23="0.28234956" r24="0" r31="-0.31627524" r32="0.2675881" r33="-0.91014206" r34="0" r41="668.8553" r42="304.07184" r43="1952.4946" r44="1"></containerEntry>
          <containerEntry r11="-0.71428627" r12="-0.19820656" r13="0.67119366" r14="0" r21="-0.00088205934" r22="0.95931107" r23="0.28234953" r24="0" r31="-0.69984716" r32="0.20108753" r33="-0.6853974" r34="0" r41="665.737" r42="297.29666" r43="1989.514" r44="1"></containerEntry>
          <containerEntry r11="-0.71428627" r12="-0.19820656" r13="0.67119366" r14="0" r21="-0.00088205934" r22="0.95931107" r23="0.28234953" r24="0" r31="-0.69984716" r32="0.20108753" r33="-0.6853974" r34="0" r41="648.34894" r42="298.7604" r43="1989.0996" r44="1"></containerEntry>
          <containerEntry r11="-0.73837954" r12="-0.3367406" r13="0.58428824" r14="0" r21="0.1398972" r22="0.77107704" r23="0.62118256" r24="0" r31="-0.65970886" r32="0.5404117" r33="-0.52223736" r34="0" r41="655.4627" r42="303.52136" r43="1957.8483" r44="1"></containerEntry>
          <containerEntry r11="0.91525" r12="-0.39285174" r13="0.08935587" r14="0" r21="-0.36213323" r22="-0.8993768" r23="-0.2448842" r24="0" r31="0.17656867" r32="0.19177133" r33="-0.9654192" r34="0" r41="691.3404" r42="302.24844" r43="1935.6364" r44="1"></containerEntry>
          <containerEntry r11="0.8802171" r12="0.4081912" r13="0.24206877" r14="0" r21="0.44050038" r22="-0.8925213" r23="-0.09672679" r24="0" r31="0.17656952" r32="0.19177218" r33="-0.9654208" r34="0" r41="724.2985" r42="304.94382" r43="1966.5721" r44="1"></containerEntry>
          <containerEntry r11="0.26829046" r12="-0.04169367" r13="-0.96243423" r14="0" r21="0.13180126" r22="-0.9880762" r23="0.0795456" r24="0" r31="-0.95427793" r32="-0.14819148" r33="-0.2595938" r34="0" r41="717.23883" r42="302.30685" r43="1951.5951" r44="1"></containerEntry>
          <containerEntry r11="0.08760177" r12="-0.986477" r13="-0.13850923" r14="0" r21="-0.8980925" r22="-0.018048942" r23="-0.4394307" r24="0" r31="0.43098903" r32="0.16288836" r33="-0.8875286" r34="0" r41="728.261" r42="304.67825" r43="1957.8422" r44="1"></containerEntry>
          <containerEntry r11="-0.5981701" r12="-0.21858063" r13="0.77097917" r14="0" r21="-0.3256404" r22="0.94536865" r23="0.015369885" r24="0" r31="-0.732219" r32="-0.24186859" r33="-0.63666993" r34="0" r41="739.0767" r42="304.40778" r43="1949.0508" r44="1"></containerEntry>
          <containerEntry r11="-0.9486611" r12="-0.090104245" r13="0.3031704" r14="0" r21="-0.0794862" r22="0.9957174" r23="0.04720916" r24="0" r31="-0.30612585" r32="0.020687819" r33="-0.9517604" r34="0" r41="746.25684" r42="302.46454" r43="1924.429" r44="1"></containerEntry>
          <containerEntry r11="-0.5743396" r12="-0.8185744" r13="-0.008008197" r14="0" r21="0.7238778" r22="-0.5124166" r23="0.46197912" r24="0" r31="-0.38226855" r32="0.25953725" r33="0.8868544" r34="0" r41="642.79706" r42="300.7835" r43="1970.933" r44="1"></containerEntry>
          <containerEntry r11="-0.8244121" r12="0.19573677" r13="-0.53105104" r14="0" r21="-0.0024911538" r22="0.93702984" r23="0.3492396" r24="0" r31="0.5659698" r32="0.28924316" r33="-0.77201056" r34="0" r41="650.4652" r42="305.1776" r43="1952.6594" r44="1"></containerEntry>
          <containerEntry r11="-0.71428627" r12="-0.19820656" r13="0.67119366" r14="0" r21="-0.00088205934" r22="0.95931107" r23="0.28234953" r24="0" r31="-0.69984716" r32="0.20108753" r33="-0.6853974" r34="0" r41="665.1221" r42="290.9848" r43="2022.539" r44="1"></containerEntry>
          <containerEntry r11="0.68287414" r12="-0.09309606" r13="-0.72457844" r14="0" r21="-0.024539623" r22="-0.9942035" r23="0.104611665" r24="0" r31="-0.73012227" r32="-0.05365555" r33="-0.68119824" r34="0" r41="662.03406" r42="289.863" r43="2030.8907" r44="1"></containerEntry>
          <containerEntry r11="0.48584893" r12="0.6602372" r13="-0.57274294" r14="0" r21="0.48048759" r22="-0.7491306" r23="-0.45598668" r24="0" r31="-0.7301228" r32="-0.053656816" r33="-0.6811982" r34="0" r41="681.754" r42="294.2358" r43="2028.2167" r44="1"></containerEntry>
          <containerEntry r11="-0.43314093" r12="0.22824308" r13="-0.8719447" r14="0" r21="0.13374275" r22="-0.9404162" r23="-0.3126044" r24="0" r31="-0.8913447" r32="-0.25201932" r33="0.37681308" r34="0" r41="691.229" r42="296.11838" r43="2033.7288" r44="1"></containerEntry>
          <containerEntry r11="0.48584893" r12="0.6602372" r13="-0.57274294" r14="0" r21="0.48048759" r22="-0.7491306" r23="-0.45598668" r24="0" r31="-0.7301228" r32="-0.053656816" r33="-0.6811982" r34="0" r41="705.25653" r42="299.3899" r43="2034.1023" r44="1"></containerEntry>
          <containerEntry r11="-0.19517583" r12="0.4155551" r13="-0.8883755" r14="0" r21="0.48048654" r22="-0.74912953" r23="-0.45598674" r24="0" r31="-0.85500276" r32="-0.5158539" r33="-0.05344923" r34="0" r41="716.56964" r42="307.83014" r43="2037.5465" r44="1"></containerEntry>
          <containerEntry r11="0.48584816" r12="0.6602376" r13="-0.57274294" r14="0" r21="0.7048772" r22="-0.6834278" r23="-0.18990362" r24="0" r31="-0.5168135" r32="-0.31145078" r33="-0.79742724" r34="0" r41="727.5824" r42="314.08838" r43="2031.9807" r44="1"></containerEntry>
          <containerEntry r11="0.29985756" r12="0.52972233" r13="-0.7933946" r14="0" r21="0.26613653" r22="-0.8450921" r23="-0.46365792" r24="0" r31="-0.9161071" r32="-0.072121724" r33="-0.394382" r34="0" r41="715.83154" r42="307.42734" r43="2029.9814" r44="1"></containerEntry>
          <containerEntry r11="0.48584893" r12="0.6602372" r13="-0.57274294" r14="0" r21="0.48048759" r22="-0.7491306" r23="-0.45598668" r24="0" r31="-0.7301228" r32="-0.053656816" r33="-0.6811982" r34="0" r41="644" r42="283.61026" r43="2042" r44="1"></containerEntry>
          <containerEntry r11="-0.31865758" r12="0.019493807" r13="-0.947664" r14="0" r21="-0.0794861" r22="0.9957174" r23="0.04721019" r24="0" r31="0.94452584" r32="0.090370536" r33="-0.3157434" r34="0" r41="751.2702" r42="302.64093" r43="1925.9849" r44="1"></containerEntry>
          <containerEntry r11="-0.7137672" r12="0.08232559" r13="0.69551903" r14="0" r21="-0.14882615" r22="-0.98820937" r23="-0.03576112" r24="0" r31="0.6843793" r32="-0.12903713" r33="0.71761584" r34="0" r41="752.4411" r42="302.0009" r43="1927.3582" r44="1"></containerEntry>
          <containerEntry r11="0.9782968" r12="-0.20716862" r13="-0.0040691276" r14="0" r21="0.20716862" r22="0.9775339" r23="0.038842004" r24="0" r31="-0.0040691276" r32="-0.038842004" r33="0.99923706" r34="0" r41="736.35126" r42="316.88846" r43="2040.9463" r44="1"></containerEntry>
          <containerEntry r11="0.9782968" r12="-0.20716862" r13="-0.0040691276" r14="0" r21="0.20716862" r22="0.9775339" r23="0.038842004" r24="0" r31="-0.0040691276" r32="-0.038842004" r33="0.99923706" r34="0" r41="757.83014" r42="314.4363" r43="2030.0863" r44="1"></containerEntry>
          <containerEntry r11="-0.71428627" r12="-0.19820656" r13="0.67119366" r14="0" r21="-0.00088205934" r22="0.95931107" r23="0.28234953" r24="0" r31="-0.69984716" r32="0.20108753" r33="-0.6853974" r34="0" r41="681.7383" r42="292.21027" r43="2042.0762" r44="1"></containerEntry>
        </property>
        <property name="colors" type="UInt32" container="DynamicArray" arraySize="30">
          <containerEntry>4294967295</containerEntry>
          <containerEntry>4294967295</containerEntry>
          <containerEntry>4294967295</containerEntry>
          <containerEntry>4294967295</containerEntry>
          <containerEntry>4294967295</containerEntry>
          <containerEntry>4294967295</containerEntry>
          <containerEntry>4294967295</containerEntry>
          <containerEntry>4294967295</containerEntry>
          <containerEntry>4294967295</containerEntry>
          <containerEntry>4294967295</containerEntry>
          <containerEntry>4294967295</containerEntry>
          <containerEntry>4294967295</containerEntry>
          <containerEntry>4294967295</containerEntry>
          <containerEntry>4294967295</containerEntry>
          <containerEntry>4294967295</containerEntry>
          <containerEntry>4294967295</containerEntry>
          <containerEntry>4294967295</containerEntry>
          <containerEntry>4294967295</containerEntry>
          <containerEntry>4294967295</containerEntry>
          <containerEntry>4294967295</containerEntry>
          <containerEntry>4294967295</containerEntry>
          <containerEntry>4294967295</containerEntry>
          <containerEntry>4294967295</containerEntry>
          <containerEntry>4294967295</containerEntry>
          <containerEntry>4294967295</containerEntry>
          <containerEntry>4294967295</containerEntry>
          <containerEntry>4294967295</containerEntry>
          <containerEntry>4294967295</containerEntry>
          <containerEntry>4294967295</containerEntry>
          <containerEntry>4294967295</containerEntry>
        </property>
      </staticProperties>
      <dynamicProperties></dynamicProperties>
    </entity>
    <entity class="StaticModelArray" classVersion="4" classID="0xD0" addr="0x2EE0390" id="0x0">
      <staticProperties>
        <property name="name" type="String" container="StaticArray" arraySize="1">
          <containerEntry>StaticModelArray0001</containerEntry>
        </property>
        <property name="dataSet" type="EntityHandle" container="StaticArray" arraySize="1">
          <containerEntry>0x2EE2C40</containerEntry>
        </property>
        <property name="modelFile" type="FilePtr" container="StaticArray" arraySize="1">
          <containerEntry>/Assets/tpp/environ/object/afghanistan/rock/afgh_rock009/scenes/afgh_rock009_rock002.fmdl</containerEntry>
        </property>
        <property name="geomFile" type="FilePtr" container="StaticArray" arraySize="1">
          <containerEntry>/Assets/tpp/environ/object/afghanistan/rock/afgh_rock009/scenes/afgh_rock009_rock002.geom</containerEntry>
        </property>
        <property name="isVisibleGeom" type="Bool" container="StaticArray" arraySize="1">
          <containerEntry>false</containerEntry>
        </property>
        <property name="lodFarSize" type="Float" container="StaticArray" arraySize="1">
          <containerEntry>-1</containerEntry>
        </property>
        <property name="lodNearSize" type="Float" container="StaticArray" arraySize="1">
          <containerEntry>-1</containerEntry>
        </property>
        <property name="lodPolygonSize" type="Float" container="StaticArray" arraySize="1">
          <containerEntry>-1</containerEntry>
        </property>
        <property name="drawRejectionLevel" type="Int32" container="StaticArray" arraySize="1">
          <containerEntry>8</containerEntry>
        </property>
        <property name="drawMode" type="Int32" container="StaticArray" arraySize="1">
          <containerEntry>0</containerEntry>
        </property>
        <property name="rejectFarRangeShadowCast" type="Int32" container="StaticArray" arraySize="1">
          <containerEntry>2</containerEntry>
        </property>
        <property name="parentLocator" type="EntityLink" container="StaticArray" arraySize="1">
          <containerEntry packagePathHash="0xB8A0BF169F98" archivePathHash="0xB8A0BF169F98" nameInArchiveHash="0xB8A0BF169F98">0x0</containerEntry>
        </property>
        <property name="transforms" type="Matrix4" container="DynamicArray" arraySize="16">
          <containerEntry r11="0.9353814" r12="0.025378218" r13="-0.35272658" r14="0" r21="-0.023207398" r22="-0.9908433" r23="-0.1328327" r24="0" r31="-0.35287607" r32="0.13243511" r33="-0.9262259" r34="0" r41="727.0033" r42="303.99246" r43="1953.7753" r44="1"></containerEntry>
          <containerEntry r11="0.15362194" r12="-0.9793013" r13="-0.13171911" r14="0" r21="0.03985375" r22="0.13934451" r23="-0.98943174" r24="0" r31="0.9873159" r32="0.14673927" r33="0.060443997" r34="0" r41="725.7808" r42="302.13373" r43="1945.4155" r44="1"></containerEntry>
          <containerEntry r11="0.18588275" r12="0.08061014" r13="0.97925025" r14="0" r21="0.27952778" r22="-0.9597634" r23="0.025949866" r24="0" r31="0.9419624" r32="0.2689074" r33="-0.20091815" r34="0" r41="733.24646" r42="303.181" r43="1946.4021" r44="1"></containerEntry>
          <containerEntry r11="-0.5348622" r12="0.02159834" r13="0.8446414" r14="0" r21="-0.1282517" r22="-0.99014103" r23="-0.055896934" r24="0" r31="0.83512694" r32="-0.13822618" r33="0.5323958" r34="0" r41="759.612" r42="303.90625" r43="1953.5797" r44="1"></containerEntry>
          <containerEntry r11="0.038222745" r12="0.9987234" r13="0.03264907" r14="0" r21="0.577705" r22="-0.04872507" r23="0.81477356" r24="0" r31="0.81533504" r32="-0.012271076" r33="-0.5788244" r34="0" r41="743.62067" r42="304.8647" r43="1953.4822" r44="1"></containerEntry>
          <containerEntry r11="-0.10806021" r12="0.98233867" r13="0.15265086" r14="0" r21="0.504683" r22="-0.07806301" r23="0.8597503" r24="0" r31="0.8564967" r32="0.16995975" r33="-0.4873243" r34="0" r41="744.22375" r42="303.77722" r43="1948.6779" r44="1"></containerEntry>
          <containerEntry r11="0.17919743" r12="0.048856586" r13="0.9825889" r14="0" r21="0.19039358" r22="-0.9815816" r23="0.014086939" r24="0" r31="0.96520364" r32="0.18455675" r33="-0.18517873" r34="0" r41="722.1909" r42="305.56845" r43="1975.4011" r44="1"></containerEntry>
          <containerEntry r11="0.9579823" r12="0.18890913" r13="0.21582924" r14="0" r21="0.19039403" r22="-0.98158294" r23="0.014086677" r24="0" r31="0.21452047" r32="0.027598305" r33="-0.97630566" r34="0" r41="716.739" r42="305.28094" r43="1978.3452" r44="1"></containerEntry>
          <containerEntry r11="-0.17183346" r12="-0.98278856" r13="-0.067581505" r14="0" r21="-0.55833364" r22="0.15370244" r23="-0.81523955" r24="0" r31="0.81160593" r32="-0.102365196" r33="-0.5751289" r34="0" r41="687.0232" r42="302.16495" r43="1937.6038" r44="1"></containerEntry>
          <containerEntry r11="-0.9356839" r12="0.18733002" r13="0.29891285" r14="0" r21="0.2443531" r22="0.95533603" r23="0.16620296" r24="0" r31="-0.2544268" r32="0.22855926" r33="-0.9396666" r34="0" r41="677.5861" r42="302.55664" r43="1948.8022" r44="1"></containerEntry>
          <containerEntry r11="-0.5719855" r12="0.0036069453" r13="0.8202279" r14="0" r21="0.080823965" r22="0.99537164" r23="0.051986903" r24="0" r31="-0.81624407" r32="0.09603198" r33="-0.5696296" r34="0" r41="659.51917" r42="306.15738" r43="1949.1924" r44="1"></containerEntry>
          <containerEntry r11="-0.051945206" r12="-0.047878742" r13="0.9974864" r14="0" r21="0.08082302" r22="0.99537176" r23="0.051986665" r24="0" r31="-0.99535877" r32="0.08332227" r33="-0.047834933" r34="0" r41="658.0178" r42="300.98538" r43="1963.8832" r44="1"></containerEntry>
          <containerEntry r11="0.7170991" r12="-0.09429429" r13="0.69055736" r14="0" r21="0.080823205" r22="0.9953717" r23="0.051986173" r24="0" r31="-0.69226336" r32="0.018534807" r33="0.72140145" r34="0" r41="641.72186" r42="303.41608" r43="1959.8761" r44="1"></containerEntry>
          <containerEntry r11="-0.12970817" r12="-0.95974946" r13="-0.24904886" r14="0" r21="0.39461315" r22="-0.2803808" r23="0.8750037" r24="0" r31="-0.909629" r32="0.015229583" r33="0.4151228" r34="0" r41="641.07275" r42="304.73486" r43="1954.543" r44="1"></containerEntry>
          <containerEntry r11="-0.5234747" r12="-0.27421066" r13="0.80668545" r14="0" r21="0.07519699" r22="0.92823166" r23="0.3643205" r24="0" r31="-0.84869206" r32="0.25138125" r33="-0.46528417" r34="0" r41="654.4106" r42="295.7169" r43="1997.4796" r44="1"></containerEntry>
          <containerEntry r11="-0.57752115" r12="-0.0590072" r13="0.81421304" r14="0" r21="-0.06876283" r22="0.99735606" r23="0.02350416" r24="0" r31="-0.81344724" r32="-0.04241371" r33="-0.5800517" r34="0" r41="685.93866" r42="294.03796" r43="2034.1918" r44="1"></containerEntry>
        </property>
        <property name="colors" type="UInt32" container="DynamicArray" arraySize="16">
          <containerEntry>4294967295</containerEntry>
          <containerEntry>4294967295</containerEntry>
          <containerEntry>4294967295</containerEntry>
          <containerEntry>4294967295</containerEntry>
          <containerEntry>4294967295</containerEntry>
          <containerEntry>4294967295</containerEntry>
          <containerEntry>4294967295</containerEntry>
          <containerEntry>4294967295</containerEntry>
          <containerEntry>4294967295</containerEntry>
          <containerEntry>4294967295</containerEntry>
          <containerEntry>4294967295</containerEntry>
          <containerEntry>4294967295</containerEntry>
          <containerEntry>4294967295</containerEntry>
          <containerEntry>4294967295</containerEntry>
          <containerEntry>4294967295</containerEntry>
          <containerEntry>4294967295</containerEntry>
        </property>
      </staticProperties>
      <dynamicProperties></dynamicProperties>
    </entity>
    <entity class="StaticModelArray" classVersion="4" classID="0xD0" addr="0x2EE0160" id="0x0">
      <staticProperties>
        <property name="name" type="String" container="StaticArray" arraySize="1">
          <containerEntry>StaticModelArray0002</containerEntry>
        </property>
        <property name="dataSet" type="EntityHandle" container="StaticArray" arraySize="1">
          <containerEntry>0x2EE2C40</containerEntry>
        </property>
        <property name="modelFile" type="FilePtr" container="StaticArray" arraySize="1">
          <containerEntry>/Assets/tpp/environ/object/afghanistan/rock/afgh_rock009/scenes/afgh_rock009_rock001.fmdl</containerEntry>
        </property>
        <property name="geomFile" type="FilePtr" container="StaticArray" arraySize="1">
          <containerEntry>/Assets/tpp/environ/object/afghanistan/rock/afgh_rock009/scenes/afgh_rock009_rock001.geom</containerEntry>
        </property>
        <property name="isVisibleGeom" type="Bool" container="StaticArray" arraySize="1">
          <containerEntry>false</containerEntry>
        </property>
        <property name="lodFarSize" type="Float" container="StaticArray" arraySize="1">
          <containerEntry>-1</containerEntry>
        </property>
        <property name="lodNearSize" type="Float" container="StaticArray" arraySize="1">
          <containerEntry>-1</containerEntry>
        </property>
        <property name="lodPolygonSize" type="Float" container="StaticArray" arraySize="1">
          <containerEntry>-1</containerEntry>
        </property>
        <property name="drawRejectionLevel" type="Int32" container="StaticArray" arraySize="1">
          <containerEntry>8</containerEntry>
        </property>
        <property name="drawMode" type="Int32" container="StaticArray" arraySize="1">
          <containerEntry>0</containerEntry>
        </property>
        <property name="rejectFarRangeShadowCast" type="Int32" container="StaticArray" arraySize="1">
          <containerEntry>2</containerEntry>
        </property>
        <property name="parentLocator" type="EntityLink" container="StaticArray" arraySize="1">
          <containerEntry packagePathHash="0xB8A0BF169F98" archivePathHash="0xB8A0BF169F98" nameInArchiveHash="0xB8A0BF169F98">0x0</containerEntry>
        </property>
        <property name="transforms" type="Matrix4" container="DynamicArray" arraySize="7">
          <containerEntry r11="-0.7164929" r12="0.11537743" r13="-0.6879844" r14="0" r21="0.089736395" r22="0.9932777" r23="0.07312105" r24="0" r31="0.6917961" r32="-0.00934647" r33="-0.72203" r34="0" r41="680.1336" r42="303.5948" r43="1936.5802" r44="1"></containerEntry>
          <containerEntry r11="0.064328015" r12="-0.97644025" r13="0.20597142" r14="0" r21="-0.24973208" r22="0.18408144" r23="0.9506556" r24="0" r31="-0.9661748" r32="-0.11259043" r33="-0.23200625" r34="0" r41="759.3593" r42="302.55954" r43="1925.2762" r44="1"></containerEntry>
          <containerEntry r11="0.37433475" r12="-0.92377764" r13="0.08065963" r14="0" r21="0.10818249" r22="0.12989783" r23="0.9856063" r24="0" r31="-0.9209602" r32="-0.36021957" r33="0.14856309" r34="0" r41="719.613" r42="304.5149" r43="1968.6206" r44="1"></containerEntry>
          <containerEntry r11="0.3609712" r12="-0.9250393" r13="-0.11832021" r14="0" r21="0.8573607" r22="0.27925774" r23="0.4323714" r24="0" r31="-0.36691964" r32="-0.2575164" r33="0.8938987" r34="0" r41="703.2268" r42="300.5842" r43="1972.7677" r44="1"></containerEntry>
          <containerEntry r11="0.25345758" r12="0.18952817" r13="0.9485965" r14="0" r21="-0.95018035" r22="0.23268956" r23="0.20738807" r24="0" r31="-0.18142113" r32="-0.9539033" r33="0.23906437" r34="0" r41="692.95416" r42="304.98087" r43="1929.5753" r44="1"></containerEntry>
          <containerEntry r11="-0.021268368" r12="-0.99403363" r13="0.10696381" r14="0" r21="0.7496298" r22="0.054935023" r23="0.6595712" r24="0" r31="-0.6615129" r32="0.0942125" r33="0.7439918" r34="0" r41="674" r42="291.8363" r43="2030" r44="1"></containerEntry>
          <containerEntry r11="0.32576197" r12="-0.9398817" r13="0.102466285" r14="0" r21="-0.7325059" r22="-0.1823793" r23="0.65587264" r24="0" r31="-0.5977558" r32="-0.28871495" r33="-0.74788094" r34="0" r41="763.1451" r42="304.18155" r43="1964.3638" r44="1"></containerEntry>
        </property>
        <property name="colors" type="UInt32" container="DynamicArray" arraySize="7">
          <containerEntry>4294967295</containerEntry>
          <containerEntry>4294967295</containerEntry>
          <containerEntry>4294967295</containerEntry>
          <containerEntry>4294967295</containerEntry>
          <containerEntry>4294967295</containerEntry>
          <containerEntry>4294967295</containerEntry>
          <containerEntry>4294967295</containerEntry>
        </property>
      </staticProperties>
      <dynamicProperties></dynamicProperties>
    </entity>
    <entity class="StaticModelArray" classVersion="4" classID="0xD0" addr="0x2D7FBA0" id="0x0">
      <staticProperties>
        <property name="name" type="String" container="StaticArray" arraySize="1">
          <containerEntry>StaticModelArray0003</containerEntry>
        </property>
        <property name="dataSet" type="EntityHandle" container="StaticArray" arraySize="1">
          <containerEntry>0x2EE2C40</containerEntry>
        </property>
        <property name="modelFile" type="FilePtr" container="StaticArray" arraySize="1">
          <containerEntry>/Assets/tpp/environ/object/afghanistan/cliff/afgh_clff025/scenes/afgh_clff025.fmdl</containerEntry>
        </property>
        <property name="geomFile" type="FilePtr" container="StaticArray" arraySize="1">
          <containerEntry>/Assets/tpp/environ/object/afghanistan/cliff/afgh_clff025/scenes/afgh_clff025.geom</containerEntry>
        </property>
        <property name="isVisibleGeom" type="Bool" container="StaticArray" arraySize="1">
          <containerEntry>false</containerEntry>
        </property>
        <property name="lodFarSize" type="Float" container="StaticArray" arraySize="1">
          <containerEntry>-1</containerEntry>
        </property>
        <property name="lodNearSize" type="Float" container="StaticArray" arraySize="1">
          <containerEntry>-1</containerEntry>
        </property>
        <property name="lodPolygonSize" type="Float" container="StaticArray" arraySize="1">
          <containerEntry>-1</containerEntry>
        </property>
        <property name="drawRejectionLevel" type="Int32" container="StaticArray" arraySize="1">
          <containerEntry>8</containerEntry>
        </property>
        <property name="drawMode" type="Int32" container="StaticArray" arraySize="1">
          <containerEntry>0</containerEntry>
        </property>
        <property name="rejectFarRangeShadowCast" type="Int32" container="StaticArray" arraySize="1">
          <containerEntry>2</containerEntry>
        </property>
        <property name="parentLocator" type="EntityLink" container="StaticArray" arraySize="1">
          <containerEntry packagePathHash="0xB8A0BF169F98" archivePathHash="0xB8A0BF169F98" nameInArchiveHash="0xB8A0BF169F98">0x0</containerEntry>
        </property>
        <property name="transforms" type="Matrix4" container="DynamicArray" arraySize="4">
          <containerEntry r11="0.94788975" r12="0.0033195787" r13="-0.31858137" r14="0" r21="0.0029485272" r22="0.99981153" r23="0.019190812" r24="0" r31="0.318585" r32="-0.01913012" r33="0.9477013" r34="0" r41="646.6772" r42="304.93594" r43="1950.9987" r44="1"></containerEntry>
          <containerEntry r11="0.7655296" r12="0.010089937" r13="-0.64332134" r14="0" r21="0.0029496832" r22="0.9998115" r23="0.019191178" r24="0" r31="0.6433937" r32="-0.016589006" r33="0.76535547" r34="0" r41="674.39325" r42="304.09726" r43="1941.0945" r44="1"></containerEntry>
          <containerEntry r11="0.8581047" r12="0" r13="0.51347446" r14="0" r21="0" r22="1" r23="0" r24="0" r31="-0.51347446" r32="0" r33="0.8581047" r34="0" r41="666.78754" r42="287.80682" r43="2042.3691" r44="1"></containerEntry>
          <containerEntry r11="0.91137654" r12="0.15923434" r13="-0.3795221" r14="0" r21="-0.14699826" r22="0.9872408" r23="0.06121351" r24="0" r31="0.384427" r32="6.146729e-07" r33="0.92315525" r34="0" r41="676.5363" r42="289.1327" r43="2041.014" r44="1"></containerEntry>
        </property>
        <property name="colors" type="UInt32" container="DynamicArray" arraySize="4">
          <containerEntry>4294967295</containerEntry>
          <containerEntry>4294967295</containerEntry>
          <containerEntry>4294967295</containerEntry>
          <containerEntry>4294967295</containerEntry>
        </property>
      </staticProperties>
      <dynamicProperties></dynamicProperties>
    </entity>
    <entity class="StaticModelArray" classVersion="4" classID="0xD0" addr="0x2D7FC10" id="0x0">
      <staticProperties>
        <property name="name" type="String" container="StaticArray" arraySize="1">
          <containerEntry>StaticModelArray0004</containerEntry>
        </property>
        <property name="dataSet" type="EntityHandle" container="StaticArray" arraySize="1">
          <containerEntry>0x2EE2C40</containerEntry>
        </property>
        <property name="modelFile" type="FilePtr" container="StaticArray" arraySize="1">
          <containerEntry>/Assets/tpp/environ/object/afghanistan/rock/afgh_rock011/scenes/afgh_rock011.fmdl</containerEntry>
        </property>
        <property name="geomFile" type="FilePtr" container="StaticArray" arraySize="1">
          <containerEntry>/Assets/tpp/environ/object/afghanistan/rock/afgh_rock011/scenes/afgh_rock011.geom</containerEntry>
        </property>
        <property name="isVisibleGeom" type="Bool" container="StaticArray" arraySize="1">
          <containerEntry>false</containerEntry>
        </property>
        <property name="lodFarSize" type="Float" container="StaticArray" arraySize="1">
          <containerEntry>-1</containerEntry>
        </property>
        <property name="lodNearSize" type="Float" container="StaticArray" arraySize="1">
          <containerEntry>-1</containerEntry>
        </property>
        <property name="lodPolygonSize" type="Float" container="StaticArray" arraySize="1">
          <containerEntry>-1</containerEntry>
        </property>
        <property name="drawRejectionLevel" type="Int32" container="StaticArray" arraySize="1">
          <containerEntry>8</containerEntry>
        </property>
        <property name="drawMode" type="Int32" container="StaticArray" arraySize="1">
          <containerEntry>0</containerEntry>
        </property>
        <property name="rejectFarRangeShadowCast" type="Int32" container="StaticArray" arraySize="1">
          <containerEntry>2</containerEntry>
        </property>
        <property name="parentLocator" type="EntityLink" container="StaticArray" arraySize="1">
          <containerEntry packagePathHash="0xB8A0BF169F98" archivePathHash="0xB8A0BF169F98" nameInArchiveHash="0xB8A0BF169F98">0x0</containerEntry>
        </property>
        <property name="transforms" type="Matrix4" container="DynamicArray" arraySize="22">
          <containerEntry r11="0.96119624" r12="-0.23646353" r13="0.14207944" r14="0" r21="0.15471406" r22="0.8884856" r23="0.43203732" r24="0" r31="-0.22839686" r32="-0.39329085" r33="0.8905934" r34="0" r41="652.6283" r42="295.25342" r43="1993.4943" r44="1"></containerEntry>
          <containerEntry r11="0.9078243" r12="0.41664422" r13="0.04756298" r14="0" r21="-0.41451216" r22="0.9087391" r23="-0.048707783" r24="0" r31="-0.06351619" r32="0.024502607" r33="0.99767995" r34="0" r41="711.20886" r42="302.36795" r43="1998.9299" r44="1"></containerEntry>
          <containerEntry r11="0.45994318" r12="-0.34393704" r13="0.8186314" r14="0" r21="0.2169432" r22="0.93752414" r23="0.2719997" r24="0" r31="-0.8610376" r32="0.052492797" r33="0.5058228" r34="0" r41="661.36694" r42="298.13586" r43="1985.0923" r44="1"></containerEntry>
          <containerEntry r11="0.976723" r12="-0.10393095" r13="0.18764393" r14="0" r21="0.14457233" r22="0.965197" r23="-0.21792942" r24="0" r31="-0.15846364" r32="0.2399849" r33="0.9577558" r34="0" r41="752.11035" r42="302.9559" r43="1949.8853" r44="1"></containerEntry>
          <containerEntry r11="0.5095269" r12="0.056319073" r13="0.8586083" r14="0" r21="-0.019621907" r22="0.9983567" r23="-0.05384126" r24="0" r31="-0.8602297" r32="0.010585938" r33="0.5097947" r34="0" r41="684.5271" r42="297.75156" r43="2012.5627" r44="1"></containerEntry>
          <containerEntry r11="0.46857667" r12="-0.36396655" r13="0.8049607" r14="0" r21="0.24629946" r22="0.92887896" r23="0.2766227" r24="0" r31="-0.8483926" r32="0.068643235" r33="0.52489614" r34="0" r41="670.5024" r42="301.90695" r43="1952.0554" r44="1"></containerEntry>
          <containerEntry r11="-0.8065594" r12="-0.2959576" r13="-0.51172733" r14="0" r21="-0.2719272" r22="0.95437765" r23="-0.123364285" r24="0" r31="0.52489173" r32="0.039651826" r33="-0.8502411" r34="0" r41="683.1577" r42="297.37515" r43="2010.1876" r44="1"></containerEntry>
          <containerEntry r11="-0.83148515" r12="-0.22045921" r13="-0.50992376" r14="0" r21="-0.30837527" r22="0.94665176" r23="0.093567915" r24="0" r31="0.46209222" r32="0.23504892" r33="-0.85511094" r34="0" r41="658.80475" r42="288.1807" r43="2030.9198" r44="1"></containerEntry>
          <containerEntry r11="-0.16445792" r12="0.12274379" r13="-0.9787149" r14="0" r21="-0.28720734" r22="0.94327587" r23="0.16656035" r24="0" r31="0.9436423" r32="0.3084872" r33="-0.11987609" r34="0" r41="701.8032" r42="299.25217" r43="2031.1692" r44="1"></containerEntry>
          <containerEntry r11="-0.017215861" r12="-0.09694894" r13="0.9951375" r14="0" r21="-0.4275847" r22="0.90039957" r23="0.08032058" r24="0" r31="-0.90380806" r32="-0.42412376" r33="-0.05695486" r34="0" r41="709.7141" r42="304.2597" r43="2032.3306" r44="1"></containerEntry>
          <containerEntry r11="-0.079585895" r12="-0.18287402" r13="-0.97990716" r14="0" r21="-0.48406082" r22="0.8664337" r23="-0.12238118" r24="0" r31="0.87140465" r32="0.46459565" r33="-0.15747792" r34="0" r41="706.2889" r42="304.03497" r43="2015.3773" r44="1"></containerEntry>
          <containerEntry r11="0.8219396" r12="0.5692982" r13="-0.017717004" r14="0" r21="-0.5386372" r22="0.7668076" r23="-0.34910575" r24="0" r31="-0.18516028" r32="0.2964867" r33="0.9369157" r34="0" r41="707.25275" r42="304.1811" r43="2010.3397" r44="1"></containerEntry>
          <containerEntry r11="0.9888297" r12="-0.048670966" r13="0.14087898" r14="0" r21="0.05841462" r22="0.99611664" r23="-0.06587298" r24="0" r31="-0.13712579" r32="0.07336658" r33="0.98783284" r34="0" r41="756.88275" r42="303.48523" r43="1960.8455" r44="1"></containerEntry>
          <containerEntry r11="0.6349683" r12="-0.090853825" r13="-0.7671769" r14="0" r21="0.00066991895" r22="0.9931249" r23="-0.11705744" r24="0" r31="0.77253765" r32="0.07381378" r33="0.6306637" r34="0" r41="744.0541" r42="303.88293" r43="1961.5408" r44="1"></containerEntry>
          <containerEntry r11="-0.96934384" r12="-0.24566227" r13="0.0034864433" r14="0" r21="-0.23809803" r22="0.9428123" r23="0.23326805" r24="0" r31="-0.060592372" r32="0.22528803" r33="-0.97240084" r34="0" r41="706.9907" r42="303.3684" r43="2020.4207" r44="1"></containerEntry>
          <containerEntry r11="0.63108975" r12="0.273487" r13="0.72589946" r14="0" r21="-0.11051172" r22="0.95794106" r23="-0.2648321" r24="0" r31="-0.7677971" r32="0.08691233" r33="0.6347704" r34="0" r41="741.8961" r42="307.79517" r43="1992.7637" r44="1"></containerEntry>
          <containerEntry r11="0.9909286" r12="-0.07973747" r13="-0.1081776" r14="0" r21="0.06345469" r22="0.9871887" r23="-0.1463967" r24="0" r31="0.11846502" r32="0.13820428" r33="0.98329324" r34="0" r41="735.27246" r42="305.62527" r43="1985.0194" r44="1"></containerEntry>
          <containerEntry r11="0.34532627" r12="-0.058011286" r13="-0.93668705" r14="0" r21="-0.02047429" r22="0.9973844" r23="-0.06931852" r24="0" r31="0.93825835" r32="0.043115474" r33="0.3432353" r34="0" r41="730.1999" r42="307.95587" r43="2002.9373" r44="1"></containerEntry>
          <containerEntry r11="-0.80171627" r12="-0.26263222" r13="-0.5369084" r14="0" r21="-0.3426052" r22="0.937997" r23="0.05275525" r24="0" r31="0.48976317" r32="0.2262427" r33="-0.8419866" r34="0" r41="726.40857" r42="309.55154" r43="2020.6564" r44="1"></containerEntry>
          <containerEntry r11="0.9996048" r12="-0.02664675" r13="0.008953338" r14="0" r21="0.025192847" r22="0.99049616" r23="0.13521336" r24="0" r31="-0.012471248" r32="-0.13493435" r33="0.99077606" r34="0" r41="734.9883" r42="310.02362" r43="2018.2982" r44="1"></containerEntry>
          <containerEntry r11="-0.90089524" r12="-0.432492" r13="0.036382206" r14="0" r21="-0.43195114" r22="0.90162796" r23="0.022009777" r24="0" r31="-0.042322293" r32="0.004113268" r33="-0.99908775" r34="0" r41="723.04736" r42="311.50595" r43="2028.3693" r44="1"></containerEntry>
          <containerEntry r11="-0.32664782" r12="0.23712134" r13="0.914913" r14="0" r21="0.14667892" r22="0.9690072" r23="-0.19877154" r24="0" r31="-0.93369037" r32="0.06926974" r33="-0.35130477" r34="0" r41="765.5423" r42="307.8284" r43="1991.5773" r44="1"></containerEntry>
        </property>
        <property name="colors" type="UInt32" container="DynamicArray" arraySize="22">
          <containerEntry>4294967295</containerEntry>
          <containerEntry>4294967295</containerEntry>
          <containerEntry>4294967295</containerEntry>
          <containerEntry>4294967295</containerEntry>
          <containerEntry>4294967295</containerEntry>
          <containerEntry>4294967295</containerEntry>
