<fox formatVersion="2" fileVersion="0">
  <entities>
    <entity class="DataSet" classVersion="0" classID="0xE8" addr="0x32F20E0" id="0x22CC789">
      <staticProperties>
        <property name="name" type="String" container="StaticArray" arraySize="1">
          <containerEntry hash="0xB8A0BF169F98"></containerEntry>
        </property>
        <property name="dataSet" type="EntityHandle" container="StaticArray" arraySize="1">
          <containerEntry>0x0</containerEntry>
        </property>
        <property name="dataList" type="EntityPtr" container="StringMap" arraySize="15">
          <containerEntry key="mafr_tree038_0000">
            <data>0x32F02B0</data>
          </containerEntry>
          <containerEntry key="mafr_rock002_0016">
            <data>0x32F0470</data>
          </containerEntry>
          <containerEntry key="cm_mafr_dc_grnd006">
            <data>0x32F2A80</data>
          </containerEntry>
          <containerEntry key="cm_mafr_dc_mudd010">
            <data>0x32F2BD0</data>
          </containerEntry>
          <containerEntry key="StaticModelArray0000">
            <data>0x32F25B0</data>
          </containerEntry>
          <containerEntry key="StaticModelArray0001">
            <data>0x32F44C0</data>
          </containerEntry>
          <containerEntry key="StaticModelArray0002">
            <data>0x32F48B0</data>
          </containerEntry>
          <containerEntry key="StaticModelArray0003">
            <data>0x317C950</data>
          </containerEntry>
          <containerEntry key="StaticModelArray0004">
            <data>0x32F4370</data>
          </containerEntry>
          <containerEntry key="StaticModelArray0005">
            <data>0x32F43E0</data>
          </containerEntry>
          <containerEntry key="StaticModelArray0006">
            <data>0x32F45A0</data>
          </containerEntry>
          <containerEntry key="StaticModelArray0007">
            <data>0x32F4680</data>
          </containerEntry>
          <containerEntry key="DecalArray0000">
            <data>0x32F4920</data>
          </containerEntry>
          <containerEntry key="DecalArray0001">
            <data>0x32F4C30</data>
          </containerEntry>
          <containerEntry key="TexturePackLoadConditioner0000">
            <data>0x32F60C0</data>
          </containerEntry>
        </property>
      </staticProperties>
      <dynamicProperties></dynamicProperties>
    </entity>
    <entity class="StaticModel" classVersion="9" classID="0x160" addr="0x32F02B0" id="0x22CCB77">
      <staticProperties>
        <property name="name" type="String" container="StaticArray" arraySize="1">
          <containerEntry>mafr_tree038_0000</containerEntry>
        </property>
        <property name="dataSet" type="EntityHandle" container="StaticArray" arraySize="1">
          <containerEntry>0x32F20E0</containerEntry>
        </property>
        <property name="parent" type="EntityHandle" container="StaticArray" arraySize="1">
          <containerEntry>0x0</containerEntry>
        </property>
        <property name="transform" type="EntityPtr" container="StaticArray" arraySize="1">
          <containerEntry>0x32F0320</containerEntry>
        </property>
        <property name="shearTransform" type="EntityPtr" container="StaticArray" arraySize="1">
          <containerEntry>0x0</containerEntry>
        </property>
        <property name="pivotTransform" type="EntityPtr" container="StaticArray" arraySize="1">
          <containerEntry>0x0</containerEntry>
        </property>
        <property name="children" type="EntityHandle" container="List"></property>
        <property name="flags" type="UInt32" container="StaticArray" arraySize="1">
          <containerEntry>7</containerEntry>
        </property>
        <property name="modelFile" type="FilePtr" container="StaticArray" arraySize="1">
          <containerEntry>/Assets/tpp/environ/object/middle_africa/tree/mafr_tree038/scenes/mafr_tree038.fmdl</containerEntry>
        </property>
        <property name="geomFile" type="FilePtr" container="StaticArray" arraySize="1">
          <containerEntry>/Assets/tpp/environ/object/middle_africa/tree/mafr_tree038/scenes/mafr_tree038.geom</containerEntry>
        </property>
        <property name="isVisibleGeom" type="Bool" container="StaticArray" arraySize="1">
          <containerEntry>false</containerEntry>
        </property>
        <property name="isIsolated" type="Bool" container="StaticArray" arraySize="1">
          <containerEntry>false</containerEntry>
        </property>
        <property name="lodFarSize" type="Float" container="StaticArray" arraySize="1">
          <containerEntry>50</containerEntry>
        </property>
        <property name="lodNearSize" type="Float" container="StaticArray" arraySize="1">
          <containerEntry>600</containerEntry>
        </property>
        <property name="lodPolygonSize" type="Float" container="StaticArray" arraySize="1">
          <containerEntry>-1</containerEntry>
        </property>
        <property name="color" type="Color" container="StaticArray" arraySize="1">
          <containerEntry r="1" g="1" b="1" a="1"></containerEntry>
        </property>
        <property name="drawRejectionLevel" type="Int32" container="StaticArray" arraySize="1">
          <containerEntry>8</containerEntry>
        </property>
        <property name="drawMode" type="Int32" container="StaticArray" arraySize="1">
          <containerEntry>0</containerEntry>
        </property>
        <property name="rejectFarRangeShadowCast" type="Int32" container="StaticArray" arraySize="1">
          <containerEntry>2</containerEntry>
        </property>
      </staticProperties>
      <dynamicProperties></dynamicProperties>
    </entity>
    <entity class="TransformEntity" classVersion="0" classID="0x50" addr="0x32F0320" id="0x22CCB7A">
      <staticProperties>
        <property name="owner" type="EntityHandle" container="StaticArray" arraySize="1">
          <containerEntry>0x32F02B0</containerEntry>
        </property>
        <property name="transform_scale" type="Vector3" container="StaticArray" arraySize="1">
          <containerEntry x="1" y="1" z="1" w="0"></containerEntry>
        </property>
        <property name="transform_rotation_quat" type="Quat" container="StaticArray" arraySize="1">
          <containerEntry x="0" y="0.959213" z="0" w="-0.282683"></containerEntry>
        </property>
        <property name="transform_translation" type="Vector3" container="StaticArray" arraySize="1">
          <containerEntry x="2262.7258" y="189.48447" z="-2361.1572" w="0"></containerEntry>
        </property>
      </staticProperties>
      <dynamicProperties></dynamicProperties>
    </entity>
    <entity class="StaticModel" classVersion="9" classID="0x160" addr="0x32F0470" id="0x22CCB80">
      <staticProperties>
        <property name="name" type="String" container="StaticArray" arraySize="1">
          <containerEntry>mafr_rock002_0016</containerEntry>
        </property>
        <property name="dataSet" type="EntityHandle" container="StaticArray" arraySize="1">
          <containerEntry>0x32F20E0</containerEntry>
        </property>
        <property name="parent" type="EntityHandle" container="StaticArray" arraySize="1">
          <containerEntry>0x0</containerEntry>
        </property>
        <property name="transform" type="EntityPtr" container="StaticArray" arraySize="1">
          <containerEntry>0x32F04E0</containerEntry>
        </property>
        <property name="shearTransform" type="EntityPtr" container="StaticArray" arraySize="1">
          <containerEntry>0x0</containerEntry>
        </property>
        <property name="pivotTransform" type="EntityPtr" container="StaticArray" arraySize="1">
          <containerEntry>0x0</containerEntry>
        </property>
        <property name="children" type="EntityHandle" container="List"></property>
        <property name="flags" type="UInt32" container="StaticArray" arraySize="1">
          <containerEntry>7</containerEntry>
        </property>
        <property name="modelFile" type="FilePtr" container="StaticArray" arraySize="1">
          <containerEntry>/Assets/tpp/environ/object/middle_africa/rock/mafr_rock002/scenes/mafr_rock002.fmdl</containerEntry>
        </property>
        <property name="geomFile" type="FilePtr" container="StaticArray" arraySize="1">
          <containerEntry>/Assets/tpp/environ/object/middle_africa/rock/mafr_rock002/scenes/mafr_rock002.geom</containerEntry>
        </property>
        <property name="isVisibleGeom" type="Bool" container="StaticArray" arraySize="1">
          <containerEntry>false</containerEntry>
        </property>
        <property name="isIsolated" type="Bool" container="StaticArray" arraySize="1">
          <containerEntry>false</containerEntry>
        </property>
        <property name="lodFarSize" type="Float" container="StaticArray" arraySize="1">
          <containerEntry>-1</containerEntry>
        </property>
        <property name="lodNearSize" type="Float" container="StaticArray" arraySize="1">
          <containerEntry>-1</containerEntry>
        </property>
        <property name="lodPolygonSize" type="Float" container="StaticArray" arraySize="1">
          <containerEntry>-1</containerEntry>
        </property>
        <property name="color" type="Color" container="StaticArray" arraySize="1">
          <containerEntry r="1" g="1" b="1" a="1"></containerEntry>
        </property>
        <property name="drawRejectionLevel" type="Int32" container="StaticArray" arraySize="1">
          <containerEntry>5</containerEntry>
        </property>
        <property name="drawMode" type="Int32" container="StaticArray" arraySize="1">
          <containerEntry>0</containerEntry>
        </property>
        <property name="rejectFarRangeShadowCast" type="Int32" container="StaticArray" arraySize="1">
          <containerEntry>2</containerEntry>
        </property>
      </staticProperties>
      <dynamicProperties></dynamicProperties>
    </entity>
    <entity class="TransformEntity" classVersion="0" classID="0x50" addr="0x32F04E0" id="0x22CCB83">
      <staticProperties>
        <property name="owner" type="EntityHandle" container="StaticArray" arraySize="1">
          <containerEntry>0x32F0470</containerEntry>
        </property>
        <property name="transform_scale" type="Vector3" container="StaticArray" arraySize="1">
          <containerEntry x="1" y="1" z="1" w="0"></containerEntry>
        </property>
        <property name="transform_rotation_quat" type="Quat" container="StaticArray" arraySize="1">
          <containerEntry x="-0.070222" y="0.759077" z="0.02072" w="0.646871"></containerEntry>
        </property>
        <property name="transform_translation" type="Vector3" container="StaticArray" arraySize="1">
          <containerEntry x="2223.121" y="202.26366" z="-2414.8193" w="0"></containerEntry>
        </property>
      </staticProperties>
      <dynamicProperties></dynamicProperties>
    </entity>
    <entity class="Material" classVersion="6" classID="0xB0" addr="0x32F2A80" id="0x22CCBE8">
      <staticProperties>
        <property name="name" type="String" container="StaticArray" arraySize="1">
          <containerEntry>cm_mafr_dc_grnd006</containerEntry>
        </property>
        <property name="dataSet" type="EntityHandle" container="StaticArray" arraySize="1">
          <containerEntry>0x32F20E0</containerEntry>
        </property>
        <property name="materialName" type="String" container="StaticArray" arraySize="1">
          <containerEntry hash="0xB8A0BF169F98"></containerEntry>
        </property>
        <property name="shader" type="Path" container="StaticArray" arraySize="1">
          <containerEntry hash="0xB8A0BF169F98"></containerEntry>
        </property>
        <property name="diffuseTexture" type="Path" container="StaticArray" arraySize="1">
          <containerEntry>/Assets/tpp/common_source/fmtr/decal/middle_africa/cm_mafr_dc_grnd006/sourceimages/cm_mafr_dc_grnd006_bsm_alp.ftex</containerEntry>
        </property>
        <property name="srmTexture" type="Path" container="StaticArray" arraySize="1">
          <containerEntry>/Assets/tpp/common_source/fmtr/decal/middle_africa/cm_mafr_dc_grnd006/sourceimages/cm_mafr_dc_grnd006_srm.ftex</containerEntry>
        </property>
        <property name="normalTexture" type="Path" container="StaticArray" arraySize="1">
          <containerEntry>/Assets/tpp/common_source/fmtr/decal/middle_africa/cm_mafr_dc_grnd006/sourceimages/cm_mafr_dc_grnd006_nrm.ftex</containerEntry>
        </property>
        <property name="materialMapTexture" type="Path" container="StaticArray" arraySize="1">
          <containerEntry hash="0xB8A0BF169F98"></containerEntry>
        </property>
        <property name="materialIndex" type="UInt8" container="StaticArray" arraySize="1">
          <containerEntry>21</containerEntry>
        </property>
        <property name="diffuseColor" type="Color" container="StaticArray" arraySize="1">
          <containerEntry r="1" g="1" b="1" a="1"></containerEntry>
        </property>
        <property name="specularColor" type="Color" container="StaticArray" arraySize="1">
          <containerEntry r="0" g="0" b="0" a="0"></containerEntry>
        </property>
        <property name="fmtrPath" type="Path" container="StaticArray" arraySize="1">
          <containerEntry hash="0xB8A0BF169F98"></containerEntry>
        </property>
        <property name="residentFlag" type="Bool" container="StaticArray" arraySize="1">
          <containerEntry>false</containerEntry>
        </property>
      </staticProperties>
      <dynamicProperties></dynamicProperties>
    </entity>
    <entity class="Material" classVersion="6" classID="0xB0" addr="0x32F2BD0" id="0x22CCBEA">
      <staticProperties>
        <property name="name" type="String" container="StaticArray" arraySize="1">
          <containerEntry>cm_mafr_dc_mudd010</containerEntry>
        </property>
        <property name="dataSet" type="EntityHandle" container="StaticArray" arraySize="1">
          <containerEntry>0x32F20E0</containerEntry>
        </property>
        <property name="materialName" type="String" container="StaticArray" arraySize="1">
          <containerEntry hash="0xB8A0BF169F98"></containerEntry>
        </property>
        <property name="shader" type="Path" container="StaticArray" arraySize="1">
          <containerEntry hash="0xB8A0BF169F98"></containerEntry>
        </property>
        <property name="diffuseTexture" type="Path" container="StaticArray" arraySize="1">
          <containerEntry>/Assets/tpp/common_source/fmtr/decal/middle_africa/cm_mafr_dc_mudd010/sourceimages/cm_mafr_dc_mudd010_bsm_alp.ftex</containerEntry>
        </property>
        <property name="srmTexture" type="Path" container="StaticArray" arraySize="1">
          <containerEntry>/Assets/tpp/common_source/fmtr/decal/middle_africa/cm_mafr_dc_mudd010/sourceimages/cm_mafr_dc_mudd010_srm.ftex</containerEntry>
        </property>
        <property name="normalTexture" type="Path" container="StaticArray" arraySize="1">
          <containerEntry>/Assets/tpp/common_source/fmtr/decal/middle_africa/cm_mafr_dc_mudd010/sourceimages/cm_mafr_dc_mudd010_nrm.ftex</containerEntry>
        </property>
        <property name="materialMapTexture" type="Path" container="StaticArray" arraySize="1">
          <containerEntry hash="0xB8A0BF169F98"></containerEntry>
        </property>
        <property name="materialIndex" type="UInt8" container="StaticArray" arraySize="1">
          <containerEntry>21</containerEntry>
        </property>
        <property name="diffuseColor" type="Color" container="StaticArray" arraySize="1">
          <containerEntry r="1" g="1" b="1" a="1"></containerEntry>
        </property>
        <property name="specularColor" type="Color" container="StaticArray" arraySize="1">
          <containerEntry r="0" g="0" b="0" a="0"></containerEntry>
        </property>
        <property name="fmtrPath" type="Path" container="StaticArray" arraySize="1">
          <containerEntry hash="0xB8A0BF169F98"></containerEntry>
        </property>
        <property name="residentFlag" type="Bool" container="StaticArray" arraySize="1">
          <containerEntry>false</containerEntry>
        </property>
      </staticProperties>
      <dynamicProperties></dynamicProperties>
    </entity>
    <entity class="StaticModelArray" classVersion="4" classID="0xD0" addr="0x32F25B0" id="0x0">
      <staticProperties>
        <property name="name" type="String" container="StaticArray" arraySize="1">
          <containerEntry>StaticModelArray0000</containerEntry>
        </property>
        <property name="dataSet" type="EntityHandle" container="StaticArray" arraySize="1">
          <containerEntry>0x32F20E0</containerEntry>
        </property>
        <property name="modelFile" type="FilePtr" container="StaticArray" arraySize="1">
          <containerEntry>/Assets/tpp/environ/object/middle_africa/rock/mafr_rock011/scenes/mafr_rock011.fmdl</containerEntry>
        </property>
        <property name="geomFile" type="FilePtr" container="StaticArray" arraySize="1">
          <containerEntry>/Assets/tpp/environ/object/middle_africa/rock/mafr_rock011/scenes/mafr_rock011.geom</containerEntry>
        </property>
        <property name="isVisibleGeom" type="Bool" container="StaticArray" arraySize="1">
          <containerEntry>false</containerEntry>
        </property>
        <property name="lodFarSize" type="Float" container="StaticArray" arraySize="1">
          <containerEntry>50</containerEntry>
        </property>
        <property name="lodNearSize" type="Float" container="StaticArray" arraySize="1">
          <containerEntry>600</containerEntry>
        </property>
        <property name="lodPolygonSize" type="Float" container="StaticArray" arraySize="1">
          <containerEntry>-1</containerEntry>
        </property>
        <property name="drawRejectionLevel" type="Int32" container="StaticArray" arraySize="1">
          <containerEntry>8</containerEntry>
        </property>
        <property name="drawMode" type="Int32" container="StaticArray" arraySize="1">
          <containerEntry>0</containerEntry>
        </property>
        <property name="rejectFarRangeShadowCast" type="Int32" container="StaticArray" arraySize="1">
          <containerEntry>2</containerEntry>
        </property>
        <property name="parentLocator" type="EntityLink" container="StaticArray" arraySize="1">
          <containerEntry packagePathHash="0xB8A0BF169F98" archivePathHash="0xB8A0BF169F98" nameInArchiveHash="0xB8A0BF169F98">0x0</containerEntry>
        </property>
        <property name="transforms" type="Matrix4" container="DynamicArray" arraySize="31">
          <containerEntry r11="-1.0461969" r12="0.09182739" r13="0.6778814" r14="0" r21="-0.14265837" r22="1.1821656" r23="-0.3803061" r24="0" r31="-0.66903293" r32="-0.39566642" r33="-0.9789428" r34="0" r41="2274.7424" r42="186.87973" r43="-2313.399" r44="1"></containerEntry>
          <containerEntry r11="-1.2387767" r12="0.0015247017" r13="0.16708788" r14="0" r21="-0.06114942" r22="1.1591094" r23="-0.4639247" r24="0" r31="-0.15550445" r32="-0.46793455" r33="-1.148628" r34="0" r41="2287.1118" r42="187.49438" r43="-2317.2249" r44="1"></containerEntry>
          <containerEntry r11="-0.93840224" r12="0.0017599985" r13="0.34553245" r14="0" r21="-0.161606" r22="0.8816444" r23="-0.4433805" r24="0" r31="-0.30541688" r32="-0.47191158" r33="-0.82705194" r34="0" r41="2264.3542" r42="187.5436" r43="-2308.8718" r44="1"></containerEntry>
          <containerEntry r11="-0.9240834" r12="-0.042405583" r13="0.37983072" r14="0" r21="-0.0029198288" r22="0.99457955" r23="0.103937246" r24="0" r31="-0.38217938" r32="0.09493765" r33="-0.9191983" r34="0" r41="2259.4683" r42="190.5484" r43="-2391.8584" r44="1"></containerEntry>
          <containerEntry r11="-0.5332415" r12="0.02652194" r13="-0.578678" r14="0" r21="-0.06509164" r22="0.77880013" r23="0.09567369" r24="0" r31="0.57561684" r32="0.11263661" r33="-0.52525836" r34="0" r41="2303.2756" r42="194.85281" r43="-2371.3164" r44="1"></containerEntry>
          <containerEntry r11="0.27789935" r12="0.09883577" r13="-0.6887555" r14="0" r21="-0.031971127" r22="0.74268734" r23="0.09367431" r24="0" r31="0.6950759" r32="-0.005354206" r33="0.27968118" r34="0" r41="2302.4287" r42="194.36446" r43="-2379.3677" r44="1"></containerEntry>
          <containerEntry r11="-0.5663561" r12="-0.039174855" r13="0.8232294" r14="0" r21="-0.07966991" r22="0.99679404" r23="-0.0073749386" r24="0" r31="-0.82030123" r32="-0.06976344" r33="-0.56766146" r34="0" r41="2267.5618" r42="190.56274" r43="-2396.6917" r44="1"></containerEntry>
          <containerEntry r11="-0.85123473" r12="-0.03880254" r13="0.5233479" r14="0" r21="-0.24433105" r22="0.91188604" r23="-0.3297971" r24="0" r31="-0.4644367" r32="-0.40860504" r33="-0.7857097" r34="0" r41="2263.8816" r42="188.56071" r43="-2388.7466" r44="1"></containerEntry>
          <containerEntry r11="0.5928553" r12="0.08861901" r13="1.0968838" r14="0" r21="-0.62740296" r22="1.0508298" r23="0.25420752" r24="0" r31="-0.9040882" r32="-0.6711194" r33="0.54287225" r34="0" r41="2262.225" r42="187.02061" r43="-2355.742" r44="1"></containerEntry>
          <containerEntry r11="-0.9984304" r12="0.08409404" r13="0.7473592" r14="0" r21="-0.10022763" r22="1.2162036" r23="-0.27074566" r24="0" r31="-0.74536777" r32="-0.27618346" r33="-0.9646931" r34="0" r41="2231.2244" r42="188.20627" r43="-2379.1958" r44="1"></containerEntry>
          <containerEntry r11="-0.9762157" r12="-0.1012065" r13="0.1917167" r14="0" r21="-0.20100798" r22="0.75381345" r23="-0.6255881" r24="0" r31="-0.08120471" r32="-0.6492478" r33="-0.7562267" r34="0" r41="2256.1804" r42="189.0426" r43="-2324.7585" r44="1"></containerEntry>
          <containerEntry r11="0.8062484" r12="-0.1113826" r13="-0.5809962" r14="0" r21="0.33317813" r22="0.89703524" r23="0.29037845" r24="0" r31="0.48883045" r32="-0.42769358" r33="0.7603434" r34="0" r41="2269.6023" r42="187.91846" r43="-2338.5388" r44="1"></containerEntry>
          <containerEntry r11="-0.14269607" r12="-0.11207281" r13="-0.98339844" r14="0" r21="0.443642" r22="0.8809266" r23="-0.16477105" r24="0" r31="0.8847676" r32="-0.4597913" r33="-0.075984016" r34="0" r41="2282.011" r42="188.39903" r43="-2364.3157" r44="1"></containerEntry>
          <containerEntry r11="-0.67678297" r12="0.13845837" r13="-0.7230405" r14="0" r21="0.4041275" r22="0.8908116" r23="-0.2076901" r24="0" r31="0.6153358" r32="-0.43276384" r33="-0.65884054" r34="0" r41="2287.089" r42="188.61235" r43="-2355.6907" r44="1"></containerEntry>
          <containerEntry r11="-0.9588994" r12="-0.030011121" r13="-0.28213632" r14="0" r21="-0.003015217" r22="0.9954115" r23="-0.09563831" r24="0" r31="0.28371197" r32="-0.0908583" r33="-0.9545899" r34="0" r41="2301.963" r42="193.19527" r43="-2406.7747" r44="1"></containerEntry>
          <containerEntry r11="-0.9175418" r12="0.18378842" r13="-0.3526089" r14="0" r21="0.24813122" r22="0.9575742" r23="-0.14656849" r24="0" r31="0.3107113" r32="-0.22197749" r33="-0.9242178" r34="0" r41="2286.959" r42="191.98102" r43="-2400.6582" r44="1"></containerEntry>
          <containerEntry r11="-0.7859439" r12="-0.1413226" r13="-0.60192263" r14="0" r21="0.20888472" r22="0.8555948" r23="-0.47362855" r24="0" r31="0.581936" r32="-0.4979813" r33="-0.6429281" r34="0" r41="2287.3762" r42="189.64285" r43="-2377.4788" r44="1"></containerEntry>
          <containerEntry r11="-0.75115794" r12="0.013661355" r13="0.6599718" r14="0" r21="-0.092444226" r22="0.9877565" r23="-0.12566231" r24="0" r31="-0.653608" r32="-0.15540479" r33="-0.74069804" r34="0" r41="2275.502" r42="193.72258" r43="-2407.4558" r44="1"></containerEntry>
          <containerEntry r11="-1.15436" r12="0.08874453" r13="0.4712283" r14="0" r21="-0.20402059" r22="1.0207748" r23="-0.69202137" r24="0" r31="-0.433945" r32="-0.71598923" r33="-0.92818815" r34="0" r41="2248.1326" r42="187.26276" r43="-2383.3408" r44="1"></containerEntry>
          <containerEntry r11="-1.2118005" r12="0.06378209" r13="0.29992074" r14="0" r21="-0.01561541" r22="1.208236" r23="-0.32003438" r24="0" r31="-0.3062302" r32="-0.3140031" r33="-1.1705165" r34="0" r41="2199.788" r42="195.422" r43="-2371.8716" r44="1"></containerEntry>
          <containerEntry r11="-0.19107449" r12="0.063782305" r13="1.2336544" r14="0" r21="-0.39184606" r22="1.1807356" r23="-0.12173674" r24="0" r31="-1.1715077" r32="-0.40533322" r33="-0.1604923" r34="0" r41="2188.8496" r42="194.11719" r43="-2336.8884" r44="1"></containerEntry>
          <containerEntry r11="0.18951109" r12="0.06378212" r13="1.2338972" r14="0" r21="-0.4959736" r22="1.1472687" r23="0.016871992" r24="0" r31="-1.1316286" r32="-0.49214426" r33="0.19924372" r34="0" r41="2190.7146" r42="193.95325" r43="-2349.3147" r44="1"></containerEntry>
          <containerEntry r11="0.2182016" r12="0.04022519" r13="1.2301424" r14="0" r21="-0.5419759" r22="1.1248282" r23="0.059353616" r24="0" r31="-1.105049" r32="-0.5437298" r33="0.21379277" r34="0" r41="2230.2944" r42="188.1464" r43="-2340.9998" r44="1"></containerEntry>
          <containerEntry r11="-1.080513" r12="0.015804332" r13="-0.6282693" r14="0" r21="0.38872147" r22="0.9987062" r23="-0.6434132" r24="0" r31="0.49383003" r32="-0.7515538" r33="-0.86820626" r34="0" r41="2251.9155" r42="187.05664" r43="-2348.483" r44="1"></containerEntry>
          <containerEntry r11="-0.029824173" r12="0.09523786" r13="1.2460021" r14="0" r21="-0.57761157" r22="1.1041813" r23="-0.098223254" r24="0" r31="-1.1081332" r32="-0.57811064" r33="0.017663877" r34="0" r41="2219.2275" r42="191.58818" r43="-2328.8206" r44="1"></containerEntry>
          <containerEntry r11="-0.8767681" r12="-0.033078246" r13="-0.47976896" r14="0" r21="0.22546424" r22="0.85292166" r23="-0.4708397" r24="0" r31="0.42477956" r32="-0.5209902" r33="-0.74035573" r34="0" r41="2251.0842" r42="188.05022" r43="-2313.6777" r44="1"></containerEntry>
          <containerEntry r11="-0.988389" r12="0" r13="0.15193903" r14="0" r21="-9.88389e-07" r22="1" r23="1.5193903e-07" r24="0" r31="-0.15193903" r32="0" r33="-0.988389" r34="0" r41="2249.1965" r42="198.01418" r43="-2414.058" r44="1"></containerEntry>
          <containerEntry r11="0.579345" r12="0.07278781" r13="-0.81182534" r14="0" r21="0.45734635" r22="0.795409" r23="0.39769122" r24="0" r31="0.67468005" r32="-0.601686" r33="0.427527" r34="0" r41="2215.7688" r42="200.37523" r43="-2400.4297" r44="1"></containerEntry>
          <containerEntry r11="-0.34096625" r12="-0.06955023" r13="-0.9374969" r14="0" r21="0.25223526" r22="0.9539226" r23="-0.16250779" r24="0" r31="0.905602" r32="-0.29188016" r33="-0.30771232" r34="0" r41="2231.987" r42="199.15771" r43="-2428.6611" r44="1"></containerEntry>
          <containerEntry r11="0.5408858" r12="-0.06742875" r13="-0.83838797" r14="0" r21="0.43244416" r22="0.8772378" r23="0.20843594" r24="0" r31="0.72141075" r32="-0.47529644" r33="0.50364476" r34="0" r41="2244.8716" r42="202.72528" r43="-2429.5862" r44="1"></containerEntry>
          <containerEntry r11="0.18003824" r12="0.06885743" r13="-0.981245" r14="0" r21="0.32767427" r22="0.9363741" r23="0.12582836" r24="0" r31="0.9274766" r32="-0.34418306" r33="0.14602041" r34="0" r41="2204.2024" r42="197.8395" r43="-2421.1875" r44="1"></containerEntry>
        </property>
        <property name="colors" type="UInt32" container="DynamicArray" arraySize="31">
          <containerEntry>4294967295</containerEntry>
          <containerEntry>4294967295</containerEntry>
          <containerEntry>4294967295</containerEntry>
          <containerEntry>4294967295</containerEntry>
          <containerEntry>4294967295</containerEntry>
          <containerEntry>4294967295</containerEntry>
          <containerEntry>4294967295</containerEntry>
          <containerEntry>4294967295</containerEntry>
          <containerEntry>4294967295</containerEntry>
          <containerEntry>4294967295</containerEntry>
          <containerEntry>4294967295</containerEntry>
          <containerEntry>4294967295</containerEntry>
          <containerEntry>4294967295</containerEntry>
          <containerEntry>4294967295</containerEntry>
          <containerEntry>4294967295</containerEntry>
          <containerEntry>4294967295</containerEntry>
          <containerEntry>4294967295</containerEntry>
          <containerEntry>4294967295</containerEntry>
          <containerEntry>4294967295</containerEntry>
          <containerEntry>4294967295</containerEntry>
          <containerEntry>4294967295</containerEntry>
          <containerEntry>4294967295</containerEntry>
          <containerEntry>4294967295</containerEntry>
          <containerEntry>4294967295</containerEntry>
          <containerEntry>4294967295</containerEntry>
          <containerEntry>4294967295</containerEntry>
          <containerEntry>4294967295</containerEntry>
          <containerEntry>4294967295</containerEntry>
          <containerEntry>4294967295</containerEntry>
          <containerEntry>4294967295</containerEntry>
          <containerEntry>4294967295</containerEntry>
        </property>
      </staticProperties>
      <dynamicProperties></dynamicProperties>
    </entity>
    <entity class="StaticModelArray" classVersion="4" classID="0xD0" addr="0x32F44C0" id="0x0">
      <staticProperties>
        <property name="name" type="String" container="StaticArray" arraySize="1">
          <containerEntry>StaticModelArray0001</containerEntry>
        </property>
        <property name="dataSet" type="EntityHandle" container="StaticArray" arraySize="1">
          <containerEntry>0x32F20E0</containerEntry>
        </property>
        <property name="modelFile" type="FilePtr" container="StaticArray" arraySize="1">
          <containerEntry>/Assets/tpp/environ/object/middle_africa/tree/mafr_tree010/scenes/mafr_tree010_dead004.fmdl</containerEntry>
        </property>
        <property name="geomFile" type="FilePtr" container="StaticArray" arraySize="1">
          <containerEntry>/Assets/tpp/environ/object/middle_africa/tree/mafr_tree010/scenes/mafr_tree010_dead004.geom</containerEntry>
        </property>
        <property name="isVisibleGeom" type="Bool" container="StaticArray" arraySize="1">
          <containerEntry>false</containerEntry>
        </property>
        <property name="lodFarSize" type="Float" container="StaticArray" arraySize="1">
          <containerEntry>-1</containerEntry>
        </property>
        <property name="lodNearSize" type="Float" container="StaticArray" arraySize="1">
          <containerEntry>-1</containerEntry>
        </property>
        <property name="lodPolygonSize" type="Float" container="StaticArray" arraySize="1">
          <containerEntry>-1</containerEntry>
        </property>
        <property name="drawRejectionLevel" type="Int32" container="StaticArray" arraySize="1">
          <containerEntry>8</containerEntry>
        </property>
        <property name="drawMode" type="Int32" container="StaticArray" arraySize="1">
          <containerEntry>0</containerEntry>
        </property>
        <property name="rejectFarRangeShadowCast" type="Int32" container="StaticArray" arraySize="1">
          <containerEntry>2</containerEntry>
        </property>
        <property name="parentLocator" type="EntityLink" container="StaticArray" arraySize="1">
          <containerEntry packagePathHash="0xB8A0BF169F98" archivePathHash="0xB8A0BF169F98" nameInArchiveHash="0xB8A0BF169F98">0x0</containerEntry>
        </property>
        <property name="transforms" type="Matrix4" container="DynamicArray" arraySize="2">
          <containerEntry r11="0.9999264" r12="-0.00621746" r13="-0.010419229" r14="0" r21="0.0062822523" r22="0.999961" r23="0.0061973566" r24="0" r31="0.010380292" r32="-0.0062623564" r33="0.9999265" r34="0" r41="2271.9604" r42="189.40999" r43="-2357.8088" r44="1"></containerEntry>
          <containerEntry r11="0.9827759" r12="0.02357762" r13="-0.18329102" r14="0" r21="-0.042714614" r22="0.99395156" r23="-0.10117169" r24="0" r31="0.179797" r32="0.107258305" r33="0.97783875" r34="0" r41="2254.4756" r42="191.09561" r43="-2354.6055" r44="1"></containerEntry>
        </property>
        <property name="colors" type="UInt32" container="DynamicArray" arraySize="2">
          <containerEntry>4294967295</containerEntry>
          <containerEntry>4294967295</containerEntry>
        </property>
      </staticProperties>
      <dynamicProperties></dynamicProperties>
    </entity>
    <entity class="StaticModelArray" classVersion="4" classID="0xD0" addr="0x32F48B0" id="0x0">
      <staticProperties>
        <property name="name" type="String" container="StaticArray" arraySize="1">
          <containerEntry>StaticModelArray0002</containerEntry>
        </property>
        <property name="dataSet" type="EntityHandle" container="StaticArray" arraySize="1">
          <containerEntry>0x32F20E0</containerEntry>
        </property>
        <property name="modelFile" type="FilePtr" container="StaticArray" arraySize="1">
          <containerEntry>/Assets/tpp/environ/object/middle_africa/cliff/mafr_clff004/scenes/mafr_clff004_grnd003.fmdl</containerEntry>
        </property>
        <property name="geomFile" type="FilePtr" container="StaticArray" arraySize="1">
          <containerEntry>/Assets/tpp/environ/object/middle_africa/cliff/mafr_clff004/scenes/mafr_clff004_grnd003.geom</containerEntry>
        </property>
        <property name="isVisibleGeom" type="Bool" container="StaticArray" arraySize="1">
          <containerEntry>false</containerEntry>
        </property>
        <property name="lodFarSize" type="Float" container="StaticArray" arraySize="1">
          <containerEntry>-1</containerEntry>
        </property>
        <property name="lodNearSize" type="Float" container="StaticArray" arraySize="1">
          <containerEntry>-1</containerEntry>
        </property>
        <property name="lodPolygonSize" type="Float" container="StaticArray" arraySize="1">
          <containerEntry>-1</containerEntry>
        </property>
        <property name="drawRejectionLevel" type="Int32" container="StaticArray" arraySize="1">
          <containerEntry>8</containerEntry>
        </property>
        <property name="drawMode" type="Int32" container="StaticArray" arraySize="1">
          <containerEntry>0</containerEntry>
        </property>
        <property name="rejectFarRangeShadowCast" type="Int32" container="StaticArray" arraySize="1">
          <containerEntry>2</containerEntry>
        </property>
        <property name="parentLocator" type="EntityLink" container="StaticArray" arraySize="1">
          <containerEntry packagePathHash="0xB8A0BF169F98" archivePathHash="0xB8A0BF169F98" nameInArchiveHash="0xB8A0BF169F98">0x0</containerEntry>
        </property>
        <property name="transforms" type="Matrix4" container="DynamicArray" arraySize="9">
          <containerEntry r11="1" r12="0" r13="0" r14="0" r21="0" r22="0.99936044" r23="-0.03575828" r24="0" r31="0" r32="0.03575828" r33="0.99936044" r34="0" r41="2285.8318" r42="192.82797" r43="-2330.9397" r44="1"></containerEntry>
          <containerEntry r11="0.5970143" r12="-0.1012337" r13="-0.7958175" r14="0" r21="0.079469554" r22="0.99458975" r23="-0.06690168" r24="0" r31="0.79828465" r32="-0.023302011" r33="0.6018294" r34="0" r41="2220.4985" r42="192.37422" r43="-2356.3445" r44="1"></containerEntry>
          <containerEntry r11="-0.028061964" r12="-0.044280507" r13="0.9986253" r14="0" r21="0.11025765" r22="0.99278545" r23="0.047119845" r24="0" r31="-0.99350715" r32="0.111428306" r33="-0.022977233" r34="0" r41="2217.1213" r42="193.0895" r43="-2346.188" r44="1"></containerEntry>
          <containerEntry r11="-0.9907693" r12="0.0048464313" r13="0.13546343" r14="0" r21="0.022732707" r22="0.99114734" r23="0.13080546" r24="0" r31="-0.13363029" r32="0.13267764" r33="-0.9821086" r34="0" r41="2268.5818" r42="192.43185" r43="-2321.9558" r44="1"></containerEntry>
          <containerEntry r11="-0.936509" r12="0.14515288" r13="0.3191885" r14="0" r21="0.08362197" r22="0.9764839" r23="-0.19871236" r24="0" r31="-0.34052607" r32="-0.15940477" r33="-0.9266239" r34="0" r41="2269.1184" r42="188.45282" r43="-2341.7026" r44="1"></containerEntry>
          <containerEntry r11="0.9988946" r12="-0.028333398" r13="-0.0375086" r14="0" r21="0.030753816" r22="0.9973714" r23="0.065608874" r24="0" r31="0.03555108" r32="-0.06668988" r33="0.9971402" r34="0" r41="2263.0784" r42="198.0896" r43="-2402.831" r44="1"></containerEntry>
          <containerEntry r11="0.5908523" r12="-0.12280613" r13="0.79737777" r14="0" r21="0.19429544" r22="0.98091733" r23="0.0071018264" r24="0" r31="-0.7830338" r32="0.15073091" r33="0.60343796" r34="0" r41="2217.3525" r42="192.60265" r43="-2366.0298" r44="1"></containerEntry>
          <containerEntry r11="0.5408328" r12="0.053221557" r13="-0.8394446" r14="0" r21="0.06074572" r22="0.99291885" r23="0.10208887" r24="0" r31="0.83893365" r32="-0.10620567" r33="0.5337701" r34="0" r41="2234.8625" r42="189.53954" r43="-2372.714" r44="1"></containerEntry>
          <containerEntry r11="0.969869" r12="-0.19511206" r13="-0.14589503" r14="0" r21="0.18493463" r22="0.9794507" r23="-0.08047077" r24="0" r31="0.1585978" r32="0.051065084" r33="0.9860219" r34="0" r41="2219.2432" r42="193.12126" r43="-2353.908" r44="1"></containerEntry>
        </property>
        <property name="colors" type="UInt32" container="DynamicArray" arraySize="9">
          <containerEntry>4294967295</containerEntry>
          <containerEntry>4294967295</containerEntry>
          <containerEntry>4294967295</containerEntry>
          <containerEntry>4294967295</containerEntry>
          <containerEntry>4294967295</containerEntry>
          <containerEntry>4294967295</containerEntry>
          <containerEntry>4294967295</containerEntry>
          <containerEntry>4294967295</containerEntry>
          <containerEntry>4294967295</containerEntry>
        </property>
      </staticProperties>
      <dynamicProperties></dynamicProperties>
    </entity>
    <entity class="StaticModelArray" classVersion="4" classID="0xD0" addr="0x317C950" id="0x0">
      <staticProperties>
        <property name="name" type="String" container="StaticArray" arraySize="1">
          <containerEntry>StaticModelArray0003</containerEntry>
        </property>
        <property name="dataSet" type="EntityHandle" container="StaticArray" arraySize="1">
          <containerEntry>0x32F20E0</containerEntry>
        </property>
        <property name="modelFile" type="FilePtr" container="StaticArray" arraySize="1">
          <containerEntry>/Assets/tpp/environ/object/middle_africa/rock/mafr_rock002/scenes/mafr_rock002.fmdl</containerEntry>
        </property>
        <property name="geomFile" type="FilePtr" container="StaticArray" arraySize="1">
          <containerEntry>/Assets/tpp/environ/object/middle_africa/rock/mafr_rock002/scenes/mafr_rock002.geom</containerEntry>
        </property>
        <property name="isVisibleGeom" type="Bool" container="StaticArray" arraySize="1">
          <containerEntry>false</containerEntry>
        </property>
        <property name="lodFarSize" type="Float" container="StaticArray" arraySize="1">
          <containerEntry>50</containerEntry>
        </property>
        <property name="lodNearSize" type="Float" container="StaticArray" arraySize="1">
          <containerEntry>600</containerEntry>
        </property>
        <property name="lodPolygonSize" type="Float" container="StaticArray" arraySize="1">
          <containerEntry>-1</containerEntry>
        </property>
        <property name="drawRejectionLevel" type="Int32" container="StaticArray" arraySize="1">
          <containerEntry>8</containerEntry>
        </property>
        <property name="drawMode" type="Int32" container="StaticArray" arraySize="1">
