<fox formatVersion="2" fileVersion="0">
  <entities>
    <entity class="DataSet" classVersion="0" classID="0xE8" addr="0x2F04370" id="0x161499C">
      <staticProperties>
        <property name="name" type="String" container="StaticArray" arraySize="1">
          <containerEntry hash="0xB8A0BF169F98"></containerEntry>
        </property>
        <property name="dataSet" type="EntityHandle" container="StaticArray" arraySize="1">
          <containerEntry>0x0</containerEntry>
        </property>
        <property name="dataList" type="EntityPtr" container="StringMap" arraySize="4">
          <containerEntry key="mafr_tree010_dead001_0004">
            <data>0x2D74990</data>
          </containerEntry>
          <containerEntry key="StaticModelArray0000">
            <data>0x2D7AE30</data>
          </containerEntry>
          <containerEntry key="StaticModelArray0001">
            <data>0x2D7AEA0</data>
          </containerEntry>
          <containerEntry key="TexturePackLoadConditioner0000">
            <data>0x2D7B450</data>
          </containerEntry>
        </property>
      </staticProperties>
      <dynamicProperties></dynamicProperties>
    </entity>
    <entity class="StaticModel" classVersion="9" classID="0x160" addr="0x2D74990" id="0x16149C2">
      <staticProperties>
        <property name="name" type="String" container="StaticArray" arraySize="1">
          <containerEntry>mafr_tree010_dead001_0004</containerEntry>
        </property>
        <property name="dataSet" type="EntityHandle" container="StaticArray" arraySize="1">
          <containerEntry>0x2F04370</containerEntry>
        </property>
        <property name="parent" type="EntityHandle" container="StaticArray" arraySize="1">
          <containerEntry>0x0</containerEntry>
        </property>
        <property name="transform" type="EntityPtr" container="StaticArray" arraySize="1">
          <containerEntry>0x2D74A00</containerEntry>
        </property>
        <property name="shearTransform" type="EntityPtr" container="StaticArray" arraySize="1">
          <containerEntry>0x0</containerEntry>
        </property>
        <property name="pivotTransform" type="EntityPtr" container="StaticArray" arraySize="1">
          <containerEntry>0x0</containerEntry>
        </property>
        <property name="children" type="EntityHandle" container="List"></property>
        <property name="flags" type="UInt32" container="StaticArray" arraySize="1">
          <containerEntry>7</containerEntry>
        </property>
        <property name="modelFile" type="FilePtr" container="StaticArray" arraySize="1">
          <containerEntry>/Assets/tpp/environ/object/middle_africa/tree/mafr_tree010/scenes/mafr_tree010_dead001.fmdl</containerEntry>
        </property>
        <property name="geomFile" type="FilePtr" container="StaticArray" arraySize="1">
          <containerEntry>/Assets/tpp/environ/object/middle_africa/tree/mafr_tree010/scenes/mafr_tree010_dead001.geom</containerEntry>
        </property>
        <property name="isVisibleGeom" type="Bool" container="StaticArray" arraySize="1">
          <containerEntry>false</containerEntry>
        </property>
        <property name="isIsolated" type="Bool" container="StaticArray" arraySize="1">
          <containerEntry>false</containerEntry>
        </property>
        <property name="lodFarSize" type="Float" container="StaticArray" arraySize="1">
          <containerEntry>-1</containerEntry>
        </property>
        <property name="lodNearSize" type="Float" container="StaticArray" arraySize="1">
          <containerEntry>-1</containerEntry>
        </property>
        <property name="lodPolygonSize" type="Float" container="StaticArray" arraySize="1">
          <containerEntry>-1</containerEntry>
        </property>
        <property name="color" type="Color" container="StaticArray" arraySize="1">
          <containerEntry r="1" g="1" b="1" a="1"></containerEntry>
        </property>
        <property name="drawRejectionLevel" type="Int32" container="StaticArray" arraySize="1">
          <containerEntry>8</containerEntry>
        </property>
        <property name="drawMode" type="Int32" container="StaticArray" arraySize="1">
          <containerEntry>0</containerEntry>
        </property>
        <property name="rejectFarRangeShadowCast" type="Int32" container="StaticArray" arraySize="1">
          <containerEntry>2</containerEntry>
        </property>
      </staticProperties>
      <dynamicProperties></dynamicProperties>
    </entity>
    <entity class="TransformEntity" classVersion="0" classID="0x50" addr="0x2D74A00" id="0x16149C5">
      <staticProperties>
        <property name="owner" type="EntityHandle" container="StaticArray" arraySize="1">
          <containerEntry>0x2D74990</containerEntry>
        </property>
        <property name="transform_scale" type="Vector3" container="StaticArray" arraySize="1">
          <containerEntry x="1" y="1" z="1" w="0"></containerEntry>
        </property>
        <property name="transform_rotation_quat" type="Quat" container="StaticArray" arraySize="1">
          <containerEntry x="0" y="0.638578" z="0" w="0.769557"></containerEntry>
        </property>
        <property name="transform_translation" type="Vector3" container="StaticArray" arraySize="1">
          <containerEntry x="1190.7437" y="-2.254174" z="1875.9891" w="0"></containerEntry>
        </property>
      </staticProperties>
      <dynamicProperties></dynamicProperties>
    </entity>
    <entity class="StaticModelArray" classVersion="4" classID="0xD0" addr="0x2D7AE30" id="0x0">
      <staticProperties>
        <property name="name" type="String" container="StaticArray" arraySize="1">
          <containerEntry>StaticModelArray0000</containerEntry>
        </property>
        <property name="dataSet" type="EntityHandle" container="StaticArray" arraySize="1">
          <containerEntry>0x2F04370</containerEntry>
        </property>
        <property name="modelFile" type="FilePtr" container="StaticArray" arraySize="1">
          <containerEntry>/Assets/tpp/environ/object/middle_africa/cliff/mafr_clff003/scenes/mafr_clff003_vrtn001.fmdl</containerEntry>
        </property>
        <property name="geomFile" type="FilePtr" container="StaticArray" arraySize="1">
          <containerEntry>/Assets/tpp/environ/object/middle_africa/cliff/mafr_clff003/scenes/mafr_clff003_vrtn001.geom</containerEntry>
        </property>
        <property name="isVisibleGeom" type="Bool" container="StaticArray" arraySize="1">
          <containerEntry>false</containerEntry>
        </property>
        <property name="lodFarSize" type="Float" container="StaticArray" arraySize="1">
          <containerEntry>-1</containerEntry>
        </property>
        <property name="lodNearSize" type="Float" container="StaticArray" arraySize="1">
          <containerEntry>-1</containerEntry>
        </property>
        <property name="lodPolygonSize" type="Float" container="StaticArray" arraySize="1">
          <containerEntry>-1</containerEntry>
        </property>
        <property name="drawRejectionLevel" type="Int32" container="StaticArray" arraySize="1">
          <containerEntry>8</containerEntry>
        </property>
        <property name="drawMode" type="Int32" container="StaticArray" arraySize="1">
          <containerEntry>0</containerEntry>
        </property>
        <property name="rejectFarRangeShadowCast" type="Int32" container="StaticArray" arraySize="1">
          <containerEntry>2</containerEntry>
        </property>
        <property name="parentLocator" type="EntityLink" container="StaticArray" arraySize="1">
          <containerEntry packagePathHash="0xB8A0BF169F98" archivePathHash="0xB8A0BF169F98" nameInArchiveHash="0xB8A0BF169F98">0x0</containerEntry>
        </property>
        <property name="transforms" type="Matrix4" container="DynamicArray" arraySize="3">
          <containerEntry r11="-0.6692627" r12="-0.0071868976" r13="-0.20502894" r14="0" r21="-0.06267952" r22="0.6732832" r23="0.18099995" r24="0" r31="0.1953453" r32="0.19141069" r33="-0.6443627" r34="0" r41="1174.074" r42="-3.343569" r43="1858.4977" r44="1"></containerEntry>
          <containerEntry r11="0.41483325" r12="-0.03855268" r13="-0.5625187" r14="0" r21="-0.28322998" r22="0.5896105" r23="-0.24927953" r24="0" r31="0.4875391" r32="0.37533078" r33="0.33381537" r34="0" r41="1180.8442" r42="-3.619868" r43="1874.1722" r44="1"></containerEntry>
          <containerEntry r11="-0.64989156" r12="-0.017913466" r13="0.25946197" r14="0" r21="0.1827343" r22="0.46546972" r23="0.489843" r24="0" r31="-0.1850664" r32="0.5225104" r33="-0.4274736" r34="0" r41="1174.074" r42="-4.082359" r43="1898.0006" r44="1"></containerEntry>
        </property>
        <property name="colors" type="UInt32" container="DynamicArray" arraySize="3">
          <containerEntry>4294967295</containerEntry>
          <containerEntry>4294967295</containerEntry>
          <containerEntry>4294967295</containerEntry>
        </property>
      </staticProperties>
      <dynamicProperties></dynamicProperties>
    </entity>
    <entity class="StaticModelArray" classVersion="4" classID="0xD0" addr="0x2D7AEA0" id="0x0">
      <staticProperties>
        <property name="name" type="String" container="StaticArray" arraySize="1">
          <containerEntry>StaticModelArray0001</containerEntry>
        </property>
        <property name="dataSet" type="EntityHandle" container="StaticArray" arraySize="1">
          <containerEntry>0x2F04370</containerEntry>
        </property>
        <property name="modelFile" type="FilePtr" container="StaticArray" arraySize="1">
          <containerEntry>/Assets/tpp/environ/object/middle_africa/rock/mafr_rock011/scenes/mafr_rock011.fmdl</containerEntry>
        </property>
        <property name="geomFile" type="FilePtr" container="StaticArray" arraySize="1">
          <containerEntry>/Assets/tpp/environ/object/middle_africa/rock/mafr_rock011/scenes/mafr_rock011.geom</containerEntry>
        </property>
        <property name="isVisibleGeom" type="Bool" container="StaticArray" arraySize="1">
          <containerEntry>false</containerEntry>
        </property>
        <property name="lodFarSize" type="Float" container="StaticArray" arraySize="1">
          <containerEntry>-1</containerEntry>
        </property>
        <property name="lodNearSize" type="Float" container="StaticArray" arraySize="1">
          <containerEntry>-1</containerEntry>
        </property>
        <property name="lodPolygonSize" type="Float" container="StaticArray" arraySize="1">
          <containerEntry>-1</containerEntry>
        </property>
        <property name="drawRejectionLevel" type="Int32" container="StaticArray" arraySize="1">
          <containerEntry>8</containerEntry>
        </property>
        <property name="drawMode" type="Int32" container="StaticArray" arraySize="1">
          <containerEntry>0</containerEntry>
        </property>
        <property name="rejectFarRangeShadowCast" type="Int32" container="StaticArray" arraySize="1">
          <containerEntry>2</containerEntry>
        </property>
        <property name="parentLocator" type="EntityLink" container="StaticArray" arraySize="1">
          <containerEntry packagePathHash="0xB8A0BF169F98" archivePathHash="0xB8A0BF169F98" nameInArchiveHash="0xB8A0BF169F98">0x0</containerEntry>
        </property>
        <property name="transforms" type="Matrix4" container="DynamicArray" arraySize="14">
          <containerEntry r11="0.031015866" r12="-0.020208597" r13="0.99931407" r14="0" r21="-0.5479271" r22="0.8358385" r23="0.033908516" r24="0" r31="-0.83595026" r32="-0.5486032" r33="0.0148515105" r34="0" r41="1178.9374" r42="-4.68219" r43="1887.3529" r44="1"></containerEntry>
          <containerEntry r11="0.40346122" r12="0.074269265" r13="-0.91197723" r14="0" r21="0.62833166" r22="0.70205015" r23="0.33514857" r24="0" r31="0.66514486" r32="-0.70824385" r33="0.23658437" r34="0" r41="1167.7382" r42="-3.606066" r43="1894.5154" r44="1"></containerEntry>
          <containerEntry r11="-0.35406592" r12="0.07112852" r13="-0.9325067" r14="0" r21="0.67856884" r22="0.70569265" r23="-0.20381954" r24="0" r31="0.6435664" r32="-0.70493597" r33="-0.29812765" r34="0" r41="1174.8184" r42="-3.255899" r43="1868.9819" r44="1"></containerEntry>
          <containerEntry r11="0.5763596" r12="0.0029120743" r13="-0.81719106" r14="0" r21="0.44318953" r22="0.8390467" r23="0.31556883" r24="0" r31="0.6865805" r32="-0.54405165" r33="0.4823021" r34="0" r41="1158.1876" r42="-3.559814" r43="1848.4092" r44="1"></containerEntry>
          <containerEntry r11="0.460837" r12="-0.048785746" r13="-0.8861428" r14="0" r21="0.66025007" r22="0.686064" r23="0.30559123" r24="0" r31="0.5930421" r32="-0.72590363" r33="0.34837452" r34="0" r41="1165.8787" r42="-2.608558" r43="1884.868" r44="1"></containerEntry>
          <containerEntry r11="-0.4765745" r12="0.09485367" r13="0.87400085" r14="0" r21="-0.48177204" r22="0.8034115" r23="-0.34989333" r24="0" r31="-0.73537093" r32="-0.58782005" r33="-0.3371874" r34="0" r41="1173.4681" r42="-3.19546" r43="1871.0687" r44="1"></containerEntry>
          <containerEntry r11="-0.6071527" r12="0.055420592" r13="0.7926505" r14="0" r21="-0.31849402" r22="0.89694697" r23="-0.30667204" r24="0" r31="-0.7279615" r32="-0.43865103" r33="-0.52693266" r34="0" r41="1160.6661" r42="-2.876554" r43="1882.2454" r44="1"></containerEntry>
          <containerEntry r11="-0.49317145" r12="0.059233755" r13="-0.86791325" r14="0" r21="0.64724326" r22="0.69159555" r23="-0.32058042" r24="0" r31="0.5812558" r32="-0.71985203" r33="-0.37941384" r34="0" r41="1160.6661" r42="-2.010933" r43="1864.6266" r44="1"></containerEntry>
          <containerEntry r11="-0.7370702" r12="0.17007259" r13="-0.65406847" r14="0" r21="0.5333673" r22="0.74073935" r23="-0.40844208" r24="0" r31="0.41502964" r32="-0.64990836" r33="-0.63668835" r34="0" r41="1189.823" r42="-5.920736" r43="1894.4618" r44="1"></containerEntry>
          <containerEntry r11="0.9167788" r12="-0.075659536" r13="0.3921562" r14="0" r21="-0.20212701" r22="0.7589672" r23="0.61896026" r24="0" r31="-0.34446502" r32="-0.64671695" r33="0.6805142" r34="0" r41="1186.2378" r42="-4.743046" r43="1891.5345" r44="1"></containerEntry>
          <containerEntry r11="-0.89541566" r12="0.104230866" r13="0.4328426" r14="0" r21="-0.19436657" r22="0.78315216" r23="-0.59067094" r24="0" r31="-0.40054852" r32="-0.613028" r33="-0.68098885" r34="0" r41="1183.529" r42="-4.658021" r43="1891.7246" r44="1"></containerEntry>
          <containerEntry r11="0.7329805" r12="-0.014452353" r13="-0.68009585" r14="0" r21="0.4646755" r22="0.7408018" r23="0.48506603" r24="0" r31="0.49680573" r32="-0.6715679" r33="0.5497089" r34="0" r41="1171.3942" r42="-3.329405" r43="1875.062" r44="1"></containerEntry>
          <containerEntry r11="0.11812209" r12="-0.037979305" r13="0.9922723" r14="0" r21="-0.5428698" r22="0.8342478" r23="0.096555054" r24="0" r31="-0.83146805" r32="-0.55008006" r33="0.077925324" r34="0" r41="1157.6163" r42="-1.745696" r43="1875.062" r44="1"></containerEntry>
          <containerEntry r11="-0.676123" r12="0.19200708" r13="-0.7113301" r14="0" r21="0.5716224" r22="0.74584085" r23="-0.34200773" r24="0" r31="0.4648711" r32="-0.6378516" r33="-0.61403567" r34="0" r41="1161.9918" r42="-2.778945" r43="1894.5154" r44="1"></containerEntry>
        </property>
        <property name="colors" type="UInt32" container="DynamicArray" arraySize="14">
          <containerEntry>4294967295</containerEntry>
          <containerEntry>4294967295</containerEntry>
          <containerEntry>4294967295</containerEntry>
          <containerEntry>4294967295</containerEntry>
          <containerEntry>4294967295</containerEntry>
          <containerEntry>4294967295</containerEntry>
          <containerEntry>4294967295</containerEntry>
          <containerEntry>4294967295</containerEntry>
          <containerEntry>4294967295</containerEntry>
          <containerEntry>4294967295</containerEntry>
          <containerEntry>4294967295</containerEntry>
          <containerEntry>4294967295</containerEntry>
          <containerEntry>4294967295</containerEntry>
          <containerEntry>4294967295</containerEntry>
        </property>
      </staticProperties>
      <dynamicProperties></dynamicProperties>
    </entity>
    <entity class="TexturePackLoadConditioner" classVersion="0" classID="0x48" addr="0x2D7B450" id="0x0">
      <staticProperties>
        <property name="name" type="String" container="StaticArray" arraySize="1">
          <containerEntry>TexturePackLoadConditioner0000</containerEntry>
        </property>
        <property name="dataSet" type="EntityHandle" container="StaticArray" arraySize="1">
          <containerEntry>0x2F04370</containerEntry>
        </property>
        <property name="texturePackPath" type="Path" container="StaticArray" arraySize="1">
          <containerEntry hash="0xB8A0BF169F98"></containerEntry>
        </property>
      </staticProperties>
      <dynamicProperties></dynamicProperties>
    </entity>
  </entities>
</fox>