<fox formatVersion="2" fileVersion="0">
  <entities>
    <entity class="DataSet" classVersion="0" classID="0xE8" addr="0x2F04290" id="0xFC1826">
      <staticProperties>
        <property name="name" type="String" container="StaticArray" arraySize="1">
          <containerEntry hash="0xB8A0BF169F98"></containerEntry>
        </property>
        <property name="dataSet" type="EntityHandle" container="StaticArray" arraySize="1">
          <containerEntry>0x0</containerEntry>
        </property>
        <property name="dataList" type="EntityPtr" container="StringMap" arraySize="4">
          <containerEntry key="StaticModelArray0000">
            <data>0x2D79A10</data>
          </containerEntry>
          <containerEntry key="StaticModelArray0001">
            <data>0x2D79B60</data>
          </containerEntry>
          <containerEntry key="StaticModelArray0002">
            <data>0x2D79BD0</data>
          </containerEntry>
          <containerEntry key="TexturePackLoadConditioner0000">
            <data>0x2D7A2D0</data>
          </containerEntry>
        </property>
      </staticProperties>
      <dynamicProperties></dynamicProperties>
    </entity>
    <entity class="StaticModelArray" classVersion="4" classID="0xD0" addr="0x2D79A10" id="0x0">
      <staticProperties>
        <property name="name" type="String" container="StaticArray" arraySize="1">
          <containerEntry>StaticModelArray0000</containerEntry>
        </property>
        <property name="dataSet" type="EntityHandle" container="StaticArray" arraySize="1">
          <containerEntry>0x2F04290</containerEntry>
        </property>
        <property name="modelFile" type="FilePtr" container="StaticArray" arraySize="1">
          <containerEntry>/Assets/tpp/environ/object/middle_africa/tree/mafr_tree032/scenes/mafr_tree032.fmdl</containerEntry>
        </property>
        <property name="geomFile" type="FilePtr" container="StaticArray" arraySize="1">
          <containerEntry>/Assets/tpp/environ/object/middle_africa/tree/mafr_tree032/scenes/mafr_tree032.geom</containerEntry>
        </property>
        <property name="isVisibleGeom" type="Bool" container="StaticArray" arraySize="1">
          <containerEntry>false</containerEntry>
        </property>
        <property name="lodFarSize" type="Float" container="StaticArray" arraySize="1">
          <containerEntry>-1</containerEntry>
        </property>
        <property name="lodNearSize" type="Float" container="StaticArray" arraySize="1">
          <containerEntry>-1</containerEntry>
        </property>
        <property name="lodPolygonSize" type="Float" container="StaticArray" arraySize="1">
          <containerEntry>-1</containerEntry>
        </property>
        <property name="drawRejectionLevel" type="Int32" container="StaticArray" arraySize="1">
          <containerEntry>8</containerEntry>
        </property>
        <property name="drawMode" type="Int32" container="StaticArray" arraySize="1">
          <containerEntry>0</containerEntry>
        </property>
        <property name="rejectFarRangeShadowCast" type="Int32" container="StaticArray" arraySize="1">
          <containerEntry>2</containerEntry>
        </property>
        <property name="parentLocator" type="EntityLink" container="StaticArray" arraySize="1">
          <containerEntry packagePathHash="0xB8A0BF169F98" archivePathHash="0xB8A0BF169F98" nameInArchiveHash="0xB8A0BF169F98">0x0</containerEntry>
        </property>
        <property name="transforms" type="Matrix4" container="DynamicArray" arraySize="24">
          <containerEntry r11="0.89850146" r12="0" r13="-0.43897057" r14="0" r21="0" r22="1" r23="0" r24="0" r31="0.43897057" r32="0" r33="0.89850146" r34="0" r41="-18.857533" r42="30.661955" r43="-684.55756" r44="1"></containerEntry>
          <containerEntry r11="0.46275294" r12="0" r13="-0.8864878" r14="0" r21="0" r22="1" r23="0" r24="0" r31="0.8864878" r32="0" r33="0.46275294" r34="0" r41="-55.452225" r42="31.540083" r43="-658.80225" r44="1"></containerEntry>
          <containerEntry r11="0.89850146" r12="0" r13="-0.43897057" r14="0" r21="0" r22="1" r23="0" r24="0" r31="0.43897057" r32="0" r33="0.89850146" r34="0" r41="-16.644264" r42="28.221601" r43="-655.52673" r44="1"></containerEntry>
          <containerEntry r11="-0.23060131" r12="0" r13="-0.97304773" r14="0" r21="0" r22="1" r23="0" r24="0" r31="0.97304773" r32="0" r33="-0.23060131" r34="0" r41="-20.824535" r42="28.956951" r43="-662.05066" r44="1"></containerEntry>
          <containerEntry r11="0.46275294" r12="0" r13="-0.8864878" r14="0" r21="0" r22="1" r23="0" r24="0" r31="0.8864878" r32="0" r33="0.46275294" r34="0" r41="-88.2134" r42="40.7718" r43="-658.8404" r44="1"></containerEntry>
          <containerEntry r11="0.46275294" r12="0" r13="-0.8864867" r14="0" r21="0" r22="1" r23="0" r24="0" r31="0.8864867" r32="0" r33="0.46275294" r34="0" r41="-90.001" r42="40.130444" r43="-646.9876" r44="1"></containerEntry>
          <containerEntry r11="-0.009679413" r12="0.23033918" r13="-0.97306055" r14="0" r21="0.08898811" r22="0.9694452" r23="0.22859797" r24="0" r31="0.995984" r32="-0.08437804" r33="-0.02988109" r34="0" r41="-75.94268" r42="36.78823" r43="-656.8444" r44="1"></containerEntry>
          <containerEntry r11="0.46275294" r12="0" r13="-0.8864867" r14="0" r21="0" r22="1" r23="0" r24="0" r31="0.8864867" r32="0" r33="0.46275294" r34="0" r41="-67.45983" r42="32.280445" r43="-643.0383" r44="1"></containerEntry>
          <containerEntry r11="0.88293296" r12="0" r13="-0.46949905" r14="0" r21="0" r22="1" r23="0" r24="0" r31="0.46949905" r32="0" r33="0.88293296" r34="0" r41="-70.38453" r42="36.403656" r43="-660.36365" r44="1"></containerEntry>
          <containerEntry r11="0.9503705" r12="0" r13="-0.31112054" r14="0" r21="0" r22="1" r23="0" r24="0" r31="0.31112054" r32="0" r33="0.9503705" r34="0" r41="-97.77251" r42="40.721153" r43="-698.9928" r44="1"></containerEntry>
          <containerEntry r11="-0.065400004" r12="0" r13="-0.9978599" r14="0" r21="0" r22="1" r23="0" r24="0" r31="0.9978599" r32="0" r33="-0.065400004" r34="0" r41="-54.977005" r42="39.96871" r43="-696.28973" r44="1"></containerEntry>
          <containerEntry r11="0.89850146" r12="0" r13="-0.43897057" r14="0" r21="0" r22="1" r23="0" r24="0" r31="0.43897057" r32="0" r33="0.89850146" r34="0" r41="-19.999" r42="28.212452" r43="-640.43774" r44="1"></containerEntry>
          <containerEntry r11="0.89850146" r12="0" r13="-0.43897057" r14="0" r21="0" r22="1" r23="0" r24="0" r31="0.43897057" r32="0" r33="0.89850146" r34="0" r41="-1.670104" r42="26.851692" r43="-643.4409" r44="1"></containerEntry>
          <containerEntry r11="-0.39561224" r12="0" r13="-1.4468888" r14="0" r21="0" r22="1.5" r23="0" r24="0" r31="1.4468888" r32="0" r33="-0.39561224" r34="0" r41="-19.515799" r42="29.513655" r43="-678.7409" r44="1"></containerEntry>
          <containerEntry r11="-0.2637415" r12="0" r13="-0.9645925" r14="0" r21="0" r22="1" r23="0" r24="0" r31="0.9645925" r32="0" r33="-0.2637415" r34="0" r41="-3.178921" r42="30.222263" r43="-716.3353" r44="1"></containerEntry>
          <containerEntry r11="0.8214458" r12="0" r13="-0.57028455" r14="0" r21="0" r22="1" r23="0" r24="0" r31="0.57028455" r32="0" r33="0.8214458" r34="0" r41="-3.735497" r42="34.71223" r43="-753.0003" r44="1"></containerEntry>
          <containerEntry r11="0.33791754" r12="-0.21894956" r13="0.9153526" r14="0" r21="0.21199806" r22="0.9652778" r23="0.15262891" r24="0" r31="-0.91698754" r32="0.14247708" r33="0.37260118" r34="0" r41="0.952144" r42="33.203907" r43="-745.6326" r44="1"></containerEntry>
          <containerEntry r11="-0.042772565" r12="0" r13="-1.364327" r14="0" r21="0" r22="1.365" r23="0" r24="0" r31="1.364327" r32="0" r33="-0.042772565" r34="0" r41="17.977709" r42="29.74124" r43="-757.1171" r44="1"></containerEntry>
          <containerEntry r11="-0.85555226" r12="0" r13="-0.5177076" r14="0" r21="0" r22="1" r23="0" r24="0" r31="0.5177076" r32="0" r33="-0.85555226" r34="0" r41="16.663002" r42="29.981441" r43="-767.7815" r44="1"></containerEntry>
          <containerEntry r11="0.9484779" r12="0" r13="-0.3168402" r14="0" r21="0" r22="1" r23="0" r24="0" r31="0.3168402" r32="0" r33="0.9484779" r34="0" r41="10.18687" r42="30.80648" r43="-747.35425" r44="1"></containerEntry>
          <containerEntry r11="-0.85555226" r12="0" r13="-0.5177076" r14="0" r21="0" r22="1" r23="0" r24="0" r31="0.5177076" r32="0" r33="-0.85555226" r34="0" r41="21.529587" r42="26.193254" r43="-737.5467" r44="1"></containerEntry>
          <containerEntry r11="0.77258575" r12="0" r13="-0.63490236" r14="0" r21="0" r22="1" r23="0" r24="0" r31="0.63490236" r32="0" r33="0.77258575" r34="0" r41="22.230331" r42="26.503693" r43="-741.1516" r44="1"></containerEntry>
          <containerEntry r11="0.87431604" r12="0" r13="-0.4853569" r14="0" r21="0" r22="1" r23="0" r24="0" r31="0.4853569" r32="0" r33="0.87431604" r34="0" r41="-2.493242" r42="28.41253" r43="-691.68024" r44="1"></containerEntry>
          <containerEntry r11="0.6791794" r12="0" r13="0.7339736" r14="0" r21="0" r22="1" r23="0" r24="0" r31="-0.7339736" r32="0" r33="0.6791794" r34="0" r41="-6.997551" r42="29.610584" r43="-687.7166" r44="1"></containerEntry>
        </property>
        <property name="colors" type="UInt32" container="DynamicArray" arraySize="24">
          <containerEntry>4294967295</containerEntry>
          <containerEntry>4294967295</containerEntry>
          <containerEntry>4294967295</containerEntry>
          <containerEntry>4294967295</containerEntry>
          <containerEntry>4294967295</containerEntry>
          <containerEntry>4294967295</containerEntry>
          <containerEntry>4294967295</containerEntry>
          <containerEntry>4294967295</containerEntry>
          <containerEntry>4294967295</containerEntry>
          <containerEntry>4294967295</containerEntry>
          <containerEntry>4294967295</containerEntry>
          <containerEntry>4294967295</containerEntry>
          <containerEntry>4294967295</containerEntry>
          <containerEntry>4294967295</containerEntry>
          <containerEntry>4294967295</containerEntry>
          <containerEntry>4294967295</containerEntry>
          <containerEntry>4294967295</containerEntry>
          <containerEntry>4294967295</containerEntry>
          <containerEntry>4294967295</containerEntry>
          <containerEntry>4294967295</containerEntry>
          <containerEntry>4294967295</containerEntry>
          <containerEntry>4294967295</containerEntry>
          <containerEntry>4294967295</containerEntry>
          <containerEntry>4294967295</containerEntry>
        </property>
      </staticProperties>
      <dynamicProperties></dynamicProperties>
    </entity>
    <entity class="StaticModelArray" classVersion="4" classID="0xD0" addr="0x2D79B60" id="0x0">
      <staticProperties>
        <property name="name" type="String" container="StaticArray" arraySize="1">
          <containerEntry>StaticModelArray0001</containerEntry>
        </property>
        <property name="dataSet" type="EntityHandle" container="StaticArray" arraySize="1">
          <containerEntry>0x2F04290</containerEntry>
        </property>
        <property name="modelFile" type="FilePtr" container="StaticArray" arraySize="1">
          <containerEntry>/Assets/tpp/environ/object/middle_africa/tree/mafr_tree038/scenes/mafr_tree038.fmdl</containerEntry>
        </property>
        <property name="geomFile" type="FilePtr" container="StaticArray" arraySize="1">
          <containerEntry>/Assets/tpp/environ/object/middle_africa/tree/mafr_tree038/scenes/mafr_tree038.geom</containerEntry>
        </property>
        <property name="isVisibleGeom" type="Bool" container="StaticArray" arraySize="1">
          <containerEntry>false</containerEntry>
        </property>
        <property name="lodFarSize" type="Float" container="StaticArray" arraySize="1">
          <containerEntry>-1</containerEntry>
        </property>
        <property name="lodNearSize" type="Float" container="StaticArray" arraySize="1">
          <containerEntry>-1</containerEntry>
        </property>
        <property name="lodPolygonSize" type="Float" container="StaticArray" arraySize="1">
          <containerEntry>-1</containerEntry>
        </property>
        <property name="drawRejectionLevel" type="Int32" container="StaticArray" arraySize="1">
          <containerEntry>8</containerEntry>
        </property>
        <property name="drawMode" type="Int32" container="StaticArray" arraySize="1">
          <containerEntry>0</containerEntry>
        </property>
        <property name="rejectFarRangeShadowCast" type="Int32" container="StaticArray" arraySize="1">
          <containerEntry>2</containerEntry>
        </property>
        <property name="parentLocator" type="EntityLink" container="StaticArray" arraySize="1">
          <containerEntry packagePathHash="0xB8A0BF169F98" archivePathHash="0xB8A0BF169F98" nameInArchiveHash="0xB8A0BF169F98">0x0</containerEntry>
        </property>
        <property name="transforms" type="Matrix4" container="DynamicArray" arraySize="5">
          <containerEntry r11="1" r12="0" r13="0" r14="0" r21="0" r22="1" r23="0" r24="0" r31="0" r32="0" r33="1" r34="0" r41="-16.259834" r42="27.238983" r43="-680.9178" r44="1"></containerEntry>
          <containerEntry r11="-0.17982614" r12="0" r13="0.983698" r14="0" r21="0" r22="1" r23="0" r24="0" r31="-0.983698" r32="0" r33="-0.17982614" r34="0" r41="-67.548" r42="29.026615" r43="-645.673" r44="1"></containerEntry>
          <containerEntry r11="-0.93532264" r12="0" r13="-0.3537886" r14="0" r21="0" r22="1" r23="0" r24="0" r31="0.3537886" r32="0" r33="-0.93532264" r34="0" r41="-92.0896" r42="30.814247" r43="-704.8574" r44="1"></containerEntry>
          <containerEntry r11="-0.17982614" r12="0" r13="0.983698" r14="0" r21="0" r22="1" r23="0" r24="0" r31="-0.983698" r32="0" r33="-0.17982614" r34="0" r41="-20.321148" r42="27.416615" r43="-659.89215" r44="1"></containerEntry>
          <containerEntry r11="-0.17982614" r12="0" r13="0.983698" r14="0" r21="0" r22="1" r23="0" r24="0" r31="-0.983698" r32="0" r33="-0.17982614" r34="0" r41="-63.66195" r42="29.026615" r43="-666.9307" r44="1"></containerEntry>
        </property>
        <property name="colors" type="UInt32" container="DynamicArray" arraySize="5">
          <containerEntry>4294967295</containerEntry>
          <containerEntry>4294967295</containerEntry>
          <containerEntry>4294967295</containerEntry>
          <containerEntry>4294967295</containerEntry>
          <containerEntry>4294967295</containerEntry>
        </property>
      </staticProperties>
      <dynamicProperties></dynamicProperties>
    </entity>
    <entity class="StaticModelArray" classVersion="4" classID="0xD0" addr="0x2D79BD0" id="0x0">
      <staticProperties>
        <property name="name" type="String" container="StaticArray" arraySize="1">
          <containerEntry>StaticModelArray0002</containerEntry>
        </property>
        <property name="dataSet" type="EntityHandle" container="StaticArray" arraySize="1">
          <containerEntry>0x2F04290</containerEntry>
        </property>
        <property name="modelFile" type="FilePtr" container="StaticArray" arraySize="1">
          <containerEntry>/Assets/tpp/environ/object/middle_africa/cliff/mafr_clff003/scenes/mafr_clff003.fmdl</containerEntry>
        </property>
        <property name="geomFile" type="FilePtr" container="StaticArray" arraySize="1">
          <containerEntry>/Assets/tpp/environ/object/middle_africa/cliff/mafr_clff003/scenes/mafr_clff003.geom</containerEntry>
        </property>
        <property name="isVisibleGeom" type="Bool" container="StaticArray" arraySize="1">
          <containerEntry>false</containerEntry>
        </property>
        <property name="lodFarSize" type="Float" container="StaticArray" arraySize="1">
          <containerEntry>-1</containerEntry>
        </property>
        <property name="lodNearSize" type="Float" container="StaticArray" arraySize="1">
          <containerEntry>-1</containerEntry>
        </property>
        <property name="lodPolygonSize" type="Float" container="StaticArray" arraySize="1">
          <containerEntry>-1</containerEntry>
        </property>
        <property name="drawRejectionLevel" type="Int32" container="StaticArray" arraySize="1">
          <containerEntry>8</containerEntry>
        </property>
        <property name="drawMode" type="Int32" container="StaticArray" arraySize="1">
          <containerEntry>0</containerEntry>
        </property>
        <property name="rejectFarRangeShadowCast" type="Int32" container="StaticArray" arraySize="1">
          <containerEntry>2</containerEntry>
        </property>
        <property name="parentLocator" type="EntityLink" container="StaticArray" arraySize="1">
          <containerEntry packagePathHash="0xB8A0BF169F98" archivePathHash="0xB8A0BF169F98" nameInArchiveHash="0xB8A0BF169F98">0x0</containerEntry>
        </property>
        <property name="transforms" type="Matrix4" container="DynamicArray" arraySize="2">
          <containerEntry r11="0.84207547" r12="0.08672804" r13="-0.53234136" r14="0" r21="-0.4027407" r22="0.75761044" r23="-0.51364064" r24="0" r31="0.35876045" r32="0.6469196" r33="0.672894" r34="0" r41="-63.248436" r42="32.75675" r43="-688.67804" r44="1"></containerEntry>
          <containerEntry r11="-0.056377918" r12="0.06036368" r13="-0.99658346" r14="0" r21="-0.68440557" r22="0.72440815" r23="0.08259526" r24="0" r31="0.72691905" r32="0.6867236" r33="0.00047248602" r34="0" r41="-45.709305" r42="33.04268" r43="-721.7115" r44="1"></containerEntry>
        </property>
        <property name="colors" type="UInt32" container="DynamicArray" arraySize="2">
          <containerEntry>4294967295</containerEntry>
          <containerEntry>4294967295</containerEntry>
        </property>
      </staticProperties>
      <dynamicProperties></dynamicProperties>
    </entity>
    <entity class="TexturePackLoadConditioner" classVersion="0" classID="0x48" addr="0x2D7A2D0" id="0x0">
      <staticProperties>
        <property name="name" type="String" container="StaticArray" arraySize="1">
          <containerEntry>TexturePackLoadConditioner0000</containerEntry>
        </property>
        <property name="dataSet" type="EntityHandle" container="StaticArray" arraySize="1">
          <containerEntry>0x2F04290</containerEntry>
        </property>
        <property name="texturePackPath" type="Path" container="StaticArray" arraySize="1">
          <containerEntry hash="0xB8A0BF169F98"></containerEntry>
        </property>
      </staticProperties>
      <dynamicProperties></dynamicProperties>
    </entity>
  </entities>
</fox>