<fox formatVersion="2" fileVersion="0">
  <entities>
    <entity class="DataSet" classVersion="0" classID="0xE8" addr="0x2F533B0" id="0x1595E3B3">
      <staticProperties>
        <property name="name" type="String" container="StaticArray" arraySize="1">
          <containerEntry hash="0xB8A0BF169F98"></containerEntry>
        </property>
        <property name="dataSet" type="EntityHandle" container="StaticArray" arraySize="1">
          <containerEntry>0x0</containerEntry>
        </property>
        <property name="dataList" type="EntityPtr" container="StringMap" arraySize="13">
          <containerEntry key="ElectricCables_0000">
            <data>0x2D75800</data>
          </containerEntry>
          <containerEntry key="afgh_clff022_vrtn004_0000">
            <data>0x2D75B80</data>
          </containerEntry>
          <containerEntry key="StaticModelArray0000">
            <data>0x2F579B0</data>
          </containerEntry>
          <containerEntry key="StaticModelArray0001">
            <data>0x2F57400</data>
          </containerEntry>
          <containerEntry key="StaticModelArray0002">
            <data>0x2F57630</data>
          </containerEntry>
          <containerEntry key="StaticModelArray0003">
            <data>0x2F570F0</data>
          </containerEntry>
          <containerEntry key="StaticModelArray0004">
            <data>0x2F57240</data>
          </containerEntry>
          <containerEntry key="StaticModelArray0005">
            <data>0x2F53880</data>
          </containerEntry>
          <containerEntry key="StaticModelArray0006">
            <data>0x2F57080</data>
          </containerEntry>
          <containerEntry key="StaticModelArray0007">
            <data>0x2F57160</data>
          </containerEntry>
          <containerEntry key="StaticModelArray0008">
            <data>0x2F571D0</data>
          </containerEntry>
          <containerEntry key="GeoxPathPack0000">
            <data>0x2F57A90</data>
          </containerEntry>
          <containerEntry key="TexturePackLoadConditioner0000">
            <data>0x2F572B0</data>
          </containerEntry>
        </property>
      </staticProperties>
      <dynamicProperties></dynamicProperties>
    </entity>
    <entity class="Locator" classVersion="0" classID="0x110" addr="0x2D75800" id="0x1595E47E">
      <staticProperties>
        <property name="name" type="String" container="StaticArray" arraySize="1">
          <containerEntry>ElectricCables_0000</containerEntry>
        </property>
        <property name="dataSet" type="EntityHandle" container="StaticArray" arraySize="1">
          <containerEntry>0x2F533B0</containerEntry>
        </property>
        <property name="parent" type="EntityHandle" container="StaticArray" arraySize="1">
          <containerEntry>0x0</containerEntry>
        </property>
        <property name="transform" type="EntityPtr" container="StaticArray" arraySize="1">
          <containerEntry>0x2D75870</containerEntry>
        </property>
        <property name="shearTransform" type="EntityPtr" container="StaticArray" arraySize="1">
          <containerEntry>0x0</containerEntry>
        </property>
        <property name="pivotTransform" type="EntityPtr" container="StaticArray" arraySize="1">
          <containerEntry>0x0</containerEntry>
        </property>
        <property name="children" type="EntityHandle" container="List"></property>
        <property name="flags" type="UInt32" container="StaticArray" arraySize="1">
          <containerEntry>1073741830</containerEntry>
        </property>
        <property name="size" type="Float" container="StaticArray" arraySize="1">
          <containerEntry>1</containerEntry>
        </property>
      </staticProperties>
      <dynamicProperties></dynamicProperties>
    </entity>
    <entity class="TransformEntity" classVersion="0" classID="0x50" addr="0x2D75870" id="0x1595E481">
      <staticProperties>
        <property name="owner" type="EntityHandle" container="StaticArray" arraySize="1">
          <containerEntry>0x2D75800</containerEntry>
        </property>
        <property name="transform_scale" type="Vector3" container="StaticArray" arraySize="1">
          <containerEntry x="1" y="1" z="1" w="0"></containerEntry>
        </property>
        <property name="transform_rotation_quat" type="Quat" container="StaticArray" arraySize="1">
          <containerEntry x="0" y="0" z="0" w="1"></containerEntry>
        </property>
        <property name="transform_translation" type="Vector3" container="StaticArray" arraySize="1">
          <containerEntry x="0" y="0" z="0" w="0"></containerEntry>
        </property>
      </staticProperties>
      <dynamicProperties></dynamicProperties>
    </entity>
    <entity class="StaticModel" classVersion="9" classID="0x160" addr="0x2D75B80" id="0x1595E491">
      <staticProperties>
        <property name="name" type="String" container="StaticArray" arraySize="1">
          <containerEntry>afgh_clff022_vrtn004_0000</containerEntry>
        </property>
        <property name="dataSet" type="EntityHandle" container="StaticArray" arraySize="1">
          <containerEntry>0x2F533B0</containerEntry>
        </property>
        <property name="parent" type="EntityHandle" container="StaticArray" arraySize="1">
          <containerEntry>0x0</containerEntry>
        </property>
        <property name="transform" type="EntityPtr" container="StaticArray" arraySize="1">
          <containerEntry>0x2D75BF0</containerEntry>
        </property>
        <property name="shearTransform" type="EntityPtr" container="StaticArray" arraySize="1">
          <containerEntry>0x0</containerEntry>
        </property>
        <property name="pivotTransform" type="EntityPtr" container="StaticArray" arraySize="1">
          <containerEntry>0x0</containerEntry>
        </property>
        <property name="children" type="EntityHandle" container="List"></property>
        <property name="flags" type="UInt32" container="StaticArray" arraySize="1">
          <containerEntry>3221225479</containerEntry>
        </property>
        <property name="modelFile" type="FilePtr" container="StaticArray" arraySize="1">
          <containerEntry>/Assets/tpp/environ/object/afghanistan/cliff/afgh_clff022/scenes/afgh_clff022_vrtn004.fmdl</containerEntry>
        </property>
        <property name="geomFile" type="FilePtr" container="StaticArray" arraySize="1">
          <containerEntry>/Assets/tpp/environ/object/afghanistan/cliff/afgh_clff022/scenes/afgh_clff022_vrtn004.geom</containerEntry>
        </property>
        <property name="isVisibleGeom" type="Bool" container="StaticArray" arraySize="1">
          <containerEntry>false</containerEntry>
        </property>
        <property name="isIsolated" type="Bool" container="StaticArray" arraySize="1">
          <containerEntry>false</containerEntry>
        </property>
        <property name="lodFarSize" type="Float" container="StaticArray" arraySize="1">
          <containerEntry>-1</containerEntry>
        </property>
        <property name="lodNearSize" type="Float" container="StaticArray" arraySize="1">
          <containerEntry>-1</containerEntry>
        </property>
        <property name="lodPolygonSize" type="Float" container="StaticArray" arraySize="1">
          <containerEntry>-1</containerEntry>
        </property>
        <property name="color" type="Color" container="StaticArray" arraySize="1">
          <containerEntry r="1" g="1" b="1" a="1"></containerEntry>
        </property>
        <property name="drawRejectionLevel" type="Int32" container="StaticArray" arraySize="1">
          <containerEntry>8</containerEntry>
        </property>
        <property name="drawMode" type="Int32" container="StaticArray" arraySize="1">
          <containerEntry>0</containerEntry>
        </property>
        <property name="rejectFarRangeShadowCast" type="Int32" container="StaticArray" arraySize="1">
          <containerEntry>2</containerEntry>
        </property>
      </staticProperties>
      <dynamicProperties></dynamicProperties>
    </entity>
    <entity class="TransformEntity" classVersion="0" classID="0x50" addr="0x2D75BF0" id="0x1595E494">
      <staticProperties>
        <property name="owner" type="EntityHandle" container="StaticArray" arraySize="1">
          <containerEntry>0x2D75B80</containerEntry>
        </property>
        <property name="transform_scale" type="Vector3" container="StaticArray" arraySize="1">
          <containerEntry x="1" y="1" z="1" w="0"></containerEntry>
        </property>
        <property name="transform_rotation_quat" type="Quat" container="StaticArray" arraySize="1">
          <containerEntry x="0.003759" y="0.052459" z="0.00377" w="0.998609"></containerEntry>
        </property>
        <property name="transform_translation" type="Vector3" container="StaticArray" arraySize="1">
          <containerEntry x="781.6251" y="356.83423" z="650.4722" w="0"></containerEntry>
        </property>
      </staticProperties>
      <dynamicProperties></dynamicProperties>
    </entity>
    <entity class="StaticModelArray" classVersion="4" classID="0xD0" addr="0x2F579B0" id="0x0">
      <staticProperties>
        <property name="name" type="String" container="StaticArray" arraySize="1">
          <containerEntry>StaticModelArray0000</containerEntry>
        </property>
        <property name="dataSet" type="EntityHandle" container="StaticArray" arraySize="1">
          <containerEntry>0x2F533B0</containerEntry>
        </property>
        <property name="modelFile" type="FilePtr" container="StaticArray" arraySize="1">
          <containerEntry>/Assets/tpp/environ/object/afghanistan/cliff/afgh_clff030/scenes/afgh_clff030_vrtn011.fmdl</containerEntry>
        </property>
        <property name="geomFile" type="FilePtr" container="StaticArray" arraySize="1">
          <containerEntry>/Assets/tpp/environ/object/afghanistan/cliff/afgh_clff030/scenes/afgh_clff030_vrtn011.geom</containerEntry>
        </property>
        <property name="isVisibleGeom" type="Bool" container="StaticArray" arraySize="1">
          <containerEntry>false</containerEntry>
        </property>
        <property name="lodFarSize" type="Float" container="StaticArray" arraySize="1">
          <containerEntry>-1</containerEntry>
        </property>
        <property name="lodNearSize" type="Float" container="StaticArray" arraySize="1">
          <containerEntry>-1</containerEntry>
        </property>
        <property name="lodPolygonSize" type="Float" container="StaticArray" arraySize="1">
          <containerEntry>-1</containerEntry>
        </property>
        <property name="drawRejectionLevel" type="Int32" container="StaticArray" arraySize="1">
          <containerEntry>8</containerEntry>
        </property>
        <property name="drawMode" type="Int32" container="StaticArray" arraySize="1">
          <containerEntry>0</containerEntry>
        </property>
        <property name="rejectFarRangeShadowCast" type="Int32" container="StaticArray" arraySize="1">
          <containerEntry>2</containerEntry>
        </property>
        <property name="parentLocator" type="EntityLink" container="StaticArray" arraySize="1">
          <containerEntry packagePathHash="0xB8A0BF169F98" archivePathHash="0xB8A0BF169F98" nameInArchiveHash="0xB8A0BF169F98">0x0</containerEntry>
        </property>
        <property name="transforms" type="Matrix4" container="DynamicArray" arraySize="10">
          <containerEntry r11="0.97003686" r12="0.08403507" r13="0.22796193" r14="0" r21="-0.09167659" r22="0.99552035" r23="0.02312256" r24="0" r31="-0.22499764" r32="-0.043328498" r33="0.97339547" r34="0" r41="809.2899" r42="337.51413" r43="711.7362" r44="1"></containerEntry>
          <containerEntry r11="0.9701388" r12="0.08291946" r13="0.22793674" r14="0" r21="-0.0905896" r22="0.9956139" r23="0.0233781" r24="0" r31="-0.2249985" r32="-0.043328676" r33="0.9733953" r34="0" r41="866.90344" r42="343.8178" r43="754" r44="1"></containerEntry>
          <containerEntry r11="0.22041656" r12="-0.023319274" r13="0.975126" r14="0" r21="-0.080711864" r22="0.99584967" r23="0.04205876" r24="0" r31="-0.9720597" r32="-0.08797475" r33="0.2176196" r34="0" r41="815.50226" r42="337.03546" r43="725.6049" r44="1"></containerEntry>
          <containerEntry r11="-0.9790952" r12="-0.1734922" r13="0.10617776" r14="0" r21="-0.16176614" r22="0.98061097" r23="0.110606536" r24="0" r31="-0.12330845" r32="0.09111832" r33="-0.9881767" r34="0" r41="797.69366" r42="343.13876" r43="674.4166" r44="1"></containerEntry>
          <containerEntry r11="0.7845711" r12="0.22743717" r13="-0.57681906" r14="0" r21="-0.05903869" r22="0.95347124" r23="0.2956467" r24="0" r31="0.6172215" r32="-0.19790116" r33="0.76149356" r34="0" r41="880" r42="355.62744" r43="688" r44="1"></containerEntry>
          <containerEntry r11="0.8754442" r12="0.06782062" r13="0.47853705" r14="0" r21="-0.20148297" r22="0.9511817" r23="0.23379025" r24="0" r31="-0.43931988" r32="-0.3010874" r33="0.84637123" r34="0" r41="864.73206" r42="355.152" r43="683.7878" r44="1"></containerEntry>
          <containerEntry r11="0.71863234" r12="0.2710652" r13="-0.64038306" r14="0" r21="-0.22863911" r22="0.9618013" r23="0.15054011" r24="0" r31="0.6567275" r32="0.03823385" r33="0.75315773" r34="0" r41="830.30084" r42="341.65356" r43="740.15356" r44="1"></containerEntry>
          <containerEntry r11="0.74542826" r12="0.19531152" r13="0.63732994" r14="0" r21="-0.25868434" r22="0.9659397" r23="0.006545089" r24="0" r31="-0.6143439" r32="-0.16974637" r33="0.7705629" r34="0" r41="832.4109" r42="342.555" r43="729.48755" r44="1"></containerEntry>
          <containerEntry r11="-0.37701416" r12="-0.015089524" r13="-0.9260835" r14="0" r21="-0.007881467" r22="0.99988335" r23="-0.013083402" r24="0" r31="0.9261729" r32="0.002366262" r33="-0.37708908" r34="0" r41="876" r42="347.0957" r43="723.0504" r44="1"></containerEntry>
          <containerEntry r11="-0.982167" r12="0.023039574" r13="-0.18658918" r14="0" r21="0.0006356705" r22="0.992864" r23="0.11925032" r24="0" r31="0.18800515" r32="0.11700522" r33="-0.9751729" r34="0" r41="885.6259" r42="367.25906" r43="648.16656" r44="1"></containerEntry>
        </property>
        <property name="colors" type="UInt32" container="DynamicArray" arraySize="10">
          <containerEntry>4294967295</containerEntry>
          <containerEntry>4294967295</containerEntry>
          <containerEntry>4294967295</containerEntry>
          <containerEntry>4294967295</containerEntry>
          <containerEntry>4294967295</containerEntry>
          <containerEntry>4294967295</containerEntry>
          <containerEntry>4294967295</containerEntry>
          <containerEntry>4294967295</containerEntry>
          <containerEntry>4294967295</containerEntry>
          <containerEntry>4294967295</containerEntry>
        </property>
      </staticProperties>
      <dynamicProperties></dynamicProperties>
    </entity>
    <entity class="StaticModelArray" classVersion="4" classID="0xD0" addr="0x2F57400" id="0x0">
      <staticProperties>
        <property name="name" type="String" container="StaticArray" arraySize="1">
          <containerEntry>StaticModelArray0001</containerEntry>
        </property>
        <property name="dataSet" type="EntityHandle" container="StaticArray" arraySize="1">
          <containerEntry>0x2F533B0</containerEntry>
        </property>
        <property name="modelFile" type="FilePtr" container="StaticArray" arraySize="1">
          <containerEntry>/Assets/tpp/environ/object/afghanistan/rock/afgh_rock010/scenes/afgh_rock010_vrtn001.fmdl</containerEntry>
        </property>
        <property name="geomFile" type="FilePtr" container="StaticArray" arraySize="1">
          <containerEntry>/Assets/tpp/environ/object/afghanistan/rock/afgh_rock010/scenes/afgh_rock010_vrtn001.geom</containerEntry>
        </property>
        <property name="isVisibleGeom" type="Bool" container="StaticArray" arraySize="1">
          <containerEntry>false</containerEntry>
        </property>
        <property name="lodFarSize" type="Float" container="StaticArray" arraySize="1">
          <containerEntry>-1</containerEntry>
        </property>
        <property name="lodNearSize" type="Float" container="StaticArray" arraySize="1">
          <containerEntry>-1</containerEntry>
        </property>
        <property name="lodPolygonSize" type="Float" container="StaticArray" arraySize="1">
          <containerEntry>-1</containerEntry>
        </property>
        <property name="drawRejectionLevel" type="Int32" container="StaticArray" arraySize="1">
          <containerEntry>8</containerEntry>
        </property>
        <property name="drawMode" type="Int32" container="StaticArray" arraySize="1">
          <containerEntry>0</containerEntry>
        </property>
        <property name="rejectFarRangeShadowCast" type="Int32" container="StaticArray" arraySize="1">
          <containerEntry>2</containerEntry>
        </property>
        <property name="parentLocator" type="EntityLink" container="StaticArray" arraySize="1">
          <containerEntry packagePathHash="0xB8A0BF169F98" archivePathHash="0xB8A0BF169F98" nameInArchiveHash="0xB8A0BF169F98">0x0</containerEntry>
        </property>
        <property name="transforms" type="Matrix4" container="DynamicArray" arraySize="2">
          <containerEntry r11="-0.5101821" r12="-0.08571747" r13="0.8557793" r14="0" r21="-0.8596655" r22="0.020638585" r23="-0.51043475" r24="0" r31="0.026093632" r32="-0.9961029" r33="-0.08421379" r34="0" r41="803.03687" r42="346.20917" r43="654.1856" r44="1"></containerEntry>
          <containerEntry r11="0.14607507" r12="-0.19114202" r13="-0.97063017" r14="0" r21="0.027174897" r22="-0.9800065" r23="0.19707851" r24="0" r31="-0.9888983" r32="-0.05516471" r33="-0.13795649" r34="0" r41="789.80853" r42="360.08884" r43="638.85315" r44="1"></containerEntry>
        </property>
        <property name="colors" type="UInt32" container="DynamicArray" arraySize="2">
          <containerEntry>4294967295</containerEntry>
          <containerEntry>4294967295</containerEntry>
        </property>
      </staticProperties>
      <dynamicProperties></dynamicProperties>
    </entity>
    <entity class="StaticModelArray" classVersion="4" classID="0xD0" addr="0x2F57630" id="0x0">
      <staticProperties>
        <property name="name" type="String" container="StaticArray" arraySize="1">
          <containerEntry>StaticModelArray0002</containerEntry>
        </property>
        <property name="dataSet" type="EntityHandle" container="StaticArray" arraySize="1">
          <containerEntry>0x2F533B0</containerEntry>
        </property>
        <property name="modelFile" type="FilePtr" container="StaticArray" arraySize="1">
          <containerEntry>/Assets/tpp/environ/object/afghanistan/rock/afgh_rock009/scenes/afgh_rock009_rock001.fmdl</containerEntry>
        </property>
        <property name="geomFile" type="FilePtr" container="StaticArray" arraySize="1">
          <containerEntry>/Assets/tpp/environ/object/afghanistan/rock/afgh_rock009/scenes/afgh_rock009_rock001.geom</containerEntry>
        </property>
        <property name="isVisibleGeom" type="Bool" container="StaticArray" arraySize="1">
          <containerEntry>false</containerEntry>
        </property>
        <property name="lodFarSize" type="Float" container="StaticArray" arraySize="1">
          <containerEntry>-1</containerEntry>
        </property>
        <property name="lodNearSize" type="Float" container="StaticArray" arraySize="1">
          <containerEntry>-1</containerEntry>
        </property>
        <property name="lodPolygonSize" type="Float" container="StaticArray" arraySize="1">
          <containerEntry>-1</containerEntry>
        </property>
        <property name="drawRejectionLevel" type="Int32" container="StaticArray" arraySize="1">
          <containerEntry>8</containerEntry>
        </property>
        <property name="drawMode" type="Int32" container="StaticArray" arraySize="1">
          <containerEntry>0</containerEntry>
        </property>
        <property name="rejectFarRangeShadowCast" type="Int32" container="StaticArray" arraySize="1">
          <containerEntry>2</containerEntry>
        </property>
        <property name="parentLocator" type="EntityLink" container="StaticArray" arraySize="1">
          <containerEntry packagePathHash="0xB8A0BF169F98" archivePathHash="0xB8A0BF169F98" nameInArchiveHash="0xB8A0BF169F98">0x0</containerEntry>
        </property>
        <property name="transforms" type="Matrix4" container="DynamicArray" arraySize="23">
          <containerEntry r11="0.5693915" r12="-0.82206625" r13="1.7911196e-05" r14="0" r21="0.73138386" r22="0.5065918" r23="0.45655435" r24="0" r31="-0.37532717" r32="-0.25994498" r33="0.88969547" r34="0" r41="786.5934" r42="341.63617" r43="679.2119" r44="1"></containerEntry>
          <containerEntry r11="-0.634265" r12="0.72880054" r13="0.2579882" r14="0" r21="-0.1752108" r22="-0.4605206" r23="0.87018514" r24="0" r31="0.75300026" r32="0.50672555" r33="0.41978556" r34="0" r41="784.631" r42="341.28128" r43="678.933" r44="1"></containerEntry>
          <containerEntry r11="0.9700038" r12="0.15293856" r13="0.18895112" r14="0" r21="-0.107416764" r22="-0.42761827" r23="0.89755476" r24="0" r31="0.21806963" r32="-0.89092803" r33="-0.39836317" r34="0" r41="787.0975" r42="344.20517" r43="660.067" r44="1"></containerEntry>
          <containerEntry r11="0.3633482" r12="-0.35816467" r13="0.8600551" r14="0" r21="-0.9289719" r22="-0.06930131" r23="0.3636018" r24="0" r31="-0.070625514" r32="-0.93108165" r33="-0.357905" r34="0" r41="772.1619" r42="341.04797" r43="673.27594" r44="1"></containerEntry>
          <containerEntry r11="0.9083017" r12="-0.04023336" r13="-0.41637647" r14="0" r21="-0.40849262" r22="-0.2997486" r23="-0.8621397" r24="0" r31="-0.09012145" r32="0.9531696" r33="-0.2886972" r34="0" r41="783.4828" r42="346.8801" r43="658.37537" r44="1"></containerEntry>
          <containerEntry r11="0.1500887" r12="-0.98747194" r13="0.048713863" r14="0" r21="0.078499526" r22="-0.03721428" r23="-0.99621964" r24="0" r31="0.98555154" r32="0.15334558" r33="0.07193035" r34="0" r41="780.87354" r42="345.44034" r43="658.69696" r44="1"></containerEntry>
          <containerEntry r11="0.9989181" r12="0.017849162" r13="-0.042941965" r14="0" r21="-3.0593015e-05" r22="-0.923154" r23="-0.38442802" r24="0" r31="-0.046503805" r32="0.3840134" r33="-0.9221547" r34="0" r41="786.5941" r42="341.7001" r43="665.911" r44="1"></containerEntry>
          <containerEntry r11="-0.032883048" r12="0.8593442" r13="-0.5103391" r14="0" r21="-0.9018454" r22="-0.24560662" r23="-0.35546017" r24="0" r31="-0.43080544" r32="0.44855833" r33="0.7830722" r34="0" r41="790.121" r42="341.23453" r43="670.69006" r44="1"></containerEntry>
          <containerEntry r11="0.9345727" r12="-0.30167767" r13="0.1885853" r14="0" r21="0.23686233" r22="0.13208658" r23="-0.96252215" r24="0" r31="0.265462" r32="0.94421566" r33="0.1949006" r34="0" r41="799.4343" r42="346.8236" r43="658.1686" r44="1"></containerEntry>
          <containerEntry r11="-0.4647447" r12="0.40155452" r13="0.78915495" r14="0" r21="0.11797841" r22="-0.85522294" r23="0.504652" r24="0" r31="0.87754923" r32="0.32763785" r33="0.35008636" r34="0" r41="784.05206" r42="337.43753" r43="697.4597" r44="1"></containerEntry>
          <containerEntry r11="-0.924042" r12="0.3741777" r13="0.07831679" r14="0" r21="-0.1748159" r22="-0.59578264" r23="0.7838872" r24="0" r31="0.33997333" r32="0.71065515" r33="0.61594355" r34="0" r41="805.01135" r42="339.04007" r43="748.9973" r44="1"></containerEntry>
          <containerEntry r11="-0.22391653" r12="0.9129673" r13="0.3411071" r14="0" r21="-0.441499" r22="-0.40704247" r23="0.79962325" r24="0" r31="0.86887395" r32="0.028449774" r33="0.49421597" r34="0" r41="812.7423" r42="340.398" r43="752.8697" r44="1"></containerEntry>
          <containerEntry r11="-0.4816484" r12="-0.6841717" r13="-0.5476524" r14="0" r21="0.36056802" r22="-0.72427875" r23="0.587716" r24="0" r31="-0.798752" r32="0.085606724" r33="0.59553885" r34="0" r41="828.0393" r42="341.5593" r43="699.7832" r44="1"></containerEntry>
          <containerEntry r11="-0.7456412" r12="-0.013588712" r13="-0.6662068" r14="0" r21="-0.40764898" r22="0.8001751" r23="0.4399338" r24="0" r31="0.52710384" r32="0.59961224" r33="-0.60218257" r34="0" r41="750.3825" r42="343.09476" r43="659.9755" r44="1"></containerEntry>
          <containerEntry r11="0.81298995" r12="0.7590397" r13="-0.25743034" r14="0" r21="-0.05914616" r22="-0.3088636" r23="-1.0974826" r24="0" r31="-0.7993206" r32="0.7948743" r33="-0.1806232" r34="0" r41="772.7492" r42="343.50647" r43="662.4672" r44="1"></containerEntry>
          <containerEntry r11="-0.46474496" r12="0.4015547" r13="0.78915447" r14="0" r21="0.6657828" r22="0.74604124" r23="0.012473226" r24="0" r31="-0.583733" r32="0.53120255" r33="-0.614067" r34="0" r41="818.68945" r42="339.97748" r43="700.97784" r44="1"></containerEntry>
          <containerEntry r11="0.50291044" r12="-0.4483402" r13="0.7389671" r14="0" r21="0.33026436" r22="0.8897542" r23="0.3150603" r24="0" r31="-0.7987533" r32="0.08560728" r33="0.59553736" r34="0" r41="819.2815" r42="344.14987" r43="691.4283" r44="1"></containerEntry>
          <containerEntry r11="0.014606595" r12="-0.9665164" r13="-0.2561893" r14="0" r21="0.81231105" r22="-0.13793066" r23="0.56667995" r24="0" r31="-0.5830417" r32="-0.21638271" r33="0.78309697" r34="0" r41="842.73346" r42="345.95483" r43="726.91376" r44="1"></containerEntry>
          <containerEntry r11="0.02482465" r12="0.7356268" r13="-0.67693233" r14="0" r21="-0.40026784" r22="0.6278082" r23="0.66756475" r24="0" r31="0.9160621" r32="0.25438195" r33="0.31003273" r34="0" r41="782.34064" r42="340.398" r43="752.8697" r44="1"></containerEntry>
          <containerEntry r11="-0.086072" r12="-0.68409574" r13="-0.7242966" r14="0" r21="0.0316889" r22="0.7247465" r23="-0.6882867" r24="0" r31="0.9957853" r32="-0.08219403" r33="-0.040702283" r34="0" r41="770.2161" r42="340.398" r43="750.5969" r44="1"></containerEntry>
          <containerEntry r11="0.9700038" r12="0.15293856" r13="0.18895112" r14="0" r21="-0.107416764" r22="-0.42761827" r23="0.89755476" r24="0" r31="0.21806963" r32="-0.89092803" r33="-0.39836317" r34="0" r41="816" r42="343.50882" r43="682" r44="1"></containerEntry>
          <containerEntry r11="-0.032216012" r12="0.40139344" r13="-0.9153397" r14="0" r21="0.9083289" r22="-0.37035018" r23="-0.19437379" r24="0" r31="-0.4170157" r32="-0.8376908" r33="-0.35266674" r34="0" r41="825.0528" r42="354.24713" r43="654" r44="1"></containerEntry>
          <containerEntry r11="0.37256634" r12="0.7395229" r13="-0.56062585" r14="0" r21="0.7706165" r22="-0.5831393" r23="-0.2571018" r24="0" r31="-0.51705474" r32="-0.33623955" r33="-0.7871468" r34="0" r41="814.27496" r42="346.84576" r43="667.3921" r44="1"></containerEntry>
        </property>
        <property name="colors" type="UInt32" container="DynamicArray" arraySize="23">
          <containerEntry>4294967295</containerEntry>
          <containerEntry>4294967295</containerEntry>
          <containerEntry>4294967295</containerEntry>
          <containerEntry>4294967295</containerEntry>
          <containerEntry>4294967295</containerEntry>
          <containerEntry>4294967295</containerEntry>
          <containerEntry>4294967295</containerEntry>
          <containerEntry>4294967295</containerEntry>
          <containerEntry>4294967295</containerEntry>
          <containerEntry>4294967295</containerEntry>
          <containerEntry>4294967295</containerEntry>
          <containerEntry>4294967295</containerEntry>
          <containerEntry>4294967295</containerEntry>
          <containerEntry>4294967295</containerEntry>
          <containerEntry>4294967295</containerEntry>
          <containerEntry>4294967295</containerEntry>
          <containerEntry>4294967295</containerEntry>
          <containerEntry>4294967295</containerEntry>
          <containerEntry>4294967295</containerEntry>
          <containerEntry>4294967295</containerEntry>
          <containerEntry>4294967295</containerEntry>
          <containerEntry>4294967295</containerEntry>
          <containerEntry>4294967295</containerEntry>
        </property>
      </staticProperties>
      <dynamicProperties></dynamicProperties>
    </entity>
    <entity class="StaticModelArray" classVersion="4" classID="0xD0" addr="0x2F570F0" id="0x0">
      <staticProperties>
        <property name="name" type="String" container="StaticArray" arraySize="1">
          <containerEntry>StaticModelArray0003</containerEntry>
        </property>
        <property name="dataSet" type="EntityHandle" container="StaticArray" arraySize="1">
          <containerEntry>0x2F533B0</containerEntry>
        </property>
        <property name="modelFile" type="FilePtr" container="StaticArray" arraySize="1">
          <containerEntry>/Assets/tpp/environ/object/afghanistan/rock/afgh_rock011/scenes/afgh_rock011.fmdl</containerEntry>
        </property>
        <property name="geomFile" type="FilePtr" container="StaticArray" arraySize="1">
          <containerEntry>/Assets/tpp/environ/object/afghanistan/rock/afgh_rock011/scenes/afgh_rock011.geom</containerEntry>
        </property>
        <property name="isVisibleGeom" type="Bool" container="StaticArray" arraySize="1">
          <containerEntry>false</containerEntry>
        </property>
        <property name="lodFarSize" type="Float" container="StaticArray" arraySize="1">
          <containerEntry>-1</containerEntry>
        </property>
        <property name="lodNearSize" type="Float" container="StaticArray" arraySize="1">
          <containerEntry>-1</containerEntry>
        </property>
        <property name="lodPolygonSize" type="Float" container="StaticArray" arraySize="1">
          <containerEntry>-1</containerEntry>
        </property>
        <property name="drawRejectionLevel" type="Int32" container="StaticArray" arraySize="1">
          <containerEntry>8</containerEntry>
        </property>
        <property name="drawMode" type="Int32" container="StaticArray" arraySize="1">
          <containerEntry>0</containerEntry>
        </property>
        <property name="rejectFarRangeShadowCast" type="Int32" container="StaticArray" arraySize="1">
          <containerEntry>2</containerEntry>
        </property>
        <property name="parentLocator" type="EntityLink" container="StaticArray" arraySize="1">
          <containerEntry packagePathHash="0xB8A0BF169F98" archivePathHash="0xB8A0BF169F98" nameInArchiveHash="0xB8A0BF169F98">0x0</containerEntry>
        </property>
        <property name="transforms" type="Matrix4" container="DynamicArray" arraySize="8">
          <containerEntry r11="0.3637212" r12="0.017352335" r13="0.93134564" r14="0" r21="-0.02817864" r22="0.9995739" r23="-0.007618849" r24="0" r31="-0.931081" r32="-0.023472942" r33="0.36405516" r34="0" r41="785.2844" r42="341.01834" r43="674.2888" r44="1"></containerEntry>
          <containerEntry r11="-0.99717194" r12="-0.027578313" r13="0.0698373" r14="0" r21="-0.019130502" r22="0.99272615" r23="0.11886472" r24="0" r31="-0.07260741" r32="0.117193155" r33="-0.9904462" r34="0" r41="824.0275" r42="340.60718" r43="695.9984" r44="1"></containerEntry>
          <containerEntry r11="0.6234332" r12="0.023531782" r13="0.7815222" r14="0" r21="-0.028179085" r22="0.9995738" r23="-0.007618435" r24="0" r31="-0.78136843" r32="-0.017273005" r33="0.6238307" r34="0" r41="789.68665" r42="336.32022" r43="695.16864" r44="1"></containerEntry>
          <containerEntry r11="-0.06311942" r12="0.23880732" r13="-0.96901166" r14="0" r21="-0.082220554" r22="0.96640444" r23="0.2435202" r24="0" r31="0.9946116" r32="0.09504407" r33="-0.041363955" r34="0" r41="877.56" r42="358.23135" r43="674.0649" r44="1"></containerEntry>
          <containerEntry r11="-0.11967292" r12="-0.0021982566" r13="0.9928091" r14="0" r21="-0.15926296" r22="0.98708963" r23="-0.017012194" r24="0" r31="-0.97995406" r32="-0.16015391" r33="-0.11847794" r34="0" r41="847.8637" r42="345.18228" r43="713.5828" r44="1"></containerEntry>
          <containerEntry r11="-0.9038598" r12="0.11872904" r13="-0.41100273" r14="0" r21="0.063987434" r22="0.98743004" r23="0.14452484" r24="0" r31="0.42299578" r32="0.10433234" r33="-0.90009534" r34="0" r41="855.58136" r42="347.25012" r43="728.36523" r44="1"></containerEntry>
          <containerEntry r11="-0.778797" r12="0.07935866" r13="-0.3679557" r14="0" r21="-0.1223678" r22="0.7462544" r23="0.41994613" r24="0" r31="0.35597095" r32="0.43015212" r33="-0.66065764" r34="0" r41="844.9908" r42="345.1041" r43="735.9855" r44="1"></containerEntry>
          <containerEntry r11="0.3637212" r12="0.017352335" r13="0.93134564" r14="0" r21="-0.02817864" r22="0.9995739" r23="-0.007618849" r24="0" r31="-0.931081" r32="-0.023472942" r33="0.36405516" r34="0" r41="767.54645" r42="356.57584" r43="648.1758" r44="1"></containerEntry>
        </property>
        <property name="colors" type="UInt32" container="DynamicArray" arraySize="8">
          <containerEntry>4294967295</containerEntry>
          <containerEntry>4294967295</containerEntry>
          <containerEntry>4294967295</containerEntry>
          <containerEntry>4294967295</containerEntry>
          <containerEntry>4294967295</containerEntry>
          <containerEntry>4294967295</containerEntry>
          <containerEntry>4294967295</containerEntry>
          <containerEntry>4294967295</containerEntry>
        </property>
      </staticProperties>
      <dynamicProperties></dynamicProperties>
    </entity>
    <entity class="StaticModelArray" classVersion="4" classID="0xD0" addr="0x2F57240" id="0x0">
      <staticProperties>
        <property name="name" type="String" container="StaticArray" arraySize="1">
          <containerEntry>StaticModelArray0004</containerEntry>
        </property>
        <property name="dataSet" type="EntityHandle" container="StaticArray" arraySize="1">
          <containerEntry>0x2F533B0</containerEntry>
        </property>
        <property name="modelFile" type="FilePtr" container="StaticArray" arraySize="1">
          <containerEntry>/Assets/tpp/environ/object/afghanistan/cliff/afgh_clff025/scenes/afgh_clff025.fmdl</containerEntry>
        </property>
        <property name="geomFile" type="FilePtr" container="StaticArray" arraySize="1">
          <containerEntry>/Assets/tpp/environ/object/afghanistan/cliff/afgh_clff025/scenes/afgh_clff025.geom</containerEntry>
        </property>
        <property name="isVisibleGeom" type="Bool" container="StaticArray" arraySize="1">
          <containerEntry>false</containerEntry>
        </property>
        <property name="lodFarSize" type="Float" container="StaticArray" arraySize="1">
          <containerEntry>-1</containerEntry>
        </property>
        <property name="lodNearSize" type="Float" container="StaticArray" arraySize="1">
          <containerEntry>-1</containerEntry>
        </property>
        <property name="lodPolygonSize" type="Float" container="StaticArray" arraySize="1">
          <containerEntry>-1</containerEntry>
        </property>
        <property name="drawRejectionLevel" type="Int32" container="StaticArray" arraySize="1">
          <containerEntry>8</containerEntry>
        </property>
        <property name="drawMode" type="Int32" container="StaticArray" arraySize="1">
          <containerEntry>0</containerEntry>
        </property>
        <property name="rejectFarRangeShadowCast" type="Int32" container="StaticArray" arraySize="1">
          <containerEntry>2</containerEntry>
        </property>
        <property name="parentLocator" type="EntityLink" container="StaticArray" arraySize="1">
          <containerEntry packagePathHash="0xB8A0BF169F98" archivePathHash="0xB8A0BF169F98" nameInArchiveHash="0xB8A0BF169F98">0x0</containerEntry>
        </property>
        <property name="transforms" type="Matrix4" container="DynamicArray" arraySize="4">
          <containerEntry r11="0.9923048" r12="0.063393176" r13="0.10636024" r14="0" r21="-0.055185195" r22="0.995392" r23="-0.07841763" r24="0" r31="-0.110841274" r32="0.07194467" r33="0.99123067" r34="0" r41="815.90875" r42="355.6926" r43="646.18964" r44="1"></containerEntry>
          <containerEntry r11="0.9967937" r12="0.08001459" r13="1.4901161e-07" r14="0" r21="-0.079452455" r22="0.9897907" r23="0.11832872" r24="0" r31="0.009467868" r32="-0.11794934" r33="0.99297446" r34="0" r41="780.1537" r42="343.48026" r43="661.1438" r44="1"></containerEntry>
          <containerEntry r11="0.935395" r12="0" r13="0.35360423" r14="0" r21="0" r22="1" r23="0" r24="0" r31="-0.35360423" r32="0" r33="0.935395" r34="0" r41="886.5007" r42="363.81622" r43="660.93915" r44="1"></containerEntry>
          <containerEntry r11="0.8570382" r12="0.033694394" r13="0.5141497" r14="0" r21="-0.008853347" r22="0.9986752" r23="-0.050689664" r24="0" r31="-0.5151766" r32="0.03889102" r33="0.8562011" r34="0" r41="833.3128" r42="356.88852" r43="651.2186" r44="1"></containerEntry>
        </property>
        <property name="colors" type="UInt32" container="DynamicArray" arraySize="4">
          <containerEntry>4294967295</containerEntry>
          <containerEntry>4294967295</containerEntry>
          <containerEntry>4294967295</containerEntry>
          <containerEntry>4294967295</containerEntry>
        </property>
      </staticProperties>
      <dynamicProperties></dynamicProperties>
    </entity>
    <entity class="StaticModelArray" classVersion="4" classID="0xD0" addr="0x2F53880" id="0x0">
      <staticProperties>
        <property name="name" type="String" container="StaticArray" arraySize="1">
          <containerEntry>StaticModelArray0005</containerEntry>
        </property>
        <property name="dataSet" type="EntityHandle" container="StaticArray" arraySize="1">
          <containerEntry>0x2F533B0</containerEntry>
        </property>
        <property name="modelFile" type="FilePtr" container="StaticArray" arraySize="1">
          <containerEntry>/Assets/tpp/environ/object/afghanistan/rock/afgh_rock010/scenes/afgh_rock010.fmdl</containerEntry>
        </property>
        <property name="geomFile" type="FilePtr" container="StaticArray" arraySize="1">
          <containerEntry>/Assets/tpp/environ/object/afghanistan/rock/afgh_rock010/scenes/afgh_rock010.geom</containerEntry>
        </property>
        <property name="isVisibleGeom" type="Bool" container="StaticArray" arraySize="1">
          <containerEntry>false</containerEntry>
        </property>
        <property name="lodFarSize" type="Float" container="StaticArray" arraySize="1">
          <containerEntry>-1</containerEntry>
        </property>
        <property name="lodNearSize" type="Float" container="StaticArray" arraySize="1">
          <containerEntry>-1</containerEntry>
        </property>
        <property name="lodPolygonSize" type="Float" container="StaticArray" arraySize="1">
          <containerEntry>-1</containerEntry>
        </property>
        <property name="drawRejectionLevel" type="Int32" container="StaticArray" arraySize="1">
          <containerEntry>8</containerEntry>
        </property>
        <property name="drawMode" type="Int32" container="StaticArray" arraySize="1">
          <containerEntry>0</containerEntry>
        </property>
        <property name="rejectFarRangeShadowCast" type="Int32" container="StaticArray" arraySize="1">
          <containerEntry>2</containerEntry>
        </property>
        <property name="parentLocator" type="EntityLink" container="StaticArray" arraySize="1">
          <containerEntry packagePathHash="0xB8A0BF169F98" archivePathHash="0xB8A0BF169F98" nameInArchiveHash="0xB8A0BF169F98">0x0</containerEntry>
        </property>
        <property name="transforms" type="Matrix4" container="DynamicArray" arraySize="4">
