<fox formatVersion="2" fileVersion="0">
  <entities>
    <entity class="DataSet" classVersion="0" classID="0xE8" addr="0x2D75D40" id="0xA6439A">
      <staticProperties>
        <property name="name" type="String" container="StaticArray" arraySize="1">
          <containerEntry hash="0xB8A0BF169F98"></containerEntry>
        </property>
        <property name="dataSet" type="EntityHandle" container="StaticArray" arraySize="1">
          <containerEntry>0x0</containerEntry>
        </property>
        <property name="dataList" type="EntityPtr" container="StringMap" arraySize="14">
          <containerEntry key="mafr_clff007_vrtn001_0007">
            <data>0x2D77710</data>
          </containerEntry>
          <containerEntry key="mafr_clff004_rock002_0035_v5">
            <data>0x2D7C720</data>
          </containerEntry>
          <containerEntry key="mafr_clff004_0041">
            <data>0x2D7D6E0</data>
          </containerEntry>
          <containerEntry key="mafr_grnd007_vrtn001_0000">
            <data>0x2D7DA60</data>
          </containerEntry>
          <containerEntry key="StaticModelArray0000">
            <data>0x2F3DA60</data>
          </containerEntry>
          <containerEntry key="StaticModelArray0001">
            <data>0x2F3D590</data>
          </containerEntry>
          <containerEntry key="StaticModelArray0002">
            <data>0x2F3D670</data>
          </containerEntry>
          <containerEntry key="StaticModelArray0003">
            <data>0x2F3D6E0</data>
          </containerEntry>
          <containerEntry key="StaticModelArray0004">
            <data>0x2F3D750</data>
          </containerEntry>
          <containerEntry key="StaticModelArray0005">
            <data>0x2F3A260</data>
          </containerEntry>
          <containerEntry key="StaticModelArray0006">
            <data>0x2F3CC60</data>
          </containerEntry>
          <containerEntry key="StaticModelArray0007">
            <data>0x2F3CCD0</data>
          </containerEntry>
          <containerEntry key="StaticModelArray0008">
            <data>0x2F3CD40</data>
          </containerEntry>
          <containerEntry key="TexturePackLoadConditioner0000">
            <data>0x2F3D8A0</data>
          </containerEntry>
        </property>
      </staticProperties>
      <dynamicProperties></dynamicProperties>
    </entity>
    <entity class="StaticModel" classVersion="9" classID="0x160" addr="0x2D77710" id="0xA64420">
      <staticProperties>
        <property name="name" type="String" container="StaticArray" arraySize="1">
          <containerEntry>mafr_clff007_vrtn001_0007</containerEntry>
        </property>
        <property name="dataSet" type="EntityHandle" container="StaticArray" arraySize="1">
          <containerEntry>0x2D75D40</containerEntry>
        </property>
        <property name="parent" type="EntityHandle" container="StaticArray" arraySize="1">
          <containerEntry>0x0</containerEntry>
        </property>
        <property name="transform" type="EntityPtr" container="StaticArray" arraySize="1">
          <containerEntry>0x2D77780</containerEntry>
        </property>
        <property name="shearTransform" type="EntityPtr" container="StaticArray" arraySize="1">
          <containerEntry>0x0</containerEntry>
        </property>
        <property name="pivotTransform" type="EntityPtr" container="StaticArray" arraySize="1">
          <containerEntry>0x0</containerEntry>
        </property>
        <property name="children" type="EntityHandle" container="List"></property>
        <property name="flags" type="UInt32" container="StaticArray" arraySize="1">
          <containerEntry>7</containerEntry>
        </property>
        <property name="modelFile" type="FilePtr" container="StaticArray" arraySize="1">
          <containerEntry>/Assets/tpp/environ/object/middle_africa/cliff/mafr_clff007/scenes/mafr_clff007_vrtn001.fmdl</containerEntry>
        </property>
        <property name="geomFile" type="FilePtr" container="StaticArray" arraySize="1">
          <containerEntry>/Assets/tpp/environ/object/middle_africa/cliff/mafr_clff007/scenes/mafr_clff007_vrtn001.geom</containerEntry>
        </property>
        <property name="isVisibleGeom" type="Bool" container="StaticArray" arraySize="1">
          <containerEntry>false</containerEntry>
        </property>
        <property name="isIsolated" type="Bool" container="StaticArray" arraySize="1">
          <containerEntry>false</containerEntry>
        </property>
        <property name="lodFarSize" type="Float" container="StaticArray" arraySize="1">
          <containerEntry>-1</containerEntry>
        </property>
        <property name="lodNearSize" type="Float" container="StaticArray" arraySize="1">
          <containerEntry>-1</containerEntry>
        </property>
        <property name="lodPolygonSize" type="Float" container="StaticArray" arraySize="1">
          <containerEntry>-1</containerEntry>
        </property>
        <property name="color" type="Color" container="StaticArray" arraySize="1">
          <containerEntry r="1" g="1" b="1" a="1"></containerEntry>
        </property>
        <property name="drawRejectionLevel" type="Int32" container="StaticArray" arraySize="1">
          <containerEntry>5</containerEntry>
        </property>
        <property name="drawMode" type="Int32" container="StaticArray" arraySize="1">
          <containerEntry>0</containerEntry>
        </property>
        <property name="rejectFarRangeShadowCast" type="Int32" container="StaticArray" arraySize="1">
          <containerEntry>2</containerEntry>
        </property>
      </staticProperties>
      <dynamicProperties></dynamicProperties>
    </entity>
    <entity class="TransformEntity" classVersion="0" classID="0x50" addr="0x2D77780" id="0xA64423">
      <staticProperties>
        <property name="owner" type="EntityHandle" container="StaticArray" arraySize="1">
          <containerEntry>0x2D77710</containerEntry>
        </property>
        <property name="transform_scale" type="Vector3" container="StaticArray" arraySize="1">
          <containerEntry x="0.83" y="0.83" z="0.83" w="0"></containerEntry>
        </property>
        <property name="transform_rotation_quat" type="Quat" container="StaticArray" arraySize="1">
          <containerEntry x="-0.011738" y="0.465254" z="0.043143" w="-0.884047"></containerEntry>
        </property>
        <property name="transform_translation" type="Vector3" container="StaticArray" arraySize="1">
          <containerEntry x="1575.6462" y="135.0171" z="-1266.2582" w="1"></containerEntry>
        </property>
      </staticProperties>
      <dynamicProperties></dynamicProperties>
    </entity>
    <entity class="StaticModel" classVersion="9" classID="0x160" addr="0x2D7C720" id="0xA645BC">
      <staticProperties>
        <property name="name" type="String" container="StaticArray" arraySize="1">
          <containerEntry>mafr_clff004_rock002_0035_v5</containerEntry>
        </property>
        <property name="dataSet" type="EntityHandle" container="StaticArray" arraySize="1">
          <containerEntry>0x2D75D40</containerEntry>
        </property>
        <property name="parent" type="EntityHandle" container="StaticArray" arraySize="1">
          <containerEntry>0x0</containerEntry>
        </property>
        <property name="transform" type="EntityPtr" container="StaticArray" arraySize="1">
          <containerEntry>0x2D7C790</containerEntry>
        </property>
        <property name="shearTransform" type="EntityPtr" container="StaticArray" arraySize="1">
          <containerEntry>0x0</containerEntry>
        </property>
        <property name="pivotTransform" type="EntityPtr" container="StaticArray" arraySize="1">
          <containerEntry>0x0</containerEntry>
        </property>
        <property name="children" type="EntityHandle" container="List"></property>
        <property name="flags" type="UInt32" container="StaticArray" arraySize="1">
          <containerEntry>7</containerEntry>
        </property>
        <property name="modelFile" type="FilePtr" container="StaticArray" arraySize="1">
          <containerEntry>/Assets/tpp/environ/object/middle_africa/cliff/mafr_clff004/scenes/mafr_clff004_rock002.fmdl</containerEntry>
        </property>
        <property name="geomFile" type="FilePtr" container="StaticArray" arraySize="1">
          <containerEntry>/Assets/tpp/environ/object/middle_africa/cliff/mafr_clff004/scenes/mafr_clff004_rock002.geom</containerEntry>
        </property>
        <property name="isVisibleGeom" type="Bool" container="StaticArray" arraySize="1">
          <containerEntry>false</containerEntry>
        </property>
        <property name="isIsolated" type="Bool" container="StaticArray" arraySize="1">
          <containerEntry>false</containerEntry>
        </property>
        <property name="lodFarSize" type="Float" container="StaticArray" arraySize="1">
          <containerEntry>-1</containerEntry>
        </property>
        <property name="lodNearSize" type="Float" container="StaticArray" arraySize="1">
          <containerEntry>-1</containerEntry>
        </property>
        <property name="lodPolygonSize" type="Float" container="StaticArray" arraySize="1">
          <containerEntry>-1</containerEntry>
        </property>
        <property name="color" type="Color" container="StaticArray" arraySize="1">
          <containerEntry r="1" g="1" b="1" a="1"></containerEntry>
        </property>
        <property name="drawRejectionLevel" type="Int32" container="StaticArray" arraySize="1">
          <containerEntry>5</containerEntry>
        </property>
        <property name="drawMode" type="Int32" container="StaticArray" arraySize="1">
          <containerEntry>0</containerEntry>
        </property>
        <property name="rejectFarRangeShadowCast" type="Int32" container="StaticArray" arraySize="1">
          <containerEntry>2</containerEntry>
        </property>
      </staticProperties>
      <dynamicProperties></dynamicProperties>
    </entity>
    <entity class="TransformEntity" classVersion="0" classID="0x50" addr="0x2D7C790" id="0xA645BF">
      <staticProperties>
        <property name="owner" type="EntityHandle" container="StaticArray" arraySize="1">
          <containerEntry>0x2D7C720</containerEntry>
        </property>
        <property name="transform_scale" type="Vector3" container="StaticArray" arraySize="1">
          <containerEntry x="1" y="1" z="1" w="0"></containerEntry>
        </property>
        <property name="transform_rotation_quat" type="Quat" container="StaticArray" arraySize="1">
          <containerEntry x="0.011431" y="0.49335" z="0.042542" w="0.868715"></containerEntry>
        </property>
        <property name="transform_translation" type="Vector3" container="StaticArray" arraySize="1">
          <containerEntry x="1540.1802" y="124.35515" z="-1407.5177" w="0"></containerEntry>
        </property>
      </staticProperties>
      <dynamicProperties></dynamicProperties>
    </entity>
    <entity class="StaticModel" classVersion="9" classID="0x160" addr="0x2D7D6E0" id="0xA6460D">
      <staticProperties>
        <property name="name" type="String" container="StaticArray" arraySize="1">
          <containerEntry>mafr_clff004_0041</containerEntry>
        </property>
        <property name="dataSet" type="EntityHandle" container="StaticArray" arraySize="1">
          <containerEntry>0x2D75D40</containerEntry>
        </property>
        <property name="parent" type="EntityHandle" container="StaticArray" arraySize="1">
          <containerEntry>0x0</containerEntry>
        </property>
        <property name="transform" type="EntityPtr" container="StaticArray" arraySize="1">
          <containerEntry>0x2D7D750</containerEntry>
        </property>
        <property name="shearTransform" type="EntityPtr" container="StaticArray" arraySize="1">
          <containerEntry>0x0</containerEntry>
        </property>
        <property name="pivotTransform" type="EntityPtr" container="StaticArray" arraySize="1">
          <containerEntry>0x0</containerEntry>
        </property>
        <property name="children" type="EntityHandle" container="List"></property>
        <property name="flags" type="UInt32" container="StaticArray" arraySize="1">
          <containerEntry>7</containerEntry>
        </property>
        <property name="modelFile" type="FilePtr" container="StaticArray" arraySize="1">
          <containerEntry>/Assets/tpp/environ/object/middle_africa/cliff/mafr_clff004/scenes/mafr_clff004.fmdl</containerEntry>
        </property>
        <property name="geomFile" type="FilePtr" container="StaticArray" arraySize="1">
          <containerEntry>/Assets/tpp/environ/object/middle_africa/cliff/mafr_clff004/scenes/mafr_clff004.geom</containerEntry>
        </property>
        <property name="isVisibleGeom" type="Bool" container="StaticArray" arraySize="1">
          <containerEntry>false</containerEntry>
        </property>
        <property name="isIsolated" type="Bool" container="StaticArray" arraySize="1">
          <containerEntry>false</containerEntry>
        </property>
        <property name="lodFarSize" type="Float" container="StaticArray" arraySize="1">
          <containerEntry>-1</containerEntry>
        </property>
        <property name="lodNearSize" type="Float" container="StaticArray" arraySize="1">
          <containerEntry>-1</containerEntry>
        </property>
        <property name="lodPolygonSize" type="Float" container="StaticArray" arraySize="1">
          <containerEntry>-1</containerEntry>
        </property>
        <property name="color" type="Color" container="StaticArray" arraySize="1">
          <containerEntry r="1" g="1" b="1" a="1"></containerEntry>
        </property>
        <property name="drawRejectionLevel" type="Int32" container="StaticArray" arraySize="1">
          <containerEntry>8</containerEntry>
        </property>
        <property name="drawMode" type="Int32" container="StaticArray" arraySize="1">
          <containerEntry>0</containerEntry>
        </property>
        <property name="rejectFarRangeShadowCast" type="Int32" container="StaticArray" arraySize="1">
          <containerEntry>2</containerEntry>
        </property>
      </staticProperties>
      <dynamicProperties></dynamicProperties>
    </entity>
    <entity class="TransformEntity" classVersion="0" classID="0x50" addr="0x2D7D750" id="0xA64610">
      <staticProperties>
        <property name="owner" type="EntityHandle" container="StaticArray" arraySize="1">
          <containerEntry>0x2D7D6E0</containerEntry>
        </property>
        <property name="transform_scale" type="Vector3" container="StaticArray" arraySize="1">
          <containerEntry x="1.456406" y="1.030323" z="1.213871" w="0"></containerEntry>
        </property>
        <property name="transform_rotation_quat" type="Quat" container="StaticArray" arraySize="1">
          <containerEntry x="-0.018106" y="-0.345473" z="-0.049106" w="0.936968"></containerEntry>
        </property>
        <property name="transform_translation" type="Vector3" container="StaticArray" arraySize="1">
          <containerEntry x="1561.3414" y="131.67006" z="-1324.8207" w="0"></containerEntry>
        </property>
      </staticProperties>
      <dynamicProperties></dynamicProperties>
    </entity>
    <entity class="StaticModel" classVersion="9" classID="0x160" addr="0x2D7DA60" id="0xA6461F">
      <staticProperties>
        <property name="name" type="String" container="StaticArray" arraySize="1">
          <containerEntry>mafr_grnd007_vrtn001_0000</containerEntry>
        </property>
        <property name="dataSet" type="EntityHandle" container="StaticArray" arraySize="1">
          <containerEntry>0x2D75D40</containerEntry>
        </property>
        <property name="parent" type="EntityHandle" container="StaticArray" arraySize="1">
          <containerEntry>0x0</containerEntry>
        </property>
        <property name="transform" type="EntityPtr" container="StaticArray" arraySize="1">
          <containerEntry>0x2D7DAD0</containerEntry>
        </property>
        <property name="shearTransform" type="EntityPtr" container="StaticArray" arraySize="1">
          <containerEntry>0x0</containerEntry>
        </property>
        <property name="pivotTransform" type="EntityPtr" container="StaticArray" arraySize="1">
          <containerEntry>0x0</containerEntry>
        </property>
        <property name="children" type="EntityHandle" container="List"></property>
        <property name="flags" type="UInt32" container="StaticArray" arraySize="1">
          <containerEntry>7</containerEntry>
        </property>
        <property name="modelFile" type="FilePtr" container="StaticArray" arraySize="1">
          <containerEntry>/Assets/tpp/environ/object/middle_africa/ground/mafr_grnd007/scenes/mafr_grnd007_vrtn001.fmdl</containerEntry>
        </property>
        <property name="geomFile" type="FilePtr" container="StaticArray" arraySize="1">
          <containerEntry>/Assets/tpp/environ/object/middle_africa/ground/mafr_grnd007/scenes/mafr_grnd007_vrtn001.geom</containerEntry>
        </property>
        <property name="isVisibleGeom" type="Bool" container="StaticArray" arraySize="1">
          <containerEntry>false</containerEntry>
        </property>
        <property name="isIsolated" type="Bool" container="StaticArray" arraySize="1">
          <containerEntry>false</containerEntry>
        </property>
        <property name="lodFarSize" type="Float" container="StaticArray" arraySize="1">
          <containerEntry>-1</containerEntry>
        </property>
        <property name="lodNearSize" type="Float" container="StaticArray" arraySize="1">
          <containerEntry>-1</containerEntry>
        </property>
        <property name="lodPolygonSize" type="Float" container="StaticArray" arraySize="1">
          <containerEntry>-1</containerEntry>
        </property>
        <property name="color" type="Color" container="StaticArray" arraySize="1">
          <containerEntry r="1" g="1" b="1" a="1"></containerEntry>
        </property>
        <property name="drawRejectionLevel" type="Int32" container="StaticArray" arraySize="1">
          <containerEntry>0</containerEntry>
        </property>
        <property name="drawMode" type="Int32" container="StaticArray" arraySize="1">
          <containerEntry>0</containerEntry>
        </property>
        <property name="rejectFarRangeShadowCast" type="Int32" container="StaticArray" arraySize="1">
          <containerEntry>2</containerEntry>
        </property>
      </staticProperties>
      <dynamicProperties></dynamicProperties>
    </entity>
    <entity class="TransformEntity" classVersion="0" classID="0x50" addr="0x2D7DAD0" id="0xA64622">
      <staticProperties>
        <property name="owner" type="EntityHandle" container="StaticArray" arraySize="1">
          <containerEntry>0x2D7DA60</containerEntry>
        </property>
        <property name="transform_scale" type="Vector3" container="StaticArray" arraySize="1">
          <containerEntry x="1" y="1" z="1" w="0"></containerEntry>
        </property>
        <property name="transform_rotation_quat" type="Quat" container="StaticArray" arraySize="1">
          <containerEntry x="0" y="0" z="0" w="1"></containerEntry>
        </property>
        <property name="transform_translation" type="Vector3" container="StaticArray" arraySize="1">
          <containerEntry x="1555" y="124.53" z="-1256" w="0"></containerEntry>
        </property>
      </staticProperties>
      <dynamicProperties></dynamicProperties>
    </entity>
    <entity class="StaticModelArray" classVersion="4" classID="0xD0" addr="0x2F3DA60" id="0x0">
      <staticProperties>
        <property name="name" type="String" container="StaticArray" arraySize="1">
          <containerEntry>StaticModelArray0000</containerEntry>
        </property>
        <property name="dataSet" type="EntityHandle" container="StaticArray" arraySize="1">
          <containerEntry>0x2D75D40</containerEntry>
        </property>
        <property name="modelFile" type="FilePtr" container="StaticArray" arraySize="1">
          <containerEntry>/Assets/tpp/environ/object/middle_africa/grass/mafr_grss026/scenes/mafr_grss026_vrtn002.fmdl</containerEntry>
        </property>
        <property name="geomFile" type="FilePtr" container="StaticArray" arraySize="1">
          <containerEntry>/Assets/tpp/environ/object/middle_africa/grass/mafr_grss026/scenes/mafr_grss026_vrtn002.geom</containerEntry>
        </property>
        <property name="isVisibleGeom" type="Bool" container="StaticArray" arraySize="1">
          <containerEntry>false</containerEntry>
        </property>
        <property name="lodFarSize" type="Float" container="StaticArray" arraySize="1">
          <containerEntry>-1</containerEntry>
        </property>
        <property name="lodNearSize" type="Float" container="StaticArray" arraySize="1">
          <containerEntry>-1</containerEntry>
        </property>
        <property name="lodPolygonSize" type="Float" container="StaticArray" arraySize="1">
          <containerEntry>-1</containerEntry>
        </property>
        <property name="drawRejectionLevel" type="Int32" container="StaticArray" arraySize="1">
          <containerEntry>8</containerEntry>
        </property>
        <property name="drawMode" type="Int32" container="StaticArray" arraySize="1">
          <containerEntry>0</containerEntry>
        </property>
        <property name="rejectFarRangeShadowCast" type="Int32" container="StaticArray" arraySize="1">
          <containerEntry>2</containerEntry>
        </property>
        <property name="parentLocator" type="EntityLink" container="StaticArray" arraySize="1">
          <containerEntry packagePathHash="0xB8A0BF169F98" archivePathHash="0xB8A0BF169F98" nameInArchiveHash="0xB8A0BF169F98">0x0</containerEntry>
        </property>
        <property name="transforms" type="Matrix4" container="DynamicArray" arraySize="101">
          <containerEntry r11="1" r12="0" r13="0" r14="0" r21="0" r22="1" r23="0" r24="0" r31="0" r32="0" r33="1" r34="0" r41="1543.8416" r42="124.678116" r43="-1400.987" r44="1"></containerEntry>
          <containerEntry r11="0.5558122" r12="5.9604645e-08" r13="-0.8313085" r14="0" r21="-0.25332755" r22="0.95243764" r23="-0.16937487" r24="0" r31="0.7917695" r32="0.3047338" r33="0.5293765" r34="0" r41="1543.749" r42="124.8951" r43="-1402.8257" r44="1"></containerEntry>
          <containerEntry r11="0.55581295" r12="0" r13="-0.83130735" r14="0" r21="0" r22="1" r23="0" r24="0" r31="0.83130735" r32="0" r33="0.55581295" r34="0" r41="1545.9678" r42="124.71531" r43="-1403.1198" r44="1"></containerEntry>
          <containerEntry r11="0.59935224" r12="0.04760762" r13="-0.7990681" r14="0" r21="0.06216379" r22="0.9924472" r23="0.10575565" r24="0" r31="0.7980677" r32="-0.11305799" r33="0.5918659" r34="0" r41="1540.4932" r42="125.00363" r43="-1395.5216" r44="1"></containerEntry>
          <containerEntry r11="0.2945952" r12="0.40171227" r13="-0.8670875" r14="0" r21="-0.07885793" r22="0.91447854" r23="0.3968758" r24="0" r31="0.9523628" r32="-0.048540935" r33="0.3010792" r34="0" r41="1541.966" r42="124.73446" r43="-1395.8662" r44="1"></containerEntry>
          <containerEntry r11="0.2156794" r12="0" r13="-0.9764645" r14="0" r21="0" r22="1" r23="0" r24="0" r31="0.9764645" r32="0" r33="0.2156794" r34="0" r41="1543.5576" r42="124.67359" r43="-1397.7278" r44="1"></containerEntry>
          <containerEntry r11="-0.43559396" r12="0" r13="-0.90014184" r14="0" r21="0" r22="1" r23="0" r24="0" r31="0.90014184" r32="0" r33="-0.43559396" r34="0" r41="1538.69" r42="124.65" r43="-1386.5852" r44="1"></containerEntry>
          <containerEntry r11="0.16598034" r12="0" r13="-0.98612916" r14="0" r21="0" r22="1" r23="0" r24="0" r31="0.98612916" r32="0" r33="0.16598034" r34="0" r41="1538.3931" r42="124.66558" r43="-1385.491" r44="1"></containerEntry>
          <containerEntry r11="0.7334414" r12="2.9057264e-07" r13="-0.6797524" r14="0" r21="-0.18199381" r22="0.9634926" r23="-0.19636771" r24="0" r31="0.6549364" r32="0.267735" r33="0.7066654" r34="0" r41="1539.1058" r42="124.652885" r43="-1389.9724" r44="1"></containerEntry>
          <containerEntry r11="-0.97957635" r12="0" r13="0.20107141" r14="0" r21="0" r22="1" r23="0" r24="0" r31="-0.20107141" r32="0" r33="-0.97957635" r34="0" r41="1556.1973" r42="124.65282" r43="-1396.7532" r44="1"></containerEntry>
          <containerEntry r11="-0.15938377" r12="0" r13="0.98721707" r14="0" r21="0" r22="1" r23="0" r24="0" r31="-0.98721707" r32="0" r33="-0.15938377" r34="0" r41="1556.1572" r42="124.756195" r43="-1395.4341" r44="1"></containerEntry>
          <containerEntry r11="-0.15938377" r12="0" r13="0.98721707" r14="0" r21="0" r22="1" r23="0" r24="0" r31="-0.98721707" r32="0" r33="-0.15938377" r34="0" r41="1554.6542" r42="124.58945" r43="-1392.5186" r44="1"></containerEntry>
          <containerEntry r11="-0.15938377" r12="0" r13="0.98721707" r14="0" r21="0" r22="1" r23="0" r24="0" r31="-0.98721707" r32="0" r33="-0.15938377" r34="0" r41="1556.786" r42="124.54582" r43="-1390.4031" r44="1"></containerEntry>
          <containerEntry r11="0.53104067" r12="0.024107805" r13="0.8470035" r14="0" r21="0.03787365" r22="0.9979209" r23="-0.05214873" r24="0" r31="-0.84649974" r32="0.05977221" r33="0.5290235" r34="0" r41="1555.052" r42="124.737404" r43="-1391.6843" r44="1"></containerEntry>
          <containerEntry r11="-0.15938377" r12="0" r13="0.98721707" r14="0" r21="0" r22="1" r23="0" r24="0" r31="-0.98721707" r32="0" r33="-0.15938377" r34="0" r41="1555.6373" r42="124.67892" r43="-1388.4556" r44="1"></containerEntry>
          <containerEntry r11="-0.97957635" r12="0" r13="0.20107141" r14="0" r21="0" r22="1" r23="0" r24="0" r31="-0.20107141" r32="0" r33="-0.97957635" r34="0" r41="1557.8473" r42="124.66184" r43="-1398.834" r44="1"></containerEntry>
          <containerEntry r11="-0.15938377" r12="0" r13="0.98721707" r14="0" r21="0" r22="1" r23="0" r24="0" r31="-0.98721707" r32="0" r33="-0.15938377" r34="0" r41="1557.6621" r42="124.87874" r43="-1389.2657" r44="1"></containerEntry>
          <containerEntry r11="-0.43559396" r12="0" r13="-0.90014184" r14="0" r21="0" r22="1" r23="0" r24="0" r31="0.90014184" r32="0" r33="-0.43559396" r34="0" r41="1536.1239" r42="124.959564" r43="-1387.2867" r44="1"></containerEntry>
          <containerEntry r11="-0.28213203" r12="0" r13="-0.9593756" r14="0" r21="0" r22="1" r23="0" r24="0" r31="0.9593756" r32="0" r33="-0.28213203" r34="0" r41="1537.1201" r42="124.72796" r43="-1379.5105" r44="1"></containerEntry>
          <containerEntry r11="0.26061606" r12="0" r13="0.96544206" r14="0" r21="0" r22="1" r23="0" r24="0" r31="-0.96544206" r32="0" r33="0.26061606" r34="0" r41="1549.414" r42="124.65" r43="-1380.1724" r44="1"></containerEntry>
          <containerEntry r11="1" r12="0" r13="0" r14="0" r21="0" r22="0.8757997" r23="0.48267454" r24="0" r31="0" r32="-0.48267454" r33="0.8757997" r34="0" r41="1542.5647" r42="124.49234" r43="-1382.9069" r44="1"></containerEntry>
          <containerEntry r11="0.14252108" r12="0" r13="-0.98979074" r14="0" r21="0" r22="1" r23="0" r24="0" r31="0.98979074" r32="0" r33="0.14252108" r34="0" r41="1536.9492" r42="124.57857" r43="-1374.2941" r44="1"></containerEntry>
          <containerEntry r11="0.68211806" r12="0" r13="0.7312423" r14="0" r21="0" r22="1" r23="0" r24="0" r31="-0.7312423" r32="0" r33="0.68211806" r34="0" r41="1546.4227" r42="124.60144" r43="-1367.4697" r44="1"></containerEntry>
          <containerEntry r11="0.2634613" r12="0" r13="0.9646701" r14="0" r21="0" r22="1" r23="0" r24="0" r31="-0.9646701" r32="0" r33="0.2634613" r34="0" r41="1546.754" r42="124.643776" r43="-1362.3541" r44="1"></containerEntry>
          <containerEntry r11="-0.96779466" r12="0" r13="0.2517463" r14="0" r21="0" r22="1" r23="0" r24="0" r31="-0.2517463" r32="0" r33="-0.96779466" r34="0" r41="1542.9056" r42="124.83334" r43="-1359.0985" r44="1"></containerEntry>
          <containerEntry r11="-0.3402642" r12="0" r13="0.94032776" r14="0" r21="0" r22="1" r23="0" r24="0" r31="-0.94032776" r32="0" r33="-0.3402642" r34="0" r41="1542.1744" r42="124.68503" r43="-1358.7996" r44="1"></containerEntry>
          <containerEntry r11="-0.3402642" r12="0" r13="0.94032776" r14="0" r21="0" r22="1" r23="0" r24="0" r31="-0.94032776" r32="0" r33="-0.3402642" r34="0" r41="1541.7104" r42="124.6652" r43="-1354.0887" r44="1"></containerEntry>
          <containerEntry r11="-0.6232367" r12="0" r13="-0.782031" r14="0" r21="0" r22="1" r23="0" r24="0" r31="0.782031" r32="0" r33="-0.6232367" r34="0" r41="1536.4487" r42="124.65" r43="-1356.4117" r44="1"></containerEntry>
          <containerEntry r11="0.14252108" r12="0" r13="-0.98979074" r14="0" r21="0" r22="1" r23="0" r24="0" r31="0.98979074" r32="0" r33="0.14252108" r34="0" r41="1536.3885" r42="124.65263" r43="-1369.732" r44="1"></containerEntry>
          <containerEntry r11="0.14252093" r12="0" r13="-0.98979104" r14="0" r21="0" r22="1" r23="0" r24="0" r31="0.98979104" r32="0" r33="0.14252093" r34="0" r41="1535.557" r42="124.65" r43="-1366.8502" r44="1"></containerEntry>
          <containerEntry r11="0.2520523" r12="0" r13="-0.9677134" r14="0" r21="0" r22="1" r23="0" r24="0" r31="0.9677134" r32="0" r33="0.2520523" r34="0" r41="1548.7861" r42="124.73557" r43="-1286.6556" r44="1"></containerEntry>
          <containerEntry r11="0.48829547" r12="-0.049128134" r13="-0.8712944" r14="0" r21="-0.11444105" r22="0.98618716" r23="-0.11974205" r24="0" r31="0.865142" r32="0.15818135" r33="0.47592843" r34="0" r41="1547.5973" r42="124.96946" r43="-1286.1165" r44="1"></containerEntry>
          <containerEntry r11="-0.3442254" r12="-0.15287127" r13="-0.92635715" r14="0" r21="-0.30611074" r22="0.95101553" r23="-0.043192364" r24="0" r31="0.8875829" r32="0.26870012" r33="-0.37415928" r34="0" r41="1548.0505" r42="125.009735" r43="-1280.892" r44="1"></containerEntry>
          <containerEntry r11="0.859483" r12="0.22699508" r13="0.45799792" r14="0" r21="-0.25501075" r22="0.96693796" r23="-0.00068290904" r24="0" r31="-0.44301057" r32="-0.116207495" r33="0.8889529" r34="0" r41="1553.7048" r42="124.65" r43="-1289.7003" r44="1"></containerEntry>
          <containerEntry r11="0.9226163" r12="0.26105842" r13="0.28394982" r14="0" r21="-0.19185475" r22="0.94922596" r23="-0.24932247" r24="0" r31="-0.33462033" r32="0.17555183" r33="0.9258567" r34="0" r41="1554.7365" r42="124.631035" r43="-1289.5405" r44="1"></containerEntry>
          <containerEntry r11="-0.10792327" r12="0" r13="-0.99415916" r14="0" r21="0" r22="1" r23="0" r24="0" r31="0.99415916" r32="0" r33="-0.10792327" r34="0" r41="1545.9708" r42="124.62641" r43="-1293.2367" r44="1"></containerEntry>
          <containerEntry r11="-0.667693" r12="0" r13="-0.74443436" r14="0" r21="0" r22="1" r23="0" r24="0" r31="0.74443436" r32="0" r33="-0.667693" r34="0" r41="1546.1412" r42="124.65" r43="-1294.4943" r44="1"></containerEntry>
          <containerEntry r11="1" r12="0" r13="0" r14="0" r21="0" r22="1" r23="0" r24="0" r31="0" r32="0" r33="1" r34="0" r41="1551.4147" r42="124.72925" r43="-1301.4625" r44="1"></containerEntry>
          <containerEntry r11="0.315529" r12="0" r13="0.94891614" r14="0" r21="0" r22="1" r23="0" r24="0" r31="-0.94891614" r32="0" r33="0.315529" r34="0" r41="1551.169" r42="124.70627" r43="-1302.0602" r44="1"></containerEntry>
          <containerEntry r11="0.13656539" r12="0" r13="0.9906307" r14="0" r21="0" r22="1" r23="0" r24="0" r31="-0.9906307" r32="0" r33="0.13656539" r34="0" r41="1551.0679" r42="124.72753" r43="-1304.219" r44="1"></containerEntry>
          <containerEntry r11="0.18091261" r12="0" r13="-0.9834997" r14="0" r21="0" r22="1" r23="0" r24="0" r31="0.9834997" r32="0" r33="0.18091261" r34="0" r41="1544.3386" r42="124.73212" r43="-1300.289" r44="1"></containerEntry>
          <containerEntry r11="0.6524738" r12="0" r13="-0.7578115" r14="0" r21="0" r22="1" r23="0" r24="0" r31="0.7578115" r32="0" r33="0.6524738" r34="0" r41="1541.4022" r42="124.75268" r43="-1310.1035" r44="1"></containerEntry>
          <containerEntry r11="0.75692403" r12="0" r13="0.6535029" r14="0" r21="0" r22="1" r23="0" r24="0" r31="-0.6535029" r32="0" r33="0.75692403" r34="0" r41="1542.988" r42="124.67372" r43="-1327.5397" r44="1"></containerEntry>
          <containerEntry r11="0.7245874" r12="0" r13="0.6891831" r14="0" r21="0" r22="1" r23="0" r24="0" r31="-0.6891831" r32="0" r33="0.7245874" r34="0" r41="1548.945" r42="124.65352" r43="-1321.5885" r44="1"></containerEntry>
          <containerEntry r11="0.9918062" r12="0" r13="0.12775144" r14="0" r21="0" r22="1" r23="0" r24="0" r31="-0.12775144" r32="0" r33="0.9918062" r34="0" r41="1543.4414" r42="124.6697" r43="-1326.6727" r44="1"></containerEntry>
          <containerEntry r11="0.97656906" r12="0" r13="0.2152042" r14="0" r21="0" r22="1" r23="0" r24="0" r31="-0.2152042" r32="0" r33="0.97656906" r34="0" r41="1544.8356" r42="124.65049" r43="-1324.9211" r44="1"></containerEntry>
          <containerEntry r11="0.0036898851" r12="0" r13="-0.999993" r14="0" r21="0" r22="1" r23="0" r24="0" r31="0.999993" r32="0" r33="0.0036898851" r34="0" r41="1534.641" r42="124.68108" r43="-1325.9639" r44="1"></containerEntry>
          <containerEntry r11="0.3719079" r12="-0.0939181" r13="0.9235065" r14="0" r21="0.14754567" r22="0.9882018" r23="0.041078888" r24="0" r31="-0.91646886" r32="0.120981775" r33="0.38137722" r34="0" r41="1541.317" r42="124.67817" r43="-1333.3236" r44="1"></containerEntry>
          <containerEntry r11="-0.33567688" r12="0.010964185" r13="0.94191325" r14="0" r21="0.14754635" r22="0.98820174" r23="0.041079253" r24="0" r31="-0.9303498" r32="0.15276523" r33="-0.33333415" r34="0" r41="1540.501" r42="124.66434" r43="-1334.5039" r44="1"></containerEntry>
          <containerEntry r11="0.14988852" r12="0" r13="-0.9887032" r14="0" r21="0" r22="1" r23="0" r24="0" r31="0.9887032" r32="0" r33="0.14988852" r34="0" r41="1535.5833" r42="124.60652" r43="-1345.8076" r44="1"></containerEntry>
          <containerEntry r11="-0.55721354" r12="0" r13="-0.8303685" r14="0" r21="0" r22="1" r23="0" r24="0" r31="0.8303685" r32="0" r33="-0.55721354" r34="0" r41="1536.1768" r42="124.520004" r43="-1346.8889" r44="1"></containerEntry>
          <containerEntry r11="0.6624867" r12="0" r13="0.74907327" r14="0" r21="0" r22="1" r23="0" r24="0" r31="-0.74907327" r32="0" r33="0.6624867" r34="0" r41="1540.6664" r42="124.62108" r43="-1342.7017" r44="1"></containerEntry>
          <containerEntry r11="-0.039076567" r12="0" r13="-0.9992356" r14="0" r21="0" r22="1" r23="0" r24="0" r31="0.9992356" r32="0" r33="-0.039076567" r34="0" r41="1534.5557" r42="124.563034" r43="-1334.0795" r44="1"></containerEntry>
          <containerEntry r11="-0.47614002" r12="0" r13="-0.8793695" r14="0" r21="0" r22="1" r23="0" r24="0" r31="0.8793695" r32="0" r33="-0.47614002" r34="0" r41="1534.1224" r42="124.73187" r43="-1334.5604" r44="1"></containerEntry>
          <containerEntry r11="-0.57990956" r12="0" r13="-0.81468284" r14="0" r21="0" r22="1" r23="0" r24="0" r31="0.81468284" r32="0" r33="-0.57990956" r34="0" r41="1534.5187" r42="124.66878" r43="-1326.9374" r44="1"></containerEntry>
          <containerEntry r11="-0.036442876" r12="0" r13="0.9993347" r14="0" r21="0" r22="1" r23="0" r24="0" r31="-0.9993347" r32="0" r33="-0.036442876" r34="0" r41="1551.3495" r42="124.7202" r43="-1310.7256" r44="1"></containerEntry>
          <containerEntry r11="-0.83172476" r12="0" r13="0.5551885" r14="0" r21="0" r22="1" r23="0" r24="0" r31="-0.5551885" r32="0" r33="-0.83172476" r34="0" r41="1549.7683" r42="124.66965" r43="-1308.328" r44="1"></containerEntry>
          <containerEntry r11="0.28784102" r12="0" r13="-0.95767874" r14="0" r21="0" r22="1" r23="0" r24="0" r31="0.95767874" r32="0" r33="0.28784102" r34="0" r41="1552.4894" r42="124.72915" r43="-1275.9146" r44="1"></containerEntry>
          <containerEntry r11="-0.66341865" r12="0" r13="-0.74824935" r14="0" r21="0" r22="1" r23="0" r24="0" r31="0.74824935" r32="0" r33="-0.66341865" r34="0" r41="1552.0927" r42="124.680534" r43="-1277.0616" r44="1"></containerEntry>
          <containerEntry r11="-0.11534572" r12="0" r13="0.99332565" r14="0" r21="0" r22="1" r23="0" r24="0" r31="-0.99332565" r32="0" r33="-0.11534572" r34="0" r41="1565.9474" r42="124.652016" r43="-1271.3987" r44="1"></containerEntry>
          <containerEntry r11="0.8439551" r12="0" r13="0.536414" r14="0" r21="0" r22="1" r23="0" r24="0" r31="-0.536414" r32="0" r33="0.8439551" r34="0" r41="1565.4403" r42="124.65563" r43="-1274.567" r44="1"></containerEntry>
          <containerEntry r11="0.7099751" r12="0" r13="0.7042265" r14="0" r21="0" r22="1" r23="0" r24="0" r31="-0.7042265" r32="0" r33="0.7099751" r34="0" r41="1564.7875" r42="124.72925" r43="-1275.4996" r44="1"></containerEntry>
          <containerEntry r11="0.9645091" r12="0" r13="-0.26404938" r14="0" r21="0" r22="1" r23="0" r24="0" r31="0.26404938" r32="0" r33="0.9645091" r34="0" r41="1553.1191" r42="124.720505" r43="-1265.041" r44="1"></containerEntry>
          <containerEntry r11="0.34328926" r12="0" r13="-0.9392294" r14="0" r21="0" r22="1" r23="0" r24="0" r31="0.9392294" r32="0" r33="0.34328926" r34="0" r41="1553.3809" r42="124.53411" r43="-1265.3765" r44="1"></containerEntry>
          <containerEntry r11="-0.5669066" r12="0" r13="-0.82378244" r14="0" r21="0" r22="1" r23="0" r24="0" r31="0.82378244" r32="0" r33="-0.5669066" r34="0" r41="1553.4403" r42="124.59152" r43="-1266.5009" r44="1"></containerEntry>
          <containerEntry r11="-0.93490636" r12="0" r13="0.3548957" r14="0" r21="0" r22="1" r23="0" r24="0" r31="-0.3548957" r32="0" r33="-0.93490636" r34="0" r41="1557.1122" r42="124.54" r43="-1264.0565" r44="1"></containerEntry>
          <containerEntry r11="-0.04863596" r12="0" r13="0.9988165" r14="0" r21="0" r22="1" r23="0" r24="0" r31="-0.9988165" r32="0" r33="-0.04863596" r34="0" r41="1558.3427" r42="124.596664" r43="-1264.9617" r44="1"></containerEntry>
          <containerEntry r11="0.35846812" r12="0" r13="-0.93354243" r14="0" r21="0" r22="1" r23="0" r24="0" r31="0.93354243" r32="0" r33="0.35846812" r34="0" r41="1551.7561" r42="125.34442" r43="-1267.4792" r44="1"></containerEntry>
          <containerEntry r11="-0.24627328" r12="0" r13="0.9692005" r14="0" r21="0" r22="1" r23="0" r24="0" r31="-0.9692005" r32="0" r33="-0.24627328" r34="0" r41="1554.5347" r42="124.78051" r43="-1259.3363" r44="1"></containerEntry>
          <containerEntry r11="0.9991133" r12="-7.2689727e-07" r13="0.042101394" r14="0" r21="0.01472958" r22="0.93680817" r23="-0.34953323" r24="0" r31="-0.039440673" r32="0.34984347" r33="0.9359775" r34="0" r41="1547.1227" r42="124.54447" r43="-1252.402" r44="1"></containerEntry>
          <containerEntry r11="0.5838252" r12="0" r13="0.8118797" r14="0" r21="0" r22="1" r23="0" r24="0" r31="-0.8118797" r32="0" r33="0.5838252" r34="0" r41="1548.7681" r42="124.53" r43="-1244.8943" r44="1"></containerEntry>
          <containerEntry r11="0.9972056" r12="-3.2875687e-07" r13="0.074705966" r14="0" r21="0.02403275" r22="0.9468438" r23="-0.32079476" r24="0" r31="-0.07073478" r32="0.32169372" r33="0.94419795" r34="0" r41="1549.5403" r42="124.54746" r43="-1243.7917" r44="1"></containerEntry>
          <containerEntry r11="1" r12="0" r13="0" r14="0" r21="0" r22="1" r23="0" r24="0" r31="0" r32="0" r33="1" r34="0" r41="1544.0045" r42="124.630005" r43="-1247.4309" r44="1"></containerEntry>
          <containerEntry r11="1" r12="0" r13="0" r14="0" r21="0" r22="1" r23="0" r24="0" r31="0" r32="0" r33="1" r34="0" r41="1542.0964" r42="124.65" r43="-1245.4528" r44="1"></containerEntry>
