<fox formatVersion="2" fileVersion="0">
  <entities>
    <entity class="DataSet" classVersion="0" classID="0xE8" addr="0x2F52FC0" id="0x75E25">
      <staticProperties>
        <property name="name" type="String" container="StaticArray" arraySize="1">
          <containerEntry hash="0xB8A0BF169F98"></containerEntry>
        </property>
        <property name="dataSet" type="EntityHandle" container="StaticArray" arraySize="1">
          <containerEntry>0x0</containerEntry>
        </property>
        <property name="dataList" type="EntityPtr" container="StringMap" arraySize="14">
          <containerEntry key="afgh_rock010_vrtn001_0004">
            <data>0x2D79930</data>
          </containerEntry>
          <containerEntry key="afgh_clff022_vrtn004_0001">
            <data>0x2D7AB90</data>
          </containerEntry>
          <containerEntry key="StaticModelArray0000">
            <data>0x2D7E390</data>
          </containerEntry>
          <containerEntry key="StaticModelArray0001">
            <data>0x2D7E400</data>
          </containerEntry>
          <containerEntry key="StaticModelArray0002">
            <data>0x2D7E080</data>
          </containerEntry>
          <containerEntry key="StaticModelArray0003">
            <data>0x2D7D9F0</data>
          </containerEntry>
          <containerEntry key="StaticModelArray0004">
            <data>0x2D7DFA0</data>
          </containerEntry>
          <containerEntry key="StaticModelArray0005">
            <data>0x2D7E160</data>
          </containerEntry>
          <containerEntry key="StaticModelArray0006">
            <data>0x2D7D910</data>
          </containerEntry>
          <containerEntry key="StaticModelArray0007">
            <data>0x2D7E320</data>
          </containerEntry>
          <containerEntry key="StaticModelArray0008">
            <data>0x2D7E240</data>
          </containerEntry>
          <containerEntry key="StaticModelArray0009">
            <data>0x2D7D980</data>
          </containerEntry>
          <containerEntry key="StaticModelArray0010">
            <data>0x2D7DA60</data>
          </containerEntry>
          <containerEntry key="TexturePackLoadConditioner0000">
            <data>0x2D7E860</data>
          </containerEntry>
        </property>
      </staticProperties>
      <dynamicProperties></dynamicProperties>
    </entity>
    <entity class="StaticModel" classVersion="9" classID="0x160" addr="0x2D79930" id="0x7602A">
      <staticProperties>
        <property name="name" type="String" container="StaticArray" arraySize="1">
          <containerEntry>afgh_rock010_vrtn001_0004</containerEntry>
        </property>
        <property name="dataSet" type="EntityHandle" container="StaticArray" arraySize="1">
          <containerEntry>0x2F52FC0</containerEntry>
        </property>
        <property name="parent" type="EntityHandle" container="StaticArray" arraySize="1">
          <containerEntry>0x0</containerEntry>
        </property>
        <property name="transform" type="EntityPtr" container="StaticArray" arraySize="1">
          <containerEntry>0x2D799A0</containerEntry>
        </property>
        <property name="shearTransform" type="EntityPtr" container="StaticArray" arraySize="1">
          <containerEntry>0x0</containerEntry>
        </property>
        <property name="pivotTransform" type="EntityPtr" container="StaticArray" arraySize="1">
          <containerEntry>0x0</containerEntry>
        </property>
        <property name="children" type="EntityHandle" container="List"></property>
        <property name="flags" type="UInt32" container="StaticArray" arraySize="1">
          <containerEntry>3221225479</containerEntry>
        </property>
        <property name="modelFile" type="FilePtr" container="StaticArray" arraySize="1">
          <containerEntry>/Assets/tpp/environ/object/afghanistan/rock/afgh_rock010/scenes/afgh_rock010_vrtn001.fmdl</containerEntry>
        </property>
        <property name="geomFile" type="FilePtr" container="StaticArray" arraySize="1">
          <containerEntry>/Assets/tpp/environ/object/afghanistan/rock/afgh_rock010/scenes/afgh_rock010_vrtn001.geom</containerEntry>
        </property>
        <property name="isVisibleGeom" type="Bool" container="StaticArray" arraySize="1">
          <containerEntry>false</containerEntry>
        </property>
        <property name="isIsolated" type="Bool" container="StaticArray" arraySize="1">
          <containerEntry>false</containerEntry>
        </property>
        <property name="lodFarSize" type="Float" container="StaticArray" arraySize="1">
          <containerEntry>-1</containerEntry>
        </property>
        <property name="lodNearSize" type="Float" container="StaticArray" arraySize="1">
          <containerEntry>-1</containerEntry>
        </property>
        <property name="lodPolygonSize" type="Float" container="StaticArray" arraySize="1">
          <containerEntry>-1</containerEntry>
        </property>
        <property name="color" type="Color" container="StaticArray" arraySize="1">
          <containerEntry r="1" g="1" b="1" a="1"></containerEntry>
        </property>
        <property name="drawRejectionLevel" type="Int32" container="StaticArray" arraySize="1">
          <containerEntry>8</containerEntry>
        </property>
        <property name="drawMode" type="Int32" container="StaticArray" arraySize="1">
          <containerEntry>0</containerEntry>
        </property>
        <property name="rejectFarRangeShadowCast" type="Int32" container="StaticArray" arraySize="1">
          <containerEntry>2</containerEntry>
        </property>
      </staticProperties>
      <dynamicProperties></dynamicProperties>
    </entity>
    <entity class="TransformEntity" classVersion="0" classID="0x50" addr="0x2D799A0" id="0x7602D">
      <staticProperties>
        <property name="owner" type="EntityHandle" container="StaticArray" arraySize="1">
          <containerEntry>0x2D79930</containerEntry>
        </property>
        <property name="transform_scale" type="Vector3" container="StaticArray" arraySize="1">
          <containerEntry x="1" y="1" z="1" w="0"></containerEntry>
        </property>
        <property name="transform_rotation_quat" type="Quat" container="StaticArray" arraySize="1">
          <containerEntry x="-0.890652" y="-0.006669" z="0.447598" w="-0.079689"></containerEntry>
        </property>
        <property name="transform_translation" type="Vector3" container="StaticArray" arraySize="1">
          <containerEntry x="889.4415" y="346.90436" z="1632.0101" w="0"></containerEntry>
        </property>
      </staticProperties>
      <dynamicProperties></dynamicProperties>
    </entity>
    <entity class="StaticModel" classVersion="9" classID="0x160" addr="0x2D7AB90" id="0x7608A">
      <staticProperties>
        <property name="name" type="String" container="StaticArray" arraySize="1">
          <containerEntry>afgh_clff022_vrtn004_0001</containerEntry>
        </property>
        <property name="dataSet" type="EntityHandle" container="StaticArray" arraySize="1">
          <containerEntry>0x2F52FC0</containerEntry>
        </property>
        <property name="parent" type="EntityHandle" container="StaticArray" arraySize="1">
          <containerEntry>0x0</containerEntry>
        </property>
        <property name="transform" type="EntityPtr" container="StaticArray" arraySize="1">
          <containerEntry>0x2D7AC00</containerEntry>
        </property>
        <property name="shearTransform" type="EntityPtr" container="StaticArray" arraySize="1">
          <containerEntry>0x0</containerEntry>
        </property>
        <property name="pivotTransform" type="EntityPtr" container="StaticArray" arraySize="1">
          <containerEntry>0x0</containerEntry>
        </property>
        <property name="children" type="EntityHandle" container="List"></property>
        <property name="flags" type="UInt32" container="StaticArray" arraySize="1">
          <containerEntry>3221225479</containerEntry>
        </property>
        <property name="modelFile" type="FilePtr" container="StaticArray" arraySize="1">
          <containerEntry>/Assets/tpp/environ/object/afghanistan/cliff/afgh_clff022/scenes/afgh_clff022_vrtn004.fmdl</containerEntry>
        </property>
        <property name="geomFile" type="FilePtr" container="StaticArray" arraySize="1">
          <containerEntry>/Assets/tpp/environ/object/afghanistan/cliff/afgh_clff022/scenes/afgh_clff022_vrtn004.geom</containerEntry>
        </property>
        <property name="isVisibleGeom" type="Bool" container="StaticArray" arraySize="1">
          <containerEntry>false</containerEntry>
        </property>
        <property name="isIsolated" type="Bool" container="StaticArray" arraySize="1">
          <containerEntry>false</containerEntry>
        </property>
        <property name="lodFarSize" type="Float" container="StaticArray" arraySize="1">
          <containerEntry>-1</containerEntry>
        </property>
        <property name="lodNearSize" type="Float" container="StaticArray" arraySize="1">
          <containerEntry>-1</containerEntry>
        </property>
        <property name="lodPolygonSize" type="Float" container="StaticArray" arraySize="1">
          <containerEntry>-1</containerEntry>
        </property>
        <property name="color" type="Color" container="StaticArray" arraySize="1">
          <containerEntry r="1" g="1" b="1" a="1"></containerEntry>
        </property>
        <property name="drawRejectionLevel" type="Int32" container="StaticArray" arraySize="1">
          <containerEntry>8</containerEntry>
        </property>
        <property name="drawMode" type="Int32" container="StaticArray" arraySize="1">
          <containerEntry>0</containerEntry>
        </property>
        <property name="rejectFarRangeShadowCast" type="Int32" container="StaticArray" arraySize="1">
          <containerEntry>2</containerEntry>
        </property>
      </staticProperties>
      <dynamicProperties></dynamicProperties>
    </entity>
    <entity class="TransformEntity" classVersion="0" classID="0x50" addr="0x2D7AC00" id="0x7608D">
      <staticProperties>
        <property name="owner" type="EntityHandle" container="StaticArray" arraySize="1">
          <containerEntry>0x2D7AB90</containerEntry>
        </property>
        <property name="transform_scale" type="Vector3" container="StaticArray" arraySize="1">
          <containerEntry x="1" y="1" z="1" w="0"></containerEntry>
        </property>
        <property name="transform_rotation_quat" type="Quat" container="StaticArray" arraySize="1">
          <containerEntry x="0" y="0.757832" z="0" w="-0.652449"></containerEntry>
        </property>
        <property name="transform_translation" type="Vector3" container="StaticArray" arraySize="1">
          <containerEntry x="892.55493" y="362.1171" z="1589.0125" w="0"></containerEntry>
        </property>
      </staticProperties>
      <dynamicProperties></dynamicProperties>
    </entity>
    <entity class="StaticModelArray" classVersion="4" classID="0xD0" addr="0x2D7E390" id="0x0">
      <staticProperties>
        <property name="name" type="String" container="StaticArray" arraySize="1">
          <containerEntry>StaticModelArray0000</containerEntry>
        </property>
        <property name="dataSet" type="EntityHandle" container="StaticArray" arraySize="1">
          <containerEntry>0x2F52FC0</containerEntry>
        </property>
        <property name="modelFile" type="FilePtr" container="StaticArray" arraySize="1">
          <containerEntry>/Assets/tpp/environ/object/afghanistan/cliff/afgh_clff022/scenes/afgh_clff022_vrtn003.fmdl</containerEntry>
        </property>
        <property name="geomFile" type="FilePtr" container="StaticArray" arraySize="1">
          <containerEntry>/Assets/tpp/environ/object/afghanistan/cliff/afgh_clff022/scenes/afgh_clff022_vrtn003.geom</containerEntry>
        </property>
        <property name="isVisibleGeom" type="Bool" container="StaticArray" arraySize="1">
          <containerEntry>false</containerEntry>
        </property>
        <property name="lodFarSize" type="Float" container="StaticArray" arraySize="1">
          <containerEntry>-1</containerEntry>
        </property>
        <property name="lodNearSize" type="Float" container="StaticArray" arraySize="1">
          <containerEntry>-1</containerEntry>
        </property>
        <property name="lodPolygonSize" type="Float" container="StaticArray" arraySize="1">
          <containerEntry>-1</containerEntry>
        </property>
        <property name="drawRejectionLevel" type="Int32" container="StaticArray" arraySize="1">
          <containerEntry>8</containerEntry>
        </property>
        <property name="drawMode" type="Int32" container="StaticArray" arraySize="1">
          <containerEntry>0</containerEntry>
        </property>
        <property name="rejectFarRangeShadowCast" type="Int32" container="StaticArray" arraySize="1">
          <containerEntry>2</containerEntry>
        </property>
        <property name="parentLocator" type="EntityLink" container="StaticArray" arraySize="1">
          <containerEntry packagePathHash="0xB8A0BF169F98" archivePathHash="0xB8A0BF169F98" nameInArchiveHash="0xB8A0BF169F98">0x0</containerEntry>
        </property>
        <property name="transforms" type="Matrix4" container="DynamicArray" arraySize="2">
          <containerEntry r11="-0.94095415" r12="0.052918896" r13="0.33437616" r14="0" r21="0.05737751" r22="0.9983465" r23="0.003463571" r24="0" r31="-0.33363998" r32="0.022444718" r33="-0.94243467" r34="0" r41="883.47784" r42="363.48715" r43="1616.1161" r44="1"></containerEntry>
          <containerEntry r11="0.7777789" r12="-0.042525765" r13="-0.62709767" r14="0" r21="0.057378594" r22="0.9983465" r23="0.0034642238" r24="0" r31="0.62591344" r32="-0.03867639" r33="0.7789329" r34="0" r41="879.6272" r42="349.57773" r43="1634.7147" r44="1"></containerEntry>
        </property>
        <property name="colors" type="UInt32" container="DynamicArray" arraySize="2">
          <containerEntry>4294967295</containerEntry>
          <containerEntry>4294967295</containerEntry>
        </property>
      </staticProperties>
      <dynamicProperties></dynamicProperties>
    </entity>
    <entity class="StaticModelArray" classVersion="4" classID="0xD0" addr="0x2D7E400" id="0x0">
      <staticProperties>
        <property name="name" type="String" container="StaticArray" arraySize="1">
          <containerEntry>StaticModelArray0001</containerEntry>
        </property>
        <property name="dataSet" type="EntityHandle" container="StaticArray" arraySize="1">
          <containerEntry>0x2F52FC0</containerEntry>
        </property>
        <property name="modelFile" type="FilePtr" container="StaticArray" arraySize="1">
          <containerEntry>/Assets/tpp/environ/object/afghanistan/cliff/afgh_clff022/scenes/afgh_clff022_vrtn001.fmdl</containerEntry>
        </property>
        <property name="geomFile" type="FilePtr" container="StaticArray" arraySize="1">
          <containerEntry>/Assets/tpp/environ/object/afghanistan/cliff/afgh_clff022/scenes/afgh_clff022_vrtn001.geom</containerEntry>
        </property>
        <property name="isVisibleGeom" type="Bool" container="StaticArray" arraySize="1">
          <containerEntry>false</containerEntry>
        </property>
        <property name="lodFarSize" type="Float" container="StaticArray" arraySize="1">
          <containerEntry>-1</containerEntry>
        </property>
        <property name="lodNearSize" type="Float" container="StaticArray" arraySize="1">
          <containerEntry>-1</containerEntry>
        </property>
        <property name="lodPolygonSize" type="Float" container="StaticArray" arraySize="1">
          <containerEntry>-1</containerEntry>
        </property>
        <property name="drawRejectionLevel" type="Int32" container="StaticArray" arraySize="1">
          <containerEntry>8</containerEntry>
        </property>
        <property name="drawMode" type="Int32" container="StaticArray" arraySize="1">
          <containerEntry>0</containerEntry>
        </property>
        <property name="rejectFarRangeShadowCast" type="Int32" container="StaticArray" arraySize="1">
          <containerEntry>2</containerEntry>
        </property>
        <property name="parentLocator" type="EntityLink" container="StaticArray" arraySize="1">
          <containerEntry packagePathHash="0xB8A0BF169F98" archivePathHash="0xB8A0BF169F98" nameInArchiveHash="0xB8A0BF169F98">0x0</containerEntry>
        </property>
        <property name="transforms" type="Matrix4" container="DynamicArray" arraySize="3">
          <containerEntry r11="-1.055139" r12="0.03520317" r13="-0.5491263" r14="0" r21="0.0012192819" r22="1.1877089" r23="0.073798284" r24="0" r31="0.5502522" r32="0.064872265" r33="-1.0531436" r34="0" r41="872.9154" r42="351.82047" r43="1623.7891" r44="1"></containerEntry>
          <containerEntry r11="-0.40794355" r12="0" r13="-1.1178914" r14="0" r21="0" r22="1.19" r23="0" r24="0" r31="1.1178914" r32="0" r33="-0.40794355" r34="0" r41="875.66974" r42="347.10672" r43="1572.6776" r44="1"></containerEntry>
          <containerEntry r11="-0.54498225" r12="0.06616019" r13="-1.0558027" r14="0" r21="0.0012195025" r22="1.187709" r23="0.07379644" r24="0" r31="1.0578728" r32="0.0327144" r33="-0.54400086" r34="0" r41="871.3896" r42="350.60757" r43="1607.7834" r44="1"></containerEntry>
        </property>
        <property name="colors" type="UInt32" container="DynamicArray" arraySize="3">
          <containerEntry>4294967295</containerEntry>
          <containerEntry>4294967295</containerEntry>
          <containerEntry>4294967295</containerEntry>
        </property>
      </staticProperties>
      <dynamicProperties></dynamicProperties>
    </entity>
    <entity class="StaticModelArray" classVersion="4" classID="0xD0" addr="0x2D7E080" id="0x0">
      <staticProperties>
        <property name="name" type="String" container="StaticArray" arraySize="1">
          <containerEntry>StaticModelArray0002</containerEntry>
        </property>
        <property name="dataSet" type="EntityHandle" container="StaticArray" arraySize="1">
          <containerEntry>0x2F52FC0</containerEntry>
        </property>
        <property name="modelFile" type="FilePtr" container="StaticArray" arraySize="1">
          <containerEntry>/Assets/tpp/environ/object/afghanistan/rock/afgh_rock001/scenes/afgh_rock001.fmdl</containerEntry>
        </property>
        <property name="geomFile" type="FilePtr" container="StaticArray" arraySize="1">
          <containerEntry>/Assets/tpp/environ/object/afghanistan/rock/afgh_rock001/scenes/afgh_rock001.geom</containerEntry>
        </property>
        <property name="isVisibleGeom" type="Bool" container="StaticArray" arraySize="1">
          <containerEntry>false</containerEntry>
        </property>
        <property name="lodFarSize" type="Float" container="StaticArray" arraySize="1">
          <containerEntry>-1</containerEntry>
        </property>
        <property name="lodNearSize" type="Float" container="StaticArray" arraySize="1">
          <containerEntry>-1</containerEntry>
        </property>
        <property name="lodPolygonSize" type="Float" container="StaticArray" arraySize="1">
          <containerEntry>-1</containerEntry>
        </property>
        <property name="drawRejectionLevel" type="Int32" container="StaticArray" arraySize="1">
          <containerEntry>8</containerEntry>
        </property>
        <property name="drawMode" type="Int32" container="StaticArray" arraySize="1">
          <containerEntry>0</containerEntry>
        </property>
        <property name="rejectFarRangeShadowCast" type="Int32" container="StaticArray" arraySize="1">
          <containerEntry>2</containerEntry>
        </property>
        <property name="parentLocator" type="EntityLink" container="StaticArray" arraySize="1">
          <containerEntry packagePathHash="0xB8A0BF169F98" archivePathHash="0xB8A0BF169F98" nameInArchiveHash="0xB8A0BF169F98">0x0</containerEntry>
        </property>
        <property name="transforms" type="Matrix4" container="DynamicArray" arraySize="5">
          <containerEntry r11="0.45733252" r12="-0.24451081" r13="-0.8550214" r14="0" r21="0.11532359" r22="0.9696466" r23="-0.21560614" r24="0" r31="0.88178664" r32="-3.874302e-07" r33="0.47164875" r34="0" r41="863.2246" r42="321.5319" r43="1538.8816" r44="1"></containerEntry>
          <containerEntry r11="0.45733252" r12="-0.24451081" r13="-0.8550214" r14="0" r21="0.11532359" r22="0.9696466" r23="-0.21560614" r24="0" r31="0.88178664" r32="-3.874302e-07" r33="0.47164875" r34="0" r41="792.4122" r42="322.9765" r43="1552" r44="1"></containerEntry>
          <containerEntry r11="-0.26976573" r12="0.15986806" r13="0.94956356" r14="0" r21="-0.09113818" r22="-0.98593587" r23="0.14009976" r24="0" r31="0.9586045" r32="-0.048747458" r33="0.28053945" r34="0" r41="782.30347" r42="338.8059" r43="1637.5764" r44="1"></containerEntry>
          <containerEntry r11="-0.7681556" r12="0.36697963" r13="-0.5246585" r14="0" r21="0.4445062" r22="0.89544153" r23="-0.024473622" r24="0" r31="0.46081975" r32="-0.2520132" r33="-0.8509631" r34="0" r41="822.4433" r42="335.89832" r43="1648.2708" r44="1"></containerEntry>
          <containerEntry r11="-0.7681556" r12="0.36697963" r13="-0.5246585" r14="0" r21="0.4445062" r22="0.89544153" r23="-0.024473622" r24="0" r31="0.46081975" r32="-0.2520132" r33="-0.8509631" r34="0" r41="809.08716" r42="335.51797" r43="1652.86" r44="1"></containerEntry>
        </property>
        <property name="colors" type="UInt32" container="DynamicArray" arraySize="5">
          <containerEntry>4294967295</containerEntry>
          <containerEntry>4294967295</containerEntry>
          <containerEntry>4294967295</containerEntry>
          <containerEntry>4294967295</containerEntry>
          <containerEntry>4294967295</containerEntry>
        </property>
      </staticProperties>
      <dynamicProperties></dynamicProperties>
    </entity>
    <entity class="StaticModelArray" classVersion="4" classID="0xD0" addr="0x2D7D9F0" id="0x0">
      <staticProperties>
        <property name="name" type="String" container="StaticArray" arraySize="1">
          <containerEntry>StaticModelArray0003</containerEntry>
        </property>
        <property name="dataSet" type="EntityHandle" container="StaticArray" arraySize="1">
          <containerEntry>0x2F52FC0</containerEntry>
        </property>
        <property name="modelFile" type="FilePtr" container="StaticArray" arraySize="1">
          <containerEntry>/Assets/tpp/environ/object/afghanistan/rock/afgh_rock011/scenes/afgh_rock011.fmdl</containerEntry>
        </property>
        <property name="geomFile" type="FilePtr" container="StaticArray" arraySize="1">
          <containerEntry>/Assets/tpp/environ/object/afghanistan/rock/afgh_rock011/scenes/afgh_rock011.geom</containerEntry>
        </property>
        <property name="isVisibleGeom" type="Bool" container="StaticArray" arraySize="1">
          <containerEntry>false</containerEntry>
        </property>
        <property name="lodFarSize" type="Float" container="StaticArray" arraySize="1">
          <containerEntry>-1</containerEntry>
        </property>
        <property name="lodNearSize" type="Float" container="StaticArray" arraySize="1">
          <containerEntry>-1</containerEntry>
        </property>
        <property name="lodPolygonSize" type="Float" container="StaticArray" arraySize="1">
          <containerEntry>-1</containerEntry>
        </property>
        <property name="drawRejectionLevel" type="Int32" container="StaticArray" arraySize="1">
          <containerEntry>8</containerEntry>
        </property>
        <property name="drawMode" type="Int32" container="StaticArray" arraySize="1">
          <containerEntry>0</containerEntry>
        </property>
        <property name="rejectFarRangeShadowCast" type="Int32" container="StaticArray" arraySize="1">
          <containerEntry>2</containerEntry>
        </property>
        <property name="parentLocator" type="EntityLink" container="StaticArray" arraySize="1">
          <containerEntry packagePathHash="0xB8A0BF169F98" archivePathHash="0xB8A0BF169F98" nameInArchiveHash="0xB8A0BF169F98">0x0</containerEntry>
        </property>
        <property name="transforms" type="Matrix4" container="DynamicArray" arraySize="6">
          <containerEntry r11="0.20699024" r12="0.011848237" r13="-0.9782706" r14="0" r21="-0.10980834" r22="0.9938897" r23="-0.0111966245" r24="0" r31="0.9721604" r32="0.109739944" r33="0.20702648" r34="0" r41="841.1927" r42="328.20163" r43="1576.2776" r44="1"></containerEntry>
          <containerEntry r11="0.3739194" r12="0.0141422795" r13="-0.9273549" r14="0" r21="0.020271264" r22="0.99952024" r23="0.02341648" r24="0" r31="0.92724115" r32="-0.027554521" r33="0.37345332" r34="0" r41="868.37335" r42="341.73642" r43="1634.8258" r44="1"></containerEntry>
          <containerEntry r11="-0.22160602" r12="-0.32980347" r13="0.917671" r14="0" r21="-0.12627989" r22="0.94285136" r23="0.308358" r24="0" r31="-0.96692497" r32="-0.047549367" r33="-0.25058907" r34="0" r41="852.4695" r42="337.3471" r43="1648.5358" r44="1"></containerEntry>
          <containerEntry r11="0.9739606" r12="-0.025704168" r13="-0.22525552" r14="0" r21="0.007828969" r22="0.99677277" r23="-0.07989193" r24="0" r31="0.22658214" r32="0.07604807" r33="0.9710186" r34="0" r41="784.6586" r42="337.86066" r43="1633.0885" r44="1"></containerEntry>
          <containerEntry r11="1.3810899" r12="0.90561634" r13="0.34521446" r14="0" r21="-0.83327734" r22="1.4164482" r23="-0.38216063" r24="0" r31="-0.4949371" r32="0.14232732" r33="1.6067061" r34="0" r41="880.157" r42="347.81158" r43="1572" r44="1"></containerEntry>
          <containerEntry r11="0.71677595" r12="0.05753439" r13="0.69492596" r14="0" r21="0.08008944" r22="0.9832023" r23="-0.16400906" r24="0" r31="-0.692689" r32="0.17321399" r33="0.70012784" r34="0" r41="827.5704" r42="335.21854" r43="1612.8799" r44="1"></containerEntry>
        </property>
        <property name="colors" type="UInt32" container="DynamicArray" arraySize="6">
          <containerEntry>4294967295</containerEntry>
          <containerEntry>4294967295</containerEntry>
          <containerEntry>4294967295</containerEntry>
          <containerEntry>4294967295</containerEntry>
          <containerEntry>4294967295</containerEntry>
          <containerEntry>4294967295</containerEntry>
        </property>
      </staticProperties>
      <dynamicProperties></dynamicProperties>
    </entity>
    <entity class="StaticModelArray" classVersion="4" classID="0xD0" addr="0x2D7DFA0" id="0x0">
      <staticProperties>
        <property name="name" type="String" container="StaticArray" arraySize="1">
          <containerEntry>StaticModelArray0004</containerEntry>
        </property>
        <property name="dataSet" type="EntityHandle" container="StaticArray" arraySize="1">
          <containerEntry>0x2F52FC0</containerEntry>
        </property>
        <property name="modelFile" type="FilePtr" container="StaticArray" arraySize="1">
          <containerEntry>/Assets/tpp/environ/object/afghanistan/cliff/afgh_clff022/scenes/afgh_clff022_vrtn002.fmdl</containerEntry>
        </property>
        <property name="geomFile" type="FilePtr" container="StaticArray" arraySize="1">
          <containerEntry>/Assets/tpp/environ/object/afghanistan/cliff/afgh_clff022/scenes/afgh_clff022_vrtn002.geom</containerEntry>
        </property>
        <property name="isVisibleGeom" type="Bool" container="StaticArray" arraySize="1">
          <containerEntry>false</containerEntry>
        </property>
        <property name="lodFarSize" type="Float" container="StaticArray" arraySize="1">
          <containerEntry>-1</containerEntry>
        </property>
        <property name="lodNearSize" type="Float" container="StaticArray" arraySize="1">
          <containerEntry>-1</containerEntry>
        </property>
        <property name="lodPolygonSize" type="Float" container="StaticArray" arraySize="1">
          <containerEntry>-1</containerEntry>
        </property>
        <property name="drawRejectionLevel" type="Int32" container="StaticArray" arraySize="1">
          <containerEntry>8</containerEntry>
        </property>
        <property name="drawMode" type="Int32" container="StaticArray" arraySize="1">
          <containerEntry>0</containerEntry>
        </property>
        <property name="rejectFarRangeShadowCast" type="Int32" container="StaticArray" arraySize="1">
          <containerEntry>2</containerEntry>
        </property>
        <property name="parentLocator" type="EntityLink" container="StaticArray" arraySize="1">
          <containerEntry packagePathHash="0xB8A0BF169F98" archivePathHash="0xB8A0BF169F98" nameInArchiveHash="0xB8A0BF169F98">0x0</containerEntry>
        </property>
        <property name="transforms" type="Matrix4" container="DynamicArray" arraySize="3">
          <containerEntry r11="-0.59062797" r12="-0.0043330938" r13="0.8069331" r14="0" r21="-0.09632965" r22="0.9932134" r23="-0.06517425" r24="0" r31="-0.80117434" r32="-0.11622526" r33="-0.587037" r34="0" r41="890.5349" r42="345.88757" r43="1554.8235" r44="1"></containerEntry>
          <containerEntry r11="-0.1292099" r12="-0.0059772013" r13="0.9915979" r14="0" r21="0.023846526" r22="0.9996739" r23="0.009133222" r24="0" r31="-0.9913291" r32="0.024826309" r33="-0.12902522" r34="0" r41="879.8321" r42="348.2263" r43="1593.7678" r44="1"></containerEntry>
          <containerEntry r11="0.5056372" r12="-0.014416806" r13="0.86262536" r14="0" r21="0.00812114" r22="0.99989563" r23="0.011950666" r24="0" r31="-0.8627076" r32="0.0009628092" r33="0.50570154" r34="0" r41="893.59296" r42="338.1741" r43="1662.1274" r44="1"></containerEntry>
        </property>
        <property name="colors" type="UInt32" container="DynamicArray" arraySize="3">
          <containerEntry>4294967295</containerEntry>
          <containerEntry>4294967295</containerEntry>
          <containerEntry>4294967295</containerEntry>
        </property>
      </staticProperties>
      <dynamicProperties></dynamicProperties>
    </entity>
    <entity class="StaticModelArray" classVersion="4" classID="0xD0" addr="0x2D7E160" id="0x0">
      <staticProperties>
        <property name="name" type="String" container="StaticArray" arraySize="1">
          <containerEntry>StaticModelArray0005</containerEntry>
        </property>
        <property name="dataSet" type="EntityHandle" container="StaticArray" arraySize="1">
          <containerEntry>0x2F52FC0</containerEntry>
        </property>
        <property name="modelFile" type="FilePtr" container="StaticArray" arraySize="1">
          <containerEntry>/Assets/tpp/environ/object/afghanistan/cliff/afgh_clff025/scenes/afgh_clff025.fmdl</containerEntry>
        </property>
        <property name="geomFile" type="FilePtr" container="StaticArray" arraySize="1">
          <containerEntry>/Assets/tpp/environ/object/afghanistan/cliff/afgh_clff025/scenes/afgh_clff025.geom</containerEntry>
        </property>
        <property name="isVisibleGeom" type="Bool" container="StaticArray" arraySize="1">
          <containerEntry>false</containerEntry>
        </property>
        <property name="lodFarSize" type="Float" container="StaticArray" arraySize="1">
          <containerEntry>-1</containerEntry>
        </property>
        <property name="lodNearSize" type="Float" container="StaticArray" arraySize="1">
          <containerEntry>-1</containerEntry>
        </property>
        <property name="lodPolygonSize" type="Float" container="StaticArray" arraySize="1">
          <containerEntry>-1</containerEntry>
        </property>
        <property name="drawRejectionLevel" type="Int32" container="StaticArray" arraySize="1">
          <containerEntry>8</containerEntry>
        </property>
        <property name="drawMode" type="Int32" container="StaticArray" arraySize="1">
          <containerEntry>0</containerEntry>
        </property>
        <property name="rejectFarRangeShadowCast" type="Int32" container="StaticArray" arraySize="1">
          <containerEntry>2</containerEntry>
        </property>
        <property name="parentLocator" type="EntityLink" container="StaticArray" arraySize="1">
          <containerEntry packagePathHash="0xB8A0BF169F98" archivePathHash="0xB8A0BF169F98" nameInArchiveHash="0xB8A0BF169F98">0x0</containerEntry>
        </property>
        <property name="transforms" type="Matrix4" container="DynamicArray" arraySize="11">
          <containerEntry r11="-0.5385561" r12="0" r13="0.842591" r14="0" r21="0" r22="1" r23="0" r24="0" r31="-0.842591" r32="0" r33="-0.5385561" r34="0" r41="871.3378" r42="324.18073" r43="1541.0099" r44="1"></containerEntry>
          <containerEntry r11="-0.95942783" r12="0" r13="0.28195387" r14="0" r21="0" r22="1" r23="0" r24="0" r31="-0.28195387" r32="0" r33="-0.95942783" r34="0" r41="858.66815" r42="324.43723" r43="1556.6344" r44="1"></containerEntry>
          <containerEntry r11="-0.5941266" r12="0" r13="0.8043716" r14="0" r21="0" r22="1" r23="0" r24="0" r31="-0.8043716" r32="0" r33="-0.5941266" r34="0" r41="866.284" r42="324.01318" r43="1552.2104" r44="1"></containerEntry>
          <containerEntry r11="-0.99530685" r12="0" r13="0.09675428" r14="0" r21="0" r22="1" r23="0" r24="0" r31="-0.09675428" r32="0" r33="-0.99530685" r34="0" r41="839.4115" r42="323.9098" r43="1560.8447" r44="1"></containerEntry>
          <containerEntry r11="-0.86957085" r12="0" r13="0.49380538" r14="0" r21="0" r22="1" r23="0" r24="0" r31="-0.49380538" r32="0" r33="-0.86957085" r34="0" r41="828.41187" r42="324.10522" r43="1565.5834" r44="1"></containerEntry>
          <containerEntry r11="0.6508301" r12="-0.17685467" r13="0.7383373" r14="0" r21="0.24003181" r22="0.9705402" r23="0.020891152" r24="0" r31="-0.72028065" r32="0.16362801" r33="0.67410755" r34="0" r41="847.566" r42="336.2505" r43="1650.4236" r44="1"></containerEntry>
          <containerEntry r11="0.848039" r12="-0.09684235" r13="0.52100974" r14="0" r21="0.16353133" r22="0.9830013" r23="-0.0834624" r24="0" r31="-0.5040706" r32="0.15598086" r33="0.8494601" r34="0" r41="857.1196" r42="333.93555" r43="1656.7126" r44="1"></containerEntry>
          <containerEntry r11="0.4163447" r12="-0.068002336" r13="0.90665936" r14="0" r21="0.1472551" r22="0.98907673" r23="0.006563373" r24="0" r31="-0.897202" r32="0.13077778" r33="0.42181057" r34="0" r41="840.6978" r42="337.21448" r43="1643.5497" r44="1"></containerEntry>
          <containerEntry r11="0.39029884" r12="-0.05904714" r13="0.91879255" r14="0" r21="0.06847916" r22="0.9970389" r23="0.034986094" r24="0" r31="-0.9181377" r32="0.049263142" r33="0.39318663" r34="0" r41="837.0257" r42="337.96164" r43="1636.2053" r44="1"></containerEntry>
          <containerEntry r11="0.35059133" r12="0.12335021" r13="0.928369" r14="0" r21="0.06315298" r22="0.9859181" r23="-0.15484563" r24="0" r31="-0.9343961" r32="0.11291676" r33="0.3378644" r34="0" r41="831.26526" r42="337.15567" r43="1625.7039" r44="1"></containerEntry>
          <containerEntry r11="0.68596333" r12="-0.041903626" r13="0.726427" r14="0" r21="0.013886795" r22="0.9989125" r23="0.044508427" r24="0" r31="-0.72750205" r32="-0.02044332" r33="0.68579924" r34="0" r41="774.31024" r42="335.74606" r43="1657.0568" r44="1"></containerEntry>
        </property>
        <property name="colors" type="UInt32" container="DynamicArray" arraySize="11">
          <containerEntry>4294967295</containerEntry>
          <containerEntry>4294967295</containerEntry>
          <containerEntry>4294967295</containerEntry>
          <containerEntry>4294967295</containerEntry>
          <containerEntry>4294967295</containerEntry>
          <containerEntry>4294967295</containerEntry>
          <containerEntry>4294967295</containerEntry>
          <containerEntry>4294967295</containerEntry>
          <containerEntry>4294967295</containerEntry>
          <containerEntry>4294967295</containerEntry>
          <containerEntry>4294967295</containerEntry>
        </property>
      </staticProperties>
      <dynamicProperties></dynamicProperties>
    </entity>
    <entity class="StaticModelArray" classVersion="4" classID="0xD0" addr="0x2D7D910" id="0x0">
      <staticProperties>
        <property name="name" type="String" container="StaticArray" arraySize="1">
          <containerEntry>StaticModelArray0006</containerEntry>
        </property>
        <property name="dataSet" type="EntityHandle" container="StaticArray" arraySize="1">
          <containerEntry>0x2F52FC0</containerEntry>
        </property>
        <property name="modelFile" type="FilePtr" container="StaticArray" arraySize="1">
          <containerEntry>/Assets/tpp/environ/object/afghanistan/cliff/afgh_clff013/scenes/afgh_clff013.fmdl</containerEntry>
        </property>
        <property name="geomFile" type="FilePtr" container="StaticArray" arraySize="1">
          <containerEntry>/Assets/tpp/environ/object/afghanistan/cliff/afgh_clff013/scenes/afgh_clff013.geom</containerEntry>
        </property>
        <property name="isVisibleGeom" type="Bool" container="StaticArray" arraySize="1">
          <containerEntry>false</containerEntry>
        </property>
        <property name="lodFarSize" type="Float" container="StaticArray" arraySize="1">
          <containerEntry>-1</containerEntry>
        </property>
        <property name="lodNearSize" type="Float" container="StaticArray" arraySize="1">
          <containerEntry>-1</containerEntry>
        </property>
        <property name="lodPolygonSize" type="Float" container="StaticArray" arraySize="1">
          <containerEntry>-1</containerEntry>
        </property>
        <property name="drawRejectionLevel" type="Int32" container="StaticArray" arraySize="1">
          <containerEntry>8</containerEntry>
        </property>
        <property name="drawMode" type="Int32" container="StaticArray" arraySize="1">
          <containerEntry>0</containerEntry>
        </property>
        <property name="rejectFarRangeShadowCast" type="Int32" container="StaticArray" arraySize="1">
          <containerEntry>2</containerEntry>
        </property>
        <property name="parentLocator" type="EntityLink" container="StaticArray" arraySize="1">
          <containerEntry packagePathHash="0xB8A0BF169F98" archivePathHash="0xB8A0BF169F98" nameInArchiveHash="0xB8A0BF169F98">0x0</containerEntry>
        </property>
        <property name="transforms" type="Matrix4" container="DynamicArray" arraySize="2">
          <containerEntry r11="-0.91947645" r12="-0.036529984" r13="0.3914478" r14="0" r21="-0.05510911" r22="0.9978192" r23="-0.036329612" r24="0" r31="-0.389267" r32="-0.054976493" r33="-0.91948444" r34="0" r41="868.8124" r42="331.83472" r43="1590.1124" r44="1"></containerEntry>
          <containerEntry r11="-0.5845707" r12="-0.0027454682" r13="0.8113379" r14="0" r21="-0.055109598" r22="0.9978192" r23="-0.036330104" r24="0" r31="-0.8094687" r32="-0.06595003" r33="-0.58344716" r34="0" r41="850.94" r42="331.0133" r43="1601.7114" r44="1"></containerEntry>
        </property>
        <property name="colors" type="UInt32" container="DynamicArray" arraySize="2">
          <containerEntry>4294967295</containerEntry>
          <containerEntry>4294967295</containerEntry>
        </property>
      </staticProperties>
      <dynamicProperties></dynamicProperties>
    </entity>
    <entity class="StaticModelArray" classVersion="4" classID="0xD0" addr="0x2D7E320" id="0x0">
      <staticProperties>
        <property name="name" type="String" container="StaticArray" arraySize="1">
          <containerEntry>StaticModelArray0007</containerEntry>
        </property>
        <property name="dataSet" type="EntityHandle" container="StaticArray" arraySize="1">
          <containerEntry>0x2F52FC0</containerEntry>
