<fox formatVersion="2" fileVersion="0">
  <entities>
    <entity class="DataSet" classVersion="0" classID="0xE8" addr="0x32EB220" id="0x9906F">
      <staticProperties>
        <property name="name" type="String" container="StaticArray" arraySize="1">
          <containerEntry hash="0xB8A0BF169F98"></containerEntry>
        </property>
        <property name="dataSet" type="EntityHandle" container="StaticArray" arraySize="1">
          <containerEntry>0x0</containerEntry>
        </property>
        <property name="dataList" type="EntityPtr" container="StringMap" arraySize="5">
          <containerEntry key="afgh_grnd003_0042">
            <data>0x32EB1B0</data>
          </containerEntry>
          <containerEntry key="afgh_tree012_vrtn001_br_gim_i0000|TppSharedGimmick_afgh_tree012_vrtn001_br">
            <data>0x3176360</data>
          </containerEntry>
          <containerEntry key="StaticModelArray0000">
            <data>0x317A6C0</data>
          </containerEntry>
          <containerEntry key="StaticModelArray0001">
            <data>0x317A730</data>
          </containerEntry>
          <containerEntry key="TexturePackLoadConditioner0000">
            <data>0x317ADC0</data>
          </containerEntry>
        </property>
      </staticProperties>
      <dynamicProperties></dynamicProperties>
    </entity>
    <entity class="StaticModel" classVersion="9" classID="0x160" addr="0x32EB1B0" id="0x99071">
      <staticProperties>
        <property name="name" type="String" container="StaticArray" arraySize="1">
          <containerEntry>afgh_grnd003_0042</containerEntry>
        </property>
        <property name="dataSet" type="EntityHandle" container="StaticArray" arraySize="1">
          <containerEntry>0x32EB220</containerEntry>
        </property>
        <property name="parent" type="EntityHandle" container="StaticArray" arraySize="1">
          <containerEntry>0x0</containerEntry>
        </property>
        <property name="transform" type="EntityPtr" container="StaticArray" arraySize="1">
          <containerEntry>0x32EB140</containerEntry>
        </property>
        <property name="shearTransform" type="EntityPtr" container="StaticArray" arraySize="1">
          <containerEntry>0x0</containerEntry>
        </property>
        <property name="pivotTransform" type="EntityPtr" container="StaticArray" arraySize="1">
          <containerEntry>0x0</containerEntry>
        </property>
        <property name="children" type="EntityHandle" container="List"></property>
        <property name="flags" type="UInt32" container="StaticArray" arraySize="1">
          <containerEntry>3221225479</containerEntry>
        </property>
        <property name="modelFile" type="FilePtr" container="StaticArray" arraySize="1">
          <containerEntry>/Assets/tpp/environ/object/afghanistan/ground/afgh_grnd003/scenes/afgh_grnd003.fmdl</containerEntry>
        </property>
        <property name="geomFile" type="FilePtr" container="StaticArray" arraySize="1">
          <containerEntry>/Assets/tpp/environ/object/afghanistan/ground/afgh_grnd003/scenes/afgh_grnd003.geom</containerEntry>
        </property>
        <property name="isVisibleGeom" type="Bool" container="StaticArray" arraySize="1">
          <containerEntry>false</containerEntry>
        </property>
        <property name="isIsolated" type="Bool" container="StaticArray" arraySize="1">
          <containerEntry>false</containerEntry>
        </property>
        <property name="lodFarSize" type="Float" container="StaticArray" arraySize="1">
          <containerEntry>-1</containerEntry>
        </property>
        <property name="lodNearSize" type="Float" container="StaticArray" arraySize="1">
          <containerEntry>-1</containerEntry>
        </property>
        <property name="lodPolygonSize" type="Float" container="StaticArray" arraySize="1">
          <containerEntry>-1</containerEntry>
        </property>
        <property name="color" type="Color" container="StaticArray" arraySize="1">
          <containerEntry r="1" g="1" b="1" a="1"></containerEntry>
        </property>
        <property name="drawRejectionLevel" type="Int32" container="StaticArray" arraySize="1">
          <containerEntry>8</containerEntry>
        </property>
        <property name="drawMode" type="Int32" container="StaticArray" arraySize="1">
          <containerEntry>0</containerEntry>
        </property>
        <property name="rejectFarRangeShadowCast" type="Int32" container="StaticArray" arraySize="1">
          <containerEntry>2</containerEntry>
        </property>
      </staticProperties>
      <dynamicProperties></dynamicProperties>
    </entity>
    <entity class="TransformEntity" classVersion="0" classID="0x50" addr="0x32EB140" id="0x99074">
      <staticProperties>
        <property name="owner" type="EntityHandle" container="StaticArray" arraySize="1">
          <containerEntry>0x32EB1B0</containerEntry>
        </property>
        <property name="transform_scale" type="Vector3" container="StaticArray" arraySize="1">
          <containerEntry x="1" y="1" z="1" w="0"></containerEntry>
        </property>
        <property name="transform_rotation_quat" type="Quat" container="StaticArray" arraySize="1">
          <containerEntry x="0.007913" y="-0.294076" z="-0.0022" w="0.955746"></containerEntry>
        </property>
        <property name="transform_translation" type="Vector3" container="StaticArray" arraySize="1">
          <containerEntry x="222.85686" y="274.0379" z="2169.0405" w="0"></containerEntry>
        </property>
      </staticProperties>
      <dynamicProperties></dynamicProperties>
    </entity>
    <entity class="TppSharedGimmickData" classVersion="1" classID="0xF0" addr="0x3176360" id="0x1432C5">
      <staticProperties>
        <property name="name" type="String" container="StaticArray" arraySize="1">
          <containerEntry>afgh_tree012_vrtn001_br_gim_i0000|TppSharedGimmick_afgh_tree012_vrtn001_br</containerEntry>
        </property>
        <property name="dataSet" type="EntityHandle" container="StaticArray" arraySize="1">
          <containerEntry>0x32EB220</containerEntry>
        </property>
        <property name="modelFile" type="FilePtr" container="StaticArray" arraySize="1">
          <containerEntry>/Assets/tpp/environ/object/afghanistan/tree/afgh_tree012/scenes/afgh_tree012_vrtn001_br.fmdl</containerEntry>
        </property>
        <property name="geomFile" type="FilePtr" container="StaticArray" arraySize="1">
          <containerEntry>/Assets/tpp/environ/object/afghanistan/tree/afgh_tree012/scenes/afgh_tree012_vrtn001_br.geom</containerEntry>
        </property>
        <property name="breakedModelFile" type="FilePtr" container="StaticArray" arraySize="1">
          <containerEntry hash="0xB8A0BF169F98"></containerEntry>
        </property>
        <property name="breakedGeomFile" type="FilePtr" container="StaticArray" arraySize="1">
          <containerEntry hash="0xB8A0BF169F98"></containerEntry>
        </property>
        <property name="partsFile" type="FilePtr" container="StaticArray" arraySize="1">
          <containerEntry>/Assets/tpp/parts/environ/object/afghanistan/tree/afgh_tree012/afgh_tree012_vrtn001_br.parts</containerEntry>
        </property>
        <property name="numDynamicGimmick" type="UInt32" container="StaticArray" arraySize="1">
          <containerEntry>2</containerEntry>
        </property>
        <property name="locaterFile" type="FilePtr" container="StaticArray" arraySize="1">
          <containerEntry>/Assets/tpp/level/location/afgh/block_small/134/134_149/lba/afgh_tree012_vrtn001_br.lba</containerEntry>
        </property>
        <property name="flags1" type="UInt32" container="StaticArray" arraySize="1">
          <containerEntry>270</containerEntry>
        </property>
        <property name="flags2" type="UInt32" container="StaticArray" arraySize="1">
          <containerEntry>0</containerEntry>
        </property>
      </staticProperties>
      <dynamicProperties></dynamicProperties>
    </entity>
    <entity class="StaticModelArray" classVersion="4" classID="0xD0" addr="0x317A6C0" id="0x0">
      <staticProperties>
        <property name="name" type="String" container="StaticArray" arraySize="1">
          <containerEntry>StaticModelArray0000</containerEntry>
        </property>
        <property name="dataSet" type="EntityHandle" container="StaticArray" arraySize="1">
          <containerEntry>0x32EB220</containerEntry>
        </property>
        <property name="modelFile" type="FilePtr" container="StaticArray" arraySize="1">
          <containerEntry hash="0xB8A0BF169F98"></containerEntry>
        </property>
        <property name="geomFile" type="FilePtr" container="StaticArray" arraySize="1">
          <containerEntry>/Assets/tpp/environ/object/afghanistan/tree/afgh_tree012/scenes/afgh_tree012_vrtn001_br_pc.geom</containerEntry>
        </property>
        <property name="isVisibleGeom" type="Bool" container="StaticArray" arraySize="1">
          <containerEntry>false</containerEntry>
        </property>
        <property name="lodFarSize" type="Float" container="StaticArray" arraySize="1">
          <containerEntry>-1</containerEntry>
        </property>
        <property name="lodNearSize" type="Float" container="StaticArray" arraySize="1">
          <containerEntry>-1</containerEntry>
        </property>
        <property name="lodPolygonSize" type="Float" container="StaticArray" arraySize="1">
          <containerEntry>-1</containerEntry>
        </property>
        <property name="drawRejectionLevel" type="Int32" container="StaticArray" arraySize="1">
          <containerEntry>8</containerEntry>
        </property>
        <property name="drawMode" type="Int32" container="StaticArray" arraySize="1">
          <containerEntry>0</containerEntry>
        </property>
        <property name="rejectFarRangeShadowCast" type="Int32" container="StaticArray" arraySize="1">
          <containerEntry>2</containerEntry>
        </property>
        <property name="parentLocator" type="EntityLink" container="StaticArray" arraySize="1">
          <containerEntry packagePathHash="0xB8A0BF169F98" archivePathHash="0xB8A0BF169F98" nameInArchiveHash="0xB8A0BF169F98">0x0</containerEntry>
        </property>
        <property name="transforms" type="Matrix4" container="DynamicArray" arraySize="8">
          <containerEntry r11="1" r12="0" r13="0" r14="0" r21="0" r22="0.99940693" r23="0.034434903" r24="0" r31="0" r32="-0.034434903" r33="0.99940693" r34="0" r41="250.41528" r42="273.8904" r43="2170.9856" r44="1"></containerEntry>
          <containerEntry r11="0.99990594" r12="-0.013695015" r13="-0.0007525832" r14="0" r21="0.013695015" r22="0.99388474" r23="0.1095701" r24="0" r31="-0.0007525832" r32="-0.1095701" r33="0.9939788" r34="0" r41="233.35251" r42="275.5546" r43="2088.6482" r44="1"></containerEntry>
          <containerEntry r11="-0.09679754" r12="0.110384166" r13="-0.9891641" r14="0" r21="0.013695616" r22="0.9938847" r23="0.10957073" r24="0" r31="0.99520993" r32="-0.002941046" r33="-0.097717345" r34="0" r41="214.17679" r42="276.96823" r43="2083.1782" r44="1"></containerEntry>
          <containerEntry r11="-0.24372043" r12="0.03182757" r13="0.96932316" r14="0" r21="0.075565554" r22="0.9970462" r23="-0.013738137" r24="0" r31="-0.96689725" r32="0.06989917" r33="-0.24540561" r34="0" r41="235.83005" r42="273.78638" r43="2125.9392" r44="1"></containerEntry>
          <containerEntry r11="0.5320598" r12="-0.05606035" r13="-0.8448491" r14="0" r21="0.006884219" r22="0.99805915" r23="-0.061891235" r24="0" r31="0.8466791" r32="0.02711373" r33="0.5314131" r34="0" r41="243.93634" r42="274.01068" r43="2137.7234" r44="1"></containerEntry>
          <containerEntry r11="-0.23598826" r12="-0.10327226" r13="0.9662528" r14="0" r21="0.013694268" r22="0.99388474" r23="0.10957009" r24="0" r31="-0.9716594" r32="0.039089374" r33="-0.23313087" r34="0" r41="229.41286" r42="276.16327" r43="2072.3184" r44="1"></containerEntry>
          <containerEntry r11="-0.97721446" r12="0.071309045" r13="-0.19990131" r14="0" r21="0.07556657" r22="0.9970461" r23="-0.013738917" r24="0" r31="0.19833112" r32="-0.028531749" r33="-0.9797164" r34="0" r41="249.50192" r42="273.0117" r43="2125.6362" r44="1"></containerEntry>
          <containerEntry r11="-0.24372043" r12="0.03182757" r13="0.96932316" r14="0" r21="0.075565554" r22="0.9970462" r23="-0.013738137" r24="0" r31="-0.96689725" r32="0.06989917" r33="-0.24540561" r34="0" r41="232.24261" r42="274.27307" r43="2172.5806" r44="1"></containerEntry>
        </property>
        <property name="colors" type="UInt32" container="DynamicArray" arraySize="8">
          <containerEntry>4294967295</containerEntry>
          <containerEntry>4294967295</containerEntry>
          <containerEntry>4294967295</containerEntry>
          <containerEntry>4294967295</containerEntry>
          <containerEntry>4294967295</containerEntry>
          <containerEntry>4294967295</containerEntry>
          <containerEntry>4294967295</containerEntry>
          <containerEntry>4294967295</containerEntry>
        </property>
      </staticProperties>
      <dynamicProperties></dynamicProperties>
    </entity>
    <entity class="StaticModelArray" classVersion="4" classID="0xD0" addr="0x317A730" id="0x0">
      <staticProperties>
        <property name="name" type="String" container="StaticArray" arraySize="1">
          <containerEntry>StaticModelArray0001</containerEntry>
        </property>
        <property name="dataSet" type="EntityHandle" container="StaticArray" arraySize="1">
          <containerEntry>0x32EB220</containerEntry>
        </property>
        <property name="modelFile" type="FilePtr" container="StaticArray" arraySize="1">
          <containerEntry>/Assets/tpp/environ/object/afghanistan/tree/afgh_tree012/scenes/afgh_tree012_ropl001.fmdl</containerEntry>
        </property>
        <property name="geomFile" type="FilePtr" container="StaticArray" arraySize="1">
          <containerEntry hash="0xB8A0BF169F98"></containerEntry>
        </property>
        <property name="isVisibleGeom" type="Bool" container="StaticArray" arraySize="1">
          <containerEntry>false</containerEntry>
        </property>
        <property name="lodFarSize" type="Float" container="StaticArray" arraySize="1">
          <containerEntry>-1</containerEntry>
        </property>
        <property name="lodNearSize" type="Float" container="StaticArray" arraySize="1">
          <containerEntry>-1</containerEntry>
        </property>
        <property name="lodPolygonSize" type="Float" container="StaticArray" arraySize="1">
          <containerEntry>-1</containerEntry>
        </property>
        <property name="drawRejectionLevel" type="Int32" container="StaticArray" arraySize="1">
          <containerEntry>8</containerEntry>
        </property>
        <property name="drawMode" type="Int32" container="StaticArray" arraySize="1">
          <containerEntry>0</containerEntry>
        </property>
        <property name="rejectFarRangeShadowCast" type="Int32" container="StaticArray" arraySize="1">
          <containerEntry>2</containerEntry>
        </property>
        <property name="parentLocator" type="EntityLink" container="StaticArray" arraySize="1">
          <containerEntry packagePathHash="0xB8A0BF169F98" archivePathHash="0xB8A0BF169F98" nameInArchiveHash="0xB8A0BF169F98">0x0</containerEntry>
        </property>
        <property name="transforms" type="Matrix4" container="DynamicArray" arraySize="8">
          <containerEntry r11="1" r12="0" r13="0" r14="0" r21="0" r22="0.99940693" r23="0.034434903" r24="0" r31="0" r32="-0.034434903" r33="0.99940693" r34="0" r41="250.41528" r42="273.8904" r43="2170.9856" r44="1"></containerEntry>
          <containerEntry r11="0.99990594" r12="-0.013695015" r13="-0.0007525832" r14="0" r21="0.013695015" r22="0.99388474" r23="0.1095701" r24="0" r31="-0.0007525832" r32="-0.1095701" r33="0.9939788" r34="0" r41="233.35251" r42="275.5546" r43="2088.6482" r44="1"></containerEntry>
          <containerEntry r11="-0.09679754" r12="0.110384166" r13="-0.9891641" r14="0" r21="0.013695616" r22="0.9938847" r23="0.10957073" r24="0" r31="0.99520993" r32="-0.002941046" r33="-0.097717345" r34="0" r41="214.17679" r42="276.96823" r43="2083.1782" r44="1"></containerEntry>
          <containerEntry r11="-0.24372043" r12="0.03182757" r13="0.96932316" r14="0" r21="0.075565554" r22="0.9970462" r23="-0.013738137" r24="0" r31="-0.96689725" r32="0.06989917" r33="-0.24540561" r34="0" r41="235.83005" r42="273.78638" r43="2125.9392" r44="1"></containerEntry>
          <containerEntry r11="0.5320598" r12="-0.05606035" r13="-0.8448491" r14="0" r21="0.006884219" r22="0.99805915" r23="-0.061891235" r24="0" r31="0.8466791" r32="0.02711373" r33="0.5314131" r34="0" r41="243.93634" r42="274.01068" r43="2137.7234" r44="1"></containerEntry>
          <containerEntry r11="-0.23598826" r12="-0.10327226" r13="0.9662528" r14="0" r21="0.013694268" r22="0.99388474" r23="0.10957009" r24="0" r31="-0.9716594" r32="0.039089374" r33="-0.23313087" r34="0" r41="229.41286" r42="276.16327" r43="2072.3184" r44="1"></containerEntry>
          <containerEntry r11="-0.97721446" r12="0.071309045" r13="-0.19990131" r14="0" r21="0.07556657" r22="0.9970461" r23="-0.013738917" r24="0" r31="0.19833112" r32="-0.028531749" r33="-0.9797164" r34="0" r41="249.50192" r42="273.0117" r43="2125.6362" r44="1"></containerEntry>
          <containerEntry r11="-0.24372043" r12="0.03182757" r13="0.96932316" r14="0" r21="0.075565554" r22="0.9970462" r23="-0.013738137" r24="0" r31="-0.96689725" r32="0.06989917" r33="-0.24540561" r34="0" r41="232.24261" r42="274.27307" r43="2172.5806" r44="1"></containerEntry>
        </property>
        <property name="colors" type="UInt32" container="DynamicArray" arraySize="8">
          <containerEntry>4294967295</containerEntry>
          <containerEntry>4294967295</containerEntry>
          <containerEntry>4294967295</containerEntry>
          <containerEntry>4294967295</containerEntry>
          <containerEntry>4294967295</containerEntry>
          <containerEntry>4294967295</containerEntry>
          <containerEntry>4294967295</containerEntry>
          <containerEntry>4294967295</containerEntry>
        </property>
      </staticProperties>
      <dynamicProperties></dynamicProperties>
    </entity>
    <entity class="TexturePackLoadConditioner" classVersion="0" classID="0x48" addr="0x317ADC0" id="0x0">
      <staticProperties>
        <property name="name" type="String" container="StaticArray" arraySize="1">
          <containerEntry>TexturePackLoadConditioner0000</containerEntry>
        </property>
        <property name="dataSet" type="EntityHandle" container="StaticArray" arraySize="1">
          <containerEntry>0x32EB220</containerEntry>
        </property>
        <property name="texturePackPath" type="Path" container="StaticArray" arraySize="1">
          <containerEntry hash="0xB8A0BF169F98"></containerEntry>
        </property>
      </staticProperties>
      <dynamicProperties></dynamicProperties>
    </entity>
  </entities>
</fox>