<fox formatVersion="2" fileVersion="0">
  <entities>
    <entity class="DataSet" classVersion="0" classID="0xE8" addr="0x32E2B60" id="0xF0C7">
      <staticProperties>
        <property name="name" type="String" container="StaticArray" arraySize="1">
          <containerEntry hash="0xB8A0BF169F98"></containerEntry>
        </property>
        <property name="dataSet" type="EntityHandle" container="StaticArray" arraySize="1">
          <containerEntry>0x0</containerEntry>
        </property>
        <property name="dataList" type="EntityPtr" container="StringMap" arraySize="8">
          <containerEntry key="afgh_clff027_vrtn006_0002">
            <data>0x3177C50</data>
          </containerEntry>
          <containerEntry key="afgh_clff027_vrtn003_0002">
            <data>0x3177FD0</data>
          </containerEntry>
          <containerEntry key="StaticModelArray0000">
            <data>0x317CFE0</data>
          </containerEntry>
          <containerEntry key="StaticModelArray0001">
            <data>0x317D050</data>
          </containerEntry>
          <containerEntry key="StaticModelArray0002">
            <data>0x317C950</data>
          </containerEntry>
          <containerEntry key="StaticModelArray0003">
            <data>0x317A180</data>
          </containerEntry>
          <containerEntry key="StaticModelArray0004">
            <data>0x317CA30</data>
          </containerEntry>
          <containerEntry key="TexturePackLoadConditioner0000">
            <data>0x317D280</data>
          </containerEntry>
        </property>
      </staticProperties>
      <dynamicProperties></dynamicProperties>
    </entity>
    <entity class="StaticModel" classVersion="9" classID="0x160" addr="0x3177C50" id="0xF23B">
      <staticProperties>
        <property name="name" type="String" container="StaticArray" arraySize="1">
          <containerEntry>afgh_clff027_vrtn006_0002</containerEntry>
        </property>
        <property name="dataSet" type="EntityHandle" container="StaticArray" arraySize="1">
          <containerEntry>0x32E2B60</containerEntry>
        </property>
        <property name="parent" type="EntityHandle" container="StaticArray" arraySize="1">
          <containerEntry>0x0</containerEntry>
        </property>
        <property name="transform" type="EntityPtr" container="StaticArray" arraySize="1">
          <containerEntry>0x3177CC0</containerEntry>
        </property>
        <property name="shearTransform" type="EntityPtr" container="StaticArray" arraySize="1">
          <containerEntry>0x0</containerEntry>
        </property>
        <property name="pivotTransform" type="EntityPtr" container="StaticArray" arraySize="1">
          <containerEntry>0x0</containerEntry>
        </property>
        <property name="children" type="EntityHandle" container="List"></property>
        <property name="flags" type="UInt32" container="StaticArray" arraySize="1">
          <containerEntry>7</containerEntry>
        </property>
        <property name="modelFile" type="FilePtr" container="StaticArray" arraySize="1">
          <containerEntry>/Assets/tpp/environ/object/afghanistan/cliff/afgh_clff027/scenes/afgh_clff027_vrtn006.fmdl</containerEntry>
        </property>
        <property name="geomFile" type="FilePtr" container="StaticArray" arraySize="1">
          <containerEntry>/Assets/tpp/environ/object/afghanistan/cliff/afgh_clff027/scenes/afgh_clff027_vrtn006.geom</containerEntry>
        </property>
        <property name="isVisibleGeom" type="Bool" container="StaticArray" arraySize="1">
          <containerEntry>false</containerEntry>
        </property>
        <property name="isIsolated" type="Bool" container="StaticArray" arraySize="1">
          <containerEntry>false</containerEntry>
        </property>
        <property name="lodFarSize" type="Float" container="StaticArray" arraySize="1">
          <containerEntry>-1</containerEntry>
        </property>
        <property name="lodNearSize" type="Float" container="StaticArray" arraySize="1">
          <containerEntry>-1</containerEntry>
        </property>
        <property name="lodPolygonSize" type="Float" container="StaticArray" arraySize="1">
          <containerEntry>-1</containerEntry>
        </property>
        <property name="color" type="Color" container="StaticArray" arraySize="1">
          <containerEntry r="1" g="1" b="1" a="1"></containerEntry>
        </property>
        <property name="drawRejectionLevel" type="Int32" container="StaticArray" arraySize="1">
          <containerEntry>8</containerEntry>
        </property>
        <property name="drawMode" type="Int32" container="StaticArray" arraySize="1">
          <containerEntry>0</containerEntry>
        </property>
        <property name="rejectFarRangeShadowCast" type="Int32" container="StaticArray" arraySize="1">
          <containerEntry>2</containerEntry>
        </property>
      </staticProperties>
      <dynamicProperties></dynamicProperties>
    </entity>
    <entity class="TransformEntity" classVersion="0" classID="0x50" addr="0x3177CC0" id="0xF23E">
      <staticProperties>
        <property name="owner" type="EntityHandle" container="StaticArray" arraySize="1">
          <containerEntry>0x3177C50</containerEntry>
        </property>
        <property name="transform_scale" type="Vector3" container="StaticArray" arraySize="1">
          <containerEntry x="1.25" y="1.25" z="1.25" w="0"></containerEntry>
        </property>
        <property name="transform_rotation_quat" type="Quat" container="StaticArray" arraySize="1">
          <containerEntry x="-0.017073" y="0.97884" z="0.014221" w="0.203408"></containerEntry>
        </property>
        <property name="transform_translation" type="Vector3" container="StaticArray" arraySize="1">
          <containerEntry x="-119.57098" y="314.806" z="2161.5085" w="0"></containerEntry>
        </property>
      </staticProperties>
      <dynamicProperties></dynamicProperties>
    </entity>
    <entity class="StaticModel" classVersion="9" classID="0x160" addr="0x3177FD0" id="0xF24D">
      <staticProperties>
        <property name="name" type="String" container="StaticArray" arraySize="1">
          <containerEntry>afgh_clff027_vrtn003_0002</containerEntry>
        </property>
        <property name="dataSet" type="EntityHandle" container="StaticArray" arraySize="1">
          <containerEntry>0x32E2B60</containerEntry>
        </property>
        <property name="parent" type="EntityHandle" container="StaticArray" arraySize="1">
          <containerEntry>0x0</containerEntry>
        </property>
        <property name="transform" type="EntityPtr" container="StaticArray" arraySize="1">
          <containerEntry>0x3178040</containerEntry>
        </property>
        <property name="shearTransform" type="EntityPtr" container="StaticArray" arraySize="1">
          <containerEntry>0x0</containerEntry>
        </property>
        <property name="pivotTransform" type="EntityPtr" container="StaticArray" arraySize="1">
          <containerEntry>0x0</containerEntry>
        </property>
        <property name="children" type="EntityHandle" container="List"></property>
        <property name="flags" type="UInt32" container="StaticArray" arraySize="1">
          <containerEntry>7</containerEntry>
        </property>
        <property name="modelFile" type="FilePtr" container="StaticArray" arraySize="1">
          <containerEntry>/Assets/tpp/environ/object/afghanistan/cliff/afgh_clff027/scenes/afgh_clff027_vrtn003.fmdl</containerEntry>
        </property>
        <property name="geomFile" type="FilePtr" container="StaticArray" arraySize="1">
          <containerEntry>/Assets/tpp/environ/object/afghanistan/cliff/afgh_clff027/scenes/afgh_clff027_vrtn003.geom</containerEntry>
        </property>
        <property name="isVisibleGeom" type="Bool" container="StaticArray" arraySize="1">
          <containerEntry>false</containerEntry>
        </property>
        <property name="isIsolated" type="Bool" container="StaticArray" arraySize="1">
          <containerEntry>false</containerEntry>
        </property>
        <property name="lodFarSize" type="Float" container="StaticArray" arraySize="1">
          <containerEntry>-1</containerEntry>
        </property>
        <property name="lodNearSize" type="Float" container="StaticArray" arraySize="1">
          <containerEntry>-1</containerEntry>
        </property>
        <property name="lodPolygonSize" type="Float" container="StaticArray" arraySize="1">
          <containerEntry>-1</containerEntry>
        </property>
        <property name="color" type="Color" container="StaticArray" arraySize="1">
          <containerEntry r="1" g="1" b="1" a="1"></containerEntry>
        </property>
        <property name="drawRejectionLevel" type="Int32" container="StaticArray" arraySize="1">
          <containerEntry>8</containerEntry>
        </property>
        <property name="drawMode" type="Int32" container="StaticArray" arraySize="1">
          <containerEntry>0</containerEntry>
        </property>
        <property name="rejectFarRangeShadowCast" type="Int32" container="StaticArray" arraySize="1">
          <containerEntry>2</containerEntry>
        </property>
      </staticProperties>
      <dynamicProperties></dynamicProperties>
    </entity>
    <entity class="TransformEntity" classVersion="0" classID="0x50" addr="0x3178040" id="0xF250">
      <staticProperties>
        <property name="owner" type="EntityHandle" container="StaticArray" arraySize="1">
          <containerEntry>0x3177FD0</containerEntry>
        </property>
        <property name="transform_scale" type="Vector3" container="StaticArray" arraySize="1">
          <containerEntry x="1" y="1" z="1" w="0"></containerEntry>
        </property>
        <property name="transform_rotation_quat" type="Quat" container="StaticArray" arraySize="1">
          <containerEntry x="0" y="0.977909" z="0" w="0.20903"></containerEntry>
        </property>
        <property name="transform_translation" type="Vector3" container="StaticArray" arraySize="1">
          <containerEntry x="-44.82106" y="291.42203" z="2135.5066" w="0"></containerEntry>
        </property>
      </staticProperties>
      <dynamicProperties></dynamicProperties>
    </entity>
    <entity class="StaticModelArray" classVersion="4" classID="0xD0" addr="0x317CFE0" id="0x0">
      <staticProperties>
        <property name="name" type="String" container="StaticArray" arraySize="1">
          <containerEntry>StaticModelArray0000</containerEntry>
        </property>
        <property name="dataSet" type="EntityHandle" container="StaticArray" arraySize="1">
          <containerEntry>0x32E2B60</containerEntry>
        </property>
        <property name="modelFile" type="FilePtr" container="StaticArray" arraySize="1">
          <containerEntry>/Assets/tpp/environ/object/afghanistan/cliff/afgh_clff027/scenes/afgh_clff027_vrtn007.fmdl</containerEntry>
        </property>
        <property name="geomFile" type="FilePtr" container="StaticArray" arraySize="1">
          <containerEntry>/Assets/tpp/environ/object/afghanistan/cliff/afgh_clff027/scenes/afgh_clff027_vrtn007.geom</containerEntry>
        </property>
        <property name="isVisibleGeom" type="Bool" container="StaticArray" arraySize="1">
          <containerEntry>false</containerEntry>
        </property>
        <property name="lodFarSize" type="Float" container="StaticArray" arraySize="1">
          <containerEntry>-1</containerEntry>
        </property>
        <property name="lodNearSize" type="Float" container="StaticArray" arraySize="1">
          <containerEntry>-1</containerEntry>
        </property>
        <property name="lodPolygonSize" type="Float" container="StaticArray" arraySize="1">
          <containerEntry>-1</containerEntry>
        </property>
        <property name="drawRejectionLevel" type="Int32" container="StaticArray" arraySize="1">
          <containerEntry>8</containerEntry>
        </property>
        <property name="drawMode" type="Int32" container="StaticArray" arraySize="1">
          <containerEntry>0</containerEntry>
        </property>
        <property name="rejectFarRangeShadowCast" type="Int32" container="StaticArray" arraySize="1">
          <containerEntry>2</containerEntry>
        </property>
        <property name="parentLocator" type="EntityLink" container="StaticArray" arraySize="1">
          <containerEntry packagePathHash="0xB8A0BF169F98" archivePathHash="0xB8A0BF169F98" nameInArchiveHash="0xB8A0BF169F98">0x0</containerEntry>
        </property>
        <property name="transforms" type="Matrix4" container="DynamicArray" arraySize="2">
          <containerEntry r11="-0.2062307" r12="0.05939292" r13="-0.9766956" r14="0" r21="0.10298567" r22="0.9939299" r23="0.03869487" r24="0" r31="0.9730651" r32="-0.09260574" r33="-0.21109545" r34="0" r41="-53.445194" r42="297.65927" r43="2157.9285" r44="1"></containerEntry>
          <containerEntry r11="-0.90022534" r12="0.015261386" r13="0.43514308" r14="0" r21="0.009001147" r22="0.9998243" r23="-0.016444169" r24="0" r31="-0.4353176" r32="-0.010886756" r33="-0.9002045" r34="0" r41="-27.506437" r42="292.38748" r43="2153.7405" r44="1"></containerEntry>
        </property>
        <property name="colors" type="UInt32" container="DynamicArray" arraySize="2">
          <containerEntry>4294967295</containerEntry>
          <containerEntry>4294967295</containerEntry>
        </property>
      </staticProperties>
      <dynamicProperties></dynamicProperties>
    </entity>
    <entity class="StaticModelArray" classVersion="4" classID="0xD0" addr="0x317D050" id="0x0">
      <staticProperties>
        <property name="name" type="String" container="StaticArray" arraySize="1">
          <containerEntry>StaticModelArray0001</containerEntry>
        </property>
        <property name="dataSet" type="EntityHandle" container="StaticArray" arraySize="1">
          <containerEntry>0x32E2B60</containerEntry>
        </property>
        <property name="modelFile" type="FilePtr" container="StaticArray" arraySize="1">
          <containerEntry>/Assets/tpp/environ/object/middle_africa/rock/mafr_rock010/scenes/mafr_rock010_vrtn001.fmdl</containerEntry>
        </property>
        <property name="geomFile" type="FilePtr" container="StaticArray" arraySize="1">
          <containerEntry>/Assets/tpp/environ/object/middle_africa/rock/mafr_rock010/scenes/mafr_rock010_vrtn001.geom</containerEntry>
        </property>
        <property name="isVisibleGeom" type="Bool" container="StaticArray" arraySize="1">
          <containerEntry>false</containerEntry>
        </property>
        <property name="lodFarSize" type="Float" container="StaticArray" arraySize="1">
          <containerEntry>-1</containerEntry>
        </property>
        <property name="lodNearSize" type="Float" container="StaticArray" arraySize="1">
          <containerEntry>-1</containerEntry>
        </property>
        <property name="lodPolygonSize" type="Float" container="StaticArray" arraySize="1">
          <containerEntry>-1</containerEntry>
        </property>
        <property name="drawRejectionLevel" type="Int32" container="StaticArray" arraySize="1">
          <containerEntry>8</containerEntry>
        </property>
        <property name="drawMode" type="Int32" container="StaticArray" arraySize="1">
          <containerEntry>0</containerEntry>
        </property>
        <property name="rejectFarRangeShadowCast" type="Int32" container="StaticArray" arraySize="1">
          <containerEntry>2</containerEntry>
        </property>
        <property name="parentLocator" type="EntityLink" container="StaticArray" arraySize="1">
          <containerEntry packagePathHash="0xB8A0BF169F98" archivePathHash="0xB8A0BF169F98" nameInArchiveHash="0xB8A0BF169F98">0x0</containerEntry>
        </property>
        <property name="transforms" type="Matrix4" container="DynamicArray" arraySize="13">
          <containerEntry r11="-0.9135105" r12="0.28590414" r13="0.2894012" r14="0" r21="0.29868576" r22="0.9543515" r23="7.1153045e-07" r24="0" r31="-0.27619025" r32="0.08644076" r33="-0.95720553" r34="0" r41="-4.95591" r42="279.1611" r43="2144.5603" r44="1"></containerEntry>
          <containerEntry r11="-0.90193427" r12="0.2822806" r13="-0.32684958" r14="0" r21="0.29868558" r22="0.95435154" r23="-2.5331974e-07" r24="0" r31="0.31192935" r32="-0.097625524" r33="-0.9450755" r34="0" r41="-10.945642" r42="277.57196" r43="2131.5344" r44="1"></containerEntry>
          <containerEntry r11="0.79050004" r12="0" r13="-0.61246157" r14="0" r21="0" r22="1" r23="0" r24="0" r31="0.61246157" r32="0" r33="0.79050004" r34="0" r41="-12.83069" r42="278.464" r43="2132.512" r44="1"></containerEntry>
          <containerEntry r11="-0.030997269" r12="-0.031703755" r13="0.9990163" r14="0" r21="-0.31301177" r22="0.94952965" r23="0.020421147" r24="0" r31="-0.94924307" r32="-0.31207094" r33="-0.03935647" r34="0" r41="-29.339146" r42="276.6454" r43="2114.8982" r44="1"></containerEntry>
          <containerEntry r11="1" r12="0" r13="0" r14="0" r21="0" r22="1" r23="0" r24="0" r31="0" r32="0" r33="1" r34="0" r41="-33.79904" r42="279.22824" r43="2115.3328" r44="1"></containerEntry>
          <containerEntry r11="-0.9673313" r12="0.031161018" r13="0.25158963" r14="0" r21="0.030838326" r22="0.9995107" r23="-0.005226236" r24="0" r31="-0.25162938" r32="0.0027030993" r33="-0.9678189" r34="0" r41="-38.950027" r42="279.0686" r43="2114.1636" r44="1"></containerEntry>
          <containerEntry r11="-0.91338986" r12="0.104530185" r13="0.39343503" r14="0" r21="0.035015557" r22="0.98306245" r23="-0.1798945" r24="0" r31="-0.4055756" r32="-0.15053758" r33="-0.9015795" r34="0" r41="-37.87721" r42="280.85907" r43="2132.643" r44="1"></containerEntry>
          <containerEntry r11="-0.8971699" r12="0.13422333" r13="0.42078978" r14="0" r21="0.08815721" r22="0.9879548" r23="-0.12717566" r24="0" r31="-0.43279123" r32="-0.07700285" r33="-0.898196" r34="0" r41="-117.06547" r42="285.3671" r43="2122.7231" r44="1"></containerEntry>
          <containerEntry r11="0.49960184" r12="-0.15430734" r13="-0.85239947" r14="0" r21="0.08815722" r22="0.9879547" r23="-0.12717625" r24="0" r31="0.8617563" r32="-0.011608012" r33="0.5071873" r34="0" r41="-119.22807" r42="285.80188" r43="2124.2312" r44="1"></containerEntry>
          <containerEntry r11="-0.5994671" r12="-0.15379152" r13="-0.78548044" r14="0" r21="-0.02468443" r22="0.9844522" r23="-0.17390943" r24="0" r31="0.8000137" r32="-0.084864475" r33="-0.5939429" r34="0" r41="-96.446815" r42="295.32483" r43="2158.5615" r44="1"></containerEntry>
          <containerEntry r11="0.2952661" r12="0.096017286" r13="0.9505761" r14="0" r21="0.0881578" r22="0.9879547" r23="-0.12717578" r24="0" r31="-0.95133716" r32="0.121351376" r33="0.28324485" r34="0" r41="-97.55199" r42="295.43912" r43="2155.9268" r44="1"></containerEntry>
          <containerEntry r11="-0.74246097" r12="0.24791363" r13="0.6223233" r14="0" r21="0.013097554" r22="0.93419343" r23="-0.35652617" r24="0" r31="-0.6697581" r32="-0.2565566" r33="-0.69684905" r34="0" r41="-70.227486" r42="289.14807" r43="2135.917" r44="1"></containerEntry>
          <containerEntry r11="-0.0028175572" r12="0.09481718" r13="0.9954889" r14="0" r21="0.030891422" r22="0.9950278" r23="-0.0946856" r24="0" r31="-0.99951696" r32="0.030485172" r33="-0.005732596" r34="0" r41="-86" r42="288.57428" r43="2132" r44="1"></containerEntry>
        </property>
        <property name="colors" type="UInt32" container="DynamicArray" arraySize="13">
          <containerEntry>4294967295</containerEntry>
          <containerEntry>4294967295</containerEntry>
          <containerEntry>4294967295</containerEntry>
          <containerEntry>4294967295</containerEntry>
          <containerEntry>4294967295</containerEntry>
          <containerEntry>4294967295</containerEntry>
          <containerEntry>4294967295</containerEntry>
          <containerEntry>4294967295</containerEntry>
          <containerEntry>4294967295</containerEntry>
          <containerEntry>4294967295</containerEntry>
          <containerEntry>4294967295</containerEntry>
          <containerEntry>4294967295</containerEntry>
          <containerEntry>4294967295</containerEntry>
        </property>
      </staticProperties>
      <dynamicProperties></dynamicProperties>
    </entity>
    <entity class="StaticModelArray" classVersion="4" classID="0xD0" addr="0x317C950" id="0x0">
      <staticProperties>
        <property name="name" type="String" container="StaticArray" arraySize="1">
          <containerEntry>StaticModelArray0002</containerEntry>
        </property>
        <property name="dataSet" type="EntityHandle" container="StaticArray" arraySize="1">
          <containerEntry>0x32E2B60</containerEntry>
        </property>
        <property name="modelFile" type="FilePtr" container="StaticArray" arraySize="1">
          <containerEntry>/Assets/tpp/environ/object/afghanistan/rock/afgh_rock001/scenes/afgh_rock001_vrtn001.fmdl</containerEntry>
        </property>
        <property name="geomFile" type="FilePtr" container="StaticArray" arraySize="1">
          <containerEntry>/Assets/tpp/environ/object/afghanistan/rock/afgh_rock001/scenes/afgh_rock001_vrtn001.geom</containerEntry>
        </property>
        <property name="isVisibleGeom" type="Bool" container="StaticArray" arraySize="1">
          <containerEntry>false</containerEntry>
        </property>
        <property name="lodFarSize" type="Float" container="StaticArray" arraySize="1">
          <containerEntry>-1</containerEntry>
        </property>
        <property name="lodNearSize" type="Float" container="StaticArray" arraySize="1">
          <containerEntry>-1</containerEntry>
        </property>
        <property name="lodPolygonSize" type="Float" container="StaticArray" arraySize="1">
          <containerEntry>-1</containerEntry>
        </property>
        <property name="drawRejectionLevel" type="Int32" container="StaticArray" arraySize="1">
          <containerEntry>8</containerEntry>
        </property>
        <property name="drawMode" type="Int32" container="StaticArray" arraySize="1">
          <containerEntry>0</containerEntry>
        </property>
        <property name="rejectFarRangeShadowCast" type="Int32" container="StaticArray" arraySize="1">
          <containerEntry>2</containerEntry>
        </property>
        <property name="parentLocator" type="EntityLink" container="StaticArray" arraySize="1">
          <containerEntry packagePathHash="0xB8A0BF169F98" archivePathHash="0xB8A0BF169F98" nameInArchiveHash="0xB8A0BF169F98">0x0</containerEntry>
        </property>
        <property name="transforms" type="Matrix4" container="DynamicArray" arraySize="26">
          <containerEntry r11="1" r12="0" r13="0" r14="0" r21="0" r22="1" r23="0" r24="0" r31="0" r32="0" r33="1" r34="0" r41="-4.914227" r42="278.8132" r43="2138.4019" r44="1"></containerEntry>
          <containerEntry r11="-0.18747008" r12="0" r13="-0.9822716" r14="0" r21="0" r22="1" r23="0" r24="0" r31="0.9822716" r32="0" r33="-0.18747008" r34="0" r41="-4.914227" r42="277.4744" r43="2124.8926" r44="1"></containerEntry>
          <containerEntry r11="-0.18747008" r12="0" r13="-0.9822716" r14="0" r21="0" r22="1" r23="0" r24="0" r31="0.9822716" r32="0" r33="-0.18747008" r34="0" r41="-19.232725" r42="278.82358" r43="2124.8926" r44="1"></containerEntry>
          <containerEntry r11="-0.18747008" r12="0" r13="-0.9822716" r14="0" r21="0" r22="1" r23="0" r24="0" r31="0.9822716" r32="0" r33="-0.18747008" r34="0" r41="-39.014565" r42="279.119" r43="2109.5317" r44="1"></containerEntry>
          <containerEntry r11="0.10847443" r12="-0.99280703" r13="-0.050703973" r14="0" r21="0.35865238" r22="-0.00848645" r23="0.9334346" r24="0" r31="-0.92714894" r32="-0.11944041" r33="0.35514966" r34="0" r41="-42.97106" r42="278.8864" r43="2106.527" r44="1"></containerEntry>
          <containerEntry r11="0.35606852" r12="0.014294613" r13="0.9343519" r14="0" r21="-0.116676494" r22="0.99273837" r23="0.029276147" r24="0" r31="-0.9271486" r32="-0.11944103" r33="0.3551507" r34="0" r41="-38.428703" r42="277.0547" r43="2095.9316" r44="1"></containerEntry>
          <containerEntry r11="-0.90592515" r12="0" r13="0.4234454" r14="0" r21="0" r22="1" r23="0" r24="0" r31="-0.4234454" r32="0" r33="-0.90592515" r34="0" r41="-48.011673" r42="279.119" r43="2117.731" r44="1"></containerEntry>
          <containerEntry r11="-0.18747151" r12="-5.9604645e-07" r13="-0.98227143" r14="0" r21="0.7850328" r22="0.60106266" r23="-0.14982694" r24="0" r31="0.59040725" r32="-0.7992025" r33="-0.11268222" r34="0" r41="-54.031494" r42="279.18884" r43="2115.1875" r44="1"></containerEntry>
          <containerEntry r11="0.3560682" r12="0.014293909" r13="0.93435234" r14="0" r21="-0.29183894" r22="-0.9481737" r23="0.12572168" r24="0" r31="0.887721" r32="-0.3174454" r33="-0.333446" r34="0" r41="-15.65031" r42="276.59174" r43="2081.0208" r44="1"></containerEntry>
          <containerEntry r11="0.35606852" r12="0.014294613" r13="0.9343519" r14="0" r21="-0.116676494" r22="0.99273837" r23="0.029276147" r24="0" r31="-0.9271486" r32="-0.11944103" r33="0.3551507" r34="0" r41="-1.757441" r42="277.52277" r43="2077.5894" r44="1"></containerEntry>
          <containerEntry r11="-0.90592515" r12="0" r13="0.4234454" r14="0" r21="0" r22="1" r23="0" r24="0" r31="-0.4234454" r32="0" r33="-0.90592515" r34="0" r41="-36.109154" r42="279.44562" r43="2125.2632" r44="1"></containerEntry>
          <containerEntry r11="0.10847443" r12="-0.99280703" r13="-0.050703973" r14="0" r21="0.35865238" r22="-0.00848645" r23="0.9334346" r24="0" r31="-0.92714894" r32="-0.11944041" r33="0.35514966" r34="0" r41="-121.9976" r42="289.01584" r43="2138.485" r44="1"></containerEntry>
          <containerEntry r11="0.108475566" r12="-0.99280584" r13="-0.05070412" r14="0" r21="0.774524" r22="0.11637916" r23="-0.6217474" r24="0" r31="0.6231749" r32="0.028173268" r33="0.7815751" r34="0" r41="-100" r42="297.8114" r43="2160" r44="1"></containerEntry>
          <containerEntry r11="0.10847527" r12="-0.9928055" r13="-0.050703943" r14="0" r21="-0.02750206" r22="0.047987998" r23="-0.9984695" r24="0" r31="0.9937189" r32="0.10970399" r33="-0.022098988" r34="0" r41="-68.02143" r42="291.6769" r43="2140.0225" r44="1"></containerEntry>
          <containerEntry r11="-0.510565" r12="0.85632986" r13="0.077621825" r14="0" r21="-0.8127987" r22="-0.5101118" r23="0.28133035" r24="0" r31="0.2805071" r32="0.0805462" r33="0.9564665" r34="0" r41="-106.308556" r42="295.6654" r43="2152.1526" r44="1"></containerEntry>
          <containerEntry r11="0.5300695" r12="-0.67048824" r13="0.5191065" r14="0" r21="-0.36376166" r22="-0.7327969" r23="-0.5750519" r24="0" r31="0.7659657" r32="0.11598621" r33="-0.632331" r34="0" r41="-84.770294" r42="296.41678" r43="2174.0234" r44="1"></containerEntry>
          <containerEntry r11="-0.652715" r12="-0.13987495" r13="0.7445825" r14="0" r21="0.21405287" r22="-0.9768163" r23="0.004140958" r24="0" r31="0.72673887" r32="0.16208263" r33="0.66751844" r34="0" r41="-107.35529" r42="295.98123" r43="2152.6748" r44="1"></containerEntry>
          <containerEntry r11="0.7794461" r12="0.059613295" r13="-0.6236267" r14="0" r21="-0.30341503" r22="0.9068404" r23="-0.2925405" r24="0" r31="0.5480906" r32="0.41723716" r33="0.72492075" r34="0" r41="-101.29403" r42="295.28937" r43="2150.758" r44="1"></containerEntry>
          <containerEntry r11="0.04560083" r12="0.9571452" r13="-0.28599632" r14="0" r21="-0.81356597" r22="0.2017157" r23="0.5453636" r24="0" r31="0.57968205" r32="0.2078077" r33="0.78789896" r34="0" r41="-120.84514" r42="283.67206" r43="2113.1472" r44="1"></containerEntry>
          <containerEntry r11="0.96815276" r12="0.031040497" r13="0.24842876" r14="0" r21="0.104219176" r22="0.852255" r23="-0.5126403" r24="0" r31="-0.22763726" r32="0.5222052" r33="0.82187796" r34="0" r41="-122.666664" r42="288.81857" r43="2134.7573" r44="1"></containerEntry>
          <containerEntry r11="0.59319127" r12="-0.73193383" r13="0.33525717" r14="0" r21="0.48341843" r22="-0.0091609955" r23="-0.8753421" r24="0" r31="0.6437633" r32="0.6813149" r33="0.3483957" r34="0" r41="-65.95495" r42="285.49768" r43="2126.2014" r44="1"></containerEntry>
          <containerEntry r11="-0.31240952" r12="-0.6224623" r13="-0.7175954" r14="0" r21="-0.56238747" r22="0.72998965" r23="-0.388376" r24="0" r31="0.76558656" r32="0.28223437" r33="-0.5781207" r34="0" r41="-73.268364" r42="288.4928" r43="2131.7075" r44="1"></containerEntry>
          <containerEntry r11="-0.7053143" r12="-0.5775982" r13="0.41099286" r14="0" r21="-0.44582334" r22="0.81217295" r23="0.37632033" r24="0" r31="-0.5511591" r32="0.082193494" r33="-0.830344" r34="0" r41="-128.0747" r42="288.62683" r43="2133.9885" r44="1"></containerEntry>
          <containerEntry r11="0.7794461" r12="0.059613295" r13="-0.6236267" r14="0" r21="-0.30341503" r22="0.9068404" r23="-0.2925405" r24="0" r31="0.5480906" r32="0.41723716" r33="0.72492075" r34="0" r41="-86" r42="291.7577" r43="2140" r44="1"></containerEntry>
          <containerEntry r11="-0.64336187" r12="-0.42143613" r13="-0.63912284" r14="0" r21="-0.3034156" r22="0.90684015" r23="-0.29254055" r24="0" r31="0.7028694" r32="0.0057104677" r33="-0.7112967" r34="0" r41="-90" r42="287.94147" r43="2126" r44="1"></containerEntry>
          <containerEntry r11="0.35606852" r12="0.014294613" r13="0.9343519" r14="0" r21="-0.116676494" r22="0.99273837" r23="0.029276147" r24="0" r31="-0.9271486" r32="-0.11944103" r33="0.3551507" r34="0" r41="-46" r42="274.29813" r43="2052" r44="1"></containerEntry>
        </property>
        <property name="colors" type="UInt32" container="DynamicArray" arraySize="26">
          <containerEntry>4294967295</containerEntry>
          <containerEntry>4294967295</containerEntry>
          <containerEntry>4294967295</containerEntry>
          <containerEntry>4294967295</containerEntry>
          <containerEntry>4294967295</containerEntry>
          <containerEntry>4294967295</containerEntry>
          <containerEntry>4294967295</containerEntry>
          <containerEntry>4294967295</containerEntry>
          <containerEntry>4294967295</containerEntry>
          <containerEntry>4294967295</containerEntry>
          <containerEntry>4294967295</containerEntry>
          <containerEntry>4294967295</containerEntry>
          <containerEntry>4294967295</containerEntry>
          <containerEntry>4294967295</containerEntry>
          <containerEntry>4294967295</containerEntry>
          <containerEntry>4294967295</containerEntry>
          <containerEntry>4294967295</containerEntry>
          <containerEntry>4294967295</containerEntry>
          <containerEntry>4294967295</containerEntry>
          <containerEntry>4294967295</containerEntry>
          <containerEntry>4294967295</containerEntry>
          <containerEntry>4294967295</containerEntry>
          <containerEntry>4294967295</containerEntry>
          <containerEntry>4294967295</containerEntry>
          <containerEntry>4294967295</containerEntry>
          <containerEntry>4294967295</containerEntry>
        </property>
      </staticProperties>
      <dynamicProperties></dynamicProperties>
    </entity>
    <entity class="StaticModelArray" classVersion="4" classID="0xD0" addr="0x317A180" id="0x0">
      <staticProperties>
        <property name="name" type="String" container="StaticArray" arraySize="1">
          <containerEntry>StaticModelArray0003</containerEntry>
        </property>
        <property name="dataSet" type="EntityHandle" container="StaticArray" arraySize="1">
          <containerEntry>0x32E2B60</containerEntry>
        </property>
        <property name="modelFile" type="FilePtr" container="StaticArray" arraySize="1">
          <containerEntry>/Assets/tpp/environ/object/afghanistan/clod/afgh_clod002/scenes/afgh_clod002.fmdl</containerEntry>
        </property>
        <property name="geomFile" type="FilePtr" container="StaticArray" arraySize="1">
          <containerEntry>/Assets/tpp/environ/object/afghanistan/clod/afgh_clod002/scenes/afgh_clod002.geom</containerEntry>
        </property>
        <property name="isVisibleGeom" type="Bool" container="StaticArray" arraySize="1">
          <containerEntry>false</containerEntry>
        </property>
        <property name="lodFarSize" type="Float" container="StaticArray" arraySize="1">
          <containerEntry>50</containerEntry>
        </property>
        <property name="lodNearSize" type="Float" container="StaticArray" arraySize="1">
          <containerEntry>400</containerEntry>
        </property>
        <property name="lodPolygonSize" type="Float" container="StaticArray" arraySize="1">
          <containerEntry>-1</containerEntry>
        </property>
        <property name="drawRejectionLevel" type="Int32" container="StaticArray" arraySize="1">
          <containerEntry>7</containerEntry>
        </property>
        <property name="drawMode" type="Int32" container="StaticArray" arraySize="1">
          <containerEntry>0</containerEntry>
        </property>
        <property name="rejectFarRangeShadowCast" type="Int32" container="StaticArray" arraySize="1">
          <containerEntry>2</containerEntry>
        </property>
        <property name="parentLocator" type="EntityLink" container="StaticArray" arraySize="1">
          <containerEntry packagePathHash="0xB8A0BF169F98" archivePathHash="0xB8A0BF169F98" nameInArchiveHash="0xB8A0BF169F98">0x0</containerEntry>
        </property>
        <property name="transforms" type="Matrix4" container="DynamicArray" arraySize="8">
          <containerEntry r11="0.9808694" r12="0.056103423" r13="0.18640682" r14="0" r21="-0.0049560834" r22="0.96445614" r23="-0.26419637" r24="0" r31="-0.19460353" r32="0.25821832" r33="0.94628364" r34="0" r41="-30.92733" r42="278.27652" r43="2103.9558" r44="1"></containerEntry>
          <containerEntry r11="-0.96401775" r12="0.23024146" r13="-0.13288552" r14="0" r21="0.24151658" r22="0.96742445" r23="-0.07589289" r24="0" r31="0.111083" r32="-0.10525615" r33="-0.98822147" r34="0" r41="-53.926556" r42="280.63742" r43="2120.5344" r44="1"></containerEntry>
          <containerEntry r11="-0.97491306" r12="0.0043634996" r13="-0.22253835" r14="0" r21="0.008279958" r22="0.9998267" r23="-0.01666905" r24="0" r31="0.22242707" r32="-0.0180935" r33="-0.9747803" r34="0" r41="-101.91318" r42="291.40704" r43="2136.5122" r44="1"></containerEntry>
          <containerEntry r11="0.3523381" r12="-0.19168887" r13="-0.91603124" r14="0" r21="0.070468456" r22="0.98145425" r23="-0.17827462" r24="0" r31="0.933216" r32="-0.0017383695" r33="0.35931176" r34="0" r41="-77.114876" r42="292.73798" r43="2146.227" r44="1"></containerEntry>
          <containerEntry r11="-0.7935744" r12="-0.05312542" r13="-0.6061486" r14="0" r21="0.07046743" r22="0.98145413" r23="-0.17827527" r24="0" r31="0.604378" r32="-0.18418856" r33="-0.7751133" r34="0" r41="-42.180767" r42="292.48413" r43="2164" r44="1"></containerEntry>
          <containerEntry r11="-0.98970443" r12="-0.1020223" r13="-0.100382864" r14="0" r21="-0.09025463" r22="0.98919785" r23="-0.11550619" r24="0" r31="0.11108272" r32="-0.10525696" r33="-0.98822147" r34="0" r41="-61.312466" r42="277.12692" r43="2093.3403" r44="1"></containerEntry>
          <containerEntry r11="0.22415414" r12="0.10255073" r13="0.96914184" r14="0" r21="0.002010461" r22="0.99439734" r23="-0.105688006" r24="0" r31="-0.97455037" r32="0.025638703" r33="0.22269213" r34="0" r41="-9.759512" r42="277.4794" r43="2085.5022" r44="1"></containerEntry>
          <containerEntry r11="-0.98970443" r12="-0.1020223" r13="-0.100382864" r14="0" r21="-0.09025463" r22="0.98919785" r23="-0.11550619" r24="0" r31="0.11108272" r32="-0.10525696" r33="-0.98822147" r34="0" r41="-12.99209" r42="276.7289" r43="2060.5342" r44="1"></containerEntry>
        </property>
        <property name="colors" type="UInt32" container="DynamicArray" arraySize="8">
          <containerEntry>4294967295</containerEntry>
          <containerEntry>4294967295</containerEntry>
          <containerEntry>4294967295</containerEntry>
          <containerEntry>4294967295</containerEntry>
          <containerEntry>4294967295</containerEntry>
          <containerEntry>4294967295</containerEntry>
          <containerEntry>4294967295</containerEntry>
          <containerEntry>4294967295</containerEntry>
        </property>
      </staticProperties>
      <dynamicProperties></dynamicProperties>
    </entity>
    <entity class="StaticModelArray" classVersion="4" classID="0xD0" addr="0x317CA30" id="0x0">
      <staticProperties>
        <property name="name" type="String" container="StaticArray" arraySize="1">
          <containerEntry>StaticModelArray0004</containerEntry>
        </property>
        <property name="dataSet" type="EntityHandle" container="StaticArray" arraySize="1">
          <containerEntry>0x32E2B60</containerEntry>
        </property>
        <property name="modelFile" type="FilePtr" container="StaticArray" arraySize="1">
          <containerEntry>/Assets/tpp/environ/object/afghanistan/branch/afgh_brnc001/scenes/afgh_brnc001.fmdl</containerEntry>
        </property>
        <property name="geomFile" type="FilePtr" container="StaticArray" arraySize="1">
          <containerEntry>/Assets/tpp/environ/object/afghanistan/branch/afgh_brnc001/scenes/afgh_brnc001.geom</containerEntry>
        </property>
        <property name="isVisibleGeom" type="Bool" container="StaticArray" arraySize="1">
          <containerEntry>false</containerEntry>
        </property>
        <property name="lodFarSize" type="Float" container="StaticArray" arraySize="1">
          <containerEntry>-1</containerEntry>
        </property>
        <property name="lodNearSize" type="Float" container="StaticArray" arraySize="1">
          <containerEntry>-1</containerEntry>
        </property>
        <property name="lodPolygonSize" type="Float" container="StaticArray" arraySize="1">
          <containerEntry>-1</containerEntry>
        </property>
        <property name="drawRejectionLevel" type="Int32" container="StaticArray" arraySize="1">
          <containerEntry>8</containerEntry>
        </property>
        <property name="drawMode" type="Int32" container="StaticArray" arraySize="1">
          <containerEntry>0</containerEntry>
        </property>
        <property name="rejectFarRangeShadowCast" type="Int32" container="StaticArray" arraySize="1">
          <containerEntry>2</containerEntry>
        </property>
        <property name="parentLocator" type="EntityLink" container="StaticArray" arraySize="1">
          <containerEntry packagePathHash="0xB8A0BF169F98" archivePathHash="0xB8A0BF169F98" nameInArchiveHash="0xB8A0BF169F98">0x0</containerEntry>
        </property>
        <property name="transforms" type="Matrix4" container="DynamicArray" arraySize="15">
          <containerEntry r11="0.9991517" r12="0.041181874" r13="-8.32777e-07" r14="0" r21="-0.04116336" r22="0.99870306" r23="0.029962989" r24="0" r31="0.0012347654" r32="-0.029937537" r33="0.999551" r34="0" r41="-4" r42="276.96313" r43="2094.911" r44="1"></containerEntry>
          <containerEntry r11="0.9991517" r12="0.04118084" r13="-1.7087441e-06" r14="0" r21="-0.040503673" r22="0.9827144" r23="-0.18064278" r24="0" r31="-0.00743735" r32="0.18048963" r33="0.98354876" r34="0" r41="-29.822681" r42="277.12903" r43="2094.911" r44="1"></containerEntry>
          <containerEntry r11="-0.5052353" r12="-0.17611787" r13="-0.8448183" r14="0" r21="-0.04050319" r22="0.98271453" r23="-0.18064219" r24="0" r31="0.8620295" r32="-0.05704913" r33="-0.5036354" r34="0" r41="-44.181107" r42="277.80823" r43="2100.2563" r44="1"></containerEntry>
