<fox formatVersion="2" fileVersion="0">
  <entities>
    <entity class="DataSet" classVersion="0" classID="0xE8" addr="0x3304370" id="0x33CDBA">
      <staticProperties>
        <property name="name" type="String" container="StaticArray" arraySize="1">
          <containerEntry hash="0xB8A0BF169F98"></containerEntry>
        </property>
        <property name="dataSet" type="EntityHandle" container="StaticArray" arraySize="1">
          <containerEntry>0x0</containerEntry>
        </property>
        <property name="dataList" type="EntityPtr" container="StringMap" arraySize="4">
          <containerEntry key="StaticModelArray0000">
            <data>0x3178970</data>
          </containerEntry>
          <containerEntry key="StaticModelArray0001">
            <data>0x31789E0</data>
          </containerEntry>
          <containerEntry key="StaticModelArray0002">
            <data>0x3178A50</data>
          </containerEntry>
          <containerEntry key="TexturePackLoadConditioner0000">
            <data>0x3178EB0</data>
          </containerEntry>
        </property>
      </staticProperties>
      <dynamicProperties></dynamicProperties>
    </entity>
    <entity class="StaticModelArray" classVersion="4" classID="0xD0" addr="0x3178970" id="0x0">
      <staticProperties>
        <property name="name" type="String" container="StaticArray" arraySize="1">
          <containerEntry>StaticModelArray0000</containerEntry>
        </property>
        <property name="dataSet" type="EntityHandle" container="StaticArray" arraySize="1">
          <containerEntry>0x3304370</containerEntry>
        </property>
        <property name="modelFile" type="FilePtr" container="StaticArray" arraySize="1">
          <containerEntry>/Assets/tpp/environ/object/middle_africa/cliff/mafr_clff004/scenes/mafr_clff004_grnd001.fmdl</containerEntry>
        </property>
        <property name="geomFile" type="FilePtr" container="StaticArray" arraySize="1">
          <containerEntry>/Assets/tpp/environ/object/middle_africa/cliff/mafr_clff004/scenes/mafr_clff004_grnd001.geom</containerEntry>
        </property>
        <property name="isVisibleGeom" type="Bool" container="StaticArray" arraySize="1">
          <containerEntry>false</containerEntry>
        </property>
        <property name="lodFarSize" type="Float" container="StaticArray" arraySize="1">
          <containerEntry>-1</containerEntry>
        </property>
        <property name="lodNearSize" type="Float" container="StaticArray" arraySize="1">
          <containerEntry>-1</containerEntry>
        </property>
        <property name="lodPolygonSize" type="Float" container="StaticArray" arraySize="1">
          <containerEntry>-1</containerEntry>
        </property>
        <property name="drawRejectionLevel" type="Int32" container="StaticArray" arraySize="1">
          <containerEntry>8</containerEntry>
        </property>
        <property name="drawMode" type="Int32" container="StaticArray" arraySize="1">
          <containerEntry>0</containerEntry>
        </property>
        <property name="rejectFarRangeShadowCast" type="Int32" container="StaticArray" arraySize="1">
          <containerEntry>2</containerEntry>
        </property>
        <property name="parentLocator" type="EntityLink" container="StaticArray" arraySize="1">
          <containerEntry packagePathHash="0xB8A0BF169F98" archivePathHash="0xB8A0BF169F98" nameInArchiveHash="0xB8A0BF169F98">0x0</containerEntry>
        </property>
        <property name="transforms" type="Matrix4" container="DynamicArray" arraySize="2">
          <containerEntry r11="-0.71019846" r12="-0.11528584" r13="-0.6944969" r14="0" r21="-0.28216195" r22="0.9504119" r23="0.13077396" r24="0" r31="0.6449817" r32="0.28883624" r33="-0.7075103" r34="0" r41="747.26135" r42="-7.110492" r43="1949.5178" r44="1"></containerEntry>
          <containerEntry r11="-0.9478822" r12="-0.1152859" r13="0.2970244" r14="0" r21="-0.018310606" r22="0.95041174" r23="0.31045464" r24="0" r31="-0.31808653" r32="0.2888365" r33="-0.9029892" r34="0" r41="754.7487" r42="-8.256404" r43="1938.7991" r44="1"></containerEntry>
        </property>
        <property name="colors" type="UInt32" container="DynamicArray" arraySize="2">
          <containerEntry>4294967295</containerEntry>
          <containerEntry>4294967295</containerEntry>
        </property>
      </staticProperties>
      <dynamicProperties></dynamicProperties>
    </entity>
    <entity class="StaticModelArray" classVersion="4" classID="0xD0" addr="0x31789E0" id="0x0">
      <staticProperties>
        <property name="name" type="String" container="StaticArray" arraySize="1">
          <containerEntry>StaticModelArray0001</containerEntry>
        </property>
        <property name="dataSet" type="EntityHandle" container="StaticArray" arraySize="1">
          <containerEntry>0x3304370</containerEntry>
        </property>
        <property name="modelFile" type="FilePtr" container="StaticArray" arraySize="1">
          <containerEntry>/Assets/tpp/environ/object/middle_africa/rock/mafr_rock011/scenes/mafr_rock011.fmdl</containerEntry>
        </property>
        <property name="geomFile" type="FilePtr" container="StaticArray" arraySize="1">
          <containerEntry>/Assets/tpp/environ/object/middle_africa/rock/mafr_rock011/scenes/mafr_rock011.geom</containerEntry>
        </property>
        <property name="isVisibleGeom" type="Bool" container="StaticArray" arraySize="1">
          <containerEntry>false</containerEntry>
        </property>
        <property name="lodFarSize" type="Float" container="StaticArray" arraySize="1">
          <containerEntry>-1</containerEntry>
        </property>
        <property name="lodNearSize" type="Float" container="StaticArray" arraySize="1">
          <containerEntry>-1</containerEntry>
        </property>
        <property name="lodPolygonSize" type="Float" container="StaticArray" arraySize="1">
          <containerEntry>-1</containerEntry>
        </property>
        <property name="drawRejectionLevel" type="Int32" container="StaticArray" arraySize="1">
          <containerEntry>5</containerEntry>
        </property>
        <property name="drawMode" type="Int32" container="StaticArray" arraySize="1">
          <containerEntry>0</containerEntry>
        </property>
        <property name="rejectFarRangeShadowCast" type="Int32" container="StaticArray" arraySize="1">
          <containerEntry>2</containerEntry>
        </property>
        <property name="parentLocator" type="EntityLink" container="StaticArray" arraySize="1">
          <containerEntry packagePathHash="0xB8A0BF169F98" archivePathHash="0xB8A0BF169F98" nameInArchiveHash="0xB8A0BF169F98">0x0</containerEntry>
        </property>
        <property name="transforms" type="Matrix4" container="DynamicArray" arraySize="10">
          <containerEntry r11="0.6697116" r12="0.1295478" r13="-0.7312338" r14="0" r21="0.34811983" r22="0.81500894" r23="0.46321967" r24="0" r31="0.6559711" r32="-0.5647807" r33="0.5007228" r34="0" r41="717.6479" r42="-6.823573" r43="2002.104" r44="1"></containerEntry>
          <containerEntry r11="-0.8900803" r12="-0.09915045" r13="-0.44489074" r14="0" r21="0.06978055" r22="0.93490595" r23="-0.3479678" r24="0" r31="0.45043302" r32="-0.34076455" r33="-0.82522184" r34="0" r41="712.7048" r42="-7.192619" r43="2029.1311" r44="1"></containerEntry>
          <containerEntry r11="-0.43109936" r12="0.023085684" r13="0.90200734" r14="0" r21="-0.6202005" r22="0.7185046" r23="-0.31480443" r24="0" r31="-0.6553631" r32="-0.6951393" r33="-0.2954283" r34="0" r41="735.14905" r42="-6.389731" r43="1994.6173" r44="1"></containerEntry>
          <containerEntry r11="0.9636683" r12="0.082651645" r13="-0.2539924" r14="0" r21="0.06522423" r22="0.8493147" r23="0.52384216" r24="0" r31="0.2590159" r32="-0.52137655" r33="0.8130668" r34="0" r41="719.51263" r42="-5.402004" r43="2016.8359" r44="1"></containerEntry>
          <containerEntry r11="-0.64969546" r12="-0.060726464" r13="-0.75776863" r14="0" r21="0.43780854" r22="0.7850067" r23="-0.43827936" r24="0" r31="0.62146854" r32="-0.61650556" r33="-0.48342767" r34="0" r41="703.7267" r42="-8.373681" r43="2001.9542" r44="1"></containerEntry>
          <containerEntry r11="0.80533755" r12="0.0521589" r13="0.5905086" r14="0" r21="-0.40911207" r22="0.7697873" r23="0.4899533" r24="0" r31="-0.42901093" r32="-0.6361628" r33="0.6412782" r34="0" r41="723.14087" r42="-6.987717" r43="1989.8138" r44="1"></containerEntry>
          <containerEntry r11="0.124074" r12="-0.000793308" r13="0.9922724" r14="0" r21="-0.76813984" r22="0.6329601" r23="0.0965532" r24="0" r31="-0.62814456" r32="-0.7741845" r33="0.07792451" r34="0" r41="700.6769" r42="-8.445723" r43="2012.3896" r44="1"></containerEntry>
          <containerEntry r11="-0.46562314" r12="-0.08370122" r13="0.88101625" r14="0" r21="-0.7037077" r22="0.63869214" r23="-0.31123614" r24="0" r31="-0.536646" r32="-0.7648977" r33="-0.3562905" r34="0" r41="709.0855" r42="-6.884038" r43="2018.225" r44="1"></containerEntry>
          <containerEntry r11="-0.9803244" r12="-0.02020865" r13="0.19635743" r14="0" r21="-0.12433199" r22="0.8358383" r23="-0.53471106" r24="0" r31="-0.15331727" r32="-0.5486037" r33="-0.82190526" r34="0" r41="721.9979" r42="-5.891849" r43="2029.4879" r44="1"></containerEntry>
          <containerEntry r11="0.9371851" r12="0.18302342" r13="-0.29696205" r14="0" r21="0.09259874" r22="0.6902335" r23="0.7176371" r24="0" r31="0.33631757" r32="-0.7000571" r33="0.6299288" r34="0" r41="710.2112" r42="-8.519437" r43="2031.843" r44="1"></containerEntry>
        </property>
        <property name="colors" type="UInt32" container="DynamicArray" arraySize="10">
          <containerEntry>4294967295</containerEntry>
          <containerEntry>4294967295</containerEntry>
          <containerEntry>4294967295</containerEntry>
          <containerEntry>4294967295</containerEntry>
          <containerEntry>4294967295</containerEntry>
          <containerEntry>4294967295</containerEntry>
          <containerEntry>4294967295</containerEntry>
          <containerEntry>4294967295</containerEntry>
          <containerEntry>4294967295</containerEntry>
          <containerEntry>4294967295</containerEntry>
        </property>
      </staticProperties>
      <dynamicProperties></dynamicProperties>
    </entity>
    <entity class="StaticModelArray" classVersion="4" classID="0xD0" addr="0x3178A50" id="0x0">
      <staticProperties>
        <property name="name" type="String" container="StaticArray" arraySize="1">
          <containerEntry>StaticModelArray0002</containerEntry>
        </property>
        <property name="dataSet" type="EntityHandle" container="StaticArray" arraySize="1">
          <containerEntry>0x3304370</containerEntry>
        </property>
        <property name="modelFile" type="FilePtr" container="StaticArray" arraySize="1">
          <containerEntry>/Assets/tpp/environ/object/middle_africa/rock/mafr_rock001/scenes/mafr_rock001_vrtn003.fmdl</containerEntry>
        </property>
        <property name="geomFile" type="FilePtr" container="StaticArray" arraySize="1">
          <containerEntry>/Assets/tpp/environ/object/middle_africa/rock/mafr_rock001/scenes/mafr_rock001_vrtn003.geom</containerEntry>
        </property>
        <property name="isVisibleGeom" type="Bool" container="StaticArray" arraySize="1">
          <containerEntry>false</containerEntry>
        </property>
        <property name="lodFarSize" type="Float" container="StaticArray" arraySize="1">
          <containerEntry>-1</containerEntry>
        </property>
        <property name="lodNearSize" type="Float" container="StaticArray" arraySize="1">
          <containerEntry>-1</containerEntry>
        </property>
        <property name="lodPolygonSize" type="Float" container="StaticArray" arraySize="1">
          <containerEntry>-1</containerEntry>
        </property>
        <property name="drawRejectionLevel" type="Int32" container="StaticArray" arraySize="1">
          <containerEntry>8</containerEntry>
        </property>
        <property name="drawMode" type="Int32" container="StaticArray" arraySize="1">
          <containerEntry>0</containerEntry>
        </property>
        <property name="rejectFarRangeShadowCast" type="Int32" container="StaticArray" arraySize="1">
          <containerEntry>2</containerEntry>
        </property>
        <property name="parentLocator" type="EntityLink" container="StaticArray" arraySize="1">
          <containerEntry packagePathHash="0xB8A0BF169F98" archivePathHash="0xB8A0BF169F98" nameInArchiveHash="0xB8A0BF169F98">0x0</containerEntry>
        </property>
        <property name="transforms" type="Matrix4" container="DynamicArray" arraySize="2">
          <containerEntry r11="-0.30940184" r12="0.02928308" r13="0.9504838" r14="0" r21="-0.048375692" r22="0.9977468" r23="-0.04648641" r24="0" r31="-0.94970345" r32="-0.06036303" r33="-0.30728817" r34="0" r41="740.62604" r42="-6.193993" r43="1950.6168" r44="1"></containerEntry>
          <containerEntry r11="-0.9216243" r12="0.02928371" r13="-0.386992" r14="0" r21="0.050330736" r22="0.9977469" r23="-0.044362817" r24="0" r31="0.38482097" r32="-0.060363125" r33="-0.92102164" r34="0" r41="749.52167" r42="-6.232257" r43="1950.6168" r44="1"></containerEntry>
        </property>
        <property name="colors" type="UInt32" container="DynamicArray" arraySize="2">
          <containerEntry>4294967295</containerEntry>
          <containerEntry>4294967295</containerEntry>
        </property>
      </staticProperties>
      <dynamicProperties></dynamicProperties>
    </entity>
    <entity class="TexturePackLoadConditioner" classVersion="0" classID="0x48" addr="0x3178EB0" id="0x0">
      <staticProperties>
        <property name="name" type="String" container="StaticArray" arraySize="1">
          <containerEntry>TexturePackLoadConditioner0000</containerEntry>
        </property>
        <property name="dataSet" type="EntityHandle" container="StaticArray" arraySize="1">
          <containerEntry>0x3304370</containerEntry>
        </property>
        <property name="texturePackPath" type="Path" container="StaticArray" arraySize="1">
          <containerEntry hash="0xB8A0BF169F98"></containerEntry>
        </property>
      </staticProperties>
      <dynamicProperties></dynamicProperties>
    </entity>
  </entities>
</fox>