<fox formatVersion="2" fileVersion="0">
  <entities>
    <entity class="DataSet" classVersion="0" classID="0xE8" addr="0x2F53C70" id="0x3F41A">
      <staticProperties>
        <property name="name" type="String" container="StaticArray" arraySize="1">
          <containerEntry hash="0xB8A0BF169F98"></containerEntry>
        </property>
        <property name="dataSet" type="EntityHandle" container="StaticArray" arraySize="1">
          <containerEntry>0x0</containerEntry>
        </property>
        <property name="dataList" type="EntityPtr" container="StringMap" arraySize="13">
          <containerEntry key="afgh_clff022_vrtn002_0002">
            <data>0x2F53EA0</data>
          </containerEntry>
          <containerEntry key="afgh_rock009_rock001_0001">
            <data>0x2D7ACE0</data>
          </containerEntry>
          <containerEntry key="StaticModelArray0000">
            <data>0x2D7F5F0</data>
          </containerEntry>
          <containerEntry key="StaticModelArray0001">
            <data>0x2D7F740</data>
          </containerEntry>
          <containerEntry key="StaticModelArray0002">
            <data>0x2D7EB70</data>
          </containerEntry>
          <containerEntry key="StaticModelArray0003">
            <data>0x2D7EA20</data>
          </containerEntry>
          <containerEntry key="StaticModelArray0004">
            <data>0x2D7C640</data>
          </containerEntry>
          <containerEntry key="StaticModelArray0005">
            <data>0x2D7E6A0</data>
          </containerEntry>
          <containerEntry key="StaticModelArray0006">
            <data>0x2D7E710</data>
          </containerEntry>
          <containerEntry key="StaticModelArray0007">
            <data>0x2D7E780</data>
          </containerEntry>
          <containerEntry key="StaticModelArray0008">
            <data>0x2D7E7F0</data>
          </containerEntry>
          <containerEntry key="StaticModelArray0009">
            <data>0x2D7E860</data>
          </containerEntry>
          <containerEntry key="TexturePackLoadConditioner0000">
            <data>0x2D7F9E0</data>
          </containerEntry>
        </property>
      </staticProperties>
      <dynamicProperties></dynamicProperties>
    </entity>
    <entity class="StaticModel" classVersion="9" classID="0x160" addr="0x2F53EA0" id="0x3F42E">
      <staticProperties>
        <property name="name" type="String" container="StaticArray" arraySize="1">
          <containerEntry>afgh_clff022_vrtn002_0002</containerEntry>
        </property>
        <property name="dataSet" type="EntityHandle" container="StaticArray" arraySize="1">
          <containerEntry>0x2F53C70</containerEntry>
        </property>
        <property name="parent" type="EntityHandle" container="StaticArray" arraySize="1">
          <containerEntry>0x0</containerEntry>
        </property>
        <property name="transform" type="EntityPtr" container="StaticArray" arraySize="1">
          <containerEntry>0x2F53F10</containerEntry>
        </property>
        <property name="shearTransform" type="EntityPtr" container="StaticArray" arraySize="1">
          <containerEntry>0x0</containerEntry>
        </property>
        <property name="pivotTransform" type="EntityPtr" container="StaticArray" arraySize="1">
          <containerEntry>0x0</containerEntry>
        </property>
        <property name="children" type="EntityHandle" container="List"></property>
        <property name="flags" type="UInt32" container="StaticArray" arraySize="1">
          <containerEntry>7</containerEntry>
        </property>
        <property name="modelFile" type="FilePtr" container="StaticArray" arraySize="1">
          <containerEntry>/Assets/tpp/environ/object/afghanistan/cliff/afgh_clff022/scenes/afgh_clff022_vrtn002.fmdl</containerEntry>
        </property>
        <property name="geomFile" type="FilePtr" container="StaticArray" arraySize="1">
          <containerEntry>/Assets/tpp/environ/object/afghanistan/cliff/afgh_clff022/scenes/afgh_clff022_vrtn002.geom</containerEntry>
        </property>
        <property name="isVisibleGeom" type="Bool" container="StaticArray" arraySize="1">
          <containerEntry>false</containerEntry>
        </property>
        <property name="isIsolated" type="Bool" container="StaticArray" arraySize="1">
          <containerEntry>false</containerEntry>
        </property>
        <property name="lodFarSize" type="Float" container="StaticArray" arraySize="1">
          <containerEntry>-1</containerEntry>
        </property>
        <property name="lodNearSize" type="Float" container="StaticArray" arraySize="1">
          <containerEntry>-1</containerEntry>
        </property>
        <property name="lodPolygonSize" type="Float" container="StaticArray" arraySize="1">
          <containerEntry>-1</containerEntry>
        </property>
        <property name="color" type="Color" container="StaticArray" arraySize="1">
          <containerEntry r="1" g="1" b="1" a="1"></containerEntry>
        </property>
        <property name="drawRejectionLevel" type="Int32" container="StaticArray" arraySize="1">
          <containerEntry>8</containerEntry>
        </property>
        <property name="drawMode" type="Int32" container="StaticArray" arraySize="1">
          <containerEntry>0</containerEntry>
        </property>
        <property name="rejectFarRangeShadowCast" type="Int32" container="StaticArray" arraySize="1">
          <containerEntry>2</containerEntry>
        </property>
      </staticProperties>
      <dynamicProperties></dynamicProperties>
    </entity>
    <entity class="TransformEntity" classVersion="0" classID="0x50" addr="0x2F53F10" id="0x3F431">
      <staticProperties>
        <property name="owner" type="EntityHandle" container="StaticArray" arraySize="1">
          <containerEntry>0x2F53EA0</containerEntry>
        </property>
        <property name="transform_scale" type="Vector3" container="StaticArray" arraySize="1">
          <containerEntry x="1" y="1" z="1" w="0"></containerEntry>
        </property>
        <property name="transform_rotation_quat" type="Quat" container="StaticArray" arraySize="1">
          <containerEntry x="0" y="-0.802694" z="0" w="-0.59639"></containerEntry>
        </property>
        <property name="transform_translation" type="Vector3" container="StaticArray" arraySize="1">
          <containerEntry x="-1774.7057" y="459.49292" z="-1633.6595" w="0"></containerEntry>
        </property>
      </staticProperties>
      <dynamicProperties></dynamicProperties>
    </entity>
    <entity class="StaticModel" classVersion="9" classID="0x160" addr="0x2D7ACE0" id="0x3F69B">
      <staticProperties>
        <property name="name" type="String" container="StaticArray" arraySize="1">
          <containerEntry>afgh_rock009_rock001_0001</containerEntry>
        </property>
        <property name="dataSet" type="EntityHandle" container="StaticArray" arraySize="1">
          <containerEntry>0x2F53C70</containerEntry>
        </property>
        <property name="parent" type="EntityHandle" container="StaticArray" arraySize="1">
          <containerEntry>0x0</containerEntry>
        </property>
        <property name="transform" type="EntityPtr" container="StaticArray" arraySize="1">
          <containerEntry>0x2D7AD50</containerEntry>
        </property>
        <property name="shearTransform" type="EntityPtr" container="StaticArray" arraySize="1">
          <containerEntry>0x0</containerEntry>
        </property>
        <property name="pivotTransform" type="EntityPtr" container="StaticArray" arraySize="1">
          <containerEntry>0x0</containerEntry>
        </property>
        <property name="children" type="EntityHandle" container="List"></property>
        <property name="flags" type="UInt32" container="StaticArray" arraySize="1">
          <containerEntry>7</containerEntry>
        </property>
        <property name="modelFile" type="FilePtr" container="StaticArray" arraySize="1">
          <containerEntry>/Assets/tpp/environ/object/afghanistan/rock/afgh_rock009/scenes/afgh_rock009_rock001.fmdl</containerEntry>
        </property>
        <property name="geomFile" type="FilePtr" container="StaticArray" arraySize="1">
          <containerEntry>/Assets/tpp/environ/object/afghanistan/rock/afgh_rock009/scenes/afgh_rock009_rock001.geom</containerEntry>
        </property>
        <property name="isVisibleGeom" type="Bool" container="StaticArray" arraySize="1">
          <containerEntry>false</containerEntry>
        </property>
        <property name="isIsolated" type="Bool" container="StaticArray" arraySize="1">
          <containerEntry>false</containerEntry>
        </property>
        <property name="lodFarSize" type="Float" container="StaticArray" arraySize="1">
          <containerEntry>-1</containerEntry>
        </property>
        <property name="lodNearSize" type="Float" container="StaticArray" arraySize="1">
          <containerEntry>-1</containerEntry>
        </property>
        <property name="lodPolygonSize" type="Float" container="StaticArray" arraySize="1">
          <containerEntry>-1</containerEntry>
        </property>
        <property name="color" type="Color" container="StaticArray" arraySize="1">
          <containerEntry r="1" g="1" b="1" a="1"></containerEntry>
        </property>
        <property name="drawRejectionLevel" type="Int32" container="StaticArray" arraySize="1">
          <containerEntry>8</containerEntry>
        </property>
        <property name="drawMode" type="Int32" container="StaticArray" arraySize="1">
          <containerEntry>0</containerEntry>
        </property>
        <property name="rejectFarRangeShadowCast" type="Int32" container="StaticArray" arraySize="1">
          <containerEntry>2</containerEntry>
        </property>
      </staticProperties>
      <dynamicProperties></dynamicProperties>
    </entity>
    <entity class="TransformEntity" classVersion="0" classID="0x50" addr="0x2D7AD50" id="0x3F69E">
      <staticProperties>
        <property name="owner" type="EntityHandle" container="StaticArray" arraySize="1">
          <containerEntry>0x2D7ACE0</containerEntry>
        </property>
        <property name="transform_scale" type="Vector3" container="StaticArray" arraySize="1">
          <containerEntry x="1" y="1" z="1" w="0"></containerEntry>
        </property>
        <property name="transform_rotation_quat" type="Quat" container="StaticArray" arraySize="1">
          <containerEntry x="0.20958" y="-0.620822" z="-0.121664" w="0.745556"></containerEntry>
        </property>
        <property name="transform_translation" type="Vector3" container="StaticArray" arraySize="1">
          <containerEntry x="-1669.184" y="457.3619" z="-1600.6487" w="1"></containerEntry>
        </property>
      </staticProperties>
      <dynamicProperties></dynamicProperties>
    </entity>
    <entity class="StaticModelArray" classVersion="4" classID="0xD0" addr="0x2D7F5F0" id="0x0">
      <staticProperties>
        <property name="name" type="String" container="StaticArray" arraySize="1">
          <containerEntry>StaticModelArray0000</containerEntry>
        </property>
        <property name="dataSet" type="EntityHandle" container="StaticArray" arraySize="1">
          <containerEntry>0x2F53C70</containerEntry>
        </property>
        <property name="modelFile" type="FilePtr" container="StaticArray" arraySize="1">
          <containerEntry>/Assets/tpp/environ/object/afghanistan/cliff/afgh_clff007/scenes/afgh_clff007.fmdl</containerEntry>
        </property>
        <property name="geomFile" type="FilePtr" container="StaticArray" arraySize="1">
          <containerEntry>/Assets/tpp/environ/object/afghanistan/cliff/afgh_clff007/scenes/afgh_clff007.geom</containerEntry>
        </property>
        <property name="isVisibleGeom" type="Bool" container="StaticArray" arraySize="1">
          <containerEntry>false</containerEntry>
        </property>
        <property name="lodFarSize" type="Float" container="StaticArray" arraySize="1">
          <containerEntry>-1</containerEntry>
        </property>
        <property name="lodNearSize" type="Float" container="StaticArray" arraySize="1">
          <containerEntry>-1</containerEntry>
        </property>
        <property name="lodPolygonSize" type="Float" container="StaticArray" arraySize="1">
          <containerEntry>-1</containerEntry>
        </property>
        <property name="drawRejectionLevel" type="Int32" container="StaticArray" arraySize="1">
          <containerEntry>8</containerEntry>
        </property>
        <property name="drawMode" type="Int32" container="StaticArray" arraySize="1">
          <containerEntry>0</containerEntry>
        </property>
        <property name="rejectFarRangeShadowCast" type="Int32" container="StaticArray" arraySize="1">
          <containerEntry>2</containerEntry>
        </property>
        <property name="parentLocator" type="EntityLink" container="StaticArray" arraySize="1">
          <containerEntry packagePathHash="0xB8A0BF169F98" archivePathHash="0xB8A0BF169F98" nameInArchiveHash="0xB8A0BF169F98">0x0</containerEntry>
        </property>
        <property name="transforms" type="Matrix4" container="DynamicArray" arraySize="4">
          <containerEntry r11="-0.9395333" r12="-0.0885076" r13="0.33081505" r14="0" r21="-0.112657584" r22="0.9921373" r23="-0.054514192" r24="0" r31="-0.32338902" r32="-0.0884869" r33="-0.94211704" r34="0" r41="-1694.9503" r42="452.84955" r43="-1632.6421" r44="1"></containerEntry>
          <containerEntry r11="-0.85427886" r12="0.009346988" r13="-0.51972705" r14="0" r21="0.02518176" r22="0.9994086" r23="-0.023417722" r24="0" r31="0.51920074" r32="-0.03309297" r33="-0.854009" r34="0" r41="-1737.4333" r42="450.36218" r43="-1643.0029" r44="1"></containerEntry>
          <containerEntry r11="0.6591435" r12="0.09946397" r13="0.74541074" r14="0" r21="0.022420373" r22="0.9881749" r23="-0.15168297" r24="0" r31="-0.7516832" r32="0.11669326" r33="0.6491191" r34="0" r41="-1692.9474" r42="455.73898" r43="-1597.2507" r44="1"></containerEntry>
          <containerEntry r11="-0.941745" r12="-0.068936534" r13="-0.32917923" r14="0" r21="-0.09057943" r22="0.9945901" r23="0.050851755" r24="0" r31="0.32389283" r32="0.07770642" r33="-0.94289446" r34="0" r41="-1689.6918" r42="457.30072" r43="-1584.6527" r44="1"></containerEntry>
        </property>
        <property name="colors" type="UInt32" container="DynamicArray" arraySize="4">
          <containerEntry>4294967295</containerEntry>
          <containerEntry>4294967295</containerEntry>
          <containerEntry>4294967295</containerEntry>
          <containerEntry>4294967295</containerEntry>
        </property>
      </staticProperties>
      <dynamicProperties></dynamicProperties>
    </entity>
    <entity class="StaticModelArray" classVersion="4" classID="0xD0" addr="0x2D7F740" id="0x0">
      <staticProperties>
        <property name="name" type="String" container="StaticArray" arraySize="1">
          <containerEntry>StaticModelArray0001</containerEntry>
        </property>
        <property name="dataSet" type="EntityHandle" container="StaticArray" arraySize="1">
          <containerEntry>0x2F53C70</containerEntry>
        </property>
        <property name="modelFile" type="FilePtr" container="StaticArray" arraySize="1">
          <containerEntry>/Assets/tpp/environ/object/afghanistan/rock/afgh_rock009/scenes/afgh_rock009_rock002.fmdl</containerEntry>
        </property>
        <property name="geomFile" type="FilePtr" container="StaticArray" arraySize="1">
          <containerEntry>/Assets/tpp/environ/object/afghanistan/rock/afgh_rock009/scenes/afgh_rock009_rock002.geom</containerEntry>
        </property>
        <property name="isVisibleGeom" type="Bool" container="StaticArray" arraySize="1">
          <containerEntry>false</containerEntry>
        </property>
        <property name="lodFarSize" type="Float" container="StaticArray" arraySize="1">
          <containerEntry>-1</containerEntry>
        </property>
        <property name="lodNearSize" type="Float" container="StaticArray" arraySize="1">
          <containerEntry>-1</containerEntry>
        </property>
        <property name="lodPolygonSize" type="Float" container="StaticArray" arraySize="1">
          <containerEntry>-1</containerEntry>
        </property>
        <property name="drawRejectionLevel" type="Int32" container="StaticArray" arraySize="1">
          <containerEntry>8</containerEntry>
        </property>
        <property name="drawMode" type="Int32" container="StaticArray" arraySize="1">
          <containerEntry>0</containerEntry>
        </property>
        <property name="rejectFarRangeShadowCast" type="Int32" container="StaticArray" arraySize="1">
          <containerEntry>2</containerEntry>
        </property>
        <property name="parentLocator" type="EntityLink" container="StaticArray" arraySize="1">
          <containerEntry packagePathHash="0xB8A0BF169F98" archivePathHash="0xB8A0BF169F98" nameInArchiveHash="0xB8A0BF169F98">0x0</containerEntry>
        </property>
        <property name="transforms" type="Matrix4" container="DynamicArray" arraySize="26">
          <containerEntry r11="0.6762229" r12="-0.52773273" r13="0.5140231" r14="0" r21="0.5717428" r22="0.81595844" r23="0.08556516" r24="0" r31="-0.46457696" r32="0.2360284" r33="0.85349774" r34="0" r41="-1683.1066" r42="458.64465" r43="-1582.0419" r44="1"></containerEntry>
          <containerEntry r11="0.20512553" r12="-0.42610684" r13="0.8811107" r14="0" r21="-0.09813383" r22="0.88676333" r23="0.4516862" r24="0" r31="-0.97380334" r32="-0.1791191" r33="0.1400823" r34="0" r41="-1673.9999" r42="456.81473" r43="-1597.2152" r44="1"></containerEntry>
          <containerEntry r11="0.9559506" r12="-0.14409901" r13="-0.25572214" r14="0" r21="0.15087931" r22="0.9885275" r23="0.006989425" r24="0" r31="0.2517812" r32="-0.04526473" r33="0.96672505" r34="0" r41="-1675.8647" r42="460.00415" r43="-1577.3029" r44="1"></containerEntry>
          <containerEntry r11="0.51478153" r12="-0.4837696" r13="0.7077903" r14="0" r21="0.30924267" r22="0.87478286" r23="0.37299323" r24="0" r31="-0.79960567" r32="0.026868835" r33="0.5999242" r34="0" r41="-1686.1677" r42="457.43353" r43="-1592.7158" r44="1"></containerEntry>
          <containerEntry r11="0.029754926" r12="-0.43799475" r13="0.8984856" r14="0" r21="0.004949659" r22="0.89893657" r23="0.43805096" r24="0" r31="-0.9995455" r32="-0.008587211" r33="0.028915644" r34="0" r41="-1665.6047" r42="456.92212" r43="-1594.8224" r44="1"></containerEntry>
          <containerEntry r11="0.35734308" r12="0.3396113" r13="-0.8700398" r14="0" r21="-0.20792304" r22="0.93709683" r23="0.280388" r24="0" r31="0.9105345" r32="0.08070683" r33="0.40547812" r34="0" r41="-1687.7971" r42="456.4532" r43="-1613.1594" r44="1"></containerEntry>
          <containerEntry r11="0.46290576" r12="-0.37250337" r13="0.8043369" r14="0" r21="0.22020462" r22="0.92729324" r23="0.302716" r24="0" r31="-0.858619" r32="0.036990255" r33="0.51127654" r34="0" r41="-1676.1395" r42="457.08386" r43="-1616.8062" r44="1"></containerEntry>
          <containerEntry r11="0.45961645" r12="-0.08362257" r13="-0.88417184" r14="0" r21="-0.30614373" r22="0.9196208" r23="-0.24611697" r24="0" r31="0.8336837" r32="0.3838031" r33="0.39707232" r34="0" r41="-1689.676" r42="455.5244" r43="-1626.3392" r44="1"></containerEntry>
          <containerEntry r11="0.9038356" r12="-0.36894256" r13="-0.21670839" r14="0" r21="0.34800714" r22="0.92852545" r23="-0.12935022" r24="0" r31="0.24894208" r32="0.04149523" r33="0.967629" r34="0" r41="-1695.9506" r42="455.64368" r43="-1611.9309" r44="1"></containerEntry>
          <containerEntry r11="-0.3975129" r12="0.43031427" r13="0.8104414" r14="0" r21="0.4255971" r22="0.86893564" r23="-0.25262251" r24="0" r31="-0.81292844" r32="0.24450077" r33="-0.52855366" r34="0" r41="-1683.8346" r42="456.04803" r43="-1618.9587" r44="1"></containerEntry>
          <containerEntry r11="0.9999123" r12="0.013243709" r13="0" r14="0" r21="-0.013243709" r22="0.9999123" r23="0" r24="0" r31="0" r32="0" r33="1" r34="0" r41="-1670.0243" r42="455.4017" r43="-1634.6852" r44="1"></containerEntry>
          <containerEntry r11="0.16057956" r12="-0.27348307" r13="0.94837785" r14="0" r21="0.12702364" r22="0.9585832" r23="0.25491822" r24="0" r31="-0.97881484" r32="0.0795319" r33="0.18866771" r34="0" r41="-1684.8488" r42="453.6473" r43="-1644.04" r44="1"></containerEntry>
          <containerEntry r11="0.9999123" r12="0.013243709" r13="0" r14="0" r21="-0.013243709" r22="0.9999123" r23="0" r24="0" r31="0" r32="0" r33="1" r34="0" r41="-1669.7413" r42="454.59497" r43="-1639.8048" r44="1"></containerEntry>
          <containerEntry r11="-0.16099277" r12="0.5890305" r13="0.791912" r14="0" r21="-0.13088265" r22="0.78255004" r23="-0.608675" r24="0" r31="-0.9782389" r32="-0.20163976" r33="-0.048891008" r34="0" r41="-1689.418" r42="453.59576" r43="-1644.0326" r44="1"></containerEntry>
          <containerEntry r11="0.68150103" r12="-0.6764286" r13="0.2792864" r14="0" r21="0.6860787" r22="0.7233536" r23="0.07781869" r24="0" r31="-0.25466165" r32="0.13857888" r33="0.9570493" r34="0" r41="-1680.8184" r42="453.9596" r43="-1642.707" r44="1"></containerEntry>
          <containerEntry r11="0.99980456" r12="-0.019737992" r13="0.0011074364" r14="0" r21="0.019737992" r22="0.99352896" r23="-0.11185063" r24="0" r31="0.0011074364" r32="0.11185063" r33="0.9937244" r34="0" r41="-1721.2351" r42="452.08203" r43="-1630.3016" r44="1"></containerEntry>
          <containerEntry r11="0.89054" r12="0.03588566" r13="0.453487" r14="0" r21="0.0574485" r22="0.98003054" r23="-0.19036739" r24="0" r31="-0.45126256" r32="0.19558193" r33="0.8706949" r34="0" r41="-1705.7429" r42="451.88538" r43="-1632.4436" r44="1"></containerEntry>
          <containerEntry r11="0.83875257" r12="0.057491176" r13="-0.5414691" r14="0" r21="-0.11895684" r22="0.98973715" r23="-0.0791812" r24="0" r31="0.5313598" r32="0.13082491" r33="0.8369835" r34="0" r41="-1726.8453" r42="451.17752" r43="-1638.7244" r44="1"></containerEntry>
          <containerEntry r11="0.8230917" r12="-0.52390474" r13="-0.21918824" r14="0" r21="0.4084013" r22="0.81424004" r23="-0.41257858" r24="0" r31="0.3946239" r32="0.25007302" r33="0.8841579" r34="0" r41="-1716.5388" r42="450.93692" r43="-1635.0522" r44="1"></containerEntry>
          <containerEntry r11="-0.8917946" r12="-0.10239409" r13="0.44069764" r14="0" r21="-0.1597176" r22="0.9825902" r23="-0.0949043" r24="0" r31="-0.4233075" r32="-0.15502255" r33="-0.89262277" r34="0" r41="-1704.9893" r42="456.6055" r43="-1597.909" r44="1"></containerEntry>
          <containerEntry r11="-0.50039506" r12="-0.6413989" r13="0.5815605" r14="0" r21="-0.22867087" r22="0.74576163" r23="0.625739" r24="0" r31="-0.8350538" r32="0.18013066" r33="-0.5198448" r34="0" r41="-1714.6792" r42="450.61978" r43="-1663.003" r44="1"></containerEntry>
          <containerEntry r11="0.81733745" r12="0.29372433" r13="0.49566653" r14="0" r21="-0.31809238" r22="0.947343" r23="-0.036857143" r24="0" r31="-0.48039207" r32="-0.1275431" r33="0.86773044" r34="0" r41="-1716.9448" r42="450.24048" r43="-1642.3105" r44="1"></containerEntry>
          <containerEntry r11="-0.7209085" r12="0.44264933" r13="0.5332477" r14="0" r21="-0.27602366" r22="-0.88917345" r23="0.36494148" r24="0" r31="0.63569057" r32="0.115900345" r33="0.7631938" r34="0" r41="-1716.1714" r42="450.16357" r43="-1643.3137" r44="1"></containerEntry>
          <containerEntry r11="-0.032513943" r12="-0.47841406" r13="-0.87753075" r14="0" r21="-0.033116564" r22="0.8780299" r23="-0.47745842" r24="0" r31="0.9989212" r32="0.013536155" r33="-0.044391513" r34="0" r41="-1700.0309" r42="451.8965" r43="-1660.142" r44="1"></containerEntry>
          <containerEntry r11="0.52023184" r12="-0.413367" r13="-0.74731976" r14="0" r21="0.41194335" r22="0.8879865" r23="-0.20440817" r24="0" r31="0.74810547" r32="-0.20151365" r33="0.63224256" r34="0" r41="-1695.5912" r42="452.50854" r43="-1643.6532" r44="1"></containerEntry>
          <containerEntry r11="0.8266679" r12="0.2721955" r13="-0.49247327" r14="0" r21="-0.11947126" r22="0.9401627" r23="0.31909359" r24="0" r31="0.54986084" r32="-0.20494807" r33="0.8097219" r34="0" r41="-1696.2664" r42="454.87183" r43="-1621.5383" r44="1"></containerEntry>
        </property>
        <property name="colors" type="UInt32" container="DynamicArray" arraySize="26">
          <containerEntry>4294967295</containerEntry>
          <containerEntry>4294967295</containerEntry>
          <containerEntry>4294967295</containerEntry>
          <containerEntry>4294967295</containerEntry>
          <containerEntry>4294967295</containerEntry>
          <containerEntry>4294967295</containerEntry>
          <containerEntry>4294967295</containerEntry>
          <containerEntry>4294967295</containerEntry>
          <containerEntry>4294967295</containerEntry>
          <containerEntry>4294967295</containerEntry>
          <containerEntry>4294967295</containerEntry>
          <containerEntry>4294967295</containerEntry>
          <containerEntry>4294967295</containerEntry>
          <containerEntry>4294967295</containerEntry>
          <containerEntry>4294967295</containerEntry>
          <containerEntry>4294967295</containerEntry>
          <containerEntry>4294967295</containerEntry>
          <containerEntry>4294967295</containerEntry>
          <containerEntry>4294967295</containerEntry>
          <containerEntry>4294967295</containerEntry>
          <containerEntry>4294967295</containerEntry>
          <containerEntry>4294967295</containerEntry>
          <containerEntry>4294967295</containerEntry>
          <containerEntry>4294967295</containerEntry>
          <containerEntry>4294967295</containerEntry>
          <containerEntry>4294967295</containerEntry>
        </property>
      </staticProperties>
      <dynamicProperties></dynamicProperties>
    </entity>
    <entity class="StaticModelArray" classVersion="4" classID="0xD0" addr="0x2D7EB70" id="0x0">
      <staticProperties>
        <property name="name" type="String" container="StaticArray" arraySize="1">
          <containerEntry>StaticModelArray0002</containerEntry>
        </property>
        <property name="dataSet" type="EntityHandle" container="StaticArray" arraySize="1">
          <containerEntry>0x2F53C70</containerEntry>
        </property>
        <property name="modelFile" type="FilePtr" container="StaticArray" arraySize="1">
          <containerEntry>/Assets/tpp/environ/object/afghanistan/rock/afgh_rock001/scenes/afgh_rock001.fmdl</containerEntry>
        </property>
        <property name="geomFile" type="FilePtr" container="StaticArray" arraySize="1">
          <containerEntry>/Assets/tpp/environ/object/afghanistan/rock/afgh_rock001/scenes/afgh_rock001.geom</containerEntry>
        </property>
        <property name="isVisibleGeom" type="Bool" container="StaticArray" arraySize="1">
          <containerEntry>false</containerEntry>
        </property>
        <property name="lodFarSize" type="Float" container="StaticArray" arraySize="1">
          <containerEntry>-1</containerEntry>
        </property>
        <property name="lodNearSize" type="Float" container="StaticArray" arraySize="1">
          <containerEntry>-1</containerEntry>
        </property>
        <property name="lodPolygonSize" type="Float" container="StaticArray" arraySize="1">
          <containerEntry>-1</containerEntry>
        </property>
        <property name="drawRejectionLevel" type="Int32" container="StaticArray" arraySize="1">
          <containerEntry>8</containerEntry>
        </property>
        <property name="drawMode" type="Int32" container="StaticArray" arraySize="1">
          <containerEntry>0</containerEntry>
        </property>
        <property name="rejectFarRangeShadowCast" type="Int32" container="StaticArray" arraySize="1">
          <containerEntry>2</containerEntry>
        </property>
        <property name="parentLocator" type="EntityLink" container="StaticArray" arraySize="1">
          <containerEntry packagePathHash="0xB8A0BF169F98" archivePathHash="0xB8A0BF169F98" nameInArchiveHash="0xB8A0BF169F98">0x0</containerEntry>
        </property>
        <property name="transforms" type="Matrix4" container="DynamicArray" arraySize="16">
          <containerEntry r11="1" r12="0" r13="0" r14="0" r21="0" r22="1" r23="0" r24="0" r31="0" r32="0" r33="1" r34="0" r41="-1675.2168" r42="457.04068" r43="-1596.7137" r44="1"></containerEntry>
          <containerEntry r11="0.99991465" r12="-0.013004989" r13="-0.001237422" r14="0" r21="0.013004989" r22="0.9819709" r23="0.1885843" r24="0" r31="-0.001237422" r32="-0.1885843" r33="0.98205626" r34="0" r41="-1670.9684" r42="458.53592" r43="-1582.3838" r44="1"></containerEntry>
          <containerEntry r11="-0.27792728" r12="0.03511417" r13="0.9599581" r14="0" r21="-0.010155739" r22="0.9991684" r23="-0.039488688" r24="0" r31="-0.9605464" r32="-0.020724159" r33="-0.27733958" r34="0" r41="-1680.4106" r42="459.55197" r43="-1578.342" r44="1"></containerEntry>
          <containerEntry r11="0.9273438" r12="-0.105901815" r13="0.35891265" r14="0" r21="0.14567497" r22="0.9856252" r23="-0.0855675" r24="0" r31="-0.34469157" r32="0.13163508" r33="0.9294406" r34="0" r41="-1683.3063" r42="456.76627" r43="-1616.3174" r44="1"></containerEntry>
          <containerEntry r11="-0.502589" r12="0.3162506" r13="0.80460614" r14="0" r21="-0.0655953" r22="-0.94195783" r23="0.32926315" r24="0" r31="0.862034" r32="0.11270549" r33="0.494161" r34="0" r41="-1678.4205" r42="456.78018" r43="-1611.5962" r44="1"></containerEntry>
          <containerEntry r11="-0.07944491" r12="0.03176993" r13="0.99633306" r14="0" r21="0.588219" r22="0.8084258" r23="0.02112472" r24="0" r31="-0.8047902" r32="0.5877402" r33="-0.08291304" r34="0" r41="-1688.7888" r42="456.36716" r43="-1608.9872" r44="1"></containerEntry>
          <containerEntry r11="0.8477929" r12="0.26844642" r13="0.45736623" r14="0" r21="0.049834877" r22="0.8182792" r23="-0.57265675" r24="0" r31="-0.5279809" r32="0.5082871" r33="0.6803533" r34="0" r41="-1700.2648" r42="453.5408" r43="-1629.0707" r44="1"></containerEntry>
          <containerEntry r11="-0.75884247" r12="-0.012539275" r13="0.6511506" r14="0" r21="0.23124948" r22="0.9294772" r23="0.28739452" r24="0" r31="-0.6088333" r32="0.3686661" r33="-0.7024269" r34="0" r41="-1681.2297" r42="454.27643" r43="-1635.1097" r44="1"></containerEntry>
          <containerEntry r11="0.9999123" r12="0.013243709" r13="0" r14="0" r21="-0.013243709" r22="0.9999123" r23="0" r24="0" r31="0" r32="0" r33="1" r34="0" r41="-1680.3145" r42="453.88766" r43="-1641.4613" r44="1"></containerEntry>
          <containerEntry r11="-0.45342216" r12="-0.6802981" r13="-0.93895185" r14="0" r21="0.17838821" r22="0.95525855" r23="-0.77825725" r24="0" r31="1.1456935" r32="-0.41797277" r33="-0.25042456" r34="0" r41="-1709.2081" r42="468.4239" r43="-1570.538" r44="1"></containerEntry>
          <containerEntry r11="0.6267894" r12="-0.06052506" r13="0.77683437" r14="0" r21="0.51097083" r22="0.7846049" r23="-0.35114658" r24="0" r31="-0.5882548" r32="0.6170347" r33="0.5227086" r34="0" r41="-1707.7277" r42="455.74954" r43="-1603.1757" r44="1"></containerEntry>
          <containerEntry r11="0.99980456" r12="-0.019737992" r13="0.0011074364" r14="0" r21="0.019737992" r22="0.99352896" r23="-0.11185063" r24="0" r31="0.0011074364" r32="0.11185063" r33="0.9937244" r34="0" r41="-1717.3298" r42="452.40643" r43="-1625.9965" r44="1"></containerEntry>
          <containerEntry r11="0.99980456" r12="-0.019737992" r13="0.0011074364" r14="0" r21="0.019737992" r22="0.99352896" r23="-0.11185063" r24="0" r31="0.0011074364" r32="0.11185063" r33="0.9937244" r34="0" r41="-1703.9913" r42="454.65" r43="-1624.5258" r44="1"></containerEntry>
          <containerEntry r11="-0.093465276" r12="0.2655026" r13="0.9595681" r14="0" r21="0.1976746" r22="0.94954944" r23="-0.24347597" r24="0" r31="-0.9758008" r32="0.16692561" r33="-0.14123303" r34="0" r41="-1700.3857" r42="451.89804" r43="-1635.4222" r44="1"></containerEntry>
          <containerEntry r11="0.8501272" r12="0.2923169" r13="0.43798885" r14="0" r21="-0.25133902" r22="0.9561578" r23="-0.15030274" r24="0" r31="-0.4627225" r32="0.017692633" r33="0.8863265" r34="0" r41="-1706.3829" r42="450.62973" r43="-1644.2291" r44="1"></containerEntry>
          <containerEntry r11="0.99980456" r12="-0.019737992" r13="0.0011074364" r14="0" r21="0.019737992" r22="0.99352896" r23="-0.11185063" r24="0" r31="0.0011074364" r32="0.11185063" r33="0.9937244" r34="0" r41="-1728.3065" r42="449.83508" r43="-1646.5828" r44="1"></containerEntry>
        </property>
        <property name="colors" type="UInt32" container="DynamicArray" arraySize="16">
          <containerEntry>4294967295</containerEntry>
          <containerEntry>4294967295</containerEntry>
          <containerEntry>4294967295</containerEntry>
          <containerEntry>4294967295</containerEntry>
          <containerEntry>4294967295</containerEntry>
          <containerEntry>4294967295</containerEntry>
          <containerEntry>4294967295</containerEntry>
          <containerEntry>4294967295</containerEntry>
          <containerEntry>4294967295</containerEntry>
          <containerEntry>4294967295</containerEntry>
          <containerEntry>4294967295</containerEntry>
          <containerEntry>4294967295</containerEntry>
          <containerEntry>4294967295</containerEntry>
          <containerEntry>4294967295</containerEntry>
          <containerEntry>4294967295</containerEntry>
          <containerEntry>4294967295</containerEntry>
        </property>
      </staticProperties>
      <dynamicProperties></dynamicProperties>
    </entity>
    <entity class="StaticModelArray" classVersion="4" classID="0xD0" addr="0x2D7EA20" id="0x0">
      <staticProperties>
        <property name="name" type="String" container="StaticArray" arraySize="1">
          <containerEntry>StaticModelArray0003</containerEntry>
        </property>
        <property name="dataSet" type="EntityHandle" container="StaticArray" arraySize="1">
          <containerEntry>0x2F53C70</containerEntry>
        </property>
        <property name="modelFile" type="FilePtr" container="StaticArray" arraySize="1">
          <containerEntry>/Assets/tpp/environ/object/afghanistan/cliff/afgh_clff022/scenes/afgh_clff022_vrtn004.fmdl</containerEntry>
        </property>
        <property name="geomFile" type="FilePtr" container="StaticArray" arraySize="1">
          <containerEntry>/Assets/tpp/environ/object/afghanistan/cliff/afgh_clff022/scenes/afgh_clff022_vrtn004.geom</containerEntry>
        </property>
        <property name="isVisibleGeom" type="Bool" container="StaticArray" arraySize="1">
          <containerEntry>false</containerEntry>
        </property>
        <property name="lodFarSize" type="Float" container="StaticArray" arraySize="1">
          <containerEntry>-1</containerEntry>
        </property>
        <property name="lodNearSize" type="Float" container="StaticArray" arraySize="1">
          <containerEntry>-1</containerEntry>
        </property>
        <property name="lodPolygonSize" type="Float" container="StaticArray" arraySize="1">
          <containerEntry>-1</containerEntry>
        </property>
        <property name="drawRejectionLevel" type="Int32" container="StaticArray" arraySize="1">
          <containerEntry>8</containerEntry>
        </property>
        <property name="drawMode" type="Int32" container="StaticArray" arraySize="1">
          <containerEntry>0</containerEntry>
        </property>
        <property name="rejectFarRangeShadowCast" type="Int32" container="StaticArray" arraySize="1">
          <containerEntry>2</containerEntry>
        </property>
        <property name="parentLocator" type="EntityLink" container="StaticArray" arraySize="1">
          <containerEntry packagePathHash="0xB8A0BF169F98" archivePathHash="0xB8A0BF169F98" nameInArchiveHash="0xB8A0BF169F98">0x0</containerEntry>
        </property>
        <property name="transforms" type="Matrix4" container="DynamicArray" arraySize="4">
          <containerEntry r11="-0.94769835" r12="0" r13="0.31915525" r14="0" r21="0" r22="1" r23="0" r24="0" r31="-0.31915525" r32="0" r33="-0.94769835" r34="0" r41="-1682.4766" r42="466.1496" r43="-1563.6865" r44="1"></containerEntry>
          <containerEntry r11="-0.84796464" r12="0" r13="-0.5300489" r14="0" r21="0" r22="1" r23="0" r24="0" r31="0.5300489" r32="0" r33="-0.84796464" r34="0" r41="-1743.6165" r42="461.94168" r43="-1617.5149" r44="1"></containerEntry>
          <containerEntry r11="-0.95109487" r12="-0.038334254" r13="-0.30650678" r14="0" r21="-0.09119907" r22="0.9828845" r23="0.16006467" r24="0" r31="0.2951248" r32="0.18019006" r33="-0.9383124" r34="0" r41="-1708.6807" r42="467.0424" r43="-1574.201" r44="1"></containerEntry>
          <containerEntry r11="-1.2797254" r12="0.01335972" r13="-0.7823645" r14="0" r21="-0.146878" r22="1.4690211" r23="0.26533663" r24="0" r31="0.7685697" r32="0.30298215" r33="-1.2519875" r34="0" r41="-1752.5999" r42="466.91922" r43="-1595.7594" r44="1"></containerEntry>
        </property>
        <property name="colors" type="UInt32" container="DynamicArray" arraySize="4">
          <containerEntry>4294967295</containerEntry>
          <containerEntry>4294967295</containerEntry>
          <containerEntry>4294967295</containerEntry>
          <containerEntry>4294967295</containerEntry>
        </property>
      </staticProperties>
      <dynamicProperties></dynamicProperties>
    </entity>
    <entity class="StaticModelArray" classVersion="4" classID="0xD0" addr="0x2D7C640" id="0x0">
      <staticProperties>
        <property name="name" type="String" container="StaticArray" arraySize="1">
          <containerEntry>StaticModelArray0004</containerEntry>
        </property>
        <property name="dataSet" type="EntityHandle" container="StaticArray" arraySize="1">
          <containerEntry>0x2F53C70</containerEntry>
        </property>
        <property name="modelFile" type="FilePtr" container="StaticArray" arraySize="1">
          <containerEntry>/Assets/tpp/environ/object/afghanistan/cliff/afgh_clff013/scenes/afgh_clff013.fmdl</containerEntry>
        </property>
        <property name="geomFile" type="FilePtr" container="StaticArray" arraySize="1">
          <containerEntry>/Assets/tpp/environ/object/afghanistan/cliff/afgh_clff013/scenes/afgh_clff013.geom</containerEntry>
        </property>
        <property name="isVisibleGeom" type="Bool" container="StaticArray" arraySize="1">
          <containerEntry>false</containerEntry>
        </property>
        <property name="lodFarSize" type="Float" container="StaticArray" arraySize="1">
          <containerEntry>-1</containerEntry>
        </property>
        <property name="lodNearSize" type="Float" container="StaticArray" arraySize="1">
          <containerEntry>-1</containerEntry>
        </property>
        <property name="lodPolygonSize" type="Float" container="StaticArray" arraySize="1">
          <containerEntry>-1</containerEntry>
        </property>
        <property name="drawRejectionLevel" type="Int32" container="StaticArray" arraySize="1">
          <containerEntry>8</containerEntry>
        </property>
        <property name="drawMode" type="Int32" container="StaticArray" arraySize="1">
          <containerEntry>0</containerEntry>
        </property>
        <property name="rejectFarRangeShadowCast" type="Int32" container="StaticArray" arraySize="1">
          <containerEntry>2</containerEntry>
        </property>
        <property name="parentLocator" type="EntityLink" container="StaticArray" arraySize="1">
          <containerEntry packagePathHash="0xB8A0BF169F98" archivePathHash="0xB8A0BF169F98" nameInArchiveHash="0xB8A0BF169F98">0x0</containerEntry>
        </property>
