<fox formatVersion="2" fileVersion="0">
  <entities>
    <entity class="DataSet" classVersion="0" classID="0xE8" addr="0x2F52D20" id="0x5E47C">
      <staticProperties>
        <property name="name" type="String" container="StaticArray" arraySize="1">
          <containerEntry hash="0xB8A0BF169F98"></containerEntry>
        </property>
        <property name="dataSet" type="EntityHandle" container="StaticArray" arraySize="1">
          <containerEntry>0x0</containerEntry>
        </property>
        <property name="dataList" type="EntityPtr" container="StringMap" arraySize="11">
          <containerEntry key="StaticModelArray0000">
            <data>0x2F501D0</data>
          </containerEntry>
          <containerEntry key="StaticModelArray0001">
            <data>0x2F50240</data>
          </containerEntry>
          <containerEntry key="StaticModelArray0002">
            <data>0x2D7FB30</data>
          </containerEntry>
          <containerEntry key="StaticModelArray0003">
            <data>0x2D7F9E0</data>
          </containerEntry>
          <containerEntry key="StaticModelArray0004">
            <data>0x2D7F900</data>
          </containerEntry>
          <containerEntry key="StaticModelArray0005">
            <data>0x2D7FBA0</data>
          </containerEntry>
          <containerEntry key="StaticModelArray0006">
            <data>0x2D7FE40</data>
          </containerEntry>
          <containerEntry key="StaticModelArray0007">
            <data>0x2D7D590</data>
          </containerEntry>
          <containerEntry key="StaticModelArray0008">
            <data>0x2D7F970</data>
          </containerEntry>
          <containerEntry key="StaticModelArray0009">
            <data>0x2D7FA50</data>
          </containerEntry>
          <containerEntry key="TexturePackLoadConditioner0000">
            <data>0x2F508D0</data>
          </containerEntry>
        </property>
      </staticProperties>
      <dynamicProperties></dynamicProperties>
    </entity>
    <entity class="StaticModelArray" classVersion="4" classID="0xD0" addr="0x2F501D0" id="0x0">
      <staticProperties>
        <property name="name" type="String" container="StaticArray" arraySize="1">
          <containerEntry>StaticModelArray0000</containerEntry>
        </property>
        <property name="dataSet" type="EntityHandle" container="StaticArray" arraySize="1">
          <containerEntry>0x2F52D20</containerEntry>
        </property>
        <property name="modelFile" type="FilePtr" container="StaticArray" arraySize="1">
          <containerEntry>/Assets/tpp/environ/object/afghanistan/cliff/afgh_clff022/scenes/afgh_clff022_vrtn002.fmdl</containerEntry>
        </property>
        <property name="geomFile" type="FilePtr" container="StaticArray" arraySize="1">
          <containerEntry>/Assets/tpp/environ/object/afghanistan/cliff/afgh_clff022/scenes/afgh_clff022_vrtn002.geom</containerEntry>
        </property>
        <property name="isVisibleGeom" type="Bool" container="StaticArray" arraySize="1">
          <containerEntry>false</containerEntry>
        </property>
        <property name="lodFarSize" type="Float" container="StaticArray" arraySize="1">
          <containerEntry>-1</containerEntry>
        </property>
        <property name="lodNearSize" type="Float" container="StaticArray" arraySize="1">
          <containerEntry>-1</containerEntry>
        </property>
        <property name="lodPolygonSize" type="Float" container="StaticArray" arraySize="1">
          <containerEntry>-1</containerEntry>
        </property>
        <property name="drawRejectionLevel" type="Int32" container="StaticArray" arraySize="1">
          <containerEntry>8</containerEntry>
        </property>
        <property name="drawMode" type="Int32" container="StaticArray" arraySize="1">
          <containerEntry>0</containerEntry>
        </property>
        <property name="rejectFarRangeShadowCast" type="Int32" container="StaticArray" arraySize="1">
          <containerEntry>2</containerEntry>
        </property>
        <property name="parentLocator" type="EntityLink" container="StaticArray" arraySize="1">
          <containerEntry packagePathHash="0xB8A0BF169F98" archivePathHash="0xB8A0BF169F98" nameInArchiveHash="0xB8A0BF169F98">0x0</containerEntry>
        </property>
        <property name="transforms" type="Matrix4" container="DynamicArray" arraySize="5">
          <containerEntry r11="-0.97135824" r12="0.05480174" r13="-0.23122054" r14="0" r21="0.07867163" r22="0.9923344" r23="-0.09530545" r24="0" r31="0.22422522" r32="-0.110766076" r33="-0.9682236" r34="0" r41="1003.7131" r42="337.93246" r43="1464.8213" r44="1"></containerEntry>
          <containerEntry r11="-0.61088866" r12="0.0777127" r13="0.78789407" r14="0" r21="0.024950322" r22="0.9965663" r23="-0.07894974" r24="0" r31="-0.7913241" r32="-0.028571248" r33="-0.61073" r34="0" r41="962.0094" r42="333.25732" r43="1464.1036" r44="1"></containerEntry>
          <containerEntry r11="-0.90499157" r12="0.12364431" r13="0.40706682" r14="0" r21="0.09075485" r22="0.9909183" r23="-0.0992198" r24="0" r31="-0.4156379" r32="-0.052849755" r33="-0.907994" r34="0" r41="980.6632" r42="352.16592" r43="1512.2183" r44="1"></containerEntry>
          <containerEntry r11="-0.61042196" r12="-0.019480765" r13="0.79183763" r14="0" r21="-0.034522034" r22="0.99940187" r23="-0.0020255093" r24="0" r31="-0.79132456" r32="-0.02857225" r33="-0.61072934" r34="0" r41="928.7883" r42="342.71973" r43="1514.3158" r44="1"></containerEntry>
          <containerEntry r11="0.011383075" r12="-0.07925233" r13="-0.9967895" r14="0" r21="0.024950761" r22="0.9965663" r23="-0.07894966" r24="0" r31="0.99962384" r32="-0.023971979" r33="0.0133214" r34="0" r41="1020.57184" r42="342.65622" r43="1486.3512" r44="1"></containerEntry>
        </property>
        <property name="colors" type="UInt32" container="DynamicArray" arraySize="5">
          <containerEntry>4294967295</containerEntry>
          <containerEntry>4294967295</containerEntry>
          <containerEntry>4294967295</containerEntry>
          <containerEntry>4294967295</containerEntry>
          <containerEntry>4294967295</containerEntry>
        </property>
      </staticProperties>
      <dynamicProperties></dynamicProperties>
    </entity>
    <entity class="StaticModelArray" classVersion="4" classID="0xD0" addr="0x2F50240" id="0x0">
      <staticProperties>
        <property name="name" type="String" container="StaticArray" arraySize="1">
          <containerEntry>StaticModelArray0001</containerEntry>
        </property>
        <property name="dataSet" type="EntityHandle" container="StaticArray" arraySize="1">
          <containerEntry>0x2F52D20</containerEntry>
        </property>
        <property name="modelFile" type="FilePtr" container="StaticArray" arraySize="1">
          <containerEntry>/Assets/tpp/environ/object/afghanistan/cliff/afgh_clff022/scenes/afgh_clff022_vrtn001.fmdl</containerEntry>
        </property>
        <property name="geomFile" type="FilePtr" container="StaticArray" arraySize="1">
          <containerEntry>/Assets/tpp/environ/object/afghanistan/cliff/afgh_clff022/scenes/afgh_clff022_vrtn001.geom</containerEntry>
        </property>
        <property name="isVisibleGeom" type="Bool" container="StaticArray" arraySize="1">
          <containerEntry>false</containerEntry>
        </property>
        <property name="lodFarSize" type="Float" container="StaticArray" arraySize="1">
          <containerEntry>-1</containerEntry>
        </property>
        <property name="lodNearSize" type="Float" container="StaticArray" arraySize="1">
          <containerEntry>-1</containerEntry>
        </property>
        <property name="lodPolygonSize" type="Float" container="StaticArray" arraySize="1">
          <containerEntry>-1</containerEntry>
        </property>
        <property name="drawRejectionLevel" type="Int32" container="StaticArray" arraySize="1">
          <containerEntry>8</containerEntry>
        </property>
        <property name="drawMode" type="Int32" container="StaticArray" arraySize="1">
          <containerEntry>0</containerEntry>
        </property>
        <property name="rejectFarRangeShadowCast" type="Int32" container="StaticArray" arraySize="1">
          <containerEntry>2</containerEntry>
        </property>
        <property name="parentLocator" type="EntityLink" container="StaticArray" arraySize="1">
          <containerEntry packagePathHash="0xB8A0BF169F98" archivePathHash="0xB8A0BF169F98" nameInArchiveHash="0xB8A0BF169F98">0x0</containerEntry>
        </property>
        <property name="transforms" type="Matrix4" container="DynamicArray" arraySize="7">
          <containerEntry r11="-0.7487527" r12="0" r13="-0.92491657" r14="0" r21="0" r22="1.19" r23="0" r24="0" r31="0.92491657" r32="0" r33="-0.7487527" r34="0" r41="940.43604" r42="337.69525" r43="1495.5007" r44="1"></containerEntry>
          <containerEntry r11="0.20682073" r12="0" r13="-1.1718903" r14="0" r21="0" r22="1.19" r23="0" r24="0" r31="1.1718903" r32="0" r33="0.20682073" r34="0" r41="950.27997" r42="336.66254" r43="1482.9625" r44="1"></containerEntry>
          <containerEntry r11="-0.3761776" r12="-0.023123214" r13="-1.1287439" r14="0" r21="-0.14804499" r22="1.1804872" r23="0.025155557" r24="0" r31="1.1192319" r32="0.148376" r33="-0.37604716" r34="0" r41="976.1918" r42="340.61414" r43="1461.2434" r44="1"></containerEntry>
          <containerEntry r11="-1.0971867" r12="-0.095049836" r13="-0.45082808" r14="0" r21="-0.00752346" r22="1.1679429" r23="-0.22793195" r24="0" r31="0.46067753" r32="-0.20730436" r33="-1.0774508" r34="0" r41="975.92957" r42="329.3573" r43="1437.0029" r44="1"></containerEntry>
          <containerEntry r11="1.1110263" r12="0" r13="-0.42628726" r14="0" r21="0" r22="1.19" r23="0" r24="0" r31="0.42628726" r32="0" r33="1.1110263" r34="0" r41="976.12744" r42="334.0611" r43="1446.346" r44="1"></containerEntry>
          <containerEntry r11="-0.78371394" r12="-0.045123745" r13="0.8943531" r14="0" r21="0.003326391" r22="1.1883334" r23="0.06287127" r24="0" r31="-0.89548457" r32="0.043905675" r33="-0.7824902" r34="0" r41="1011.7781" r42="340.94412" r43="1468.98" r44="1"></containerEntry>
          <containerEntry r11="-0.5607728" r12="0" r13="1.0495887" r14="0" r21="0" r22="1.19" r23="0" r24="0" r31="-1.0495887" r32="0" r33="-0.5607728" r34="0" r41="908.0683" r42="344.25394" r43="1530.4749" r44="1"></containerEntry>
        </property>
        <property name="colors" type="UInt32" container="DynamicArray" arraySize="7">
          <containerEntry>4294967295</containerEntry>
          <containerEntry>4294967295</containerEntry>
          <containerEntry>4294967295</containerEntry>
          <containerEntry>4294967295</containerEntry>
          <containerEntry>4294967295</containerEntry>
          <containerEntry>4294967295</containerEntry>
          <containerEntry>4294967295</containerEntry>
        </property>
      </staticProperties>
      <dynamicProperties></dynamicProperties>
    </entity>
    <entity class="StaticModelArray" classVersion="4" classID="0xD0" addr="0x2D7FB30" id="0x0">
      <staticProperties>
        <property name="name" type="String" container="StaticArray" arraySize="1">
          <containerEntry>StaticModelArray0002</containerEntry>
        </property>
        <property name="dataSet" type="EntityHandle" container="StaticArray" arraySize="1">
          <containerEntry>0x2F52D20</containerEntry>
        </property>
        <property name="modelFile" type="FilePtr" container="StaticArray" arraySize="1">
          <containerEntry>/Assets/tpp/environ/object/afghanistan/rock/afgh_rock010/scenes/afgh_rock010_vrtn001.fmdl</containerEntry>
        </property>
        <property name="geomFile" type="FilePtr" container="StaticArray" arraySize="1">
          <containerEntry>/Assets/tpp/environ/object/afghanistan/rock/afgh_rock010/scenes/afgh_rock010_vrtn001.geom</containerEntry>
        </property>
        <property name="isVisibleGeom" type="Bool" container="StaticArray" arraySize="1">
          <containerEntry>false</containerEntry>
        </property>
        <property name="lodFarSize" type="Float" container="StaticArray" arraySize="1">
          <containerEntry>-1</containerEntry>
        </property>
        <property name="lodNearSize" type="Float" container="StaticArray" arraySize="1">
          <containerEntry>-1</containerEntry>
        </property>
        <property name="lodPolygonSize" type="Float" container="StaticArray" arraySize="1">
          <containerEntry>-1</containerEntry>
        </property>
        <property name="drawRejectionLevel" type="Int32" container="StaticArray" arraySize="1">
          <containerEntry>7</containerEntry>
        </property>
        <property name="drawMode" type="Int32" container="StaticArray" arraySize="1">
          <containerEntry>0</containerEntry>
        </property>
        <property name="rejectFarRangeShadowCast" type="Int32" container="StaticArray" arraySize="1">
          <containerEntry>2</containerEntry>
        </property>
        <property name="parentLocator" type="EntityLink" container="StaticArray" arraySize="1">
          <containerEntry packagePathHash="0xB8A0BF169F98" archivePathHash="0xB8A0BF169F98" nameInArchiveHash="0xB8A0BF169F98">0x0</containerEntry>
        </property>
        <property name="transforms" type="Matrix4" container="DynamicArray" arraySize="3">
          <containerEntry r11="-0.08421296" r12="0.812186" r13="0.5772885" r14="0" r21="-0.24676669" r22="-0.5782987" r23="0.7776096" r24="0" r31="0.9654089" r32="-0.076970726" r33="0.24912074" r34="0" r41="968.533" r42="334.3598" r43="1461.643" r44="1"></containerEntry>
          <containerEntry r11="-0.11566657" r12="0.061951257" r13="-0.99135333" r14="0" r21="0.26659632" r22="-0.95949465" r23="-0.0910659" r24="0" r31="-0.9568415" r32="-0.27482474" r33="0.09446739" r34="0" r41="958.4518" r42="346.49377" r43="1505.1549" r44="1"></containerEntry>
          <containerEntry r11="-0.30135283" r12="0.94749475" r13="0.10695127" r14="0" r21="0.60670507" r22="0.27706778" r23="-0.7450782" r24="0" r31="-0.7355908" r32="-0.15964416" r33="-0.65834475" r34="0" r41="996.6189" r42="343.88574" r43="1482.022" r44="1"></containerEntry>
        </property>
        <property name="colors" type="UInt32" container="DynamicArray" arraySize="3">
          <containerEntry>4294967295</containerEntry>
          <containerEntry>4294967295</containerEntry>
          <containerEntry>4294967295</containerEntry>
        </property>
      </staticProperties>
      <dynamicProperties></dynamicProperties>
    </entity>
    <entity class="StaticModelArray" classVersion="4" classID="0xD0" addr="0x2D7F9E0" id="0x0">
      <staticProperties>
        <property name="name" type="String" container="StaticArray" arraySize="1">
          <containerEntry>StaticModelArray0003</containerEntry>
        </property>
        <property name="dataSet" type="EntityHandle" container="StaticArray" arraySize="1">
          <containerEntry>0x2F52D20</containerEntry>
        </property>
        <property name="modelFile" type="FilePtr" container="StaticArray" arraySize="1">
          <containerEntry>/Assets/tpp/environ/object/afghanistan/rock/afgh_rock009/scenes/afgh_rock009_rock001.fmdl</containerEntry>
        </property>
        <property name="geomFile" type="FilePtr" container="StaticArray" arraySize="1">
          <containerEntry>/Assets/tpp/environ/object/afghanistan/rock/afgh_rock009/scenes/afgh_rock009_rock001.geom</containerEntry>
        </property>
        <property name="isVisibleGeom" type="Bool" container="StaticArray" arraySize="1">
          <containerEntry>false</containerEntry>
        </property>
        <property name="lodFarSize" type="Float" container="StaticArray" arraySize="1">
          <containerEntry>-1</containerEntry>
        </property>
        <property name="lodNearSize" type="Float" container="StaticArray" arraySize="1">
          <containerEntry>-1</containerEntry>
        </property>
        <property name="lodPolygonSize" type="Float" container="StaticArray" arraySize="1">
          <containerEntry>-1</containerEntry>
        </property>
        <property name="drawRejectionLevel" type="Int32" container="StaticArray" arraySize="1">
          <containerEntry>8</containerEntry>
        </property>
        <property name="drawMode" type="Int32" container="StaticArray" arraySize="1">
          <containerEntry>0</containerEntry>
        </property>
        <property name="rejectFarRangeShadowCast" type="Int32" container="StaticArray" arraySize="1">
          <containerEntry>2</containerEntry>
        </property>
        <property name="parentLocator" type="EntityLink" container="StaticArray" arraySize="1">
          <containerEntry packagePathHash="0xB8A0BF169F98" archivePathHash="0xB8A0BF169F98" nameInArchiveHash="0xB8A0BF169F98">0x0</containerEntry>
        </property>
        <property name="transforms" type="Matrix4" container="DynamicArray" arraySize="7">
          <containerEntry r11="-0.30953124" r12="-0.34134758" r13="-0.88750875" r14="0" r21="0.020382598" r22="0.9307501" r23="-0.36508745" r24="0" r31="0.9506706" r32="-0.13109578" r33="-0.28113866" r34="0" r41="999.66455" r42="327.00037" r43="1444.5302" r44="1"></containerEntry>
          <containerEntry r11="0.8806077" r12="0.15103316" r13="-0.44913134" r14="0" r21="-0.18138835" r22="0.98309237" r23="-0.025053754" r24="0" r31="0.43775365" r32="0.10352975" r33="0.8931144" r34="0" r41="990.2704" r42="326.7218" r43="1440.0837" r44="1"></containerEntry>
          <containerEntry r11="0.8306264" r12="0.42438027" r13="-0.36050045" r14="0" r21="-0.2791287" r22="0.87753594" r23="0.38989416" r24="0" r31="0.4818157" r32="-0.2232301" r33="0.8473615" r34="0" r41="992.75604" r42="328.27133" r43="1449.2306" r44="1"></containerEntry>
          <containerEntry r11="0.7814339" r12="-0.3830213" r13="-0.49260074" r14="0" r21="0.42100894" r22="0.9063082" r23="-0.036834523" r24="0" r31="0.46055645" r32="-0.17860572" r33="0.8694754" r34="0" r41="1008.1666" r42="325.32642" r43="1427.4546" r44="1"></containerEntry>
          <containerEntry r11="-0.70171654" r12="0.20136198" r13="0.6834027" r14="0" r21="0.16679984" r22="0.9790018" r23="-0.11718813" r24="0" r31="-0.6926498" r32="0.03175842" r33="-0.72056895" r34="0" r41="1009.20465" r42="343.8073" r43="1477.0271" r44="1"></containerEntry>
          <containerEntry r11="-0.6780641" r12="-0.38302022" r13="-0.6273119" r14="0" r21="-0.1445443" r22="0.9063087" r23="-0.3971287" r24="0" r31="0.7206467" r32="-0.17860512" r33="-0.6698987" r34="0" r41="1008.3254" r42="321.2003" r43="1413.8031" r44="1"></containerEntry>
          <containerEntry r11="0.642051" r12="0.017861724" r13="0.76645255" r14="0" r21="0.017701007" r22="-0.9998019" r23="0.008471934" r24="0" r31="0.76645625" r32="0.008127615" r33="-0.6422379" r34="0" r41="917.3249" r42="328.7924" r43="1512.2274" r44="1"></containerEntry>
        </property>
        <property name="colors" type="UInt32" container="DynamicArray" arraySize="7">
          <containerEntry>4294967295</containerEntry>
          <containerEntry>4294967295</containerEntry>
          <containerEntry>4294967295</containerEntry>
          <containerEntry>4294967295</containerEntry>
          <containerEntry>4294967295</containerEntry>
          <containerEntry>4294967295</containerEntry>
          <containerEntry>4294967295</containerEntry>
        </property>
      </staticProperties>
      <dynamicProperties></dynamicProperties>
    </entity>
    <entity class="StaticModelArray" classVersion="4" classID="0xD0" addr="0x2D7F900" id="0x0">
      <staticProperties>
        <property name="name" type="String" container="StaticArray" arraySize="1">
          <containerEntry>StaticModelArray0004</containerEntry>
        </property>
        <property name="dataSet" type="EntityHandle" container="StaticArray" arraySize="1">
          <containerEntry>0x2F52D20</containerEntry>
        </property>
        <property name="modelFile" type="FilePtr" container="StaticArray" arraySize="1">
          <containerEntry>/Assets/tpp/environ/object/afghanistan/cliff/afgh_clff025/scenes/afgh_clff025.fmdl</containerEntry>
        </property>
        <property name="geomFile" type="FilePtr" container="StaticArray" arraySize="1">
          <containerEntry>/Assets/tpp/environ/object/afghanistan/cliff/afgh_clff025/scenes/afgh_clff025.geom</containerEntry>
        </property>
        <property name="isVisibleGeom" type="Bool" container="StaticArray" arraySize="1">
          <containerEntry>false</containerEntry>
        </property>
        <property name="lodFarSize" type="Float" container="StaticArray" arraySize="1">
          <containerEntry>-1</containerEntry>
        </property>
        <property name="lodNearSize" type="Float" container="StaticArray" arraySize="1">
          <containerEntry>-1</containerEntry>
        </property>
        <property name="lodPolygonSize" type="Float" container="StaticArray" arraySize="1">
          <containerEntry>-1</containerEntry>
        </property>
        <property name="drawRejectionLevel" type="Int32" container="StaticArray" arraySize="1">
          <containerEntry>8</containerEntry>
        </property>
        <property name="drawMode" type="Int32" container="StaticArray" arraySize="1">
          <containerEntry>0</containerEntry>
        </property>
        <property name="rejectFarRangeShadowCast" type="Int32" container="StaticArray" arraySize="1">
          <containerEntry>2</containerEntry>
        </property>
        <property name="parentLocator" type="EntityLink" container="StaticArray" arraySize="1">
          <containerEntry packagePathHash="0xB8A0BF169F98" archivePathHash="0xB8A0BF169F98" nameInArchiveHash="0xB8A0BF169F98">0x0</containerEntry>
        </property>
        <property name="transforms" type="Matrix4" container="DynamicArray" arraySize="4">
          <containerEntry r11="-0.6266077" r12="-0.014412162" r13="-0.779195" r14="0" r21="-0.017375613" r22="0.99983877" r23="-0.004520108" r24="0" r31="0.7791346" r32="0.010706675" r33="-0.62675714" r34="0" r41="970.46027" r42="321.5326" r43="1418.8003" r44="1"></containerEntry>
          <containerEntry r11="-0.33884048" r12="-0.010141179" r13="-0.94078565" r14="0" r21="-0.017375682" r22="0.9998388" r23="-0.00451951" r24="0" r31="0.9406798" r32="0.014815425" r33="-0.33896208" r34="0" r41="962.90063" r42="321.62228" r43="1407.1853" r44="1"></containerEntry>
          <containerEntry r11="0.91464376" r12="0.0121230455" r13="-0.40407872" r14="0" r21="-0.014834437" r22="0.99988353" r23="-0.003579961" r24="0" r31="0.40398824" r32="0.009268677" r33="0.9147171" r34="0" r41="916.0386" r42="322.9758" r43="1460.8065" r44="1"></containerEntry>
          <containerEntry r11="0.7380117" r12="0.02643592" r13="-0.67426944" r14="0" r21="-0.033336237" r22="0.99944055" r23="0.0026971502" r24="0" r31="0.67396355" r32="0.020487104" r33="0.7384801" r34="0" r41="923.97107" r42="323.4032" r43="1454.0323" r44="1"></containerEntry>
        </property>
        <property name="colors" type="UInt32" container="DynamicArray" arraySize="4">
          <containerEntry>4294967295</containerEntry>
          <containerEntry>4294967295</containerEntry>
          <containerEntry>4294967295</containerEntry>
          <containerEntry>4294967295</containerEntry>
        </property>
      </staticProperties>
      <dynamicProperties></dynamicProperties>
    </entity>
    <entity class="StaticModelArray" classVersion="4" classID="0xD0" addr="0x2D7FBA0" id="0x0">
      <staticProperties>
        <property name="name" type="String" container="StaticArray" arraySize="1">
          <containerEntry>StaticModelArray0005</containerEntry>
        </property>
        <property name="dataSet" type="EntityHandle" container="StaticArray" arraySize="1">
          <containerEntry>0x2F52D20</containerEntry>
        </property>
        <property name="modelFile" type="FilePtr" container="StaticArray" arraySize="1">
          <containerEntry>/Assets/tpp/environ/object/afghanistan/cliff/afgh_clff013/scenes/afgh_clff013.fmdl</containerEntry>
        </property>
        <property name="geomFile" type="FilePtr" container="StaticArray" arraySize="1">
          <containerEntry>/Assets/tpp/environ/object/afghanistan/cliff/afgh_clff013/scenes/afgh_clff013.geom</containerEntry>
        </property>
        <property name="isVisibleGeom" type="Bool" container="StaticArray" arraySize="1">
          <containerEntry>false</containerEntry>
        </property>
        <property name="lodFarSize" type="Float" container="StaticArray" arraySize="1">
          <containerEntry>-1</containerEntry>
        </property>
        <property name="lodNearSize" type="Float" container="StaticArray" arraySize="1">
          <containerEntry>-1</containerEntry>
        </property>
        <property name="lodPolygonSize" type="Float" container="StaticArray" arraySize="1">
          <containerEntry>-1</containerEntry>
        </property>
        <property name="drawRejectionLevel" type="Int32" container="StaticArray" arraySize="1">
          <containerEntry>8</containerEntry>
        </property>
        <property name="drawMode" type="Int32" container="StaticArray" arraySize="1">
          <containerEntry>0</containerEntry>
        </property>
        <property name="rejectFarRangeShadowCast" type="Int32" container="StaticArray" arraySize="1">
          <containerEntry>2</containerEntry>
        </property>
        <property name="parentLocator" type="EntityLink" container="StaticArray" arraySize="1">
          <containerEntry packagePathHash="0xB8A0BF169F98" archivePathHash="0xB8A0BF169F98" nameInArchiveHash="0xB8A0BF169F98">0x0</containerEntry>
        </property>
        <property name="transforms" type="Matrix4" container="DynamicArray" arraySize="3">
          <containerEntry r11="-0.6018065" r12="0" r13="-0.79864264" r14="0" r21="0" r22="1" r23="0" r24="0" r31="0.79864264" r32="0" r33="-0.6018065" r34="0" r41="929.9044" r42="322.228" r43="1426.1798" r44="1"></containerEntry>
          <containerEntry r11="-0.8924837" r12="0.0041877124" r13="-0.45105365" r14="0" r21="0.055964634" r22="0.9932587" r23="-0.10151372" r24="0" r31="0.44758788" r32="-0.11584274" r33="-0.8867016" r34="0" r41="1014.59735" r42="322.47687" r43="1435.2004" r44="1"></containerEntry>
          <containerEntry r11="-0.9767525" r12="2.1327287e-07" r13="-0.21437164" r14="0" r21="-0.0053047044" r22="0.99969375" r23="0.024171088" r24="0" r31="0.21430598" r32="0.02474634" r33="-0.9764534" r34="0" r41="900.41254" r42="322.67468" r43="1413.461" r44="1"></containerEntry>
        </property>
        <property name="colors" type="UInt32" container="DynamicArray" arraySize="3">
          <containerEntry>4294967295</containerEntry>
          <containerEntry>4294967295</containerEntry>
          <containerEntry>4294967295</containerEntry>
        </property>
      </staticProperties>
      <dynamicProperties></dynamicProperties>
    </entity>
    <entity class="StaticModelArray" classVersion="4" classID="0xD0" addr="0x2D7FE40" id="0x0">
      <staticProperties>
        <property name="name" type="String" container="StaticArray" arraySize="1">
          <containerEntry>StaticModelArray0006</containerEntry>
        </property>
        <property name="dataSet" type="EntityHandle" container="StaticArray" arraySize="1">
          <containerEntry>0x2F52D20</containerEntry>
        </property>
        <property name="modelFile" type="FilePtr" container="StaticArray" arraySize="1">
          <containerEntry>/Assets/tpp/environ/object/afghanistan/rock/afgh_rock011/scenes/afgh_rock011.fmdl</containerEntry>
        </property>
        <property name="geomFile" type="FilePtr" container="StaticArray" arraySize="1">
          <containerEntry>/Assets/tpp/environ/object/afghanistan/rock/afgh_rock011/scenes/afgh_rock011.geom</containerEntry>
        </property>
        <property name="isVisibleGeom" type="Bool" container="StaticArray" arraySize="1">
          <containerEntry>false</containerEntry>
        </property>
        <property name="lodFarSize" type="Float" container="StaticArray" arraySize="1">
          <containerEntry>-1</containerEntry>
        </property>
        <property name="lodNearSize" type="Float" container="StaticArray" arraySize="1">
          <containerEntry>-1</containerEntry>
        </property>
        <property name="lodPolygonSize" type="Float" container="StaticArray" arraySize="1">
          <containerEntry>-1</containerEntry>
        </property>
        <property name="drawRejectionLevel" type="Int32" container="StaticArray" arraySize="1">
          <containerEntry>8</containerEntry>
        </property>
        <property name="drawMode" type="Int32" container="StaticArray" arraySize="1">
          <containerEntry>0</containerEntry>
        </property>
        <property name="rejectFarRangeShadowCast" type="Int32" container="StaticArray" arraySize="1">
          <containerEntry>2</containerEntry>
        </property>
        <property name="parentLocator" type="EntityLink" container="StaticArray" arraySize="1">
          <containerEntry packagePathHash="0xB8A0BF169F98" archivePathHash="0xB8A0BF169F98" nameInArchiveHash="0xB8A0BF169F98">0x0</containerEntry>
        </property>
        <property name="transforms" type="Matrix4" container="DynamicArray" arraySize="10">
          <containerEntry r11="0.86602545" r12="0" r13="-0.5" r14="0" r21="0" r22="1" r23="0" r24="0" r31="0.5" r32="0" r33="0.86602545" r34="0" r41="1017.5399" r42="326.21686" r43="1442.357" r44="1"></containerEntry>
          <containerEntry r11="0.019709036" r12="-0.19002315" r13="-1.238727" r14="0" r21="0.27417082" r22="1.2095257" r23="-0.18118154" r24="0" r31="1.2228588" r32="-0.26811862" r33="0.060586534" r34="0" r41="1016.5418" r42="348.73" r43="1530.217" r44="1"></containerEntry>
          <containerEntry r11="0.2247905" r12="-0.20142823" r13="-1.2164861" r14="0" r21="-0.021316094" r22="1.2357188" r23="-0.20855117" r24="0" r31="1.2328655" r32="0.05809162" r33="0.21819822" r34="0" r41="953.8856" r42="338.4986" r43="1493.4313" r44="1"></containerEntry>
          <containerEntry r11="1.0873221" r12="0.30601665" r13="0.5353346" r14="0" r21="-0.09089823" r22="1.1528964" r23="-0.4744118" r24="0" r31="-0.6098909" r32="0.3737417" r33="1.025109" r34="0" r41="952.0689" r42="343.276" r43="1499.9749" r44="1"></containerEntry>
          <containerEntry r11="1.232993" r12="-0.20479" r13="0.017006963" r14="0" r21="0.20479" r22="1.215986" r23="-0.20479" r24="0" r31="0.017006963" r32="0.20479" r33="1.232993" r34="0" r41="759.5398" r42="337.30273" r43="1763.8927" r44="1"></containerEntry>
          <containerEntry r11="-0.1790321" r12="0.114414394" r13="1.2318087" r14="0" r21="0.045583133" r22="1.2444075" r23="-0.10895934" r24="0" r31="-1.2362708" r32="0.029313885" r33="-0.1824034" r34="0" r41="741.4531" r42="337.90195" r43="1752.0854" r44="1"></containerEntry>
          <containerEntry r11="1.192916" r12="-0.34666198" r13="-0.13884054" r14="0" r21="0.3227162" r22="1.1908491" r23="-0.20058066" r24="0" r31="0.18789747" r32="0.15557581" r33="1.2259651" r34="0" r41="747.0598" r42="342.08038" r43="1776.9983" r44="1"></containerEntry>
          <containerEntry r11="-0.60845387" r12="0.138072" r13="1.0831527" r14="0" r21="0.032108914" r22="1.2416925" r23="-0.14024445" r24="0" r31="-1.0914452" r32="-0.040442757" r33="-0.60795677" r34="0" r41="749.45135" r42="338.41132" r43="1753.088" r44="1"></containerEntry>
          <containerEntry r11="0.41616654" r12="-0.16397946" r13="-1.1672251" r14="0" r21="0.14999627" r22="1.2351482" r23="-0.120041534" r24="0" r31="1.1691043" r32="-0.100097895" r33="0.43089896" r34="0" r41="730.16394" r42="355.25775" r43="1784.9648" r44="1"></containerEntry>
          <containerEntry r11="0.6992701" r12="-0.07032429" r13="1.0337181" r14="0" r21="0.10860896" r22="1.245222" r23="0.011243317" r24="0" r31="-1.0303993" r32="0.08352731" r33="0.70270765" r34="0" r41="713.24243" r42="356.2275" r43="1784.6093" r44="1"></containerEntry>
        </property>
        <property name="colors" type="UInt32" container="DynamicArray" arraySize="10">
          <containerEntry>4294967295</containerEntry>
          <containerEntry>4294967295</containerEntry>
          <containerEntry>4294967295</containerEntry>
          <containerEntry>4294967295</containerEntry>
          <containerEntry>4294967295</containerEntry>
          <containerEntry>4294967295</containerEntry>
          <containerEntry>4294967295</containerEntry>
          <containerEntry>4294967295</containerEntry>
          <containerEntry>4294967295</containerEntry>
          <containerEntry>4294967295</containerEntry>
        </property>
      </staticProperties>
      <dynamicProperties></dynamicProperties>
    </entity>
    <entity class="StaticModelArray" classVersion="4" classID="0xD0" addr="0x2D7D590" id="0x0">
      <staticProperties>
        <property name="name" type="String" container="StaticArray" arraySize="1">
          <containerEntry>StaticModelArray0007</containerEntry>
        </property>
        <property name="dataSet" type="EntityHandle" container="StaticArray" arraySize="1">
          <containerEntry>0x2F52D20</containerEntry>
        </property>
        <property name="modelFile" type="FilePtr" container="StaticArray" arraySize="1">
          <containerEntry>/Assets/tpp/environ/object/afghanistan/rock/afgh_rock001/scenes/afgh_rock001.fmdl</containerEntry>
        </property>
        <property name="geomFile" type="FilePtr" container="StaticArray" arraySize="1">
          <containerEntry>/Assets/tpp/environ/object/afghanistan/rock/afgh_rock001/scenes/afgh_rock001.geom</containerEntry>
        </property>
        <property name="isVisibleGeom" type="Bool" container="StaticArray" arraySize="1">
          <containerEntry>false</containerEntry>
        </property>
        <property name="lodFarSize" type="Float" container="StaticArray" arraySize="1">
          <containerEntry>50</containerEntry>
        </property>
        <property name="lodNearSize" type="Float" container="StaticArray" arraySize="1">
          <containerEntry>400</containerEntry>
        </property>
        <property name="lodPolygonSize" type="Float" container="StaticArray" arraySize="1">
          <containerEntry>-1</containerEntry>
        </property>
        <property name="drawRejectionLevel" type="Int32" container="StaticArray" arraySize="1">
          <containerEntry>5</containerEntry>
        </property>
        <property name="drawMode" type="Int32" container="StaticArray" arraySize="1">
          <containerEntry>0</containerEntry>
        </property>
        <property name="rejectFarRangeShadowCast" type="Int32" container="StaticArray" arraySize="1">
          <containerEntry>2</containerEntry>
        </property>
        <property name="parentLocator" type="EntityLink" container="StaticArray" arraySize="1">
          <containerEntry packagePathHash="0xB8A0BF169F98" archivePathHash="0xB8A0BF169F98" nameInArchiveHash="0xB8A0BF169F98">0x0</containerEntry>
        </property>
        <property name="transforms" type="Matrix4" container="DynamicArray" arraySize="9">
          <containerEntry r11="0.17154995" r12="0.10048921" r13="-0.9800385" r14="0" r21="0.11675284" r22="0.9857002" r23="0.12150702" r24="0" r31="0.9782343" r32="-0.13526678" r33="0.15736443" r34="0" r41="915.8" r42="325.99985" r43="1418.0797" r44="1"></containerEntry>
          <containerEntry r11="0.8777845" r12="0.44886655" r13="-0.16737352" r14="0" r21="0.45344025" r22="-0.891211" r23="-0.012007676" r24="0" r31="-0.15455417" r32="-0.06535355" r33="-0.98582536" r34="0" r41="928.5378" r42="325.99985" r43="1437.5093" r44="1"></containerEntry>
          <containerEntry r11="0.9878934" r12="-0.023760969" r13="-0.15330368" r14="0" r21="-0.013404978" r22="-0.9975826" r23="0.068235636" r24="0" r31="-0.15455389" r32="-0.06535451" r33="-0.98582387" r34="0" r41="945.29944" r42="324.14667" r43="1434.4062" r44="1"></containerEntry>
          <containerEntry r11="0.9878934" r12="-0.023760969" r13="-0.15330368" r14="0" r21="-0.013404978" r22="-0.9975826" r23="0.068235636" r24="0" r31="-0.15455389" r32="-0.06535451" r33="-0.98582387" r34="0" r41="961.54395" r42="323.4591" r43="1417.2079" r44="1"></containerEntry>
          <containerEntry r11="0.55709314" r12="-0.00023089349" r13="0.83045036" r14="0" r21="-0.040324353" r22="-0.9988293" r23="0.026773218" r24="0" r31="0.8294708" r32="-0.048402537" r33="-0.5564509" r34="0" r41="928.5378" r42="322.76767" r43="1455.6394" r44="1"></containerEntry>
          <containerEntry r11="0.55709314" r12="-0.00023089349" r13="0.83045036" r14="0" r21="-0.040324353" r22="-0.9988293" r23="0.026773218" r24="0" r31="0.8294708" r32="-0.048402537" r33="-0.5564509" r34="0" r41="909.0381" r42="323.2839" r43="1464.3848" r44="1"></containerEntry>
          <containerEntry r11="0.5463252" r12="0.27760035" r13="0.7902327" r14="0" r21="0.11622141" r22="-0.9594786" r23="0.25670475" r24="0" r31="0.82947105" r32="-0.048402533" r33="-0.5564513" r34="0" r41="917.2458" r42="321.96466" r43="1482.7479" r44="1"></containerEntry>
          <containerEntry r11="0.6045996" r12="-0.062440112" r13="-0.7940787" r14="0" r21="0.37707525" r22="-0.85570264" r23="0.35438538" r24="0" r31="-0.70162237" r32="-0.51368856" r33="-0.4938132" r34="0" r41="957.0367" r42="324.42154" r43="1442.1848" r44="1"></containerEntry>
          <containerEntry r11="-0.0025598165" r12="-0.1645586" r13="-0.9863642" r14="0" r21="-0.09568231" r22="0.9818819" r23="-0.16356255" r24="0" r31="0.99540883" r32="0.09395893" r33="-0.01825881" r34="0" r41="933.2821" r42="322.7506" r43="1467.2864" r44="1"></containerEntry>
        </property>
        <property name="colors" type="UInt32" container="DynamicArray" arraySize="9">
          <containerEntry>4294967295</containerEntry>
          <containerEntry>4294967295</containerEntry>
          <containerEntry>4294967295</containerEntry>
          <containerEntry>4294967295</containerEntry>
          <containerEntry>4294967295</containerEntry>
          <containerEntry>4294967295</containerEntry>
          <containerEntry>4294967295</containerEntry>
          <containerEntry>4294967295</containerEntry>
          <containerEntry>4294967295</containerEntry>
        </property>
      </staticProperties>
      <dynamicProperties></dynamicProperties>
    </entity>
    <entity class="StaticModelArray" classVersion="4" classID="0xD0" addr="0x2D7F970" id="0x0">
      <staticProperties>
        <property name="name" type="String" container="StaticArray" arraySize="1">
          <containerEntry>StaticModelArray0008</containerEntry>
        </property>
        <property name="dataSet" type="EntityHandle" container="StaticArray" arraySize="1">
          <containerEntry>0x2F52D20</containerEntry>
        </property>
        <property name="modelFile" type="FilePtr" container="StaticArray" arraySize="1">
          <containerEntry>/Assets/tpp/environ/object/afghanistan/rock/afgh_rock010/scenes/afgh_rock010_vrtn001.fmdl</containerEntry>
        </property>
        <property name="geomFile" type="FilePtr" container="StaticArray" arraySize="1">
          <containerEntry>/Assets/tpp/environ/object/afghanistan/rock/afgh_rock010/scenes/afgh_rock010_vrtn001.geom</containerEntry>
        </property>
        <property name="isVisibleGeom" type="Bool" container="StaticArray" arraySize="1">
          <containerEntry>false</containerEntry>
        </property>
        <property name="lodFarSize" type="Float" container="StaticArray" arraySize="1">
          <containerEntry>-1</containerEntry>
        </property>
        <property name="lodNearSize" type="Float" container="StaticArray" arraySize="1">
          <containerEntry>-1</containerEntry>
        </property>
        <property name="lodPolygonSize" type="Float" container="StaticArray" arraySize="1">
