<fox formatVersion="2" fileVersion="0">
  <entities>
    <entity class="DataSet" classVersion="0" classID="0xE8" addr="0x2F53D50" id="0x56E0949">
      <staticProperties>
        <property name="name" type="String" container="StaticArray" arraySize="1">
          <containerEntry hash="0xB8A0BF169F98"></containerEntry>
        </property>
        <property name="dataSet" type="EntityHandle" container="StaticArray" arraySize="1">
          <containerEntry>0x0</containerEntry>
        </property>
        <property name="dataList" type="EntityPtr" container="StringMap" arraySize="14">
          <containerEntry key="afgh_clff022_vrtn001_0004">
            <data>0x2F55B10</data>
          </containerEntry>
          <containerEntry key="afgh_clff022_vrtn004_0004">
            <data>0x2D75D40</data>
          </containerEntry>
          <containerEntry key="StaticModelArray0000">
            <data>0x2D7DAD0</data>
          </containerEntry>
          <containerEntry key="StaticModelArray0001">
            <data>0x2D7DD70</data>
          </containerEntry>
          <containerEntry key="StaticModelArray0002">
            <data>0x2D7DEC0</data>
          </containerEntry>
          <containerEntry key="StaticModelArray0003">
            <data>0x2D7E010</data>
          </containerEntry>
          <containerEntry key="StaticModelArray0004">
            <data>0x2D75480</data>
          </containerEntry>
          <containerEntry key="StaticModelArray0005">
            <data>0x2D7D830</data>
          </containerEntry>
          <containerEntry key="StaticModelArray0006">
            <data>0x2D7D7C0</data>
          </containerEntry>
          <containerEntry key="StaticModelArray0007">
            <data>0x2F536C0</data>
          </containerEntry>
          <containerEntry key="StaticModelArray0008">
            <data>0x2D7E1D0</data>
          </containerEntry>
          <containerEntry key="StaticModelArray0009">
            <data>0x2D7D6E0</data>
          </containerEntry>
          <containerEntry key="StaticModelArray0010">
            <data>0x2D7D8A0</data>
          </containerEntry>
          <containerEntry key="TexturePackLoadConditioner0000">
            <data>0x2D7E4E0</data>
          </containerEntry>
        </property>
      </staticProperties>
      <dynamicProperties></dynamicProperties>
    </entity>
    <entity class="StaticModel" classVersion="9" classID="0x160" addr="0x2F55B10" id="0x56E0966">
      <staticProperties>
        <property name="name" type="String" container="StaticArray" arraySize="1">
          <containerEntry>afgh_clff022_vrtn001_0004</containerEntry>
        </property>
        <property name="dataSet" type="EntityHandle" container="StaticArray" arraySize="1">
          <containerEntry>0x2F53D50</containerEntry>
        </property>
        <property name="parent" type="EntityHandle" container="StaticArray" arraySize="1">
          <containerEntry>0x0</containerEntry>
        </property>
        <property name="transform" type="EntityPtr" container="StaticArray" arraySize="1">
          <containerEntry>0x2F55800</containerEntry>
        </property>
        <property name="shearTransform" type="EntityPtr" container="StaticArray" arraySize="1">
          <containerEntry>0x0</containerEntry>
        </property>
        <property name="pivotTransform" type="EntityPtr" container="StaticArray" arraySize="1">
          <containerEntry>0x0</containerEntry>
        </property>
        <property name="children" type="EntityHandle" container="List"></property>
        <property name="flags" type="UInt32" container="StaticArray" arraySize="1">
          <containerEntry>3221225479</containerEntry>
        </property>
        <property name="modelFile" type="FilePtr" container="StaticArray" arraySize="1">
          <containerEntry>/Assets/tpp/environ/object/afghanistan/cliff/afgh_clff022/scenes/afgh_clff022_vrtn001.fmdl</containerEntry>
        </property>
        <property name="geomFile" type="FilePtr" container="StaticArray" arraySize="1">
          <containerEntry>/Assets/tpp/environ/object/afghanistan/cliff/afgh_clff022/scenes/afgh_clff022_vrtn001.geom</containerEntry>
        </property>
        <property name="isVisibleGeom" type="Bool" container="StaticArray" arraySize="1">
          <containerEntry>false</containerEntry>
        </property>
        <property name="isIsolated" type="Bool" container="StaticArray" arraySize="1">
          <containerEntry>false</containerEntry>
        </property>
        <property name="lodFarSize" type="Float" container="StaticArray" arraySize="1">
          <containerEntry>-1</containerEntry>
        </property>
        <property name="lodNearSize" type="Float" container="StaticArray" arraySize="1">
          <containerEntry>-1</containerEntry>
        </property>
        <property name="lodPolygonSize" type="Float" container="StaticArray" arraySize="1">
          <containerEntry>-1</containerEntry>
        </property>
        <property name="color" type="Color" container="StaticArray" arraySize="1">
          <containerEntry r="1" g="1" b="1" a="1"></containerEntry>
        </property>
        <property name="drawRejectionLevel" type="Int32" container="StaticArray" arraySize="1">
          <containerEntry>8</containerEntry>
        </property>
        <property name="drawMode" type="Int32" container="StaticArray" arraySize="1">
          <containerEntry>0</containerEntry>
        </property>
        <property name="rejectFarRangeShadowCast" type="Int32" container="StaticArray" arraySize="1">
          <containerEntry>2</containerEntry>
        </property>
      </staticProperties>
      <dynamicProperties></dynamicProperties>
    </entity>
    <entity class="TransformEntity" classVersion="0" classID="0x50" addr="0x2F55800" id="0x56E0969">
      <staticProperties>
        <property name="owner" type="EntityHandle" container="StaticArray" arraySize="1">
          <containerEntry>0x2F55B10</containerEntry>
        </property>
        <property name="transform_scale" type="Vector3" container="StaticArray" arraySize="1">
          <containerEntry x="1" y="1" z="1" w="0"></containerEntry>
        </property>
        <property name="transform_rotation_quat" type="Quat" container="StaticArray" arraySize="1">
          <containerEntry x="-0.011278" y="-0.777558" z="-0.009776" w="-0.628631"></containerEntry>
        </property>
        <property name="transform_translation" type="Vector3" container="StaticArray" arraySize="1">
          <containerEntry x="-1276.477" y="445.82635" z="-1258.4594" w="0"></containerEntry>
        </property>
      </staticProperties>
      <dynamicProperties></dynamicProperties>
    </entity>
    <entity class="StaticModel" classVersion="9" classID="0x160" addr="0x2D75D40" id="0x56E0A29">
      <staticProperties>
        <property name="name" type="String" container="StaticArray" arraySize="1">
          <containerEntry>afgh_clff022_vrtn004_0004</containerEntry>
        </property>
        <property name="dataSet" type="EntityHandle" container="StaticArray" arraySize="1">
          <containerEntry>0x2F53D50</containerEntry>
        </property>
        <property name="parent" type="EntityHandle" container="StaticArray" arraySize="1">
          <containerEntry>0x0</containerEntry>
        </property>
        <property name="transform" type="EntityPtr" container="StaticArray" arraySize="1">
          <containerEntry>0x2D75DB0</containerEntry>
        </property>
        <property name="shearTransform" type="EntityPtr" container="StaticArray" arraySize="1">
          <containerEntry>0x0</containerEntry>
        </property>
        <property name="pivotTransform" type="EntityPtr" container="StaticArray" arraySize="1">
          <containerEntry>0x0</containerEntry>
        </property>
        <property name="children" type="EntityHandle" container="List"></property>
        <property name="flags" type="UInt32" container="StaticArray" arraySize="1">
          <containerEntry>3221225479</containerEntry>
        </property>
        <property name="modelFile" type="FilePtr" container="StaticArray" arraySize="1">
          <containerEntry>/Assets/tpp/environ/object/afghanistan/cliff/afgh_clff022/scenes/afgh_clff022_vrtn004.fmdl</containerEntry>
        </property>
        <property name="geomFile" type="FilePtr" container="StaticArray" arraySize="1">
          <containerEntry>/Assets/tpp/environ/object/afghanistan/cliff/afgh_clff022/scenes/afgh_clff022_vrtn004.geom</containerEntry>
        </property>
        <property name="isVisibleGeom" type="Bool" container="StaticArray" arraySize="1">
          <containerEntry>false</containerEntry>
        </property>
        <property name="isIsolated" type="Bool" container="StaticArray" arraySize="1">
          <containerEntry>false</containerEntry>
        </property>
        <property name="lodFarSize" type="Float" container="StaticArray" arraySize="1">
          <containerEntry>-1</containerEntry>
        </property>
        <property name="lodNearSize" type="Float" container="StaticArray" arraySize="1">
          <containerEntry>-1</containerEntry>
        </property>
        <property name="lodPolygonSize" type="Float" container="StaticArray" arraySize="1">
          <containerEntry>-1</containerEntry>
        </property>
        <property name="color" type="Color" container="StaticArray" arraySize="1">
          <containerEntry r="1" g="1" b="1" a="1"></containerEntry>
        </property>
        <property name="drawRejectionLevel" type="Int32" container="StaticArray" arraySize="1">
          <containerEntry>8</containerEntry>
        </property>
        <property name="drawMode" type="Int32" container="StaticArray" arraySize="1">
          <containerEntry>0</containerEntry>
        </property>
        <property name="rejectFarRangeShadowCast" type="Int32" container="StaticArray" arraySize="1">
          <containerEntry>2</containerEntry>
        </property>
      </staticProperties>
      <dynamicProperties></dynamicProperties>
    </entity>
    <entity class="TransformEntity" classVersion="0" classID="0x50" addr="0x2D75DB0" id="0x56E0A2C">
      <staticProperties>
        <property name="owner" type="EntityHandle" container="StaticArray" arraySize="1">
          <containerEntry>0x2D75D40</containerEntry>
        </property>
        <property name="transform_scale" type="Vector3" container="StaticArray" arraySize="1">
          <containerEntry x="1" y="1" z="1" w="0"></containerEntry>
        </property>
        <property name="transform_rotation_quat" type="Quat" container="StaticArray" arraySize="1">
          <containerEntry x="-0.023655" y="-0.741326" z="-0.032157" w="-0.669956"></containerEntry>
        </property>
        <property name="transform_translation" type="Vector3" container="StaticArray" arraySize="1">
          <containerEntry x="-1252.2712" y="438.85608" z="-1273.0554" w="0"></containerEntry>
        </property>
      </staticProperties>
      <dynamicProperties></dynamicProperties>
    </entity>
    <entity class="StaticModelArray" classVersion="4" classID="0xD0" addr="0x2D7DAD0" id="0x0">
      <staticProperties>
        <property name="name" type="String" container="StaticArray" arraySize="1">
          <containerEntry>StaticModelArray0000</containerEntry>
        </property>
        <property name="dataSet" type="EntityHandle" container="StaticArray" arraySize="1">
          <containerEntry>0x2F53D50</containerEntry>
        </property>
        <property name="modelFile" type="FilePtr" container="StaticArray" arraySize="1">
          <containerEntry>/Assets/tpp/environ/object/afghanistan/rock/afgh_rock011/scenes/afgh_rock011.fmdl</containerEntry>
        </property>
        <property name="geomFile" type="FilePtr" container="StaticArray" arraySize="1">
          <containerEntry>/Assets/tpp/environ/object/afghanistan/rock/afgh_rock011/scenes/afgh_rock011.geom</containerEntry>
        </property>
        <property name="isVisibleGeom" type="Bool" container="StaticArray" arraySize="1">
          <containerEntry>false</containerEntry>
        </property>
        <property name="lodFarSize" type="Float" container="StaticArray" arraySize="1">
          <containerEntry>-1</containerEntry>
        </property>
        <property name="lodNearSize" type="Float" container="StaticArray" arraySize="1">
          <containerEntry>-1</containerEntry>
        </property>
        <property name="lodPolygonSize" type="Float" container="StaticArray" arraySize="1">
          <containerEntry>-1</containerEntry>
        </property>
        <property name="drawRejectionLevel" type="Int32" container="StaticArray" arraySize="1">
          <containerEntry>8</containerEntry>
        </property>
        <property name="drawMode" type="Int32" container="StaticArray" arraySize="1">
          <containerEntry>0</containerEntry>
        </property>
        <property name="rejectFarRangeShadowCast" type="Int32" container="StaticArray" arraySize="1">
          <containerEntry>2</containerEntry>
        </property>
        <property name="parentLocator" type="EntityLink" container="StaticArray" arraySize="1">
          <containerEntry packagePathHash="0xB8A0BF169F98" archivePathHash="0xB8A0BF169F98" nameInArchiveHash="0xB8A0BF169F98">0x0</containerEntry>
        </property>
        <property name="transforms" type="Matrix4" container="DynamicArray" arraySize="10">
          <containerEntry r11="-1.3258247" r12="-0.3824316" r13="-0.26443842" r14="0" r21="-0.38799164" r22="1.3503443" r23="-0.007566239" r24="0" r31="0.25621098" r32="0.065885216" r33="-1.3798577" r34="0" r41="-1158.9205" r42="450.9235" r43="-1250.6276" r44="1"></containerEntry>
          <containerEntry r11="1.1596686" r12="0.36379808" r13="0.7343125" r14="0" r21="-0.298629" r22="1.3725166" r23="-0.20836869" r24="0" r31="-0.7631413" r32="0.015739372" r33="1.1973985" r34="0" r41="-1212.3143" r42="443.5366" r43="-1190.7382" r44="1"></containerEntry>
          <containerEntry r11="1.1809106" r12="0.24292342" r13="-0.7502226" r14="0" r21="-0.20524685" r22="1.3990667" r23="0.12994485" r24="0" r31="0.761393" r32="0.0003723622" r33="1.1986142" r34="0" r41="-1191.3601" r42="444.35928" r43="-1201.5409" r44="1"></containerEntry>
          <containerEntry r11="-0.08090054" r12="-0.02318196" r13="-0.99644816" r14="0" r21="-0.4182102" r22="0.90825933" r23="0.012825549" r24="0" r31="0.9047357" r32="0.41776413" r33="-0.083173215" r34="0" r41="-1169.185" r42="443.13232" r43="-1259.5197" r44="1"></containerEntry>
          <containerEntry r11="-0.89585394" r12="-0.39784923" r13="-0.19783895" r14="0" r21="-0.34583804" r22="0.9039067" r23="-0.25168955" r24="0" r31="0.2789629" r32="-0.15705915" r33="-0.9473595" r34="0" r41="-1200.9395" r42="432.09518" r43="-1219.1409" r44="1"></containerEntry>
          <containerEntry r11="0.1637639" r12="0.054481566" r13="-0.9849896" r14="0" r21="-0.17723075" r22="0.98385286" r23="0.02495303" r24="0" r31="0.97044426" r32="0.17048505" r33="0.17077553" r34="0" r41="-1202.5753" r42="436.3219" r43="-1276.6519" r44="1"></containerEntry>
          <containerEntry r11="-0.10889636" r12="-0.63656247" r13="-0.76349384" r14="0" r21="-0.32248932" r22="0.7491467" r23="-0.5786003" r24="0" r31="0.94028467" r32="0.18320988" r33="-0.28686368" r34="0" r41="-1276.3712" r42="428.71265" r43="-1180.145" r44="1"></containerEntry>
          <containerEntry r11="-0.6484061" r12="-0.37649527" r13="-0.66167104" r14="0" r21="-0.49339214" r22="0.86973196" r23="-0.011377677" r24="0" r31="0.57975984" r32="0.3190871" r33="-0.74969923" r34="0" r41="-1180.2183" r42="437.72525" r43="-1245.2753" r44="1"></containerEntry>
          <containerEntry r11="-0.9767673" r12="-0.16963992" r13="0.13087754" r14="0" r21="-0.156035" r22="0.9818211" r23="0.10807511" r24="0" r31="-0.14683227" r32="0.085143685" r33="-0.9854805" r34="0" r41="-1202.5753" r42="436.00766" r43="-1275.008" r44="1"></containerEntry>
          <containerEntry r11="-0.30132332" r12="-0.75421536" r13="-0.58339953" r14="0" r21="-0.2500378" r22="0.65293026" r23="-0.7149552" r24="0" r31="0.9201505" r32="-0.06956327" r33="-0.3853246" r34="0" r41="-1267.2584" r42="431.46835" r43="-1182.0499" r44="1"></containerEntry>
        </property>
        <property name="colors" type="UInt32" container="DynamicArray" arraySize="10">
          <containerEntry>4294967295</containerEntry>
          <containerEntry>4294967295</containerEntry>
          <containerEntry>4294967295</containerEntry>
          <containerEntry>4294967295</containerEntry>
          <containerEntry>4294967295</containerEntry>
          <containerEntry>4294967295</containerEntry>
          <containerEntry>4294967295</containerEntry>
          <containerEntry>4294967295</containerEntry>
          <containerEntry>4294967295</containerEntry>
          <containerEntry>4294967295</containerEntry>
        </property>
      </staticProperties>
      <dynamicProperties></dynamicProperties>
    </entity>
    <entity class="StaticModelArray" classVersion="4" classID="0xD0" addr="0x2D7DD70" id="0x0">
      <staticProperties>
        <property name="name" type="String" container="StaticArray" arraySize="1">
          <containerEntry>StaticModelArray0001</containerEntry>
        </property>
        <property name="dataSet" type="EntityHandle" container="StaticArray" arraySize="1">
          <containerEntry>0x2F53D50</containerEntry>
        </property>
        <property name="modelFile" type="FilePtr" container="StaticArray" arraySize="1">
          <containerEntry>/Assets/tpp/environ/object/afghanistan/rock/afgh_rock001/scenes/afgh_rock001.fmdl</containerEntry>
        </property>
        <property name="geomFile" type="FilePtr" container="StaticArray" arraySize="1">
          <containerEntry>/Assets/tpp/environ/object/afghanistan/rock/afgh_rock001/scenes/afgh_rock001.geom</containerEntry>
        </property>
        <property name="isVisibleGeom" type="Bool" container="StaticArray" arraySize="1">
          <containerEntry>false</containerEntry>
        </property>
        <property name="lodFarSize" type="Float" container="StaticArray" arraySize="1">
          <containerEntry>-1</containerEntry>
        </property>
        <property name="lodNearSize" type="Float" container="StaticArray" arraySize="1">
          <containerEntry>-1</containerEntry>
        </property>
        <property name="lodPolygonSize" type="Float" container="StaticArray" arraySize="1">
          <containerEntry>-1</containerEntry>
        </property>
        <property name="drawRejectionLevel" type="Int32" container="StaticArray" arraySize="1">
          <containerEntry>8</containerEntry>
        </property>
        <property name="drawMode" type="Int32" container="StaticArray" arraySize="1">
          <containerEntry>0</containerEntry>
        </property>
        <property name="rejectFarRangeShadowCast" type="Int32" container="StaticArray" arraySize="1">
          <containerEntry>2</containerEntry>
        </property>
        <property name="parentLocator" type="EntityLink" container="StaticArray" arraySize="1">
          <containerEntry packagePathHash="0xB8A0BF169F98" archivePathHash="0xB8A0BF169F98" nameInArchiveHash="0xB8A0BF169F98">0x0</containerEntry>
        </property>
        <property name="transforms" type="Matrix4" container="DynamicArray" arraySize="9">
          <containerEntry r11="0.23161791" r12="0.30523646" r13="-0.92367995" r14="0" r21="-0.12388234" r22="0.9510238" r23="0.2832083" r24="0" r31="0.96488714" r32="0.04883136" r33="0.25808752" r34="0" r41="-1260.3652" r42="442.21506" r43="-1271.7786" r44="1"></containerEntry>
          <containerEntry r11="-0.9682114" r12="-0.024015434" r13="-0.24897194" r14="0" r21="-0.00016228296" r22="0.9954402" r23="-0.09538741" r24="0" r31="0.25012746" r32="-0.09231491" r33="-0.9638005" r34="0" r41="-1273.8738" r42="428.6604" r43="-1184.9585" r44="1"></containerEntry>
          <containerEntry r11="-0.9682114" r12="-0.024015434" r13="-0.24897194" r14="0" r21="-0.00016228296" r22="0.9954402" r23="-0.09538741" r24="0" r31="0.25012746" r32="-0.09231491" r33="-0.9638005" r34="0" r41="-1273.8738" r42="422.14124" r43="-1208.6011" r44="1"></containerEntry>
          <containerEntry r11="-0.9682126" r12="-0.024014644" r13="-0.24897176" r14="0" r21="0.007987332" r22="-0.9978408" r23="0.065185554" r24="0" r31="-0.24999967" r32="0.06112488" r33="0.9663146" r34="0" r41="-1248.4127" r42="424.82416" r43="-1204.3774" r44="1"></containerEntry>
          <containerEntry r11="-0.47958" r12="-0.06102393" r13="-0.87537384" r14="0" r21="0.007987274" r22="-0.99784136" r23="0.06518548" r24="0" r31="-0.8774619" r32="0.024269799" r33="0.47903195" r34="0" r41="-1228.2274" r42="432.0415" r43="-1200.4363" r44="1"></containerEntry>
          <containerEntry r11="-0.9682126" r12="-0.024014644" r13="-0.24897176" r14="0" r21="0.007987332" r22="-0.9978408" r23="0.065185554" r24="0" r31="-0.24999967" r32="0.06112488" r33="0.9663146" r34="0" r41="-1275.076" r42="421.97806" r43="-1208.6011" r44="1"></containerEntry>
          <containerEntry r11="-0.4266976" r12="0.41664279" r13="-0.80270725" r14="0" r21="-0.2190653" r22="-0.908747" r23="-0.35523313" r24="0" r31="-0.87746257" r32="0.0242683" r33="0.47903118" r34="0" r41="-1217.5355" r42="431.35565" r43="-1244.0737" r44="1"></containerEntry>
          <containerEntry r11="-0.47958" r12="-0.06102393" r13="-0.87537384" r14="0" r21="0.007987274" r22="-0.99784136" r23="0.06518548" r24="0" r31="-0.8774619" r32="0.024269799" r33="0.47903195" r34="0" r41="-1196.4458" r42="432.41867" r43="-1230.4136" r44="1"></containerEntry>
          <containerEntry r11="-0.4266976" r12="0.41664279" r13="-0.80270725" r14="0" r21="-0.2190653" r22="-0.908747" r23="-0.35523313" r24="0" r31="-0.87746257" r32="0.0242683" r33="0.47903118" r34="0" r41="-1230.3239" r42="429.16873" r43="-1264.4728" r44="1"></containerEntry>
        </property>
        <property name="colors" type="UInt32" container="DynamicArray" arraySize="9">
          <containerEntry>4294967295</containerEntry>
          <containerEntry>4294967295</containerEntry>
          <containerEntry>4294967295</containerEntry>
          <containerEntry>4294967295</containerEntry>
          <containerEntry>4294967295</containerEntry>
          <containerEntry>4294967295</containerEntry>
          <containerEntry>4294967295</containerEntry>
          <containerEntry>4294967295</containerEntry>
          <containerEntry>4294967295</containerEntry>
        </property>
      </staticProperties>
      <dynamicProperties></dynamicProperties>
    </entity>
    <entity class="StaticModelArray" classVersion="4" classID="0xD0" addr="0x2D7DEC0" id="0x0">
      <staticProperties>
        <property name="name" type="String" container="StaticArray" arraySize="1">
          <containerEntry>StaticModelArray0002</containerEntry>
        </property>
        <property name="dataSet" type="EntityHandle" container="StaticArray" arraySize="1">
          <containerEntry>0x2F53D50</containerEntry>
        </property>
        <property name="modelFile" type="FilePtr" container="StaticArray" arraySize="1">
          <containerEntry>/Assets/tpp/environ/object/afghanistan/rock/afgh_rock009/scenes/afgh_rock009_rock002.fmdl</containerEntry>
        </property>
        <property name="geomFile" type="FilePtr" container="StaticArray" arraySize="1">
          <containerEntry>/Assets/tpp/environ/object/afghanistan/rock/afgh_rock009/scenes/afgh_rock009_rock002.geom</containerEntry>
        </property>
        <property name="isVisibleGeom" type="Bool" container="StaticArray" arraySize="1">
          <containerEntry>false</containerEntry>
        </property>
        <property name="lodFarSize" type="Float" container="StaticArray" arraySize="1">
          <containerEntry>-1</containerEntry>
        </property>
        <property name="lodNearSize" type="Float" container="StaticArray" arraySize="1">
          <containerEntry>-1</containerEntry>
        </property>
        <property name="lodPolygonSize" type="Float" container="StaticArray" arraySize="1">
          <containerEntry>-1</containerEntry>
        </property>
        <property name="drawRejectionLevel" type="Int32" container="StaticArray" arraySize="1">
          <containerEntry>8</containerEntry>
        </property>
        <property name="drawMode" type="Int32" container="StaticArray" arraySize="1">
          <containerEntry>0</containerEntry>
        </property>
        <property name="rejectFarRangeShadowCast" type="Int32" container="StaticArray" arraySize="1">
          <containerEntry>2</containerEntry>
        </property>
        <property name="parentLocator" type="EntityLink" container="StaticArray" arraySize="1">
          <containerEntry packagePathHash="0xB8A0BF169F98" archivePathHash="0xB8A0BF169F98" nameInArchiveHash="0xB8A0BF169F98">0x0</containerEntry>
        </property>
        <property name="transforms" type="Matrix4" container="DynamicArray" arraySize="5">
          <containerEntry r11="0.22573048" r12="-0.97323406" r13="-0.042935655" r14="0" r21="0.9131458" r22="0.19602811" r23="0.35737842" r24="0" r31="-0.33940065" r32="-0.11987497" r33="0.9329714" r34="0" r41="-1183.9661" r42="436.90134" r43="-1259.3151" r44="1"></containerEntry>
          <containerEntry r11="0.22573048" r12="-0.97323406" r13="-0.042935655" r14="0" r21="0.9131458" r22="0.19602811" r23="0.35737842" r24="0" r31="-0.33940065" r32="-0.11987497" r33="0.9329714" r34="0" r41="-1195.2631" r42="432.02515" r43="-1243.0417" r44="1"></containerEntry>
          <containerEntry r11="-0.43997476" r12="-0.8972094" r13="0.037548542" r14="0" r21="-0.7725214" r22="0.3995034" r23="0.49355465" r24="0" r31="-0.45782664" r32="0.18815108" r33="-0.8688832" r34="0" r41="-1222.5074" r42="428.97385" r43="-1273.4309" r44="1"></containerEntry>
          <containerEntry r11="-0.43997282" r12="-0.89720774" r13="0.037548214" r14="0" r21="0.11816487" r22="-0.016385213" r23="0.9928473" r24="0" r31="-0.89018464" r32="0.44127882" r33="0.11324507" r34="0" r41="-1236.4398" r42="430.2988" r43="-1258.4718" r44="1"></containerEntry>
          <containerEntry r11="0.9389538" r12="-0.10255656" r13="0.3283998" r14="0" r21="0.056314517" r22="0.9874774" r23="0.14736609" r24="0" r31="-0.33940086" r32="-0.11987595" r33="0.9329712" r34="0" r41="-1199.8708" r42="436.90134" r43="-1271.2295" r44="1"></containerEntry>
        </property>
        <property name="colors" type="UInt32" container="DynamicArray" arraySize="5">
          <containerEntry>4294967295</containerEntry>
          <containerEntry>4294967295</containerEntry>
          <containerEntry>4294967295</containerEntry>
          <containerEntry>4294967295</containerEntry>
          <containerEntry>4294967295</containerEntry>
        </property>
      </staticProperties>
      <dynamicProperties></dynamicProperties>
    </entity>
    <entity class="StaticModelArray" classVersion="4" classID="0xD0" addr="0x2D7E010" id="0x0">
      <staticProperties>
        <property name="name" type="String" container="StaticArray" arraySize="1">
          <containerEntry>StaticModelArray0003</containerEntry>
        </property>
        <property name="dataSet" type="EntityHandle" container="StaticArray" arraySize="1">
          <containerEntry>0x2F53D50</containerEntry>
        </property>
        <property name="modelFile" type="FilePtr" container="StaticArray" arraySize="1">
          <containerEntry>/Assets/tpp/environ/object/afghanistan/cliff/afgh_clff022/scenes/afgh_clff022_vrtn003.fmdl</containerEntry>
        </property>
        <property name="geomFile" type="FilePtr" container="StaticArray" arraySize="1">
          <containerEntry>/Assets/tpp/environ/object/afghanistan/cliff/afgh_clff022/scenes/afgh_clff022_vrtn003.geom</containerEntry>
        </property>
        <property name="isVisibleGeom" type="Bool" container="StaticArray" arraySize="1">
          <containerEntry>false</containerEntry>
        </property>
        <property name="lodFarSize" type="Float" container="StaticArray" arraySize="1">
          <containerEntry>-1</containerEntry>
        </property>
        <property name="lodNearSize" type="Float" container="StaticArray" arraySize="1">
          <containerEntry>-1</containerEntry>
        </property>
        <property name="lodPolygonSize" type="Float" container="StaticArray" arraySize="1">
          <containerEntry>-1</containerEntry>
        </property>
        <property name="drawRejectionLevel" type="Int32" container="StaticArray" arraySize="1">
          <containerEntry>8</containerEntry>
        </property>
        <property name="drawMode" type="Int32" container="StaticArray" arraySize="1">
          <containerEntry>0</containerEntry>
        </property>
        <property name="rejectFarRangeShadowCast" type="Int32" container="StaticArray" arraySize="1">
          <containerEntry>2</containerEntry>
        </property>
        <property name="parentLocator" type="EntityLink" container="StaticArray" arraySize="1">
          <containerEntry packagePathHash="0xB8A0BF169F98" archivePathHash="0xB8A0BF169F98" nameInArchiveHash="0xB8A0BF169F98">0x0</containerEntry>
        </property>
        <property name="transforms" type="Matrix4" container="DynamicArray" arraySize="3">
          <containerEntry r11="-0.74175656" r12="0.0040345527" r13="0.67065436" r14="0" r21="-0.032087818" r22="0.9986232" r23="-0.04149735" r24="0" r31="-0.66989845" r32="-0.052300863" r33="-0.7406059" r34="0" r41="-1208.4342" r42="445.6881" r43="-1192.9171" r44="1"></containerEntry>
          <containerEntry r11="0.05689914" r12="0.012416204" r13="0.99830234" r14="0" r21="-0.06848408" r22="0.99761593" r23="-0.008504376" r24="0" r31="-0.99602795" r32="-0.06788396" r33="0.05761379" r34="0" r41="-1236.3108" r42="447.12488" r43="-1177.9844" r44="1"></containerEntry>
          <containerEntry r11="-0.74175656" r12="0.0040345527" r13="0.67065436" r14="0" r21="-0.032087818" r22="0.9986232" r23="-0.04149735" r24="0" r31="-0.66989845" r32="-0.052300863" r33="-0.7406059" r34="0" r41="-1174.6387" r42="452.1285" r43="-1220.0868" r44="1"></containerEntry>
        </property>
        <property name="colors" type="UInt32" container="DynamicArray" arraySize="3">
          <containerEntry>4294967295</containerEntry>
          <containerEntry>4294967295</containerEntry>
          <containerEntry>4294967295</containerEntry>
        </property>
      </staticProperties>
      <dynamicProperties></dynamicProperties>
    </entity>
    <entity class="StaticModelArray" classVersion="4" classID="0xD0" addr="0x2D75480" id="0x0">
      <staticProperties>
        <property name="name" type="String" container="StaticArray" arraySize="1">
          <containerEntry>StaticModelArray0004</containerEntry>
        </property>
        <property name="dataSet" type="EntityHandle" container="StaticArray" arraySize="1">
          <containerEntry>0x2F53D50</containerEntry>
        </property>
        <property name="modelFile" type="FilePtr" container="StaticArray" arraySize="1">
          <containerEntry>/Assets/tpp/environ/object/afghanistan/cliff/afgh_clff013/scenes/afgh_clff013.fmdl</containerEntry>
        </property>
        <property name="geomFile" type="FilePtr" container="StaticArray" arraySize="1">
          <containerEntry>/Assets/tpp/environ/object/afghanistan/cliff/afgh_clff013/scenes/afgh_clff013.geom</containerEntry>
        </property>
        <property name="isVisibleGeom" type="Bool" container="StaticArray" arraySize="1">
          <containerEntry>false</containerEntry>
        </property>
        <property name="lodFarSize" type="Float" container="StaticArray" arraySize="1">
          <containerEntry>-1</containerEntry>
        </property>
        <property name="lodNearSize" type="Float" container="StaticArray" arraySize="1">
          <containerEntry>-1</containerEntry>
        </property>
        <property name="lodPolygonSize" type="Float" container="StaticArray" arraySize="1">
          <containerEntry>-1</containerEntry>
        </property>
        <property name="drawRejectionLevel" type="Int32" container="StaticArray" arraySize="1">
          <containerEntry>8</containerEntry>
        </property>
        <property name="drawMode" type="Int32" container="StaticArray" arraySize="1">
          <containerEntry>0</containerEntry>
        </property>
        <property name="rejectFarRangeShadowCast" type="Int32" container="StaticArray" arraySize="1">
          <containerEntry>2</containerEntry>
        </property>
        <property name="parentLocator" type="EntityLink" container="StaticArray" arraySize="1">
          <containerEntry packagePathHash="0xB8A0BF169F98" archivePathHash="0xB8A0BF169F98" nameInArchiveHash="0xB8A0BF169F98">0x0</containerEntry>
        </property>
        <property name="transforms" type="Matrix4" container="DynamicArray" arraySize="6">
          <containerEntry r11="-0.6861066" r12="0.029476644" r13="0.72690386" r14="0" r21="-0.01343018" r22="0.99849534" r23="-0.053166356" r24="0" r31="-0.72737724" r32="-0.04624023" r33="-0.6846784" r34="0" r41="-1236.9647" r42="426.72226" r43="-1198.2198" r44="1"></containerEntry>
          <containerEntry r11="-0.6015158" r12="-0.12947837" r13="0.788296" r14="0" r21="0.044848435" r22="0.9797482" r23="0.1951464" r24="0" r31="-0.79759884" r32="0.15273787" r33="-0.5835271" r34="0" r41="-1218.8353" r42="428.65765" r43="-1257.4062" r44="1"></containerEntry>
          <containerEntry r11="-0.5332771" r12="0.037823737" r13="0.8450916" r14="0" r21="-0.013430801" r22="0.99849546" r23="-0.053164802" r24="0" r31="-0.8458309" r32="-0.039701983" r33="-0.53196675" r34="0" r41="-1182.5239" r42="446.65784" r43="-1194.2706" r44="1"></containerEntry>
          <containerEntry r11="-0.35942304" r12="-0.12084325" r13="0.92531675" r14="0" r21="-0.056266036" r22="0.9925821" r23="0.10777226" r24="0" r31="-0.9314764" r32="-0.013328042" r33="-0.36355627" r34="0" r41="-1210.0459" r42="431.32852" r43="-1275.7643" r44="1"></containerEntry>
          <containerEntry r11="-0.91128385" r12="0.009661995" r13="0.41166076" r14="0" r21="-0.01343002" r22="0.9984954" r23="-0.053165186" r24="0" r31="-0.41155508" r32="-0.053977292" r33="-0.90978295" r34="0" r41="-1219.4473" r42="426.69693" r43="-1210.4811" r44="1"></containerEntry>
          <containerEntry r11="-0.64956474" r12="0.031709857" r13="0.7596434" r14="0" r21="-0.013430898" r22="0.99849546" r23="-0.05316491" r24="0" r31="-0.76018625" r32="-0.044736806" r33="-0.64816153" r34="0" r41="-1195.5559" r42="446.98737" r43="-1175.5349" r44="1"></containerEntry>
        </property>
        <property name="colors" type="UInt32" container="DynamicArray" arraySize="6">
          <containerEntry>4294967295</containerEntry>
          <containerEntry>4294967295</containerEntry>
          <containerEntry>4294967295</containerEntry>
          <containerEntry>4294967295</containerEntry>
          <containerEntry>4294967295</containerEntry>
          <containerEntry>4294967295</containerEntry>
        </property>
      </staticProperties>
      <dynamicProperties></dynamicProperties>
    </entity>
    <entity class="StaticModelArray" classVersion="4" classID="0xD0" addr="0x2D7D830" id="0x0">
      <staticProperties>
        <property name="name" type="String" container="StaticArray" arraySize="1">
          <containerEntry>StaticModelArray0005</containerEntry>
        </property>
        <property name="dataSet" type="EntityHandle" container="StaticArray" arraySize="1">
          <containerEntry>0x2F53D50</containerEntry>
        </property>
        <property name="modelFile" type="FilePtr" container="StaticArray" arraySize="1">
          <containerEntry>/Assets/tpp/environ/object/afghanistan/cliff/afgh_clff022/scenes/afgh_clff022_vrtn002.fmdl</containerEntry>
        </property>
        <property name="geomFile" type="FilePtr" container="StaticArray" arraySize="1">
          <containerEntry>/Assets/tpp/environ/object/afghanistan/cliff/afgh_clff022/scenes/afgh_clff022_vrtn002.geom</containerEntry>
        </property>
        <property name="isVisibleGeom" type="Bool" container="StaticArray" arraySize="1">
          <containerEntry>false</containerEntry>
        </property>
        <property name="lodFarSize" type="Float" container="StaticArray" arraySize="1">
          <containerEntry>-1</containerEntry>
        </property>
        <property name="lodNearSize" type="Float" container="StaticArray" arraySize="1">
          <containerEntry>-1</containerEntry>
        </property>
        <property name="lodPolygonSize" type="Float" container="StaticArray" arraySize="1">
          <containerEntry>-1</containerEntry>
        </property>
        <property name="drawRejectionLevel" type="Int32" container="StaticArray" arraySize="1">
          <containerEntry>8</containerEntry>
        </property>
        <property name="drawMode" type="Int32" container="StaticArray" arraySize="1">
          <containerEntry>0</containerEntry>
        </property>
        <property name="rejectFarRangeShadowCast" type="Int32" container="StaticArray" arraySize="1">
          <containerEntry>2</containerEntry>
        </property>
        <property name="parentLocator" type="EntityLink" container="StaticArray" arraySize="1">
          <containerEntry packagePathHash="0xB8A0BF169F98" archivePathHash="0xB8A0BF169F98" nameInArchiveHash="0xB8A0BF169F98">0x0</containerEntry>
        </property>
        <property name="transforms" type="Matrix4" container="DynamicArray" arraySize="8">
          <containerEntry r11="-0.2984523" r12="-0.07773448" r13="0.9512512" r14="0" r21="-0.08429673" r22="0.9949296" r23="0.054855768" r24="0" r31="-0.9506921" r32="-0.06381554" r33="-0.30349177" r34="0" r41="-1166.7933" r42="449.1876" r43="-1239.5442" r44="1"></containerEntry>
          <containerEntry r11="-0.90575224" r12="0.00068395236" r13="0.42380053" r14="0" r21="-0.0017420996" r22="0.99998426" r23="-0.00533707" r24="0" r31="-0.4237975" r32="-0.0055723763" r33="-0.90573674" r34="0" r41="-1264.6345" r42="443.73163" r43="-1171.7373" r44="1"></containerEntry>
          <containerEntry r11="-0.89925814" r12="-0.031803593" r13="0.43625778" r14="0" r21="-0.015712205" r22="0.9990582" r23="0.040444683" r24="0" r31="-0.4371332" r32="0.029515648" r33="-0.89891094" r34="0" r41="-1223.3336" r42="442.545" r43="-1182.3865" r44="1"></containerEntry>
          <containerEntry r11="-0.7576925" r12="0.01782281" r13="0.6523596" r14="0" r21="0.027946744" r22="0.9995962" r23="0.0051498385" r24="0" r31="-0.65200436" r32="0.022133391" r33="-0.7578846" r34="0" r41="-1193.1819" r42="443.58948" r43="-1211.2987" r44="1"></containerEntry>
          <containerEntry r11="-0.3736726" r12="-0.008407517" r13="0.9275228" r14="0" r21="-0.0026413961" r22="0.9999645" r23="0.008000031" r24="0" r31="-0.9275571" r32="0.0005394294" r33="-0.37368158" r34="0" r41="-1202.2449" r42="447.48932" r43="-1153.7638" r44="1"></containerEntry>
          <containerEntry r11="0.99473304" r12="-0.016501661" r13="-0.101162046" r14="0" r21="0.015247799" r22="0.99979717" r23="-0.0131553495" r24="0" r31="0.10135862" r32="0.011543558" r33="0.9947829" r34="0" r41="-1267.5856" r42="437.53952" r43="-1252.4597" r44="1"></containerEntry>
          <containerEntry r11="-0.9765765" r12="0.020771906" r13="0.214156" r14="0" r21="0.00070560724" r22="0.9956328" r23="-0.09335297" r24="0" r31="-0.21515986" r32="-0.09101531" r33="-0.9723263" r34="0" r41="-1161.2386" r42="462.42606" r43="-1178.0521" r44="1"></containerEntry>
          <containerEntry r11="-0.6147109" r12="0.014028104" r13="0.7886222" r14="0" r21="-0.012676924" r22="0.99953693" r23="-0.027661217" r24="0" r31="-0.7886451" r32="-0.027001068" r33="-0.61424845" r34="0" r41="-1191.7906" r42="461.3226" r43="-1158.7484" r44="1"></containerEntry>
        </property>
        <property name="colors" type="UInt32" container="DynamicArray" arraySize="8">
          <containerEntry>4294967295</containerEntry>
