<fox formatVersion="2" fileVersion="0">
  <entities>
    <entity class="DataSet" classVersion="0" classID="0xE8" addr="0x2F531F0" id="0x1461A2C">
      <staticProperties>
        <property name="name" type="String" container="StaticArray" arraySize="1">
          <containerEntry hash="0xB8A0BF169F98"></containerEntry>
        </property>
        <property name="dataSet" type="EntityHandle" container="StaticArray" arraySize="1">
          <containerEntry>0x0</containerEntry>
        </property>
        <property name="dataList" type="EntityPtr" container="StringMap" arraySize="15">
          <containerEntry key="afgh_clff007_0004">
            <data>0x2D77DA0</data>
          </containerEntry>
          <containerEntry key="StaticModelArray0000">
            <data>0x2D7C640</data>
          </containerEntry>
          <containerEntry key="StaticModelArray0001">
            <data>0x2D7C6B0</data>
          </containerEntry>
          <containerEntry key="StaticModelArray0002">
            <data>0x2D7C720</data>
          </containerEntry>
          <containerEntry key="StaticModelArray0003">
            <data>0x2D7C800</data>
          </containerEntry>
          <containerEntry key="StaticModelArray0004">
            <data>0x2D7C2C0</data>
          </containerEntry>
          <containerEntry key="StaticModelArray0005">
            <data>0x2D7C790</data>
          </containerEntry>
          <containerEntry key="StaticModelArray0006">
            <data>0x2D7C4F0</data>
          </containerEntry>
          <containerEntry key="StaticModelArray0007">
            <data>0x2D7BAE0</data>
          </containerEntry>
          <containerEntry key="StaticModelArray0008">
            <data>0x2D7BFB0</data>
          </containerEntry>
          <containerEntry key="StaticModelArray0009">
            <data>0x2D7C410</data>
          </containerEntry>
          <containerEntry key="StaticModelArray0010">
            <data>0x2D7C250</data>
          </containerEntry>
          <containerEntry key="StaticModelArray0011">
            <data>0x2D7C5D0</data>
          </containerEntry>
          <containerEntry key="StaticModelArray0012">
            <data>0x2D7BA70</data>
          </containerEntry>
          <containerEntry key="TexturePackLoadConditioner0000">
            <data>0x2D7CBF0</data>
          </containerEntry>
        </property>
      </staticProperties>
      <dynamicProperties></dynamicProperties>
    </entity>
    <entity class="StaticModel" classVersion="9" classID="0x160" addr="0x2D77DA0" id="0x1461B94">
      <staticProperties>
        <property name="name" type="String" container="StaticArray" arraySize="1">
          <containerEntry>afgh_clff007_0004</containerEntry>
        </property>
        <property name="dataSet" type="EntityHandle" container="StaticArray" arraySize="1">
          <containerEntry>0x2F531F0</containerEntry>
        </property>
        <property name="parent" type="EntityHandle" container="StaticArray" arraySize="1">
          <containerEntry>0x0</containerEntry>
        </property>
        <property name="transform" type="EntityPtr" container="StaticArray" arraySize="1">
          <containerEntry>0x2D77E10</containerEntry>
        </property>
        <property name="shearTransform" type="EntityPtr" container="StaticArray" arraySize="1">
          <containerEntry>0x0</containerEntry>
        </property>
        <property name="pivotTransform" type="EntityPtr" container="StaticArray" arraySize="1">
          <containerEntry>0x0</containerEntry>
        </property>
        <property name="children" type="EntityHandle" container="List"></property>
        <property name="flags" type="UInt32" container="StaticArray" arraySize="1">
          <containerEntry>3221225479</containerEntry>
        </property>
        <property name="modelFile" type="FilePtr" container="StaticArray" arraySize="1">
          <containerEntry>/Assets/tpp/environ/object/afghanistan/cliff/afgh_clff007/scenes/afgh_clff007.fmdl</containerEntry>
        </property>
        <property name="geomFile" type="FilePtr" container="StaticArray" arraySize="1">
          <containerEntry>/Assets/tpp/environ/object/afghanistan/cliff/afgh_clff007/scenes/afgh_clff007.geom</containerEntry>
        </property>
        <property name="isVisibleGeom" type="Bool" container="StaticArray" arraySize="1">
          <containerEntry>false</containerEntry>
        </property>
        <property name="isIsolated" type="Bool" container="StaticArray" arraySize="1">
          <containerEntry>false</containerEntry>
        </property>
        <property name="lodFarSize" type="Float" container="StaticArray" arraySize="1">
          <containerEntry>50</containerEntry>
        </property>
        <property name="lodNearSize" type="Float" container="StaticArray" arraySize="1">
          <containerEntry>400</containerEntry>
        </property>
        <property name="lodPolygonSize" type="Float" container="StaticArray" arraySize="1">
          <containerEntry>-1</containerEntry>
        </property>
        <property name="color" type="Color" container="StaticArray" arraySize="1">
          <containerEntry r="1" g="1" b="1" a="1"></containerEntry>
        </property>
        <property name="drawRejectionLevel" type="Int32" container="StaticArray" arraySize="1">
          <containerEntry>5</containerEntry>
        </property>
        <property name="drawMode" type="Int32" container="StaticArray" arraySize="1">
          <containerEntry>0</containerEntry>
        </property>
        <property name="rejectFarRangeShadowCast" type="Int32" container="StaticArray" arraySize="1">
          <containerEntry>2</containerEntry>
        </property>
      </staticProperties>
      <dynamicProperties></dynamicProperties>
    </entity>
    <entity class="TransformEntity" classVersion="0" classID="0x50" addr="0x2D77E10" id="0x1461B97">
      <staticProperties>
        <property name="owner" type="EntityHandle" container="StaticArray" arraySize="1">
          <containerEntry>0x2D77DA0</containerEntry>
        </property>
        <property name="transform_scale" type="Vector3" container="StaticArray" arraySize="1">
          <containerEntry x="1" y="1" z="1" w="0"></containerEntry>
        </property>
        <property name="transform_rotation_quat" type="Quat" container="StaticArray" arraySize="1">
          <containerEntry x="-0.073266" y="-0.980758" z="0.016912" w="-0.180167"></containerEntry>
        </property>
        <property name="transform_translation" type="Vector3" container="StaticArray" arraySize="1">
          <containerEntry x="-320.68347" y="327.31607" z="1028.2379" w="0"></containerEntry>
        </property>
      </staticProperties>
      <dynamicProperties></dynamicProperties>
    </entity>
    <entity class="StaticModelArray" classVersion="4" classID="0xD0" addr="0x2D7C640" id="0x0">
      <staticProperties>
        <property name="name" type="String" container="StaticArray" arraySize="1">
          <containerEntry>StaticModelArray0000</containerEntry>
        </property>
        <property name="dataSet" type="EntityHandle" container="StaticArray" arraySize="1">
          <containerEntry>0x2F531F0</containerEntry>
        </property>
        <property name="modelFile" type="FilePtr" container="StaticArray" arraySize="1">
          <containerEntry>/Assets/tpp/environ/object/afghanistan/cliff/afgh_clff030/scenes/afgh_clff030_vrtn011.fmdl</containerEntry>
        </property>
        <property name="geomFile" type="FilePtr" container="StaticArray" arraySize="1">
          <containerEntry>/Assets/tpp/environ/object/afghanistan/cliff/afgh_clff030/scenes/afgh_clff030_vrtn011.geom</containerEntry>
        </property>
        <property name="isVisibleGeom" type="Bool" container="StaticArray" arraySize="1">
          <containerEntry>false</containerEntry>
        </property>
        <property name="lodFarSize" type="Float" container="StaticArray" arraySize="1">
          <containerEntry>-1</containerEntry>
        </property>
        <property name="lodNearSize" type="Float" container="StaticArray" arraySize="1">
          <containerEntry>-1</containerEntry>
        </property>
        <property name="lodPolygonSize" type="Float" container="StaticArray" arraySize="1">
          <containerEntry>-1</containerEntry>
        </property>
        <property name="drawRejectionLevel" type="Int32" container="StaticArray" arraySize="1">
          <containerEntry>8</containerEntry>
        </property>
        <property name="drawMode" type="Int32" container="StaticArray" arraySize="1">
          <containerEntry>0</containerEntry>
        </property>
        <property name="rejectFarRangeShadowCast" type="Int32" container="StaticArray" arraySize="1">
          <containerEntry>2</containerEntry>
        </property>
        <property name="parentLocator" type="EntityLink" container="StaticArray" arraySize="1">
          <containerEntry packagePathHash="0xB8A0BF169F98" archivePathHash="0xB8A0BF169F98" nameInArchiveHash="0xB8A0BF169F98">0x0</containerEntry>
        </property>
        <property name="transforms" type="Matrix4" container="DynamicArray" arraySize="3">
          <containerEntry r11="-0.05133187" r12="-0.2715315" r13="-0.9610584" r14="0" r21="0.14984281" r22="0.94934046" r23="-0.27622405" r24="0" r31="0.98737514" r32="-0.15818731" r33="-0.008044243" r34="0" r41="-365.09268" r42="349.4998" r43="1109.0828" r44="1"></containerEntry>
          <containerEntry r11="-0.7397008" r12="0.017599389" r13="-0.672702" r14="0" r21="0.15105297" r22="0.97849023" r23="-0.14049816" r24="0" r31="0.65575963" r32="-0.20554075" r33="-0.7264484" r34="0" r41="-354.26437" r42="338.85114" r43="1064.8494" r44="1"></containerEntry>
          <containerEntry r11="-0.9272958" r12="0.14254773" r13="0.3461128" r14="0" r21="0.16142201" r22="0.98653835" r23="0.026170196" r24="0" r31="-0.33772302" r32="0.080137976" r33="-0.93782324" r34="0" r41="-333.60022" r42="332.46005" r43="1043.9052" r44="1"></containerEntry>
        </property>
        <property name="colors" type="UInt32" container="DynamicArray" arraySize="3">
          <containerEntry>4294967295</containerEntry>
          <containerEntry>4294967295</containerEntry>
          <containerEntry>4294967295</containerEntry>
        </property>
      </staticProperties>
      <dynamicProperties></dynamicProperties>
    </entity>
    <entity class="StaticModelArray" classVersion="4" classID="0xD0" addr="0x2D7C6B0" id="0x0">
      <staticProperties>
        <property name="name" type="String" container="StaticArray" arraySize="1">
          <containerEntry>StaticModelArray0001</containerEntry>
        </property>
        <property name="dataSet" type="EntityHandle" container="StaticArray" arraySize="1">
          <containerEntry>0x2F531F0</containerEntry>
        </property>
        <property name="modelFile" type="FilePtr" container="StaticArray" arraySize="1">
          <containerEntry>/Assets/tpp/environ/object/afghanistan/rock/afgh_rock001/scenes/afgh_rock001.fmdl</containerEntry>
        </property>
        <property name="geomFile" type="FilePtr" container="StaticArray" arraySize="1">
          <containerEntry>/Assets/tpp/environ/object/afghanistan/rock/afgh_rock001/scenes/afgh_rock001.geom</containerEntry>
        </property>
        <property name="isVisibleGeom" type="Bool" container="StaticArray" arraySize="1">
          <containerEntry>false</containerEntry>
        </property>
        <property name="lodFarSize" type="Float" container="StaticArray" arraySize="1">
          <containerEntry>-1</containerEntry>
        </property>
        <property name="lodNearSize" type="Float" container="StaticArray" arraySize="1">
          <containerEntry>-1</containerEntry>
        </property>
        <property name="lodPolygonSize" type="Float" container="StaticArray" arraySize="1">
          <containerEntry>-1</containerEntry>
        </property>
        <property name="drawRejectionLevel" type="Int32" container="StaticArray" arraySize="1">
          <containerEntry>8</containerEntry>
        </property>
        <property name="drawMode" type="Int32" container="StaticArray" arraySize="1">
          <containerEntry>0</containerEntry>
        </property>
        <property name="rejectFarRangeShadowCast" type="Int32" container="StaticArray" arraySize="1">
          <containerEntry>2</containerEntry>
        </property>
        <property name="parentLocator" type="EntityLink" container="StaticArray" arraySize="1">
          <containerEntry packagePathHash="0xB8A0BF169F98" archivePathHash="0xB8A0BF169F98" nameInArchiveHash="0xB8A0BF169F98">0x0</containerEntry>
        </property>
        <property name="transforms" type="Matrix4" container="DynamicArray" arraySize="3">
          <containerEntry r11="-0.91730607" r12="-0.36073506" r13="0.16856241" r14="0" r21="-0.29254448" r22="0.8977716" r23="0.32927725" r24="0" r31="-0.27011257" r32="0.25273702" r33="-0.92906225" r34="0" r41="-288.26694" r42="323.92734" r43="1062.4839" r44="1"></containerEntry>
          <containerEntry r11="-0.91730607" r12="-0.36073506" r13="0.16856241" r14="0" r21="-0.29254448" r22="0.8977716" r23="0.32927725" r24="0" r31="-0.27011257" r32="0.25273702" r33="-0.92906225" r34="0" r41="-350.22018" r42="341.7914" r43="1082.1302" r44="1"></containerEntry>
          <containerEntry r11="-0.31526485" r12="-0.93495274" r13="-0.16267897" r14="0" r21="-0.8180932" r22="0.35463643" r23="-0.45271748" r24="0" r31="0.48096222" r32="-0.009640589" r33="-0.87668264" r34="0" r41="-300" r42="332.7641" r43="1084" r44="1"></containerEntry>
        </property>
        <property name="colors" type="UInt32" container="DynamicArray" arraySize="3">
          <containerEntry>4294967295</containerEntry>
          <containerEntry>4294967295</containerEntry>
          <containerEntry>4294967295</containerEntry>
        </property>
      </staticProperties>
      <dynamicProperties></dynamicProperties>
    </entity>
    <entity class="StaticModelArray" classVersion="4" classID="0xD0" addr="0x2D7C720" id="0x0">
      <staticProperties>
        <property name="name" type="String" container="StaticArray" arraySize="1">
          <containerEntry>StaticModelArray0002</containerEntry>
        </property>
        <property name="dataSet" type="EntityHandle" container="StaticArray" arraySize="1">
          <containerEntry>0x2F531F0</containerEntry>
        </property>
        <property name="modelFile" type="FilePtr" container="StaticArray" arraySize="1">
          <containerEntry>/Assets/tpp/environ/object/afghanistan/rock/afgh_rock009/scenes/afgh_rock009_rock001.fmdl</containerEntry>
        </property>
        <property name="geomFile" type="FilePtr" container="StaticArray" arraySize="1">
          <containerEntry>/Assets/tpp/environ/object/afghanistan/rock/afgh_rock009/scenes/afgh_rock009_rock001.geom</containerEntry>
        </property>
        <property name="isVisibleGeom" type="Bool" container="StaticArray" arraySize="1">
          <containerEntry>false</containerEntry>
        </property>
        <property name="lodFarSize" type="Float" container="StaticArray" arraySize="1">
          <containerEntry>-1</containerEntry>
        </property>
        <property name="lodNearSize" type="Float" container="StaticArray" arraySize="1">
          <containerEntry>-1</containerEntry>
        </property>
        <property name="lodPolygonSize" type="Float" container="StaticArray" arraySize="1">
          <containerEntry>-1</containerEntry>
        </property>
        <property name="drawRejectionLevel" type="Int32" container="StaticArray" arraySize="1">
          <containerEntry>8</containerEntry>
        </property>
        <property name="drawMode" type="Int32" container="StaticArray" arraySize="1">
          <containerEntry>0</containerEntry>
        </property>
        <property name="rejectFarRangeShadowCast" type="Int32" container="StaticArray" arraySize="1">
          <containerEntry>2</containerEntry>
        </property>
        <property name="parentLocator" type="EntityLink" container="StaticArray" arraySize="1">
          <containerEntry packagePathHash="0xB8A0BF169F98" archivePathHash="0xB8A0BF169F98" nameInArchiveHash="0xB8A0BF169F98">0x0</containerEntry>
        </property>
        <property name="transforms" type="Matrix4" container="DynamicArray" arraySize="5">
          <containerEntry r11="0.9685362" r12="0.1644749" r13="0.18677662" r14="0" r21="-0.144368" r22="0.9826221" r23="-0.11666887" r24="0" r31="-0.20271997" r32="0.086033426" r33="0.97545004" r34="0" r41="-348" r42="335.00137" r43="1040" r44="1"></containerEntry>
          <containerEntry r11="0.86375654" r12="0.30159327" r13="0.40369055" r14="0" r21="-0.051085323" r22="0.8493991" r23="-0.52527267" r24="0" r31="-0.5013131" r32="0.43308496" r33="0.749081" r34="0" r41="-294.544" r42="326.17267" r43="1044.2803" r44="1"></containerEntry>
          <containerEntry r11="0.6788647" r12="0.5647402" r13="-0.46926573" r14="0" r21="-0.24392503" r22="0.7762565" r23="0.5813139" r24="0" r31="0.69256216" r32="-0.28016746" r33="0.6647277" r34="0" r41="-344.60565" r42="336.75665" r43="1059.3611" r44="1"></containerEntry>
          <containerEntry r11="-0.6662647" r12="-0.51775956" r13="0.5366687" r14="0" r21="-0.49095693" r22="0.8462535" r23="0.20692025" r24="0" r31="-0.5612927" r32="-0.12561749" r33="-0.8180265" r34="0" r41="-378" r42="348.22528" r43="1088" r44="1"></containerEntry>
          <containerEntry r11="0.99346703" r12="-0.085785456" r13="-0.07525985" r14="0" r21="0.038155124" r22="0.87122285" r23="-0.4894022" r24="0" r31="0.10755174" r32="0.48333344" r33="0.86880445" r34="0" r41="-296.64404" r42="328.3746" r43="1077.1202" r44="1"></containerEntry>
        </property>
        <property name="colors" type="UInt32" container="DynamicArray" arraySize="5">
          <containerEntry>4294967295</containerEntry>
          <containerEntry>4294967295</containerEntry>
          <containerEntry>4294967295</containerEntry>
          <containerEntry>4294967295</containerEntry>
          <containerEntry>4294967295</containerEntry>
        </property>
      </staticProperties>
      <dynamicProperties></dynamicProperties>
    </entity>
    <entity class="StaticModelArray" classVersion="4" classID="0xD0" addr="0x2D7C800" id="0x0">
      <staticProperties>
        <property name="name" type="String" container="StaticArray" arraySize="1">
          <containerEntry>StaticModelArray0003</containerEntry>
        </property>
        <property name="dataSet" type="EntityHandle" container="StaticArray" arraySize="1">
          <containerEntry>0x2F531F0</containerEntry>
        </property>
        <property name="modelFile" type="FilePtr" container="StaticArray" arraySize="1">
          <containerEntry>/Assets/tpp/environ/object/afghanistan/cliff/afgh_clff022/scenes/afgh_clff022_vrtn004.fmdl</containerEntry>
        </property>
        <property name="geomFile" type="FilePtr" container="StaticArray" arraySize="1">
          <containerEntry>/Assets/tpp/environ/object/afghanistan/cliff/afgh_clff022/scenes/afgh_clff022_vrtn004.geom</containerEntry>
        </property>
        <property name="isVisibleGeom" type="Bool" container="StaticArray" arraySize="1">
          <containerEntry>false</containerEntry>
        </property>
        <property name="lodFarSize" type="Float" container="StaticArray" arraySize="1">
          <containerEntry>-1</containerEntry>
        </property>
        <property name="lodNearSize" type="Float" container="StaticArray" arraySize="1">
          <containerEntry>-1</containerEntry>
        </property>
        <property name="lodPolygonSize" type="Float" container="StaticArray" arraySize="1">
          <containerEntry>-1</containerEntry>
        </property>
        <property name="drawRejectionLevel" type="Int32" container="StaticArray" arraySize="1">
          <containerEntry>8</containerEntry>
        </property>
        <property name="drawMode" type="Int32" container="StaticArray" arraySize="1">
          <containerEntry>0</containerEntry>
        </property>
        <property name="rejectFarRangeShadowCast" type="Int32" container="StaticArray" arraySize="1">
          <containerEntry>2</containerEntry>
        </property>
        <property name="parentLocator" type="EntityLink" container="StaticArray" arraySize="1">
          <containerEntry packagePathHash="0xB8A0BF169F98" archivePathHash="0xB8A0BF169F98" nameInArchiveHash="0xB8A0BF169F98">0x0</containerEntry>
        </property>
        <property name="transforms" type="Matrix4" container="DynamicArray" arraySize="3">
          <containerEntry r11="-0.8027246" r12="0" r13="0.59634537" r14="0" r21="0" r22="1" r23="0" r24="0" r31="-0.59634537" r32="0" r33="-0.8027246" r34="0" r41="-298.57132" r42="351.34424" r43="1118.6049" r44="1"></containerEntry>
          <containerEntry r11="-0.988673" r12="0.13714366" r13="-0.060873587" r14="0" r21="0.13688444" r22="0.9905511" r23="0.00842805" r24="0" r31="0.061454255" r32="-3.678724e-08" r33="-0.998104" r34="0" r41="-353.78116" r42="334.93948" r43="1028.297" r44="1"></containerEntry>
          <containerEntry r11="-0.8528174" r12="-0.113434725" r13="-0.5097366" r14="0" r21="-0.112652905" r22="0.9931019" r23="-0.03252593" r24="0" r31="0.5099099" r32="0.02968463" r33="-0.8597134" r34="0" r41="-323.00208" r42="335.52368" r43="1074.9459" r44="1"></containerEntry>
        </property>
        <property name="colors" type="UInt32" container="DynamicArray" arraySize="3">
          <containerEntry>4294967295</containerEntry>
          <containerEntry>4294967295</containerEntry>
          <containerEntry>4294967295</containerEntry>
        </property>
      </staticProperties>
      <dynamicProperties></dynamicProperties>
    </entity>
    <entity class="StaticModelArray" classVersion="4" classID="0xD0" addr="0x2D7C2C0" id="0x0">
      <staticProperties>
        <property name="name" type="String" container="StaticArray" arraySize="1">
          <containerEntry>StaticModelArray0004</containerEntry>
        </property>
        <property name="dataSet" type="EntityHandle" container="StaticArray" arraySize="1">
          <containerEntry>0x2F531F0</containerEntry>
        </property>
        <property name="modelFile" type="FilePtr" container="StaticArray" arraySize="1">
          <containerEntry>/Assets/tpp/environ/object/afghanistan/cliff/afgh_clff025/scenes/afgh_clff025.fmdl</containerEntry>
        </property>
        <property name="geomFile" type="FilePtr" container="StaticArray" arraySize="1">
          <containerEntry>/Assets/tpp/environ/object/afghanistan/cliff/afgh_clff025/scenes/afgh_clff025.geom</containerEntry>
        </property>
        <property name="isVisibleGeom" type="Bool" container="StaticArray" arraySize="1">
          <containerEntry>false</containerEntry>
        </property>
        <property name="lodFarSize" type="Float" container="StaticArray" arraySize="1">
          <containerEntry>-1</containerEntry>
        </property>
        <property name="lodNearSize" type="Float" container="StaticArray" arraySize="1">
          <containerEntry>-1</containerEntry>
        </property>
        <property name="lodPolygonSize" type="Float" container="StaticArray" arraySize="1">
          <containerEntry>-1</containerEntry>
        </property>
        <property name="drawRejectionLevel" type="Int32" container="StaticArray" arraySize="1">
          <containerEntry>8</containerEntry>
        </property>
        <property name="drawMode" type="Int32" container="StaticArray" arraySize="1">
          <containerEntry>0</containerEntry>
        </property>
        <property name="rejectFarRangeShadowCast" type="Int32" container="StaticArray" arraySize="1">
          <containerEntry>2</containerEntry>
        </property>
        <property name="parentLocator" type="EntityLink" container="StaticArray" arraySize="1">
          <containerEntry packagePathHash="0xB8A0BF169F98" archivePathHash="0xB8A0BF169F98" nameInArchiveHash="0xB8A0BF169F98">0x0</containerEntry>
        </property>
        <property name="transforms" type="Matrix4" container="DynamicArray" arraySize="6">
          <containerEntry r11="0.98220205" r12="-0.0034322469" r13="-0.18779609" r14="0" r21="0.0012785727" r22="0.99993205" r23="-0.01158808" r24="0" r31="0.18782309" r32="0.011141725" r33="0.9821397" r34="0" r41="-280.52325" r42="328.79437" r43="1022.50653" r44="1"></containerEntry>
          <containerEntry r11="0.9231024" r12="-0.14749832" r13="-0.3551424" r14="0" r21="0.06500693" r22="0.97007877" r23="-0.23392563" r24="0" r31="0.3790198" r32="0.19285057" r33="0.9050705" r34="0" r41="-295.78525" r42="324.63837" r43="1053.2762" r44="1"></containerEntry>
          <containerEntry r11="-0.8343838" r12="0.0859455" r13="-0.5444388" r14="0" r21="0.083536565" r22="0.9960763" r23="0.029216442" r24="0" r31="0.5448136" r32="-0.021102816" r33="-0.8382895" r34="0" r41="-323.5926" r42="329.38446" r43="1038.0502" r44="1"></containerEntry>
          <containerEntry r11="-0.97538036" r12="0.087736584" r13="-0.20230208" r14="0" r21="0.0835382" r22="0.9960762" r23="0.0292157" r24="0" r31="0.20407157" r32="0.011596567" r33="-0.9788825" r34="0" r41="-346.8079" r42="343.16455" r43="1087.8818" r44="1"></containerEntry>
          <containerEntry r11="-0.8720826" r12="0.13148348" r13="0.47135475" r14="0" r21="0.14231028" r22="0.9897395" r23="-0.012787456" r24="0" r31="-0.46819976" r32="0.05592701" r33="-0.881846" r34="0" r41="-379.4463" r42="366.39813" r43="1143.5648" r44="1"></containerEntry>
          <containerEntry r11="0.15925409" r12="-0.12543514" r13="-0.9792353" r14="0" r21="0.104235984" r22="0.98848754" r23="-0.10966828" r24="0" r31="0.9817182" r32="-0.084606715" r33="0.17049557" r34="0" r41="-374.83246" r42="343.68277" r43="1062.3408" r44="1"></containerEntry>
        </property>
        <property name="colors" type="UInt32" container="DynamicArray" arraySize="6">
          <containerEntry>4294967295</containerEntry>
          <containerEntry>4294967295</containerEntry>
          <containerEntry>4294967295</containerEntry>
          <containerEntry>4294967295</containerEntry>
          <containerEntry>4294967295</containerEntry>
          <containerEntry>4294967295</containerEntry>
        </property>
      </staticProperties>
      <dynamicProperties></dynamicProperties>
    </entity>
    <entity class="StaticModelArray" classVersion="4" classID="0xD0" addr="0x2D7C790" id="0x0">
      <staticProperties>
        <property name="name" type="String" container="StaticArray" arraySize="1">
          <containerEntry>StaticModelArray0005</containerEntry>
        </property>
        <property name="dataSet" type="EntityHandle" container="StaticArray" arraySize="1">
          <containerEntry>0x2F531F0</containerEntry>
        </property>
        <property name="modelFile" type="FilePtr" container="StaticArray" arraySize="1">
          <containerEntry>/Assets/tpp/environ/object/afghanistan/cliff/afgh_clff022/scenes/afgh_clff022_vrtn003.fmdl</containerEntry>
        </property>
        <property name="geomFile" type="FilePtr" container="StaticArray" arraySize="1">
          <containerEntry>/Assets/tpp/environ/object/afghanistan/cliff/afgh_clff022/scenes/afgh_clff022_vrtn003.geom</containerEntry>
        </property>
        <property name="isVisibleGeom" type="Bool" container="StaticArray" arraySize="1">
          <containerEntry>false</containerEntry>
        </property>
        <property name="lodFarSize" type="Float" container="StaticArray" arraySize="1">
          <containerEntry>-1</containerEntry>
        </property>
        <property name="lodNearSize" type="Float" container="StaticArray" arraySize="1">
          <containerEntry>-1</containerEntry>
        </property>
        <property name="lodPolygonSize" type="Float" container="StaticArray" arraySize="1">
          <containerEntry>-1</containerEntry>
        </property>
        <property name="drawRejectionLevel" type="Int32" container="StaticArray" arraySize="1">
          <containerEntry>8</containerEntry>
        </property>
        <property name="drawMode" type="Int32" container="StaticArray" arraySize="1">
          <containerEntry>0</containerEntry>
        </property>
        <property name="rejectFarRangeShadowCast" type="Int32" container="StaticArray" arraySize="1">
          <containerEntry>2</containerEntry>
        </property>
        <property name="parentLocator" type="EntityLink" container="StaticArray" arraySize="1">
          <containerEntry packagePathHash="0xB8A0BF169F98" archivePathHash="0xB8A0BF169F98" nameInArchiveHash="0xB8A0BF169F98">0x0</containerEntry>
        </property>
        <property name="transforms" type="Matrix4" container="DynamicArray" arraySize="3">
          <containerEntry r11="-0.20662202" r12="-5.9232116e-07" r13="0.9784195" r14="0" r21="0.053165264" r22="0.99852264" r23="0.01122807" r24="0" r31="-0.97697395" r32="0.05433797" r33="-0.20631671" r34="0" r41="-368.6513" r42="370.27795" r43="1140.6221" r44="1"></containerEntry>
          <containerEntry r11="-0.17453253" r12="0" r13="0.98464894" r14="0" r21="0" r22="1" r23="0" r24="0" r31="-0.98464894" r32="0" r33="-0.17453253" r34="0" r41="-346.92902" r42="348.72736" r43="1098.4823" r44="1"></containerEntry>
          <containerEntry r11="0.99684304" r12="0" r13="-0.07939715" r14="0" r21="0" r22="1" r23="0" r24="0" r31="0.07939715" r32="0" r33="0.99684304" r34="0" r41="-381.4937" r42="353.16995" r43="1045.8475" r44="1"></containerEntry>
        </property>
        <property name="colors" type="UInt32" container="DynamicArray" arraySize="3">
          <containerEntry>4294967295</containerEntry>
          <containerEntry>4294967295</containerEntry>
          <containerEntry>4294967295</containerEntry>
        </property>
      </staticProperties>
      <dynamicProperties></dynamicProperties>
    </entity>
    <entity class="StaticModelArray" classVersion="4" classID="0xD0" addr="0x2D7C4F0" id="0x0">
      <staticProperties>
        <property name="name" type="String" container="StaticArray" arraySize="1">
          <containerEntry>StaticModelArray0006</containerEntry>
        </property>
        <property name="dataSet" type="EntityHandle" container="StaticArray" arraySize="1">
          <containerEntry>0x2F531F0</containerEntry>
        </property>
        <property name="modelFile" type="FilePtr" container="StaticArray" arraySize="1">
          <containerEntry>/Assets/tpp/environ/object/afghanistan/rock/afgh_rock010/scenes/afgh_rock010.fmdl</containerEntry>
        </property>
        <property name="geomFile" type="FilePtr" container="StaticArray" arraySize="1">
          <containerEntry>/Assets/tpp/environ/object/afghanistan/rock/afgh_rock010/scenes/afgh_rock010.geom</containerEntry>
        </property>
        <property name="isVisibleGeom" type="Bool" container="StaticArray" arraySize="1">
          <containerEntry>false</containerEntry>
        </property>
        <property name="lodFarSize" type="Float" container="StaticArray" arraySize="1">
          <containerEntry>-1</containerEntry>
        </property>
        <property name="lodNearSize" type="Float" container="StaticArray" arraySize="1">
          <containerEntry>-1</containerEntry>
        </property>
        <property name="lodPolygonSize" type="Float" container="StaticArray" arraySize="1">
          <containerEntry>-1</containerEntry>
        </property>
        <property name="drawRejectionLevel" type="Int32" container="StaticArray" arraySize="1">
          <containerEntry>8</containerEntry>
        </property>
        <property name="drawMode" type="Int32" container="StaticArray" arraySize="1">
          <containerEntry>0</containerEntry>
        </property>
        <property name="rejectFarRangeShadowCast" type="Int32" container="StaticArray" arraySize="1">
          <containerEntry>2</containerEntry>
        </property>
        <property name="parentLocator" type="EntityLink" container="StaticArray" arraySize="1">
          <containerEntry packagePathHash="0xB8A0BF169F98" archivePathHash="0xB8A0BF169F98" nameInArchiveHash="0xB8A0BF169F98">0x0</containerEntry>
        </property>
        <property name="transforms" type="Matrix4" container="DynamicArray" arraySize="8">
          <containerEntry r11="0.8324558" r12="-0.1221435" r13="0.54046077" r14="0" r21="0.14308392" r22="0.9897051" r23="0.0032843016" r24="0" r31="-0.53529793" r32="0.0745973" r33="0.84136254" r34="0" r41="-328.39728" r42="363.92575" r43="1136.9501" r44="1"></containerEntry>
          <containerEntry r11="-0.9331167" r12="0.10880323" r13="-0.3427091" r14="0" r21="0.1600156" r22="0.9791919" r23="-0.124812484" r24="0" r31="0.32199797" r32="-0.17130384" r33="-0.9311105" r34="0" r41="-350.76654" r42="332.4198" r43="1028.6278" r44="1"></containerEntry>
          <containerEntry r11="0.6305806" r12="-0.11870024" r13="0.76699257" r14="0" r21="0.10934771" r22="0.99196565" r23="0.06361731" r24="0" r31="-0.7683817" r32="0.043753136" r33="0.638494" r34="0" r41="-349.0182" r42="345.76877" r43="1098.6201" r44="1"></containerEntry>
          <containerEntry r11="0.4978813" r12="0.060363024" r13="0.86514014" r14="0" r21="-0.0033209994" r22="0.99770015" r23="-0.06770067" r24="0" r31="-0.86723703" r32="0.03083365" r33="0.49693674" r34="0" r41="-287.5566" r42="340.11868" r43="1103.6581" r44="1"></containerEntry>
          <containerEntry r11="0.9837622" r12="-0.10841958" r13="-0.14302805" r14="0" r21="0.090411976" r22="0.9877854" r23="-0.12690756" r24="0" r31="0.15504032" r32="0.111915365" r33="0.9815484" r34="0" r41="-297.27945" r42="361.4164" r43="1138.0657" r44="1"></containerEntry>
          <containerEntry r11="-0.9918084" r12="0.048713263" r13="-0.11803709" r14="0" r21="0.0611873" r22="0.9926439" r23="-0.10447091" r24="0" r31="0.112079665" r32="-0.110838056" r33="-0.9874932" r34="0" r41="-350.25058" r42="336.10675" r43="1056.7225" r44="1"></containerEntry>
          <containerEntry r11="-0.8054095" r12="-0.08207792" r13="0.5869969" r14="0" r21="-0.017732587" r22="0.99325883" r23="0.114553005" r24="0" r31="-0.59244215" r32="0.08185384" r33="-0.80143553" r34="0" r41="-381.45554" r42="352.2021" r43="1120.1847" r44="1"></containerEntry>
          <containerEntry r11="-0.8281591" r12="0.4486645" r13="-0.3359208" r14="0" r21="0.42146283" r22="0.89359546" r23="0.15445274" r24="0" r31="0.36947483" r32="-0.013666324" r33="-0.9291346" r34="0" r41="-381.31418" r42="347.804" r43="1077.044" r44="1"></containerEntry>
        </property>
        <property name="colors" type="UInt32" container="DynamicArray" arraySize="8">
          <containerEntry>4294967295</containerEntry>
          <containerEntry>4294967295</containerEntry>
          <containerEntry>4294967295</containerEntry>
          <containerEntry>4294967295</containerEntry>
          <containerEntry>4294967295</containerEntry>
          <containerEntry>4294967295</containerEntry>
          <containerEntry>4294967295</containerEntry>
          <containerEntry>4294967295</containerEntry>
        </property>
      </staticProperties>
      <dynamicProperties></dynamicProperties>
    </entity>
    <entity class="StaticModelArray" classVersion="4" classID="0xD0" addr="0x2D7BAE0" id="0x0">
      <staticProperties>
        <property name="name" type="String" container="StaticArray" arraySize="1">
          <containerEntry>StaticModelArray0007</containerEntry>
        </property>
        <property name="dataSet" type="EntityHandle" container="StaticArray" arraySize="1">
          <containerEntry>0x2F531F0</containerEntry>
        </property>
        <property name="modelFile" type="FilePtr" container="StaticArray" arraySize="1">
          <containerEntry>/Assets/tpp/environ/object/afghanistan/cliff/afgh_clff007/scenes/afgh_clff007.fmdl</containerEntry>
        </property>
        <property name="geomFile" type="FilePtr" container="StaticArray" arraySize="1">
          <containerEntry>/Assets/tpp/environ/object/afghanistan/cliff/afgh_clff007/scenes/afgh_clff007.geom</containerEntry>
        </property>
        <property name="isVisibleGeom" type="Bool" container="StaticArray" arraySize="1">
          <containerEntry>false</containerEntry>
        </property>
        <property name="lodFarSize" type="Float" container="StaticArray" arraySize="1">
          <containerEntry>50</containerEntry>
        </property>
        <property name="lodNearSize" type="Float" container="StaticArray" arraySize="1">
          <containerEntry>400</containerEntry>
        </property>
        <property name="lodPolygonSize" type="Float" container="StaticArray" arraySize="1">
          <containerEntry>-1</containerEntry>
        </property>
        <property name="drawRejectionLevel" type="Int32" container="StaticArray" arraySize="1">
          <containerEntry>7</containerEntry>
        </property>
        <property name="drawMode" type="Int32" container="StaticArray" arraySize="1">
          <containerEntry>0</containerEntry>
        </property>
        <property name="rejectFarRangeShadowCast" type="Int32" container="StaticArray" arraySize="1">
          <containerEntry>2</containerEntry>
        </property>
        <property name="parentLocator" type="EntityLink" container="StaticArray" arraySize="1">
          <containerEntry packagePathHash="0xB8A0BF169F98" archivePathHash="0xB8A0BF169F98" nameInArchiveHash="0xB8A0BF169F98">0x0</containerEntry>
        </property>
        <property name="transforms" type="Matrix4" container="DynamicArray" arraySize="2">
          <containerEntry r11="-0.9888368" r12="0.10748615" r13="0.10312362" r14="0" r21="0.096202664" r22="0.9894002" r23="-0.1087759" r24="0" r31="-0.11372247" r32="-0.09764157" r33="-0.98869574" r34="0" r41="-359.3412" r42="349.49854" r43="1113.2905" r44="1"></containerEntry>
          <containerEntry r11="-0.9748419" r12="0.07158491" r13="-0.21106397" r14="0" r21="0.09620465" r22="0.9894" r23="-0.10877592" r24="0" r31="0.20103996" r32="-0.1263453" r33="-0.9713953" r34="0" r41="-347.85254" r42="348.44205" r43="1113.4213" r44="1"></containerEntry>
        </property>
        <property name="colors" type="UInt32" container="DynamicArray" arraySize="2">
          <containerEntry>4294967295</containerEntry>
          <containerEntry>4294967295</containerEntry>
        </property>
      </staticProperties>
      <dynamicProperties></dynamicProperties>
    </entity>
    <entity class="StaticModelArray" classVersion="4" classID="0xD0" addr="0x2D7BFB0" id="0x0">
      <staticProperties>
        <property name="name" type="String" container="StaticArray" arraySize="1">
          <containerEntry>StaticModelArray0008</containerEntry>
        </property>
        <property name="dataSet" type="EntityHandle" container="StaticArray" arraySize="1">
          <containerEntry>0x2F531F0</containerEntry>
        </property>
        <property name="modelFile" type="FilePtr" container="StaticArray" arraySize="1">
          <containerEntry>/Assets/tpp/environ/object/afghanistan/cliff/afgh_clff013/scenes/afgh_clff013.fmdl</containerEntry>
        </property>
        <property name="geomFile" type="FilePtr" container="StaticArray" arraySize="1">
          <containerEntry>/Assets/tpp/environ/object/afghanistan/cliff/afgh_clff013/scenes/afgh_clff013.geom</containerEntry>
        </property>
        <property name="isVisibleGeom" type="Bool" container="StaticArray" arraySize="1">
          <containerEntry>false</containerEntry>
        </property>
        <property name="lodFarSize" type="Float" container="StaticArray" arraySize="1">
          <containerEntry>-1</containerEntry>
        </property>
        <property name="lodNearSize" type="Float" container="StaticArray" arraySize="1">
          <containerEntry>-1</containerEntry>
        </property>
        <property name="lodPolygonSize" type="Float" container="StaticArray" arraySize="1">
          <containerEntry>-1</containerEntry>
        </property>
