<fox formatVersion="2" fileVersion="0">
  <entities>
    <entity class="DataSet" classVersion="0" classID="0xE8" addr="0x2EF46F0" id="0xFF7AE">
      <staticProperties>
        <property name="name" type="String" container="StaticArray" arraySize="1">
          <containerEntry hash="0xB8A0BF169F98"></containerEntry>
        </property>
        <property name="dataSet" type="EntityHandle" container="StaticArray" arraySize="1">
          <containerEntry>0x0</containerEntry>
        </property>
        <property name="dataList" type="EntityPtr" container="StringMap" arraySize="9">
          <containerEntry key="mafr_tree016_vrtn004_0004">
            <data>0x2D77390</data>
          </containerEntry>
          <containerEntry key="StaticModelArray0000">
            <data>0x2D7D4B0</data>
          </containerEntry>
          <containerEntry key="StaticModelArray0001">
            <data>0x2D7D520</data>
          </containerEntry>
          <containerEntry key="StaticModelArray0002">
            <data>0x2D7D590</data>
          </containerEntry>
          <containerEntry key="StaticModelArray0003">
            <data>0x2D7D600</data>
          </containerEntry>
          <containerEntry key="StaticModelArray0004">
            <data>0x2D7D670</data>
          </containerEntry>
          <containerEntry key="StaticModelArray0005">
            <data>0x2D7D6E0</data>
          </containerEntry>
          <containerEntry key="StaticModelArray0006">
            <data>0x2EF4BC0</data>
          </containerEntry>
          <containerEntry key="TexturePackLoadConditioner0000">
            <data>0x2D7DBB0</data>
          </containerEntry>
        </property>
      </staticProperties>
      <dynamicProperties></dynamicProperties>
    </entity>
    <entity class="StaticModel" classVersion="9" classID="0x160" addr="0x2D77390" id="0xFF89A">
      <staticProperties>
        <property name="name" type="String" container="StaticArray" arraySize="1">
          <containerEntry>mafr_tree016_vrtn004_0004</containerEntry>
        </property>
        <property name="dataSet" type="EntityHandle" container="StaticArray" arraySize="1">
          <containerEntry>0x2EF46F0</containerEntry>
        </property>
        <property name="parent" type="EntityHandle" container="StaticArray" arraySize="1">
          <containerEntry>0x0</containerEntry>
        </property>
        <property name="transform" type="EntityPtr" container="StaticArray" arraySize="1">
          <containerEntry>0x2D77400</containerEntry>
        </property>
        <property name="shearTransform" type="EntityPtr" container="StaticArray" arraySize="1">
          <containerEntry>0x0</containerEntry>
        </property>
        <property name="pivotTransform" type="EntityPtr" container="StaticArray" arraySize="1">
          <containerEntry>0x0</containerEntry>
        </property>
        <property name="children" type="EntityHandle" container="List"></property>
        <property name="flags" type="UInt32" container="StaticArray" arraySize="1">
          <containerEntry>3221225479</containerEntry>
        </property>
        <property name="modelFile" type="FilePtr" container="StaticArray" arraySize="1">
          <containerEntry>/Assets/tpp/environ/object/middle_africa/tree/mafr_tree016/scenes/mafr_tree016_vrtn004.fmdl</containerEntry>
        </property>
        <property name="geomFile" type="FilePtr" container="StaticArray" arraySize="1">
          <containerEntry>/Assets/tpp/environ/object/middle_africa/tree/mafr_tree016/scenes/mafr_tree016_vrtn004.geom</containerEntry>
        </property>
        <property name="isVisibleGeom" type="Bool" container="StaticArray" arraySize="1">
          <containerEntry>false</containerEntry>
        </property>
        <property name="isIsolated" type="Bool" container="StaticArray" arraySize="1">
          <containerEntry>false</containerEntry>
        </property>
        <property name="lodFarSize" type="Float" container="StaticArray" arraySize="1">
          <containerEntry>-1</containerEntry>
        </property>
        <property name="lodNearSize" type="Float" container="StaticArray" arraySize="1">
          <containerEntry>-1</containerEntry>
        </property>
        <property name="lodPolygonSize" type="Float" container="StaticArray" arraySize="1">
          <containerEntry>-1</containerEntry>
        </property>
        <property name="color" type="Color" container="StaticArray" arraySize="1">
          <containerEntry r="1" g="1" b="1" a="1"></containerEntry>
        </property>
        <property name="drawRejectionLevel" type="Int32" container="StaticArray" arraySize="1">
          <containerEntry>8</containerEntry>
        </property>
        <property name="drawMode" type="Int32" container="StaticArray" arraySize="1">
          <containerEntry>0</containerEntry>
        </property>
        <property name="rejectFarRangeShadowCast" type="Int32" container="StaticArray" arraySize="1">
          <containerEntry>2</containerEntry>
        </property>
      </staticProperties>
      <dynamicProperties></dynamicProperties>
    </entity>
    <entity class="TransformEntity" classVersion="0" classID="0x50" addr="0x2D77400" id="0xFF89D">
      <staticProperties>
        <property name="owner" type="EntityHandle" container="StaticArray" arraySize="1">
          <containerEntry>0x2D77390</containerEntry>
        </property>
        <property name="transform_scale" type="Vector3" container="StaticArray" arraySize="1">
          <containerEntry x="1" y="1" z="1" w="0"></containerEntry>
        </property>
        <property name="transform_rotation_quat" type="Quat" container="StaticArray" arraySize="1">
          <containerEntry x="0" y="-0.997539" z="0" w="0.070123"></containerEntry>
        </property>
        <property name="transform_translation" type="Vector3" container="StaticArray" arraySize="1">
          <containerEntry x="1929.0421" y="168.90457" z="-2105.9014" w="0"></containerEntry>
        </property>
      </staticProperties>
      <dynamicProperties></dynamicProperties>
    </entity>
    <entity class="StaticModelArray" classVersion="4" classID="0xD0" addr="0x2D7D4B0" id="0x0">
      <staticProperties>
        <property name="name" type="String" container="StaticArray" arraySize="1">
          <containerEntry>StaticModelArray0000</containerEntry>
        </property>
        <property name="dataSet" type="EntityHandle" container="StaticArray" arraySize="1">
          <containerEntry>0x2EF46F0</containerEntry>
        </property>
        <property name="modelFile" type="FilePtr" container="StaticArray" arraySize="1">
          <containerEntry>/Assets/tpp/environ/object/middle_africa/rock/mafr_rock010/scenes/mafr_rock010.fmdl</containerEntry>
        </property>
        <property name="geomFile" type="FilePtr" container="StaticArray" arraySize="1">
          <containerEntry>/Assets/tpp/environ/object/middle_africa/rock/mafr_rock010/scenes/mafr_rock010.geom</containerEntry>
        </property>
        <property name="isVisibleGeom" type="Bool" container="StaticArray" arraySize="1">
          <containerEntry>false</containerEntry>
        </property>
        <property name="lodFarSize" type="Float" container="StaticArray" arraySize="1">
          <containerEntry>-1</containerEntry>
        </property>
        <property name="lodNearSize" type="Float" container="StaticArray" arraySize="1">
          <containerEntry>-1</containerEntry>
        </property>
        <property name="lodPolygonSize" type="Float" container="StaticArray" arraySize="1">
          <containerEntry>-1</containerEntry>
        </property>
        <property name="drawRejectionLevel" type="Int32" container="StaticArray" arraySize="1">
          <containerEntry>8</containerEntry>
        </property>
        <property name="drawMode" type="Int32" container="StaticArray" arraySize="1">
          <containerEntry>0</containerEntry>
        </property>
        <property name="rejectFarRangeShadowCast" type="Int32" container="StaticArray" arraySize="1">
          <containerEntry>2</containerEntry>
        </property>
        <property name="parentLocator" type="EntityLink" container="StaticArray" arraySize="1">
          <containerEntry packagePathHash="0xB8A0BF169F98" archivePathHash="0xB8A0BF169F98" nameInArchiveHash="0xB8A0BF169F98">0x0</containerEntry>
        </property>
        <property name="transforms" type="Matrix4" container="DynamicArray" arraySize="9">
          <containerEntry r11="0.13092951" r12="-0.035408046" r13="0.9907584" r14="0" r21="0.13422303" r22="0.9907936" r23="0.017671712" r24="0" r31="-0.98226273" r32="0.13066897" r33="0.13447672" r34="0" r41="1990.0146" r42="168.97433" r43="-2070.805" r44="1"></containerEntry>
          <containerEntry r11="0.6739753" r12="-0.022439752" r13="-0.7384124" r14="0" r21="-0.1421801" r22="0.9769121" r23="-0.15946008" r24="0" r31="0.7249422" r32="0.21245979" r33="0.6552241" r34="0" r41="1923.6753" r42="174.55354" r43="-2168.8645" r44="1"></containerEntry>
          <containerEntry r11="0.86566025" r12="-0.07312313" r13="0.49526274" r14="0" r21="0.2873711" r22="0.8826405" r23="-0.37197244" r24="0" r31="-0.40993905" r32="0.46432602" r33="0.7850802" r34="0" r41="1954.6067" r42="163.33273" r43="-2073.7788" r44="1"></containerEntry>
          <containerEntry r11="-0.93187684" r12="0.10996083" r13="0.3457013" r14="0" r21="0.032841288" r22="0.97461236" r23="-0.22147726" r24="0" r31="-0.36127862" r32="-0.19503675" r33="-0.9118299" r34="0" r41="1958.2766" r42="175.2481" r43="-2172.6753" r44="1"></containerEntry>
          <containerEntry r11="-0.865828" r12="-0.012041815" r13="0.5001888" r14="0" r21="-0.19846869" r22="0.9259605" r23="-0.32125857" r24="0" r31="-0.45928645" r32="-0.37742797" r33="-0.8041121" r34="0" r41="2032.633" r42="180.34274" r43="-2147.1794" r44="1"></containerEntry>
          <containerEntry r11="-0.83311087" r12="0.1641888" r13="0.5281687" r14="0" r21="0.09211937" r22="0.982776" r23="-0.16020396" r24="0" r31="-0.5453752" r32="-0.08481351" r33="-0.83388627" r34="0" r41="1926.5685" r42="161.06094" r43="-2071.0908" r44="1"></containerEntry>
          <containerEntry r11="0.3660741" r12="-0.0929182" r13="0.92593384" r14="0" r21="0.10825163" r22="0.99249953" r23="0.056800153" r24="0" r31="-0.9242667" r32="0.079441056" r33="0.37338692" r34="0" r41="1989.4596" r42="178.83127" r43="-2154.1323" r44="1"></containerEntry>
          <containerEntry r11="-0.5917754" r12="0.043507274" r13="-0.80492777" r14="0" r21="-0.01664804" r22="0.9976698" r23="0.06616469" r24="0" r31="0.8059308" r32="0.052555114" r33="-0.5896722" r34="0" r41="2025.0144" r42="179.8707" r43="-2142.7249" r44="1"></containerEntry>
          <containerEntry r11="-0.7824734" r12="0.040354095" r13="-0.6213691" r14="0" r21="0.23392242" r22="0.94385517" r23="-0.23327556" r24="0" r31="0.5770688" r32="-0.32788524" r33="-0.74798113" r34="0" r41="2029.6138" r42="180.77806" r43="-2149.8596" r44="1"></containerEntry>
        </property>
        <property name="colors" type="UInt32" container="DynamicArray" arraySize="9">
          <containerEntry>4294967295</containerEntry>
          <containerEntry>4294967295</containerEntry>
          <containerEntry>4294967295</containerEntry>
          <containerEntry>4294967295</containerEntry>
          <containerEntry>4294967295</containerEntry>
          <containerEntry>4294967295</containerEntry>
          <containerEntry>4294967295</containerEntry>
          <containerEntry>4294967295</containerEntry>
          <containerEntry>4294967295</containerEntry>
        </property>
      </staticProperties>
      <dynamicProperties></dynamicProperties>
    </entity>
    <entity class="StaticModelArray" classVersion="4" classID="0xD0" addr="0x2D7D520" id="0x0">
      <staticProperties>
        <property name="name" type="String" container="StaticArray" arraySize="1">
          <containerEntry>StaticModelArray0001</containerEntry>
        </property>
        <property name="dataSet" type="EntityHandle" container="StaticArray" arraySize="1">
          <containerEntry>0x2EF46F0</containerEntry>
        </property>
        <property name="modelFile" type="FilePtr" container="StaticArray" arraySize="1">
          <containerEntry>/Assets/tpp/environ/object/middle_africa/rock/mafr_rock011/scenes/mafr_rock011.fmdl</containerEntry>
        </property>
        <property name="geomFile" type="FilePtr" container="StaticArray" arraySize="1">
          <containerEntry>/Assets/tpp/environ/object/middle_africa/rock/mafr_rock011/scenes/mafr_rock011.geom</containerEntry>
        </property>
        <property name="isVisibleGeom" type="Bool" container="StaticArray" arraySize="1">
          <containerEntry>false</containerEntry>
        </property>
        <property name="lodFarSize" type="Float" container="StaticArray" arraySize="1">
          <containerEntry>50</containerEntry>
        </property>
        <property name="lodNearSize" type="Float" container="StaticArray" arraySize="1">
          <containerEntry>600</containerEntry>
        </property>
        <property name="lodPolygonSize" type="Float" container="StaticArray" arraySize="1">
          <containerEntry>-1</containerEntry>
        </property>
        <property name="drawRejectionLevel" type="Int32" container="StaticArray" arraySize="1">
          <containerEntry>8</containerEntry>
        </property>
        <property name="drawMode" type="Int32" container="StaticArray" arraySize="1">
          <containerEntry>0</containerEntry>
        </property>
        <property name="rejectFarRangeShadowCast" type="Int32" container="StaticArray" arraySize="1">
          <containerEntry>2</containerEntry>
        </property>
        <property name="parentLocator" type="EntityLink" container="StaticArray" arraySize="1">
          <containerEntry packagePathHash="0xB8A0BF169F98" archivePathHash="0xB8A0BF169F98" nameInArchiveHash="0xB8A0BF169F98">0x0</containerEntry>
        </property>
        <property name="transforms" type="Matrix4" container="DynamicArray" arraySize="5">
          <containerEntry r11="-0.9324924" r12="0.07226779" r13="0.35388875" r14="0" r21="-0.042006068" r22="0.9514334" r23="-0.3049754" r24="0" r31="-0.35874146" r32="-0.2992524" r33="-0.8841688" r34="0" r41="1926.423" r42="175.13351" r43="-2173.7695" r44="1"></containerEntry>
          <containerEntry r11="0.75466853" r12="0.14670524" r13="-0.6394942" r14="0" r21="0.13057841" r22="0.92160004" r23="0.36551675" r24="0" r31="0.64298105" r32="-0.35934812" r33="0.67634606" r34="0" r41="2011.7031" r42="173.3828" r43="-2052.7341" r44="1"></containerEntry>
          <containerEntry r11="-0.9203926" r12="0.026235811" r13="-0.39011553" r14="0" r21="0.16148275" r22="0.9341826" r23="-0.31816074" r24="0" r31="0.35609195" r32="-0.35582954" r33="-0.86405134" r34="0" r41="1986.5524" r42="178.51581" r43="-2170.8557" r44="1"></containerEntry>
          <containerEntry r11="-0.9293453" r12="-0.11911234" r13="-0.34945983" r14="0" r21="0.055495985" r22="0.8907049" r23="-0.45118132" r24="0" r31="0.36500686" r32="-0.43869856" r33="-0.8211617" r34="0" r41="1974.2557" r42="176.94319" r43="-2172.1255" r44="1"></containerEntry>
          <containerEntry r11="-0.99545926" r12="0.088199615" r13="0.035808817" r14="0" r21="0.05491326" r22="0.8393523" r23="-0.54080695" r24="0" r31="-0.077755176" r32="-0.5363848" r33="-0.8403844" r34="0" r41="2033.8138" r42="179.01169" r43="-2144.7036" r44="1"></containerEntry>
        </property>
        <property name="colors" type="UInt32" container="DynamicArray" arraySize="5">
          <containerEntry>4294967295</containerEntry>
          <containerEntry>4294967295</containerEntry>
          <containerEntry>4294967295</containerEntry>
          <containerEntry>4294967295</containerEntry>
          <containerEntry>4294967295</containerEntry>
        </property>
      </staticProperties>
      <dynamicProperties></dynamicProperties>
    </entity>
    <entity class="StaticModelArray" classVersion="4" classID="0xD0" addr="0x2D7D590" id="0x0">
      <staticProperties>
        <property name="name" type="String" container="StaticArray" arraySize="1">
          <containerEntry>StaticModelArray0002</containerEntry>
        </property>
        <property name="dataSet" type="EntityHandle" container="StaticArray" arraySize="1">
          <containerEntry>0x2EF46F0</containerEntry>
        </property>
        <property name="modelFile" type="FilePtr" container="StaticArray" arraySize="1">
          <containerEntry>/Assets/tpp/environ/object/middle_africa/cliff/mafr_clff015/scenes/mafr_clff015_wall002.fmdl</containerEntry>
        </property>
        <property name="geomFile" type="FilePtr" container="StaticArray" arraySize="1">
          <containerEntry>/Assets/tpp/environ/object/middle_africa/cliff/mafr_clff015/scenes/mafr_clff015_wall002.geom</containerEntry>
        </property>
        <property name="isVisibleGeom" type="Bool" container="StaticArray" arraySize="1">
          <containerEntry>false</containerEntry>
        </property>
        <property name="lodFarSize" type="Float" container="StaticArray" arraySize="1">
          <containerEntry>-1</containerEntry>
        </property>
        <property name="lodNearSize" type="Float" container="StaticArray" arraySize="1">
          <containerEntry>-1</containerEntry>
        </property>
        <property name="lodPolygonSize" type="Float" container="StaticArray" arraySize="1">
          <containerEntry>-1</containerEntry>
        </property>
        <property name="drawRejectionLevel" type="Int32" container="StaticArray" arraySize="1">
          <containerEntry>8</containerEntry>
        </property>
        <property name="drawMode" type="Int32" container="StaticArray" arraySize="1">
          <containerEntry>0</containerEntry>
        </property>
        <property name="rejectFarRangeShadowCast" type="Int32" container="StaticArray" arraySize="1">
          <containerEntry>2</containerEntry>
        </property>
        <property name="parentLocator" type="EntityLink" container="StaticArray" arraySize="1">
          <containerEntry packagePathHash="0xB8A0BF169F98" archivePathHash="0xB8A0BF169F98" nameInArchiveHash="0xB8A0BF169F98">0x0</containerEntry>
        </property>
        <property name="transforms" type="Matrix4" container="DynamicArray" arraySize="2">
          <containerEntry r11="-0.40206322" r12="-0.036720257" r13="0.29494983" r14="0" r21="0.056299385" r22="0.47777882" r23="0.13622686" r24="0" r31="-0.2918461" r32="0.14275503" r33="-0.38005984" r34="0" r41="2034.4342" r42="172.98578" r43="-2063.591" r44="1"></containerEntry>
          <containerEntry r11="-0.6245428" r12="0.015660528" r13="-0.7808297" r14="0" r21="0.08522335" r22="0.99519503" r23="-0.048205823" r24="0" r31="0.7763229" r32="-0.09665179" r33="-0.62287647" r34="0" r41="1971.8563" r42="157.10683" r43="-2118.6917" r44="1"></containerEntry>
        </property>
        <property name="colors" type="UInt32" container="DynamicArray" arraySize="2">
          <containerEntry>4294967295</containerEntry>
          <containerEntry>4294967295</containerEntry>
        </property>
      </staticProperties>
      <dynamicProperties></dynamicProperties>
    </entity>
    <entity class="StaticModelArray" classVersion="4" classID="0xD0" addr="0x2D7D600" id="0x0">
      <staticProperties>
        <property name="name" type="String" container="StaticArray" arraySize="1">
          <containerEntry>StaticModelArray0003</containerEntry>
        </property>
        <property name="dataSet" type="EntityHandle" container="StaticArray" arraySize="1">
          <containerEntry>0x2EF46F0</containerEntry>
        </property>
        <property name="modelFile" type="FilePtr" container="StaticArray" arraySize="1">
          <containerEntry>/Assets/tpp/environ/object/middle_africa/rock/mafr_rock002/scenes/mafr_rock002.fmdl</containerEntry>
        </property>
        <property name="geomFile" type="FilePtr" container="StaticArray" arraySize="1">
          <containerEntry>/Assets/tpp/environ/object/middle_africa/rock/mafr_rock002/scenes/mafr_rock002.geom</containerEntry>
        </property>
        <property name="isVisibleGeom" type="Bool" container="StaticArray" arraySize="1">
          <containerEntry>false</containerEntry>
        </property>
        <property name="lodFarSize" type="Float" container="StaticArray" arraySize="1">
          <containerEntry>-1</containerEntry>
        </property>
        <property name="lodNearSize" type="Float" container="StaticArray" arraySize="1">
          <containerEntry>-1</containerEntry>
        </property>
        <property name="lodPolygonSize" type="Float" container="StaticArray" arraySize="1">
          <containerEntry>-1</containerEntry>
        </property>
        <property name="drawRejectionLevel" type="Int32" container="StaticArray" arraySize="1">
          <containerEntry>8</containerEntry>
        </property>
        <property name="drawMode" type="Int32" container="StaticArray" arraySize="1">
          <containerEntry>0</containerEntry>
        </property>
        <property name="rejectFarRangeShadowCast" type="Int32" container="StaticArray" arraySize="1">
          <containerEntry>2</containerEntry>
        </property>
        <property name="parentLocator" type="EntityLink" container="StaticArray" arraySize="1">
          <containerEntry packagePathHash="0xB8A0BF169F98" archivePathHash="0xB8A0BF169F98" nameInArchiveHash="0xB8A0BF169F98">0x0</containerEntry>
        </property>
        <property name="transforms" type="Matrix4" container="DynamicArray" arraySize="10">
          <containerEntry r11="0.71546745" r12="0" r13="0.69864595" r14="0" r21="0" r22="1" r23="0" r24="0" r31="-0.69864595" r32="0" r33="0.71546745" r34="0" r41="2027.1926" r42="178.32207" r43="-2060.974" r44="1"></containerEntry>
          <containerEntry r11="-0.628041" r12="0.031187989" r13="-0.77755433" r14="0" r21="-0.011645857" r22="0.99870795" r23="0.049465045" r24="0" r31="0.77809244" r32="0.04012139" r33="-0.6268664" r34="0" r41="2043.8623" r42="181.21095" r43="-2135.2434" r44="1"></containerEntry>
          <containerEntry r11="0.5523836" r12="-0.034810696" r13="0.8328626" r14="0" r21="-0.011645421" r22="0.9987079" r23="0.049466062" r24="0" r31="-0.8335084" r32="-0.037023272" r33="0.5512645" r34="0" r41="2023.2438" r42="181.36719" r43="-2141.2773" r44="1"></containerEntry>
          <containerEntry r11="-0.8371772" r12="-0.04936092" r13="-0.544699" r14="0" r21="-0.062996626" r22="0.9979933" r23="0.0063842535" r24="0" r31="0.5432908" r32="0.039658956" r33="-0.83860683" r34="0" r41="2029.6492" r42="184.18439" r43="-2171.543" r44="1"></containerEntry>
          <containerEntry r11="-0.2987992" r12="-0.024963312" r13="0.95398813" r14="0" r21="-0.0629958" r22="0.99799335" r23="0.006383771" r24="0" r31="-0.95223314" r32="-0.05818983" r33="-0.2997722" r34="0" r41="2034.1598" r42="184.18439" r43="-2164.8225" r44="1"></containerEntry>
          <containerEntry r11="-0.8407477" r12="-0.09800564" r13="0.53247744" r14="0" r21="-0.14613901" r22="0.98805535" r23="-0.048887398" r24="0" r31="-0.5213259" r32="-0.11891796" r33="-0.8450277" r34="0" r41="2008.4554" r42="173.73042" r43="-2067.1118" r44="1"></containerEntry>
          <containerEntry r11="0.97338176" r12="-4.0838495e-07" r13="0.2291899" r14="0" r21="-0.011646336" r22="0.998708" r23="0.04946436" r24="0" r31="-0.22889382" r32="-0.050816923" r33="0.9721241" r34="0" r41="1975.7994" r42="179.5162" r43="-2170.7373" r44="1"></containerEntry>
          <containerEntry r11="0.022815239" r12="7.0780516e-08" r13="0.99973875" r14="0" r21="-0.050803304" r22="0.998708" r23="0.001159275" r24="0" r31="-0.9984471" r32="-0.05081653" r33="0.022785783" r34="0" r41="1987.698" r42="179.91692" r43="-2154.5925" r44="1"></containerEntry>
          <containerEntry r11="-0.113708556" r12="-0.02496399" r13="0.9932" r14="0" r21="-0.06066511" r22="0.99799335" r23="0.018139062" r24="0" r31="-0.9916598" r32="-0.058190033" r33="-0.114994824" r34="0" r41="2022.083" r42="182.18756" r43="-2149.1377" r44="1"></containerEntry>
          <containerEntry r11="0.8304534" r12="-0.0119481925" r13="0.5569597" r14="0" r21="0.018473534" r22="0.99981076" r23="-0.0060964418" r24="0" r31="-0.5567815" r32="0.015351832" r33="0.830517" r34="0" r41="2044.9199" r42="183.18266" r43="-2151.1316" r44="1"></containerEntry>
        </property>
        <property name="colors" type="UInt32" container="DynamicArray" arraySize="10">
          <containerEntry>4294967295</containerEntry>
          <containerEntry>4294967295</containerEntry>
          <containerEntry>4294967295</containerEntry>
          <containerEntry>4294967295</containerEntry>
          <containerEntry>4294967295</containerEntry>
          <containerEntry>4294967295</containerEntry>
          <containerEntry>4294967295</containerEntry>
          <containerEntry>4294967295</containerEntry>
          <containerEntry>4294967295</containerEntry>
          <containerEntry>4294967295</containerEntry>
        </property>
      </staticProperties>
      <dynamicProperties></dynamicProperties>
    </entity>
    <entity class="StaticModelArray" classVersion="4" classID="0xD0" addr="0x2D7D670" id="0x0">
      <staticProperties>
        <property name="name" type="String" container="StaticArray" arraySize="1">
          <containerEntry>StaticModelArray0004</containerEntry>
        </property>
        <property name="dataSet" type="EntityHandle" container="StaticArray" arraySize="1">
          <containerEntry>0x2EF46F0</containerEntry>
        </property>
        <property name="modelFile" type="FilePtr" container="StaticArray" arraySize="1">
          <containerEntry>/Assets/tpp/environ/object/middle_africa/cliff/mafr_clff003/scenes/mafr_clff003_vrtn001.fmdl</containerEntry>
        </property>
        <property name="geomFile" type="FilePtr" container="StaticArray" arraySize="1">
          <containerEntry>/Assets/tpp/environ/object/middle_africa/cliff/mafr_clff003/scenes/mafr_clff003_vrtn001.geom</containerEntry>
        </property>
        <property name="isVisibleGeom" type="Bool" container="StaticArray" arraySize="1">
          <containerEntry>false</containerEntry>
        </property>
        <property name="lodFarSize" type="Float" container="StaticArray" arraySize="1">
          <containerEntry>-1</containerEntry>
        </property>
        <property name="lodNearSize" type="Float" container="StaticArray" arraySize="1">
          <containerEntry>-1</containerEntry>
        </property>
        <property name="lodPolygonSize" type="Float" container="StaticArray" arraySize="1">
          <containerEntry>-1</containerEntry>
        </property>
        <property name="drawRejectionLevel" type="Int32" container="StaticArray" arraySize="1">
          <containerEntry>8</containerEntry>
        </property>
        <property name="drawMode" type="Int32" container="StaticArray" arraySize="1">
          <containerEntry>0</containerEntry>
        </property>
        <property name="rejectFarRangeShadowCast" type="Int32" container="StaticArray" arraySize="1">
          <containerEntry>2</containerEntry>
        </property>
        <property name="parentLocator" type="EntityLink" container="StaticArray" arraySize="1">
          <containerEntry packagePathHash="0xB8A0BF169F98" archivePathHash="0xB8A0BF169F98" nameInArchiveHash="0xB8A0BF169F98">0x0</containerEntry>
        </property>
        <property name="transforms" type="Matrix4" container="DynamicArray" arraySize="2">
          <containerEntry r11="0.43888274" r12="-0.23080097" r13="0.8683969" r14="0" r21="0.1919351" r22="0.9682228" r23="0.16032964" r24="0" r31="-0.8778058" r32="0.09630986" r33="0.46923506" r34="0" r41="1940.961" r42="168.78087" r43="-2133.7107" r44="1"></containerEntry>
          <containerEntry r11="0.9514604" r12="0.03992407" r13="0.3051706" r14="0" r21="0.027789108" r22="0.9763565" r23="-0.21437296" r24="0" r31="-0.3065139" r32="0.21244779" r33="0.9278551" r34="0" r41="2002.4377" r42="168.21379" r43="-2078.2212" r44="1"></containerEntry>
        </property>
        <property name="colors" type="UInt32" container="DynamicArray" arraySize="2">
          <containerEntry>4294967295</containerEntry>
          <containerEntry>4294967295</containerEntry>
        </property>
      </staticProperties>
      <dynamicProperties></dynamicProperties>
    </entity>
    <entity class="StaticModelArray" classVersion="4" classID="0xD0" addr="0x2D7D6E0" id="0x0">
      <staticProperties>
        <property name="name" type="String" container="StaticArray" arraySize="1">
          <containerEntry>StaticModelArray0005</containerEntry>
        </property>
        <property name="dataSet" type="EntityHandle" container="StaticArray" arraySize="1">
          <containerEntry>0x2EF46F0</containerEntry>
        </property>
        <property name="modelFile" type="FilePtr" container="StaticArray" arraySize="1">
          <containerEntry>/Assets/tpp/environ/object/middle_africa/cliff/mafr_clff015/scenes/mafr_clff015_wall002.fmdl</containerEntry>
        </property>
        <property name="geomFile" type="FilePtr" container="StaticArray" arraySize="1">
          <containerEntry>/Assets/tpp/environ/object/middle_africa/cliff/mafr_clff015/scenes/mafr_clff015_wall002.geom</containerEntry>
        </property>
        <property name="isVisibleGeom" type="Bool" container="StaticArray" arraySize="1">
          <containerEntry>false</containerEntry>
        </property>
        <property name="lodFarSize" type="Float" container="StaticArray" arraySize="1">
          <containerEntry>-1</containerEntry>
        </property>
        <property name="lodNearSize" type="Float" container="StaticArray" arraySize="1">
          <containerEntry>-1</containerEntry>
        </property>
        <property name="lodPolygonSize" type="Float" container="StaticArray" arraySize="1">
          <containerEntry>-1</containerEntry>
        </property>
        <property name="drawRejectionLevel" type="Int32" container="StaticArray" arraySize="1">
          <containerEntry>5</containerEntry>
        </property>
        <property name="drawMode" type="Int32" container="StaticArray" arraySize="1">
          <containerEntry>0</containerEntry>
        </property>
        <property name="rejectFarRangeShadowCast" type="Int32" container="StaticArray" arraySize="1">
          <containerEntry>2</containerEntry>
        </property>
        <property name="parentLocator" type="EntityLink" container="StaticArray" arraySize="1">
          <containerEntry packagePathHash="0xB8A0BF169F98" archivePathHash="0xB8A0BF169F98" nameInArchiveHash="0xB8A0BF169F98">0x0</containerEntry>
        </property>
        <property name="transforms" type="Matrix4" container="DynamicArray" arraySize="3">
          <containerEntry r11="0.4994289" r12="-0.0013752943" r13="0.023851393" r14="0" r21="0.0017397241" r22="0.4999392" r23="-0.0076014395" r24="0" r31="-0.023827584" r32="0.007675747" r33="0.49937293" r34="0" r41="2019.4437" r42="171.89798" r43="-2138.3557" r44="1"></containerEntry>
          <containerEntry r11="0.38122123" r12="-0.0065185274" r13="0.32346228" r14="0" r21="0.009449167" r22="0.49990958" r23="-0.0010620975" r24="0" r31="-0.32338992" r32="0.006922689" r33="0.38127548" r34="0" r41="1987.5057" r42="170.78763" r43="-2152.2" r44="1"></containerEntry>
          <containerEntry r11="0.35243478" r12="-0.11318676" r13="0.33612248" r14="0" r21="0.15761815" r22="0.4744748" r23="-0.0054915473" r24="0" r31="-0.31772014" r32="0.10982894" r33="0.37012348" r34="0" r41="2017.5352" r42="173.84827" r43="-2151.476" r44="1"></containerEntry>
        </property>
        <property name="colors" type="UInt32" container="DynamicArray" arraySize="3">
          <containerEntry>4294967295</containerEntry>
          <containerEntry>4294967295</containerEntry>
          <containerEntry>4294967295</containerEntry>
        </property>
      </staticProperties>
      <dynamicProperties></dynamicProperties>
    </entity>
    <entity class="StaticModelArray" classVersion="4" classID="0xD0" addr="0x2EF4BC0" id="0x0">
      <staticProperties>
        <property name="name" type="String" container="StaticArray" arraySize="1">
          <containerEntry>StaticModelArray0006</containerEntry>
        </property>
        <property name="dataSet" type="EntityHandle" container="StaticArray" arraySize="1">
          <containerEntry>0x2EF46F0</containerEntry>
        </property>
        <property name="modelFile" type="FilePtr" container="StaticArray" arraySize="1">
          <containerEntry>/Assets/tpp/environ/object/middle_africa/cliff/mafr_clff004/scenes/mafr_clff004_rock001.fmdl</containerEntry>
        </property>
        <property name="geomFile" type="FilePtr" container="StaticArray" arraySize="1">
          <containerEntry>/Assets/tpp/environ/object/middle_africa/cliff/mafr_clff004/scenes/mafr_clff004_rock001.geom</containerEntry>
        </property>
        <property name="isVisibleGeom" type="Bool" container="StaticArray" arraySize="1">
          <containerEntry>false</containerEntry>
        </property>
        <property name="lodFarSize" type="Float" container="StaticArray" arraySize="1">
          <containerEntry>-1</containerEntry>
        </property>
        <property name="lodNearSize" type="Float" container="StaticArray" arraySize="1">
          <containerEntry>-1</containerEntry>
        </property>
        <property name="lodPolygonSize" type="Float" container="StaticArray" arraySize="1">
          <containerEntry>-1</containerEntry>
        </property>
        <property name="drawRejectionLevel" type="Int32" container="StaticArray" arraySize="1">
          <containerEntry>8</containerEntry>
        </property>
        <property name="drawMode" type="Int32" container="StaticArray" arraySize="1">
          <containerEntry>0</containerEntry>
        </property>
        <property name="rejectFarRangeShadowCast" type="Int32" container="StaticArray" arraySize="1">
          <containerEntry>2</containerEntry>
        </property>
        <property name="parentLocator" type="EntityLink" container="StaticArray" arraySize="1">
          <containerEntry packagePathHash="0xB8A0BF169F98" archivePathHash="0xB8A0BF169F98" nameInArchiveHash="0xB8A0BF169F98">0x0</containerEntry>
        </property>
        <property name="transforms" type="Matrix4" container="DynamicArray" arraySize="3">
          <containerEntry r11="-0.8708879" r12="0.16602084" r13="-1.2099565" r14="0" r21="-0.2923255" r22="1.4145411" r23="0.40449876" r24="0" r31="1.1857923" r32="0.470649" r33="-0.78891647" r34="0" r41="1940.3684" r42="171.36867" r43="-2126.171" r44="1"></containerEntry>
          <containerEntry r11="1.2069656" r12="0.13864218" r13="0.015412355" r14="0" r21="-0.13864218" r22="1.1774004" r23="0.26595443" r24="0" r31="0.015412355" r32="-0.26595443" r33="1.1854348" r34="0" r41="1958.5408" r42="167.04884" r43="-2096.754" r44="1"></containerEntry>
          <containerEntry r11="0.68811846" r12="0.3282037" r13="0.6471287" r14="0" r21="-0.32209358" r22="0.9373343" r23="-0.13289176" r24="0" r31="-0.65019155" r32="-0.11699061" r33="0.7507093" r34="0" r41="1938.1198" r42="163.78267" r43="-2065.9224" r44="1"></containerEntry>
        </property>
        <property name="colors" type="UInt32" container="DynamicArray" arraySize="3">
          <containerEntry>4294967295</containerEntry>
          <containerEntry>4294967295</containerEntry>
          <containerEntry>4294967295</containerEntry>
        </property>
      </staticProperties>
      <dynamicProperties></dynamicProperties>
    </entity>
    <entity class="TexturePackLoadConditioner" classVersion="0" classID="0x48" addr="0x2D7DBB0" id="0x0">
      <staticProperties>
        <property name="name" type="String" container="StaticArray" arraySize="1">
          <containerEntry>TexturePackLoadConditioner0000</containerEntry>
        </property>
        <property name="dataSet" type="EntityHandle" container="StaticArray" arraySize="1">
          <containerEntry>0x2EF46F0</containerEntry>
        </property>
        <property name="texturePackPath" type="Path" container="StaticArray" arraySize="1">
          <containerEntry hash="0xB8A0BF169F98"></containerEntry>
        </property>
      </staticProperties>
      <dynamicProperties></dynamicProperties>
    </entity>
  </entities>
</fox>