<fox formatVersion="2" fileVersion="0">
  <entities>
    <entity class="DataSet" classVersion="0" classID="0xE8" addr="0x2EF1D60" id="0x654BEC">
      <staticProperties>
        <property name="name" type="String" container="StaticArray" arraySize="1">
          <containerEntry hash="0xB8A0BF169F98"></containerEntry>
        </property>
        <property name="dataSet" type="EntityHandle" container="StaticArray" arraySize="1">
          <containerEntry>0x0</containerEntry>
        </property>
        <property name="dataList" type="EntityPtr" container="StringMap" arraySize="2">
          <containerEntry key="StaticModelArray0000">
            <data>0x2D79A10</data>
          </containerEntry>
          <containerEntry key="TexturePackLoadConditioner0000">
            <data>0x2D7A420</data>
          </containerEntry>
        </property>
      </staticProperties>
      <dynamicProperties></dynamicProperties>
    </entity>
    <entity class="StaticModelArray" classVersion="4" classID="0xD0" addr="0x2D79A10" id="0x0">
      <staticProperties>
        <property name="name" type="String" container="StaticArray" arraySize="1">
          <containerEntry>StaticModelArray0000</containerEntry>
        </property>
        <property name="dataSet" type="EntityHandle" container="StaticArray" arraySize="1">
          <containerEntry>0x2EF1D60</containerEntry>
        </property>
        <property name="modelFile" type="FilePtr" container="StaticArray" arraySize="1">
          <containerEntry>/Assets/tpp/environ/object/afghanistan/tree/afgh_tree011/scenes/afgh_tree011_vrtn002.fmdl</containerEntry>
        </property>
        <property name="geomFile" type="FilePtr" container="StaticArray" arraySize="1">
          <containerEntry>/Assets/tpp/environ/object/afghanistan/tree/afgh_tree011/scenes/afgh_tree011_vrtn002.geom</containerEntry>
        </property>
        <property name="isVisibleGeom" type="Bool" container="StaticArray" arraySize="1">
          <containerEntry>false</containerEntry>
        </property>
        <property name="lodFarSize" type="Float" container="StaticArray" arraySize="1">
          <containerEntry>-1</containerEntry>
        </property>
        <property name="lodNearSize" type="Float" container="StaticArray" arraySize="1">
          <containerEntry>-1</containerEntry>
        </property>
        <property name="lodPolygonSize" type="Float" container="StaticArray" arraySize="1">
          <containerEntry>-1</containerEntry>
        </property>
        <property name="drawRejectionLevel" type="Int32" container="StaticArray" arraySize="1">
          <containerEntry>8</containerEntry>
        </property>
        <property name="drawMode" type="Int32" container="StaticArray" arraySize="1">
          <containerEntry>0</containerEntry>
        </property>
        <property name="rejectFarRangeShadowCast" type="Int32" container="StaticArray" arraySize="1">
          <containerEntry>2</containerEntry>
        </property>
        <property name="parentLocator" type="EntityLink" container="StaticArray" arraySize="1">
          <containerEntry packagePathHash="0xB8A0BF169F98" archivePathHash="0xB8A0BF169F98" nameInArchiveHash="0xB8A0BF169F98">0x0</containerEntry>
        </property>
        <property name="transforms" type="Matrix4" container="DynamicArray" arraySize="6">
          <containerEntry r11="0.8012064" r12="0.012901351" r13="0.59824896" r14="0" r21="-0.0933038" r22="0.9902327" r23="0.10360279" r24="0" r31="-0.5910691" r32="-0.13882612" r33="0.7945846" r34="0" r41="2293.1326" r42="519.3785" r43="-1787.0547" r44="1"></containerEntry>
          <containerEntry r11="0.94227594" r12="0.29856896" r13="0.15156688" r14="0" r21="-0.2940417" r22="0.95437783" r23="-0.051984876" r24="0" r31="-0.16017313" r32="0.0044170786" r33="0.987079" r34="0" r41="2288.8247" r42="513.8101" r43="-1736.6311" r44="1"></containerEntry>
          <containerEntry r11="0.899777" r12="0.07301993" r13="0.43019682" r14="0" r21="-0.0731188" r22="0.9971896" r23="-0.01632763" r24="0" r31="-0.43018" r32="-0.01676426" r33="0.9025874" r34="0" r41="2296.28" r42="516.8445" r43="-1721.852" r44="1"></containerEntry>
          <containerEntry r11="-0.37015897" r12="-0.16335943" r13="0.9144924" r14="0" r21="-0.25374827" r22="0.9647609" r23="0.06962948" r24="0" r31="-0.8936412" r32="-0.20627686" r33="-0.39856708" r34="0" r41="2282.2559" r42="512.24023" r43="-1764.8188" r44="1"></containerEntry>
          <containerEntry r11="-0.45117414" r12="0" r13="0.892437" r14="0" r21="0" r22="1" r23="0" r24="0" r31="-0.892437" r32="0" r33="-0.45117414" r34="0" r41="2311.4907" r42="523.72656" r43="-1765.7845" r44="1"></containerEntry>
          <containerEntry r11="-0.45117414" r12="0" r13="0.892437" r14="0" r21="0" r22="1" r23="0" r24="0" r31="-0.892437" r32="0" r33="-0.45117414" r34="0" r41="2318.2363" r42="523.43005" r43="-1790.1808" r44="1"></containerEntry>
        </property>
        <property name="colors" type="UInt32" container="DynamicArray" arraySize="6">
          <containerEntry>4294967295</containerEntry>
          <containerEntry>4294967295</containerEntry>
          <containerEntry>4294967295</containerEntry>
          <containerEntry>4294967295</containerEntry>
          <containerEntry>4294967295</containerEntry>
          <containerEntry>4294967295</containerEntry>
        </property>
      </staticProperties>
      <dynamicProperties></dynamicProperties>
    </entity>
    <entity class="TexturePackLoadConditioner" classVersion="0" classID="0x48" addr="0x2D7A420" id="0x0">
      <staticProperties>
        <property name="name" type="String" container="StaticArray" arraySize="1">
          <containerEntry>TexturePackLoadConditioner0000</containerEntry>
        </property>
        <property name="dataSet" type="EntityHandle" container="StaticArray" arraySize="1">
          <containerEntry>0x2EF1D60</containerEntry>
        </property>
        <property name="texturePackPath" type="Path" container="StaticArray" arraySize="1">
          <containerEntry hash="0xB8A0BF169F98"></containerEntry>
        </property>
      </staticProperties>
      <dynamicProperties></dynamicProperties>
    </entity>
  </entities>
</fox>