<fox formatVersion="2" fileVersion="0">
  <entities>
    <entity class="DataSet" classVersion="0" classID="0xE8" addr="0x3352E00" id="0x89EBFD">
      <staticProperties>
        <property name="name" type="String" container="StaticArray" arraySize="1">
          <containerEntry hash="0xB8A0BF169F98"></containerEntry>
        </property>
        <property name="dataSet" type="EntityHandle" container="StaticArray" arraySize="1">
          <containerEntry>0x0</containerEntry>
        </property>
        <property name="dataList" type="EntityPtr" container="StringMap" arraySize="14">
          <containerEntry key="afgh_rock006_0013">
            <data>0x31751E0</data>
          </containerEntry>
          <containerEntry key="afgh_clff013_0006">
            <data>0x317DDE0</data>
          </containerEntry>
          <containerEntry key="StaticModelArray0000">
            <data>0x3350630</data>
          </containerEntry>
          <containerEntry key="StaticModelArray0001">
            <data>0x33506A0</data>
          </containerEntry>
          <containerEntry key="StaticModelArray0002">
            <data>0x3350710</data>
          </containerEntry>
          <containerEntry key="StaticModelArray0003">
            <data>0x317FDD0</data>
          </containerEntry>
          <containerEntry key="StaticModelArray0004">
            <data>0x3350320</data>
          </containerEntry>
          <containerEntry key="StaticModelArray0005">
            <data>0x33504E0</data>
          </containerEntry>
          <containerEntry key="StaticModelArray0006">
            <data>0x33500F0</data>
          </containerEntry>
          <containerEntry key="StaticModelArray0007">
            <data>0x3350550</data>
          </containerEntry>
          <containerEntry key="DecalArray0000">
            <data>0x317FCF0</data>
          </containerEntry>
          <containerEntry key="DecalArray0001">
            <data>0x33502B0</data>
          </containerEntry>
          <containerEntry key="DecalArray0002">
            <data>0x3350390</data>
          </containerEntry>
          <containerEntry key="TexturePackLoadConditioner0000">
            <data>0x3350CC0</data>
          </containerEntry>
        </property>
      </staticProperties>
      <dynamicProperties></dynamicProperties>
    </entity>
    <entity class="StaticModel" classVersion="9" classID="0x160" addr="0x31751E0" id="0x89EC8F">
      <staticProperties>
        <property name="name" type="String" container="StaticArray" arraySize="1">
          <containerEntry>afgh_rock006_0013</containerEntry>
        </property>
        <property name="dataSet" type="EntityHandle" container="StaticArray" arraySize="1">
          <containerEntry>0x3352E00</containerEntry>
        </property>
        <property name="parent" type="EntityHandle" container="StaticArray" arraySize="1">
          <containerEntry>0x0</containerEntry>
        </property>
        <property name="transform" type="EntityPtr" container="StaticArray" arraySize="1">
          <containerEntry>0x3175250</containerEntry>
        </property>
        <property name="shearTransform" type="EntityPtr" container="StaticArray" arraySize="1">
          <containerEntry>0x0</containerEntry>
        </property>
        <property name="pivotTransform" type="EntityPtr" container="StaticArray" arraySize="1">
          <containerEntry>0x0</containerEntry>
        </property>
        <property name="children" type="EntityHandle" container="List"></property>
        <property name="flags" type="UInt32" container="StaticArray" arraySize="1">
          <containerEntry>3221225479</containerEntry>
        </property>
        <property name="modelFile" type="FilePtr" container="StaticArray" arraySize="1">
          <containerEntry>/Assets/tpp/environ/object/afghanistan/rock/afgh_rock006/scenes/afgh_rock006.fmdl</containerEntry>
        </property>
        <property name="geomFile" type="FilePtr" container="StaticArray" arraySize="1">
          <containerEntry>/Assets/tpp/environ/object/afghanistan/rock/afgh_rock006/scenes/afgh_rock006.geom</containerEntry>
        </property>
        <property name="isVisibleGeom" type="Bool" container="StaticArray" arraySize="1">
          <containerEntry>false</containerEntry>
        </property>
        <property name="isIsolated" type="Bool" container="StaticArray" arraySize="1">
          <containerEntry>false</containerEntry>
        </property>
        <property name="lodFarSize" type="Float" container="StaticArray" arraySize="1">
          <containerEntry>-1</containerEntry>
        </property>
        <property name="lodNearSize" type="Float" container="StaticArray" arraySize="1">
          <containerEntry>-1</containerEntry>
        </property>
        <property name="lodPolygonSize" type="Float" container="StaticArray" arraySize="1">
          <containerEntry>-1</containerEntry>
        </property>
        <property name="color" type="Color" container="StaticArray" arraySize="1">
          <containerEntry r="1" g="1" b="1" a="1"></containerEntry>
        </property>
        <property name="drawRejectionLevel" type="Int32" container="StaticArray" arraySize="1">
          <containerEntry>8</containerEntry>
        </property>
        <property name="drawMode" type="Int32" container="StaticArray" arraySize="1">
          <containerEntry>0</containerEntry>
        </property>
        <property name="rejectFarRangeShadowCast" type="Int32" container="StaticArray" arraySize="1">
          <containerEntry>2</containerEntry>
        </property>
      </staticProperties>
      <dynamicProperties></dynamicProperties>
    </entity>
    <entity class="TransformEntity" classVersion="0" classID="0x50" addr="0x3175250" id="0x89EC92">
      <staticProperties>
        <property name="owner" type="EntityHandle" container="StaticArray" arraySize="1">
          <containerEntry>0x31751E0</containerEntry>
        </property>
        <property name="transform_scale" type="Vector3" container="StaticArray" arraySize="1">
          <containerEntry x="1" y="1" z="1" w="0"></containerEntry>
        </property>
        <property name="transform_rotation_quat" type="Quat" container="StaticArray" arraySize="1">
          <containerEntry x="-0.050872" y="-0.798472" z="0.106783" w="0.590298"></containerEntry>
        </property>
        <property name="transform_translation" type="Vector3" container="StaticArray" arraySize="1">
          <containerEntry x="1243.3209" y="321.6505" z="1380.0707" w="0"></containerEntry>
        </property>
      </staticProperties>
      <dynamicProperties></dynamicProperties>
    </entity>
    <entity class="StaticModel" classVersion="9" classID="0x160" addr="0x317DDE0" id="0x89EF6C">
      <staticProperties>
        <property name="name" type="String" container="StaticArray" arraySize="1">
          <containerEntry>afgh_clff013_0006</containerEntry>
        </property>
        <property name="dataSet" type="EntityHandle" container="StaticArray" arraySize="1">
          <containerEntry>0x3352E00</containerEntry>
        </property>
        <property name="parent" type="EntityHandle" container="StaticArray" arraySize="1">
          <containerEntry>0x0</containerEntry>
        </property>
        <property name="transform" type="EntityPtr" container="StaticArray" arraySize="1">
          <containerEntry>0x317DE50</containerEntry>
        </property>
        <property name="shearTransform" type="EntityPtr" container="StaticArray" arraySize="1">
          <containerEntry>0x0</containerEntry>
        </property>
        <property name="pivotTransform" type="EntityPtr" container="StaticArray" arraySize="1">
          <containerEntry>0x0</containerEntry>
        </property>
        <property name="children" type="EntityHandle" container="List"></property>
        <property name="flags" type="UInt32" container="StaticArray" arraySize="1">
          <containerEntry>7</containerEntry>
        </property>
        <property name="modelFile" type="FilePtr" container="StaticArray" arraySize="1">
          <containerEntry>/Assets/tpp/environ/object/afghanistan/cliff/afgh_clff013/scenes/afgh_clff013.fmdl</containerEntry>
        </property>
        <property name="geomFile" type="FilePtr" container="StaticArray" arraySize="1">
          <containerEntry>/Assets/tpp/environ/object/afghanistan/cliff/afgh_clff013/scenes/afgh_clff013.geom</containerEntry>
        </property>
        <property name="isVisibleGeom" type="Bool" container="StaticArray" arraySize="1">
          <containerEntry>false</containerEntry>
        </property>
        <property name="isIsolated" type="Bool" container="StaticArray" arraySize="1">
          <containerEntry>false</containerEntry>
        </property>
        <property name="lodFarSize" type="Float" container="StaticArray" arraySize="1">
          <containerEntry>-1</containerEntry>
        </property>
        <property name="lodNearSize" type="Float" container="StaticArray" arraySize="1">
          <containerEntry>-1</containerEntry>
        </property>
        <property name="lodPolygonSize" type="Float" container="StaticArray" arraySize="1">
          <containerEntry>-1</containerEntry>
        </property>
        <property name="color" type="Color" container="StaticArray" arraySize="1">
          <containerEntry r="1" g="1" b="1" a="1"></containerEntry>
        </property>
        <property name="drawRejectionLevel" type="Int32" container="StaticArray" arraySize="1">
          <containerEntry>8</containerEntry>
        </property>
        <property name="drawMode" type="Int32" container="StaticArray" arraySize="1">
          <containerEntry>0</containerEntry>
        </property>
        <property name="rejectFarRangeShadowCast" type="Int32" container="StaticArray" arraySize="1">
          <containerEntry>2</containerEntry>
        </property>
      </staticProperties>
      <dynamicProperties></dynamicProperties>
    </entity>
    <entity class="TransformEntity" classVersion="0" classID="0x50" addr="0x317DE50" id="0x89EF6F">
      <staticProperties>
        <property name="owner" type="EntityHandle" container="StaticArray" arraySize="1">
          <containerEntry>0x317DDE0</containerEntry>
        </property>
        <property name="transform_scale" type="Vector3" container="StaticArray" arraySize="1">
          <containerEntry x="1" y="1" z="1" w="0"></containerEntry>
        </property>
        <property name="transform_rotation_quat" type="Quat" container="StaticArray" arraySize="1">
          <containerEntry x="0" y="-0.743767" z="0" w="0.668439"></containerEntry>
        </property>
        <property name="transform_translation" type="Vector3" container="StaticArray" arraySize="1">
          <containerEntry x="1281.4077" y="330.4601" z="1338.2435" w="0"></containerEntry>
        </property>
      </staticProperties>
      <dynamicProperties></dynamicProperties>
    </entity>
    <entity class="StaticModelArray" classVersion="4" classID="0xD0" addr="0x3350630" id="0x0">
      <staticProperties>
        <property name="name" type="String" container="StaticArray" arraySize="1">
          <containerEntry>StaticModelArray0000</containerEntry>
        </property>
        <property name="dataSet" type="EntityHandle" container="StaticArray" arraySize="1">
          <containerEntry>0x3352E00</containerEntry>
        </property>
        <property name="modelFile" type="FilePtr" container="StaticArray" arraySize="1">
          <containerEntry>/Assets/tpp/environ/object/afghanistan/cliff/afgh_clff030/scenes/afgh_clff030_vrtn011.fmdl</containerEntry>
        </property>
        <property name="geomFile" type="FilePtr" container="StaticArray" arraySize="1">
          <containerEntry>/Assets/tpp/environ/object/afghanistan/cliff/afgh_clff030/scenes/afgh_clff030_vrtn011.geom</containerEntry>
        </property>
        <property name="isVisibleGeom" type="Bool" container="StaticArray" arraySize="1">
          <containerEntry>false</containerEntry>
        </property>
        <property name="lodFarSize" type="Float" container="StaticArray" arraySize="1">
          <containerEntry>-1</containerEntry>
        </property>
        <property name="lodNearSize" type="Float" container="StaticArray" arraySize="1">
          <containerEntry>-1</containerEntry>
        </property>
        <property name="lodPolygonSize" type="Float" container="StaticArray" arraySize="1">
          <containerEntry>-1</containerEntry>
        </property>
        <property name="drawRejectionLevel" type="Int32" container="StaticArray" arraySize="1">
          <containerEntry>8</containerEntry>
        </property>
        <property name="drawMode" type="Int32" container="StaticArray" arraySize="1">
          <containerEntry>0</containerEntry>
        </property>
        <property name="rejectFarRangeShadowCast" type="Int32" container="StaticArray" arraySize="1">
          <containerEntry>2</containerEntry>
        </property>
        <property name="parentLocator" type="EntityLink" container="StaticArray" arraySize="1">
          <containerEntry packagePathHash="0xB8A0BF169F98" archivePathHash="0xB8A0BF169F98" nameInArchiveHash="0xB8A0BF169F98">0x0</containerEntry>
        </property>
        <property name="transforms" type="Matrix4" container="DynamicArray" arraySize="7">
          <containerEntry r11="-0.28921646" r12="-0.088633955" r13="-0.95315033" r14="0" r21="-0.15636629" r22="0.9867048" r23="-0.044307414" r24="0" r31="0.94440514" r32="0.13622624" r33="-0.29923064" r34="0" r41="1258.0677" r42="329.34406" r43="1351.9055" r44="1"></containerEntry>
          <containerEntry r11="-0.6756008" r12="-0.011259632" r13="0.73717827" r14="0" r21="-0.06814498" r22="0.9965568" r23="-0.047231533" r24="0" r31="-0.73410815" r32="-0.08214485" r33="-0.67404187" r34="0" r41="1211.0768" r42="316.56525" r43="1293.1924" r44="1"></containerEntry>
          <containerEntry r11="-0.6842089" r12="0.0075101983" r13="0.729241" r14="0" r21="-0.04321868" r22="0.997772" r23="-0.05082568" r24="0" r31="-0.7279979" r32="-0.06629254" r33="-0.6823599" r34="0" r41="1219.4087" r42="320.9051" r43="1337.2118" r44="1"></containerEntry>
          <containerEntry r11="0.99299943" r12="0.10707912" r13="0.049860444" r14="0" r21="-0.10804851" r22="0.99399745" r23="0.017162656" r24="0" r31="-0.047723386" r32="-0.022429867" r33="0.9986087" r34="0" r41="1208.269" r42="320.05386" r43="1335.95" r44="1"></containerEntry>
          <containerEntry r11="0.7209265" r12="0.018540837" r13="-0.69276285" r14="0" r21="-0.05161845" r22="0.99830186" r23="-0.026998727" r24="0" r31="0.6910858" r32="0.05522348" r33="0.7206594" r34="0" r41="1182.2526" r42="318.25122" r43="1335.95" r44="1"></containerEntry>
          <containerEntry r11="0.8627256" r12="0.114450485" r13="-0.49254972" r14="0" r21="-0.12849472" r22="0.99169564" r23="0.005368747" r24="0" r31="0.48907387" r32="0.05865836" r33="0.8702675" r34="0" r41="1240.7732" r42="319.99997" r43="1295.0901" r44="1"></containerEntry>
          <containerEntry r11="1" r12="0" r13="0" r14="0" r21="0" r22="1" r23="0" r24="0" r31="0" r32="0" r33="1" r34="0" r41="1201.3601" r42="313.83105" r43="1387.5659" r44="1"></containerEntry>
        </property>
        <property name="colors" type="UInt32" container="DynamicArray" arraySize="7">
          <containerEntry>4294967295</containerEntry>
          <containerEntry>4294967295</containerEntry>
          <containerEntry>4294967295</containerEntry>
          <containerEntry>4294967295</containerEntry>
          <containerEntry>4294967295</containerEntry>
          <containerEntry>4294967295</containerEntry>
          <containerEntry>4294967295</containerEntry>
        </property>
      </staticProperties>
      <dynamicProperties></dynamicProperties>
    </entity>
    <entity class="StaticModelArray" classVersion="4" classID="0xD0" addr="0x33506A0" id="0x0">
      <staticProperties>
        <property name="name" type="String" container="StaticArray" arraySize="1">
          <containerEntry>StaticModelArray0001</containerEntry>
        </property>
        <property name="dataSet" type="EntityHandle" container="StaticArray" arraySize="1">
          <containerEntry>0x3352E00</containerEntry>
        </property>
        <property name="modelFile" type="FilePtr" container="StaticArray" arraySize="1">
          <containerEntry>/Assets/tpp/environ/object/afghanistan/rock/afgh_rock009/scenes/afgh_rock009_rock001.fmdl</containerEntry>
        </property>
        <property name="geomFile" type="FilePtr" container="StaticArray" arraySize="1">
          <containerEntry>/Assets/tpp/environ/object/afghanistan/rock/afgh_rock009/scenes/afgh_rock009_rock001.geom</containerEntry>
        </property>
        <property name="isVisibleGeom" type="Bool" container="StaticArray" arraySize="1">
          <containerEntry>false</containerEntry>
        </property>
        <property name="lodFarSize" type="Float" container="StaticArray" arraySize="1">
          <containerEntry>-1</containerEntry>
        </property>
        <property name="lodNearSize" type="Float" container="StaticArray" arraySize="1">
          <containerEntry>-1</containerEntry>
        </property>
        <property name="lodPolygonSize" type="Float" container="StaticArray" arraySize="1">
          <containerEntry>-1</containerEntry>
        </property>
        <property name="drawRejectionLevel" type="Int32" container="StaticArray" arraySize="1">
          <containerEntry>8</containerEntry>
        </property>
        <property name="drawMode" type="Int32" container="StaticArray" arraySize="1">
          <containerEntry>0</containerEntry>
        </property>
        <property name="rejectFarRangeShadowCast" type="Int32" container="StaticArray" arraySize="1">
          <containerEntry>2</containerEntry>
        </property>
        <property name="parentLocator" type="EntityLink" container="StaticArray" arraySize="1">
          <containerEntry packagePathHash="0xB8A0BF169F98" archivePathHash="0xB8A0BF169F98" nameInArchiveHash="0xB8A0BF169F98">0x0</containerEntry>
        </property>
        <property name="transforms" type="Matrix4" container="DynamicArray" arraySize="17">
          <containerEntry r11="0.011611685" r12="0.81092745" r13="0.5850316" r14="0" r21="0.96568877" r22="-0.16089714" r23="0.2038565" r24="0" r31="0.2594427" r32="0.5625913" r33="-0.78497183" r34="0" r41="1213.6669" r42="313.36218" r43="1397.3827" r44="1"></containerEntry>
          <containerEntry r11="0.24850953" r12="-0.89530826" r13="-0.36968157" r14="0" r21="-0.21252891" r22="-0.4227515" r23="0.88097084" r24="0" r31="-0.9450253" r32="-0.14036083" r33="-0.2953357" r34="0" r41="1204.4458" r42="313.17545" r43="1367.6655" r44="1"></containerEntry>
          <containerEntry r11="0.9872584" r12="0.13055949" r13="0.09096793" r14="0" r21="0.11757238" r22="-0.9837236" r23="0.13587528" r24="0" r31="0.10722723" r32="-0.12344868" r33="-0.9865395" r34="0" r41="1238.5487" r42="322.0425" r43="1340.679" r44="1"></containerEntry>
          <containerEntry r11="0.053908408" r12="0.68298006" r13="0.7284433" r14="0" r21="0.98320115" r22="-0.1636967" r23="0.08072129" r24="0" r31="0.17437595" r32="0.71185577" r33="-0.6803309" r34="0" r41="1240.1416" r42="321.28577" r43="1369.3959" r44="1"></containerEntry>
          <containerEntry r11="0.5769732" r12="-0.15913889" r13="-0.8011092" r14="0" r21="0.79761684" r22="-0.10134137" r23="0.5945885" r24="0" r31="-0.17580846" r32="-0.98204017" r33="0.068461075" r34="0" r41="1230.533" r42="314.12994" r43="1399.7405" r44="1"></containerEntry>
          <containerEntry r11="0.095134735" r12="0.9933928" r13="0.06417447" r14="0" r21="0.06153345" r22="0.05847621" r23="-0.9963896" r24="0" r31="-0.9935599" r32="0.09873924" r33="-0.055562973" r34="0" r41="1237.7246" r42="316.79315" r43="1390.9004" r44="1"></containerEntry>
          <containerEntry r11="0.9988918" r12="0.045703143" r13="0.011242406" r14="0" r21="0.039638393" r22="-0.94570035" r23="0.32261598" r24="0" r31="0.025376497" r32="-0.3218128" r33="-0.94646394" r34="0" r41="1158.648" r42="313.62204" r43="1324.2322" r44="1"></containerEntry>
          <containerEntry r11="0.63122535" r12="-0.18838763" r13="0.75237256" r14="0" r21="-0.7437902" r22="-0.42199135" r23="0.5183617" r24="0" r31="0.21984202" r32="-0.88681054" r33="-0.40649244" r34="0" r41="1243.4891" r42="322.1962" r43="1325.898" r44="1"></containerEntry>
          <containerEntry r11="0.0644045" r12="-0.9807255" r13="0.18447098" r14="0" r21="-0.44800243" r22="0.13676447" r23="0.88350976" r24="0" r31="-0.89170957" r32="-0.13954547" r33="-0.43055922" r34="0" r41="1154.8422" r42="311.78842" r43="1334.2516" r44="1"></containerEntry>
          <containerEntry r11="-0.1820872" r12="0.98324645" r13="0.00829621" r14="0" r21="0.9817287" r22="0.18132073" r23="0.057709888" r24="0" r31="0.055238817" r32="0.018652916" r33="-0.9982974" r34="0" r41="1214.5651" r42="313.37885" r43="1376.8608" r44="1"></containerEntry>
          <containerEntry r11="-0.86355853" r12="-0.19790246" r13="-0.4637867" r14="0" r21="-0.08504327" r22="0.96374935" r23="-0.25289273" r24="0" r31="0.49702224" r32="-0.17894612" r33="-0.8490842" r34="0" r41="1227.6975" r42="315.148" r43="1388.9957" r44="1"></containerEntry>
          <containerEntry r11="-0.87140965" r12="0.48996657" r13="0.024015665" r14="0" r21="-0.11139721" r22="-0.24532294" r23="0.96301943" r24="0" r31="0.4777391" r32="0.83650976" r33="0.26835847" r34="0" r41="1278.0588" r42="324.57074" r43="1292.8833" r44="1"></containerEntry>
          <containerEntry r11="0.14418542" r12="0.038115524" r13="-0.98881567" r14="0" r21="0.1396186" r22="-0.9900436" r23="-0.017804343" r24="0" r31="-0.97965086" r32="-0.13549006" r33="-0.14807005" r34="0" r41="1270.8767" r42="321.90988" r43="1401.2239" r44="1"></containerEntry>
          <containerEntry r11="0.77504647" r12="-0.11424486" r13="-0.6214903" r14="0" r21="-0.09515196" r22="-0.9934027" r23="0.063950084" r24="0" r31="-0.62469846" r32="0.009571871" r33="-0.7808031" r34="0" r41="1265.7754" r42="329.32193" r43="1330.9242" r44="1"></containerEntry>
          <containerEntry r11="0.7234724" r12="-0.5587829" r13="0.4053995" r14="0" r21="-0.690306" r22="-0.5787073" r23="0.43424886" r24="0" r31="-0.008042738" r32="-0.59401697" r33="-0.80440986" r34="0" r41="1258.3682" r42="327.6143" r43="1323.1534" r44="1"></containerEntry>
          <containerEntry r11="-0.33999622" r12="-0.9202905" r13="-0.19355357" r14="0" r21="-0.88184005" r22="0.383501" r23="-0.27437732" r24="0" r31="0.32673508" r32="0.077395655" r33="-0.94193786" r34="0" r41="1267.2289" r42="328.04337" r43="1316.7664" r44="1"></containerEntry>
          <containerEntry r11="-0.53132707" r12="0.8415319" r13="0.097533576" r14="0" r21="-0.83424425" r22="-0.49971336" r23="-0.23306708" r24="0" r31="-0.1473946" r32="-0.20520209" r33="0.9675572" r34="0" r41="1256.2971" r42="321.90964" r43="1394.3773" r44="1"></containerEntry>
        </property>
        <property name="colors" type="UInt32" container="DynamicArray" arraySize="17">
          <containerEntry>4294967295</containerEntry>
          <containerEntry>4294967295</containerEntry>
          <containerEntry>4294967295</containerEntry>
          <containerEntry>4294967295</containerEntry>
          <containerEntry>4294967295</containerEntry>
          <containerEntry>4294967295</containerEntry>
          <containerEntry>4294967295</containerEntry>
          <containerEntry>4294967295</containerEntry>
          <containerEntry>4294967295</containerEntry>
          <containerEntry>4294967295</containerEntry>
          <containerEntry>4294967295</containerEntry>
          <containerEntry>4294967295</containerEntry>
          <containerEntry>4294967295</containerEntry>
          <containerEntry>4294967295</containerEntry>
          <containerEntry>4294967295</containerEntry>
          <containerEntry>4294967295</containerEntry>
          <containerEntry>4294967295</containerEntry>
        </property>
      </staticProperties>
      <dynamicProperties></dynamicProperties>
    </entity>
    <entity class="StaticModelArray" classVersion="4" classID="0xD0" addr="0x3350710" id="0x0">
      <staticProperties>
        <property name="name" type="String" container="StaticArray" arraySize="1">
          <containerEntry>StaticModelArray0002</containerEntry>
        </property>
        <property name="dataSet" type="EntityHandle" container="StaticArray" arraySize="1">
          <containerEntry>0x3352E00</containerEntry>
        </property>
        <property name="modelFile" type="FilePtr" container="StaticArray" arraySize="1">
          <containerEntry>/Assets/tpp/environ/object/afghanistan/cliff/afgh_clff025/scenes/afgh_clff025.fmdl</containerEntry>
        </property>
        <property name="geomFile" type="FilePtr" container="StaticArray" arraySize="1">
          <containerEntry>/Assets/tpp/environ/object/afghanistan/cliff/afgh_clff025/scenes/afgh_clff025.geom</containerEntry>
        </property>
        <property name="isVisibleGeom" type="Bool" container="StaticArray" arraySize="1">
          <containerEntry>false</containerEntry>
        </property>
        <property name="lodFarSize" type="Float" container="StaticArray" arraySize="1">
          <containerEntry>-1</containerEntry>
        </property>
        <property name="lodNearSize" type="Float" container="StaticArray" arraySize="1">
          <containerEntry>-1</containerEntry>
        </property>
        <property name="lodPolygonSize" type="Float" container="StaticArray" arraySize="1">
          <containerEntry>-1</containerEntry>
        </property>
        <property name="drawRejectionLevel" type="Int32" container="StaticArray" arraySize="1">
          <containerEntry>8</containerEntry>
        </property>
        <property name="drawMode" type="Int32" container="StaticArray" arraySize="1">
          <containerEntry>0</containerEntry>
        </property>
        <property name="rejectFarRangeShadowCast" type="Int32" container="StaticArray" arraySize="1">
          <containerEntry>2</containerEntry>
        </property>
        <property name="parentLocator" type="EntityLink" container="StaticArray" arraySize="1">
          <containerEntry packagePathHash="0xB8A0BF169F98" archivePathHash="0xB8A0BF169F98" nameInArchiveHash="0xB8A0BF169F98">0x0</containerEntry>
        </property>
        <property name="transforms" type="Matrix4" container="DynamicArray" arraySize="16">
          <containerEntry r11="1.0122333" r12="0.0098764235" r13="0.73333865" r14="0" r21="-0.009819375" r22="1.2499572" r23="-0.0032803505" r24="0" r31="-0.7333394" r32="-0.0031043678" r33="1.012276" r34="0" r41="1212.2229" r42="315.81534" r43="1367.0702" r44="1"></containerEntry>
          <containerEntry r11="-0.8635764" r12="-0.008325484" r13="0.9036929" r14="0" r21="-0.11469231" r22="1.2408499" r23="-0.09816948" r24="0" r31="-0.896424" r32="-0.15073904" r33="-0.85801876" r34="0" r41="1167.7316" r42="313.6149" r43="1312.8164" r44="1"></containerEntry>
          <containerEntry r11="0.30495" r12="-0.013338602" r13="1.2121568" r14="0" r21="-0.10923056" r22="1.2445374" r23="0.041174546" r24="0" r31="-1.2072988" r32="-0.115968704" r33="0.3024518" r34="0" r41="1164.1327" r42="314.13855" r43="1334.7936" r44="1"></containerEntry>
          <containerEntry r11="0.9078497" r12="0.009386271" r13="0.85919666" r14="0" r21="-0.009817231" r22="1.2499572" r23="-0.0032819812" r24="0" r31="-0.8591919" r32="-0.0043643266" r33="0.9078923" r34="0" r41="1172.6764" r42="314.72974" r43="1345.1594" r44="1"></containerEntry>
          <containerEntry r11="1.0432519" r12="0.010000021" r13="0.688495" r14="0" r21="-0.009815992" r22="1.2499571" r23="-0.0032811353" r24="0" r31="-0.68849766" r32="-0.0026681703" r33="1.0432945" r34="0" r41="1184.1791" r42="315.14417" r43="1351.4735" r44="1"></containerEntry>
          <containerEntry r11="-0.11907584" r12="8.2701445e-07" r13="1.4952657" r14="0" r21="-0.1303306" r22="1.4942912" r23="-0.01037978" r24="0" r31="-1.4895749" r32="-0.13074328" r33="-0.11862257" r34="0" r41="1248.736" r42="324.86655" r43="1352.85" r44="1"></containerEntry>
          <containerEntry r11="0.29335243" r12="-0.037799895" r13="1.4705484" r14="0" r21="-0.120754056" r22="1.4938252" r23="0.062486716" r24="0" r31="-1.4660695" r32="-0.1306036" r33="0.2891018" r34="0" r41="1253.7637" r42="325.44547" r43="1369.0559" r44="1"></containerEntry>
          <containerEntry r11="-1.4620254" r12="-0.19121423" r13="0.27551922" r14="0" r21="-0.20597461" r22="1.4844651" r23="-0.062753454" r24="0" r31="-0.2646662" r32="-0.09899821" r33="-1.4731405" r34="0" r41="1268.7542" r42="324.9714" r43="1312.7504" r44="1"></containerEntry>
          <containerEntry r11="0.8488053" r12="-0.04076723" r13="1.2360691" r14="0" r21="-0.2006898" r22="1.4747741" r23="0.18645306" r24="0" r31="-1.2203492" r32="-0.27088588" r33="0.8290764" r34="0" r41="1262.0236" r42="325.6269" r43="1382.6512" r44="1"></containerEntry>
          <containerEntry r11="0.82951677" r12="0.008970529" r13="0.93505114" r14="0" r21="-0.009817371" r22="1.2499571" r23="-0.0032822832" r24="0" r31="-0.9350426" r32="-0.005165633" r33="0.82955885" r34="0" r41="1245.7866" r42="318.00278" r43="1396.7184" r44="1"></containerEntry>
          <containerEntry r11="-1.0012455" r12="-0.079587504" r13="1.114075" r14="0" r21="-0.17858571" r22="1.4883454" r23="-0.054174975" r24="0" r31="-1.1025444" r32="-0.1688005" r33="-1.0029416" r34="0" r41="1252.6875" r42="323.63385" r43="1323.8372" r44="1"></containerEntry>
          <containerEntry r11="0.55925" r12="0.0073285582" r13="1.1178933" r14="0" r21="-0.009817402" r22="1.2499572" r23="-0.0032829624" r24="0" r31="-1.1178743" r32="-0.007311051" r33="0.5592883" r34="0" r41="1232.2513" r42="317.8569" r43="1381.6615" r44="1"></containerEntry>
          <containerEntry r11="1.4407296" r12="0.09364479" r13="0.4068524" r14="0" r21="-0.16347876" r22="1.4715923" r23="0.2401895" r24="0" r31="-0.38415223" r32="-0.2750399" r33="1.4236503" r34="0" r41="1274.8068" r42="326.45172" r43="1390.1671" r44="1"></containerEntry>
          <containerEntry r11="1.0443289" r12="-0.03291637" r13="0.6861439" r14="0" r21="-0.060179997" r22="1.2393795" r23="0.15105219" r24="0" r31="-0.6842918" r32="-0.15923224" r33="1.0338712" r34="0" r41="1257.4158" r42="317.88785" r43="1403.6895" r44="1"></containerEntry>
          <containerEntry r11="-0.7475304" r12="0" r13="1.3004568" r14="0" r21="0" r22="1.5" r23="0" r24="0" r31="-1.3004568" r32="0" r33="-0.7475304" r34="0" r41="1264.2223" r42="326.21106" r43="1305.974" r44="1"></containerEntry>
          <containerEntry r11="-1.4728875" r12="0" r13="0.28390035" r14="0" r21="0" r22="1.5" r23="0" r24="0" r31="-0.28390035" r32="0" r33="-1.4728875" r34="0" r41="1270.7709" r42="325.69257" r43="1298.9202" r44="1"></containerEntry>
        </property>
        <property name="colors" type="UInt32" container="DynamicArray" arraySize="16">
          <containerEntry>4294967295</containerEntry>
          <containerEntry>4294967295</containerEntry>
          <containerEntry>4294967295</containerEntry>
          <containerEntry>4294967295</containerEntry>
          <containerEntry>4294967295</containerEntry>
          <containerEntry>4294967295</containerEntry>
          <containerEntry>4294967295</containerEntry>
          <containerEntry>4294967295</containerEntry>
          <containerEntry>4294967295</containerEntry>
          <containerEntry>4294967295</containerEntry>
          <containerEntry>4294967295</containerEntry>
          <containerEntry>4294967295</containerEntry>
          <containerEntry>4294967295</containerEntry>
          <containerEntry>4294967295</containerEntry>
          <containerEntry>4294967295</containerEntry>
          <containerEntry>4294967295</containerEntry>
        </property>
      </staticProperties>
      <dynamicProperties></dynamicProperties>
    </entity>
    <entity class="StaticModelArray" classVersion="4" classID="0xD0" addr="0x317FDD0" id="0x0">
      <staticProperties>
        <property name="name" type="String" container="StaticArray" arraySize="1">
          <containerEntry>StaticModelArray0003</containerEntry>
        </property>
        <property name="dataSet" type="EntityHandle" container="StaticArray" arraySize="1">
          <containerEntry>0x3352E00</containerEntry>
        </property>
        <property name="modelFile" type="FilePtr" container="StaticArray" arraySize="1">
          <containerEntry>/Assets/tpp/environ/object/afghanistan/cliff/afgh_clff007/scenes/afgh_clff007.fmdl</containerEntry>
        </property>
        <property name="geomFile" type="FilePtr" container="StaticArray" arraySize="1">
          <containerEntry>/Assets/tpp/environ/object/afghanistan/cliff/afgh_clff007/scenes/afgh_clff007.geom</containerEntry>
        </property>
        <property name="isVisibleGeom" type="Bool" container="StaticArray" arraySize="1">
          <containerEntry>false</containerEntry>
        </property>
        <property name="lodFarSize" type="Float" container="StaticArray" arraySize="1">
          <containerEntry>-1</containerEntry>
        </property>
        <property name="lodNearSize" type="Float" container="StaticArray" arraySize="1">
          <containerEntry>-1</containerEntry>
        </property>
        <property name="lodPolygonSize" type="Float" container="StaticArray" arraySize="1">
          <containerEntry>-1</containerEntry>
        </property>
        <property name="drawRejectionLevel" type="Int32" container="StaticArray" arraySize="1">
          <containerEntry>8</containerEntry>
        </property>
        <property name="drawMode" type="Int32" container="StaticArray" arraySize="1">
          <containerEntry>0</containerEntry>
        </property>
        <property name="rejectFarRangeShadowCast" type="Int32" container="StaticArray" arraySize="1">
          <containerEntry>2</containerEntry>
        </property>
        <property name="parentLocator" type="EntityLink" container="StaticArray" arraySize="1">
          <containerEntry packagePathHash="0xB8A0BF169F98" archivePathHash="0xB8A0BF169F98" nameInArchiveHash="0xB8A0BF169F98">0x0</containerEntry>
        </property>
        <property name="transforms" type="Matrix4" container="DynamicArray" arraySize="4">
          <containerEntry r11="-0.8870302" r12="2.6635826e-07" r13="-0.4617094" r14="0" r21="-0.05513218" r22="0.9928451" r23="0.10591987" r24="0" r31="0.45840594" r32="0.11940928" r33="-0.88068354" r34="0" r41="1177.8353" r42="312.13068" r43="1361.7179" r44="1"></containerEntry>
          <containerEntry r11="0.3826862" r12="0" r13="0.9238779" r14="0" r21="0" r22="1" r23="0" r24="0" r31="-0.9238779" r32="0" r33="0.3826862" r34="0" r41="1167.5634" r42="312.20483" r43="1373.9745" r44="1"></containerEntry>
          <containerEntry r11="-0.087148905" r12="0" r13="0.9961942" r14="0" r21="0" r22="1" r23="0" r24="0" r31="-0.9961942" r32="0" r33="-0.087148905" r34="0" r41="1164.2035" r42="311.79965" r43="1363.7373" r44="1"></containerEntry>
          <containerEntry r11="0.69296986" r12="0" r13="0.7209664" r14="0" r21="0" r22="1" r23="0" r24="0" r31="-0.7209664" r32="0" r33="0.69296986" r34="0" r41="1187.3872" r42="318.06946" r43="1343.557" r44="1"></containerEntry>
        </property>
        <property name="colors" type="UInt32" container="DynamicArray" arraySize="4">
          <containerEntry>4294967295</containerEntry>
          <containerEntry>4294967295</containerEntry>
          <containerEntry>4294967295</containerEntry>
          <containerEntry>4294967295</containerEntry>
        </property>
      </staticProperties>
      <dynamicProperties></dynamicProperties>
    </entity>
    <entity class="StaticModelArray" classVersion="4" classID="0xD0" addr="0x3350320" id="0x0">
      <staticProperties>
        <property name="name" type="String" container="StaticArray" arraySize="1">
          <containerEntry>StaticModelArray0004</containerEntry>
        </property>
        <property name="dataSet" type="EntityHandle" container="StaticArray" arraySize="1">
          <containerEntry>0x3352E00</containerEntry>
        </property>
        <property name="modelFile" type="FilePtr" container="StaticArray" arraySize="1">
          <containerEntry>/Assets/tpp/environ/object/afghanistan/rock/afgh_rock011/scenes/afgh_rock011.fmdl</containerEntry>
        </property>
        <property name="geomFile" type="FilePtr" container="StaticArray" arraySize="1">
          <containerEntry>/Assets/tpp/environ/object/afghanistan/rock/afgh_rock011/scenes/afgh_rock011.geom</containerEntry>
        </property>
        <property name="isVisibleGeom" type="Bool" container="StaticArray" arraySize="1">
          <containerEntry>false</containerEntry>
        </property>
        <property name="lodFarSize" type="Float" container="StaticArray" arraySize="1">
          <containerEntry>-1</containerEntry>
        </property>
        <property name="lodNearSize" type="Float" container="StaticArray" arraySize="1">
          <containerEntry>-1</containerEntry>
        </property>
        <property name="lodPolygonSize" type="Float" container="StaticArray" arraySize="1">
          <containerEntry>-1</containerEntry>
        </property>
        <property name="drawRejectionLevel" type="Int32" container="StaticArray" arraySize="1">
          <containerEntry>8</containerEntry>
        </property>
        <property name="drawMode" type="Int32" container="StaticArray" arraySize="1">
          <containerEntry>0</containerEntry>
        </property>
        <property name="rejectFarRangeShadowCast" type="Int32" container="StaticArray" arraySize="1">
          <containerEntry>2</containerEntry>
        </property>
        <property name="parentLocator" type="EntityLink" container="StaticArray" arraySize="1">
          <containerEntry packagePathHash="0xB8A0BF169F98" archivePathHash="0xB8A0BF169F98" nameInArchiveHash="0xB8A0BF169F98">0x0</containerEntry>
        </property>
        <property name="transforms" type="Matrix4" container="DynamicArray" arraySize="9">
          <containerEntry r11="-0.601498" r12="-0.124962315" r13="-0.78903824" r14="0" r21="-0.23968987" r22="0.9704153" r23="0.029032804" r24="0" r31="0.7620668" r32="0.20658791" r33="-0.61365503" r34="0" r41="1278.8157" r42="332.67438" r43="1356.0084" r44="1"></containerEntry>
          <containerEntry r11="0.37165883" r12="-0.07358555" r13="-0.9254481" r14="0" r21="-0.09041043" r22="0.9892465" r23="-0.114966996" r24="0" r31="0.9239562" r32="0.12639867" r33="0.3610093" r34="0" r41="1196.55" r42="316.12338" r43="1306.2684" r44="1"></containerEntry>
          <containerEntry r11="-0.9825123" r12="-0.023199255" r13="0.18473762" r14="0" r21="-0.068375945" r22="0.9678359" r23="-0.24211206" r24="0" r31="-0.17317888" r32="-0.2505101" r33="-0.95249695" r34="0" r41="1226.8284" r42="319.10425" r43="1305.8177" r44="1"></containerEntry>
          <containerEntry r11="-0.9918961" r12="-0.10655916" r13="0.06916664" r14="0" r21="-0.10408883" r22="0.9938265" r23="0.03839764" r24="0" r31="-0.072831266" r32="0.030887052" r33="-0.99686426" r34="0" r41="1226.0162" r42="320.26926" r43="1356.3369" r44="1"></containerEntry>
          <containerEntry r11="0.35637254" r12="0.18024462" r13="-0.91679305" r14="0" r21="-0.10317811" r22="0.98280704" r23="0.1531161" r24="0" r31="0.928629" r32="0.040026758" r33="0.36884278" r34="0" r41="1206.6752" r42="318.04077" r43="1353.1251" r44="1"></containerEntry>
          <containerEntry r11="0.16914661" r12="-0.12909977" r13="-0.9770986" r14="0" r21="-0.009065207" r22="0.99113834" r23="-0.13252398" r24="0" r31="0.98554873" r32="0.031273514" r33="0.16647738" r34="0" r41="1206.1173" r42="318.47452" r43="1325.6046" r44="1"></containerEntry>
