<fox formatVersion="2" fileVersion="0">
  <entities>
    <entity class="DataSet" classVersion="0" classID="0xE8" addr="0x2EF46F0" id="0xAC3866">
      <staticProperties>
        <property name="name" type="String" container="StaticArray" arraySize="1">
          <containerEntry hash="0xB8A0BF169F98"></containerEntry>
        </property>
        <property name="dataSet" type="EntityHandle" container="StaticArray" arraySize="1">
          <containerEntry>0x0</containerEntry>
        </property>
        <property name="dataList" type="EntityPtr" container="StringMap" arraySize="7">
          <containerEntry key="mafr_rock002_0002">
            <data>0x2D77D30</data>
          </containerEntry>
          <containerEntry key="StaticModelArray0000">
            <data>0x2D7EF60</data>
          </containerEntry>
          <containerEntry key="StaticModelArray0001">
            <data>0x2D7EFD0</data>
          </containerEntry>
          <containerEntry key="StaticModelArray0002">
            <data>0x2D7F040</data>
          </containerEntry>
          <containerEntry key="StaticModelArray0003">
            <data>0x2D7F120</data>
          </containerEntry>
          <containerEntry key="StaticModelArray0004">
            <data>0x2D7F0B0</data>
          </containerEntry>
          <containerEntry key="TexturePackLoadConditioner0000">
            <data>0x2D7F6D0</data>
          </containerEntry>
        </property>
      </staticProperties>
      <dynamicProperties></dynamicProperties>
    </entity>
    <entity class="StaticModel" classVersion="9" classID="0x160" addr="0x2D77D30" id="0xAC3984">
      <staticProperties>
        <property name="name" type="String" container="StaticArray" arraySize="1">
          <containerEntry>mafr_rock002_0002</containerEntry>
        </property>
        <property name="dataSet" type="EntityHandle" container="StaticArray" arraySize="1">
          <containerEntry>0x2EF46F0</containerEntry>
        </property>
        <property name="parent" type="EntityHandle" container="StaticArray" arraySize="1">
          <containerEntry>0x0</containerEntry>
        </property>
        <property name="transform" type="EntityPtr" container="StaticArray" arraySize="1">
          <containerEntry>0x2D77DA0</containerEntry>
        </property>
        <property name="shearTransform" type="EntityPtr" container="StaticArray" arraySize="1">
          <containerEntry>0x0</containerEntry>
        </property>
        <property name="pivotTransform" type="EntityPtr" container="StaticArray" arraySize="1">
          <containerEntry>0x0</containerEntry>
        </property>
        <property name="children" type="EntityHandle" container="List"></property>
        <property name="flags" type="UInt32" container="StaticArray" arraySize="1">
          <containerEntry>7</containerEntry>
        </property>
        <property name="modelFile" type="FilePtr" container="StaticArray" arraySize="1">
          <containerEntry>/Assets/tpp/environ/object/middle_africa/rock/mafr_rock002/scenes/mafr_rock002.fmdl</containerEntry>
        </property>
        <property name="geomFile" type="FilePtr" container="StaticArray" arraySize="1">
          <containerEntry>/Assets/tpp/environ/object/middle_africa/rock/mafr_rock002/scenes/mafr_rock002.geom</containerEntry>
        </property>
        <property name="isVisibleGeom" type="Bool" container="StaticArray" arraySize="1">
          <containerEntry>false</containerEntry>
        </property>
        <property name="isIsolated" type="Bool" container="StaticArray" arraySize="1">
          <containerEntry>false</containerEntry>
        </property>
        <property name="lodFarSize" type="Float" container="StaticArray" arraySize="1">
          <containerEntry>-1</containerEntry>
        </property>
        <property name="lodNearSize" type="Float" container="StaticArray" arraySize="1">
          <containerEntry>-1</containerEntry>
        </property>
        <property name="lodPolygonSize" type="Float" container="StaticArray" arraySize="1">
          <containerEntry>-1</containerEntry>
        </property>
        <property name="color" type="Color" container="StaticArray" arraySize="1">
          <containerEntry r="1" g="1" b="1" a="1"></containerEntry>
        </property>
        <property name="drawRejectionLevel" type="Int32" container="StaticArray" arraySize="1">
          <containerEntry>8</containerEntry>
        </property>
        <property name="drawMode" type="Int32" container="StaticArray" arraySize="1">
          <containerEntry>0</containerEntry>
        </property>
        <property name="rejectFarRangeShadowCast" type="Int32" container="StaticArray" arraySize="1">
          <containerEntry>2</containerEntry>
        </property>
      </staticProperties>
      <dynamicProperties></dynamicProperties>
    </entity>
    <entity class="TransformEntity" classVersion="0" classID="0x50" addr="0x2D77DA0" id="0xAC3987">
      <staticProperties>
        <property name="owner" type="EntityHandle" container="StaticArray" arraySize="1">
          <containerEntry>0x2D77D30</containerEntry>
        </property>
        <property name="transform_scale" type="Vector3" container="StaticArray" arraySize="1">
          <containerEntry x="1" y="1" z="1" w="0"></containerEntry>
        </property>
        <property name="transform_rotation_quat" type="Quat" container="StaticArray" arraySize="1">
          <containerEntry x="0.043723" y="-0" z="0.238392" w="0.970184"></containerEntry>
        </property>
        <property name="transform_translation" type="Vector3" container="StaticArray" arraySize="1">
          <containerEntry x="-758.4787" y="-3.591068" z="67.14662" w="0"></containerEntry>
        </property>
      </staticProperties>
      <dynamicProperties></dynamicProperties>
    </entity>
    <entity class="StaticModelArray" classVersion="4" classID="0xD0" addr="0x2D7EF60" id="0x0">
      <staticProperties>
        <property name="name" type="String" container="StaticArray" arraySize="1">
          <containerEntry>StaticModelArray0000</containerEntry>
        </property>
        <property name="dataSet" type="EntityHandle" container="StaticArray" arraySize="1">
          <containerEntry>0x2EF46F0</containerEntry>
        </property>
        <property name="modelFile" type="FilePtr" container="StaticArray" arraySize="1">
          <containerEntry>/Assets/tpp/environ/object/middle_africa/mud/mafr_mudd003/scenes/mafr_mudd003_grnd001.fmdl</containerEntry>
        </property>
        <property name="geomFile" type="FilePtr" container="StaticArray" arraySize="1">
          <containerEntry>/Assets/tpp/environ/object/middle_africa/mud/mafr_mudd003/scenes/mafr_mudd003_grnd001.geom</containerEntry>
        </property>
        <property name="isVisibleGeom" type="Bool" container="StaticArray" arraySize="1">
          <containerEntry>false</containerEntry>
        </property>
        <property name="lodFarSize" type="Float" container="StaticArray" arraySize="1">
          <containerEntry>-1</containerEntry>
        </property>
        <property name="lodNearSize" type="Float" container="StaticArray" arraySize="1">
          <containerEntry>-1</containerEntry>
        </property>
        <property name="lodPolygonSize" type="Float" container="StaticArray" arraySize="1">
          <containerEntry>-1</containerEntry>
        </property>
        <property name="drawRejectionLevel" type="Int32" container="StaticArray" arraySize="1">
          <containerEntry>8</containerEntry>
        </property>
        <property name="drawMode" type="Int32" container="StaticArray" arraySize="1">
          <containerEntry>0</containerEntry>
        </property>
        <property name="rejectFarRangeShadowCast" type="Int32" container="StaticArray" arraySize="1">
          <containerEntry>2</containerEntry>
        </property>
        <property name="parentLocator" type="EntityLink" container="StaticArray" arraySize="1">
          <containerEntry packagePathHash="0xB8A0BF169F98" archivePathHash="0xB8A0BF169F98" nameInArchiveHash="0xB8A0BF169F98">0x0</containerEntry>
        </property>
        <property name="transforms" type="Matrix4" container="DynamicArray" arraySize="3">
          <containerEntry r11="0.6870313" r12="0" r13="-0.7266277" r14="0" r21="0" r22="1" r23="0" r24="0" r31="0.7266277" r32="0" r33="0.6870313" r34="0" r41="-721.7797" r42="-3.883032" r43="112.86721" r44="1"></containerEntry>
          <containerEntry r11="-0.9862199" r12="0" r13="-0.16544707" r14="0" r21="0" r22="1" r23="0" r24="0" r31="0.16544707" r32="0" r33="-0.9862199" r34="0" r41="-707.8644" r42="-3.941612" r43="119.60052" r44="1"></containerEntry>
          <containerEntry r11="-0.55800784" r12="0" r13="0.8298371" r14="0" r21="0" r22="1" r23="0" r24="0" r31="-0.8298371" r32="0" r33="-0.55800784" r34="0" r41="-703.381" r42="-3.941612" r43="118.535164" r44="1"></containerEntry>
        </property>
        <property name="colors" type="UInt32" container="DynamicArray" arraySize="3">
          <containerEntry>4294967295</containerEntry>
          <containerEntry>4294967295</containerEntry>
          <containerEntry>4294967295</containerEntry>
        </property>
      </staticProperties>
      <dynamicProperties></dynamicProperties>
    </entity>
    <entity class="StaticModelArray" classVersion="4" classID="0xD0" addr="0x2D7EFD0" id="0x0">
      <staticProperties>
        <property name="name" type="String" container="StaticArray" arraySize="1">
          <containerEntry>StaticModelArray0001</containerEntry>
        </property>
        <property name="dataSet" type="EntityHandle" container="StaticArray" arraySize="1">
          <containerEntry>0x2EF46F0</containerEntry>
        </property>
        <property name="modelFile" type="FilePtr" container="StaticArray" arraySize="1">
          <containerEntry>/Assets/tpp/environ/object/middle_africa/rock/mafr_rock010/scenes/mafr_rock010.fmdl</containerEntry>
        </property>
        <property name="geomFile" type="FilePtr" container="StaticArray" arraySize="1">
          <containerEntry>/Assets/tpp/environ/object/middle_africa/rock/mafr_rock010/scenes/mafr_rock010.geom</containerEntry>
        </property>
        <property name="isVisibleGeom" type="Bool" container="StaticArray" arraySize="1">
          <containerEntry>false</containerEntry>
        </property>
        <property name="lodFarSize" type="Float" container="StaticArray" arraySize="1">
          <containerEntry>-1</containerEntry>
        </property>
        <property name="lodNearSize" type="Float" container="StaticArray" arraySize="1">
          <containerEntry>-1</containerEntry>
        </property>
        <property name="lodPolygonSize" type="Float" container="StaticArray" arraySize="1">
          <containerEntry>-1</containerEntry>
        </property>
        <property name="drawRejectionLevel" type="Int32" container="StaticArray" arraySize="1">
          <containerEntry>8</containerEntry>
        </property>
        <property name="drawMode" type="Int32" container="StaticArray" arraySize="1">
          <containerEntry>0</containerEntry>
        </property>
        <property name="rejectFarRangeShadowCast" type="Int32" container="StaticArray" arraySize="1">
          <containerEntry>2</containerEntry>
        </property>
        <property name="parentLocator" type="EntityLink" container="StaticArray" arraySize="1">
          <containerEntry packagePathHash="0xB8A0BF169F98" archivePathHash="0xB8A0BF169F98" nameInArchiveHash="0xB8A0BF169F98">0x0</containerEntry>
        </property>
        <property name="transforms" type="Matrix4" container="DynamicArray" arraySize="2">
          <containerEntry r11="1.163342" r12="0.02345792" r13="-0.2493694" r14="0" r21="-0.031884957" r22="1.1890004" r23="-0.036899578" r24="0" r31="0.24843253" r32="0.04275459" r33="1.1629933" r34="0" r41="-747.42883" r42="-3.901748" r43="57.25164" r44="1"></containerEntry>
          <containerEntry r11="-0.20754395" r12="3.7238004e-07" r13="-1.1717603" r14="0" r21="-0.22011043" r22="1.1688163" r23="0.038986888" r24="0" r31="1.1509012" r32="0.22353655" r33="-0.20384927" r34="0" r41="-744.90485" r42="-2.765013" r43="64.13578" r44="1"></containerEntry>
        </property>
        <property name="colors" type="UInt32" container="DynamicArray" arraySize="2">
          <containerEntry>4294967295</containerEntry>
          <containerEntry>4294967295</containerEntry>
        </property>
      </staticProperties>
      <dynamicProperties></dynamicProperties>
    </entity>
    <entity class="StaticModelArray" classVersion="4" classID="0xD0" addr="0x2D7F040" id="0x0">
      <staticProperties>
        <property name="name" type="String" container="StaticArray" arraySize="1">
          <containerEntry>StaticModelArray0002</containerEntry>
        </property>
        <property name="dataSet" type="EntityHandle" container="StaticArray" arraySize="1">
          <containerEntry>0x2EF46F0</containerEntry>
        </property>
        <property name="modelFile" type="FilePtr" container="StaticArray" arraySize="1">
          <containerEntry>/Assets/tpp/environ/object/middle_africa/rock/mafr_rock011/scenes/mafr_rock011.fmdl</containerEntry>
        </property>
        <property name="geomFile" type="FilePtr" container="StaticArray" arraySize="1">
          <containerEntry>/Assets/tpp/environ/object/middle_africa/rock/mafr_rock011/scenes/mafr_rock011.geom</containerEntry>
        </property>
        <property name="isVisibleGeom" type="Bool" container="StaticArray" arraySize="1">
          <containerEntry>false</containerEntry>
        </property>
        <property name="lodFarSize" type="Float" container="StaticArray" arraySize="1">
          <containerEntry>-1</containerEntry>
        </property>
        <property name="lodNearSize" type="Float" container="StaticArray" arraySize="1">
          <containerEntry>-1</containerEntry>
        </property>
        <property name="lodPolygonSize" type="Float" container="StaticArray" arraySize="1">
          <containerEntry>-1</containerEntry>
        </property>
        <property name="drawRejectionLevel" type="Int32" container="StaticArray" arraySize="1">
          <containerEntry>8</containerEntry>
        </property>
        <property name="drawMode" type="Int32" container="StaticArray" arraySize="1">
          <containerEntry>0</containerEntry>
        </property>
        <property name="rejectFarRangeShadowCast" type="Int32" container="StaticArray" arraySize="1">
          <containerEntry>2</containerEntry>
        </property>
        <property name="parentLocator" type="EntityLink" container="StaticArray" arraySize="1">
          <containerEntry packagePathHash="0xB8A0BF169F98" archivePathHash="0xB8A0BF169F98" nameInArchiveHash="0xB8A0BF169F98">0x0</containerEntry>
        </property>
        <property name="transforms" type="Matrix4" container="DynamicArray" arraySize="9">
          <containerEntry r11="-0.771337" r12="0.07947604" r13="0.6314448" r14="0" r21="-0.32744926" r22="0.80121124" r23="-0.50083685" r24="0" r31="-0.5457252" r32="-0.59308016" r33="-0.59197944" r34="0" r41="-711.9431" r42="-5.296422" r43="47.191227" r44="1"></containerEntry>
          <containerEntry r11="-0.013316225" r12="-0.08756368" r13="0.99607" r14="0" r21="-0.54006124" r22="0.83899164" r23="0.06653519" r24="0" r31="-0.84152055" r32="-0.5370528" r33="-0.058461964" r34="0" r41="-741.421" r42="-5.091073" r43="74.718864" r44="1"></containerEntry>
          <containerEntry r11="-0.8716277" r12="0.07947655" r13="0.48368442" r14="0" r21="-0.15439257" r22="0.8920259" r23="-0.4247975" r24="0" r31="-0.46522045" r32="-0.4449421" r33="-0.76524395" r34="0" r41="-694.93555" r42="-5.296422" r43="37.99499" r44="1"></containerEntry>
          <containerEntry r11="-0.40747517" r12="0.07947682" r13="0.9097505" r14="0" r21="-0.37828666" r22="0.89202636" r23="-0.2473623" r24="0" r31="-0.831181" r32="-0.4449408" r33="-0.33341348" r34="0" r41="-681.4122" r42="-5.296422" r43="16.841574" r44="1"></containerEntry>
          <containerEntry r11="-0.40747392" r12="-0.03788969" r13="0.9124282" r14="0" r21="-0.37828586" r22="0.91638935" r23="-0.13088211" r24="0" r31="-0.8311803" r32="-0.39849052" r33="-0.38773775" r34="0" r41="-668.98224" r42="-5.180537" r43="7.475307" r44="1"></containerEntry>
          <containerEntry r11="-0.40913525" r12="-0.04165861" r13="0.9115183" r14="0" r21="-0.312201" r22="0.945057" r23="-0.096941106" r24="0" r31="-0.8573981" r32="-0.32424003" r33="-0.39966184" r34="0" r41="-665.46515" r42="-4.907429" r43="1.102505" r44="1"></containerEntry>
          <containerEntry r11="-0.04065788" r12="0.050604686" r13="-0.9978903" r14="0" r21="0.28252804" r22="0.9585414" r23="0.03709779" r24="0" r31="0.9583965" r32="-0.2804238" r33="-0.053269506" r34="0" r41="-759.5359" r42="-8.770417" r43="85.82596" r44="1"></containerEntry>
          <containerEntry r11="0.07482089" r12="-0.02965276" r13="-0.9967556" r14="0" r21="0.3116719" r22="0.95017725" r23="-0.004871741" r24="0" r31="0.9472389" r32="-0.31029636" r33="0.08033508" r34="0" r41="-758.40125" r42="-7.946394" r43="76.53932" r44="1"></containerEntry>
          <containerEntry r11="-0.27802292" r12="-0.13348734" r13="0.9512511" r14="0" r21="-0.61250854" r22="0.7874886" r23="-0.068513244" r24="0" r31="-0.7399532" r32="-0.60169923" r33="-0.30070162" r34="0" r41="-743.4225" r42="-6.262653" r43="89.290215" r44="1"></containerEntry>
        </property>
        <property name="colors" type="UInt32" container="DynamicArray" arraySize="9">
          <containerEntry>4294967295</containerEntry>
          <containerEntry>4294967295</containerEntry>
          <containerEntry>4294967295</containerEntry>
          <containerEntry>4294967295</containerEntry>
          <containerEntry>4294967295</containerEntry>
          <containerEntry>4294967295</containerEntry>
          <containerEntry>4294967295</containerEntry>
          <containerEntry>4294967295</containerEntry>
          <containerEntry>4294967295</containerEntry>
        </property>
      </staticProperties>
      <dynamicProperties></dynamicProperties>
    </entity>
    <entity class="StaticModelArray" classVersion="4" classID="0xD0" addr="0x2D7F120" id="0x0">
      <staticProperties>
        <property name="name" type="String" container="StaticArray" arraySize="1">
          <containerEntry>StaticModelArray0003</containerEntry>
        </property>
        <property name="dataSet" type="EntityHandle" container="StaticArray" arraySize="1">
          <containerEntry>0x2EF46F0</containerEntry>
        </property>
        <property name="modelFile" type="FilePtr" container="StaticArray" arraySize="1">
          <containerEntry>/Assets/tpp/environ/object/middle_africa/mud/mafr_mudd003/scenes/mafr_mudd003.fmdl</containerEntry>
        </property>
        <property name="geomFile" type="FilePtr" container="StaticArray" arraySize="1">
          <containerEntry>/Assets/tpp/environ/object/middle_africa/mud/mafr_mudd003/scenes/mafr_mudd003.geom</containerEntry>
        </property>
        <property name="isVisibleGeom" type="Bool" container="StaticArray" arraySize="1">
          <containerEntry>false</containerEntry>
        </property>
        <property name="lodFarSize" type="Float" container="StaticArray" arraySize="1">
          <containerEntry>-1</containerEntry>
        </property>
        <property name="lodNearSize" type="Float" container="StaticArray" arraySize="1">
          <containerEntry>-1</containerEntry>
        </property>
        <property name="lodPolygonSize" type="Float" container="StaticArray" arraySize="1">
          <containerEntry>-1</containerEntry>
        </property>
        <property name="drawRejectionLevel" type="Int32" container="StaticArray" arraySize="1">
          <containerEntry>8</containerEntry>
        </property>
        <property name="drawMode" type="Int32" container="StaticArray" arraySize="1">
          <containerEntry>0</containerEntry>
        </property>
        <property name="rejectFarRangeShadowCast" type="Int32" container="StaticArray" arraySize="1">
          <containerEntry>2</containerEntry>
        </property>
        <property name="parentLocator" type="EntityLink" container="StaticArray" arraySize="1">
          <containerEntry packagePathHash="0xB8A0BF169F98" archivePathHash="0xB8A0BF169F98" nameInArchiveHash="0xB8A0BF169F98">0x0</containerEntry>
        </property>
        <property name="transforms" type="Matrix4" container="DynamicArray" arraySize="46">
          <containerEntry r11="-0.8884651" r12="-0.011001447" r13="0.4588133" r14="0" r21="3.7393067e-05" r22="0.9997109" r23="0.024043528" r24="0" r31="-0.4589452" r32="0.021378981" r33="-0.88820785" r34="0" r41="-705.6672" r42="-4.181981" r43="105.45826" r44="1"></containerEntry>
          <containerEntry r11="-0.8884651" r12="-0.011001447" r13="0.4588133" r14="0" r21="3.7393067e-05" r22="0.9997109" r23="0.024043528" r24="0" r31="-0.4589452" r32="0.021378981" r33="-0.88820785" r34="0" r41="-716.93445" r42="-4.133463" r43="105.59252" r44="1"></containerEntry>
          <containerEntry r11="-0.9436621" r12="-0.0110017825" r13="-0.33072594" r14="0" r21="-0.017451426" r22="0.9997109" r23="0.016538331" r24="0" r31="0.33044836" r32="0.021378247" r33="-0.9435813" r34="0" r41="-729.38434" r42="-4.056401" r43="92.6545" r44="1"></containerEntry>
          <containerEntry r11="-0.5855227" r12="-0.019468188" r13="0.8104222" r14="0" r21="3.8128346e-05" r22="0.9997109" r23="0.024042882" r24="0" r31="-0.81065595" r32="0.0141085535" r33="-0.5853527" r34="0" r41="-702.8739" r42="-4.181981" r43="92.59054" r44="1"></containerEntry>
          <containerEntry r11="-0.5855227" r12="-0.019468188" r13="0.8104222" r14="0" r21="3.8128346e-05" r22="0.9997109" r23="0.024042882" r24="0" r31="-0.81065595" r32="0.0141085535" r33="-0.5853527" r34="0" r41="-704.8367" r42="-4.181981" r43="77.74106" r44="1"></containerEntry>
          <containerEntry r11="0.41839945" r12="0" r13="-0.9082632" r14="0" r21="0" r22="1" r23="0" r24="0" r31="0.9082632" r32="0" r33="0.41839945" r34="0" r41="-658.80035" r42="-4.233859" r43="5.368126" r44="1"></containerEntry>
          <containerEntry r11="-0.20753388" r12="0.012559497" r13="-0.9781479" r14="0" r21="-0.017451067" r22="0.9997109" r23="0.016538963" r24="0" r31="0.97807294" r32="0.020502098" r33="-0.20725471" r34="0" r41="-732.38055" r42="-4.056401" r43="81.23153" r44="1"></containerEntry>
          <containerEntry r11="0.41040704" r12="0.022245722" r13="-0.91163206" r14="0" r21="-0.017451508" r22="0.9997109" r23="0.016538555" r24="0" r31="0.9117365" r32="0.009121777" r33="0.4106766" r34="0" r41="-728.9742" r42="-4.056401" r43="76.989" r44="1"></containerEntry>
          <containerEntry r11="-0.5855227" r12="-0.019468188" r13="0.8104222" r14="0" r21="3.8128346e-05" r22="0.9997109" r23="0.024042882" r24="0" r31="-0.81065595" r32="0.0141085535" r33="-0.5853527" r34="0" r41="-696.47595" r42="-4.181981" r43="88.4458" r44="1"></containerEntry>
          <containerEntry r11="0.34500372" r12="0.021546545" r13="-0.9383538" r14="0" r21="-0.01745223" r22="0.9997109" r23="0.016538782" r24="0" r31="0.9384389" r32="0.010670433" r33="0.34528005" r34="0" r41="-734.9111" r42="-4.217192" r43="98.44799" r44="1"></containerEntry>
          <containerEntry r11="-0.09430635" r12="-0.018113373" r13="0.9953791" r14="0" r21="-0.017451307" r22="0.9997109" r23="0.016538814" r24="0" r31="-0.9953909" r32="-0.015810952" r33="-0.094595194" r34="0" r41="-737.9422" r42="-4.121475" r43="105.196365" r44="1"></containerEntry>
          <containerEntry r11="-0.09430635" r12="-0.018113373" r13="0.9953791" r14="0" r21="-0.017451307" r22="0.9997109" r23="0.016538814" r24="0" r31="-0.9953909" r32="-0.015810952" r33="-0.094595194" r34="0" r41="-740.8089" r42="-4.179641" r43="110.72894" r44="1"></containerEntry>
          <containerEntry r11="0.49898067" r12="-0.02085573" r13="0.8663625" r14="0" r21="3.8055703e-05" r22="0.99971086" r23="0.024043893" r24="0" r31="-0.86661345" r32="-0.011964476" r33="0.49883717" r34="0" r41="-690.5676" r42="-4.250182" r43="106.5307" r44="1"></containerEntry>
          <containerEntry r11="-0.58084875" r12="0.019594047" r13="-0.8137756" r14="0" r21="3.849622e-05" r22="0.9997109" r23="0.024043508" r24="0" r31="0.8140115" r32="0.013934314" r33="-0.5806816" r34="0" r41="-689.1839" r42="-4.250182" r43="109.24336" r44="1"></containerEntry>
          <containerEntry r11="-0.7691967" r12="0.015393051" r13="-0.63882405" r14="0" r21="3.8065948e-05" r22="0.9997109" r23="0.024043096" r24="0" r31="0.6390094" r32="0.018469593" r33="-0.76897496" r34="0" r41="-685.8653" r42="-4.250182" r43="118.19789" r44="1"></containerEntry>
          <containerEntry r11="-0.7691967" r12="0.015393051" r13="-0.63882405" r14="0" r21="3.8065948e-05" r22="0.9997109" r23="0.024043096" r24="0" r31="0.6390094" r32="0.018469593" r33="-0.76897496" r34="0" r41="-688.4875" r42="-4.250182" r43="113.620804" r44="1"></containerEntry>
          <containerEntry r11="0.27564785" r12="-0.023121316" r13="0.96098036" r14="0" r21="3.753323e-05" r22="0.9997109" r23="0.024042405" r24="0" r31="-0.9612585" r32="-0.0065911617" r33="0.27556902" r34="0" r41="-669.69684" r42="-4.250182" r43="122.95294" r44="1"></containerEntry>
          <containerEntry r11="0.27564785" r12="-0.023121316" r13="0.96098036" r14="0" r21="3.753323e-05" r22="0.9997109" r23="0.024042405" r24="0" r31="-0.9612585" r32="-0.0065911617" r33="0.27556902" r34="0" r41="-668.66797" r42="-4.250182" r43="117.7903" r44="1"></containerEntry>
          <containerEntry r11="0.29889685" r12="-0.02295407" r13="0.9540087" r14="0" r21="3.773067e-05" r22="0.999711" r23="0.02404185" r24="0" r31="-0.9542848" r32="-0.0071500232" r33="0.29881132" r34="0" r41="-693.78424" r42="-4.26129" r43="95.58179" r44="1"></containerEntry>
          <containerEntry r11="-0.56759" r12="0" r13="0.8233087" r14="0" r21="0" r22="1" r23="0" r24="0" r31="-0.8233087" r32="0" r33="-0.56759" r34="0" r41="-675.6582" r42="-4.177827" r43="45.38471" r44="1"></containerEntry>
          <containerEntry r11="-0.56759" r12="0" r13="0.8233087" r14="0" r21="0" r22="1" r23="0" r24="0" r31="-0.8233087" r32="0" r33="-0.56759" r34="0" r41="-664.4223" r42="-4.177827" r43="47.458958" r44="1"></containerEntry>
          <containerEntry r11="-0.014526129" r12="0" r13="-0.9998941" r14="0" r21="0" r22="1" r23="0" r24="0" r31="0.9998941" r32="0" r33="-0.014526129" r34="0" r41="-660.8165" r42="-4.212779" r43="7.324694" r44="1"></containerEntry>
          <containerEntry r11="0.43725193" r12="0" r13="-0.89933896" r14="0" r21="0" r22="1" r23="0" r24="0" r31="0.89933896" r32="0" r33="0.43725193" r34="0" r41="-662.7696" r42="-4.434255" r43="13.588088" r44="1"></containerEntry>
          <containerEntry r11="0.43725193" r12="0" r13="-0.89933896" r14="0" r21="0" r22="1" r23="0" r24="0" r31="0.89933896" r32="0" r33="0.43725193" r34="0" r41="-649.32043" r42="-4.211591" r43="12.099144" r44="1"></containerEntry>
          <containerEntry r11="0.43725193" r12="0" r13="-0.89933896" r14="0" r21="0" r22="1" r23="0" r24="0" r31="0.89933896" r32="0" r33="0.43725193" r34="0" r41="-659.0444" r42="-4.177827" r43="26.499548" r44="1"></containerEntry>
          <containerEntry r11="0.43725193" r12="0" r13="-0.89933896" r14="0" r21="0" r22="1" r23="0" r24="0" r31="0.89933896" r32="0" r33="0.43725193" r34="0" r41="-657.4573" r42="-4.244514" r43="22.317873" r44="1"></containerEntry>
          <containerEntry r11="0.43725193" r12="0" r13="-0.89933896" r14="0" r21="0" r22="1" r23="0" r24="0" r31="0.89933896" r32="0" r33="0.43725193" r34="0" r41="-671.19763" r42="-4.177827" r43="33.10994" r44="1"></containerEntry>
          <containerEntry r11="0.11731005" r12="0" r13="0.9930936" r14="0" r21="0" r22="1" r23="0" r24="0" r31="-0.9930936" r32="0" r33="0.11731005" r34="0" r41="-666.31757" r42="-4.177827" r43="51.756634" r44="1"></containerEntry>
          <containerEntry r11="0.11731005" r12="0" r13="0.9930936" r14="0" r21="0" r22="1" r23="0" r24="0" r31="-0.9930936" r32="0" r33="0.11731005" r34="0" r41="-675.30707" r42="-4.269854" r43="53.24397" r44="1"></containerEntry>
          <containerEntry r11="0.11731005" r12="0" r13="0.9930936" r14="0" r21="0" r22="1" r23="0" r24="0" r31="-0.9930936" r32="0" r33="0.11731005" r34="0" r41="-673.1063" r42="-4.269854" r43="76.58151" r44="1"></containerEntry>
          <containerEntry r11="-0.69408834" r12="0" r13="-0.7198849" r14="0" r21="0" r22="1" r23="0" r24="0" r31="0.7198849" r32="0" r33="-0.69408834" r34="0" r41="-690.06134" r42="-4.269854" r43="70.24979" r44="1"></containerEntry>
          <containerEntry r11="-0.9604732" r12="0" r13="0.27836186" r14="0" r21="0" r22="1" r23="0" r24="0" r31="-0.27836186" r32="0" r33="-0.9604732" r34="0" r41="-700.1909" r42="-4.269854" r43="64.01172" r44="1"></containerEntry>
          <containerEntry r11="0.74484634" r12="0" r13="0.6672354" r14="0" r21="0" r22="1" r23="0" r24="0" r31="-0.6672354" r32="0" r33="0.74484634" r34="0" r41="-687.64685" r42="-4.329357" r43="74.75143" r44="1"></containerEntry>
          <containerEntry r11="-0.9604732" r12="0" r13="0.27836186" r14="0" r21="0" r22="1" r23="0" r24="0" r31="-0.27836186" r32="0" r33="-0.9604732" r34="0" r41="-708.38025" r42="-4.210066" r43="68.362625" r44="1"></containerEntry>
          <containerEntry r11="0.8925579" r12="0" r13="-0.45093244" r14="0" r21="0" r22="1" r23="0" r24="0" r31="0.45093244" r32="0" r33="0.8925579" r34="0" r41="-710.05566" r42="-4.210066" r43="69.940475" r44="1"></containerEntry>
          <containerEntry r11="0.11731005" r12="0" r13="0.9930936" r14="0" r21="0" r22="1" r23="0" r24="0" r31="-0.9930936" r32="0" r33="0.11731005" r34="0" r41="-656.59296" r42="-4.269854" r43="67.47167" r44="1"></containerEntry>
          <containerEntry r11="-0.25712085" r12="0" r13="0.966377" r14="0" r21="0" r22="1" r23="0" r24="0" r31="-0.966377" r32="0" r33="-0.25712085" r34="0" r41="-650.86395" r42="-4.269854" r43="61.807087" r44="1"></containerEntry>
          <containerEntry r11="-0.36815894" r12="0" r13="-0.92976105" r14="0" r21="0" r22="1" r23="0" r24="0" r31="0.92976105" r32="0" r33="-0.36815894" r34="0" r41="-656.7136" r42="-4.269854" r43="56.804276" r44="1"></containerEntry>
          <containerEntry r11="-0.18311274" r12="0" r13="-0.98309046" r14="0" r21="0" r22="1" r23="0" r24="0" r31="0.98309046" r32="0" r33="-0.18311274" r34="0" r41="-650.00507" r42="-4.269854" r43="68.4863" r44="1"></containerEntry>
          <containerEntry r11="0.12073207" r12="0" r13="-0.99268377" r14="0" r21="0" r22="1" r23="0" r24="0" r31="0.99268377" r32="0" r33="0.12073207" r34="0" r41="-647.9237" r42="-4.159805" r43="56.399883" r44="1"></containerEntry>
          <containerEntry r11="0.12073207" r12="0" r13="-0.99268377" r14="0" r21="0" r22="1" r23="0" r24="0" r31="0.99268377" r32="0" r33="0.12073207" r34="0" r41="-644.01526" r42="-4.195462" r43="43.25205" r44="1"></containerEntry>
          <containerEntry r11="0.22909802" r12="0" r13="0.97340244" r14="0" r21="0" r22="1" r23="0" r24="0" r31="-0.97340244" r32="0" r33="0.22909802" r34="0" r41="-642.97723" r42="-4.195462" r43="38.383442" r44="1"></containerEntry>
          <containerEntry r11="-0.21467304" r12="0" r13="0.97668344" r14="0" r21="0" r22="1" r23="0" r24="0" r31="-0.97668344" r32="0" r33="-0.21467304" r34="0" r41="-651.1325" r42="-4.195462" r43="32.726223" r44="1"></containerEntry>
          <containerEntry r11="0.18627441" r12="0" r13="-0.9824951" r14="0" r21="0" r22="1" r23="0" r24="0" r31="0.9824951" r32="0" r33="0.18627441" r34="0" r41="-645.41986" r42="-4.211914" r43="22.082462" r44="1"></containerEntry>
          <containerEntry r11="0.12078506" r12="0" r13="-0.99267644" r14="0" r21="0" r22="1" r23="0" r24="0" r31="0.99267644" r32="0" r33="0.12078506" r34="0" r41="-648.679" r42="-4.19589" r43="26.20929" r44="1"></containerEntry>
          <containerEntry r11="0.18627441" r12="0" r13="-0.9824951" r14="0" r21="0" r22="1" r23="0" r24="0" r31="0.9824951" r32="0" r33="0.18627441" r34="0" r41="-638.6094" r42="-4.211914" r43="27.1591" r44="1"></containerEntry>
        </property>
        <property name="colors" type="UInt32" container="DynamicArray" arraySize="46">
          <containerEntry>4294967295</containerEntry>
          <containerEntry>4294967295</containerEntry>
          <containerEntry>4294967295</containerEntry>
          <containerEntry>4294967295</containerEntry>
          <containerEntry>4294967295</containerEntry>
          <containerEntry>4294967295</containerEntry>
          <containerEntry>4294967295</containerEntry>
          <containerEntry>4294967295</containerEntry>
          <containerEntry>4294967295</containerEntry>
          <containerEntry>4294967295</containerEntry>
          <containerEntry>4294967295</containerEntry>
          <containerEntry>4294967295</containerEntry>
          <containerEntry>4294967295</containerEntry>
          <containerEntry>4294967295</containerEntry>
          <containerEntry>4294967295</containerEntry>
          <containerEntry>4294967295</containerEntry>
          <containerEntry>4294967295</containerEntry>
          <containerEntry>4294967295</containerEntry>
          <containerEntry>4294967295</containerEntry>
          <containerEntry>4294967295</containerEntry>
          <containerEntry>4294967295</containerEntry>
          <containerEntry>4294967295</containerEntry>
          <containerEntry>4294967295</containerEntry>
          <containerEntry>4294967295</containerEntry>
          <containerEntry>4294967295</containerEntry>
          <containerEntry>4294967295</containerEntry>
          <containerEntry>4294967295</containerEntry>
          <containerEntry>4294967295</containerEntry>
          <containerEntry>4294967295</containerEntry>
          <containerEntry>4294967295</containerEntry>
          <containerEntry>4294967295</containerEntry>
          <containerEntry>4294967295</containerEntry>
          <containerEntry>4294967295</containerEntry>
          <containerEntry>4294967295</containerEntry>
          <containerEntry>4294967295</containerEntry>
          <containerEntry>4294967295</containerEntry>
          <containerEntry>4294967295</containerEntry>
          <containerEntry>4294967295</containerEntry>
          <containerEntry>4294967295</containerEntry>
          <containerEntry>4294967295</containerEntry>
          <containerEntry>4294967295</containerEntry>
          <containerEntry>4294967295</containerEntry>
          <containerEntry>4294967295</containerEntry>
          <containerEntry>4294967295</containerEntry>
          <containerEntry>4294967295</containerEntry>
          <containerEntry>4294967295</containerEntry>
        </property>
      </staticProperties>
      <dynamicProperties></dynamicProperties>
    </entity>
    <entity class="StaticModelArray" classVersion="4" classID="0xD0" addr="0x2D7F0B0" id="0x0">
      <staticProperties>
        <property name="name" type="String" container="StaticArray" arraySize="1">
          <containerEntry>StaticModelArray0004</containerEntry>
        </property>
        <property name="dataSet" type="EntityHandle" container="StaticArray" arraySize="1">
          <containerEntry>0x2EF46F0</containerEntry>
        </property>
        <property name="modelFile" type="FilePtr" container="StaticArray" arraySize="1">
          <containerEntry>/Assets/tpp/environ/object/middle_africa/mud/mafr_mudd003/scenes/mafr_mudd003_rock001.fmdl</containerEntry>
        </property>
        <property name="geomFile" type="FilePtr" container="StaticArray" arraySize="1">
          <containerEntry>/Assets/tpp/environ/object/middle_africa/mud/mafr_mudd003/scenes/mafr_mudd003_rock001.geom</containerEntry>
        </property>
        <property name="isVisibleGeom" type="Bool" container="StaticArray" arraySize="1">
          <containerEntry>false</containerEntry>
        </property>
        <property name="lodFarSize" type="Float" container="StaticArray" arraySize="1">
          <containerEntry>-1</containerEntry>
        </property>
        <property name="lodNearSize" type="Float" container="StaticArray" arraySize="1">
          <containerEntry>-1</containerEntry>
        </property>
        <property name="lodPolygonSize" type="Float" container="StaticArray" arraySize="1">
          <containerEntry>-1</containerEntry>
        </property>
        <property name="drawRejectionLevel" type="Int32" container="StaticArray" arraySize="1">
          <containerEntry>8</containerEntry>
        </property>
        <property name="drawMode" type="Int32" container="StaticArray" arraySize="1">
          <containerEntry>0</containerEntry>
        </property>
        <property name="rejectFarRangeShadowCast" type="Int32" container="StaticArray" arraySize="1">
          <containerEntry>2</containerEntry>
        </property>
        <property name="parentLocator" type="EntityLink" container="StaticArray" arraySize="1">
          <containerEntry packagePathHash="0xB8A0BF169F98" archivePathHash="0xB8A0BF169F98" nameInArchiveHash="0xB8A0BF169F98">0x0</containerEntry>
        </property>
        <property name="transforms" type="Matrix4" container="DynamicArray" arraySize="2">
          <containerEntry r11="-0.7898304" r12="0.030177455" r13="0.33889028" r14="0" r21="0.06397469" r22="0.8545037" r23="0.07301098" r24="0" r31="-0.33416247" r32="0.09226423" r33="-0.78702736" r34="0" r41="-661.8281" r42="-6.038543" r43="95.157036" r44="1"></containerEntry>
          <containerEntry r11="-0.7898304" r12="0.030177455" r13="0.33889028" r14="0" r21="0.06397469" r22="0.8545037" r23="0.07301098" r24="0" r31="-0.33416247" r32="0.09226423" r33="-0.78702736" r34="0" r41="-702.9774" r42="-7.20026" r43="66.380226" r44="1"></containerEntry>
        </property>
        <property name="colors" type="UInt32" container="DynamicArray" arraySize="2">
          <containerEntry>4294967295</containerEntry>
          <containerEntry>4294967295</containerEntry>
        </property>
      </staticProperties>
      <dynamicProperties></dynamicProperties>
    </entity>
    <entity class="TexturePackLoadConditioner" classVersion="0" classID="0x48" addr="0x2D7F6D0" id="0x0">
      <staticProperties>
        <property name="name" type="String" container="StaticArray" arraySize="1">
          <containerEntry>TexturePackLoadConditioner0000</containerEntry>
        </property>
        <property name="dataSet" type="EntityHandle" container="StaticArray" arraySize="1">
          <containerEntry>0x2EF46F0</containerEntry>
        </property>
        <property name="texturePackPath" type="Path" container="StaticArray" arraySize="1">
          <containerEntry hash="0xB8A0BF169F98"></containerEntry>
        </property>
      </staticProperties>
      <dynamicProperties></dynamicProperties>
    </entity>
  </entities>
</fox>