<fox formatVersion="2" fileVersion="0">
  <entities>
    <entity class="DataSet" classVersion="0" classID="0xE8" addr="0x3352FC0" id="0x106B818">
      <staticProperties>
        <property name="name" type="String" container="StaticArray" arraySize="1">
          <containerEntry hash="0xB8A0BF169F98"></containerEntry>
        </property>
        <property name="dataSet" type="EntityHandle" container="StaticArray" arraySize="1">
          <containerEntry>0x0</containerEntry>
        </property>
        <property name="dataList" type="EntityPtr" container="StringMap" arraySize="12">
          <containerEntry key="afgh_clff027_vrtn006_0003">
            <data>0x3177240</data>
          </containerEntry>
          <containerEntry key="afgh_tree012_vrtn001_br_gim_i0000|TppSharedGimmick_afgh_tree012_vrtn001_br">
            <data>0x3179A10</data>
          </containerEntry>
          <containerEntry key="StaticModelArray0000">
            <data>0x317CB80</data>
          </containerEntry>
          <containerEntry key="StaticModelArray0001">
            <data>0x317CBF0</data>
          </containerEntry>
          <containerEntry key="StaticModelArray0002">
            <data>0x317CCD0</data>
          </containerEntry>
          <containerEntry key="StaticModelArray0003">
            <data>0x3352A80</data>
          </containerEntry>
          <containerEntry key="StaticModelArray0004">
            <data>0x317CC60</data>
          </containerEntry>
          <containerEntry key="StaticModelArray0005">
            <data>0x317C330</data>
          </containerEntry>
          <containerEntry key="StaticModelArray0006">
            <data>0x317C560</data>
          </containerEntry>
          <containerEntry key="StaticModelArray0007">
            <data>0x317C3A0</data>
          </containerEntry>
          <containerEntry key="GeoxPathPack0000">
            <data>0x317CD40</data>
          </containerEntry>
          <containerEntry key="TexturePackLoadConditioner0000">
            <data>0x317C480</data>
          </containerEntry>
        </property>
      </staticProperties>
      <dynamicProperties></dynamicProperties>
    </entity>
    <entity class="StaticModel" classVersion="9" classID="0x160" addr="0x3177240" id="0x106B95F">
      <staticProperties>
        <property name="name" type="String" container="StaticArray" arraySize="1">
          <containerEntry>afgh_clff027_vrtn006_0003</containerEntry>
        </property>
        <property name="dataSet" type="EntityHandle" container="StaticArray" arraySize="1">
          <containerEntry>0x3352FC0</containerEntry>
        </property>
        <property name="parent" type="EntityHandle" container="StaticArray" arraySize="1">
          <containerEntry>0x0</containerEntry>
        </property>
        <property name="transform" type="EntityPtr" container="StaticArray" arraySize="1">
          <containerEntry>0x31772B0</containerEntry>
        </property>
        <property name="shearTransform" type="EntityPtr" container="StaticArray" arraySize="1">
          <containerEntry>0x0</containerEntry>
        </property>
        <property name="pivotTransform" type="EntityPtr" container="StaticArray" arraySize="1">
          <containerEntry>0x0</containerEntry>
        </property>
        <property name="children" type="EntityHandle" container="List"></property>
        <property name="flags" type="UInt32" container="StaticArray" arraySize="1">
          <containerEntry>3221225479</containerEntry>
        </property>
        <property name="modelFile" type="FilePtr" container="StaticArray" arraySize="1">
          <containerEntry>/Assets/tpp/environ/object/afghanistan/cliff/afgh_clff027/scenes/afgh_clff027_vrtn006.fmdl</containerEntry>
        </property>
        <property name="geomFile" type="FilePtr" container="StaticArray" arraySize="1">
          <containerEntry>/Assets/tpp/environ/object/afghanistan/cliff/afgh_clff027/scenes/afgh_clff027_vrtn006.geom</containerEntry>
        </property>
        <property name="isVisibleGeom" type="Bool" container="StaticArray" arraySize="1">
          <containerEntry>false</containerEntry>
        </property>
        <property name="isIsolated" type="Bool" container="StaticArray" arraySize="1">
          <containerEntry>false</containerEntry>
        </property>
        <property name="lodFarSize" type="Float" container="StaticArray" arraySize="1">
          <containerEntry>-1</containerEntry>
        </property>
        <property name="lodNearSize" type="Float" container="StaticArray" arraySize="1">
          <containerEntry>-1</containerEntry>
        </property>
        <property name="lodPolygonSize" type="Float" container="StaticArray" arraySize="1">
          <containerEntry>-1</containerEntry>
        </property>
        <property name="color" type="Color" container="StaticArray" arraySize="1">
          <containerEntry r="1" g="1" b="1" a="1"></containerEntry>
        </property>
        <property name="drawRejectionLevel" type="Int32" container="StaticArray" arraySize="1">
          <containerEntry>8</containerEntry>
        </property>
        <property name="drawMode" type="Int32" container="StaticArray" arraySize="1">
          <containerEntry>0</containerEntry>
        </property>
        <property name="rejectFarRangeShadowCast" type="Int32" container="StaticArray" arraySize="1">
          <containerEntry>2</containerEntry>
        </property>
      </staticProperties>
      <dynamicProperties></dynamicProperties>
    </entity>
    <entity class="TransformEntity" classVersion="0" classID="0x50" addr="0x31772B0" id="0x106B962">
      <staticProperties>
        <property name="owner" type="EntityHandle" container="StaticArray" arraySize="1">
          <containerEntry>0x3177240</containerEntry>
        </property>
        <property name="transform_scale" type="Vector3" container="StaticArray" arraySize="1">
          <containerEntry x="1" y="1" z="1" w="0"></containerEntry>
        </property>
        <property name="transform_rotation_quat" type="Quat" container="StaticArray" arraySize="1">
          <containerEntry x="0" y="0.99993" z="0" w="-0.011801"></containerEntry>
        </property>
        <property name="transform_translation" type="Vector3" container="StaticArray" arraySize="1">
          <containerEntry x="401.99536" y="289.68277" z="2531.9177" w="0"></containerEntry>
        </property>
      </staticProperties>
      <dynamicProperties></dynamicProperties>
    </entity>
    <entity class="TppSharedGimmickData" classVersion="1" classID="0xF0" addr="0x3179A10" id="0x1432C5">
      <staticProperties>
        <property name="name" type="String" container="StaticArray" arraySize="1">
          <containerEntry>afgh_tree012_vrtn001_br_gim_i0000|TppSharedGimmick_afgh_tree012_vrtn001_br</containerEntry>
        </property>
        <property name="dataSet" type="EntityHandle" container="StaticArray" arraySize="1">
          <containerEntry>0x3352FC0</containerEntry>
        </property>
        <property name="modelFile" type="FilePtr" container="StaticArray" arraySize="1">
          <containerEntry>/Assets/tpp/environ/object/afghanistan/tree/afgh_tree012/scenes/afgh_tree012_vrtn001_br.fmdl</containerEntry>
        </property>
        <property name="geomFile" type="FilePtr" container="StaticArray" arraySize="1">
          <containerEntry>/Assets/tpp/environ/object/afghanistan/tree/afgh_tree012/scenes/afgh_tree012_vrtn001_br.geom</containerEntry>
        </property>
        <property name="breakedModelFile" type="FilePtr" container="StaticArray" arraySize="1">
          <containerEntry hash="0xB8A0BF169F98"></containerEntry>
        </property>
        <property name="breakedGeomFile" type="FilePtr" container="StaticArray" arraySize="1">
          <containerEntry hash="0xB8A0BF169F98"></containerEntry>
        </property>
        <property name="partsFile" type="FilePtr" container="StaticArray" arraySize="1">
          <containerEntry>/Assets/tpp/parts/environ/object/afghanistan/tree/afgh_tree012/afgh_tree012_vrtn001_br.parts</containerEntry>
        </property>
        <property name="numDynamicGimmick" type="UInt32" container="StaticArray" arraySize="1">
          <containerEntry>2</containerEntry>
        </property>
        <property name="locaterFile" type="FilePtr" container="StaticArray" arraySize="1">
          <containerEntry>/Assets/tpp/level/location/afgh/block_small/136/136_152/lba/afgh_tree012_vrtn001_br.lba</containerEntry>
        </property>
        <property name="flags1" type="UInt32" container="StaticArray" arraySize="1">
          <containerEntry>270</containerEntry>
        </property>
        <property name="flags2" type="UInt32" container="StaticArray" arraySize="1">
          <containerEntry>0</containerEntry>
        </property>
      </staticProperties>
      <dynamicProperties></dynamicProperties>
    </entity>
    <entity class="StaticModelArray" classVersion="4" classID="0xD0" addr="0x317CB80" id="0x0">
      <staticProperties>
        <property name="name" type="String" container="StaticArray" arraySize="1">
          <containerEntry>StaticModelArray0000</containerEntry>
        </property>
        <property name="dataSet" type="EntityHandle" container="StaticArray" arraySize="1">
          <containerEntry>0x3352FC0</containerEntry>
        </property>
        <property name="modelFile" type="FilePtr" container="StaticArray" arraySize="1">
          <containerEntry hash="0xB8A0BF169F98"></containerEntry>
        </property>
        <property name="geomFile" type="FilePtr" container="StaticArray" arraySize="1">
          <containerEntry>/Assets/tpp/environ/object/afghanistan/tree/afgh_tree012/scenes/afgh_tree012_vrtn001_br_pc.geom</containerEntry>
        </property>
        <property name="isVisibleGeom" type="Bool" container="StaticArray" arraySize="1">
          <containerEntry>false</containerEntry>
        </property>
        <property name="lodFarSize" type="Float" container="StaticArray" arraySize="1">
          <containerEntry>-1</containerEntry>
        </property>
        <property name="lodNearSize" type="Float" container="StaticArray" arraySize="1">
          <containerEntry>-1</containerEntry>
        </property>
        <property name="lodPolygonSize" type="Float" container="StaticArray" arraySize="1">
          <containerEntry>-1</containerEntry>
        </property>
        <property name="drawRejectionLevel" type="Int32" container="StaticArray" arraySize="1">
          <containerEntry>8</containerEntry>
        </property>
        <property name="drawMode" type="Int32" container="StaticArray" arraySize="1">
          <containerEntry>0</containerEntry>
        </property>
        <property name="rejectFarRangeShadowCast" type="Int32" container="StaticArray" arraySize="1">
          <containerEntry>2</containerEntry>
        </property>
        <property name="parentLocator" type="EntityLink" container="StaticArray" arraySize="1">
          <containerEntry packagePathHash="0xB8A0BF169F98" archivePathHash="0xB8A0BF169F98" nameInArchiveHash="0xB8A0BF169F98">0x0</containerEntry>
        </property>
        <property name="transforms" type="Matrix4" container="DynamicArray" arraySize="3">
          <containerEntry r11="1" r12="0" r13="0" r14="0" r21="0" r22="1" r23="0" r24="0" r31="0" r32="0" r33="1" r34="0" r41="450" r42="274.5862" r43="2500" r44="1"></containerEntry>
          <containerEntry r11="-0.4190251" r12="0.0034607786" r13="-0.9079795" r14="0" r21="0.0018222935" r22="0.999994" r23="0.0029705502" r24="0" r31="0.90798426" r32="-0.0004098835" r33="-0.41902882" r34="0" r41="430" r42="275.3843" r43="2472" r44="1"></containerEntry>
          <containerEntry r11="-0.07654929" r12="0" r13="0.99706614" r14="0" r21="0" r22="1" r23="0" r24="0" r31="-0.99706614" r32="0" r33="-0.07654929" r34="0" r41="392" r42="273.13202" r43="2510" r44="1"></containerEntry>
        </property>
        <property name="colors" type="UInt32" container="DynamicArray" arraySize="3">
          <containerEntry>4294967295</containerEntry>
          <containerEntry>4294967295</containerEntry>
          <containerEntry>4294967295</containerEntry>
        </property>
      </staticProperties>
      <dynamicProperties></dynamicProperties>
    </entity>
    <entity class="StaticModelArray" classVersion="4" classID="0xD0" addr="0x317CBF0" id="0x0">
      <staticProperties>
        <property name="name" type="String" container="StaticArray" arraySize="1">
          <containerEntry>StaticModelArray0001</containerEntry>
        </property>
        <property name="dataSet" type="EntityHandle" container="StaticArray" arraySize="1">
          <containerEntry>0x3352FC0</containerEntry>
        </property>
        <property name="modelFile" type="FilePtr" container="StaticArray" arraySize="1">
          <containerEntry>/Assets/tpp/environ/object/middle_africa/rock/mafr_rock010/scenes/mafr_rock010_vrtn001.fmdl</containerEntry>
        </property>
        <property name="geomFile" type="FilePtr" container="StaticArray" arraySize="1">
          <containerEntry>/Assets/tpp/environ/object/middle_africa/rock/mafr_rock010/scenes/mafr_rock010_vrtn001.geom</containerEntry>
        </property>
        <property name="isVisibleGeom" type="Bool" container="StaticArray" arraySize="1">
          <containerEntry>false</containerEntry>
        </property>
        <property name="lodFarSize" type="Float" container="StaticArray" arraySize="1">
          <containerEntry>-1</containerEntry>
        </property>
        <property name="lodNearSize" type="Float" container="StaticArray" arraySize="1">
          <containerEntry>-1</containerEntry>
        </property>
        <property name="lodPolygonSize" type="Float" container="StaticArray" arraySize="1">
          <containerEntry>-1</containerEntry>
        </property>
        <property name="drawRejectionLevel" type="Int32" container="StaticArray" arraySize="1">
          <containerEntry>8</containerEntry>
        </property>
        <property name="drawMode" type="Int32" container="StaticArray" arraySize="1">
          <containerEntry>0</containerEntry>
        </property>
        <property name="rejectFarRangeShadowCast" type="Int32" container="StaticArray" arraySize="1">
          <containerEntry>2</containerEntry>
        </property>
        <property name="parentLocator" type="EntityLink" container="StaticArray" arraySize="1">
          <containerEntry packagePathHash="0xB8A0BF169F98" archivePathHash="0xB8A0BF169F98" nameInArchiveHash="0xB8A0BF169F98">0x0</containerEntry>
        </property>
        <property name="transforms" type="Matrix4" container="DynamicArray" arraySize="8">
          <containerEntry r11="-0.93718016" r12="-0.16919845" r13="-0.30506322" r14="0" r21="-0.21519104" r22="0.968691" r23="0.12381675" r24="0" r31="0.2745624" r32="0.18168561" r33="-0.94424796" r34="0" r41="436" r42="273.94775" r43="2492" r44="1"></containerEntry>
          <containerEntry r11="0.32131866" r12="-0.049495906" r13="0.94567597" r14="0" r21="-0.2151914" r22="0.9686909" r23="0.1238172" r24="0" r31="-0.92219603" r32="-0.24328622" r33="0.30060732" r34="0" r41="438.58548" r42="273.30127" r43="2497.215" r44="1"></containerEntry>
          <containerEntry r11="0.9358334" r12="0.1933709" r13="-0.29465798" r14="0" r21="-0.120382264" r22="0.9611426" r23="0.24842077" r24="0" r31="0.33124575" r32="-0.19700879" r33="0.92274785" r34="0" r41="437.9661" r42="274.3457" r43="2486.173" r44="1"></containerEntry>
          <containerEntry r11="0.79210454" r12="-0.09403159" r13="0.6030989" r14="0" r21="0.0054146536" r22="0.98910624" r23="0.14710394" r24="0" r31="-0.6103613" r32="-0.113256104" r33="0.78398466" r34="0" r41="470.61026" r42="274.15308" r43="2500.2568" r44="1"></containerEntry>
          <containerEntry r11="0.79210395" r12="-0.094030865" r13="0.6030999" r14="0" r21="0.20003664" r22="0.9734866" r23="-0.110946834" r24="0" r31="-0.57667726" r32="0.20852351" r33="0.7899122" r34="0" r41="504" r42="267.47772" r43="2546" r44="1"></containerEntry>
          <containerEntry r11="-0.9931521" r12="0.11611658" r13="0.012985406" r14="0" r21="0.11680168" r22="0.9895325" r23="0.084751345" r24="0" r31="-0.0030084518" r32="0.08568757" r33="-0.9963189" r34="0" r41="499.37122" r42="267.4469" r43="2542.3696" r44="1"></containerEntry>
          <containerEntry r11="-0.84642375" r12="0.14382336" r13="-0.5127173" r14="0" r21="0.30060765" r22="0.9238003" r23="-0.23712426" r24="0" r31="0.43954435" r32="-0.3548348" r33="-0.8251608" r34="0" r41="477.1342" r42="269.9845" r43="2541.3057" r44="1"></containerEntry>
          <containerEntry r11="0.6520996" r12="-0.21679218" r13="-0.72647613" r14="0" r21="0.20003672" r22="0.9734866" r23="-0.1109471" r24="0" r31="0.73126715" r32="-0.07297325" r33="0.6781766" r34="0" r41="486.7646" r42="268.66077" r43="2534.566" r44="1"></containerEntry>
        </property>
        <property name="colors" type="UInt32" container="DynamicArray" arraySize="8">
          <containerEntry>4294967295</containerEntry>
          <containerEntry>4294967295</containerEntry>
          <containerEntry>4294967295</containerEntry>
          <containerEntry>4294967295</containerEntry>
          <containerEntry>4294967295</containerEntry>
          <containerEntry>4294967295</containerEntry>
          <containerEntry>4294967295</containerEntry>
          <containerEntry>4294967295</containerEntry>
        </property>
      </staticProperties>
      <dynamicProperties></dynamicProperties>
    </entity>
    <entity class="StaticModelArray" classVersion="4" classID="0xD0" addr="0x317CCD0" id="0x0">
      <staticProperties>
        <property name="name" type="String" container="StaticArray" arraySize="1">
          <containerEntry>StaticModelArray0002</containerEntry>
        </property>
        <property name="dataSet" type="EntityHandle" container="StaticArray" arraySize="1">
          <containerEntry>0x3352FC0</containerEntry>
        </property>
        <property name="modelFile" type="FilePtr" container="StaticArray" arraySize="1">
          <containerEntry>/Assets/tpp/environ/object/afghanistan/tree/afgh_tree012/scenes/afgh_tree012_ropl001.fmdl</containerEntry>
        </property>
        <property name="geomFile" type="FilePtr" container="StaticArray" arraySize="1">
          <containerEntry hash="0xB8A0BF169F98"></containerEntry>
        </property>
        <property name="isVisibleGeom" type="Bool" container="StaticArray" arraySize="1">
          <containerEntry>false</containerEntry>
        </property>
        <property name="lodFarSize" type="Float" container="StaticArray" arraySize="1">
          <containerEntry>-1</containerEntry>
        </property>
        <property name="lodNearSize" type="Float" container="StaticArray" arraySize="1">
          <containerEntry>-1</containerEntry>
        </property>
        <property name="lodPolygonSize" type="Float" container="StaticArray" arraySize="1">
          <containerEntry>-1</containerEntry>
        </property>
        <property name="drawRejectionLevel" type="Int32" container="StaticArray" arraySize="1">
          <containerEntry>8</containerEntry>
        </property>
        <property name="drawMode" type="Int32" container="StaticArray" arraySize="1">
          <containerEntry>0</containerEntry>
        </property>
        <property name="rejectFarRangeShadowCast" type="Int32" container="StaticArray" arraySize="1">
          <containerEntry>2</containerEntry>
        </property>
        <property name="parentLocator" type="EntityLink" container="StaticArray" arraySize="1">
          <containerEntry packagePathHash="0xB8A0BF169F98" archivePathHash="0xB8A0BF169F98" nameInArchiveHash="0xB8A0BF169F98">0x0</containerEntry>
        </property>
        <property name="transforms" type="Matrix4" container="DynamicArray" arraySize="3">
          <containerEntry r11="1" r12="0" r13="0" r14="0" r21="0" r22="1" r23="0" r24="0" r31="0" r32="0" r33="1" r34="0" r41="450" r42="274.5862" r43="2500" r44="1"></containerEntry>
          <containerEntry r11="-0.4190251" r12="0.0034607786" r13="-0.9079795" r14="0" r21="0.0018222935" r22="0.999994" r23="0.0029705502" r24="0" r31="0.90798426" r32="-0.0004098835" r33="-0.41902882" r34="0" r41="430" r42="275.3843" r43="2472" r44="1"></containerEntry>
          <containerEntry r11="-0.07654929" r12="0" r13="0.99706614" r14="0" r21="0" r22="1" r23="0" r24="0" r31="-0.99706614" r32="0" r33="-0.07654929" r34="0" r41="392" r42="273.13202" r43="2510" r44="1"></containerEntry>
        </property>
        <property name="colors" type="UInt32" container="DynamicArray" arraySize="3">
          <containerEntry>4294967295</containerEntry>
          <containerEntry>4294967295</containerEntry>
          <containerEntry>4294967295</containerEntry>
        </property>
      </staticProperties>
      <dynamicProperties></dynamicProperties>
    </entity>
    <entity class="StaticModelArray" classVersion="4" classID="0xD0" addr="0x3352A80" id="0x0">
      <staticProperties>
        <property name="name" type="String" container="StaticArray" arraySize="1">
          <containerEntry>StaticModelArray0003</containerEntry>
        </property>
        <property name="dataSet" type="EntityHandle" container="StaticArray" arraySize="1">
          <containerEntry>0x3352FC0</containerEntry>
        </property>
        <property name="modelFile" type="FilePtr" container="StaticArray" arraySize="1">
          <containerEntry>/Assets/tpp/environ/object/afghanistan/cliff/afgh_clff027/scenes/afgh_clff027_vrtn003.fmdl</containerEntry>
        </property>
        <property name="geomFile" type="FilePtr" container="StaticArray" arraySize="1">
          <containerEntry>/Assets/tpp/environ/object/afghanistan/cliff/afgh_clff027/scenes/afgh_clff027_vrtn003.geom</containerEntry>
        </property>
        <property name="isVisibleGeom" type="Bool" container="StaticArray" arraySize="1">
          <containerEntry>false</containerEntry>
        </property>
        <property name="lodFarSize" type="Float" container="StaticArray" arraySize="1">
          <containerEntry>-1</containerEntry>
        </property>
        <property name="lodNearSize" type="Float" container="StaticArray" arraySize="1">
          <containerEntry>-1</containerEntry>
        </property>
        <property name="lodPolygonSize" type="Float" container="StaticArray" arraySize="1">
          <containerEntry>-1</containerEntry>
        </property>
        <property name="drawRejectionLevel" type="Int32" container="StaticArray" arraySize="1">
          <containerEntry>8</containerEntry>
        </property>
        <property name="drawMode" type="Int32" container="StaticArray" arraySize="1">
          <containerEntry>0</containerEntry>
        </property>
        <property name="rejectFarRangeShadowCast" type="Int32" container="StaticArray" arraySize="1">
          <containerEntry>2</containerEntry>
        </property>
        <property name="parentLocator" type="EntityLink" container="StaticArray" arraySize="1">
          <containerEntry packagePathHash="0xB8A0BF169F98" archivePathHash="0xB8A0BF169F98" nameInArchiveHash="0xB8A0BF169F98">0x0</containerEntry>
        </property>
        <property name="transforms" type="Matrix4" container="DynamicArray" arraySize="3">
          <containerEntry r11="-0.57357705" r12="0" r13="0.81915283" r14="0" r21="0" r22="1" r23="0" r24="0" r31="-0.81915283" r32="0" r33="-0.57357705" r34="0" r41="447.93228" r42="286.90805" r43="2437.536" r44="1"></containerEntry>
          <containerEntry r11="-0.9396937" r12="0" r13="-0.3420199" r14="0" r21="0" r22="1" r23="0" r24="0" r31="0.3420199" r32="0" r33="-0.9396937" r34="0" r41="442.98523" r42="285.70956" r43="2532.7925" r44="1"></containerEntry>
          <containerEntry r11="-0.96592546" r12="0" r13="-0.2588204" r14="0" r21="0" r22="1" r23="0" r24="0" r31="0.2588204" r32="0" r33="-0.96592546" r34="0" r41="502.2032" r42="283.64395" r43="2556.8208" r44="1"></containerEntry>
        </property>
        <property name="colors" type="UInt32" container="DynamicArray" arraySize="3">
          <containerEntry>4294967295</containerEntry>
          <containerEntry>4294967295</containerEntry>
          <containerEntry>4294967295</containerEntry>
        </property>
      </staticProperties>
      <dynamicProperties></dynamicProperties>
    </entity>
    <entity class="StaticModelArray" classVersion="4" classID="0xD0" addr="0x317CC60" id="0x0">
      <staticProperties>
        <property name="name" type="String" container="StaticArray" arraySize="1">
          <containerEntry>StaticModelArray0004</containerEntry>
        </property>
        <property name="dataSet" type="EntityHandle" container="StaticArray" arraySize="1">
          <containerEntry>0x3352FC0</containerEntry>
        </property>
        <property name="modelFile" type="FilePtr" container="StaticArray" arraySize="1">
          <containerEntry>/Assets/tpp/environ/object/afghanistan/rock/afgh_rock006/scenes/afgh_rock006.fmdl</containerEntry>
        </property>
        <property name="geomFile" type="FilePtr" container="StaticArray" arraySize="1">
          <containerEntry>/Assets/tpp/environ/object/afghanistan/rock/afgh_rock006/scenes/afgh_rock006.geom</containerEntry>
        </property>
        <property name="isVisibleGeom" type="Bool" container="StaticArray" arraySize="1">
          <containerEntry>false</containerEntry>
        </property>
        <property name="lodFarSize" type="Float" container="StaticArray" arraySize="1">
          <containerEntry>-1</containerEntry>
        </property>
        <property name="lodNearSize" type="Float" container="StaticArray" arraySize="1">
          <containerEntry>-1</containerEntry>
        </property>
        <property name="lodPolygonSize" type="Float" container="StaticArray" arraySize="1">
          <containerEntry>-1</containerEntry>
        </property>
        <property name="drawRejectionLevel" type="Int32" container="StaticArray" arraySize="1">
          <containerEntry>8</containerEntry>
        </property>
        <property name="drawMode" type="Int32" container="StaticArray" arraySize="1">
          <containerEntry>0</containerEntry>
        </property>
        <property name="rejectFarRangeShadowCast" type="Int32" container="StaticArray" arraySize="1">
          <containerEntry>2</containerEntry>
        </property>
        <property name="parentLocator" type="EntityLink" container="StaticArray" arraySize="1">
          <containerEntry packagePathHash="0xB8A0BF169F98" archivePathHash="0xB8A0BF169F98" nameInArchiveHash="0xB8A0BF169F98">0x0</containerEntry>
        </property>
        <property name="transforms" type="Matrix4" container="DynamicArray" arraySize="6">
          <containerEntry r11="-0.39038813" r12="0" r13="-0.9206498" r14="0" r21="0" r22="1" r23="0" r24="0" r31="0.9206498" r32="0" r33="-0.39038813" r34="0" r41="418" r42="273.41983" r43="2486" r44="1"></containerEntry>
          <containerEntry r11="-0.9581955" r12="0.0035205334" r13="-0.2860834" r14="0" r21="-0.14935401" r22="0.84671074" r23="0.51066023" r24="0" r31="0.24402763" r32="0.5320415" r33="-0.8107883" r34="0" r41="432" r42="274.9851" r43="2480" r44="1"></containerEntry>
          <containerEntry r11="0.24400651" r12="-0.47640708" r13="-0.84468544" r14="0" r21="-0.90875876" r22="0.1917463" r23="-0.37065756" r24="0" r31="0.33854803" r32="0.8580593" r33="-0.38615137" r34="0" r41="426" r42="274.33258" r43="2522" r44="1"></containerEntry>
          <containerEntry r11="0.22545685" r12="-0.37352216" r13="-0.8998041" r14="0" r21="-0.9664589" r22="0.03083682" r23="-0.25495604" r24="0" r31="0.122977376" r32="0.9271066" r33="-0.35404074" r34="0" r41="479.59595" r42="271.1036" r43="2544" r44="1"></containerEntry>
          <containerEntry r11="-0.9581955" r12="0.0035205334" r13="-0.2860834" r14="0" r21="-0.14935401" r22="0.84671074" r23="0.51066023" r24="0" r31="0.24402763" r32="0.5320415" r33="-0.8107883" r34="0" r41="430" r42="275.40018" r43="2450.6301" r44="1"></containerEntry>
          <containerEntry r11="-0.99057823" r12="0.044710048" r13="-0.12942466" r14="0" r21="0.0899793" r22="0.9250122" r23="-0.36912876" r24="0" r31="0.10321558" r32="-0.3772974" r33="-0.9203197" r34="0" r41="411.59137" r42="273.77667" r43="2520.1182" r44="1"></containerEntry>
        </property>
        <property name="colors" type="UInt32" container="DynamicArray" arraySize="6">
          <containerEntry>4294967295</containerEntry>
          <containerEntry>4294967295</containerEntry>
          <containerEntry>4294967295</containerEntry>
          <containerEntry>4294967295</containerEntry>
          <containerEntry>4294967295</containerEntry>
          <containerEntry>4294967295</containerEntry>
        </property>
      </staticProperties>
      <dynamicProperties></dynamicProperties>
    </entity>
    <entity class="StaticModelArray" classVersion="4" classID="0xD0" addr="0x317C330" id="0x0">
      <staticProperties>
        <property name="name" type="String" container="StaticArray" arraySize="1">
          <containerEntry>StaticModelArray0005</containerEntry>
        </property>
        <property name="dataSet" type="EntityHandle" container="StaticArray" arraySize="1">
          <containerEntry>0x3352FC0</containerEntry>
        </property>
        <property name="modelFile" type="FilePtr" container="StaticArray" arraySize="1">
          <containerEntry>/Assets/tpp/environ/object/afghanistan/cliff/afgh_clff027/scenes/afgh_clff027_vrtn007.fmdl</containerEntry>
        </property>
        <property name="geomFile" type="FilePtr" container="StaticArray" arraySize="1">
          <containerEntry>/Assets/tpp/environ/object/afghanistan/cliff/afgh_clff027/scenes/afgh_clff027_vrtn007.geom</containerEntry>
        </property>
        <property name="isVisibleGeom" type="Bool" container="StaticArray" arraySize="1">
          <containerEntry>false</containerEntry>
        </property>
        <property name="lodFarSize" type="Float" container="StaticArray" arraySize="1">
          <containerEntry>-1</containerEntry>
        </property>
        <property name="lodNearSize" type="Float" container="StaticArray" arraySize="1">
          <containerEntry>-1</containerEntry>
        </property>
        <property name="lodPolygonSize" type="Float" container="StaticArray" arraySize="1">
          <containerEntry>-1</containerEntry>
        </property>
        <property name="drawRejectionLevel" type="Int32" container="StaticArray" arraySize="1">
          <containerEntry>8</containerEntry>
        </property>
        <property name="drawMode" type="Int32" container="StaticArray" arraySize="1">
          <containerEntry>0</containerEntry>
        </property>
        <property name="rejectFarRangeShadowCast" type="Int32" container="StaticArray" arraySize="1">
          <containerEntry>2</containerEntry>
        </property>
        <property name="parentLocator" type="EntityLink" container="StaticArray" arraySize="1">
          <containerEntry packagePathHash="0xB8A0BF169F98" archivePathHash="0xB8A0BF169F98" nameInArchiveHash="0xB8A0BF169F98">0x0</containerEntry>
        </property>
        <property name="transforms" type="Matrix4" container="DynamicArray" arraySize="11">
          <containerEntry r11="-0.97545433" r12="0.18164293" r13="-0.1244835" r14="0" r21="0.18209167" r22="0.98325014" r23="0.007860286" r24="0" r31="0.12382618" r32="-0.015000055" r33="-0.9921913" r34="0" r41="390.02054" r42="297.69778" r43="2550.829" r44="1"></containerEntry>
          <containerEntry r11="0.42261964" r12="0" r13="0.90630627" r14="0" r21="0" r22="1" r23="0" r24="0" r31="-0.90630627" r32="0" r33="0.42261964" r34="0" r41="441.316" r42="282.1049" r43="2435.0466" r44="1"></containerEntry>
          <containerEntry r11="0.070793964" r12="0.093016334" r13="0.99314356" r14="0" r21="0.074700914" r22="0.9923525" r23="-0.09826693" r24="0" r31="-0.99468887" r32="0.08114542" r33="0.063304186" r34="0" r41="421.40076" r42="295.2235" r43="2557.9192" r44="1"></containerEntry>
          <containerEntry r11="-0.9840665" r12="0.08930058" r13="0.15372315" r14="0" r21="0.074701525" r22="0.99235225" r23="-0.09826789" r24="0" r31="-0.16132292" r32="-0.08521914" r33="-0.9832115" r34="0" r41="489.82416" r42="299.15805" r43="2588.6335" r44="1"></containerEntry>
          <containerEntry r11="-0.57357335" r12="0" r13="0.81915194" r14="0" r21="0" r22="1" r23="0" r24="0" r31="-0.81915194" r32="0" r33="-0.57357335" r34="0" r41="405.92627" r42="275.71622" r43="2472.431" r44="1"></containerEntry>
          <containerEntry r11="-0.9999001" r12="0" r13="0.013841654" r14="0" r21="0" r22="1" r23="0" r24="0" r31="-0.013841654" r32="0" r33="-0.9999001" r34="0" r41="411.65997" r42="275.919" r43="2448.8767" r44="1"></containerEntry>
          <containerEntry r11="0.9918976" r12="0" r13="-0.12703983" r14="0" r21="0" r22="1" r23="0" r24="0" r31="0.12703983" r32="0" r33="0.9918976" r34="0" r41="472.07928" r42="296.6796" r43="2442.4688" r44="1"></containerEntry>
          <containerEntry r11="0.7071074" r12="0" r13="-0.70710635" r14="0" r21="0" r22="1" r23="0" r24="0" r31="0.70710635" r32="0" r33="0.7071074" r34="0" r41="462.7978" r42="294.9055" r43="2463.3955" r44="1"></containerEntry>
          <containerEntry r11="0.7071074" r12="0" r13="-0.70710635" r14="0" r21="0" r22="1" r23="0" r24="0" r31="0.70710635" r32="0" r33="0.7071074" r34="0" r41="493.6483" r42="286.1044" r43="2484.264" r44="1"></containerEntry>
          <containerEntry r11="0.46512923" r12="-0.1218393" r13="-0.87681746" r14="0" r21="0.074700445" r22="0.9923525" r23="-0.098266885" r24="0" r31="0.8820847" r32="-0.019791987" r33="0.47067362" r34="0" r41="463.6222" r42="296.83115" r43="2584.0664" r44="1"></containerEntry>
          <containerEntry r11="0.46512923" r12="-0.1218393" r13="-0.87681746" r14="0" r21="0.074700445" r22="0.9923525" r23="-0.098266885" r24="0" r31="0.8820847" r32="-0.019791987" r33="0.47067362" r34="0" r41="433.90088" r42="299.05762" r43="2589.8782" r44="1"></containerEntry>
        </property>
        <property name="colors" type="UInt32" container="DynamicArray" arraySize="11">
          <containerEntry>4294967295</containerEntry>
          <containerEntry>4294967295</containerEntry>
          <containerEntry>4294967295</containerEntry>
          <containerEntry>4294967295</containerEntry>
          <containerEntry>4294967295</containerEntry>
          <containerEntry>4294967295</containerEntry>
          <containerEntry>4294967295</containerEntry>
          <containerEntry>4294967295</containerEntry>
          <containerEntry>4294967295</containerEntry>
          <containerEntry>4294967295</containerEntry>
          <containerEntry>4294967295</containerEntry>
        </property>
      </staticProperties>
      <dynamicProperties></dynamicProperties>
    </entity>
    <entity class="StaticModelArray" classVersion="4" classID="0xD0" addr="0x317C560" id="0x0">
      <staticProperties>
        <property name="name" type="String" container="StaticArray" arraySize="1">
          <containerEntry>StaticModelArray0006</containerEntry>
        </property>
        <property name="dataSet" type="EntityHandle" container="StaticArray" arraySize="1">
          <containerEntry>0x3352FC0</containerEntry>
        </property>
        <property name="modelFile" type="FilePtr" container="StaticArray" arraySize="1">
          <containerEntry>/Assets/tpp/environ/object/afghanistan/rock/afgh_rock001/scenes/afgh_rock001_vrtn001.fmdl</containerEntry>
        </property>
        <property name="geomFile" type="FilePtr" container="StaticArray" arraySize="1">
          <containerEntry>/Assets/tpp/environ/object/afghanistan/rock/afgh_rock001/scenes/afgh_rock001_vrtn001.geom</containerEntry>
        </property>
        <property name="isVisibleGeom" type="Bool" container="StaticArray" arraySize="1">
          <containerEntry>false</containerEntry>
        </property>
        <property name="lodFarSize" type="Float" container="StaticArray" arraySize="1">
          <containerEntry>-1</containerEntry>
        </property>
        <property name="lodNearSize" type="Float" container="StaticArray" arraySize="1">
          <containerEntry>-1</containerEntry>
        </property>
        <property name="lodPolygonSize" type="Float" container="StaticArray" arraySize="1">
          <containerEntry>-1</containerEntry>
        </property>
        <property name="drawRejectionLevel" type="Int32" container="StaticArray" arraySize="1">
          <containerEntry>8</containerEntry>
        </property>
        <property name="drawMode" type="Int32" container="StaticArray" arraySize="1">
          <containerEntry>0</containerEntry>
        </property>
        <property name="rejectFarRangeShadowCast" type="Int32" container="StaticArray" arraySize="1">
          <containerEntry>2</containerEntry>
        </property>
        <property name="parentLocator" type="EntityLink" container="StaticArray" arraySize="1">
          <containerEntry packagePathHash="0xB8A0BF169F98" archivePathHash="0xB8A0BF169F98" nameInArchiveHash="0xB8A0BF169F98">0x0</containerEntry>
        </property>
        <property name="transforms" type="Matrix4" container="DynamicArray" arraySize="21">
          <containerEntry r11="0.05754114" r12="-0.5605361" r13="-0.8261267" r14="0" r21="-0.7005344" r22="0.566903" r23="-0.433441" r24="0" r31="0.71129286" r32="0.6036711" r33="-0.3600546" r34="0" r41="400" r42="271.88666" r43="2484.685" r44="1"></containerEntry>
          <containerEntry r11="0.6502633" r12="-0.6948328" r13="0.30718684" r14="0" r21="-0.5452577" r22="-0.7084098" r23="-0.4481556" r24="0" r31="0.52900887" r32="0.12392256" r33="-0.83951545" r34="0" r41="408.1211" r42="272.60522" r43="2490.0923" r44="1"></containerEntry>
          <containerEntry r11="0.6502633" r12="-0.6948328" r13="0.30718684" r14="0" r21="-0.5452577" r22="-0.7084098" r23="-0.4481556" r24="0" r31="0.52900887" r32="0.12392256" r33="-0.83951545" r34="0" r41="430" r42="275.4006" r43="2466" r44="1"></containerEntry>
          <containerEntry r11="0.6502633" r12="-0.6948328" r13="0.30718684" r14="0" r21="-0.5452577" r22="-0.7084098" r23="-0.4481556" r24="0" r31="0.52900887" r32="0.12392256" r33="-0.83951545" r34="0" r41="442" r42="276.56638" r43="2492" r44="1"></containerEntry>
          <containerEntry r11="0.07946128" r12="0.86552155" r13="0.49452725" r14="0" r21="-0.98792076" r22="0.13458209" r23="-0.07680538" r24="0" r31="-0.13303098" r32="-0.48245105" r33="0.8657619" r34="0" r41="440" r42="272.07843" r43="2506" r44="1"></containerEntry>
          <containerEntry r11="0.6502633" r12="-0.6948328" r13="0.30718684" r14="0" r21="-0.5452577" r22="-0.7084098" r23="-0.4481556" r24="0" r31="0.52900887" r32="0.12392256" r33="-0.83951545" r34="0" r41="476" r42="270.47296" r43="2534" r44="1"></containerEntry>
          <containerEntry r11="-0.2663689" r12="-0.91503084" r13="-0.3029187" r14="0" r21="-0.6872351" r22="0.40065974" r23="-0.6059511" r24="0" r31="0.67583215" r32="0.046768427" r33="-0.7355643" r34="0" r41="418.64227" r42="275.44952" r43="2524" r44="1"></containerEntry>
          <containerEntry r11="0.75261235" r12="-0.5973695" r13="0.27698937" r14="0" r21="0.64993733" r22="0.6064701" r23="-0.45801046" r24="0" r31="0.10561662" r32="0.52473027" r33="0.8446908" r34="0" r41="416" r42="280.88635" r43="2536" r44="1"></containerEntry>
          <containerEntry r11="-0.39301878" r12="-0.32707748" r13="-0.85939145" r14="0" r21="0.057032973" r22="-0.9414692" r23="0.3322335" r24="0" r31="-0.91775846" r32="0.081560776" r33="0.38867205" r34="0" r41="466" r42="271.72818" r43="2535.1455" r44="1"></containerEntry>
          <containerEntry r11="0.6502633" r12="-0.6948328" r13="0.30718684" r14="0" r21="-0.5452577" r22="-0.7084098" r23="-0.4481556" r24="0" r31="0.52900887" r32="0.12392256" r33="-0.83951545" r34="0" r41="490" r42="274.82642" r43="2506" r44="1"></containerEntry>
