<fox formatVersion="2" fileVersion="0">
  <entities>
    <entity class="DataSet" classVersion="0" classID="0xE8" addr="0x317E9B0" id="0x65DE93">
      <staticProperties>
        <property name="name" type="String" container="StaticArray" arraySize="1">
          <containerEntry hash="0xB8A0BF169F98"></containerEntry>
        </property>
        <property name="dataSet" type="EntityHandle" container="StaticArray" arraySize="1">
          <containerEntry>0x0</containerEntry>
        </property>
        <property name="dataList" type="EntityPtr" container="StringMap" arraySize="17">
          <containerEntry key="mafr_clff027_rock001_0015">
            <data>0x317EA20</data>
          </containerEntry>
          <containerEntry key="mafr_rock007_vrtn002_0056">
            <data>0x32B3260</data>
          </containerEntry>
          <containerEntry key="mafr_tree023_vrtn005_0126">
            <data>0x32BAAB0</data>
          </containerEntry>
          <containerEntry key="StaticModelArray0000">
            <data>0x3301C80</data>
          </containerEntry>
          <containerEntry key="StaticModelArray0001">
            <data>0x3301DD0</data>
          </containerEntry>
          <containerEntry key="StaticModelArray0002">
            <data>0x3301E40</data>
          </containerEntry>
          <containerEntry key="StaticModelArray0003">
            <data>0x3301EB0</data>
          </containerEntry>
          <containerEntry key="StaticModelArray0004">
            <data>0x3301F20</data>
          </containerEntry>
          <containerEntry key="StaticModelArray0005">
            <data>0x3301F90</data>
          </containerEntry>
          <containerEntry key="StaticModelArray0006">
            <data>0x3302000</data>
          </containerEntry>
          <containerEntry key="StaticModelArray0007">
            <data>0x3302070</data>
          </containerEntry>
          <containerEntry key="StaticModelArray0008">
            <data>0x33020E0</data>
          </containerEntry>
          <containerEntry key="StaticModelArray0009">
            <data>0x3301AC0</data>
          </containerEntry>
          <containerEntry key="StaticModelArray0010">
            <data>0x3301350</data>
          </containerEntry>
          <containerEntry key="StaticModelArray0011">
            <data>0x3301510</data>
          </containerEntry>
          <containerEntry key="StaticModelArray0012">
            <data>0x3300D30</data>
          </containerEntry>
          <containerEntry key="TexturePackLoadConditioner0000">
            <data>0x33016D0</data>
          </containerEntry>
        </property>
      </staticProperties>
      <dynamicProperties></dynamicProperties>
    </entity>
    <entity class="StaticModel" classVersion="9" classID="0x160" addr="0x317EA20" id="0x65DE95">
      <staticProperties>
        <property name="name" type="String" container="StaticArray" arraySize="1">
          <containerEntry>mafr_clff027_rock001_0015</containerEntry>
        </property>
        <property name="dataSet" type="EntityHandle" container="StaticArray" arraySize="1">
          <containerEntry>0x317E9B0</containerEntry>
        </property>
        <property name="parent" type="EntityHandle" container="StaticArray" arraySize="1">
          <containerEntry>0x0</containerEntry>
        </property>
        <property name="transform" type="EntityPtr" container="StaticArray" arraySize="1">
          <containerEntry>0x317EA90</containerEntry>
        </property>
        <property name="shearTransform" type="EntityPtr" container="StaticArray" arraySize="1">
          <containerEntry>0x0</containerEntry>
        </property>
        <property name="pivotTransform" type="EntityPtr" container="StaticArray" arraySize="1">
          <containerEntry>0x0</containerEntry>
        </property>
        <property name="children" type="EntityHandle" container="List"></property>
        <property name="flags" type="UInt32" container="StaticArray" arraySize="1">
          <containerEntry>7</containerEntry>
        </property>
        <property name="modelFile" type="FilePtr" container="StaticArray" arraySize="1">
          <containerEntry>/Assets/tpp/environ/object/middle_africa/cliff/mafr_clff027/scenes/mafr_clff027_rock001.fmdl</containerEntry>
        </property>
        <property name="geomFile" type="FilePtr" container="StaticArray" arraySize="1">
          <containerEntry>/Assets/tpp/environ/object/middle_africa/cliff/mafr_clff027/scenes/mafr_clff027_rock001.geom</containerEntry>
        </property>
        <property name="isVisibleGeom" type="Bool" container="StaticArray" arraySize="1">
          <containerEntry>false</containerEntry>
        </property>
        <property name="isIsolated" type="Bool" container="StaticArray" arraySize="1">
          <containerEntry>false</containerEntry>
        </property>
        <property name="lodFarSize" type="Float" container="StaticArray" arraySize="1">
          <containerEntry>-1</containerEntry>
        </property>
        <property name="lodNearSize" type="Float" container="StaticArray" arraySize="1">
          <containerEntry>-1</containerEntry>
        </property>
        <property name="lodPolygonSize" type="Float" container="StaticArray" arraySize="1">
          <containerEntry>-1</containerEntry>
        </property>
        <property name="color" type="Color" container="StaticArray" arraySize="1">
          <containerEntry r="1" g="1" b="1" a="1"></containerEntry>
        </property>
        <property name="drawRejectionLevel" type="Int32" container="StaticArray" arraySize="1">
          <containerEntry>8</containerEntry>
        </property>
        <property name="drawMode" type="Int32" container="StaticArray" arraySize="1">
          <containerEntry>0</containerEntry>
        </property>
        <property name="rejectFarRangeShadowCast" type="Int32" container="StaticArray" arraySize="1">
          <containerEntry>2</containerEntry>
        </property>
      </staticProperties>
      <dynamicProperties></dynamicProperties>
    </entity>
    <entity class="TransformEntity" classVersion="0" classID="0x50" addr="0x317EA90" id="0x65DE98">
      <staticProperties>
        <property name="owner" type="EntityHandle" container="StaticArray" arraySize="1">
          <containerEntry>0x317EA20</containerEntry>
        </property>
        <property name="transform_scale" type="Vector3" container="StaticArray" arraySize="1">
          <containerEntry x="0.999999" y="1" z="1" w="0"></containerEntry>
        </property>
        <property name="transform_rotation_quat" type="Quat" container="StaticArray" arraySize="1">
          <containerEntry x="0.012638" y="0.656655" z="0.020732" w="0.7538"></containerEntry>
        </property>
        <property name="transform_translation" type="Vector3" container="StaticArray" arraySize="1">
          <containerEntry x="2348.751" y="82.982605" z="-691.4989" w="0"></containerEntry>
        </property>
      </staticProperties>
      <dynamicProperties></dynamicProperties>
    </entity>
    <entity class="StaticModel" classVersion="9" classID="0x160" addr="0x32B3260" id="0x65E006">
      <staticProperties>
        <property name="name" type="String" container="StaticArray" arraySize="1">
          <containerEntry>mafr_rock007_vrtn002_0056</containerEntry>
        </property>
        <property name="dataSet" type="EntityHandle" container="StaticArray" arraySize="1">
          <containerEntry>0x317E9B0</containerEntry>
        </property>
        <property name="parent" type="EntityHandle" container="StaticArray" arraySize="1">
          <containerEntry>0x0</containerEntry>
        </property>
        <property name="transform" type="EntityPtr" container="StaticArray" arraySize="1">
          <containerEntry>0x32B32D0</containerEntry>
        </property>
        <property name="shearTransform" type="EntityPtr" container="StaticArray" arraySize="1">
          <containerEntry>0x0</containerEntry>
        </property>
        <property name="pivotTransform" type="EntityPtr" container="StaticArray" arraySize="1">
          <containerEntry>0x0</containerEntry>
        </property>
        <property name="children" type="EntityHandle" container="List"></property>
        <property name="flags" type="UInt32" container="StaticArray" arraySize="1">
          <containerEntry>7</containerEntry>
        </property>
        <property name="modelFile" type="FilePtr" container="StaticArray" arraySize="1">
          <containerEntry>/Assets/tpp/environ/object/middle_africa/rock/mafr_rock007/scenes/mafr_rock007_vrtn002.fmdl</containerEntry>
        </property>
        <property name="geomFile" type="FilePtr" container="StaticArray" arraySize="1">
          <containerEntry>/Assets/tpp/environ/object/middle_africa/rock/mafr_rock007/scenes/mafr_rock007_vrtn002.geom</containerEntry>
        </property>
        <property name="isVisibleGeom" type="Bool" container="StaticArray" arraySize="1">
          <containerEntry>false</containerEntry>
        </property>
        <property name="isIsolated" type="Bool" container="StaticArray" arraySize="1">
          <containerEntry>false</containerEntry>
        </property>
        <property name="lodFarSize" type="Float" container="StaticArray" arraySize="1">
          <containerEntry>-1</containerEntry>
        </property>
        <property name="lodNearSize" type="Float" container="StaticArray" arraySize="1">
          <containerEntry>-1</containerEntry>
        </property>
        <property name="lodPolygonSize" type="Float" container="StaticArray" arraySize="1">
          <containerEntry>-1</containerEntry>
        </property>
        <property name="color" type="Color" container="StaticArray" arraySize="1">
          <containerEntry r="1" g="1" b="1" a="1"></containerEntry>
        </property>
        <property name="drawRejectionLevel" type="Int32" container="StaticArray" arraySize="1">
          <containerEntry>3</containerEntry>
        </property>
        <property name="drawMode" type="Int32" container="StaticArray" arraySize="1">
          <containerEntry>0</containerEntry>
        </property>
        <property name="rejectFarRangeShadowCast" type="Int32" container="StaticArray" arraySize="1">
          <containerEntry>2</containerEntry>
        </property>
      </staticProperties>
      <dynamicProperties></dynamicProperties>
    </entity>
    <entity class="TransformEntity" classVersion="0" classID="0x50" addr="0x32B32D0" id="0x65E009">
      <staticProperties>
        <property name="owner" type="EntityHandle" container="StaticArray" arraySize="1">
          <containerEntry>0x32B3260</containerEntry>
        </property>
        <property name="transform_scale" type="Vector3" container="StaticArray" arraySize="1">
          <containerEntry x="1" y="1" z="1" w="0"></containerEntry>
        </property>
        <property name="transform_rotation_quat" type="Quat" container="StaticArray" arraySize="1">
          <containerEntry x="0" y="-0.496285" z="0" w="0.86816"></containerEntry>
        </property>
        <property name="transform_translation" type="Vector3" container="StaticArray" arraySize="1">
          <containerEntry x="2409.5564" y="88.9295" z="-740.3073" w="0"></containerEntry>
        </property>
      </staticProperties>
      <dynamicProperties></dynamicProperties>
    </entity>
    <entity class="StaticModel" classVersion="9" classID="0x160" addr="0x32BAAB0" id="0x65E1E2">
      <staticProperties>
        <property name="name" type="String" container="StaticArray" arraySize="1">
          <containerEntry>mafr_tree023_vrtn005_0126</containerEntry>
        </property>
        <property name="dataSet" type="EntityHandle" container="StaticArray" arraySize="1">
          <containerEntry>0x317E9B0</containerEntry>
        </property>
        <property name="parent" type="EntityHandle" container="StaticArray" arraySize="1">
          <containerEntry>0x0</containerEntry>
        </property>
        <property name="transform" type="EntityPtr" container="StaticArray" arraySize="1">
          <containerEntry>0x32BAB20</containerEntry>
        </property>
        <property name="shearTransform" type="EntityPtr" container="StaticArray" arraySize="1">
          <containerEntry>0x0</containerEntry>
        </property>
        <property name="pivotTransform" type="EntityPtr" container="StaticArray" arraySize="1">
          <containerEntry>0x0</containerEntry>
        </property>
        <property name="children" type="EntityHandle" container="List"></property>
        <property name="flags" type="UInt32" container="StaticArray" arraySize="1">
          <containerEntry>7</containerEntry>
        </property>
        <property name="modelFile" type="FilePtr" container="StaticArray" arraySize="1">
          <containerEntry>/Assets/tpp/environ/object/middle_africa/tree/mafr_tree023/scenes/mafr_tree023_vrtn005.fmdl</containerEntry>
        </property>
        <property name="geomFile" type="FilePtr" container="StaticArray" arraySize="1">
          <containerEntry>/Assets/tpp/environ/object/middle_africa/tree/mafr_tree023/scenes/mafr_tree023_vrtn005.geom</containerEntry>
        </property>
        <property name="isVisibleGeom" type="Bool" container="StaticArray" arraySize="1">
          <containerEntry>false</containerEntry>
        </property>
        <property name="isIsolated" type="Bool" container="StaticArray" arraySize="1">
          <containerEntry>false</containerEntry>
        </property>
        <property name="lodFarSize" type="Float" container="StaticArray" arraySize="1">
          <containerEntry>50</containerEntry>
        </property>
        <property name="lodNearSize" type="Float" container="StaticArray" arraySize="1">
          <containerEntry>400</containerEntry>
        </property>
        <property name="lodPolygonSize" type="Float" container="StaticArray" arraySize="1">
          <containerEntry>-1</containerEntry>
        </property>
        <property name="color" type="Color" container="StaticArray" arraySize="1">
          <containerEntry r="1" g="1" b="1" a="1"></containerEntry>
        </property>
        <property name="drawRejectionLevel" type="Int32" container="StaticArray" arraySize="1">
          <containerEntry>8</containerEntry>
        </property>
        <property name="drawMode" type="Int32" container="StaticArray" arraySize="1">
          <containerEntry>0</containerEntry>
        </property>
        <property name="rejectFarRangeShadowCast" type="Int32" container="StaticArray" arraySize="1">
          <containerEntry>2</containerEntry>
        </property>
      </staticProperties>
      <dynamicProperties></dynamicProperties>
    </entity>
    <entity class="TransformEntity" classVersion="0" classID="0x50" addr="0x32BAB20" id="0x65E1E5">
      <staticProperties>
        <property name="owner" type="EntityHandle" container="StaticArray" arraySize="1">
          <containerEntry>0x32BAAB0</containerEntry>
        </property>
        <property name="transform_scale" type="Vector3" container="StaticArray" arraySize="1">
          <containerEntry x="1" y="1" z="1" w="0"></containerEntry>
        </property>
        <property name="transform_rotation_quat" type="Quat" container="StaticArray" arraySize="1">
          <containerEntry x="0" y="0" z="-0.092963" w="0.99567"></containerEntry>
        </property>
        <property name="transform_translation" type="Vector3" container="StaticArray" arraySize="1">
          <containerEntry x="2356.8027" y="93.26101" z="-672.3891" w="0"></containerEntry>
        </property>
      </staticProperties>
      <dynamicProperties></dynamicProperties>
    </entity>
    <entity class="StaticModelArray" classVersion="4" classID="0xD0" addr="0x3301C80" id="0x0">
      <staticProperties>
        <property name="name" type="String" container="StaticArray" arraySize="1">
          <containerEntry>StaticModelArray0000</containerEntry>
        </property>
        <property name="dataSet" type="EntityHandle" container="StaticArray" arraySize="1">
          <containerEntry>0x317E9B0</containerEntry>
        </property>
        <property name="modelFile" type="FilePtr" container="StaticArray" arraySize="1">
          <containerEntry>/Assets/tpp/environ/object/middle_africa/tree/mafr_tree032/scenes/mafr_tree032.fmdl</containerEntry>
        </property>
        <property name="geomFile" type="FilePtr" container="StaticArray" arraySize="1">
          <containerEntry hash="0xB8A0BF169F98"></containerEntry>
        </property>
        <property name="isVisibleGeom" type="Bool" container="StaticArray" arraySize="1">
          <containerEntry>false</containerEntry>
        </property>
        <property name="lodFarSize" type="Float" container="StaticArray" arraySize="1">
          <containerEntry>-1</containerEntry>
        </property>
        <property name="lodNearSize" type="Float" container="StaticArray" arraySize="1">
          <containerEntry>-1</containerEntry>
        </property>
        <property name="lodPolygonSize" type="Float" container="StaticArray" arraySize="1">
          <containerEntry>-1</containerEntry>
        </property>
        <property name="drawRejectionLevel" type="Int32" container="StaticArray" arraySize="1">
          <containerEntry>8</containerEntry>
        </property>
        <property name="drawMode" type="Int32" container="StaticArray" arraySize="1">
          <containerEntry>0</containerEntry>
        </property>
        <property name="rejectFarRangeShadowCast" type="Int32" container="StaticArray" arraySize="1">
          <containerEntry>2</containerEntry>
        </property>
        <property name="parentLocator" type="EntityLink" container="StaticArray" arraySize="1">
          <containerEntry packagePathHash="0xB8A0BF169F98" archivePathHash="0xB8A0BF169F98" nameInArchiveHash="0xB8A0BF169F98">0x0</containerEntry>
        </property>
        <property name="transforms" type="Matrix4" container="DynamicArray" arraySize="24">
          <containerEntry r11="0.93751204" r12="0.091091305" r13="0.33581463" r14="0" r21="-0.07935166" r22="0.99566376" r23="-0.04854812" r24="0" r31="-0.33878076" r32="0.018866986" r33="0.940675" r34="0" r41="2428.5647" r42="103.20036" r43="-729.3364" r44="1"></containerEntry>
          <containerEntry r11="0.1384592" r12="0" r13="-0.99036676" r14="0" r21="0" r22="0.743512" r23="0" r24="0" r31="0.99036676" r32="0" r33="0.1384592" r34="0" r41="2355.2874" r42="96.51432" r43="-678.42975" r44="1"></containerEntry>
          <containerEntry r11="0.05003643" r12="0.03243663" r13="-0.99822026" r14="0" r21="-0.0012675219" r22="0.7804061" r23="0.025295336" r24="0" r31="0.99874586" r32="-5.327165e-07" r33="0.050062776" r34="0" r41="2355.2083" r42="98.64084" r43="-689.6938" r44="1"></containerEntry>
          <containerEntry r11="0.27187797" r12="-0.063083075" r13="-0.9602611" r14="0" r21="0.13939622" r22="0.98990667" r23="-0.025563437" r24="0" r31="0.95218146" r32="-0.12690657" r33="0.27792737" r34="0" r41="2361.2832" r42="102.80112" r43="-709.8942" r44="1"></containerEntry>
          <containerEntry r11="0.26871908" r12="0.041667636" r13="0.9623157" r14="0" r21="-0.10599721" r22="0.9942754" r23="-0.013452608" r24="0" r31="-0.9573673" r32="-0.098387845" r33="0.27159742" r34="0" r41="2361.936" r42="101.39478" r43="-717.4714" r44="1"></containerEntry>
          <containerEntry r11="0.9957129" r12="0.060725138" r13="0.069773264" r14="0" r21="-0.05847577" r22="0.997715" r23="-0.033842478" r24="0" r31="-0.07166893" r32="0.029617343" r33="0.99698865" r34="0" r41="2338.8074" r42="103.60506" r43="-658.01996" r44="1"></containerEntry>
          <containerEntry r11="0.87539667" r12="0" r13="-0.48340514" r14="0" r21="0" r22="1" r23="0" r24="0" r31="0.48340514" r32="0" r33="0.87539667" r34="0" r41="2328.4292" r42="105.82512" r43="-647.3607" r44="1"></containerEntry>
          <containerEntry r11="0.9997001" r12="0" r13="0.024488164" r14="0" r21="0" r22="1" r23="0" r24="0" r31="-0.024488164" r32="0" r33="0.9997001" r34="0" r41="2328.5422" r42="105.52105" r43="-623.19226" r44="1"></containerEntry>
          <containerEntry r11="0.57624227" r12="0" r13="0.81727904" r14="0" r21="0" r22="1" r23="0" r24="0" r31="-0.81727904" r32="0" r33="0.57624227" r34="0" r41="2326.1677" r42="106.852264" r43="-637.43945" r44="1"></containerEntry>
          <containerEntry r11="0.39478886" r12="0" r13="-0.9187714" r14="0" r21="0" r22="1" r23="0" r24="0" r31="0.9187714" r32="0" r33="0.39478886" r34="0" r41="2328.2751" r42="108.03723" r43="-674.7673" r44="1"></containerEntry>
          <containerEntry r11="0.7385393" r12="0" r13="-0.6742086" r14="0" r21="0" r22="1" r23="0" r24="0" r31="0.6742086" r32="0" r33="0.7385393" r34="0" r41="2354.3315" r42="95.22184" r43="-669.0135" r44="1"></containerEntry>
          <containerEntry r11="1" r12="0" r13="0" r14="0" r21="0" r22="1" r23="0" r24="0" r31="0" r32="0" r33="1" r34="0" r41="2415.3882" r42="96.14603" r43="-721.00323" r44="1"></containerEntry>
          <containerEntry r11="-0.23202047" r12="-0.045565944" r13="-0.9716412" r14="0" r21="0.08833663" r22="0.99378747" r23="-0.06769864" r24="0" r31="0.9686896" r32="-0.10153909" r33="-0.22655387" r34="0" r41="2351.702" r42="93.456276" r43="-762.49634" r44="1"></containerEntry>
          <containerEntry r11="-0.9960457" r12="0.08875923" r13="0.0032679068" r14="0" r21="0.088335976" r22="0.9937875" r23="-0.067698844" r24="0" r31="-0.009256508" r32="-0.067142464" r33="-0.9976994" r34="0" r41="2355.409" r42="94.137566" r43="-742.98206" r44="1"></containerEntry>
          <containerEntry r11="-0.21397755" r12="0.08530854" r13="0.97310555" r14="0" r21="0.08833584" r22="0.99378765" r23="-0.067697406" r24="0" r31="-0.9728354" r32="0.07147437" r33="-0.22018404" r34="0" r41="2353.64" r42="92.984184" r43="-747.09674" r44="1"></containerEntry>
          <containerEntry r11="0.13838269" r12="0.055059873" r13="0.98884535" r14="0" r21="0.088337034" r22="0.9937875" r23="-0.067697145" r24="0" r31="-0.9864306" r32="0.0967199" r33="0.13265932" r34="0" r41="2348.6843" r42="100.11628" r43="-750.0241" r44="1"></containerEntry>
          <containerEntry r11="0.3133157" r12="-0.09606129" r13="0.9447755" r14="0" r21="0.13075759" r22="0.9897588" r23="0.057271916" r24="0" r31="-0.9406033" r32="0.10559267" r33="0.32266837" r34="0" r41="2366.3774" r42="99.63375" r43="-732.45276" r44="1"></containerEntry>
          <containerEntry r11="-0.67961645" r12="-0.002265957" r13="-0.73355776" r14="0" r21="0.0725801" r22="0.99488074" r23="-0.070316285" r24="0" r31="0.729964" r32="-0.101030275" r33="-0.6759749" r34="0" r41="2371.5361" r42="93.70447" r43="-742.47565" r44="1"></containerEntry>
          <containerEntry r11="0.23141529" r12="0.045627728" r13="0.97178286" r14="0" r21="0.08833772" r22="0.99378747" r23="-0.067697085" r24="0" r31="-0.9688355" r32="0.10151135" r33="0.2259472" r34="0" r41="2347.2144" r42="98.59628" r43="-757.5741" r44="1"></containerEntry>
          <containerEntry r11="0.23141529" r12="0.045627728" r13="0.97178286" r14="0" r21="0.08833772" r22="0.99378747" r23="-0.067697085" r24="0" r31="-0.9688355" r32="0.10151135" r33="0.2259472" r34="0" r41="2350.7039" r42="101.19818" r43="-739.105" r44="1"></containerEntry>
          <containerEntry r11="0.6547544" r12="0" r13="-0.7558419" r14="0" r21="0" r22="1" r23="0" r24="0" r31="0.7558419" r32="0" r33="0.6547544" r34="0" r41="2402.2964" r42="100.099525" r43="-681.7318" r44="1"></containerEntry>
          <containerEntry r11="0.9075526" r12="0" r13="-0.4199386" r14="0" r21="0" r22="1" r23="0" r24="0" r31="0.4199386" r32="0" r33="0.9075526" r34="0" r41="2415.8271" r42="102.76272" r43="-691.6925" r44="1"></containerEntry>
          <containerEntry r11="0.8116398" r12="-0.015145278" r13="-0.5839614" r14="0" r21="-0.011141349" r22="0.99908066" r23="-0.041396704" r24="0" r31="0.58405155" r32="0.040105324" r33="0.81072485" r34="0" r41="2410.9033" r42="95.86833" r43="-707.33813" r44="1"></containerEntry>
          <containerEntry r11="0.68659765" r12="-0.03758705" r13="-0.7260643" r14="0" r21="-0.02990358" r22="0.9963576" r23="-0.07985785" r24="0" r31="0.72642136" r32="0.07654215" r33="0.6829728" r34="0" r41="2428.9348" r42="102.57659" r43="-722.6778" r44="1"></containerEntry>
        </property>
        <property name="colors" type="UInt32" container="DynamicArray" arraySize="24">
          <containerEntry>4294967295</containerEntry>
          <containerEntry>4294967295</containerEntry>
          <containerEntry>4294967295</containerEntry>
          <containerEntry>4294967295</containerEntry>
          <containerEntry>4294967295</containerEntry>
          <containerEntry>4294967295</containerEntry>
          <containerEntry>4294967295</containerEntry>
          <containerEntry>4294967295</containerEntry>
          <containerEntry>4294967295</containerEntry>
          <containerEntry>4294967295</containerEntry>
          <containerEntry>4294967295</containerEntry>
          <containerEntry>4294967295</containerEntry>
          <containerEntry>4294967295</containerEntry>
          <containerEntry>4294967295</containerEntry>
          <containerEntry>4294967295</containerEntry>
          <containerEntry>4294967295</containerEntry>
          <containerEntry>4294967295</containerEntry>
          <containerEntry>4294967295</containerEntry>
          <containerEntry>4294967295</containerEntry>
          <containerEntry>4294967295</containerEntry>
          <containerEntry>4294967295</containerEntry>
          <containerEntry>4294967295</containerEntry>
          <containerEntry>4294967295</containerEntry>
          <containerEntry>4294967295</containerEntry>
        </property>
      </staticProperties>
      <dynamicProperties></dynamicProperties>
    </entity>
    <entity class="StaticModelArray" classVersion="4" classID="0xD0" addr="0x3301DD0" id="0x0">
      <staticProperties>
        <property name="name" type="String" container="StaticArray" arraySize="1">
          <containerEntry>StaticModelArray0001</containerEntry>
        </property>
        <property name="dataSet" type="EntityHandle" container="StaticArray" arraySize="1">
          <containerEntry>0x317E9B0</containerEntry>
        </property>
        <property name="modelFile" type="FilePtr" container="StaticArray" arraySize="1">
          <containerEntry>/Assets/tpp/environ/object/middle_africa/tree/mafr_tree031/scenes/mafr_tree031_vrtn008.fmdl</containerEntry>
        </property>
        <property name="geomFile" type="FilePtr" container="StaticArray" arraySize="1">
          <containerEntry hash="0xB8A0BF169F98"></containerEntry>
        </property>
        <property name="isVisibleGeom" type="Bool" container="StaticArray" arraySize="1">
          <containerEntry>false</containerEntry>
        </property>
        <property name="lodFarSize" type="Float" container="StaticArray" arraySize="1">
          <containerEntry>-1</containerEntry>
        </property>
        <property name="lodNearSize" type="Float" container="StaticArray" arraySize="1">
          <containerEntry>-1</containerEntry>
        </property>
        <property name="lodPolygonSize" type="Float" container="StaticArray" arraySize="1">
          <containerEntry>-1</containerEntry>
        </property>
        <property name="drawRejectionLevel" type="Int32" container="StaticArray" arraySize="1">
          <containerEntry>8</containerEntry>
        </property>
        <property name="drawMode" type="Int32" container="StaticArray" arraySize="1">
          <containerEntry>0</containerEntry>
        </property>
        <property name="rejectFarRangeShadowCast" type="Int32" container="StaticArray" arraySize="1">
          <containerEntry>2</containerEntry>
        </property>
        <property name="parentLocator" type="EntityLink" container="StaticArray" arraySize="1">
          <containerEntry packagePathHash="0xB8A0BF169F98" archivePathHash="0xB8A0BF169F98" nameInArchiveHash="0xB8A0BF169F98">0x0</containerEntry>
        </property>
        <property name="transforms" type="Matrix4" container="DynamicArray" arraySize="7">
          <containerEntry r11="0.16389455" r12="-0.15047371" r13="-0.974934" r14="0" r21="-0.039946564" r22="0.9864749" r23="-0.15897033" r24="0" r31="0.9856688" r32="0.06499964" r33="0.15566695" r34="0" r41="2406.5686" r42="105.070435" r43="-670.2478" r44="1"></containerEntry>
          <containerEntry r11="-0.040625013" r12="0.101980954" r13="-0.993957" r14="0" r21="-0.004016049" r22="0.994753" r23="0.102226816" r24="0" r31="0.9991669" r32="0.008144692" r33="-0.040002286" r34="0" r41="2325.014" r42="109.92121" r43="-678.6839" r44="1"></containerEntry>
          <containerEntry r11="-0.04013311" r12="0.01660917" r13="-0.99905616" r14="0" r21="-0.00747134" r22="0.9998289" r23="0.016922146" r24="0" r31="0.9991663" r32="0.008143429" r33="-0.040002167" r34="0" r41="2326.7139" r42="106.37121" r43="-741.5139" r44="1"></containerEntry>
          <containerEntry r11="-0.57410926" r12="0.009568042" r13="-0.8187234" r14="0" r21="-0.0074709067" r22="0.9998289" r23="0.016923325" r24="0" r31="0.8187452" r32="0.015832433" r33="-0.57393956" r34="0" r41="2320.284" r42="106.37121" r43="-764.8939" r44="1"></containerEntry>
          <containerEntry r11="0.7233698" r12="0.06881717" r13="-0.687023" r14="0" r21="0.003735412" r22="0.9946161" r23="0.10356098" r24="0" r31="0.69045085" r32="-0.07747919" r33="0.71921813" r34="0" r41="2422.332" r42="103.561134" r43="-693.3662" r44="1"></containerEntry>
          <containerEntry r11="-0.3105057" r12="0.0068427315" r13="-0.9505479" r14="0" r21="-0.02518611" r22="0.9995638" r23="0.015422857" r24="0" r31="0.95023876" r32="0.028729457" r33="-0.3101979" r34="0" r41="2418.4187" r42="105.070435" r43="-670.2478" r44="1"></containerEntry>
          <containerEntry r11="-0.9913102" r12="0.027838271" r13="-0.12857068" r14="0" r21="0.025215369" r22="0.9994403" r23="0.021983264" r24="0" r31="0.12911071" r32="0.018550305" r33="-0.9914573" r34="0" r41="2420.7002" r42="105.22946" r43="-650.9525" r44="1"></containerEntry>
        </property>
        <property name="colors" type="UInt32" container="DynamicArray" arraySize="7">
          <containerEntry>4294967295</containerEntry>
          <containerEntry>4294967295</containerEntry>
          <containerEntry>4294967295</containerEntry>
          <containerEntry>4294967295</containerEntry>
          <containerEntry>4294967295</containerEntry>
          <containerEntry>4294967295</containerEntry>
          <containerEntry>4294967295</containerEntry>
        </property>
      </staticProperties>
      <dynamicProperties></dynamicProperties>
    </entity>
    <entity class="StaticModelArray" classVersion="4" classID="0xD0" addr="0x3301E40" id="0x0">
      <staticProperties>
        <property name="name" type="String" container="StaticArray" arraySize="1">
          <containerEntry>StaticModelArray0002</containerEntry>
        </property>
        <property name="dataSet" type="EntityHandle" container="StaticArray" arraySize="1">
          <containerEntry>0x317E9B0</containerEntry>
        </property>
        <property name="modelFile" type="FilePtr" container="StaticArray" arraySize="1">
          <containerEntry>/Assets/tpp/environ/object/middle_africa/rock/mafr_rock007/scenes/mafr_rock007_vrtn002.fmdl</containerEntry>
        </property>
        <property name="geomFile" type="FilePtr" container="StaticArray" arraySize="1">
          <containerEntry>/Assets/tpp/environ/object/middle_africa/rock/mafr_rock007/scenes/mafr_rock007_vrtn002.geom</containerEntry>
        </property>
        <property name="isVisibleGeom" type="Bool" container="StaticArray" arraySize="1">
          <containerEntry>false</containerEntry>
        </property>
        <property name="lodFarSize" type="Float" container="StaticArray" arraySize="1">
          <containerEntry>-1</containerEntry>
        </property>
        <property name="lodNearSize" type="Float" container="StaticArray" arraySize="1">
          <containerEntry>-1</containerEntry>
        </property>
        <property name="lodPolygonSize" type="Float" container="StaticArray" arraySize="1">
          <containerEntry>-1</containerEntry>
        </property>
        <property name="drawRejectionLevel" type="Int32" container="StaticArray" arraySize="1">
          <containerEntry>8</containerEntry>
        </property>
        <property name="drawMode" type="Int32" container="StaticArray" arraySize="1">
          <containerEntry>0</containerEntry>
        </property>
        <property name="rejectFarRangeShadowCast" type="Int32" container="StaticArray" arraySize="1">
          <containerEntry>2</containerEntry>
        </property>
        <property name="parentLocator" type="EntityLink" container="StaticArray" arraySize="1">
          <containerEntry packagePathHash="0xB8A0BF169F98" archivePathHash="0xB8A0BF169F98" nameInArchiveHash="0xB8A0BF169F98">0x0</containerEntry>
        </property>
        <property name="transforms" type="Matrix4" container="DynamicArray" arraySize="5">
          <containerEntry r11="0.99744904" r12="0" r13="-0.071382426" r14="0" r21="0" r22="1" r23="0" r24="0" r31="0.071382426" r32="0" r33="0.99744904" r34="0" r41="2411.9912" r42="85.70414" r43="-754.019" r44="1"></containerEntry>
          <containerEntry r11="0.062468644" r12="-0.06914826" r13="-0.9956469" r14="0" r21="-0.004866533" r22="0.997564" r23="-0.06958668" r24="0" r31="0.99803334" r32="0.0091922935" r33="0.061979946" r34="0" r41="2380.803" r42="90.25121" r43="-659.2275" r44="1"></containerEntry>
          <containerEntry r11="-0.41210067" r12="0" r13="-0.9111379" r14="0" r21="0" r22="1" r23="0" r24="0" r31="0.9111379" r32="0" r33="-0.41210067" r34="0" r41="2361.8354" r42="86.533" r43="-685.6356" r44="1"></containerEntry>
          <containerEntry r11="0.5074024" r12="0" r13="0.8617096" r14="0" r21="0" r22="1" r23="0" r24="0" r31="-0.8617096" r32="0" r33="0.5074024" r34="0" r41="2383.3074" r42="84.30472" r43="-761.64154" r44="1"></containerEntry>
          <containerEntry r11="-0.6845404" r12="0" r13="-0.7289723" r14="0" r21="0" r22="1" r23="0" r24="0" r31="0.7289723" r32="0" r33="-0.6845404" r34="0" r41="2360.007" r42="86.97398" r43="-667.88416" r44="1"></containerEntry>
        </property>
        <property name="colors" type="UInt32" container="DynamicArray" arraySize="5">
          <containerEntry>4294967295</containerEntry>
          <containerEntry>4294967295</containerEntry>
          <containerEntry>4294967295</containerEntry>
          <containerEntry>4294967295</containerEntry>
          <containerEntry>4294967295</containerEntry>
        </property>
      </staticProperties>
      <dynamicProperties></dynamicProperties>
    </entity>
    <entity class="StaticModelArray" classVersion="4" classID="0xD0" addr="0x3301EB0" id="0x0">
      <staticProperties>
        <property name="name" type="String" container="StaticArray" arraySize="1">
          <containerEntry>StaticModelArray0003</containerEntry>
        </property>
        <property name="dataSet" type="EntityHandle" container="StaticArray" arraySize="1">
          <containerEntry>0x317E9B0</containerEntry>
        </property>
        <property name="modelFile" type="FilePtr" container="StaticArray" arraySize="1">
          <containerEntry>/Assets/tpp/environ/object/middle_africa/rock/mafr_rock010/scenes/mafr_rock010.fmdl</containerEntry>
        </property>
        <property name="geomFile" type="FilePtr" container="StaticArray" arraySize="1">
          <containerEntry>/Assets/tpp/environ/object/middle_africa/rock/mafr_rock010/scenes/mafr_rock010.geom</containerEntry>
        </property>
        <property name="isVisibleGeom" type="Bool" container="StaticArray" arraySize="1">
          <containerEntry>false</containerEntry>
        </property>
        <property name="lodFarSize" type="Float" container="StaticArray" arraySize="1">
          <containerEntry>-1</containerEntry>
        </property>
        <property name="lodNearSize" type="Float" container="StaticArray" arraySize="1">
          <containerEntry>-1</containerEntry>
        </property>
        <property name="lodPolygonSize" type="Float" container="StaticArray" arraySize="1">
          <containerEntry>-1</containerEntry>
        </property>
        <property name="drawRejectionLevel" type="Int32" container="StaticArray" arraySize="1">
          <containerEntry>8</containerEntry>
        </property>
        <property name="drawMode" type="Int32" container="StaticArray" arraySize="1">
          <containerEntry>0</containerEntry>
        </property>
        <property name="rejectFarRangeShadowCast" type="Int32" container="StaticArray" arraySize="1">
          <containerEntry>2</containerEntry>
        </property>
        <property name="parentLocator" type="EntityLink" container="StaticArray" arraySize="1">
          <containerEntry packagePathHash="0xB8A0BF169F98" archivePathHash="0xB8A0BF169F98" nameInArchiveHash="0xB8A0BF169F98">0x0</containerEntry>
        </property>
        <property name="transforms" type="Matrix4" container="DynamicArray" arraySize="15">
          <containerEntry r11="-0.09765293" r12="0.08749571" r13="0.9913673" r14="0" r21="0.7269089" r22="0.68664545" r23="0.011001676" r24="0" r31="-0.6797551" r32="0.72170854" r33="-0.13065422" r34="0" r41="2355.0203" r42="89.227135" r43="-658.8618" r44="1"></containerEntry>
          <containerEntry r11="-0.3959996" r12="0.3199335" r13="1.3041595" r14="0" r21="-0.33869043" r22="1.2919283" r23="-0.4197741" r24="0" r31="-1.2994144" r32="-0.43424058" r33="-0.28803188" r34="0" r41="2397.7722" r42="88.37962" r43="-704.7426" r44="1"></containerEntry>
          <containerEntry r11="0.79501253" r12="0.161266" r13="0.9773537" r14="0" r21="0.14153703" r22="1.2218478" r23="-0.3167395" r24="0" r31="-0.9804051" r32="0.3071646" r33="0.7468117" r34="0" r41="2379.5046" r42="87.260635" r43="-736.988" r44="1"></containerEntry>
          <containerEntry r11="0.26805136" r12="0.01610827" r13="-0.9632704" r14="0" r21="0.11773154" r22="0.9918186" r23="0.04934716" r24="0" r31="0.9561844" r32="-0.12663484" r33="0.26396185" r34="0" r41="2384.8516" r42="85.84092" r43="-726.1378" r44="1"></containerEntry>
          <containerEntry r11="-0.89132565" r12="-0.6491419" r13="1.0169405" r14="0" r21="-0.69274974" r22="1.3105295" r23="0.22937076" r24="0" r31="-0.98774976" r32="-0.33336064" r33="-1.0785342" r34="0" r41="2414.0898" r42="89.95923" r43="-727.0655" r44="1"></containerEntry>
          <containerEntry r11="0.0003340321" r12="0.06436785" r13="1.9989611" r14="0" r21="0.11032926" r22="1.9959195" r23="-0.064288095" r24="0" r31="-1.9969517" r32="0.11028275" r33="-0.0032174587" r34="0" r41="2359.7312" r42="98.32665" r43="-728.23315" r44="1"></containerEntry>
          <containerEntry r11="-0.36363822" r12="-9.089717e-07" r13="0.93154204" r14="0" r21="-0.3377208" r22="0.93196833" r23="-0.13183215" r24="0" r31="-0.8681676" r32="-0.36254013" r33="-0.33889964" r34="0" r41="2392.649" r42="86.399734" r43="-708.6122" r44="1"></containerEntry>
          <containerEntry r11="-0.36363697" r12="0" r13="0.9315411" r14="0" r21="0" r22="1" r23="0" r24="0" r31="-0.9315411" r32="0" r33="-0.36363697" r34="0" r41="2377.2346" r42="86.78373" r43="-679.24347" r44="1"></containerEntry>
          <containerEntry r11="-0.36363697" r12="0" r13="0.9315411" r14="0" r21="0" r22="1" r23="0" r24="0" r31="-0.9315411" r32="0" r33="-0.36363697" r34="0" r41="2384.6028" r42="84.22374" r43="-717.1528" r44="1"></containerEntry>
          <containerEntry r11="0.9827981" r12="-0.004250404" r13="0.18463942" r14="0" r21="-0.15299463" r22="0.54126024" r23="0.8268193" r24="0" r31="-0.1034523" r32="-0.8408453" r33="0.5312993" r34="0" r41="2396.6404" r42="100.4194" r43="-644.49066" r44="1"></containerEntry>
