<fox formatVersion="2" fileVersion="0">
  <entities>
    <entity class="DataSet" classVersion="0" classID="0xE8" addr="0x3353570" id="0x3D9DE">
      <staticProperties>
        <property name="name" type="String" container="StaticArray" arraySize="1">
          <containerEntry hash="0xB8A0BF169F98"></containerEntry>
        </property>
        <property name="dataSet" type="EntityHandle" container="StaticArray" arraySize="1">
          <containerEntry>0x0</containerEntry>
        </property>
        <property name="dataList" type="EntityPtr" container="StringMap" arraySize="13">
          <containerEntry key="afgh_clff013_0000">
            <data>0x3352380</data>
          </containerEntry>
          <containerEntry key="StaticModelArray0000">
            <data>0x317A5E0</data>
          </containerEntry>
          <containerEntry key="StaticModelArray0001">
            <data>0x317A7A0</data>
          </containerEntry>
          <containerEntry key="StaticModelArray0002">
            <data>0x317A2D0</data>
          </containerEntry>
          <containerEntry key="StaticModelArray0003">
            <data>0x317A110</data>
          </containerEntry>
          <containerEntry key="StaticModelArray0004">
            <data>0x317A260</data>
          </containerEntry>
          <containerEntry key="StaticModelArray0005">
            <data>0x317A420</data>
          </containerEntry>
          <containerEntry key="StaticModelArray0006">
            <data>0x317A490</data>
          </containerEntry>
          <containerEntry key="StaticModelArray0007">
            <data>0x317A650</data>
          </containerEntry>
          <containerEntry key="StaticModelArray0008">
            <data>0x317A810</data>
          </containerEntry>
          <containerEntry key="StaticModelArray0009">
            <data>0x317A960</data>
          </containerEntry>
          <containerEntry key="StaticModelArray0010">
            <data>0x317A9D0</data>
          </containerEntry>
          <containerEntry key="TexturePackLoadConditioner0000">
            <data>0x317C020</data>
          </containerEntry>
        </property>
      </staticProperties>
      <dynamicProperties></dynamicProperties>
    </entity>
    <entity class="StaticModel" classVersion="9" classID="0x160" addr="0x3352380" id="0x3DA3A">
      <staticProperties>
        <property name="name" type="String" container="StaticArray" arraySize="1">
          <containerEntry>afgh_clff013_0000</containerEntry>
        </property>
        <property name="dataSet" type="EntityHandle" container="StaticArray" arraySize="1">
          <containerEntry>0x3353570</containerEntry>
        </property>
        <property name="parent" type="EntityHandle" container="StaticArray" arraySize="1">
          <containerEntry>0x0</containerEntry>
        </property>
        <property name="transform" type="EntityPtr" container="StaticArray" arraySize="1">
          <containerEntry>0x3352310</containerEntry>
        </property>
        <property name="shearTransform" type="EntityPtr" container="StaticArray" arraySize="1">
          <containerEntry>0x0</containerEntry>
        </property>
        <property name="pivotTransform" type="EntityPtr" container="StaticArray" arraySize="1">
          <containerEntry>0x0</containerEntry>
        </property>
        <property name="children" type="EntityHandle" container="List"></property>
        <property name="flags" type="UInt32" container="StaticArray" arraySize="1">
          <containerEntry>7</containerEntry>
        </property>
        <property name="modelFile" type="FilePtr" container="StaticArray" arraySize="1">
          <containerEntry>/Assets/tpp/environ/object/afghanistan/cliff/afgh_clff013/scenes/afgh_clff013.fmdl</containerEntry>
        </property>
        <property name="geomFile" type="FilePtr" container="StaticArray" arraySize="1">
          <containerEntry>/Assets/tpp/environ/object/afghanistan/cliff/afgh_clff013/scenes/afgh_clff013.geom</containerEntry>
        </property>
        <property name="isVisibleGeom" type="Bool" container="StaticArray" arraySize="1">
          <containerEntry>false</containerEntry>
        </property>
        <property name="isIsolated" type="Bool" container="StaticArray" arraySize="1">
          <containerEntry>false</containerEntry>
        </property>
        <property name="lodFarSize" type="Float" container="StaticArray" arraySize="1">
          <containerEntry>-1</containerEntry>
        </property>
        <property name="lodNearSize" type="Float" container="StaticArray" arraySize="1">
          <containerEntry>-1</containerEntry>
        </property>
        <property name="lodPolygonSize" type="Float" container="StaticArray" arraySize="1">
          <containerEntry>-1</containerEntry>
        </property>
        <property name="color" type="Color" container="StaticArray" arraySize="1">
          <containerEntry r="1" g="1" b="1" a="1"></containerEntry>
        </property>
        <property name="drawRejectionLevel" type="Int32" container="StaticArray" arraySize="1">
          <containerEntry>8</containerEntry>
        </property>
        <property name="drawMode" type="Int32" container="StaticArray" arraySize="1">
          <containerEntry>0</containerEntry>
        </property>
        <property name="rejectFarRangeShadowCast" type="Int32" container="StaticArray" arraySize="1">
          <containerEntry>2</containerEntry>
        </property>
      </staticProperties>
      <dynamicProperties></dynamicProperties>
    </entity>
    <entity class="TransformEntity" classVersion="0" classID="0x50" addr="0x3352310" id="0x3DA3D">
      <staticProperties>
        <property name="owner" type="EntityHandle" container="StaticArray" arraySize="1">
          <containerEntry>0x3352380</containerEntry>
        </property>
        <property name="transform_scale" type="Vector3" container="StaticArray" arraySize="1">
          <containerEntry x="1" y="1" z="1" w="0"></containerEntry>
        </property>
        <property name="transform_rotation_quat" type="Quat" container="StaticArray" arraySize="1">
          <containerEntry x="0" y="-0.447074" z="0" w="0.894497"></containerEntry>
        </property>
        <property name="transform_translation" type="Vector3" container="StaticArray" arraySize="1">
          <containerEntry x="-1798.5035" y="456.68472" z="-1761.019" w="0"></containerEntry>
        </property>
      </staticProperties>
      <dynamicProperties></dynamicProperties>
    </entity>
    <entity class="StaticModelArray" classVersion="4" classID="0xD0" addr="0x317A5E0" id="0x0">
      <staticProperties>
        <property name="name" type="String" container="StaticArray" arraySize="1">
          <containerEntry>StaticModelArray0000</containerEntry>
        </property>
        <property name="dataSet" type="EntityHandle" container="StaticArray" arraySize="1">
          <containerEntry>0x3353570</containerEntry>
        </property>
        <property name="modelFile" type="FilePtr" container="StaticArray" arraySize="1">
          <containerEntry>/Assets/tpp/environ/object/afghanistan/rock/afgh_rock009/scenes/afgh_rock009_rock001.fmdl</containerEntry>
        </property>
        <property name="geomFile" type="FilePtr" container="StaticArray" arraySize="1">
          <containerEntry>/Assets/tpp/environ/object/afghanistan/rock/afgh_rock009/scenes/afgh_rock009_rock001.geom</containerEntry>
        </property>
        <property name="isVisibleGeom" type="Bool" container="StaticArray" arraySize="1">
          <containerEntry>false</containerEntry>
        </property>
        <property name="lodFarSize" type="Float" container="StaticArray" arraySize="1">
          <containerEntry>-1</containerEntry>
        </property>
        <property name="lodNearSize" type="Float" container="StaticArray" arraySize="1">
          <containerEntry>-1</containerEntry>
        </property>
        <property name="lodPolygonSize" type="Float" container="StaticArray" arraySize="1">
          <containerEntry>-1</containerEntry>
        </property>
        <property name="drawRejectionLevel" type="Int32" container="StaticArray" arraySize="1">
          <containerEntry>8</containerEntry>
        </property>
        <property name="drawMode" type="Int32" container="StaticArray" arraySize="1">
          <containerEntry>0</containerEntry>
        </property>
        <property name="rejectFarRangeShadowCast" type="Int32" container="StaticArray" arraySize="1">
          <containerEntry>2</containerEntry>
        </property>
        <property name="parentLocator" type="EntityLink" container="StaticArray" arraySize="1">
          <containerEntry packagePathHash="0xB8A0BF169F98" archivePathHash="0xB8A0BF169F98" nameInArchiveHash="0xB8A0BF169F98">0x0</containerEntry>
        </property>
        <property name="transforms" type="Matrix4" container="DynamicArray" arraySize="3">
          <containerEntry r11="-0.049254656" r12="-0.6886944" r13="-0.7233758" r14="0" r21="0.6475236" r22="0.5294121" r23="-0.5481199" r24="0" r31="0.76045096" r32="-0.49540105" r33="0.41987056" r34="0" r41="-1826.5818" r42="457.82114" r43="-1738.2333" r44="1"></containerEntry>
          <containerEntry r11="0.85919315" r12="0.013354868" r13="-0.51147693" r14="0" r21="0.14512181" r22="0.952245" r23="0.26864302" r24="0" r31="0.49063903" r32="-0.30504274" r33="0.8162243" r34="0" r41="-1813.8102" r42="452.97488" r43="-1706.5275" r44="1"></containerEntry>
          <containerEntry r11="0.0381245" r12="0.96170723" r13="0.2714076" r14="0" r21="-0.4510273" r22="0.25892705" r23="-0.8541243" r24="0" r31="-0.8916935" r32="-0.08985096" r33="0.44362986" r34="0" r41="-1829.8695" r42="445.7198" r43="-1701.9458" r44="1"></containerEntry>
        </property>
        <property name="colors" type="UInt32" container="DynamicArray" arraySize="3">
          <containerEntry>4294967295</containerEntry>
          <containerEntry>4294967295</containerEntry>
          <containerEntry>4294967295</containerEntry>
        </property>
      </staticProperties>
      <dynamicProperties></dynamicProperties>
    </entity>
    <entity class="StaticModelArray" classVersion="4" classID="0xD0" addr="0x317A7A0" id="0x0">
      <staticProperties>
        <property name="name" type="String" container="StaticArray" arraySize="1">
          <containerEntry>StaticModelArray0001</containerEntry>
        </property>
        <property name="dataSet" type="EntityHandle" container="StaticArray" arraySize="1">
          <containerEntry>0x3353570</containerEntry>
        </property>
        <property name="modelFile" type="FilePtr" container="StaticArray" arraySize="1">
          <containerEntry>/Assets/tpp/environ/object/afghanistan/rock/afgh_rock001/scenes/afgh_rock001.fmdl</containerEntry>
        </property>
        <property name="geomFile" type="FilePtr" container="StaticArray" arraySize="1">
          <containerEntry>/Assets/tpp/environ/object/afghanistan/rock/afgh_rock001/scenes/afgh_rock001.geom</containerEntry>
        </property>
        <property name="isVisibleGeom" type="Bool" container="StaticArray" arraySize="1">
          <containerEntry>false</containerEntry>
        </property>
        <property name="lodFarSize" type="Float" container="StaticArray" arraySize="1">
          <containerEntry>-1</containerEntry>
        </property>
        <property name="lodNearSize" type="Float" container="StaticArray" arraySize="1">
          <containerEntry>-1</containerEntry>
        </property>
        <property name="lodPolygonSize" type="Float" container="StaticArray" arraySize="1">
          <containerEntry>-1</containerEntry>
        </property>
        <property name="drawRejectionLevel" type="Int32" container="StaticArray" arraySize="1">
          <containerEntry>8</containerEntry>
        </property>
        <property name="drawMode" type="Int32" container="StaticArray" arraySize="1">
          <containerEntry>0</containerEntry>
        </property>
        <property name="rejectFarRangeShadowCast" type="Int32" container="StaticArray" arraySize="1">
          <containerEntry>2</containerEntry>
        </property>
        <property name="parentLocator" type="EntityLink" container="StaticArray" arraySize="1">
          <containerEntry packagePathHash="0xB8A0BF169F98" archivePathHash="0xB8A0BF169F98" nameInArchiveHash="0xB8A0BF169F98">0x0</containerEntry>
        </property>
        <property name="transforms" type="Matrix4" container="DynamicArray" arraySize="29">
          <containerEntry r11="0.9167049" r12="-0.089803785" r13="-0.38934213" r14="0" r21="-0.06413658" r22="0.928709" r23="-0.3652205" r24="0" r31="0.39438373" r32="0.35977048" r33="0.8455923" r34="0" r41="-1805.1399" r42="449.41858" r43="-1695.058" r44="1"></containerEntry>
          <containerEntry r11="-0.04880464" r12="-0.07102744" r13="0.99627995" r14="0" r21="0.18096392" r22="-0.9815895" r23="-0.061115295" r24="0" r31="0.98227835" r32="0.17730798" r33="0.060759015" r34="0" r41="-1810.9142" r42="449.6378" r43="-1683.4088" r44="1"></containerEntry>
          <containerEntry r11="-0.48241168" r12="-0.18919049" r13="0.85526836" r14="0" r21="0.2581222" r22="0.90233743" r23="0.3451956" r24="0" r31="-0.8370483" r32="0.38729066" r33="-0.3864637" r34="0" r41="-1805.457" r42="449.7936" r43="-1683.7106" r44="1"></containerEntry>
          <containerEntry r11="0.9985975" r12="0.04755759" r13="0.023267245" r14="0" r21="-0.040941615" r22="0.9722882" r23="-0.23017284" r24="0" r31="-0.033568926" r32="0.22889742" r33="0.9728716" r34="0" r41="-1844.5817" r42="458.11252" r43="-1767.7588" r44="1"></containerEntry>
          <containerEntry r11="0.95485365" r12="-0.03601843" r13="-0.2948849" r14="0" r21="-0.06284982" r22="0.9456623" r23="-0.3190182" r24="0" r31="0.29035208" r32="0.32314914" r33="0.9007054" r34="0" r41="-1846.0369" r42="457.34033" r43="-1762.5453" r44="1"></containerEntry>
          <containerEntry r11="0.11875576" r12="-0.19460998" r13="-0.9736645" r14="0" r21="0.20460622" r22="-0.9547613" r23="0.21578708" r24="0" r31="-0.97161305" r32="-0.22484377" r33="-0.0735636" r34="0" r41="-1807.9047" r42="459.43253" r43="-1762.5427" r44="1"></containerEntry>
          <containerEntry r11="0.856092" r12="-0.2793216" r13="-0.43484023" r14="0" r21="0.13455783" r22="0.932816" r23="-0.334288" r24="0" r31="0.4989998" r32="0.2276702" r33="0.83616126" r34="0" r41="-1799.252" r42="456.94717" r43="-1748.7482" r44="1"></containerEntry>
          <containerEntry r11="0.98863983" r12="0.1365463" r13="-0.06282025" r14="0" r21="-0.1353909" r22="0.9905409" r23="0.022315506" r24="0" r31="0.06527313" r32="-0.013556703" r33="0.9977754" r34="0" r41="-1823.1418" r42="462.3129" r43="-1784.5039" r44="1"></containerEntry>
          <containerEntry r11="0.9846472" r12="-0.17406543" r13="0.013078291" r14="0" r21="0.17406543" r22="0.97350645" r23="-0.14827795" r24="0" r31="0.013078291" r32="0.14827795" r33="0.98885924" r34="0" r41="-1813.8544" r42="456.82275" r43="-1725.2687" r44="1"></containerEntry>
          <containerEntry r11="0.9666829" r12="-0.25594288" r13="-0.004164508" r14="0" r21="0.25594288" r22="0.9661624" r23="0.031991865" r24="0" r31="-0.004164508" r32="-0.031991865" r33="0.9994795" r34="0" r41="-1807.0333" r42="455.6084" r43="-1720.8385" r44="1"></containerEntry>
          <containerEntry r11="0.78978074" r12="-0.3546251" r13="-0.50048745" r14="0" r21="0.3044073" r22="0.9349698" r23="-0.18212004" r24="0" r31="0.53252494" r32="-0.008516997" r33="0.8463716" r34="0" r41="-1821.7686" r42="457.00525" r43="-1734.029" r44="1"></containerEntry>
          <containerEntry r11="-0.41951352" r12="-0.7200192" r13="-0.5527919" r14="0" r21="0.5548328" r22="-0.68536234" r23="0.471632" r24="0" r31="-0.71844774" r32="-0.10885084" r33="0.68701094" r34="0" r41="-1855.4822" r42="457.41034" r43="-1752.5173" r44="1"></containerEntry>
          <containerEntry r11="0.99715406" r12="0.055825956" r13="-0.050668143" r14="0" r21="-0.071031444" r22="0.92090803" r23="-0.38325307" r24="0" r31="0.025265226" r32="0.3857614" r33="0.92225254" r34="0" r41="-1881.7902" r42="451.382" r43="-1765.334" r44="1"></containerEntry>
          <containerEntry r11="-0.7075888" r12="-0.24291064" r13="-0.663558" r14="0" r21="-0.3612473" r22="0.9314194" r23="0.0442515" r24="0" r31="0.6073016" r32="0.2710207" r33="-0.7468127" r34="0" r41="-1903.76" r42="458.84793" r43="-1781.834" r44="1"></containerEntry>
          <containerEntry r11="0.99980456" r12="-0.019737992" r13="0.0011074364" r14="0" r21="0.019737992" r22="0.99352896" r23="-0.11185063" r24="0" r31="0.0011074364" r32="0.11185063" r33="0.9937244" r34="0" r41="-1877.6163" r42="457.04343" r43="-1778.2258" r44="1"></containerEntry>
          <containerEntry r11="0.94962937" r12="-0.27386045" r13="-0.15233035" r14="0" r21="0.26174295" r22="0.9604511" r23="-0.094996214" r24="0" r31="0.17232157" r32="0.0503398" r33="0.9837536" r34="0" r41="-1898.3647" r42="457.15668" r43="-1773.0504" r44="1"></containerEntry>
          <containerEntry r11="0.99980456" r12="-0.019737992" r13="0.0011074364" r14="0" r21="0.019737992" r22="0.99352896" r23="-0.11185063" r24="0" r31="0.0011074364" r32="0.11185063" r33="0.9937244" r34="0" r41="-1884.9945" r42="452.53897" r43="-1766.907" r44="1"></containerEntry>
          <containerEntry r11="0.9916032" r12="0.12866098" r13="0.013016021" r14="0" r21="-0.12866098" r22="0.9714268" r23="0.1994399" r24="0" r31="0.013016021" r32="-0.1994399" r33="0.9798236" r34="0" r41="-1862.943" r42="457.71707" r43="-1774.9482" r44="1"></containerEntry>
          <containerEntry r11="0.49431458" r12="-0.20451477" r13="-0.8448826" r14="0" r21="0.013121225" r22="-0.9700638" r23="0.24249338" r24="0" r31="-0.8691839" r32="-0.13095386" r33="-0.4768329" r34="0" r41="-1866.3038" r42="450.4923" r43="-1751.1104" r44="1"></containerEntry>
          <containerEntry r11="0.95490277" r12="-0.2968195" r13="-0.007675681" r14="0" r21="0.2968195" r22="0.95359635" r23="0.05051953" r24="0" r31="-0.007675681" r32="-0.05051953" r33="0.9986936" r34="0" r41="-1868.9714" r42="448.92392" r43="-1739.6824" r44="1"></containerEntry>
          <containerEntry r11="0.99964947" r12="0.026474373" r13="0.00026290008" r14="0" r21="-0.026474373" r22="0.9994523" r23="0.019855281" r24="0" r31="0.00026290008" r32="-0.019855281" r33="0.9998028" r34="0" r41="-1848.2698" r42="447.75165" r43="-1722.3842" r44="1"></containerEntry>
          <containerEntry r11="0.09459458" r12="-0.14026119" r13="-0.9855865" r14="0" r21="-0.57958657" r22="0.79717815" r23="-0.16907676" r24="0" r31="0.8094032" r32="0.587226" r33="-0.005884886" r34="0" r41="-1846.8029" r42="446.1907" r43="-1712.0835" r44="1"></containerEntry>
          <containerEntry r11="0.99766916" r12="-0.047006633" r13="0.049463496" r14="0" r21="-0.06823648" r22="-0.68950194" r23="0.72106165" r24="0" r31="0.0002105087" r32="-0.7227562" r33="-0.6911024" r34="0" r41="-1854.2454" r42="447.56802" r43="-1709.9512" r44="1"></containerEntry>
          <containerEntry r11="0.132631" r12="0.21749997" r13="-0.96700567" r14="0" r21="-0.60288167" r22="0.79209745" r23="0.095470965" r24="0" r31="0.78672737" r32="0.57032865" r33="0.23618394" r34="0" r41="-1854.0614" r42="449.38593" r43="-1732.2821" r44="1"></containerEntry>
          <containerEntry r11="-0.20499232" r12="-0.49265185" r13="0.845737" r14="0" r21="0.6630854" r22="0.56567526" r23="0.4902334" r24="0" r31="-0.71992683" r32="0.6612906" r33="0.21071166" r34="0" r41="-1829.2556" r42="447.65213" r43="-1693.441" r44="1"></containerEntry>
          <containerEntry r11="0.88843066" r12="-0.457317" r13="-0.039393656" r14="0" r21="0.3722635" r22="0.76807934" r23="-0.52103114" r24="0" r31="0.26853412" r32="0.44823515" r33="0.8526279" r34="0" r41="-1859.5135" r42="450.74875" r43="-1708.9524" r44="1"></containerEntry>
          <containerEntry r11="0.993743" r12="0.11163019" r13="0.003680615" r14="0" r21="-0.11163019" r22="0.9915779" r23="0.06566528" r24="0" r31="0.003680615" r32="-0.06566528" r33="0.9978349" r34="0" r41="-1836.2551" r42="456.4546" r43="-1734.3635" r44="1"></containerEntry>
          <containerEntry r11="0.99859923" r12="0.05290883" r13="0.000525542" r14="0" r21="-0.05290883" r22="0.99840206" r23="0.019850057" r24="0" r31="0.000525542" r32="-0.019850057" r33="0.9998028" r34="0" r41="-1834.3447" r42="457.91998" r43="-1750.4436" r44="1"></containerEntry>
          <containerEntry r11="0.21895608" r12="-0.38880438" r13="-0.89492357" r14="0" r21="-0.73284584" r22="0.54001236" r23="-0.4139117" r24="0" r31="0.6442002" r32="0.74646974" r33="-0.16669464" r34="0" r41="-1833.3864" r42="458.06482" r43="-1754.5089" r44="1"></containerEntry>
        </property>
        <property name="colors" type="UInt32" container="DynamicArray" arraySize="29">
          <containerEntry>4294967295</containerEntry>
          <containerEntry>4294967295</containerEntry>
          <containerEntry>4294967295</containerEntry>
          <containerEntry>4294967295</containerEntry>
          <containerEntry>4294967295</containerEntry>
          <containerEntry>4294967295</containerEntry>
          <containerEntry>4294967295</containerEntry>
          <containerEntry>4294967295</containerEntry>
          <containerEntry>4294967295</containerEntry>
          <containerEntry>4294967295</containerEntry>
          <containerEntry>4294967295</containerEntry>
          <containerEntry>4294967295</containerEntry>
          <containerEntry>4294967295</containerEntry>
          <containerEntry>4294967295</containerEntry>
          <containerEntry>4294967295</containerEntry>
          <containerEntry>4294967295</containerEntry>
          <containerEntry>4294967295</containerEntry>
          <containerEntry>4294967295</containerEntry>
          <containerEntry>4294967295</containerEntry>
          <containerEntry>4294967295</containerEntry>
          <containerEntry>4294967295</containerEntry>
          <containerEntry>4294967295</containerEntry>
          <containerEntry>4294967295</containerEntry>
          <containerEntry>4294967295</containerEntry>
          <containerEntry>4294967295</containerEntry>
          <containerEntry>4294967295</containerEntry>
          <containerEntry>4294967295</containerEntry>
          <containerEntry>4294967295</containerEntry>
          <containerEntry>4294967295</containerEntry>
        </property>
      </staticProperties>
      <dynamicProperties></dynamicProperties>
    </entity>
    <entity class="StaticModelArray" classVersion="4" classID="0xD0" addr="0x317A2D0" id="0x0">
      <staticProperties>
        <property name="name" type="String" container="StaticArray" arraySize="1">
          <containerEntry>StaticModelArray0002</containerEntry>
        </property>
        <property name="dataSet" type="EntityHandle" container="StaticArray" arraySize="1">
          <containerEntry>0x3353570</containerEntry>
        </property>
        <property name="modelFile" type="FilePtr" container="StaticArray" arraySize="1">
          <containerEntry>/Assets/tpp/environ/object/afghanistan/cliff/afgh_clff022/scenes/afgh_clff022_vrtn004.fmdl</containerEntry>
        </property>
        <property name="geomFile" type="FilePtr" container="StaticArray" arraySize="1">
          <containerEntry>/Assets/tpp/environ/object/afghanistan/cliff/afgh_clff022/scenes/afgh_clff022_vrtn004.geom</containerEntry>
        </property>
        <property name="isVisibleGeom" type="Bool" container="StaticArray" arraySize="1">
          <containerEntry>false</containerEntry>
        </property>
        <property name="lodFarSize" type="Float" container="StaticArray" arraySize="1">
          <containerEntry>-1</containerEntry>
        </property>
        <property name="lodNearSize" type="Float" container="StaticArray" arraySize="1">
          <containerEntry>-1</containerEntry>
        </property>
        <property name="lodPolygonSize" type="Float" container="StaticArray" arraySize="1">
          <containerEntry>-1</containerEntry>
        </property>
        <property name="drawRejectionLevel" type="Int32" container="StaticArray" arraySize="1">
          <containerEntry>8</containerEntry>
        </property>
        <property name="drawMode" type="Int32" container="StaticArray" arraySize="1">
          <containerEntry>0</containerEntry>
        </property>
        <property name="rejectFarRangeShadowCast" type="Int32" container="StaticArray" arraySize="1">
          <containerEntry>2</containerEntry>
        </property>
        <property name="parentLocator" type="EntityLink" container="StaticArray" arraySize="1">
          <containerEntry packagePathHash="0xB8A0BF169F98" archivePathHash="0xB8A0BF169F98" nameInArchiveHash="0xB8A0BF169F98">0x0</containerEntry>
        </property>
        <property name="transforms" type="Matrix4" container="DynamicArray" arraySize="4">
          <containerEntry r11="0.7322271" r12="0" r13="0.6810597" r14="0" r21="0" r22="1" r23="0" r24="0" r31="-0.6810597" r32="0" r33="0.7322271" r34="0" r41="-1804.2898" r42="472.98245" r43="-1783.8693" r44="1"></containerEntry>
          <containerEntry r11="-0.46906245" r12="0" r13="-0.88316226" r14="0" r21="0" r22="1" r23="0" r24="0" r31="0.88316226" r32="0" r33="-0.46906245" r34="0" r41="-1877.4799" r42="457.99753" r43="-1729.2986" r44="1"></containerEntry>
          <containerEntry r11="-0.9276465" r12="0" r13="-0.37344992" r14="0" r21="0" r22="1" r23="0" r24="0" r31="0.37344992" r32="0" r33="-0.9276465" r34="0" r41="-1796.0999" r42="459.0201" r43="-1660.4198" r44="1"></containerEntry>
          <containerEntry r11="0.70143336" r12="0" r13="0.71273506" r14="0" r21="0" r22="1" r23="0" r24="0" r31="-0.71273506" r32="0" r33="0.70143336" r34="0" r41="-1840.6699" r42="455.84933" r43="-1732.7926" r44="1"></containerEntry>
        </property>
        <property name="colors" type="UInt32" container="DynamicArray" arraySize="4">
          <containerEntry>4294967295</containerEntry>
          <containerEntry>4294967295</containerEntry>
          <containerEntry>4294967295</containerEntry>
          <containerEntry>4294967295</containerEntry>
        </property>
      </staticProperties>
      <dynamicProperties></dynamicProperties>
    </entity>
    <entity class="StaticModelArray" classVersion="4" classID="0xD0" addr="0x317A110" id="0x0">
      <staticProperties>
        <property name="name" type="String" container="StaticArray" arraySize="1">
          <containerEntry>StaticModelArray0003</containerEntry>
        </property>
        <property name="dataSet" type="EntityHandle" container="StaticArray" arraySize="1">
          <containerEntry>0x3353570</containerEntry>
        </property>
        <property name="modelFile" type="FilePtr" container="StaticArray" arraySize="1">
          <containerEntry>/Assets/tpp/environ/object/afghanistan/rock/afgh_rock009/scenes/afgh_rock009_rock002.fmdl</containerEntry>
        </property>
        <property name="geomFile" type="FilePtr" container="StaticArray" arraySize="1">
          <containerEntry>/Assets/tpp/environ/object/afghanistan/rock/afgh_rock009/scenes/afgh_rock009_rock002.geom</containerEntry>
        </property>
        <property name="isVisibleGeom" type="Bool" container="StaticArray" arraySize="1">
          <containerEntry>false</containerEntry>
        </property>
        <property name="lodFarSize" type="Float" container="StaticArray" arraySize="1">
          <containerEntry>-1</containerEntry>
        </property>
        <property name="lodNearSize" type="Float" container="StaticArray" arraySize="1">
          <containerEntry>-1</containerEntry>
        </property>
        <property name="lodPolygonSize" type="Float" container="StaticArray" arraySize="1">
          <containerEntry>-1</containerEntry>
        </property>
        <property name="drawRejectionLevel" type="Int32" container="StaticArray" arraySize="1">
          <containerEntry>8</containerEntry>
        </property>
        <property name="drawMode" type="Int32" container="StaticArray" arraySize="1">
          <containerEntry>0</containerEntry>
        </property>
        <property name="rejectFarRangeShadowCast" type="Int32" container="StaticArray" arraySize="1">
          <containerEntry>2</containerEntry>
        </property>
        <property name="parentLocator" type="EntityLink" container="StaticArray" arraySize="1">
          <containerEntry packagePathHash="0xB8A0BF169F98" archivePathHash="0xB8A0BF169F98" nameInArchiveHash="0xB8A0BF169F98">0x0</containerEntry>
        </property>
        <property name="transforms" type="Matrix4" container="DynamicArray" arraySize="47">
          <containerEntry r11="0.97682816" r12="-0.2128147" r13="0.022730798" r14="0" r21="0.20945062" r22="0.97238374" r23="0.1029577" r24="0" r31="-0.044013962" r32="-0.095811" r33="0.994426" r34="0" r41="-1800.3507" r42="449.40652" r43="-1691.4653" r44="1"></containerEntry>
          <containerEntry r11="0.2360433" r12="-0.7513008" r13="-0.6163041" r14="0" r21="0.43405652" r22="0.64895546" r23="-0.6248615" r24="0" r31="0.86941284" r32="-0.120016426" r33="0.47928855" r34="0" r41="-1796.3867" r42="448.8822" r43="-1687.6554" r44="1"></containerEntry>
          <containerEntry r11="0.9386458" r12="0.3448693" r13="0.0030361451" r14="0" r21="-0.34085408" r22="0.92898715" r23="-0.1442265" r24="0" r31="-0.052559864" r32="0.13434272" r33="0.98954004" r34="0" r41="-1800.4534" r42="448.87646" r43="-1685.0403" r44="1"></containerEntry>
          <containerEntry r11="-0.2034603" r12="0.008565351" r13="-0.9790454" r14="0" r21="-0.16233942" r22="0.98582524" r23="0.042361274" r24="0" r31="0.9655305" r32="0.16755655" r33="-0.19918579" r34="0" r41="-1798.8358" r42="449.29886" r43="-1692.4222" r44="1"></containerEntry>
          <containerEntry r11="1" r12="0" r13="0" r14="0" r21="0" r22="1" r23="0" r24="0" r31="0" r32="0" r33="1" r34="0" r41="-1800.7491" r42="450.51462" r43="-1697.4722" r44="1"></containerEntry>
          <containerEntry r11="0.6462258" r12="-0.09804115" r13="-0.7568225" r14="0" r21="0.019738626" r22="0.99352896" r23="-0.11185071" r24="0" r31="0.7628911" r32="0.0573422" r33="0.6439793" r34="0" r41="-1843.2571" r42="457.96033" r43="-1765.396" r44="1"></containerEntry>
          <containerEntry r11="-0.058234386" r12="-0.018739007" r13="-0.99812657" r14="0" r21="-0.2622984" r22="0.9649827" r23="-0.0028131902" r24="0" r31="0.96322757" r32="0.26164332" r33="-0.061110377" r34="0" r41="-1842.5018" r42="458.99585" r43="-1787.7579" r44="1"></containerEntry>
          <containerEntry r11="0.91866475" r12="-0.07549672" r13="-0.38775668" r14="0" r21="0.05413832" r22="0.99636763" r23="-0.06573067" r24="0" r31="0.39131066" r32="0.039391942" r33="0.9194151" r34="0" r41="-1800.4019" r42="457.14435" r43="-1749.9395" r44="1"></containerEntry>
          <containerEntry r11="0.98304844" r12="-0.14804685" r13="0.10815692" r14="0" r21="0.13615501" r22="0.9845465" r23="0.11013674" r24="0" r31="-0.1227909" r32="-0.093543656" r33="0.98801416" r34="0" r41="-1821.7339" r42="460.42117" r43="-1777.557" r44="1"></containerEntry>
          <containerEntry r11="0.99980456" r12="-0.019737992" r13="0.0011074364" r14="0" r21="0.019737992" r22="0.99352896" r23="-0.11185063" r24="0" r31="0.0011074364" r32="0.11185063" r33="0.9937244" r34="0" r41="-1809.9872" r42="458.13165" r43="-1756.8177" r44="1"></containerEntry>
          <containerEntry r11="-0.18256551" r12="0.70632476" r13="0.683939" r14="0" r21="0.20086145" r22="-0.6541633" r23="0.7291924" r24="0" r31="0.9624562" r32="0.27050343" r33="-0.022443771" r34="0" r41="-1827.3696" r42="460.57254" r43="-1784.2358" r44="1"></containerEntry>
          <containerEntry r11="0.95728725" r12="0.18431199" r13="0.22277819" r14="0" r21="-0.23817253" r22="0.9395138" r23="0.24614537" r24="0" r31="-0.16393556" r32="-0.28869152" r33="0.94328266" r34="0" r41="-1817.099" r42="462.50705" r43="-1777.461" r44="1"></containerEntry>
          <containerEntry r11="0.99632245" r12="-0.08565325" r13="0.0022630878" r14="0" r21="0.08565325" r22="0.9949298" r23="-0.05270908" r24="0" r31="0.0022630878" r32="0.05270908" r33="0.99860734" r34="0" r41="-1819.8907" r42="456.9807" r43="-1727.23" r44="1"></containerEntry>
          <containerEntry r11="0.9904929" r12="0.13750355" r13="0.004074433" r14="0" r21="-0.13750355" r22="0.9887467" r23="0.05892953" r24="0" r31="0.004074433" r32="-0.05892953" r33="0.9982538" r34="0" r41="-1835.5851" r42="456.1645" r43="-1730.0936" r44="1"></containerEntry>
          <containerEntry r11="0.9984437" r12="-0.05575318" r13="-0.0012971733" r14="0" r21="0.05575318" r22="0.9973625" r23="0.04647131" r24="0" r31="-0.0012971733" r32="-0.04647131" r33="0.9989188" r34="0" r41="-1815.6367" r42="457.363" r43="-1718.541" r44="1"></containerEntry>
          <containerEntry r11="0.9844722" r12="-0.17538118" r13="-0.007477798" r14="0" r21="0.17538118" r22="0.9808711" r23="0.084459156" r24="0" r31="-0.007477798" r32="-0.084459156" r33="0.99639887" r34="0" r41="-1810.4694" r42="456.3836" r43="-1718.3008" r44="1"></containerEntry>
          <containerEntry r11="0.96367574" r12="-0.26675966" r13="0.012974288" r14="0" r21="0.26675966" r22="0.9590416" r23="-0.09528107" r24="0" r31="0.012974288" r32="0.09528107" r33="0.99536586" r34="0" r41="-1806.7145" r42="455.44775" r43="-1723.9156" r44="1"></containerEntry>
          <containerEntry r11="0.81591547" r12="-0.17456086" r13="-0.5511901" r14="0" r21="0.23472415" r22="0.97124416" r23="0.03986618" r24="0" r31="0.52838105" r32="-0.16190504" r33="0.8334268" r34="0" r41="-1875.132" r42="451.65256" r43="-1766.0242" r44="1"></containerEntry>
          <containerEntry r11="-0.624847" r12="-0.6362929" r13="0.45243457" r14="0" r21="-0.2634197" r22="0.71732426" r23="0.64502394" r24="0" r31="-0.7349665" r32="0.28386125" r33="-0.61582994" r34="0" r41="-1883.4453" r42="451.58325" r43="-1760.4155" r44="1"></containerEntry>
          <containerEntry r11="0.9666612" r12="-0.25605327" r13="-0.00166681" r14="0" r21="0.25605327" r22="0.9665779" r23="0.012801672" r24="0" r31="-0.00166681" r32="-0.012801672" r33="0.9999167" r34="0" r41="-1866.6041" r42="450.82626" r43="-1753.2122" r44="1"></containerEntry>
          <containerEntry r11="0.65736246" r12="-0.05091475" r13="-0.7518523" r14="0" r21="0.005830938" r22="0.99802876" r23="-0.062487427" r24="0" r31="0.7535517" r32="0.03669287" r33="0.6563635" r34="0" r41="-1877.3678" r42="450.68866" r43="-1750.3281" r44="1"></containerEntry>
          <containerEntry r11="0.27489623" r12="-0.79388595" r13="0.5423816" r14="0" r21="0.4992547" r22="0.59996355" r23="0.625131" r24="0" r31="-0.8216918" r32="0.098940045" r33="0.56127876" r34="0" r41="-1880.7279" r42="450.64398" r43="-1754.4637" r44="1"></containerEntry>
          <containerEntry r11="-0.50283307" r12="0.18499754" r13="-0.8443516" r14="0" r21="0.19218318" r22="0.97630614" r23="0.099458" r24="0" r31="0.8427451" r32="-0.112259425" r33="-0.52647245" r34="0" r41="-1883.3931" r42="452.29965" r43="-1767.8236" r44="1"></containerEntry>
          <containerEntry r11="0.965389" r12="-0.17382994" r13="-0.19444083" r14="0" r21="0.13107067" r22="0.9678834" r23="-0.21452762" r24="0" r31="0.2254874" r32="0.18161713" r33="0.95716804" r34="0" r41="-1877.5931" r42="457.5853" r43="-1779.4899" r44="1"></containerEntry>
          <containerEntry r11="0.73131275" r12="0.623919" r13="-0.27551085" r14="0" r21="0.4797212" r22="-0.7576811" r23="-0.4424743" r24="0" r31="-0.48481822" r32="0.19141847" r33="-0.8534089" r34="0" r41="-1877.8678" r42="456.57294" r43="-1776.98" r44="1"></containerEntry>
          <containerEntry r11="0.9431366" r12="0.005684698" r13="-0.33235675" r14="0" r21="-0.041421458" r22="0.9940704" r23="-0.10053981" r24="0" r31="0.3298145" r32="0.10858948" r33="0.93777966" r34="0" r41="-1890.4451" r42="453.7547" r43="-1755.676" r44="1"></containerEntry>
          <containerEntry r11="0.7113031" r12="-0.68051285" r13="-0.17592666" r14="0" r21="0.5169528" r22="0.6760789" r23="-0.5250497" r24="0" r31="0.4762433" r32="0.28252372" r33="0.83269" r34="0" r41="-1877.387" r42="449.86752" r43="-1754.9429" r44="1"></containerEntry>
          <containerEntry r11="0.46131498" r12="0.42188022" r13="0.78051627" r14="0" r21="-0.28507385" r22="0.9035497" r23="-0.319892" r24="0" r31="-0.84019136" r32="-0.074933775" r33="0.537088" r34="0" r41="-1848.7" r42="456.83218" r43="-1754.3539" r44="1"></containerEntry>
          <containerEntry r11="0.9826029" r12="0.16626635" r13="0.082746804" r14="0" r21="-0.1852594" r22="0.9088307" r23="0.37377235" r24="0" r31="-0.013057079" r32="-0.38259944" r33="0.92382205" r34="0" r41="-1875.8363" r42="451.65686" r43="-1767.0034" r44="1"></containerEntry>
          <containerEntry r11="0.9993131" r12="-0.0370133" r13="0.0018125408" r14="0" r21="0.0370133" r22="0.9945301" r23="-0.0976722" r24="0" r31="0.0018125408" r32="0.0976722" r33="0.99521697" r34="0" r41="-1867.0234" r42="457.14047" r43="-1773.9373" r44="1"></containerEntry>
          <containerEntry r11="0.80014396" r12="0.4025572" r13="-0.44465393" r14="0" r21="-0.50761235" r22="0.8493881" r23="-0.14446199" r24="0" r31="0.31952947" r32="0.34130234" r33="0.8839759" r34="0" r41="-1832.2148" r42="447.68875" r43="-1692.4624" r44="1"></containerEntry>
          <containerEntry r11="-0.6547474" r12="-0.16890463" r13="-0.73673487" r14="0" r21="-0.02897849" r22="0.97960514" r23="-0.1988318" r24="0" r31="0.7552929" r32="-0.108835034" r33="-0.6462885" r34="0" r41="-1859.805" r42="448.40204" r43="-1713.5596" r44="1"></containerEntry>
          <containerEntry r11="-0.9049782" r12="-0.3141064" r13="0.2869659" r14="0" r21="-0.3501128" r22="0.9330374" r23="-0.08283837" r24="0" r31="-0.24172984" r32="-0.1754375" r33="-0.9543512" r34="0" r41="-1858.7172" r42="447.3241" r43="-1718.1321" r44="1"></containerEntry>
          <containerEntry r11="0.9814665" r12="-0.1905463" r13="0.020386789" r14="0" r21="0.1905463" r22="0.9590411" r23="-0.20960015" r24="0" r31="0.020386789" r32="0.20960015" r33="0.9775746" r34="0" r41="-1849.937" r42="447.1477" r43="-1708.4888" r44="1"></containerEntry>
          <containerEntry r11="0.96977" r12="0.24400891" r13="0.0023863234" r14="0" r21="-0.24400891" r22="0.96958166" r23="0.019261824" r24="0" r31="0.0023863234" r32="-0.019261824" r33="0.99981165" r34="0" r41="-1845.2365" r42="449.22998" r43="-1722.8804" r44="1"></containerEntry>
          <containerEntry r11="0.7977865" r12="0.39565066" r13="-0.45496967" r14="0" r21="-0.4571028" r22="0.8889581" r23="-0.028471239" r24="0" r31="0.39318427" r32="0.23068187" r33="0.8900517" r34="0" r41="-1865.0422" r42="447.68665" r43="-1733.3346" r44="1"></containerEntry>
          <containerEntry r11="0.7192649" r12="-0.041407205" r13="-0.6935007" r14="0" r21="0.11007065" r22="0.9924061" r23="0.054905735" r24="0" r31="0.6859608" r32="-0.11582587" r33="0.71836054" r34="0" r41="-1855.968" r42="447.84503" r43="-1711.2671" r44="1"></containerEntry>
          <containerEntry r11="-0.28929445" r12="-0.4152348" r13="0.8624885" r14="0" r21="-0.006470129" r22="0.90184474" r23="0.43201172" r24="0" r31="-0.9572171" r32="0.11939867" r33="-0.26358515" r34="0" r41="-1842.315" r42="447.97092" r43="-1695.189" r44="1"></containerEntry>
          <containerEntry r11="0.943899" r12="-0.14754191" r13="-0.2954422" r14="0" r21="0.206368" r22="0.9619784" r23="0.17891294" r24="0" r31="0.25781187" r32="-0.22984555" r33="0.9384583" r34="0" r41="-1857.293" r42="447.59717" r43="-1731.7465" r44="1"></containerEntry>
          <containerEntry r11="0.9882655" r12="0.15135904" r13="0.020536385" r14="0" r21="-0.15135904" r22="0.9523251" r23="0.26489115" r24="0" r31="0.020536385" r32="-0.26489115" r33="0.9640596" r34="0" r41="-1864.0548" r42="450.02994" r43="-1745.7264" r44="1"></containerEntry>
          <containerEntry r11="0.99997807" r12="-0.0066218213" r13="-4.3850887e-05" r14="0" r21="0.0066218213" r22="0.9998904" r23="0.013243643" r24="0" r31="-4.3850887e-05" r32="-0.013243643" r33="0.9999123" r34="0" r41="-1828.2686" r42="458.07712" r43="-1751.8152" r44="1"></containerEntry>
