<fox formatVersion="2" fileVersion="0">
  <entities>
    <entity class="DataSet" classVersion="0" classID="0xE8" addr="0x2D7F890" id="0x1773BD2">
      <staticProperties>
        <property name="name" type="String" container="StaticArray" arraySize="1">
          <containerEntry hash="0xB8A0BF169F98"></containerEntry>
        </property>
        <property name="dataSet" type="EntityHandle" container="StaticArray" arraySize="1">
          <containerEntry>0x0</containerEntry>
        </property>
        <property name="dataList" type="EntityPtr" container="StringMap" arraySize="14">
          <containerEntry key="mafr_rock001_vrtn001_0000">
            <data>0x2D77080</data>
          </containerEntry>
          <containerEntry key="LevelingTerrain0000">
            <data>0x2D7C870</data>
          </containerEntry>
          <containerEntry key="mafr_clff004_grnd001_0000">
            <data>0x2D7CAA0</data>
          </containerEntry>
          <containerEntry key="StaticModelArray0000">
            <data>0x2F01BA0</data>
          </containerEntry>
          <containerEntry key="StaticModelArray0001">
            <data>0x2F01C10</data>
          </containerEntry>
          <containerEntry key="StaticModelArray0002">
            <data>0x2F01C80</data>
          </containerEntry>
          <containerEntry key="StaticModelArray0003">
            <data>0x2F01CF0</data>
          </containerEntry>
          <containerEntry key="StaticModelArray0004">
            <data>0x2F01D60</data>
          </containerEntry>
          <containerEntry key="StaticModelArray0005">
            <data>0x2F01DD0</data>
          </containerEntry>
          <containerEntry key="StaticModelArray0006">
            <data>0x2D7FD60</data>
          </containerEntry>
          <containerEntry key="StaticModelArray0007">
            <data>0x2D7D4B0</data>
          </containerEntry>
          <containerEntry key="StaticModelArray0008">
            <data>0x2F01120</data>
          </containerEntry>
          <containerEntry key="StaticModelArray0009">
            <data>0x2F01190</data>
          </containerEntry>
          <containerEntry key="TexturePackLoadConditioner0000">
            <data>0x2F02000</data>
          </containerEntry>
        </property>
      </staticProperties>
      <dynamicProperties></dynamicProperties>
    </entity>
    <entity class="StaticModel" classVersion="9" classID="0x160" addr="0x2D77080" id="0x1773CC2">
      <staticProperties>
        <property name="name" type="String" container="StaticArray" arraySize="1">
          <containerEntry>mafr_rock001_vrtn001_0000</containerEntry>
        </property>
        <property name="dataSet" type="EntityHandle" container="StaticArray" arraySize="1">
          <containerEntry>0x2D7F890</containerEntry>
        </property>
        <property name="parent" type="EntityHandle" container="StaticArray" arraySize="1">
          <containerEntry>0x0</containerEntry>
        </property>
        <property name="transform" type="EntityPtr" container="StaticArray" arraySize="1">
          <containerEntry>0x2D770F0</containerEntry>
        </property>
        <property name="shearTransform" type="EntityPtr" container="StaticArray" arraySize="1">
          <containerEntry>0x0</containerEntry>
        </property>
        <property name="pivotTransform" type="EntityPtr" container="StaticArray" arraySize="1">
          <containerEntry>0x0</containerEntry>
        </property>
        <property name="children" type="EntityHandle" container="List"></property>
        <property name="flags" type="UInt32" container="StaticArray" arraySize="1">
          <containerEntry>3221225479</containerEntry>
        </property>
        <property name="modelFile" type="FilePtr" container="StaticArray" arraySize="1">
          <containerEntry>/Assets/tpp/environ/object/middle_africa/rock/mafr_rock001/scenes/mafr_rock001_vrtn001.fmdl</containerEntry>
        </property>
        <property name="geomFile" type="FilePtr" container="StaticArray" arraySize="1">
          <containerEntry>/Assets/tpp/environ/object/middle_africa/rock/mafr_rock001/scenes/mafr_rock001_vrtn001.geom</containerEntry>
        </property>
        <property name="isVisibleGeom" type="Bool" container="StaticArray" arraySize="1">
          <containerEntry>false</containerEntry>
        </property>
        <property name="isIsolated" type="Bool" container="StaticArray" arraySize="1">
          <containerEntry>false</containerEntry>
        </property>
        <property name="lodFarSize" type="Float" container="StaticArray" arraySize="1">
          <containerEntry>-1</containerEntry>
        </property>
        <property name="lodNearSize" type="Float" container="StaticArray" arraySize="1">
          <containerEntry>-1</containerEntry>
        </property>
        <property name="lodPolygonSize" type="Float" container="StaticArray" arraySize="1">
          <containerEntry>-1</containerEntry>
        </property>
        <property name="color" type="Color" container="StaticArray" arraySize="1">
          <containerEntry r="1" g="1" b="1" a="1"></containerEntry>
        </property>
        <property name="drawRejectionLevel" type="Int32" container="StaticArray" arraySize="1">
          <containerEntry>8</containerEntry>
        </property>
        <property name="drawMode" type="Int32" container="StaticArray" arraySize="1">
          <containerEntry>0</containerEntry>
        </property>
        <property name="rejectFarRangeShadowCast" type="Int32" container="StaticArray" arraySize="1">
          <containerEntry>2</containerEntry>
        </property>
      </staticProperties>
      <dynamicProperties></dynamicProperties>
    </entity>
    <entity class="TransformEntity" classVersion="0" classID="0x50" addr="0x2D770F0" id="0x1773CC5">
      <staticProperties>
        <property name="owner" type="EntityHandle" container="StaticArray" arraySize="1">
          <containerEntry>0x2D77080</containerEntry>
        </property>
        <property name="transform_scale" type="Vector3" container="StaticArray" arraySize="1">
          <containerEntry x="0.75" y="0.75" z="0.75" w="0"></containerEntry>
        </property>
        <property name="transform_rotation_quat" type="Quat" container="StaticArray" arraySize="1">
          <containerEntry x="0" y="-0.560108" z="0" w="0.828419"></containerEntry>
        </property>
        <property name="transform_translation" type="Vector3" container="StaticArray" arraySize="1">
          <containerEntry x="2411.605" y="-5.480365" z="1305.5035" w="0"></containerEntry>
        </property>
      </staticProperties>
      <dynamicProperties></dynamicProperties>
    </entity>
    <entity class="LevelingTerrain" classVersion="0" classID="0x110" addr="0x2D7C870" id="0x1773E97">
      <staticProperties>
        <property name="name" type="String" container="StaticArray" arraySize="1">
          <containerEntry>LevelingTerrain0000</containerEntry>
        </property>
        <property name="dataSet" type="EntityHandle" container="StaticArray" arraySize="1">
          <containerEntry>0x2D7F890</containerEntry>
        </property>
        <property name="parent" type="EntityHandle" container="StaticArray" arraySize="1">
          <containerEntry>0x0</containerEntry>
        </property>
        <property name="transform" type="EntityPtr" container="StaticArray" arraySize="1">
          <containerEntry>0x2D7C8E0</containerEntry>
        </property>
        <property name="shearTransform" type="EntityPtr" container="StaticArray" arraySize="1">
          <containerEntry>0x0</containerEntry>
        </property>
        <property name="pivotTransform" type="EntityPtr" container="StaticArray" arraySize="1">
          <containerEntry>0x0</containerEntry>
        </property>
        <property name="children" type="EntityHandle" container="List"></property>
        <property name="flags" type="UInt32" container="StaticArray" arraySize="1">
          <containerEntry>7</containerEntry>
        </property>
        <property name="type" type="Int32" container="StaticArray" arraySize="1">
          <containerEntry>0</containerEntry>
        </property>
        <property name="radius" type="Int32" container="StaticArray" arraySize="1">
          <containerEntry>0</containerEntry>
        </property>
        <property name="mixAreaRadius" type="UInt32" container="StaticArray" arraySize="1">
          <containerEntry>5</containerEntry>
        </property>
      </staticProperties>
      <dynamicProperties></dynamicProperties>
    </entity>
    <entity class="TransformEntity" classVersion="0" classID="0x50" addr="0x2D7C8E0" id="0x1773E9A">
      <staticProperties>
        <property name="owner" type="EntityHandle" container="StaticArray" arraySize="1">
          <containerEntry>0x2D7C870</containerEntry>
        </property>
        <property name="transform_scale" type="Vector3" container="StaticArray" arraySize="1">
          <containerEntry x="1" y="1" z="1" w="0"></containerEntry>
        </property>
        <property name="transform_rotation_quat" type="Quat" container="StaticArray" arraySize="1">
          <containerEntry x="0" y="0" z="0" w="1"></containerEntry>
        </property>
        <property name="transform_translation" type="Vector3" container="StaticArray" arraySize="1">
          <containerEntry x="0" y="0" z="0" w="0"></containerEntry>
        </property>
      </staticProperties>
      <dynamicProperties></dynamicProperties>
    </entity>
    <entity class="StaticModel" classVersion="9" classID="0x160" addr="0x2D7CAA0" id="0x1773EA3">
      <staticProperties>
        <property name="name" type="String" container="StaticArray" arraySize="1">
          <containerEntry>mafr_clff004_grnd001_0000</containerEntry>
        </property>
        <property name="dataSet" type="EntityHandle" container="StaticArray" arraySize="1">
          <containerEntry>0x2D7F890</containerEntry>
        </property>
        <property name="parent" type="EntityHandle" container="StaticArray" arraySize="1">
          <containerEntry>0x0</containerEntry>
        </property>
        <property name="transform" type="EntityPtr" container="StaticArray" arraySize="1">
          <containerEntry>0x2D7CB10</containerEntry>
        </property>
        <property name="shearTransform" type="EntityPtr" container="StaticArray" arraySize="1">
          <containerEntry>0x0</containerEntry>
        </property>
        <property name="pivotTransform" type="EntityPtr" container="StaticArray" arraySize="1">
          <containerEntry>0x0</containerEntry>
        </property>
        <property name="children" type="EntityHandle" container="List"></property>
        <property name="flags" type="UInt32" container="StaticArray" arraySize="1">
          <containerEntry>7</containerEntry>
        </property>
        <property name="modelFile" type="FilePtr" container="StaticArray" arraySize="1">
          <containerEntry>/Assets/tpp/environ/object/middle_africa/cliff/mafr_clff004/scenes/mafr_clff004_grnd001.fmdl</containerEntry>
        </property>
        <property name="geomFile" type="FilePtr" container="StaticArray" arraySize="1">
          <containerEntry>/Assets/tpp/environ/object/middle_africa/cliff/mafr_clff004/scenes/mafr_clff004_grnd001.geom</containerEntry>
        </property>
        <property name="isVisibleGeom" type="Bool" container="StaticArray" arraySize="1">
          <containerEntry>false</containerEntry>
        </property>
        <property name="isIsolated" type="Bool" container="StaticArray" arraySize="1">
          <containerEntry>false</containerEntry>
        </property>
        <property name="lodFarSize" type="Float" container="StaticArray" arraySize="1">
          <containerEntry>-1</containerEntry>
        </property>
        <property name="lodNearSize" type="Float" container="StaticArray" arraySize="1">
          <containerEntry>-1</containerEntry>
        </property>
        <property name="lodPolygonSize" type="Float" container="StaticArray" arraySize="1">
          <containerEntry>-1</containerEntry>
        </property>
        <property name="color" type="Color" container="StaticArray" arraySize="1">
          <containerEntry r="1" g="1" b="1" a="1"></containerEntry>
        </property>
        <property name="drawRejectionLevel" type="Int32" container="StaticArray" arraySize="1">
          <containerEntry>8</containerEntry>
        </property>
        <property name="drawMode" type="Int32" container="StaticArray" arraySize="1">
          <containerEntry>0</containerEntry>
        </property>
        <property name="rejectFarRangeShadowCast" type="Int32" container="StaticArray" arraySize="1">
          <containerEntry>2</containerEntry>
        </property>
      </staticProperties>
      <dynamicProperties></dynamicProperties>
    </entity>
    <entity class="TransformEntity" classVersion="0" classID="0x50" addr="0x2D7CB10" id="0x1773EA6">
      <staticProperties>
        <property name="owner" type="EntityHandle" container="StaticArray" arraySize="1">
          <containerEntry>0x2D7CAA0</containerEntry>
        </property>
        <property name="transform_scale" type="Vector3" container="StaticArray" arraySize="1">
          <containerEntry x="1" y="1" z="1" w="0"></containerEntry>
        </property>
        <property name="transform_rotation_quat" type="Quat" container="StaticArray" arraySize="1">
          <containerEntry x="-0.132893" y="-0.002433" z="0.018145" w="0.990961"></containerEntry>
        </property>
        <property name="transform_translation" type="Vector3" container="StaticArray" arraySize="1">
          <containerEntry x="2415.135" y="-8.277717" z="1328.9855" w="0"></containerEntry>
        </property>
      </staticProperties>
      <dynamicProperties></dynamicProperties>
    </entity>
    <entity class="StaticModelArray" classVersion="4" classID="0xD0" addr="0x2F01BA0" id="0x0">
      <staticProperties>
        <property name="name" type="String" container="StaticArray" arraySize="1">
          <containerEntry>StaticModelArray0000</containerEntry>
        </property>
        <property name="dataSet" type="EntityHandle" container="StaticArray" arraySize="1">
          <containerEntry>0x2D7F890</containerEntry>
        </property>
        <property name="modelFile" type="FilePtr" container="StaticArray" arraySize="1">
          <containerEntry>/Assets/tpp/environ/object/middle_africa/rock/mafr_rock002/scenes/mafr_rock002.fmdl</containerEntry>
        </property>
        <property name="geomFile" type="FilePtr" container="StaticArray" arraySize="1">
          <containerEntry>/Assets/tpp/environ/object/middle_africa/rock/mafr_rock002/scenes/mafr_rock002.geom</containerEntry>
        </property>
        <property name="isVisibleGeom" type="Bool" container="StaticArray" arraySize="1">
          <containerEntry>false</containerEntry>
        </property>
        <property name="lodFarSize" type="Float" container="StaticArray" arraySize="1">
          <containerEntry>-1</containerEntry>
        </property>
        <property name="lodNearSize" type="Float" container="StaticArray" arraySize="1">
          <containerEntry>-1</containerEntry>
        </property>
        <property name="lodPolygonSize" type="Float" container="StaticArray" arraySize="1">
          <containerEntry>-1</containerEntry>
        </property>
        <property name="drawRejectionLevel" type="Int32" container="StaticArray" arraySize="1">
          <containerEntry>8</containerEntry>
        </property>
        <property name="drawMode" type="Int32" container="StaticArray" arraySize="1">
          <containerEntry>0</containerEntry>
        </property>
        <property name="rejectFarRangeShadowCast" type="Int32" container="StaticArray" arraySize="1">
          <containerEntry>2</containerEntry>
        </property>
        <property name="parentLocator" type="EntityLink" container="StaticArray" arraySize="1">
          <containerEntry packagePathHash="0xB8A0BF169F98" archivePathHash="0xB8A0BF169F98" nameInArchiveHash="0xB8A0BF169F98">0x0</containerEntry>
        </property>
        <property name="transforms" type="Matrix4" container="DynamicArray" arraySize="18">
          <containerEntry r11="-0.44026634" r12="0.023867298" r13="-0.89754665" r14="0" r21="-0.029214624" r22="0.99873656" r23="0.04088853" r24="0" r31="0.89738846" r32="0.044223387" r33="-0.43901277" r34="0" r41="2328.458" r42="-9.444518" r43="1303.424" r44="1"></containerEntry>
          <containerEntry r11="-0.7780741" r12="0.023867868" r13="-0.6277116" r14="0" r21="-0.009216748" r22="0.9987365" r23="0.049400084" r24="0" r31="0.6280976" r32="0.04422252" r33="-0.776871" r34="0" r41="2315.62" r42="-9.697734" r43="1353.1829" r44="1"></containerEntry>
          <containerEntry r11="-0.33304477" r12="0.023867264" r13="0.9426054" r14="0" r21="0.049651545" r22="0.99873656" r23="-0.007745398" r24="0" r31="-0.94159937" r32="0.044222288" r33="-0.33380905" r34="0" r41="2313.0935" r42="-9.376395" r43="1351.3751" r44="1"></containerEntry>
          <containerEntry r11="-0.17866217" r12="0.023867775" r13="-0.9836177" r14="0" r21="-0.039262608" r22="0.9987365" r23="0.03136623" r24="0" r31="0.9831236" r32="0.044223428" r33="-0.1774993" r34="0" r41="2321.9365" r42="-11.287603" r43="1361.0293" r44="1"></containerEntry>
          <containerEntry r11="0.20558108" r12="0.02386821" r13="-0.978347" r14="0" r21="-0.048194353" r22="0.99873644" r23="0.014238511" r24="0" r31="0.97745067" r32="0.044223625" r33="0.20647162" r34="0" r41="2319.3008" r42="-9.69955" r43="1370.2744" r44="1"></containerEntry>
          <containerEntry r11="-0.5645597" r12="0.023867931" r13="-0.82504064" r14="0" r21="-0.023040455" r22="0.99873656" r23="0.044658992" r24="0" r31="0.8250641" r32="0.044222165" r33="-0.5632965" r34="0" r41="2346.7175" r42="-10.731072" r43="1337.7567" r44="1"></containerEntry>
          <containerEntry r11="-0.07582405" r12="0.0238667" r13="0.99683183" r14="0" r21="0.045915827" r22="0.9987366" r23="-0.020419607" r24="0" r31="-0.9960597" r32="0.0442221" r33="-0.07682409" r34="0" r41="2360.1565" r42="-8.159049" r43="1344.9083" r44="1"></containerEntry>
          <containerEntry r11="0.11674709" r12="0.023867056" r13="-0.9928721" r14="0" r21="-0.04671583" r22="0.9987366" r23="0.018514954" r24="0" r31="0.9920596" r32="0.044221327" r33="0.117714584" r34="0" r41="2362.2976" r42="-7.812881" r43="1342.4204" r44="1"></containerEntry>
          <containerEntry r11="0.8020881" r12="0.16395274" r13="-0.5742556" r14="0" r21="-0.059712995" r22="0.97877586" r23="0.1960411" r24="0" r31="0.5942091" r32="-0.12295159" r33="0.7948546" r34="0" r41="2314.1628" r42="-7.669139" r43="1294.1907" r44="1"></containerEntry>
          <containerEntry r11="-0.8884396" r12="0.04210359" r13="0.4570479" r14="0" r21="0.09616949" r22="0.99075645" r23="0.095671766" r24="0" r31="-0.448795" r32="0.12895297" r33="-0.8842763" r34="0" r41="2318.2654" r42="-5.714515" r43="1287.069" r44="1"></containerEntry>
          <containerEntry r11="-0.4092039" r12="0.023867402" r13="-0.91212475" r14="0" r21="-0.030599844" r22="0.99873656" r23="0.039861698" r24="0" r31="0.91192377" r32="0.04422264" r33="-0.40795654" r34="0" r41="2325.6777" r42="-12.157581" r43="1345.8672" r44="1"></containerEntry>
          <containerEntry r11="-0.49874854" r12="-0.029802755" r13="-0.86623186" r14="0" r21="-0.048099168" r22="0.9988203" r23="-0.006670505" r24="0" r31="0.8654087" r32="0.038338125" r33="-0.49959362" r34="0" r41="2309.638" r42="-8.114074" r43="1349.5918" r44="1"></containerEntry>
          <containerEntry r11="0.9375634" r12="0.023867965" r13="0.34698823" r14="0" r21="-0.0070091886" r22="0.9987366" r23="-0.04976025" r24="0" r31="-0.34773752" r32="0.04422128" r33="0.9365462" r34="0" r41="2347.1348" r42="-10.408831" r43="1322.3132" r44="1"></containerEntry>
          <containerEntry r11="0.31690356" r12="0.023866728" r13="0.9481544" r14="0" r21="0.034394424" r22="0.9987366" r23="-0.03663561" r24="0" r31="-0.94783086" r32="0.04422119" r33="0.31568232" r34="0" r41="2350.727" r42="-9.234647" r43="1318.4187" r44="1"></containerEntry>
          <containerEntry r11="-0.6072475" r12="0.023867043" r13="0.79414874" r14="0" r21="0.049621455" r22="0.9987366" r23="0.007927636" r24="0" r31="-0.7929562" r32="0.04422093" r33="-0.6076646" r34="0" r41="2417.1047" r42="-4.228875" r43="1286.9618" r44="1"></containerEntry>
          <containerEntry r11="0.8999666" r12="0.023867024" r13="0.43530023" r14="0" r21="-0.0022031702" r22="0.99873656" r23="-0.050204616" r24="0" r31="-0.4359485" r32="0.04422344" r33="0.8988821" r34="0" r41="2343.8682" r42="-8.452304" r43="1303.424" r44="1"></containerEntry>
          <containerEntry r11="-0.9818958" r12="0.023868715" r13="-0.18788297" r14="0" r21="0.015107052" r22="0.9987365" r23="0.047928445" r24="0" r31="0.18878959" r32="0.04422254" r33="-0.9810158" r34="0" r41="2424.4092" r42="-7.442064" r43="1393.6042" r44="1"></containerEntry>
          <containerEntry r11="0.13804004" r12="0.023866918" r13="-0.99013656" r14="0" r21="-0.047104932" r22="0.9987365" r23="0.017507086" r24="0" r31="0.9893034" r32="0.044223666" r33="0.13898988" r34="0" r41="2368.2188" r42="-6.844388" r43="1287.8137" r44="1"></containerEntry>
        </property>
        <property name="colors" type="UInt32" container="DynamicArray" arraySize="18">
          <containerEntry>4294967295</containerEntry>
          <containerEntry>4294967295</containerEntry>
          <containerEntry>4294967295</containerEntry>
          <containerEntry>4294967295</containerEntry>
          <containerEntry>4294967295</containerEntry>
          <containerEntry>4294967295</containerEntry>
          <containerEntry>4294967295</containerEntry>
          <containerEntry>4294967295</containerEntry>
          <containerEntry>4294967295</containerEntry>
          <containerEntry>4294967295</containerEntry>
          <containerEntry>4294967295</containerEntry>
          <containerEntry>4294967295</containerEntry>
          <containerEntry>4294967295</containerEntry>
          <containerEntry>4294967295</containerEntry>
          <containerEntry>4294967295</containerEntry>
          <containerEntry>4294967295</containerEntry>
          <containerEntry>4294967295</containerEntry>
          <containerEntry>4294967295</containerEntry>
        </property>
      </staticProperties>
      <dynamicProperties></dynamicProperties>
    </entity>
    <entity class="StaticModelArray" classVersion="4" classID="0xD0" addr="0x2F01C10" id="0x0">
      <staticProperties>
        <property name="name" type="String" container="StaticArray" arraySize="1">
          <containerEntry>StaticModelArray0001</containerEntry>
        </property>
        <property name="dataSet" type="EntityHandle" container="StaticArray" arraySize="1">
          <containerEntry>0x2D7F890</containerEntry>
        </property>
        <property name="modelFile" type="FilePtr" container="StaticArray" arraySize="1">
          <containerEntry>/Assets/tpp/environ/object/middle_africa/cliff/mafr_clff004/scenes/mafr_clff004.fmdl</containerEntry>
        </property>
        <property name="geomFile" type="FilePtr" container="StaticArray" arraySize="1">
          <containerEntry>/Assets/tpp/environ/object/middle_africa/cliff/mafr_clff004/scenes/mafr_clff004.geom</containerEntry>
        </property>
        <property name="isVisibleGeom" type="Bool" container="StaticArray" arraySize="1">
          <containerEntry>false</containerEntry>
        </property>
        <property name="lodFarSize" type="Float" container="StaticArray" arraySize="1">
          <containerEntry>-1</containerEntry>
        </property>
        <property name="lodNearSize" type="Float" container="StaticArray" arraySize="1">
          <containerEntry>-1</containerEntry>
        </property>
        <property name="lodPolygonSize" type="Float" container="StaticArray" arraySize="1">
          <containerEntry>-1</containerEntry>
        </property>
        <property name="drawRejectionLevel" type="Int32" container="StaticArray" arraySize="1">
          <containerEntry>8</containerEntry>
        </property>
        <property name="drawMode" type="Int32" container="StaticArray" arraySize="1">
          <containerEntry>0</containerEntry>
        </property>
        <property name="rejectFarRangeShadowCast" type="Int32" container="StaticArray" arraySize="1">
          <containerEntry>2</containerEntry>
        </property>
        <property name="parentLocator" type="EntityLink" container="StaticArray" arraySize="1">
          <containerEntry packagePathHash="0xB8A0BF169F98" archivePathHash="0xB8A0BF169F98" nameInArchiveHash="0xB8A0BF169F98">0x0</containerEntry>
        </property>
        <property name="transforms" type="Matrix4" container="DynamicArray" arraySize="3">
          <containerEntry r11="0.095855884" r12="0.06372274" r13="0.99335283" r14="0" r21="0.2733549" r22="0.95789546" r23="-0.08782598" r24="0" r31="-0.95712465" r32="0.2799566" r33="0.07440102" r34="0" r41="2407.5845" r42="-5.716653" r43="1291.086" r44="1"></containerEntry>
          <containerEntry r11="0.45498008" r12="0.0044839233" r13="0.89049006" r14="0" r21="0.2562459" r22="0.9570328" r23="-0.13574314" r24="0" r31="-0.85283685" r32="0.28994492" r33="0.4342819" r34="0" r41="2408.322" r42="-5.419953" r43="1303.0723" r44="1"></containerEntry>
          <containerEntry r11="0.9958627" r12="0.0044842586" r13="0.09075995" r14="0" r21="0.022041937" r22="0.9570331" r23="-0.2891395" r24="0" r31="-0.08815685" r32="0.28994375" r33="0.95297474" r34="0" r41="2419.364" r42="-5.419953" r43="1310.1139" r44="1"></containerEntry>
        </property>
        <property name="colors" type="UInt32" container="DynamicArray" arraySize="3">
          <containerEntry>4294967295</containerEntry>
          <containerEntry>4294967295</containerEntry>
          <containerEntry>4294967295</containerEntry>
        </property>
      </staticProperties>
      <dynamicProperties></dynamicProperties>
    </entity>
    <entity class="StaticModelArray" classVersion="4" classID="0xD0" addr="0x2F01C80" id="0x0">
      <staticProperties>
        <property name="name" type="String" container="StaticArray" arraySize="1">
          <containerEntry>StaticModelArray0002</containerEntry>
        </property>
        <property name="dataSet" type="EntityHandle" container="StaticArray" arraySize="1">
          <containerEntry>0x2D7F890</containerEntry>
        </property>
        <property name="modelFile" type="FilePtr" container="StaticArray" arraySize="1">
          <containerEntry>/Assets/tpp/environ/object/middle_africa/rock/mafr_rock010/scenes/mafr_rock010.fmdl</containerEntry>
        </property>
        <property name="geomFile" type="FilePtr" container="StaticArray" arraySize="1">
          <containerEntry>/Assets/tpp/environ/object/middle_africa/rock/mafr_rock010/scenes/mafr_rock010.geom</containerEntry>
        </property>
        <property name="isVisibleGeom" type="Bool" container="StaticArray" arraySize="1">
          <containerEntry>false</containerEntry>
        </property>
        <property name="lodFarSize" type="Float" container="StaticArray" arraySize="1">
          <containerEntry>-1</containerEntry>
        </property>
        <property name="lodNearSize" type="Float" container="StaticArray" arraySize="1">
          <containerEntry>-1</containerEntry>
        </property>
        <property name="lodPolygonSize" type="Float" container="StaticArray" arraySize="1">
          <containerEntry>-1</containerEntry>
        </property>
        <property name="drawRejectionLevel" type="Int32" container="StaticArray" arraySize="1">
          <containerEntry>8</containerEntry>
        </property>
        <property name="drawMode" type="Int32" container="StaticArray" arraySize="1">
          <containerEntry>0</containerEntry>
        </property>
        <property name="rejectFarRangeShadowCast" type="Int32" container="StaticArray" arraySize="1">
          <containerEntry>2</containerEntry>
        </property>
        <property name="parentLocator" type="EntityLink" container="StaticArray" arraySize="1">
          <containerEntry packagePathHash="0xB8A0BF169F98" archivePathHash="0xB8A0BF169F98" nameInArchiveHash="0xB8A0BF169F98">0x0</containerEntry>
        </property>
        <property name="transforms" type="Matrix4" container="DynamicArray" arraySize="6">
          <containerEntry r11="0.99581045" r12="-0.07449842" r13="0.05302382" r14="0" r21="0.08254192" r22="0.9818685" r23="-0.17064878" r24="0" r31="-0.039349344" r32="0.17431054" r33="0.9839042" r34="0" r41="2360.3108" r42="-11.926643" r43="1369.9764" r44="1"></containerEntry>
          <containerEntry r11="0.7534624" r12="-0.022769898" r13="0.65709627" r14="0" r21="0.036309943" r22="0.99931604" r23="-0.007006339" r24="0" r31="-0.65648735" r32="0.029138159" r33="0.7537738" r34="0" r41="2422.8406" r42="-8.658122" r43="1403.6222" r44="1"></containerEntry>
          <containerEntry r11="0.109612495" r12="-0.022770941" r13="0.9937121" r14="0" r21="0.03146569" r22="0.99931604" r23="0.01942851" r24="0" r31="-0.9934748" r32="0.029138308" r33="0.11025405" r34="0" r41="2419.4836" r42="-9.42195" r43="1401.955" r44="1"></containerEntry>
          <containerEntry r11="0.99581045" r12="-0.07449842" r13="0.05302382" r14="0" r21="0.08254192" r22="0.9818685" r23="-0.17064878" r24="0" r31="-0.039349344" r32="0.17431054" r33="0.9839042" r34="0" r41="2356.5203" r42="-13.740223" r43="1394.3779" r44="1"></containerEntry>
          <containerEntry r11="-0.64445955" r12="0.031981006" r13="-0.763969" r14="0" r21="-0.32831597" r22="0.8907628" r23="0.31424558" r24="0" r31="0.69056505" r32="0.4533419" r33="-0.56356066" r34="0" r41="2371.8044" r42="-13.218154" r43="1393.2388" r44="1"></containerEntry>
          <containerEntry r11="-0.023845792" r12="-0.030893981" r13="0.99923706" r14="0" r21="0.48059386" r22="0.8760952" r23="0.038556114" r24="0" r31="-0.8766178" r32="0.48114717" r33="-0.0060435534" r34="0" r41="2323.379" r42="-11.535847" r43="1377.6492" r44="1"></containerEntry>
        </property>
        <property name="colors" type="UInt32" container="DynamicArray" arraySize="6">
          <containerEntry>4294967295</containerEntry>
          <containerEntry>4294967295</containerEntry>
          <containerEntry>4294967295</containerEntry>
          <containerEntry>4294967295</containerEntry>
          <containerEntry>4294967295</containerEntry>
          <containerEntry>4294967295</containerEntry>
        </property>
      </staticProperties>
      <dynamicProperties></dynamicProperties>
    </entity>
    <entity class="StaticModelArray" classVersion="4" classID="0xD0" addr="0x2F01CF0" id="0x0">
      <staticProperties>
        <property name="name" type="String" container="StaticArray" arraySize="1">
          <containerEntry>StaticModelArray0003</containerEntry>
        </property>
        <property name="dataSet" type="EntityHandle" container="StaticArray" arraySize="1">
          <containerEntry>0x2D7F890</containerEntry>
        </property>
        <property name="modelFile" type="FilePtr" container="StaticArray" arraySize="1">
          <containerEntry>/Assets/tpp/environ/object/middle_africa/rock/mafr_rock001/scenes/mafr_rock001.fmdl</containerEntry>
        </property>
        <property name="geomFile" type="FilePtr" container="StaticArray" arraySize="1">
          <containerEntry>/Assets/tpp/environ/object/middle_africa/rock/mafr_rock001/scenes/mafr_rock001.geom</containerEntry>
        </property>
        <property name="isVisibleGeom" type="Bool" container="StaticArray" arraySize="1">
          <containerEntry>false</containerEntry>
        </property>
        <property name="lodFarSize" type="Float" container="StaticArray" arraySize="1">
          <containerEntry>-1</containerEntry>
        </property>
        <property name="lodNearSize" type="Float" container="StaticArray" arraySize="1">
          <containerEntry>-1</containerEntry>
        </property>
        <property name="lodPolygonSize" type="Float" container="StaticArray" arraySize="1">
          <containerEntry>-1</containerEntry>
        </property>
        <property name="drawRejectionLevel" type="Int32" container="StaticArray" arraySize="1">
          <containerEntry>8</containerEntry>
        </property>
        <property name="drawMode" type="Int32" container="StaticArray" arraySize="1">
          <containerEntry>0</containerEntry>
        </property>
        <property name="rejectFarRangeShadowCast" type="Int32" container="StaticArray" arraySize="1">
          <containerEntry>2</containerEntry>
        </property>
        <property name="parentLocator" type="EntityLink" container="StaticArray" arraySize="1">
          <containerEntry packagePathHash="0xB8A0BF169F98" archivePathHash="0xB8A0BF169F98" nameInArchiveHash="0xB8A0BF169F98">0x0</containerEntry>
        </property>
        <property name="transforms" type="Matrix4" container="DynamicArray" arraySize="5">
          <containerEntry r11="0.037507832" r12="0" r13="-0.9992967" r14="0" r21="0" r22="1" r23="0" r24="0" r31="0.9992967" r32="0" r33="0.037507832" r34="0" r41="2416.2207" r42="-4.551094" r43="1310.2444" r44="1"></containerEntry>
          <containerEntry r11="0.50295365" r12="0" r13="-0.8643137" r14="0" r21="0" r22="1" r23="0" r24="0" r31="0.8643137" r32="0" r33="0.50295365" r34="0" r41="2411.7988" r42="-5.087353" r43="1288.9088" r44="1"></containerEntry>
          <containerEntry r11="0.7023121" r12="0" r13="0.71186984" r14="0" r21="0" r22="1" r23="0" r24="0" r31="-0.71186984" r32="0" r33="0.7023121" r34="0" r41="2406.7585" r42="-5.087353" r43="1293.4471" r44="1"></containerEntry>
          <containerEntry r11="0.68939185" r12="0" r13="-0.29536256" r14="0" r21="0" r22="0.75" r23="0" r24="0" r31="0.29536256" r32="0" r33="0.68939185" r34="0" r41="2406.7585" r42="-5.360929" r43="1298.0464" r44="1"></containerEntry>
          <containerEntry r11="0.74832284" r12="0" r13="0.05012901" r14="0" r21="0" r22="0.75" r23="0" r24="0" r31="-0.05012901" r32="0" r33="0.74832284" r34="0" r41="2412.6272" r42="-5.099059" r43="1291.088" r44="1"></containerEntry>
        </property>
        <property name="colors" type="UInt32" container="DynamicArray" arraySize="5">
          <containerEntry>4294967295</containerEntry>
          <containerEntry>4294967295</containerEntry>
          <containerEntry>4294967295</containerEntry>
          <containerEntry>4294967295</containerEntry>
          <containerEntry>4294967295</containerEntry>
        </property>
      </staticProperties>
      <dynamicProperties></dynamicProperties>
    </entity>
    <entity class="StaticModelArray" classVersion="4" classID="0xD0" addr="0x2F01D60" id="0x0">
      <staticProperties>
        <property name="name" type="String" container="StaticArray" arraySize="1">
          <containerEntry>StaticModelArray0004</containerEntry>
        </property>
        <property name="dataSet" type="EntityHandle" container="StaticArray" arraySize="1">
          <containerEntry>0x2D7F890</containerEntry>
        </property>
        <property name="modelFile" type="FilePtr" container="StaticArray" arraySize="1">
          <containerEntry>/Assets/tpp/environ/object/middle_africa/mud/mafr_mudd003/scenes/mafr_mudd003_grnd001.fmdl</containerEntry>
        </property>
        <property name="geomFile" type="FilePtr" container="StaticArray" arraySize="1">
          <containerEntry>/Assets/tpp/environ/object/middle_africa/mud/mafr_mudd003/scenes/mafr_mudd003_grnd001.geom</containerEntry>
        </property>
        <property name="isVisibleGeom" type="Bool" container="StaticArray" arraySize="1">
          <containerEntry>false</containerEntry>
        </property>
        <property name="lodFarSize" type="Float" container="StaticArray" arraySize="1">
          <containerEntry>-1</containerEntry>
        </property>
        <property name="lodNearSize" type="Float" container="StaticArray" arraySize="1">
          <containerEntry>-1</containerEntry>
        </property>
        <property name="lodPolygonSize" type="Float" container="StaticArray" arraySize="1">
          <containerEntry>-1</containerEntry>
        </property>
        <property name="drawRejectionLevel" type="Int32" container="StaticArray" arraySize="1">
          <containerEntry>8</containerEntry>
        </property>
        <property name="drawMode" type="Int32" container="StaticArray" arraySize="1">
          <containerEntry>0</containerEntry>
        </property>
        <property name="rejectFarRangeShadowCast" type="Int32" container="StaticArray" arraySize="1">
          <containerEntry>2</containerEntry>
        </property>
        <property name="parentLocator" type="EntityLink" container="StaticArray" arraySize="1">
          <containerEntry packagePathHash="0xB8A0BF169F98" archivePathHash="0xB8A0BF169F98" nameInArchiveHash="0xB8A0BF169F98">0x0</containerEntry>
        </property>
        <property name="transforms" type="Matrix4" container="DynamicArray" arraySize="2">
          <containerEntry r11="-0.12942028" r12="0" r13="-0.99158984" r14="0" r21="0" r22="1" r23="0" r24="0" r31="0.99158984" r32="0" r33="-0.12942028" r34="0" r41="2338.6658" r42="-12.136317" r43="1333.0013" r44="1"></containerEntry>
          <containerEntry r11="-0.79429233" r12="0" r13="-0.6075351" r14="0" r21="0" r22="1" r23="0" r24="0" r31="0.6075351" r32="0" r33="-0.79429233" r34="0" r41="2365.5754" r42="-12.136317" r43="1385.0369" r44="1"></containerEntry>
        </property>
        <property name="colors" type="UInt32" container="DynamicArray" arraySize="2">
          <containerEntry>4294967295</containerEntry>
          <containerEntry>4294967295</containerEntry>
        </property>
      </staticProperties>
      <dynamicProperties></dynamicProperties>
    </entity>
    <entity class="StaticModelArray" classVersion="4" classID="0xD0" addr="0x2F01DD0" id="0x0">
      <staticProperties>
        <property name="name" type="String" container="StaticArray" arraySize="1">
          <containerEntry>StaticModelArray0005</containerEntry>
        </property>
        <property name="dataSet" type="EntityHandle" container="StaticArray" arraySize="1">
          <containerEntry>0x2D7F890</containerEntry>
        </property>
        <property name="modelFile" type="FilePtr" container="StaticArray" arraySize="1">
          <containerEntry>/Assets/tpp/environ/object/middle_africa/mud/mafr_mudd003/scenes/mafr_mudd003_rock001.fmdl</containerEntry>
        </property>
        <property name="geomFile" type="FilePtr" container="StaticArray" arraySize="1">
          <containerEntry>/Assets/tpp/environ/object/middle_africa/mud/mafr_mudd003/scenes/mafr_mudd003_rock001.geom</containerEntry>
        </property>
        <property name="isVisibleGeom" type="Bool" container="StaticArray" arraySize="1">
          <containerEntry>false</containerEntry>
        </property>
        <property name="lodFarSize" type="Float" container="StaticArray" arraySize="1">
          <containerEntry>-1</containerEntry>
        </property>
        <property name="lodNearSize" type="Float" container="StaticArray" arraySize="1">
          <containerEntry>-1</containerEntry>
        </property>
        <property name="lodPolygonSize" type="Float" container="StaticArray" arraySize="1">
          <containerEntry>-1</containerEntry>
        </property>
        <property name="drawRejectionLevel" type="Int32" container="StaticArray" arraySize="1">
          <containerEntry>8</containerEntry>
        </property>
        <property name="drawMode" type="Int32" container="StaticArray" arraySize="1">
          <containerEntry>0</containerEntry>
        </property>
        <property name="rejectFarRangeShadowCast" type="Int32" container="StaticArray" arraySize="1">
          <containerEntry>2</containerEntry>
        </property>
        <property name="parentLocator" type="EntityLink" container="StaticArray" arraySize="1">
