<fox formatVersion="2" fileVersion="0">
  <entities>
    <entity class="DataSet" classVersion="0" classID="0xE8" addr="0x2F34CA0" id="0x80C7CF">
      <staticProperties>
        <property name="name" type="String" container="StaticArray" arraySize="1">
          <containerEntry hash="0xB8A0BF169F98"></containerEntry>
        </property>
        <property name="dataSet" type="EntityHandle" container="StaticArray" arraySize="1">
          <containerEntry>0x0</containerEntry>
        </property>
        <property name="dataList" type="EntityPtr" container="StringMap" arraySize="14">
          <containerEntry key="mafr_clff004_rock001_0002">
            <data>0x2F33AB0</data>
          </containerEntry>
          <containerEntry key="mafr_clff003_0000">
            <data>0x2D78900</data>
          </containerEntry>
          <containerEntry key="cm_mafr_dc_grnd004_">
            <data>0x2D79540</data>
          </containerEntry>
          <containerEntry key="mafr_brrc001_vrtn001_gim_i0000|TppSharedGimmick_mafr_brrc001_vrtn001">
            <data>0x2D79B60</data>
          </containerEntry>
          <containerEntry key="StaticModelArray0000">
            <data>0x2D7EA20</data>
          </containerEntry>
          <containerEntry key="StaticModelArray0001">
            <data>0x2D7EA90</data>
          </containerEntry>
          <containerEntry key="StaticModelArray0002">
            <data>0x2D7EB00</data>
          </containerEntry>
          <containerEntry key="StaticModelArray0003">
            <data>0x2D7EBE0</data>
          </containerEntry>
          <containerEntry key="StaticModelArray0004">
            <data>0x2D79EE0</data>
          </containerEntry>
          <containerEntry key="StaticModelArray0005">
            <data>0x2D7EB70</data>
          </containerEntry>
          <containerEntry key="StaticModelArray0006">
            <data>0x2D7E390</data>
          </containerEntry>
          <containerEntry key="StaticModelArray0007">
            <data>0x2D799A0</data>
          </containerEntry>
          <containerEntry key="DecalArray0000">
            <data>0x2D7B8B0</data>
          </containerEntry>
          <containerEntry key="TexturePackLoadConditioner0000">
            <data>0x2D7F040</data>
          </containerEntry>
        </property>
      </staticProperties>
      <dynamicProperties></dynamicProperties>
    </entity>
    <entity class="StaticModel" classVersion="9" classID="0x160" addr="0x2F33AB0" id="0x80C82E">
      <staticProperties>
        <property name="name" type="String" container="StaticArray" arraySize="1">
          <containerEntry>mafr_clff004_rock001_0002</containerEntry>
        </property>
        <property name="dataSet" type="EntityHandle" container="StaticArray" arraySize="1">
          <containerEntry>0x2F34CA0</containerEntry>
        </property>
        <property name="parent" type="EntityHandle" container="StaticArray" arraySize="1">
          <containerEntry>0x0</containerEntry>
        </property>
        <property name="transform" type="EntityPtr" container="StaticArray" arraySize="1">
          <containerEntry>0x2F33A40</containerEntry>
        </property>
        <property name="shearTransform" type="EntityPtr" container="StaticArray" arraySize="1">
          <containerEntry>0x0</containerEntry>
        </property>
        <property name="pivotTransform" type="EntityPtr" container="StaticArray" arraySize="1">
          <containerEntry>0x0</containerEntry>
        </property>
        <property name="children" type="EntityHandle" container="List"></property>
        <property name="flags" type="UInt32" container="StaticArray" arraySize="1">
          <containerEntry>3221225479</containerEntry>
        </property>
        <property name="modelFile" type="FilePtr" container="StaticArray" arraySize="1">
          <containerEntry>/Assets/tpp/environ/object/middle_africa/cliff/mafr_clff004/scenes/mafr_clff004_rock001.fmdl</containerEntry>
        </property>
        <property name="geomFile" type="FilePtr" container="StaticArray" arraySize="1">
          <containerEntry>/Assets/tpp/environ/object/middle_africa/cliff/mafr_clff004/scenes/mafr_clff004_rock001.geom</containerEntry>
        </property>
        <property name="isVisibleGeom" type="Bool" container="StaticArray" arraySize="1">
          <containerEntry>false</containerEntry>
        </property>
        <property name="isIsolated" type="Bool" container="StaticArray" arraySize="1">
          <containerEntry>false</containerEntry>
        </property>
        <property name="lodFarSize" type="Float" container="StaticArray" arraySize="1">
          <containerEntry>-1</containerEntry>
        </property>
        <property name="lodNearSize" type="Float" container="StaticArray" arraySize="1">
          <containerEntry>-1</containerEntry>
        </property>
        <property name="lodPolygonSize" type="Float" container="StaticArray" arraySize="1">
          <containerEntry>-1</containerEntry>
        </property>
        <property name="color" type="Color" container="StaticArray" arraySize="1">
          <containerEntry r="1" g="1" b="1" a="1"></containerEntry>
        </property>
        <property name="drawRejectionLevel" type="Int32" container="StaticArray" arraySize="1">
          <containerEntry>8</containerEntry>
        </property>
        <property name="drawMode" type="Int32" container="StaticArray" arraySize="1">
          <containerEntry>0</containerEntry>
        </property>
        <property name="rejectFarRangeShadowCast" type="Int32" container="StaticArray" arraySize="1">
          <containerEntry>2</containerEntry>
        </property>
      </staticProperties>
      <dynamicProperties></dynamicProperties>
    </entity>
    <entity class="TransformEntity" classVersion="0" classID="0x50" addr="0x2F33A40" id="0x80C831">
      <staticProperties>
        <property name="owner" type="EntityHandle" container="StaticArray" arraySize="1">
          <containerEntry>0x2F33AB0</containerEntry>
        </property>
        <property name="transform_scale" type="Vector3" container="StaticArray" arraySize="1">
          <containerEntry x="1" y="1" z="1" w="0"></containerEntry>
        </property>
        <property name="transform_rotation_quat" type="Quat" container="StaticArray" arraySize="1">
          <containerEntry x="0.019091" y="-0" z="0.065622" w="0.997662"></containerEntry>
        </property>
        <property name="transform_translation" type="Vector3" container="StaticArray" arraySize="1">
          <containerEntry x="1240.6017" y="146.4738" z="-1909.606" w="0"></containerEntry>
        </property>
      </staticProperties>
      <dynamicProperties></dynamicProperties>
    </entity>
    <entity class="StaticModel" classVersion="9" classID="0x160" addr="0x2D78900" id="0x80C9A4">
      <staticProperties>
        <property name="name" type="String" container="StaticArray" arraySize="1">
          <containerEntry>mafr_clff003_0000</containerEntry>
        </property>
        <property name="dataSet" type="EntityHandle" container="StaticArray" arraySize="1">
          <containerEntry>0x2F34CA0</containerEntry>
        </property>
        <property name="parent" type="EntityHandle" container="StaticArray" arraySize="1">
          <containerEntry>0x0</containerEntry>
        </property>
        <property name="transform" type="EntityPtr" container="StaticArray" arraySize="1">
          <containerEntry>0x2D78970</containerEntry>
        </property>
        <property name="shearTransform" type="EntityPtr" container="StaticArray" arraySize="1">
          <containerEntry>0x0</containerEntry>
        </property>
        <property name="pivotTransform" type="EntityPtr" container="StaticArray" arraySize="1">
          <containerEntry>0x0</containerEntry>
        </property>
        <property name="children" type="EntityHandle" container="List"></property>
        <property name="flags" type="UInt32" container="StaticArray" arraySize="1">
          <containerEntry>7</containerEntry>
        </property>
        <property name="modelFile" type="FilePtr" container="StaticArray" arraySize="1">
          <containerEntry>/Assets/tpp/environ/object/middle_africa/cliff/mafr_clff003/scenes/mafr_clff003.fmdl</containerEntry>
        </property>
        <property name="geomFile" type="FilePtr" container="StaticArray" arraySize="1">
          <containerEntry>/Assets/tpp/environ/object/middle_africa/cliff/mafr_clff003/scenes/mafr_clff003.geom</containerEntry>
        </property>
        <property name="isVisibleGeom" type="Bool" container="StaticArray" arraySize="1">
          <containerEntry>false</containerEntry>
        </property>
        <property name="isIsolated" type="Bool" container="StaticArray" arraySize="1">
          <containerEntry>false</containerEntry>
        </property>
        <property name="lodFarSize" type="Float" container="StaticArray" arraySize="1">
          <containerEntry>-1</containerEntry>
        </property>
        <property name="lodNearSize" type="Float" container="StaticArray" arraySize="1">
          <containerEntry>-1</containerEntry>
        </property>
        <property name="lodPolygonSize" type="Float" container="StaticArray" arraySize="1">
          <containerEntry>-1</containerEntry>
        </property>
        <property name="color" type="Color" container="StaticArray" arraySize="1">
          <containerEntry r="1" g="1" b="1" a="1"></containerEntry>
        </property>
        <property name="drawRejectionLevel" type="Int32" container="StaticArray" arraySize="1">
          <containerEntry>8</containerEntry>
        </property>
        <property name="drawMode" type="Int32" container="StaticArray" arraySize="1">
          <containerEntry>0</containerEntry>
        </property>
        <property name="rejectFarRangeShadowCast" type="Int32" container="StaticArray" arraySize="1">
          <containerEntry>2</containerEntry>
        </property>
      </staticProperties>
      <dynamicProperties></dynamicProperties>
    </entity>
    <entity class="TransformEntity" classVersion="0" classID="0x50" addr="0x2D78970" id="0x80C9A7">
      <staticProperties>
        <property name="owner" type="EntityHandle" container="StaticArray" arraySize="1">
          <containerEntry>0x2D78900</containerEntry>
        </property>
        <property name="transform_scale" type="Vector3" container="StaticArray" arraySize="1">
          <containerEntry x="1" y="1" z="1" w="0"></containerEntry>
        </property>
        <property name="transform_rotation_quat" type="Quat" container="StaticArray" arraySize="1">
          <containerEntry x="0" y="-0.857944" z="0" w="0.513744"></containerEntry>
        </property>
        <property name="transform_translation" type="Vector3" container="StaticArray" arraySize="1">
          <containerEntry x="1260.2083" y="163.70268" z="-1804.7047" w="0"></containerEntry>
        </property>
      </staticProperties>
      <dynamicProperties></dynamicProperties>
    </entity>
    <entity class="Material" classVersion="6" classID="0xB0" addr="0x2D79540" id="0x80C9F3">
      <staticProperties>
        <property name="name" type="String" container="StaticArray" arraySize="1">
          <containerEntry>cm_mafr_dc_grnd004_</containerEntry>
        </property>
        <property name="dataSet" type="EntityHandle" container="StaticArray" arraySize="1">
          <containerEntry>0x2F34CA0</containerEntry>
        </property>
        <property name="materialName" type="String" container="StaticArray" arraySize="1">
          <containerEntry hash="0xB8A0BF169F98"></containerEntry>
        </property>
        <property name="shader" type="Path" container="StaticArray" arraySize="1">
          <containerEntry hash="0xB8A0BF169F98"></containerEntry>
        </property>
        <property name="diffuseTexture" type="Path" container="StaticArray" arraySize="1">
          <containerEntry>/Assets/tpp/common_source/fmtr/decal/middle_africa/cm_mafr_dc_grnd004/sourceimages/cm_mafr_dc_grnd004_bsm_alp.ftex</containerEntry>
        </property>
        <property name="srmTexture" type="Path" container="StaticArray" arraySize="1">
          <containerEntry>/Assets/tpp/common_source/fmtr/decal/middle_africa/cm_mafr_dc_grnd004/sourceimages/cm_mafr_dc_grnd004_srm.ftex</containerEntry>
        </property>
        <property name="normalTexture" type="Path" container="StaticArray" arraySize="1">
          <containerEntry>/Assets/tpp/common_source/fmtr/decal/middle_africa/cm_mafr_dc_grnd004/sourceimages/cm_mafr_dc_grnd004_nrm.ftex</containerEntry>
        </property>
        <property name="materialMapTexture" type="Path" container="StaticArray" arraySize="1">
          <containerEntry hash="0xB8A0BF169F98"></containerEntry>
        </property>
        <property name="materialIndex" type="UInt8" container="StaticArray" arraySize="1">
          <containerEntry>21</containerEntry>
        </property>
        <property name="diffuseColor" type="Color" container="StaticArray" arraySize="1">
          <containerEntry r="1" g="1" b="1" a="1"></containerEntry>
        </property>
        <property name="specularColor" type="Color" container="StaticArray" arraySize="1">
          <containerEntry r="0" g="0" b="0" a="0"></containerEntry>
        </property>
        <property name="fmtrPath" type="Path" container="StaticArray" arraySize="1">
          <containerEntry hash="0xB8A0BF169F98"></containerEntry>
        </property>
        <property name="residentFlag" type="Bool" container="StaticArray" arraySize="1">
          <containerEntry>false</containerEntry>
        </property>
      </staticProperties>
      <dynamicProperties></dynamicProperties>
    </entity>
    <entity class="TppSharedGimmickData" classVersion="1" classID="0xF0" addr="0x2D79B60" id="0x630D3">
      <staticProperties>
        <property name="name" type="String" container="StaticArray" arraySize="1">
          <containerEntry>mafr_brrc001_vrtn001_gim_i0000|TppSharedGimmick_mafr_brrc001_vrtn001</containerEntry>
        </property>
        <property name="dataSet" type="EntityHandle" container="StaticArray" arraySize="1">
          <containerEntry>0x2F34CA0</containerEntry>
        </property>
        <property name="modelFile" type="FilePtr" container="StaticArray" arraySize="1">
          <containerEntry>/Assets/tpp/environ/object/middle_africa/barricade/mafr_brrc001/scenes/mafr_brrc001_vrtn011.fmdl</containerEntry>
        </property>
        <property name="geomFile" type="FilePtr" container="StaticArray" arraySize="1">
          <containerEntry>/Assets/tpp/environ/object/middle_africa/barricade/mafr_brrc001/scenes/mafr_brrc001_vrtn011.geom</containerEntry>
        </property>
        <property name="breakedModelFile" type="FilePtr" container="StaticArray" arraySize="1">
          <containerEntry hash="0xB8A0BF169F98"></containerEntry>
        </property>
        <property name="breakedGeomFile" type="FilePtr" container="StaticArray" arraySize="1">
          <containerEntry hash="0xB8A0BF169F98"></containerEntry>
        </property>
        <property name="partsFile" type="FilePtr" container="StaticArray" arraySize="1">
          <containerEntry>/Assets/tpp/parts/environ/object/middle_africa/barricade/mafr_brrc001/mafr_brrc001_vrtn010.parts</containerEntry>
        </property>
        <property name="numDynamicGimmick" type="UInt32" container="StaticArray" arraySize="1">
          <containerEntry>2</containerEntry>
        </property>
        <property name="locaterFile" type="FilePtr" container="StaticArray" arraySize="1">
          <containerEntry>/Assets/tpp/level/location/mafr/block_small/142/142_118/lba/mafr_brrc001_vrtn001.lba</containerEntry>
        </property>
        <property name="flags1" type="UInt32" container="StaticArray" arraySize="1">
          <containerEntry>258</containerEntry>
        </property>
        <property name="flags2" type="UInt32" container="StaticArray" arraySize="1">
          <containerEntry>0</containerEntry>
        </property>
      </staticProperties>
      <dynamicProperties></dynamicProperties>
    </entity>
    <entity class="StaticModelArray" classVersion="4" classID="0xD0" addr="0x2D7EA20" id="0x0">
      <staticProperties>
        <property name="name" type="String" container="StaticArray" arraySize="1">
          <containerEntry>StaticModelArray0000</containerEntry>
        </property>
        <property name="dataSet" type="EntityHandle" container="StaticArray" arraySize="1">
          <containerEntry>0x2F34CA0</containerEntry>
        </property>
        <property name="modelFile" type="FilePtr" container="StaticArray" arraySize="1">
          <containerEntry>/Assets/tpp/environ/object/middle_africa/rock/mafr_rock002/scenes/mafr_rock002.fmdl</containerEntry>
        </property>
        <property name="geomFile" type="FilePtr" container="StaticArray" arraySize="1">
          <containerEntry>/Assets/tpp/environ/object/middle_africa/rock/mafr_rock002/scenes/mafr_rock002.geom</containerEntry>
        </property>
        <property name="isVisibleGeom" type="Bool" container="StaticArray" arraySize="1">
          <containerEntry>false</containerEntry>
        </property>
        <property name="lodFarSize" type="Float" container="StaticArray" arraySize="1">
          <containerEntry>-1</containerEntry>
        </property>
        <property name="lodNearSize" type="Float" container="StaticArray" arraySize="1">
          <containerEntry>-1</containerEntry>
        </property>
        <property name="lodPolygonSize" type="Float" container="StaticArray" arraySize="1">
          <containerEntry>-1</containerEntry>
        </property>
        <property name="drawRejectionLevel" type="Int32" container="StaticArray" arraySize="1">
          <containerEntry>8</containerEntry>
        </property>
        <property name="drawMode" type="Int32" container="StaticArray" arraySize="1">
          <containerEntry>0</containerEntry>
        </property>
        <property name="rejectFarRangeShadowCast" type="Int32" container="StaticArray" arraySize="1">
          <containerEntry>2</containerEntry>
        </property>
        <property name="parentLocator" type="EntityLink" container="StaticArray" arraySize="1">
          <containerEntry packagePathHash="0xB8A0BF169F98" archivePathHash="0xB8A0BF169F98" nameInArchiveHash="0xB8A0BF169F98">0x0</containerEntry>
        </property>
        <property name="transforms" type="Matrix4" container="DynamicArray" arraySize="3">
          <containerEntry r11="-0.026332673" r12="-0.026456984" r13="-0.99930114" r14="0" r21="-0.061343446" r22="0.9978085" r23="-0.024800833" r24="0" r31="0.9977674" r32="0.060647566" r33="-0.027897954" r34="0" r41="1251.3854" r42="145.8795" r43="-1856.8843" r44="1"></containerEntry>
          <containerEntry r11="0.9746392" r12="0.05446699" r13="-0.21705225" r14="0" r21="-0.07252276" r22="0.99445903" r23="-0.07610294" r24="0" r31="0.21170446" r32="0.08991416" r33="0.9731889" r34="0" r41="1215.0863" r42="145.41147" r43="-1805.6226" r44="1"></containerEntry>
          <containerEntry r11="-0.83249575" r12="-0.026486134" r13="-0.55339235" r14="0" r21="-0.029426126" r22="0.9995606" r23="-0.0035730065" r24="0" r31="0.5532438" r32="0.013309697" r33="-0.8329093" r34="0" r41="1225.6133" r42="145.83945" r43="-1866.4159" r44="1"></containerEntry>
        </property>
        <property name="colors" type="UInt32" container="DynamicArray" arraySize="3">
          <containerEntry>4294967295</containerEntry>
          <containerEntry>4294967295</containerEntry>
          <containerEntry>4294967295</containerEntry>
        </property>
      </staticProperties>
      <dynamicProperties></dynamicProperties>
    </entity>
    <entity class="StaticModelArray" classVersion="4" classID="0xD0" addr="0x2D7EA90" id="0x0">
      <staticProperties>
        <property name="name" type="String" container="StaticArray" arraySize="1">
          <containerEntry>StaticModelArray0001</containerEntry>
        </property>
        <property name="dataSet" type="EntityHandle" container="StaticArray" arraySize="1">
          <containerEntry>0x2F34CA0</containerEntry>
        </property>
        <property name="modelFile" type="FilePtr" container="StaticArray" arraySize="1">
          <containerEntry>/Assets/tpp/environ/object/middle_africa/cliff/mafr_clff004/scenes/mafr_clff004.fmdl</containerEntry>
        </property>
        <property name="geomFile" type="FilePtr" container="StaticArray" arraySize="1">
          <containerEntry>/Assets/tpp/environ/object/middle_africa/cliff/mafr_clff004/scenes/mafr_clff004.geom</containerEntry>
        </property>
        <property name="isVisibleGeom" type="Bool" container="StaticArray" arraySize="1">
          <containerEntry>false</containerEntry>
        </property>
        <property name="lodFarSize" type="Float" container="StaticArray" arraySize="1">
          <containerEntry>-1</containerEntry>
        </property>
        <property name="lodNearSize" type="Float" container="StaticArray" arraySize="1">
          <containerEntry>-1</containerEntry>
        </property>
        <property name="lodPolygonSize" type="Float" container="StaticArray" arraySize="1">
          <containerEntry>-1</containerEntry>
        </property>
        <property name="drawRejectionLevel" type="Int32" container="StaticArray" arraySize="1">
          <containerEntry>8</containerEntry>
        </property>
        <property name="drawMode" type="Int32" container="StaticArray" arraySize="1">
          <containerEntry>0</containerEntry>
        </property>
        <property name="rejectFarRangeShadowCast" type="Int32" container="StaticArray" arraySize="1">
          <containerEntry>2</containerEntry>
        </property>
        <property name="parentLocator" type="EntityLink" container="StaticArray" arraySize="1">
          <containerEntry packagePathHash="0xB8A0BF169F98" archivePathHash="0xB8A0BF169F98" nameInArchiveHash="0xB8A0BF169F98">0x0</containerEntry>
        </property>
        <property name="transforms" type="Matrix4" container="DynamicArray" arraySize="4">
          <containerEntry r11="1.157311" r12="-0.13573846" r13="-0.10538576" r14="0" r21="0.13245094" r22="1.2352774" r23="-0.13652404" r24="0" r31="0.118985325" r32="0.115248844" r33="1.1582141" r34="0" r41="1231.6559" r42="142.77989" r43="-1797.2006" r44="1"></containerEntry>
          <containerEntry r11="1.1174936" r12="-0.0031304196" r13="0.3465514" r14="0" r21="0.068593495" r22="1.2301447" r23="-0.21007475" r24="0" r31="-0.34056497" r32="0.20684968" r33="1.1000583" r34="0" r41="1222.5173" r42="144.09212" r43="-1800.0021" r44="1"></containerEntry>
          <containerEntry r11="1.1174936" r12="-0.0031304196" r13="0.3465514" r14="0" r21="0.068593495" r22="1.2301447" r23="-0.21007475" r24="0" r31="-0.34056497" r32="0.20684968" r33="1.1000583" r34="0" r41="1212.663" r42="144.8255" r43="-1806.6534" r44="1"></containerEntry>
          <containerEntry r11="1.0593885" r12="0.14229259" r13="0.47576022" r14="0" r21="0.047609974" r22="1.1634918" r23="-0.45399544" r24="0" r31="-0.49457923" r32="0.40293926" r33="0.9807802" r34="0" r41="1203.1035" r42="144.31316" r43="-1812.9468" r44="1"></containerEntry>
        </property>
        <property name="colors" type="UInt32" container="DynamicArray" arraySize="4">
          <containerEntry>4294967295</containerEntry>
          <containerEntry>4294967295</containerEntry>
          <containerEntry>4294967295</containerEntry>
          <containerEntry>4294967295</containerEntry>
        </property>
      </staticProperties>
      <dynamicProperties></dynamicProperties>
    </entity>
    <entity class="StaticModelArray" classVersion="4" classID="0xD0" addr="0x2D7EB00" id="0x0">
      <staticProperties>
        <property name="name" type="String" container="StaticArray" arraySize="1">
          <containerEntry>StaticModelArray0002</containerEntry>
        </property>
        <property name="dataSet" type="EntityHandle" container="StaticArray" arraySize="1">
          <containerEntry>0x2F34CA0</containerEntry>
        </property>
        <property name="modelFile" type="FilePtr" container="StaticArray" arraySize="1">
          <containerEntry>/Assets/tpp/environ/object/middle_africa/tree/mafr_tree032/scenes/mafr_tree032.fmdl</containerEntry>
        </property>
        <property name="geomFile" type="FilePtr" container="StaticArray" arraySize="1">
          <containerEntry>/Assets/tpp/environ/object/middle_africa/tree/mafr_tree032/scenes/mafr_tree032.geom</containerEntry>
        </property>
        <property name="isVisibleGeom" type="Bool" container="StaticArray" arraySize="1">
          <containerEntry>false</containerEntry>
        </property>
        <property name="lodFarSize" type="Float" container="StaticArray" arraySize="1">
          <containerEntry>-1</containerEntry>
        </property>
        <property name="lodNearSize" type="Float" container="StaticArray" arraySize="1">
          <containerEntry>-1</containerEntry>
        </property>
        <property name="lodPolygonSize" type="Float" container="StaticArray" arraySize="1">
          <containerEntry>-1</containerEntry>
        </property>
        <property name="drawRejectionLevel" type="Int32" container="StaticArray" arraySize="1">
          <containerEntry>8</containerEntry>
        </property>
        <property name="drawMode" type="Int32" container="StaticArray" arraySize="1">
          <containerEntry>0</containerEntry>
        </property>
        <property name="rejectFarRangeShadowCast" type="Int32" container="StaticArray" arraySize="1">
          <containerEntry>2</containerEntry>
        </property>
        <property name="parentLocator" type="EntityLink" container="StaticArray" arraySize="1">
          <containerEntry packagePathHash="0xB8A0BF169F98" archivePathHash="0xB8A0BF169F98" nameInArchiveHash="0xB8A0BF169F98">0x0</containerEntry>
        </property>
        <property name="transforms" type="Matrix4" container="DynamicArray" arraySize="5">
          <containerEntry r11="-0.5610226" r12="-0.040347103" r13="0.8268169" r14="0" r21="-0.022654515" r22="0.99918574" r23="0.03338655" r24="0" r31="-0.8274907" r32="-5.327165e-07" r33="-0.5614798" r34="0" r41="1274.5864" r42="163.44229" r43="-1830.734" r44="1"></containerEntry>
          <containerEntry r11="-0.23565291" r12="-0.17133287" r13="1.5188419" r14="0" r21="-0.093800105" r22="1.5355147" r23="0.15865983" r24="0" r31="-1.5255941" r32="-0.06794447" r33="-0.244365" r34="0" r41="1251.3077" r42="161.92546" r43="-1801.4888" r44="1"></containerEntry>
          <containerEntry r11="-0.7902123" r12="0.06210365" r13="1.3279598" r14="0" r21="-0.049376998" r22="1.5424116" r23="-0.10151488" r24="0" r31="-1.3284938" r32="-0.09426821" r33="-0.7861215" r34="0" r41="1260.3972" r42="164.00305" r43="-1817.9634" r44="1"></containerEntry>
          <containerEntry r11="-1.0642833" r12="0.10085716" r13="-1.1175373" r14="0" r21="0.10321913" r22="1.5425462" r23="0.040912986" r24="0" r31="1.1173216" r32="-0.04643163" r33="-1.0682683" r34="0" r41="1263.1825" r42="162.20801" r43="-1827.0138" r44="1"></containerEntry>
          <containerEntry r11="-0.9394375" r12="0" r13="-0.34271422" r14="0" r21="0" r22="1" r23="0" r24="0" r31="0.34271422" r32="0" r33="-0.9394375" r34="0" r41="1271.8606" r42="161.7289" r43="-1836.418" r44="1"></containerEntry>
        </property>
        <property name="colors" type="UInt32" container="DynamicArray" arraySize="5">
          <containerEntry>4294967295</containerEntry>
          <containerEntry>4294967295</containerEntry>
          <containerEntry>4294967295</containerEntry>
          <containerEntry>4294967295</containerEntry>
          <containerEntry>4294967295</containerEntry>
        </property>
      </staticProperties>
      <dynamicProperties></dynamicProperties>
    </entity>
    <entity class="StaticModelArray" classVersion="4" classID="0xD0" addr="0x2D7EBE0" id="0x0">
      <staticProperties>
        <property name="name" type="String" container="StaticArray" arraySize="1">
          <containerEntry>StaticModelArray0003</containerEntry>
        </property>
        <property name="dataSet" type="EntityHandle" container="StaticArray" arraySize="1">
          <containerEntry>0x2F34CA0</containerEntry>
        </property>
        <property name="modelFile" type="FilePtr" container="StaticArray" arraySize="1">
          <containerEntry hash="0xB8A0BF169F98"></containerEntry>
        </property>
        <property name="geomFile" type="FilePtr" container="StaticArray" arraySize="1">
          <containerEntry>/Assets/tpp/environ/object/middle_africa/barricade/mafr_brrc001/scenes/mafr_brrc001_vrtn011_pc.geom</containerEntry>
        </property>
        <property name="isVisibleGeom" type="Bool" container="StaticArray" arraySize="1">
          <containerEntry>false</containerEntry>
        </property>
        <property name="lodFarSize" type="Float" container="StaticArray" arraySize="1">
          <containerEntry>-1</containerEntry>
        </property>
        <property name="lodNearSize" type="Float" container="StaticArray" arraySize="1">
          <containerEntry>-1</containerEntry>
        </property>
        <property name="lodPolygonSize" type="Float" container="StaticArray" arraySize="1">
          <containerEntry>-1</containerEntry>
        </property>
        <property name="drawRejectionLevel" type="Int32" container="StaticArray" arraySize="1">
          <containerEntry>8</containerEntry>
        </property>
        <property name="drawMode" type="Int32" container="StaticArray" arraySize="1">
          <containerEntry>0</containerEntry>
        </property>
        <property name="rejectFarRangeShadowCast" type="Int32" container="StaticArray" arraySize="1">
          <containerEntry>2</containerEntry>
        </property>
        <property name="parentLocator" type="EntityLink" container="StaticArray" arraySize="1">
          <containerEntry packagePathHash="0xB8A0BF169F98" archivePathHash="0xB8A0BF169F98" nameInArchiveHash="0xB8A0BF169F98">0x0</containerEntry>
        </property>
        <property name="transforms" type="Matrix4" container="DynamicArray" arraySize="2">
          <containerEntry r11="0.23823224" r12="0" r13="-0.9712102" r14="0" r21="0" r22="1" r23="0" r24="0" r31="0.9712102" r32="0" r33="0.23823224" r34="0" r41="1257.043" r42="148.4586" r43="-1878.6908" r44="1"></containerEntry>
          <containerEntry r11="0.23823224" r12="0" r13="-0.9712102" r14="0" r21="0" r22="1" r23="0" r24="0" r31="0.9712102" r32="0" r33="0.23823224" r34="0" r41="1256.2606" r42="148.45047" r43="-1875.5012" r44="1"></containerEntry>
        </property>
        <property name="colors" type="UInt32" container="DynamicArray" arraySize="2">
          <containerEntry>4294967295</containerEntry>
          <containerEntry>4294967295</containerEntry>
        </property>
      </staticProperties>
      <dynamicProperties></dynamicProperties>
    </entity>
    <entity class="StaticModelArray" classVersion="4" classID="0xD0" addr="0x2D79EE0" id="0x0">
      <staticProperties>
        <property name="name" type="String" container="StaticArray" arraySize="1">
          <containerEntry>StaticModelArray0004</containerEntry>
        </property>
        <property name="dataSet" type="EntityHandle" container="StaticArray" arraySize="1">
          <containerEntry>0x2F34CA0</containerEntry>
        </property>
        <property name="modelFile" type="FilePtr" container="StaticArray" arraySize="1">
          <containerEntry>/Assets/tpp/environ/object/middle_africa/cliff/mafr_clff003/scenes/mafr_clff003_vrtn001.fmdl</containerEntry>
        </property>
        <property name="geomFile" type="FilePtr" container="StaticArray" arraySize="1">
          <containerEntry>/Assets/tpp/environ/object/middle_africa/cliff/mafr_clff003/scenes/mafr_clff003_vrtn001.geom</containerEntry>
        </property>
        <property name="isVisibleGeom" type="Bool" container="StaticArray" arraySize="1">
          <containerEntry>false</containerEntry>
        </property>
        <property name="lodFarSize" type="Float" container="StaticArray" arraySize="1">
          <containerEntry>-1</containerEntry>
        </property>
        <property name="lodNearSize" type="Float" container="StaticArray" arraySize="1">
          <containerEntry>-1</containerEntry>
        </property>
        <property name="lodPolygonSize" type="Float" container="StaticArray" arraySize="1">
          <containerEntry>-1</containerEntry>
        </property>
        <property name="drawRejectionLevel" type="Int32" container="StaticArray" arraySize="1">
          <containerEntry>8</containerEntry>
        </property>
        <property name="drawMode" type="Int32" container="StaticArray" arraySize="1">
          <containerEntry>0</containerEntry>
        </property>
        <property name="rejectFarRangeShadowCast" type="Int32" container="StaticArray" arraySize="1">
          <containerEntry>2</containerEntry>
        </property>
        <property name="parentLocator" type="EntityLink" container="StaticArray" arraySize="1">
          <containerEntry packagePathHash="0xB8A0BF169F98" archivePathHash="0xB8A0BF169F98" nameInArchiveHash="0xB8A0BF169F98">0x0</containerEntry>
        </property>
        <property name="transforms" type="Matrix4" container="DynamicArray" arraySize="21">
          <containerEntry r11="-0.8383287" r12="-0.09627433" r13="-0.53659713" r14="0" r21="-0.5038814" r22="0.5125665" r23="0.6952544" r24="0" r31="0.20810671" r32="0.8532324" r33="-0.47820994" r34="0" r41="1160.3168" r42="140.70267" r43="-1900.0707" r44="1"></containerEntry>
          <containerEntry r11="-0.8801169" r12="-0.08653983" r13="0.46680266" r14="0" r21="0.40422145" r22="0.3790876" r23="0.8324042" r24="0" r31="-0.24899526" r32="0.9213045" r33="-0.29865992" r34="0" r41="1211.5043" r42="141.02628" r43="-1899.8206" r44="1"></containerEntry>
          <containerEntry r11="-0.96417165" r12="-0.20617722" r13="-0.16692753" r14="0" r21="-0.26509362" r22="0.7724407" r23="0.5771141" r24="0" r31="0.009954047" r32="0.60068744" r33="-0.79942137" r34="0" r41="1179.765" r42="138.97362" r43="-1823.4595" r44="1"></containerEntry>
          <containerEntry r11="0.79693496" r12="0.046969935" r13="-0.60223764" r14="0" r21="-0.3125298" r22="0.88522685" r23="-0.34452638" r24="0" r31="0.5169343" r32="0.46278104" r33="0.72014743" r34="0" r41="1177.3083" r42="138.15802" r43="-1816.415" r44="1"></containerEntry>
          <containerEntry r11="0.8819923" r12="0.08895662" r13="0.46279365" r14="0" r21="0.18466684" r22="0.8382505" r23="-0.51306313" r24="0" r31="-0.43357715" r32="0.53797907" r33="0.722903" r34="0" r41="1201.1721" r42="141.25864" r43="-1813.3552" r44="1"></containerEntry>
          <containerEntry r11="0.9493145" r12="-0.1260037" r13="0.2879706" r14="0" r21="0.21633701" r22="0.9265455" r23="-0.307753" r24="0" r31="-0.22803994" r32="0.35445178" r33="0.90684175" r34="0" r41="1222.5956" r42="141.15392" r43="-1799.0754" r44="1"></containerEntry>
          <containerEntry r11="-0.9915173" r12="0.0026030417" r13="0.12994461" r14="0" r21="0.10352021" r22="0.62034786" r23="0.77746487" r24="0" r31="-0.07858707" r32="0.78432155" r33="-0.6153547" r34="0" r41="1212.9479" r42="141.91351" r43="-1810.9872" r44="1"></containerEntry>
          <containerEntry r11="-0.4223535" r12="0" r13="0.9064316" r14="0" r21="0" r22="1" r23="0" r24="0" r31="-0.9064316" r32="-1e-06" r33="-0.4223535" r34="0" r41="1252.2621" r42="144.43422" r43="-1825.1309" r44="1"></containerEntry>
          <containerEntry r11="-0.039713517" r12="0.01291734" r13="0.9991281" r14="0" r21="0.39509064" r22="0.91863424" r23="0.0038272738" r24="0" r31="-0.9177843" r32="0.39489704" r33="-0.041585747" r34="0" r41="1234.6854" r42="140.85693" r43="-1792.5277" r44="1"></containerEntry>
          <containerEntry r11="-0.6327304" r12="-0.280326" r13="-0.7218517" r14="0" r21="-0.6060389" r22="0.75953996" r23="0.23625399" r24="0" r31="0.48204768" r32="0.5869545" r33="-0.6504728" r34="0" r41="1258.5787" r42="142.82748" r43="-1854.8057" r44="1"></containerEntry>
          <containerEntry r11="-0.14391188" r12="-0.036165852" r13="0.9889291" r14="0" r21="0.35768276" r22="0.9298694" r23="0.08605741" r24="0" r31="-0.92268664" r32="0.36610678" r33="-0.1208832" r34="0" r41="1173.8661" r42="137.8173" r43="-1822.3943" r44="1"></containerEntry>
          <containerEntry r11="0.63590944" r12="0.035614047" r13="-0.7709419" r14="0" r21="-0.692468" r22="0.46737438" r23="-0.54958844" r24="0" r31="0.34074512" r32="0.88334036" r33="0.32187" r34="0" r41="1179.765" r42="137.66104" r43="-1811.2009" r44="1"></containerEntry>
          <containerEntry r11="0.71042573" r12="-0.03653099" r13="-0.7028246" r14="0" r21="-0.5137397" r22="0.6556287" r23="-0.5533735" r24="0" r31="0.48100728" r32="0.75419843" r33="0.4470083" r34="0" r41="1172.9624" r42="137.13654" r43="-1829.8839" r44="1"></containerEntry>
          <containerEntry r11="0.29632917" r12="0.002249377" r13="0.95508265" r14="0" r21="0.50216025" r22="0.85025424" r23="-0.15780436" r24="0" r31="-0.81241745" r32="0.526366" r33="0.25082573" r34="0" r41="1186.4902" r42="138.13698" r43="-1827.2588" r44="1"></containerEntry>
          <containerEntry r11="-0.84197307" r12="-0.04650958" r13="-0.53750986" r14="0" r21="-0.526106" r22="0.2915424" r23="0.7988836" r24="0" r31="0.11955155" r32="0.955426" r33="-0.2699401" r34="0" r41="1261.5023" r42="146.2596" r43="-1898.6852" r44="1"></containerEntry>
          <containerEntry r11="-0.16381472" r12="-0.092710495" r13="-0.9821255" r14="0" r21="-0.9636688" r22="0.22795093" r23="0.13921759" r24="0" r31="0.21097086" r32="0.9692489" r33="-0.1266845" r34="0" r41="1251.3723" r42="145.75438" r43="-1912.4604" r44="1"></containerEntry>
          <containerEntry r11="0.5817792" r12="-0.011548154" r13="0.81326437" r14="0" r21="0.18640268" r22="0.975179" r23="-0.1194981" r24="0" r31="-0.7916985" r32="0.22111528" r33="0.5694916" r34="0" r41="1253.7266" r42="144.94121" r43="-1904.5712" r44="1"></containerEntry>
          <containerEntry r11="0.4448611" r12="0.08795657" r13="0.89127016" r14="0" r21="0.5911827" r22="0.71870947" r23="-0.36600396" r24="0" r31="-0.67275643" r32="0.6897235" r33="0.26772773" r34="0" r41="1204.5372" r42="140.4493" r43="-1826.2949" r44="1"></containerEntry>
          <containerEntry r11="-0.4806353" r12="-0.18923154" r13="0.8562567" r14="0" r21="0.39580962" r22="0.8245011" r23="0.40439063" r24="0" r31="-0.7825076" r32="0.5332801" r33="-0.32138395" r34="0" r41="1214.5443" r42="140.84058" r43="-1823.386" r44="1"></containerEntry>
          <containerEntry r11="-0.9731891" r12="-0.07601747" r13="0.21707918" r14="0" r21="0.15525527" r22="0.4792341" r23="0.86384594" r24="0" r31="-0.16969906" r32="0.8743881" r33="-0.45458296" r34="0" r41="1186.3824" r42="141.02856" r43="-1896.4885" r44="1"></containerEntry>
          <containerEntry r11="0.9979584" r12="-0.0116922185" r13="0.0628023" r14="0" r21="0.026552305" r22="0.9700813" r23="-0.2413237" r24="0" r31="-0.0581017" r32="0.24249735" r33="0.9684106" r34="0" r41="1175.414" r42="140.41364" r43="-1894.2169" r44="1"></containerEntry>
        </property>
        <property name="colors" type="UInt32" container="DynamicArray" arraySize="21">
          <containerEntry>4294967295</containerEntry>
          <containerEntry>4294967295</containerEntry>
          <containerEntry>4294967295</containerEntry>
          <containerEntry>4294967295</containerEntry>
          <containerEntry>4294967295</containerEntry>
          <containerEntry>4294967295</containerEntry>
          <containerEntry>4294967295</containerEntry>
          <containerEntry>4294967295</containerEntry>
          <containerEntry>4294967295</containerEntry>
          <containerEntry>4294967295</containerEntry>
          <containerEntry>4294967295</containerEntry>
          <containerEntry>4294967295</containerEntry>
