<fox formatVersion="2" fileVersion="0">
  <entities>
    <entity class="DataSet" classVersion="0" classID="0xE8" addr="0x3352D20" id="0x28175">
      <staticProperties>
        <property name="name" type="String" container="StaticArray" arraySize="1">
          <containerEntry hash="0xB8A0BF169F98"></containerEntry>
        </property>
        <property name="dataSet" type="EntityHandle" container="StaticArray" arraySize="1">
          <containerEntry>0x0</containerEntry>
        </property>
        <property name="dataList" type="EntityPtr" container="StringMap" arraySize="11">
          <containerEntry key="StaticModelArray0000">
            <data>0x317BE60</data>
          </containerEntry>
          <containerEntry key="StaticModelArray0001">
            <data>0x317BED0</data>
          </containerEntry>
          <containerEntry key="StaticModelArray0002">
            <data>0x317BF40</data>
          </containerEntry>
          <containerEntry key="StaticModelArray0003">
            <data>0x317C020</data>
          </containerEntry>
          <containerEntry key="StaticModelArray0004">
            <data>0x317BFB0</data>
          </containerEntry>
          <containerEntry key="StaticModelArray0005">
            <data>0x317B680</data>
          </containerEntry>
          <containerEntry key="StaticModelArray0006">
            <data>0x317B990</data>
          </containerEntry>
          <containerEntry key="StaticModelArray0007">
            <data>0x317BD80</data>
          </containerEntry>
          <containerEntry key="StaticModelArray0008">
            <data>0x317B610</data>
          </containerEntry>
          <containerEntry key="GeoxPathPack0000">
            <data>0x317C090</data>
          </containerEntry>
          <containerEntry key="TexturePackLoadConditioner0000">
            <data>0x317C5D0</data>
          </containerEntry>
        </property>
      </staticProperties>
      <dynamicProperties></dynamicProperties>
    </entity>
    <entity class="StaticModelArray" classVersion="4" classID="0xD0" addr="0x317BE60" id="0x0">
      <staticProperties>
        <property name="name" type="String" container="StaticArray" arraySize="1">
          <containerEntry>StaticModelArray0000</containerEntry>
        </property>
        <property name="dataSet" type="EntityHandle" container="StaticArray" arraySize="1">
          <containerEntry>0x3352D20</containerEntry>
        </property>
        <property name="modelFile" type="FilePtr" container="StaticArray" arraySize="1">
          <containerEntry>/Assets/tpp/environ/object/afghanistan/cliff/afgh_clff022/scenes/afgh_clff022_vrtn001.fmdl</containerEntry>
        </property>
        <property name="geomFile" type="FilePtr" container="StaticArray" arraySize="1">
          <containerEntry>/Assets/tpp/environ/object/afghanistan/cliff/afgh_clff022/scenes/afgh_clff022_vrtn001.geom</containerEntry>
        </property>
        <property name="isVisibleGeom" type="Bool" container="StaticArray" arraySize="1">
          <containerEntry>false</containerEntry>
        </property>
        <property name="lodFarSize" type="Float" container="StaticArray" arraySize="1">
          <containerEntry>-1</containerEntry>
        </property>
        <property name="lodNearSize" type="Float" container="StaticArray" arraySize="1">
          <containerEntry>-1</containerEntry>
        </property>
        <property name="lodPolygonSize" type="Float" container="StaticArray" arraySize="1">
          <containerEntry>-1</containerEntry>
        </property>
        <property name="drawRejectionLevel" type="Int32" container="StaticArray" arraySize="1">
          <containerEntry>8</containerEntry>
        </property>
        <property name="drawMode" type="Int32" container="StaticArray" arraySize="1">
          <containerEntry>0</containerEntry>
        </property>
        <property name="rejectFarRangeShadowCast" type="Int32" container="StaticArray" arraySize="1">
          <containerEntry>2</containerEntry>
        </property>
        <property name="parentLocator" type="EntityLink" container="StaticArray" arraySize="1">
          <containerEntry packagePathHash="0xB8A0BF169F98" archivePathHash="0xB8A0BF169F98" nameInArchiveHash="0xB8A0BF169F98">0x0</containerEntry>
        </property>
        <property name="transforms" type="Matrix4" container="DynamicArray" arraySize="5">
          <containerEntry r11="-0.931214" r12="0" r13="-0.364466" r14="0" r21="0" r22="1" r23="0" r24="0" r31="0.364466" r32="0" r33="-0.931214" r34="0" r41="1618.2633" r42="334.32452" r43="1653.2169" r44="1"></containerEntry>
          <containerEntry r11="-0.61571527" r12="0" r13="-0.7879661" r14="0" r21="0" r22="1" r23="0" r24="0" r31="0.7879661" r32="0" r33="-0.61571527" r34="0" r41="1536.0481" r42="336.00385" r43="1615.3121" r44="1"></containerEntry>
          <containerEntry r11="0.052888215" r12="0" r13="-0.9985995" r14="0" r21="0" r22="1" r23="0" r24="0" r31="0.9985995" r32="0" r33="0.052888215" r34="0" r41="1531.8428" r42="347.56213" r43="1560.8035" r44="1"></containerEntry>
          <containerEntry r11="-0.9985165" r12="0.012733594" r13="0.052903354" r14="0" r21="0.010175277" r22="0.99877864" r23="-0.04834924" r24="0" r31="-0.0534544" r32="-0.047739297" r33="-0.9974265" r34="0" r41="1591.1444" r42="363.47186" r43="1577.1406" r44="1"></containerEntry>
          <containerEntry r11="1.1968302" r12="0.01717261" r13="0.6066282" r14="0" r21="0.013655122" r22="1.3402611" r23="-0.064880885" r24="0" r31="-0.6067175" r32="0.064039774" r33="1.1951935" r34="0" r41="1608.6201" r42="369.0671" r43="1555.519" r44="1"></containerEntry>
        </property>
        <property name="colors" type="UInt32" container="DynamicArray" arraySize="5">
          <containerEntry>4294967295</containerEntry>
          <containerEntry>4294967295</containerEntry>
          <containerEntry>4294967295</containerEntry>
          <containerEntry>4294967295</containerEntry>
          <containerEntry>4294967295</containerEntry>
        </property>
      </staticProperties>
      <dynamicProperties></dynamicProperties>
    </entity>
    <entity class="StaticModelArray" classVersion="4" classID="0xD0" addr="0x317BED0" id="0x0">
      <staticProperties>
        <property name="name" type="String" container="StaticArray" arraySize="1">
          <containerEntry>StaticModelArray0001</containerEntry>
        </property>
        <property name="dataSet" type="EntityHandle" container="StaticArray" arraySize="1">
          <containerEntry>0x3352D20</containerEntry>
        </property>
        <property name="modelFile" type="FilePtr" container="StaticArray" arraySize="1">
          <containerEntry>/Assets/tpp/environ/object/afghanistan/cliff/afgh_clff035/scenes/afgh_clff035_vrtn003.fmdl</containerEntry>
        </property>
        <property name="geomFile" type="FilePtr" container="StaticArray" arraySize="1">
          <containerEntry>/Assets/tpp/environ/object/afghanistan/cliff/afgh_clff035/scenes/afgh_clff035_vrtn003.geom</containerEntry>
        </property>
        <property name="isVisibleGeom" type="Bool" container="StaticArray" arraySize="1">
          <containerEntry>false</containerEntry>
        </property>
        <property name="lodFarSize" type="Float" container="StaticArray" arraySize="1">
          <containerEntry>-1</containerEntry>
        </property>
        <property name="lodNearSize" type="Float" container="StaticArray" arraySize="1">
          <containerEntry>-1</containerEntry>
        </property>
        <property name="lodPolygonSize" type="Float" container="StaticArray" arraySize="1">
          <containerEntry>-1</containerEntry>
        </property>
        <property name="drawRejectionLevel" type="Int32" container="StaticArray" arraySize="1">
          <containerEntry>8</containerEntry>
        </property>
        <property name="drawMode" type="Int32" container="StaticArray" arraySize="1">
          <containerEntry>0</containerEntry>
        </property>
        <property name="rejectFarRangeShadowCast" type="Int32" container="StaticArray" arraySize="1">
          <containerEntry>2</containerEntry>
        </property>
        <property name="parentLocator" type="EntityLink" container="StaticArray" arraySize="1">
          <containerEntry packagePathHash="0xB8A0BF169F98" archivePathHash="0xB8A0BF169F98" nameInArchiveHash="0xB8A0BF169F98">0x0</containerEntry>
        </property>
        <property name="transforms" type="Matrix4" container="DynamicArray" arraySize="3">
          <containerEntry r11="0.8086486" r12="-0.051990047" r13="-0.5859897" r14="0" r21="0.014908897" r22="0.9975785" r23="-0.067933" r24="0" r31="0.5881026" r32="0.046197437" r33="0.80746555" r34="0" r41="1632.4081" r42="346.62433" r43="1640.0676" r44="1"></containerEntry>
          <containerEntry r11="0.9812929" r12="-0.034281522" r13="0.18944374" r14="0" r21="0.045123436" r22="0.997563" r23="-0.05321543" r24="0" r31="-0.18715775" r32="0.060768276" r33="0.9804485" r34="0" r41="1637.9772" r42="363.5001" r43="1607.7191" r44="1"></containerEntry>
          <containerEntry r11="0.9138882" r12="0.0139706" r13="0.40572536" r14="0" r21="0.014909111" r22="0.9975785" r23="-0.0679327" r24="0" r31="-0.40569198" r32="0.0681319" r33="0.91146696" r34="0" r41="1655.0096" r42="363.18347" r43="1616.3298" r44="1"></containerEntry>
        </property>
        <property name="colors" type="UInt32" container="DynamicArray" arraySize="3">
          <containerEntry>4294967295</containerEntry>
          <containerEntry>4294967295</containerEntry>
          <containerEntry>4294967295</containerEntry>
        </property>
      </staticProperties>
      <dynamicProperties></dynamicProperties>
    </entity>
    <entity class="StaticModelArray" classVersion="4" classID="0xD0" addr="0x317BF40" id="0x0">
      <staticProperties>
        <property name="name" type="String" container="StaticArray" arraySize="1">
          <containerEntry>StaticModelArray0002</containerEntry>
        </property>
        <property name="dataSet" type="EntityHandle" container="StaticArray" arraySize="1">
          <containerEntry>0x3352D20</containerEntry>
        </property>
        <property name="modelFile" type="FilePtr" container="StaticArray" arraySize="1">
          <containerEntry>/Assets/tpp/environ/object/afghanistan/rock/afgh_rock009/scenes/afgh_rock009_rock001.fmdl</containerEntry>
        </property>
        <property name="geomFile" type="FilePtr" container="StaticArray" arraySize="1">
          <containerEntry>/Assets/tpp/environ/object/afghanistan/rock/afgh_rock009/scenes/afgh_rock009_rock001.geom</containerEntry>
        </property>
        <property name="isVisibleGeom" type="Bool" container="StaticArray" arraySize="1">
          <containerEntry>false</containerEntry>
        </property>
        <property name="lodFarSize" type="Float" container="StaticArray" arraySize="1">
          <containerEntry>-1</containerEntry>
        </property>
        <property name="lodNearSize" type="Float" container="StaticArray" arraySize="1">
          <containerEntry>-1</containerEntry>
        </property>
        <property name="lodPolygonSize" type="Float" container="StaticArray" arraySize="1">
          <containerEntry>-1</containerEntry>
        </property>
        <property name="drawRejectionLevel" type="Int32" container="StaticArray" arraySize="1">
          <containerEntry>8</containerEntry>
        </property>
        <property name="drawMode" type="Int32" container="StaticArray" arraySize="1">
          <containerEntry>0</containerEntry>
        </property>
        <property name="rejectFarRangeShadowCast" type="Int32" container="StaticArray" arraySize="1">
          <containerEntry>2</containerEntry>
        </property>
        <property name="parentLocator" type="EntityLink" container="StaticArray" arraySize="1">
          <containerEntry packagePathHash="0xB8A0BF169F98" archivePathHash="0xB8A0BF169F98" nameInArchiveHash="0xB8A0BF169F98">0x0</containerEntry>
        </property>
        <property name="transforms" type="Matrix4" container="DynamicArray" arraySize="5">
          <containerEntry r11="0.9558689" r12="-0.10451555" r13="-0.27457386" r14="0" r21="-0.06114745" r22="-0.98488384" r23="0.16202302" r24="0" r31="-0.28735918" r32="-0.1380832" r33="-0.9478104" r34="0" r41="1558.6626" r42="352.3148" r43="1549.9896" r44="1"></containerEntry>
          <containerEntry r11="-0.5664119" r12="0.25124177" r13="-0.7848843" r14="0" r21="-0.26978907" r22="-0.9564388" r23="-0.111463025" r24="0" r31="-0.77870375" r32="0.14861934" r33="0.6095324" r34="0" r41="1635.7189" r42="347.70938" r43="1630.9274" r44="1"></containerEntry>
          <containerEntry r11="-0.2091487" r12="0.97451127" r13="0.081080526" r14="0" r21="-0.5710509" r22="-0.054406106" r23="-0.8191042" r24="0" r31="-0.7938181" r32="-0.21762022" r33="0.5678824" r34="0" r41="1627.1511" r42="337.34027" r43="1655.9062" r44="1"></containerEntry>
          <containerEntry r11="-0.34149593" r12="-0.006889224" r13="-0.93985224" r14="0" r21="0.8606737" r22="-0.40407076" r23="-0.30976808" r24="0" r31="-0.37763807" r32="-0.9146956" r33="0.14392543" r34="0" r41="1603.6344" r42="355.00305" r43="1604.3931" r44="1"></containerEntry>
          <containerEntry r11="0.6268954" r12="0.14575745" r13="0.7653455" r14="0" r21="0.024901375" r22="0.9780936" r23="-0.2066704" r24="0" r31="-0.7787034" r32="0.14861864" r33="0.60953283" r34="0" r41="1580.506" r42="336.81662" r43="1638.8306" r44="1"></containerEntry>
        </property>
        <property name="colors" type="UInt32" container="DynamicArray" arraySize="5">
          <containerEntry>4294967295</containerEntry>
          <containerEntry>4294967295</containerEntry>
          <containerEntry>4294967295</containerEntry>
          <containerEntry>4294967295</containerEntry>
          <containerEntry>4294967295</containerEntry>
        </property>
      </staticProperties>
      <dynamicProperties></dynamicProperties>
    </entity>
    <entity class="StaticModelArray" classVersion="4" classID="0xD0" addr="0x317C020" id="0x0">
      <staticProperties>
        <property name="name" type="String" container="StaticArray" arraySize="1">
          <containerEntry>StaticModelArray0003</containerEntry>
        </property>
        <property name="dataSet" type="EntityHandle" container="StaticArray" arraySize="1">
          <containerEntry>0x3352D20</containerEntry>
        </property>
        <property name="modelFile" type="FilePtr" container="StaticArray" arraySize="1">
          <containerEntry>/Assets/tpp/environ/object/afghanistan/cliff/afgh_clff022/scenes/afgh_clff022_vrtn004.fmdl</containerEntry>
        </property>
        <property name="geomFile" type="FilePtr" container="StaticArray" arraySize="1">
          <containerEntry>/Assets/tpp/environ/object/afghanistan/cliff/afgh_clff022/scenes/afgh_clff022_vrtn004.geom</containerEntry>
        </property>
        <property name="isVisibleGeom" type="Bool" container="StaticArray" arraySize="1">
          <containerEntry>false</containerEntry>
        </property>
        <property name="lodFarSize" type="Float" container="StaticArray" arraySize="1">
          <containerEntry>-1</containerEntry>
        </property>
        <property name="lodNearSize" type="Float" container="StaticArray" arraySize="1">
          <containerEntry>-1</containerEntry>
        </property>
        <property name="lodPolygonSize" type="Float" container="StaticArray" arraySize="1">
          <containerEntry>-1</containerEntry>
        </property>
        <property name="drawRejectionLevel" type="Int32" container="StaticArray" arraySize="1">
          <containerEntry>8</containerEntry>
        </property>
        <property name="drawMode" type="Int32" container="StaticArray" arraySize="1">
          <containerEntry>0</containerEntry>
        </property>
        <property name="rejectFarRangeShadowCast" type="Int32" container="StaticArray" arraySize="1">
          <containerEntry>2</containerEntry>
        </property>
        <property name="parentLocator" type="EntityLink" container="StaticArray" arraySize="1">
          <containerEntry packagePathHash="0xB8A0BF169F98" archivePathHash="0xB8A0BF169F98" nameInArchiveHash="0xB8A0BF169F98">0x0</containerEntry>
        </property>
        <property name="transforms" type="Matrix4" container="DynamicArray" arraySize="9">
          <containerEntry r11="0.75153124" r12="0" r13="0.6596965" r14="0" r21="0" r22="1" r23="0" r24="0" r31="-0.6596965" r32="0" r33="0.75153124" r34="0" r41="1600.5289" r42="345.41522" r43="1631.6642" r44="1"></containerEntry>
          <containerEntry r11="0.9899225" r12="0" r13="0.14160967" r14="0" r21="0" r22="1" r23="0" r24="0" r31="-0.14160967" r32="0" r33="0.9899225" r34="0" r41="1597.5261" r42="328.12366" r43="1646.7133" r44="1"></containerEntry>
          <containerEntry r11="0.9161246" r12="0" r13="0.4008931" r14="0" r21="0" r22="1" r23="0" r24="0" r31="-0.4008931" r32="0" r33="0.9161246" r34="0" r41="1569.1687" r42="326.99106" r43="1644.0688" r44="1"></containerEntry>
          <containerEntry r11="0.99264604" r12="0" r13="0.12105261" r14="0" r21="0" r22="1" r23="0" r24="0" r31="-0.12105261" r32="0" r33="0.99264604" r34="0" r41="1587.3407" r42="335.23697" r43="1638.2014" r44="1"></containerEntry>
          <containerEntry r11="0.7977469" r12="0" r13="0.6029916" r14="0" r21="0" r22="1" r23="0" r24="0" r31="-0.6029916" r32="0" r33="0.7977469" r34="0" r41="1553.761" r42="335.10623" r43="1629.6191" r44="1"></containerEntry>
          <containerEntry r11="0.54467946" r12="-0.024073865" r13="0.8382966" r14="0" r21="0.00082265213" r22="0.9996028" r23="0.028171571" r24="0" r31="-0.8386418" r32="-0.014654798" r33="0.54448295" r34="0" r41="1543.153" r42="345.0153" r43="1580.7311" r44="1"></containerEntry>
          <containerEntry r11="-0.34084725" r12="0" r13="0.94011635" r14="0" r21="0" r22="1" r23="0" r24="0" r31="-0.94011635" r32="0" r33="-0.34084725" r34="0" r41="1544.6654" r42="349.84552" r43="1545.89" r44="1"></containerEntry>
          <containerEntry r11="0.7138675" r12="0" r13="0.70027995" r14="0" r21="0" r22="1" r23="0" r24="0" r31="-0.70027995" r32="0" r33="0.7138675" r34="0" r41="1607.5374" r42="361.24426" r43="1590.978" r44="1"></containerEntry>
          <containerEntry r11="-0.9586123" r12="0" r13="0.28470564" r14="0" r21="0" r22="1" r23="0" r24="0" r31="-0.28470564" r32="0" r33="-0.9586123" r34="0" r41="1627.7279" r42="369.0138" r43="1546.9581" r44="1"></containerEntry>
        </property>
        <property name="colors" type="UInt32" container="DynamicArray" arraySize="9">
          <containerEntry>4294967295</containerEntry>
          <containerEntry>4294967295</containerEntry>
          <containerEntry>4294967295</containerEntry>
          <containerEntry>4294967295</containerEntry>
          <containerEntry>4294967295</containerEntry>
          <containerEntry>4294967295</containerEntry>
          <containerEntry>4294967295</containerEntry>
          <containerEntry>4294967295</containerEntry>
          <containerEntry>4294967295</containerEntry>
        </property>
      </staticProperties>
      <dynamicProperties></dynamicProperties>
    </entity>
    <entity class="StaticModelArray" classVersion="4" classID="0xD0" addr="0x317BFB0" id="0x0">
      <staticProperties>
        <property name="name" type="String" container="StaticArray" arraySize="1">
          <containerEntry>StaticModelArray0004</containerEntry>
        </property>
        <property name="dataSet" type="EntityHandle" container="StaticArray" arraySize="1">
          <containerEntry>0x3352D20</containerEntry>
        </property>
        <property name="modelFile" type="FilePtr" container="StaticArray" arraySize="1">
          <containerEntry>/Assets/tpp/environ/object/afghanistan/rock/afgh_rock010/scenes/afgh_rock010.fmdl</containerEntry>
        </property>
        <property name="geomFile" type="FilePtr" container="StaticArray" arraySize="1">
          <containerEntry>/Assets/tpp/environ/object/afghanistan/rock/afgh_rock010/scenes/afgh_rock010.geom</containerEntry>
        </property>
        <property name="isVisibleGeom" type="Bool" container="StaticArray" arraySize="1">
          <containerEntry>false</containerEntry>
        </property>
        <property name="lodFarSize" type="Float" container="StaticArray" arraySize="1">
          <containerEntry>-1</containerEntry>
        </property>
        <property name="lodNearSize" type="Float" container="StaticArray" arraySize="1">
          <containerEntry>-1</containerEntry>
        </property>
        <property name="lodPolygonSize" type="Float" container="StaticArray" arraySize="1">
          <containerEntry>-1</containerEntry>
        </property>
        <property name="drawRejectionLevel" type="Int32" container="StaticArray" arraySize="1">
          <containerEntry>8</containerEntry>
        </property>
        <property name="drawMode" type="Int32" container="StaticArray" arraySize="1">
          <containerEntry>0</containerEntry>
        </property>
        <property name="rejectFarRangeShadowCast" type="Int32" container="StaticArray" arraySize="1">
          <containerEntry>2</containerEntry>
        </property>
        <property name="parentLocator" type="EntityLink" container="StaticArray" arraySize="1">
          <containerEntry packagePathHash="0xB8A0BF169F98" archivePathHash="0xB8A0BF169F98" nameInArchiveHash="0xB8A0BF169F98">0x0</containerEntry>
        </property>
        <property name="transforms" type="Matrix4" container="DynamicArray" arraySize="9">
          <containerEntry r11="-0.8059771" r12="0.04012838" r13="-0.590564" r14="0" r21="-0.20039053" r22="0.9202899" r23="0.3360195" r24="0" r31="0.5569738" r32="0.3891724" r33="-0.73369014" r34="0" r41="1558.6519" r42="321.31342" r43="1646.2804" r44="1"></containerEntry>
          <containerEntry r11="0.99007183" r12="0.055475444" r13="0.12915114" r14="0" r21="-0.09800355" r22="0.9311008" r23="0.3513484" r24="0" r31="-0.100761324" r32="-0.3605175" r33="0.92729354" r34="0" r41="1569.2344" r42="321.47015" r43="1650.9479" r44="1"></containerEntry>
          <containerEntry r11="-1.0911607" r12="-0.037029624" r13="0.08363698" r14="0" r21="-0.02118231" r22="1.0763377" r23="0.2001832" r24="0" r31="-0.08898116" r32="0.19786564" r33="-1.0732799" r34="0" r41="1608.9745" r42="327.79974" r43="1648.8987" r44="1"></containerEntry>
          <containerEntry r11="-0.49692157" r12="0.04350869" r13="-1.712333" r14="0" r21="-0.0474261" r22="1.7819195" r23="0.05903997" r24="0" r31="1.712229" r32="0.061983436" r33="-0.49531645" r34="0" r41="1551.0178" r42="345.84222" r43="1568.9305" r44="1"></containerEntry>
          <containerEntry r11="1.6102931" r12="0.32484156" r13="0.041278955" r14="0" r21="-0.31792617" r22="1.5013624" r23="0.5874533" r24="0" r31="0.078415245" r32="-0.58365774" r33="1.5341" r34="0" r41="1569.5997" r42="341.53476" r43="1602.4098" r44="1"></containerEntry>
          <containerEntry r11="1.2855698" r12="0.048362564" r13="-0.42696464" r14="0" r21="-0.03604377" r22="1.3542585" r23="0.044871382" r24="0" r31="0.42818058" r32="-0.031203475" r33="1.2856964" r34="0" r41="1552.778" r42="350.2859" r43="1536.5269" r44="1"></containerEntry>
          <containerEntry r11="0.33575442" r12="0.5675493" r13="-0.75176436" r14="0" r21="-0.26001227" r22="0.8229319" r23="0.5051483" r24="0" r31="0.90534824" r32="0.025865033" r33="0.42387426" r34="0" r41="1654.8513" r42="350.37585" r43="1624.1917" r44="1"></containerEntry>
          <containerEntry r11="-0.8798216" r12="0.26830226" r13="-0.39230937" r14="0" r21="0.058188237" r22="0.8800236" r23="0.4713505" r24="0" r31="0.47170633" r32="0.3918814" r33="-0.7898746" r34="0" r41="1643.7987" r42="341.18365" r43="1635.875" r44="1"></containerEntry>
          <containerEntry r11="0.97994405" r12="0.19768262" r13="0.025119811" r14="0" r21="-0.19836399" r22="0.97971785" r23="0.028360778" r24="0" r31="-0.019003864" r32="-0.032774866" r33="0.99928206" r34="0" r41="1597.3938" r42="363.95105" r43="1556.8837" r44="1"></containerEntry>
        </property>
        <property name="colors" type="UInt32" container="DynamicArray" arraySize="9">
          <containerEntry>4294967295</containerEntry>
          <containerEntry>4294967295</containerEntry>
          <containerEntry>4294967295</containerEntry>
          <containerEntry>4294967295</containerEntry>
          <containerEntry>4294967295</containerEntry>
          <containerEntry>4294967295</containerEntry>
          <containerEntry>4294967295</containerEntry>
          <containerEntry>4294967295</containerEntry>
          <containerEntry>4294967295</containerEntry>
        </property>
      </staticProperties>
      <dynamicProperties></dynamicProperties>
    </entity>
    <entity class="StaticModelArray" classVersion="4" classID="0xD0" addr="0x317B680" id="0x0">
      <staticProperties>
        <property name="name" type="String" container="StaticArray" arraySize="1">
          <containerEntry>StaticModelArray0005</containerEntry>
        </property>
        <property name="dataSet" type="EntityHandle" container="StaticArray" arraySize="1">
          <containerEntry>0x3352D20</containerEntry>
        </property>
        <property name="modelFile" type="FilePtr" container="StaticArray" arraySize="1">
          <containerEntry>/Assets/tpp/environ/object/afghanistan/rock/afgh_rock001/scenes/afgh_rock001.fmdl</containerEntry>
        </property>
        <property name="geomFile" type="FilePtr" container="StaticArray" arraySize="1">
          <containerEntry>/Assets/tpp/environ/object/afghanistan/rock/afgh_rock001/scenes/afgh_rock001.geom</containerEntry>
        </property>
        <property name="isVisibleGeom" type="Bool" container="StaticArray" arraySize="1">
          <containerEntry>false</containerEntry>
        </property>
        <property name="lodFarSize" type="Float" container="StaticArray" arraySize="1">
          <containerEntry>-1</containerEntry>
        </property>
        <property name="lodNearSize" type="Float" container="StaticArray" arraySize="1">
          <containerEntry>-1</containerEntry>
        </property>
        <property name="lodPolygonSize" type="Float" container="StaticArray" arraySize="1">
          <containerEntry>-1</containerEntry>
        </property>
        <property name="drawRejectionLevel" type="Int32" container="StaticArray" arraySize="1">
          <containerEntry>8</containerEntry>
        </property>
        <property name="drawMode" type="Int32" container="StaticArray" arraySize="1">
          <containerEntry>0</containerEntry>
        </property>
        <property name="rejectFarRangeShadowCast" type="Int32" container="StaticArray" arraySize="1">
          <containerEntry>2</containerEntry>
        </property>
        <property name="parentLocator" type="EntityLink" container="StaticArray" arraySize="1">
          <containerEntry packagePathHash="0xB8A0BF169F98" archivePathHash="0xB8A0BF169F98" nameInArchiveHash="0xB8A0BF169F98">0x0</containerEntry>
        </property>
        <property name="transforms" type="Matrix4" container="DynamicArray" arraySize="8">
          <containerEntry r11="0.85055286" r12="-0.34074444" r13="-0.40056187" r14="0" r21="0.19709355" r22="0.91271853" r23="-0.35790652" r24="0" r31="0.48755586" r32="0.22546881" r33="0.8434748" r34="0" r41="1590.2798" r42="320.55365" r43="1660.0316" r44="1"></containerEntry>
          <containerEntry r11="0.85055286" r12="-0.34074444" r13="-0.40056187" r14="0" r21="0.19709355" r22="0.91271853" r23="-0.35790652" r24="0" r31="0.48755586" r32="0.22546881" r33="0.8434748" r34="0" r41="1576.4108" r42="338.98804" r43="1624.8645" r44="1"></containerEntry>
          <containerEntry r11="0.83256567" r12="0.1708431" r13="-0.5269191" r14="0" r21="-0.2629064" r22="0.9591537" r23="-0.10442045" r24="0" r31="0.4875565" r32="0.22546849" r33="0.8434747" r34="0" r41="1558.359" r42="336.60052" r43="1622.9246" r44="1"></containerEntry>
          <containerEntry r11="0.83256567" r12="0.1708431" r13="-0.5269191" r14="0" r21="-0.2629064" r22="0.9591537" r23="-0.10442045" r24="0" r31="0.4875565" r32="0.22546849" r33="0.8434747" r34="0" r41="1545.0515" r42="333.27533" r43="1621.4363" r44="1"></containerEntry>
          <containerEntry r11="0.49554676" r12="0.22710009" r13="0.8383603" r14="0" r21="-0.26290688" r22="0.9591536" r23="-0.104420014" r24="0" r31="-0.82782996" r32="-0.16866866" r33="0.5350125" r34="0" r41="1553.1824" r42="336.57202" r43="1604.5746" r44="1"></containerEntry>
          <containerEntry r11="0.49554676" r12="0.22710009" r13="0.8383603" r14="0" r21="-0.26290688" r22="0.9591536" r23="-0.104420014" r24="0" r31="-0.82782996" r32="-0.16866866" r33="0.5350125" r34="0" r41="1533.0482" r42="333.96225" r43="1614.165" r44="1"></containerEntry>
          <containerEntry r11="0.49554676" r12="0.22710009" r13="0.8383603" r14="0" r21="-0.26290688" r22="0.9591536" r23="-0.104420014" r24="0" r31="-0.82782996" r32="-0.16866866" r33="0.5350125" r34="0" r41="1550.235" r42="313.2522" r43="1655.272" r44="1"></containerEntry>
          <containerEntry r11="0.87897456" r12="-0.23291555" r13="0.41611463" r14="0" r21="0.39238563" r22="0.8491353" r23="-0.3535527" r24="0" r31="-0.2709881" r32="0.47404253" r33="0.8377622" r34="0" r41="1541.3206" r42="313.56885" r43="1652.3564" r44="1"></containerEntry>
        </property>
        <property name="colors" type="UInt32" container="DynamicArray" arraySize="8">
          <containerEntry>4294967295</containerEntry>
          <containerEntry>4294967295</containerEntry>
          <containerEntry>4294967295</containerEntry>
          <containerEntry>4294967295</containerEntry>
          <containerEntry>4294967295</containerEntry>
          <containerEntry>4294967295</containerEntry>
          <containerEntry>4294967295</containerEntry>
          <containerEntry>4294967295</containerEntry>
        </property>
      </staticProperties>
      <dynamicProperties></dynamicProperties>
    </entity>
    <entity class="StaticModelArray" classVersion="4" classID="0xD0" addr="0x317B990" id="0x0">
      <staticProperties>
        <property name="name" type="String" container="StaticArray" arraySize="1">
          <containerEntry>StaticModelArray0006</containerEntry>
        </property>
        <property name="dataSet" type="EntityHandle" container="StaticArray" arraySize="1">
          <containerEntry>0x3352D20</containerEntry>
        </property>
        <property name="modelFile" type="FilePtr" container="StaticArray" arraySize="1">
          <containerEntry>/Assets/tpp/environ/object/afghanistan/rock/afgh_rock011/scenes/afgh_rock011.fmdl</containerEntry>
        </property>
        <property name="geomFile" type="FilePtr" container="StaticArray" arraySize="1">
          <containerEntry>/Assets/tpp/environ/object/afghanistan/rock/afgh_rock011/scenes/afgh_rock011.geom</containerEntry>
        </property>
        <property name="isVisibleGeom" type="Bool" container="StaticArray" arraySize="1">
          <containerEntry>false</containerEntry>
        </property>
        <property name="lodFarSize" type="Float" container="StaticArray" arraySize="1">
          <containerEntry>-1</containerEntry>
        </property>
        <property name="lodNearSize" type="Float" container="StaticArray" arraySize="1">
          <containerEntry>-1</containerEntry>
        </property>
        <property name="lodPolygonSize" type="Float" container="StaticArray" arraySize="1">
          <containerEntry>-1</containerEntry>
        </property>
        <property name="drawRejectionLevel" type="Int32" container="StaticArray" arraySize="1">
          <containerEntry>8</containerEntry>
        </property>
        <property name="drawMode" type="Int32" container="StaticArray" arraySize="1">
          <containerEntry>0</containerEntry>
        </property>
        <property name="rejectFarRangeShadowCast" type="Int32" container="StaticArray" arraySize="1">
          <containerEntry>2</containerEntry>
        </property>
        <property name="parentLocator" type="EntityLink" container="StaticArray" arraySize="1">
          <containerEntry packagePathHash="0xB8A0BF169F98" archivePathHash="0xB8A0BF169F98" nameInArchiveHash="0xB8A0BF169F98">0x0</containerEntry>
        </property>
        <property name="transforms" type="Matrix4" container="DynamicArray" arraySize="9">
          <containerEntry r11="-0.31385213" r12="-0.3042009" r13="0.8994209" r14="0" r21="-0.18150897" r22="0.9490382" r23="0.2576449" r24="0" r31="-0.93196064" r32="-0.08239053" r33="-0.35307288" r34="0" r41="1549.3839" r42="334.8489" r43="1619.8064" r44="1"></containerEntry>
          <containerEntry r11="1.619698" r12="0.22105405" r13="-0.90844214" r14="0" r21="-0.25177544" r22="1.8531486" r23="0.0020318886" r24="0" r31="0.9004116" r32="0.12054091" r33="1.6347117" r34="0" r41="1555.928" r42="335.93994" r43="1614.6305" r44="1"></containerEntry>
          <containerEntry r11="-0.002452147" r12="0.47384164" r13="-1.5282243" r14="0" r21="-0.07834511" r22="1.5263569" r23="0.47338843" r24="0" r31="1.5980792" r32="0.07555594" r33="0.020862674" r34="0" r41="1606.4058" r42="345.98987" r43="1626.7822" r44="1"></containerEntry>
          <containerEntry r11="-0.7304097" r12="-0.38548857" r13="0.5638263" r14="0" r21="-0.024843857" r22="0.8399519" r23="0.54209185" r24="0" r31="-0.6825572" r32="0.38194153" r33="-0.62308604" r34="0" r41="1657.0222" r42="344.1321" r43="1633.57" r44="1"></containerEntry>
          <containerEntry r11="-0.019075356" r12="0.5118999" r13="-0.8588338" r14="0" r21="-0.07229133" r22="0.85603523" r23="0.51183766" r24="0" r31="0.99720156" r32="0.07184951" r33="0.020676672" r34="0" r41="1632.166" r42="352.23495" r43="1617.1699" r44="1"></containerEntry>
          <containerEntry r11="0.002302897" r12="0.38041902" r13="-1.5541166" r14="0" r21="-0.0783512" r22="1.5522798" r23="0.37985346" r24="0" r31="1.5980794" r32="0.07555739" r33="0.020863151" r34="0" r41="1584.0801" r42="342.41025" r43="1616.7731" r44="1"></containerEntry>
          <containerEntry r11="-1.348621" r12="-0.33013254" r13="-0.7951335" r14="0" r21="-0.38647" r22="1.552586" r23="0.0108686155" r24="0" r31="0.76932806" r32="0.20122044" r33="-1.3883977" r34="0" r41="1582.6283" r42="358.00192" r43="1553.6221" r44="1"></containerEntry>
          <containerEntry r11="1.0208486" r12="-0.006685931" r13="-1.2319988" r14="0" r21="-0.16833387" r22="1.5842146" r23="-0.14808045" r24="0" r31="1.2204627" r32="0.22409688" r33="1.0100737" r34="0" r41="1640.6255" r42="370.43317" r43="1552.6917" r44="1"></containerEntry>
          <containerEntry r11="0.819126" r12="0.24555814" r13="-0.51839536" r14="0" r21="-0.07465229" r22="0.9416862" r23="0.32810688" r24="0" r31="0.56873506" r32="-0.23006149" r33="0.7896912" r34="0" r41="1618.958" r42="364.36176" r43="1584.3265" r44="1"></containerEntry>
        </property>
        <property name="colors" type="UInt32" container="DynamicArray" arraySize="9">
          <containerEntry>4294967295</containerEntry>
          <containerEntry>4294967295</containerEntry>
          <containerEntry>4294967295</containerEntry>
          <containerEntry>4294967295</containerEntry>
          <containerEntry>4294967295</containerEntry>
          <containerEntry>4294967295</containerEntry>
          <containerEntry>4294967295</containerEntry>
          <containerEntry>4294967295</containerEntry>
          <containerEntry>4294967295</containerEntry>
        </property>
      </staticProperties>
      <dynamicProperties></dynamicProperties>
    </entity>
    <entity class="StaticModelArray" classVersion="4" classID="0xD0" addr="0x317BD80" id="0x0">
      <staticProperties>
        <property name="name" type="String" container="StaticArray" arraySize="1">
          <containerEntry>StaticModelArray0007</containerEntry>
        </property>
        <property name="dataSet" type="EntityHandle" container="StaticArray" arraySize="1">
          <containerEntry>0x3352D20</containerEntry>
        </property>
        <property name="modelFile" type="FilePtr" container="StaticArray" arraySize="1">
          <containerEntry>/Assets/tpp/environ/object/afghanistan/rock/afgh_rock010/scenes/afgh_rock010_vrtn001.fmdl</containerEntry>
        </property>
        <property name="geomFile" type="FilePtr" container="StaticArray" arraySize="1">
          <containerEntry>/Assets/tpp/environ/object/afghanistan/rock/afgh_rock010/scenes/afgh_rock010_vrtn001.geom</containerEntry>
        </property>
        <property name="isVisibleGeom" type="Bool" container="StaticArray" arraySize="1">
          <containerEntry>false</containerEntry>
        </property>
        <property name="lodFarSize" type="Float" container="StaticArray" arraySize="1">
          <containerEntry>-1</containerEntry>
        </property>
        <property name="lodNearSize" type="Float" container="StaticArray" arraySize="1">
          <containerEntry>-1</containerEntry>
        </property>
        <property name="lodPolygonSize" type="Float" container="StaticArray" arraySize="1">
          <containerEntry>-1</containerEntry>
        </property>
        <property name="drawRejectionLevel" type="Int32" container="StaticArray" arraySize="1">
          <containerEntry>8</containerEntry>
        </property>
        <property name="drawMode" type="Int32" container="StaticArray" arraySize="1">
          <containerEntry>0</containerEntry>
        </property>
        <property name="rejectFarRangeShadowCast" type="Int32" container="StaticArray" arraySize="1">
          <containerEntry>2</containerEntry>
        </property>
        <property name="parentLocator" type="EntityLink" container="StaticArray" arraySize="1">
          <containerEntry packagePathHash="0xB8A0BF169F98" archivePathHash="0xB8A0BF169F98" nameInArchiveHash="0xB8A0BF169F98">0x0</containerEntry>
        </property>
        <property name="transforms" type="Matrix4" container="DynamicArray" arraySize="3">
          <containerEntry r11="-0.8831737" r12="-0.24797992" r13="-0.39813143" r14="0" r21="0.22605811" r22="-0.9687643" r23="0.10194007" r24="0" r31="-0.41097498" r32="2.9996037e-05" r33="0.9116466" r34="0" r41="1619.2684" r42="347.1651" r43="1629.6742" r44="1"></containerEntry>
          <containerEntry r11="0.3870231" r12="0.6753588" r13="0.62777627" r14="0" r21="0.79335296" r22="-0.590859" r23="0.14654373" r24="0" r31="0.4698974" r32="0.44133264" r33="-0.76447374" r34="0" r41="1567.3777" r42="352.0294" r43="1564.7106" r44="1"></containerEntry>
          <containerEntry r11="0.5782968" r12="-0.7968065" r13="0.17513537" r14="0" r21="-0.35702795" r22="-0.44020247" r23="-0.82386494" r24="0" r31="0.73355573" r32="0.41391027" r33="-0.53905" r34="0" r41="1588.1968" r42="346.7685" r43="1608.089" r44="1"></containerEntry>
        </property>
        <property name="colors" type="UInt32" container="DynamicArray" arraySize="3">
          <containerEntry>4294967295</containerEntry>
          <containerEntry>4294967295</containerEntry>
          <containerEntry>4294967295</containerEntry>
        </property>
      </staticProperties>
      <dynamicProperties></dynamicProperties>
    </entity>
    <entity class="StaticModelArray" classVersion="4" classID="0xD0" addr="0x317B610" id="0x0">
      <staticProperties>
        <property name="name" type="String" container="StaticArray" arraySize="1">
          <containerEntry>StaticModelArray0008</containerEntry>
        </property>
        <property name="dataSet" type="EntityHandle" container="StaticArray" arraySize="1">
          <containerEntry>0x3352D20</containerEntry>
        </property>
        <property name="modelFile" type="FilePtr" container="StaticArray" arraySize="1">
          <containerEntry>/Assets/tpp/environ/object/afghanistan/rock/afgh_rock009/scenes/afgh_rock009_rock002.fmdl</containerEntry>
        </property>
        <property name="geomFile" type="FilePtr" container="StaticArray" arraySize="1">
