<fox formatVersion="2" fileVersion="0">
  <entities>
    <entity class="DataSet" classVersion="0" classID="0xE8" addr="0x2F53730" id="0x22BB5">
      <staticProperties>
        <property name="name" type="String" container="StaticArray" arraySize="1">
          <containerEntry hash="0xB8A0BF169F98"></containerEntry>
        </property>
        <property name="dataSet" type="EntityHandle" container="StaticArray" arraySize="1">
          <containerEntry>0x0</containerEntry>
        </property>
        <property name="dataList" type="EntityPtr" container="StringMap" arraySize="15">
          <containerEntry key="StaticModelArray0000">
            <data>0x2D7EDA0</data>
          </containerEntry>
          <containerEntry key="StaticModelArray0001">
            <data>0x2D7F0B0</data>
          </containerEntry>
          <containerEntry key="StaticModelArray0002">
            <data>0x2D7F4A0</data>
          </containerEntry>
          <containerEntry key="StaticModelArray0003">
            <data>0x2F53C00</data>
          </containerEntry>
          <containerEntry key="StaticModelArray0004">
            <data>0x2D7F5F0</data>
          </containerEntry>
          <containerEntry key="StaticModelArray0005">
            <data>0x2D7EE10</data>
          </containerEntry>
          <containerEntry key="StaticModelArray0006">
            <data>0x2D7F430</data>
          </containerEntry>
          <containerEntry key="StaticModelArray0007">
            <data>0x2D7ECC0</data>
          </containerEntry>
          <containerEntry key="StaticModelArray0008">
            <data>0x2D7F660</data>
          </containerEntry>
          <containerEntry key="StaticModelArray0009">
            <data>0x2D752C0</data>
          </containerEntry>
          <containerEntry key="StaticModelArray0010">
            <data>0x2D7ED30</data>
          </containerEntry>
          <containerEntry key="StaticModelArray0011">
            <data>0x2D7EE80</data>
          </containerEntry>
          <containerEntry key="StaticModelArray0012">
            <data>0x2D7EEF0</data>
          </containerEntry>
          <containerEntry key="StaticModelArray0013">
            <data>0x2D7EF60</data>
          </containerEntry>
          <containerEntry key="TexturePackLoadConditioner0000">
            <data>0x2D7FC80</data>
          </containerEntry>
        </property>
      </staticProperties>
      <dynamicProperties></dynamicProperties>
    </entity>
    <entity class="StaticModelArray" classVersion="4" classID="0xD0" addr="0x2D7EDA0" id="0x0">
      <staticProperties>
        <property name="name" type="String" container="StaticArray" arraySize="1">
          <containerEntry>StaticModelArray0000</containerEntry>
        </property>
        <property name="dataSet" type="EntityHandle" container="StaticArray" arraySize="1">
          <containerEntry>0x2F53730</containerEntry>
        </property>
        <property name="modelFile" type="FilePtr" container="StaticArray" arraySize="1">
          <containerEntry>/Assets/tpp/environ/object/afghanistan/rock/afgh_rock009/scenes/afgh_rock009_rock002.fmdl</containerEntry>
        </property>
        <property name="geomFile" type="FilePtr" container="StaticArray" arraySize="1">
          <containerEntry>/Assets/tpp/environ/object/afghanistan/rock/afgh_rock009/scenes/afgh_rock009_rock002.geom</containerEntry>
        </property>
        <property name="isVisibleGeom" type="Bool" container="StaticArray" arraySize="1">
          <containerEntry>false</containerEntry>
        </property>
        <property name="lodFarSize" type="Float" container="StaticArray" arraySize="1">
          <containerEntry>-1</containerEntry>
        </property>
        <property name="lodNearSize" type="Float" container="StaticArray" arraySize="1">
          <containerEntry>-1</containerEntry>
        </property>
        <property name="lodPolygonSize" type="Float" container="StaticArray" arraySize="1">
          <containerEntry>-1</containerEntry>
        </property>
        <property name="drawRejectionLevel" type="Int32" container="StaticArray" arraySize="1">
          <containerEntry>8</containerEntry>
        </property>
        <property name="drawMode" type="Int32" container="StaticArray" arraySize="1">
          <containerEntry>0</containerEntry>
        </property>
        <property name="rejectFarRangeShadowCast" type="Int32" container="StaticArray" arraySize="1">
          <containerEntry>2</containerEntry>
        </property>
        <property name="parentLocator" type="EntityLink" container="StaticArray" arraySize="1">
          <containerEntry packagePathHash="0xB8A0BF169F98" archivePathHash="0xB8A0BF169F98" nameInArchiveHash="0xB8A0BF169F98">0x0</containerEntry>
        </property>
        <property name="transforms" type="Matrix4" container="DynamicArray" arraySize="30">
          <containerEntry r11="0.36198124" r12="-0.18012671" r13="-0.91461676" r14="0" r21="-0.08962397" r22="0.9698832" r23="-0.22648183" r24="0" r31="0.9278669" r32="0.16395375" r33="0.33493584" r34="0" r41="-1751.7062" r42="455.48016" r43="-1723.8628" r44="1"></containerEntry>
          <containerEntry r11="0.86012393" r12="-0.2321602" r13="-0.45418966" r14="0" r21="0.31827638" r22="0.9400878" r23="0.12220904" r24="0" r31="0.398606" r32="-0.24967286" r33="0.8824831" r34="0" r41="-1757.8534" r42="450.7444" r43="-1713.0974" r44="1"></containerEntry>
          <containerEntry r11="0.9793687" r12="0.20187058" r13="-0.009231042" r14="0" r21="-0.19537084" r22="0.95753175" r23="0.21204506" r24="0" r31="0.051644698" r32="-0.2058668" r33="0.9772163" r34="0" r41="-1763.7654" r42="448.97626" r43="-1704.3568" r44="1"></containerEntry>
          <containerEntry r11="-0.88854295" r12="-0.2580881" r13="-0.37931958" r14="0" r21="0.36203575" r22="-0.9022783" r23="-0.23414816" r24="0" r31="-0.28182074" r32="-0.34537774" r33="0.8951488" r34="0" r41="-1764.8379" r42="451.4761" r43="-1717.3427" r44="1"></containerEntry>
          <containerEntry r11="0.9216833" r12="0.120354556" r13="0.3688016" r14="0" r21="-0.1436035" r22="0.9889751" r23="0.03614211" r24="0" r31="-0.36038572" r32="-0.08627282" r33="0.9288051" r34="0" r41="-1773.0898" r42="454.45233" r43="-1731.0927" r44="1"></containerEntry>
          <containerEntry r11="0.97600925" r12="-0.21654162" r13="-0.022709424" r14="0" r21="0.21064413" r22="0.9654901" r23="-0.15315984" r24="0" r31="0.055091187" r32="0.14470182" r33="0.98794043" r34="0" r41="-1694.852" r42="452.7908" r43="-1669.0541" r44="1"></containerEntry>
          <containerEntry r11="-0.2975794" r12="-0.41322583" r13="-0.8606339" r14="0" r21="-0.17288846" r22="0.9098937" r23="-0.3770982" r24="0" r31="0.9389121" r32="0.036576986" r33="-0.3422076" r34="0" r41="-1687.3069" r42="454.88538" r43="-1678.5015" r44="1"></containerEntry>
          <containerEntry r11="-0.6349283" r12="-0.50384605" r13="-0.5856673" r14="0" r21="-0.35659477" r22="0.86361766" r23="-0.3563773" r24="0" r31="0.6853519" r32="-0.017427996" r33="-0.72800416" r34="0" r41="-1689.8329" r42="452.84247" r43="-1670.6683" r44="1"></containerEntry>
          <containerEntry r11="0.21632335" r12="-0.3135445" r13="-0.92460424" r14="0" r21="0.077295914" r22="0.94955623" r23="-0.30392146" r24="0" r31="0.97325665" r32="-0.0057230443" r33="0.22964692" r34="0" r41="-1684.2362" r42="453.35657" r43="-1674.6436" r44="1"></containerEntry>
          <containerEntry r11="0.666573" r12="-0.6070667" r13="-0.43260777" r14="0" r21="0.52440816" r22="0.7943329" r23="-0.30664405" r24="0" r31="0.52978814" r32="-0.022462934" r33="0.8478322" r34="0" r41="-1758.7147" r42="448.43417" r43="-1694.8527" r44="1"></containerEntry>
          <containerEntry r11="-0.08558905" r12="-0.9954184" r13="-0.04262021" r14="0" r21="0.8110771" r22="-0.09445512" r23="0.5772626" r24="0" r31="-0.57864356" r32="0.014839113" r33="0.81544554" r34="0" r41="-1696.4196" r42="464.56412" r43="-1697.9214" r44="1"></containerEntry>
          <containerEntry r11="0.64290166" r12="-0.27190948" r13="-0.71606046" r14="0" r21="0.18532845" r22="0.9623111" r23="-0.19902441" r24="0" r31="0.7431895" r32="-0.0047532916" r33="0.669064" r34="0" r41="-1715.8329" r42="467.08087" r43="-1708.3976" r44="1"></containerEntry>
          <containerEntry r11="0.74763143" r12="0.21013464" r13="-0.6299926" r14="0" r21="-0.1279241" r22="0.9764234" r23="0.17387554" r24="0" r31="0.6516768" r32="-0.04940359" r33="0.7568861" r34="0" r41="-1705.3873" r42="467.9318" r43="-1717.2258" r44="1"></containerEntry>
          <containerEntry r11="0.99980456" r12="-0.019737992" r13="0.0011074364" r14="0" r21="0.019737992" r22="0.99352896" r23="-0.11185063" r24="0" r31="0.0011074364" r32="0.11185063" r33="0.9937244" r34="0" r41="-1708.9069" r42="467.1515" r43="-1728.7684" r44="1"></containerEntry>
          <containerEntry r11="-0.7144431" r12="-0.08245209" r13="0.6948163" r14="0" r21="0.09100683" r22="-0.9955455" r23="-0.024561308" r24="0" r31="0.6937476" r32="0.04568539" r33="0.7187674" r34="0" r41="-1708.09" r42="467.8341" r43="-1719.2537" r44="1"></containerEntry>
          <containerEntry r11="0.32967007" r12="-0.27495804" r13="-0.90316916" r14="0" r21="0.2196512" r22="0.95273656" r23="-0.2098722" r24="0" r31="0.91818833" r32="-0.12919392" r33="0.37448364" r34="0" r41="-1737.5176" r42="467.94635" r43="-1764.1001" r44="1"></containerEntry>
          <containerEntry r11="0.3656928" r12="-0.2284266" r13="-0.9022685" r14="0" r21="0.085326254" r22="0.973561" r23="-0.21189243" r24="0" r31="0.9268153" r32="0.0005000755" r33="0.3755151" r34="0" r41="-1731.6166" r42="464.70596" r43="-1752.2424" r44="1"></containerEntry>
          <containerEntry r11="0.5653669" r12="-0.22573224" r13="-0.793351" r14="0" r21="0.26207876" r22="0.96114326" r23="-0.086708575" r24="0" r31="0.7820969" r32="-0.15889813" r33="0.60255814" r34="0" r41="-1722.0183" r42="465.6125" r43="-1751.7479" r44="1"></containerEntry>
          <containerEntry r11="0.99980456" r12="-0.019737992" r13="0.0011074364" r14="0" r21="0.019737992" r22="0.99352896" r23="-0.11185063" r24="0" r31="0.0011074364" r32="0.11185063" r33="0.9937244" r34="0" r41="-1724.7163" r42="467.41064" r43="-1762.9535" r44="1"></containerEntry>
          <containerEntry r11="0.17812529" r12="-0.22709994" r13="-0.957443" r14="0" r21="0.22560768" r22="0.95650977" r23="-0.18490592" r24="0" r31="0.95779574" r32="-0.18307003" r33="0.22161406" r34="0" r41="-1734.0771" r42="469.12076" r43="-1765.1174" r44="1"></containerEntry>
          <containerEntry r11="0.630408" r12="-0.77478445" r13="0.04790485" r14="0" r21="-0.7761135" r22="-0.62786937" r23="0.058551937" r24="0" r31="-0.015287148" r32="-0.07409121" r33="-0.9971345" r34="0" r41="-1687.4089" r42="464.3246" r43="-1708.9827" r44="1"></containerEntry>
          <containerEntry r11="0.6559453" r12="-0.50578386" r13="-0.5602845" r14="0" r21="0.41218832" r22="0.8618606" r23="-0.29546106" r24="0" r31="0.6323265" r32="-0.03713633" r33="0.7738115" r34="0" r41="-1683.7139" r42="464.3419" r43="-1706.8184" r44="1"></containerEntry>
          <containerEntry r11="-0.33685315" r12="-0.26791078" r13="-0.90263593" r14="0" r21="-0.28640056" r22="-0.88408136" r23="0.36928546" r24="0" r31="-0.8969406" r32="0.38291103" r33="0.2210778" r34="0" r41="-1694.5151" r42="465.2648" r43="-1706.4365" r44="1"></containerEntry>
          <containerEntry r11="0.94189304" r12="-0.092191346" r13="0.32301432" r14="0" r21="0.14300512" r22="0.98015934" r23="-0.13724886" r24="0" r31="-0.30395234" r32="0.17546643" r33="0.9363891" r34="0" r41="-1723.5374" r42="464.47623" r43="-1696.678" r44="1"></containerEntry>
          <containerEntry r11="0.5840293" r12="-0.35128632" r13="0.73178357" r14="0" r21="0.10513239" r22="0.92665005" r23="0.36092493" r24="0" r31="-0.80489534" r32="-0.13385645" r33="0.5781224" r34="0" r41="-1716.8307" r42="466.68338" r43="-1734.2316" r44="1"></containerEntry>
          <containerEntry r11="0.42079058" r12="-0.2195671" r13="-0.88018453" r14="0" r21="0.3001839" r22="0.9493074" r23="-0.09330108" r24="0" r31="0.85605145" r32="-0.22495723" r33="0.46537018" r34="0" r41="-1757.2755" r42="460.14163" r43="-1742.3439" r44="1"></containerEntry>
          <containerEntry r11="0.001544416" r12="0.09782511" r13="0.99520224" r14="0" r21="0.2567334" r22="-0.96188486" r23="0.0941518" r24="0" r31="0.9664808" r32="0.2553563" r33="-0.026600063" r34="0" r41="-1748.5118" r42="457.887" r43="-1728.1777" r44="1"></containerEntry>
          <containerEntry r11="0.9532272" r12="-0.12013385" r13="-0.2773547" r14="0" r21="0.13766342" r22="0.98947686" r23="0.044545297" r24="0" r31="0.26908466" r32="-0.08064343" r33="0.9597343" r34="0" r41="-1741.5938" r42="460.48193" r43="-1730.4244" r44="1"></containerEntry>
          <containerEntry r11="0.8352871" r12="0.5462485" r13="0.0625112" r14="0" r21="-0.54530996" r22="0.80855054" r23="0.22109395" r24="0" r31="0.07022896" r32="-0.2187649" r33="0.973247" r34="0" r41="-1750.6914" r42="459.34192" r43="-1740.0868" r44="1"></containerEntry>
          <containerEntry r11="0.32136917" r12="0.20198835" r13="0.9251604" r14="0" r21="0.011484101" r22="0.97608286" r23="-0.2170952" r24="0" r31="-0.9468839" r32="0.080392264" r33="0.31136328" r34="0" r41="-1720.286" r42="450.56042" r43="-1666.4415" r44="1"></containerEntry>
        </property>
        <property name="colors" type="UInt32" container="DynamicArray" arraySize="30">
          <containerEntry>4294967295</containerEntry>
          <containerEntry>4294967295</containerEntry>
          <containerEntry>4294967295</containerEntry>
          <containerEntry>4294967295</containerEntry>
          <containerEntry>4294967295</containerEntry>
          <containerEntry>4294967295</containerEntry>
          <containerEntry>4294967295</containerEntry>
          <containerEntry>4294967295</containerEntry>
          <containerEntry>4294967295</containerEntry>
          <containerEntry>4294967295</containerEntry>
          <containerEntry>4294967295</containerEntry>
          <containerEntry>4294967295</containerEntry>
          <containerEntry>4294967295</containerEntry>
          <containerEntry>4294967295</containerEntry>
          <containerEntry>4294967295</containerEntry>
          <containerEntry>4294967295</containerEntry>
          <containerEntry>4294967295</containerEntry>
          <containerEntry>4294967295</containerEntry>
          <containerEntry>4294967295</containerEntry>
          <containerEntry>4294967295</containerEntry>
          <containerEntry>4294967295</containerEntry>
          <containerEntry>4294967295</containerEntry>
          <containerEntry>4294967295</containerEntry>
          <containerEntry>4294967295</containerEntry>
          <containerEntry>4294967295</containerEntry>
          <containerEntry>4294967295</containerEntry>
          <containerEntry>4294967295</containerEntry>
          <containerEntry>4294967295</containerEntry>
          <containerEntry>4294967295</containerEntry>
          <containerEntry>4294967295</containerEntry>
        </property>
      </staticProperties>
      <dynamicProperties></dynamicProperties>
    </entity>
    <entity class="StaticModelArray" classVersion="4" classID="0xD0" addr="0x2D7F0B0" id="0x0">
      <staticProperties>
        <property name="name" type="String" container="StaticArray" arraySize="1">
          <containerEntry>StaticModelArray0001</containerEntry>
        </property>
        <property name="dataSet" type="EntityHandle" container="StaticArray" arraySize="1">
          <containerEntry>0x2F53730</containerEntry>
        </property>
        <property name="modelFile" type="FilePtr" container="StaticArray" arraySize="1">
          <containerEntry>/Assets/tpp/environ/object/afghanistan/rock/afgh_rock001/scenes/afgh_rock001.fmdl</containerEntry>
        </property>
        <property name="geomFile" type="FilePtr" container="StaticArray" arraySize="1">
          <containerEntry>/Assets/tpp/environ/object/afghanistan/rock/afgh_rock001/scenes/afgh_rock001.geom</containerEntry>
        </property>
        <property name="isVisibleGeom" type="Bool" container="StaticArray" arraySize="1">
          <containerEntry>false</containerEntry>
        </property>
        <property name="lodFarSize" type="Float" container="StaticArray" arraySize="1">
          <containerEntry>-1</containerEntry>
        </property>
        <property name="lodNearSize" type="Float" container="StaticArray" arraySize="1">
          <containerEntry>-1</containerEntry>
        </property>
        <property name="lodPolygonSize" type="Float" container="StaticArray" arraySize="1">
          <containerEntry>-1</containerEntry>
        </property>
        <property name="drawRejectionLevel" type="Int32" container="StaticArray" arraySize="1">
          <containerEntry>8</containerEntry>
        </property>
        <property name="drawMode" type="Int32" container="StaticArray" arraySize="1">
          <containerEntry>0</containerEntry>
        </property>
        <property name="rejectFarRangeShadowCast" type="Int32" container="StaticArray" arraySize="1">
          <containerEntry>2</containerEntry>
        </property>
        <property name="parentLocator" type="EntityLink" container="StaticArray" arraySize="1">
          <containerEntry packagePathHash="0xB8A0BF169F98" archivePathHash="0xB8A0BF169F98" nameInArchiveHash="0xB8A0BF169F98">0x0</containerEntry>
        </property>
        <property name="transforms" type="Matrix4" container="DynamicArray" arraySize="15">
          <containerEntry r11="-0.51312655" r12="0.4963753" r13="0.7002205" r14="0" r21="0.2664931" r22="0.8676304" r23="-0.4197601" r24="0" r31="-0.8158913" r32="-0.028786689" r33="-0.5774847" r34="0" r41="-1766.788" r42="454.25134" r43="-1731.923" r44="1"></containerEntry>
          <containerEntry r11="0.67919105" r12="-0.16797279" r13="-0.7144818" r14="0" r21="0.15978388" r22="0.983951" r23="-0.07943268" r24="0" r31="0.7163575" r32="-0.060212817" r33="0.69513" r34="0" r41="-1764.878" r42="451.92435" r43="-1718.7417" r44="1"></containerEntry>
          <containerEntry r11="-0.48721564" r12="0.4319595" r13="0.758969" r14="0" r21="-0.17163782" r22="-0.8995144" r23="0.40176737" r24="0" r31="0.85624963" r32="0.06547922" r33="0.51239604" r34="0" r41="-1765.9124" r42="449.2418" r43="-1705.0471" r44="1"></containerEntry>
          <containerEntry r11="0.984457" r12="-0.17548968" r13="0.0069073755" r14="0" r21="0.17548968" r22="0.9813873" r23="-0.07798856" r24="0" r31="0.0069073755" r32="0.07798856" r33="0.9969303" r34="0" r41="-1665.0609" r42="453.0408" r43="-1673.4783" r44="1"></containerEntry>
          <containerEntry r11="0.9582837" r12="-0.22358383" r13="0.17805234" r14="0" r21="0.2800511" r22="0.8590132" r23="-0.42856488" r24="0" r31="-0.05712919" r32="0.46055046" r33="0.88579327" r34="0" r41="-1681.5828" r42="453.1737" r43="-1668.9265" r44="1"></containerEntry>
          <containerEntry r11="0.99980456" r12="-0.019737992" r13="0.0011074364" r14="0" r21="0.019737992" r22="0.99352896" r23="-0.11185063" r24="0" r31="0.0011074364" r32="0.11185063" r33="0.9937244" r34="0" r41="-1713.012" r42="467.38074" r43="-1727.1284" r44="1"></containerEntry>
          <containerEntry r11="0.99980456" r12="-0.019737992" r13="0.0011074364" r14="0" r21="0.019737992" r22="0.99352896" r23="-0.11185063" r24="0" r31="0.0011074364" r32="0.11185063" r33="0.9937244" r34="0" r41="-1705.4862" r42="466.94275" r43="-1704.4755" r44="1"></containerEntry>
          <containerEntry r11="0.8456664" r12="0.07819526" r13="0.52795213" r14="0" r21="0.36021912" r22="-0.8135391" r23="-0.4564991" r24="0" r31="0.39381486" r32="0.57622457" r33="-0.71614975" r34="0" r41="-1710.1748" r42="467.67862" r43="-1709.198" r44="1"></containerEntry>
          <containerEntry r11="0.99980456" r12="-0.019737992" r13="0.0011074364" r14="0" r21="0.019737992" r22="0.99352896" r23="-0.11185063" r24="0" r31="0.0011074364" r32="0.11185063" r33="0.9937244" r34="0" r41="-1719.6685" r42="468.3383" r43="-1764.5153" r44="1"></containerEntry>
          <containerEntry r11="0.7276927" r12="0.1916413" r13="-0.6585867" r14="0" r21="-0.29011407" r22="0.95605433" r23="-0.042354792" r24="0" r31="0.6215276" r32="0.22188672" r33="0.75131166" r34="0" r41="-1730.918" r42="463.83298" r43="-1747.587" r44="1"></containerEntry>
          <containerEntry r11="0.8774056" r12="-0.19454013" r13="0.43853593" r14="0" r21="0.28925252" r22="0.94377744" r23="-0.16005363" r24="0" r31="-0.38274354" r32="0.2672795" r33="0.8843468" r34="0" r41="-1741.2571" r42="467.0038" r43="-1763.508" r44="1"></containerEntry>
          <containerEntry r11="0.99980456" r12="-0.019737992" r13="0.0011074364" r14="0" r21="0.019737992" r22="0.99352896" r23="-0.11185063" r24="0" r31="0.0011074364" r32="0.11185063" r33="0.9937244" r34="0" r41="-1696.8937" r42="466.06464" r43="-1708.5614" r44="1"></containerEntry>
          <containerEntry r11="0.24588321" r12="-0.44568467" r13="-0.8607593" r14="0" r21="-0.19814485" r22="0.8461586" r23="-0.49472642" r24="0" r31="0.9488309" r32="0.2921999" r33="0.11974609" r34="0" r41="-1690.657" r42="464.76285" r43="-1720.3572" r44="1"></containerEntry>
          <containerEntry r11="-0.5712799" r12="0.22878477" r13="0.7882244" r14="0" r21="-0.63528204" r22="-0.7313225" r23="-0.2481632" r24="0" r31="0.51966995" r32="-0.6425152" r33="0.5631319" r34="0" r41="-1687.1738" r42="464.18466" r43="-1710.1094" r44="1"></containerEntry>
          <containerEntry r11="-0.9549215" r12="-0.2893979" r13="-0.0661127" r14="0" r21="0.25646996" r22="-0.91644245" r23="0.3071702" r24="0" r31="-0.14948305" r32="0.27636796" r33="0.9493553" r34="0" r41="-1723.933" r42="464.959" r43="-1688.7346" r44="1"></containerEntry>
        </property>
        <property name="colors" type="UInt32" container="DynamicArray" arraySize="15">
          <containerEntry>4294967295</containerEntry>
          <containerEntry>4294967295</containerEntry>
          <containerEntry>4294967295</containerEntry>
          <containerEntry>4294967295</containerEntry>
          <containerEntry>4294967295</containerEntry>
          <containerEntry>4294967295</containerEntry>
          <containerEntry>4294967295</containerEntry>
          <containerEntry>4294967295</containerEntry>
          <containerEntry>4294967295</containerEntry>
          <containerEntry>4294967295</containerEntry>
          <containerEntry>4294967295</containerEntry>
          <containerEntry>4294967295</containerEntry>
          <containerEntry>4294967295</containerEntry>
          <containerEntry>4294967295</containerEntry>
          <containerEntry>4294967295</containerEntry>
        </property>
      </staticProperties>
      <dynamicProperties></dynamicProperties>
    </entity>
    <entity class="StaticModelArray" classVersion="4" classID="0xD0" addr="0x2D7F4A0" id="0x0">
      <staticProperties>
        <property name="name" type="String" container="StaticArray" arraySize="1">
          <containerEntry>StaticModelArray0002</containerEntry>
        </property>
        <property name="dataSet" type="EntityHandle" container="StaticArray" arraySize="1">
          <containerEntry>0x2F53730</containerEntry>
        </property>
        <property name="modelFile" type="FilePtr" container="StaticArray" arraySize="1">
          <containerEntry>/Assets/tpp/environ/object/afghanistan/rock/afgh_rock006/scenes/afgh_rock006.fmdl</containerEntry>
        </property>
        <property name="geomFile" type="FilePtr" container="StaticArray" arraySize="1">
          <containerEntry>/Assets/tpp/environ/object/afghanistan/rock/afgh_rock006/scenes/afgh_rock006.geom</containerEntry>
        </property>
        <property name="isVisibleGeom" type="Bool" container="StaticArray" arraySize="1">
          <containerEntry>false</containerEntry>
        </property>
        <property name="lodFarSize" type="Float" container="StaticArray" arraySize="1">
          <containerEntry>-1</containerEntry>
        </property>
        <property name="lodNearSize" type="Float" container="StaticArray" arraySize="1">
          <containerEntry>-1</containerEntry>
        </property>
        <property name="lodPolygonSize" type="Float" container="StaticArray" arraySize="1">
          <containerEntry>-1</containerEntry>
        </property>
        <property name="drawRejectionLevel" type="Int32" container="StaticArray" arraySize="1">
          <containerEntry>8</containerEntry>
        </property>
        <property name="drawMode" type="Int32" container="StaticArray" arraySize="1">
          <containerEntry>0</containerEntry>
        </property>
        <property name="rejectFarRangeShadowCast" type="Int32" container="StaticArray" arraySize="1">
          <containerEntry>2</containerEntry>
        </property>
        <property name="parentLocator" type="EntityLink" container="StaticArray" arraySize="1">
          <containerEntry packagePathHash="0xB8A0BF169F98" archivePathHash="0xB8A0BF169F98" nameInArchiveHash="0xB8A0BF169F98">0x0</containerEntry>
        </property>
        <property name="transforms" type="Matrix4" container="DynamicArray" arraySize="6">
          <containerEntry r11="-0.0469055" r12="-0.13269807" r13="0.9900472" r14="0" r21="-0.20062564" r22="0.9721917" r23="0.12080018" r24="0" r31="-0.97854567" r32="-0.19296257" r33="-0.07222378" r34="0" r41="-1739.494" r42="461.75595" r43="-1733.8159" r44="1"></containerEntry>
          <containerEntry r11="-0.54866993" r12="0.02688357" r13="-0.8356065" r14="0" r21="0.06370594" r22="0.9979213" r23="-0.009724503" r24="0" r31="0.8336081" r32="-0.05856865" r33="-0.5492421" r34="0" r41="-1758.5302" r42="452.72943" r43="-1721.8497" r44="1"></containerEntry>
          <containerEntry r11="0.99589825" r12="-0.0416151" r13="0.08034238" r14="0" r21="0.038987458" r22="0.99866104" r23="0.034002386" r24="0" r31="-0.081649825" r32="-0.030730568" r33="0.9961872" r34="0" r41="-1670.7509" r42="453.20023" r43="-1672.3365" r44="1"></containerEntry>
          <containerEntry r11="0.99980456" r12="-0.019737992" r13="0.0011074364" r14="0" r21="0.019737992" r22="0.99352896" r23="-0.11185063" r24="0" r31="0.0011074364" r32="0.11185063" r33="0.9937244" r34="0" r41="-1695.166" r42="466.15015" r43="-1719.6345" r44="1"></containerEntry>
          <containerEntry r11="0.99980456" r12="-0.019737992" r13="0.0011074364" r14="0" r21="0.019737992" r22="0.99352896" r23="-0.11185063" r24="0" r31="0.0011074364" r32="0.11185063" r33="0.9937244" r34="0" r41="-1715.4324" r42="466.06366" r43="-1747.2897" r44="1"></containerEntry>
          <containerEntry r11="0.99980456" r12="-0.019737992" r13="0.0011074364" r14="0" r21="0.019737992" r22="0.99352896" r23="-0.11185063" r24="0" r31="0.0011074364" r32="0.11185063" r33="0.9937244" r34="0" r41="-1699.5645" r42="464.39597" r43="-1694.5997" r44="1"></containerEntry>
        </property>
        <property name="colors" type="UInt32" container="DynamicArray" arraySize="6">
          <containerEntry>4294967295</containerEntry>
          <containerEntry>4294967295</containerEntry>
          <containerEntry>4294967295</containerEntry>
          <containerEntry>4294967295</containerEntry>
          <containerEntry>4294967295</containerEntry>
          <containerEntry>4294967295</containerEntry>
        </property>
      </staticProperties>
      <dynamicProperties></dynamicProperties>
    </entity>
    <entity class="StaticModelArray" classVersion="4" classID="0xD0" addr="0x2F53C00" id="0x0">
      <staticProperties>
        <property name="name" type="String" container="StaticArray" arraySize="1">
          <containerEntry>StaticModelArray0003</containerEntry>
        </property>
        <property name="dataSet" type="EntityHandle" container="StaticArray" arraySize="1">
          <containerEntry>0x2F53730</containerEntry>
        </property>
        <property name="modelFile" type="FilePtr" container="StaticArray" arraySize="1">
          <containerEntry>/Assets/tpp/environ/object/afghanistan/rock/afgh_rock009/scenes/afgh_rock009_rock001.fmdl</containerEntry>
        </property>
        <property name="geomFile" type="FilePtr" container="StaticArray" arraySize="1">
          <containerEntry>/Assets/tpp/environ/object/afghanistan/rock/afgh_rock009/scenes/afgh_rock009_rock001.geom</containerEntry>
        </property>
        <property name="isVisibleGeom" type="Bool" container="StaticArray" arraySize="1">
          <containerEntry>false</containerEntry>
        </property>
        <property name="lodFarSize" type="Float" container="StaticArray" arraySize="1">
          <containerEntry>-1</containerEntry>
        </property>
        <property name="lodNearSize" type="Float" container="StaticArray" arraySize="1">
          <containerEntry>-1</containerEntry>
        </property>
        <property name="lodPolygonSize" type="Float" container="StaticArray" arraySize="1">
          <containerEntry>-1</containerEntry>
        </property>
        <property name="drawRejectionLevel" type="Int32" container="StaticArray" arraySize="1">
          <containerEntry>8</containerEntry>
        </property>
        <property name="drawMode" type="Int32" container="StaticArray" arraySize="1">
          <containerEntry>0</containerEntry>
        </property>
        <property name="rejectFarRangeShadowCast" type="Int32" container="StaticArray" arraySize="1">
          <containerEntry>2</containerEntry>
        </property>
        <property name="parentLocator" type="EntityLink" container="StaticArray" arraySize="1">
          <containerEntry packagePathHash="0xB8A0BF169F98" archivePathHash="0xB8A0BF169F98" nameInArchiveHash="0xB8A0BF169F98">0x0</containerEntry>
        </property>
        <property name="transforms" type="Matrix4" container="DynamicArray" arraySize="3">
          <containerEntry r11="0.7937242" r12="-0.35846424" r13="-0.491432" r14="0" r21="0.31302714" r22="0.93342775" r23="-0.17529026" r24="0" r31="0.52155155" r32="-0.01469937" r33="0.85309327" r34="0" r41="-1747.491" r42="459.9577" r43="-1741.7212" r44="1"></containerEntry>
          <containerEntry r11="0.99997807" r12="-0.0066193845" r13="-8.765542e-05" r14="0" r21="0.0066193845" r22="0.9996274" r23="0.026479537" r24="0" r31="-8.765542e-05" r32="-0.026479537" r33="0.99964935" r34="0" r41="-1688.0707" r42="453.06766" r43="-1668.4523" r44="1"></containerEntry>
          <containerEntry r11="0.8628699" r12="0.48674393" r13="-0.1361479" r14="0" r21="-0.49484897" r22="0.8684053" r23="-0.031578135" r24="0" r31="0.10286113" r32="0.09462038" r33="0.99018514" r34="0" r41="-1702.5923" r42="467.26776" r43="-1707.8751" r44="1"></containerEntry>
        </property>
        <property name="colors" type="UInt32" container="DynamicArray" arraySize="3">
          <containerEntry>4294967295</containerEntry>
          <containerEntry>4294967295</containerEntry>
          <containerEntry>4294967295</containerEntry>
        </property>
      </staticProperties>
      <dynamicProperties></dynamicProperties>
    </entity>
    <entity class="StaticModelArray" classVersion="4" classID="0xD0" addr="0x2D7F5F0" id="0x0">
      <staticProperties>
        <property name="name" type="String" container="StaticArray" arraySize="1">
          <containerEntry>StaticModelArray0004</containerEntry>
        </property>
        <property name="dataSet" type="EntityHandle" container="StaticArray" arraySize="1">
          <containerEntry>0x2F53730</containerEntry>
        </property>
        <property name="modelFile" type="FilePtr" container="StaticArray" arraySize="1">
          <containerEntry>/Assets/tpp/environ/object/afghanistan/cliff/afgh_clff022/scenes/afgh_clff022_vrtn002.fmdl</containerEntry>
        </property>
        <property name="geomFile" type="FilePtr" container="StaticArray" arraySize="1">
          <containerEntry>/Assets/tpp/environ/object/afghanistan/cliff/afgh_clff022/scenes/afgh_clff022_vrtn002.geom</containerEntry>
        </property>
        <property name="isVisibleGeom" type="Bool" container="StaticArray" arraySize="1">
          <containerEntry>false</containerEntry>
        </property>
        <property name="lodFarSize" type="Float" container="StaticArray" arraySize="1">
          <containerEntry>-1</containerEntry>
        </property>
        <property name="lodNearSize" type="Float" container="StaticArray" arraySize="1">
          <containerEntry>-1</containerEntry>
        </property>
        <property name="lodPolygonSize" type="Float" container="StaticArray" arraySize="1">
          <containerEntry>-1</containerEntry>
        </property>
        <property name="drawRejectionLevel" type="Int32" container="StaticArray" arraySize="1">
          <containerEntry>8</containerEntry>
        </property>
        <property name="drawMode" type="Int32" container="StaticArray" arraySize="1">
          <containerEntry>0</containerEntry>
        </property>
        <property name="rejectFarRangeShadowCast" type="Int32" container="StaticArray" arraySize="1">
          <containerEntry>2</containerEntry>
        </property>
        <property name="parentLocator" type="EntityLink" container="StaticArray" arraySize="1">
          <containerEntry packagePathHash="0xB8A0BF169F98" archivePathHash="0xB8A0BF169F98" nameInArchiveHash="0xB8A0BF169F98">0x0</containerEntry>
        </property>
        <property name="transforms" type="Matrix4" container="DynamicArray" arraySize="3">
          <containerEntry r11="0.22801739" r12="0" r13="0.97365695" r14="0" r21="0" r22="1" r23="0" r24="0" r31="-0.97365695" r32="0" r33="0.22801739" r34="0" r41="-1726.5176" r42="462.59225" r43="-1711.262" r44="1"></containerEntry>
          <containerEntry r11="0.9914454" r12="0" r13="-0.13052195" r14="0" r21="0" r22="1" r23="0" r24="0" r31="0.13052195" r32="0" r33="0.9914454" r34="0" r41="-1770.3121" r42="473.353" r43="-1765.6476" r44="1"></containerEntry>
          <containerEntry r11="0.9381613" r12="0" r13="0.34619853" r14="0" r21="0" r22="1" r23="0" r24="0" r31="-0.34619853" r32="0" r33="0.9381613" r34="0" r41="-1711.118" r42="478.13455" r43="-1782.9495" r44="1"></containerEntry>
        </property>
        <property name="colors" type="UInt32" container="DynamicArray" arraySize="3">
          <containerEntry>4294967295</containerEntry>
          <containerEntry>4294967295</containerEntry>
          <containerEntry>4294967295</containerEntry>
        </property>
      </staticProperties>
      <dynamicProperties></dynamicProperties>
    </entity>
    <entity class="StaticModelArray" classVersion="4" classID="0xD0" addr="0x2D7EE10" id="0x0">
      <staticProperties>
        <property name="name" type="String" container="StaticArray" arraySize="1">
          <containerEntry>StaticModelArray0005</containerEntry>
        </property>
        <property name="dataSet" type="EntityHandle" container="StaticArray" arraySize="1">
          <containerEntry>0x2F53730</containerEntry>
        </property>
        <property name="modelFile" type="FilePtr" container="StaticArray" arraySize="1">
          <containerEntry>/Assets/tpp/environ/object/afghanistan/cliff/afgh_clff007/scenes/afgh_clff007.fmdl</containerEntry>
        </property>
        <property name="geomFile" type="FilePtr" container="StaticArray" arraySize="1">
          <containerEntry>/Assets/tpp/environ/object/afghanistan/cliff/afgh_clff007/scenes/afgh_clff007.geom</containerEntry>
        </property>
        <property name="isVisibleGeom" type="Bool" container="StaticArray" arraySize="1">
          <containerEntry>false</containerEntry>
        </property>
        <property name="lodFarSize" type="Float" container="StaticArray" arraySize="1">
          <containerEntry>-1</containerEntry>
        </property>
        <property name="lodNearSize" type="Float" container="StaticArray" arraySize="1">
          <containerEntry>-1</containerEntry>
        </property>
        <property name="lodPolygonSize" type="Float" container="StaticArray" arraySize="1">
          <containerEntry>-1</containerEntry>
        </property>
        <property name="drawRejectionLevel" type="Int32" container="StaticArray" arraySize="1">
          <containerEntry>8</containerEntry>
        </property>
        <property name="drawMode" type="Int32" container="StaticArray" arraySize="1">
          <containerEntry>0</containerEntry>
        </property>
        <property name="rejectFarRangeShadowCast" type="Int32" container="StaticArray" arraySize="1">
          <containerEntry>2</containerEntry>
        </property>
        <property name="parentLocator" type="EntityLink" container="StaticArray" arraySize="1">
          <containerEntry packagePathHash="0xB8A0BF169F98" archivePathHash="0xB8A0BF169F98" nameInArchiveHash="0xB8A0BF169F98">0x0</containerEntry>
        </property>
        <property name="transforms" type="Matrix4" container="DynamicArray" arraySize="7">
          <containerEntry r11="0.028958976" r12="0" r13="0.9995802" r14="0" r21="0" r22="1" r23="0" r24="0" r31="-0.9995802" r32="0" r33="0.028958976" r34="0" r41="-1728.5085" r42="463.7577" r43="-1724.9753" r44="1"></containerEntry>
          <containerEntry r11="0.3777005" r12="0" r13="0.92592776" r14="0" r21="0" r22="1" r23="0" r24="0" r31="-0.92592776" r32="0" r33="0.3777005" r34="0" r41="-1718.6862" r42="465.90326" r43="-1714.6165" r44="1"></containerEntry>
          <containerEntry r11="0.4014048" r12="0" r13="0.9159" r14="0" r21="0" r22="1" r23="0" r24="0" r31="-0.9159" r32="0" r33="0.4014048" r34="0" r41="-1726.2672" r42="463.7577" r43="-1713.6924" r44="1"></containerEntry>
          <containerEntry r11="-0.24584377" r12="0" r13="0.9693097" r14="0" r21="0" r22="1" r23="0" r24="0" r31="-0.9693097" r32="0" r33="-0.24584377" r34="0" r41="-1717.269" r42="465.90326" r43="-1725.8276" r44="1"></containerEntry>
          <containerEntry r11="-0.63814914" r12="0.06434137" r13="-0.7672197" r14="0" r21="0.013209168" r22="0.9972703" r23="0.072647125" r24="0" r31="0.76979965" r32="0.03622536" r33="-0.63725704" r34="0" r41="-1669.9692" r42="457.36884" r43="-1709.8092" r44="1"></containerEntry>
          <containerEntry r11="-0.23959064" r12="0.07369456" r13="-0.96807325" r14="0" r21="0.01320936" r22="0.99727017" r23="0.07264797" r24="0" r31="0.9707843" r32="0.004618138" r33="-0.23991007" r34="0" r41="-1675.4467" r42="458.52423" r43="-1724.1119" r44="1"></containerEntry>
          <containerEntry r11="0.9994056" r12="-0.0026906668" r13="-0.034368135" r14="0" r21="0.008687124" r22="0.98443294" r23="0.17554553" r24="0" r31="0.033360787" r32="-0.17573975" r33="0.9838712" r34="0" r41="-1692.2543" r42="453.43427" r43="-1677.282" r44="1"></containerEntry>
        </property>
        <property name="colors" type="UInt32" container="DynamicArray" arraySize="7">
          <containerEntry>4294967295</containerEntry>
          <containerEntry>4294967295</containerEntry>
          <containerEntry>4294967295</containerEntry>
          <containerEntry>4294967295</containerEntry>
          <containerEntry>4294967295</containerEntry>
          <containerEntry>4294967295</containerEntry>
          <containerEntry>4294967295</containerEntry>
        </property>
      </staticProperties>
      <dynamicProperties></dynamicProperties>
    </entity>
    <entity class="StaticModelArray" classVersion="4" classID="0xD0" addr="0x2D7F430" id="0x0">
      <staticProperties>
        <property name="name" type="String" container="StaticArray" arraySize="1">
          <containerEntry>StaticModelArray0006</containerEntry>
        </property>
        <property name="dataSet" type="EntityHandle" container="StaticArray" arraySize="1">
          <containerEntry>0x2F53730</containerEntry>
        </property>
        <property name="modelFile" type="FilePtr" container="StaticArray" arraySize="1">
          <containerEntry>/Assets/tpp/environ/object/afghanistan/cliff/afgh_clff013/scenes/afgh_clff013.fmdl</containerEntry>
        </property>
        <property name="geomFile" type="FilePtr" container="StaticArray" arraySize="1">
