<fox formatVersion="2" fileVersion="0">
  <entities>
    <entity class="DataSet" classVersion="0" classID="0xE8" addr="0x2F04300" id="0x6687C3C">
      <staticProperties>
        <property name="name" type="String" container="StaticArray" arraySize="1">
          <containerEntry hash="0xB8A0BF169F98"></containerEntry>
        </property>
        <property name="dataSet" type="EntityHandle" container="StaticArray" arraySize="1">
          <containerEntry>0x0</containerEntry>
        </property>
        <property name="dataList" type="EntityPtr" container="StringMap" arraySize="3">
          <containerEntry key="StaticModelArray0000">
            <data>0x2D77780</data>
          </containerEntry>
          <containerEntry key="StaticModelArray0001">
            <data>0x2D779B0</data>
          </containerEntry>
          <containerEntry key="TexturePackLoadConditioner0000">
            <data>0x2D78190</data>
          </containerEntry>
        </property>
      </staticProperties>
      <dynamicProperties></dynamicProperties>
    </entity>
    <entity class="StaticModelArray" classVersion="4" classID="0xD0" addr="0x2D77780" id="0x0">
      <staticProperties>
        <property name="name" type="String" container="StaticArray" arraySize="1">
          <containerEntry>StaticModelArray0000</containerEntry>
        </property>
        <property name="dataSet" type="EntityHandle" container="StaticArray" arraySize="1">
          <containerEntry>0x2F04300</containerEntry>
        </property>
        <property name="modelFile" type="FilePtr" container="StaticArray" arraySize="1">
          <containerEntry>/Assets/tpp/environ/object/middle_africa/rock/mafr_rock009/scenes/mafr_rock009_vrtn001.fmdl</containerEntry>
        </property>
        <property name="geomFile" type="FilePtr" container="StaticArray" arraySize="1">
          <containerEntry>/Assets/tpp/environ/object/middle_africa/rock/mafr_rock009/scenes/mafr_rock009_vrtn001.geom</containerEntry>
        </property>
        <property name="isVisibleGeom" type="Bool" container="StaticArray" arraySize="1">
          <containerEntry>false</containerEntry>
        </property>
        <property name="lodFarSize" type="Float" container="StaticArray" arraySize="1">
          <containerEntry>-1</containerEntry>
        </property>
        <property name="lodNearSize" type="Float" container="StaticArray" arraySize="1">
          <containerEntry>-1</containerEntry>
        </property>
        <property name="lodPolygonSize" type="Float" container="StaticArray" arraySize="1">
          <containerEntry>-1</containerEntry>
        </property>
        <property name="drawRejectionLevel" type="Int32" container="StaticArray" arraySize="1">
          <containerEntry>5</containerEntry>
        </property>
        <property name="drawMode" type="Int32" container="StaticArray" arraySize="1">
          <containerEntry>0</containerEntry>
        </property>
        <property name="rejectFarRangeShadowCast" type="Int32" container="StaticArray" arraySize="1">
          <containerEntry>2</containerEntry>
        </property>
        <property name="parentLocator" type="EntityLink" container="StaticArray" arraySize="1">
          <containerEntry packagePathHash="0xB8A0BF169F98" archivePathHash="0xB8A0BF169F98" nameInArchiveHash="0xB8A0BF169F98">0x0</containerEntry>
        </property>
        <property name="transforms" type="Matrix4" container="DynamicArray" arraySize="17">
          <containerEntry r11="-0.91973805" r12="0.49644566" r13="-0.41622674" r14="0" r21="0.6086735" r22="0.9097041" r23="-0.2599607" r24="0" r31="0.22185476" r32="-0.4377268" r33="-1.0123223" r34="0" r41="-1069.863" r42="-31.289783" r43="-407.0985" r44="1"></containerEntry>
          <containerEntry r11="0.87901187" r12="-0.81522554" r13="0.052393038" r14="0" r21="0.81151813" r22="0.8625892" r23="-0.1933336" r24="0" r31="0.093680784" r32="0.17705034" r33="1.1831641" r34="0" r41="-1095.0981" r42="-28.97862" r43="-412.11078" r44="1"></containerEntry>
          <containerEntry r11="-0.36420754" r12="0.59986395" r13="0.31688225" r14="0" r21="0.50356925" r22="0.4800466" r23="-0.32995883" r24="0" r31="-0.4546088" r32="0.05116682" r33="-0.61936307" r34="0" r41="-1135.9868" r42="-28.018433" r43="-444.88336" r44="1"></containerEntry>
          <containerEntry r11="0.71742916" r12="-0.6677678" r13="-0.19844376" r14="0" r21="0.66631645" r22="0.74089706" r23="-0.08421694" r24="0" r31="0.20326377" r32="-0.07180709" r33="0.9764873" r34="0" r41="-1107.9496" r42="-28.446037" r43="-424.51068" r44="1"></containerEntry>
          <containerEntry r11="-0.45249823" r12="0.46645528" r13="0.21653561" r14="0" r21="0.47654334" r22="0.4887538" r23="-0.057015512" r24="0" r31="-0.19332519" r32="0.11297698" r33="-0.647367" r34="0" r41="-1146.8309" r42="-26.396368" r43="-472.2394" r44="1"></containerEntry>
          <containerEntry r11="-0.75980186" r12="-0.014079601" r13="-0.6499967" r14="0" r21="0.5532651" r22="0.51107067" r23="-0.6578013" r24="0" r31="0.34145516" r32="-0.8594222" r33="-0.38052088" r34="0" r41="-1108.6036" r42="-36.688915" r43="-405.00317" r44="1"></containerEntry>
          <containerEntry r11="0.20259342" r12="0.38948265" r13="0.6507561" r14="0" r21="0.32332438" r22="0.5649418" r23="-0.43877885" r24="0" r31="-0.68603325" r32="0.3812726" r33="-0.01461877" r34="0" r41="-1127.1489" r42="-25.78092" r43="-424.0063" r44="1"></containerEntry>
          <containerEntry r11="0.18020162" r12="-0.19011594" r13="0.9650798" r14="0" r21="0.5403461" r22="0.83897585" r23="0.06438053" r24="0" r31="-0.821918" r32="0.5098771" r33="0.25391382" r34="0" r41="-1087.6488" r42="-26.507841" r43="-406.5741" r44="1"></containerEntry>
          <containerEntry r11="0.18020162" r12="-0.19011594" r13="0.9650798" r14="0" r21="0.5403461" r22="0.83897585" r23="0.06438053" r24="0" r31="-0.821918" r32="0.5098771" r33="0.25391382" r34="0" r41="-1058.0507" r42="-26.507841" r43="-377.02118" r44="1"></containerEntry>
          <containerEntry r11="0.23078513" r12="0.1606289" r13="0.95965296" r14="0" r21="0.55399644" r22="0.7891115" r23="-0.26531154" r24="0" r31="-0.7998896" r32="0.5928749" r33="0.09312749" r34="0" r41="-1055.333" r42="-21.41759" r43="-398.1329" r44="1"></containerEntry>
          <containerEntry r11="0.7383109" r12="-0.015515208" r13="0.674281" r14="0" r21="0.4488513" r22="0.75750583" r23="-0.4740423" r24="0" r31="-0.5034164" r32="0.65264297" r33="0.566239" r34="0" r41="-1085.0846" r42="-27.681728" r43="-384.98193" r44="1"></containerEntry>
          <containerEntry r11="-0.47759616" r12="0.8046944" r13="0.3526485" r14="0" r21="0.61472726" r22="0.5928415" r23="-0.5202377" r24="0" r31="-0.62769777" r32="-0.031682357" r33="-0.77780604" r34="0" r41="-1111.0585" r42="-31.855852" r43="-381.16498" r44="1"></containerEntry>
          <containerEntry r11="-0.23689112" r12="0.68801427" r13="-0.44893298" r14="0" r21="0.3609873" r22="0.50687927" r23="0.5863323" r24="0" r31="0.7379651" r32="-0.027089296" r33="-0.43092322" r34="0" r41="-1066.1284" r42="-30.356524" r43="-381.16498" r44="1"></containerEntry>
          <containerEntry r11="-0.32785076" r12="0.015235564" r13="-0.69654834" r14="0" r21="-0.49168977" r22="0.5403437" r23="0.2432476" r24="0" r31="0.49361214" r32="0.5483576" r33="-0.22033846" r34="0" r41="-1142.9567" r42="-26.691408" r43="-458.30103" r44="1"></containerEntry>
          <containerEntry r11="0.4094854" r12="0.6880138" r13="0.29997033" r14="0" r21="-0.5811966" r22="0.5068796" r23="-0.3691983" r24="0" r31="-0.4749271" r32="-0.027089028" r33="0.710447" r34="0" r41="-1147.519" r42="-30.356524" r43="-399.25153" r44="1"></containerEntry>
          <containerEntry r11="0.53816926" r12="0.16062932" r13="-0.82738787" r14="0" r21="-0.5735522" r22="0.7891115" r23="-0.21986432" r24="0" r31="0.6175843" r32="0.59287494" r33="0.5168052" r34="0" r41="-1026.1042" r42="-21.41759" r43="-388.9705" r44="1"></containerEntry>
          <containerEntry r11="-0.5641794" r12="-0.6330591" r13="0.53003234" r14="0" r21="-0.82549006" r22="0.44513762" r23="-0.34701222" r24="0" r31="-0.016257524" r32="-0.63331467" r33="-0.7737211" r34="0" r41="-1031.3091" r42="-23.297731" r43="-417.61353" r44="1"></containerEntry>
        </property>
        <property name="colors" type="UInt32" container="DynamicArray" arraySize="17">
          <containerEntry>4294967295</containerEntry>
          <containerEntry>4294967295</containerEntry>
          <containerEntry>4294967295</containerEntry>
          <containerEntry>4294967295</containerEntry>
          <containerEntry>4294967295</containerEntry>
          <containerEntry>4294967295</containerEntry>
          <containerEntry>4294967295</containerEntry>
          <containerEntry>4294967295</containerEntry>
          <containerEntry>4294967295</containerEntry>
          <containerEntry>4294967295</containerEntry>
          <containerEntry>4294967295</containerEntry>
          <containerEntry>4294967295</containerEntry>
          <containerEntry>4294967295</containerEntry>
          <containerEntry>4294967295</containerEntry>
          <containerEntry>4294967295</containerEntry>
          <containerEntry>4294967295</containerEntry>
          <containerEntry>4294967295</containerEntry>
        </property>
      </staticProperties>
      <dynamicProperties></dynamicProperties>
    </entity>
    <entity class="StaticModelArray" classVersion="4" classID="0xD0" addr="0x2D779B0" id="0x0">
      <staticProperties>
        <property name="name" type="String" container="StaticArray" arraySize="1">
          <containerEntry>StaticModelArray0001</containerEntry>
        </property>
        <property name="dataSet" type="EntityHandle" container="StaticArray" arraySize="1">
          <containerEntry>0x2F04300</containerEntry>
        </property>
        <property name="modelFile" type="FilePtr" container="StaticArray" arraySize="1">
          <containerEntry>/Assets/tpp/environ/object/middle_africa/cliff/mafr_clff003/scenes/mafr_clff003.fmdl</containerEntry>
        </property>
        <property name="geomFile" type="FilePtr" container="StaticArray" arraySize="1">
          <containerEntry>/Assets/tpp/environ/object/middle_africa/cliff/mafr_clff003/scenes/mafr_clff003.geom</containerEntry>
        </property>
        <property name="isVisibleGeom" type="Bool" container="StaticArray" arraySize="1">
          <containerEntry>false</containerEntry>
        </property>
        <property name="lodFarSize" type="Float" container="StaticArray" arraySize="1">
          <containerEntry>-1</containerEntry>
        </property>
        <property name="lodNearSize" type="Float" container="StaticArray" arraySize="1">
          <containerEntry>-1</containerEntry>
        </property>
        <property name="lodPolygonSize" type="Float" container="StaticArray" arraySize="1">
          <containerEntry>-1</containerEntry>
        </property>
        <property name="drawRejectionLevel" type="Int32" container="StaticArray" arraySize="1">
          <containerEntry>8</containerEntry>
        </property>
        <property name="drawMode" type="Int32" container="StaticArray" arraySize="1">
          <containerEntry>0</containerEntry>
        </property>
        <property name="rejectFarRangeShadowCast" type="Int32" container="StaticArray" arraySize="1">
          <containerEntry>2</containerEntry>
        </property>
        <property name="parentLocator" type="EntityLink" container="StaticArray" arraySize="1">
          <containerEntry packagePathHash="0xB8A0BF169F98" archivePathHash="0xB8A0BF169F98" nameInArchiveHash="0xB8A0BF169F98">0x0</containerEntry>
        </property>
        <property name="transforms" type="Matrix4" container="DynamicArray" arraySize="3">
          <containerEntry r11="0.8454386" r12="-0.11105252" r13="0.5223991" r14="0" r21="0.35946724" r22="0.8417383" r23="-0.40281498" r24="0" r31="-0.3949896" r32="0.52834076" r33="0.75155777" r34="0" r41="-1054.9116" r42="-10.784737" r43="-438.14508" r44="1"></containerEntry>
          <containerEntry r11="0.64204973" r12="0.17197756" r13="0.7471255" r14="0" r21="0.3121646" r22="0.831432" r23="-0.45964602" r24="0" r31="-0.70023286" r32="0.52834165" r33="0.48013532" r34="0" r41="-1094.3492" r42="-10.305357" r43="-470.87192" r44="1"></containerEntry>
          <containerEntry r11="0.80127364" r12="0.1719782" r13="0.5730485" r14="0" r21="0.2582531" r22="0.76455605" r23="-0.59055907" r24="0" r31="-0.539691" r32="0.62119097" r33="0.56820476" r34="0" r41="-1132.6848" r42="-17.205843" r43="-519.84186" r44="1"></containerEntry>
        </property>
        <property name="colors" type="UInt32" container="DynamicArray" arraySize="3">
          <containerEntry>4294967295</containerEntry>
          <containerEntry>4294967295</containerEntry>
          <containerEntry>4294967295</containerEntry>
        </property>
      </staticProperties>
      <dynamicProperties></dynamicProperties>
    </entity>
    <entity class="TexturePackLoadConditioner" classVersion="0" classID="0x48" addr="0x2D78190" id="0x0">
      <staticProperties>
        <property name="name" type="String" container="StaticArray" arraySize="1">
          <containerEntry>TexturePackLoadConditioner0000</containerEntry>
        </property>
        <property name="dataSet" type="EntityHandle" container="StaticArray" arraySize="1">
          <containerEntry>0x2F04300</containerEntry>
        </property>
        <property name="texturePackPath" type="Path" container="StaticArray" arraySize="1">
          <containerEntry hash="0xB8A0BF169F98"></containerEntry>
        </property>
      </staticProperties>
      <dynamicProperties></dynamicProperties>
    </entity>
  </entities>
</fox>