<fox formatVersion="2" fileVersion="0">
  <entities>
    <entity class="DataSet" classVersion="0" classID="0xE8" addr="0x2F04300" id="0x1616BD">
      <staticProperties>
        <property name="name" type="String" container="StaticArray" arraySize="1">
          <containerEntry hash="0xB8A0BF169F98"></containerEntry>
        </property>
        <property name="dataSet" type="EntityHandle" container="StaticArray" arraySize="1">
          <containerEntry>0x0</containerEntry>
        </property>
        <property name="dataList" type="EntityPtr" container="StringMap" arraySize="4">
          <containerEntry key="mafr_clod005_0013">
            <data>0x2F04290</data>
          </containerEntry>
          <containerEntry key="StaticModelArray0000">
            <data>0x2D78DD0</data>
          </containerEntry>
          <containerEntry key="StaticModelArray0001">
            <data>0x2D78E40</data>
          </containerEntry>
          <containerEntry key="TexturePackLoadConditioner0000">
            <data>0x2D79460</data>
          </containerEntry>
        </property>
      </staticProperties>
      <dynamicProperties></dynamicProperties>
    </entity>
    <entity class="StaticModel" classVersion="9" classID="0x160" addr="0x2F04290" id="0x1616BF">
      <staticProperties>
        <property name="name" type="String" container="StaticArray" arraySize="1">
          <containerEntry>mafr_clod005_0013</containerEntry>
        </property>
        <property name="dataSet" type="EntityHandle" container="StaticArray" arraySize="1">
          <containerEntry>0x2F04300</containerEntry>
        </property>
        <property name="parent" type="EntityHandle" container="StaticArray" arraySize="1">
          <containerEntry>0x0</containerEntry>
        </property>
        <property name="transform" type="EntityPtr" container="StaticArray" arraySize="1">
          <containerEntry>0x2F04220</containerEntry>
        </property>
        <property name="shearTransform" type="EntityPtr" container="StaticArray" arraySize="1">
          <containerEntry>0x0</containerEntry>
        </property>
        <property name="pivotTransform" type="EntityPtr" container="StaticArray" arraySize="1">
          <containerEntry>0x0</containerEntry>
        </property>
        <property name="children" type="EntityHandle" container="List"></property>
        <property name="flags" type="UInt32" container="StaticArray" arraySize="1">
          <containerEntry>7</containerEntry>
        </property>
        <property name="modelFile" type="FilePtr" container="StaticArray" arraySize="1">
          <containerEntry>/Assets/tpp/environ/object/middle_africa/clod/mafr_clod005/scenes/mafr_clod005.fmdl</containerEntry>
        </property>
        <property name="geomFile" type="FilePtr" container="StaticArray" arraySize="1">
          <containerEntry>/Assets/tpp/environ/object/middle_africa/clod/mafr_clod005/scenes/mafr_clod005.geom</containerEntry>
        </property>
        <property name="isVisibleGeom" type="Bool" container="StaticArray" arraySize="1">
          <containerEntry>false</containerEntry>
        </property>
        <property name="isIsolated" type="Bool" container="StaticArray" arraySize="1">
          <containerEntry>false</containerEntry>
        </property>
        <property name="lodFarSize" type="Float" container="StaticArray" arraySize="1">
          <containerEntry>-1</containerEntry>
        </property>
        <property name="lodNearSize" type="Float" container="StaticArray" arraySize="1">
          <containerEntry>-1</containerEntry>
        </property>
        <property name="lodPolygonSize" type="Float" container="StaticArray" arraySize="1">
          <containerEntry>-1</containerEntry>
        </property>
        <property name="color" type="Color" container="StaticArray" arraySize="1">
          <containerEntry r="1" g="1" b="1" a="1"></containerEntry>
        </property>
        <property name="drawRejectionLevel" type="Int32" container="StaticArray" arraySize="1">
          <containerEntry>8</containerEntry>
        </property>
        <property name="drawMode" type="Int32" container="StaticArray" arraySize="1">
          <containerEntry>0</containerEntry>
        </property>
        <property name="rejectFarRangeShadowCast" type="Int32" container="StaticArray" arraySize="1">
          <containerEntry>2</containerEntry>
        </property>
      </staticProperties>
      <dynamicProperties></dynamicProperties>
    </entity>
    <entity class="TransformEntity" classVersion="0" classID="0x50" addr="0x2F04220" id="0x1616C2">
      <staticProperties>
        <property name="owner" type="EntityHandle" container="StaticArray" arraySize="1">
          <containerEntry>0x2F04290</containerEntry>
        </property>
        <property name="transform_scale" type="Vector3" container="StaticArray" arraySize="1">
          <containerEntry x="2.894947" y="2.894947" z="2.894947" w="0"></containerEntry>
        </property>
        <property name="transform_rotation_quat" type="Quat" container="StaticArray" arraySize="1">
          <containerEntry x="0.009706" y="-0.679505" z="0.032647" w="-0.73288"></containerEntry>
        </property>
        <property name="transform_translation" type="Vector3" container="StaticArray" arraySize="1">
          <containerEntry x="846.7708" y="158.4523" z="-1436.4071" w="0"></containerEntry>
        </property>
      </staticProperties>
      <dynamicProperties></dynamicProperties>
    </entity>
    <entity class="StaticModelArray" classVersion="4" classID="0xD0" addr="0x2D78DD0" id="0x0">
      <staticProperties>
        <property name="name" type="String" container="StaticArray" arraySize="1">
          <containerEntry>StaticModelArray0000</containerEntry>
        </property>
        <property name="dataSet" type="EntityHandle" container="StaticArray" arraySize="1">
          <containerEntry>0x2F04300</containerEntry>
        </property>
        <property name="modelFile" type="FilePtr" container="StaticArray" arraySize="1">
          <containerEntry>/Assets/tpp/environ/object/middle_africa/tree/mafr_tree032/scenes/mafr_tree032.fmdl</containerEntry>
        </property>
        <property name="geomFile" type="FilePtr" container="StaticArray" arraySize="1">
          <containerEntry>/Assets/tpp/environ/object/middle_africa/tree/mafr_tree032/scenes/mafr_tree032.geom</containerEntry>
        </property>
        <property name="isVisibleGeom" type="Bool" container="StaticArray" arraySize="1">
          <containerEntry>false</containerEntry>
        </property>
        <property name="lodFarSize" type="Float" container="StaticArray" arraySize="1">
          <containerEntry>-1</containerEntry>
        </property>
        <property name="lodNearSize" type="Float" container="StaticArray" arraySize="1">
          <containerEntry>-1</containerEntry>
        </property>
        <property name="lodPolygonSize" type="Float" container="StaticArray" arraySize="1">
          <containerEntry>-1</containerEntry>
        </property>
        <property name="drawRejectionLevel" type="Int32" container="StaticArray" arraySize="1">
          <containerEntry>8</containerEntry>
        </property>
        <property name="drawMode" type="Int32" container="StaticArray" arraySize="1">
          <containerEntry>0</containerEntry>
        </property>
        <property name="rejectFarRangeShadowCast" type="Int32" container="StaticArray" arraySize="1">
          <containerEntry>2</containerEntry>
        </property>
        <property name="parentLocator" type="EntityLink" container="StaticArray" arraySize="1">
          <containerEntry packagePathHash="0xB8A0BF169F98" archivePathHash="0xB8A0BF169F98" nameInArchiveHash="0xB8A0BF169F98">0x0</containerEntry>
        </property>
        <property name="transforms" type="Matrix4" container="DynamicArray" arraySize="15">
          <containerEntry r11="0.08848609" r12="0.03335174" r13="0.9955192" r14="0" r21="-0.16398278" r22="0.98629034" r23="-0.018466994" r24="0" r31="-0.9824869" r32="-0.16161387" r33="0.092742085" r34="0" r41="902.068" r42="168.21779" r43="-1516.8428" r44="1"></containerEntry>
          <containerEntry r11="0.08848609" r12="0.03335174" r13="0.9955192" r14="0" r21="-0.16398278" r22="0.98629034" r23="-0.018466994" r24="0" r31="-0.9824869" r32="-0.16161387" r33="0.092742085" r34="0" r41="911.74146" r42="168.6145" r43="-1529.6444" r44="1"></containerEntry>
          <containerEntry r11="0.27467662" r12="0" r13="0.961537" r14="0" r21="0" r22="1" r23="0" r24="0" r31="-0.961537" r32="0" r33="0.27467662" r34="0" r41="850.1201" r42="157.51695" r43="-1514.573" r44="1"></containerEntry>
          <containerEntry r11="0.27467662" r12="0" r13="0.961537" r14="0" r21="0" r22="1" r23="0" r24="0" r31="-0.961537" r32="0" r33="0.27467662" r34="0" r41="875.528" r42="154.70245" r43="-1531.0571" r44="1"></containerEntry>
          <containerEntry r11="0.27467662" r12="0" r13="0.961537" r14="0" r21="0" r22="1" r23="0" r24="0" r31="-0.961537" r32="0" r33="0.27467662" r34="0" r41="919.74176" r42="169.59937" r43="-1516.6378" r44="1"></containerEntry>
          <containerEntry r11="0.19090025" r12="0" r13="0.6682682" r14="0" r21="0" r22="0.602347" r23="0" r24="0" r31="-0.6682682" r32="0" r33="0.19090025" r34="0" r41="938.42316" r42="167.75197" r43="-1517.628" r44="1"></containerEntry>
          <containerEntry r11="0.34263244" r12="0" r13="0.3404648" r14="0" r21="0" r22="0.483025" r23="0" r24="0" r31="-0.3404648" r32="0" r33="0.34263244" r34="0" r41="929.8835" r42="168.21016" r43="-1518.9846" r44="1"></containerEntry>
          <containerEntry r11="-0.22664785" r12="0" r13="0.9739771" r14="0" r21="0" r22="1" r23="0" r24="0" r31="-0.9739771" r32="0" r33="-0.22664785" r34="0" r41="854.5711" r42="166.95807" r43="-1428.881" r44="1"></containerEntry>
          <containerEntry r11="-0.67097473" r12="0" r13="0.741481" r14="0" r21="0" r22="1" r23="0" r24="0" r31="-0.741481" r32="0" r33="-0.67097473" r34="0" r41="835.1417" r42="166.88248" r43="-1448.1783" r44="1"></containerEntry>
          <containerEntry r11="-0.33997178" r12="0" r13="1.4609656" r14="0" r21="0" r22="1.5" r23="0" r24="0" r31="-1.4609656" r32="0" r33="-0.33997178" r34="0" r41="864.3361" r42="159.11066" r43="-1463.4476" r44="1"></containerEntry>
          <containerEntry r11="-0.27495527" r12="0" r13="0.96145654" r14="0" r21="0" r22="1" r23="0" r24="0" r31="-0.96145654" r32="0" r33="-0.27495527" r34="0" r41="844.9584" r42="163.72696" r43="-1489.4758" r44="1"></containerEntry>
          <containerEntry r11="-0.74152213" r12="0" r13="0.6709238" r14="0" r21="0" r22="1" r23="0" r24="0" r31="-0.6709238" r32="0" r33="-0.74152213" r34="0" r41="908.65564" r42="168.54303" r43="-1503.2631" r44="1"></containerEntry>
          <containerEntry r11="0.4347816" r12="0" r13="0.90053564" r14="0" r21="0" r22="1" r23="0" r24="0" r31="-0.90053564" r32="0" r33="0.4347816" r34="0" r41="875.29987" r42="160.03172" r43="-1427.3745" r44="1"></containerEntry>
          <containerEntry r11="0.30911636" r12="0" r13="0.9510246" r14="0" r21="0" r22="1" r23="0" r24="0" r31="-0.9510246" r32="0" r33="0.30911636" r34="0" r41="823.1886" r42="169.77577" r43="-1425.0411" r44="1"></containerEntry>
          <containerEntry r11="-0.27495527" r12="0" r13="0.96145654" r14="0" r21="0" r22="1" r23="0" r24="0" r31="-0.96145654" r32="0" r33="-0.27495527" r34="0" r41="844.19836" r42="162.21909" r43="-1472.3721" r44="1"></containerEntry>
        </property>
        <property name="colors" type="UInt32" container="DynamicArray" arraySize="15">
          <containerEntry>4294967295</containerEntry>
          <containerEntry>4294967295</containerEntry>
          <containerEntry>4294967295</containerEntry>
          <containerEntry>4294967295</containerEntry>
          <containerEntry>4294967295</containerEntry>
          <containerEntry>4294967295</containerEntry>
          <containerEntry>4294967295</containerEntry>
          <containerEntry>4294967295</containerEntry>
          <containerEntry>4294967295</containerEntry>
          <containerEntry>4294967295</containerEntry>
          <containerEntry>4294967295</containerEntry>
          <containerEntry>4294967295</containerEntry>
          <containerEntry>4294967295</containerEntry>
          <containerEntry>4294967295</containerEntry>
          <containerEntry>4294967295</containerEntry>
        </property>
      </staticProperties>
      <dynamicProperties></dynamicProperties>
    </entity>
    <entity class="StaticModelArray" classVersion="4" classID="0xD0" addr="0x2D78E40" id="0x0">
      <staticProperties>
        <property name="name" type="String" container="StaticArray" arraySize="1">
          <containerEntry>StaticModelArray0001</containerEntry>
        </property>
        <property name="dataSet" type="EntityHandle" container="StaticArray" arraySize="1">
          <containerEntry>0x2F04300</containerEntry>
        </property>
        <property name="modelFile" type="FilePtr" container="StaticArray" arraySize="1">
          <containerEntry>/Assets/tpp/environ/object/middle_africa/tree/mafr_tree031/scenes/mafr_tree031_vrtn007.fmdl</containerEntry>
        </property>
        <property name="geomFile" type="FilePtr" container="StaticArray" arraySize="1">
          <containerEntry>/Assets/tpp/environ/object/middle_africa/tree/mafr_tree031/scenes/mafr_tree031_vrtn007.geom</containerEntry>
        </property>
        <property name="isVisibleGeom" type="Bool" container="StaticArray" arraySize="1">
          <containerEntry>false</containerEntry>
        </property>
        <property name="lodFarSize" type="Float" container="StaticArray" arraySize="1">
          <containerEntry>-1</containerEntry>
        </property>
        <property name="lodNearSize" type="Float" container="StaticArray" arraySize="1">
          <containerEntry>-1</containerEntry>
        </property>
        <property name="lodPolygonSize" type="Float" container="StaticArray" arraySize="1">
          <containerEntry>-1</containerEntry>
        </property>
        <property name="drawRejectionLevel" type="Int32" container="StaticArray" arraySize="1">
          <containerEntry>8</containerEntry>
        </property>
        <property name="drawMode" type="Int32" container="StaticArray" arraySize="1">
          <containerEntry>0</containerEntry>
        </property>
        <property name="rejectFarRangeShadowCast" type="Int32" container="StaticArray" arraySize="1">
          <containerEntry>2</containerEntry>
        </property>
        <property name="parentLocator" type="EntityLink" container="StaticArray" arraySize="1">
          <containerEntry packagePathHash="0xB8A0BF169F98" archivePathHash="0xB8A0BF169F98" nameInArchiveHash="0xB8A0BF169F98">0x0</containerEntry>
        </property>
        <property name="transforms" type="Matrix4" container="DynamicArray" arraySize="6">
          <containerEntry r11="0.59672976" r12="0" r13="0.8024426" r14="0" r21="0" r22="1" r23="0" r24="0" r31="-0.8024426" r32="0" r33="0.59672976" r34="0" r41="850.05676" r42="159.69443" r43="-1510.0925" r44="1"></containerEntry>
          <containerEntry r11="0.24078828" r12="0.20520812" r13="0.94863564" r14="0" r21="-0.050486386" r22="0.97871834" r23="-0.19890073" r24="0" r31="-0.96926314" r32="-3.5762787e-07" r33="0.24602413" r34="0" r41="845.34827" r42="152.37344" r43="-1535.7955" r44="1"></containerEntry>
          <containerEntry r11="0.12767762" r12="0" r13="0.9918157" r14="0" r21="0" r22="1" r23="0" r24="0" r31="-0.9918157" r32="0" r33="0.12767762" r34="0" r41="837.22217" r42="163.8091" r43="-1482.5164" r44="1"></containerEntry>
          <containerEntry r11="-0.05936051" r12="0.0778491" r13="0.99519604" r14="0" r21="0.004635565" r22="0.99696517" r23="-0.07771096" r24="0" r31="-0.9982255" r32="3.017485e-07" r33="-0.059541225" r34="0" r41="821.02185" r42="165.27084" r43="-1498.3895" r44="1"></containerEntry>
          <containerEntry r11="0.8524072" r12="-0.02538095" r13="0.52226" r14="0" r21="0.09617862" r22="0.9893895" r23="-0.10889526" r24="0" r31="-0.5139547" r32="0.14305337" r33="0.8458038" r34="0" r41="828.51355" r42="162.61183" r43="-1508.9241" r44="1"></containerEntry>
          <containerEntry r11="0.0068536946" r12="0.1336599" r13="0.9910032" r14="0" r21="-0.00092496723" r22="0.99102724" r23="-0.13365671" r24="0" r31="-0.99997574" r32="-6.556511e-07" r33="0.0069158077" r34="0" r41="829.7949" r42="166.88005" r43="-1463.6051" r44="1"></containerEntry>
        </property>
        <property name="colors" type="UInt32" container="DynamicArray" arraySize="6">
          <containerEntry>4294967295</containerEntry>
          <containerEntry>4294967295</containerEntry>
          <containerEntry>4294967295</containerEntry>
          <containerEntry>4294967295</containerEntry>
          <containerEntry>4294967295</containerEntry>
          <containerEntry>4294967295</containerEntry>
        </property>
      </staticProperties>
      <dynamicProperties></dynamicProperties>
    </entity>
    <entity class="TexturePackLoadConditioner" classVersion="0" classID="0x48" addr="0x2D79460" id="0x0">
      <staticProperties>
        <property name="name" type="String" container="StaticArray" arraySize="1">
          <containerEntry>TexturePackLoadConditioner0000</containerEntry>
        </property>
        <property name="dataSet" type="EntityHandle" container="StaticArray" arraySize="1">
          <containerEntry>0x2F04300</containerEntry>
        </property>
        <property name="texturePackPath" type="Path" container="StaticArray" arraySize="1">
          <containerEntry hash="0xB8A0BF169F98"></containerEntry>
        </property>
      </staticProperties>
      <dynamicProperties></dynamicProperties>
    </entity>
  </entities>
</fox>