<fox formatVersion="2" fileVersion="0">
  <entities>
    <entity class="DataSet" classVersion="0" classID="0xE8" addr="0x2D7F890" id="0x18BF2DA">
      <staticProperties>
        <property name="name" type="String" container="StaticArray" arraySize="1">
          <containerEntry hash="0xB8A0BF169F98"></containerEntry>
        </property>
        <property name="dataSet" type="EntityHandle" container="StaticArray" arraySize="1">
          <containerEntry>0x0</containerEntry>
        </property>
        <property name="dataList" type="EntityPtr" container="StringMap" arraySize="12">
          <containerEntry key="mafr_clff004_rock001_0000">
            <data>0x2D79C40</data>
          </containerEntry>
          <containerEntry key="StaticModelArray0000">
            <data>0x2F02FC0</data>
          </containerEntry>
          <containerEntry key="StaticModelArray0001">
            <data>0x2F025B0</data>
          </containerEntry>
          <containerEntry key="StaticModelArray0002">
            <data>0x2F02E70</data>
          </containerEntry>
          <containerEntry key="StaticModelArray0003">
            <data>0x2F02850</data>
          </containerEntry>
          <containerEntry key="StaticModelArray0004">
            <data>0x2D7EBE0</data>
          </containerEntry>
          <containerEntry key="StaticModelArray0005">
            <data>0x2F02690</data>
          </containerEntry>
          <containerEntry key="StaticModelArray0006">
            <data>0x2F02700</data>
          </containerEntry>
          <containerEntry key="StaticModelArray0007">
            <data>0x2F02770</data>
          </containerEntry>
          <containerEntry key="StaticModelArray0008">
            <data>0x2F027E0</data>
          </containerEntry>
          <containerEntry key="StaticModelArray0009">
            <data>0x2F028C0</data>
          </containerEntry>
          <containerEntry key="TexturePackLoadConditioner0000">
            <data>0x2F03340</data>
          </containerEntry>
        </property>
      </staticProperties>
      <dynamicProperties></dynamicProperties>
    </entity>
    <entity class="StaticModel" classVersion="9" classID="0x160" addr="0x2D79C40" id="0x18BF4B3">
      <staticProperties>
        <property name="name" type="String" container="StaticArray" arraySize="1">
          <containerEntry>mafr_clff004_rock001_0000</containerEntry>
        </property>
        <property name="dataSet" type="EntityHandle" container="StaticArray" arraySize="1">
          <containerEntry>0x2D7F890</containerEntry>
        </property>
        <property name="parent" type="EntityHandle" container="StaticArray" arraySize="1">
          <containerEntry>0x0</containerEntry>
        </property>
        <property name="transform" type="EntityPtr" container="StaticArray" arraySize="1">
          <containerEntry>0x2D79CB0</containerEntry>
        </property>
        <property name="shearTransform" type="EntityPtr" container="StaticArray" arraySize="1">
          <containerEntry>0x0</containerEntry>
        </property>
        <property name="pivotTransform" type="EntityPtr" container="StaticArray" arraySize="1">
          <containerEntry>0x0</containerEntry>
        </property>
        <property name="children" type="EntityHandle" container="List"></property>
        <property name="flags" type="UInt32" container="StaticArray" arraySize="1">
          <containerEntry>3221225479</containerEntry>
        </property>
        <property name="modelFile" type="FilePtr" container="StaticArray" arraySize="1">
          <containerEntry>/Assets/tpp/environ/object/middle_africa/cliff/mafr_clff004/scenes/mafr_clff004_rock001.fmdl</containerEntry>
        </property>
        <property name="geomFile" type="FilePtr" container="StaticArray" arraySize="1">
          <containerEntry>/Assets/tpp/environ/object/middle_africa/cliff/mafr_clff004/scenes/mafr_clff004_rock001.geom</containerEntry>
        </property>
        <property name="isVisibleGeom" type="Bool" container="StaticArray" arraySize="1">
          <containerEntry>false</containerEntry>
        </property>
        <property name="isIsolated" type="Bool" container="StaticArray" arraySize="1">
          <containerEntry>false</containerEntry>
        </property>
        <property name="lodFarSize" type="Float" container="StaticArray" arraySize="1">
          <containerEntry>-1</containerEntry>
        </property>
        <property name="lodNearSize" type="Float" container="StaticArray" arraySize="1">
          <containerEntry>-1</containerEntry>
        </property>
        <property name="lodPolygonSize" type="Float" container="StaticArray" arraySize="1">
          <containerEntry>-1</containerEntry>
        </property>
        <property name="color" type="Color" container="StaticArray" arraySize="1">
          <containerEntry r="1" g="1" b="1" a="1"></containerEntry>
        </property>
        <property name="drawRejectionLevel" type="Int32" container="StaticArray" arraySize="1">
          <containerEntry>8</containerEntry>
        </property>
        <property name="drawMode" type="Int32" container="StaticArray" arraySize="1">
          <containerEntry>0</containerEntry>
        </property>
        <property name="rejectFarRangeShadowCast" type="Int32" container="StaticArray" arraySize="1">
          <containerEntry>2</containerEntry>
        </property>
      </staticProperties>
      <dynamicProperties></dynamicProperties>
    </entity>
    <entity class="TransformEntity" classVersion="0" classID="0x50" addr="0x2D79CB0" id="0x18BF4B6">
      <staticProperties>
        <property name="owner" type="EntityHandle" container="StaticArray" arraySize="1">
          <containerEntry>0x2D79C40</containerEntry>
        </property>
        <property name="transform_scale" type="Vector3" container="StaticArray" arraySize="1">
          <containerEntry x="1" y="1" z="1" w="0"></containerEntry>
        </property>
        <property name="transform_rotation_quat" type="Quat" container="StaticArray" arraySize="1">
          <containerEntry x="0" y="-0.985546" z="0" w="0.16941"></containerEntry>
        </property>
        <property name="transform_translation" type="Vector3" container="StaticArray" arraySize="1">
          <containerEntry x="2550.7415" y="-12.000254" z="1349.8827" w="0"></containerEntry>
        </property>
      </staticProperties>
      <dynamicProperties></dynamicProperties>
    </entity>
    <entity class="StaticModelArray" classVersion="4" classID="0xD0" addr="0x2F02FC0" id="0x0">
      <staticProperties>
        <property name="name" type="String" container="StaticArray" arraySize="1">
          <containerEntry>StaticModelArray0000</containerEntry>
        </property>
        <property name="dataSet" type="EntityHandle" container="StaticArray" arraySize="1">
          <containerEntry>0x2D7F890</containerEntry>
        </property>
        <property name="modelFile" type="FilePtr" container="StaticArray" arraySize="1">
          <containerEntry>/Assets/tpp/environ/object/middle_africa/clod/mafr_clod001/scenes/mafr_clod001.fmdl</containerEntry>
        </property>
        <property name="geomFile" type="FilePtr" container="StaticArray" arraySize="1">
          <containerEntry>/Assets/tpp/environ/object/middle_africa/clod/mafr_clod001/scenes/mafr_clod001.geom</containerEntry>
        </property>
        <property name="isVisibleGeom" type="Bool" container="StaticArray" arraySize="1">
          <containerEntry>false</containerEntry>
        </property>
        <property name="lodFarSize" type="Float" container="StaticArray" arraySize="1">
          <containerEntry>-1</containerEntry>
        </property>
        <property name="lodNearSize" type="Float" container="StaticArray" arraySize="1">
          <containerEntry>-1</containerEntry>
        </property>
        <property name="lodPolygonSize" type="Float" container="StaticArray" arraySize="1">
          <containerEntry>-1</containerEntry>
        </property>
        <property name="drawRejectionLevel" type="Int32" container="StaticArray" arraySize="1">
          <containerEntry>8</containerEntry>
        </property>
        <property name="drawMode" type="Int32" container="StaticArray" arraySize="1">
          <containerEntry>0</containerEntry>
        </property>
        <property name="rejectFarRangeShadowCast" type="Int32" container="StaticArray" arraySize="1">
          <containerEntry>2</containerEntry>
        </property>
        <property name="parentLocator" type="EntityLink" container="StaticArray" arraySize="1">
          <containerEntry packagePathHash="0xB8A0BF169F98" archivePathHash="0xB8A0BF169F98" nameInArchiveHash="0xB8A0BF169F98">0x0</containerEntry>
        </property>
        <property name="transforms" type="Matrix4" container="DynamicArray" arraySize="9">
          <containerEntry r11="-0.07185961" r12="0.018464174" r13="0.99724317" r14="0" r21="-0.029003028" r22="0.9993672" r23="-0.020593414" r24="0" r31="-0.99699235" r32="-0.030402938" r33="-0.07127863" r34="0" r41="2480.918" r42="-8.185048" r43="1391.4216" r44="1"></containerEntry>
          <containerEntry r11="-0.6796973" r12="0.018463628" r13="0.7332565" r14="0" r21="-0.009755464" r22="0.9993672" r23="-0.034207255" r24="0" r31="-0.733424" r32="-0.030403944" r33="-0.679087" r34="0" r41="2490.3728" r42="-6.706813" r43="1392.2156" r44="1"></containerEntry>
          <containerEntry r11="-0.71396214" r12="0.01846417" r13="0.69994056" r14="0" r21="-0.008108936" r22="0.9993671" r23="-0.034634307" r24="0" r31="-0.70013714" r32="-0.030403363" r33="-0.7133606" r34="0" r41="2484.2312" r42="-8.185048" r43="1385.2715" r44="1"></containerEntry>
          <containerEntry r11="0.86213934" r12="0.018464461" r13="0.5063327" r14="0" r21="-0.03131365" r22="0.9993672" r23="0.016874194" r24="0" r31="-0.50570065" r32="-0.030403031" r33="0.86217195" r34="0" r41="2461.4587" r42="-8.909766" r43="1390.967" r44="1"></containerEntry>
          <containerEntry r11="0.3110824" r12="0.01846339" r13="0.950204" r14="0" r21="-0.034641594" r22="0.9993671" r23="-0.008077536" r24="0" r31="-0.94975185" r32="-0.030403782" r33="0.3115251" r34="0" r41="2457.4136" r42="-8.909772" r43="1385.2715" r44="1"></containerEntry>
          <containerEntry r11="0.9994343" r12="0.018463846" r13="-0.028182155" r14="0" r21="-0.017590813" r22="0.9993671" r23="0.030916676" r24="0" r31="0.028735159" r32="-0.030403437" r33="0.9991266" r34="0" r41="2466.6663" r42="-8.185059" r43="1321.2594" r44="1"></containerEntry>
          <containerEntry r11="0.7678023" r12="0.018464802" r13="0.64042413" r14="0" r21="-0.033650286" r22="0.9993672" r23="0.011529328" r24="0" r31="-0.6398059" r32="-0.030402686" r33="0.7679378" r34="0" r41="2460.2156" r42="-8.185056" r43="1318.5775" r44="1"></containerEntry>
          <containerEntry r11="-0.68284744" r12="0.018463906" r13="-0.7303212" r14="0" r21="0.034816384" r22="0.9993672" r23="-0.0072874893" r24="0" r31="0.72972447" r32="-0.030403493" r33="-0.68305814" r34="0" r41="2472.5647" r42="-7.952655" r43="1306.1346" r44="1"></containerEntry>
          <containerEntry r11="-0.028524872" r12="0.018464023" r13="-0.99942136" r14="0" r21="0.03092168" r22="0.99936724" r23="0.017580468" r24="0" r31="0.99911356" r32="-0.030402312" r33="-0.029077739" r34="0" r41="2498.94" r42="-7.151439" r43="1337.51" r44="1"></containerEntry>
        </property>
        <property name="colors" type="UInt32" container="DynamicArray" arraySize="9">
          <containerEntry>4294967295</containerEntry>
          <containerEntry>4294967295</containerEntry>
          <containerEntry>4294967295</containerEntry>
          <containerEntry>4294967295</containerEntry>
          <containerEntry>4294967295</containerEntry>
          <containerEntry>4294967295</containerEntry>
          <containerEntry>4294967295</containerEntry>
          <containerEntry>4294967295</containerEntry>
          <containerEntry>4294967295</containerEntry>
        </property>
      </staticProperties>
      <dynamicProperties></dynamicProperties>
    </entity>
    <entity class="StaticModelArray" classVersion="4" classID="0xD0" addr="0x2F025B0" id="0x0">
      <staticProperties>
        <property name="name" type="String" container="StaticArray" arraySize="1">
          <containerEntry>StaticModelArray0001</containerEntry>
        </property>
        <property name="dataSet" type="EntityHandle" container="StaticArray" arraySize="1">
          <containerEntry>0x2D7F890</containerEntry>
        </property>
        <property name="modelFile" type="FilePtr" container="StaticArray" arraySize="1">
          <containerEntry>/Assets/tpp/environ/object/middle_africa/rock/mafr_rock011/scenes/mafr_rock011.fmdl</containerEntry>
        </property>
        <property name="geomFile" type="FilePtr" container="StaticArray" arraySize="1">
          <containerEntry>/Assets/tpp/environ/object/middle_africa/rock/mafr_rock011/scenes/mafr_rock011.geom</containerEntry>
        </property>
        <property name="isVisibleGeom" type="Bool" container="StaticArray" arraySize="1">
          <containerEntry>false</containerEntry>
        </property>
        <property name="lodFarSize" type="Float" container="StaticArray" arraySize="1">
          <containerEntry>50</containerEntry>
        </property>
        <property name="lodNearSize" type="Float" container="StaticArray" arraySize="1">
          <containerEntry>600</containerEntry>
        </property>
        <property name="lodPolygonSize" type="Float" container="StaticArray" arraySize="1">
          <containerEntry>-1</containerEntry>
        </property>
        <property name="drawRejectionLevel" type="Int32" container="StaticArray" arraySize="1">
          <containerEntry>8</containerEntry>
        </property>
        <property name="drawMode" type="Int32" container="StaticArray" arraySize="1">
          <containerEntry>0</containerEntry>
        </property>
        <property name="rejectFarRangeShadowCast" type="Int32" container="StaticArray" arraySize="1">
          <containerEntry>2</containerEntry>
        </property>
        <property name="parentLocator" type="EntityLink" container="StaticArray" arraySize="1">
          <containerEntry packagePathHash="0xB8A0BF169F98" archivePathHash="0xB8A0BF169F98" nameInArchiveHash="0xB8A0BF169F98">0x0</containerEntry>
        </property>
        <property name="transforms" type="Matrix4" container="DynamicArray" arraySize="10">
          <containerEntry r11="0.29568088" r12="0.10253134" r13="-0.94976723" r14="0" r21="0.7836153" r22="0.54260665" r23="0.30252862" r24="0" r31="0.546368" r32="-0.83370495" r33="0.08009368" r34="0" r41="2531.8154" r42="-8.322422" r43="1310.0542" r44="1"></containerEntry>
          <containerEntry r11="0.29568088" r12="0.10253134" r13="-0.94976723" r14="0" r21="0.7836153" r22="0.54260665" r23="0.30252862" r24="0" r31="0.546368" r32="-0.83370495" r33="0.08009368" r34="0" r41="2531.8154" r42="-8.322422" r43="1320.7665" r44="1"></containerEntry>
          <containerEntry r11="-0.74349904" r12="0.06951773" r13="-0.66510946" r14="0" r21="0.63123566" r22="0.4013164" r23="-0.6636902" r24="0" r31="0.22078036" r32="-0.9132965" r33="-0.34225875" r34="0" r41="2519.783" r42="-5.575949" r43="1347.7065" r44="1"></containerEntry>
          <containerEntry r11="-0.49590197" r12="0.1861881" r13="0.8481791" r14="0" r21="-0.0934515" r22="0.9596292" r23="-0.26528957" r24="0" r31="-0.8633312" r32="-0.21082239" r33="-0.4584822" r34="0" r41="2529.2354" r42="-9.216628" r43="1369.2146" r44="1"></containerEntry>
          <containerEntry r11="-0.6811002" r12="-0.06393188" r13="-0.72938776" r14="0" r21="-0.06834995" r22="0.9973823" r23="-0.023597904" r24="0" r31="0.7289871" r32="0.033781108" r33="-0.683687" r34="0" r41="2481.7634" r42="-6.018267" r43="1343.5796" r44="1"></containerEntry>
          <containerEntry r11="-0.24280314" r12="0.03418316" r13="-0.969469" r14="0" r21="0.216504" r22="0.9760807" r23="-0.019808926" r24="0" r31="0.9456027" r32="-0.21470433" r33="-0.24439615" r34="0" r41="2472.4927" r42="-7.928133" r43="1332.8971" r44="1"></containerEntry>
          <containerEntry r11="-0.679573" r12="-0.07335505" r13="0.7299215" r14="0" r21="-0.7321312" r22="0.13073052" r23="-0.6684955" r24="0" r31="-0.046382606" r32="-0.98869675" r33="-0.14254057" r34="0" r41="2470.3132" r42="-4.831077" r43="1299.6611" r44="1"></containerEntry>
          <containerEntry r11="0.46220425" r12="0.070146486" r13="-0.8839923" r14="0" r21="0.21418837" r22="0.9585201" r23="0.18804856" r24="0" r31="0.86051524" r32="-0.27625808" r33="0.42800754" r34="0" r41="2474.189" r42="-4.831077" r43="1290.5068" r44="1"></containerEntry>
          <containerEntry r11="0.4666258" r12="-0.09771362" r13="0.87903965" r14="0" r21="-0.8793802" r22="0.055042826" r23="0.47292444" r24="0" r31="-0.09459472" r32="-0.9936897" r33="-0.060242355" r34="0" r41="2513.5935" r42="-6.018267" r43="1377.6705" r44="1"></containerEntry>
          <containerEntry r11="0.962085" r12="-0.12440081" r13="-0.24272755" r14="0" r21="0.25635296" r22="0.7163385" r23="0.6489534" r24="0" r31="0.093144305" r32="-0.6865724" r33="0.7210693" r34="0" r41="2520.0945" r42="-9.412127" r43="1384.4851" r44="1"></containerEntry>
        </property>
        <property name="colors" type="UInt32" container="DynamicArray" arraySize="10">
          <containerEntry>4294967295</containerEntry>
          <containerEntry>4294967295</containerEntry>
          <containerEntry>4294967295</containerEntry>
          <containerEntry>4294967295</containerEntry>
          <containerEntry>4294967295</containerEntry>
          <containerEntry>4294967295</containerEntry>
          <containerEntry>4294967295</containerEntry>
          <containerEntry>4294967295</containerEntry>
          <containerEntry>4294967295</containerEntry>
          <containerEntry>4294967295</containerEntry>
        </property>
      </staticProperties>
      <dynamicProperties></dynamicProperties>
    </entity>
    <entity class="StaticModelArray" classVersion="4" classID="0xD0" addr="0x2F02E70" id="0x0">
      <staticProperties>
        <property name="name" type="String" container="StaticArray" arraySize="1">
          <containerEntry>StaticModelArray0002</containerEntry>
        </property>
        <property name="dataSet" type="EntityHandle" container="StaticArray" arraySize="1">
          <containerEntry>0x2D7F890</containerEntry>
        </property>
        <property name="modelFile" type="FilePtr" container="StaticArray" arraySize="1">
          <containerEntry>/Assets/tpp/environ/object/middle_africa/rock/mafr_rock002/scenes/mafr_rock002.fmdl</containerEntry>
        </property>
        <property name="geomFile" type="FilePtr" container="StaticArray" arraySize="1">
          <containerEntry>/Assets/tpp/environ/object/middle_africa/rock/mafr_rock002/scenes/mafr_rock002.geom</containerEntry>
        </property>
        <property name="isVisibleGeom" type="Bool" container="StaticArray" arraySize="1">
          <containerEntry>false</containerEntry>
        </property>
        <property name="lodFarSize" type="Float" container="StaticArray" arraySize="1">
          <containerEntry>-1</containerEntry>
        </property>
        <property name="lodNearSize" type="Float" container="StaticArray" arraySize="1">
          <containerEntry>-1</containerEntry>
        </property>
        <property name="lodPolygonSize" type="Float" container="StaticArray" arraySize="1">
          <containerEntry>-1</containerEntry>
        </property>
        <property name="drawRejectionLevel" type="Int32" container="StaticArray" arraySize="1">
          <containerEntry>8</containerEntry>
        </property>
        <property name="drawMode" type="Int32" container="StaticArray" arraySize="1">
          <containerEntry>0</containerEntry>
        </property>
        <property name="rejectFarRangeShadowCast" type="Int32" container="StaticArray" arraySize="1">
          <containerEntry>2</containerEntry>
        </property>
        <property name="parentLocator" type="EntityLink" container="StaticArray" arraySize="1">
          <containerEntry packagePathHash="0xB8A0BF169F98" archivePathHash="0xB8A0BF169F98" nameInArchiveHash="0xB8A0BF169F98">0x0</containerEntry>
        </property>
        <property name="transforms" type="Matrix4" container="DynamicArray" arraySize="17">
          <containerEntry r11="0.5945688" r12="0.009571528" r13="-0.803985" r14="0" r21="-0.0062507475" r22="0.9999539" r23="0.00728196" r24="0" r31="0.80401766" r32="0.00069588446" r33="0.5946013" r34="0" r41="2548.4038" r42="-6.659446" r43="1304.8988" r44="1"></containerEntry>
          <containerEntry r11="0.45469978" r12="-0.16675554" r13="0.87489206" r14="0" r21="0.081833586" r22="0.98598295" r23="0.14539893" r24="0" r31="-0.88687474" r32="0.0054827817" r33="0.46197245" r34="0" r41="2551.986" r42="-6.775182" r43="1321.6708" r44="1"></containerEntry>
          <containerEntry r11="-0.549135" r12="-0.007929339" r13="0.83569384" r14="0" r21="0.28664815" r22="0.9375097" r23="0.1972521" r24="0" r31="-0.7850351" r32="0.34786803" r33="-0.51254654" r34="0" r41="2551.514" r42="-7.643285" r43="1330.6841" r44="1"></containerEntry>
          <containerEntry r11="-0.38237268" r12="0.048953082" r13="0.92270774" r14="0" r21="0.19504422" r22="0.98037106" r23="0.028814651" r24="0" r31="-0.9031853" r32="0.19098684" r33="-0.38441515" r34="0" r41="2545.2922" r42="-8.462078" r43="1344.4698" r44="1"></containerEntry>
          <containerEntry r11="-0.7773717" r12="0.039319973" r13="-0.6278081" r14="0" r21="-0.07567604" r22="0.98494995" r23="0.15539241" r24="0" r31="0.6244695" r32="0.1683077" r33="-0.76269656" r34="0" r41="2540.5093" r42="-8.777019" r43="1361.2012" r44="1"></containerEntry>
          <containerEntry r11="0.86249506" r12="0.0040260917" r13="-0.5060454" r14="0" r21="-0.1814435" r22="0.93594515" r23="-0.3018027" r24="0" r31="0.47241566" r32="0.352122" r33="0.80797863" r34="0" r41="2531.6328" r42="-8.462078" r43="1346.0533" r44="1"></containerEntry>
          <containerEntry r11="0.27789313" r12="0.04280941" r13="-0.9596549" r14="0" r21="-0.0912228" r22="0.9956678" r23="0.018000003" r24="0" r31="0.9562681" r32="0.08254041" r33="0.28059444" r34="0" r41="2535.0608" r42="-7.136102" r43="1339.302" r44="1"></containerEntry>
          <containerEntry r11="-0.9031858" r12="0.05405782" r13="0.42582807" r14="0" r21="0.13549085" r22="0.9772249" r23="0.16332118" r24="0" r31="-0.407301" r32="0.20520513" r33="-0.88993996" r34="0" r41="2544.0854" r42="-7.529264" r43="1381.4878" r44="1"></containerEntry>
          <containerEntry r11="0.18601424" r12="0.054058652" r13="-0.98105663" r14="0" r21="-0.21176457" r22="0.9772247" r23="0.013695687" r24="0" r31="0.95945317" r32="0.20520547" r33="0.19322541" r34="0" r41="2550.8057" r42="-7.529264" r43="1389.035" r44="1"></containerEntry>
          <containerEntry r11="0.9397519" r12="0.05405768" r13="0.33755022" r14="0" r21="0.019680891" r22="0.9772248" r23="-0.21129198" r24="0" r31="-0.3412844" r32="0.20520534" r33="0.9172849" r34="0" r41="2444.1763" r42="-6.868086" r43="1355.3495" r44="1"></containerEntry>
          <containerEntry r11="0.46351838" r12="0.054057423" r13="-0.884434" r14="0" r21="-0.20658123" r22="0.97722477" r23="-0.04853704" r24="0" r31="0.861667" r32="0.20520541" r33="0.4641289" r34="0" r41="2445.0552" r42="-4.158581" r43="1291.9839" r44="1"></containerEntry>
          <containerEntry r11="0.9148775" r12="0.05405778" r13="-0.40009102" r14="0" r21="-0.1308139" r22="0.9772246" r23="-0.16709213" r24="0" r31="0.38194615" r32="0.20520632" r33="0.90111226" r34="0" r41="2441.1924" r42="-5.708517" r43="1310.0789" r44="1"></containerEntry>
          <containerEntry r11="-0.9936003" r12="0.04950495" r13="0.10147516" r14="0" r21="0.05495665" r22="0.997152" r23="0.051649574" r24="0" r31="-0.098629236" r32="0.05689594" r33="-0.9934911" r34="0" r41="2438.1565" r42="-3.249221" r43="1297.2202" r44="1"></containerEntry>
          <containerEntry r11="-0.995648" r12="0.054058276" r13="0.07588885" r14="0" r21="0.06837009" r22="0.97722465" r23="0.20089181" r24="0" r31="-0.0633006" r32="0.20520602" r33="-0.97666776" r34="0" r41="2461.2402" r42="-4.158581" r43="1288.4087" r44="1"></containerEntry>
          <containerEntry r11="-0.2663505" r12="0.05405808" r13="-0.96235615" r14="0" r21="-0.18394855" r22="0.9772248" r23="0.10580467" r24="0" r31="0.94615793" r32="0.20520534" r33="-0.25034037" r34="0" r41="2470.7427" r42="-3.113148" r43="1284.2992" r44="1"></containerEntry>
          <containerEntry r11="-0.9282818" r12="-0.05136994" r13="0.3683009" r14="0" r21="-0.062028322" r22="0.997927" r23="-0.017150227" r24="0" r31="-0.36665642" r32="-0.038765397" r33="-0.9295439" r34="0" r41="2444.084" r42="-7.088016" r43="1382.0659" r44="1"></containerEntry>
          <containerEntry r11="0.82847106" r12="-0.028844599" r13="0.5592845" r14="0" r21="0.071200386" r22="0.9959937" r23="-0.05410191" r24="0" r31="-0.5554833" r32="0.08464318" r33="0.8272057" r34="0" r41="2497.2776" r42="-4.968132" r43="1402.2771" r44="1"></containerEntry>
        </property>
        <property name="colors" type="UInt32" container="DynamicArray" arraySize="17">
          <containerEntry>4294967295</containerEntry>
          <containerEntry>4294967295</containerEntry>
          <containerEntry>4294967295</containerEntry>
          <containerEntry>4294967295</containerEntry>
          <containerEntry>4294967295</containerEntry>
          <containerEntry>4294967295</containerEntry>
          <containerEntry>4294967295</containerEntry>
          <containerEntry>4294967295</containerEntry>
          <containerEntry>4294967295</containerEntry>
          <containerEntry>4294967295</containerEntry>
          <containerEntry>4294967295</containerEntry>
          <containerEntry>4294967295</containerEntry>
          <containerEntry>4294967295</containerEntry>
          <containerEntry>4294967295</containerEntry>
          <containerEntry>4294967295</containerEntry>
          <containerEntry>4294967295</containerEntry>
          <containerEntry>4294967295</containerEntry>
        </property>
      </staticProperties>
      <dynamicProperties></dynamicProperties>
    </entity>
    <entity class="StaticModelArray" classVersion="4" classID="0xD0" addr="0x2F02850" id="0x0">
      <staticProperties>
        <property name="name" type="String" container="StaticArray" arraySize="1">
          <containerEntry>StaticModelArray0003</containerEntry>
        </property>
        <property name="dataSet" type="EntityHandle" container="StaticArray" arraySize="1">
          <containerEntry>0x2D7F890</containerEntry>
        </property>
        <property name="modelFile" type="FilePtr" container="StaticArray" arraySize="1">
          <containerEntry>/Assets/tpp/environ/object/middle_africa/rock/mafr_rock010/scenes/mafr_rock010.fmdl</containerEntry>
        </property>
        <property name="geomFile" type="FilePtr" container="StaticArray" arraySize="1">
          <containerEntry>/Assets/tpp/environ/object/middle_africa/rock/mafr_rock010/scenes/mafr_rock010.geom</containerEntry>
        </property>
        <property name="isVisibleGeom" type="Bool" container="StaticArray" arraySize="1">
          <containerEntry>false</containerEntry>
        </property>
        <property name="lodFarSize" type="Float" container="StaticArray" arraySize="1">
          <containerEntry>-1</containerEntry>
        </property>
        <property name="lodNearSize" type="Float" container="StaticArray" arraySize="1">
          <containerEntry>-1</containerEntry>
        </property>
        <property name="lodPolygonSize" type="Float" container="StaticArray" arraySize="1">
          <containerEntry>-1</containerEntry>
        </property>
        <property name="drawRejectionLevel" type="Int32" container="StaticArray" arraySize="1">
          <containerEntry>8</containerEntry>
        </property>
        <property name="drawMode" type="Int32" container="StaticArray" arraySize="1">
          <containerEntry>0</containerEntry>
        </property>
        <property name="rejectFarRangeShadowCast" type="Int32" container="StaticArray" arraySize="1">
          <containerEntry>2</containerEntry>
        </property>
        <property name="parentLocator" type="EntityLink" container="StaticArray" arraySize="1">
          <containerEntry packagePathHash="0xB8A0BF169F98" archivePathHash="0xB8A0BF169F98" nameInArchiveHash="0xB8A0BF169F98">0x0</containerEntry>
        </property>
        <property name="transforms" type="Matrix4" container="DynamicArray" arraySize="18">
          <containerEntry r11="0.44872206" r12="-0.44339147" r13="0.7759204" r14="0" r21="0.5447915" r22="0.82397264" r23="0.15579236" r24="0" r31="-0.7084142" r32="0.3528074" r33="0.6112907" r34="0" r41="2525.569" r42="-3.999453" r43="1369.2246" r44="1"></containerEntry>
          <containerEntry r11="-0.1411512" r12="-0.08748439" r13="-0.9861149" r14="0" r21="0.2562542" r22="0.9589111" r23="-0.12175086" r24="0" r31="0.95624787" r32="-0.2698814" r33="-0.11293322" r34="0" r41="2527.561" r42="-6.991127" r43="1373.9559" r44="1"></containerEntry>
          <containerEntry r11="0.66046935" r12="0.11360615" r13="-0.74220943" r14="0" r21="0.022403784" r22="0.98506564" r23="0.17071557" r24="0" r31="0.7505193" r32="-0.12938076" r33="0.64806044" r34="0" r41="2530.199" r42="-7.350689" r43="1345.5068" r44="1"></containerEntry>
          <containerEntry r11="-0.75959086" r12="-0.18353398" r13="0.62397456" r14="0" r21="0.1880572" r22="0.8564089" r23="0.48083153" r24="0" r31="-0.6226263" r32="0.48257616" r33="-0.6160061" r34="0" r41="2521.0134" r42="-5.316586" r43="1334.5791" r44="1"></containerEntry>
          <containerEntry r11="0.72113967" r12="-0.34558693" r13="0.6004387" r14="0" r21="0.1613554" r22="0.92664593" r23="0.33954623" r24="0" r31="-0.67373693" r32="-0.14797601" r33="0.7240035" r34="0" r41="2542.3054" r42="-8.389444" r43="1390.3948" r44="1"></containerEntry>
          <containerEntry r11="-0.20569034" r12="-0.1403457" r13="-0.9685003" r14="0" r21="-0.13338175" r22="0.9844482" r23="-0.11432885" r24="0" r31="0.9694839" r32="0.105663925" r33="-0.22121102" r34="0" r41="2549.7603" r42="-8.662205" r43="1381.8907" r44="1"></containerEntry>
          <containerEntry r11="0.8183066" r12="0.13839716" r13="0.5578709" r14="0" r21="-0.26902226" r22="0.94992673" r23="0.15895309" r24="0" r31="-0.5079377" r32="-0.28015223" r33="0.81456333" r34="0" r41="2550.9583" r42="-13.216047" r43="1366.2218" r44="1"></containerEntry>
          <containerEntry r11="-0.593426" r12="0.078399524" r13="-0.8010628" r14="0" r21="-0.03719727" r22="0.9915103" r23="0.12459422" r24="0" r31="0.8040302" r32="0.10373462" r33="-0.58547175" r34="0" r41="2484.5813" r42="-6.446376" r43="1350.2793" r44="1"></containerEntry>
          <containerEntry r11="-0.76341504" r12="0.06579118" r13="-0.6425466" r14="0" r21="0.09031973" r22="0.9958985" r23="-0.0053384844" r24="0" r31="0.6395599" r32="-0.06211017" r33="-0.7662261" r34="0" r41="2549.9612" r42="-10.689386" r43="1368.1757" r44="1"></containerEntry>
          <containerEntry r11="-0.04592283" r12="-0.09593475" r13="0.9943273" r14="0" r21="0.6228836" r22="0.7754266" r23="0.10358274" r24="0" r31="-0.780965" r32="0.6241073" r33="0.024146497" r34="0" r41="2546.5728" r42="-10.689386" r43="1368.1757" r44="1"></containerEntry>
          <containerEntry r11="0.07292054" r12="0.14691055" r13="0.9864584" r14="0" r21="-0.5339772" r22="0.8411347" r23="-0.08579539" r24="0" r31="-0.8423487" r32="-0.52048993" r33="0.13978285" r34="0" r41="2473.867" r42="-4.126959" r43="1328.2775" r44="1"></containerEntry>
          <containerEntry r11="-0.92897785" r12="-0.06732068" r13="-0.36396754" r14="0" r21="-0.011106683" r22="0.9879481" r23="-0.15438622" r24="0" r31="0.36997443" r32="-0.13937858" r33="-0.9185297" r34="0" r41="2468.078" r42="-7.41679" r43="1328.2775" r44="1"></containerEntry>
          <containerEntry r11="-0.24970658" r12="-0.038983937" r13="0.9675379" r14="0" r21="-0.11372906" r22="0.99345446" r23="0.010676622" r24="0" r31="-0.96162105" r32="-0.107371055" r33="-0.25250572" r34="0" r41="2471.551" r42="-4.402333" r43="1290.5115" r44="1"></containerEntry>
          <containerEntry r11="-0.7608371" r12="0.14078088" r13="0.63348687" r14="0" r21="-0.09159324" r22="0.9431164" r23="-0.31959662" r24="0" r31="-0.64244497" r32="-0.30118445" r33="-0.7046633" r34="0" r41="2552.1338" r42="-9.602908" r43="1331.7423" r44="1"></containerEntry>
          <containerEntry r11="0.8319251" r12="-0.20457193" r13="0.51580113" r14="0" r21="0.122207366" r22="0.9742838" r23="0.18930498" r24="0" r31="-0.54126316" r32="-0.09445283" r33="0.8355314" r34="0" r41="2531.319" r42="-8.389444" r43="1382.6742" r44="1"></containerEntry>
          <containerEntry r11="0.983512" r12="-0.091661826" r13="-0.15589197" r14="0" r21="0.11151984" r22="0.9860197" r23="0.123808585" r24="0" r31="0.14236404" r32="-0.13915226" r33="0.9799843" r34="0" r41="2486.0935" r42="-8.656964" r43="1378.7438" r44="1"></containerEntry>
          <containerEntry r11="-0.8570617" r12="-0.020236567" r13="0.51481843" r14="0" r21="0.110059574" r22="0.9689722" r23="0.22131386" r24="0" r31="-0.50332344" r32="0.24634004" r33="-0.82824177" r34="0" r41="2503.6016" r42="-6.730824" r43="1391.646" r44="1"></containerEntry>
          <containerEntry r11="0.6880425" r12="-0.16294163" r13="0.70714045" r14="0" r21="0.027498119" r22="0.9796194" r23="0.1989717" r24="0" r31="-0.7251493" r32="-0.117455974" r33="0.6785004" r34="0" r41="2543.1814" r42="-9.160355" r43="1402.5527" r44="1"></containerEntry>
        </property>
        <property name="colors" type="UInt32" container="DynamicArray" arraySize="18">
          <containerEntry>4294967295</containerEntry>
          <containerEntry>4294967295</containerEntry>
          <containerEntry>4294967295</containerEntry>
          <containerEntry>4294967295</containerEntry>
          <containerEntry>4294967295</containerEntry>
          <containerEntry>4294967295</containerEntry>
          <containerEntry>4294967295</containerEntry>
          <containerEntry>4294967295</containerEntry>
          <containerEntry>4294967295</containerEntry>
          <containerEntry>4294967295</containerEntry>
          <containerEntry>4294967295</containerEntry>
          <containerEntry>4294967295</containerEntry>
          <containerEntry>4294967295</containerEntry>
          <containerEntry>4294967295</containerEntry>
          <containerEntry>4294967295</containerEntry>
          <containerEntry>4294967295</containerEntry>
          <containerEntry>4294967295</containerEntry>
          <containerEntry>4294967295</containerEntry>
        </property>
      </staticProperties>
      <dynamicProperties></dynamicProperties>
    </entity>
    <entity class="StaticModelArray" classVersion="4" classID="0xD0" addr="0x2D7EBE0" id="0x0">
      <staticProperties>
        <property name="name" type="String" container="StaticArray" arraySize="1">
          <containerEntry>StaticModelArray0004</containerEntry>
        </property>
        <property name="dataSet" type="EntityHandle" container="StaticArray" arraySize="1">
          <containerEntry>0x2D7F890</containerEntry>
        </property>
        <property name="modelFile" type="FilePtr" container="StaticArray" arraySize="1">
          <containerEntry>/Assets/tpp/environ/object/middle_africa/tree/mafr_tree032/scenes/mafr_tree032.fmdl</containerEntry>
        </property>
        <property name="geomFile" type="FilePtr" container="StaticArray" arraySize="1">
          <containerEntry>/Assets/tpp/environ/object/middle_africa/tree/mafr_tree032/scenes/mafr_tree032.geom</containerEntry>
        </property>
        <property name="isVisibleGeom" type="Bool" container="StaticArray" arraySize="1">
          <containerEntry>false</containerEntry>
        </property>
        <property name="lodFarSize" type="Float" container="StaticArray" arraySize="1">
          <containerEntry>-1</containerEntry>
        </property>
        <property name="lodNearSize" type="Float" container="StaticArray" arraySize="1">
          <containerEntry>-1</containerEntry>
        </property>
        <property name="lodPolygonSize" type="Float" container="StaticArray" arraySize="1">
          <containerEntry>-1</containerEntry>
        </property>
        <property name="drawRejectionLevel" type="Int32" container="StaticArray" arraySize="1">
          <containerEntry>8</containerEntry>
        </property>
        <property name="drawMode" type="Int32" container="StaticArray" arraySize="1">
          <containerEntry>0</containerEntry>
        </property>
        <property name="rejectFarRangeShadowCast" type="Int32" container="StaticArray" arraySize="1">
          <containerEntry>2</containerEntry>
        </property>
        <property name="parentLocator" type="EntityLink" container="StaticArray" arraySize="1">
          <containerEntry packagePathHash="0xB8A0BF169F98" archivePathHash="0xB8A0BF169F98" nameInArchiveHash="0xB8A0BF169F98">0x0</containerEntry>
        </property>
        <property name="transforms" type="Matrix4" container="DynamicArray" arraySize="21">
          <containerEntry r11="0.24734342" r12="0" r13="0.968928" r14="0" r21="0" r22="1" r23="0" r24="0" r31="-0.968928" r32="0" r33="0.24734342" r34="0" r41="2473.4243" r42="1.165208" r43="1324.1545" r44="1"></containerEntry>
          <containerEntry r11="0.400159" r12="0" r13="-0.91644627" r14="0" r21="0" r22="1" r23="0" r24="0" r31="0.91644627" r32="0" r33="0.400159" r34="0" r41="2477.138" r42="1.58453" r43="1329.1011" r44="1"></containerEntry>
          <containerEntry r11="0.5509892" r12="0" r13="0.83451265" r14="0" r21="0" r22="1" r23="0" r24="0" r31="-0.83451265" r32="0" r33="0.5509892" r34="0" r41="2493.0513" r42="2.800109" r43="1347.6493" r44="1"></containerEntry>
          <containerEntry r11="-0.27881622" r12="0" r13="-0.96034604" r14="0" r21="0" r22="1" r23="0" r24="0" r31="0.96034604" r32="0" r33="-0.27881622" r34="0" r41="2505.5933" r42="2.661582" r43="1350.5452" r44="1"></containerEntry>
          <containerEntry r11="0.5082041" r12="0" r13="-0.86123717" r14="0" r21="0" r22="1" r23="0" r24="0" r31="0.86123717" r32="0" r33="0.5082041" r34="0" r41="2525.3489" r42="0.859343" r43="1377.2693" r44="1"></containerEntry>
          <containerEntry r11="0.50400794" r12="0" r13="0.86369944" r14="0" r21="0" r22="1" r23="0" r24="0" r31="-0.86369944" r32="0" r33="0.50400794" r34="0" r41="2514.4443" r42="1.354353" r43="1372.9857" r44="1"></containerEntry>
          <containerEntry r11="-0.07771456" r12="0" r13="0.9969758" r14="0" r21="0" r22="1" r23="0" r24="0" r31="-0.9969758" r32="0" r33="-0.07771456" r34="0" r41="2528.9368" r42="0.414816" r43="1286.1458" r44="1"></containerEntry>
          <containerEntry r11="-0.2564423" r12="0" r13="-0.96655995" r14="0" r21="0" r22="1" r23="0" r24="0" r31="0.96655995" r32="0" r33="-0.2564423" r34="0" r41="2526.738" r42="1.004349" r43="1293.881" r44="1"></containerEntry>
          <containerEntry r11="-0.66182506" r12="0" r13="0.74965924" r14="0" r21="0" r22="1" r23="0" r24="0" r31="-0.74965924" r32="0" r33="-0.66182506" r34="0" r41="2526.107" r42="2.117232" r43="1311.7227" r44="1"></containerEntry>
          <containerEntry r11="0.12820846" r12="0" r13="-0.9917476" r14="0" r21="0" r22="1" r23="0" r24="0" r31="0.9917476" r32="0" r33="0.12820846" r34="0" r41="2527.756" r42="1.592095" r43="1317.788" r44="1"></containerEntry>
          <containerEntry r11="0.4869033" r12="0" r13="-0.8734565" r14="0" r21="0" r22="1" r23="0" r24="0" r31="0.8734565" r32="0" r33="0.4869033" r34="0" r41="2524.578" r42="2.213587" r43="1325.2458" r44="1"></containerEntry>
          <containerEntry r11="0.78925276" r12="0" r13="0.61406845" r14="0" r21="0" r22="1" r23="0" r24="0" r31="-0.61406845" r32="0" r33="0.78925276" r34="0" r41="2515.4602" r42="2.806183" r43="1346.7706" r44="1"></containerEntry>
