<fox formatVersion="2" fileVersion="0">
  <entities>
    <entity class="DataSet" classVersion="0" classID="0xE8" addr="0x33548B0" id="0x1F3838">
      <staticProperties>
        <property name="name" type="String" container="StaticArray" arraySize="1">
          <containerEntry hash="0xB8A0BF169F98"></containerEntry>
        </property>
        <property name="dataSet" type="EntityHandle" container="StaticArray" arraySize="1">
          <containerEntry>0x0</containerEntry>
        </property>
        <property name="dataList" type="EntityPtr" container="StringMap" arraySize="6">
          <containerEntry key="TppObjectBrushSkeletonModelReserveResource_Skeleton_mafr_tree030_middle">
            <data>0x3176D00</data>
          </containerEntry>
          <containerEntry key="StaticModelArray0000">
            <data>0x317BCA0</data>
          </containerEntry>
          <containerEntry key="StaticModelArray0001">
            <data>0x317BD10</data>
          </containerEntry>
          <containerEntry key="StaticModelArray0002">
            <data>0x3354290</data>
          </containerEntry>
          <containerEntry key="StaticModelArray0003">
            <data>0x317B8B0</data>
          </containerEntry>
          <containerEntry key="TexturePackLoadConditioner0000">
            <data>0x317C4F0</data>
          </containerEntry>
        </property>
      </staticProperties>
      <dynamicProperties></dynamicProperties>
    </entity>
    <entity class="TppObjectBrushSkeletonModelReserveResource" classVersion="0" classID="0x54" addr="0x3176D00" id="0x1F5C17">
      <staticProperties>
        <property name="name" type="String" container="StaticArray" arraySize="1">
          <containerEntry>TppObjectBrushSkeletonModelReserveResource_Skeleton_mafr_tree030_middle</containerEntry>
        </property>
        <property name="dataSet" type="EntityHandle" container="StaticArray" arraySize="1">
          <containerEntry>0x33548B0</containerEntry>
        </property>
        <property name="pluginName" type="String" container="StaticArray" arraySize="1">
          <containerEntry>Skeleton_mafr_tree028_middle</containerEntry>
        </property>
        <property name="reserveLodLevel0" type="UInt32" container="StaticArray" arraySize="1">
          <containerEntry>2</containerEntry>
        </property>
        <property name="reserveLodLevel1" type="UInt32" container="StaticArray" arraySize="1">
          <containerEntry>2</containerEntry>
        </property>
        <property name="reserveLodLevel2" type="UInt32" container="StaticArray" arraySize="1">
          <containerEntry>1</containerEntry>
        </property>
        <property name="reserveLodLevel3" type="UInt32" container="StaticArray" arraySize="1">
          <containerEntry>1</containerEntry>
        </property>
      </staticProperties>
      <dynamicProperties></dynamicProperties>
    </entity>
    <entity class="StaticModelArray" classVersion="4" classID="0xD0" addr="0x317BCA0" id="0x0">
      <staticProperties>
        <property name="name" type="String" container="StaticArray" arraySize="1">
          <containerEntry>StaticModelArray0000</containerEntry>
        </property>
        <property name="dataSet" type="EntityHandle" container="StaticArray" arraySize="1">
          <containerEntry>0x33548B0</containerEntry>
        </property>
        <property name="modelFile" type="FilePtr" container="StaticArray" arraySize="1">
          <containerEntry>/Assets/tpp/environ/object/middle_africa/cliff/mafr_clff003/scenes/mafr_clff003_vrtn001.fmdl</containerEntry>
        </property>
        <property name="geomFile" type="FilePtr" container="StaticArray" arraySize="1">
          <containerEntry>/Assets/tpp/environ/object/middle_africa/cliff/mafr_clff003/scenes/mafr_clff003_vrtn001.geom</containerEntry>
        </property>
        <property name="isVisibleGeom" type="Bool" container="StaticArray" arraySize="1">
          <containerEntry>false</containerEntry>
        </property>
        <property name="lodFarSize" type="Float" container="StaticArray" arraySize="1">
          <containerEntry>-1</containerEntry>
        </property>
        <property name="lodNearSize" type="Float" container="StaticArray" arraySize="1">
          <containerEntry>-1</containerEntry>
        </property>
        <property name="lodPolygonSize" type="Float" container="StaticArray" arraySize="1">
          <containerEntry>-1</containerEntry>
        </property>
        <property name="drawRejectionLevel" type="Int32" container="StaticArray" arraySize="1">
          <containerEntry>8</containerEntry>
        </property>
        <property name="drawMode" type="Int32" container="StaticArray" arraySize="1">
          <containerEntry>0</containerEntry>
        </property>
        <property name="rejectFarRangeShadowCast" type="Int32" container="StaticArray" arraySize="1">
          <containerEntry>2</containerEntry>
        </property>
        <property name="parentLocator" type="EntityLink" container="StaticArray" arraySize="1">
          <containerEntry packagePathHash="0xB8A0BF169F98" archivePathHash="0xB8A0BF169F98" nameInArchiveHash="0xB8A0BF169F98">0x0</containerEntry>
        </property>
        <property name="transforms" type="Matrix4" container="DynamicArray" arraySize="17">
          <containerEntry r11="0.93491817" r12="-0.05138216" r13="0.35112366" r14="0" r21="0.048101455" r22="0.99867904" r23="0.0180659" r24="0" r31="-0.3515881" r32="-5.7090074e-07" r33="0.9361547" r34="0" r41="1430.3334" r42="46.973305" r43="-546.7095" r44="1"></containerEntry>
          <containerEntry r11="0.99028677" r12="-0.12415323" r13="0.06259476" r14="0" r21="0.13063625" r22="0.98495305" r23="-0.11314432" r24="0" r31="-0.047605667" r32="0.120222464" r33="0.99160486" r34="0" r41="1482.138" r42="49.84349" r43="-532.05164" r44="1"></containerEntry>
          <containerEntry r11="0.5426191" r12="-0.2129711" r13="0.81253237" r14="0" r21="0.5676487" r22="0.8059832" r23="-0.16782872" r24="0" r31="-0.619145" r32="0.55229956" r33="0.55823445" r34="0" r41="1486.5215" r42="72.621506" r43="-593.9787" r44="1"></containerEntry>
          <containerEntry r11="-0.43449718" r12="-0.2642777" r13="0.8610266" r14="0" r21="0.49622065" r22="0.72756654" r23="0.4737209" r24="0" r31="-0.7516479" r32="0.6330906" r33="-0.18498504" r34="0" r41="1468.534" r42="75.184006" r43="-611.9287" r44="1"></containerEntry>
          <containerEntry r11="-0.74176633" r12="0.09039585" r13="-0.6645353" r14="0" r21="-0.572869" r22="0.42980915" r23="0.69791394" r24="0" r31="0.3487115" r32="0.8983826" r33="-0.26703173" r34="0" r41="1422.3156" r42="83.94399" r43="-638.1125" r44="1"></containerEntry>
          <containerEntry r11="-0.6896707" r12="-0.28179124" r13="0.66703737" r14="0" r21="0.44589564" r22="0.5605439" r23="0.6978289" r24="0" r31="-0.57054555" r32="0.77870524" r33="-0.26093888" r34="0" r41="1432.6707" r42="65.86482" r43="-593.33484" r44="1"></containerEntry>
          <containerEntry r11="-0.32439598" r12="0.32583854" r13="-0.8880261" r14="0" r21="-0.6481681" r22="0.6071852" r23="0.4595678" r24="0" r31="0.68894064" r32="0.7246748" r33="0.014231443" r34="0" r41="1508.5603" r42="67.499176" r43="-581.87537" r44="1"></containerEntry>
          <containerEntry r11="-0.9915961" r12="-0.10411514" r13="0.07673043" r14="0" r21="0.02946861" r22="0.39578834" r23="0.91786724" r24="0" r31="-0.125933" r32="0.91241914" r33="-0.38939112" r34="0" r41="1513.8853" r42="69.999176" r43="-588.23785" r44="1"></containerEntry>
          <containerEntry r11="0.8436083" r12="0.16096392" r13="-0.51226425" r14="0" r21="-0.2964762" r22="0.9350383" r23="-0.19443467" r24="0" r31="0.44768953" r32="0.31590125" r33="0.83652824" r34="0" r41="1462.392" r42="59.483047" r43="-577.24805" r44="1"></containerEntry>
          <containerEntry r11="-0.98110443" r12="-0.14836459" r13="-0.12412512" r14="0" r21="-0.17544602" r22="0.4122387" r23="0.894021" r24="0" r31="-0.08147265" r32="0.898912" r33="-0.43047488" r34="0" r41="1462.392" r42="62.69555" r43="-583.7605" r44="1"></containerEntry>
          <containerEntry r11="-0.5606192" r12="-0.10005364" r13="-0.8220079" r14="0" r21="-0.704448" r22="0.57941556" r23="0.40991586" r24="0" r31="0.4352708" r32="0.8088679" r33="-0.39531434" r34="0" r41="1477.9214" r42="73.02151" r43="-597.81616" r44="1"></containerEntry>
          <containerEntry r11="-0.226017" r12="-0.28300005" r13="0.9321035" r14="0" r21="0.6785357" r22="0.64081085" r23="0.3590929" r24="0" r31="-0.6989244" r32="0.7136311" r33="0.047194123" r34="0" r41="1438.3407" r42="79.07963" r43="-628.1523" r44="1"></containerEntry>
          <containerEntry r11="0.50610304" r12="-0.37388772" r13="0.7772159" r14="0" r21="0.69143337" r22="0.7145454" r23="-0.106502935" r24="0" r31="-0.51553506" r32="0.591296" r33="0.62015337" r34="0" r41="1465.866" r42="83.81258" r43="-643.6611" r44="1"></containerEntry>
          <containerEntry r11="0.6092419" r12="-0.32374445" r13="0.7238874" r14="0" r21="0.43512616" r22="0.89964396" r23="0.036135092" r24="0" r31="-0.66293937" r32="0.29296768" r33="0.6889707" r34="0" r41="1487.9304" r42="79.525955" r43="-627.99347" r44="1"></containerEntry>
          <containerEntry r11="0.97387064" r12="0.14737701" r13="-0.17278849" r14="0" r21="-0.20179248" r22="0.9106086" r23="-0.36065412" r24="0" r31="0.104190424" r32="0.3860979" r33="0.91655463" r34="0" r41="1487.9304" r42="79.025955" r43="-625.16846" r44="1"></containerEntry>
          <containerEntry r11="-0.8155256" r12="-0.2729192" r13="0.51030916" r14="0" r21="0.27729473" r22="0.5897" r23="0.75852334" r24="0" r31="-0.5079449" r32="0.7601086" r33="-0.40523237" r34="0" r41="1413.3591" r42="83.41707" r43="-637.4663" r44="1"></containerEntry>
          <containerEntry r11="-0.8380645" r12="-0.36226207" r13="0.40792173" r14="0" r21="0.23886323" r22="0.42858705" r23="0.8713513" r24="0" r31="-0.4904878" r32="0.82769257" r33="-0.27264816" r34="0" r41="1458.1464" r42="69.62852" r43="-597.7077" r44="1"></containerEntry>
        </property>
        <property name="colors" type="UInt32" container="DynamicArray" arraySize="17">
          <containerEntry>4294967295</containerEntry>
          <containerEntry>4294967295</containerEntry>
          <containerEntry>4294967295</containerEntry>
          <containerEntry>4294967295</containerEntry>
          <containerEntry>4294967295</containerEntry>
          <containerEntry>4294967295</containerEntry>
          <containerEntry>4294967295</containerEntry>
          <containerEntry>4294967295</containerEntry>
          <containerEntry>4294967295</containerEntry>
          <containerEntry>4294967295</containerEntry>
          <containerEntry>4294967295</containerEntry>
          <containerEntry>4294967295</containerEntry>
          <containerEntry>4294967295</containerEntry>
          <containerEntry>4294967295</containerEntry>
          <containerEntry>4294967295</containerEntry>
          <containerEntry>4294967295</containerEntry>
          <containerEntry>4294967295</containerEntry>
        </property>
      </staticProperties>
      <dynamicProperties></dynamicProperties>
    </entity>
    <entity class="StaticModelArray" classVersion="4" classID="0xD0" addr="0x317BD10" id="0x0">
      <staticProperties>
        <property name="name" type="String" container="StaticArray" arraySize="1">
          <containerEntry>StaticModelArray0001</containerEntry>
        </property>
        <property name="dataSet" type="EntityHandle" container="StaticArray" arraySize="1">
          <containerEntry>0x33548B0</containerEntry>
        </property>
        <property name="modelFile" type="FilePtr" container="StaticArray" arraySize="1">
          <containerEntry>/Assets/tpp/environ/object/middle_africa/rock/mafr_rock002/scenes/mafr_rock002.fmdl</containerEntry>
        </property>
        <property name="geomFile" type="FilePtr" container="StaticArray" arraySize="1">
          <containerEntry>/Assets/tpp/environ/object/middle_africa/rock/mafr_rock002/scenes/mafr_rock002.geom</containerEntry>
        </property>
        <property name="isVisibleGeom" type="Bool" container="StaticArray" arraySize="1">
          <containerEntry>false</containerEntry>
        </property>
        <property name="lodFarSize" type="Float" container="StaticArray" arraySize="1">
          <containerEntry>-1</containerEntry>
        </property>
        <property name="lodNearSize" type="Float" container="StaticArray" arraySize="1">
          <containerEntry>-1</containerEntry>
        </property>
        <property name="lodPolygonSize" type="Float" container="StaticArray" arraySize="1">
          <containerEntry>-1</containerEntry>
        </property>
        <property name="drawRejectionLevel" type="Int32" container="StaticArray" arraySize="1">
          <containerEntry>8</containerEntry>
        </property>
        <property name="drawMode" type="Int32" container="StaticArray" arraySize="1">
          <containerEntry>0</containerEntry>
        </property>
        <property name="rejectFarRangeShadowCast" type="Int32" container="StaticArray" arraySize="1">
          <containerEntry>2</containerEntry>
        </property>
        <property name="parentLocator" type="EntityLink" container="StaticArray" arraySize="1">
          <containerEntry packagePathHash="0xB8A0BF169F98" archivePathHash="0xB8A0BF169F98" nameInArchiveHash="0xB8A0BF169F98">0x0</containerEntry>
        </property>
        <property name="transforms" type="Matrix4" container="DynamicArray" arraySize="23">
          <containerEntry r11="0.9672601" r12="-0.04675418" r13="0.24944316" r14="0" r21="0.017192526" r22="0.99269754" r23="0.11939853" r24="0" r31="-0.253204" r32="-0.11120089" r33="0.9610006" r34="0" r41="1448.1855" r42="80.03501" r43="-614.90155" r44="1"></containerEntry>
          <containerEntry r11="0.49502423" r12="0.18347807" r13="-0.84928644" r14="0" r21="0.0023935437" r22="0.9771584" r23="0.21249855" r24="0" r31="0.8688762" r32="-0.10722479" r33="0.48327795" r34="0" r41="1441.998" r42="80.810005" r43="-618.7391" r44="1"></containerEntry>
          <containerEntry r11="0.9624994" r12="0.1615743" r13="-0.21791895" r14="0" r21="-0.13134512" r22="0.98040813" r23="0.14679374" r24="0" r31="0.23736762" r32="-0.112666264" r33="0.9648642" r34="0" r41="1422.7125" r42="69.319626" r43="-596.90155" r44="1"></containerEntry>
          <containerEntry r11="-0.8717806" r12="0.024443094" r13="-0.48928684" r14="0" r21="0.110583544" r22="0.9827955" r23="-0.14793369" r24="0" r31="0.4772529" r32="-0.18307275" r33="-0.859485" r34="0" r41="1509.4579" r42="78.81917" r43="-600.26605" r44="1"></containerEntry>
          <containerEntry r11="0.93454576" r12="-0.12502909" r13="-0.33315474" r14="0" r21="0.16400066" r22="0.98221385" r23="0.0914315" r24="0" r31="0.31579763" r32="-0.14008448" r33="0.93842864" r34="0" r41="1503.9252" r42="82.2436" r43="-612.55396" r44="1"></containerEntry>
          <containerEntry r11="0.5348094" r12="0.08879097" r13="-0.84029555" r14="0" r21="0.1224789" r22="0.97581506" r23="0.18106341" r24="0" r31="0.8360499" r32="-0.19975287" r33="0.51100004" r34="0" r41="1461.9192" r42="89.909065" r43="-647.8601" r44="1"></containerEntry>
          <containerEntry r11="-0.5089126" r12="0.15156099" r13="-0.84737295" r14="0" r21="0.27025208" r22="0.9627388" r23="0.009888776" r24="0" r31="0.81729764" r32="-0.22397152" r33="-0.53090966" r34="0" r41="1490.9971" r42="87.77821" r43="-644.76556" r44="1"></containerEntry>
          <containerEntry r11="0.97382253" r12="0.16125745" r13="0.16020559" r14="0" r21="-0.1709019" r22="0.98410475" r23="0.048275013" r24="0" r31="-0.1498744" r32="-0.07439068" r33="0.9859025" r34="0" r41="1486.7346" r42="86.490715" r43="-641.2781" r44="1"></containerEntry>
          <containerEntry r11="0.4908347" r12="-0.2627066" r13="0.83070374" r14="0" r21="0.32918927" r22="0.93870044" r23="0.102353156" r24="0" r31="-0.8066709" r32="0.22321957" r33="0.54722667" r34="0" r41="1417.4635" r42="83.03488" r43="-625.84656" r44="1"></containerEntry>
          <containerEntry r11="0.9938893" r12="0.030370545" r13="-0.10612114" r14="0" r21="-0.027038574" r22="0.9990995" r23="0.032697078" r24="0" r31="0.107018605" r32="-0.029627917" r33="0.9938155" r34="0" r41="1521.463" r42="87.05041" r43="-634.98535" r44="1"></containerEntry>
          <containerEntry r11="0.46049058" r12="0.21590582" r13="-0.8610077" r14="0" r21="-0.021789968" r22="0.97242606" r23="0.23219141" r24="0" r31="0.88739777" r32="-0.08816079" r33="0.4524976" r34="0" r41="1525.363" r42="86.337906" r43="-631.93536" r44="1"></containerEntry>
          <containerEntry r11="0.22836854" r12="0.47685745" r13="-0.8487978" r14="0" r21="-0.36271885" r22="0.8507417" r23="0.38036054" r24="0" r31="0.9034853" r32="0.22101146" r33="0.36724728" r34="0" r41="1389.0853" r42="79.000015" r43="-627.328" r44="1"></containerEntry>
          <containerEntry r11="0.98391575" r12="0.15959537" r13="0.08024475" r14="0" r21="-0.17830786" r22="0.85034275" r23="0.49510032" r24="0" r31="0.010779958" r32="-0.50144523" r33="0.86512256" r34="0" r41="1383.3103" r42="83.80001" r43="-636.8155" r44="1"></containerEntry>
          <containerEntry r11="0.5382982" r12="0.4672807" r13="-0.701346" r14="0" r21="-0.19352241" r22="0.8785045" r23="0.43678316" r24="0" r31="0.82023567" r32="-0.09939429" r33="0.5633263" r34="0" r41="1353.7979" r42="80.600006" r43="-645.153" r44="1"></containerEntry>
          <containerEntry r11="-0.8174286" r12="0.12077981" r13="-0.5632332" r14="0" r21="-0.22419459" r22="0.8339704" r23="0.50421315" r24="0" r31="0.5306187" r32="0.53842956" r33="-0.6546339" r34="0" r41="1388.3806" r42="71.83202" r43="-614.8873" r44="1"></containerEntry>
          <containerEntry r11="0.9955227" r12="0.03193042" r13="0.08896639" r14="0" r21="-0.03282426" r22="0.9994241" r23="0.008601761" r24="0" r31="-0.0886405" r32="-0.011483495" r33="0.9959975" r34="0" r41="1369.7834" r42="63.001637" r43="-615.4647" r44="1"></containerEntry>
          <containerEntry r11="0.24581443" r12="-0.26103714" r13="0.9335095" r14="0" r21="-0.102712" r22="0.9506198" r23="0.29286945" r24="0" r31="-0.96386236" r32="-0.16787459" r33="0.20686436" r34="0" r41="1361.9031" r42="64.93787" r43="-621.30975" r44="1"></containerEntry>
          <containerEntry r11="-0.62529886" r12="-0.057602275" r13="0.7782578" r14="0" r21="-0.12785216" r22="0.99135894" r23="-0.029349111" r24="0" r31="-0.7698422" r32="-0.11785381" r33="-0.62726015" r34="0" r41="1497.7751" r42="76.190445" r43="-587.80786" r44="1"></containerEntry>
          <containerEntry r11="0.76394355" r12="0.060101572" r13="-0.6424785" r14="0" r21="-0.1404288" r22="0.9872747" r23="-0.07462197" r24="0" r31="0.6298179" r32="0.14722937" r33="0.7626621" r34="0" r41="1496.1752" r42="76.190445" r43="-589.93286" r44="1"></containerEntry>
          <containerEntry r11="0.88455844" r12="0.011479218" r13="-0.46628836" r14="0" r21="0.06406161" r22="0.98723334" r23="0.14583033" r24="0" r31="0.46200946" r32="-0.15886661" r33="0.87253016" r34="0" r41="1517.4829" r42="78.46917" r43="-600.69104" r44="1"></containerEntry>
          <containerEntry r11="-0.63978356" r12="0.05747668" r13="-0.7664098" r14="0" r21="0.008067761" r22="0.997647" r23="0.06808371" r24="0" r31="0.7685197" r32="0.037375286" r33="-0.63874185" r34="0" r41="1368.9906" r42="68.16287" r43="-622.35974" r44="1"></containerEntry>
          <containerEntry r11="0.8271981" r12="-0.013091598" r13="0.5617582" r14="0" r21="-0.079261616" r22="0.9870142" r23="0.13971621" r24="0" r31="-0.5562925" r32="-0.16009882" r33="0.8154185" r34="0" r41="1478.6809" r42="62.98119" r43="-569.2038" r44="1"></containerEntry>
          <containerEntry r11="0.63265955" r12="-0.2110964" r13="0.7451037" r14="0" r21="0.015294053" r22="0.9653504" r23="0.26050854" r24="0" r31="-0.77427864" r32="-0.15341748" r33="0.61396664" r34="0" r41="1447.4579" r42="61.25721" r43="-575.81274" r44="1"></containerEntry>
        </property>
        <property name="colors" type="UInt32" container="DynamicArray" arraySize="23">
          <containerEntry>4294967295</containerEntry>
          <containerEntry>4294967295</containerEntry>
          <containerEntry>4294967295</containerEntry>
          <containerEntry>4294967295</containerEntry>
          <containerEntry>4294967295</containerEntry>
          <containerEntry>4294967295</containerEntry>
          <containerEntry>4294967295</containerEntry>
          <containerEntry>4294967295</containerEntry>
          <containerEntry>4294967295</containerEntry>
          <containerEntry>4294967295</containerEntry>
          <containerEntry>4294967295</containerEntry>
          <containerEntry>4294967295</containerEntry>
          <containerEntry>4294967295</containerEntry>
          <containerEntry>4294967295</containerEntry>
          <containerEntry>4294967295</containerEntry>
          <containerEntry>4294967295</containerEntry>
          <containerEntry>4294967295</containerEntry>
          <containerEntry>4294967295</containerEntry>
          <containerEntry>4294967295</containerEntry>
          <containerEntry>4294967295</containerEntry>
          <containerEntry>4294967295</containerEntry>
          <containerEntry>4294967295</containerEntry>
          <containerEntry>4294967295</containerEntry>
        </property>
      </staticProperties>
      <dynamicProperties></dynamicProperties>
    </entity>
    <entity class="StaticModelArray" classVersion="4" classID="0xD0" addr="0x3354290" id="0x0">
      <staticProperties>
        <property name="name" type="String" container="StaticArray" arraySize="1">
          <containerEntry>StaticModelArray0002</containerEntry>
        </property>
        <property name="dataSet" type="EntityHandle" container="StaticArray" arraySize="1">
          <containerEntry>0x33548B0</containerEntry>
        </property>
        <property name="modelFile" type="FilePtr" container="StaticArray" arraySize="1">
          <containerEntry>/Assets/tpp/environ/object/middle_africa/clod/mafr_clod005/scenes/mafr_clod005.fmdl</containerEntry>
        </property>
        <property name="geomFile" type="FilePtr" container="StaticArray" arraySize="1">
          <containerEntry>/Assets/tpp/environ/object/middle_africa/clod/mafr_clod005/scenes/mafr_clod005.geom</containerEntry>
        </property>
        <property name="isVisibleGeom" type="Bool" container="StaticArray" arraySize="1">
          <containerEntry>false</containerEntry>
        </property>
        <property name="lodFarSize" type="Float" container="StaticArray" arraySize="1">
          <containerEntry>-1</containerEntry>
        </property>
        <property name="lodNearSize" type="Float" container="StaticArray" arraySize="1">
          <containerEntry>-1</containerEntry>
        </property>
        <property name="lodPolygonSize" type="Float" container="StaticArray" arraySize="1">
          <containerEntry>-1</containerEntry>
        </property>
        <property name="drawRejectionLevel" type="Int32" container="StaticArray" arraySize="1">
          <containerEntry>8</containerEntry>
        </property>
        <property name="drawMode" type="Int32" container="StaticArray" arraySize="1">
          <containerEntry>0</containerEntry>
        </property>
        <property name="rejectFarRangeShadowCast" type="Int32" container="StaticArray" arraySize="1">
          <containerEntry>2</containerEntry>
        </property>
        <property name="parentLocator" type="EntityLink" container="StaticArray" arraySize="1">
          <containerEntry packagePathHash="0xB8A0BF169F98" archivePathHash="0xB8A0BF169F98" nameInArchiveHash="0xB8A0BF169F98">0x0</containerEntry>
        </property>
        <property name="transforms" type="Matrix4" container="DynamicArray" arraySize="3">
          <containerEntry r11="0.93135774" r12="-0.07997621" r13="0.3552134" r14="0" r21="0.050706614" r22="0.9945615" r23="0.09097422" r24="0" r31="-0.36055732" r32="-0.06671787" r33="0.93034786" r34="0" r41="1426.8163" r42="78.12181" r43="-617.915" r44="1"></containerEntry>
          <containerEntry r11="0.5047203" r12="0.25828046" r13="-0.8237403" r14="0" r21="-0.055239983" r22="0.96190244" r23="0.26775396" r24="0" r31="0.86151344" r32="-0.089637354" r33="0.49975908" r34="0" r41="1442.4788" r42="69.53431" r43="-602.52747" r44="1"></containerEntry>
          <containerEntry r11="0.9268199" r12="0.07719287" r13="0.3674863" r14="0" r21="-0.20665944" r22="0.9219586" r23="0.3275426" r24="0" r31="-0.31352317" r32="-0.3795175" r33="0.87044215" r34="0" r41="1362.2413" r42="75.28431" r43="-636.4774" r44="1"></containerEntry>
        </property>
        <property name="colors" type="UInt32" container="DynamicArray" arraySize="3">
          <containerEntry>4294967295</containerEntry>
          <containerEntry>4294967295</containerEntry>
          <containerEntry>4294967295</containerEntry>
        </property>
      </staticProperties>
      <dynamicProperties></dynamicProperties>
    </entity>
    <entity class="StaticModelArray" classVersion="4" classID="0xD0" addr="0x317B8B0" id="0x0">
      <staticProperties>
        <property name="name" type="String" container="StaticArray" arraySize="1">
          <containerEntry>StaticModelArray0003</containerEntry>
        </property>
        <property name="dataSet" type="EntityHandle" container="StaticArray" arraySize="1">
          <containerEntry>0x33548B0</containerEntry>
        </property>
        <property name="modelFile" type="FilePtr" container="StaticArray" arraySize="1">
          <containerEntry>/Assets/tpp/environ/object/middle_africa/cliff/mafr_clff015/scenes/mafr_clff015_wall002.fmdl</containerEntry>
        </property>
        <property name="geomFile" type="FilePtr" container="StaticArray" arraySize="1">
          <containerEntry>/Assets/tpp/environ/object/middle_africa/cliff/mafr_clff015/scenes/mafr_clff015_wall002.geom</containerEntry>
        </property>
        <property name="isVisibleGeom" type="Bool" container="StaticArray" arraySize="1">
          <containerEntry>false</containerEntry>
        </property>
        <property name="lodFarSize" type="Float" container="StaticArray" arraySize="1">
          <containerEntry>-1</containerEntry>
        </property>
        <property name="lodNearSize" type="Float" container="StaticArray" arraySize="1">
          <containerEntry>-1</containerEntry>
        </property>
        <property name="lodPolygonSize" type="Float" container="StaticArray" arraySize="1">
          <containerEntry>-1</containerEntry>
        </property>
        <property name="drawRejectionLevel" type="Int32" container="StaticArray" arraySize="1">
          <containerEntry>8</containerEntry>
        </property>
        <property name="drawMode" type="Int32" container="StaticArray" arraySize="1">
          <containerEntry>0</containerEntry>
        </property>
        <property name="rejectFarRangeShadowCast" type="Int32" container="StaticArray" arraySize="1">
          <containerEntry>2</containerEntry>
        </property>
        <property name="parentLocator" type="EntityLink" container="StaticArray" arraySize="1">
          <containerEntry packagePathHash="0xB8A0BF169F98" archivePathHash="0xB8A0BF169F98" nameInArchiveHash="0xB8A0BF169F98">0x0</containerEntry>
        </property>
        <property name="transforms" type="Matrix4" container="DynamicArray" arraySize="2">
          <containerEntry r11="0.4231165" r12="-0.021173572" r13="0.26556373" r14="0" r21="0.06273431" r22="0.49232095" r23="-0.060700033" r24="0" r31="-0.2589147" r32="0.084686294" r33="0.41927487" r34="0" r41="1477.9161" r42="67.90685" r43="-593.3157" r44="1"></containerEntry>
          <containerEntry r11="-0.40545648" r12="-0.08404406" r13="0.2802519" r14="0" r21="-0.087912984" r22="0.4917921" r23="0.020293413" r24="0" r31="-0.27906242" r32="-0.03281938" r33="-0.4135777" r34="0" r41="1506.7786" r42="68.96935" r43="-596.8531" r44="1"></containerEntry>
        </property>
        <property name="colors" type="UInt32" container="DynamicArray" arraySize="2">
          <containerEntry>4294967295</containerEntry>
          <containerEntry>4294967295</containerEntry>
        </property>
      </staticProperties>
      <dynamicProperties></dynamicProperties>
    </entity>
    <entity class="TexturePackLoadConditioner" classVersion="0" classID="0x48" addr="0x317C4F0" id="0x0">
      <staticProperties>
        <property name="name" type="String" container="StaticArray" arraySize="1">
          <containerEntry>TexturePackLoadConditioner0000</containerEntry>
        </property>
        <property name="dataSet" type="EntityHandle" container="StaticArray" arraySize="1">
          <containerEntry>0x33548B0</containerEntry>
        </property>
        <property name="texturePackPath" type="Path" container="StaticArray" arraySize="1">
          <containerEntry hash="0xB8A0BF169F98"></containerEntry>
        </property>
      </staticProperties>
      <dynamicProperties></dynamicProperties>
    </entity>
  </entities>
</fox>