<fox formatVersion="2" fileVersion="0">
  <entities>
    <entity class="DataSet" classVersion="0" classID="0xE8" addr="0x2EF1970" id="0xB95A78">
      <staticProperties>
        <property name="name" type="String" container="StaticArray" arraySize="1">
          <containerEntry hash="0xB8A0BF169F98"></containerEntry>
        </property>
        <property name="dataSet" type="EntityHandle" container="StaticArray" arraySize="1">
          <containerEntry>0x0</containerEntry>
        </property>
        <property name="dataList" type="EntityPtr" container="StringMap" arraySize="4">
          <containerEntry key="StaticModelArray0000">
            <data>0x2D76C20</data>
          </containerEntry>
          <containerEntry key="StaticModelArray0001">
            <data>0x2D76D00</data>
          </containerEntry>
          <containerEntry key="StaticModelArray0002">
            <data>0x2D76C90</data>
          </containerEntry>
          <containerEntry key="TexturePackLoadConditioner0000">
            <data>0x2D772B0</data>
          </containerEntry>
        </property>
      </staticProperties>
      <dynamicProperties></dynamicProperties>
    </entity>
    <entity class="StaticModelArray" classVersion="4" classID="0xD0" addr="0x2D76C20" id="0x0">
      <staticProperties>
        <property name="name" type="String" container="StaticArray" arraySize="1">
          <containerEntry>StaticModelArray0000</containerEntry>
        </property>
        <property name="dataSet" type="EntityHandle" container="StaticArray" arraySize="1">
          <containerEntry>0x2EF1970</containerEntry>
        </property>
        <property name="modelFile" type="FilePtr" container="StaticArray" arraySize="1">
          <containerEntry>/Assets/tpp/environ/object/middle_africa/tree/mafr_tree031/scenes/mafr_tree031_vrtn005.fmdl</containerEntry>
        </property>
        <property name="geomFile" type="FilePtr" container="StaticArray" arraySize="1">
          <containerEntry>/Assets/tpp/environ/object/middle_africa/tree/mafr_tree031/scenes/mafr_tree031_vrtn005.geom</containerEntry>
        </property>
        <property name="isVisibleGeom" type="Bool" container="StaticArray" arraySize="1">
          <containerEntry>false</containerEntry>
        </property>
        <property name="lodFarSize" type="Float" container="StaticArray" arraySize="1">
          <containerEntry>-1</containerEntry>
        </property>
        <property name="lodNearSize" type="Float" container="StaticArray" arraySize="1">
          <containerEntry>-1</containerEntry>
        </property>
        <property name="lodPolygonSize" type="Float" container="StaticArray" arraySize="1">
          <containerEntry>-1</containerEntry>
        </property>
        <property name="drawRejectionLevel" type="Int32" container="StaticArray" arraySize="1">
          <containerEntry>7</containerEntry>
        </property>
        <property name="drawMode" type="Int32" container="StaticArray" arraySize="1">
          <containerEntry>0</containerEntry>
        </property>
        <property name="rejectFarRangeShadowCast" type="Int32" container="StaticArray" arraySize="1">
          <containerEntry>2</containerEntry>
        </property>
        <property name="parentLocator" type="EntityLink" container="StaticArray" arraySize="1">
          <containerEntry packagePathHash="0xB8A0BF169F98" archivePathHash="0xB8A0BF169F98" nameInArchiveHash="0xB8A0BF169F98">0x0</containerEntry>
        </property>
        <property name="transforms" type="Matrix4" container="DynamicArray" arraySize="10">
          <containerEntry r11="0.3641979" r12="0" r13="0.93132055" r14="0" r21="0" r22="1" r23="0" r24="0" r31="-0.93132055" r32="0" r33="0.3641979" r34="0" r41="2941.9915" r42="53.373318" r43="724.1837" r44="1"></containerEntry>
          <containerEntry r11="1" r12="0" r13="0" r14="0" r21="0" r22="1" r23="0" r24="0" r31="0" r32="0" r33="1" r34="0" r41="3094.7427" r42="73.98437" r43="742.13794" r44="1"></containerEntry>
          <containerEntry r11="0.67611957" r12="0" r13="-0.7367919" r14="0" r21="0" r22="1" r23="0" r24="0" r31="0.7367919" r32="0" r33="0.67611957" r34="0" r41="3082.295" r42="75.07661" r43="720.8353" r44="1"></containerEntry>
          <containerEntry r11="0.78405195" r12="0" r13="0.620695" r14="0" r21="0" r22="1" r23="0" r24="0" r31="-0.620695" r32="0" r33="0.78405195" r34="0" r41="3032.486" r42="57.07593" r43="755.68665" r44="1"></containerEntry>
          <containerEntry r11="0.7189779" r12="0" r13="0.69503266" r14="0" r21="0" r22="1" r23="0" r24="0" r31="-0.69503266" r32="0" r33="0.7189779" r34="0" r41="3070.0698" r42="63.010082" r43="738.6234" r44="1"></containerEntry>
          <containerEntry r11="0.3641979" r12="0" r13="0.93132055" r14="0" r21="0" r22="1" r23="0" r24="0" r31="-0.93132055" r32="0" r33="0.3641979" r34="0" r41="2950.3176" r42="53.262386" r43="759.5599" r44="1"></containerEntry>
          <containerEntry r11="0.21271572" r12="0" r13="0.9771132" r14="0" r21="0" r22="1" r23="0" r24="0" r31="-0.9771132" r32="0" r33="0.21271572" r34="0" r41="2971.6958" r42="63.94805" r43="738.8887" r44="1"></containerEntry>
          <containerEntry r11="0.83969545" r12="0" r13="0.54305565" r14="0" r21="0" r22="1" r23="0" r24="0" r31="-0.54305565" r32="0" r33="0.83969545" r34="0" r41="2983.7124" r42="46.0405" r43="768.2621" r44="1"></containerEntry>
          <containerEntry r11="0.20273355" r12="0" r13="0.97923356" r14="0" r21="0" r22="1" r23="0" r24="0" r31="-0.97923356" r32="0" r33="0.20273355" r34="0" r41="2979.285" r42="65.68674" r43="714.63226" r44="1"></containerEntry>
          <containerEntry r11="0.3641979" r12="0" r13="0.93132055" r14="0" r21="0" r22="1" r23="0" r24="0" r31="-0.93132055" r32="0" r33="0.3641979" r34="0" r41="2921.8281" r42="47.378365" r43="747.47565" r44="1"></containerEntry>
        </property>
        <property name="colors" type="UInt32" container="DynamicArray" arraySize="10">
          <containerEntry>4294967295</containerEntry>
          <containerEntry>4294967295</containerEntry>
          <containerEntry>4294967295</containerEntry>
          <containerEntry>4294967295</containerEntry>
          <containerEntry>4294967295</containerEntry>
          <containerEntry>4294967295</containerEntry>
          <containerEntry>4294967295</containerEntry>
          <containerEntry>4294967295</containerEntry>
          <containerEntry>4294967295</containerEntry>
          <containerEntry>4294967295</containerEntry>
        </property>
      </staticProperties>
      <dynamicProperties></dynamicProperties>
    </entity>
    <entity class="StaticModelArray" classVersion="4" classID="0xD0" addr="0x2D76D00" id="0x0">
      <staticProperties>
        <property name="name" type="String" container="StaticArray" arraySize="1">
          <containerEntry>StaticModelArray0001</containerEntry>
        </property>
        <property name="dataSet" type="EntityHandle" container="StaticArray" arraySize="1">
          <containerEntry>0x2EF1970</containerEntry>
        </property>
        <property name="modelFile" type="FilePtr" container="StaticArray" arraySize="1">
          <containerEntry>/Assets/tpp/environ/object/middle_africa/tree/mafr_tree031/scenes/mafr_tree031_vrtn001.fmdl</containerEntry>
        </property>
        <property name="geomFile" type="FilePtr" container="StaticArray" arraySize="1">
          <containerEntry>/Assets/tpp/environ/object/middle_africa/tree/mafr_tree031/scenes/mafr_tree031_vrtn001.geom</containerEntry>
        </property>
        <property name="isVisibleGeom" type="Bool" container="StaticArray" arraySize="1">
          <containerEntry>false</containerEntry>
        </property>
        <property name="lodFarSize" type="Float" container="StaticArray" arraySize="1">
          <containerEntry>-1</containerEntry>
        </property>
        <property name="lodNearSize" type="Float" container="StaticArray" arraySize="1">
          <containerEntry>-1</containerEntry>
        </property>
        <property name="lodPolygonSize" type="Float" container="StaticArray" arraySize="1">
          <containerEntry>-1</containerEntry>
        </property>
        <property name="drawRejectionLevel" type="Int32" container="StaticArray" arraySize="1">
          <containerEntry>7</containerEntry>
        </property>
        <property name="drawMode" type="Int32" container="StaticArray" arraySize="1">
          <containerEntry>0</containerEntry>
        </property>
        <property name="rejectFarRangeShadowCast" type="Int32" container="StaticArray" arraySize="1">
          <containerEntry>2</containerEntry>
        </property>
        <property name="parentLocator" type="EntityLink" container="StaticArray" arraySize="1">
          <containerEntry packagePathHash="0xB8A0BF169F98" archivePathHash="0xB8A0BF169F98" nameInArchiveHash="0xB8A0BF169F98">0x0</containerEntry>
        </property>
        <property name="transforms" type="Matrix4" container="DynamicArray" arraySize="5">
          <containerEntry r11="-0.98993963" r12="0" r13="-0.14147273" r14="0" r21="0" r22="1" r23="0" r24="0" r31="0.14147273" r32="0" r33="-0.98993963" r34="0" r41="2896.447" r42="44.93183" r43="669.04504" r44="1"></containerEntry>
          <containerEntry r11="-0.9703081" r12="0" r13="-0.24186586" r14="0" r21="0" r22="1" r23="0" r24="0" r31="0.24186586" r32="0" r33="-0.9703081" r34="0" r41="2927.8918" r42="47.073593" r43="708.2256" r44="1"></containerEntry>
          <containerEntry r11="-0.77332723" r12="0" r13="-0.63401" r14="0" r21="0" r22="1" r23="0" r24="0" r31="0.63401" r32="0" r33="-0.77332723" r34="0" r41="2979.7388" r42="62.866997" r43="694.0391" r44="1"></containerEntry>
          <containerEntry r11="-0.98993963" r12="0" r13="-0.14147273" r14="0" r21="0" r22="1" r23="0" r24="0" r31="0.14147273" r32="0" r33="-0.98993963" r34="0" r41="2957.55" r42="57.34653" r43="658.8673" r44="1"></containerEntry>
          <containerEntry r11="-0.8125594" r12="0" r13="0.5828812" r14="0" r21="0" r22="1" r23="0" r24="0" r31="-0.5828812" r32="0" r33="-0.8125594" r34="0" r41="2996.724" r42="61.767" r43="743.9544" r44="1"></containerEntry>
        </property>
        <property name="colors" type="UInt32" container="DynamicArray" arraySize="5">
          <containerEntry>4294967295</containerEntry>
          <containerEntry>4294967295</containerEntry>
          <containerEntry>4294967295</containerEntry>
          <containerEntry>4294967295</containerEntry>
          <containerEntry>4294967295</containerEntry>
        </property>
      </staticProperties>
      <dynamicProperties></dynamicProperties>
    </entity>
    <entity class="StaticModelArray" classVersion="4" classID="0xD0" addr="0x2D76C90" id="0x0">
      <staticProperties>
        <property name="name" type="String" container="StaticArray" arraySize="1">
          <containerEntry>StaticModelArray0002</containerEntry>
        </property>
        <property name="dataSet" type="EntityHandle" container="StaticArray" arraySize="1">
          <containerEntry>0x2EF1970</containerEntry>
        </property>
        <property name="modelFile" type="FilePtr" container="StaticArray" arraySize="1">
          <containerEntry>/Assets/tpp/environ/object/middle_africa/tree/mafr_tree031/scenes/mafr_tree031_vrtn009.fmdl</containerEntry>
        </property>
        <property name="geomFile" type="FilePtr" container="StaticArray" arraySize="1">
          <containerEntry>/Assets/tpp/environ/object/middle_africa/tree/mafr_tree031/scenes/mafr_tree031_vrtn009.geom</containerEntry>
        </property>
        <property name="isVisibleGeom" type="Bool" container="StaticArray" arraySize="1">
          <containerEntry>false</containerEntry>
        </property>
        <property name="lodFarSize" type="Float" container="StaticArray" arraySize="1">
          <containerEntry>-1</containerEntry>
        </property>
        <property name="lodNearSize" type="Float" container="StaticArray" arraySize="1">
          <containerEntry>-1</containerEntry>
        </property>
        <property name="lodPolygonSize" type="Float" container="StaticArray" arraySize="1">
          <containerEntry>-1</containerEntry>
        </property>
        <property name="drawRejectionLevel" type="Int32" container="StaticArray" arraySize="1">
          <containerEntry>8</containerEntry>
        </property>
        <property name="drawMode" type="Int32" container="StaticArray" arraySize="1">
          <containerEntry>0</containerEntry>
        </property>
        <property name="rejectFarRangeShadowCast" type="Int32" container="StaticArray" arraySize="1">
          <containerEntry>2</containerEntry>
        </property>
        <property name="parentLocator" type="EntityLink" container="StaticArray" arraySize="1">
          <containerEntry packagePathHash="0xB8A0BF169F98" archivePathHash="0xB8A0BF169F98" nameInArchiveHash="0xB8A0BF169F98">0x0</containerEntry>
        </property>
        <property name="transforms" type="Matrix4" container="DynamicArray" arraySize="3">
          <containerEntry r11="0.7071074" r12="0" r13="0.70710635" r14="0" r21="0" r22="1" r23="0" r24="0" r31="-0.70710635" r32="0" r33="0.7071074" r34="0" r41="3014.577" r42="71.89916" r43="710.51605" r44="1"></containerEntry>
          <containerEntry r11="0.2588225" r12="0" r13="0.9659243" r14="0" r21="0" r22="1" r23="0" r24="0" r31="-0.9659243" r32="0" r33="0.2588225" r34="0" r41="3051.718" r42="85.89916" r43="690.02795" r44="1"></containerEntry>
          <containerEntry r11="0.500002" r12="0" r13="0.86602324" r14="0" r21="0" r22="1" r23="0" r24="0" r31="-0.86602324" r32="0" r33="0.500002" r34="0" r41="3084.9553" r42="91.39916" r43="685.0339" r44="1"></containerEntry>
        </property>
        <property name="colors" type="UInt32" container="DynamicArray" arraySize="3">
          <containerEntry>4294967295</containerEntry>
          <containerEntry>4294967295</containerEntry>
          <containerEntry>4294967295</containerEntry>
        </property>
      </staticProperties>
      <dynamicProperties></dynamicProperties>
    </entity>
    <entity class="TexturePackLoadConditioner" classVersion="0" classID="0x48" addr="0x2D772B0" id="0x0">
      <staticProperties>
        <property name="name" type="String" container="StaticArray" arraySize="1">
          <containerEntry>TexturePackLoadConditioner0000</containerEntry>
        </property>
        <property name="dataSet" type="EntityHandle" container="StaticArray" arraySize="1">
          <containerEntry>0x2EF1970</containerEntry>
        </property>
        <property name="texturePackPath" type="Path" container="StaticArray" arraySize="1">
          <containerEntry hash="0xB8A0BF169F98"></containerEntry>
        </property>
      </staticProperties>
      <dynamicProperties></dynamicProperties>
    </entity>
  </entities>
</fox>