<fox formatVersion="2" fileVersion="0">
  <entities>
    <entity class="DataSet" classVersion="0" classID="0xE8" addr="0x2F04A00" id="0x1B26309">
      <staticProperties>
        <property name="name" type="String" container="StaticArray" arraySize="1">
          <containerEntry hash="0xB8A0BF169F98"></containerEntry>
        </property>
        <property name="dataSet" type="EntityHandle" container="StaticArray" arraySize="1">
          <containerEntry>0x0</containerEntry>
        </property>
        <property name="dataList" type="EntityPtr" container="StringMap" arraySize="11">
          <containerEntry key="mafr_clff015_wall002_0002">
            <data>0x2F03810</data>
          </containerEntry>
          <containerEntry key="mafr_tree010_dead001_0000">
            <data>0x2D75790</data>
          </containerEntry>
          <containerEntry key="TppGimmickElectricCableLinkSetData0000">
            <data>0x2D76D70</data>
          </containerEntry>
          <containerEntry key="TppGimmickElectricCableLinkSetData0001">
            <data>0x2D775C0</data>
          </containerEntry>
          <containerEntry key="cypr_utpl001_vrtn001_gim_n0000|cypr_utpl001_vrtn001_pc_0000">
            <data>0x2D77B70</data>
          </containerEntry>
          <containerEntry key="cypr_utpl001_vrtn001_gim_i0000|TppSharedGimmickData_cypr_utpl001_vrtn001">
            <data>0x2D77E80</data>
          </containerEntry>
          <containerEntry key="cypr_cabl002_vrtn001_gim_i0000|TppSharedGimmick_cypr_cabl002_vrtn001">
            <data>0x2D78190</data>
          </containerEntry>
          <containerEntry key="StaticModelArray0000">
            <data>0x2D7C950</data>
          </containerEntry>
          <containerEntry key="StaticModelArray0001">
            <data>0x2D7C9C0</data>
          </containerEntry>
          <containerEntry key="StaticModelArray0002">
            <data>0x2F05090</data>
          </containerEntry>
          <containerEntry key="TexturePackLoadConditioner0000">
            <data>0x2D7CFE0</data>
          </containerEntry>
        </property>
      </staticProperties>
      <dynamicProperties></dynamicProperties>
    </entity>
    <entity class="StaticModel" classVersion="9" classID="0x160" addr="0x2F03810" id="0x1B26365">
      <staticProperties>
        <property name="name" type="String" container="StaticArray" arraySize="1">
          <containerEntry>mafr_clff015_wall002_0002</containerEntry>
        </property>
        <property name="dataSet" type="EntityHandle" container="StaticArray" arraySize="1">
          <containerEntry>0x2F04A00</containerEntry>
        </property>
        <property name="parent" type="EntityHandle" container="StaticArray" arraySize="1">
          <containerEntry>0x0</containerEntry>
        </property>
        <property name="transform" type="EntityPtr" container="StaticArray" arraySize="1">
          <containerEntry>0x2F037A0</containerEntry>
        </property>
        <property name="shearTransform" type="EntityPtr" container="StaticArray" arraySize="1">
          <containerEntry>0x0</containerEntry>
        </property>
        <property name="pivotTransform" type="EntityPtr" container="StaticArray" arraySize="1">
          <containerEntry>0x0</containerEntry>
        </property>
        <property name="children" type="EntityHandle" container="List"></property>
        <property name="flags" type="UInt32" container="StaticArray" arraySize="1">
          <containerEntry>2147483655</containerEntry>
        </property>
        <property name="modelFile" type="FilePtr" container="StaticArray" arraySize="1">
          <containerEntry>/Assets/tpp/environ/object/middle_africa/cliff/mafr_clff015/scenes/mafr_clff015_wall002.fmdl</containerEntry>
        </property>
        <property name="geomFile" type="FilePtr" container="StaticArray" arraySize="1">
          <containerEntry>/Assets/tpp/environ/object/middle_africa/cliff/mafr_clff015/scenes/mafr_clff015_wall002.geom</containerEntry>
        </property>
        <property name="isVisibleGeom" type="Bool" container="StaticArray" arraySize="1">
          <containerEntry>false</containerEntry>
        </property>
        <property name="isIsolated" type="Bool" container="StaticArray" arraySize="1">
          <containerEntry>false</containerEntry>
        </property>
        <property name="lodFarSize" type="Float" container="StaticArray" arraySize="1">
          <containerEntry>-1</containerEntry>
        </property>
        <property name="lodNearSize" type="Float" container="StaticArray" arraySize="1">
          <containerEntry>-1</containerEntry>
        </property>
        <property name="lodPolygonSize" type="Float" container="StaticArray" arraySize="1">
          <containerEntry>-1</containerEntry>
        </property>
        <property name="color" type="Color" container="StaticArray" arraySize="1">
          <containerEntry r="1" g="1" b="1" a="1"></containerEntry>
        </property>
        <property name="drawRejectionLevel" type="Int32" container="StaticArray" arraySize="1">
          <containerEntry>8</containerEntry>
        </property>
        <property name="drawMode" type="Int32" container="StaticArray" arraySize="1">
          <containerEntry>0</containerEntry>
        </property>
        <property name="rejectFarRangeShadowCast" type="Int32" container="StaticArray" arraySize="1">
          <containerEntry>2</containerEntry>
        </property>
      </staticProperties>
      <dynamicProperties></dynamicProperties>
    </entity>
    <entity class="TransformEntity" classVersion="0" classID="0x50" addr="0x2F037A0" id="0x1B26368">
      <staticProperties>
        <property name="owner" type="EntityHandle" container="StaticArray" arraySize="1">
          <containerEntry>0x2F03810</containerEntry>
        </property>
        <property name="transform_scale" type="Vector3" container="StaticArray" arraySize="1">
          <containerEntry x="1" y="1" z="1" w="0"></containerEntry>
        </property>
        <property name="transform_rotation_quat" type="Quat" container="StaticArray" arraySize="1">
          <containerEntry x="0" y="0.311816" z="0" w="-0.950142"></containerEntry>
        </property>
        <property name="transform_translation" type="Vector3" container="StaticArray" arraySize="1">
          <containerEntry x="1915.3221" y="86.29669" z="-566.2583" w="0"></containerEntry>
        </property>
      </staticProperties>
      <dynamicProperties></dynamicProperties>
    </entity>
    <entity class="StaticModel" classVersion="9" classID="0x160" addr="0x2D75790" id="0x1B26400">
      <staticProperties>
        <property name="name" type="String" container="StaticArray" arraySize="1">
          <containerEntry>mafr_tree010_dead001_0000</containerEntry>
        </property>
        <property name="dataSet" type="EntityHandle" container="StaticArray" arraySize="1">
          <containerEntry>0x2F04A00</containerEntry>
        </property>
        <property name="parent" type="EntityHandle" container="StaticArray" arraySize="1">
          <containerEntry>0x0</containerEntry>
        </property>
        <property name="transform" type="EntityPtr" container="StaticArray" arraySize="1">
          <containerEntry>0x2D75800</containerEntry>
        </property>
        <property name="shearTransform" type="EntityPtr" container="StaticArray" arraySize="1">
          <containerEntry>0x0</containerEntry>
        </property>
        <property name="pivotTransform" type="EntityPtr" container="StaticArray" arraySize="1">
          <containerEntry>0x0</containerEntry>
        </property>
        <property name="children" type="EntityHandle" container="List"></property>
        <property name="flags" type="UInt32" container="StaticArray" arraySize="1">
          <containerEntry>2147483655</containerEntry>
        </property>
        <property name="modelFile" type="FilePtr" container="StaticArray" arraySize="1">
          <containerEntry>/Assets/tpp/environ/object/middle_africa/tree/mafr_tree010/scenes/mafr_tree010_dead001.fmdl</containerEntry>
        </property>
        <property name="geomFile" type="FilePtr" container="StaticArray" arraySize="1">
          <containerEntry>/Assets/tpp/environ/object/middle_africa/tree/mafr_tree010/scenes/mafr_tree010_dead001.geom</containerEntry>
        </property>
        <property name="isVisibleGeom" type="Bool" container="StaticArray" arraySize="1">
          <containerEntry>false</containerEntry>
        </property>
        <property name="isIsolated" type="Bool" container="StaticArray" arraySize="1">
          <containerEntry>false</containerEntry>
        </property>
        <property name="lodFarSize" type="Float" container="StaticArray" arraySize="1">
          <containerEntry>-1</containerEntry>
        </property>
        <property name="lodNearSize" type="Float" container="StaticArray" arraySize="1">
          <containerEntry>-1</containerEntry>
        </property>
        <property name="lodPolygonSize" type="Float" container="StaticArray" arraySize="1">
          <containerEntry>-1</containerEntry>
        </property>
        <property name="color" type="Color" container="StaticArray" arraySize="1">
          <containerEntry r="1" g="1" b="1" a="1"></containerEntry>
        </property>
        <property name="drawRejectionLevel" type="Int32" container="StaticArray" arraySize="1">
          <containerEntry>8</containerEntry>
        </property>
        <property name="drawMode" type="Int32" container="StaticArray" arraySize="1">
          <containerEntry>0</containerEntry>
        </property>
        <property name="rejectFarRangeShadowCast" type="Int32" container="StaticArray" arraySize="1">
          <containerEntry>2</containerEntry>
        </property>
      </staticProperties>
      <dynamicProperties></dynamicProperties>
    </entity>
    <entity class="TransformEntity" classVersion="0" classID="0x50" addr="0x2D75800" id="0x1B26403">
      <staticProperties>
        <property name="owner" type="EntityHandle" container="StaticArray" arraySize="1">
          <containerEntry>0x2D75790</containerEntry>
        </property>
        <property name="transform_scale" type="Vector3" container="StaticArray" arraySize="1">
          <containerEntry x="1" y="1" z="1" w="0"></containerEntry>
        </property>
        <property name="transform_rotation_quat" type="Quat" container="StaticArray" arraySize="1">
          <containerEntry x="-0.041572" y="-0.681544" z="-0.027526" w="0.730077"></containerEntry>
        </property>
        <property name="transform_translation" type="Vector3" container="StaticArray" arraySize="1">
          <containerEntry x="1904.8633" y="114.60391" z="-637.90094" w="0"></containerEntry>
        </property>
      </staticProperties>
      <dynamicProperties></dynamicProperties>
    </entity>
    <entity class="TppGimmickElectricCableLinkSetData" classVersion="0" classID="0xB0" addr="0x2D76D70" id="0x1B26488">
      <staticProperties>
        <property name="name" type="String" container="StaticArray" arraySize="1">
          <containerEntry>TppGimmickElectricCableLinkSetData0000</containerEntry>
        </property>
        <property name="dataSet" type="EntityHandle" container="StaticArray" arraySize="1">
          <containerEntry>0x2F04A00</containerEntry>
        </property>
        <property name="electricCableData" type="EntityLink" container="StaticArray" arraySize="1">
          <containerEntry packagePathHash="0xB8A0BF169F98" archivePath="/Assets/tpp/level/location/mafr/block_small/147/147_128/mafr_147_128_asset.fox2" nameInArchive="cypr_cabl002_vrtn001_gim_i0000|TppSharedGimmick_cypr_cabl002_vrtn001">0x0</containerEntry>
        </property>
        <property name="poleData" type="EntityLink" container="StaticArray" arraySize="1">
          <containerEntry packagePathHash="0xB8A0BF169F98" archivePath="/Assets/tpp/level/location/mafr/block_small/147/147_128/mafr_147_128_asset.fox2" nameInArchive="cypr_utpl001_vrtn001_gim_i0000|TppSharedGimmickData_cypr_utpl001_vrtn001">0x0</containerEntry>
        </property>
        <property name="electricCable" type="String" container="DynamicArray" arraySize="3">
          <containerEntry>cypr_cabl002_vrtn001_gim_n0001|srt_cypr_cabl002_vrtn001</containerEntry>
          <containerEntry>cypr_cabl002_vrtn001_gim_n0002|srt_cypr_cabl002_vrtn001</containerEntry>
          <containerEntry>cypr_cabl002_vrtn001_gim_n0003|srt_cypr_cabl002_vrtn001</containerEntry>
        </property>
        <property name="pole" type="String" container="DynamicArray" arraySize="3">
          <containerEntry>cypr_utpl001_vrtn001_gim_n0000|srt_cypr_utpl001_vrtn001</containerEntry>
          <containerEntry>cypr_utpl001_vrtn001_gim_n0000|srt_cypr_utpl001_vrtn001</containerEntry>
          <containerEntry>cypr_utpl001_vrtn001_gim_n0000|srt_cypr_utpl001_vrtn001</containerEntry>
        </property>
        <property name="cnpIndex" type="UInt8" container="DynamicArray" arraySize="3">
          <containerEntry>0</containerEntry>
          <containerEntry>1</containerEntry>
          <containerEntry>2</containerEntry>
        </property>
      </staticProperties>
      <dynamicProperties></dynamicProperties>
    </entity>
    <entity class="TppGimmickElectricCableLinkSetData" classVersion="0" classID="0xB0" addr="0x2D775C0" id="0x1B264A7">
      <staticProperties>
        <property name="name" type="String" container="StaticArray" arraySize="1">
          <containerEntry>TppGimmickElectricCableLinkSetData0001</containerEntry>
        </property>
        <property name="dataSet" type="EntityHandle" container="StaticArray" arraySize="1">
          <containerEntry>0x2F04A00</containerEntry>
        </property>
        <property name="electricCableData" type="EntityLink" container="StaticArray" arraySize="1">
          <containerEntry packagePath="/Assets/tpp/pack/location/mafr/pack_small/146/mafr_146_128.fpk" archivePath="/Assets/tpp/level/location/mafr/block_small/146/146_128/mafr_146_128_asset.fox2" nameInArchive="cypr_cabl002_vrtn001_gim_i0000|TppSharedGimmick_cypr_cabl002_vrtn001">0x0</containerEntry>
        </property>
        <property name="poleData" type="EntityLink" container="StaticArray" arraySize="1">
          <containerEntry packagePathHash="0xB8A0BF169F98" archivePath="/Assets/tpp/level/location/mafr/block_small/147/147_128/mafr_147_128_asset.fox2" nameInArchive="cypr_utpl001_vrtn001_gim_i0000|TppSharedGimmickData_cypr_utpl001_vrtn001">0x0</containerEntry>
        </property>
        <property name="electricCable" type="String" container="DynamicArray" arraySize="3">
          <containerEntry>cypr_cabl002_vrtn001_gim_n0001|srt_cypr_cabl002_vrtn001</containerEntry>
          <containerEntry>cypr_cabl002_vrtn001_gim_n0002|srt_cypr_cabl002_vrtn001</containerEntry>
          <containerEntry>cypr_cabl002_vrtn001_gim_n0003|srt_cypr_cabl002_vrtn001</containerEntry>
        </property>
        <property name="pole" type="String" container="DynamicArray" arraySize="3">
          <containerEntry>cypr_utpl001_vrtn001_gim_n0000|srt_cypr_utpl001_vrtn001</containerEntry>
          <containerEntry>cypr_utpl001_vrtn001_gim_n0000|srt_cypr_utpl001_vrtn001</containerEntry>
          <containerEntry>cypr_utpl001_vrtn001_gim_n0000|srt_cypr_utpl001_vrtn001</containerEntry>
        </property>
        <property name="cnpIndex" type="UInt8" container="DynamicArray" arraySize="3">
          <containerEntry>0</containerEntry>
          <containerEntry>1</containerEntry>
          <containerEntry>2</containerEntry>
        </property>
      </staticProperties>
      <dynamicProperties></dynamicProperties>
    </entity>
    <entity class="StaticModel" classVersion="9" classID="0x160" addr="0x2D77B70" id="0x1F8EBC">
      <staticProperties>
        <property name="name" type="String" container="StaticArray" arraySize="1">
          <containerEntry>cypr_utpl001_vrtn001_gim_n0000|cypr_utpl001_vrtn001_pc_0000</containerEntry>
        </property>
        <property name="dataSet" type="EntityHandle" container="StaticArray" arraySize="1">
          <containerEntry>0x2F04A00</containerEntry>
        </property>
        <property name="parent" type="EntityHandle" container="StaticArray" arraySize="1">
          <containerEntry>0x0</containerEntry>
        </property>
        <property name="transform" type="EntityPtr" container="StaticArray" arraySize="1">
          <containerEntry>0x2D77BE0</containerEntry>
        </property>
        <property name="shearTransform" type="EntityPtr" container="StaticArray" arraySize="1">
          <containerEntry>0x0</containerEntry>
        </property>
        <property name="pivotTransform" type="EntityPtr" container="StaticArray" arraySize="1">
          <containerEntry>0x0</containerEntry>
        </property>
        <property name="children" type="EntityHandle" container="List"></property>
        <property name="flags" type="UInt32" container="StaticArray" arraySize="1">
          <containerEntry>7</containerEntry>
        </property>
        <property name="modelFile" type="FilePtr" container="StaticArray" arraySize="1">
          <containerEntry hash="0xB8A0BF169F98"></containerEntry>
        </property>
        <property name="geomFile" type="FilePtr" container="StaticArray" arraySize="1">
          <containerEntry>/Assets/tpp/environ/object/cyprus/utility_pole/cypr_utpl001/scenes/cypr_utpl001_vrtn001_pc.geom</containerEntry>
        </property>
        <property name="isVisibleGeom" type="Bool" container="StaticArray" arraySize="1">
          <containerEntry>false</containerEntry>
        </property>
        <property name="isIsolated" type="Bool" container="StaticArray" arraySize="1">
          <containerEntry>false</containerEntry>
        </property>
        <property name="lodFarSize" type="Float" container="StaticArray" arraySize="1">
          <containerEntry>-1</containerEntry>
        </property>
        <property name="lodNearSize" type="Float" container="StaticArray" arraySize="1">
          <containerEntry>-1</containerEntry>
        </property>
        <property name="lodPolygonSize" type="Float" container="StaticArray" arraySize="1">
          <containerEntry>-1</containerEntry>
        </property>
        <property name="color" type="Color" container="StaticArray" arraySize="1">
          <containerEntry r="1" g="1" b="1" a="1"></containerEntry>
        </property>
        <property name="drawRejectionLevel" type="Int32" container="StaticArray" arraySize="1">
          <containerEntry>8</containerEntry>
        </property>
        <property name="drawMode" type="Int32" container="StaticArray" arraySize="1">
          <containerEntry>0</containerEntry>
        </property>
        <property name="rejectFarRangeShadowCast" type="Int32" container="StaticArray" arraySize="1">
          <containerEntry>2</containerEntry>
        </property>
      </staticProperties>
      <dynamicProperties></dynamicProperties>
    </entity>
    <entity class="TransformEntity" classVersion="0" classID="0x50" addr="0x2D77BE0" id="0x1F8EBD">
      <staticProperties>
        <property name="owner" type="EntityHandle" container="StaticArray" arraySize="1">
          <containerEntry>0x2D77B70</containerEntry>
        </property>
        <property name="transform_scale" type="Vector3" container="StaticArray" arraySize="1">
          <containerEntry x="1" y="1" z="1" w="1.1e-44"></containerEntry>
        </property>
        <property name="transform_rotation_quat" type="Quat" container="StaticArray" arraySize="1">
          <containerEntry x="0" y="0" z="0" w="1"></containerEntry>
        </property>
        <property name="transform_translation" type="Vector3" container="StaticArray" arraySize="1">
          <containerEntry x="1807.408" y="83.70887" z="-514.9729" w="1"></containerEntry>
        </property>
      </staticProperties>
      <dynamicProperties></dynamicProperties>
    </entity>
    <entity class="TppSharedGimmickData" classVersion="1" classID="0xF0" addr="0x2D77E80" id="0xC619">
      <staticProperties>
        <property name="name" type="String" container="StaticArray" arraySize="1">
          <containerEntry>cypr_utpl001_vrtn001_gim_i0000|TppSharedGimmickData_cypr_utpl001_vrtn001</containerEntry>
        </property>
        <property name="dataSet" type="EntityHandle" container="StaticArray" arraySize="1">
          <containerEntry>0x2F04A00</containerEntry>
        </property>
        <property name="modelFile" type="FilePtr" container="StaticArray" arraySize="1">
          <containerEntry>/Assets/tpp/environ/object/cyprus/utility_pole/cypr_utpl001/scenes/cypr_utpl001_vrtn001.fmdl</containerEntry>
        </property>
        <property name="geomFile" type="FilePtr" container="StaticArray" arraySize="1">
          <containerEntry>/Assets/tpp/environ/object/cyprus/utility_pole/cypr_utpl001/scenes/cypr_utpl001_vrtn001.geom</containerEntry>
        </property>
        <property name="breakedModelFile" type="FilePtr" container="StaticArray" arraySize="1">
          <containerEntry hash="0xB8A0BF169F98"></containerEntry>
        </property>
        <property name="breakedGeomFile" type="FilePtr" container="StaticArray" arraySize="1">
          <containerEntry hash="0xB8A0BF169F98"></containerEntry>
        </property>
        <property name="partsFile" type="FilePtr" container="StaticArray" arraySize="1">
          <containerEntry>/Assets/tpp/parts/environ/object/cyprus/utility_pole/cypr_utpl001/cypr_utpl001_vrtn001.parts</containerEntry>
        </property>
        <property name="numDynamicGimmick" type="UInt32" container="StaticArray" arraySize="1">
          <containerEntry>2</containerEntry>
        </property>
        <property name="locaterFile" type="FilePtr" container="StaticArray" arraySize="1">
          <containerEntry>/Assets/tpp/level/location/mafr/block_small/147/147_128/lba/cypr_utpl001_vrtn001.lba</containerEntry>
        </property>
        <property name="flags1" type="UInt32" container="StaticArray" arraySize="1">
          <containerEntry>284</containerEntry>
        </property>
        <property name="flags2" type="UInt32" container="StaticArray" arraySize="1">
          <containerEntry>0</containerEntry>
        </property>
      </staticProperties>
      <dynamicProperties></dynamicProperties>
    </entity>
    <entity class="TppSharedGimmickData" classVersion="1" classID="0xF0" addr="0x2D78190" id="0xCF4">
      <staticProperties>
        <property name="name" type="String" container="StaticArray" arraySize="1">
          <containerEntry>cypr_cabl002_vrtn001_gim_i0000|TppSharedGimmick_cypr_cabl002_vrtn001</containerEntry>
        </property>
        <property name="dataSet" type="EntityHandle" container="StaticArray" arraySize="1">
          <containerEntry>0x2F04A00</containerEntry>
        </property>
        <property name="modelFile" type="FilePtr" container="StaticArray" arraySize="1">
          <containerEntry>/Assets/tpp/environ/object/cyprus/cable/cypr_cabl002/scenes/cypr_cabl002_vrtn001_fl.fmdl</containerEntry>
        </property>
        <property name="geomFile" type="FilePtr" container="StaticArray" arraySize="1">
          <containerEntry hash="0xB8A0BF169F98"></containerEntry>
        </property>
        <property name="breakedModelFile" type="FilePtr" container="StaticArray" arraySize="1">
          <containerEntry hash="0xB8A0BF169F98"></containerEntry>
        </property>
        <property name="breakedGeomFile" type="FilePtr" container="StaticArray" arraySize="1">
          <containerEntry hash="0xB8A0BF169F98"></containerEntry>
        </property>
        <property name="partsFile" type="FilePtr" container="StaticArray" arraySize="1">
          <containerEntry>/Assets/tpp/parts/environ/object/cyprus/cable/cypr_cabl002/cypr_cabl002_vrtn001.parts</containerEntry>
        </property>
        <property name="numDynamicGimmick" type="UInt32" container="StaticArray" arraySize="1">
          <containerEntry>6</containerEntry>
        </property>
        <property name="locaterFile" type="FilePtr" container="StaticArray" arraySize="1">
          <containerEntry>/Assets/tpp/level/location/mafr/block_small/147/147_128/lba/cypr_cabl002_vrtn001_scl.lba</containerEntry>
        </property>
        <property name="flags1" type="UInt32" container="StaticArray" arraySize="1">
          <containerEntry>274</containerEntry>
        </property>
        <property name="flags2" type="UInt32" container="StaticArray" arraySize="1">
          <containerEntry>0</containerEntry>
        </property>
      </staticProperties>
      <dynamicProperties></dynamicProperties>
    </entity>
    <entity class="StaticModelArray" classVersion="4" classID="0xD0" addr="0x2D7C950" id="0x0">
      <staticProperties>
        <property name="name" type="String" container="StaticArray" arraySize="1">
          <containerEntry>StaticModelArray0000</containerEntry>
        </property>
        <property name="dataSet" type="EntityHandle" container="StaticArray" arraySize="1">
          <containerEntry>0x2F04A00</containerEntry>
        </property>
        <property name="modelFile" type="FilePtr" container="StaticArray" arraySize="1">
          <containerEntry>/Assets/tpp/environ/object/middle_africa/tree/mafr_tree038/scenes/mafr_tree038.fmdl</containerEntry>
        </property>
        <property name="geomFile" type="FilePtr" container="StaticArray" arraySize="1">
          <containerEntry>/Assets/tpp/environ/object/middle_africa/tree/mafr_tree038/scenes/mafr_tree038.geom</containerEntry>
        </property>
        <property name="isVisibleGeom" type="Bool" container="StaticArray" arraySize="1">
          <containerEntry>false</containerEntry>
        </property>
        <property name="lodFarSize" type="Float" container="StaticArray" arraySize="1">
          <containerEntry>-1</containerEntry>
        </property>
        <property name="lodNearSize" type="Float" container="StaticArray" arraySize="1">
          <containerEntry>-1</containerEntry>
        </property>
        <property name="lodPolygonSize" type="Float" container="StaticArray" arraySize="1">
          <containerEntry>-1</containerEntry>
        </property>
        <property name="drawRejectionLevel" type="Int32" container="StaticArray" arraySize="1">
          <containerEntry>8</containerEntry>
        </property>
        <property name="drawMode" type="Int32" container="StaticArray" arraySize="1">
          <containerEntry>0</containerEntry>
        </property>
        <property name="rejectFarRangeShadowCast" type="Int32" container="StaticArray" arraySize="1">
          <containerEntry>2</containerEntry>
        </property>
        <property name="parentLocator" type="EntityLink" container="StaticArray" arraySize="1">
          <containerEntry packagePathHash="0xB8A0BF169F98" archivePathHash="0xB8A0BF169F98" nameInArchiveHash="0xB8A0BF169F98">0x0</containerEntry>
        </property>
        <property name="transforms" type="Matrix4" container="DynamicArray" arraySize="3">
          <containerEntry r11="0.32289878" r12="0" r13="-0.96958554" r14="0" r21="0" r22="1.02194" r23="0" r24="0" r31="0.96958554" r32="0" r33="0.32289878" r34="0" r41="1817.178" r42="85.011696" r43="-531.57587" r44="1"></containerEntry>
          <containerEntry r11="-0.6659875" r12="0" r13="0.14131728" r14="0" r21="0" r22="0.680816" r23="0" r24="0" r31="-0.14131728" r32="0" r33="-0.6659875" r34="0" r41="1811.4321" r42="83.436874" r43="-531.6383" r44="1"></containerEntry>
          <containerEntry r11="-0.6023274" r12="0" r13="-0.47049883" r14="0" r21="0" r22="0.764308" r23="0" r24="0" r31="0.47049883" r32="0" r33="-0.6023274" r34="0" r41="1807.5507" r42="84.73934" r43="-527.72925" r44="1"></containerEntry>
        </property>
        <property name="colors" type="UInt32" container="DynamicArray" arraySize="3">
          <containerEntry>4294967295</containerEntry>
          <containerEntry>4294967295</containerEntry>
          <containerEntry>4294967295</containerEntry>
        </property>
      </staticProperties>
      <dynamicProperties></dynamicProperties>
    </entity>
    <entity class="StaticModelArray" classVersion="4" classID="0xD0" addr="0x2D7C9C0" id="0x0">
      <staticProperties>
        <property name="name" type="String" container="StaticArray" arraySize="1">
          <containerEntry>StaticModelArray0001</containerEntry>
        </property>
        <property name="dataSet" type="EntityHandle" container="StaticArray" arraySize="1">
          <containerEntry>0x2F04A00</containerEntry>
        </property>
        <property name="modelFile" type="FilePtr" container="StaticArray" arraySize="1">
          <containerEntry>/Assets/tpp/environ/object/middle_africa/cliff/mafr_clff003/scenes/mafr_clff003_vrtn001.fmdl</containerEntry>
        </property>
        <property name="geomFile" type="FilePtr" container="StaticArray" arraySize="1">
          <containerEntry>/Assets/tpp/environ/object/middle_africa/cliff/mafr_clff003/scenes/mafr_clff003_vrtn001.geom</containerEntry>
        </property>
        <property name="isVisibleGeom" type="Bool" container="StaticArray" arraySize="1">
          <containerEntry>false</containerEntry>
        </property>
        <property name="lodFarSize" type="Float" container="StaticArray" arraySize="1">
          <containerEntry>-1</containerEntry>
        </property>
        <property name="lodNearSize" type="Float" container="StaticArray" arraySize="1">
          <containerEntry>-1</containerEntry>
        </property>
        <property name="lodPolygonSize" type="Float" container="StaticArray" arraySize="1">
          <containerEntry>-1</containerEntry>
        </property>
        <property name="drawRejectionLevel" type="Int32" container="StaticArray" arraySize="1">
          <containerEntry>8</containerEntry>
        </property>
        <property name="drawMode" type="Int32" container="StaticArray" arraySize="1">
          <containerEntry>0</containerEntry>
        </property>
        <property name="rejectFarRangeShadowCast" type="Int32" container="StaticArray" arraySize="1">
          <containerEntry>2</containerEntry>
        </property>
        <property name="parentLocator" type="EntityLink" container="StaticArray" arraySize="1">
          <containerEntry packagePathHash="0xB8A0BF169F98" archivePathHash="0xB8A0BF169F98" nameInArchiveHash="0xB8A0BF169F98">0x0</containerEntry>
        </property>
        <property name="transforms" type="Matrix4" container="DynamicArray" arraySize="29">
          <containerEntry r11="-0.89115673" r12="0.0036959946" r13="-0.4536748" r14="0" r21="-0.4489593" r22="0.1368437" r23="0.8830102" r24="0" r31="0.06534563" r32="0.99058455" r33="-0.1202876" r34="0" r41="1838.6746" r42="87.80337" r43="-575.9946" r44="1"></containerEntry>
          <containerEntry r11="-0.9365496" r12="-0.1058365" r13="-0.33416563" r14="0" r21="-0.34295654" r22="0.47371474" r23="0.81115556" r24="0" r31="0.07244888" r32="0.87429464" r33="-0.47995293" r34="0" r41="1828.4661" r42="97.28713" r43="-630.4288" r44="1"></containerEntry>
          <containerEntry r11="-0.82479274" r12="-0.033417434" r13="-0.56444067" r14="0" r21="-0.55651045" r22="0.22457996" r23="0.7999106" r24="0" r31="0.1000302" r32="0.97388095" r33="-0.20382643" r34="0" r41="1832.5292" r42="92.58855" r43="-606.3569" r44="1"></containerEntry>
          <containerEntry r11="-0.93834156" r12="-0.028964013" r13="-0.3444905" r14="0" r21="-0.31655702" r22="0.47247666" r23="0.82253075" r24="0" r31="0.1389398" r32="0.88086677" r33="-0.45251262" r34="0" r41="1844.4469" r42="90.924034" r43="-591.6807" r44="1"></containerEntry>
          <containerEntry r11="-0.9737991" r12="-0.1569627" r13="-0.16453305" r14="0" r21="-0.22474629" r22="0.5542422" r23="0.80143815" r24="0" r31="-0.03460508" r32="0.8174208" r33="-0.5749958" r34="0" r41="1810.3833" r42="98.09555" r43="-638.2632" r44="1"></containerEntry>
          <containerEntry r11="-0.94864917" r12="-0.07871077" r13="-0.3063668" r14="0" r21="-0.28310558" r22="0.64329547" r23="0.7113512" r24="0" r31="0.14109302" r32="0.76156014" r33="-0.6325436" r34="0" r41="1820.6931" r42="98.65486" r43="-635.2243" r44="1"></containerEntry>
          <containerEntry r11="-0.519976" r12="0.18306136" r13="-0.83433187" r14="0" r21="-0.70568955" r22="0.458277" r23="0.54035455" r24="0" r31="0.4812727" r32="0.86975247" r33="-0.109107375" r34="0" r41="1813.2427" r42="89.52863" r43="-584.2447" r44="1"></containerEntry>
          <containerEntry r11="-0.89115447" r12="0.0036955178" r13="-0.4536752" r14="0" r21="-0.2462947" r22="0.8358488" r23="0.49060664" r24="0" r31="0.3810168" r32="0.5489465" r33="-0.7439595" r34="0" r41="1835.3644" r42="84.61989" r43="-556.5952" r44="1"></containerEntry>
          <containerEntry r11="-0.4706462" r12="-0.11210677" r13="-0.8751668" r14="0" r21="-0.666149" r22="0.69556147" r23="0.26914334" r24="0" r31="0.5785588" r32="0.70966524" r33="-0.40204227" r34="0" r41="1832.8469" r42="85.502785" r43="-553.76404" r44="1"></containerEntry>
          <containerEntry r11="-0.24267411" r12="-0.10707304" r13="0.96417654" r14="0" r21="0.7219664" r22="0.6439257" r23="0.25322294" r24="0" r31="-0.64797044" r32="0.75755703" r33="-0.078959286" r34="0" r41="1836.1681" r42="85.18337" r43="-552.02625" r44="1"></containerEntry>
          <containerEntry r11="-0.31925982" r12="0.060534924" r13="-0.9457265" r14="0" r21="-0.7760141" r22="0.556105" r23="0.29756656" r24="0" r31="0.54393494" r32="0.8289025" r33="-0.13056362" r34="0" r41="1861.2172" r42="85.42901" r43="-565.713" r44="1"></containerEntry>
          <containerEntry r11="0.7129066" r12="-0.12500645" r13="0.6900209" r14="0" r21="0.5558273" r22="0.70067996" r23="-0.44732407" r24="0" r31="-0.42756686" r32="0.70243585" r33="0.5690039" r34="0" r41="1864.2177" r42="86.04017" r43="-567.8985" r44="1"></containerEntry>
          <containerEntry r11="0.98030937" r12="-0.0524328" r13="-0.1903584" r14="0" r21="-0.0013496713" r22="0.9622933" r23="-0.27200672" r24="0" r31="0.1974431" r32="0.2669082" r33="0.9432763" r34="0" r41="1864.5677" r42="84.42938" r43="-562.75946" r44="1"></containerEntry>
          <containerEntry r11="-0.9704863" r12="0.19228539" r13="-0.14549378" r14="0" r21="-0.0070776492" r22="0.5804165" r23="0.81428707" r24="0" r31="0.24102286" r32="0.79129004" r33="-0.5619224" r34="0" r41="1866.8837" r42="83.7008" r43="-559.7351" r44="1"></containerEntry>
          <containerEntry r11="0.9455406" r12="-0.124186546" r13="-0.30088264" r14="0" r21="0.044597875" r22="0.96506906" r23="-0.2581715" r24="0" r31="0.322434" r32="0.23069286" r33="0.91805047" r34="0" r41="1846.1195" r42="86.433556" r43="-574.3458" r44="1"></containerEntry>
          <containerEntry r11="-0.9486507" r12="-0.07871033" r13="-0.30636755" r14="0" r21="-0.31487185" r22="0.32745445" r23="0.8908577" r24="0" r31="0.030201346" r32="0.94158185" r33="-0.3354218" r34="0" r41="1822.3469" r42="97.82034" r43="-631.9272" r44="1"></containerEntry>
          <containerEntry r11="0.8840012" r12="-0.024416458" r13="0.4668462" r14="0" r21="0.13893168" r22="0.9672367" r23="-0.21248767" r24="0" r31="-0.44636253" r32="0.25269914" r33="0.8584306" r34="0" r41="1810.0103" r42="96.88409" r43="-635.02997" r44="1"></containerEntry>
          <containerEntry r11="-0.94885015" r12="-0.07111487" r13="-0.30760193" r14="0" r21="-0.31492126" r22="0.14412694" r23="0.9381092" r24="0" r31="-0.022380397" r32="0.986999" r33="-0.15914744" r34="0" r41="1819.5264" r42="95.48143" r43="-628.4228" r44="1"></containerEntry>
          <containerEntry r11="-0.8062942" r12="-0.09367262" r13="-0.5840455" r14="0" r21="-0.5910514" r22="0.16645133" r23="0.7892715" r24="0" r31="0.023281127" r32="0.98158884" r33="-0.18957174" r34="0" r41="1809.3611" r42="95.425705" r43="-633.6588" r44="1"></containerEntry>
          <containerEntry r11="-0.70151794" r12="0.0044274926" r13="-0.7126352" r14="0" r21="-0.5217605" r22="0.677948" r23="0.51783377" r24="0" r31="0.48542207" r32="0.73509604" r33="-0.47328198" r34="0" r41="1803.5197" r42="94.685715" r43="-619.6083" r44="1"></containerEntry>
          <containerEntry r11="0.63406444" r12="-0.3316719" r13="0.6985374" r14="0" r21="0.71664435" r22="0.5913872" r23="-0.36970305" r24="0" r31="-0.2904852" r32="0.7350192" r33="0.6126692" r34="0" r41="1805.3751" r42="93.435715" r43="-620.18567" r44="1"></containerEntry>
          <containerEntry r11="-0.83307844" r12="-0.03306923" r13="-0.55216074" r14="0" r21="-0.38344565" r22="0.7539777" r23="0.53337145" r24="0" r31="0.39867952" r32="0.6560649" r33="-0.64080423" r34="0" r41="1912.8784" r42="103.292885" r43="-584.0662" r44="1"></containerEntry>
          <containerEntry r11="0.10452734" r12="-0.21344091" r13="0.9713462" r14="0" r21="0.27821812" r22="0.94397604" r23="0.17748746" r24="0" r31="-0.9548125" r32="0.25169468" r33="0.15805483" r34="0" r41="1907.67" r42="101.61736" r43="-580.7862" r44="1"></containerEntry>
          <containerEntry r11="-0.81317544" r12="-0.06190645" r13="-0.57871085" r14="0" r21="-0.51489866" r22="0.5400652" r23="0.6657377" r24="0" r31="0.27132857" r32="0.8393411" r33="-0.471044" r34="0" r41="1904.9377" r42="102.02501" r43="-587.3369" r44="1"></containerEntry>
          <containerEntry r11="0.7894624" r12="0.16411099" r13="-0.59144783" r14="0" r21="-0.3025988" r22="0.94241637" r23="-0.14241225" r24="0" r31="0.53402084" r32="0.2914018" r33="0.79366523" r34="0" r41="1912.7667" r42="102.08809" r43="-578.47614" r44="1"></containerEntry>
          <containerEntry r11="-0.9731478" r12="-0.21756646" r13="-0.075071655" r14="0" r21="-0.21381779" r22="0.73393387" r23="0.6446861" r24="0" r31="-0.08516489" r32="0.64342993" r33="-0.7607464" r34="0" r41="1900.8947" r42="109.374306" r43="-631.3358" r44="1"></containerEntry>
          <containerEntry r11="-0.7985321" r12="-0.011225998" r13="-0.6018429" r14="0" r21="-0.54020554" r22="0.4544466" r23="0.7082758" r24="0" r31="0.26555383" r32="0.89070225" r33="-0.36895305" r34="0" r41="1795.8927" r42="93.42748" r43="-638.1135" r44="1"></containerEntry>
          <containerEntry r11="-0.54575264" r12="-0.0075787376" r13="-0.8379053" r14="0" r21="-0.7086685" r22="0.5377708" r23="0.45671427" r24="0" r31="0.44713992" r32="0.843054" r33="-0.29886" r34="0" r41="1910.2544" r42="111.254616" r43="-612.1013" r44="1"></containerEntry>
          <containerEntry r11="-0.9747881" r12="-0.02569834" r13="-0.22162026" r14="0" r21="-0.21448009" r22="0.3814771" r23="0.8991493" r24="0" r31="0.06143627" r32="0.9240179" r33="-0.37736994" r34="0" r41="1918.4452" r42="111.60045" r43="-608.1312" r44="1"></containerEntry>
        </property>
        <property name="colors" type="UInt32" container="DynamicArray" arraySize="29">
          <containerEntry>4294967295</containerEntry>
          <containerEntry>4294967295</containerEntry>
          <containerEntry>4294967295</containerEntry>
          <containerEntry>4294967295</containerEntry>
          <containerEntry>4294967295</containerEntry>
          <containerEntry>4294967295</containerEntry>
          <containerEntry>4294967295</containerEntry>
          <containerEntry>4294967295</containerEntry>
          <containerEntry>4294967295</containerEntry>
          <containerEntry>4294967295</containerEntry>
          <containerEntry>4294967295</containerEntry>
          <containerEntry>4294967295</containerEntry>
          <containerEntry>4294967295</containerEntry>
          <containerEntry>4294967295</containerEntry>
          <containerEntry>4294967295</containerEntry>
          <containerEntry>4294967295</containerEntry>
          <containerEntry>4294967295</containerEntry>
          <containerEntry>4294967295</containerEntry>
          <containerEntry>4294967295</containerEntry>
          <containerEntry>4294967295</containerEntry>
          <containerEntry>4294967295</containerEntry>
          <containerEntry>4294967295</containerEntry>
          <containerEntry>4294967295</containerEntry>
          <containerEntry>4294967295</containerEntry>
