<fox formatVersion="2" fileVersion="0">
  <entities>
    <entity class="DataSet" classVersion="0" classID="0xE8" addr="0x2EF4610" id="0x7308ED">
      <staticProperties>
        <property name="name" type="String" container="StaticArray" arraySize="1">
          <containerEntry hash="0xB8A0BF169F98"></containerEntry>
        </property>
        <property name="dataSet" type="EntityHandle" container="StaticArray" arraySize="1">
          <containerEntry>0x0</containerEntry>
        </property>
        <property name="dataList" type="EntityPtr" container="StringMap" arraySize="7">
          <containerEntry key="mafr_clff004_grnd001_0000">
            <data>0x2D771D0</data>
          </containerEntry>
          <containerEntry key="StaticModelArray0000">
            <data>0x2D7C330</data>
          </containerEntry>
          <containerEntry key="StaticModelArray0001">
            <data>0x2D7C3A0</data>
          </containerEntry>
          <containerEntry key="StaticModelArray0002">
            <data>0x2D7C480</data>
          </containerEntry>
          <containerEntry key="StaticModelArray0003">
            <data>0x2D7C4F0</data>
          </containerEntry>
          <containerEntry key="StaticModelArray0004">
            <data>0x2D7C410</data>
          </containerEntry>
          <containerEntry key="TexturePackLoadConditioner0000">
            <data>0x2D7CA30</data>
          </containerEntry>
        </property>
      </staticProperties>
      <dynamicProperties></dynamicProperties>
    </entity>
    <entity class="StaticModel" classVersion="9" classID="0x160" addr="0x2D771D0" id="0x7309DD">
      <staticProperties>
        <property name="name" type="String" container="StaticArray" arraySize="1">
          <containerEntry>mafr_clff004_grnd001_0000</containerEntry>
        </property>
        <property name="dataSet" type="EntityHandle" container="StaticArray" arraySize="1">
          <containerEntry>0x2EF4610</containerEntry>
        </property>
        <property name="parent" type="EntityHandle" container="StaticArray" arraySize="1">
          <containerEntry>0x0</containerEntry>
        </property>
        <property name="transform" type="EntityPtr" container="StaticArray" arraySize="1">
          <containerEntry>0x2D77240</containerEntry>
        </property>
        <property name="shearTransform" type="EntityPtr" container="StaticArray" arraySize="1">
          <containerEntry>0x0</containerEntry>
        </property>
        <property name="pivotTransform" type="EntityPtr" container="StaticArray" arraySize="1">
          <containerEntry>0x0</containerEntry>
        </property>
        <property name="children" type="EntityHandle" container="List"></property>
        <property name="flags" type="UInt32" container="StaticArray" arraySize="1">
          <containerEntry>7</containerEntry>
        </property>
        <property name="modelFile" type="FilePtr" container="StaticArray" arraySize="1">
          <containerEntry>/Assets/tpp/environ/object/middle_africa/cliff/mafr_clff004/scenes/mafr_clff004_grnd001.fmdl</containerEntry>
        </property>
        <property name="geomFile" type="FilePtr" container="StaticArray" arraySize="1">
          <containerEntry>/Assets/tpp/environ/object/middle_africa/cliff/mafr_clff004/scenes/mafr_clff004_grnd001.geom</containerEntry>
        </property>
        <property name="isVisibleGeom" type="Bool" container="StaticArray" arraySize="1">
          <containerEntry>false</containerEntry>
        </property>
        <property name="isIsolated" type="Bool" container="StaticArray" arraySize="1">
          <containerEntry>false</containerEntry>
        </property>
        <property name="lodFarSize" type="Float" container="StaticArray" arraySize="1">
          <containerEntry>-1</containerEntry>
        </property>
        <property name="lodNearSize" type="Float" container="StaticArray" arraySize="1">
          <containerEntry>-1</containerEntry>
        </property>
        <property name="lodPolygonSize" type="Float" container="StaticArray" arraySize="1">
          <containerEntry>-1</containerEntry>
        </property>
        <property name="color" type="Color" container="StaticArray" arraySize="1">
          <containerEntry r="1" g="1" b="1" a="1"></containerEntry>
        </property>
        <property name="drawRejectionLevel" type="Int32" container="StaticArray" arraySize="1">
          <containerEntry>8</containerEntry>
        </property>
        <property name="drawMode" type="Int32" container="StaticArray" arraySize="1">
          <containerEntry>0</containerEntry>
        </property>
        <property name="rejectFarRangeShadowCast" type="Int32" container="StaticArray" arraySize="1">
          <containerEntry>2</containerEntry>
        </property>
      </staticProperties>
      <dynamicProperties></dynamicProperties>
    </entity>
    <entity class="TransformEntity" classVersion="0" classID="0x50" addr="0x2D77240" id="0x7309E0">
      <staticProperties>
        <property name="owner" type="EntityHandle" container="StaticArray" arraySize="1">
          <containerEntry>0x2D771D0</containerEntry>
        </property>
        <property name="transform_scale" type="Vector3" container="StaticArray" arraySize="1">
          <containerEntry x="1" y="1" z="1" w="0"></containerEntry>
        </property>
        <property name="transform_rotation_quat" type="Quat" container="StaticArray" arraySize="1">
          <containerEntry x="0" y="0" z="-0.089939" w="0.995947"></containerEntry>
        </property>
        <property name="transform_translation" type="Vector3" container="StaticArray" arraySize="1">
          <containerEntry x="1395.7197" y="3.166304" z="575.54504" w="0"></containerEntry>
        </property>
      </staticProperties>
      <dynamicProperties></dynamicProperties>
    </entity>
    <entity class="StaticModelArray" classVersion="4" classID="0xD0" addr="0x2D7C330" id="0x0">
      <staticProperties>
        <property name="name" type="String" container="StaticArray" arraySize="1">
          <containerEntry>StaticModelArray0000</containerEntry>
        </property>
        <property name="dataSet" type="EntityHandle" container="StaticArray" arraySize="1">
          <containerEntry>0x2EF4610</containerEntry>
        </property>
        <property name="modelFile" type="FilePtr" container="StaticArray" arraySize="1">
          <containerEntry>/Assets/tpp/environ/object/middle_africa/tree/mafr_tree038/scenes/mafr_tree038.fmdl</containerEntry>
        </property>
        <property name="geomFile" type="FilePtr" container="StaticArray" arraySize="1">
          <containerEntry>/Assets/tpp/environ/object/middle_africa/tree/mafr_tree038/scenes/mafr_tree038.geom</containerEntry>
        </property>
        <property name="isVisibleGeom" type="Bool" container="StaticArray" arraySize="1">
          <containerEntry>false</containerEntry>
        </property>
        <property name="lodFarSize" type="Float" container="StaticArray" arraySize="1">
          <containerEntry>-1</containerEntry>
        </property>
        <property name="lodNearSize" type="Float" container="StaticArray" arraySize="1">
          <containerEntry>-1</containerEntry>
        </property>
        <property name="lodPolygonSize" type="Float" container="StaticArray" arraySize="1">
          <containerEntry>-1</containerEntry>
        </property>
        <property name="drawRejectionLevel" type="Int32" container="StaticArray" arraySize="1">
          <containerEntry>8</containerEntry>
        </property>
        <property name="drawMode" type="Int32" container="StaticArray" arraySize="1">
          <containerEntry>0</containerEntry>
        </property>
        <property name="rejectFarRangeShadowCast" type="Int32" container="StaticArray" arraySize="1">
          <containerEntry>2</containerEntry>
        </property>
        <property name="parentLocator" type="EntityLink" container="StaticArray" arraySize="1">
          <containerEntry packagePathHash="0xB8A0BF169F98" archivePathHash="0xB8A0BF169F98" nameInArchiveHash="0xB8A0BF169F98">0x0</containerEntry>
        </property>
        <property name="transforms" type="Matrix4" container="DynamicArray" arraySize="5">
          <containerEntry r11="0.62436223" r12="0" r13="-0.3164991" r14="0" r21="0" r22="0.7" r23="0" r24="0" r31="0.3164991" r32="0" r33="0.62436223" r34="0" r41="1385.9875" r42="11.822716" r43="513.57513" r44="1"></containerEntry>
          <containerEntry r11="-0.6102102" r12="0" r13="-0.6777249" r14="0" r21="0" r22="0.911957" r23="0" r24="0" r31="0.6777249" r32="0" r33="-0.6102102" r34="0" r41="1391.911" r42="12.295227" r43="514.94977" r44="1"></containerEntry>
          <containerEntry r11="1.0001134" r12="0" r13="-0.27224615" r14="0" r21="0" r22="1.036506" r23="0" r24="0" r31="0.27224615" r32="0" r33="1.0001134" r34="0" r41="1292.376" r42="-7.942764" r43="598.70013" r44="1"></containerEntry>
          <containerEntry r11="0.39354825" r12="0" r13="-0.6632511" r14="0" r21="0" r22="0.771221" r23="0" r24="0" r31="0.6632511" r32="0" r33="0.39354825" r34="0" r41="1346.3649" r42="7.029858" r43="524.0042" r44="1"></containerEntry>
          <containerEntry r11="0.07336349" r12="0" r13="-0.81209105" r14="0" r21="0" r22="0.815398" r23="0" r24="0" r31="0.81209105" r32="0" r33="0.07336349" r34="0" r41="1384.1001" r42="-3.764435" r43="607.17316" r44="1"></containerEntry>
        </property>
        <property name="colors" type="UInt32" container="DynamicArray" arraySize="5">
          <containerEntry>4294967295</containerEntry>
          <containerEntry>4294967295</containerEntry>
          <containerEntry>4294967295</containerEntry>
          <containerEntry>4294967295</containerEntry>
          <containerEntry>4294967295</containerEntry>
        </property>
      </staticProperties>
      <dynamicProperties></dynamicProperties>
    </entity>
    <entity class="StaticModelArray" classVersion="4" classID="0xD0" addr="0x2D7C3A0" id="0x0">
      <staticProperties>
        <property name="name" type="String" container="StaticArray" arraySize="1">
          <containerEntry>StaticModelArray0001</containerEntry>
        </property>
        <property name="dataSet" type="EntityHandle" container="StaticArray" arraySize="1">
          <containerEntry>0x2EF4610</containerEntry>
        </property>
        <property name="modelFile" type="FilePtr" container="StaticArray" arraySize="1">
          <containerEntry>/Assets/tpp/environ/object/middle_africa/cliff/mafr_clff004/scenes/mafr_clff004.fmdl</containerEntry>
        </property>
        <property name="geomFile" type="FilePtr" container="StaticArray" arraySize="1">
          <containerEntry>/Assets/tpp/environ/object/middle_africa/cliff/mafr_clff004/scenes/mafr_clff004.geom</containerEntry>
        </property>
        <property name="isVisibleGeom" type="Bool" container="StaticArray" arraySize="1">
          <containerEntry>false</containerEntry>
        </property>
        <property name="lodFarSize" type="Float" container="StaticArray" arraySize="1">
          <containerEntry>-1</containerEntry>
        </property>
        <property name="lodNearSize" type="Float" container="StaticArray" arraySize="1">
          <containerEntry>-1</containerEntry>
        </property>
        <property name="lodPolygonSize" type="Float" container="StaticArray" arraySize="1">
          <containerEntry>-1</containerEntry>
        </property>
        <property name="drawRejectionLevel" type="Int32" container="StaticArray" arraySize="1">
          <containerEntry>6</containerEntry>
        </property>
        <property name="drawMode" type="Int32" container="StaticArray" arraySize="1">
          <containerEntry>0</containerEntry>
        </property>
        <property name="rejectFarRangeShadowCast" type="Int32" container="StaticArray" arraySize="1">
          <containerEntry>2</containerEntry>
        </property>
        <property name="parentLocator" type="EntityLink" container="StaticArray" arraySize="1">
          <containerEntry packagePathHash="0xB8A0BF169F98" archivePathHash="0xB8A0BF169F98" nameInArchiveHash="0xB8A0BF169F98">0x0</containerEntry>
        </property>
        <property name="transforms" type="Matrix4" container="DynamicArray" arraySize="5">
          <containerEntry r11="0.9601151" r12="2.7567148e-07" r13="0.279605" r14="0" r21="0.07584029" r22="0.9625113" r23="-0.26042312" r24="0" r31="-0.26912305" r32="0.2712415" r33="0.9241216" r34="0" r41="1391.35" r42="3.302712" r43="574.1935" r44="1"></containerEntry>
          <containerEntry r11="0.9998291" r12="1.0638032e-06" r13="-0.018485427" r14="0" r21="-0.005015036" r22="0.96251136" r23="-0.27119488" r24="0" r31="0.017792147" r32="0.27124125" r33="0.9623469" r34="0" r41="1406.6631" r42="2.869638" r43="575.9957" r44="1"></containerEntry>
          <containerEntry r11="0.97395855" r12="1.238659e-06" r13="0.22672613" r14="0" r21="0.06149649" r22="0.9625112" r23="-0.26417857" r24="0" r31="-0.21822678" r32="0.27124184" r33="0.93744594" r34="0" r41="1368.952" r42="4.064095" r43="567.9051" r44="1"></containerEntry>
          <containerEntry r11="0.26716828" r12="1.8030405e-06" r13="0.9636492" r14="0" r21="0.2613811" r22="0.9625114" r23="-0.072468504" r24="0" r31="-0.92752343" r32="0.27124113" r33="0.25715208" r34="0" r41="1345.7775" r42="5.301781" r43="558.42834" r44="1"></containerEntry>
          <containerEntry r11="0.09024982" r12="0.036255673" r13="0.99525774" r14="0" r21="0.30077904" r22="0.9516801" r23="-0.061942346" r24="0" r31="-0.9494127" r32="0.3049433" r33="0.07498407" r34="0" r41="1286.4585" r42="-3.533664" r43="567.08923" r44="1"></containerEntry>
        </property>
        <property name="colors" type="UInt32" container="DynamicArray" arraySize="5">
          <containerEntry>4294967295</containerEntry>
          <containerEntry>4294967295</containerEntry>
          <containerEntry>4294967295</containerEntry>
          <containerEntry>4294967295</containerEntry>
          <containerEntry>4294967295</containerEntry>
        </property>
      </staticProperties>
      <dynamicProperties></dynamicProperties>
    </entity>
    <entity class="StaticModelArray" classVersion="4" classID="0xD0" addr="0x2D7C480" id="0x0">
      <staticProperties>
        <property name="name" type="String" container="StaticArray" arraySize="1">
          <containerEntry>StaticModelArray0002</containerEntry>
        </property>
        <property name="dataSet" type="EntityHandle" container="StaticArray" arraySize="1">
          <containerEntry>0x2EF4610</containerEntry>
        </property>
        <property name="modelFile" type="FilePtr" container="StaticArray" arraySize="1">
          <containerEntry>/Assets/tpp/environ/object/middle_africa/rock/mafr_rock002/scenes/mafr_rock002.fmdl</containerEntry>
        </property>
        <property name="geomFile" type="FilePtr" container="StaticArray" arraySize="1">
          <containerEntry>/Assets/tpp/environ/object/middle_africa/rock/mafr_rock002/scenes/mafr_rock002.geom</containerEntry>
        </property>
        <property name="isVisibleGeom" type="Bool" container="StaticArray" arraySize="1">
          <containerEntry>false</containerEntry>
        </property>
        <property name="lodFarSize" type="Float" container="StaticArray" arraySize="1">
          <containerEntry>-1</containerEntry>
        </property>
        <property name="lodNearSize" type="Float" container="StaticArray" arraySize="1">
          <containerEntry>-1</containerEntry>
        </property>
        <property name="lodPolygonSize" type="Float" container="StaticArray" arraySize="1">
          <containerEntry>-1</containerEntry>
        </property>
        <property name="drawRejectionLevel" type="Int32" container="StaticArray" arraySize="1">
          <containerEntry>8</containerEntry>
        </property>
        <property name="drawMode" type="Int32" container="StaticArray" arraySize="1">
          <containerEntry>0</containerEntry>
        </property>
        <property name="rejectFarRangeShadowCast" type="Int32" container="StaticArray" arraySize="1">
          <containerEntry>2</containerEntry>
        </property>
        <property name="parentLocator" type="EntityLink" container="StaticArray" arraySize="1">
          <containerEntry packagePathHash="0xB8A0BF169F98" archivePathHash="0xB8A0BF169F98" nameInArchiveHash="0xB8A0BF169F98">0x0</containerEntry>
        </property>
        <property name="transforms" type="Matrix4" container="DynamicArray" arraySize="2">
          <containerEntry r11="0.7546513" r12="0" r13="0.6561263" r14="0" r21="0" r22="1" r23="0" r24="0" r31="-0.6561263" r32="0" r33="0.7546513" r34="0" r41="1296.0332" r42="-2.052047" r43="574.6701" r44="1"></containerEntry>
          <containerEntry r11="1" r12="0" r13="0" r14="0" r21="0" r22="1" r23="0" r24="0" r31="0" r32="0" r33="1" r34="0" r41="1344.824" r42="-4.162657" r43="598.01025" r44="1"></containerEntry>
        </property>
        <property name="colors" type="UInt32" container="DynamicArray" arraySize="2">
          <containerEntry>4294967295</containerEntry>
          <containerEntry>4294967295</containerEntry>
        </property>
      </staticProperties>
      <dynamicProperties></dynamicProperties>
    </entity>
    <entity class="StaticModelArray" classVersion="4" classID="0xD0" addr="0x2D7C4F0" id="0x0">
      <staticProperties>
        <property name="name" type="String" container="StaticArray" arraySize="1">
          <containerEntry>StaticModelArray0003</containerEntry>
        </property>
        <property name="dataSet" type="EntityHandle" container="StaticArray" arraySize="1">
          <containerEntry>0x2EF4610</containerEntry>
        </property>
        <property name="modelFile" type="FilePtr" container="StaticArray" arraySize="1">
          <containerEntry>/Assets/tpp/environ/object/middle_africa/cliff/mafr_clff003/scenes/mafr_clff003_vrtn001.fmdl</containerEntry>
        </property>
        <property name="geomFile" type="FilePtr" container="StaticArray" arraySize="1">
          <containerEntry>/Assets/tpp/environ/object/middle_africa/cliff/mafr_clff003/scenes/mafr_clff003_vrtn001.geom</containerEntry>
        </property>
        <property name="isVisibleGeom" type="Bool" container="StaticArray" arraySize="1">
          <containerEntry>false</containerEntry>
        </property>
        <property name="lodFarSize" type="Float" container="StaticArray" arraySize="1">
          <containerEntry>-1</containerEntry>
        </property>
        <property name="lodNearSize" type="Float" container="StaticArray" arraySize="1">
          <containerEntry>-1</containerEntry>
        </property>
        <property name="lodPolygonSize" type="Float" container="StaticArray" arraySize="1">
          <containerEntry>-1</containerEntry>
        </property>
        <property name="drawRejectionLevel" type="Int32" container="StaticArray" arraySize="1">
          <containerEntry>5</containerEntry>
        </property>
        <property name="drawMode" type="Int32" container="StaticArray" arraySize="1">
          <containerEntry>0</containerEntry>
        </property>
        <property name="rejectFarRangeShadowCast" type="Int32" container="StaticArray" arraySize="1">
          <containerEntry>2</containerEntry>
        </property>
        <property name="parentLocator" type="EntityLink" container="StaticArray" arraySize="1">
          <containerEntry packagePathHash="0xB8A0BF169F98" archivePathHash="0xB8A0BF169F98" nameInArchiveHash="0xB8A0BF169F98">0x0</containerEntry>
        </property>
        <property name="transforms" type="Matrix4" container="DynamicArray" arraySize="13">
          <containerEntry r11="0.9900807" r12="0.007831087" r13="0.14028113" r14="0" r21="0.026541917" r22="0.9700427" r23="-0.24147987" r24="0" r31="-0.13796972" r32="0.2428079" r33="0.9602127" r34="0" r41="1400.4036" r42="6.087126" r43="531.1755" r44="1"></containerEntry>
          <containerEntry r11="-0.8594868" r12="-0.04683377" r13="-0.5090042" r14="0" r21="-0.4516428" r22="0.5359025" r23="0.7133207" r24="0" r31="0.23936884" r32="0.8429794" r33="-0.4817524" r34="0" r41="1387.5958" r42="5.583598" r43="528.14185" r44="1"></containerEntry>
          <containerEntry r11="-0.738042" r12="-0.019764364" r13="-0.6744598" r14="0" r21="-0.58395237" r22="0.5195149" r23="0.6237803" r24="0" r31="0.3380626" r32="0.85423154" r33="-0.3949635" r34="0" r41="1376.428" r42="4.973118" r43="524.4253" r44="1"></containerEntry>
          <containerEntry r11="0.7635435" r12="-0.08566847" r13="0.6400479" r14="0" r21="0.25958747" r22="0.9482702" r23="-0.18275057" r24="0" r31="-0.59128225" r32="0.30568665" r33="0.746284" r34="0" r41="1364.1655" r42="4.732858" r43="517.047" r44="1"></containerEntry>
          <containerEntry r11="-0.63949305" r12="0.018118978" r13="-0.7685754" r14="0" r21="-0.7619768" r22="0.11785594" r23="0.63678473" r24="0" r31="0.102116585" r32="0.99286205" r33="-0.06155634" r34="0" r41="1325.5638" r42="-0.783124" r43="541.0587" r44="1"></containerEntry>
          <containerEntry r11="0.67355365" r12="0.0069414526" r13="0.7391041" r14="0" r21="0.33323753" r22="0.8897105" r23="-0.3120371" r24="0" r31="-0.65975434" r32="0.4564715" r33="0.5969547" r34="0" r41="1346.7826" r42="2.177578" r43="558.07837" r44="1"></containerEntry>
          <containerEntry r11="-0.967661" r12="-0.10741288" r13="-0.22821034" r14="0" r21="-0.23242602" r22="0.028352574" r23="0.97219706" r24="0" r31="-0.09795733" r32="0.9938065" r33="-0.05239421" r34="0" r41="1357.0074" r42="0.602531" r43="565.555" r44="1"></containerEntry>
          <containerEntry r11="-0.94450647" r12="-0.086308315" r13="-0.3169446" r14="0" r21="-0.32064092" r22="0.45184907" r23="0.8324785" r24="0" r31="0.071361005" r32="0.8879088" r33="-0.45444715" r34="0" r41="1397.2317" r42="5.096354" r43="533.39923" r44="1"></containerEntry>
          <containerEntry r11="0.29901353" r12="-0.42141953" r13="0.85615224" r14="0" r21="0.70587957" r22="0.70141816" r23="0.0987252" r24="0" r31="-0.64212555" r32="0.5748201" r33="0.5072049" r34="0" r41="1357.9224" r42="-10.824051" r43="612.4682" r44="1"></containerEntry>
          <containerEntry r11="-0.66959465" r12="-0.01595366" r13="-0.7425544" r14="0" r21="-0.64017963" r22="0.519303" r23="0.56612194" r24="0" r31="0.37657884" r32="0.85444105" r33="-0.35793537" r34="0" r41="1292.8677" r42="-8.484253" r43="581.1559" r44="1"></containerEntry>
          <containerEntry r11="-0.6386621" r12="-0.2248999" r13="-0.7358859" r14="0" r21="-0.69835776" r22="0.57098734" r23="0.4315892" r24="0" r31="0.32311684" r32="0.7895523" r33="-0.52172816" r34="0" r41="1288.7444" r42="-6.698668" r43="556.0594" r44="1"></containerEntry>
          <containerEntry r11="-0.5922282" r12="-0.04239863" r13="-0.80465245" r14="0" r21="-0.6710983" r22="0.5786608" r23="0.46344164" r24="0" r31="0.44597122" r32="0.81446517" r33="-0.37115234" r34="0" r41="1289.3281" r42="-6.684369" r43="569.85547" r44="1"></containerEntry>
          <containerEntry r11="0.1375374" r12="0.37905687" r13="-0.91509247" r14="0" r21="-0.6420098" r22="0.7376422" r23="0.20905948" r24="0" r31="0.7542558" r32="0.5587471" r33="0.344813" r34="0" r41="1378.4174" r42="-0.204724" r43="567.08734" r44="1"></containerEntry>
        </property>
        <property name="colors" type="UInt32" container="DynamicArray" arraySize="13">
          <containerEntry>4294967295</containerEntry>
          <containerEntry>4294967295</containerEntry>
          <containerEntry>4294967295</containerEntry>
          <containerEntry>4294967295</containerEntry>
          <containerEntry>4294967295</containerEntry>
          <containerEntry>4294967295</containerEntry>
          <containerEntry>4294967295</containerEntry>
          <containerEntry>4294967295</containerEntry>
          <containerEntry>4294967295</containerEntry>
          <containerEntry>4294967295</containerEntry>
          <containerEntry>4294967295</containerEntry>
          <containerEntry>4294967295</containerEntry>
          <containerEntry>4294967295</containerEntry>
        </property>
      </staticProperties>
      <dynamicProperties></dynamicProperties>
    </entity>
    <entity class="StaticModelArray" classVersion="4" classID="0xD0" addr="0x2D7C410" id="0x0">
      <staticProperties>
        <property name="name" type="String" container="StaticArray" arraySize="1">
          <containerEntry>StaticModelArray0004</containerEntry>
        </property>
        <property name="dataSet" type="EntityHandle" container="StaticArray" arraySize="1">
          <containerEntry>0x2EF4610</containerEntry>
        </property>
        <property name="modelFile" type="FilePtr" container="StaticArray" arraySize="1">
          <containerEntry>/Assets/tpp/environ/object/middle_africa/cliff/mafr_clff015/scenes/mafr_clff015_grnd002.fmdl</containerEntry>
        </property>
        <property name="geomFile" type="FilePtr" container="StaticArray" arraySize="1">
          <containerEntry>/Assets/tpp/environ/object/middle_africa/cliff/mafr_clff015/scenes/mafr_clff015_grnd002.geom</containerEntry>
        </property>
        <property name="isVisibleGeom" type="Bool" container="StaticArray" arraySize="1">
          <containerEntry>false</containerEntry>
        </property>
        <property name="lodFarSize" type="Float" container="StaticArray" arraySize="1">
          <containerEntry>-1</containerEntry>
        </property>
        <property name="lodNearSize" type="Float" container="StaticArray" arraySize="1">
          <containerEntry>-1</containerEntry>
        </property>
        <property name="lodPolygonSize" type="Float" container="StaticArray" arraySize="1">
          <containerEntry>-1</containerEntry>
        </property>
        <property name="drawRejectionLevel" type="Int32" container="StaticArray" arraySize="1">
          <containerEntry>5</containerEntry>
        </property>
        <property name="drawMode" type="Int32" container="StaticArray" arraySize="1">
          <containerEntry>0</containerEntry>
        </property>
        <property name="rejectFarRangeShadowCast" type="Int32" container="StaticArray" arraySize="1">
          <containerEntry>2</containerEntry>
        </property>
        <property name="parentLocator" type="EntityLink" container="StaticArray" arraySize="1">
          <containerEntry packagePathHash="0xB8A0BF169F98" archivePathHash="0xB8A0BF169F98" nameInArchiveHash="0xB8A0BF169F98">0x0</containerEntry>
        </property>
        <property name="transforms" type="Matrix4" container="DynamicArray" arraySize="10">
          <containerEntry r11="0.8834416" r12="0.023950074" r13="-0.46792865" r14="0" r21="-0.10023509" r22="0.98523265" r23="-0.13881487" r24="0" r31="0.45769393" r32="0.16953772" r33="0.8727962" r34="0" r41="1414.1475" r42="-10.632361" r43="612.1635" r44="1"></containerEntry>
          <containerEntry r11="0.93989444" r12="0.0065269517" r13="-0.34140277" r14="0" r21="-0.023108546" r22="0.998741" r23="-0.0445247" r24="0" r31="0.34068233" r32="0.04973784" r33="0.9388619" r34="0" r41="1407.798" r42="-11.051444" r43="613.6523" r44="1"></containerEntry>
          <containerEntry r11="0.95791954" r12="0.024300411" r13="-0.2860061" r14="0" r21="-0.023108684" r22="0.9997045" r23="0.00754169" r24="0" r31="0.28610486" r32="-0.00061509735" r33="0.958198" r34="0" r41="1401.2029" r42="-11.444819" r43="616.1155" r44="1"></containerEntry>
          <containerEntry r11="0.9978671" r12="0.02352585" r13="-0.06089134" r14="0" r21="-0.02310895" r22="0.9997045" r23="0.007541921" r24="0" r31="0.061050776" r32="-0.006118698" r33="0.9981159" r34="0" r41="1396.7383" r42="-11.55373" r43="616.8722" r44="1"></containerEntry>
          <containerEntry r11="0.986513" r12="0.021579493" r13="0.16225396" r14="0" r21="-0.023108546" r22="0.9997045" r23="0.007542284" r24="0" r31="-0.16204326" r32="-0.011190018" r33="0.9867202" r34="0" r41="1390.6188" r42="-11.695469" r43="616.9095" r44="1"></containerEntry>
          <containerEntry r11="0.99682575" r12="0.023614865" r13="-0.07603123" r14="0" r21="-0.023107726" r22="0.99970454" r23="0.0075431005" r24="0" r31="0.07618689" r32="-0.005762246" r33="0.99707687" r34="0" r41="1384.9585" r42="-11.820521" r43="616.1424" r44="1"></containerEntry>
          <containerEntry r11="0.99682575" r12="0.023614865" r13="-0.07603123" r14="0" r21="-0.023107726" r22="0.99970454" r23="0.0075431005" r24="0" r31="0.07618689" r32="-0.005762246" r33="0.99707687" r34="0" r41="1378.3702" r42="-11.96515" r43="615.1278" r44="1"></containerEntry>
          <containerEntry r11="0.99682575" r12="0.023614865" r13="-0.07603123" r14="0" r21="-0.023107726" r22="0.99970454" r23="0.0075431005" r24="0" r31="0.07618689" r32="-0.005762246" r33="0.99707687" r34="0" r41="1372.3063" r42="-12.104103" r43="614.96704" r44="1"></containerEntry>
          <containerEntry r11="0.98766404" r12="0.021660104" r13="0.15508269" r14="0" r21="-0.02310868" r22="0.99970454" r23="0.0075437645" r24="0" r31="-0.15487348" r32="-0.0110344635" r33="0.9878727" r34="0" r41="1366.8304" r42="-12.230878" r43="614.9942" r44="1"></containerEntry>
          <containerEntry r11="-0.8166785" r12="0.044722207" r13="0.57535434" r14="0" r21="0.25913617" r22="0.91924435" r23="0.2963749" r24="0" r31="-0.5156367" r32="0.39113876" r33="-0.76231617" r34="0" r41="1389.2815" r42="-16.884193" r43="635.67334" r44="1"></containerEntry>
        </property>
        <property name="colors" type="UInt32" container="DynamicArray" arraySize="10">
          <containerEntry>4294967295</containerEntry>
          <containerEntry>4294967295</containerEntry>
          <containerEntry>4294967295</containerEntry>
          <containerEntry>4294967295</containerEntry>
          <containerEntry>4294967295</containerEntry>
          <containerEntry>4294967295</containerEntry>
          <containerEntry>4294967295</containerEntry>
          <containerEntry>4294967295</containerEntry>
          <containerEntry>4294967295</containerEntry>
          <containerEntry>4294967295</containerEntry>
        </property>
      </staticProperties>
      <dynamicProperties></dynamicProperties>
    </entity>
    <entity class="TexturePackLoadConditioner" classVersion="0" classID="0x48" addr="0x2D7CA30" id="0x0">
      <staticProperties>
        <property name="name" type="String" container="StaticArray" arraySize="1">
          <containerEntry>TexturePackLoadConditioner0000</containerEntry>
        </property>
        <property name="dataSet" type="EntityHandle" container="StaticArray" arraySize="1">
          <containerEntry>0x2EF4610</containerEntry>
        </property>
        <property name="texturePackPath" type="Path" container="StaticArray" arraySize="1">
          <containerEntry hash="0xB8A0BF169F98"></containerEntry>
        </property>
      </staticProperties>
      <dynamicProperties></dynamicProperties>
    </entity>
  </entities>
</fox>