<fox formatVersion="2" fileVersion="0">
  <entities>
    <entity class="DataSet" classVersion="0" classID="0xE8" addr="0x33560C0" id="0x18F8E4">
      <staticProperties>
        <property name="name" type="String" container="StaticArray" arraySize="1">
          <containerEntry hash="0xB8A0BF169F98"></containerEntry>
        </property>
        <property name="dataSet" type="EntityHandle" container="StaticArray" arraySize="1">
          <containerEntry>0x0</containerEntry>
        </property>
        <property name="dataList" type="EntityPtr" container="StringMap" arraySize="6">
          <containerEntry key="mafr_clff015_wall002_0002">
            <data>0x3355B10</data>
          </containerEntry>
          <containerEntry key="StaticModelArray0000">
            <data>0x317AB90</data>
          </containerEntry>
          <containerEntry key="StaticModelArray0001">
            <data>0x317AC00</data>
          </containerEntry>
          <containerEntry key="StaticModelArray0002">
            <data>0x317AC70</data>
          </containerEntry>
          <containerEntry key="StaticModelArray0003">
            <data>0x317ACE0</data>
          </containerEntry>
          <containerEntry key="TexturePackLoadConditioner0000">
            <data>0x317B140</data>
          </containerEntry>
        </property>
      </staticProperties>
      <dynamicProperties></dynamicProperties>
    </entity>
    <entity class="StaticModel" classVersion="9" classID="0x160" addr="0x3355B10" id="0x18F901">
      <staticProperties>
        <property name="name" type="String" container="StaticArray" arraySize="1">
          <containerEntry>mafr_clff015_wall002_0002</containerEntry>
        </property>
        <property name="dataSet" type="EntityHandle" container="StaticArray" arraySize="1">
          <containerEntry>0x33560C0</containerEntry>
        </property>
        <property name="parent" type="EntityHandle" container="StaticArray" arraySize="1">
          <containerEntry>0x0</containerEntry>
        </property>
        <property name="transform" type="EntityPtr" container="StaticArray" arraySize="1">
          <containerEntry>0x3355AA0</containerEntry>
        </property>
        <property name="shearTransform" type="EntityPtr" container="StaticArray" arraySize="1">
          <containerEntry>0x0</containerEntry>
        </property>
        <property name="pivotTransform" type="EntityPtr" container="StaticArray" arraySize="1">
          <containerEntry>0x0</containerEntry>
        </property>
        <property name="children" type="EntityHandle" container="List"></property>
        <property name="flags" type="UInt32" container="StaticArray" arraySize="1">
          <containerEntry>7</containerEntry>
        </property>
        <property name="modelFile" type="FilePtr" container="StaticArray" arraySize="1">
          <containerEntry>/Assets/tpp/environ/object/middle_africa/cliff/mafr_clff015/scenes/mafr_clff015_wall002.fmdl</containerEntry>
        </property>
        <property name="geomFile" type="FilePtr" container="StaticArray" arraySize="1">
          <containerEntry>/Assets/tpp/environ/object/middle_africa/cliff/mafr_clff015/scenes/mafr_clff015_wall002.geom</containerEntry>
        </property>
        <property name="isVisibleGeom" type="Bool" container="StaticArray" arraySize="1">
          <containerEntry>false</containerEntry>
        </property>
        <property name="isIsolated" type="Bool" container="StaticArray" arraySize="1">
          <containerEntry>false</containerEntry>
        </property>
        <property name="lodFarSize" type="Float" container="StaticArray" arraySize="1">
          <containerEntry>-1</containerEntry>
        </property>
        <property name="lodNearSize" type="Float" container="StaticArray" arraySize="1">
          <containerEntry>-1</containerEntry>
        </property>
        <property name="lodPolygonSize" type="Float" container="StaticArray" arraySize="1">
          <containerEntry>-1</containerEntry>
        </property>
        <property name="color" type="Color" container="StaticArray" arraySize="1">
          <containerEntry r="1" g="1" b="1" a="1"></containerEntry>
        </property>
        <property name="drawRejectionLevel" type="Int32" container="StaticArray" arraySize="1">
          <containerEntry>8</containerEntry>
        </property>
        <property name="drawMode" type="Int32" container="StaticArray" arraySize="1">
          <containerEntry>0</containerEntry>
        </property>
        <property name="rejectFarRangeShadowCast" type="Int32" container="StaticArray" arraySize="1">
          <containerEntry>2</containerEntry>
        </property>
      </staticProperties>
      <dynamicProperties></dynamicProperties>
    </entity>
    <entity class="TransformEntity" classVersion="0" classID="0x50" addr="0x3355AA0" id="0x18F904">
      <staticProperties>
        <property name="owner" type="EntityHandle" container="StaticArray" arraySize="1">
          <containerEntry>0x3355B10</containerEntry>
        </property>
        <property name="transform_scale" type="Vector3" container="StaticArray" arraySize="1">
          <containerEntry x="0.75" y="0.75" z="0.75" w="0"></containerEntry>
        </property>
        <property name="transform_rotation_quat" type="Quat" container="StaticArray" arraySize="1">
          <containerEntry x="0.054334" y="-0.794273" z="0.022323" w="0.604712"></containerEntry>
        </property>
        <property name="transform_translation" type="Vector3" container="StaticArray" arraySize="1">
          <containerEntry x="-306.4836" y="-14.940617" z="911.782" w="0"></containerEntry>
        </property>
      </staticProperties>
      <dynamicProperties></dynamicProperties>
    </entity>
    <entity class="StaticModelArray" classVersion="4" classID="0xD0" addr="0x317AB90" id="0x0">
      <staticProperties>
        <property name="name" type="String" container="StaticArray" arraySize="1">
          <containerEntry>StaticModelArray0000</containerEntry>
        </property>
        <property name="dataSet" type="EntityHandle" container="StaticArray" arraySize="1">
          <containerEntry>0x33560C0</containerEntry>
        </property>
        <property name="modelFile" type="FilePtr" container="StaticArray" arraySize="1">
          <containerEntry>/Assets/tpp/environ/object/middle_africa/rock/mafr_rock001/scenes/mafr_rock001_vrtn001.fmdl</containerEntry>
        </property>
        <property name="geomFile" type="FilePtr" container="StaticArray" arraySize="1">
          <containerEntry>/Assets/tpp/environ/object/middle_africa/rock/mafr_rock001/scenes/mafr_rock001_vrtn001.geom</containerEntry>
        </property>
        <property name="isVisibleGeom" type="Bool" container="StaticArray" arraySize="1">
          <containerEntry>false</containerEntry>
        </property>
        <property name="lodFarSize" type="Float" container="StaticArray" arraySize="1">
          <containerEntry>-1</containerEntry>
        </property>
        <property name="lodNearSize" type="Float" container="StaticArray" arraySize="1">
          <containerEntry>-1</containerEntry>
        </property>
        <property name="lodPolygonSize" type="Float" container="StaticArray" arraySize="1">
          <containerEntry>-1</containerEntry>
        </property>
        <property name="drawRejectionLevel" type="Int32" container="StaticArray" arraySize="1">
          <containerEntry>8</containerEntry>
        </property>
        <property name="drawMode" type="Int32" container="StaticArray" arraySize="1">
          <containerEntry>0</containerEntry>
        </property>
        <property name="rejectFarRangeShadowCast" type="Int32" container="StaticArray" arraySize="1">
          <containerEntry>2</containerEntry>
        </property>
        <property name="parentLocator" type="EntityLink" container="StaticArray" arraySize="1">
          <containerEntry packagePathHash="0xB8A0BF169F98" archivePathHash="0xB8A0BF169F98" nameInArchiveHash="0xB8A0BF169F98">0x0</containerEntry>
        </property>
        <property name="transforms" type="Matrix4" container="DynamicArray" arraySize="3">
          <containerEntry r11="-0.44709802" r12="-0.36291122" r13="-0.81755656" r14="0" r21="-0.35868508" r22="0.91003364" r23="-0.20780702" r24="0" r31="0.81941944" r32="0.20033522" r33="-0.53704506" r34="0" r41="-279.4694" r42="-17.145706" r43="984.1309" r44="1"></containerEntry>
          <containerEntry r11="-0.9413978" r12="0.04539693" r13="0.3342242" r14="0" r21="0.1525645" r22="0.9410519" r23="0.30190268" r24="0" r31="-0.30081686" r32="0.33520183" r33="-0.8928301" r34="0" r41="-271.7118" r42="-17.273611" r43="984.1611" r44="1"></containerEntry>
          <containerEntry r11="0.9689489" r12="-0.24013829" r13="0.05892153" r14="0" r21="0.24271303" r22="0.87823" r23="-0.41207117" r24="0" r31="0.047207348" r32="0.4135769" r33="0.9092446" r34="0" r41="-276.1678" r42="-17.273611" r43="982.58405" r44="1"></containerEntry>
        </property>
        <property name="colors" type="UInt32" container="DynamicArray" arraySize="3">
          <containerEntry>4294967295</containerEntry>
          <containerEntry>4294967295</containerEntry>
          <containerEntry>4294967295</containerEntry>
        </property>
      </staticProperties>
      <dynamicProperties></dynamicProperties>
    </entity>
    <entity class="StaticModelArray" classVersion="4" classID="0xD0" addr="0x317AC00" id="0x0">
      <staticProperties>
        <property name="name" type="String" container="StaticArray" arraySize="1">
          <containerEntry>StaticModelArray0001</containerEntry>
        </property>
        <property name="dataSet" type="EntityHandle" container="StaticArray" arraySize="1">
          <containerEntry>0x33560C0</containerEntry>
        </property>
        <property name="modelFile" type="FilePtr" container="StaticArray" arraySize="1">
          <containerEntry>/Assets/tpp/environ/object/middle_africa/cliff/mafr_clff003/scenes/mafr_clff003_vrtn001.fmdl</containerEntry>
        </property>
        <property name="geomFile" type="FilePtr" container="StaticArray" arraySize="1">
          <containerEntry>/Assets/tpp/environ/object/middle_africa/cliff/mafr_clff003/scenes/mafr_clff003_vrtn001.geom</containerEntry>
        </property>
        <property name="isVisibleGeom" type="Bool" container="StaticArray" arraySize="1">
          <containerEntry>false</containerEntry>
        </property>
        <property name="lodFarSize" type="Float" container="StaticArray" arraySize="1">
          <containerEntry>-1</containerEntry>
        </property>
        <property name="lodNearSize" type="Float" container="StaticArray" arraySize="1">
          <containerEntry>-1</containerEntry>
        </property>
        <property name="lodPolygonSize" type="Float" container="StaticArray" arraySize="1">
          <containerEntry>-1</containerEntry>
        </property>
        <property name="drawRejectionLevel" type="Int32" container="StaticArray" arraySize="1">
          <containerEntry>8</containerEntry>
        </property>
        <property name="drawMode" type="Int32" container="StaticArray" arraySize="1">
          <containerEntry>0</containerEntry>
        </property>
        <property name="rejectFarRangeShadowCast" type="Int32" container="StaticArray" arraySize="1">
          <containerEntry>2</containerEntry>
        </property>
        <property name="parentLocator" type="EntityLink" container="StaticArray" arraySize="1">
          <containerEntry packagePathHash="0xB8A0BF169F98" archivePathHash="0xB8A0BF169F98" nameInArchiveHash="0xB8A0BF169F98">0x0</containerEntry>
        </property>
        <property name="transforms" type="Matrix4" container="DynamicArray" arraySize="5">
          <containerEntry r11="-0.89504105" r12="-0.050148897" r13="-0.44314754" r14="0" r21="-0.24146897" r22="0.8899012" r23="0.3869989" r24="0" r31="0.37494987" r32="0.4533878" r33="-0.8086072" r34="0" r41="-295.7956" r42="-16.984531" r43="1009.52026" r44="1"></containerEntry>
          <containerEntry r11="-0.19104582" r12="-0.050147966" r13="-0.9802974" r14="0" r21="-0.45412362" r22="0.8899012" r23="0.042979255" r24="0" r31="0.8702124" r32="0.45338798" r33="-0.19278514" r34="0" r41="-290.29736" r42="-17.136917" r43="1017.8107" r44="1"></containerEntry>
          <containerEntry r11="0.4229796" r12="-0.05805953" r13="-0.904276" r14="0" r21="-0.38002962" r22="0.8945724" r23="-0.2351963" r24="0" r31="0.8225956" r32="0.44313532" r33="0.35632163" r34="0" r41="-309.40042" r42="-17.33097" r43="987.0542" r44="1"></containerEntry>
          <containerEntry r11="0.6578337" r12="-0.0551868" r13="-0.75113815" r14="0" r21="-0.25676107" r22="0.9211363" r23="-0.2925431" r24="0" r31="0.70804507" r32="0.38530785" r33="0.59178466" r34="0" r41="-303.72195" r42="-17.398369" r43="977.06116" r44="1"></containerEntry>
          <containerEntry r11="0.86014307" r12="-0.15562832" r13="0.48572966" r14="0" r21="0.45162648" r22="0.6749569" r23="-0.5834943" r24="0" r31="-0.23703799" r32="0.7212572" r33="0.6508455" r34="0" r41="-258.11856" r42="-18.158459" r43="1005.3175" r44="1"></containerEntry>
        </property>
        <property name="colors" type="UInt32" container="DynamicArray" arraySize="5">
          <containerEntry>4294967295</containerEntry>
          <containerEntry>4294967295</containerEntry>
          <containerEntry>4294967295</containerEntry>
          <containerEntry>4294967295</containerEntry>
          <containerEntry>4294967295</containerEntry>
        </property>
      </staticProperties>
      <dynamicProperties></dynamicProperties>
    </entity>
    <entity class="StaticModelArray" classVersion="4" classID="0xD0" addr="0x317AC70" id="0x0">
      <staticProperties>
        <property name="name" type="String" container="StaticArray" arraySize="1">
          <containerEntry>StaticModelArray0002</containerEntry>
        </property>
        <property name="dataSet" type="EntityHandle" container="StaticArray" arraySize="1">
          <containerEntry>0x33560C0</containerEntry>
        </property>
        <property name="modelFile" type="FilePtr" container="StaticArray" arraySize="1">
          <containerEntry>/Assets/tpp/environ/object/middle_africa/rock/mafr_rock002/scenes/mafr_rock002.fmdl</containerEntry>
        </property>
        <property name="geomFile" type="FilePtr" container="StaticArray" arraySize="1">
          <containerEntry>/Assets/tpp/environ/object/middle_africa/rock/mafr_rock002/scenes/mafr_rock002.geom</containerEntry>
        </property>
        <property name="isVisibleGeom" type="Bool" container="StaticArray" arraySize="1">
          <containerEntry>false</containerEntry>
        </property>
        <property name="lodFarSize" type="Float" container="StaticArray" arraySize="1">
          <containerEntry>-1</containerEntry>
        </property>
        <property name="lodNearSize" type="Float" container="StaticArray" arraySize="1">
          <containerEntry>-1</containerEntry>
        </property>
        <property name="lodPolygonSize" type="Float" container="StaticArray" arraySize="1">
          <containerEntry>-1</containerEntry>
        </property>
        <property name="drawRejectionLevel" type="Int32" container="StaticArray" arraySize="1">
          <containerEntry>8</containerEntry>
        </property>
        <property name="drawMode" type="Int32" container="StaticArray" arraySize="1">
          <containerEntry>0</containerEntry>
        </property>
        <property name="rejectFarRangeShadowCast" type="Int32" container="StaticArray" arraySize="1">
          <containerEntry>2</containerEntry>
        </property>
        <property name="parentLocator" type="EntityLink" container="StaticArray" arraySize="1">
          <containerEntry packagePathHash="0xB8A0BF169F98" archivePathHash="0xB8A0BF169F98" nameInArchiveHash="0xB8A0BF169F98">0x0</containerEntry>
        </property>
        <property name="transforms" type="Matrix4" container="DynamicArray" arraySize="8">
          <containerEntry r11="0.97350997" r12="-0.22822466" r13="-0.013852562" r14="0" r21="0.22822466" r22="0.966266" r23="0.11934662" r24="0" r31="-0.013852562" r32="-0.11934662" r33="0.992756" r34="0" r41="-352.50446" r42="-2.742333" r43="982.7826" r44="1"></containerEntry>
          <containerEntry r11="-0.5491151" r12="-0.025584111" r13="0.8353537" r14="0" r21="0.026386363" r22="0.9985023" r23="0.047925744" r24="0" r31="-0.83532876" r32="0.048358764" r33="-0.5476177" r34="0" r41="-342.89273" r42="-3.01002" r43="969.3359" r44="1"></containerEntry>
          <containerEntry r11="-0.5491151" r12="-0.025584111" r13="0.8353537" r14="0" r21="0.026386363" r22="0.9985023" r23="0.047925744" r24="0" r31="-0.83532876" r32="0.048358764" r33="-0.5476177" r34="0" r41="-342.955" r42="0.668319" r43="941.2206" r44="1"></containerEntry>
          <containerEntry r11="0.99571615" r12="-0.09235882" r13="-0.004383551" r14="0" r21="0.09235882" r22="0.9912306" r23="0.0945081" r24="0" r31="-0.004383551" r32="-0.0945081" r33="0.99551445" r34="0" r41="-361.89752" r42="3.364041" r43="938.4207" r44="1"></containerEntry>
          <containerEntry r11="0.998653" r12="-0.05187047" r13="-0.0012909044" r14="0" r21="0.05187047" r22="0.99741584" r23="0.049709864" r24="0" r31="-0.0012909044" r32="-0.049709864" r33="0.99876285" r34="0" r41="-371.36154" r42="5.907064" r43="908.8094" r44="1"></containerEntry>
          <containerEntry r11="0.97350997" r12="-0.22822466" r13="-0.013852562" r14="0" r21="0.22822466" r22="0.966266" r23="0.11934662" r24="0" r31="-0.013852562" r32="-0.11934662" r33="0.992756" r34="0" r41="-359.64355" r42="-2.132353" r43="993.3896" r44="1"></containerEntry>
          <containerEntry r11="-0.28599092" r12="0.025839973" r13="0.9578808" r14="0" r21="0.046567854" r22="0.99883" r23="-0.013040862" r24="0" r31="-0.957097" r32="0.040876947" r33="-0.28685963" r34="0" r41="-336.7891" r42="-8.655296" r43="996.8476" r44="1"></containerEntry>
          <containerEntry r11="0.14433715" r12="-0.019645378" r13="-0.989332" r14="0" r21="0.046568267" r22="0.99883" r23="-0.013040023" r24="0" r31="0.9884307" r32="-0.044189416" r33="0.14508313" r34="0" r41="-346.60535" r42="-6.294368" r43="1018.0388" r44="1"></containerEntry>
        </property>
        <property name="colors" type="UInt32" container="DynamicArray" arraySize="8">
          <containerEntry>4294967295</containerEntry>
          <containerEntry>4294967295</containerEntry>
          <containerEntry>4294967295</containerEntry>
          <containerEntry>4294967295</containerEntry>
          <containerEntry>4294967295</containerEntry>
          <containerEntry>4294967295</containerEntry>
          <containerEntry>4294967295</containerEntry>
          <containerEntry>4294967295</containerEntry>
        </property>
      </staticProperties>
      <dynamicProperties></dynamicProperties>
    </entity>
    <entity class="StaticModelArray" classVersion="4" classID="0xD0" addr="0x317ACE0" id="0x0">
      <staticProperties>
        <property name="name" type="String" container="StaticArray" arraySize="1">
          <containerEntry>StaticModelArray0003</containerEntry>
        </property>
        <property name="dataSet" type="EntityHandle" container="StaticArray" arraySize="1">
          <containerEntry>0x33560C0</containerEntry>
        </property>
        <property name="modelFile" type="FilePtr" container="StaticArray" arraySize="1">
          <containerEntry>/Assets/tpp/environ/object/middle_africa/tree/mafr_tree038/scenes/mafr_tree038.fmdl</containerEntry>
        </property>
        <property name="geomFile" type="FilePtr" container="StaticArray" arraySize="1">
          <containerEntry>/Assets/tpp/environ/object/middle_africa/tree/mafr_tree038/scenes/mafr_tree038.geom</containerEntry>
        </property>
        <property name="isVisibleGeom" type="Bool" container="StaticArray" arraySize="1">
          <containerEntry>false</containerEntry>
        </property>
        <property name="lodFarSize" type="Float" container="StaticArray" arraySize="1">
          <containerEntry>50</containerEntry>
        </property>
        <property name="lodNearSize" type="Float" container="StaticArray" arraySize="1">
          <containerEntry>400</containerEntry>
        </property>
        <property name="lodPolygonSize" type="Float" container="StaticArray" arraySize="1">
          <containerEntry>-1</containerEntry>
        </property>
        <property name="drawRejectionLevel" type="Int32" container="StaticArray" arraySize="1">
          <containerEntry>8</containerEntry>
        </property>
        <property name="drawMode" type="Int32" container="StaticArray" arraySize="1">
          <containerEntry>0</containerEntry>
        </property>
        <property name="rejectFarRangeShadowCast" type="Int32" container="StaticArray" arraySize="1">
          <containerEntry>2</containerEntry>
        </property>
        <property name="parentLocator" type="EntityLink" container="StaticArray" arraySize="1">
          <containerEntry packagePathHash="0xB8A0BF169F98" archivePathHash="0xB8A0BF169F98" nameInArchiveHash="0xB8A0BF169F98">0x0</containerEntry>
        </property>
        <property name="transforms" type="Matrix4" container="DynamicArray" arraySize="3">
          <containerEntry r11="0.8402134" r12="0" r13="-0.5422559" r14="0" r21="0" r22="1" r23="0" r24="0" r31="0.5422559" r32="0" r33="0.8402134" r34="0" r41="-274.37363" r42="-15.631393" r43="943.04895" r44="1"></containerEntry>
          <containerEntry r11="0.7952046" r12="-0.019640744" r13="0.2996062" r14="0" r21="0.020987893" r22="0.84974086" r23="-4.179776e-07" r24="0" r31="-0.29951486" r32="0.007398162" r33="0.7954471" r34="0" r41="-276.11942" r42="-15.837139" r43="954.6817" r44="1"></containerEntry>
          <containerEntry r11="0.76031166" r12="-0.032054417" r13="0.19267516" r14="0" r21="0.0330658" r22="0.7843033" r23="3.8747677e-07" r24="0" r31="-0.19250417" r32="0.008115493" r33="0.76098704" r34="0" r41="-282.304" r42="-14.660752" r43="946.7847" r44="1"></containerEntry>
        </property>
        <property name="colors" type="UInt32" container="DynamicArray" arraySize="3">
          <containerEntry>4294967295</containerEntry>
          <containerEntry>4294967295</containerEntry>
          <containerEntry>4294967295</containerEntry>
        </property>
      </staticProperties>
      <dynamicProperties></dynamicProperties>
    </entity>
    <entity class="TexturePackLoadConditioner" classVersion="0" classID="0x48" addr="0x317B140" id="0x0">
      <staticProperties>
        <property name="name" type="String" container="StaticArray" arraySize="1">
          <containerEntry>TexturePackLoadConditioner0000</containerEntry>
        </property>
        <property name="dataSet" type="EntityHandle" container="StaticArray" arraySize="1">
          <containerEntry>0x33560C0</containerEntry>
        </property>
        <property name="texturePackPath" type="Path" container="StaticArray" arraySize="1">
          <containerEntry hash="0xB8A0BF169F98"></containerEntry>
        </property>
      </staticProperties>
      <dynamicProperties></dynamicProperties>
    </entity>
  </entities>
</fox>