<fox formatVersion="2" fileVersion="0">
  <entities>
    <entity class="DataSet" classVersion="0" classID="0xE8" addr="0x33048B0" id="0xA86C84">
      <staticProperties>
        <property name="name" type="String" container="StaticArray" arraySize="1">
          <containerEntry hash="0xB8A0BF169F98"></containerEntry>
        </property>
        <property name="dataSet" type="EntityHandle" container="StaticArray" arraySize="1">
          <containerEntry>0x0</containerEntry>
        </property>
        <property name="dataList" type="EntityPtr" container="StringMap" arraySize="11">
          <containerEntry key="mafr_clff004_grnd001_0000">
            <data>0x3179310</data>
          </containerEntry>
          <containerEntry key="StaticModelArray0000">
            <data>0x317CC60</data>
          </containerEntry>
          <containerEntry key="StaticModelArray0001">
            <data>0x317C870</data>
          </containerEntry>
          <containerEntry key="StaticModelArray0002">
            <data>0x317CA30</data>
          </containerEntry>
          <containerEntry key="StaticModelArray0003">
            <data>0x3179F50</data>
          </containerEntry>
          <containerEntry key="StaticModelArray0004">
            <data>0x317CCD0</data>
          </containerEntry>
          <containerEntry key="StaticModelArray0005">
            <data>0x317CDB0</data>
          </containerEntry>
          <containerEntry key="StaticModelArray0006">
            <data>0x317C790</data>
          </containerEntry>
          <containerEntry key="StaticModelArray0007">
            <data>0x317C720</data>
          </containerEntry>
          <containerEntry key="StaticModelArray0008">
            <data>0x317C8E0</data>
          </containerEntry>
          <containerEntry key="TexturePackLoadConditioner0000">
            <data>0x317D520</data>
          </containerEntry>
        </property>
      </staticProperties>
      <dynamicProperties></dynamicProperties>
    </entity>
    <entity class="StaticModel" classVersion="9" classID="0x160" addr="0x3179310" id="0xA86F02">
      <staticProperties>
        <property name="name" type="String" container="StaticArray" arraySize="1">
          <containerEntry>mafr_clff004_grnd001_0000</containerEntry>
        </property>
        <property name="dataSet" type="EntityHandle" container="StaticArray" arraySize="1">
          <containerEntry>0x33048B0</containerEntry>
        </property>
        <property name="parent" type="EntityHandle" container="StaticArray" arraySize="1">
          <containerEntry>0x0</containerEntry>
        </property>
        <property name="transform" type="EntityPtr" container="StaticArray" arraySize="1">
          <containerEntry>0x3179380</containerEntry>
        </property>
        <property name="shearTransform" type="EntityPtr" container="StaticArray" arraySize="1">
          <containerEntry>0x0</containerEntry>
        </property>
        <property name="pivotTransform" type="EntityPtr" container="StaticArray" arraySize="1">
          <containerEntry>0x0</containerEntry>
        </property>
        <property name="children" type="EntityHandle" container="List"></property>
        <property name="flags" type="UInt32" container="StaticArray" arraySize="1">
          <containerEntry>7</containerEntry>
        </property>
        <property name="modelFile" type="FilePtr" container="StaticArray" arraySize="1">
          <containerEntry>/Assets/tpp/environ/object/middle_africa/cliff/mafr_clff004/scenes/mafr_clff004_grnd001.fmdl</containerEntry>
        </property>
        <property name="geomFile" type="FilePtr" container="StaticArray" arraySize="1">
          <containerEntry>/Assets/tpp/environ/object/middle_africa/cliff/mafr_clff004/scenes/mafr_clff004_grnd001.geom</containerEntry>
        </property>
        <property name="isVisibleGeom" type="Bool" container="StaticArray" arraySize="1">
          <containerEntry>false</containerEntry>
        </property>
        <property name="isIsolated" type="Bool" container="StaticArray" arraySize="1">
          <containerEntry>false</containerEntry>
        </property>
        <property name="lodFarSize" type="Float" container="StaticArray" arraySize="1">
          <containerEntry>-1</containerEntry>
        </property>
        <property name="lodNearSize" type="Float" container="StaticArray" arraySize="1">
          <containerEntry>-1</containerEntry>
        </property>
        <property name="lodPolygonSize" type="Float" container="StaticArray" arraySize="1">
          <containerEntry>-1</containerEntry>
        </property>
        <property name="color" type="Color" container="StaticArray" arraySize="1">
          <containerEntry r="1" g="1" b="1" a="1"></containerEntry>
        </property>
        <property name="drawRejectionLevel" type="Int32" container="StaticArray" arraySize="1">
          <containerEntry>8</containerEntry>
        </property>
        <property name="drawMode" type="Int32" container="StaticArray" arraySize="1">
          <containerEntry>0</containerEntry>
        </property>
        <property name="rejectFarRangeShadowCast" type="Int32" container="StaticArray" arraySize="1">
          <containerEntry>2</containerEntry>
        </property>
      </staticProperties>
      <dynamicProperties></dynamicProperties>
    </entity>
    <entity class="TransformEntity" classVersion="0" classID="0x50" addr="0x3179380" id="0xA86F05">
      <staticProperties>
        <property name="owner" type="EntityHandle" container="StaticArray" arraySize="1">
          <containerEntry>0x3179310</containerEntry>
        </property>
        <property name="transform_scale" type="Vector3" container="StaticArray" arraySize="1">
          <containerEntry x="1" y="1" z="1" w="0"></containerEntry>
        </property>
        <property name="transform_rotation_quat" type="Quat" container="StaticArray" arraySize="1">
          <containerEntry x="0.126759" y="0" z="0" w="0.991934"></containerEntry>
        </property>
        <property name="transform_translation" type="Vector3" container="StaticArray" arraySize="1">
          <containerEntry x="1868.1047" y="-11.324166" z="1417.3115" w="0"></containerEntry>
        </property>
      </staticProperties>
      <dynamicProperties></dynamicProperties>
    </entity>
    <entity class="StaticModelArray" classVersion="4" classID="0xD0" addr="0x317CC60" id="0x0">
      <staticProperties>
        <property name="name" type="String" container="StaticArray" arraySize="1">
          <containerEntry>StaticModelArray0000</containerEntry>
        </property>
        <property name="dataSet" type="EntityHandle" container="StaticArray" arraySize="1">
          <containerEntry>0x33048B0</containerEntry>
        </property>
        <property name="modelFile" type="FilePtr" container="StaticArray" arraySize="1">
          <containerEntry>/Assets/tpp/environ/object/middle_africa/rock/mafr_rock001/scenes/mafr_rock001_vrtn001.fmdl</containerEntry>
        </property>
        <property name="geomFile" type="FilePtr" container="StaticArray" arraySize="1">
          <containerEntry>/Assets/tpp/environ/object/middle_africa/rock/mafr_rock001/scenes/mafr_rock001_vrtn001.geom</containerEntry>
        </property>
        <property name="isVisibleGeom" type="Bool" container="StaticArray" arraySize="1">
          <containerEntry>false</containerEntry>
        </property>
        <property name="lodFarSize" type="Float" container="StaticArray" arraySize="1">
          <containerEntry>-1</containerEntry>
        </property>
        <property name="lodNearSize" type="Float" container="StaticArray" arraySize="1">
          <containerEntry>-1</containerEntry>
        </property>
        <property name="lodPolygonSize" type="Float" container="StaticArray" arraySize="1">
          <containerEntry>-1</containerEntry>
        </property>
        <property name="drawRejectionLevel" type="Int32" container="StaticArray" arraySize="1">
          <containerEntry>8</containerEntry>
        </property>
        <property name="drawMode" type="Int32" container="StaticArray" arraySize="1">
          <containerEntry>0</containerEntry>
        </property>
        <property name="rejectFarRangeShadowCast" type="Int32" container="StaticArray" arraySize="1">
          <containerEntry>2</containerEntry>
        </property>
        <property name="parentLocator" type="EntityLink" container="StaticArray" arraySize="1">
          <containerEntry packagePathHash="0xB8A0BF169F98" archivePathHash="0xB8A0BF169F98" nameInArchiveHash="0xB8A0BF169F98">0x0</containerEntry>
        </property>
        <property name="transforms" type="Matrix4" container="DynamicArray" arraySize="5">
          <containerEntry r11="0.74298716" r12="-0.07564768" r13="0.06890222" r14="0" r21="0.09301568" r22="0.7097804" r23="-0.22374082" r24="0" r31="-0.042640004" r32="0.23019403" r33="0.7125255" r34="0" r41="1894.0654" r42="-6.304385" r43="1506.4261" r44="1"></containerEntry>
          <containerEntry r11="-0.358479" r12="-0.07564802" r13="0.65442246" r14="0" r21="0.16835256" r22="0.70978045" r23="0.17426725" r24="0" r31="-0.63690567" r32="0.23019347" r33="-0.3222744" r34="0" r41="1907.371" r42="-9.294389" r43="1492.6477" r44="1"></containerEntry>
          <containerEntry r11="-0.20587018" r12="-0.075647205" r13="0.7172151" r14="0" r21="0.20254141" r22="0.7097802" r23="0.13300048" r24="0" r31="-0.6921683" r32="0.23019482" r33="-0.1744013" r34="0" r41="1894.1584" r42="-5.031755" r43="1507.9515" r44="1"></containerEntry>
          <containerEntry r11="-0.7294968" r12="-0.2760814" r13="-0.62578726" r14="0" r21="-0.27246368" r22="0.9564896" r23="-0.10436086" r24="0" r31="0.6273711" r32="0.094373375" r33="-0.77297825" r34="0" r41="1821.8214" r42="-0.819895" r43="1420.8234" r44="1"></containerEntry>
          <containerEntry r11="-0.8509013" r12="-0.22667521" r13="-0.47389886" r14="0" r21="-0.2953163" r22="0.95247775" r23="0.074661694" r24="0" r31="0.4344541" r32="0.20347986" r33="-0.87740546" r34="0" r41="1806.3063" r42="0.377631" r43="1471.7539" r44="1"></containerEntry>
        </property>
        <property name="colors" type="UInt32" container="DynamicArray" arraySize="5">
          <containerEntry>4294967295</containerEntry>
          <containerEntry>4294967295</containerEntry>
          <containerEntry>4294967295</containerEntry>
          <containerEntry>4294967295</containerEntry>
          <containerEntry>4294967295</containerEntry>
        </property>
      </staticProperties>
      <dynamicProperties></dynamicProperties>
    </entity>
    <entity class="StaticModelArray" classVersion="4" classID="0xD0" addr="0x317C870" id="0x0">
      <staticProperties>
        <property name="name" type="String" container="StaticArray" arraySize="1">
          <containerEntry>StaticModelArray0001</containerEntry>
        </property>
        <property name="dataSet" type="EntityHandle" container="StaticArray" arraySize="1">
          <containerEntry>0x33048B0</containerEntry>
        </property>
        <property name="modelFile" type="FilePtr" container="StaticArray" arraySize="1">
          <containerEntry>/Assets/tpp/environ/object/middle_africa/rock/mafr_rock001/scenes/mafr_rock001.fmdl</containerEntry>
        </property>
        <property name="geomFile" type="FilePtr" container="StaticArray" arraySize="1">
          <containerEntry>/Assets/tpp/environ/object/middle_africa/rock/mafr_rock001/scenes/mafr_rock001.geom</containerEntry>
        </property>
        <property name="isVisibleGeom" type="Bool" container="StaticArray" arraySize="1">
          <containerEntry>false</containerEntry>
        </property>
        <property name="lodFarSize" type="Float" container="StaticArray" arraySize="1">
          <containerEntry>-1</containerEntry>
        </property>
        <property name="lodNearSize" type="Float" container="StaticArray" arraySize="1">
          <containerEntry>-1</containerEntry>
        </property>
        <property name="lodPolygonSize" type="Float" container="StaticArray" arraySize="1">
          <containerEntry>-1</containerEntry>
        </property>
        <property name="drawRejectionLevel" type="Int32" container="StaticArray" arraySize="1">
          <containerEntry>8</containerEntry>
        </property>
        <property name="drawMode" type="Int32" container="StaticArray" arraySize="1">
          <containerEntry>0</containerEntry>
        </property>
        <property name="rejectFarRangeShadowCast" type="Int32" container="StaticArray" arraySize="1">
          <containerEntry>2</containerEntry>
        </property>
        <property name="parentLocator" type="EntityLink" container="StaticArray" arraySize="1">
          <containerEntry packagePathHash="0xB8A0BF169F98" archivePathHash="0xB8A0BF169F98" nameInArchiveHash="0xB8A0BF169F98">0x0</containerEntry>
        </property>
        <property name="transforms" type="Matrix4" container="DynamicArray" arraySize="8">
          <containerEntry r11="-0.9945556" r12="0" r13="0.10420388" r14="0" r21="0" r22="1" r23="0" r24="0" r31="-0.10420388" r32="0" r33="-0.9945556" r34="0" r41="1891.3225" r42="-5.855614" r43="1501.1656" r44="1"></containerEntry>
          <containerEntry r11="0.9618297" r12="0" r13="0.27364856" r14="0" r21="0" r22="1" r23="0" r24="0" r31="-0.27364856" r32="0" r33="0.9618297" r34="0" r41="1891.958" r42="-4.397093" r43="1506.2726" r44="1"></containerEntry>
          <containerEntry r11="-0.6333293" r12="0" r13="0.77388096" r14="0" r21="0" r22="1" r23="0" r24="0" r31="-0.77388096" r32="0" r33="-0.6333293" r34="0" r41="1908.3494" r42="-8.60566" r43="1490.7748" r44="1"></containerEntry>
          <containerEntry r11="0.29959762" r12="0" r13="-0.9540657" r14="0" r21="0" r22="1" r23="0" r24="0" r31="0.9540657" r32="0" r33="0.29959762" r34="0" r41="1913.2882" r42="-8.845617" r43="1492.221" r44="1"></containerEntry>
          <containerEntry r11="-0.99811244" r12="0" r13="-0.061397005" r14="0" r21="0" r22="1" r23="0" r24="0" r31="0.061397005" r32="0" r33="-0.99811244" r34="0" r41="1909.9674" r42="-10.155276" r43="1486.4532" r44="1"></containerEntry>
          <containerEntry r11="-0.11071592" r12="0.20308784" r13="-0.9728808" r14="0" r21="0.12607041" r22="0.97386134" r23="0.18894538" r24="0" r31="0.98582345" r32="-0.101732224" r33="-0.1334253" r34="0" r41="1812.7368" r42="-0.188121" r43="1426.81" r44="1"></containerEntry>
          <containerEntry r11="0.61941785" r12="0.06927155" r13="0.7819937" r14="0" r21="-0.05255574" r22="0.99752384" r23="-0.04673444" r24="0" r31="-0.78329474" r32="-0.01215018" r33="0.6215247" r34="0" r41="1816.979" r42="-0.110896" r43="1431.7775" r44="1"></containerEntry>
          <containerEntry r11="-0.97768104" r12="0.069271974" r13="0.19830592" r14="0" r21="0.06546353" r22="0.9975238" r23="-0.025706347" r24="0" r31="-0.19959562" r32="-0.012150879" r33="-0.97979486" r34="0" r41="1830.1078" r42="-1.016247" r43="1426.8761" r44="1"></containerEntry>
        </property>
        <property name="colors" type="UInt32" container="DynamicArray" arraySize="8">
          <containerEntry>4294967295</containerEntry>
          <containerEntry>4294967295</containerEntry>
          <containerEntry>4294967295</containerEntry>
          <containerEntry>4294967295</containerEntry>
          <containerEntry>4294967295</containerEntry>
          <containerEntry>4294967295</containerEntry>
          <containerEntry>4294967295</containerEntry>
          <containerEntry>4294967295</containerEntry>
        </property>
      </staticProperties>
      <dynamicProperties></dynamicProperties>
    </entity>
    <entity class="StaticModelArray" classVersion="4" classID="0xD0" addr="0x317CA30" id="0x0">
      <staticProperties>
        <property name="name" type="String" container="StaticArray" arraySize="1">
          <containerEntry>StaticModelArray0002</containerEntry>
        </property>
        <property name="dataSet" type="EntityHandle" container="StaticArray" arraySize="1">
          <containerEntry>0x33048B0</containerEntry>
        </property>
        <property name="modelFile" type="FilePtr" container="StaticArray" arraySize="1">
          <containerEntry>/Assets/tpp/environ/object/middle_africa/cliff/mafr_clff004/scenes/mafr_clff004.fmdl</containerEntry>
        </property>
        <property name="geomFile" type="FilePtr" container="StaticArray" arraySize="1">
          <containerEntry>/Assets/tpp/environ/object/middle_africa/cliff/mafr_clff004/scenes/mafr_clff004.geom</containerEntry>
        </property>
        <property name="isVisibleGeom" type="Bool" container="StaticArray" arraySize="1">
          <containerEntry>false</containerEntry>
        </property>
        <property name="lodFarSize" type="Float" container="StaticArray" arraySize="1">
          <containerEntry>-1</containerEntry>
        </property>
        <property name="lodNearSize" type="Float" container="StaticArray" arraySize="1">
          <containerEntry>-1</containerEntry>
        </property>
        <property name="lodPolygonSize" type="Float" container="StaticArray" arraySize="1">
          <containerEntry>-1</containerEntry>
        </property>
        <property name="drawRejectionLevel" type="Int32" container="StaticArray" arraySize="1">
          <containerEntry>5</containerEntry>
        </property>
        <property name="drawMode" type="Int32" container="StaticArray" arraySize="1">
          <containerEntry>0</containerEntry>
        </property>
        <property name="rejectFarRangeShadowCast" type="Int32" container="StaticArray" arraySize="1">
          <containerEntry>2</containerEntry>
        </property>
        <property name="parentLocator" type="EntityLink" container="StaticArray" arraySize="1">
          <containerEntry packagePathHash="0xB8A0BF169F98" archivePathHash="0xB8A0BF169F98" nameInArchiveHash="0xB8A0BF169F98">0x0</containerEntry>
        </property>
        <property name="transforms" type="Matrix4" container="DynamicArray" arraySize="6">
          <containerEntry r11="-0.8129737" r12="-0.07783607" r13="0.5770717" r14="0" r21="0.09054299" r22="0.96207446" r23="0.25732186" r24="0" r31="-0.5752149" r32="0.2614462" r33="-0.7750937" r34="0" r41="1860.9485" r42="-0.748971" r43="1519.8883" r44="1"></containerEntry>
          <containerEntry r11="-0.91930383" r12="0.030165067" r13="-0.39237955" r14="0" r21="-0.075763494" r22="0.96484023" r23="0.2516804" r24="0" r31="0.38617554" r32="0.26109996" r33="-0.88469577" r34="0" r41="1877.3964" r42="0.276608" r43="1519.8883" r44="1"></containerEntry>
          <containerEntry r11="-0.8816043" r12="0.10448699" r13="-0.46027777" r14="0" r21="-0.076166734" r22="0.93091226" r23="0.35721284" r24="0" r31="0.46580228" r32="0.3499784" r33="-0.8127378" r34="0" r41="1824.884" r42="-0.065118" r43="1420.1552" r44="1"></containerEntry>
          <containerEntry r11="0.417828" r12="-0.011179626" r13="-0.90845734" r14="0" r21="-0.2284552" r22="0.9665023" r23="-0.116967626" r24="0" r31="0.8793338" r32="0.25641418" r33="0.40127766" r34="0" r41="1814.5647" r42="0.684197" r43="1471.0157" r44="1"></containerEntry>
          <containerEntry r11="0.009934005" r12="-0.011179328" r13="-0.9998886" r14="0" r21="-0.25631094" r22="0.9665022" r23="-0.0133526325" r24="0" r31="0.96654373" r32="0.25641492" r33="0.0067358613" r34="0" r41="1818.9774" r42="0.329999" r43="1455.6481" r44="1"></containerEntry>
          <containerEntry r11="-0.8594363" r12="0.0069162026" r13="0.5111947" r14="0" r21="0.17793173" r22="0.94144094" r23="0.28640726" r24="0" r31="-0.47927877" r32="0.3371068" r33="-0.8103391" r34="0" r41="1874.215" r42="-8.502715" r43="1417.7205" r44="1"></containerEntry>
        </property>
        <property name="colors" type="UInt32" container="DynamicArray" arraySize="6">
          <containerEntry>4294967295</containerEntry>
          <containerEntry>4294967295</containerEntry>
          <containerEntry>4294967295</containerEntry>
          <containerEntry>4294967295</containerEntry>
          <containerEntry>4294967295</containerEntry>
          <containerEntry>4294967295</containerEntry>
        </property>
      </staticProperties>
      <dynamicProperties></dynamicProperties>
    </entity>
    <entity class="StaticModelArray" classVersion="4" classID="0xD0" addr="0x3179F50" id="0x0">
      <staticProperties>
        <property name="name" type="String" container="StaticArray" arraySize="1">
          <containerEntry>StaticModelArray0003</containerEntry>
        </property>
        <property name="dataSet" type="EntityHandle" container="StaticArray" arraySize="1">
          <containerEntry>0x33048B0</containerEntry>
        </property>
        <property name="modelFile" type="FilePtr" container="StaticArray" arraySize="1">
          <containerEntry>/Assets/tpp/environ/object/middle_africa/rock/mafr_rock001/scenes/mafr_rock001_vrtn003.fmdl</containerEntry>
        </property>
        <property name="geomFile" type="FilePtr" container="StaticArray" arraySize="1">
          <containerEntry>/Assets/tpp/environ/object/middle_africa/rock/mafr_rock001/scenes/mafr_rock001_vrtn003.geom</containerEntry>
        </property>
        <property name="isVisibleGeom" type="Bool" container="StaticArray" arraySize="1">
          <containerEntry>false</containerEntry>
        </property>
        <property name="lodFarSize" type="Float" container="StaticArray" arraySize="1">
          <containerEntry>-1</containerEntry>
        </property>
        <property name="lodNearSize" type="Float" container="StaticArray" arraySize="1">
          <containerEntry>-1</containerEntry>
        </property>
        <property name="lodPolygonSize" type="Float" container="StaticArray" arraySize="1">
          <containerEntry>-1</containerEntry>
        </property>
        <property name="drawRejectionLevel" type="Int32" container="StaticArray" arraySize="1">
          <containerEntry>8</containerEntry>
        </property>
        <property name="drawMode" type="Int32" container="StaticArray" arraySize="1">
          <containerEntry>0</containerEntry>
        </property>
        <property name="rejectFarRangeShadowCast" type="Int32" container="StaticArray" arraySize="1">
          <containerEntry>2</containerEntry>
        </property>
        <property name="parentLocator" type="EntityLink" container="StaticArray" arraySize="1">
          <containerEntry packagePathHash="0xB8A0BF169F98" archivePathHash="0xB8A0BF169F98" nameInArchiveHash="0xB8A0BF169F98">0x0</containerEntry>
        </property>
        <property name="transforms" type="Matrix4" container="DynamicArray" arraySize="13">
          <containerEntry r11="0.9016369" r12="0.030327896" r13="-0.43142924" r14="0" r21="-0.01138073" r22="0.9988566" r23="0.046431594" r24="0" r31="0.4323441" r32="-0.036954463" r33="0.90095115" r34="0" r41="1870.0913" r42="0.823246" r43="1529.6108" r44="1"></containerEntry>
          <containerEntry r11="-0.9788975" r12="-0.09707298" r13="-0.17983067" r14="0" r21="-0.046656452" r22="0.96289766" r23="-0.26580316" r24="0" r31="0.19896081" r32="-0.25180346" r33="-0.94710726" r34="0" r41="1860.6776" r42="-3.443391" r43="1505.9991" r44="1"></containerEntry>
          <containerEntry r11="0.8178424" r12="0.09831029" r13="0.5669827" r14="0" r21="0.021993574" r22="0.97923815" r23="-0.20151697" r24="0" r31="-0.5750223" r32="0.17727913" r33="0.7987002" r34="0" r41="1851.5756" r42="-3.057443" r43="1507.2432" r44="1"></containerEntry>
          <containerEntry r11="-0.78573585" r12="0.043607175" r13="-0.61702293" r14="0" r21="0.100954786" r22="0.9931774" r23="-0.058367603" r24="0" r31="0.61026794" r32="-0.10815295" r33="-0.7847774" r34="0" r41="1889.8619" r42="-0.204935" r43="1528.4493" r44="1"></containerEntry>
          <containerEntry r11="0.99835604" r12="-0.044972684" r13="0.035533622" r14="0" r21="0.043868463" r22="0.9985479" r23="0.03126704" r24="0" r31="-0.03688819" r32="-0.029656835" r33="0.99887925" r34="0" r41="1825.995" r42="-0.410217" r43="1423.9037" r44="1"></containerEntry>
          <containerEntry r11="-0.9992869" r12="0.033038862" r13="0.018328777" r14="0" r21="0.03401856" r22="0.9978511" r23="0.055999845" r24="0" r31="-0.01643922" r32="0.056583382" r33="-0.9982634" r34="0" r41="1812.2441" r42="-1.267044" r43="1490.8297" r44="1"></containerEntry>
          <containerEntry r11="-0.97662014" r12="0.11358793" r13="0.18251675" r14="0" r21="0.09390664" r22="0.98913586" r23="-0.11310115" r24="0" r31="-0.19338077" r32="-0.09331725" r33="-0.97667664" r34="0" r41="1831.7815" r42="-2.093698" r43="1472.4497" r44="1"></containerEntry>
          <containerEntry r11="0.74163556" r12="-0.1083387" r13="-0.6619961" r14="0" r21="0.011287451" r22="0.9887475" r23="-0.14916754" r24="0" r31="0.6707076" r32="0.10315564" r33="0.73451316" r34="0" r41="1819.4307" r42="-1.492569" r43="1472.2565" r44="1"></containerEntry>
          <containerEntry r11="-0.14854755" r12="-0.018016646" r13="0.9887765" r14="0" r21="0.23773077" r22="1.3692997" r23="0.060665295" r24="0" r31="-0.9784015" r32="0.17623498" r33="-0.14377722" r34="0" r41="1815.337" r42="0.49015355" r43="1465.1075" r44="1"></containerEntry>
          <containerEntry r11="0.31465554" r12="0.12103783" r13="-0.9414572" r14="0" r21="-0.07135969" r22="0.9920463" r23="0.10369182" r24="0" r31="0.9465198" r32="0.034554884" r33="0.3207901" r34="0" r41="1910.8333" r42="-11.275125" r43="1472.0951" r44="1"></containerEntry>
          <containerEntry r11="-0.81044483" r12="0.0701025" r13="-0.5816031" r14="0" r21="0.151953" r22="0.9839896" r23="-0.09313838" r24="0" r31="0.5657621" r32="-0.16386004" r33="-0.80812156" r34="0" r41="1898.2318" r42="-10.958711" r43="1461.5947" r44="1"></containerEntry>
          <containerEntry r11="-0.22127356" r12="-0.09866073" r13="0.970209" r14="0" r21="0.10037712" r22="0.9872812" r23="0.12328959" r24="0" r31="-0.97003293" r32="0.12466737" r33="-0.20855594" r34="0" r41="1841.8804" r42="-2.919378" r43="1484.0363" r44="1"></containerEntry>
          <containerEntry r11="0.99453557" r12="-0.10414057" r13="0.0073314845" r14="0" r21="0.1030676" r22="0.9906114" r23="0.08981151" r24="0" r31="-0.016615674" r32="-0.0885651" r33="0.9959318" r34="0" r41="1824.619" r42="-2.248968" r43="1498.582" r44="1"></containerEntry>
        </property>
        <property name="colors" type="UInt32" container="DynamicArray" arraySize="13">
          <containerEntry>4294967295</containerEntry>
          <containerEntry>4294967295</containerEntry>
          <containerEntry>4294967295</containerEntry>
          <containerEntry>4294967295</containerEntry>
          <containerEntry>4294967295</containerEntry>
          <containerEntry>4294967295</containerEntry>
          <containerEntry>4294967295</containerEntry>
          <containerEntry>4294967295</containerEntry>
          <containerEntry>4294967295</containerEntry>
          <containerEntry>4294967295</containerEntry>
          <containerEntry>4294967295</containerEntry>
          <containerEntry>4294967295</containerEntry>
          <containerEntry>4294967295</containerEntry>
        </property>
      </staticProperties>
      <dynamicProperties></dynamicProperties>
    </entity>
    <entity class="StaticModelArray" classVersion="4" classID="0xD0" addr="0x317CCD0" id="0x0">
      <staticProperties>
        <property name="name" type="String" container="StaticArray" arraySize="1">
          <containerEntry>StaticModelArray0004</containerEntry>
        </property>
        <property name="dataSet" type="EntityHandle" container="StaticArray" arraySize="1">
          <containerEntry>0x33048B0</containerEntry>
        </property>
        <property name="modelFile" type="FilePtr" container="StaticArray" arraySize="1">
          <containerEntry>/Assets/tpp/environ/object/middle_africa/rock/mafr_rock010/scenes/mafr_rock010.fmdl</containerEntry>
        </property>
        <property name="geomFile" type="FilePtr" container="StaticArray" arraySize="1">
          <containerEntry>/Assets/tpp/environ/object/middle_africa/rock/mafr_rock010/scenes/mafr_rock010.geom</containerEntry>
        </property>
        <property name="isVisibleGeom" type="Bool" container="StaticArray" arraySize="1">
          <containerEntry>false</containerEntry>
        </property>
        <property name="lodFarSize" type="Float" container="StaticArray" arraySize="1">
          <containerEntry>-1</containerEntry>
        </property>
        <property name="lodNearSize" type="Float" container="StaticArray" arraySize="1">
          <containerEntry>-1</containerEntry>
        </property>
        <property name="lodPolygonSize" type="Float" container="StaticArray" arraySize="1">
          <containerEntry>-1</containerEntry>
        </property>
        <property name="drawRejectionLevel" type="Int32" container="StaticArray" arraySize="1">
          <containerEntry>8</containerEntry>
        </property>
        <property name="drawMode" type="Int32" container="StaticArray" arraySize="1">
          <containerEntry>0</containerEntry>
        </property>
        <property name="rejectFarRangeShadowCast" type="Int32" container="StaticArray" arraySize="1">
          <containerEntry>2</containerEntry>
        </property>
        <property name="parentLocator" type="EntityLink" container="StaticArray" arraySize="1">
          <containerEntry packagePathHash="0xB8A0BF169F98" archivePathHash="0xB8A0BF169F98" nameInArchiveHash="0xB8A0BF169F98">0x0</containerEntry>
        </property>
        <property name="transforms" type="Matrix4" container="DynamicArray" arraySize="3">
          <containerEntry r11="0.9990033" r12="-0.042837314" r13="-0.012548442" r14="0" r21="0.04312317" r22="0.998794" r23="0.023471538" r24="0" r31="0.01152785" r32="-0.023989271" r33="0.99964577" r34="0" r41="1851.4102" r42="-3.635345" r43="1469.0796" r44="1"></containerEntry>
          <containerEntry r11="-0.37180486" r12="-0.0057618227" r13="0.92829055" r14="0" r21="0.04312352" r22="0.99879396" r23="0.023471609" r24="0" r31="-0.92730623" r32="0.048758134" r33="-0.371108" r34="0" r41="1835.2012" r42="-3.635345" r43="1460.8665" r44="1"></containerEntry>
          <containerEntry r11="-0.93274915" r12="0.048666384" r13="-0.35721758" r14="0" r21="0.043123532" r22="0.998794" r23="0.023470594" r24="0" r31="0.35792902" r32="0.00648774" r33="-0.9337229" r34="0" r41="1844.2556" r42="-3.635345" r43="1454.6212" r44="1"></containerEntry>
        </property>
        <property name="colors" type="UInt32" container="DynamicArray" arraySize="3">
          <containerEntry>4294967295</containerEntry>
          <containerEntry>4294967295</containerEntry>
          <containerEntry>4294967295</containerEntry>
        </property>
      </staticProperties>
      <dynamicProperties></dynamicProperties>
    </entity>
    <entity class="StaticModelArray" classVersion="4" classID="0xD0" addr="0x317CDB0" id="0x0">
      <staticProperties>
        <property name="name" type="String" container="StaticArray" arraySize="1">
          <containerEntry>StaticModelArray0005</containerEntry>
        </property>
        <property name="dataSet" type="EntityHandle" container="StaticArray" arraySize="1">
          <containerEntry>0x33048B0</containerEntry>
        </property>
        <property name="modelFile" type="FilePtr" container="StaticArray" arraySize="1">
          <containerEntry>/Assets/tpp/environ/object/middle_africa/cliff/mafr_clff003/scenes/mafr_clff003_vrtn001.fmdl</containerEntry>
        </property>
        <property name="geomFile" type="FilePtr" container="StaticArray" arraySize="1">
          <containerEntry>/Assets/tpp/environ/object/middle_africa/cliff/mafr_clff003/scenes/mafr_clff003_vrtn001.geom</containerEntry>
        </property>
        <property name="isVisibleGeom" type="Bool" container="StaticArray" arraySize="1">
          <containerEntry>false</containerEntry>
        </property>
        <property name="lodFarSize" type="Float" container="StaticArray" arraySize="1">
          <containerEntry>-1</containerEntry>
        </property>
        <property name="lodNearSize" type="Float" container="StaticArray" arraySize="1">
          <containerEntry>-1</containerEntry>
        </property>
        <property name="lodPolygonSize" type="Float" container="StaticArray" arraySize="1">
          <containerEntry>-1</containerEntry>
        </property>
        <property name="drawRejectionLevel" type="Int32" container="StaticArray" arraySize="1">
          <containerEntry>5</containerEntry>
        </property>
        <property name="drawMode" type="Int32" container="StaticArray" arraySize="1">
          <containerEntry>0</containerEntry>
        </property>
        <property name="rejectFarRangeShadowCast" type="Int32" container="StaticArray" arraySize="1">
          <containerEntry>2</containerEntry>
        </property>
        <property name="parentLocator" type="EntityLink" container="StaticArray" arraySize="1">
          <containerEntry packagePathHash="0xB8A0BF169F98" archivePathHash="0xB8A0BF169F98" nameInArchiveHash="0xB8A0BF169F98">0x0</containerEntry>
        </property>
        <property name="transforms" type="Matrix4" container="DynamicArray" arraySize="6">
          <containerEntry r11="-0.5455871" r12="-0.08964632" r13="-0.8332433" r14="0" r21="-0.28227094" r22="0.9558246" r23="0.08199011" r24="0" r31="0.78908426" r32="0.27993357" r33="-0.54679006" r34="0" r41="1866.8606" r42="-9.759193" r43="1423.7579" r44="1"></containerEntry>
          <containerEntry r11="0.0025603548" r12="-0.22032885" r13="-0.97542167" r14="0" r21="-0.66013664" r22="0.7532162" r23="-0.17186917" r24="0" r31="0.76025784" r32="0.6340823" r33="-0.14123118" r34="0" r41="1845.9794" r42="-7.259837" r43="1423.774" r44="1"></containerEntry>
          <containerEntry r11="-0.59928143" r12="0.15363747" r13="0.78565466" r14="0" r21="0.6263386" r22="0.70118725" r23="0.3406401" r24="0" r31="-0.49855563" r32="0.6962265" r33="-0.51643705" r34="0" r41="1839.3389" r42="-5.708186" r43="1423.7579" r44="1"></containerEntry>
          <containerEntry r11="0.5741464" r12="0.1258191" r13="0.80902684" r14="0" r21="0.445508" r22="0.7810264" r23="-0.43762973" r24="0" r31="-0.6869334" r32="0.6116917" r33="0.39237016" r34="0" r41="1832.6926" r42="-5.708186" r43="1424.6135" r44="1"></containerEntry>
          <containerEntry r11="-0.97936976" r12="0.15390843" r13="0.13092653" r14="0" r21="0.18588573" r22="0.94028556" r23="0.285148" r24="0" r31="-0.07922158" r32="0.3036035" r33="-0.9494965" r34="0" r41="1836.797" r42="-7.017481" r43="1419.1024" r44="1"></containerEntry>
          <containerEntry r11="0.63061094" r12="-0.075165175" r13="0.39897403" r14="0" r21="0.3615492" r22="0.43926296" r23="-0.48870322" r24="0" r31="-0.184695" r32="0.6032404" r33="0.40557316" r34="0" r41="1842.3966" r42="-7.869582" r43="1415.0875" r44="1"></containerEntry>
        </property>
        <property name="colors" type="UInt32" container="DynamicArray" arraySize="6">
          <containerEntry>4294967295</containerEntry>
          <containerEntry>4294967295</containerEntry>
          <containerEntry>4294967295</containerEntry>
          <containerEntry>4294967295</containerEntry>
          <containerEntry>4294967295</containerEntry>
          <containerEntry>4294967295</containerEntry>
        </property>
      </staticProperties>
      <dynamicProperties></dynamicProperties>
    </entity>
    <entity class="StaticModelArray" classVersion="4" classID="0xD0" addr="0x317C790" id="0x0">
      <staticProperties>
        <property name="name" type="String" container="StaticArray" arraySize="1">
          <containerEntry>StaticModelArray0006</containerEntry>
        </property>
        <property name="dataSet" type="EntityHandle" container="StaticArray" arraySize="1">
          <containerEntry>0x33048B0</containerEntry>
        </property>
        <property name="modelFile" type="FilePtr" container="StaticArray" arraySize="1">
          <containerEntry>/Assets/tpp/environ/object/middle_africa/rock/mafr_rock002/scenes/mafr_rock002.fmdl</containerEntry>
        </property>
        <property name="geomFile" type="FilePtr" container="StaticArray" arraySize="1">
          <containerEntry>/Assets/tpp/environ/object/middle_africa/rock/mafr_rock002/scenes/mafr_rock002.geom</containerEntry>
        </property>
        <property name="isVisibleGeom" type="Bool" container="StaticArray" arraySize="1">
          <containerEntry>false</containerEntry>
        </property>
        <property name="lodFarSize" type="Float" container="StaticArray" arraySize="1">
          <containerEntry>-1</containerEntry>
        </property>
        <property name="lodNearSize" type="Float" container="StaticArray" arraySize="1">
          <containerEntry>-1</containerEntry>
        </property>
        <property name="lodPolygonSize" type="Float" container="StaticArray" arraySize="1">
          <containerEntry>-1</containerEntry>
        </property>
        <property name="drawRejectionLevel" type="Int32" container="StaticArray" arraySize="1">
          <containerEntry>8</containerEntry>
        </property>
        <property name="drawMode" type="Int32" container="StaticArray" arraySize="1">
          <containerEntry>0</containerEntry>
        </property>
        <property name="rejectFarRangeShadowCast" type="Int32" container="StaticArray" arraySize="1">
          <containerEntry>2</containerEntry>
        </property>
        <property name="parentLocator" type="EntityLink" container="StaticArray" arraySize="1">
          <containerEntry packagePathHash="0xB8A0BF169F98" archivePathHash="0xB8A0BF169F98" nameInArchiveHash="0xB8A0BF169F98">0x0</containerEntry>
        </property>
        <property name="transforms" type="Matrix4" container="DynamicArray" arraySize="19">
          <containerEntry r11="-0.6496538" r12="0.056441046" r13="-0.75813" r14="0" r21="-0.025015324" r22="0.99511313" r23="0.0955199" r24="0" r31="0.75981635" r32="0.08101991" r33="-0.6450671" r34="0" r41="1899.7458" r42="-11.127383" r43="1451.1735" r44="1"></containerEntry>
          <containerEntry r11="0.9777331" r12="-1.3215454e-06" r13="-0.20984755" r14="0" r21="-0.0062932903" r22="0.99955004" r23="-0.029328333" r24="0" r31="0.20975317" r32="0.029995913" r33="0.97729313" r34="0" r41="1821.3698" r42="-3.636794" r43="1506.4808" r44="1"></containerEntry>
          <containerEntry r11="-0.1407113" r12="-1.2759119e-06" r13="0.9900509" r14="0" r21="0.029696165" r22="0.99955004" r23="0.0042218594" r24="0" r31="-0.9896054" r32="0.02999477" r33="-0.14064795" r34="0" r41="1815.1318" r42="-3.028424" r43="1512.7466" r44="1"></containerEntry>
          <containerEntry r11="0.770928" r12="-1.5888347e-06" r13="0.63692045" r14="0" r21="0.019105904" r22="0.99955004" r23="-0.02312326" r24="0" r31="-0.6366339" r32="0.029995315" r33="0.7705812" r34="0" r41="1829.9349" r42="-1.965284" r43="1511.8215" r44="1"></containerEntry>
          <containerEntry r11="-0.85962147" r12="0.049140792" r13="0.50856674" r14="0" r21="0.019196246" r22="0.9977676" r23="-0.063963406" r24="0" r31="-0.5105746" r32="-0.04522163" r33="-0.8586458" r34="0" r41="1821.1512" r42="-1.356915" r43="1510.8132" r44="1"></containerEntry>
          <containerEntry r11="0.65517694" r12="0.05644069" r13="-0.75336367" r14="0" r21="-0.09814822" r22="0.99511313" r23="-0.010804255" r24="0" r31="0.74907225" r32="0.08102009" r33="0.6575148" r34="0" r41="1839.2374" r42="-2.382483" r43="1456.6974" r44="1"></containerEntry>
          <containerEntry r11="1" r12="0" r13="0" r14="0" r21="0" r22="1" r23="0" r24="0" r31="0" r32="0" r33="1" r34="0" r41="1818.0863" r42="0.511484" r43="1440.8994" r44="1"></containerEntry>
          <containerEntry r11="-0.9714043" r12="0.039831944" r13="0.2340546" r14="0" r21="0.016375683" r22="0.99471927" r23="-0.101318724" r24="0" r31="-0.23685434" r32="-0.09458891" r33="-0.9669268" r34="0" r41="1858.9127" r42="-5.917501" r43="1418.8077" r44="1"></containerEntry>
