<fox formatVersion="2" fileVersion="0">
  <entities>
    <entity class="DataSet" classVersion="0" classID="0xE8" addr="0x3304D10" id="0x35AF6">
      <staticProperties>
        <property name="name" type="String" container="StaticArray" arraySize="1">
          <containerEntry hash="0xB8A0BF169F98"></containerEntry>
        </property>
        <property name="dataSet" type="EntityHandle" container="StaticArray" arraySize="1">
          <containerEntry>0x0</containerEntry>
        </property>
        <property name="dataList" type="EntityPtr" container="StringMap" arraySize="11">
          <containerEntry key="mafr_clff015_wall002_0004">
            <data>0x3304D80</data>
          </containerEntry>
          <containerEntry key="mafr_rock007_0000">
            <data>0x3176FA0</data>
          </containerEntry>
          <containerEntry key="mafr_clff004_grnd001_0008">
            <data>0x3177390</data>
          </containerEntry>
          <containerEntry key="mafr_ston002_0006">
            <data>0x3177470</data>
          </containerEntry>
          <containerEntry key="StaticModelArray0000">
            <data>0x317C950</data>
          </containerEntry>
          <containerEntry key="StaticModelArray0001">
            <data>0x317C9C0</data>
          </containerEntry>
          <containerEntry key="StaticModelArray0002">
            <data>0x3304760</data>
          </containerEntry>
          <containerEntry key="StaticModelArray0003">
            <data>0x317C8E0</data>
          </containerEntry>
          <containerEntry key="StaticModelArray0004">
            <data>0x317C1E0</data>
          </containerEntry>
          <containerEntry key="GeoxGeomSetLoader0000">
            <data>0x317C250</data>
          </containerEntry>
          <containerEntry key="TexturePackLoadConditioner0000">
            <data>0x317D0C0</data>
          </containerEntry>
        </property>
      </staticProperties>
      <dynamicProperties></dynamicProperties>
    </entity>
    <entity class="StaticModel" classVersion="9" classID="0x160" addr="0x3304D80" id="0x35AF8">
      <staticProperties>
        <property name="name" type="String" container="StaticArray" arraySize="1">
          <containerEntry>mafr_clff015_wall002_0004</containerEntry>
        </property>
        <property name="dataSet" type="EntityHandle" container="StaticArray" arraySize="1">
          <containerEntry>0x3304D10</containerEntry>
        </property>
        <property name="parent" type="EntityHandle" container="StaticArray" arraySize="1">
          <containerEntry>0x0</containerEntry>
        </property>
        <property name="transform" type="EntityPtr" container="StaticArray" arraySize="1">
          <containerEntry>0x3304DF0</containerEntry>
        </property>
        <property name="shearTransform" type="EntityPtr" container="StaticArray" arraySize="1">
          <containerEntry>0x0</containerEntry>
        </property>
        <property name="pivotTransform" type="EntityPtr" container="StaticArray" arraySize="1">
          <containerEntry>0x0</containerEntry>
        </property>
        <property name="children" type="EntityHandle" container="List"></property>
        <property name="flags" type="UInt32" container="StaticArray" arraySize="1">
          <containerEntry>2147483653</containerEntry>
        </property>
        <property name="modelFile" type="FilePtr" container="StaticArray" arraySize="1">
          <containerEntry>/Assets/tpp/environ/object/middle_africa/cliff/mafr_clff015/scenes/mafr_clff015_wall002.fmdl</containerEntry>
        </property>
        <property name="geomFile" type="FilePtr" container="StaticArray" arraySize="1">
          <containerEntry>/Assets/tpp/environ/object/middle_africa/cliff/mafr_clff015/scenes/mafr_clff015_wall002.geom</containerEntry>
        </property>
        <property name="isVisibleGeom" type="Bool" container="StaticArray" arraySize="1">
          <containerEntry>false</containerEntry>
        </property>
        <property name="isIsolated" type="Bool" container="StaticArray" arraySize="1">
          <containerEntry>false</containerEntry>
        </property>
        <property name="lodFarSize" type="Float" container="StaticArray" arraySize="1">
          <containerEntry>-1</containerEntry>
        </property>
        <property name="lodNearSize" type="Float" container="StaticArray" arraySize="1">
          <containerEntry>-1</containerEntry>
        </property>
        <property name="lodPolygonSize" type="Float" container="StaticArray" arraySize="1">
          <containerEntry>-1</containerEntry>
        </property>
        <property name="color" type="Color" container="StaticArray" arraySize="1">
          <containerEntry r="1" g="1" b="1" a="1"></containerEntry>
        </property>
        <property name="drawRejectionLevel" type="Int32" container="StaticArray" arraySize="1">
          <containerEntry>8</containerEntry>
        </property>
        <property name="drawMode" type="Int32" container="StaticArray" arraySize="1">
          <containerEntry>0</containerEntry>
        </property>
        <property name="rejectFarRangeShadowCast" type="Int32" container="StaticArray" arraySize="1">
          <containerEntry>2</containerEntry>
        </property>
      </staticProperties>
      <dynamicProperties></dynamicProperties>
    </entity>
    <entity class="TransformEntity" classVersion="0" classID="0x50" addr="0x3304DF0" id="0x35AFB">
      <staticProperties>
        <property name="owner" type="EntityHandle" container="StaticArray" arraySize="1">
          <containerEntry>0x3304D80</containerEntry>
        </property>
        <property name="transform_scale" type="Vector3" container="StaticArray" arraySize="1">
          <containerEntry x="0.7" y="0.7" z="0.7" w="0"></containerEntry>
        </property>
        <property name="transform_rotation_quat" type="Quat" container="StaticArray" arraySize="1">
          <containerEntry x="0.000705" y="-0.977968" z="-0.025706" w="0.207163"></containerEntry>
        </property>
        <property name="transform_translation" type="Vector3" container="StaticArray" arraySize="1">
          <containerEntry x="103.26419" y="1.569166" z="-728.26135" w="0"></containerEntry>
        </property>
      </staticProperties>
      <dynamicProperties></dynamicProperties>
    </entity>
    <entity class="StaticModel" classVersion="9" classID="0x160" addr="0x3176FA0" id="0x35C38">
      <staticProperties>
        <property name="name" type="String" container="StaticArray" arraySize="1">
          <containerEntry>mafr_rock007_0000</containerEntry>
        </property>
        <property name="dataSet" type="EntityHandle" container="StaticArray" arraySize="1">
          <containerEntry>0x3304D10</containerEntry>
        </property>
        <property name="parent" type="EntityHandle" container="StaticArray" arraySize="1">
          <containerEntry>0x0</containerEntry>
        </property>
        <property name="transform" type="EntityPtr" container="StaticArray" arraySize="1">
          <containerEntry>0x3177010</containerEntry>
        </property>
        <property name="shearTransform" type="EntityPtr" container="StaticArray" arraySize="1">
          <containerEntry>0x0</containerEntry>
        </property>
        <property name="pivotTransform" type="EntityPtr" container="StaticArray" arraySize="1">
          <containerEntry>0x0</containerEntry>
        </property>
        <property name="children" type="EntityHandle" container="List"></property>
        <property name="flags" type="UInt32" container="StaticArray" arraySize="1">
          <containerEntry>7</containerEntry>
        </property>
        <property name="modelFile" type="FilePtr" container="StaticArray" arraySize="1">
          <containerEntry>/Assets/tpp/environ/object/middle_africa/rock/mafr_rock007/scenes/mafr_rock007.fmdl</containerEntry>
        </property>
        <property name="geomFile" type="FilePtr" container="StaticArray" arraySize="1">
          <containerEntry>/Assets/tpp/environ/object/middle_africa/rock/mafr_rock007/scenes/mafr_rock007.geom</containerEntry>
        </property>
        <property name="isVisibleGeom" type="Bool" container="StaticArray" arraySize="1">
          <containerEntry>false</containerEntry>
        </property>
        <property name="isIsolated" type="Bool" container="StaticArray" arraySize="1">
          <containerEntry>false</containerEntry>
        </property>
        <property name="lodFarSize" type="Float" container="StaticArray" arraySize="1">
          <containerEntry>-1</containerEntry>
        </property>
        <property name="lodNearSize" type="Float" container="StaticArray" arraySize="1">
          <containerEntry>-1</containerEntry>
        </property>
        <property name="lodPolygonSize" type="Float" container="StaticArray" arraySize="1">
          <containerEntry>-1</containerEntry>
        </property>
        <property name="color" type="Color" container="StaticArray" arraySize="1">
          <containerEntry r="1" g="1" b="1" a="1"></containerEntry>
        </property>
        <property name="drawRejectionLevel" type="Int32" container="StaticArray" arraySize="1">
          <containerEntry>8</containerEntry>
        </property>
        <property name="drawMode" type="Int32" container="StaticArray" arraySize="1">
          <containerEntry>0</containerEntry>
        </property>
        <property name="rejectFarRangeShadowCast" type="Int32" container="StaticArray" arraySize="1">
          <containerEntry>2</containerEntry>
        </property>
      </staticProperties>
      <dynamicProperties></dynamicProperties>
    </entity>
    <entity class="TransformEntity" classVersion="0" classID="0x50" addr="0x3177010" id="0x35C3B">
      <staticProperties>
        <property name="owner" type="EntityHandle" container="StaticArray" arraySize="1">
          <containerEntry>0x3176FA0</containerEntry>
        </property>
        <property name="transform_scale" type="Vector3" container="StaticArray" arraySize="1">
          <containerEntry x="1" y="1" z="1" w="0"></containerEntry>
        </property>
        <property name="transform_rotation_quat" type="Quat" container="StaticArray" arraySize="1">
          <containerEntry x="0.663203" y="-0.170991" z="-0.234943" w="0.689728"></containerEntry>
        </property>
        <property name="transform_translation" type="Vector3" container="StaticArray" arraySize="1">
          <containerEntry x="30.661512" y="20.101208" z="-637.9462" w="0"></containerEntry>
        </property>
      </staticProperties>
      <dynamicProperties></dynamicProperties>
    </entity>
    <entity class="StaticModel" classVersion="9" classID="0x160" addr="0x3177390" id="0x35C4D">
      <staticProperties>
        <property name="name" type="String" container="StaticArray" arraySize="1">
          <containerEntry>mafr_clff004_grnd001_0008</containerEntry>
        </property>
        <property name="dataSet" type="EntityHandle" container="StaticArray" arraySize="1">
          <containerEntry>0x3304D10</containerEntry>
        </property>
        <property name="parent" type="EntityHandle" container="StaticArray" arraySize="1">
          <containerEntry>0x0</containerEntry>
        </property>
        <property name="transform" type="EntityPtr" container="StaticArray" arraySize="1">
          <containerEntry>0x3177400</containerEntry>
        </property>
        <property name="shearTransform" type="EntityPtr" container="StaticArray" arraySize="1">
          <containerEntry>0x0</containerEntry>
        </property>
        <property name="pivotTransform" type="EntityPtr" container="StaticArray" arraySize="1">
          <containerEntry>0x0</containerEntry>
        </property>
        <property name="children" type="EntityHandle" container="List"></property>
        <property name="flags" type="UInt32" container="StaticArray" arraySize="1">
          <containerEntry>7</containerEntry>
        </property>
        <property name="modelFile" type="FilePtr" container="StaticArray" arraySize="1">
          <containerEntry>/Assets/tpp/environ/object/middle_africa/cliff/mafr_clff004/scenes/mafr_clff004_grnd001.fmdl</containerEntry>
        </property>
        <property name="geomFile" type="FilePtr" container="StaticArray" arraySize="1">
          <containerEntry>/Assets/tpp/environ/object/middle_africa/cliff/mafr_clff004/scenes/mafr_clff004_grnd001.geom</containerEntry>
        </property>
        <property name="isVisibleGeom" type="Bool" container="StaticArray" arraySize="1">
          <containerEntry>false</containerEntry>
        </property>
        <property name="isIsolated" type="Bool" container="StaticArray" arraySize="1">
          <containerEntry>false</containerEntry>
        </property>
        <property name="lodFarSize" type="Float" container="StaticArray" arraySize="1">
          <containerEntry>-1</containerEntry>
        </property>
        <property name="lodNearSize" type="Float" container="StaticArray" arraySize="1">
          <containerEntry>-1</containerEntry>
        </property>
        <property name="lodPolygonSize" type="Float" container="StaticArray" arraySize="1">
          <containerEntry>-1</containerEntry>
        </property>
        <property name="color" type="Color" container="StaticArray" arraySize="1">
          <containerEntry r="1" g="1" b="1" a="1"></containerEntry>
        </property>
        <property name="drawRejectionLevel" type="Int32" container="StaticArray" arraySize="1">
          <containerEntry>8</containerEntry>
        </property>
        <property name="drawMode" type="Int32" container="StaticArray" arraySize="1">
          <containerEntry>0</containerEntry>
        </property>
        <property name="rejectFarRangeShadowCast" type="Int32" container="StaticArray" arraySize="1">
          <containerEntry>2</containerEntry>
        </property>
      </staticProperties>
      <dynamicProperties></dynamicProperties>
    </entity>
    <entity class="TransformEntity" classVersion="0" classID="0x50" addr="0x3177400" id="0x35C50">
      <staticProperties>
        <property name="owner" type="EntityHandle" container="StaticArray" arraySize="1">
          <containerEntry>0x3177390</containerEntry>
        </property>
        <property name="transform_scale" type="Vector3" container="StaticArray" arraySize="1">
          <containerEntry x="0.8" y="0.8" z="0.8" w="0"></containerEntry>
        </property>
        <property name="transform_rotation_quat" type="Quat" container="StaticArray" arraySize="1">
          <containerEntry x="0.158726" y="0.94801" z="0.150911" w="-0.230874"></containerEntry>
        </property>
        <property name="transform_translation" type="Vector3" container="StaticArray" arraySize="1">
          <containerEntry x="132.15205" y="6.160511" z="-676.7437" w="0"></containerEntry>
        </property>
      </staticProperties>
      <dynamicProperties></dynamicProperties>
    </entity>
    <entity class="StaticModel" classVersion="9" classID="0x160" addr="0x3177470" id="0x35C52">
      <staticProperties>
        <property name="name" type="String" container="StaticArray" arraySize="1">
          <containerEntry>mafr_ston002_0006</containerEntry>
        </property>
        <property name="dataSet" type="EntityHandle" container="StaticArray" arraySize="1">
          <containerEntry>0x3304D10</containerEntry>
        </property>
        <property name="parent" type="EntityHandle" container="StaticArray" arraySize="1">
          <containerEntry>0x0</containerEntry>
        </property>
        <property name="transform" type="EntityPtr" container="StaticArray" arraySize="1">
          <containerEntry>0x31774E0</containerEntry>
        </property>
        <property name="shearTransform" type="EntityPtr" container="StaticArray" arraySize="1">
          <containerEntry>0x0</containerEntry>
        </property>
        <property name="pivotTransform" type="EntityPtr" container="StaticArray" arraySize="1">
          <containerEntry>0x0</containerEntry>
        </property>
        <property name="children" type="EntityHandle" container="List"></property>
        <property name="flags" type="UInt32" container="StaticArray" arraySize="1">
          <containerEntry>7</containerEntry>
        </property>
        <property name="modelFile" type="FilePtr" container="StaticArray" arraySize="1">
          <containerEntry>/Assets/tpp/environ/object/middle_africa/stone/mafr_ston002/scenes/mafr_ston002.fmdl</containerEntry>
        </property>
        <property name="geomFile" type="FilePtr" container="StaticArray" arraySize="1">
          <containerEntry>/Assets/tpp/environ/object/middle_africa/stone/mafr_ston002/scenes/mafr_ston002.geom</containerEntry>
        </property>
        <property name="isVisibleGeom" type="Bool" container="StaticArray" arraySize="1">
          <containerEntry>false</containerEntry>
        </property>
        <property name="isIsolated" type="Bool" container="StaticArray" arraySize="1">
          <containerEntry>false</containerEntry>
        </property>
        <property name="lodFarSize" type="Float" container="StaticArray" arraySize="1">
          <containerEntry>-1</containerEntry>
        </property>
        <property name="lodNearSize" type="Float" container="StaticArray" arraySize="1">
          <containerEntry>-1</containerEntry>
        </property>
        <property name="lodPolygonSize" type="Float" container="StaticArray" arraySize="1">
          <containerEntry>-1</containerEntry>
        </property>
        <property name="color" type="Color" container="StaticArray" arraySize="1">
          <containerEntry r="1" g="1" b="1" a="1"></containerEntry>
        </property>
        <property name="drawRejectionLevel" type="Int32" container="StaticArray" arraySize="1">
          <containerEntry>8</containerEntry>
        </property>
        <property name="drawMode" type="Int32" container="StaticArray" arraySize="1">
          <containerEntry>0</containerEntry>
        </property>
        <property name="rejectFarRangeShadowCast" type="Int32" container="StaticArray" arraySize="1">
          <containerEntry>2</containerEntry>
        </property>
      </staticProperties>
      <dynamicProperties></dynamicProperties>
    </entity>
    <entity class="TransformEntity" classVersion="0" classID="0x50" addr="0x31774E0" id="0x35C55">
      <staticProperties>
        <property name="owner" type="EntityHandle" container="StaticArray" arraySize="1">
          <containerEntry>0x3177470</containerEntry>
        </property>
        <property name="transform_scale" type="Vector3" container="StaticArray" arraySize="1">
          <containerEntry x="1" y="1" z="1" w="0"></containerEntry>
        </property>
        <property name="transform_rotation_quat" type="Quat" container="StaticArray" arraySize="1">
          <containerEntry x="-0.073313" y="-0.607299" z="-0.068353" w="0.788125"></containerEntry>
        </property>
        <property name="transform_translation" type="Vector3" container="StaticArray" arraySize="1">
          <containerEntry x="135.14821" y="6.532228" z="-676.9616" w="0"></containerEntry>
        </property>
      </staticProperties>
      <dynamicProperties></dynamicProperties>
    </entity>
    <entity class="StaticModelArray" classVersion="4" classID="0xD0" addr="0x317C950" id="0x0">
      <staticProperties>
        <property name="name" type="String" container="StaticArray" arraySize="1">
          <containerEntry>StaticModelArray0000</containerEntry>
        </property>
        <property name="dataSet" type="EntityHandle" container="StaticArray" arraySize="1">
          <containerEntry>0x3304D10</containerEntry>
        </property>
        <property name="modelFile" type="FilePtr" container="StaticArray" arraySize="1">
          <containerEntry>/Assets/tpp/environ/object/middle_africa/cliff/mafr_clff003/scenes/mafr_clff003.fmdl</containerEntry>
        </property>
        <property name="geomFile" type="FilePtr" container="StaticArray" arraySize="1">
          <containerEntry>/Assets/tpp/environ/object/middle_africa/cliff/mafr_clff003/scenes/mafr_clff003.geom</containerEntry>
        </property>
        <property name="isVisibleGeom" type="Bool" container="StaticArray" arraySize="1">
          <containerEntry>false</containerEntry>
        </property>
        <property name="lodFarSize" type="Float" container="StaticArray" arraySize="1">
          <containerEntry>-1</containerEntry>
        </property>
        <property name="lodNearSize" type="Float" container="StaticArray" arraySize="1">
          <containerEntry>-1</containerEntry>
        </property>
        <property name="lodPolygonSize" type="Float" container="StaticArray" arraySize="1">
          <containerEntry>-1</containerEntry>
        </property>
        <property name="drawRejectionLevel" type="Int32" container="StaticArray" arraySize="1">
          <containerEntry>8</containerEntry>
        </property>
        <property name="drawMode" type="Int32" container="StaticArray" arraySize="1">
          <containerEntry>0</containerEntry>
        </property>
        <property name="rejectFarRangeShadowCast" type="Int32" container="StaticArray" arraySize="1">
          <containerEntry>2</containerEntry>
        </property>
        <property name="parentLocator" type="EntityLink" container="StaticArray" arraySize="1">
          <containerEntry packagePathHash="0xB8A0BF169F98" archivePathHash="0xB8A0BF169F98" nameInArchiveHash="0xB8A0BF169F98">0x0</containerEntry>
        </property>
        <property name="transforms" type="Matrix4" container="DynamicArray" arraySize="4">
          <containerEntry r11="0.5756559" r12="0.0047593587" r13="-0.81767845" r14="0" r21="-0.0023733624" r22="0.9999886" r23="0.0041496325" r24="0" r31="0.8176888" r32="-0.0004481146" r33="0.5756606" r34="0" r41="46.565018" r42="24.52502" r43="-731.1478" r44="1"></containerEntry>
          <containerEntry r11="0.089604706" r12="0.005417949" r13="-1.1302844" r14="0" r21="-0.0005629957" r22="0.99998856" r23="0.00474875" r24="0" r31="0.9968719" r32="0.00018594926" r33="0.07902914" r34="0" r41="15.395344" r42="28.307981" r43="-679.6255" r44="1"></containerEntry>
          <containerEntry r11="0.56133515" r12="0.04219669" r13="-0.8265121" r14="0" r21="-0.556569" r22="0.7583655" r23="-0.33928254" r24="0" r31="0.6124816" r32="0.65046227" r33="0.44918254" r34="0" r41="19.570984" r42="23.192589" r43="-772.07074" r44="1"></containerEntry>
          <containerEntry r11="0.5756559" r12="0.0047593587" r13="-0.81767845" r14="0" r21="-0.0023733624" r22="0.9999886" r23="0.0041496325" r24="0" r31="0.8176888" r32="-0.0004481146" r33="0.5756606" r34="0" r41="55.55064" r42="24.730133" r43="-753.9347" r44="1"></containerEntry>
        </property>
        <property name="colors" type="UInt32" container="DynamicArray" arraySize="4">
          <containerEntry>4294967295</containerEntry>
          <containerEntry>4294967295</containerEntry>
          <containerEntry>4294967295</containerEntry>
          <containerEntry>4294967295</containerEntry>
        </property>
      </staticProperties>
      <dynamicProperties></dynamicProperties>
    </entity>
    <entity class="StaticModelArray" classVersion="4" classID="0xD0" addr="0x317C9C0" id="0x0">
      <staticProperties>
        <property name="name" type="String" container="StaticArray" arraySize="1">
          <containerEntry>StaticModelArray0001</containerEntry>
        </property>
        <property name="dataSet" type="EntityHandle" container="StaticArray" arraySize="1">
          <containerEntry>0x3304D10</containerEntry>
        </property>
        <property name="modelFile" type="FilePtr" container="StaticArray" arraySize="1">
          <containerEntry>/Assets/tpp/environ/object/middle_africa/rock/mafr_rock002/scenes/mafr_rock002.fmdl</containerEntry>
        </property>
        <property name="geomFile" type="FilePtr" container="StaticArray" arraySize="1">
          <containerEntry>/Assets/tpp/environ/object/middle_africa/rock/mafr_rock002/scenes/mafr_rock002.geom</containerEntry>
        </property>
        <property name="isVisibleGeom" type="Bool" container="StaticArray" arraySize="1">
          <containerEntry>false</containerEntry>
        </property>
        <property name="lodFarSize" type="Float" container="StaticArray" arraySize="1">
          <containerEntry>-1</containerEntry>
        </property>
        <property name="lodNearSize" type="Float" container="StaticArray" arraySize="1">
          <containerEntry>-1</containerEntry>
        </property>
        <property name="lodPolygonSize" type="Float" container="StaticArray" arraySize="1">
          <containerEntry>-1</containerEntry>
        </property>
        <property name="drawRejectionLevel" type="Int32" container="StaticArray" arraySize="1">
          <containerEntry>8</containerEntry>
        </property>
        <property name="drawMode" type="Int32" container="StaticArray" arraySize="1">
          <containerEntry>0</containerEntry>
        </property>
        <property name="rejectFarRangeShadowCast" type="Int32" container="StaticArray" arraySize="1">
          <containerEntry>2</containerEntry>
        </property>
        <property name="parentLocator" type="EntityLink" container="StaticArray" arraySize="1">
          <containerEntry packagePathHash="0xB8A0BF169F98" archivePathHash="0xB8A0BF169F98" nameInArchiveHash="0xB8A0BF169F98">0x0</containerEntry>
        </property>
        <property name="transforms" type="Matrix4" container="DynamicArray" arraySize="21">
          <containerEntry r11="-0.14163987" r12="-0.07835745" r13="-0.986812" r14="0" r21="-0.13530356" r22="0.9890392" r23="-0.059113774" r24="0" r31="0.9806278" r32="0.12514631" r33="-0.15068942" r34="0" r41="95.26027" r42="10.9828" r43="-701.1558" r44="1"></containerEntry>
          <containerEntry r11="0.88663435" r12="-0.14958195" r13="0.43761238" r14="0" r21="0.16068228" r22="0.9869357" r23="0.011794364" r24="0" r31="-0.43365952" r32="0.059859313" r33="0.8990863" r34="0" r41="86.94629" r42="11.730948" r43="-701.0231" r44="1"></containerEntry>
          <containerEntry r11="-0.040855926" r12="-0.05995653" r13="-0.9973647" r14="0" r21="0.0026068557" r22="0.99818814" r23="-0.060112827" r24="0" r31="0.9991618" r32="-0.0050559416" r33="-0.04062563" r34="0" r41="109.96897" r42="7.52283" r43="-677.88965" r44="1"></containerEntry>
          <containerEntry r11="0.3288798" r12="0.034480706" r13="-0.9437417" r14="0" r21="0.18813929" r22="0.9769088" r23="0.10125609" r24="0" r31="0.9254409" r32="-0.21085604" r33="0.3147984" r34="0" r41="113.71428" r42="7.606904" r43="-700.8932" r44="1"></containerEntry>
          <containerEntry r11="-0.21142846" r12="-0.011838242" r13="0.9773195" r14="0" r21="-0.025290892" r22="0.9996581" r23="0.006637452" r24="0" r31="-0.9770639" r32="-0.023313966" r33="-0.21165556" r34="0" r41="123.00982" r42="6.593292" r43="-701.9252" r44="1"></containerEntry>
          <containerEntry r11="0.9498777" r12="-0.046238504" r13="-0.309183" r14="0" r21="0.08933037" r22="0.98791057" r23="0.12669936" r24="0" r31="0.2995867" r32="-0.14796838" r33="0.9425247" r34="0" r41="117.80089" r42="7.276099" r43="-714.27014" r44="1"></containerEntry>
          <containerEntry r11="0.45074674" r12="-0.058051426" r13="-0.89076024" r14="0" r21="0.044498894" r22="0.99810374" r23="-0.042529482" r24="0" r31="0.89154" r32="-0.02046803" r33="0.45247525" r34="0" r41="107.10141" r42="8.320447" r43="-706.8107" r44="1"></containerEntry>
          <containerEntry r11="0.8674157" r12="-0.09402847" r13="-0.4886189" r14="0" r21="0.2166588" r22="0.9553796" r23="0.20077057" r24="0" r31="0.44793832" r32="-0.2800152" r33="0.84908336" r34="0" r41="54.743187" r42="16.340963" r43="-712.5722" r44="1"></containerEntry>
          <containerEntry r11="-0.39647394" r12="-0.08164777" r13="0.9144039" r14="0" r21="0.12197104" r22="0.9825224" r23="0.14061533" r24="0" r31="-0.9099033" r32="0.16728194" r33="-0.37958574" r34="0" r41="48.290176" r42="15.646557" r43="-703.4025" r44="1"></containerEntry>
          <containerEntry r11="0.74457425" r12="-0.034559336" r13="-0.6666437" r14="0" r21="-0.000645902" r22="0.9986212" r23="-0.05249061" r24="0" r31="0.6675386" r32="0.03951372" r33="0.7435253" r34="0" r41="43.557667" r42="13.977519" r43="-648.50146" r44="1"></containerEntry>
          <containerEntry r11="-0.2976024" r12="0.04896328" r13="-0.9534328" r14="0" r21="0.095718846" r22="0.99518204" r23="0.021229755" r24="0" r31="0.9498786" r32="-0.08494349" r33="-0.30085522" r34="0" r41="43.72032" r42="14.136282" r43="-665.7115" r44="1"></containerEntry>
          <containerEntry r11="0.23820297" r12="-0.0033984184" r13="-0.9712092" r14="0" r21="0.12250464" r22="0.9921121" r23="0.02657443" r24="0" r31="0.9634581" r32="-0.12530777" r33="0.23674035" r34="0" r41="60.86539" r42="10.328072" r43="-644.0468" r44="1"></containerEntry>
          <containerEntry r11="0.83505744" r12="0.048962794" r13="0.54797965" r14="0" r21="-0.08744607" r22="0.9951821" r23="0.044336677" r24="0" r31="-0.5431687" r32="-0.08494234" r33="0.8353158" r34="0" r41="39.77101" r42="14.201238" r43="-666.8649" r44="1"></containerEntry>
          <containerEntry r11="0.86323017" r12="0.0037554782" r13="-0.5047967" r14="0" r21="-0.027330998" r22="0.9988533" r23="-0.03930649" r24="0" r31="0.5040702" r32="0.047727145" r33="0.862343" r34="0" r41="65.646454" r42="9.919013" r43="-651.2681" r44="1"></containerEntry>
          <containerEntry r11="-0.62275594" r12="0.15670498" r13="-0.7665617" r14="0" r21="0.13254185" r22="0.9867071" r23="0.09403096" r24="0" r31="0.7711069" r32="-0.043043137" r33="-0.63524765" r34="0" r41="99.14964" r42="7.827573" r43="-647.6502" r44="1"></containerEntry>
          <containerEntry r11="-0.27122042" r12="0.1692476" r13="-0.94751793" r14="0" r21="0.047765348" r22="0.98557276" r23="0.16237213" r24="0" r31="0.96132904" r32="-0.0012196004" r33="-0.27539164" r34="0" r41="98.312935" r42="9.279134" r43="-661.4361" r44="1"></containerEntry>
          <containerEntry r11="-0.2348052" r12="-0.051303603" r13="0.9706877" r14="0" r21="0.09160376" r22="0.9929942" r23="0.074641116" r24="0" r31="-0.96771663" r32="0.10644475" r33="-0.22846061" r34="0" r41="105.03931" r42="7.277019" r43="-652.62213" r44="1"></containerEntry>
          <containerEntry r11="0.6885318" r12="0.08558011" r13="-0.7201385" r14="0" r21="-3.818795e-05" r22="0.9930169" r23="0.11797194" r24="0" r31="0.7252057" r32="-0.081199914" r33="0.683727" r34="0" r41="110.76958" r42="7.184922" r43="-661.82874" r44="1"></containerEntry>
          <containerEntry r11="0.022362243" r12="0.11438056" r13="-0.99318427" r14="0" r21="0.039540492" r22="0.9925552" r23="0.11519824" r24="0" r31="0.99896663" r32="-0.041847005" r33="0.017673075" r34="0" r41="104.88596" r42="8.179094" r43="-667.6805" r44="1"></containerEntry>
          <containerEntry r11="0.1017558" r12="0.009994009" r13="-0.99475783" r14="0" r21="0.026732456" r22="0.99956095" r23="0.012776725" r24="0" r31="0.99444884" r32="-0.027892448" r33="0.10144395" r34="0" r41="51.073063" r42="12.228376" r43="-651.41925" r44="1"></containerEntry>
          <containerEntry r11="0.70300496" r12="-0.13510308" r13="-0.6982335" r14="0" r21="0.0678436" r22="0.9900525" r23="-0.12326051" r24="0" r31="0.7079407" r32="0.0392819" r33="0.70517766" r34="0" r41="47.73302" r42="13.369176" r43="-637.9261" r44="1"></containerEntry>
        </property>
        <property name="colors" type="UInt32" container="DynamicArray" arraySize="21">
          <containerEntry>4294967295</containerEntry>
          <containerEntry>4294967295</containerEntry>
          <containerEntry>4294967295</containerEntry>
          <containerEntry>4294967295</containerEntry>
          <containerEntry>4294967295</containerEntry>
          <containerEntry>4294967295</containerEntry>
          <containerEntry>4294967295</containerEntry>
          <containerEntry>4294967295</containerEntry>
          <containerEntry>4294967295</containerEntry>
          <containerEntry>4294967295</containerEntry>
          <containerEntry>4294967295</containerEntry>
          <containerEntry>4294967295</containerEntry>
          <containerEntry>4294967295</containerEntry>
          <containerEntry>4294967295</containerEntry>
          <containerEntry>4294967295</containerEntry>
          <containerEntry>4294967295</containerEntry>
          <containerEntry>4294967295</containerEntry>
          <containerEntry>4294967295</containerEntry>
          <containerEntry>4294967295</containerEntry>
          <containerEntry>4294967295</containerEntry>
          <containerEntry>4294967295</containerEntry>
        </property>
      </staticProperties>
      <dynamicProperties></dynamicProperties>
    </entity>
    <entity class="StaticModelArray" classVersion="4" classID="0xD0" addr="0x3304760" id="0x0">
      <staticProperties>
        <property name="name" type="String" container="StaticArray" arraySize="1">
          <containerEntry>StaticModelArray0002</containerEntry>
        </property>
        <property name="dataSet" type="EntityHandle" container="StaticArray" arraySize="1">
          <containerEntry>0x3304D10</containerEntry>
        </property>
        <property name="modelFile" type="FilePtr" container="StaticArray" arraySize="1">
          <containerEntry>/Assets/tpp/environ/object/middle_africa/rock/mafr_rock011/scenes/mafr_rock011.fmdl</containerEntry>
        </property>
        <property name="geomFile" type="FilePtr" container="StaticArray" arraySize="1">
          <containerEntry>/Assets/tpp/environ/object/middle_africa/rock/mafr_rock011/scenes/mafr_rock011.geom</containerEntry>
        </property>
        <property name="isVisibleGeom" type="Bool" container="StaticArray" arraySize="1">
          <containerEntry>false</containerEntry>
        </property>
        <property name="lodFarSize" type="Float" container="StaticArray" arraySize="1">
          <containerEntry>-1</containerEntry>
        </property>
        <property name="lodNearSize" type="Float" container="StaticArray" arraySize="1">
          <containerEntry>-1</containerEntry>
        </property>
        <property name="lodPolygonSize" type="Float" container="StaticArray" arraySize="1">
          <containerEntry>-1</containerEntry>
        </property>
        <property name="drawRejectionLevel" type="Int32" container="StaticArray" arraySize="1">
          <containerEntry>8</containerEntry>
        </property>
        <property name="drawMode" type="Int32" container="StaticArray" arraySize="1">
          <containerEntry>0</containerEntry>
        </property>
        <property name="rejectFarRangeShadowCast" type="Int32" container="StaticArray" arraySize="1">
          <containerEntry>2</containerEntry>
        </property>
        <property name="parentLocator" type="EntityLink" container="StaticArray" arraySize="1">
          <containerEntry packagePathHash="0xB8A0BF169F98" archivePathHash="0xB8A0BF169F98" nameInArchiveHash="0xB8A0BF169F98">0x0</containerEntry>
        </property>
        <property name="transforms" type="Matrix4" container="DynamicArray" arraySize="7">
          <containerEntry r11="-0.20928943" r12="0" r13="0.97785246" r14="0" r21="0" r22="1" r23="0" r24="0" r31="-0.97785246" r32="0" r33="-0.20928943" r34="0" r41="36.4468" r42="15.851274" r43="-687.9545" r44="1"></containerEntry>
          <containerEntry r11="-0.0025080442" r12="0" r13="0.9999962" r14="0" r21="0" r22="1" r23="0" r24="0" r31="-0.9999962" r32="0" r33="-0.0025080442" r34="0" r41="32.915657" r42="16.581676" r43="-678.02563" r44="1"></containerEntry>
          <containerEntry r11="-0.52830696" r12="0.007922556" r13="0.84901375" r14="0" r21="-0.08536057" r22="0.9943945" r23="-0.062395744" r24="0" r31="-0.8447489" r32="-0.10543666" r33="-0.52466923" r34="0" r41="55.271317" r42="10.303872" r43="-706.6789" r44="1"></containerEntry>
          <containerEntry r11="-0.6130648" r12="0" r13="0.79002976" r14="0" r21="0" r22="1" r23="0" r24="0" r31="-0.79002976" r32="0" r33="-0.6130648" r34="0" r41="61.84938" r42="14.771414" r43="-735.25793" r44="1"></containerEntry>
          <containerEntry r11="-0.6574596" r12="0" r13="0.75348604" r14="0" r21="0" r22="1" r23="0" r24="0" r31="-0.75348604" r32="0" r33="-0.6574596" r34="0" r41="54.67864" r42="15.601224" r43="-726.7795" r44="1"></containerEntry>
          <containerEntry r11="-0.22020681" r12="-0.05991258" r13="0.9736111" r14="0" r21="0.018976312" r22="0.99766" r23="0.06568442" r24="0" r31="-0.9752681" r32="0.03293974" r33="-0.21855462" r34="0" r41="29.395082" r42="15.292429" r43="-654.3454" r44="1"></containerEntry>
          <containerEntry r11="0.0072721243" r12="0" r13="0.99997324" r14="0" r21="0" r22="1" r23="0" r24="0" r31="-0.99997324" r32="0" r33="0.0072721243" r34="0" r41="36.535374" r42="17.011047" r43="-698.4072" r44="1"></containerEntry>
        </property>
        <property name="colors" type="UInt32" container="DynamicArray" arraySize="7">
          <containerEntry>4294967295</containerEntry>
          <containerEntry>4294967295</containerEntry>
          <containerEntry>4294967295</containerEntry>
          <containerEntry>4294967295</containerEntry>
          <containerEntry>4294967295</containerEntry>
          <containerEntry>4294967295</containerEntry>
          <containerEntry>4294967295</containerEntry>
        </property>
      </staticProperties>
      <dynamicProperties></dynamicProperties>
    </entity>
    <entity class="StaticModelArray" classVersion="4" classID="0xD0" addr="0x317C8E0" id="0x0">
      <staticProperties>
        <property name="name" type="String" container="StaticArray" arraySize="1">
          <containerEntry>StaticModelArray0003</containerEntry>
        </property>
        <property name="dataSet" type="EntityHandle" container="StaticArray" arraySize="1">
          <containerEntry>0x3304D10</containerEntry>
        </property>
        <property name="modelFile" type="FilePtr" container="StaticArray" arraySize="1">
          <containerEntry>/Assets/tpp/environ/object/middle_africa/cliff/mafr_clff003/scenes/mafr_clff003_vrtn001.fmdl</containerEntry>
        </property>
        <property name="geomFile" type="FilePtr" container="StaticArray" arraySize="1">
          <containerEntry>/Assets/tpp/environ/object/middle_africa/cliff/mafr_clff003/scenes/mafr_clff003_vrtn001.geom</containerEntry>
        </property>
        <property name="isVisibleGeom" type="Bool" container="StaticArray" arraySize="1">
          <containerEntry>false</containerEntry>
        </property>
        <property name="lodFarSize" type="Float" container="StaticArray" arraySize="1">
          <containerEntry>-1</containerEntry>
        </property>
        <property name="lodNearSize" type="Float" container="StaticArray" arraySize="1">
          <containerEntry>-1</containerEntry>
        </property>
        <property name="lodPolygonSize" type="Float" container="StaticArray" arraySize="1">
          <containerEntry>-1</containerEntry>
        </property>
        <property name="drawRejectionLevel" type="Int32" container="StaticArray" arraySize="1">
          <containerEntry>8</containerEntry>
        </property>
        <property name="drawMode" type="Int32" container="StaticArray" arraySize="1">
          <containerEntry>0</containerEntry>
        </property>
        <property name="rejectFarRangeShadowCast" type="Int32" container="StaticArray" arraySize="1">
          <containerEntry>2</containerEntry>
        </property>
        <property name="parentLocator" type="EntityLink" container="StaticArray" arraySize="1">
          <containerEntry packagePathHash="0xB8A0BF169F98" archivePathHash="0xB8A0BF169F98" nameInArchiveHash="0xB8A0BF169F98">0x0</containerEntry>
        </property>
        <property name="transforms" type="Matrix4" container="DynamicArray" arraySize="11">
