<fox formatVersion="2" fileVersion="0">
  <entities>
    <entity class="DataSet" classVersion="0" classID="0xE8" addr="0x2F52EE0" id="0x13751">
      <staticProperties>
        <property name="name" type="String" container="StaticArray" arraySize="1">
          <containerEntry hash="0xB8A0BF169F98"></containerEntry>
        </property>
        <property name="dataSet" type="EntityHandle" container="StaticArray" arraySize="1">
          <containerEntry>0x0</containerEntry>
        </property>
        <property name="dataList" type="EntityPtr" container="StringMap" arraySize="12">
          <containerEntry key="afgh_clff024_vrtn001_0000">
            <data>0x2D774E0</data>
          </containerEntry>
          <containerEntry key="afgh_clff030_vrtn011_0001">
            <data>0x2D78430</data>
          </containerEntry>
          <containerEntry key="StaticModelArray0000">
            <data>0x2D7B140</data>
          </containerEntry>
          <containerEntry key="StaticModelArray0001">
            <data>0x2D7B1B0</data>
          </containerEntry>
          <containerEntry key="StaticModelArray0002">
            <data>0x2D7B220</data>
          </containerEntry>
          <containerEntry key="StaticModelArray0003">
            <data>0x2D7B290</data>
          </containerEntry>
          <containerEntry key="StaticModelArray0004">
            <data>0x2D7ADC0</data>
          </containerEntry>
          <containerEntry key="StaticModelArray0005">
            <data>0x2D7AD50</data>
          </containerEntry>
          <containerEntry key="StaticModelArray0006">
            <data>0x2D7A880</data>
          </containerEntry>
          <containerEntry key="StaticModelArray0007">
            <data>0x2D7AE30</data>
          </containerEntry>
          <containerEntry key="StaticModelArray0008">
            <data>0x2D7AB20</data>
          </containerEntry>
          <containerEntry key="TexturePackLoadConditioner0000">
            <data>0x2D7B5A0</data>
          </containerEntry>
        </property>
      </staticProperties>
      <dynamicProperties></dynamicProperties>
    </entity>
    <entity class="StaticModel" classVersion="9" classID="0x160" addr="0x2D774E0" id="0x138A0">
      <staticProperties>
        <property name="name" type="String" container="StaticArray" arraySize="1">
          <containerEntry>afgh_clff024_vrtn001_0000</containerEntry>
        </property>
        <property name="dataSet" type="EntityHandle" container="StaticArray" arraySize="1">
          <containerEntry>0x2F52EE0</containerEntry>
        </property>
        <property name="parent" type="EntityHandle" container="StaticArray" arraySize="1">
          <containerEntry>0x0</containerEntry>
        </property>
        <property name="transform" type="EntityPtr" container="StaticArray" arraySize="1">
          <containerEntry>0x2D77550</containerEntry>
        </property>
        <property name="shearTransform" type="EntityPtr" container="StaticArray" arraySize="1">
          <containerEntry>0x0</containerEntry>
        </property>
        <property name="pivotTransform" type="EntityPtr" container="StaticArray" arraySize="1">
          <containerEntry>0x0</containerEntry>
        </property>
        <property name="children" type="EntityHandle" container="List"></property>
        <property name="flags" type="UInt32" container="StaticArray" arraySize="1">
          <containerEntry>7</containerEntry>
        </property>
        <property name="modelFile" type="FilePtr" container="StaticArray" arraySize="1">
          <containerEntry>/Assets/tpp/environ/object/afghanistan/cliff/afgh_clff024/scenes/afgh_clff024_vrtn001.fmdl</containerEntry>
        </property>
        <property name="geomFile" type="FilePtr" container="StaticArray" arraySize="1">
          <containerEntry>/Assets/tpp/environ/object/afghanistan/cliff/afgh_clff024/scenes/afgh_clff024_vrtn001.geom</containerEntry>
        </property>
        <property name="isVisibleGeom" type="Bool" container="StaticArray" arraySize="1">
          <containerEntry>false</containerEntry>
        </property>
        <property name="isIsolated" type="Bool" container="StaticArray" arraySize="1">
          <containerEntry>false</containerEntry>
        </property>
        <property name="lodFarSize" type="Float" container="StaticArray" arraySize="1">
          <containerEntry>-1</containerEntry>
        </property>
        <property name="lodNearSize" type="Float" container="StaticArray" arraySize="1">
          <containerEntry>-1</containerEntry>
        </property>
        <property name="lodPolygonSize" type="Float" container="StaticArray" arraySize="1">
          <containerEntry>-1</containerEntry>
        </property>
        <property name="color" type="Color" container="StaticArray" arraySize="1">
          <containerEntry r="1" g="1" b="1" a="1"></containerEntry>
        </property>
        <property name="drawRejectionLevel" type="Int32" container="StaticArray" arraySize="1">
          <containerEntry>8</containerEntry>
        </property>
        <property name="drawMode" type="Int32" container="StaticArray" arraySize="1">
          <containerEntry>0</containerEntry>
        </property>
        <property name="rejectFarRangeShadowCast" type="Int32" container="StaticArray" arraySize="1">
          <containerEntry>2</containerEntry>
        </property>
      </staticProperties>
      <dynamicProperties></dynamicProperties>
    </entity>
    <entity class="TransformEntity" classVersion="0" classID="0x50" addr="0x2D77550" id="0x138A3">
      <staticProperties>
        <property name="owner" type="EntityHandle" container="StaticArray" arraySize="1">
          <containerEntry>0x2D774E0</containerEntry>
        </property>
        <property name="transform_scale" type="Vector3" container="StaticArray" arraySize="1">
          <containerEntry x="1" y="1" z="1" w="0"></containerEntry>
        </property>
        <property name="transform_rotation_quat" type="Quat" container="StaticArray" arraySize="1">
          <containerEntry x="0.018877" y="0.933055" z="0.1664" w="-0.318377"></containerEntry>
        </property>
        <property name="transform_translation" type="Vector3" container="StaticArray" arraySize="1">
          <containerEntry x="1662.7732" y="352.70944" z="1265.5316" w="0"></containerEntry>
        </property>
      </staticProperties>
      <dynamicProperties></dynamicProperties>
    </entity>
    <entity class="StaticModel" classVersion="9" classID="0x160" addr="0x2D78430" id="0x138F0">
      <staticProperties>
        <property name="name" type="String" container="StaticArray" arraySize="1">
          <containerEntry>afgh_clff030_vrtn011_0001</containerEntry>
        </property>
        <property name="dataSet" type="EntityHandle" container="StaticArray" arraySize="1">
          <containerEntry>0x2F52EE0</containerEntry>
        </property>
        <property name="parent" type="EntityHandle" container="StaticArray" arraySize="1">
          <containerEntry>0x0</containerEntry>
        </property>
        <property name="transform" type="EntityPtr" container="StaticArray" arraySize="1">
          <containerEntry>0x2D784A0</containerEntry>
        </property>
        <property name="shearTransform" type="EntityPtr" container="StaticArray" arraySize="1">
          <containerEntry>0x0</containerEntry>
        </property>
        <property name="pivotTransform" type="EntityPtr" container="StaticArray" arraySize="1">
          <containerEntry>0x0</containerEntry>
        </property>
        <property name="children" type="EntityHandle" container="List"></property>
        <property name="flags" type="UInt32" container="StaticArray" arraySize="1">
          <containerEntry>7</containerEntry>
        </property>
        <property name="modelFile" type="FilePtr" container="StaticArray" arraySize="1">
          <containerEntry>/Assets/tpp/environ/object/afghanistan/cliff/afgh_clff030/scenes/afgh_clff030_vrtn011.fmdl</containerEntry>
        </property>
        <property name="geomFile" type="FilePtr" container="StaticArray" arraySize="1">
          <containerEntry>/Assets/tpp/environ/object/afghanistan/cliff/afgh_clff030/scenes/afgh_clff030_vrtn011.geom</containerEntry>
        </property>
        <property name="isVisibleGeom" type="Bool" container="StaticArray" arraySize="1">
          <containerEntry>false</containerEntry>
        </property>
        <property name="isIsolated" type="Bool" container="StaticArray" arraySize="1">
          <containerEntry>false</containerEntry>
        </property>
        <property name="lodFarSize" type="Float" container="StaticArray" arraySize="1">
          <containerEntry>-1</containerEntry>
        </property>
        <property name="lodNearSize" type="Float" container="StaticArray" arraySize="1">
          <containerEntry>-1</containerEntry>
        </property>
        <property name="lodPolygonSize" type="Float" container="StaticArray" arraySize="1">
          <containerEntry>-1</containerEntry>
        </property>
        <property name="color" type="Color" container="StaticArray" arraySize="1">
          <containerEntry r="1" g="1" b="1" a="1"></containerEntry>
        </property>
        <property name="drawRejectionLevel" type="Int32" container="StaticArray" arraySize="1">
          <containerEntry>8</containerEntry>
        </property>
        <property name="drawMode" type="Int32" container="StaticArray" arraySize="1">
          <containerEntry>0</containerEntry>
        </property>
        <property name="rejectFarRangeShadowCast" type="Int32" container="StaticArray" arraySize="1">
          <containerEntry>2</containerEntry>
        </property>
      </staticProperties>
      <dynamicProperties></dynamicProperties>
    </entity>
    <entity class="TransformEntity" classVersion="0" classID="0x50" addr="0x2D784A0" id="0x138F3">
      <staticProperties>
        <property name="owner" type="EntityHandle" container="StaticArray" arraySize="1">
          <containerEntry>0x2D78430</containerEntry>
        </property>
        <property name="transform_scale" type="Vector3" container="StaticArray" arraySize="1">
          <containerEntry x="1" y="1" z="1" w="0"></containerEntry>
        </property>
        <property name="transform_rotation_quat" type="Quat" container="StaticArray" arraySize="1">
          <containerEntry x="0.017223" y="0.885252" z="-0.094114" w="-0.455164"></containerEntry>
        </property>
        <property name="transform_translation" type="Vector3" container="StaticArray" arraySize="1">
          <containerEntry x="1547.608" y="326.75635" z="1186.3376" w="0"></containerEntry>
        </property>
      </staticProperties>
      <dynamicProperties></dynamicProperties>
    </entity>
    <entity class="StaticModelArray" classVersion="4" classID="0xD0" addr="0x2D7B140" id="0x0">
      <staticProperties>
        <property name="name" type="String" container="StaticArray" arraySize="1">
          <containerEntry>StaticModelArray0000</containerEntry>
        </property>
        <property name="dataSet" type="EntityHandle" container="StaticArray" arraySize="1">
          <containerEntry>0x2F52EE0</containerEntry>
        </property>
        <property name="modelFile" type="FilePtr" container="StaticArray" arraySize="1">
          <containerEntry>/Assets/tpp/environ/object/afghanistan/cliff/afgh_clff022/scenes/afgh_clff022_vrtn004.fmdl</containerEntry>
        </property>
        <property name="geomFile" type="FilePtr" container="StaticArray" arraySize="1">
          <containerEntry>/Assets/tpp/environ/object/afghanistan/cliff/afgh_clff022/scenes/afgh_clff022_vrtn004.geom</containerEntry>
        </property>
        <property name="isVisibleGeom" type="Bool" container="StaticArray" arraySize="1">
          <containerEntry>false</containerEntry>
        </property>
        <property name="lodFarSize" type="Float" container="StaticArray" arraySize="1">
          <containerEntry>-1</containerEntry>
        </property>
        <property name="lodNearSize" type="Float" container="StaticArray" arraySize="1">
          <containerEntry>-1</containerEntry>
        </property>
        <property name="lodPolygonSize" type="Float" container="StaticArray" arraySize="1">
          <containerEntry>-1</containerEntry>
        </property>
        <property name="drawRejectionLevel" type="Int32" container="StaticArray" arraySize="1">
          <containerEntry>8</containerEntry>
        </property>
        <property name="drawMode" type="Int32" container="StaticArray" arraySize="1">
          <containerEntry>0</containerEntry>
        </property>
        <property name="rejectFarRangeShadowCast" type="Int32" container="StaticArray" arraySize="1">
          <containerEntry>2</containerEntry>
        </property>
        <property name="parentLocator" type="EntityLink" container="StaticArray" arraySize="1">
          <containerEntry packagePathHash="0xB8A0BF169F98" archivePathHash="0xB8A0BF169F98" nameInArchiveHash="0xB8A0BF169F98">0x0</containerEntry>
        </property>
        <property name="transforms" type="Matrix4" container="DynamicArray" arraySize="2">
          <containerEntry r11="-0.96915835" r12="-0.043581296" r13="-0.24254541" r14="0" r21="-0.04246327" r22="0.9990496" r23="-0.0098379385" r24="0" r31="0.24274366" r32="0.00076474063" r33="-0.9700879" r34="0" r41="1608.071" r42="336.22192" r43="1204.0232" r44="1"></containerEntry>
          <containerEntry r11="-0.7202119" r12="-0.011204265" r13="0.69366187" r14="0" r21="-0.014088253" r22="0.99989957" r23="0.0015232125" r24="0" r31="-0.6936093" r32="-0.008675452" r33="-0.72029746" r34="0" r41="1631.5481" r42="336.31076" r43="1209.4227" r44="1"></containerEntry>
        </property>
        <property name="colors" type="UInt32" container="DynamicArray" arraySize="2">
          <containerEntry>4294967295</containerEntry>
          <containerEntry>4294967295</containerEntry>
        </property>
      </staticProperties>
      <dynamicProperties></dynamicProperties>
    </entity>
    <entity class="StaticModelArray" classVersion="4" classID="0xD0" addr="0x2D7B1B0" id="0x0">
      <staticProperties>
        <property name="name" type="String" container="StaticArray" arraySize="1">
          <containerEntry>StaticModelArray0001</containerEntry>
        </property>
        <property name="dataSet" type="EntityHandle" container="StaticArray" arraySize="1">
          <containerEntry>0x2F52EE0</containerEntry>
        </property>
        <property name="modelFile" type="FilePtr" container="StaticArray" arraySize="1">
          <containerEntry>/Assets/tpp/environ/object/afghanistan/cliff/afgh_clff013/scenes/afgh_clff013.fmdl</containerEntry>
        </property>
        <property name="geomFile" type="FilePtr" container="StaticArray" arraySize="1">
          <containerEntry>/Assets/tpp/environ/object/afghanistan/cliff/afgh_clff013/scenes/afgh_clff013.geom</containerEntry>
        </property>
        <property name="isVisibleGeom" type="Bool" container="StaticArray" arraySize="1">
          <containerEntry>false</containerEntry>
        </property>
        <property name="lodFarSize" type="Float" container="StaticArray" arraySize="1">
          <containerEntry>-1</containerEntry>
        </property>
        <property name="lodNearSize" type="Float" container="StaticArray" arraySize="1">
          <containerEntry>-1</containerEntry>
        </property>
        <property name="lodPolygonSize" type="Float" container="StaticArray" arraySize="1">
          <containerEntry>-1</containerEntry>
        </property>
        <property name="drawRejectionLevel" type="Int32" container="StaticArray" arraySize="1">
          <containerEntry>8</containerEntry>
        </property>
        <property name="drawMode" type="Int32" container="StaticArray" arraySize="1">
          <containerEntry>0</containerEntry>
        </property>
        <property name="rejectFarRangeShadowCast" type="Int32" container="StaticArray" arraySize="1">
          <containerEntry>2</containerEntry>
        </property>
        <property name="parentLocator" type="EntityLink" container="StaticArray" arraySize="1">
          <containerEntry packagePathHash="0xB8A0BF169F98" archivePathHash="0xB8A0BF169F98" nameInArchiveHash="0xB8A0BF169F98">0x0</containerEntry>
        </property>
        <property name="transforms" type="Matrix4" container="DynamicArray" arraySize="2">
          <containerEntry r11="-0.8883789" r12="-0.012716502" r13="-0.45891774" r14="0" r21="-0.026147097" r22="0.99939525" r23="0.022923239" r24="0" r31="0.4583487" r32="0.03236412" r33="-0.8881741" r34="0" r41="1569.5444" r42="343.958" r43="1233.495" r44="1"></containerEntry>
          <containerEntry r11="-0.9475799" r12="-0.032081354" r13="0.31787726" r14="0" r21="-0.026145674" r22="0.9993953" r23="0.022922624" r24="0" r31="-0.31842044" r32="0.013410062" r33="-0.9478457" r34="0" r41="1548.83" r42="343.958" r43="1232.0438" r44="1"></containerEntry>
        </property>
        <property name="colors" type="UInt32" container="DynamicArray" arraySize="2">
          <containerEntry>4294967295</containerEntry>
          <containerEntry>4294967295</containerEntry>
        </property>
      </staticProperties>
      <dynamicProperties></dynamicProperties>
    </entity>
    <entity class="StaticModelArray" classVersion="4" classID="0xD0" addr="0x2D7B220" id="0x0">
      <staticProperties>
        <property name="name" type="String" container="StaticArray" arraySize="1">
          <containerEntry>StaticModelArray0002</containerEntry>
        </property>
        <property name="dataSet" type="EntityHandle" container="StaticArray" arraySize="1">
          <containerEntry>0x2F52EE0</containerEntry>
        </property>
        <property name="modelFile" type="FilePtr" container="StaticArray" arraySize="1">
          <containerEntry>/Assets/tpp/environ/object/afghanistan/cliff/afgh_clff022/scenes/afgh_clff022_vrtn002.fmdl</containerEntry>
        </property>
        <property name="geomFile" type="FilePtr" container="StaticArray" arraySize="1">
          <containerEntry>/Assets/tpp/environ/object/afghanistan/cliff/afgh_clff022/scenes/afgh_clff022_vrtn002.geom</containerEntry>
        </property>
        <property name="isVisibleGeom" type="Bool" container="StaticArray" arraySize="1">
          <containerEntry>false</containerEntry>
        </property>
        <property name="lodFarSize" type="Float" container="StaticArray" arraySize="1">
          <containerEntry>-1</containerEntry>
        </property>
        <property name="lodNearSize" type="Float" container="StaticArray" arraySize="1">
          <containerEntry>-1</containerEntry>
        </property>
        <property name="lodPolygonSize" type="Float" container="StaticArray" arraySize="1">
          <containerEntry>-1</containerEntry>
        </property>
        <property name="drawRejectionLevel" type="Int32" container="StaticArray" arraySize="1">
          <containerEntry>8</containerEntry>
        </property>
        <property name="drawMode" type="Int32" container="StaticArray" arraySize="1">
          <containerEntry>0</containerEntry>
        </property>
        <property name="rejectFarRangeShadowCast" type="Int32" container="StaticArray" arraySize="1">
          <containerEntry>2</containerEntry>
        </property>
        <property name="parentLocator" type="EntityLink" container="StaticArray" arraySize="1">
          <containerEntry packagePathHash="0xB8A0BF169F98" archivePathHash="0xB8A0BF169F98" nameInArchiveHash="0xB8A0BF169F98">0x0</containerEntry>
        </property>
        <property name="transforms" type="Matrix4" container="DynamicArray" arraySize="5">
          <containerEntry r11="-0.7150389" r12="0.0018362873" r13="0.69907963" r14="0" r21="-0.012759065" r22="0.9997957" r23="-0.015676543" r24="0" r31="-0.69896555" r32="-0.02012898" r33="-0.7148694" r34="0" r41="1540.9893" r42="340.88638" r43="1226.7133" r44="1"></containerEntry>
          <containerEntry r11="0.16679826" r12="0.006035028" r13="0.9859709" r14="0" r21="-0.0185712" r22="0.9998231" r23="-0.00297812" r24="0" r31="-0.9858145" r32="-0.017813958" r33="0.16688085" r34="0" r41="1636.5142" r42="334.6514" r43="1171.9022" r44="1"></containerEntry>
          <containerEntry r11="-0.15699477" r12="-0.017486231" r13="-0.98744285" r14="0" r21="-0.012757787" r22="0.99979573" r23="-0.01567656" r24="0" r31="0.9875152" r32="0.010136438" r33="-0.1571858" r34="0" r41="1584.2504" r42="342.20697" r43="1254.4102" r44="1"></containerEntry>
          <containerEntry r11="1.0706607" r12="0.119166754" r13="0.7884847" r14="0" r21="-0.10278763" r22="1.3296211" r23="-0.06137837" r24="0" r31="-0.79078674" r32="-0.011484124" r33="1.0755221" r34="0" r41="1663.5754" r42="340.29852" r43="1222.1093" r44="1"></containerEntry>
          <containerEntry r11="-0.32578632" r12="0.007727813" r13="0.945406" r14="0" r21="0.105918005" r22="0.9939699" r23="0.028374989" r24="0" r31="-0.93948585" r32="0.109380275" r33="-0.32464027" r34="0" r41="1662.9196" r42="347.96643" r43="1182.1416" r44="1"></containerEntry>
        </property>
        <property name="colors" type="UInt32" container="DynamicArray" arraySize="5">
          <containerEntry>4294967295</containerEntry>
          <containerEntry>4294967295</containerEntry>
          <containerEntry>4294967295</containerEntry>
          <containerEntry>4294967295</containerEntry>
          <containerEntry>4294967295</containerEntry>
        </property>
      </staticProperties>
      <dynamicProperties></dynamicProperties>
    </entity>
    <entity class="StaticModelArray" classVersion="4" classID="0xD0" addr="0x2D7B290" id="0x0">
      <staticProperties>
        <property name="name" type="String" container="StaticArray" arraySize="1">
          <containerEntry>StaticModelArray0003</containerEntry>
        </property>
        <property name="dataSet" type="EntityHandle" container="StaticArray" arraySize="1">
          <containerEntry>0x2F52EE0</containerEntry>
        </property>
        <property name="modelFile" type="FilePtr" container="StaticArray" arraySize="1">
          <containerEntry>/Assets/tpp/environ/object/afghanistan/rock/afgh_rock009/scenes/afgh_rock009_rock001.fmdl</containerEntry>
        </property>
        <property name="geomFile" type="FilePtr" container="StaticArray" arraySize="1">
          <containerEntry>/Assets/tpp/environ/object/afghanistan/rock/afgh_rock009/scenes/afgh_rock009_rock001.geom</containerEntry>
        </property>
        <property name="isVisibleGeom" type="Bool" container="StaticArray" arraySize="1">
          <containerEntry>false</containerEntry>
        </property>
        <property name="lodFarSize" type="Float" container="StaticArray" arraySize="1">
          <containerEntry>-1</containerEntry>
        </property>
        <property name="lodNearSize" type="Float" container="StaticArray" arraySize="1">
          <containerEntry>-1</containerEntry>
        </property>
        <property name="lodPolygonSize" type="Float" container="StaticArray" arraySize="1">
          <containerEntry>-1</containerEntry>
        </property>
        <property name="drawRejectionLevel" type="Int32" container="StaticArray" arraySize="1">
          <containerEntry>8</containerEntry>
        </property>
        <property name="drawMode" type="Int32" container="StaticArray" arraySize="1">
          <containerEntry>0</containerEntry>
        </property>
        <property name="rejectFarRangeShadowCast" type="Int32" container="StaticArray" arraySize="1">
          <containerEntry>2</containerEntry>
        </property>
        <property name="parentLocator" type="EntityLink" container="StaticArray" arraySize="1">
          <containerEntry packagePathHash="0xB8A0BF169F98" archivePathHash="0xB8A0BF169F98" nameInArchiveHash="0xB8A0BF169F98">0x0</containerEntry>
        </property>
        <property name="transforms" type="Matrix4" container="DynamicArray" arraySize="8">
          <containerEntry r11="0.54515374" r12="-0.57662266" r13="-0.60853344" r14="0" r21="-0.2759962" r22="-0.8088622" r23="0.5191967" r24="0" r31="-0.79160136" r32="-0.115088806" r33="-0.60009944" r34="0" r41="1539.9529" r42="328.61484" r43="1167.648" r44="1"></containerEntry>
          <containerEntry r11="-0.07930565" r12="-0.9536531" r13="-0.29027107" r14="0" r21="0.19189873" r22="-0.30034727" r23="0.93432724" r24="0" r31="-0.9782057" r32="0.01839438" r33="0.20682344" r34="0" r41="1610.7102" r42="328.66345" r43="1159.1753" r44="1"></containerEntry>
          <containerEntry r11="-0.82406664" r12="-0.36137834" r13="-0.43625802" r14="0" r21="0.2714133" r22="-0.9278242" r23="0.2558874" r24="0" r31="-0.49724257" r32="0.09246193" r33="0.8626707" r34="0" r41="1557.3503" r42="325.29092" r43="1159.1753" r44="1"></containerEntry>
          <containerEntry r11="-0.2621988" r12="0.66796255" r13="-0.69647455" r14="0" r21="0.088009745" r22="-0.70216495" r23="-0.7065531" r24="0" r31="-0.96099174" r32="-0.24655434" r33="0.12532048" r34="0" r41="1563.0474" r42="326.97205" r43="1182.1722" r44="1"></containerEntry>
          <containerEntry r11="0.4891649" r12="0.6449206" r13="-0.5871925" r14="0" r21="0.68052053" r22="-0.7033094" r23="-0.2055411" r24="0" r31="-0.54553586" r32="-0.2990531" r33="-0.7829159" r34="0" r41="1597.112" r42="326.49023" r43="1182.1722" r44="1"></containerEntry>
          <containerEntry r11="0.061072648" r12="0.1413297" r13="-0.9880777" r14="0" r21="0.17296067" r22="-0.9764492" r23="-0.12897556" r24="0" r31="-0.9830342" r32="-0.16302146" r33="-0.084080234" r34="0" r41="1608.8579" r42="322.45792" r43="1173.3416" r44="1"></containerEntry>
          <containerEntry r11="-0.07555914" r12="0.7775798" r13="-0.62422884" r14="0" r21="0.1671421" r22="-0.60728514" r23="-0.77670455" r24="0" r31="-0.9830338" r32="-0.1630216" r33="-0.08408117" r34="0" r41="1589.9116" r42="324.63916" r43="1156.8221" r44="1"></containerEntry>
          <containerEntry r11="0.061073244" r12="0.14132956" r13="-0.98807657" r14="0" r21="-0.31979758" r22="-0.93496835" r23="-0.15349993" r24="0" r31="-0.94551516" r32="0.32535928" r33="-0.011903966" r34="0" r41="1570.3904" r42="323.17758" r43="1156.1125" r44="1"></containerEntry>
        </property>
        <property name="colors" type="UInt32" container="DynamicArray" arraySize="8">
          <containerEntry>4294967295</containerEntry>
          <containerEntry>4294967295</containerEntry>
          <containerEntry>4294967295</containerEntry>
          <containerEntry>4294967295</containerEntry>
          <containerEntry>4294967295</containerEntry>
          <containerEntry>4294967295</containerEntry>
          <containerEntry>4294967295</containerEntry>
          <containerEntry>4294967295</containerEntry>
        </property>
      </staticProperties>
      <dynamicProperties></dynamicProperties>
    </entity>
    <entity class="StaticModelArray" classVersion="4" classID="0xD0" addr="0x2D7ADC0" id="0x0">
      <staticProperties>
        <property name="name" type="String" container="StaticArray" arraySize="1">
          <containerEntry>StaticModelArray0004</containerEntry>
        </property>
        <property name="dataSet" type="EntityHandle" container="StaticArray" arraySize="1">
          <containerEntry>0x2F52EE0</containerEntry>
        </property>
        <property name="modelFile" type="FilePtr" container="StaticArray" arraySize="1">
          <containerEntry>/Assets/tpp/environ/object/afghanistan/cliff/afgh_clff025/scenes/afgh_clff025.fmdl</containerEntry>
        </property>
        <property name="geomFile" type="FilePtr" container="StaticArray" arraySize="1">
          <containerEntry>/Assets/tpp/environ/object/afghanistan/cliff/afgh_clff025/scenes/afgh_clff025.geom</containerEntry>
        </property>
        <property name="isVisibleGeom" type="Bool" container="StaticArray" arraySize="1">
          <containerEntry>false</containerEntry>
        </property>
        <property name="lodFarSize" type="Float" container="StaticArray" arraySize="1">
          <containerEntry>-1</containerEntry>
        </property>
        <property name="lodNearSize" type="Float" container="StaticArray" arraySize="1">
          <containerEntry>-1</containerEntry>
        </property>
        <property name="lodPolygonSize" type="Float" container="StaticArray" arraySize="1">
          <containerEntry>-1</containerEntry>
        </property>
        <property name="drawRejectionLevel" type="Int32" container="StaticArray" arraySize="1">
          <containerEntry>8</containerEntry>
        </property>
        <property name="drawMode" type="Int32" container="StaticArray" arraySize="1">
          <containerEntry>0</containerEntry>
        </property>
        <property name="rejectFarRangeShadowCast" type="Int32" container="StaticArray" arraySize="1">
          <containerEntry>2</containerEntry>
        </property>
        <property name="parentLocator" type="EntityLink" container="StaticArray" arraySize="1">
          <containerEntry packagePathHash="0xB8A0BF169F98" archivePathHash="0xB8A0BF169F98" nameInArchiveHash="0xB8A0BF169F98">0x0</containerEntry>
        </property>
        <property name="transforms" type="Matrix4" container="DynamicArray" arraySize="7">
          <containerEntry r11="-0.4365389" r12="-0.11751516" r13="-0.89197636" r14="0" r21="-0.0964725" r22="0.9918307" r23="-0.083456226" r24="0" r31="1.3417454" r32="0.074428916" r33="-0.66646445" r34="0" r41="1614.9851" r42="327.93842" r43="1194.7084" r44="1"></containerEntry>
          <containerEntry r11="-0.81707525" r12="-0.08020837" r13="-0.5709249" r14="0" r21="-0.044780478" r22="0.99611276" r23="-0.07585513" r24="0" r31="0.86218464" r32="-0.054619566" r33="-1.2262363" r34="0" r41="1592.2655" r42="323.27466" r43="1177.4393" r44="1"></containerEntry>
          <containerEntry r11="-0.81314796" r12="-0.14814083" r13="-0.56289" r14="0" r21="-0.113986745" r22="0.98887324" r23="-0.09558609" r24="0" r31="0.85618055" r32="-0.020345444" r33="-1.2314795" r34="0" r41="1606.8861" r42="325.0633" r43="1186.8662" r44="1"></containerEntry>
          <containerEntry r11="-0.886767" r12="-0.020799054" r13="-0.4617496" r14="0" r21="-0.015129833" r22="0.9997579" r23="-0.015977038" r24="0" r31="0.46197015" r32="-0.0071817096" r33="-0.88686705" r34="0" r41="1567.6227" r42="341.83276" r43="1219.5939" r44="1"></containerEntry>
          <containerEntry r11="-0.8167301" r12="-0.021574521" r13="-0.57661736" r14="0" r21="-0.015129993" r22="0.99975795" r23="-0.015976258" r24="0" r31="0.5768224" r32="-0.0043240683" r33="-0.81685877" r34="0" r41="1576.8312" r42="341.83276" r43="1224.4731" r44="1"></containerEntry>
          <containerEntry r11="-0.5995339" r12="-0.021858007" r13="-0.80005157" r14="0" r21="-0.015129787" r22="0.99975795" r23="-0.015976354" r24="0" r31="0.80020714" r32="0.0025262479" r33="-0.59971946" r34="0" r41="1583.4261" r42="341.83276" r43="1230.6685" r44="1"></containerEntry>
          <containerEntry r11="0.3575453" r12="-0.0911966" r13="-0.9294316" r14="0" r21="-0.23716977" r22="0.9537258" r23="-0.18481736" r24="0" r31="0.9032776" r32="0.28651375" r33="0.3193711" r34="0" r41="1572.6528" r42="346.7079" r43="1253.9309" r44="1"></containerEntry>
        </property>
        <property name="colors" type="UInt32" container="DynamicArray" arraySize="7">
          <containerEntry>4294967295</containerEntry>
          <containerEntry>4294967295</containerEntry>
          <containerEntry>4294967295</containerEntry>
          <containerEntry>4294967295</containerEntry>
          <containerEntry>4294967295</containerEntry>
          <containerEntry>4294967295</containerEntry>
          <containerEntry>4294967295</containerEntry>
        </property>
      </staticProperties>
      <dynamicProperties></dynamicProperties>
    </entity>
    <entity class="StaticModelArray" classVersion="4" classID="0xD0" addr="0x2D7AD50" id="0x0">
      <staticProperties>
        <property name="name" type="String" container="StaticArray" arraySize="1">
          <containerEntry>StaticModelArray0005</containerEntry>
        </property>
        <property name="dataSet" type="EntityHandle" container="StaticArray" arraySize="1">
          <containerEntry>0x2F52EE0</containerEntry>
        </property>
        <property name="modelFile" type="FilePtr" container="StaticArray" arraySize="1">
          <containerEntry>/Assets/tpp/environ/object/afghanistan/rock/afgh_rock010/scenes/afgh_rock010.fmdl</containerEntry>
        </property>
        <property name="geomFile" type="FilePtr" container="StaticArray" arraySize="1">
          <containerEntry>/Assets/tpp/environ/object/afghanistan/rock/afgh_rock010/scenes/afgh_rock010.geom</containerEntry>
        </property>
        <property name="isVisibleGeom" type="Bool" container="StaticArray" arraySize="1">
          <containerEntry>false</containerEntry>
        </property>
        <property name="lodFarSize" type="Float" container="StaticArray" arraySize="1">
          <containerEntry>-1</containerEntry>
        </property>
        <property name="lodNearSize" type="Float" container="StaticArray" arraySize="1">
          <containerEntry>-1</containerEntry>
        </property>
        <property name="lodPolygonSize" type="Float" container="StaticArray" arraySize="1">
          <containerEntry>-1</containerEntry>
        </property>
        <property name="drawRejectionLevel" type="Int32" container="StaticArray" arraySize="1">
          <containerEntry>8</containerEntry>
        </property>
        <property name="drawMode" type="Int32" container="StaticArray" arraySize="1">
          <containerEntry>0</containerEntry>
        </property>
        <property name="rejectFarRangeShadowCast" type="Int32" container="StaticArray" arraySize="1">
          <containerEntry>2</containerEntry>
        </property>
        <property name="parentLocator" type="EntityLink" container="StaticArray" arraySize="1">
          <containerEntry packagePathHash="0xB8A0BF169F98" archivePathHash="0xB8A0BF169F98" nameInArchiveHash="0xB8A0BF169F98">0x0</containerEntry>
        </property>
        <property name="transforms" type="Matrix4" container="DynamicArray" arraySize="6">
          <containerEntry r11="-0.9552468" r12="0.18404873" r13="-0.23158145" r14="0" r21="0.13853677" r22="0.9700552" r23="0.19950059" r24="0" r31="0.2613646" r32="0.15848973" r33="-0.9521396" r34="0" r41="1615.8488" r42="320.31528" r43="1167.315" r44="1"></containerEntry>
          <containerEntry r11="-0.9508629" r12="-0.12733832" r13="-0.2822103" r14="0" r21="-0.21432066" r22="0.92852885" r23="0.3031514" r24="0" r31="0.22343756" r32="0.34873924" r33="-0.9101948" r34="0" r41="1605.6799" r42="326.1454" r43="1161.6917" r44="1"></containerEntry>
          <containerEntry r11="-0.08210999" r12="0.04164736" r13="-1.437054" r14="0" r21="-0.040425126" r22="1.4387597" r23="0.044006594" r24="0" r31="1.4370888" r32="0.0428517" r33="-0.08087011" r34="0" r41="1641.0334" r42="334.84152" r43="1158.0009" r44="1"></containerEntry>
          <containerEntry r11="1.1466246" r12="0.005572071" r13="0.87110317" r14="0" r21="-0.04042502" r22="1.4387597" r23="0.0440079" r24="0" r31="-0.8701825" r32="-0.059496466" r33="1.1457932" r34="0" r41="1641.0334" r42="334.84152" r43="1183.7794" r44="1"></containerEntry>
          <containerEntry r11="-0.59404063" r12="0.05882161" r13="0.8022813" r14="0" r21="-0.22002855" r22="0.9474107" r23="-0.23238006" r24="0" r31="-0.7737588" r32="-0.31456807" r33="-0.549858" r34="0" r41="1574.9358" r42="335.22424" r43="1199.7158" r44="1"></containerEntry>
          <containerEntry r11="-0.36505085" r12="-0.18752691" r13="0.91190344" r14="0" r21="0.040364705" r22="0.97539407" r23="0.21674183" r24="0" r31="-0.93011016" r32="0.115930945" r33="-0.34849894" r34="0" r41="1545.4801" r42="348.18747" r43="1266.4255" r44="1"></containerEntry>
        </property>
        <property name="colors" type="UInt32" container="DynamicArray" arraySize="6">
          <containerEntry>4294967295</containerEntry>
          <containerEntry>4294967295</containerEntry>
          <containerEntry>4294967295</containerEntry>
          <containerEntry>4294967295</containerEntry>
          <containerEntry>4294967295</containerEntry>
          <containerEntry>4294967295</containerEntry>
        </property>
      </staticProperties>
      <dynamicProperties></dynamicProperties>
    </entity>
    <entity class="StaticModelArray" classVersion="4" classID="0xD0" addr="0x2D7A880" id="0x0">
      <staticProperties>
        <property name="name" type="String" container="StaticArray" arraySize="1">
          <containerEntry>StaticModelArray0006</containerEntry>
        </property>
        <property name="dataSet" type="EntityHandle" container="StaticArray" arraySize="1">
          <containerEntry>0x2F52EE0</containerEntry>
        </property>
        <property name="modelFile" type="FilePtr" container="StaticArray" arraySize="1">
          <containerEntry>/Assets/tpp/environ/object/afghanistan/cliff/afgh_clff022/scenes/afgh_clff022_vrtn003.fmdl</containerEntry>
        </property>
        <property name="geomFile" type="FilePtr" container="StaticArray" arraySize="1">
          <containerEntry>/Assets/tpp/environ/object/afghanistan/cliff/afgh_clff022/scenes/afgh_clff022_vrtn003.geom</containerEntry>
        </property>
        <property name="isVisibleGeom" type="Bool" container="StaticArray" arraySize="1">
          <containerEntry>false</containerEntry>
        </property>
        <property name="lodFarSize" type="Float" container="StaticArray" arraySize="1">
          <containerEntry>-1</containerEntry>
        </property>
        <property name="lodNearSize" type="Float" container="StaticArray" arraySize="1">
          <containerEntry>-1</containerEntry>
        </property>
        <property name="lodPolygonSize" type="Float" container="StaticArray" arraySize="1">
          <containerEntry>-1</containerEntry>
        </property>
        <property name="drawRejectionLevel" type="Int32" container="StaticArray" arraySize="1">
          <containerEntry>8</containerEntry>
        </property>
        <property name="drawMode" type="Int32" container="StaticArray" arraySize="1">
          <containerEntry>0</containerEntry>
        </property>
        <property name="rejectFarRangeShadowCast" type="Int32" container="StaticArray" arraySize="1">
          <containerEntry>2</containerEntry>
        </property>
        <property name="parentLocator" type="EntityLink" container="StaticArray" arraySize="1">
          <containerEntry packagePathHash="0xB8A0BF169F98" archivePathHash="0xB8A0BF169F98" nameInArchiveHash="0xB8A0BF169F98">0x0</containerEntry>
        </property>
        <property name="transforms" type="Matrix4" container="DynamicArray" arraySize="5">
          <containerEntry r11="0.55312264" r12="0" r13="0.83309966" r14="0" r21="0" r22="1" r23="0" r24="0" r31="-0.83309966" r32="0" r33="0.55312264" r34="0" r41="1570.689" r42="337.55087" r43="1197.3433" r44="1"></containerEntry>
          <containerEntry r11="0.29495513" r12="0" r13="0.95551" r14="0" r21="0" r22="1" r23="0" r24="0" r31="-0.95551" r32="0" r33="0.29495513" r34="0" r41="1587.1361" r42="337.73376" r43="1196.9163" r44="1"></containerEntry>
          <containerEntry r11="0.99987227" r12="0.015669394" r13="-0.0031465816" r14="0" r21="-0.01565751" r22="0.99987036" r23="0.0037667437" r24="0" r31="0.0032051962" r32="-0.0037169948" r33="0.99998796" r34="0" r41="1637.9039" r42="340.36545" r43="1192.5823" r44="1"></containerEntry>
          <containerEntry r11="0.7942543" r12="0" r13="0.6075855" r14="0" r21="0" r22="1" r23="0" r24="0" r31="-0.6075855" r32="0" r33="0.7942543" r34="0" r41="1563.3652" r42="339.96274" r43="1207.8834" r44="1"></containerEntry>
