<fox formatVersion="2" fileVersion="0">
  <entities>
    <entity class="DataSet" classVersion="0" classID="0xE8" addr="0x2EE27E0" id="0xFC6FD">
      <staticProperties>
        <property name="name" type="String" container="StaticArray" arraySize="1">
          <containerEntry hash="0xB8A0BF169F98"></containerEntry>
        </property>
        <property name="dataSet" type="EntityHandle" container="StaticArray" arraySize="1">
          <containerEntry>0x0</containerEntry>
        </property>
        <property name="dataList" type="EntityPtr" container="StringMap" arraySize="4">
          <containerEntry key="StaticModelArray0000">
            <data>0x2D79B60</data>
          </containerEntry>
          <containerEntry key="StaticModelArray0001">
            <data>0x2D79BD0</data>
          </containerEntry>
          <containerEntry key="StaticModelArray0002">
            <data>0x2D79CB0</data>
          </containerEntry>
          <containerEntry key="TexturePackLoadConditioner0000">
            <data>0x2D7A1F0</data>
          </containerEntry>
        </property>
      </staticProperties>
      <dynamicProperties></dynamicProperties>
    </entity>
    <entity class="StaticModelArray" classVersion="4" classID="0xD0" addr="0x2D79B60" id="0x0">
      <staticProperties>
        <property name="name" type="String" container="StaticArray" arraySize="1">
          <containerEntry>StaticModelArray0000</containerEntry>
        </property>
        <property name="dataSet" type="EntityHandle" container="StaticArray" arraySize="1">
          <containerEntry>0x2EE27E0</containerEntry>
        </property>
        <property name="modelFile" type="FilePtr" container="StaticArray" arraySize="1">
          <containerEntry>/Assets/tpp/environ/object/afghanistan/ground/afgh_grnd003/scenes/afgh_grnd003.fmdl</containerEntry>
        </property>
        <property name="geomFile" type="FilePtr" container="StaticArray" arraySize="1">
          <containerEntry>/Assets/tpp/environ/object/afghanistan/ground/afgh_grnd003/scenes/afgh_grnd003.geom</containerEntry>
        </property>
        <property name="isVisibleGeom" type="Bool" container="StaticArray" arraySize="1">
          <containerEntry>false</containerEntry>
        </property>
        <property name="lodFarSize" type="Float" container="StaticArray" arraySize="1">
          <containerEntry>-1</containerEntry>
        </property>
        <property name="lodNearSize" type="Float" container="StaticArray" arraySize="1">
          <containerEntry>-1</containerEntry>
        </property>
        <property name="lodPolygonSize" type="Float" container="StaticArray" arraySize="1">
          <containerEntry>-1</containerEntry>
        </property>
        <property name="drawRejectionLevel" type="Int32" container="StaticArray" arraySize="1">
          <containerEntry>8</containerEntry>
        </property>
        <property name="drawMode" type="Int32" container="StaticArray" arraySize="1">
          <containerEntry>0</containerEntry>
        </property>
        <property name="rejectFarRangeShadowCast" type="Int32" container="StaticArray" arraySize="1">
          <containerEntry>2</containerEntry>
        </property>
        <property name="parentLocator" type="EntityLink" container="StaticArray" arraySize="1">
          <containerEntry packagePathHash="0xB8A0BF169F98" archivePathHash="0xB8A0BF169F98" nameInArchiveHash="0xB8A0BF169F98">0x0</containerEntry>
        </property>
        <property name="transforms" type="Matrix4" container="DynamicArray" arraySize="2">
          <containerEntry r11="-0.6375359" r12="0" r13="0.7704196" r14="0" r21="0" r22="1" r23="0" r24="0" r31="-0.7704196" r32="0" r33="-0.6375359" r34="0" r41="551.4963" r42="282.56644" r43="2337.3777" r44="1"></containerEntry>
          <containerEntry r11="-0.99996805" r12="0" r13="-0.007625939" r14="0" r21="0" r22="1" r23="0" r24="0" r31="0.007625939" r32="0" r33="-0.99996805" r34="0" r41="566.3975" r42="282.56644" r43="2335.251" r44="1"></containerEntry>
        </property>
        <property name="colors" type="UInt32" container="DynamicArray" arraySize="2">
          <containerEntry>4294967295</containerEntry>
          <containerEntry>4294967295</containerEntry>
        </property>
      </staticProperties>
      <dynamicProperties></dynamicProperties>
    </entity>
    <entity class="StaticModelArray" classVersion="4" classID="0xD0" addr="0x2D79BD0" id="0x0">
      <staticProperties>
        <property name="name" type="String" container="StaticArray" arraySize="1">
          <containerEntry>StaticModelArray0001</containerEntry>
        </property>
        <property name="dataSet" type="EntityHandle" container="StaticArray" arraySize="1">
          <containerEntry>0x2EE27E0</containerEntry>
        </property>
        <property name="modelFile" type="FilePtr" container="StaticArray" arraySize="1">
          <containerEntry>/Assets/tpp/environ/object/afghanistan/rock/afgh_rock001/scenes/afgh_rock001_vrtn001.fmdl</containerEntry>
        </property>
        <property name="geomFile" type="FilePtr" container="StaticArray" arraySize="1">
          <containerEntry>/Assets/tpp/environ/object/afghanistan/rock/afgh_rock001/scenes/afgh_rock001_vrtn001.geom</containerEntry>
        </property>
        <property name="isVisibleGeom" type="Bool" container="StaticArray" arraySize="1">
          <containerEntry>false</containerEntry>
        </property>
        <property name="lodFarSize" type="Float" container="StaticArray" arraySize="1">
          <containerEntry>-1</containerEntry>
        </property>
        <property name="lodNearSize" type="Float" container="StaticArray" arraySize="1">
          <containerEntry>-1</containerEntry>
        </property>
        <property name="lodPolygonSize" type="Float" container="StaticArray" arraySize="1">
          <containerEntry>-1</containerEntry>
        </property>
        <property name="drawRejectionLevel" type="Int32" container="StaticArray" arraySize="1">
          <containerEntry>8</containerEntry>
        </property>
        <property name="drawMode" type="Int32" container="StaticArray" arraySize="1">
          <containerEntry>0</containerEntry>
        </property>
        <property name="rejectFarRangeShadowCast" type="Int32" container="StaticArray" arraySize="1">
          <containerEntry>2</containerEntry>
        </property>
        <property name="parentLocator" type="EntityLink" container="StaticArray" arraySize="1">
          <containerEntry packagePathHash="0xB8A0BF169F98" archivePathHash="0xB8A0BF169F98" nameInArchiveHash="0xB8A0BF169F98">0x0</containerEntry>
        </property>
        <property name="transforms" type="Matrix4" container="DynamicArray" arraySize="8">
          <containerEntry r11="0.53172064" r12="-0.8296686" r13="0.17006534" r14="0" r21="0.75756055" r22="0.3761537" r23="-0.53348756" r24="0" r31="0.37864774" r32="0.41250104" r33="0.8285339" r34="0" r41="538" r42="279.95245" r43="2338" r44="1"></containerEntry>
          <containerEntry r11="-0.3822655" r12="-0.27524784" r13="0.8821058" r14="0" r21="-0.10944515" r22="0.96137327" r23="0.25255322" r24="0" r31="-0.9175477" r32="2.8312206e-07" r33="-0.39762437" r34="0" r41="518" r42="279.23236" r43="2330" r44="1"></containerEntry>
          <containerEntry r11="-0.89128035" r12="0.2005806" r13="-0.4066755" r14="0" r21="-0.3450197" r22="-0.88193685" r23="0.32116506" r24="0" r31="-0.29424295" r32="0.42655954" r33="0.85525894" r34="0" r41="523.545" r42="278.86948" r43="2328.6223" r44="1"></containerEntry>
          <containerEntry r11="0.39650822" r12="-0.07489645" r13="-0.914971" r14="0" r21="-0.029781224" r22="-0.99719155" r23="0.06872086" r24="0" r31="-0.91754806" r32="5.6251884e-07" r33="-0.3976253" r34="0" r41="526.18506" r42="276.5672" r43="2317.7415" r44="1"></containerEntry>
          <containerEntry r11="0.22302747" r12="-0.82788336" r13="-0.5146532" r14="0" r21="-0.32918707" r22="-0.56090045" r23="0.7596227" r24="0" r31="-0.9175482" r32="4.4703484e-07" r33="-0.39762473" r34="0" r41="526" r42="276.5672" r43="2316" r44="1"></containerEntry>
          <containerEntry r11="0.5149549" r12="0.80357134" r13="0.29848528" r14="0" r21="-0.8006356" r22="0.5752744" r23="-0.16745493" r24="0" r31="-0.30627292" r32="-0.1527465" r33="0.9396091" r34="0" r41="536" r42="278.03253" r43="2328" r44="1"></containerEntry>
          <containerEntry r11="0.92395556" r12="-0.11609201" r13="-0.36445636" r14="0" r21="-0.054152414" r22="0.90352964" r23="-0.42508972" r24="0" r31="0.37864667" r32="0.4125002" r33="0.8285346" r34="0" r41="554" r42="280.81976" r43="2328.1487" r44="1"></containerEntry>
          <containerEntry r11="0.9103307" r12="-0.0043627843" r13="-0.41385823" r14="0" r21="-0.16710222" r22="0.9109469" r23="-0.37716353" r24="0" r31="0.37864828" r32="0.41250026" r33="0.8285339" r34="0" r41="542.59015" r42="280.9324" r43="2338" r44="1"></containerEntry>
        </property>
        <property name="colors" type="UInt32" container="DynamicArray" arraySize="8">
          <containerEntry>4294967295</containerEntry>
          <containerEntry>4294967295</containerEntry>
          <containerEntry>4294967295</containerEntry>
          <containerEntry>4294967295</containerEntry>
          <containerEntry>4294967295</containerEntry>
          <containerEntry>4294967295</containerEntry>
          <containerEntry>4294967295</containerEntry>
          <containerEntry>4294967295</containerEntry>
        </property>
      </staticProperties>
      <dynamicProperties></dynamicProperties>
    </entity>
    <entity class="StaticModelArray" classVersion="4" classID="0xD0" addr="0x2D79CB0" id="0x0">
      <staticProperties>
        <property name="name" type="String" container="StaticArray" arraySize="1">
          <containerEntry>StaticModelArray0002</containerEntry>
        </property>
        <property name="dataSet" type="EntityHandle" container="StaticArray" arraySize="1">
          <containerEntry>0x2EE27E0</containerEntry>
        </property>
        <property name="modelFile" type="FilePtr" container="StaticArray" arraySize="1">
          <containerEntry>/Assets/tpp/environ/object/middle_africa/rock/mafr_rock010/scenes/mafr_rock010_vrtn001.fmdl</containerEntry>
        </property>
        <property name="geomFile" type="FilePtr" container="StaticArray" arraySize="1">
          <containerEntry>/Assets/tpp/environ/object/middle_africa/rock/mafr_rock010/scenes/mafr_rock010_vrtn001.geom</containerEntry>
        </property>
        <property name="isVisibleGeom" type="Bool" container="StaticArray" arraySize="1">
          <containerEntry>false</containerEntry>
        </property>
        <property name="lodFarSize" type="Float" container="StaticArray" arraySize="1">
          <containerEntry>-1</containerEntry>
        </property>
        <property name="lodNearSize" type="Float" container="StaticArray" arraySize="1">
          <containerEntry>-1</containerEntry>
        </property>
        <property name="lodPolygonSize" type="Float" container="StaticArray" arraySize="1">
          <containerEntry>-1</containerEntry>
        </property>
        <property name="drawRejectionLevel" type="Int32" container="StaticArray" arraySize="1">
          <containerEntry>8</containerEntry>
        </property>
        <property name="drawMode" type="Int32" container="StaticArray" arraySize="1">
          <containerEntry>0</containerEntry>
        </property>
        <property name="rejectFarRangeShadowCast" type="Int32" container="StaticArray" arraySize="1">
          <containerEntry>2</containerEntry>
        </property>
        <property name="parentLocator" type="EntityLink" container="StaticArray" arraySize="1">
          <containerEntry packagePathHash="0xB8A0BF169F98" archivePathHash="0xB8A0BF169F98" nameInArchiveHash="0xB8A0BF169F98">0x0</containerEntry>
        </property>
        <property name="transforms" type="Matrix4" container="DynamicArray" arraySize="6">
          <containerEntry r11="0.689559" r12="0.13024884" r13="-0.7124208" r14="0" r21="-0.14362538" r22="0.988751" r23="0.041752733" r24="0" r31="0.70984507" r32="0.07353078" r33="0.70050913" r34="0" r41="536.5615" r42="277.38315" r43="2334.1775" r44="1"></containerEntry>
          <containerEntry r11="0.92978644" r12="0" r13="0.36809945" r14="0" r21="0" r22="1" r23="0" r24="0" r31="-0.36809945" r32="0" r33="0.92978644" r34="0" r41="532.1298" r42="278.0871" r43="2335.8267" r44="1"></containerEntry>
          <containerEntry r11="-0.605303" r12="-0.035554208" r13="-0.79520196" r14="0" r21="-0.09640191" r22="0.99492294" r23="0.028896537" r24="0" r31="0.79013723" r32="0.09415007" r33="-0.60565734" r34="0" r41="514.31616" r42="279.01056" r43="2341.603" r44="1"></containerEntry>
          <containerEntry r11="0.97899735" r12="-0.20387293" r13="0" r14="0" r21="0.20387293" r22="0.97899735" r23="0" r24="0" r31="0" r32="0" r33="1" r34="0" r41="524.0189" r42="277.26837" r43="2323.6025" r44="1"></containerEntry>
          <containerEntry r11="-0.25766608" r12="0.023666896" r13="-0.96594197" r14="0" r21="0.18413228" r22="0.9825824" r23="-0.025043242" r24="0" r31="0.9485248" r32="-0.18431422" r33="-0.25753593" r34="0" r41="515.4254" r42="276.823" r43="2318.9001" r44="1"></containerEntry>
          <containerEntry r11="0.92427695" r12="0.14738673" r13="-0.35212123" r14="0" r21="-0.17380026" r22="0.9837783" r23="-0.044427097" r24="0" r31="0.33986127" r32="0.10226168" r33="0.9348994" r34="0" r41="546.17596" r42="281.4624" r43="2344.8733" r44="1"></containerEntry>
        </property>
        <property name="colors" type="UInt32" container="DynamicArray" arraySize="6">
          <containerEntry>4294967295</containerEntry>
          <containerEntry>4294967295</containerEntry>
          <containerEntry>4294967295</containerEntry>
          <containerEntry>4294967295</containerEntry>
          <containerEntry>4294967295</containerEntry>
          <containerEntry>4294967295</containerEntry>
        </property>
      </staticProperties>
      <dynamicProperties></dynamicProperties>
    </entity>
    <entity class="TexturePackLoadConditioner" classVersion="0" classID="0x48" addr="0x2D7A1F0" id="0x0">
      <staticProperties>
        <property name="name" type="String" container="StaticArray" arraySize="1">
          <containerEntry>TexturePackLoadConditioner0000</containerEntry>
        </property>
        <property name="dataSet" type="EntityHandle" container="StaticArray" arraySize="1">
          <containerEntry>0x2EE27E0</containerEntry>
        </property>
        <property name="texturePackPath" type="Path" container="StaticArray" arraySize="1">
          <containerEntry hash="0xB8A0BF169F98"></containerEntry>
        </property>
      </staticProperties>
      <dynamicProperties></dynamicProperties>
    </entity>
  </entities>
</fox>