<fox formatVersion="2" fileVersion="0">
  <entities>
    <entity class="DataSet" classVersion="0" classID="0xE8" addr="0x32F41B0" id="0x8BAA2D">
      <staticProperties>
        <property name="name" type="String" container="StaticArray" arraySize="1">
          <containerEntry hash="0xB8A0BF169F98"></containerEntry>
        </property>
        <property name="dataSet" type="EntityHandle" container="StaticArray" arraySize="1">
          <containerEntry>0x0</containerEntry>
        </property>
        <property name="dataList" type="EntityPtr" container="StringMap" arraySize="2">
          <containerEntry key="StaticModelArray0000">
            <data>0x3174F40</data>
          </containerEntry>
          <containerEntry key="TexturePackLoadConditioner0000">
            <data>0x3178120</data>
          </containerEntry>
        </property>
      </staticProperties>
      <dynamicProperties></dynamicProperties>
    </entity>
    <entity class="StaticModelArray" classVersion="4" classID="0xD0" addr="0x3174F40" id="0x0">
      <staticProperties>
        <property name="name" type="String" container="StaticArray" arraySize="1">
          <containerEntry>StaticModelArray0000</containerEntry>
        </property>
        <property name="dataSet" type="EntityHandle" container="StaticArray" arraySize="1">
          <containerEntry>0x32F41B0</containerEntry>
        </property>
        <property name="modelFile" type="FilePtr" container="StaticArray" arraySize="1">
          <containerEntry>/Assets/tpp/environ/object/middle_africa/tree/mafr_tree031/scenes/mafr_tree031_vrtn008.fmdl</containerEntry>
        </property>
        <property name="geomFile" type="FilePtr" container="StaticArray" arraySize="1">
          <containerEntry>/Assets/tpp/environ/object/middle_africa/tree/mafr_tree031/scenes/mafr_tree031_vrtn008.geom</containerEntry>
        </property>
        <property name="isVisibleGeom" type="Bool" container="StaticArray" arraySize="1">
          <containerEntry>false</containerEntry>
        </property>
        <property name="lodFarSize" type="Float" container="StaticArray" arraySize="1">
          <containerEntry>-1</containerEntry>
        </property>
        <property name="lodNearSize" type="Float" container="StaticArray" arraySize="1">
          <containerEntry>-1</containerEntry>
        </property>
        <property name="lodPolygonSize" type="Float" container="StaticArray" arraySize="1">
          <containerEntry>-1</containerEntry>
        </property>
        <property name="drawRejectionLevel" type="Int32" container="StaticArray" arraySize="1">
          <containerEntry>7</containerEntry>
        </property>
        <property name="drawMode" type="Int32" container="StaticArray" arraySize="1">
          <containerEntry>0</containerEntry>
        </property>
        <property name="rejectFarRangeShadowCast" type="Int32" container="StaticArray" arraySize="1">
          <containerEntry>2</containerEntry>
        </property>
        <property name="parentLocator" type="EntityLink" container="StaticArray" arraySize="1">
          <containerEntry packagePathHash="0xB8A0BF169F98" archivePathHash="0xB8A0BF169F98" nameInArchiveHash="0xB8A0BF169F98">0x0</containerEntry>
        </property>
        <property name="transforms" type="Matrix4" container="DynamicArray" arraySize="7">
          <containerEntry r11="0.78563607" r12="0.06705809" r13="-0.61503124" r14="0" r21="-0.05280238" r22="0.9977491" r23="0.041337237" r24="0" r31="0.6164188" r32="-9.2200196e-07" r33="0.7874084" r34="0" r41="1770.8171" r42="2.176585" r43="2774.9092" r44="1"></containerEntry>
          <containerEntry r11="0.97135466" r12="0.06705874" r13="-0.22795016" r14="0" r21="-0.065285996" r22="0.99774903" r23="0.015318895" r24="0" r31="0.2284643" r32="1.8677562e-06" r33="0.97354615" r34="0" r41="1756.5504" r42="-1.36437" r43="2765.2642" r44="1"></containerEntry>
          <containerEntry r11="-0.35915735" r12="0.06705862" r13="0.93085605" r14="0" r21="0.024137769" r22="0.99774903" r23="-0.06256436" r24="0" r31="-0.93295616" r32="-1.6651915e-06" r33="-0.35996753" r34="0" r41="1744.9052" r42="-0.022641" r43="2783.2861" r44="1"></containerEntry>
          <containerEntry r11="0.35179698" r12="0.0670588" r13="-0.93366313" r14="0" r21="-0.02364337" r22="0.997749" r23="0.06275305" r24="0" r31="0.93576956" r32="-1.4230495e-06" r33="0.35259056" r34="0" r41="1727.6124" r42="-0.022641" r43="2801.9065" r44="1"></containerEntry>
          <containerEntry r11="-0.91458684" r12="0.0045355917" r13="0.4043509" r14="0" r21="0.0041487925" r22="0.99998975" r23="-0.0018328559" r24="0" r31="-0.40435508" r32="1.2628658e-06" r33="-0.91459626" r34="0" r41="1788.499" r42="-7.130234" r43="2705.8855" r44="1"></containerEntry>
          <containerEntry r11="-0.79350275" r12="0.0670595" r13="0.6048479" r14="0" r21="0.05333402" r22="0.9977489" r23="-0.040651113" r24="0" r31="-0.6062124" r32="2.1606554e-06" r33="-0.7952931" r34="0" r41="1756.478" r42="2.189869" r43="2803.6826" r44="1"></containerEntry>
          <containerEntry r11="-0.7479144" r12="0.06705861" r13="0.6603862" r14="0" r21="0.050267335" r22="0.997749" r23="-0.044386085" r24="0" r31="-0.66187614" r32="-1.1511055e-06" r33="-0.74960166" r34="0" r41="1778.995" r42="0.330612" r43="2753.5996" r44="1"></containerEntry>
        </property>
        <property name="colors" type="UInt32" container="DynamicArray" arraySize="7">
          <containerEntry>4294967295</containerEntry>
          <containerEntry>4294967295</containerEntry>
          <containerEntry>4294967295</containerEntry>
          <containerEntry>4294967295</containerEntry>
          <containerEntry>4294967295</containerEntry>
          <containerEntry>4294967295</containerEntry>
          <containerEntry>4294967295</containerEntry>
        </property>
      </staticProperties>
      <dynamicProperties></dynamicProperties>
    </entity>
    <entity class="TexturePackLoadConditioner" classVersion="0" classID="0x48" addr="0x3178120" id="0x0">
      <staticProperties>
        <property name="name" type="String" container="StaticArray" arraySize="1">
          <containerEntry>TexturePackLoadConditioner0000</containerEntry>
        </property>
        <property name="dataSet" type="EntityHandle" container="StaticArray" arraySize="1">
          <containerEntry>0x32F41B0</containerEntry>
        </property>
        <property name="texturePackPath" type="Path" container="StaticArray" arraySize="1">
          <containerEntry hash="0xB8A0BF169F98"></containerEntry>
        </property>
      </staticProperties>
      <dynamicProperties></dynamicProperties>
    </entity>
  </entities>
</fox>