<fox formatVersion="2" fileVersion="0">
  <entities>
    <entity class="DataSet" classVersion="0" classID="0xE8" addr="0x32F46F0" id="0x2E53AB5">
      <staticProperties>
        <property name="name" type="String" container="StaticArray" arraySize="1">
          <containerEntry hash="0xB8A0BF169F98"></containerEntry>
        </property>
        <property name="dataSet" type="EntityHandle" container="StaticArray" arraySize="1">
          <containerEntry>0x0</containerEntry>
        </property>
        <property name="dataList" type="EntityPtr" container="StringMap" arraySize="7">
          <containerEntry key="mafr_mudd003_grnd001_0007">
            <data>0x3174BC0</data>
          </containerEntry>
          <containerEntry key="StaticModelArray0000">
            <data>0x317EC50</data>
          </containerEntry>
          <containerEntry key="StaticModelArray0001">
            <data>0x317ECC0</data>
          </containerEntry>
          <containerEntry key="StaticModelArray0002">
            <data>0x317ED30</data>
          </containerEntry>
          <containerEntry key="StaticModelArray0003">
            <data>0x317EDA0</data>
          </containerEntry>
          <containerEntry key="StaticModelArray0004">
            <data>0x317E860</data>
          </containerEntry>
          <containerEntry key="TexturePackLoadConditioner0000">
            <data>0x317F270</data>
          </containerEntry>
        </property>
      </staticProperties>
      <dynamicProperties></dynamicProperties>
    </entity>
    <entity class="StaticModel" classVersion="9" classID="0x160" addr="0x3174BC0" id="0x2E53AD6">
      <staticProperties>
        <property name="name" type="String" container="StaticArray" arraySize="1">
          <containerEntry>mafr_mudd003_grnd001_0007</containerEntry>
        </property>
        <property name="dataSet" type="EntityHandle" container="StaticArray" arraySize="1">
          <containerEntry>0x32F46F0</containerEntry>
        </property>
        <property name="parent" type="EntityHandle" container="StaticArray" arraySize="1">
          <containerEntry>0x0</containerEntry>
        </property>
        <property name="transform" type="EntityPtr" container="StaticArray" arraySize="1">
          <containerEntry>0x3174C30</containerEntry>
        </property>
        <property name="shearTransform" type="EntityPtr" container="StaticArray" arraySize="1">
          <containerEntry>0x0</containerEntry>
        </property>
        <property name="pivotTransform" type="EntityPtr" container="StaticArray" arraySize="1">
          <containerEntry>0x0</containerEntry>
        </property>
        <property name="children" type="EntityHandle" container="List"></property>
        <property name="flags" type="UInt32" container="StaticArray" arraySize="1">
          <containerEntry>3221225479</containerEntry>
        </property>
        <property name="modelFile" type="FilePtr" container="StaticArray" arraySize="1">
          <containerEntry>/Assets/tpp/environ/object/middle_africa/mud/mafr_mudd003/scenes/mafr_mudd003_grnd001.fmdl</containerEntry>
        </property>
        <property name="geomFile" type="FilePtr" container="StaticArray" arraySize="1">
          <containerEntry>/Assets/tpp/environ/object/middle_africa/mud/mafr_mudd003/scenes/mafr_mudd003_grnd001.geom</containerEntry>
        </property>
        <property name="isVisibleGeom" type="Bool" container="StaticArray" arraySize="1">
          <containerEntry>false</containerEntry>
        </property>
        <property name="isIsolated" type="Bool" container="StaticArray" arraySize="1">
          <containerEntry>false</containerEntry>
        </property>
        <property name="lodFarSize" type="Float" container="StaticArray" arraySize="1">
          <containerEntry>-1</containerEntry>
        </property>
        <property name="lodNearSize" type="Float" container="StaticArray" arraySize="1">
          <containerEntry>-1</containerEntry>
        </property>
        <property name="lodPolygonSize" type="Float" container="StaticArray" arraySize="1">
          <containerEntry>-1</containerEntry>
        </property>
        <property name="color" type="Color" container="StaticArray" arraySize="1">
          <containerEntry r="1" g="1" b="1" a="1"></containerEntry>
        </property>
        <property name="drawRejectionLevel" type="Int32" container="StaticArray" arraySize="1">
          <containerEntry>8</containerEntry>
        </property>
        <property name="drawMode" type="Int32" container="StaticArray" arraySize="1">
          <containerEntry>0</containerEntry>
        </property>
        <property name="rejectFarRangeShadowCast" type="Int32" container="StaticArray" arraySize="1">
          <containerEntry>2</containerEntry>
        </property>
      </staticProperties>
      <dynamicProperties></dynamicProperties>
    </entity>
    <entity class="TransformEntity" classVersion="0" classID="0x50" addr="0x3174C30" id="0x2E53AD9">
      <staticProperties>
        <property name="owner" type="EntityHandle" container="StaticArray" arraySize="1">
          <containerEntry>0x3174BC0</containerEntry>
        </property>
        <property name="transform_scale" type="Vector3" container="StaticArray" arraySize="1">
          <containerEntry x="1" y="1" z="1" w="0"></containerEntry>
        </property>
        <property name="transform_rotation_quat" type="Quat" container="StaticArray" arraySize="1">
          <containerEntry x="0" y="-0.837262" z="0" w="-0.546801"></containerEntry>
        </property>
        <property name="transform_translation" type="Vector3" container="StaticArray" arraySize="1">
          <containerEntry x="-397.01044" y="-3.85648" z="362.45767" w="0"></containerEntry>
        </property>
      </staticProperties>
      <dynamicProperties></dynamicProperties>
    </entity>
    <entity class="StaticModelArray" classVersion="4" classID="0xD0" addr="0x317EC50" id="0x0">
      <staticProperties>
        <property name="name" type="String" container="StaticArray" arraySize="1">
          <containerEntry>StaticModelArray0000</containerEntry>
        </property>
        <property name="dataSet" type="EntityHandle" container="StaticArray" arraySize="1">
          <containerEntry>0x32F46F0</containerEntry>
        </property>
        <property name="modelFile" type="FilePtr" container="StaticArray" arraySize="1">
          <containerEntry>/Assets/tpp/environ/object/middle_africa/tree/mafr_tree038/scenes/mafr_tree038.fmdl</containerEntry>
        </property>
        <property name="geomFile" type="FilePtr" container="StaticArray" arraySize="1">
          <containerEntry>/Assets/tpp/environ/object/middle_africa/tree/mafr_tree038/scenes/mafr_tree038.geom</containerEntry>
        </property>
        <property name="isVisibleGeom" type="Bool" container="StaticArray" arraySize="1">
          <containerEntry>false</containerEntry>
        </property>
        <property name="lodFarSize" type="Float" container="StaticArray" arraySize="1">
          <containerEntry>-1</containerEntry>
        </property>
        <property name="lodNearSize" type="Float" container="StaticArray" arraySize="1">
          <containerEntry>-1</containerEntry>
        </property>
        <property name="lodPolygonSize" type="Float" container="StaticArray" arraySize="1">
          <containerEntry>-1</containerEntry>
        </property>
        <property name="drawRejectionLevel" type="Int32" container="StaticArray" arraySize="1">
          <containerEntry>8</containerEntry>
        </property>
        <property name="drawMode" type="Int32" container="StaticArray" arraySize="1">
          <containerEntry>0</containerEntry>
        </property>
        <property name="rejectFarRangeShadowCast" type="Int32" container="StaticArray" arraySize="1">
          <containerEntry>2</containerEntry>
        </property>
        <property name="parentLocator" type="EntityLink" container="StaticArray" arraySize="1">
          <containerEntry packagePathHash="0xB8A0BF169F98" archivePathHash="0xB8A0BF169F98" nameInArchiveHash="0xB8A0BF169F98">0x0</containerEntry>
        </property>
        <property name="transforms" type="Matrix4" container="DynamicArray" arraySize="5">
          <containerEntry r11="0.7874782" r12="0" r13="0.12448611" r14="0" r21="0" r22="0.797257" r23="0" r24="0" r31="-0.12448611" r32="0" r33="0.7874782" r34="0" r41="-450.67062" r42="-4.359891" r43="293.47186" r44="1"></containerEntry>
          <containerEntry r11="0.648159" r12="0" r13="0.3364153" r14="0" r21="0" r22="0.730264" r23="0" r24="0" r31="-0.3364153" r32="0" r33="0.648159" r34="0" r41="-432.6914" r42="-4.105275" r43="345.85355" r44="1"></containerEntry>
          <containerEntry r11="0.13351627" r12="0" r13="-0.85758907" r14="0" r21="0" r22="0.86792" r23="0" r24="0" r31="0.85758907" r32="0" r33="0.13351627" r34="0" r41="-440.75806" r42="-4.764108" r43="336.37192" r44="1"></containerEntry>
          <containerEntry r11="-0.45309013" r12="0" r13="-0.58202" r14="0" r21="0" r22="0.73759" r23="0" r24="0" r31="0.58202" r32="0" r33="-0.45309013" r34="0" r41="-459.8695" r42="-4.379614" r43="264.05267" r44="1"></containerEntry>
          <containerEntry r11="0.46584886" r12="0" r13="-0.7327193" r14="0" r21="0" r22="0.86827" r23="0" r24="0" r31="0.7327193" r32="0" r33="0.46584886" r34="0" r41="-468.10406" r42="-3.859054" r43="265.88284" r44="1"></containerEntry>
        </property>
        <property name="colors" type="UInt32" container="DynamicArray" arraySize="5">
          <containerEntry>4294967295</containerEntry>
          <containerEntry>4294967295</containerEntry>
          <containerEntry>4294967295</containerEntry>
          <containerEntry>4294967295</containerEntry>
          <containerEntry>4294967295</containerEntry>
        </property>
      </staticProperties>
      <dynamicProperties></dynamicProperties>
    </entity>
    <entity class="StaticModelArray" classVersion="4" classID="0xD0" addr="0x317ECC0" id="0x0">
      <staticProperties>
        <property name="name" type="String" container="StaticArray" arraySize="1">
          <containerEntry>StaticModelArray0001</containerEntry>
        </property>
        <property name="dataSet" type="EntityHandle" container="StaticArray" arraySize="1">
          <containerEntry>0x32F46F0</containerEntry>
        </property>
        <property name="modelFile" type="FilePtr" container="StaticArray" arraySize="1">
          <containerEntry>/Assets/tpp/environ/object/middle_africa/rock/mafr_rock011/scenes/mafr_rock011.fmdl</containerEntry>
        </property>
        <property name="geomFile" type="FilePtr" container="StaticArray" arraySize="1">
          <containerEntry>/Assets/tpp/environ/object/middle_africa/rock/mafr_rock011/scenes/mafr_rock011.geom</containerEntry>
        </property>
        <property name="isVisibleGeom" type="Bool" container="StaticArray" arraySize="1">
          <containerEntry>false</containerEntry>
        </property>
        <property name="lodFarSize" type="Float" container="StaticArray" arraySize="1">
          <containerEntry>-1</containerEntry>
        </property>
        <property name="lodNearSize" type="Float" container="StaticArray" arraySize="1">
          <containerEntry>-1</containerEntry>
        </property>
        <property name="lodPolygonSize" type="Float" container="StaticArray" arraySize="1">
          <containerEntry>-1</containerEntry>
        </property>
        <property name="drawRejectionLevel" type="Int32" container="StaticArray" arraySize="1">
          <containerEntry>8</containerEntry>
        </property>
        <property name="drawMode" type="Int32" container="StaticArray" arraySize="1">
          <containerEntry>0</containerEntry>
        </property>
        <property name="rejectFarRangeShadowCast" type="Int32" container="StaticArray" arraySize="1">
          <containerEntry>2</containerEntry>
        </property>
        <property name="parentLocator" type="EntityLink" container="StaticArray" arraySize="1">
          <containerEntry packagePathHash="0xB8A0BF169F98" archivePathHash="0xB8A0BF169F98" nameInArchiveHash="0xB8A0BF169F98">0x0</containerEntry>
        </property>
        <property name="transforms" type="Matrix4" container="DynamicArray" arraySize="11">
          <containerEntry r11="-0.8366239" r12="0.08090519" r13="-0.5417614" r14="0" r21="0.30742496" r22="0.8879338" r23="-0.3421451" r24="0" r31="0.45336685" r32="-0.45279846" r33="-0.76773876" r34="0" r41="-398.13562" r42="-5.3715487" r43="357.24213" r44="1"></containerEntry>
          <containerEntry r11="-0.9834817" r12="0.13445951" r13="-0.121112496" r14="0" r21="0.16831991" r22="0.92547214" r23="-0.33936626" r24="0" r31="0.06645521" r32="-0.35414758" r33="-0.93281794" r34="0" r41="-388.9961" r42="-6.039348" r43="360.78033" r44="1"></containerEntry>
          <containerEntry r11="-0.35226184" r12="0.03560774" r13="-0.93521374" r14="0" r21="0.37992987" r22="0.9186737" r23="-0.10812859" r24="0" r31="0.8553076" r32="-0.39340654" r33="-0.33714265" r34="0" r41="-409.12595" r42="-5.3521767" r43="343.4691" r44="1"></containerEntry>
          <containerEntry r11="-0.018130379" r12="0.04093052" r13="-0.99899304" r14="0" r21="0.43671668" r22="0.8991342" r23="0.028912604" r24="0" r31="0.8994121" r32="-0.43575332" r33="-0.034176547" r34="0" r41="-413.2367" r42="-5.4312143" r43="332.9531" r44="1"></containerEntry>
          <containerEntry r11="-0.15005782" r12="0.104683205" r13="0.983113" r14="0" r21="-0.81162214" r22="0.55479074" r23="-0.18295923" r24="0" r31="-0.5645735" r32="-0.8253738" r33="0.0017142841" r34="0" r41="-404.04404" r42="-4.446476" r43="286.11633" r44="1"></containerEntry>
          <containerEntry r11="-0.52742064" r12="-0.04241731" r13="-0.8485372" r14="0" r21="0.3188609" r22="0.9158619" r23="-0.24397618" r24="0" r31="0.7874915" r32="-0.39924484" r33="-0.46951887" r34="0" r41="-409.02673" r42="-4.905736" r43="295.78796" r44="1"></containerEntry>
          <containerEntry r11="-0.8896154" r12="0.12107926" r13="-0.44034034" r14="0" r21="0.3137691" r22="0.8626549" r23="-0.39670497" r24="0" r31="0.3318294" r32="-0.49108306" r33="-0.80542314" r34="0" r41="-438.79187" r42="-6.5553784" r43="347.17627" r44="1"></containerEntry>
          <containerEntry r11="-0.6602812" r12="-0.07712882" r13="-0.7470315" r14="0" r21="0.3476267" r22="0.85034513" r23="-0.3950545" r24="0" r31="0.6657058" r32="-0.5205383" r33="-0.5346552" r34="0" r41="-446.18124" r42="-6.545352" r43="341.0407" r44="1"></containerEntry>
          <containerEntry r11="0.82873267" r12="0.09259697" r13="0.5519183" r14="0" r21="-0.42403513" r22="0.74750835" r23="0.5112976" r24="0" r31="-0.36521918" r32="-0.6577625" r33="0.6587496" r34="0" r41="-461.32718" r42="-6.2991915" r43="287.6107" r44="1"></containerEntry>
          <containerEntry r11="0.89087194" r12="0.053762663" r13="0.45104387" r14="0" r21="-0.34752893" r22="0.72008467" r23="0.6005838" r24="0" r31="-0.29250112" r32="-0.69179547" r33="0.6601886" r34="0" r41="-470.70892" r42="-5.44953" r43="282.68103" r44="1"></containerEntry>
          <containerEntry r11="0.005890337" r12="0.07563262" r13="0.99711245" r14="0" r21="-0.7559849" r22="0.65303415" r23="-0.045069844" r24="0" r31="-0.65455616" r32="-0.7535387" r33="0.0610249" r34="0" r41="-410.88412" r42="-5.2836304" r43="314.07245" r44="1"></containerEntry>
        </property>
        <property name="colors" type="UInt32" container="DynamicArray" arraySize="11">
          <containerEntry>4294967295</containerEntry>
          <containerEntry>4294967295</containerEntry>
          <containerEntry>4294967295</containerEntry>
          <containerEntry>4294967295</containerEntry>
          <containerEntry>4294967295</containerEntry>
          <containerEntry>4294967295</containerEntry>
          <containerEntry>4294967295</containerEntry>
          <containerEntry>4294967295</containerEntry>
          <containerEntry>4294967295</containerEntry>
          <containerEntry>4294967295</containerEntry>
          <containerEntry>4294967295</containerEntry>
        </property>
      </staticProperties>
      <dynamicProperties></dynamicProperties>
    </entity>
    <entity class="StaticModelArray" classVersion="4" classID="0xD0" addr="0x317ED30" id="0x0">
      <staticProperties>
        <property name="name" type="String" container="StaticArray" arraySize="1">
          <containerEntry>StaticModelArray0002</containerEntry>
        </property>
        <property name="dataSet" type="EntityHandle" container="StaticArray" arraySize="1">
          <containerEntry>0x32F46F0</containerEntry>
        </property>
        <property name="modelFile" type="FilePtr" container="StaticArray" arraySize="1">
          <containerEntry>/Assets/tpp/environ/object/middle_africa/rock/mafr_rock010/scenes/mafr_rock010.fmdl</containerEntry>
        </property>
        <property name="geomFile" type="FilePtr" container="StaticArray" arraySize="1">
          <containerEntry>/Assets/tpp/environ/object/middle_africa/rock/mafr_rock010/scenes/mafr_rock010.geom</containerEntry>
        </property>
        <property name="isVisibleGeom" type="Bool" container="StaticArray" arraySize="1">
          <containerEntry>false</containerEntry>
        </property>
        <property name="lodFarSize" type="Float" container="StaticArray" arraySize="1">
          <containerEntry>-1</containerEntry>
        </property>
        <property name="lodNearSize" type="Float" container="StaticArray" arraySize="1">
          <containerEntry>-1</containerEntry>
        </property>
        <property name="lodPolygonSize" type="Float" container="StaticArray" arraySize="1">
          <containerEntry>-1</containerEntry>
        </property>
        <property name="drawRejectionLevel" type="Int32" container="StaticArray" arraySize="1">
          <containerEntry>8</containerEntry>
        </property>
        <property name="drawMode" type="Int32" container="StaticArray" arraySize="1">
          <containerEntry>0</containerEntry>
        </property>
        <property name="rejectFarRangeShadowCast" type="Int32" container="StaticArray" arraySize="1">
          <containerEntry>2</containerEntry>
        </property>
        <property name="parentLocator" type="EntityLink" container="StaticArray" arraySize="1">
          <containerEntry packagePathHash="0xB8A0BF169F98" archivePathHash="0xB8A0BF169F98" nameInArchiveHash="0xB8A0BF169F98">0x0</containerEntry>
        </property>
        <property name="transforms" type="Matrix4" container="DynamicArray" arraySize="2">
          <containerEntry r11="0.88512534" r12="0.07106222" r13="0.45989424" r14="0" r21="-0.119863436" r22="0.9897405" r23="0.07775893" r24="0" r31="-0.44965023" r32="-0.12395101" r33="0.8845622" r34="0" r41="-440.48175" r42="-5.070509" r43="327.32025" r44="1"></containerEntry>
          <containerEntry r11="-0.22677203" r12="0.21725565" r13="-0.9494043" r14="0" r21="0.42773354" r22="0.89798033" r23="0.10331926" r24="0" r31="0.8749929" r32="-0.3826628" r33="-0.29656428" r34="0" r41="-461.9193" r42="-5.070508" r43="285.44763" r44="1"></containerEntry>
        </property>
        <property name="colors" type="UInt32" container="DynamicArray" arraySize="2">
          <containerEntry>4294967295</containerEntry>
          <containerEntry>4294967295</containerEntry>
        </property>
      </staticProperties>
      <dynamicProperties></dynamicProperties>
    </entity>
    <entity class="StaticModelArray" classVersion="4" classID="0xD0" addr="0x317EDA0" id="0x0">
      <staticProperties>
        <property name="name" type="String" container="StaticArray" arraySize="1">
          <containerEntry>StaticModelArray0003</containerEntry>
        </property>
        <property name="dataSet" type="EntityHandle" container="StaticArray" arraySize="1">
          <containerEntry>0x32F46F0</containerEntry>
        </property>
        <property name="modelFile" type="FilePtr" container="StaticArray" arraySize="1">
          <containerEntry>/Assets/tpp/environ/object/middle_africa/mud/mafr_mudd003/scenes/mafr_mudd003.fmdl</containerEntry>
        </property>
        <property name="geomFile" type="FilePtr" container="StaticArray" arraySize="1">
          <containerEntry>/Assets/tpp/environ/object/middle_africa/mud/mafr_mudd003/scenes/mafr_mudd003.geom</containerEntry>
        </property>
        <property name="isVisibleGeom" type="Bool" container="StaticArray" arraySize="1">
          <containerEntry>false</containerEntry>
        </property>
        <property name="lodFarSize" type="Float" container="StaticArray" arraySize="1">
          <containerEntry>-1</containerEntry>
        </property>
        <property name="lodNearSize" type="Float" container="StaticArray" arraySize="1">
          <containerEntry>-1</containerEntry>
        </property>
        <property name="lodPolygonSize" type="Float" container="StaticArray" arraySize="1">
          <containerEntry>-1</containerEntry>
        </property>
        <property name="drawRejectionLevel" type="Int32" container="StaticArray" arraySize="1">
          <containerEntry>8</containerEntry>
        </property>
        <property name="drawMode" type="Int32" container="StaticArray" arraySize="1">
          <containerEntry>0</containerEntry>
        </property>
        <property name="rejectFarRangeShadowCast" type="Int32" container="StaticArray" arraySize="1">
          <containerEntry>2</containerEntry>
        </property>
        <property name="parentLocator" type="EntityLink" container="StaticArray" arraySize="1">
          <containerEntry packagePathHash="0xB8A0BF169F98" archivePathHash="0xB8A0BF169F98" nameInArchiveHash="0xB8A0BF169F98">0x0</containerEntry>
        </property>
        <property name="transforms" type="Matrix4" container="DynamicArray" arraySize="31">
          <containerEntry r11="-0.38507378" r12="0" r13="0.9228849" r14="0" r21="0" r22="1" r23="0" r24="0" r31="-0.9228849" r32="0" r33="-0.38507378" r34="0" r41="-417.45557" r42="-4.091478" r43="284.59412" r44="1"></containerEntry>
          <containerEntry r11="1" r12="0" r13="0" r14="0" r21="0" r22="1" r23="0" r24="0" r31="0" r32="0" r33="1" r34="0" r41="-415.17767" r42="-4.061063" r43="338.77692" r44="1"></containerEntry>
          <containerEntry r11="-0.14418507" r12="0" r13="0.9895502" r14="0" r21="0" r22="1" r23="0" r24="0" r31="-0.9895502" r32="0" r33="-0.14418507" r34="0" r41="-394.98386" r42="-4.043445" r43="263.717" r44="1"></containerEntry>
          <containerEntry r11="0.9759314" r12="0" r13="0.21807791" r14="0" r21="0" r22="1" r23="0" r24="0" r31="-0.21807791" r32="0" r33="0.9759314" r34="0" r41="-411.18204" r42="-4.047369" r43="347.39893" r44="1"></containerEntry>
          <containerEntry r11="-0.14418507" r12="0" r13="0.9895502" r14="0" r21="0" r22="1" r23="0" r24="0" r31="-0.9895502" r32="0" r33="-0.14418507" r34="0" r41="-422.6706" r42="-4.043445" r43="270.69293" r44="1"></containerEntry>
          <containerEntry r11="-0.14418507" r12="0" r13="0.9895502" r14="0" r21="0" r22="1" r23="0" r24="0" r31="-0.9895502" r32="0" r33="-0.14418507" r34="0" r41="-416.393" r42="-4.121529" r43="259.6502" r44="1"></containerEntry>
          <containerEntry r11="0.54419565" r12="0" r13="0.8389584" r14="0" r21="0" r22="1" r23="0" r24="0" r31="-0.8389584" r32="0" r33="0.54419565" r34="0" r41="-423.6991" r42="-4.093816" r43="347.39893" r44="1"></containerEntry>
          <containerEntry r11="0.4486429" r12="0" r13="0.8937103" r14="0" r21="0" r22="1" r23="0" r24="0" r31="-0.8937103" r32="0" r33="0.4486429" r34="0" r41="-433.5482" r42="-4.047369" r43="290.84665" r44="1"></containerEntry>
          <containerEntry r11="-0.67477953" r12="0" r13="-0.7380201" r14="0" r21="0" r22="1" r23="0" r24="0" r31="0.7380201" r32="0" r33="-0.67477953" r34="0" r41="-433.24734" r42="-4.043445" r43="257.8654" r44="1"></containerEntry>
          <containerEntry r11="-0.67477953" r12="0" r13="-0.7380201" r14="0" r21="0" r22="1" r23="0" r24="0" r31="0.7380201" r32="0" r33="-0.67477953" r34="0" r41="-443.9716" r42="-4.043445" r43="266.6793" r44="1"></containerEntry>
          <containerEntry r11="0.61124086" r12="0" r13="0.7914441" r14="0" r21="0" r22="1" r23="0" r24="0" r31="-0.7914441" r32="0" r33="0.61124086" r34="0" r41="-440.53436" r42="-4.043445" r43="272.7157" r44="1"></containerEntry>
          <containerEntry r11="0.54419565" r12="0" r13="0.8389584" r14="0" r21="0" r22="1" r23="0" r24="0" r31="-0.8389584" r32="0" r33="0.54419565" r34="0" r41="-410.959" r42="-4.129405" r43="369.6179" r44="1"></containerEntry>
          <containerEntry r11="0.28074378" r12="0" r13="0.9597823" r14="0" r21="0" r22="1" r23="0" r24="0" r31="-0.9597823" r32="0" r33="0.28074378" r34="0" r41="-419.67874" r42="-4.012648" r43="315.07245" r44="1"></containerEntry>
          <containerEntry r11="-0.70641756" r12="0" r13="-0.70779455" r14="0" r21="0" r22="1" r23="0" r24="0" r31="0.70779455" r32="0" r33="-0.70641756" r34="0" r41="-418.04803" r42="-4.042805" r43="320.09317" r44="1"></containerEntry>
          <containerEntry r11="-0.28163254" r12="0" r13="-0.95952165" r14="0" r21="0" r22="1" r23="0" r24="0" r31="0.95952165" r32="0" r33="-0.28163254" r34="0" r41="-418.04803" r42="-4.249022" r43="332.89096" r44="1"></containerEntry>
          <containerEntry r11="0.54419565" r12="0" r13="0.8389584" r14="0" r21="0" r22="1" r23="0" r24="0" r31="-0.8389584" r32="0" r33="0.54419565" r34="0" r41="-421.7572" r42="-4.093816" r43="353.35397" r44="1"></containerEntry>
          <containerEntry r11="-0.84514725" r12="0" r13="-0.5345337" r14="0" r21="0" r22="1" r23="0" r24="0" r31="0.5345337" r32="0" r33="-0.84514725" r34="0" r41="-407.775" r42="-4.12875" r43="352.10385" r44="1"></containerEntry>
          <containerEntry r11="-0.67477953" r12="0" r13="-0.7380201" r14="0" r21="0" r22="1" r23="0" r24="0" r31="0.7380201" r32="0" r33="-0.67477953" r34="0" r41="-453.01074" r42="-4.043445" r43="260.02136" r44="1"></containerEntry>
          <containerEntry r11="-0.98117244" r12="0" r13="0.19313249" r14="0" r21="0" r22="1" r23="0" r24="0" r31="-0.19313249" r32="0" r33="-0.98117244" r34="0" r41="-425.96368" r42="-4.043445" r43="273.9749" r44="1"></containerEntry>
          <containerEntry r11="-0.3990997" r12="0" r13="-0.916907" r14="0" r21="0" r22="1" r23="0" r24="0" r31="0.916907" r32="0" r33="-0.3990997" r34="0" r41="-428.75964" r42="-4.118274" r43="269.62686" r44="1"></containerEntry>
          <containerEntry r11="0.6155232" r12="0" r13="-0.7881183" r14="0" r21="0" r22="1" r23="0" r24="0" r31="0.7881183" r32="0" r33="0.6155232" r34="0" r41="-418.47095" r42="-4.118792" r43="265.53217" r44="1"></containerEntry>
          <containerEntry r11="-0.80456305" r12="0" r13="-0.59387195" r14="0" r21="0" r22="1" r23="0" r24="0" r31="0.59387195" r32="0" r33="-0.80456305" r34="0" r41="-412.3202" r42="-4.047369" r43="343.27368" r44="1"></containerEntry>
          <containerEntry r11="-0.3027562" r12="0" r13="0.95306784" r14="0" r21="0" r22="1" r23="0" r24="0" r31="-0.95306784" r32="0" r33="-0.3027562" r34="0" r41="-420.11768" r42="-4.049316" r43="306.32248" r44="1"></containerEntry>
          <containerEntry r11="-0.048276663" r12="0" r13="-0.99883366" r14="0" r21="0" r22="1" r23="0" r24="0" r31="0.99883366" r32="0" r33="-0.048276663" r34="0" r41="-418.87354" r42="-4.049316" r43="297.31555" r44="1"></containerEntry>
          <containerEntry r11="0.9648101" r12="0" r13="-0.26294762" r14="0" r21="0" r22="1" r23="0" r24="0" r31="0.26294762" r32="0" r33="0.9648101" r34="0" r41="-399.32547" r42="-4.086727" r43="262.5988" r44="1"></containerEntry>
          <containerEntry r11="0.28074378" r12="0" r13="0.9597823" r14="0" r21="0" r22="1" r23="0" r24="0" r31="-0.9597823" r32="0" r33="0.28074378" r34="0" r41="-432.37378" r42="-4.047369" r43="319.13733" r44="1"></containerEntry>
          <containerEntry r11="0.4486429" r12="0" r13="0.8937103" r14="0" r21="0" r22="1" r23="0" r24="0" r31="-0.8937103" r32="0" r33="0.4486429" r34="0" r41="-435.2476" r42="-4.137303" r43="279.6622" r44="1"></containerEntry>
          <containerEntry r11="0.6796479" r12="0" r13="0.73353845" r14="0" r21="0" r22="1" r23="0" r24="0" r31="-0.73353845" r32="0" r33="0.6796479" r34="0" r41="-446.63007" r42="-4.294782" r43="346.618" r44="1"></containerEntry>
          <containerEntry r11="0.9916402" r12="0" r13="0.1290335" r14="0" r21="0" r22="1" r23="0" r24="0" r31="-0.1290335" r32="0" r33="0.9916402" r34="0" r41="-460.23932" r42="-4.294783" r43="348.5335" r44="1"></containerEntry>
          <containerEntry r11="0.06430852" r12="-0.00091022067" r13="0.99792963" r14="0" r21="0.014151938" r22="0.99989986" r23="3.9115548e-08" r24="0" r31="-0.99782974" r32="0.014122636" r33="0.06431496" r34="0" r41="-416.78976" r42="-4.373174" r43="272.81406" r44="1"></containerEntry>
          <containerEntry r11="-0.9301453" r12="-0.0009094194" r13="0.36718744" r14="0" r21="0.0043398067" r22="0.9998998" r23="0.0134699065" r24="0" r31="-0.36716294" r32="0.0141225085" r33="-0.9300482" r34="0" r41="-426.90106" r42="-4.373175" r43="285.241" r44="1"></containerEntry>
        </property>
        <property name="colors" type="UInt32" container="DynamicArray" arraySize="31">
          <containerEntry>4294967295</containerEntry>
          <containerEntry>4294967295</containerEntry>
          <containerEntry>4294967295</containerEntry>
          <containerEntry>4294967295</containerEntry>
          <containerEntry>4294967295</containerEntry>
          <containerEntry>4294967295</containerEntry>
          <containerEntry>4294967295</containerEntry>
          <containerEntry>4294967295</containerEntry>
          <containerEntry>4294967295</containerEntry>
          <containerEntry>4294967295</containerEntry>
          <containerEntry>4294967295</containerEntry>
          <containerEntry>4294967295</containerEntry>
          <containerEntry>4294967295</containerEntry>
          <containerEntry>4294967295</containerEntry>
          <containerEntry>4294967295</containerEntry>
          <containerEntry>4294967295</containerEntry>
          <containerEntry>4294967295</containerEntry>
          <containerEntry>4294967295</containerEntry>
          <containerEntry>4294967295</containerEntry>
          <containerEntry>4294967295</containerEntry>
          <containerEntry>4294967295</containerEntry>
          <containerEntry>4294967295</containerEntry>
          <containerEntry>4294967295</containerEntry>
          <containerEntry>4294967295</containerEntry>
          <containerEntry>4294967295</containerEntry>
          <containerEntry>4294967295</containerEntry>
          <containerEntry>4294967295</containerEntry>
          <containerEntry>4294967295</containerEntry>
          <containerEntry>4294967295</containerEntry>
          <containerEntry>4294967295</containerEntry>
          <containerEntry>4294967295</containerEntry>
        </property>
      </staticProperties>
      <dynamicProperties></dynamicProperties>
    </entity>
    <entity class="StaticModelArray" classVersion="4" classID="0xD0" addr="0x317E860" id="0x0">
      <staticProperties>
        <property name="name" type="String" container="StaticArray" arraySize="1">
          <containerEntry>StaticModelArray0004</containerEntry>
        </property>
        <property name="dataSet" type="EntityHandle" container="StaticArray" arraySize="1">
          <containerEntry>0x32F46F0</containerEntry>
        </property>
        <property name="modelFile" type="FilePtr" container="StaticArray" arraySize="1">
          <containerEntry>/Assets/tpp/environ/object/middle_africa/rock/mafr_rock007/scenes/mafr_rock007.fmdl</containerEntry>
        </property>
        <property name="geomFile" type="FilePtr" container="StaticArray" arraySize="1">
          <containerEntry>/Assets/tpp/environ/object/middle_africa/rock/mafr_rock007/scenes/mafr_rock007.geom</containerEntry>
        </property>
        <property name="isVisibleGeom" type="Bool" container="StaticArray" arraySize="1">
          <containerEntry>false</containerEntry>
        </property>
        <property name="lodFarSize" type="Float" container="StaticArray" arraySize="1">
          <containerEntry>-1</containerEntry>
        </property>
        <property name="lodNearSize" type="Float" container="StaticArray" arraySize="1">
          <containerEntry>-1</containerEntry>
        </property>
        <property name="lodPolygonSize" type="Float" container="StaticArray" arraySize="1">
          <containerEntry>-1</containerEntry>
        </property>
        <property name="drawRejectionLevel" type="Int32" container="StaticArray" arraySize="1">
          <containerEntry>8</containerEntry>
        </property>
        <property name="drawMode" type="Int32" container="StaticArray" arraySize="1">
          <containerEntry>0</containerEntry>
        </property>
        <property name="rejectFarRangeShadowCast" type="Int32" container="StaticArray" arraySize="1">
          <containerEntry>2</containerEntry>
        </property>
        <property name="parentLocator" type="EntityLink" container="StaticArray" arraySize="1">
          <containerEntry packagePathHash="0xB8A0BF169F98" archivePathHash="0xB8A0BF169F98" nameInArchiveHash="0xB8A0BF169F98">0x0</containerEntry>
        </property>
        <property name="transforms" type="Matrix4" container="DynamicArray" arraySize="3">
          <containerEntry r11="0.954823" r12="-0.01656805" r13="0.29671282" r14="0" r21="-0.037797615" r22="0.98356503" r23="0.17655374" r24="0" r31="-0.29476148" r32="-0.1797926" r33="0.9385043" r34="0" r41="-412.4945" r42="-3.719363" r43="339.00156" r44="1"></containerEntry>
          <containerEntry r11="-0.073532954" r12="-0.0033836365" r13="0.9972845" r14="0" r21="-0.41945514" r22="0.9073485" r23="-0.02785027" r24="0" r31="-0.9047901" r32="-0.4203651" r33="-0.068139076" r34="0" r41="-398.5423" r42="-1.200732" r43="345.09152" r44="1"></containerEntry>
          <containerEntry r11="-0.112124994" r12="0.05111935" r13="-0.99237406" r14="0" r21="0.015042795" r22="0.99864876" r23="0.049742684" r24="0" r31="0.99357593" r32="-0.009350523" r33="-0.11274248" r34="0" r41="-452.8719" r42="-3.786262" r43="328.36478" r44="1"></containerEntry>
        </property>
        <property name="colors" type="UInt32" container="DynamicArray" arraySize="3">
          <containerEntry>4294967295</containerEntry>
          <containerEntry>4294967295</containerEntry>
          <containerEntry>4294967295</containerEntry>
        </property>
      </staticProperties>
      <dynamicProperties></dynamicProperties>
    </entity>
    <entity class="TexturePackLoadConditioner" classVersion="0" classID="0x48" addr="0x317F270" id="0x0">
      <staticProperties>
        <property name="name" type="String" container="StaticArray" arraySize="1">
          <containerEntry>TexturePackLoadConditioner0000</containerEntry>
        </property>
        <property name="dataSet" type="EntityHandle" container="StaticArray" arraySize="1">
          <containerEntry>0x32F46F0</containerEntry>
        </property>
        <property name="texturePackPath" type="Path" container="StaticArray" arraySize="1">
          <containerEntry hash="0xB8A0BF169F98"></containerEntry>
        </property>
      </staticProperties>
      <dynamicProperties></dynamicProperties>
    </entity>
  </entities>
</fox>