<fox formatVersion="2" fileVersion="0">
  <entities>
    <entity class="DataSet" classVersion="0" classID="0xE8" addr="0x2F51DD0" id="0xD275EB">
      <staticProperties>
        <property name="name" type="String" container="StaticArray" arraySize="1">
          <containerEntry hash="0xB8A0BF169F98"></containerEntry>
        </property>
        <property name="dataSet" type="EntityHandle" container="StaticArray" arraySize="1">
          <containerEntry>0x0</containerEntry>
        </property>
        <property name="dataList" type="EntityPtr" container="StringMap" arraySize="10">
          <containerEntry key="cm_mafr_dc_grbg003_">
            <data>0x2D79AF0</data>
          </containerEntry>
          <containerEntry key="StaticModelArray0000">
            <data>0x2D7CDB0</data>
          </containerEntry>
          <containerEntry key="StaticModelArray0001">
            <data>0x2D7CE20</data>
          </containerEntry>
          <containerEntry key="StaticModelArray0002">
            <data>0x2D7C8E0</data>
          </containerEntry>
          <containerEntry key="StaticModelArray0003">
            <data>0x2D79D90</data>
          </containerEntry>
          <containerEntry key="mafr_clff003_0001">
            <data>0x2D7C9C0</data>
          </containerEntry>
          <containerEntry key="mafr_clff003_0002">
            <data>0x2D7CA30</data>
          </containerEntry>
          <containerEntry key="StaticModelArray0004">
            <data>0x2D7CAA0</data>
          </containerEntry>
          <containerEntry key="DecalArray0000">
            <data>0x2D7D1A0</data>
          </containerEntry>
          <containerEntry key="TexturePackLoadConditioner0000">
            <data>0x2D7D590</data>
          </containerEntry>
        </property>
      </staticProperties>
      <dynamicProperties></dynamicProperties>
    </entity>
    <entity class="Material" classVersion="6" classID="0xB0" addr="0x2D79AF0" id="0xD295D0">
      <staticProperties>
        <property name="name" type="String" container="StaticArray" arraySize="1">
          <containerEntry>cm_mafr_dc_grbg003_</containerEntry>
        </property>
        <property name="dataSet" type="EntityHandle" container="StaticArray" arraySize="1">
          <containerEntry>0x2F51DD0</containerEntry>
        </property>
        <property name="materialName" type="String" container="StaticArray" arraySize="1">
          <containerEntry hash="0xB8A0BF169F98"></containerEntry>
        </property>
        <property name="shader" type="Path" container="StaticArray" arraySize="1">
          <containerEntry hash="0xB8A0BF169F98"></containerEntry>
        </property>
        <property name="diffuseTexture" type="Path" container="StaticArray" arraySize="1">
          <containerEntry>/Assets/tpp/common_source/fmtr/decal/middle_africa/cm_mafr_dc_grbg003/sourceimages/cm_mafr_dc_grbg003_bsm_alp.ftex</containerEntry>
        </property>
        <property name="srmTexture" type="Path" container="StaticArray" arraySize="1">
          <containerEntry>/Assets/tpp/common_source/fmtr/decal/middle_africa/cm_mafr_dc_grbg003/sourceimages/cm_mafr_dc_grbg003_srm.ftex</containerEntry>
        </property>
        <property name="normalTexture" type="Path" container="StaticArray" arraySize="1">
          <containerEntry>/Assets/tpp/common_source/fmtr/decal/middle_africa/cm_mafr_dc_grbg003/sourceimages/cm_mafr_dc_grbg003_nrm.ftex</containerEntry>
        </property>
        <property name="materialMapTexture" type="Path" container="StaticArray" arraySize="1">
          <containerEntry hash="0xB8A0BF169F98"></containerEntry>
        </property>
        <property name="materialIndex" type="UInt8" container="StaticArray" arraySize="1">
          <containerEntry>21</containerEntry>
        </property>
        <property name="diffuseColor" type="Color" container="StaticArray" arraySize="1">
          <containerEntry r="1" g="1" b="1" a="1"></containerEntry>
        </property>
        <property name="specularColor" type="Color" container="StaticArray" arraySize="1">
          <containerEntry r="0" g="0" b="0" a="0"></containerEntry>
        </property>
        <property name="fmtrPath" type="Path" container="StaticArray" arraySize="1">
          <containerEntry hash="0xB8A0BF169F98"></containerEntry>
        </property>
        <property name="residentFlag" type="Bool" container="StaticArray" arraySize="1">
          <containerEntry>false</containerEntry>
        </property>
      </staticProperties>
      <dynamicProperties></dynamicProperties>
    </entity>
    <entity class="StaticModelArray" classVersion="4" classID="0xD0" addr="0x2D7CDB0" id="0x0">
      <staticProperties>
        <property name="name" type="String" container="StaticArray" arraySize="1">
          <containerEntry>StaticModelArray0000</containerEntry>
        </property>
        <property name="dataSet" type="EntityHandle" container="StaticArray" arraySize="1">
          <containerEntry>0x2F51DD0</containerEntry>
        </property>
        <property name="modelFile" type="FilePtr" container="StaticArray" arraySize="1">
          <containerEntry>/Assets/tpp/environ/object/middle_africa/tree/mafr_tree032/scenes/mafr_tree032.fmdl</containerEntry>
        </property>
        <property name="geomFile" type="FilePtr" container="StaticArray" arraySize="1">
          <containerEntry>/Assets/tpp/environ/object/middle_africa/tree/mafr_tree032/scenes/mafr_tree032.geom</containerEntry>
        </property>
        <property name="isVisibleGeom" type="Bool" container="StaticArray" arraySize="1">
          <containerEntry>false</containerEntry>
        </property>
        <property name="lodFarSize" type="Float" container="StaticArray" arraySize="1">
          <containerEntry>-1</containerEntry>
        </property>
        <property name="lodNearSize" type="Float" container="StaticArray" arraySize="1">
          <containerEntry>-1</containerEntry>
        </property>
        <property name="lodPolygonSize" type="Float" container="StaticArray" arraySize="1">
          <containerEntry>-1</containerEntry>
        </property>
        <property name="drawRejectionLevel" type="Int32" container="StaticArray" arraySize="1">
          <containerEntry>8</containerEntry>
        </property>
        <property name="drawMode" type="Int32" container="StaticArray" arraySize="1">
          <containerEntry>0</containerEntry>
        </property>
        <property name="rejectFarRangeShadowCast" type="Int32" container="StaticArray" arraySize="1">
          <containerEntry>2</containerEntry>
        </property>
        <property name="parentLocator" type="EntityLink" container="StaticArray" arraySize="1">
          <containerEntry packagePathHash="0xB8A0BF169F98" archivePathHash="0xB8A0BF169F98" nameInArchiveHash="0xB8A0BF169F98">0x0</containerEntry>
        </property>
        <property name="transforms" type="Matrix4" container="DynamicArray" arraySize="9">
          <containerEntry r11="1" r12="0" r13="0" r14="0" r21="0" r22="0.714369" r23="0" r24="0" r31="0" r32="0" r33="1" r34="0" r41="2507.2764" r42="87.0865" r43="-1236.5897" r44="1"></containerEntry>
          <containerEntry r11="0.55326444" r12="0" r13="-0.8330053" r14="0" r21="0" r22="1" r23="0" r24="0" r31="0.8330053" r32="0" r33="0.55326444" r34="0" r41="2507.976" r42="85.215454" r43="-1257.6198" r44="1"></containerEntry>
          <containerEntry r11="0.18174796" r12="0" r13="0.65007174" r14="0" r21="0" r22="0.482199" r23="0" r24="0" r31="-0.65007174" r32="0" r33="0.18174796" r34="0" r41="2504.6355" r42="86.9733" r43="-1238.7913" r44="1"></containerEntry>
          <containerEntry r11="-0.68400306" r12="0" r13="0.4148994" r14="0" r21="0" r22="0.8" r23="0" r24="0" r31="-0.4148994" r32="0" r33="-0.68400306" r34="0" r41="2501.0698" r42="84.528915" r43="-1269.3983" r44="1"></containerEntry>
          <containerEntry r11="0.18174796" r12="0" r13="0.65007174" r14="0" r21="0" r22="0.482199" r23="0" r24="0" r31="-0.65007174" r32="0" r33="0.18174796" r34="0" r41="2517.1467" r42="83.64436" r43="-1219.9364" r44="1"></containerEntry>
          <containerEntry r11="-0.32686463" r12="0" r13="0.5905798" r14="0" r21="0" r22="0.482199" r23="0" r24="0" r31="-0.5905798" r32="0" r33="-0.32686463" r34="0" r41="2522.0579" r42="86.43144" r43="-1225.6055" r44="1"></containerEntry>
          <containerEntry r11="0.93205917" r12="-0.07500176" r13="0.35445765" r14="0" r21="0.078634106" r22="0.82488495" r23="-0.03222894" r24="0" r31="-0.34967646" r32="0.069836244" r33="0.9342639" r34="0" r41="2493.0823" r42="91.53597" r43="-1146.4357" r44="1"></containerEntry>
          <containerEntry r11="0.67490077" r12="0" r13="-0.0115717845" r14="0" r21="0" r22="0.482199" r23="0" r24="0" r31="0.0115717845" r32="0" r33="0.67490077" r34="0" r41="2537.9536" r42="85.75019" r43="-1216.5857" r44="1"></containerEntry>
          <containerEntry r11="0.999853" r12="0" r13="-0.017143384" r14="0" r21="0" r22="0.843038" r23="0" r24="0" r31="0.017143384" r32="0" r33="0.999853" r34="0" r41="2549.1116" r42="84.508514" r43="-1224.1807" r44="1"></containerEntry>
        </property>
        <property name="colors" type="UInt32" container="DynamicArray" arraySize="9">
          <containerEntry>4294967295</containerEntry>
          <containerEntry>4294967295</containerEntry>
          <containerEntry>4294967295</containerEntry>
          <containerEntry>4294967295</containerEntry>
          <containerEntry>4294967295</containerEntry>
          <containerEntry>4294967295</containerEntry>
          <containerEntry>4294967295</containerEntry>
          <containerEntry>4294967295</containerEntry>
          <containerEntry>4294967295</containerEntry>
        </property>
      </staticProperties>
      <dynamicProperties></dynamicProperties>
    </entity>
    <entity class="StaticModelArray" classVersion="4" classID="0xD0" addr="0x2D7CE20" id="0x0">
      <staticProperties>
        <property name="name" type="String" container="StaticArray" arraySize="1">
          <containerEntry>StaticModelArray0001</containerEntry>
        </property>
        <property name="dataSet" type="EntityHandle" container="StaticArray" arraySize="1">
          <containerEntry>0x2F51DD0</containerEntry>
        </property>
        <property name="modelFile" type="FilePtr" container="StaticArray" arraySize="1">
          <containerEntry>/Assets/tpp/environ/object/middle_africa/rock/mafr_rock010/scenes/mafr_rock010.fmdl</containerEntry>
        </property>
        <property name="geomFile" type="FilePtr" container="StaticArray" arraySize="1">
          <containerEntry>/Assets/tpp/environ/object/middle_africa/rock/mafr_rock010/scenes/mafr_rock010.geom</containerEntry>
        </property>
        <property name="isVisibleGeom" type="Bool" container="StaticArray" arraySize="1">
          <containerEntry>false</containerEntry>
        </property>
        <property name="lodFarSize" type="Float" container="StaticArray" arraySize="1">
          <containerEntry>-1</containerEntry>
        </property>
        <property name="lodNearSize" type="Float" container="StaticArray" arraySize="1">
          <containerEntry>-1</containerEntry>
        </property>
        <property name="lodPolygonSize" type="Float" container="StaticArray" arraySize="1">
          <containerEntry>-1</containerEntry>
        </property>
        <property name="drawRejectionLevel" type="Int32" container="StaticArray" arraySize="1">
          <containerEntry>8</containerEntry>
        </property>
        <property name="drawMode" type="Int32" container="StaticArray" arraySize="1">
          <containerEntry>0</containerEntry>
        </property>
        <property name="rejectFarRangeShadowCast" type="Int32" container="StaticArray" arraySize="1">
          <containerEntry>2</containerEntry>
        </property>
        <property name="parentLocator" type="EntityLink" container="StaticArray" arraySize="1">
          <containerEntry packagePathHash="0xB8A0BF169F98" archivePathHash="0xB8A0BF169F98" nameInArchiveHash="0xB8A0BF169F98">0x0</containerEntry>
        </property>
        <property name="transforms" type="Matrix4" container="DynamicArray" arraySize="6">
          <containerEntry r11="-0.6374202" r12="0" r13="-0.77051723" r14="0" r21="0" r22="1" r23="0" r24="0" r31="0.77051723" r32="0" r33="-0.6374202" r34="0" r41="2436.8867" r42="69.09723" r43="-1201.016" r44="1"></containerEntry>
          <containerEntry r11="-0.9860851" r12="0.16083987" r13="0.042144302" r14="0" r21="0.15869142" r22="0.986054" r23="-0.05014568" r24="0" r31="-0.049621988" r32="-0.042760022" r33="-0.99785703" r34="0" r41="2476.91" r42="69.00842" r43="-1170.204" r44="1"></containerEntry>
          <containerEntry r11="0.957782" r12="-0.13482884" r13="-0.2539152" r14="0" r21="0.13217987" r22="0.9908429" r23="-0.02754738" r24="0" r31="0.25530422" r32="-0.0071781" r33="0.9668331" r34="0" r41="2485.039" r42="73.96132" r43="-1157.5835" r44="1"></containerEntry>
          <containerEntry r11="-0.63742656" r12="0" r13="-0.7705249" r14="0" r21="0" r22="1" r23="0" r24="0" r31="0.7705249" r32="0" r33="-0.63742656" r34="0" r41="2531.358" r42="68.41928" r43="-1175.009" r44="1"></containerEntry>
          <containerEntry r11="-0.9860851" r12="0.16083987" r13="0.042144302" r14="0" r21="0.15869142" r22="0.986054" r23="-0.05014568" r24="0" r31="-0.049621988" r32="-0.042760022" r33="-0.99785703" r34="0" r41="2464.7065" r42="71.867676" r43="-1164.1918" r44="1"></containerEntry>
          <containerEntry r11="-0.98608416" r12="0.16083972" r13="0.042144265" r14="0" r21="0.15869142" r22="0.986054" r23="-0.05014568" r24="0" r31="-0.049621943" r32="-0.04275998" r33="-0.9978561" r34="0" r41="2458.076" r42="70.64859" r43="-1175.8499" r44="1"></containerEntry>
        </property>
        <property name="colors" type="UInt32" container="DynamicArray" arraySize="6">
          <containerEntry>4294967295</containerEntry>
          <containerEntry>4294967295</containerEntry>
          <containerEntry>4294967295</containerEntry>
          <containerEntry>4294967295</containerEntry>
          <containerEntry>4294967295</containerEntry>
          <containerEntry>4294967295</containerEntry>
        </property>
      </staticProperties>
      <dynamicProperties></dynamicProperties>
    </entity>
    <entity class="StaticModelArray" classVersion="4" classID="0xD0" addr="0x2D7C8E0" id="0x0">
      <staticProperties>
        <property name="name" type="String" container="StaticArray" arraySize="1">
          <containerEntry>StaticModelArray0002</containerEntry>
        </property>
        <property name="dataSet" type="EntityHandle" container="StaticArray" arraySize="1">
          <containerEntry>0x2F51DD0</containerEntry>
        </property>
        <property name="modelFile" type="FilePtr" container="StaticArray" arraySize="1">
          <containerEntry>/Assets/tpp/environ/object/middle_africa/rock/mafr_rock002/scenes/mafr_rock002.fmdl</containerEntry>
        </property>
        <property name="geomFile" type="FilePtr" container="StaticArray" arraySize="1">
          <containerEntry>/Assets/tpp/environ/object/middle_africa/rock/mafr_rock002/scenes/mafr_rock002.geom</containerEntry>
        </property>
        <property name="isVisibleGeom" type="Bool" container="StaticArray" arraySize="1">
          <containerEntry>false</containerEntry>
        </property>
        <property name="lodFarSize" type="Float" container="StaticArray" arraySize="1">
          <containerEntry>-1</containerEntry>
        </property>
        <property name="lodNearSize" type="Float" container="StaticArray" arraySize="1">
          <containerEntry>-1</containerEntry>
        </property>
        <property name="lodPolygonSize" type="Float" container="StaticArray" arraySize="1">
          <containerEntry>-1</containerEntry>
        </property>
        <property name="drawRejectionLevel" type="Int32" container="StaticArray" arraySize="1">
          <containerEntry>8</containerEntry>
        </property>
        <property name="drawMode" type="Int32" container="StaticArray" arraySize="1">
          <containerEntry>0</containerEntry>
        </property>
        <property name="rejectFarRangeShadowCast" type="Int32" container="StaticArray" arraySize="1">
          <containerEntry>2</containerEntry>
        </property>
        <property name="parentLocator" type="EntityLink" container="StaticArray" arraySize="1">
          <containerEntry packagePathHash="0xB8A0BF169F98" archivePathHash="0xB8A0BF169F98" nameInArchiveHash="0xB8A0BF169F98">0x0</containerEntry>
        </property>
        <property name="transforms" type="Matrix4" container="DynamicArray" arraySize="24">
          <containerEntry r11="-0.80470383" r12="0.037887022" r13="0.5924615" r14="0" r21="0.0033221021" r22="0.9982333" r23="-0.059323203" r24="0" r31="-0.59366244" r32="-0.045769554" r33="-0.803408" r34="0" r41="2493.2605" r42="73.8916" r43="-1162.6595" r44="1"></containerEntry>
          <containerEntry r11="0.99863535" r12="-0.006402574" r13="-0.051830743" r14="0" r21="-0.009296299" r22="0.95481336" r23="-0.29706073" r24="0" r31="0.051390637" r32="0.2971372" r33="0.95345086" r34="0" r41="2510.4124" r42="72.342" r43="-1168.4805" r44="1"></containerEntry>
          <containerEntry r11="-0.88355815" r12="0" r13="0.46832317" r14="0" r21="0" r22="1" r23="0" r24="0" r31="-0.46832317" r32="0" r33="-0.88355815" r34="0" r41="2529.1243" r42="72.143906" r43="-1165.3982" r44="1"></containerEntry>
          <containerEntry r11="-0.46615684" r12="0" r13="-0.8847012" r14="0" r21="0" r22="1" r23="0" r24="0" r31="0.8847012" r32="0" r33="-0.46615684" r34="0" r41="2536.9124" r42="70.712166" r43="-1170.3984" r44="1"></containerEntry>
          <containerEntry r11="-4.884636" r12="0.33450213" r13="-2.5056686" r14="0" r21="0.58238184" r22="5.4538975" r23="-0.40723103" r24="0" r31="2.459898" r32="-0.62698805" r33="-4.8791103" r34="0" r41="2561.2627" r42="85.47365" r43="-1232.9807" r44="1"></containerEntry>
          <containerEntry r11="0.25770962" r12="0.18261564" r13="0.94880795" r14="0" r21="0.028075472" r22="0.98014724" r23="-0.19627303" r24="0" r31="-0.965814" r32="0.077219605" r33="0.24746633" r34="0" r41="2451.8132" r42="71.32234" r43="-1180.9888" r44="1"></containerEntry>
          <containerEntry r11="-0.15805782" r12="0.1098683" r13="0.9812968" r14="0" r21="0.014008928" r22="0.99394006" r23="-0.109027274" r24="0" r31="-0.98732877" r32="-0.0034858584" r33="-0.15863913" r34="0" r41="2464.711" r42="69.82646" r43="-1229.5065" r44="1"></containerEntry>
          <containerEntry r11="0.109165296" r12="0.0027112775" r13="0.9940186" r14="0" r21="0.025517713" r22="0.9996591" r23="-0.005529034" r24="0" r31="-0.9936947" r32="0.02596869" r33="0.10905892" r34="0" r41="2496.177" r42="72.01987" r43="-1245.9487" r44="1"></containerEntry>
          <containerEntry r11="0.0068901055" r12="0.022279901" r13="0.9997269" r14="0" r21="0.05969788" r22="0.99795943" r23="-0.022651939" r24="0" r31="-0.9981916" r32="0.059837654" r33="0.005545968" r34="0" r41="2493.1592" r42="70.22651" r43="-1268.057" r44="1"></containerEntry>
          <containerEntry r11="0.76137614" r12="-0.08128416" r13="-0.64319384" r14="0" r21="-0.042175606" r22="0.9837973" r23="-0.17425287" r24="0" r31="0.6469363" r32="0.15979904" r33="0.74561155" r34="0" r41="2444.676" r42="69.85594" r43="-1258.4681" r44="1"></containerEntry>
          <containerEntry r11="0.8097504" r12="0.05269188" r13="0.5844034" r14="0" r21="0.014008332" r22="0.9939401" r23="-0.10902694" r24="0" r31="-0.58660674" r32="0.0964711" r33="0.8041052" r34="0" r41="2448.3447" r42="70.17799" r43="-1210.4922" r44="1"></containerEntry>
          <containerEntry r11="0.4009909" r12="-0.028340323" r13="0.91564256" r14="0" r21="-0.009141242" r22="0.9993478" r23="0.034934305" r24="0" r31="-0.9160355" r32="-0.022378432" r33="0.40047032" r34="0" r41="2510.6206" r42="70.44593" r43="-1213.8739" r44="1"></containerEntry>
          <containerEntry r11="-0.9956475" r12="0.009266037" r13="-0.09274023" r14="0" r21="0.0013447627" r22="0.9963703" r23="0.08511404" r24="0" r31="0.09319229" r32="0.084618844" r33="-0.99204606" r34="0" r41="2483.5732" r42="69.672035" r43="-1181.9017" r44="1"></containerEntry>
          <containerEntry r11="-0.35071325" r12="4.209578e-07" r13="-0.9364834" r14="0" r21="-0.12144862" r22="0.9915551" r23="0.045482937" r24="0" r31="0.9285749" r32="0.12968603" r33="-0.3477515" r34="0" r41="2435.6208" r42="69.259094" r43="-1236.3961" r44="1"></containerEntry>
          <containerEntry r11="0.109165296" r12="0.0027112775" r13="0.9940186" r14="0" r21="0.025517713" r22="0.9996591" r23="-0.005529034" r24="0" r31="-0.9936947" r32="0.02596869" r33="0.10905892" r34="0" r41="2490.1455" r42="69.35102" r43="-1229.5914" r44="1"></containerEntry>
          <containerEntry r11="-0.9830389" r12="0.039640352" r13="0.17904374" r14="0" r21="0.04113424" r22="0.9991429" r23="0.004637492" r24="0" r31="-0.17870644" r32="0.01192369" r33="-0.9838269" r34="0" r41="2593.1052" r42="69.39683" r43="-1172.6598" r44="1"></containerEntry>
          <containerEntry r11="1.0844954" r12="0.036632285" r13="-0.55760866" r14="0" r21="-0.07233348" r22="1.2163365" r23="-0.060774017" r24="0" r31="0.55410945" r32="0.08708438" r33="1.0834107" r34="0" r41="2602.5366" r42="69.39683" r43="-1178.7843" r44="1"></containerEntry>
          <containerEntry r11="-0.8962048" r12="-0.018171472" r13="0.8275751" r14="0" r21="-0.23712905" r22="1.1742246" r23="-0.2310113" r24="0" r31="-0.7930829" r32="-0.33055437" r33="-0.8661104" r34="0" r41="2622.5579" r42="69.39683" r43="-1184.3373" r44="1"></containerEntry>
          <containerEntry r11="-0.4635184" r12="-0.061142977" r13="1.1268582" r14="0" r21="-0.40605545" r22="1.1456537" r23="-0.10486313" r24="0" r31="-1.0529326" r32="-0.4148962" r33="-0.45562214" r34="0" r41="2640.4895" r42="69.39683" r43="-1200.3121" r44="1"></containerEntry>
          <containerEntry r11="-0.3377549" r12="-0.024041211" r13="-1.1720669" r14="0" r21="0.13077767" r22="1.2113574" r23="-0.06253346" r24="0" r31="1.1649961" r32="-0.14295192" r33="-0.33278513" r34="0" r41="2655.0554" r42="68.49832" r43="-1219.4653" r44="1"></containerEntry>
          <containerEntry r11="-0.99975955" r12="-0.04204438" r13="0.3718453" r14="0" r21="-0.03947678" r22="1.0666717" r23="0.014469078" r24="0" r31="-0.37212667" r32="-0.00020014372" r33="-1.0005386" r34="0" r41="2614.5005" r42="68.353615" r43="-1194.6868" r44="1"></containerEntry>
          <containerEntry r11="0.9928328" r12="0.07962519" r13="0.08912285" r14="0" r21="-0.069498315" r22="0.99133414" r23="-0.11147472" r24="0" r31="-0.097226724" r32="0.10448186" r33="0.98976284" r34="0" r41="2573.4814" r42="70.45564" r43="-1165.0442" r44="1"></containerEntry>
          <containerEntry r11="1.7096334" r12="0.4180357" r13="0" r14="0" r21="-0.4180357" r22="1.7096334" r23="0" r24="0" r31="0" r32="0" r33="1.76" r34="0" r41="2519.5354" r42="85.234535" r43="-1283.0977" r44="1"></containerEntry>
          <containerEntry r11="1.1231214" r12="0.22780591" r13="-1.3357785" r14="0" r21="0.05183405" r22="1.7264584" r23="0.33801538" r24="0" r31="1.3540727" r32="-0.2550405" r33="1.0950083" r34="0" r41="2525.109" r42="86.79025" r43="-1293.8267" r44="1"></containerEntry>
        </property>
        <property name="colors" type="UInt32" container="DynamicArray" arraySize="24">
          <containerEntry>4294967295</containerEntry>
          <containerEntry>4294967295</containerEntry>
          <containerEntry>4294967295</containerEntry>
          <containerEntry>4294967295</containerEntry>
          <containerEntry>4294967295</containerEntry>
          <containerEntry>4294967295</containerEntry>
          <containerEntry>4294967295</containerEntry>
          <containerEntry>4294967295</containerEntry>
          <containerEntry>4294967295</containerEntry>
          <containerEntry>4294967295</containerEntry>
          <containerEntry>4294967295</containerEntry>
          <containerEntry>4294967295</containerEntry>
          <containerEntry>4294967295</containerEntry>
          <containerEntry>4294967295</containerEntry>
          <containerEntry>4294967295</containerEntry>
          <containerEntry>4294967295</containerEntry>
          <containerEntry>4294967295</containerEntry>
          <containerEntry>4294967295</containerEntry>
          <containerEntry>4294967295</containerEntry>
          <containerEntry>4294967295</containerEntry>
          <containerEntry>4294967295</containerEntry>
          <containerEntry>4294967295</containerEntry>
          <containerEntry>4294967295</containerEntry>
          <containerEntry>4294967295</containerEntry>
        </property>
      </staticProperties>
      <dynamicProperties></dynamicProperties>
    </entity>
    <entity class="StaticModelArray" classVersion="4" classID="0xD0" addr="0x2D79D90" id="0x0">
      <staticProperties>
        <property name="name" type="String" container="StaticArray" arraySize="1">
          <containerEntry>StaticModelArray0003</containerEntry>
        </property>
        <property name="dataSet" type="EntityHandle" container="StaticArray" arraySize="1">
          <containerEntry>0x2F51DD0</containerEntry>
        </property>
        <property name="modelFile" type="FilePtr" container="StaticArray" arraySize="1">
          <containerEntry>/Assets/tpp/environ/object/middle_africa/cliff/mafr_clff003/scenes/mafr_clff003.fmdl</containerEntry>
        </property>
        <property name="geomFile" type="FilePtr" container="StaticArray" arraySize="1">
          <containerEntry>/Assets/tpp/environ/object/middle_africa/cliff/mafr_clff003/scenes/mafr_clff003.geom</containerEntry>
        </property>
        <property name="isVisibleGeom" type="Bool" container="StaticArray" arraySize="1">
          <containerEntry>false</containerEntry>
        </property>
        <property name="lodFarSize" type="Float" container="StaticArray" arraySize="1">
          <containerEntry>50</containerEntry>
        </property>
        <property name="lodNearSize" type="Float" container="StaticArray" arraySize="1">
          <containerEntry>400</containerEntry>
        </property>
        <property name="lodPolygonSize" type="Float" container="StaticArray" arraySize="1">
          <containerEntry>-1</containerEntry>
        </property>
        <property name="drawRejectionLevel" type="Int32" container="StaticArray" arraySize="1">
          <containerEntry>8</containerEntry>
        </property>
        <property name="drawMode" type="Int32" container="StaticArray" arraySize="1">
          <containerEntry>0</containerEntry>
        </property>
        <property name="rejectFarRangeShadowCast" type="Int32" container="StaticArray" arraySize="1">
          <containerEntry>2</containerEntry>
        </property>
        <property name="parentLocator" type="EntityLink" container="StaticArray" arraySize="1">
          <containerEntry packagePathHash="0xB8A0BF169F98" archivePathHash="0xB8A0BF169F98" nameInArchiveHash="0xB8A0BF169F98">0x0</containerEntry>
        </property>
        <property name="transforms" type="Matrix4" container="DynamicArray" arraySize="3">
          <containerEntry r11="0.9986392" r12="0" r13="0.05205409" r14="0" r21="0" r22="1" r23="0" r24="0" r31="-0.052054036" r32="0" r33="0.9986382" r34="0" r41="2564.0605" r42="83.2924" r43="-1214.9731" r44="1"></containerEntry>
          <containerEntry r11="0.37643075" r12="-0.056429453" r13="0.9247192" r14="0" r21="-0.002713114" r22="0.9980718" r23="0.06201012" r24="0" r31="-0.9264344" r32="-0.025851358" r33="0.3755514" r34="0" r41="2523.8445" r42="84.59607" r43="-1247.3904" r44="1"></containerEntry>
          <containerEntry r11="0.5905985" r12="0" r13="0.806959" r14="0" r21="0" r22="1" r23="0" r24="0" r31="-0.80695814" r32="0" r33="0.5905979" r34="0" r41="2528.0974" r42="86.996284" r43="-1230.6528" r44="1"></containerEntry>
        </property>
        <property name="colors" type="UInt32" container="DynamicArray" arraySize="3">
          <containerEntry>4294967295</containerEntry>
          <containerEntry>4294967295</containerEntry>
          <containerEntry>4294967295</containerEntry>
        </property>
      </staticProperties>
      <dynamicProperties></dynamicProperties>
    </entity>
    <entity class="StaticModelArrayLinkTarget" classVersion="0" classID="0x48" addr="0x2D7C9C0" id="0x0">
      <staticProperties>
        <property name="name" type="String" container="StaticArray" arraySize="1">
          <containerEntry>mafr_clff003_0001</containerEntry>
        </property>
        <property name="dataSet" type="EntityHandle" container="StaticArray" arraySize="1">
          <containerEntry>0x2F51DD0</containerEntry>
        </property>
        <property name="staticModelArray" type="EntityHandle" container="StaticArray" arraySize="1">
          <containerEntry>0x2D79D90</containerEntry>
        </property>
        <property name="arrayIndex" type="UInt32" container="StaticArray" arraySize="1">
          <containerEntry>1</containerEntry>
        </property>
      </staticProperties>
      <dynamicProperties></dynamicProperties>
    </entity>
    <entity class="StaticModelArrayLinkTarget" classVersion="0" classID="0x48" addr="0x2D7CA30" id="0x0">
      <staticProperties>
        <property name="name" type="String" container="StaticArray" arraySize="1">
          <containerEntry>mafr_clff003_0002</containerEntry>
        </property>
        <property name="dataSet" type="EntityHandle" container="StaticArray" arraySize="1">
          <containerEntry>0x2F51DD0</containerEntry>
        </property>
        <property name="staticModelArray" type="EntityHandle" container="StaticArray" arraySize="1">
          <containerEntry>0x2D79D90</containerEntry>
        </property>
        <property name="arrayIndex" type="UInt32" container="StaticArray" arraySize="1">
          <containerEntry>2</containerEntry>
        </property>
      </staticProperties>
      <dynamicProperties></dynamicProperties>
    </entity>
    <entity class="StaticModelArray" classVersion="4" classID="0xD0" addr="0x2D7CAA0" id="0x0">
      <staticProperties>
        <property name="name" type="String" container="StaticArray" arraySize="1">
          <containerEntry>StaticModelArray0004</containerEntry>
        </property>
        <property name="dataSet" type="EntityHandle" container="StaticArray" arraySize="1">
          <containerEntry>0x2F51DD0</containerEntry>
        </property>
        <property name="modelFile" type="FilePtr" container="StaticArray" arraySize="1">
          <containerEntry>/Assets/tpp/environ/object/middle_africa/rock/mafr_rock007/scenes/mafr_rock007.fmdl</containerEntry>
        </property>
        <property name="geomFile" type="FilePtr" container="StaticArray" arraySize="1">
          <containerEntry>/Assets/tpp/environ/object/middle_africa/rock/mafr_rock007/scenes/mafr_rock007.geom</containerEntry>
        </property>
        <property name="isVisibleGeom" type="Bool" container="StaticArray" arraySize="1">
          <containerEntry>false</containerEntry>
        </property>
        <property name="lodFarSize" type="Float" container="StaticArray" arraySize="1">
          <containerEntry>-1</containerEntry>
        </property>
        <property name="lodNearSize" type="Float" container="StaticArray" arraySize="1">
          <containerEntry>-1</containerEntry>
        </property>
        <property name="lodPolygonSize" type="Float" container="StaticArray" arraySize="1">
          <containerEntry>-1</containerEntry>
        </property>
        <property name="drawRejectionLevel" type="Int32" container="StaticArray" arraySize="1">
          <containerEntry>8</containerEntry>
        </property>
        <property name="drawMode" type="Int32" container="StaticArray" arraySize="1">
          <containerEntry>0</containerEntry>
        </property>
        <property name="rejectFarRangeShadowCast" type="Int32" container="StaticArray" arraySize="1">
          <containerEntry>2</containerEntry>
        </property>
        <property name="parentLocator" type="EntityLink" container="StaticArray" arraySize="1">
          <containerEntry packagePathHash="0xB8A0BF169F98" archivePathHash="0xB8A0BF169F98" nameInArchiveHash="0xB8A0BF169F98">0x0</containerEntry>
        </property>
        <property name="transforms" type="Matrix4" container="DynamicArray" arraySize="28">
          <containerEntry r11="-0.24578895" r12="-0.026827648" r13="0.9689504" r14="0" r21="-0.4185083" r22="0.9045832" r23="-0.081116006" r24="0" r31="-0.87432003" r32="-0.42545182" r33="-0.23356402" r34="0" r41="2463.9812" r42="69.473656" r43="-1253.491" r44="1"></containerEntry>
          <containerEntry r11="0.6947257" r12="0.1702272" r13="0.69884074" r14="0" r21="-0.18809545" r22="0.9807777" r23="-0.051915005" r24="0" r31="-0.69424474" r32="-0.0953822" r33="0.71339047" r34="0" r41="2463.2844" r42="70.00118" r43="-1223.7052" r44="1"></containerEntry>
          <containerEntry r11="-0.24578895" r12="-0.026827648" r13="0.9689504" r14="0" r21="-0.4185083" r22="0.9045832" r23="-0.081116006" r24="0" r31="-0.87432003" r32="-0.42545182" r33="-0.23356402" r34="0" r41="2494.3645" r42="70.99613" r43="-1264.3038" r44="1"></containerEntry>
          <containerEntry r11="0.89066774" r12="0.20982856" r13="0.4033396" r14="0" r21="-0.3574249" r22="0.87143344" r23="0.3359331" r24="0" r31="-0.28099516" r32="-0.4433685" r33="0.85115564" r34="0" r41="2497.61" r42="70.01636" r43="-1230.6017" r44="1"></containerEntry>
          <containerEntry r11="0.5876772" r12="-0.22339648" r13="-1.0221205" r14="0" r21="-0.021218374" r22="1.1695402" r23="-0.2678166" r24="0" r31="1.0460335" r32="0.14923127" r33="0.5688099" r34="0" r41="2498.225" r42="70.79005" r43="-1233.7517" r44="1"></containerEntry>
          <containerEntry r11="-0.9981843" r12="0.047876604" r13="-0.036454376" r14="0" r21="0.046435" r22="0.9981434" r23="0.03941542" r24="0" r31="0.03827377" r32="0.037651226" r33="-0.99855417" r34="0" r41="2448.115" r42="69.60569" r43="-1249.1976" r44="1"></containerEntry>
          <containerEntry r11="-0.15136832" r12="0.15177901" r13="-0.9767507" r14="0" r21="-0.035737548" r22="0.9866537" r23="0.15885621" r24="0" r31="0.9878267" r32="0.058952436" r33="-0.14392406" r34="0" r41="2443.0305" r42="69.60725" r43="-1249.8771" r44="1"></containerEntry>
          <containerEntry r11="0.9302466" r12="0.19149047" r13="-0.3129902" r14="0" r21="-0.16838475" r22="0.98068166" r23="0.0995298" r24="0" r31="0.32600337" r32="-0.039884627" r33="0.94452167" r34="0" r41="2453.95" r42="69.39701" r43="-1275.3284" r44="1"></containerEntry>
          <containerEntry r11="0.33202183" r12="-0.17328706" r13="-0.92721695" r14="0" r21="-0.29036164" r22="0.9164747" r23="-0.2752527" r24="0" r31="0.8974685" r32="0.36061823" r33="0.25397372" r34="0" r41="2460.832" r42="69.38203" r43="-1243.5295" r44="1"></containerEntry>
          <containerEntry r11="-0.2598302" r12="-0.033057556" r13="0.9650886" r14="0" r21="-0.41990602" r22="0.90384734" r23="-0.08209111" r24="0" r31="-0.8695782" r32="-0.42657575" r33="-0.24872766" r34="0" r41="2462.6907" r42="69.37334" r43="-1241.3086" r44="1"></containerEntry>
          <containerEntry r11="0.6947257" r12="0.1702272" r13="0.69884074" r14="0" r21="-0.18809545" r22="0.9807777" r23="-0.051915005" r24="0" r31="-0.69424474" r32="-0.0953822" r33="0.71339047" r34="0" r41="2455.723" r42="69.8253" r43="-1203.7694" r44="1"></containerEntry>
          <containerEntry r11="-0.7678813" r12="0.19451232" r13="0.61034834" r14="0" r21="-0.17399673" r22="0.85363466" r23="-0.4909513" r24="0" r31="-0.6165106" r32="-0.48319042" r33="-0.62164575" r34="0" r41="2470.0005" r42="69.215744" r43="-1212.1733" r44="1"></containerEntry>
          <containerEntry r11="0.89066774" r12="0.20982856" r13="0.4033396" r14="0" r21="-0.3574249" r22="0.87143344" r23="0.3359331" r24="0" r31="-0.28099516" r32="-0.4433685" r33="0.85115564" r34="0" r41="2511.4753" r42="69.41578" r43="-1204.8896" r44="1"></containerEntry>
          <containerEntry r11="0.89066774" r12="0.20982856" r13="0.4033396" r14="0" r21="-0.3574249" r22="0.87143344" r23="0.3359331" r24="0" r31="-0.28099516" r32="-0.4433685" r33="0.85115564" r34="0" r41="2506.1067" r42="69.97276" r43="-1222.6531" r44="1"></containerEntry>
          <containerEntry r11="0.42353278" r12="0.19938007" r13="-0.88366693" r14="0" r21="0.03866873" r22="0.97061014" r23="0.23753035" r24="0" r31="0.90505487" r32="-0.13477212" r33="0.40337545" r34="0" r41="2537.2263" r42="69.997826" r43="-1195.5525" r44="1"></containerEntry>
          <containerEntry r11="-0.85252637" r12="-0.12461044" r13="-0.5076137" r14="0" r21="-0.039655477" r22="0.98378694" r23="-0.17490229" r24="0" r31="0.5211784" r32="-0.12897909" r33="-0.84364575" r34="0" r41="2526.763" r42="77.911385" r43="-1206.1947" r44="1"></containerEntry>
          <containerEntry r11="0.89066774" r12="0.20982856" r13="0.4033396" r14="0" r21="-0.3574249" r22="0.87143344" r23="0.3359331" r24="0" r31="-0.28099516" r32="-0.4433685" r33="0.85115564" r34="0" r41="2522.9097" r42="70.10492" r43="-1202.842" r44="1"></containerEntry>
          <containerEntry r11="-0.43947494" r12="-0.005136907" r13="0.8982403" r14="0" r21="-0.37080383" r22="0.91184217" r23="-0.17620552" r24="0" r31="-0.81814826" r32="-0.4105088" r33="-0.4026366" r34="0" r41="2524.2107" r42="69.26832" r43="-1199.6519" r44="1"></containerEntry>
          <containerEntry r11="0.6947257" r12="0.1702272" r13="0.69884074" r14="0" r21="-0.18809545" r22="0.9807777" r23="-0.051915005" r24="0" r31="-0.69424474" r32="-0.0953822" r33="0.71339047" r34="0" r41="2483.7485" r42="68.86898" r43="-1186.3807" r44="1"></containerEntry>
          <containerEntry r11="0.6947257" r12="0.1702272" r13="0.69884074" r14="0" r21="-0.18809545" r22="0.9807777" r23="-0.051915005" r24="0" r31="-0.69424474" r32="-0.0953822" r33="0.71339047" r34="0" r41="2474.4846" r42="69.32391" r43="-1200.8805" r44="1"></containerEntry>
          <containerEntry r11="0.6947257" r12="0.1702272" r13="0.69884074" r14="0" r21="-0.18809545" r22="0.9807777" r23="-0.051915005" r24="0" r31="-0.69424474" r32="-0.0953822" r33="0.71339047" r34="0" r41="2446.8042" r42="69.787415" r43="-1235.2727" r44="1"></containerEntry>
          <containerEntry r11="0.6947257" r12="0.1702272" r13="0.69884074" r14="0" r21="-0.18809545" r22="0.9807777" r23="-0.051915005" r24="0" r31="-0.69424474" r32="-0.0953822" r33="0.71339047" r34="0" r41="2430.6072" r42="69.52574" r43="-1233.5187" r44="1"></containerEntry>
          <containerEntry r11="-0.7585666" r12="-0.11149685" r13="0.64198387" r14="0" r21="-0.18809454" r22="0.98077786" r23="-0.051915243" r24="0" r31="-0.62385523" r32="-0.16013494" r33="-0.7649573" r34="0" r41="2445.585" r42="69.31712" r43="-1232.5748" r44="1"></containerEntry>
          <containerEntry r11="-0.7783809" r12="0.06850127" r13="-0.62403893" r14="0" r21="0.11031636" r22="0.9934865" r23="-0.02854529" r24="0" r31="0.61801887" r32="-0.09106102" r33="-0.7808677" r34="0" r41="2499.428" r42="69.63507" r43="-1212.2483" r44="1"></containerEntry>
          <containerEntry r11="0.8558709" r12="0.102018625" r13="0.5070156" r14="0" r21="-0.08303591" r22="0.9947385" r23="-0.059985943" r24="0" r31="-0.5104686" r32="0.009239666" r33="0.8598407" r34="0" r41="2496.9055" r42="68.81515" r43="-1213.3041" r44="1"></containerEntry>
          <containerEntry r11="-0.4850724" r12="0.031364575" r13="-1.0971426" r14="0" r21="0.34219486" r22="1.1440455" r23="-0.11858688" r24="0" r31="1.0428846" r32="-0.36079967" r33="-0.47139803" r34="0" r41="2485.7124" r42="69.38636" r43="-1230.5791" r44="1"></containerEntry>
          <containerEntry r11="-0.9846892" r12="-0.4779712" r13="-0.49186644" r14="0" r21="-0.29261646" r22="1.0711194" r23="-0.45505917" r24="0" r31="0.62029403" r32="-0.25346947" r33="-0.995485" r34="0" r41="2486.6116" r42="69.60582" r43="-1260.0632" r44="1"></containerEntry>
