<fox formatVersion="2" fileVersion="0">
  <entities>
    <entity class="DataSet" classVersion="0" classID="0xE8" addr="0x3354530" id="0x5F1D27">
      <staticProperties>
        <property name="name" type="String" container="StaticArray" arraySize="1">
          <containerEntry hash="0xB8A0BF169F98"></containerEntry>
        </property>
        <property name="dataSet" type="EntityHandle" container="StaticArray" arraySize="1">
          <containerEntry>0x0</containerEntry>
        </property>
        <property name="dataList" type="EntityPtr" container="StringMap" arraySize="6">
          <containerEntry key="mafr_rock010_0000">
            <data>0x3175AA0</data>
          </containerEntry>
          <containerEntry key="StaticModelArray0000">
            <data>0x317C2C0</data>
          </containerEntry>
          <containerEntry key="StaticModelArray0001">
            <data>0x317C330</data>
          </containerEntry>
          <containerEntry key="StaticModelArray0002">
            <data>0x317C410</data>
          </containerEntry>
          <containerEntry key="StaticModelArray0003">
            <data>0x317C3A0</data>
          </containerEntry>
          <containerEntry key="TexturePackLoadConditioner0000">
            <data>0x317C950</data>
          </containerEntry>
        </property>
      </staticProperties>
      <dynamicProperties></dynamicProperties>
    </entity>
    <entity class="StaticModel" classVersion="9" classID="0x160" addr="0x3175AA0" id="0x5F1DA0">
      <staticProperties>
        <property name="name" type="String" container="StaticArray" arraySize="1">
          <containerEntry>mafr_rock010_0000</containerEntry>
        </property>
        <property name="dataSet" type="EntityHandle" container="StaticArray" arraySize="1">
          <containerEntry>0x3354530</containerEntry>
        </property>
        <property name="parent" type="EntityHandle" container="StaticArray" arraySize="1">
          <containerEntry>0x0</containerEntry>
        </property>
        <property name="transform" type="EntityPtr" container="StaticArray" arraySize="1">
          <containerEntry>0x3175B10</containerEntry>
        </property>
        <property name="shearTransform" type="EntityPtr" container="StaticArray" arraySize="1">
          <containerEntry>0x0</containerEntry>
        </property>
        <property name="pivotTransform" type="EntityPtr" container="StaticArray" arraySize="1">
          <containerEntry>0x0</containerEntry>
        </property>
        <property name="children" type="EntityHandle" container="List"></property>
        <property name="flags" type="UInt32" container="StaticArray" arraySize="1">
          <containerEntry>2147483655</containerEntry>
        </property>
        <property name="modelFile" type="FilePtr" container="StaticArray" arraySize="1">
          <containerEntry>/Assets/tpp/environ/object/middle_africa/rock/mafr_rock010/scenes/mafr_rock010.fmdl</containerEntry>
        </property>
        <property name="geomFile" type="FilePtr" container="StaticArray" arraySize="1">
          <containerEntry>/Assets/tpp/environ/object/middle_africa/rock/mafr_rock010/scenes/mafr_rock010.geom</containerEntry>
        </property>
        <property name="isVisibleGeom" type="Bool" container="StaticArray" arraySize="1">
          <containerEntry>false</containerEntry>
        </property>
        <property name="isIsolated" type="Bool" container="StaticArray" arraySize="1">
          <containerEntry>false</containerEntry>
        </property>
        <property name="lodFarSize" type="Float" container="StaticArray" arraySize="1">
          <containerEntry>-1</containerEntry>
        </property>
        <property name="lodNearSize" type="Float" container="StaticArray" arraySize="1">
          <containerEntry>-1</containerEntry>
        </property>
        <property name="lodPolygonSize" type="Float" container="StaticArray" arraySize="1">
          <containerEntry>-1</containerEntry>
        </property>
        <property name="color" type="Color" container="StaticArray" arraySize="1">
          <containerEntry r="1" g="1" b="1" a="1"></containerEntry>
        </property>
        <property name="drawRejectionLevel" type="Int32" container="StaticArray" arraySize="1">
          <containerEntry>8</containerEntry>
        </property>
        <property name="drawMode" type="Int32" container="StaticArray" arraySize="1">
          <containerEntry>0</containerEntry>
        </property>
        <property name="rejectFarRangeShadowCast" type="Int32" container="StaticArray" arraySize="1">
          <containerEntry>2</containerEntry>
        </property>
      </staticProperties>
      <dynamicProperties></dynamicProperties>
    </entity>
    <entity class="TransformEntity" classVersion="0" classID="0x50" addr="0x3175B10" id="0x5F1DA3">
      <staticProperties>
        <property name="owner" type="EntityHandle" container="StaticArray" arraySize="1">
          <containerEntry>0x3175AA0</containerEntry>
        </property>
        <property name="transform_scale" type="Vector3" container="StaticArray" arraySize="1">
          <containerEntry x="1" y="1" z="1" w="0"></containerEntry>
        </property>
        <property name="transform_rotation_quat" type="Quat" container="StaticArray" arraySize="1">
          <containerEntry x="0" y="-0.99666" z="0" w="0.081658"></containerEntry>
        </property>
        <property name="transform_translation" type="Vector3" container="StaticArray" arraySize="1">
          <containerEntry x="1461.1552" y="-10.858444" z="807.9952" w="0"></containerEntry>
        </property>
      </staticProperties>
      <dynamicProperties></dynamicProperties>
    </entity>
    <entity class="StaticModelArray" classVersion="4" classID="0xD0" addr="0x317C2C0" id="0x0">
      <staticProperties>
        <property name="name" type="String" container="StaticArray" arraySize="1">
          <containerEntry>StaticModelArray0000</containerEntry>
        </property>
        <property name="dataSet" type="EntityHandle" container="StaticArray" arraySize="1">
          <containerEntry>0x3354530</containerEntry>
        </property>
        <property name="modelFile" type="FilePtr" container="StaticArray" arraySize="1">
          <containerEntry>/Assets/tpp/environ/object/middle_africa/clod/mafr_clod005/scenes/mafr_clod005.fmdl</containerEntry>
        </property>
        <property name="geomFile" type="FilePtr" container="StaticArray" arraySize="1">
          <containerEntry>/Assets/tpp/environ/object/middle_africa/clod/mafr_clod005/scenes/mafr_clod005.geom</containerEntry>
        </property>
        <property name="isVisibleGeom" type="Bool" container="StaticArray" arraySize="1">
          <containerEntry>false</containerEntry>
        </property>
        <property name="lodFarSize" type="Float" container="StaticArray" arraySize="1">
          <containerEntry>-1</containerEntry>
        </property>
        <property name="lodNearSize" type="Float" container="StaticArray" arraySize="1">
          <containerEntry>-1</containerEntry>
        </property>
        <property name="lodPolygonSize" type="Float" container="StaticArray" arraySize="1">
          <containerEntry>-1</containerEntry>
        </property>
        <property name="drawRejectionLevel" type="Int32" container="StaticArray" arraySize="1">
          <containerEntry>8</containerEntry>
        </property>
        <property name="drawMode" type="Int32" container="StaticArray" arraySize="1">
          <containerEntry>0</containerEntry>
        </property>
        <property name="rejectFarRangeShadowCast" type="Int32" container="StaticArray" arraySize="1">
          <containerEntry>2</containerEntry>
        </property>
        <property name="parentLocator" type="EntityLink" container="StaticArray" arraySize="1">
          <containerEntry packagePathHash="0xB8A0BF169F98" archivePathHash="0xB8A0BF169F98" nameInArchiveHash="0xB8A0BF169F98">0x0</containerEntry>
        </property>
        <property name="transforms" type="Matrix4" container="DynamicArray" arraySize="5">
          <containerEntry r11="-0.8064186" r12="0.07696578" r13="0.58631593" r14="0" r21="0.07270941" r22="0.99687576" r23="-0.030855611" r24="0" r31="-0.5868589" r32="0.017748151" r33="-0.8094953" r34="0" r41="1501.5079" r42="-13.841753" r43="777.98883" r44="1"></containerEntry>
          <containerEntry r11="-0.83607197" r12="0.08194253" r13="0.5424639" r14="0" r21="0.05654025" r22="0.9963873" r23="-0.06336772" r24="0" r31="-0.5456966" r32="-0.022308981" r33="-0.8376846" r34="0" r41="1468.2814" r42="-13.738372" r43="795.3794" r44="1"></containerEntry>
          <containerEntry r11="0.83559877" r12="0.021973185" r13="-0.54890025" r14="0" r21="-0.047705337" r22="0.99832743" r23="-0.032658137" r24="0" r31="0.5472646" r32="0.053474598" r33="0.8352494" r34="0" r41="1433.9642" r42="-12.57902" r43="835.68713" r44="1"></containerEntry>
          <containerEntry r11="-0.938069" r12="0.008579481" r13="-0.3463405" r14="0" r21="-0.029860757" r22="0.9939708" r23="0.10550083" r24="0" r31="0.34515747" r32="0.10930912" r33="-0.932157" r34="0" r41="1514.0872" r42="-15.095482" r43="887.6939" r44="1"></containerEntry>
          <containerEntry r11="0.90004325" r12="-0.009893447" r13="-0.43568805" r14="0" r21="-0.08405834" r22="0.9770279" r23="-0.19583333" r24="0" r31="0.4276168" r32="0.21288168" r33="0.87853575" r34="0" r41="1494.0222" r42="-13.841753" r43="834.6675" r44="1"></containerEntry>
        </property>
        <property name="colors" type="UInt32" container="DynamicArray" arraySize="5">
          <containerEntry>4294967295</containerEntry>
          <containerEntry>4294967295</containerEntry>
          <containerEntry>4294967295</containerEntry>
          <containerEntry>4294967295</containerEntry>
          <containerEntry>4294967295</containerEntry>
        </property>
      </staticProperties>
      <dynamicProperties></dynamicProperties>
    </entity>
    <entity class="StaticModelArray" classVersion="4" classID="0xD0" addr="0x317C330" id="0x0">
      <staticProperties>
        <property name="name" type="String" container="StaticArray" arraySize="1">
          <containerEntry>StaticModelArray0001</containerEntry>
        </property>
        <property name="dataSet" type="EntityHandle" container="StaticArray" arraySize="1">
          <containerEntry>0x3354530</containerEntry>
        </property>
        <property name="modelFile" type="FilePtr" container="StaticArray" arraySize="1">
          <containerEntry>/Assets/tpp/environ/object/middle_africa/rock/mafr_rock011/scenes/mafr_rock011.fmdl</containerEntry>
        </property>
        <property name="geomFile" type="FilePtr" container="StaticArray" arraySize="1">
          <containerEntry>/Assets/tpp/environ/object/middle_africa/rock/mafr_rock011/scenes/mafr_rock011.geom</containerEntry>
        </property>
        <property name="isVisibleGeom" type="Bool" container="StaticArray" arraySize="1">
          <containerEntry>false</containerEntry>
        </property>
        <property name="lodFarSize" type="Float" container="StaticArray" arraySize="1">
          <containerEntry>-1</containerEntry>
        </property>
        <property name="lodNearSize" type="Float" container="StaticArray" arraySize="1">
          <containerEntry>-1</containerEntry>
        </property>
        <property name="lodPolygonSize" type="Float" container="StaticArray" arraySize="1">
          <containerEntry>-1</containerEntry>
        </property>
        <property name="drawRejectionLevel" type="Int32" container="StaticArray" arraySize="1">
          <containerEntry>8</containerEntry>
        </property>
        <property name="drawMode" type="Int32" container="StaticArray" arraySize="1">
          <containerEntry>0</containerEntry>
        </property>
        <property name="rejectFarRangeShadowCast" type="Int32" container="StaticArray" arraySize="1">
          <containerEntry>2</containerEntry>
        </property>
        <property name="parentLocator" type="EntityLink" container="StaticArray" arraySize="1">
          <containerEntry packagePathHash="0xB8A0BF169F98" archivePathHash="0xB8A0BF169F98" nameInArchiveHash="0xB8A0BF169F98">0x0</containerEntry>
        </property>
        <property name="transforms" type="Matrix4" container="DynamicArray" arraySize="5">
          <containerEntry r11="0.9996605" r12="0.026013225" r13="-0.0014557317" r14="0" r21="-0.020167526" r22="0.80797106" r23="0.5888764" r24="0" r31="0.016494788" r32="-0.5886472" r33="0.8082214" r34="0" r41="1414.8718" r42="-13.35745" r43="827.89935" r44="1"></containerEntry>
          <containerEntry r11="0.99827105" r12="0.057459615" r13="-0.012380516" r14="0" r21="-0.04405859" r22="0.87091106" r23="0.48946136" r24="0" r31="0.038906626" r32="-0.48806965" r33="0.8719369" r34="0" r41="1414.704" r42="-16.325514" r43="810.9825" r44="1"></containerEntry>
          <containerEntry r11="0.89800876" r12="0.030058853" r13="-0.4389494" r14="0" r21="0.1713095" r22="0.89504606" r23="0.4117589" r24="0" r31="0.40525693" r32="-0.44495934" r33="0.79860985" r34="0" r41="1452.6122" r42="-13.629054" r43="803.6275" r44="1"></containerEntry>
          <containerEntry r11="-0.790691" r12="0.11309995" r13="0.6016712" r14="0" r21="-0.3047328" r22="0.7796773" r23="-0.54702866" r24="0" r31="-0.5309781" r32="-0.61588216" r33="-0.58201766" r34="0" r41="1468.157" r42="-13.065386" r43="812.5399" r44="1"></containerEntry>
          <containerEntry r11="-0.9554535" r12="0.06524727" r13="0.28783378" r14="0" r21="-0.18824854" r22="0.6163879" r23="-0.76460963" r24="0" r31="-0.22730592" r32="-0.7847344" r33="-0.5766466" r34="0" r41="1449.4849" r42="-15.180558" r43="799.3961" r44="1"></containerEntry>
        </property>
        <property name="colors" type="UInt32" container="DynamicArray" arraySize="5">
          <containerEntry>4294967295</containerEntry>
          <containerEntry>4294967295</containerEntry>
          <containerEntry>4294967295</containerEntry>
          <containerEntry>4294967295</containerEntry>
          <containerEntry>4294967295</containerEntry>
        </property>
      </staticProperties>
      <dynamicProperties></dynamicProperties>
    </entity>
    <entity class="StaticModelArray" classVersion="4" classID="0xD0" addr="0x317C410" id="0x0">
      <staticProperties>
        <property name="name" type="String" container="StaticArray" arraySize="1">
          <containerEntry>StaticModelArray0002</containerEntry>
        </property>
        <property name="dataSet" type="EntityHandle" container="StaticArray" arraySize="1">
          <containerEntry>0x3354530</containerEntry>
        </property>
        <property name="modelFile" type="FilePtr" container="StaticArray" arraySize="1">
          <containerEntry>/Assets/tpp/environ/object/middle_africa/rock/mafr_rock002/scenes/mafr_rock002.fmdl</containerEntry>
        </property>
        <property name="geomFile" type="FilePtr" container="StaticArray" arraySize="1">
          <containerEntry>/Assets/tpp/environ/object/middle_africa/rock/mafr_rock002/scenes/mafr_rock002.geom</containerEntry>
        </property>
        <property name="isVisibleGeom" type="Bool" container="StaticArray" arraySize="1">
          <containerEntry>false</containerEntry>
        </property>
        <property name="lodFarSize" type="Float" container="StaticArray" arraySize="1">
          <containerEntry>-1</containerEntry>
        </property>
        <property name="lodNearSize" type="Float" container="StaticArray" arraySize="1">
          <containerEntry>-1</containerEntry>
        </property>
        <property name="lodPolygonSize" type="Float" container="StaticArray" arraySize="1">
          <containerEntry>-1</containerEntry>
        </property>
        <property name="drawRejectionLevel" type="Int32" container="StaticArray" arraySize="1">
          <containerEntry>8</containerEntry>
        </property>
        <property name="drawMode" type="Int32" container="StaticArray" arraySize="1">
          <containerEntry>0</containerEntry>
        </property>
        <property name="rejectFarRangeShadowCast" type="Int32" container="StaticArray" arraySize="1">
          <containerEntry>2</containerEntry>
        </property>
        <property name="parentLocator" type="EntityLink" container="StaticArray" arraySize="1">
          <containerEntry packagePathHash="0xB8A0BF169F98" archivePathHash="0xB8A0BF169F98" nameInArchiveHash="0xB8A0BF169F98">0x0</containerEntry>
        </property>
        <property name="transforms" type="Matrix4" container="DynamicArray" arraySize="6">
          <containerEntry r11="-1.0000005" r12="0" r13="0" r14="0" r21="0" r22="0.96592593" r23="-0.25881872" r24="0" r31="0" r32="-0.25881872" r33="-0.9659264" r34="0" r41="1414.4021" r42="-11.159738" r43="819.4342" r44="1"></containerEntry>
          <containerEntry r11="-0.47973043" r12="-0.009763211" r13="0.8773639" r14="0" r21="-0.18611659" r22="0.9783157" r23="-0.09087907" r24="0" r31="-0.8574517" r32="-0.20688902" r33="-0.47114497" r34="0" r41="1443.1664" r42="-11.405663" r43="807.16895" r44="1"></containerEntry>
          <containerEntry r11="0.937584" r12="0.05254473" r13="-0.34376624" r14="0" r21="-0.04802997" r22="0.9986114" r23="0.02164155" r24="0" r31="0.34442607" r32="-0.0037796851" r33="0.9388058" r34="0" r41="1455.9958" r42="-9.722616" r43="817.2477" r44="1"></containerEntry>
          <containerEntry r11="-0.8177366" r12="-0.1542409" r13="-0.5545406" r14="0" r21="-0.07155127" r22="0.9831943" r23="-0.16795635" r24="0" r31="0.5711269" r32="-0.09766608" r33="-0.81503016" r34="0" r41="1459.4836" r42="-10.774241" r43="799.08704" r44="1"></containerEntry>
          <containerEntry r11="-0.74852836" r12="0.07203849" r13="0.6591757" r14="0" r21="0.10762158" r22="0.9940993" r23="0.013569303" r24="0" r31="-0.6543086" r32="0.08109862" r33="-0.7518644" r34="0" r41="1475.7694" r42="-9.864937" r43="809.2206" r44="1"></containerEntry>
          <containerEntry r11="0.05921385" r12="0.03370133" r13="0.9976751" r14="0" r21="0.076903366" r22="0.99630576" r23="-0.03821929" r24="0" r31="-0.99527746" r32="0.07898773" r33="0.05640334" r34="0" r41="1526.4558" r42="-12.262987" r43="780.3936" r44="1"></containerEntry>
        </property>
        <property name="colors" type="UInt32" container="DynamicArray" arraySize="6">
          <containerEntry>4294967295</containerEntry>
          <containerEntry>4294967295</containerEntry>
          <containerEntry>4294967295</containerEntry>
          <containerEntry>4294967295</containerEntry>
          <containerEntry>4294967295</containerEntry>
          <containerEntry>4294967295</containerEntry>
        </property>
      </staticProperties>
      <dynamicProperties></dynamicProperties>
    </entity>
    <entity class="StaticModelArray" classVersion="4" classID="0xD0" addr="0x317C3A0" id="0x0">
      <staticProperties>
        <property name="name" type="String" container="StaticArray" arraySize="1">
          <containerEntry>StaticModelArray0003</containerEntry>
        </property>
        <property name="dataSet" type="EntityHandle" container="StaticArray" arraySize="1">
          <containerEntry>0x3354530</containerEntry>
        </property>
        <property name="modelFile" type="FilePtr" container="StaticArray" arraySize="1">
          <containerEntry>/Assets/tpp/environ/object/middle_africa/cliff/mafr_clff003/scenes/mafr_clff003_vrtn001.fmdl</containerEntry>
        </property>
        <property name="geomFile" type="FilePtr" container="StaticArray" arraySize="1">
          <containerEntry>/Assets/tpp/environ/object/middle_africa/cliff/mafr_clff003/scenes/mafr_clff003_vrtn001.geom</containerEntry>
        </property>
        <property name="isVisibleGeom" type="Bool" container="StaticArray" arraySize="1">
          <containerEntry>false</containerEntry>
        </property>
        <property name="lodFarSize" type="Float" container="StaticArray" arraySize="1">
          <containerEntry>-1</containerEntry>
        </property>
        <property name="lodNearSize" type="Float" container="StaticArray" arraySize="1">
          <containerEntry>-1</containerEntry>
        </property>
        <property name="lodPolygonSize" type="Float" container="StaticArray" arraySize="1">
          <containerEntry>-1</containerEntry>
        </property>
        <property name="drawRejectionLevel" type="Int32" container="StaticArray" arraySize="1">
          <containerEntry>8</containerEntry>
        </property>
        <property name="drawMode" type="Int32" container="StaticArray" arraySize="1">
          <containerEntry>0</containerEntry>
        </property>
        <property name="rejectFarRangeShadowCast" type="Int32" container="StaticArray" arraySize="1">
          <containerEntry>2</containerEntry>
        </property>
        <property name="parentLocator" type="EntityLink" container="StaticArray" arraySize="1">
          <containerEntry packagePathHash="0xB8A0BF169F98" archivePathHash="0xB8A0BF169F98" nameInArchiveHash="0xB8A0BF169F98">0x0</containerEntry>
        </property>
        <property name="transforms" type="Matrix4" container="DynamicArray" arraySize="16">
          <containerEntry r11="-0.8071885" r12="-0.13661703" r13="-0.5742646" r14="0" r21="-0.4512731" r22="0.7699504" r23="0.45114145" r24="0" r31="0.38052154" r32="0.62330717" r33="-0.6831465" r34="0" r41="1429.3522" r42="-16.708622" r43="811.31323" r44="1"></containerEntry>
          <containerEntry r11="-0.7751008" r12="-0.08602395" r13="0.6259525" r14="0" r21="0.18721586" r22="0.9149312" r23="0.35756266" r24="0" r31="-0.60346234" r32="0.3943358" r33="-0.6930587" r34="0" r41="1441.5726" r42="-14.042612" r43="813.5087" r44="1"></containerEntry>
          <containerEntry r11="0.8778835" r12="0.03756447" r13="-0.47739863" r14="0" r21="-0.4128734" r22="0.56442267" r23="-0.7148163" r24="0" r31="0.24260283" r32="0.82463056" r33="0.5110067" r34="0" r41="1444.7993" r42="-13.600259" r43="816.3459" r44="1"></containerEntry>
          <containerEntry r11="0.18434888" r12="0.08941792" r13="0.9787844" r14="0" r21="0.4420517" r22="0.8819022" r23="-0.16382492" r24="0" r31="-0.87784094" r32="0.46287447" r33="0.12305039" r34="0" r41="1476.0822" r42="-14.993056" r43="795.8427" r44="1"></containerEntry>
          <containerEntry r11="0.9543036" r12="-0.08560862" r13="-0.28631395" r14="0" r21="-0.15674467" r22="0.6723283" r23="-0.72346723" r24="0" r31="0.25443196" r32="0.73528564" r33="0.62818664" r34="0" r41="1491.4147" r42="-15.021789" r43="785.61926" r44="1"></containerEntry>
          <containerEntry r11="0.78426766" r12="-0.1463369" r13="0.60291713" r14="0" r21="0.48258388" r22="0.7546263" r23="-0.4445798" r24="0" r31="-0.38991833" r32="0.639628" r33="0.662449" r34="0" r41="1490.0352" r42="-14.691404" r43="794.6528" r44="1"></containerEntry>
          <containerEntry r11="-0.91916907" r12="-0.02102118" r13="0.39329705" r14="0" r21="0.24977824" r22="0.7409694" r23="0.62335765" r24="0" r31="-0.3045247" r32="0.67120934" r33="-0.675825" r34="0" r41="1489.1838" r42="-13.467584" r43="795.9037" r44="1"></containerEntry>
          <containerEntry r11="-0.91916907" r12="-0.02102118" r13="0.39329705" r14="0" r21="0.24977824" r22="0.7409694" r23="0.62335765" r24="0" r31="-0.3045247" r32="0.67120934" r33="-0.675825" r34="0" r41="1508.7396" r42="-14.946078" r43="776.1329" r44="1"></containerEntry>
          <containerEntry r11="-0.9939357" r12="-0.065015145" r13="0.088651925" r14="0" r21="0.006694494" r22="0.7690991" r23="0.63909394" r24="0" r31="-0.10973294" r32="0.63581353" r33="-0.7639992" r34="0" r41="1476.0822" r42="-14.782273" r43="825.83563" r44="1"></containerEntry>
          <containerEntry r11="-0.7076216" r12="0.013367325" r13="0.7064603" r14="0" r21="0.44008717" r22="0.7905513" r23="0.42585337" r24="0" r31="-0.55280024" r32="0.61224926" r33="-0.5652932" r34="0" r41="1524.3645" r42="-18.712147" r43="824.281" r44="1"></containerEntry>
          <containerEntry r11="0.046470366" r12="0.0133681595" r13="0.9988278" r14="0" r21="0.61115134" r22="0.79055107" r23="-0.03901279" r24="0" r31="-0.7901454" r32="0.6122493" r33="0.028567731" r34="0" r41="1531.2751" r42="-18.182951" r43="794.70496" r44="1"></containerEntry>
          <containerEntry r11="-0.98462594" r12="-0.13661772" r13="-0.10881692" r14="0" r21="-0.1746583" r22="0.7699508" r23="0.61373407" r24="0" r31="-6.3449144e-05" r32="0.6233062" r33="-0.78197426" r34="0" r41="1429.3522" r42="-13.806615" r43="826.77997" r44="1"></containerEntry>
          <containerEntry r11="-0.06415542" r12="-0.09887725" r13="-0.99302834" r14="0" r21="-0.6109986" r22="0.79065776" r23="-0.039252132" r24="0" r31="0.78902644" r32="0.6042212" r33="-0.11113864" r34="0" r41="1507.1044" r42="-16.085619" r43="829.70105" r44="1"></containerEntry>
          <containerEntry r11="-0.94887775" r12="-0.098876506" r13="-0.29974914" r14="0" r21="-0.2578165" r22="0.7906581" r23="0.5553286" r24="0" r31="0.18208997" r32="0.60422075" r33="-0.77572936" r34="0" r41="1510.7511" r42="-15.91252" r43="826.6123" r44="1"></containerEntry>
          <containerEntry r11="-0.9488782" r12="-0.06434411" r13="-0.30900806" r14="0" r21="-0.25781682" r22="0.72278374" r23="0.64118135" r24="0" r31="0.18208964" r32="0.68807185" r33="-0.70242226" r34="0" r41="1490.7096" r42="-15.001389" r43="830.69415" r44="1"></containerEntry>
          <containerEntry r11="-0.94887775" r12="-0.098876506" r13="-0.29974914" r14="0" r21="-0.2578165" r22="0.7906581" r23="0.5553286" r24="0" r31="0.18208997" r32="0.60422075" r33="-0.77572936" r34="0" r41="1503.6267" r42="-14.487077" r43="791.88837" r44="1"></containerEntry>
        </property>
        <property name="colors" type="UInt32" container="DynamicArray" arraySize="16">
          <containerEntry>4294967295</containerEntry>
          <containerEntry>4294967295</containerEntry>
          <containerEntry>4294967295</containerEntry>
          <containerEntry>4294967295</containerEntry>
          <containerEntry>4294967295</containerEntry>
          <containerEntry>4294967295</containerEntry>
          <containerEntry>4294967295</containerEntry>
          <containerEntry>4294967295</containerEntry>
          <containerEntry>4294967295</containerEntry>
          <containerEntry>4294967295</containerEntry>
          <containerEntry>4294967295</containerEntry>
          <containerEntry>4294967295</containerEntry>
          <containerEntry>4294967295</containerEntry>
          <containerEntry>4294967295</containerEntry>
          <containerEntry>4294967295</containerEntry>
          <containerEntry>4294967295</containerEntry>
        </property>
      </staticProperties>
      <dynamicProperties></dynamicProperties>
    </entity>
    <entity class="TexturePackLoadConditioner" classVersion="0" classID="0x48" addr="0x317C950" id="0x0">
      <staticProperties>
        <property name="name" type="String" container="StaticArray" arraySize="1">
          <containerEntry>TexturePackLoadConditioner0000</containerEntry>
        </property>
        <property name="dataSet" type="EntityHandle" container="StaticArray" arraySize="1">
          <containerEntry>0x3354530</containerEntry>
        </property>
        <property name="texturePackPath" type="Path" container="StaticArray" arraySize="1">
          <containerEntry hash="0xB8A0BF169F98"></containerEntry>
        </property>
      </staticProperties>
      <dynamicProperties></dynamicProperties>
    </entity>
  </entities>
</fox>