<fox formatVersion="2" fileVersion="0">
  <entities>
    <entity class="DataSet" classVersion="0" classID="0xE8" addr="0x335A9D0" id="0xC477A">
      <staticProperties>
        <property name="name" type="String" container="StaticArray" arraySize="1">
          <containerEntry hash="0xB8A0BF169F98"></containerEntry>
        </property>
        <property name="dataSet" type="EntityHandle" container="StaticArray" arraySize="1">
          <containerEntry>0x0</containerEntry>
        </property>
        <property name="dataList" type="EntityPtr" container="StringMap" arraySize="14">
          <containerEntry key="afgh_clff022_vrtn003_0003">
            <data>0x33595B0</data>
          </containerEntry>
          <containerEntry key="afgh_rbbl003_0073">
            <data>0x3178890</data>
          </containerEntry>
          <containerEntry key="StaticModelArray0000">
            <data>0x317E860</data>
          </containerEntry>
          <containerEntry key="StaticModelArray0001">
            <data>0x317EB00</data>
          </containerEntry>
          <containerEntry key="StaticModelArray0002">
            <data>0x317EEF0</data>
          </containerEntry>
          <containerEntry key="StaticModelArray0003">
            <data>0x317E550</data>
          </containerEntry>
          <containerEntry key="StaticModelArray0004">
            <data>0x317EE10</data>
          </containerEntry>
          <containerEntry key="StaticModelArray0005">
            <data>0x317E780</data>
          </containerEntry>
          <containerEntry key="StaticModelArray0006">
            <data>0x317EA90</data>
          </containerEntry>
          <containerEntry key="StaticModelArray0007">
            <data>0x317EC50</data>
          </containerEntry>
          <containerEntry key="StaticModelArray0008">
            <data>0x335AEA0</data>
          </containerEntry>
          <containerEntry key="StaticModelArray0009">
            <data>0x317E390</data>
          </containerEntry>
          <containerEntry key="StaticModelArray0010">
            <data>0x317B840</data>
          </containerEntry>
          <containerEntry key="TexturePackLoadConditioner0000">
            <data>0x317EBE0</data>
          </containerEntry>
        </property>
      </staticProperties>
      <dynamicProperties></dynamicProperties>
    </entity>
    <entity class="StaticModel" classVersion="9" classID="0x160" addr="0x33595B0" id="0xC47E3">
      <staticProperties>
        <property name="name" type="String" container="StaticArray" arraySize="1">
          <containerEntry>afgh_clff022_vrtn003_0003</containerEntry>
        </property>
        <property name="dataSet" type="EntityHandle" container="StaticArray" arraySize="1">
          <containerEntry>0x335A9D0</containerEntry>
        </property>
        <property name="parent" type="EntityHandle" container="StaticArray" arraySize="1">
          <containerEntry>0x0</containerEntry>
        </property>
        <property name="transform" type="EntityPtr" container="StaticArray" arraySize="1">
          <containerEntry>0x3359540</containerEntry>
        </property>
        <property name="shearTransform" type="EntityPtr" container="StaticArray" arraySize="1">
          <containerEntry>0x0</containerEntry>
        </property>
        <property name="pivotTransform" type="EntityPtr" container="StaticArray" arraySize="1">
          <containerEntry>0x0</containerEntry>
        </property>
        <property name="children" type="EntityHandle" container="List"></property>
        <property name="flags" type="UInt32" container="StaticArray" arraySize="1">
          <containerEntry>7</containerEntry>
        </property>
        <property name="modelFile" type="FilePtr" container="StaticArray" arraySize="1">
          <containerEntry>/Assets/tpp/environ/object/afghanistan/cliff/afgh_clff022/scenes/afgh_clff022_vrtn003.fmdl</containerEntry>
        </property>
        <property name="geomFile" type="FilePtr" container="StaticArray" arraySize="1">
          <containerEntry>/Assets/tpp/environ/object/afghanistan/cliff/afgh_clff022/scenes/afgh_clff022_vrtn003.geom</containerEntry>
        </property>
        <property name="isVisibleGeom" type="Bool" container="StaticArray" arraySize="1">
          <containerEntry>false</containerEntry>
        </property>
        <property name="isIsolated" type="Bool" container="StaticArray" arraySize="1">
          <containerEntry>false</containerEntry>
        </property>
        <property name="lodFarSize" type="Float" container="StaticArray" arraySize="1">
          <containerEntry>-1</containerEntry>
        </property>
        <property name="lodNearSize" type="Float" container="StaticArray" arraySize="1">
          <containerEntry>-1</containerEntry>
        </property>
        <property name="lodPolygonSize" type="Float" container="StaticArray" arraySize="1">
          <containerEntry>-1</containerEntry>
        </property>
        <property name="color" type="Color" container="StaticArray" arraySize="1">
          <containerEntry r="1" g="1" b="1" a="1"></containerEntry>
        </property>
        <property name="drawRejectionLevel" type="Int32" container="StaticArray" arraySize="1">
          <containerEntry>8</containerEntry>
        </property>
        <property name="drawMode" type="Int32" container="StaticArray" arraySize="1">
          <containerEntry>0</containerEntry>
        </property>
        <property name="rejectFarRangeShadowCast" type="Int32" container="StaticArray" arraySize="1">
          <containerEntry>0</containerEntry>
        </property>
      </staticProperties>
      <dynamicProperties></dynamicProperties>
    </entity>
    <entity class="TransformEntity" classVersion="0" classID="0x50" addr="0x3359540" id="0xC47E6">
      <staticProperties>
        <property name="owner" type="EntityHandle" container="StaticArray" arraySize="1">
          <containerEntry>0x33595B0</containerEntry>
        </property>
        <property name="transform_scale" type="Vector3" container="StaticArray" arraySize="1">
          <containerEntry x="1" y="1" z="1" w="0"></containerEntry>
        </property>
        <property name="transform_rotation_quat" type="Quat" container="StaticArray" arraySize="1">
          <containerEntry x="0.073383" y="0.639167" z="-0.061466" w="0.763087"></containerEntry>
        </property>
        <property name="transform_translation" type="Vector3" container="StaticArray" arraySize="1">
          <containerEntry x="634.2055" y="445.94705" z="-979.0343" w="0"></containerEntry>
        </property>
      </staticProperties>
      <dynamicProperties></dynamicProperties>
    </entity>
    <entity class="StaticModel" classVersion="9" classID="0x160" addr="0x3178890" id="0xC494E">
      <staticProperties>
        <property name="name" type="String" container="StaticArray" arraySize="1">
          <containerEntry>afgh_rbbl003_0073</containerEntry>
        </property>
        <property name="dataSet" type="EntityHandle" container="StaticArray" arraySize="1">
          <containerEntry>0x335A9D0</containerEntry>
        </property>
        <property name="parent" type="EntityHandle" container="StaticArray" arraySize="1">
          <containerEntry>0x0</containerEntry>
        </property>
        <property name="transform" type="EntityPtr" container="StaticArray" arraySize="1">
          <containerEntry>0x3178900</containerEntry>
        </property>
        <property name="shearTransform" type="EntityPtr" container="StaticArray" arraySize="1">
          <containerEntry>0x0</containerEntry>
        </property>
        <property name="pivotTransform" type="EntityPtr" container="StaticArray" arraySize="1">
          <containerEntry>0x0</containerEntry>
        </property>
        <property name="children" type="EntityHandle" container="List"></property>
        <property name="flags" type="UInt32" container="StaticArray" arraySize="1">
          <containerEntry>7</containerEntry>
        </property>
        <property name="modelFile" type="FilePtr" container="StaticArray" arraySize="1">
          <containerEntry>/Assets/tpp/environ/object/afghanistan/rubble/afgh_rbbl003/scenes/afgh_rbbl003.fmdl</containerEntry>
        </property>
        <property name="geomFile" type="FilePtr" container="StaticArray" arraySize="1">
          <containerEntry>/Assets/tpp/environ/object/afghanistan/rubble/afgh_rbbl003/scenes/afgh_rbbl003.geom</containerEntry>
        </property>
        <property name="isVisibleGeom" type="Bool" container="StaticArray" arraySize="1">
          <containerEntry>false</containerEntry>
        </property>
        <property name="isIsolated" type="Bool" container="StaticArray" arraySize="1">
          <containerEntry>false</containerEntry>
        </property>
        <property name="lodFarSize" type="Float" container="StaticArray" arraySize="1">
          <containerEntry>-1</containerEntry>
        </property>
        <property name="lodNearSize" type="Float" container="StaticArray" arraySize="1">
          <containerEntry>-1</containerEntry>
        </property>
        <property name="lodPolygonSize" type="Float" container="StaticArray" arraySize="1">
          <containerEntry>-1</containerEntry>
        </property>
        <property name="color" type="Color" container="StaticArray" arraySize="1">
          <containerEntry r="1" g="1" b="1" a="1"></containerEntry>
        </property>
        <property name="drawRejectionLevel" type="Int32" container="StaticArray" arraySize="1">
          <containerEntry>8</containerEntry>
        </property>
        <property name="drawMode" type="Int32" container="StaticArray" arraySize="1">
          <containerEntry>0</containerEntry>
        </property>
        <property name="rejectFarRangeShadowCast" type="Int32" container="StaticArray" arraySize="1">
          <containerEntry>0</containerEntry>
        </property>
      </staticProperties>
      <dynamicProperties></dynamicProperties>
    </entity>
    <entity class="TransformEntity" classVersion="0" classID="0x50" addr="0x3178900" id="0xC4951">
      <staticProperties>
        <property name="owner" type="EntityHandle" container="StaticArray" arraySize="1">
          <containerEntry>0x3178890</containerEntry>
        </property>
        <property name="transform_scale" type="Vector3" container="StaticArray" arraySize="1">
          <containerEntry x="1" y="1" z="1" w="0"></containerEntry>
        </property>
        <property name="transform_rotation_quat" type="Quat" container="StaticArray" arraySize="1">
          <containerEntry x="0" y="0.777669" z="0" w="0.628674"></containerEntry>
        </property>
        <property name="transform_translation" type="Vector3" container="StaticArray" arraySize="1">
          <containerEntry x="633.75073" y="436.1773" z="-905.8591" w="0"></containerEntry>
        </property>
      </staticProperties>
      <dynamicProperties></dynamicProperties>
    </entity>
    <entity class="StaticModelArray" classVersion="4" classID="0xD0" addr="0x317E860" id="0x0">
      <staticProperties>
        <property name="name" type="String" container="StaticArray" arraySize="1">
          <containerEntry>StaticModelArray0000</containerEntry>
        </property>
        <property name="dataSet" type="EntityHandle" container="StaticArray" arraySize="1">
          <containerEntry>0x335A9D0</containerEntry>
        </property>
        <property name="modelFile" type="FilePtr" container="StaticArray" arraySize="1">
          <containerEntry>/Assets/tpp/environ/object/afghanistan/cliff/afgh_clff025/scenes/afgh_clff025.fmdl</containerEntry>
        </property>
        <property name="geomFile" type="FilePtr" container="StaticArray" arraySize="1">
          <containerEntry>/Assets/tpp/environ/object/afghanistan/cliff/afgh_clff025/scenes/afgh_clff025.geom</containerEntry>
        </property>
        <property name="isVisibleGeom" type="Bool" container="StaticArray" arraySize="1">
          <containerEntry>false</containerEntry>
        </property>
        <property name="lodFarSize" type="Float" container="StaticArray" arraySize="1">
          <containerEntry>-1</containerEntry>
        </property>
        <property name="lodNearSize" type="Float" container="StaticArray" arraySize="1">
          <containerEntry>-1</containerEntry>
        </property>
        <property name="lodPolygonSize" type="Float" container="StaticArray" arraySize="1">
          <containerEntry>-1</containerEntry>
        </property>
        <property name="drawRejectionLevel" type="Int32" container="StaticArray" arraySize="1">
          <containerEntry>8</containerEntry>
        </property>
        <property name="drawMode" type="Int32" container="StaticArray" arraySize="1">
          <containerEntry>0</containerEntry>
        </property>
        <property name="rejectFarRangeShadowCast" type="Int32" container="StaticArray" arraySize="1">
          <containerEntry>0</containerEntry>
        </property>
        <property name="parentLocator" type="EntityLink" container="StaticArray" arraySize="1">
          <containerEntry packagePathHash="0xB8A0BF169F98" archivePathHash="0xB8A0BF169F98" nameInArchiveHash="0xB8A0BF169F98">0x0</containerEntry>
        </property>
        <property name="transforms" type="Matrix4" container="DynamicArray" arraySize="7">
          <containerEntry r11="0.9996012" r12="0.000592406" r13="-0.02823473" r14="0" r21="-0.0017228991" r22="0.99919695" r23="-0.04003164" r24="0" r31="0.028188339" r32="0.04006432" r33="0.99879944" r34="0" r41="573.74207" r42="449.24493" r43="-983.377" r44="1"></containerEntry>
          <containerEntry r11="0.8021078" r12="0" r13="0.5971789" r14="0" r21="0" r22="1" r23="0" r24="0" r31="-0.5971789" r32="0" r33="0.8021078" r34="0" r41="634.25977" r42="434.69278" r43="-967.49194" r44="1"></containerEntry>
          <containerEntry r11="0.7211467" r12="-0.024030913" r13="-0.69236517" r14="0" r21="0.017747227" r22="0.99971104" r23="-0.01621342" r24="0" r31="0.6925547" r32="-0.00059532" r33="0.72136486" r34="0" r41="588.03345" r42="432.3292" r43="-965.51337" r44="1"></containerEntry>
          <containerEntry r11="0.9733815" r12="-0.024074497" r13="-0.41898507" r14="0" r21="0.018811416" r22="1.0596937" r23="-0.017186528" r24="0" r31="0.41925433" r32="0.008346537" r33="0.97352743" r34="0" r41="594.3444" r42="434.3379" r43="-974.26544" r44="1"></containerEntry>
          <containerEntry r11="0.776707" r12="-0.028107205" r13="-0.6292348" r14="0" r21="-0.0073384065" r22="0.99853224" r23="-0.053661622" r24="0" r31="0.6298195" r32="0.04629694" r33="0.7753607" r34="0" r41="575.12805" r42="434.008" r43="-954.67883" r44="1"></containerEntry>
          <containerEntry r11="0.9082835" r12="0.16611944" r13="-0.38396004" r14="0" r21="-0.15449695" r22="0.9860984" r23="0.06116023" r24="0" r31="0.3887823" r32="0.0037698671" r33="0.92132187" r34="0" r41="566.6184" r42="438.98236" r43="-958.01794" r44="1"></containerEntry>
          <containerEntry r11="0.6072176" r12="0.114689186" r13="-0.7862138" r14="0" r21="-0.066799685" r22="0.99339277" r23="0.093319915" r24="0" r31="0.7917219" r32="-0.0041465387" r33="0.6108668" r34="0" r41="558.17096" r42="436.75247" r43="-953.8585" r44="1"></containerEntry>
        </property>
        <property name="colors" type="UInt32" container="DynamicArray" arraySize="7">
          <containerEntry>4294967295</containerEntry>
          <containerEntry>4294967295</containerEntry>
          <containerEntry>4294967295</containerEntry>
          <containerEntry>4294967295</containerEntry>
          <containerEntry>4294967295</containerEntry>
          <containerEntry>4294967295</containerEntry>
          <containerEntry>4294967295</containerEntry>
        </property>
      </staticProperties>
      <dynamicProperties></dynamicProperties>
    </entity>
    <entity class="StaticModelArray" classVersion="4" classID="0xD0" addr="0x317EB00" id="0x0">
      <staticProperties>
        <property name="name" type="String" container="StaticArray" arraySize="1">
          <containerEntry>StaticModelArray0001</containerEntry>
        </property>
        <property name="dataSet" type="EntityHandle" container="StaticArray" arraySize="1">
          <containerEntry>0x335A9D0</containerEntry>
        </property>
        <property name="modelFile" type="FilePtr" container="StaticArray" arraySize="1">
          <containerEntry>/Assets/tpp/environ/object/afghanistan/rock/afgh_rock011/scenes/afgh_rock011.fmdl</containerEntry>
        </property>
        <property name="geomFile" type="FilePtr" container="StaticArray" arraySize="1">
          <containerEntry>/Assets/tpp/environ/object/afghanistan/rock/afgh_rock011/scenes/afgh_rock011.geom</containerEntry>
        </property>
        <property name="isVisibleGeom" type="Bool" container="StaticArray" arraySize="1">
          <containerEntry>false</containerEntry>
        </property>
        <property name="lodFarSize" type="Float" container="StaticArray" arraySize="1">
          <containerEntry>-1</containerEntry>
        </property>
        <property name="lodNearSize" type="Float" container="StaticArray" arraySize="1">
          <containerEntry>-1</containerEntry>
        </property>
        <property name="lodPolygonSize" type="Float" container="StaticArray" arraySize="1">
          <containerEntry>-1</containerEntry>
        </property>
        <property name="drawRejectionLevel" type="Int32" container="StaticArray" arraySize="1">
          <containerEntry>8</containerEntry>
        </property>
        <property name="drawMode" type="Int32" container="StaticArray" arraySize="1">
          <containerEntry>0</containerEntry>
        </property>
        <property name="rejectFarRangeShadowCast" type="Int32" container="StaticArray" arraySize="1">
          <containerEntry>0</containerEntry>
        </property>
        <property name="parentLocator" type="EntityLink" container="StaticArray" arraySize="1">
          <containerEntry packagePathHash="0xB8A0BF169F98" archivePathHash="0xB8A0BF169F98" nameInArchiveHash="0xB8A0BF169F98">0x0</containerEntry>
        </property>
        <property name="transforms" type="Matrix4" container="DynamicArray" arraySize="5">
          <containerEntry r11="0.102981865" r12="0.064172484" r13="-0.99260783" r14="0" r21="0.15919252" r22="0.9839902" r23="0.08013086" r24="0" r31="0.9818585" r32="-0.16626798" r33="0.09111735" r34="0" r41="621.28845" r42="445.7879" r43="-987.113" r44="1"></containerEntry>
          <containerEntry r11="-0.9295944" r12="0.09570312" r13="0.35593876" r14="0" r21="0.13993001" r22="0.98503774" r23="0.100599185" r24="0" r31="-0.34098545" r32="0.14332312" r33="-0.9290773" r34="0" r41="643.2147" r42="443.53763" r43="-978.0351" r44="1"></containerEntry>
          <containerEntry r11="-0.98777574" r12="-0.051297784" r13="0.1471659" r14="0" r21="-0.040540084" r22="0.9963447" r23="0.07519121" r24="0" r31="-0.1504851" r32="0.06830622" r33="-0.98624474" r34="0" r41="571.6764" r42="445.0708" r43="-968.9402" r44="1"></containerEntry>
          <containerEntry r11="0.5108221" r12="0.10945825" r13="-0.8526878" r14="0" r21="-0.17084436" r22="0.98500335" r23="0.02409527" r24="0" r31="0.8425377" r32="0.1333687" r33="0.52186185" r34="0" r41="547.9502" r42="425.96634" r43="-937.3252" r44="1"></containerEntry>
          <containerEntry r11="0.70374775" r12="-0.10096215" r13="0.70323926" r14="0" r21="-0.109794006" r22="0.96250343" r23="0.2480572" r24="0" r31="-0.7019146" r32="-0.25178114" r33="0.66627455" r34="0" r41="603.58057" r42="432.63382" r43="-906.93097" r44="1"></containerEntry>
        </property>
        <property name="colors" type="UInt32" container="DynamicArray" arraySize="5">
          <containerEntry>4294967295</containerEntry>
          <containerEntry>4294967295</containerEntry>
          <containerEntry>4294967295</containerEntry>
          <containerEntry>4294967295</containerEntry>
          <containerEntry>4294967295</containerEntry>
        </property>
      </staticProperties>
      <dynamicProperties></dynamicProperties>
    </entity>
    <entity class="StaticModelArray" classVersion="4" classID="0xD0" addr="0x317EEF0" id="0x0">
      <staticProperties>
        <property name="name" type="String" container="StaticArray" arraySize="1">
          <containerEntry>StaticModelArray0002</containerEntry>
        </property>
        <property name="dataSet" type="EntityHandle" container="StaticArray" arraySize="1">
          <containerEntry>0x335A9D0</containerEntry>
        </property>
        <property name="modelFile" type="FilePtr" container="StaticArray" arraySize="1">
          <containerEntry>/Assets/tpp/environ/object/afghanistan/rock/afgh_rock009/scenes/afgh_rock009_rock001.fmdl</containerEntry>
        </property>
        <property name="geomFile" type="FilePtr" container="StaticArray" arraySize="1">
          <containerEntry>/Assets/tpp/environ/object/afghanistan/rock/afgh_rock009/scenes/afgh_rock009_rock001.geom</containerEntry>
        </property>
        <property name="isVisibleGeom" type="Bool" container="StaticArray" arraySize="1">
          <containerEntry>false</containerEntry>
        </property>
        <property name="lodFarSize" type="Float" container="StaticArray" arraySize="1">
          <containerEntry>-1</containerEntry>
        </property>
        <property name="lodNearSize" type="Float" container="StaticArray" arraySize="1">
          <containerEntry>-1</containerEntry>
        </property>
        <property name="lodPolygonSize" type="Float" container="StaticArray" arraySize="1">
          <containerEntry>-1</containerEntry>
        </property>
        <property name="drawRejectionLevel" type="Int32" container="StaticArray" arraySize="1">
          <containerEntry>8</containerEntry>
        </property>
        <property name="drawMode" type="Int32" container="StaticArray" arraySize="1">
          <containerEntry>0</containerEntry>
        </property>
        <property name="rejectFarRangeShadowCast" type="Int32" container="StaticArray" arraySize="1">
          <containerEntry>0</containerEntry>
        </property>
        <property name="parentLocator" type="EntityLink" container="StaticArray" arraySize="1">
          <containerEntry packagePathHash="0xB8A0BF169F98" archivePathHash="0xB8A0BF169F98" nameInArchiveHash="0xB8A0BF169F98">0x0</containerEntry>
        </property>
        <property name="transforms" type="Matrix4" container="DynamicArray" arraySize="30">
          <containerEntry r11="-0.50843465" r12="0.58707386" r13="-0.6299496" r14="0" r21="0.3403604" r22="0.80900466" r23="0.47923487" r24="0" r31="0.7909785" r32="0.029250085" r33="-0.61114264" r34="0" r41="537.9636" r42="435.7026" r43="-931.5745" r44="1"></containerEntry>
          <containerEntry r11="0.52864003" r12="-0.07752" r13="-0.84529835" r14="0" r21="0.17646624" r22="0.98410124" r23="0.020110615" r24="0" r31="0.83030015" r32="-0.15979806" r33="0.5339149" r34="0" r41="607.2296" r42="448.8424" r43="-992.51746" r44="1"></containerEntry>
          <containerEntry r11="0.9771444" r12="-0.20377001" r13="-0.06055194" r14="0" r21="-0.054325074" r22="0.036020994" r23="-0.9978721" r24="0" r31="0.20551774" r32="0.9783546" r33="0.024127895" r34="0" r41="584.67255" r42="449.65506" r43="-984.6754" r44="1"></containerEntry>
          <containerEntry r11="0.40676108" r12="-0.089249164" r13="-0.9091635" r14="0" r21="-0.44400677" r22="0.85044587" r23="-0.28213343" r24="0" r31="0.7983744" r32="0.51843596" r33="0.30630112" r34="0" r41="630.41364" r42="445.5724" r43="-977.9016" r44="1"></containerEntry>
          <containerEntry r11="-0.43731314" r12="0.7853296" r13="-0.43819538" r14="0" r21="0.32955506" r22="0.59330595" r23="0.7344261" r24="0" r31="0.8367504" r32="0.17676449" r33="-0.51826984" r34="0" r41="633.6095" r42="432.3309" r43="-931.39197" r44="1"></containerEntry>
          <containerEntry r11="-0.07267046" r12="0.97578365" r13="0.206308" r14="0" r21="0.6354173" r22="-0.11414057" r23="0.76368475" r24="0" r31="0.76874024" r32="0.18659002" r33="-0.61173457" r34="0" r41="575.9205" r42="446.20047" r43="-971.322" r44="1"></containerEntry>
          <containerEntry r11="0.95930976" r12="0.0013176501" r13="0.2823525" r14="0" r21="0.28185388" r22="-0.064053714" r23="-0.95731616" r24="0" r31="0.016824499" r32="0.99794495" r33="-0.061818697" r34="0" r41="566.6597" r42="448.72684" r43="-978.79944" r44="1"></containerEntry>
          <containerEntry r11="-0.027261436" r12="-0.14766227" r13="0.98866063" r14="0" r21="0.07268605" r22="-0.98670167" r23="-0.14536552" r24="0" r31="0.99698085" r32="0.067898855" r33="0.03763471" r34="0" r41="548.2378" r42="442.99762" r43="-958.08954" r44="1"></containerEntry>
          <containerEntry r11="0.90366346" r12="0.42819196" r13="-0.006627189" r14="0" r21="-0.42384326" r22="0.8964844" r23="0.12912221" r24="0" r31="0.0612303" r32="-0.11387412" r33="0.99160653" r34="0" r41="559.7347" r42="429.26718" r43="-939.1685" r44="1"></containerEntry>
          <containerEntry r11="-0.86622185" r12="0.06257211" r13="0.4957254" r14="0" r21="0.33930105" r22="0.8019618" r23="0.49166256" r24="0" r31="-0.36678845" r32="0.5940892" r33="-0.7159075" r34="0" r41="547.257" r42="424.38815" r43="-927.4901" r44="1"></containerEntry>
          <containerEntry r11="0.7530779" r12="-0.024615422" r13="-0.65747064" r14="0" r21="0.50707674" r22="0.65845037" r23="0.556162" r24="0" r31="0.41922158" r32="-0.75222147" r33="0.5083463" r34="0" r41="541.6338" r42="420.01694" r43="-898.00775" r44="1"></containerEntry>
          <containerEntry r11="0.04009652" r12="-0.10006469" r13="-0.7927016" r14="0" r21="0.028412063" r22="-0.7930162" r23="0.101541735" r24="0" r31="-0.79848707" r32="-0.033242" r33="-0.036188316" r34="0" r41="544.60864" r42="422.11902" r43="-893.87744" r44="1"></containerEntry>
          <containerEntry r11="-0.04854473" r12="1.1975173" r13="0.05982757" r14="0" r21="0.5087796" r22="0.07480152" r23="-1.08422" r24="0" r31="-1.085712" r32="-0.018501163" r33="-0.5107493" r34="0" r41="551.2687" r42="422.67102" r43="-895.2783" r44="1"></containerEntry>
          <containerEntry r11="0.98104733" r12="-0.098241016" r13="-0.16701728" r14="0" r21="0.15753289" r22="0.90626246" r23="0.3922642" r24="0" r31="0.112824894" r32="-0.4111405" r33="0.9045626" r34="0" r41="557.42487" r42="424.02557" r43="-899.9354" r44="1"></containerEntry>
          <containerEntry r11="0.57370687" r12="0" r13="0.81906015" r14="0" r21="0" r22="1" r23="0" r24="0" r31="-0.81906015" r32="0" r33="0.57370687" r34="0" r41="566.4293" r42="425.9411" r43="-908.08795" r44="1"></containerEntry>
          <containerEntry r11="0.07782361" r12="0.9962487" r13="-0.037810326" r14="0" r21="0.11605826" r22="-0.046719074" r23="-0.9921416" r24="0" r31="-0.99018764" r32="0.07282266" r33="-0.11925766" r34="0" r41="588.5999" r42="430.5658" r43="-914.34314" r44="1"></containerEntry>
          <containerEntry r11="-0.6653559" r12="-0.7147556" r13="0.21545619" r14="0" r21="0.36919397" r22="-0.5658964" r23="-0.7371925" r24="0" r31="0.64883953" r32="-0.41095185" r33="0.6404098" r34="0" r41="592.8965" r42="428.05566" r43="-917.4755" r44="1"></containerEntry>
          <containerEntry r11="0.15952122" r12="-0.16038896" r13="0.9740782" r14="0" r21="0.4918056" r22="-0.84263873" r23="-0.21928774" r24="0" r31="0.8559674" r32="0.51403815" r33="-0.055538524" r34="0" r41="609.0925" r42="429.4531" r43="-920.2793" r44="1"></containerEntry>
          <containerEntry r11="-1.2208763" r12="0.040331528" r13="0.09188078" r14="0" r21="0.04577739" r22="1.2220335" r23="0.07185788" r24="0" r31="-0.08929245" r32="0.07504993" r33="-1.219427" r34="0" r41="598.71075" r42="429.89325" r43="-912.695" r44="1"></containerEntry>
          <containerEntry r11="-0.59613085" r12="-0.2864327" r13="-0.3536762" r14="0" r21="0.25287262" r22="-0.6930494" r23="0.13505808" r24="0" r31="-0.37839925" r32="-0.011897134" r33="0.6474355" r34="0" r41="604.4667" r42="431.81412" r43="-900.5157" r44="1"></containerEntry>
          <containerEntry r11="0.9850163" r12="0.10108658" r13="0.1397297" r14="0" r21="0.07637831" r22="-0.9821143" r23="0.1720819" r24="0" r31="0.15462612" r32="-0.15883113" r33="-0.9751194" r34="0" r41="598.6102" r42="430.25073" r43="-904.3368" r44="1"></containerEntry>
          <containerEntry r11="-0.08045484" r12="0.9800285" r13="-0.18184757" r14="0" r21="0.92541707" r22="0.005666852" r23="-0.3789047" r24="0" r31="-0.37030756" r32="-0.19877024" r33="-0.90739083" r34="0" r41="618.07104" r42="433.17654" r43="-907.92645" r44="1"></containerEntry>
          <containerEntry r11="-0.0855742" r12="-0.15262088" r13="0.7293035" r14="0" r21="-0.74405277" r22="0.056443825" r23="-0.07549319" r24="0" r31="-0.039523534" r32="-0.7321342" r33="-0.15785064" r34="0" r41="612.58234" r42="433.4144" r43="-899.5548" r44="1"></containerEntry>
          <containerEntry r11="0.41612744" r12="-0.9072796" r13="-0.060670435" r14="0" r21="-0.7339426" r22="-0.29573685" r23="-0.6114461" r24="0" r31="0.5368104" r32="0.29896796" r33="-0.7889554" r34="0" r41="621.1389" r42="433.50644" r43="-898.79456" r44="1"></containerEntry>
          <containerEntry r11="0.11185926" r12="0.9496653" r13="-0.29260954" r14="0" r21="-0.53569996" r22="-0.19037852" r23="-0.8226649" r24="0" r31="-0.8369647" r32="0.24877268" r33="0.48744276" r34="0" r41="635.5484" r42="431.7164" r43="-918.28094" r44="1"></containerEntry>
          <containerEntry r11="0.8072526" r12="-0.41617656" r13="0.41849637" r14="0" r21="0.4140784" r22="0.9046326" r23="0.10088745" r24="0" r31="-0.42057246" r32="0.09184925" r33="0.9025973" r34="0" r41="562.2188" r42="426.2434" r43="-906.52966" r44="1"></containerEntry>
          <containerEntry r11="0.978527" r12="0.2057786" r13="0.011832439" r14="0" r21="-0.2057786" r22="0.97200686" r23="0.11339202" r24="0" r31="0.011832439" r32="-0.11339202" r33="0.99347985" r34="0" r41="569.9117" r42="428.63895" r43="-907.6648" r44="1"></containerEntry>
          <containerEntry r11="0.9013502" r12="-0.39882022" r13="0.16884774" r14="0" r21="0.43290228" r22="0.84115094" r23="-0.32412905" r24="0" r31="-0.012756653" r32="0.3652485" r33="0.9308224" r34="0" r41="550.4658" r42="427.2109" r43="-889.0285" r44="1"></containerEntry>
          <containerEntry r11="-0.50843465" r12="0.58707386" r13="-0.6299496" r14="0" r21="0.3403604" r22="0.80900466" r23="0.47923487" r24="0" r31="0.7909785" r32="0.029250085" r33="-0.61114264" r34="0" r41="544.75824" r42="435.6825" r43="-936.93616" r44="1"></containerEntry>
          <containerEntry r11="0.16566326" r12="0.82930505" r13="0.5336712" r14="0" r21="0.94006956" r22="-0.29633027" r23="0.16867565" r24="0" r31="0.29802847" r32="0.47374618" r33="-0.82869476" r34="0" r41="572.0577" r42="443.36737" r43="-961.6233" r44="1"></containerEntry>
        </property>
        <property name="colors" type="UInt32" container="DynamicArray" arraySize="30">
          <containerEntry>4294967295</containerEntry>
          <containerEntry>4294967295</containerEntry>
          <containerEntry>4294967295</containerEntry>
          <containerEntry>4294967295</containerEntry>
          <containerEntry>4294967295</containerEntry>
          <containerEntry>4294967295</containerEntry>
          <containerEntry>4294967295</containerEntry>
          <containerEntry>4294967295</containerEntry>
          <containerEntry>4294967295</containerEntry>
          <containerEntry>4294967295</containerEntry>
          <containerEntry>4294967295</containerEntry>
          <containerEntry>4294967295</containerEntry>
          <containerEntry>4294967295</containerEntry>
          <containerEntry>4294967295</containerEntry>
          <containerEntry>4294967295</containerEntry>
          <containerEntry>4294967295</containerEntry>
          <containerEntry>4294967295</containerEntry>
          <containerEntry>4294967295</containerEntry>
          <containerEntry>4294967295</containerEntry>
          <containerEntry>4294967295</containerEntry>
          <containerEntry>4294967295</containerEntry>
          <containerEntry>4294967295</containerEntry>
          <containerEntry>4294967295</containerEntry>
          <containerEntry>4294967295</containerEntry>
          <containerEntry>4294967295</containerEntry>
          <containerEntry>4294967295</containerEntry>
          <containerEntry>4294967295</containerEntry>
          <containerEntry>4294967295</containerEntry>
          <containerEntry>4294967295</containerEntry>
          <containerEntry>4294967295</containerEntry>
        </property>
      </staticProperties>
      <dynamicProperties></dynamicProperties>
    </entity>
    <entity class="StaticModelArray" classVersion="4" classID="0xD0" addr="0x317E550" id="0x0">
      <staticProperties>
        <property name="name" type="String" container="StaticArray" arraySize="1">
          <containerEntry>StaticModelArray0003</containerEntry>
        </property>
        <property name="dataSet" type="EntityHandle" container="StaticArray" arraySize="1">
          <containerEntry>0x335A9D0</containerEntry>
        </property>
        <property name="modelFile" type="FilePtr" container="StaticArray" arraySize="1">
          <containerEntry>/Assets/tpp/environ/object/afghanistan/cliff/afgh_clff035/scenes/afgh_clff035_vrtn003.fmdl</containerEntry>
        </property>
        <property name="geomFile" type="FilePtr" container="StaticArray" arraySize="1">
          <containerEntry>/Assets/tpp/environ/object/afghanistan/cliff/afgh_clff035/scenes/afgh_clff035_vrtn003.geom</containerEntry>
        </property>
        <property name="isVisibleGeom" type="Bool" container="StaticArray" arraySize="1">
          <containerEntry>false</containerEntry>
        </property>
        <property name="lodFarSize" type="Float" container="StaticArray" arraySize="1">
          <containerEntry>-1</containerEntry>
        </property>
        <property name="lodNearSize" type="Float" container="StaticArray" arraySize="1">
          <containerEntry>-1</containerEntry>
        </property>
        <property name="lodPolygonSize" type="Float" container="StaticArray" arraySize="1">
          <containerEntry>-1</containerEntry>
        </property>
        <property name="drawRejectionLevel" type="Int32" container="StaticArray" arraySize="1">
          <containerEntry>8</containerEntry>
        </property>
        <property name="drawMode" type="Int32" container="StaticArray" arraySize="1">
          <containerEntry>0</containerEntry>
        </property>
        <property name="rejectFarRangeShadowCast" type="Int32" container="StaticArray" arraySize="1">
          <containerEntry>2</containerEntry>
        </property>
        <property name="parentLocator" type="EntityLink" container="StaticArray" arraySize="1">
          <containerEntry packagePathHash="0xB8A0BF169F98" archivePathHash="0xB8A0BF169F98" nameInArchiveHash="0xB8A0BF169F98">0x0</containerEntry>
        </property>
        <property name="transforms" type="Matrix4" container="DynamicArray" arraySize="2">
          <containerEntry r11="0.7877766" r12="0.047341533" r13="-0.6141393" r14="0" r21="-0.064642385" r22="0.9978905" r23="-0.0059955474" r24="0" r31="0.6125599" r32="0.044422552" r33="0.78917503" r34="0" r41="518.12946" r42="462.55124" r43="-951.46356" r44="1"></containerEntry>
          <containerEntry r11="0.5327678" r12="0.029431479" r13="-0.8457501" r14="0" r21="-0.06464325" r22="0.9978904" r23="-0.0059952457" r24="0" r31="0.84378946" r32="0.05786606" r33="0.5335463" r34="0" r41="537.28186" r42="463.69818" r43="-964.9601" r44="1"></containerEntry>
        </property>
        <property name="colors" type="UInt32" container="DynamicArray" arraySize="2">
          <containerEntry>4294967295</containerEntry>
          <containerEntry>4294967295</containerEntry>
        </property>
      </staticProperties>
      <dynamicProperties></dynamicProperties>
    </entity>
    <entity class="StaticModelArray" classVersion="4" classID="0xD0" addr="0x317EE10" id="0x0">
      <staticProperties>
        <property name="name" type="String" container="StaticArray" arraySize="1">
          <containerEntry>StaticModelArray0004</containerEntry>
        </property>
        <property name="dataSet" type="EntityHandle" container="StaticArray" arraySize="1">
          <containerEntry>0x335A9D0</containerEntry>
        </property>
        <property name="modelFile" type="FilePtr" container="StaticArray" arraySize="1">
          <containerEntry>/Assets/tpp/environ/object/afghanistan/tree/afgh_tree011/scenes/afgh_tree011_vrtn003.fmdl</containerEntry>
        </property>
        <property name="geomFile" type="FilePtr" container="StaticArray" arraySize="1">
          <containerEntry>/Assets/tpp/environ/object/afghanistan/tree/afgh_tree011/scenes/afgh_tree011_vrtn003.geom</containerEntry>
        </property>
        <property name="isVisibleGeom" type="Bool" container="StaticArray" arraySize="1">
          <containerEntry>false</containerEntry>
        </property>
        <property name="lodFarSize" type="Float" container="StaticArray" arraySize="1">
          <containerEntry>-1</containerEntry>
        </property>
        <property name="lodNearSize" type="Float" container="StaticArray" arraySize="1">
          <containerEntry>-1</containerEntry>
        </property>
        <property name="lodPolygonSize" type="Float" container="StaticArray" arraySize="1">
          <containerEntry>-1</containerEntry>
        </property>
        <property name="drawRejectionLevel" type="Int32" container="StaticArray" arraySize="1">
          <containerEntry>7</containerEntry>
        </property>
        <property name="drawMode" type="Int32" container="StaticArray" arraySize="1">
          <containerEntry>0</containerEntry>
        </property>
        <property name="rejectFarRangeShadowCast" type="Int32" container="StaticArray" arraySize="1">
          <containerEntry>2</containerEntry>
        </property>
        <property name="parentLocator" type="EntityLink" container="StaticArray" arraySize="1">
          <containerEntry packagePathHash="0xB8A0BF169F98" archivePathHash="0xB8A0BF169F98" nameInArchiveHash="0xB8A0BF169F98">0x0</containerEntry>
        </property>
        <property name="transforms" type="Matrix4" container="DynamicArray" arraySize="3">
          <containerEntry r11="0.63453996" r12="0" r13="0.32952088" r14="0" r21="0" r22="0.715" r23="0" r24="0" r31="-0.32952088" r32="0" r33="0.63453996" r34="0" r41="524.02594" r42="473.30505" r43="-981.55853" r44="1"></containerEntry>
          <containerEntry r11="-0.6097169" r12="0" r13="-0.37345523" r14="0" r21="0" r22="0.715" r23="0" r24="0" r31="0.37345523" r32="0" r33="-0.6097169" r34="0" r41="587.3157" r42="468.47067" r43="-1016.375" r44="1"></containerEntry>
          <containerEntry r11="0.68335074" r12="0" r13="0.35486865" r14="0" r21="0" r22="0.77" r23="0" r24="0" r31="-0.35486865" r32="0" r33="0.68335074" r34="0" r41="580.5388" r42="470.03137" r43="-1015.12335" r44="1"></containerEntry>
        </property>
        <property name="colors" type="UInt32" container="DynamicArray" arraySize="3">
          <containerEntry>4294967295</containerEntry>
          <containerEntry>4294967295</containerEntry>
          <containerEntry>4294967295</containerEntry>
        </property>
      </staticProperties>
      <dynamicProperties></dynamicProperties>
    </entity>
    <entity class="StaticModelArray" classVersion="4" classID="0xD0" addr="0x317E780" id="0x0">
      <staticProperties>
        <property name="name" type="String" container="StaticArray" arraySize="1">
          <containerEntry>StaticModelArray0005</containerEntry>
        </property>
        <property name="dataSet" type="EntityHandle" container="StaticArray" arraySize="1">
          <containerEntry>0x335A9D0</containerEntry>
        </property>
        <property name="modelFile" type="FilePtr" container="StaticArray" arraySize="1">
