<fox formatVersion="2" fileVersion="0">
  <entities>
    <entity class="DataSet" classVersion="0" classID="0xE8" addr="0x2EF4760" id="0x74CE5E">
      <staticProperties>
        <property name="name" type="String" container="StaticArray" arraySize="1">
          <containerEntry hash="0xB8A0BF169F98"></containerEntry>
        </property>
        <property name="dataSet" type="EntityHandle" container="StaticArray" arraySize="1">
          <containerEntry>0x0</containerEntry>
        </property>
        <property name="dataList" type="EntityPtr" container="StringMap" arraySize="12">
          <containerEntry key="mafr_rock001_vrtn001_0000">
            <data>0x2EF4530</data>
          </containerEntry>
          <containerEntry key="mafr_clff003_0004">
            <data>0x2D756B0</data>
          </containerEntry>
          <containerEntry key="mafr_rock011_0003">
            <data>0x2D766E0</data>
          </containerEntry>
          <containerEntry key="StaticModelArray0000">
            <data>0x2D7DD00</data>
          </containerEntry>
          <containerEntry key="StaticModelArray0001">
            <data>0x2D7DD70</data>
          </containerEntry>
          <containerEntry key="StaticModelArray0002">
            <data>0x2D7DC90</data>
          </containerEntry>
          <containerEntry key="StaticModelArray0003">
            <data>0x2D7D590</data>
          </containerEntry>
          <containerEntry key="StaticModelArray0004">
            <data>0x2D7AAB0</data>
          </containerEntry>
          <containerEntry key="StaticModelArray0005">
            <data>0x2D7DC20</data>
          </containerEntry>
          <containerEntry key="StaticModelArray0006">
            <data>0x2D7D600</data>
          </containerEntry>
          <containerEntry key="StaticModelArray0007">
            <data>0x2D7D670</data>
          </containerEntry>
          <containerEntry key="TexturePackLoadConditioner0000">
            <data>0x2D7E4E0</data>
          </containerEntry>
        </property>
      </staticProperties>
      <dynamicProperties></dynamicProperties>
    </entity>
    <entity class="StaticModel" classVersion="9" classID="0x160" addr="0x2EF4530" id="0x74CE69">
      <staticProperties>
        <property name="name" type="String" container="StaticArray" arraySize="1">
          <containerEntry>mafr_rock001_vrtn001_0000</containerEntry>
        </property>
        <property name="dataSet" type="EntityHandle" container="StaticArray" arraySize="1">
          <containerEntry>0x2EF4760</containerEntry>
        </property>
        <property name="parent" type="EntityHandle" container="StaticArray" arraySize="1">
          <containerEntry>0x0</containerEntry>
        </property>
        <property name="transform" type="EntityPtr" container="StaticArray" arraySize="1">
          <containerEntry>0x2EF44C0</containerEntry>
        </property>
        <property name="shearTransform" type="EntityPtr" container="StaticArray" arraySize="1">
          <containerEntry>0x0</containerEntry>
        </property>
        <property name="pivotTransform" type="EntityPtr" container="StaticArray" arraySize="1">
          <containerEntry>0x0</containerEntry>
        </property>
        <property name="children" type="EntityHandle" container="List"></property>
        <property name="flags" type="UInt32" container="StaticArray" arraySize="1">
          <containerEntry>2147483655</containerEntry>
        </property>
        <property name="modelFile" type="FilePtr" container="StaticArray" arraySize="1">
          <containerEntry>/Assets/tpp/environ/object/middle_africa/rock/mafr_rock001/scenes/mafr_rock001_vrtn001.fmdl</containerEntry>
        </property>
        <property name="geomFile" type="FilePtr" container="StaticArray" arraySize="1">
          <containerEntry>/Assets/tpp/environ/object/middle_africa/rock/mafr_rock001/scenes/mafr_rock001_vrtn001.geom</containerEntry>
        </property>
        <property name="isVisibleGeom" type="Bool" container="StaticArray" arraySize="1">
          <containerEntry>false</containerEntry>
        </property>
        <property name="isIsolated" type="Bool" container="StaticArray" arraySize="1">
          <containerEntry>false</containerEntry>
        </property>
        <property name="lodFarSize" type="Float" container="StaticArray" arraySize="1">
          <containerEntry>-1</containerEntry>
        </property>
        <property name="lodNearSize" type="Float" container="StaticArray" arraySize="1">
          <containerEntry>-1</containerEntry>
        </property>
        <property name="lodPolygonSize" type="Float" container="StaticArray" arraySize="1">
          <containerEntry>-1</containerEntry>
        </property>
        <property name="color" type="Color" container="StaticArray" arraySize="1">
          <containerEntry r="1" g="1" b="1" a="1"></containerEntry>
        </property>
        <property name="drawRejectionLevel" type="Int32" container="StaticArray" arraySize="1">
          <containerEntry>8</containerEntry>
        </property>
        <property name="drawMode" type="Int32" container="StaticArray" arraySize="1">
          <containerEntry>0</containerEntry>
        </property>
        <property name="rejectFarRangeShadowCast" type="Int32" container="StaticArray" arraySize="1">
          <containerEntry>2</containerEntry>
        </property>
      </staticProperties>
      <dynamicProperties></dynamicProperties>
    </entity>
    <entity class="TransformEntity" classVersion="0" classID="0x50" addr="0x2EF44C0" id="0x74CE6C">
      <staticProperties>
        <property name="owner" type="EntityHandle" container="StaticArray" arraySize="1">
          <containerEntry>0x2EF4530</containerEntry>
        </property>
        <property name="transform_scale" type="Vector3" container="StaticArray" arraySize="1">
          <containerEntry x="1.076" y="1.076" z="1.076" w="0"></containerEntry>
        </property>
        <property name="transform_rotation_quat" type="Quat" container="StaticArray" arraySize="1">
          <containerEntry x="-0.040379" y="0.578969" z="0.249509" w="-0.775182"></containerEntry>
        </property>
        <property name="transform_translation" type="Vector3" container="StaticArray" arraySize="1">
          <containerEntry x="778.76135" y="72.18841" z="-1059.2675" w="0"></containerEntry>
        </property>
      </staticProperties>
      <dynamicProperties></dynamicProperties>
    </entity>
    <entity class="StaticModel" classVersion="9" classID="0x160" addr="0x2D756B0" id="0x74CF94">
      <staticProperties>
        <property name="name" type="String" container="StaticArray" arraySize="1">
          <containerEntry>mafr_clff003_0004</containerEntry>
        </property>
        <property name="dataSet" type="EntityHandle" container="StaticArray" arraySize="1">
          <containerEntry>0x2EF4760</containerEntry>
        </property>
        <property name="parent" type="EntityHandle" container="StaticArray" arraySize="1">
          <containerEntry>0x0</containerEntry>
        </property>
        <property name="transform" type="EntityPtr" container="StaticArray" arraySize="1">
          <containerEntry>0x2D75720</containerEntry>
        </property>
        <property name="shearTransform" type="EntityPtr" container="StaticArray" arraySize="1">
          <containerEntry>0x0</containerEntry>
        </property>
        <property name="pivotTransform" type="EntityPtr" container="StaticArray" arraySize="1">
          <containerEntry>0x0</containerEntry>
        </property>
        <property name="children" type="EntityHandle" container="List"></property>
        <property name="flags" type="UInt32" container="StaticArray" arraySize="1">
          <containerEntry>2147483655</containerEntry>
        </property>
        <property name="modelFile" type="FilePtr" container="StaticArray" arraySize="1">
          <containerEntry>/Assets/tpp/environ/object/middle_africa/cliff/mafr_clff003/scenes/mafr_clff003.fmdl</containerEntry>
        </property>
        <property name="geomFile" type="FilePtr" container="StaticArray" arraySize="1">
          <containerEntry>/Assets/tpp/environ/object/middle_africa/cliff/mafr_clff003/scenes/mafr_clff003.geom</containerEntry>
        </property>
        <property name="isVisibleGeom" type="Bool" container="StaticArray" arraySize="1">
          <containerEntry>false</containerEntry>
        </property>
        <property name="isIsolated" type="Bool" container="StaticArray" arraySize="1">
          <containerEntry>false</containerEntry>
        </property>
        <property name="lodFarSize" type="Float" container="StaticArray" arraySize="1">
          <containerEntry>50</containerEntry>
        </property>
        <property name="lodNearSize" type="Float" container="StaticArray" arraySize="1">
          <containerEntry>400</containerEntry>
        </property>
        <property name="lodPolygonSize" type="Float" container="StaticArray" arraySize="1">
          <containerEntry>-1</containerEntry>
        </property>
        <property name="color" type="Color" container="StaticArray" arraySize="1">
          <containerEntry r="1" g="1" b="1" a="1"></containerEntry>
        </property>
        <property name="drawRejectionLevel" type="Int32" container="StaticArray" arraySize="1">
          <containerEntry>7</containerEntry>
        </property>
        <property name="drawMode" type="Int32" container="StaticArray" arraySize="1">
          <containerEntry>0</containerEntry>
        </property>
        <property name="rejectFarRangeShadowCast" type="Int32" container="StaticArray" arraySize="1">
          <containerEntry>2</containerEntry>
        </property>
      </staticProperties>
      <dynamicProperties></dynamicProperties>
    </entity>
    <entity class="TransformEntity" classVersion="0" classID="0x50" addr="0x2D75720" id="0x74CF97">
      <staticProperties>
        <property name="owner" type="EntityHandle" container="StaticArray" arraySize="1">
          <containerEntry>0x2D756B0</containerEntry>
        </property>
        <property name="transform_scale" type="Vector3" container="StaticArray" arraySize="1">
          <containerEntry x="1" y="1" z="1" w="0"></containerEntry>
        </property>
        <property name="transform_rotation_quat" type="Quat" container="StaticArray" arraySize="1">
          <containerEntry x="0.015863" y="-0.179081" z="0.040632" w="0.982867"></containerEntry>
        </property>
        <property name="transform_translation" type="Vector3" container="StaticArray" arraySize="1">
          <containerEntry x="881.7444" y="86.800644" z="-1113.8357" w="0"></containerEntry>
        </property>
      </staticProperties>
      <dynamicProperties></dynamicProperties>
    </entity>
    <entity class="StaticModel" classVersion="9" classID="0x160" addr="0x2D766E0" id="0x74CFE8">
      <staticProperties>
        <property name="name" type="String" container="StaticArray" arraySize="1">
          <containerEntry>mafr_rock011_0003</containerEntry>
        </property>
        <property name="dataSet" type="EntityHandle" container="StaticArray" arraySize="1">
          <containerEntry>0x2EF4760</containerEntry>
        </property>
        <property name="parent" type="EntityHandle" container="StaticArray" arraySize="1">
          <containerEntry>0x0</containerEntry>
        </property>
        <property name="transform" type="EntityPtr" container="StaticArray" arraySize="1">
          <containerEntry>0x2D76750</containerEntry>
        </property>
        <property name="shearTransform" type="EntityPtr" container="StaticArray" arraySize="1">
          <containerEntry>0x0</containerEntry>
        </property>
        <property name="pivotTransform" type="EntityPtr" container="StaticArray" arraySize="1">
          <containerEntry>0x0</containerEntry>
        </property>
        <property name="children" type="EntityHandle" container="List"></property>
        <property name="flags" type="UInt32" container="StaticArray" arraySize="1">
          <containerEntry>7</containerEntry>
        </property>
        <property name="modelFile" type="FilePtr" container="StaticArray" arraySize="1">
          <containerEntry>/Assets/tpp/environ/object/middle_africa/rock/mafr_rock011/scenes/mafr_rock011.fmdl</containerEntry>
        </property>
        <property name="geomFile" type="FilePtr" container="StaticArray" arraySize="1">
          <containerEntry>/Assets/tpp/environ/object/middle_africa/rock/mafr_rock011/scenes/mafr_rock011.geom</containerEntry>
        </property>
        <property name="isVisibleGeom" type="Bool" container="StaticArray" arraySize="1">
          <containerEntry>false</containerEntry>
        </property>
        <property name="isIsolated" type="Bool" container="StaticArray" arraySize="1">
          <containerEntry>false</containerEntry>
        </property>
        <property name="lodFarSize" type="Float" container="StaticArray" arraySize="1">
          <containerEntry>-1</containerEntry>
        </property>
        <property name="lodNearSize" type="Float" container="StaticArray" arraySize="1">
          <containerEntry>-1</containerEntry>
        </property>
        <property name="lodPolygonSize" type="Float" container="StaticArray" arraySize="1">
          <containerEntry>-1</containerEntry>
        </property>
        <property name="color" type="Color" container="StaticArray" arraySize="1">
          <containerEntry r="1" g="1" b="1" a="1"></containerEntry>
        </property>
        <property name="drawRejectionLevel" type="Int32" container="StaticArray" arraySize="1">
          <containerEntry>6</containerEntry>
        </property>
        <property name="drawMode" type="Int32" container="StaticArray" arraySize="1">
          <containerEntry>0</containerEntry>
        </property>
        <property name="rejectFarRangeShadowCast" type="Int32" container="StaticArray" arraySize="1">
          <containerEntry>2</containerEntry>
        </property>
      </staticProperties>
      <dynamicProperties></dynamicProperties>
    </entity>
    <entity class="TransformEntity" classVersion="0" classID="0x50" addr="0x2D76750" id="0x74CFEB">
      <staticProperties>
        <property name="owner" type="EntityHandle" container="StaticArray" arraySize="1">
          <containerEntry>0x2D766E0</containerEntry>
        </property>
        <property name="transform_scale" type="Vector3" container="StaticArray" arraySize="1">
          <containerEntry x="1" y="1" z="1" w="0"></containerEntry>
        </property>
        <property name="transform_rotation_quat" type="Quat" container="StaticArray" arraySize="1">
          <containerEntry x="0.008542" y="-0.994132" z="0.060361" w="0.089353"></containerEntry>
        </property>
        <property name="transform_translation" type="Vector3" container="StaticArray" arraySize="1">
          <containerEntry x="848.1336" y="63.01229" z="-1075.9946" w="0"></containerEntry>
        </property>
      </staticProperties>
      <dynamicProperties></dynamicProperties>
    </entity>
    <entity class="StaticModelArray" classVersion="4" classID="0xD0" addr="0x2D7DD00" id="0x0">
      <staticProperties>
        <property name="name" type="String" container="StaticArray" arraySize="1">
          <containerEntry>StaticModelArray0000</containerEntry>
        </property>
        <property name="dataSet" type="EntityHandle" container="StaticArray" arraySize="1">
          <containerEntry>0x2EF4760</containerEntry>
        </property>
        <property name="modelFile" type="FilePtr" container="StaticArray" arraySize="1">
          <containerEntry>/Assets/tpp/environ/object/middle_africa/cliff/mafr_clff003/scenes/mafr_clff003_vrtn001.fmdl</containerEntry>
        </property>
        <property name="geomFile" type="FilePtr" container="StaticArray" arraySize="1">
          <containerEntry>/Assets/tpp/environ/object/middle_africa/cliff/mafr_clff003/scenes/mafr_clff003_vrtn001.geom</containerEntry>
        </property>
        <property name="isVisibleGeom" type="Bool" container="StaticArray" arraySize="1">
          <containerEntry>false</containerEntry>
        </property>
        <property name="lodFarSize" type="Float" container="StaticArray" arraySize="1">
          <containerEntry>-1</containerEntry>
        </property>
        <property name="lodNearSize" type="Float" container="StaticArray" arraySize="1">
          <containerEntry>-1</containerEntry>
        </property>
        <property name="lodPolygonSize" type="Float" container="StaticArray" arraySize="1">
          <containerEntry>-1</containerEntry>
        </property>
        <property name="drawRejectionLevel" type="Int32" container="StaticArray" arraySize="1">
          <containerEntry>6</containerEntry>
        </property>
        <property name="drawMode" type="Int32" container="StaticArray" arraySize="1">
          <containerEntry>0</containerEntry>
        </property>
        <property name="rejectFarRangeShadowCast" type="Int32" container="StaticArray" arraySize="1">
          <containerEntry>2</containerEntry>
        </property>
        <property name="parentLocator" type="EntityLink" container="StaticArray" arraySize="1">
          <containerEntry packagePathHash="0xB8A0BF169F98" archivePathHash="0xB8A0BF169F98" nameInArchiveHash="0xB8A0BF169F98">0x0</containerEntry>
        </property>
        <property name="transforms" type="Matrix4" container="DynamicArray" arraySize="3">
          <containerEntry r11="-0.46864933" r12="-0.078805655" r13="0.8798619" r14="0" r21="0.81760025" r22="0.3384653" r23="0.46580142" r24="0" r31="-0.3345104" r32="0.93767303" r33="-0.09418988" r34="0" r41="800.9465" r42="66.39599" r43="-1064.7014" r44="1"></containerEntry>
          <containerEntry r11="-0.6118974" r12="-0.09799665" r13="0.7848415" r14="0" r21="0.69006795" r22="0.41875696" r23="0.59029484" r24="0" r31="-0.38650447" r32="0.90279484" r33="-0.18861133" r34="0" r41="816.8055" r42="73.5615" r43="-1091.1427" r44="1"></containerEntry>
          <containerEntry r11="0.592308" r12="0.072518826" r13="-0.8024402" r14="0" r21="-0.2641475" r22="0.9583752" r23="-0.1083644" r24="0" r31="0.7611802" r32="0.27614808" r33="0.5868091" r34="0" r41="784.21967" r42="70.642784" r43="-1063.5583" r44="1"></containerEntry>
        </property>
        <property name="colors" type="UInt32" container="DynamicArray" arraySize="3">
          <containerEntry>4294967295</containerEntry>
          <containerEntry>4294967295</containerEntry>
          <containerEntry>4294967295</containerEntry>
        </property>
      </staticProperties>
      <dynamicProperties></dynamicProperties>
    </entity>
    <entity class="StaticModelArray" classVersion="4" classID="0xD0" addr="0x2D7DD70" id="0x0">
      <staticProperties>
        <property name="name" type="String" container="StaticArray" arraySize="1">
          <containerEntry>StaticModelArray0001</containerEntry>
        </property>
        <property name="dataSet" type="EntityHandle" container="StaticArray" arraySize="1">
          <containerEntry>0x2EF4760</containerEntry>
        </property>
        <property name="modelFile" type="FilePtr" container="StaticArray" arraySize="1">
          <containerEntry>/Assets/tpp/environ/object/middle_africa/rock/mafr_rock011/scenes/mafr_rock011.fmdl</containerEntry>
        </property>
        <property name="geomFile" type="FilePtr" container="StaticArray" arraySize="1">
          <containerEntry>/Assets/tpp/environ/object/middle_africa/rock/mafr_rock011/scenes/mafr_rock011.geom</containerEntry>
        </property>
        <property name="isVisibleGeom" type="Bool" container="StaticArray" arraySize="1">
          <containerEntry>false</containerEntry>
        </property>
        <property name="lodFarSize" type="Float" container="StaticArray" arraySize="1">
          <containerEntry>-1</containerEntry>
        </property>
        <property name="lodNearSize" type="Float" container="StaticArray" arraySize="1">
          <containerEntry>-1</containerEntry>
        </property>
        <property name="lodPolygonSize" type="Float" container="StaticArray" arraySize="1">
          <containerEntry>-1</containerEntry>
        </property>
        <property name="drawRejectionLevel" type="Int32" container="StaticArray" arraySize="1">
          <containerEntry>8</containerEntry>
        </property>
        <property name="drawMode" type="Int32" container="StaticArray" arraySize="1">
          <containerEntry>0</containerEntry>
        </property>
        <property name="rejectFarRangeShadowCast" type="Int32" container="StaticArray" arraySize="1">
          <containerEntry>2</containerEntry>
        </property>
        <property name="parentLocator" type="EntityLink" container="StaticArray" arraySize="1">
          <containerEntry packagePathHash="0xB8A0BF169F98" archivePathHash="0xB8A0BF169F98" nameInArchiveHash="0xB8A0BF169F98">0x0</containerEntry>
        </property>
        <property name="transforms" type="Matrix4" container="DynamicArray" arraySize="9">
          <containerEntry r11="-0.9999989" r12="0" r13="0" r14="0" r21="0" r22="0.9989412" r23="-0.046005804" r24="0" r31="0" r32="-0.046005804" r33="-0.9989401" r34="0" r41="871.3438" r42="44.63687" r43="-1033.286" r44="1"></containerEntry>
          <containerEntry r11="-0.9527228" r12="0" r13="-0.30384186" r14="0" r21="0" r22="1" r23="0" r24="0" r31="0.30384186" r32="0" r33="-0.9527228" r34="0" r41="861.8114" r42="43.934654" r43="-1035.3512" r44="1"></containerEntry>
          <containerEntry r11="-0.9999988" r12="0" r13="0" r14="0" r21="0" r22="0.950132" r23="-0.31184784" r24="0" r31="0" r32="-0.31184784" r33="-0.9501308" r34="0" r41="878.22046" r42="53.106636" r43="-1056.1815" r44="1"></containerEntry>
          <containerEntry r11="-0.96131986" r12="-0.079572886" r13="0.26368976" r14="0" r21="-0.09380101" r22="0.99471337" r23="-0.041793622" r24="0" r31="-0.25897008" r32="-0.0649114" r33="-0.9637017" r34="0" r41="832.2549" r42="72.92212" r43="-1092.1528" r44="1"></containerEntry>
          <containerEntry r11="-0.96116143" r12="-0.16274777" r13="0.22288539" r14="0" r21="-0.17572165" r22="0.98364586" r23="-0.039531693" r24="0" r31="-0.21280657" r32="-0.07716224" r33="-0.97404075" r34="0" r41="889.1716" r42="62.944942" r43="-1086.8617" r44="1"></containerEntry>
          <containerEntry r11="-0.93242717" r12="0.27002952" r13="-0.24012832" r14="0" r21="0.27244827" r22="0.9618779" r23="0.02372464" r24="0" r31="0.23738046" r32="-0.043301053" r33="-0.9704501" r34="0" r41="866.0435" r42="71.71123" r43="-1095.4956" r44="1"></containerEntry>
          <containerEntry r11="-0.9266377" r12="-0.1357814" r13="-0.35058045" r14="0" r21="-0.03014151" r22="0.9563323" r23="-0.29072335" r24="0" r31="0.3747462" r32="-0.25882807" r33="-0.89026624" r34="0" r41="862.5329" r42="94.31342" r43="-1134.1957" r44="1"></containerEntry>
          <containerEntry r11="-0.9034533" r12="-0.24861962" r13="0.349228" r14="0" r21="-0.29633993" r22="0.9508607" r23="-0.089702696" r24="0" r31="-0.3097653" r32="-0.1845324" r33="-0.93273413" r34="0" r41="844.56036" r42="91.65338" r43="-1134.3921" r44="1"></containerEntry>
          <containerEntry r11="-0.9324262" r12="0.27002925" r13="-0.24012809" r14="0" r21="0.27244827" r22="0.9618779" r23="0.02372464" r24="0" r31="0.23738022" r32="-0.04330101" r33="-0.97044915" r34="0" r41="866.0436" r42="71.71127" r43="-1095.4955" r44="1"></containerEntry>
        </property>
        <property name="colors" type="UInt32" container="DynamicArray" arraySize="9">
          <containerEntry>4294967295</containerEntry>
          <containerEntry>4294967295</containerEntry>
          <containerEntry>4294967295</containerEntry>
          <containerEntry>4294967295</containerEntry>
          <containerEntry>4294967295</containerEntry>
          <containerEntry>4294967295</containerEntry>
          <containerEntry>4294967295</containerEntry>
          <containerEntry>4294967295</containerEntry>
          <containerEntry>4294967295</containerEntry>
        </property>
      </staticProperties>
      <dynamicProperties></dynamicProperties>
    </entity>
    <entity class="StaticModelArray" classVersion="4" classID="0xD0" addr="0x2D7DC90" id="0x0">
      <staticProperties>
        <property name="name" type="String" container="StaticArray" arraySize="1">
          <containerEntry>StaticModelArray0002</containerEntry>
        </property>
        <property name="dataSet" type="EntityHandle" container="StaticArray" arraySize="1">
          <containerEntry>0x2EF4760</containerEntry>
        </property>
        <property name="modelFile" type="FilePtr" container="StaticArray" arraySize="1">
          <containerEntry>/Assets/tpp/environ/object/middle_africa/cliff/mafr_clff003/scenes/mafr_clff003.fmdl</containerEntry>
        </property>
        <property name="geomFile" type="FilePtr" container="StaticArray" arraySize="1">
          <containerEntry>/Assets/tpp/environ/object/middle_africa/cliff/mafr_clff003/scenes/mafr_clff003.geom</containerEntry>
        </property>
        <property name="isVisibleGeom" type="Bool" container="StaticArray" arraySize="1">
          <containerEntry>false</containerEntry>
        </property>
        <property name="lodFarSize" type="Float" container="StaticArray" arraySize="1">
          <containerEntry>-1</containerEntry>
        </property>
        <property name="lodNearSize" type="Float" container="StaticArray" arraySize="1">
          <containerEntry>-1</containerEntry>
        </property>
        <property name="lodPolygonSize" type="Float" container="StaticArray" arraySize="1">
          <containerEntry>-1</containerEntry>
        </property>
        <property name="drawRejectionLevel" type="Int32" container="StaticArray" arraySize="1">
          <containerEntry>8</containerEntry>
        </property>
        <property name="drawMode" type="Int32" container="StaticArray" arraySize="1">
          <containerEntry>0</containerEntry>
        </property>
        <property name="rejectFarRangeShadowCast" type="Int32" container="StaticArray" arraySize="1">
          <containerEntry>2</containerEntry>
        </property>
        <property name="parentLocator" type="EntityLink" container="StaticArray" arraySize="1">
          <containerEntry packagePathHash="0xB8A0BF169F98" archivePathHash="0xB8A0BF169F98" nameInArchiveHash="0xB8A0BF169F98">0x0</containerEntry>
        </property>
        <property name="transforms" type="Matrix4" container="DynamicArray" arraySize="4">
          <containerEntry r11="1.9690951" r12="0" r13="-0.35023496" r14="0" r21="0" r22="2" r23="0" r24="0" r31="0.35023496" r32="0" r33="1.9690951" r34="0" r41="928.8001" r42="158.00471" r43="-1306.771" r44="1"></containerEntry>
          <containerEntry r11="1.9418689" r12="0" r13="0.47869128" r14="0" r21="0" r22="2" r23="0" r24="0" r31="-0.47869128" r32="0" r33="1.9418689" r34="0" r41="850.33386" r42="158.00471" r43="-1310.5941" r44="1"></containerEntry>
          <containerEntry r11="-0.8291268" r12="0.35315776" r13="1.7854496" r14="0" r21="0.2847088" r22="1.9630008" r23="-0.25606406" r24="0" r31="-1.797635" r32="0.14801185" r33="-0.86406183" r34="0" r41="786.7145" r42="156.0809" r43="-1494.0638" r44="1"></containerEntry>
          <containerEntry r11="0.509447" r12="0" r13="1.9340285" r14="0" r21="0" r22="2" r23="0" r24="0" r31="-1.9340285" r32="0" r33="0.509447" r34="0" r41="787.8298" r42="161.66061" r43="-1381.8486" r44="1"></containerEntry>
        </property>
        <property name="colors" type="UInt32" container="DynamicArray" arraySize="4">
          <containerEntry>4294967295</containerEntry>
          <containerEntry>4294967295</containerEntry>
          <containerEntry>4294967295</containerEntry>
          <containerEntry>4294967295</containerEntry>
        </property>
      </staticProperties>
      <dynamicProperties></dynamicProperties>
    </entity>
    <entity class="StaticModelArray" classVersion="4" classID="0xD0" addr="0x2D7D590" id="0x0">
      <staticProperties>
        <property name="name" type="String" container="StaticArray" arraySize="1">
          <containerEntry>StaticModelArray0003</containerEntry>
        </property>
        <property name="dataSet" type="EntityHandle" container="StaticArray" arraySize="1">
          <containerEntry>0x2EF4760</containerEntry>
        </property>
        <property name="modelFile" type="FilePtr" container="StaticArray" arraySize="1">
          <containerEntry>/Assets/tpp/environ/object/middle_africa/tree/mafr_tree038/scenes/mafr_tree038.fmdl</containerEntry>
        </property>
        <property name="geomFile" type="FilePtr" container="StaticArray" arraySize="1">
          <containerEntry>/Assets/tpp/environ/object/middle_africa/tree/mafr_tree038/scenes/mafr_tree038.geom</containerEntry>
        </property>
        <property name="isVisibleGeom" type="Bool" container="StaticArray" arraySize="1">
          <containerEntry>false</containerEntry>
        </property>
        <property name="lodFarSize" type="Float" container="StaticArray" arraySize="1">
          <containerEntry>-1</containerEntry>
        </property>
        <property name="lodNearSize" type="Float" container="StaticArray" arraySize="1">
          <containerEntry>-1</containerEntry>
        </property>
        <property name="lodPolygonSize" type="Float" container="StaticArray" arraySize="1">
          <containerEntry>-1</containerEntry>
        </property>
        <property name="drawRejectionLevel" type="Int32" container="StaticArray" arraySize="1">
          <containerEntry>8</containerEntry>
        </property>
        <property name="drawMode" type="Int32" container="StaticArray" arraySize="1">
          <containerEntry>0</containerEntry>
        </property>
        <property name="rejectFarRangeShadowCast" type="Int32" container="StaticArray" arraySize="1">
          <containerEntry>2</containerEntry>
        </property>
        <property name="parentLocator" type="EntityLink" container="StaticArray" arraySize="1">
          <containerEntry packagePathHash="0xB8A0BF169F98" archivePathHash="0xB8A0BF169F98" nameInArchiveHash="0xB8A0BF169F98">0x0</containerEntry>
        </property>
        <property name="transforms" type="Matrix4" container="DynamicArray" arraySize="4">
          <containerEntry r11="1" r12="0" r13="0" r14="0" r21="0" r22="1" r23="0" r24="0" r31="0" r32="0" r33="1" r34="0" r41="770.92773" r42="90.197174" r43="-1129.4491" r44="1"></containerEntry>
          <containerEntry r11="-0.063950226" r12="0" r13="0.88268644" r14="0" r21="0" r22="0.885" r23="0" r24="0" r31="-0.88268644" r32="0" r33="-0.063950226" r34="0" r41="850.1284" r42="98.98578" r43="-1141.179" r44="1"></containerEntry>
          <containerEntry r11="-0.740508" r12="0" r13="-0.11894536" r14="0" r21="0" r22="0.75" r23="0" r24="0" r31="0.11894536" r32="0" r33="-0.740508" r34="0" r41="863.37616" r42="104.474" r43="-1150.7976" r44="1"></containerEntry>
          <containerEntry r11="-0.3949281" r12="0" r13="-0.82094723" r14="0" r21="0" r22="0.911" r23="0" r24="0" r31="0.82094723" r32="0" r33="-0.3949281" r34="0" r41="853.57697" r42="102.58" r43="-1148.4397" r44="1"></containerEntry>
        </property>
        <property name="colors" type="UInt32" container="DynamicArray" arraySize="4">
          <containerEntry>4294967295</containerEntry>
          <containerEntry>4294967295</containerEntry>
          <containerEntry>4294967295</containerEntry>
          <containerEntry>4294967295</containerEntry>
        </property>
      </staticProperties>
      <dynamicProperties></dynamicProperties>
    </entity>
    <entity class="StaticModelArray" classVersion="4" classID="0xD0" addr="0x2D7AAB0" id="0x0">
      <staticProperties>
        <property name="name" type="String" container="StaticArray" arraySize="1">
          <containerEntry>StaticModelArray0004</containerEntry>
        </property>
        <property name="dataSet" type="EntityHandle" container="StaticArray" arraySize="1">
          <containerEntry>0x2EF4760</containerEntry>
        </property>
        <property name="modelFile" type="FilePtr" container="StaticArray" arraySize="1">
          <containerEntry>/Assets/tpp/environ/object/middle_africa/rock/mafr_rock002/scenes/mafr_rock002.fmdl</containerEntry>
        </property>
        <property name="geomFile" type="FilePtr" container="StaticArray" arraySize="1">
          <containerEntry>/Assets/tpp/environ/object/middle_africa/rock/mafr_rock002/scenes/mafr_rock002.geom</containerEntry>
        </property>
        <property name="isVisibleGeom" type="Bool" container="StaticArray" arraySize="1">
          <containerEntry>false</containerEntry>
        </property>
        <property name="lodFarSize" type="Float" container="StaticArray" arraySize="1">
          <containerEntry>-1</containerEntry>
        </property>
        <property name="lodNearSize" type="Float" container="StaticArray" arraySize="1">
          <containerEntry>-1</containerEntry>
        </property>
        <property name="lodPolygonSize" type="Float" container="StaticArray" arraySize="1">
          <containerEntry>-1</containerEntry>
        </property>
        <property name="drawRejectionLevel" type="Int32" container="StaticArray" arraySize="1">
          <containerEntry>8</containerEntry>
        </property>
        <property name="drawMode" type="Int32" container="StaticArray" arraySize="1">
          <containerEntry>0</containerEntry>
        </property>
        <property name="rejectFarRangeShadowCast" type="Int32" container="StaticArray" arraySize="1">
          <containerEntry>2</containerEntry>
        </property>
        <property name="parentLocator" type="EntityLink" container="StaticArray" arraySize="1">
          <containerEntry packagePathHash="0xB8A0BF169F98" archivePathHash="0xB8A0BF169F98" nameInArchiveHash="0xB8A0BF169F98">0x0</containerEntry>
        </property>
        <property name="transforms" type="Matrix4" container="DynamicArray" arraySize="17">
          <containerEntry r11="0.50599396" r12="0" r13="-0.862537" r14="0" r21="0" r22="1" r23="0" r24="0" r31="0.862537" r32="0" r33="0.50599396" r34="0" r41="812.9435" r42="60.06548" r43="-1050.3737" r44="1"></containerEntry>
          <containerEntry r11="0.28181487" r12="0.18174355" r13="-0.94209826" r14="0" r21="9.23872e-07" r22="0.9818959" r23="0.18942125" r24="0" r31="0.9594685" r32="-0.05338253" r33="0.27671272" r34="0" r41="797.1419" r42="70.55347" r43="-1061.9995" r44="1"></containerEntry>
          <containerEntry r11="0.9945839" r12="0" r13="-0.10393698" r14="0" r21="0" r22="1" r23="0" r24="0" r31="0.10393698" r32="0" r33="0.9945839" r34="0" r41="834.70306" r42="68.8415" r43="-1083.7241" r44="1"></containerEntry>
          <containerEntry r11="0.95198846" r12="0.11171976" r13="0.28502035" r14="0" r21="-0.1833623" r22="0.953639" r23="0.23864388" r24="0" r31="-0.2451452" r32="-0.27944827" r33="0.92833847" r34="0" r41="880.35187" r42="75.43542" r43="-1096.0969" r44="1"></containerEntry>
          <containerEntry r11="0.94701654" r12="0.13525784" r13="-0.29131597" r14="0" r21="-0.060870823" r22="0.9661487" r23="0.25070205" r24="0" r31="0.31536394" r32="-0.21968634" r33="0.923192" r34="0" r41="874.08875" r42="86.0026" r43="-1108.0153" r44="1"></containerEntry>
          <containerEntry r11="-0.9873918" r12="0" r13="0.15829666" r14="0" r21="0" r22="1" r23="0" r24="0" r31="-0.15829666" r32="0" r33="-0.9873918" r34="0" r41="835.09595" r42="67.00726" r43="-1080.1207" r44="1"></containerEntry>
          <containerEntry r11="0.96649796" r12="-0.0031372085" r13="-0.2566552" r14="0" r21="0.0994771" r22="0.92635334" r23="0.36328202" r24="0" r31="0.23661368" r32="-0.37664264" r33="0.89563066" r34="0" r41="832.6297" r42="77.84601" r43="-1095.1454" r44="1"></containerEntry>
          <containerEntry r11="1" r12="0" r13="0" r14="0" r21="0" r22="1" r23="0" r24="0" r31="0" r32="0" r33="1" r34="0" r41="882.4528" r42="105.10876" r43="-1142.3794" r44="1"></containerEntry>
          <containerEntry r11="0.28181523" r12="0.16412611" r13="-0.94532603" r14="0" r21="1.0430813e-07" r22="0.9852607" r23="0.17105936" r24="0" r31="0.95946795" r32="-0.0482071" r33="0.2776615" r34="0" r41="783.86816" r42="67.06341" r43="-1042.7991" r44="1"></containerEntry>
          <containerEntry r11="0.9961796" r12="0.036173556" r13="-0.07948399" r14="0" r21="-0.0028037243" r22="0.92295367" r23="0.38490042" r24="0" r31="0.087283276" r32="-0.3832071" r33="0.919529" r34="0" r41="824.02106" r42="81.06724" r43="-1101.9644" r44="1"></containerEntry>
          <containerEntry r11="0.8125567" r12="0.09057671" r13="-0.5758011" r14="0" r21="0.07844849" r22="0.96187085" r23="0.26201183" r24="0" r31="0.5775785" r32="-0.25807017" r33="0.774469" r34="0" r41="816.7506" r42="81.25817" r43="-1100.2598" r44="1"></containerEntry>
          <containerEntry r11="0.759933" r12="0.15069836" r13="-0.63229126" r14="0" r21="0.022428565" r22="0.96609455" r23="0.2572125" r24="0" r31="0.64961463" r32="-0.20964569" r33="0.7307872" r34="0" r41="811.2797" r42="74.9613" r43="-1083.5653" r44="1"></containerEntry>
          <containerEntry r11="-0.8783601" r12="-0.006597815" r13="0.47795355" r14="0" r21="0.03793198" r22="0.9957893" r23="0.08345576" r24="0" r31="-0.47649163" r32="0.09143396" r33="-0.8744113" r34="0" r41="822.72797" r42="68.25255" r43="-1076.1925" r44="1"></containerEntry>
          <containerEntry r11="0.9406371" r12="0.1741756" r13="-0.29131556" r14="0" r21="-0.10064058" r22="0.96281886" r23="0.25070167" r24="0" r31="0.3241502" r32="-0.20650111" r33="0.92319226" r34="0" r41="893.58716" r42="87.95586" r43="-1106.5546" r44="1"></containerEntry>
          <containerEntry r11="0.96073693" r12="0.10927719" r13="-0.25503516" r14="0" r21="-0.057228148" r22="0.9774559" r23="0.20323603" r24="0" r31="0.2714947" r32="-0.18066113" r33="0.9453317" r34="0" r41="845.5349" r42="87.44062" r43="-1118.5242" r44="1"></containerEntry>
          <containerEntry r11="-0.9930102" r12="-0.11703299" r13="-0.015083875" r14="0" r21="-0.11483477" r22="0.9290276" r23="0.35173908" r24="0" r31="-0.027151808" r32="0.3510138" r33="-0.93597317" r34="0" r41="855.68036" r42="88.980354" r43="-1119.776" r44="1"></containerEntry>
          <containerEntry r11="-0.96194685" r12="0" r13="0.27323493" r14="0" r21="0" r22="1" r23="0" r24="0" r31="-0.27323493" r32="0" r33="-0.96194685" r34="0" r41="867.5957" r42="63.3393" r43="-1075.5878" r44="1"></containerEntry>
        </property>
        <property name="colors" type="UInt32" container="DynamicArray" arraySize="17">
          <containerEntry>4294967295</containerEntry>
          <containerEntry>4294967295</containerEntry>
          <containerEntry>4294967295</containerEntry>
          <containerEntry>4294967295</containerEntry>
          <containerEntry>4294967295</containerEntry>
          <containerEntry>4294967295</containerEntry>
          <containerEntry>4294967295</containerEntry>
          <containerEntry>4294967295</containerEntry>
          <containerEntry>4294967295</containerEntry>
          <containerEntry>4294967295</containerEntry>
          <containerEntry>4294967295</containerEntry>
          <containerEntry>4294967295</containerEntry>
          <containerEntry>4294967295</containerEntry>
          <containerEntry>4294967295</containerEntry>
          <containerEntry>4294967295</containerEntry>
          <containerEntry>4294967295</containerEntry>
          <containerEntry>4294967295</containerEntry>
        </property>
      </staticProperties>
      <dynamicProperties></dynamicProperties>
    </entity>
    <entity class="StaticModelArray" classVersion="4" classID="0xD0" addr="0x2D7DC20" id="0x0">
      <staticProperties>
        <property name="name" type="String" container="StaticArray" arraySize="1">
          <containerEntry>StaticModelArray0005</containerEntry>
        </property>
