<fox formatVersion="2" fileVersion="0">
  <entities>
    <entity class="DataSet" classVersion="0" classID="0xE8" addr="0x317E320" id="0x1DE46EF">
      <staticProperties>
        <property name="name" type="String" container="StaticArray" arraySize="1">
          <containerEntry hash="0xB8A0BF169F98"></containerEntry>
        </property>
        <property name="dataSet" type="EntityHandle" container="StaticArray" arraySize="1">
          <containerEntry>0x0</containerEntry>
        </property>
        <property name="dataList" type="EntityPtr" container="StringMap" arraySize="17">
          <containerEntry key="afgh_clff025_0004">
            <data>0x317CCD0</data>
          </containerEntry>
          <containerEntry key="afgh_clff035_vrtn003_0002">
            <data>0x3301C10</data>
          </containerEntry>
          <containerEntry key="StaticModelArray0000">
            <data>0x317D440</data>
          </containerEntry>
          <containerEntry key="StaticModelArray0001">
            <data>0x317D600</data>
          </containerEntry>
          <containerEntry key="StaticModelArray0002">
            <data>0x317D4B0</data>
          </containerEntry>
          <containerEntry key="StaticModelArray0003">
            <data>0x317BD80</data>
          </containerEntry>
          <containerEntry key="StaticModelArray0004">
            <data>0x317BA70</data>
          </containerEntry>
          <containerEntry key="StaticModelArray0005">
            <data>0x317CF00</data>
          </containerEntry>
          <containerEntry key="StaticModelArray0006">
            <data>0x3175B80</data>
          </containerEntry>
          <containerEntry key="StaticModelArray0007">
            <data>0x317B1B0</data>
          </containerEntry>
          <containerEntry key="StaticModelArray0008">
            <data>0x317B4C0</data>
          </containerEntry>
          <containerEntry key="afgh_clff022_vrtn004_0000">
            <data>0x317B530</data>
          </containerEntry>
          <containerEntry key="StaticModelArray0009">
            <data>0x317B680</data>
          </containerEntry>
          <containerEntry key="StaticModelArray0010">
            <data>0x317B6F0</data>
          </containerEntry>
          <containerEntry key="StaticModelArray0011">
            <data>0x317B840</data>
          </containerEntry>
          <containerEntry key="StaticModelArray0012">
            <data>0x317BBC0</data>
          </containerEntry>
          <containerEntry key="TexturePackLoadConditioner0000">
            <data>0x317DA60</data>
          </containerEntry>
        </property>
      </staticProperties>
      <dynamicProperties></dynamicProperties>
    </entity>
    <entity class="StaticModel" classVersion="9" classID="0x160" addr="0x317CCD0" id="0x1DE4762">
      <staticProperties>
        <property name="name" type="String" container="StaticArray" arraySize="1">
          <containerEntry>afgh_clff025_0004</containerEntry>
        </property>
        <property name="dataSet" type="EntityHandle" container="StaticArray" arraySize="1">
          <containerEntry>0x317E320</containerEntry>
        </property>
        <property name="parent" type="EntityHandle" container="StaticArray" arraySize="1">
          <containerEntry>0x0</containerEntry>
        </property>
        <property name="transform" type="EntityPtr" container="StaticArray" arraySize="1">
          <containerEntry>0x317CC60</containerEntry>
        </property>
        <property name="shearTransform" type="EntityPtr" container="StaticArray" arraySize="1">
          <containerEntry>0x0</containerEntry>
        </property>
        <property name="pivotTransform" type="EntityPtr" container="StaticArray" arraySize="1">
          <containerEntry>0x0</containerEntry>
        </property>
        <property name="children" type="EntityHandle" container="List"></property>
        <property name="flags" type="UInt32" container="StaticArray" arraySize="1">
          <containerEntry>3221225479</containerEntry>
        </property>
        <property name="modelFile" type="FilePtr" container="StaticArray" arraySize="1">
          <containerEntry>/Assets/tpp/environ/object/afghanistan/cliff/afgh_clff025/scenes/afgh_clff025.fmdl</containerEntry>
        </property>
        <property name="geomFile" type="FilePtr" container="StaticArray" arraySize="1">
          <containerEntry>/Assets/tpp/environ/object/afghanistan/cliff/afgh_clff025/scenes/afgh_clff025.geom</containerEntry>
        </property>
        <property name="isVisibleGeom" type="Bool" container="StaticArray" arraySize="1">
          <containerEntry>false</containerEntry>
        </property>
        <property name="isIsolated" type="Bool" container="StaticArray" arraySize="1">
          <containerEntry>false</containerEntry>
        </property>
        <property name="lodFarSize" type="Float" container="StaticArray" arraySize="1">
          <containerEntry>-1</containerEntry>
        </property>
        <property name="lodNearSize" type="Float" container="StaticArray" arraySize="1">
          <containerEntry>-1</containerEntry>
        </property>
        <property name="lodPolygonSize" type="Float" container="StaticArray" arraySize="1">
          <containerEntry>-1</containerEntry>
        </property>
        <property name="color" type="Color" container="StaticArray" arraySize="1">
          <containerEntry r="1" g="1" b="1" a="1"></containerEntry>
        </property>
        <property name="drawRejectionLevel" type="Int32" container="StaticArray" arraySize="1">
          <containerEntry>8</containerEntry>
        </property>
        <property name="drawMode" type="Int32" container="StaticArray" arraySize="1">
          <containerEntry>0</containerEntry>
        </property>
        <property name="rejectFarRangeShadowCast" type="Int32" container="StaticArray" arraySize="1">
          <containerEntry>2</containerEntry>
        </property>
      </staticProperties>
      <dynamicProperties></dynamicProperties>
    </entity>
    <entity class="TransformEntity" classVersion="0" classID="0x50" addr="0x317CC60" id="0x1DE4765">
      <staticProperties>
        <property name="owner" type="EntityHandle" container="StaticArray" arraySize="1">
          <containerEntry>0x317CCD0</containerEntry>
        </property>
        <property name="transform_scale" type="Vector3" container="StaticArray" arraySize="1">
          <containerEntry x="1.5" y="1.5" z="1.5" w="0"></containerEntry>
        </property>
        <property name="transform_rotation_quat" type="Quat" container="StaticArray" arraySize="1">
          <containerEntry x="-0.007255" y="-0.159212" z="-0.023223" w="0.986944"></containerEntry>
        </property>
        <property name="transform_translation" type="Vector3" container="StaticArray" arraySize="1">
          <containerEntry x="1663.5933" y="347.02377" z="531.12146" w="0"></containerEntry>
        </property>
      </staticProperties>
      <dynamicProperties></dynamicProperties>
    </entity>
    <entity class="StaticModel" classVersion="9" classID="0x160" addr="0x3301C10" id="0x1DE4AC5">
      <staticProperties>
        <property name="name" type="String" container="StaticArray" arraySize="1">
          <containerEntry>afgh_clff035_vrtn003_0002</containerEntry>
        </property>
        <property name="dataSet" type="EntityHandle" container="StaticArray" arraySize="1">
          <containerEntry>0x317E320</containerEntry>
        </property>
        <property name="parent" type="EntityHandle" container="StaticArray" arraySize="1">
          <containerEntry>0x0</containerEntry>
        </property>
        <property name="transform" type="EntityPtr" container="StaticArray" arraySize="1">
          <containerEntry>0x3301C80</containerEntry>
        </property>
        <property name="shearTransform" type="EntityPtr" container="StaticArray" arraySize="1">
          <containerEntry>0x0</containerEntry>
        </property>
        <property name="pivotTransform" type="EntityPtr" container="StaticArray" arraySize="1">
          <containerEntry>0x0</containerEntry>
        </property>
        <property name="children" type="EntityHandle" container="List"></property>
        <property name="flags" type="UInt32" container="StaticArray" arraySize="1">
          <containerEntry>7</containerEntry>
        </property>
        <property name="modelFile" type="FilePtr" container="StaticArray" arraySize="1">
          <containerEntry>/Assets/tpp/environ/object/afghanistan/cliff/afgh_clff035/scenes/afgh_clff035_vrtn003.fmdl</containerEntry>
        </property>
        <property name="geomFile" type="FilePtr" container="StaticArray" arraySize="1">
          <containerEntry>/Assets/tpp/environ/object/afghanistan/cliff/afgh_clff035/scenes/afgh_clff035_vrtn003.geom</containerEntry>
        </property>
        <property name="isVisibleGeom" type="Bool" container="StaticArray" arraySize="1">
          <containerEntry>false</containerEntry>
        </property>
        <property name="isIsolated" type="Bool" container="StaticArray" arraySize="1">
          <containerEntry>false</containerEntry>
        </property>
        <property name="lodFarSize" type="Float" container="StaticArray" arraySize="1">
          <containerEntry>-1</containerEntry>
        </property>
        <property name="lodNearSize" type="Float" container="StaticArray" arraySize="1">
          <containerEntry>-1</containerEntry>
        </property>
        <property name="lodPolygonSize" type="Float" container="StaticArray" arraySize="1">
          <containerEntry>-1</containerEntry>
        </property>
        <property name="color" type="Color" container="StaticArray" arraySize="1">
          <containerEntry r="1" g="1" b="1" a="1"></containerEntry>
        </property>
        <property name="drawRejectionLevel" type="Int32" container="StaticArray" arraySize="1">
          <containerEntry>8</containerEntry>
        </property>
        <property name="drawMode" type="Int32" container="StaticArray" arraySize="1">
          <containerEntry>0</containerEntry>
        </property>
        <property name="rejectFarRangeShadowCast" type="Int32" container="StaticArray" arraySize="1">
          <containerEntry>2</containerEntry>
        </property>
      </staticProperties>
      <dynamicProperties></dynamicProperties>
    </entity>
    <entity class="TransformEntity" classVersion="0" classID="0x50" addr="0x3301C80" id="0x1DE4AC8">
      <staticProperties>
        <property name="owner" type="EntityHandle" container="StaticArray" arraySize="1">
          <containerEntry>0x3301C10</containerEntry>
        </property>
        <property name="transform_scale" type="Vector3" container="StaticArray" arraySize="1">
          <containerEntry x="1" y="1" z="1" w="0"></containerEntry>
        </property>
        <property name="transform_rotation_quat" type="Quat" container="StaticArray" arraySize="1">
          <containerEntry x="0" y="0.896649" z="0" w="0.442743"></containerEntry>
        </property>
        <property name="transform_translation" type="Vector3" container="StaticArray" arraySize="1">
          <containerEntry x="1607.1643" y="360.49902" z="624.36896" w="0"></containerEntry>
        </property>
      </staticProperties>
      <dynamicProperties></dynamicProperties>
    </entity>
    <entity class="StaticModelArray" classVersion="4" classID="0xD0" addr="0x317D440" id="0x0">
      <staticProperties>
        <property name="name" type="String" container="StaticArray" arraySize="1">
          <containerEntry>StaticModelArray0000</containerEntry>
        </property>
        <property name="dataSet" type="EntityHandle" container="StaticArray" arraySize="1">
          <containerEntry>0x317E320</containerEntry>
        </property>
        <property name="modelFile" type="FilePtr" container="StaticArray" arraySize="1">
          <containerEntry>/Assets/tpp/environ/object/afghanistan/rock/afgh_rock001/scenes/afgh_rock001.fmdl</containerEntry>
        </property>
        <property name="geomFile" type="FilePtr" container="StaticArray" arraySize="1">
          <containerEntry>/Assets/tpp/environ/object/afghanistan/rock/afgh_rock001/scenes/afgh_rock001.geom</containerEntry>
        </property>
        <property name="isVisibleGeom" type="Bool" container="StaticArray" arraySize="1">
          <containerEntry>false</containerEntry>
        </property>
        <property name="lodFarSize" type="Float" container="StaticArray" arraySize="1">
          <containerEntry>50</containerEntry>
        </property>
        <property name="lodNearSize" type="Float" container="StaticArray" arraySize="1">
          <containerEntry>400</containerEntry>
        </property>
        <property name="lodPolygonSize" type="Float" container="StaticArray" arraySize="1">
          <containerEntry>-1</containerEntry>
        </property>
        <property name="drawRejectionLevel" type="Int32" container="StaticArray" arraySize="1">
          <containerEntry>3</containerEntry>
        </property>
        <property name="drawMode" type="Int32" container="StaticArray" arraySize="1">
          <containerEntry>0</containerEntry>
        </property>
        <property name="rejectFarRangeShadowCast" type="Int32" container="StaticArray" arraySize="1">
          <containerEntry>2</containerEntry>
        </property>
        <property name="parentLocator" type="EntityLink" container="StaticArray" arraySize="1">
          <containerEntry packagePathHash="0xB8A0BF169F98" archivePathHash="0xB8A0BF169F98" nameInArchiveHash="0xB8A0BF169F98">0x0</containerEntry>
        </property>
        <property name="transforms" type="Matrix4" container="DynamicArray" arraySize="36">
          <containerEntry r11="0.22750437" r12="-0.33880174" r13="0.9129362" r14="0" r21="0.23442078" r22="0.92900586" r23="0.28634736" r24="0" r31="-0.9451381" r32="0.14886668" r33="0.2907753" r34="0" r41="1591.7351" r42="366.8717" r43="526.14087" r44="1"></containerEntry>
          <containerEntry r11="0.22750437" r12="-0.33880174" r13="0.9129362" r14="0" r21="0.23442078" r22="0.92900586" r23="0.28634736" r24="0" r31="-0.9451381" r32="0.14886668" r33="0.2907753" r34="0" r41="1595.1816" r42="366.00757" r43="530.9427" r44="1"></containerEntry>
          <containerEntry r11="0.05220464" r12="0.06323868" r13="0.9966294" r14="0" r21="0.90844834" r22="0.4114463" r23="-0.073690176" r24="0" r31="-0.41471785" r32="0.90923566" r33="-0.035968244" r34="0" r41="1574.853" r42="366.2746" r43="559.8983" r44="1"></containerEntry>
          <containerEntry r11="-0.842159" r12="-0.14794871" r13="0.5185297" r14="0" r21="0.23703402" r22="0.76215833" r23="0.6024357" r24="0" r31="-0.48433128" r32="0.63025796" r33="-0.60678875" r34="0" r41="1564.8229" r42="370.5615" r43="555.8917" r44="1"></containerEntry>
          <containerEntry r11="0.22750159" r12="-0.33880255" r13="0.9129377" r14="0" r21="0.11143786" r22="0.940421" r23="0.32123184" r24="0" r31="-0.96738" r32="0.028655216" r33="0.25170273" r34="0" r41="1575.7395" r42="366.89804" r43="548.4879" r44="1"></containerEntry>
          <containerEntry r11="0.99893516" r12="-0.046079237" r13="-0.0022817878" r14="0" r21="0.046079237" r22="0.99404556" r23="0.09874266" r24="0" r31="-0.0022817878" r32="-0.09874266" r33="0.9951104" r34="0" r41="1655.9448" r42="346.00668" r43="605.98444" r44="1"></containerEntry>
          <containerEntry r11="-0.011852823" r12="-0.4448857" r13="0.89550984" r14="0" r21="0.1388357" r22="0.8861654" r23="0.44208127" r24="0" r31="-0.99024534" r32="0.12956816" r33="0.05126232" r34="0" r41="1652.52" r42="346.66092" r43="573.51556" r44="1"></containerEntry>
          <containerEntry r11="0.87483805" r12="-0.3187973" r13="0.3647278" r14="0" r21="0.41729367" r22="0.87834424" r23="-0.23318908" r24="0" r31="-0.2460164" r32="0.35620138" r33="0.9014412" r34="0" r41="1654.0399" r42="341.5703" r43="631.4451" r44="1"></containerEntry>
          <containerEntry r11="0.22750081" r12="-0.33880207" r13="0.91293764" r14="0" r21="0.5457172" r22="0.820827" r23="0.16862813" r24="0" r31="-0.8064953" r32="0.4598433" r33="0.37162924" r34="0" r41="1613.2585" r42="353.321" r43="552.5845" r44="1"></containerEntry>
          <containerEntry r11="0.15988247" r12="-0.5515988" r13="0.81864256" r14="0" r21="0.3005664" r22="0.81713605" r23="0.49188244" r24="0" r31="-0.94026417" r32="0.16741335" r33="0.29643792" r34="0" r41="1618.5048" r42="352.45123" r43="552.5142" r44="1"></containerEntry>
          <containerEntry r11="0.22750081" r12="-0.33880207" r13="0.91293764" r14="0" r21="0.5457172" r22="0.820827" r23="0.16862813" r24="0" r31="-0.8064953" r32="0.4598433" r33="0.37162924" r34="0" r41="1635.5383" r42="356.21942" r43="519.15857" r44="1"></containerEntry>
          <containerEntry r11="0.21517818" r12="-0.38251472" r13="0.898544" r14="0" r21="0.40360808" r22="0.87267363" r23="0.27484778" r24="0" r31="-0.88926905" r32="0.3035182" r33="0.34216624" r34="0" r41="1617.6245" r42="347.86285" r43="571.2062" r44="1"></containerEntry>
          <containerEntry r11="-0.021116555" r12="-0.7745376" r13="0.63217473" r14="0" r21="0.45689708" r22="0.5549481" r23="0.69518155" r24="0" r31="-0.8892685" r32="0.3035189" r33="0.34216565" r34="0" r41="1618.9713" r42="346.91528" r43="578.8319" r44="1"></containerEntry>
          <containerEntry r11="0.0276514" r12="-0.83030707" r13="0.55661875" r14="0" r21="0.33932024" r22="0.5315661" r23="0.77607906" r24="0" r31="-0.9402638" r32="0.16741288" r33="0.29643893" r34="0" r41="1627.4027" r42="350.89438" r43="551.32666" r44="1"></containerEntry>
          <containerEntry r11="-0.03893602" r12="-0.85426515" r13="0.5183747" r14="0" r21="0.1886347" r22="0.50315773" r23="0.8433552" r24="0" r31="-0.9812738" r32="0.13062161" r33="0.141554" r34="0" r41="1646.9943" r42="349.46375" r43="532.79736" r44="1"></containerEntry>
          <containerEntry r11="-0.2876429" r12="0.9529371" r13="0.09576249" r14="0" r21="-0.39331684" r22="-0.026367262" r23="-0.919024" r24="0" r31="-0.8732477" r32="-0.30201662" r33="0.38239184" r34="0" r41="1649.3248" r42="346.36566" r43="600.9112" r44="1"></containerEntry>
          <containerEntry r11="-0.22538464" r12="-0.6444784" r13="0.73064756" r14="0" r21="0.19147694" r22="0.70601743" r23="0.6818175" r24="0" r31="-0.95526683" r32="0.29357475" r33="-0.035722017" r34="0" r41="1626.895" r42="356.5456" r43="532.6266" r44="1"></containerEntry>
          <containerEntry r11="0.26197693" r12="-0.30333036" r13="0.91616493" r14="0" r21="-0.22389947" r22="0.9043157" r23="0.36343095" r24="0" r31="-0.938742" r32="-0.3003393" r33="0.16899437" r34="0" r41="1636.4567" r42="346.976" r43="583.1492" r44="1"></containerEntry>
          <containerEntry r11="0.11658817" r12="-0.20793666" r13="0.97116953" r14="0" r21="-0.108820245" r22="0.969276" r23="0.22059515" r24="0" r31="-0.98720115" r32="-0.13140175" r33="0.0903784" r34="0" r41="1641.7487" r42="348.36047" r43="553.23724" r44="1"></containerEntry>
          <containerEntry r11="0.06618861" r12="0.17802225" r13="0.98179793" r14="0" r21="-0.14509822" r22="0.9752138" r23="-0.16704652" r24="0" r31="-0.98720086" r32="-0.13140056" r33="0.09037876" r34="0" r41="1639.9072" r42="348.6526" r43="568.2879" r44="1"></containerEntry>
          <containerEntry r11="-0.32983828" r12="-0.003375128" r13="0.944031" r14="0" r21="0.36494994" r22="0.9217923" r23="0.13080688" r24="0" r31="-0.87064195" r32="0.38766932" r33="-0.3028106" r34="0" r41="1601.9293" r42="349.74863" r43="586.3452" r44="1"></containerEntry>
          <containerEntry r11="0.09877342" r12="-0.28254235" r13="0.9541566" r14="0" r21="0.46186274" r22="0.86232865" r23="0.20753875" r24="0" r31="-0.8814351" r32="0.42018965" r33="0.21567076" r34="0" r41="1658.0035" r42="343.89288" r43="615.0772" r44="1"></containerEntry>
          <containerEntry r11="0.5008617" r12="0.009213313" r13="0.8654775" r14="0" r21="-0.032190904" r22="0.9994498" r23="0.007989713" r24="0" r31="-0.8649277" r32="-0.031862278" r33="0.50088274" r34="0" r41="1631.4685" r42="344.72406" r43="607.5498" r44="1"></containerEntry>
          <containerEntry r11="-0.2412305" r12="0.19067107" r13="0.9515517" r14="0" r21="0.20531158" r22="0.9683424" r23="-0.14198618" r24="0" r31="-0.9485005" r32="0.16111319" r33="-0.27274072" r34="0" r41="1620.9178" r42="345.15176" r43="614.8836" r44="1"></containerEntry>
          <containerEntry r11="-0.22412401" r12="0.23535609" r13="0.94571346" r14="0" r21="0.4378935" r22="0.89124596" r23="-0.118024245" r24="0" r31="-0.87064093" r32="0.38766992" r33="-0.3028105" r34="0" r41="1617.9976" r42="345.72742" r43="604.96246" r44="1"></containerEntry>
          <containerEntry r11="0.9147125" r12="-0.13826376" r13="0.37971577" r14="0" r21="0.33796751" r22="0.7768763" r23="-0.5312634" r24="0" r31="-0.22153756" r32="0.61428493" r33="0.7573471" r34="0" r41="1618.9054" r42="347.37238" r43="624.5944" r44="1"></containerEntry>
          <containerEntry r11="-0.46003443" r12="0.6288129" r13="0.62686646" r14="0" r21="0.33796796" r22="0.7768754" r23="-0.5312647" r24="0" r31="-0.8210633" r32="-0.032539487" r33="-0.569908" r34="0" r41="1628.3186" r42="346.58383" r43="630.695" r44="1"></containerEntry>
          <containerEntry r11="-0.048537694" r12="0.37721723" r13="0.92485136" r14="0" r21="0.33536643" r22="0.87834424" r23="-0.3406474" r24="0" r31="-0.9408359" r32="0.29362983" r33="-0.16913879" r34="0" r41="1641.8761" r42="344.52628" r43="632.53" r44="1"></containerEntry>
          <containerEntry r11="0.8795883" r12="-0.0033755675" r13="0.47572386" r14="0" r21="0.18716222" r22="0.9217926" r23="-0.33951256" r24="0" r31="-0.43737268" r32="0.38766876" r33="0.8114298" r34="0" r41="1601.1508" r42="350.6005" r43="605.41113" r44="1"></containerEntry>
          <containerEntry r11="0.6540399" r12="-0.101088196" r13="0.7496739" r14="0" r21="0.37251547" r22="0.9055773" r23="-0.20288289" r24="0" r31="-0.6583783" r32="0.41195923" r33="0.62994075" r34="0" r41="1595.0957" r42="358.99695" r43="563.9294" r44="1"></containerEntry>
          <containerEntry r11="0.09311885" r12="0.860226" r13="0.5013362" r14="0" r21="-0.6157531" r22="-0.34592894" r23="0.70793927" r24="0" r31="0.782416" r32="-0.3746214" r33="0.4974765" r34="0" r41="1569.9576" r42="366.7438" r43="558.29443" r44="1"></containerEntry>
          <containerEntry r11="0.22750159" r12="-0.33880255" r13="0.9129377" r14="0" r21="0.11143786" r22="0.940421" r23="0.32123184" r24="0" r31="-0.96738" r32="0.028655216" r33="0.25170273" r34="0" r41="1549.36" r42="374.6091" r43="543.4796" r44="1"></containerEntry>
          <containerEntry r11="0.537409" r12="-0.060034454" r13="-0.84118223" r14="0" r21="0.36911783" r22="0.9135873" r23="0.1706177" r24="0" r31="0.7582505" r32="-0.4021868" r33="0.51312983" r34="0" r41="1603.3866" r42="356.0762" r43="561.24445" r44="1"></containerEntry>
          <containerEntry r11="0.22750081" r12="-0.33880207" r13="0.91293764" r14="0" r21="0.5457172" r22="0.820827" r23="0.16862813" r24="0" r31="-0.8064953" r32="0.4598433" r33="0.37162924" r34="0" r41="1618.6254" r42="351.0223" r43="563.11646" r44="1"></containerEntry>
          <containerEntry r11="0.09593803" r12="-0.11616017" r13="-0.98858553" r14="0" r21="0.2265668" r22="-0.96454775" r23="0.13532293" r24="0" r31="-0.9692585" r32="-0.23696336" r33="-0.06621748" r34="0" r41="1656.7784" r42="345.8564" r43="587.09326" r44="1"></containerEntry>
          <containerEntry r11="-0.92616194" r12="0.081553884" r13="-0.3682009" r14="0" r21="-0.055473976" r22="-0.99517775" r23="-0.08088717" r24="0" r31="-0.3730222" r32="-0.05448909" r33="0.92622095" r34="0" r41="1642.8546" r42="346.479" r43="581.33276" r44="1"></containerEntry>
        </property>
        <property name="colors" type="UInt32" container="DynamicArray" arraySize="36">
          <containerEntry>4294967295</containerEntry>
          <containerEntry>4294967295</containerEntry>
          <containerEntry>4294967295</containerEntry>
          <containerEntry>4294967295</containerEntry>
          <containerEntry>4294967295</containerEntry>
          <containerEntry>4294967295</containerEntry>
          <containerEntry>4294967295</containerEntry>
          <containerEntry>4294967295</containerEntry>
          <containerEntry>4294967295</containerEntry>
          <containerEntry>4294967295</containerEntry>
          <containerEntry>4294967295</containerEntry>
          <containerEntry>4294967295</containerEntry>
          <containerEntry>4294967295</containerEntry>
          <containerEntry>4294967295</containerEntry>
          <containerEntry>4294967295</containerEntry>
          <containerEntry>4294967295</containerEntry>
          <containerEntry>4294967295</containerEntry>
          <containerEntry>4294967295</containerEntry>
          <containerEntry>4294967295</containerEntry>
          <containerEntry>4294967295</containerEntry>
          <containerEntry>4294967295</containerEntry>
          <containerEntry>4294967295</containerEntry>
          <containerEntry>4294967295</containerEntry>
          <containerEntry>4294967295</containerEntry>
          <containerEntry>4294967295</containerEntry>
          <containerEntry>4294967295</containerEntry>
          <containerEntry>4294967295</containerEntry>
          <containerEntry>4294967295</containerEntry>
          <containerEntry>4294967295</containerEntry>
          <containerEntry>4294967295</containerEntry>
          <containerEntry>4294967295</containerEntry>
          <containerEntry>4294967295</containerEntry>
          <containerEntry>4294967295</containerEntry>
          <containerEntry>4294967295</containerEntry>
          <containerEntry>4294967295</containerEntry>
          <containerEntry>4294967295</containerEntry>
        </property>
      </staticProperties>
      <dynamicProperties></dynamicProperties>
    </entity>
    <entity class="StaticModelArray" classVersion="4" classID="0xD0" addr="0x317D600" id="0x0">
      <staticProperties>
        <property name="name" type="String" container="StaticArray" arraySize="1">
          <containerEntry>StaticModelArray0001</containerEntry>
        </property>
        <property name="dataSet" type="EntityHandle" container="StaticArray" arraySize="1">
          <containerEntry>0x317E320</containerEntry>
        </property>
        <property name="modelFile" type="FilePtr" container="StaticArray" arraySize="1">
          <containerEntry>/Assets/tpp/environ/object/afghanistan/cliff/afgh_clff030/scenes/afgh_clff030_vrtn011.fmdl</containerEntry>
        </property>
        <property name="geomFile" type="FilePtr" container="StaticArray" arraySize="1">
          <containerEntry>/Assets/tpp/environ/object/afghanistan/cliff/afgh_clff030/scenes/afgh_clff030_vrtn011.geom</containerEntry>
        </property>
        <property name="isVisibleGeom" type="Bool" container="StaticArray" arraySize="1">
          <containerEntry>false</containerEntry>
        </property>
        <property name="lodFarSize" type="Float" container="StaticArray" arraySize="1">
          <containerEntry>-1</containerEntry>
        </property>
        <property name="lodNearSize" type="Float" container="StaticArray" arraySize="1">
          <containerEntry>-1</containerEntry>
        </property>
        <property name="lodPolygonSize" type="Float" container="StaticArray" arraySize="1">
          <containerEntry>-1</containerEntry>
        </property>
        <property name="drawRejectionLevel" type="Int32" container="StaticArray" arraySize="1">
          <containerEntry>8</containerEntry>
        </property>
        <property name="drawMode" type="Int32" container="StaticArray" arraySize="1">
          <containerEntry>0</containerEntry>
        </property>
        <property name="rejectFarRangeShadowCast" type="Int32" container="StaticArray" arraySize="1">
          <containerEntry>2</containerEntry>
        </property>
        <property name="parentLocator" type="EntityLink" container="StaticArray" arraySize="1">
          <containerEntry packagePathHash="0xB8A0BF169F98" archivePathHash="0xB8A0BF169F98" nameInArchiveHash="0xB8A0BF169F98">0x0</containerEntry>
        </property>
        <property name="transforms" type="Matrix4" container="DynamicArray" arraySize="3">
          <containerEntry r11="0.9725053" r12="-0.10914952" r13="-0.20571803" r14="0" r21="0.12571819" r22="0.9896474" r23="0.069230944" r24="0" r31="0.1960318" r32="-0.093189955" r33="0.9761594" r34="0" r41="1633.1725" r42="349.27643" r43="555.955" r44="1"></containerEntry>
          <containerEntry r11="0.92804825" r12="-0.25671548" r13="0.26985824" r14="0" r21="0.19623095" r22="0.95282066" r23="0.23157331" r24="0" r31="-0.316575" r32="-0.16195664" r33="0.9346391" r34="0" r41="1658.3754" r42="341.97153" r43="620.93115" r44="1"></containerEntry>
          <containerEntry r11="-0.021026934" r12="0.10043374" r13="-0.9947206" r14="0" r21="0.13319956" r22="0.98635334" r23="0.09677305" r24="0" r31="0.99086523" r32="-0.13046153" r33="-0.0341177" r34="0" r41="1661.3077" r42="345.1624" r43="604.46265" r44="1"></containerEntry>
        </property>
        <property name="colors" type="UInt32" container="DynamicArray" arraySize="3">
          <containerEntry>4294967295</containerEntry>
          <containerEntry>4294967295</containerEntry>
          <containerEntry>4294967295</containerEntry>
        </property>
      </staticProperties>
      <dynamicProperties></dynamicProperties>
    </entity>
    <entity class="StaticModelArray" classVersion="4" classID="0xD0" addr="0x317D4B0" id="0x0">
      <staticProperties>
        <property name="name" type="String" container="StaticArray" arraySize="1">
          <containerEntry>StaticModelArray0002</containerEntry>
        </property>
        <property name="dataSet" type="EntityHandle" container="StaticArray" arraySize="1">
          <containerEntry>0x317E320</containerEntry>
        </property>
        <property name="modelFile" type="FilePtr" container="StaticArray" arraySize="1">
          <containerEntry>/Assets/tpp/environ/object/afghanistan/cliff/afgh_clff022/scenes/afgh_clff022_vrtn002.fmdl</containerEntry>
        </property>
        <property name="geomFile" type="FilePtr" container="StaticArray" arraySize="1">
          <containerEntry>/Assets/tpp/environ/object/afghanistan/cliff/afgh_clff022/scenes/afgh_clff022_vrtn002.geom</containerEntry>
        </property>
        <property name="isVisibleGeom" type="Bool" container="StaticArray" arraySize="1">
          <containerEntry>false</containerEntry>
        </property>
        <property name="lodFarSize" type="Float" container="StaticArray" arraySize="1">
          <containerEntry>-1</containerEntry>
        </property>
        <property name="lodNearSize" type="Float" container="StaticArray" arraySize="1">
          <containerEntry>-1</containerEntry>
        </property>
        <property name="lodPolygonSize" type="Float" container="StaticArray" arraySize="1">
          <containerEntry>-1</containerEntry>
        </property>
        <property name="drawRejectionLevel" type="Int32" container="StaticArray" arraySize="1">
          <containerEntry>8</containerEntry>
        </property>
        <property name="drawMode" type="Int32" container="StaticArray" arraySize="1">
          <containerEntry>0</containerEntry>
        </property>
        <property name="rejectFarRangeShadowCast" type="Int32" container="StaticArray" arraySize="1">
          <containerEntry>2</containerEntry>
        </property>
        <property name="parentLocator" type="EntityLink" container="StaticArray" arraySize="1">
          <containerEntry packagePathHash="0xB8A0BF169F98" archivePathHash="0xB8A0BF169F98" nameInArchiveHash="0xB8A0BF169F98">0x0</containerEntry>
        </property>
        <property name="transforms" type="Matrix4" container="DynamicArray" arraySize="2">
          <containerEntry r11="-0.33620426" r12="0.013304293" r13="-0.94169277" r14="0" r21="0.0144079905" r22="0.9998558" r23="0.0089820195" r24="0" r31="0.94167656" r32="-0.010548109" r33="-0.33634752" r34="0" r41="1585.1422" r42="359.7312" r43="587.81976" r44="1"></containerEntry>
          <containerEntry r11="0.6233828" r12="-0.026388086" r13="-0.7814705" r14="0" r21="0.052623846" r22="0.9985803" r23="0.008258952" r24="0" r31="0.7801431" r32="-0.046272546" r33="0.6238864" r34="0" r41="1542.9907" r42="379.1136" r43="611.4662" r44="1"></containerEntry>
        </property>
        <property name="colors" type="UInt32" container="DynamicArray" arraySize="2">
          <containerEntry>4294967295</containerEntry>
          <containerEntry>4294967295</containerEntry>
        </property>
      </staticProperties>
      <dynamicProperties></dynamicProperties>
    </entity>
    <entity class="StaticModelArray" classVersion="4" classID="0xD0" addr="0x317BD80" id="0x0">
      <staticProperties>
        <property name="name" type="String" container="StaticArray" arraySize="1">
          <containerEntry>StaticModelArray0003</containerEntry>
        </property>
        <property name="dataSet" type="EntityHandle" container="StaticArray" arraySize="1">
          <containerEntry>0x317E320</containerEntry>
        </property>
        <property name="modelFile" type="FilePtr" container="StaticArray" arraySize="1">
          <containerEntry>/Assets/tpp/environ/object/afghanistan/rock/afgh_rock010/scenes/afgh_rock010.fmdl</containerEntry>
        </property>
        <property name="geomFile" type="FilePtr" container="StaticArray" arraySize="1">
          <containerEntry>/Assets/tpp/environ/object/afghanistan/rock/afgh_rock010/scenes/afgh_rock010.geom</containerEntry>
        </property>
        <property name="isVisibleGeom" type="Bool" container="StaticArray" arraySize="1">
          <containerEntry>false</containerEntry>
        </property>
        <property name="lodFarSize" type="Float" container="StaticArray" arraySize="1">
          <containerEntry>-1</containerEntry>
        </property>
        <property name="lodNearSize" type="Float" container="StaticArray" arraySize="1">
          <containerEntry>-1</containerEntry>
        </property>
        <property name="lodPolygonSize" type="Float" container="StaticArray" arraySize="1">
          <containerEntry>-1</containerEntry>
        </property>
        <property name="drawRejectionLevel" type="Int32" container="StaticArray" arraySize="1">
          <containerEntry>8</containerEntry>
        </property>
        <property name="drawMode" type="Int32" container="StaticArray" arraySize="1">
          <containerEntry>0</containerEntry>
        </property>
        <property name="rejectFarRangeShadowCast" type="Int32" container="StaticArray" arraySize="1">
          <containerEntry>2</containerEntry>
        </property>
        <property name="parentLocator" type="EntityLink" container="StaticArray" arraySize="1">
          <containerEntry packagePathHash="0xB8A0BF169F98" archivePathHash="0xB8A0BF169F98" nameInArchiveHash="0xB8A0BF169F98">0x0</containerEntry>
        </property>
        <property name="transforms" type="Matrix4" container="DynamicArray" arraySize="7">
          <containerEntry r11="0.24402484" r12="0.10742816" r13="-0.963796" r14="0" r21="-0.07344043" r22="0.9930385" r23="0.09209295" r24="0" r31="0.96697986" r32="0.048309393" r33="0.2502157" r34="0" r41="1632.532" r42="346.79575" r43="573.6338" r44="1"></containerEntry>
          <containerEntry r11="0.6684617" r12="-0.011842124" r13="-0.74365175" r14="0" r21="0.2569254" r22="0.9419958" r23="0.21594688" r24="0" r31="0.69795954" r32="-0.3354154" r33="0.63273066" r34="0" r41="1566.1752" r42="370.84662" r43="528.7705" r44="1"></containerEntry>
          <containerEntry r11="0.9939823" r12="0.10909469" r13="-0.009869431" r14="0" r21="-0.10935166" r22="0.98295176" r23="-0.14781025" r24="0" r31="-0.0064242193" r32="0.14800003" r33="0.98896646" r34="0" r41="1639.9812" r42="341.95978" r43="612.7427" r44="1"></containerEntry>
          <containerEntry r11="-0.9777351" r12="0.1636714" r13="-0.13125324" r14="0" r21="0.16725883" r22="0.98577124" r23="-0.016714245" r24="0" r31="0.12665" r32="-0.038295623" r33="-0.99119866" r34="0" r41="1588.4918" r42="363.7319" r43="571.1579" r44="1"></containerEntry>
          <containerEntry r11="-0.05371246" r12="-0.007816229" r13="-0.99852157" r14="0" r21="-0.10992138" r22="0.9939385" r23="-0.0018669926" r24="0" r31="0.9924836" r32="0.10965903" r33="-0.05424601" r34="0" r41="1587.0139" r42="365.45764" r43="536.6734" r44="1"></containerEntry>
          <containerEntry r11="-1.7820251" r12="-0.36709604" r13="0.8303984" r14="0" r21="-0.41704825" r22="1.9557983" r23="-0.030384704" r24="0" r31="-0.80646867" r32="-0.20023224" r33="-1.8191892" r34="0" r41="1585.1405" r42="357.5738" r43="624.514" r44="1"></containerEntry>
          <containerEntry r11="0.04592502" r12="0" r13="-0.9989442" r14="0" r21="0" r22="1" r23="0" r24="0" r31="0.9989442" r32="0" r33="0.04592502" r34="0" r41="1665.7578" r42="343.24832" r43="585.611" r44="1"></containerEntry>
        </property>
        <property name="colors" type="UInt32" container="DynamicArray" arraySize="7">
          <containerEntry>4294967295</containerEntry>
          <containerEntry>4294967295</containerEntry>
          <containerEntry>4294967295</containerEntry>
          <containerEntry>4294967295</containerEntry>
          <containerEntry>4294967295</containerEntry>
          <containerEntry>4294967295</containerEntry>
          <containerEntry>4294967295</containerEntry>
        </property>
      </staticProperties>
      <dynamicProperties></dynamicProperties>
    </entity>
    <entity class="StaticModelArray" classVersion="4" classID="0xD0" addr="0x317BA70" id="0x0">
      <staticProperties>
        <property name="name" type="String" container="StaticArray" arraySize="1">
          <containerEntry>StaticModelArray0004</containerEntry>
        </property>
        <property name="dataSet" type="EntityHandle" container="StaticArray" arraySize="1">
          <containerEntry>0x317E320</containerEntry>
        </property>
        <property name="modelFile" type="FilePtr" container="StaticArray" arraySize="1">
          <containerEntry>/Assets/tpp/environ/object/afghanistan/cliff/afgh_clff022/scenes/afgh_clff022_vrtn003.fmdl</containerEntry>
        </property>
        <property name="geomFile" type="FilePtr" container="StaticArray" arraySize="1">
          <containerEntry>/Assets/tpp/environ/object/afghanistan/cliff/afgh_clff022/scenes/afgh_clff022_vrtn003.geom</containerEntry>
        </property>
        <property name="isVisibleGeom" type="Bool" container="StaticArray" arraySize="1">
          <containerEntry>false</containerEntry>
        </property>
        <property name="lodFarSize" type="Float" container="StaticArray" arraySize="1">
          <containerEntry>-1</containerEntry>
        </property>
        <property name="lodNearSize" type="Float" container="StaticArray" arraySize="1">
          <containerEntry>-1</containerEntry>
        </property>
        <property name="lodPolygonSize" type="Float" container="StaticArray" arraySize="1">
          <containerEntry>-1</containerEntry>
        </property>
        <property name="drawRejectionLevel" type="Int32" container="StaticArray" arraySize="1">
          <containerEntry>8</containerEntry>
        </property>
        <property name="drawMode" type="Int32" container="StaticArray" arraySize="1">
          <containerEntry>0</containerEntry>
        </property>
        <property name="rejectFarRangeShadowCast" type="Int32" container="StaticArray" arraySize="1">
          <containerEntry>2</containerEntry>
        </property>
        <property name="parentLocator" type="EntityLink" container="StaticArray" arraySize="1">
          <containerEntry packagePathHash="0xB8A0BF169F98" archivePathHash="0xB8A0BF169F98" nameInArchiveHash="0xB8A0BF169F98">0x0</containerEntry>
        </property>
        <property name="transforms" type="Matrix4" container="DynamicArray" arraySize="5">
