<fox formatVersion="2" fileVersion="0">
  <entities>
    <entity class="DataSet" classVersion="0" classID="0xE8" addr="0x2F33B20" id="0xEEACA">
      <staticProperties>
        <property name="name" type="String" container="StaticArray" arraySize="1">
          <containerEntry hash="0xB8A0BF169F98"></containerEntry>
        </property>
        <property name="dataSet" type="EntityHandle" container="StaticArray" arraySize="1">
          <containerEntry>0x0</containerEntry>
        </property>
        <property name="dataList" type="EntityPtr" container="StringMap" arraySize="28">
          <containerEntry key="cm_mafr_rock002_vrtn001">
            <data>0x2F3B140</data>
          </containerEntry>
          <containerEntry key="StaticModelArray0000">
            <data>0x2F55410</data>
          </containerEntry>
          <containerEntry key="StaticModelArray0001">
            <data>0x2F33FF0</data>
          </containerEntry>
          <containerEntry key="StaticModelArray0002">
            <data>0x2F54370</data>
          </containerEntry>
          <containerEntry key="StaticModelArray0003">
            <data>0x2F543E0</data>
          </containerEntry>
          <containerEntry key="StaticModelArray0004">
            <data>0x2F544C0</data>
          </containerEntry>
          <containerEntry key="mafr_clff026_grnd001_0057">
            <data>0x2F545A0</data>
          </containerEntry>
          <containerEntry key="mafr_clff026_grnd001_0051">
            <data>0x2F54610</data>
          </containerEntry>
          <containerEntry key="mafr_clff026_grnd001_0052">
            <data>0x2F54680</data>
          </containerEntry>
          <containerEntry key="mafr_clff026_grnd001_0053">
            <data>0x2F546F0</data>
          </containerEntry>
          <containerEntry key="StaticModelArray0005">
            <data>0x2F54760</data>
          </containerEntry>
          <containerEntry key="StaticModelArray0006">
            <data>0x2F547D0</data>
          </containerEntry>
          <containerEntry key="StaticModelArray0007">
            <data>0x2F54840</data>
          </containerEntry>
          <containerEntry key="mafr_clff028_0012">
            <data>0x2F54920</data>
          </containerEntry>
          <containerEntry key="mafr_clff028_0008_DecalMoss0000">
            <data>0x2F54990</data>
          </containerEntry>
          <containerEntry key="StaticModelArray0008">
            <data>0x2F54A70</data>
          </containerEntry>
          <containerEntry key="StaticModelArray0009">
            <data>0x2F54AE0</data>
          </containerEntry>
          <containerEntry key="StaticModelArray0010">
            <data>0x2F54B50</data>
          </containerEntry>
          <containerEntry key="StaticModelArray0011">
            <data>0x2F54BC0</data>
          </containerEntry>
          <containerEntry key="mafr_rock009_0002">
            <data>0x2F54C30</data>
          </containerEntry>
          <containerEntry key="StaticModelArray0012">
            <data>0x2F54CA0</data>
          </containerEntry>
          <containerEntry key="StaticModelArray0013">
            <data>0x2F54D10</data>
          </containerEntry>
          <containerEntry key="StaticModelArray0014">
            <data>0x2F54D80</data>
          </containerEntry>
          <containerEntry key="mafr_clff026_grnd002_0029_DecalMoss0000">
            <data>0x2F54DF0</data>
          </containerEntry>
          <containerEntry key="mafr_clff026_grnd002_0014_DecalMoss0000">
            <data>0x2F54E60</data>
          </containerEntry>
          <containerEntry key="StaticModelArray0015">
            <data>0x2F54ED0</data>
          </containerEntry>
          <containerEntry key="DecalArray0000">
            <data>0x2F55020</data>
          </containerEntry>
          <containerEntry key="TexturePackLoadConditioner0000">
            <data>0x2F554F0</data>
          </containerEntry>
        </property>
      </staticProperties>
      <dynamicProperties></dynamicProperties>
    </entity>
    <entity class="Material" classVersion="6" classID="0xB0" addr="0x2F3B140" id="0xEF196">
      <staticProperties>
        <property name="name" type="String" container="StaticArray" arraySize="1">
          <containerEntry>cm_mafr_rock002_vrtn001</containerEntry>
        </property>
        <property name="dataSet" type="EntityHandle" container="StaticArray" arraySize="1">
          <containerEntry>0x2F33B20</containerEntry>
        </property>
        <property name="materialName" type="String" container="StaticArray" arraySize="1">
          <containerEntry hash="0xB8A0BF169F98"></containerEntry>
        </property>
        <property name="shader" type="Path" container="StaticArray" arraySize="1">
          <containerEntry hash="0xB8A0BF169F98"></containerEntry>
        </property>
        <property name="diffuseTexture" type="Path" container="StaticArray" arraySize="1">
          <containerEntry>/Assets/tpp/common_source/environ/middle_africa/cm_mafr_rock002/sourceimages/cm_mafr_rock002_v1_bsm_alp.ftex</containerEntry>
        </property>
        <property name="srmTexture" type="Path" container="StaticArray" arraySize="1">
          <containerEntry>/Assets/tpp/common_source/environ/middle_africa/cm_mafr_rock002/sourceimages/cm_mafr_rock002_srm.ftex</containerEntry>
        </property>
        <property name="normalTexture" type="Path" container="StaticArray" arraySize="1">
          <containerEntry>/Assets/tpp/common_source/environ/middle_africa/cm_mafr_rock002/sourceimages/cm_mafr_rock002_nrm.ftex</containerEntry>
        </property>
        <property name="materialMapTexture" type="Path" container="StaticArray" arraySize="1">
          <containerEntry hash="0xB8A0BF169F98"></containerEntry>
        </property>
        <property name="materialIndex" type="UInt8" container="StaticArray" arraySize="1">
          <containerEntry>42</containerEntry>
        </property>
        <property name="diffuseColor" type="Color" container="StaticArray" arraySize="1">
          <containerEntry r="1" g="1" b="1" a="1"></containerEntry>
        </property>
        <property name="specularColor" type="Color" container="StaticArray" arraySize="1">
          <containerEntry r="0" g="0" b="0" a="0"></containerEntry>
        </property>
        <property name="fmtrPath" type="Path" container="StaticArray" arraySize="1">
          <containerEntry hash="0xB8A0BF169F98"></containerEntry>
        </property>
        <property name="residentFlag" type="Bool" container="StaticArray" arraySize="1">
          <containerEntry>false</containerEntry>
        </property>
      </staticProperties>
      <dynamicProperties></dynamicProperties>
    </entity>
    <entity class="StaticModelArray" classVersion="4" classID="0xD0" addr="0x2F55410" id="0x0">
      <staticProperties>
        <property name="name" type="String" container="StaticArray" arraySize="1">
          <containerEntry>StaticModelArray0000</containerEntry>
        </property>
        <property name="dataSet" type="EntityHandle" container="StaticArray" arraySize="1">
          <containerEntry>0x2F33B20</containerEntry>
        </property>
        <property name="modelFile" type="FilePtr" container="StaticArray" arraySize="1">
          <containerEntry>/Assets/tpp/environ/object/middle_africa/rock/mafr_rock007/scenes/mafr_rock007.fmdl</containerEntry>
        </property>
        <property name="geomFile" type="FilePtr" container="StaticArray" arraySize="1">
          <containerEntry>/Assets/tpp/environ/object/middle_africa/rock/mafr_rock007/scenes/mafr_rock007.geom</containerEntry>
        </property>
        <property name="isVisibleGeom" type="Bool" container="StaticArray" arraySize="1">
          <containerEntry>false</containerEntry>
        </property>
        <property name="lodFarSize" type="Float" container="StaticArray" arraySize="1">
          <containerEntry>-1</containerEntry>
        </property>
        <property name="lodNearSize" type="Float" container="StaticArray" arraySize="1">
          <containerEntry>-1</containerEntry>
        </property>
        <property name="lodPolygonSize" type="Float" container="StaticArray" arraySize="1">
          <containerEntry>-1</containerEntry>
        </property>
        <property name="drawRejectionLevel" type="Int32" container="StaticArray" arraySize="1">
          <containerEntry>3</containerEntry>
        </property>
        <property name="drawMode" type="Int32" container="StaticArray" arraySize="1">
          <containerEntry>0</containerEntry>
        </property>
        <property name="rejectFarRangeShadowCast" type="Int32" container="StaticArray" arraySize="1">
          <containerEntry>2</containerEntry>
        </property>
        <property name="parentLocator" type="EntityLink" container="StaticArray" arraySize="1">
          <containerEntry packagePathHash="0xB8A0BF169F98" archivePathHash="0xB8A0BF169F98" nameInArchiveHash="0xB8A0BF169F98">0x0</containerEntry>
        </property>
        <property name="transforms" type="Matrix4" container="DynamicArray" arraySize="24">
          <containerEntry r11="-0.62366277" r12="0.27376276" r13="0.7321882" r14="0" r21="-0.0050871223" r22="0.9352272" r23="-0.3540116" r24="0" r31="-0.7816775" r32="-0.22450842" r33="-0.5818738" r34="0" r41="2506.7197" r42="205.88286" r43="-2474.395" r44="1"></containerEntry>
          <containerEntry r11="-0.48713768" r12="0.34347084" r13="0.80294824" r14="0" r21="0.18694147" r22="0.9391137" r23="-0.28830272" r24="0" r31="-0.85308325" r32="0.009661362" r33="-0.5216866" r34="0" r41="2513.6147" r42="203.28853" r43="-2471.7827" r44="1"></containerEntry>
          <containerEntry r11="0.8885128" r12="-0.39178398" r13="-0.23885222" r14="0" r21="0.3983588" r22="0.9169609" r23="-0.022205066" r24="0" r31="0.22771771" r32="-0.07541941" r33="0.97080207" r34="0" r41="2509.9216" r42="206.25677" r43="-2470.2827" r44="1"></containerEntry>
          <containerEntry r11="-0.8110889" r12="0.1748671" r13="0.5581725" r14="0" r21="-0.08970469" r22="-0.98016506" r23="0.17671978" r24="0" r31="0.5780036" r32="0.09326475" r33="0.8106871" r34="0" r41="2500.3735" r42="208.96887" r43="-2467.9807" r44="1"></containerEntry>
          <containerEntry r11="-0.9164927" r12="-0.051665936" r13="0.39669907" r14="0" r21="-0.052528184" r22="0.9985815" r23="0.0086990595" r24="0" r31="-0.39658582" r32="-0.012865258" r33="-0.91790664" r34="0" r41="2500.3042" r42="208.33643" r43="-2469.6848" r44="1"></containerEntry>
          <containerEntry r11="0.101033755" r12="0.16840112" r13="-0.9805273" r14="0" r21="0.44506758" r22="0.8737997" r23="0.19593115" r24="0" r31="0.88977945" r32="-0.4561965" r33="0.01333338" r34="0" r41="2514.961" r42="201.4818" r43="-2467.276" r44="1"></containerEntry>
          <containerEntry r11="-0.5350991" r12="0.47335732" r13="-0.6997162" r14="0" r21="0.59608495" r22="0.7984812" r23="0.0843239" r24="0" r31="0.59862566" r32="-0.37196863" r33="-0.7094278" r34="0" r41="2511.4666" r42="203.31776" r43="-2463.202" r44="1"></containerEntry>
          <containerEntry r11="0.542854" r12="-0.74517345" r13="-0.38733122" r14="0" r21="0.01826176" r22="0.4715688" r23="-0.8816397" r24="0" r31="0.8396281" r32="0.47152805" r33="0.26960135" r34="0" r41="2508.4382" r42="205.95389" r43="-2518.505" r44="1"></containerEntry>
          <containerEntry r11="0.80413455" r12="0.21782953" r13="-0.5530988" r14="0" r21="-0.59102243" r22="0.39270797" r23="-0.70460933" r24="0" r31="0.06372216" r32="0.8934943" r33="0.44453195" r34="0" r41="2502.7725" r42="206.98138" r43="-2515.9023" r44="1"></containerEntry>
          <containerEntry r11="0.8812038" r12="0.0743029" r13="0.46686095" r14="0" r21="-0.44926953" r22="-0.17566043" r23="0.8759573" r24="0" r31="0.14709492" r32="-0.98164326" r33="-0.121410675" r34="0" r41="2522.5483" r42="203.23567" r43="-2517.5735" r44="1"></containerEntry>
          <containerEntry r11="-0.7779913" r12="0.47382516" r13="-0.41257748" r14="0" r21="0.02707994" r22="0.6813612" r23="0.7314463" r24="0" r31="0.6276919" r32="0.55788594" r33="-0.5429244" r34="0" r41="2530.9104" r42="202.75952" r43="-2503.2046" r44="1"></containerEntry>
          <containerEntry r11="0.7406379" r12="0.017792225" r13="0.67166865" r14="0" r21="-0.04618726" r22="0.9986329" r23="0.02447654" r24="0" r31="-0.6703149" r32="-0.04915079" r33="0.74044716" r34="0" r41="2529.7305" r42="203.6948" r43="-2513.2703" r44="1"></containerEntry>
          <containerEntry r11="-0.7541339" r12="0.085900456" r13="-0.6510799" r14="0" r21="0.17270452" r22="0.98245317" r23="-0.07041995" r24="0" r31="0.63360643" r32="-0.16555038" r33="-0.7557366" r34="0" r41="2533.281" r42="206.51591" r43="-2507.033" r44="1"></containerEntry>
          <containerEntry r11="-0.98454493" r12="0.16107473" r13="-0.06872767" r14="0" r21="0.17502704" r22="0.89197034" r23="-0.4168385" r24="0" r31="-0.0058391504" r32="-0.42242602" r33="-0.9063772" r34="0" r41="2541.0977" r42="196.33124" r43="-2444.7546" r44="1"></containerEntry>
          <containerEntry r11="0.9817384" r12="-0.18699704" r13="-0.03495486" r14="0" r21="0.1895308" r22="0.94563943" r23="0.26428053" r24="0" r31="-0.016364984" r32="-0.26607934" r33="0.96381223" r34="0" r41="2519.7766" r42="200.66606" r43="-2479.9" r44="1"></containerEntry>
          <containerEntry r11="0.9901671" r12="0.02360142" r13="0.13788466" r14="0" r21="-0.045052856" r22="0.98695" r23="0.15459625" r24="0" r31="-0.13243659" r32="-0.15928821" r33="0.9783087" r34="0" r41="2513.8735" r42="201.48059" r43="-2476.5352" r44="1"></containerEntry>
          <containerEntry r11="0.7409301" r12="-0.31792694" r13="-0.59156156" r14="0" r21="0.37946826" r22="0.9249475" r23="-0.021817267" r24="0" r31="0.5540997" r32="-0.20831376" r33="0.8059646" r34="0" r41="2508.787" r42="207.28891" r43="-2465.2842" r44="1"></containerEntry>
          <containerEntry r11="-0.5323556" r12="0.13610977" r13="-0.8355084" r14="0" r21="0.3520747" r22="0.9331747" r23="-0.07230851" r24="0" r31="0.7698335" r32="-0.33265486" r33="-0.54470164" r34="0" r41="2515.1638" r42="201.51125" r43="-2474.0217" r44="1"></containerEntry>
          <containerEntry r11="0.051049657" r12="0.096683696" r13="-0.99400544" r14="0" r21="0.37128174" r22="0.9221285" r23="0.108760715" r24="0" r31="0.92711616" r32="-0.3746082" r33="0.011177421" r34="0" r41="2517.777" r42="200.2722" r43="-2471.5933" r44="1"></containerEntry>
          <containerEntry r11="-0.7246879" r12="0.6888885" r13="-0.016185299" r14="0" r21="0.59558266" r22="0.638" r23="0.48809594" r24="0" r31="0.34656972" r32="0.3440771" r33="-0.872641" r34="0" r41="2508.8823" r42="204.4467" r43="-2462.19" r44="1"></containerEntry>
          <containerEntry r11="-0.8752565" r12="-0.12392216" r13="0.46751666" r14="0" r21="-0.24992436" r22="0.9434475" r23="-0.21781819" r24="0" r31="-0.41408497" r32="-0.30749026" r33="-0.8567297" r34="0" r41="2487.2314" r42="206.25716" r43="-2451.5872" r44="1"></containerEntry>
          <containerEntry r11="-0.983592" r12="-0.17973596" r13="0.015460754" r14="0" r21="-0.16954246" r22="0.95027846" r23="0.2612013" r24="0" r31="-0.061639324" r32="0.2542946" r33="-0.96515906" r34="0" r41="2494.6462" r42="204.87738" r43="-2433.3347" r44="1"></containerEntry>
          <containerEntry r11="0.004156295" r12="-0.056865618" r13="-0.99837375" r14="0" r21="-0.0044330414" r22="0.99837095" r23="-0.056883946" r24="0" r31="0.9999821" r32="0.0046622884" r33="0.0038974285" r34="0" r41="2490.3677" r42="207.29256" r43="-2452.7888" r44="1"></containerEntry>
          <containerEntry r11="-0.40857843" r12="0.113178134" r13="0.90567946" r14="0" r21="0.79395103" r22="0.5335448" r23="0.29149973" r24="0" r31="-0.4502293" r32="0.8381653" r33="-0.30785298" r34="0" r41="2513.7463" r42="203.18422" r43="-2467.042" r44="1"></containerEntry>
        </property>
        <property name="colors" type="UInt32" container="DynamicArray" arraySize="24">
          <containerEntry>4294967295</containerEntry>
          <containerEntry>4294967295</containerEntry>
          <containerEntry>4294967295</containerEntry>
          <containerEntry>4294967295</containerEntry>
          <containerEntry>4294967295</containerEntry>
          <containerEntry>4294967295</containerEntry>
          <containerEntry>4294967295</containerEntry>
          <containerEntry>4294967295</containerEntry>
          <containerEntry>4294967295</containerEntry>
          <containerEntry>4294967295</containerEntry>
          <containerEntry>4294967295</containerEntry>
          <containerEntry>4294967295</containerEntry>
          <containerEntry>4294967295</containerEntry>
          <containerEntry>4294967295</containerEntry>
          <containerEntry>4294967295</containerEntry>
          <containerEntry>4294967295</containerEntry>
          <containerEntry>4294967295</containerEntry>
          <containerEntry>4294967295</containerEntry>
          <containerEntry>4294967295</containerEntry>
          <containerEntry>4294967295</containerEntry>
          <containerEntry>4294967295</containerEntry>
          <containerEntry>4294967295</containerEntry>
          <containerEntry>4294967295</containerEntry>
          <containerEntry>4294967295</containerEntry>
        </property>
      </staticProperties>
      <dynamicProperties></dynamicProperties>
    </entity>
    <entity class="StaticModelArray" classVersion="4" classID="0xD0" addr="0x2F33FF0" id="0x0">
      <staticProperties>
        <property name="name" type="String" container="StaticArray" arraySize="1">
          <containerEntry>StaticModelArray0001</containerEntry>
        </property>
        <property name="dataSet" type="EntityHandle" container="StaticArray" arraySize="1">
          <containerEntry>0x2F33B20</containerEntry>
        </property>
        <property name="modelFile" type="FilePtr" container="StaticArray" arraySize="1">
          <containerEntry>/Assets/tpp/environ/object/middle_africa/tree/mafr_tree038/scenes/mafr_tree038.fmdl</containerEntry>
        </property>
        <property name="geomFile" type="FilePtr" container="StaticArray" arraySize="1">
          <containerEntry>/Assets/tpp/environ/object/middle_africa/tree/mafr_tree038/scenes/mafr_tree038.geom</containerEntry>
        </property>
        <property name="isVisibleGeom" type="Bool" container="StaticArray" arraySize="1">
          <containerEntry>false</containerEntry>
        </property>
        <property name="lodFarSize" type="Float" container="StaticArray" arraySize="1">
          <containerEntry>-1</containerEntry>
        </property>
        <property name="lodNearSize" type="Float" container="StaticArray" arraySize="1">
          <containerEntry>-1</containerEntry>
        </property>
        <property name="lodPolygonSize" type="Float" container="StaticArray" arraySize="1">
          <containerEntry>-1</containerEntry>
        </property>
        <property name="drawRejectionLevel" type="Int32" container="StaticArray" arraySize="1">
          <containerEntry>8</containerEntry>
        </property>
        <property name="drawMode" type="Int32" container="StaticArray" arraySize="1">
          <containerEntry>0</containerEntry>
        </property>
        <property name="rejectFarRangeShadowCast" type="Int32" container="StaticArray" arraySize="1">
          <containerEntry>2</containerEntry>
        </property>
        <property name="parentLocator" type="EntityLink" container="StaticArray" arraySize="1">
          <containerEntry packagePathHash="0xB8A0BF169F98" archivePathHash="0xB8A0BF169F98" nameInArchiveHash="0xB8A0BF169F98">0x0</containerEntry>
        </property>
        <property name="transforms" type="Matrix4" container="DynamicArray" arraySize="5">
          <containerEntry r11="1" r12="0" r13="0" r14="0" r21="0" r22="1" r23="0" r24="0" r31="0" r32="0" r33="1" r34="0" r41="2509.7695" r42="204.78409" r43="-2441.5159" r44="1"></containerEntry>
          <containerEntry r11="1" r12="0" r13="0" r14="0" r21="0" r22="1" r23="0" r24="0" r31="0" r32="0" r33="1" r34="0" r41="2539.6492" r42="199.85828" r43="-2439.2048" r44="1"></containerEntry>
          <containerEntry r11="1" r12="0" r13="0" r14="0" r21="0" r22="1" r23="0" r24="0" r31="0" r32="0" r33="1" r34="0" r41="2456.0383" r42="203.13066" r43="-2501.8335" r44="1"></containerEntry>
          <containerEntry r11="1" r12="0" r13="0" r14="0" r21="0" r22="1" r23="0" r24="0" r31="0" r32="0" r33="1" r34="0" r41="2481.5037" r42="209.017" r43="-2518.7075" r44="1"></containerEntry>
          <containerEntry r11="-0.2391566" r12="0" r13="0.9709805" r14="0" r21="0" r22="1" r23="0" r24="0" r31="-0.9709805" r32="0" r33="-0.2391566" r34="0" r41="2447.277" r42="213.34415" r43="-2530.8142" r44="1"></containerEntry>
        </property>
        <property name="colors" type="UInt32" container="DynamicArray" arraySize="5">
          <containerEntry>4294967295</containerEntry>
          <containerEntry>4294967295</containerEntry>
          <containerEntry>4294967295</containerEntry>
          <containerEntry>4294967295</containerEntry>
          <containerEntry>4294967295</containerEntry>
        </property>
      </staticProperties>
      <dynamicProperties></dynamicProperties>
    </entity>
    <entity class="StaticModelArray" classVersion="4" classID="0xD0" addr="0x2F54370" id="0x0">
      <staticProperties>
        <property name="name" type="String" container="StaticArray" arraySize="1">
          <containerEntry>StaticModelArray0002</containerEntry>
        </property>
        <property name="dataSet" type="EntityHandle" container="StaticArray" arraySize="1">
          <containerEntry>0x2F33B20</containerEntry>
        </property>
        <property name="modelFile" type="FilePtr" container="StaticArray" arraySize="1">
          <containerEntry>/Assets/tpp/environ/object/middle_africa/rock/mafr_rock011/scenes/mafr_rock011.fmdl</containerEntry>
        </property>
        <property name="geomFile" type="FilePtr" container="StaticArray" arraySize="1">
          <containerEntry>/Assets/tpp/environ/object/middle_africa/rock/mafr_rock011/scenes/mafr_rock011.geom</containerEntry>
        </property>
        <property name="isVisibleGeom" type="Bool" container="StaticArray" arraySize="1">
          <containerEntry>false</containerEntry>
        </property>
        <property name="lodFarSize" type="Float" container="StaticArray" arraySize="1">
          <containerEntry>-1</containerEntry>
        </property>
        <property name="lodNearSize" type="Float" container="StaticArray" arraySize="1">
          <containerEntry>-1</containerEntry>
        </property>
        <property name="lodPolygonSize" type="Float" container="StaticArray" arraySize="1">
          <containerEntry>-1</containerEntry>
        </property>
        <property name="drawRejectionLevel" type="Int32" container="StaticArray" arraySize="1">
          <containerEntry>8</containerEntry>
        </property>
        <property name="drawMode" type="Int32" container="StaticArray" arraySize="1">
          <containerEntry>0</containerEntry>
        </property>
        <property name="rejectFarRangeShadowCast" type="Int32" container="StaticArray" arraySize="1">
          <containerEntry>2</containerEntry>
        </property>
        <property name="parentLocator" type="EntityLink" container="StaticArray" arraySize="1">
          <containerEntry packagePathHash="0xB8A0BF169F98" archivePathHash="0xB8A0BF169F98" nameInArchiveHash="0xB8A0BF169F98">0x0</containerEntry>
        </property>
        <property name="transforms" type="Matrix4" container="DynamicArray" arraySize="3">
          <containerEntry r11="1.0507947" r12="-0.0813643" r13="0.4538353" r14="0" r21="-0.18083471" r22="0.9662667" r23="0.5919321" r24="0" r31="-0.42412907" r32="-0.61356705" r33="0.8720127" r34="0" r41="2530.2683" r42="193.27989" r43="-2460.1982" r44="1"></containerEntry>
          <containerEntry r11="-0.9388989" r12="0.004162499" r13="0.59131217" r14="0" r21="0.109790176" r22="1.0914981" r23="0.16664362" r24="0" r31="-0.5810452" r32="0.1995162" r33="-0.9240013" r34="0" r41="2461.4456" r42="210.1611" r43="-2519.1936" r44="1"></containerEntry>
          <containerEntry r11="-1.1013858" r12="-0.06470655" r13="-0.11811249" r14="0" r21="-0.078917444" r22="1.0986367" r23="0.13402097" r24="0" r31="0.10913092" r32="0.1414304" r33="-1.0951146" r34="0" r41="2452.4875" r42="209.46666" r43="-2517.2524" r44="1"></containerEntry>
        </property>
        <property name="colors" type="UInt32" container="DynamicArray" arraySize="3">
          <containerEntry>4294967295</containerEntry>
          <containerEntry>4294967295</containerEntry>
          <containerEntry>4294967295</containerEntry>
        </property>
      </staticProperties>
      <dynamicProperties></dynamicProperties>
    </entity>
    <entity class="StaticModelArray" classVersion="4" classID="0xD0" addr="0x2F543E0" id="0x0">
      <staticProperties>
        <property name="name" type="String" container="StaticArray" arraySize="1">
          <containerEntry>StaticModelArray0003</containerEntry>
        </property>
        <property name="dataSet" type="EntityHandle" container="StaticArray" arraySize="1">
          <containerEntry>0x2F33B20</containerEntry>
        </property>
        <property name="modelFile" type="FilePtr" container="StaticArray" arraySize="1">
          <containerEntry>/Assets/tpp/environ/object/middle_africa/rock/mafr_rock007/scenes/mafr_rock007_vrtn002.fmdl</containerEntry>
        </property>
        <property name="geomFile" type="FilePtr" container="StaticArray" arraySize="1">
          <containerEntry>/Assets/tpp/environ/object/middle_africa/rock/mafr_rock007/scenes/mafr_rock007_vrtn002.geom</containerEntry>
        </property>
        <property name="isVisibleGeom" type="Bool" container="StaticArray" arraySize="1">
          <containerEntry>false</containerEntry>
        </property>
        <property name="lodFarSize" type="Float" container="StaticArray" arraySize="1">
          <containerEntry>-1</containerEntry>
        </property>
        <property name="lodNearSize" type="Float" container="StaticArray" arraySize="1">
          <containerEntry>-1</containerEntry>
        </property>
        <property name="lodPolygonSize" type="Float" container="StaticArray" arraySize="1">
          <containerEntry>-1</containerEntry>
        </property>
        <property name="drawRejectionLevel" type="Int32" container="StaticArray" arraySize="1">
          <containerEntry>8</containerEntry>
        </property>
        <property name="drawMode" type="Int32" container="StaticArray" arraySize="1">
          <containerEntry>0</containerEntry>
        </property>
        <property name="rejectFarRangeShadowCast" type="Int32" container="StaticArray" arraySize="1">
          <containerEntry>2</containerEntry>
        </property>
        <property name="parentLocator" type="EntityLink" container="StaticArray" arraySize="1">
          <containerEntry packagePathHash="0xB8A0BF169F98" archivePathHash="0xB8A0BF169F98" nameInArchiveHash="0xB8A0BF169F98">0x0</containerEntry>
        </property>
        <property name="transforms" type="Matrix4" container="DynamicArray" arraySize="7">
          <containerEntry r11="0.18738677" r12="-0.22056507" r13="-0.9572025" r14="0" r21="-0.074475154" r22="0.96846926" r23="-0.23774076" r24="0" r31="0.9794585" r32="0.115837224" r33="0.1650517" r34="0" r41="2525.0444" r42="205.24672" r43="-2539.714" r44="1"></containerEntry>
          <containerEntry r11="-0.9463838" r12="0.15835823" r13="0.28156182" r14="0" r21="0.24951403" r22="0.9119307" r23="0.32576868" r24="0" r31="-0.20517677" r32="0.37855533" r33="-0.9025491" r34="0" r41="2435.5872" r42="195.96573" r43="-2447.5251" r44="1"></containerEntry>
          <containerEntry r11="0.5343308" r12="-0.31865954" r13="-0.7829094" r14="0" r21="0.12396408" r22="0.94574493" r23="-0.30033222" r24="0" r31="0.83613634" r32="0.06342425" r33="0.54484296" r34="0" r41="2533.7463" r42="196.67583" r43="-2482.183" r44="1"></containerEntry>
          <containerEntry r11="0.10441916" r12="-0.15296817" r13="0.9826985" r14="0" r21="0.1452803" r22="0.9798473" r23="0.1370872" r24="0" r31="-0.9838645" r32="0.12845236" r33="0.12453812" r34="0" r41="2494.1719" r42="206.62918" r43="-2468.0974" r44="1"></containerEntry>
          <containerEntry r11="-0.5501882" r12="-0.1403898" r13="-0.8231543" r14="0" r21="-0.052759234" r22="0.9896407" r23="-0.13352042" r24="0" r31="0.83337194" r32="-0.0300324" r33="-0.5518955" r34="0" r41="2437.838" r42="195.81592" r43="-2443.1316" r44="1"></containerEntry>
          <containerEntry r11="-0.6804459" r12="0.6192764" r13="0.39176637" r14="0" r21="0.7259657" r22="0.642499" r23="0.2452921" r24="0" r31="-0.09980562" r32="0.4513176" r33="-0.8867591" r34="0" r41="2432.2917" r42="197.94658" r43="-2466.6492" r44="1"></containerEntry>
          <containerEntry r11="-0.049034" r12="-0.14049178" r13="-0.9888671" r14="0" r21="-0.13649005" r22="0.9817124" r23="-0.13270734" r24="0" r31="0.9894274" r32="0.12846334" r33="-0.067313015" r34="0" r41="2498.5142" r42="207.0901" r43="-2465.7075" r44="1"></containerEntry>
        </property>
        <property name="colors" type="UInt32" container="DynamicArray" arraySize="7">
          <containerEntry>4294967295</containerEntry>
          <containerEntry>4294967295</containerEntry>
          <containerEntry>4294967295</containerEntry>
          <containerEntry>4294967295</containerEntry>
          <containerEntry>4294967295</containerEntry>
          <containerEntry>4294967295</containerEntry>
          <containerEntry>4294967295</containerEntry>
        </property>
      </staticProperties>
      <dynamicProperties></dynamicProperties>
    </entity>
    <entity class="StaticModelArray" classVersion="4" classID="0xD0" addr="0x2F544C0" id="0x0">
      <staticProperties>
        <property name="name" type="String" container="StaticArray" arraySize="1">
          <containerEntry>StaticModelArray0004</containerEntry>
        </property>
        <property name="dataSet" type="EntityHandle" container="StaticArray" arraySize="1">
          <containerEntry>0x2F33B20</containerEntry>
        </property>
        <property name="modelFile" type="FilePtr" container="StaticArray" arraySize="1">
          <containerEntry>/Assets/tpp/environ/object/middle_africa/cliff/mafr_clff026/scenes/mafr_clff026_grnd001.fmdl</containerEntry>
        </property>
        <property name="geomFile" type="FilePtr" container="StaticArray" arraySize="1">
          <containerEntry>/Assets/tpp/environ/object/middle_africa/cliff/mafr_clff026/scenes/mafr_clff026_grnd001.geom</containerEntry>
        </property>
        <property name="isVisibleGeom" type="Bool" container="StaticArray" arraySize="1">
          <containerEntry>false</containerEntry>
        </property>
        <property name="lodFarSize" type="Float" container="StaticArray" arraySize="1">
          <containerEntry>-1</containerEntry>
        </property>
        <property name="lodNearSize" type="Float" container="StaticArray" arraySize="1">
          <containerEntry>-1</containerEntry>
        </property>
        <property name="lodPolygonSize" type="Float" container="StaticArray" arraySize="1">
          <containerEntry>-1</containerEntry>
        </property>
        <property name="drawRejectionLevel" type="Int32" container="StaticArray" arraySize="1">
          <containerEntry>8</containerEntry>
        </property>
        <property name="drawMode" type="Int32" container="StaticArray" arraySize="1">
          <containerEntry>0</containerEntry>
        </property>
        <property name="rejectFarRangeShadowCast" type="Int32" container="StaticArray" arraySize="1">
          <containerEntry>2</containerEntry>
        </property>
        <property name="parentLocator" type="EntityLink" container="StaticArray" arraySize="1">
          <containerEntry packagePathHash="0xB8A0BF169F98" archivePathHash="0xB8A0BF169F98" nameInArchiveHash="0xB8A0BF169F98">0x0</containerEntry>
        </property>
        <property name="transforms" type="Matrix4" container="DynamicArray" arraySize="13">
          <containerEntry r11="0.9446732" r12="-0.075700216" r13="0.31915843" r14="0" r21="-0.072388" r22="0.90090233" r23="0.42794275" r24="0" r31="-0.31992596" r32="-0.4273693" r33="0.8455785" r34="0" r41="2497.3071" r42="205.10266" r43="-2547.669" r44="1"></containerEntry>
          <containerEntry r11="0.85893893" r12="-0.12866199" r13="0.495651" r14="0" r21="-0.07147794" r22="0.9283213" r23="0.3648431" r24="0" r31="-0.5070648" r32="-0.34880605" r33="0.78817487" r34="0" r41="2514.7537" r42="205.15443" r43="-2542.081" r44="1"></containerEntry>
          <containerEntry r11="-0.999908" r12="0" r13="0.013589687" r14="0" r21="0" r22="1" r23="0" r24="0" r31="-0.013589687" r32="0" r33="-0.999908" r34="0" r41="2440.9478" r42="210.7528" r43="-2538.4807" r44="1"></containerEntry>
          <containerEntry r11="0.094872504" r12="-0.052102633" r13="0.9941242" r14="0" r21="2.3283064e-07" r22="0.9986294" r23="0.052338745" r24="0" r31="-0.99548864" r32="-0.004965289" r33="0.0947425" r34="0" r41="2465.4912" r42="194.98642" r43="-2448.0674" r44="1"></containerEntry>
          <containerEntry r11="-0.9862616" r12="0" r13="-0.16517352" r14="0" r21="0" r22="1" r23="0" r24="0" r31="0.16517352" r32="0" r33="-0.9862616" r34="0" r41="2459.292" r42="210.24948" r43="-2537.2505" r44="1"></containerEntry>
          <containerEntry r11="-0.53014606" r12="0.07916751" r13="-0.84420377" r14="0" r21="0.08386261" r22="0.9956456" r23="0.040705062" r24="0" r31="0.84375024" r32="-0.049217504" r33="-0.5344768" r34="0" r41="2433.673" r42="196.5551" r43="-2465.4363" r44="1"></containerEntry>
          <containerEntry r11="-0.21920314" r12="0" r13="-0.97567636" r14="0" r21="0" r22="1" r23="0" r24="0" r31="0.97567636" r32="0" r33="-0.21920314" r34="0" r41="2441.1472" r42="194.57834" r43="-2444.777" r44="1"></containerEntry>
          <containerEntry r11="0.49209702" r12="0" r13="0.8705403" r14="0" r21="0" r22="1" r23="0" r24="0" r31="-0.8705403" r32="0" r33="0.49209702" r34="0" r41="2447.1763" r42="204.50797" r43="-2503.9795" r44="1"></containerEntry>
          <containerEntry r11="-0.99995995" r12="0" r13="-0.009565934" r14="0" r21="0" r22="1" r23="0" r24="0" r31="0.009565934" r32="0" r33="-0.99995995" r34="0" r41="2476.6619" r42="203.52058" r43="-2531.0645" r44="1"></containerEntry>
          <containerEntry r11="-0.963405" r12="0" r13="-0.26804754" r14="0" r21="0" r22="1" r23="0" r24="0" r31="0.26804754" r32="0" r33="-0.963405" r34="0" r41="2496.0212" r42="202.78859" r43="-2528.6008" r44="1"></containerEntry>
          <containerEntry r11="-0.8033551" r12="0" r13="-0.59549814" r14="0" r21="0" r22="1" r23="0" r24="0" r31="0.59549814" r32="0" r33="-0.8033551" r34="0" r41="2513.7786" r42="202.42307" r43="-2518.7346" r44="1"></containerEntry>
          <containerEntry r11="0.92898524" r12="0" r13="0.3701168" r14="0" r21="0" r22="1" r23="0" r24="0" r31="-0.3701168" r32="0" r33="0.92898524" r34="0" r41="2553.0522" r42="197.04544" r43="-2532.8894" r44="1"></containerEntry>
          <containerEntry r11="-0.9780128" r12="0" r13="-0.20855209" r14="0" r21="0" r22="1" r23="0" r24="0" r31="0.20855209" r32="0" r33="-0.9780128" r34="0" r41="2541.6858" r42="197.04536" r43="-2514.4658" r44="1"></containerEntry>
        </property>
        <property name="colors" type="UInt32" container="DynamicArray" arraySize="13">
          <containerEntry>4294967295</containerEntry>
          <containerEntry>4294967295</containerEntry>
          <containerEntry>4294967295</containerEntry>
          <containerEntry>4294967295</containerEntry>
          <containerEntry>4294967295</containerEntry>
          <containerEntry>4294967295</containerEntry>
          <containerEntry>4294967295</containerEntry>
          <containerEntry>4294967295</containerEntry>
          <containerEntry>4294967295</containerEntry>
          <containerEntry>4294967295</containerEntry>
          <containerEntry>4294967295</containerEntry>
          <containerEntry>4294967295</containerEntry>
          <containerEntry>4294967295</containerEntry>
        </property>
      </staticProperties>
      <dynamicProperties></dynamicProperties>
    </entity>
    <entity class="StaticModelArrayLinkTarget" classVersion="0" classID="0x48" addr="0x2F545A0" id="0x0">
      <staticProperties>
        <property name="name" type="String" container="StaticArray" arraySize="1">
          <containerEntry>mafr_clff026_grnd001_0057</containerEntry>
        </property>
        <property name="dataSet" type="EntityHandle" container="StaticArray" arraySize="1">
          <containerEntry>0x2F33B20</containerEntry>
        </property>
        <property name="staticModelArray" type="EntityHandle" container="StaticArray" arraySize="1">
          <containerEntry>0x2F544C0</containerEntry>
        </property>
        <property name="arrayIndex" type="UInt32" container="StaticArray" arraySize="1">
          <containerEntry>3</containerEntry>
        </property>
      </staticProperties>
      <dynamicProperties></dynamicProperties>
    </entity>
    <entity class="StaticModelArrayLinkTarget" classVersion="0" classID="0x48" addr="0x2F54610" id="0x0">
      <staticProperties>
        <property name="name" type="String" container="StaticArray" arraySize="1">
          <containerEntry>mafr_clff026_grnd001_0051</containerEntry>
        </property>
        <property name="dataSet" type="EntityHandle" container="StaticArray" arraySize="1">
          <containerEntry>0x2F33B20</containerEntry>
        </property>
        <property name="staticModelArray" type="EntityHandle" container="StaticArray" arraySize="1">
          <containerEntry>0x2F544C0</containerEntry>
        </property>
        <property name="arrayIndex" type="UInt32" container="StaticArray" arraySize="1">
          <containerEntry>5</containerEntry>
        </property>
      </staticProperties>
      <dynamicProperties></dynamicProperties>
    </entity>
    <entity class="StaticModelArrayLinkTarget" classVersion="0" classID="0x48" addr="0x2F54680" id="0x0">
      <staticProperties>
        <property name="name" type="String" container="StaticArray" arraySize="1">
          <containerEntry>mafr_clff026_grnd001_0052</containerEntry>
        </property>
        <property name="dataSet" type="EntityHandle" container="StaticArray" arraySize="1">
          <containerEntry>0x2F33B20</containerEntry>
        </property>
        <property name="staticModelArray" type="EntityHandle" container="StaticArray" arraySize="1">
          <containerEntry>0x2F544C0</containerEntry>
        </property>
        <property name="arrayIndex" type="UInt32" container="StaticArray" arraySize="1">
          <containerEntry>6</containerEntry>
        </property>
      </staticProperties>
      <dynamicProperties></dynamicProperties>
    </entity>
    <entity class="StaticModelArrayLinkTarget" classVersion="0" classID="0x48" addr="0x2F546F0" id="0x0">
      <staticProperties>
        <property name="name" type="String" container="StaticArray" arraySize="1">
          <containerEntry>mafr_clff026_grnd001_0053</containerEntry>
        </property>
        <property name="dataSet" type="EntityHandle" container="StaticArray" arraySize="1">
          <containerEntry>0x2F33B20</containerEntry>
        </property>
        <property name="staticModelArray" type="EntityHandle" container="StaticArray" arraySize="1">
          <containerEntry>0x2F544C0</containerEntry>
        </property>
        <property name="arrayIndex" type="UInt32" container="StaticArray" arraySize="1">
          <containerEntry>7</containerEntry>
        </property>
      </staticProperties>
      <dynamicProperties></dynamicProperties>
    </entity>
    <entity class="StaticModelArray" classVersion="4" classID="0xD0" addr="0x2F54760" id="0x0">
      <staticProperties>
        <property name="name" type="String" container="StaticArray" arraySize="1">
