<fox formatVersion="2" fileVersion="0">
  <entities>
    <entity class="DataSet" classVersion="0" classID="0xE8" addr="0x2EF45A0" id="0x538A8">
      <staticProperties>
        <property name="name" type="String" container="StaticArray" arraySize="1">
          <containerEntry hash="0xB8A0BF169F98"></containerEntry>
        </property>
        <property name="dataSet" type="EntityHandle" container="StaticArray" arraySize="1">
          <containerEntry>0x0</containerEntry>
        </property>
        <property name="dataList" type="EntityPtr" container="StringMap" arraySize="7">
          <containerEntry key="mafr_clff003_vrtn001_0004">
            <data>0x2D75F70</data>
          </containerEntry>
          <containerEntry key="mafr_tree010_dead001_0000">
            <data>0x2D76050</data>
          </containerEntry>
          <containerEntry key="mafr_clod005_0023">
            <data>0x2D76130</data>
          </containerEntry>
          <containerEntry key="StaticModelArray0000">
            <data>0x2D7C480</data>
          </containerEntry>
          <containerEntry key="StaticModelArray0001">
            <data>0x2D7C4F0</data>
          </containerEntry>
          <containerEntry key="StaticModelArray0002">
            <data>0x2D7C560</data>
          </containerEntry>
          <containerEntry key="TexturePackLoadConditioner0000">
            <data>0x2D7C9C0</data>
          </containerEntry>
        </property>
      </staticProperties>
      <dynamicProperties></dynamicProperties>
    </entity>
    <entity class="StaticModel" classVersion="9" classID="0x160" addr="0x2D75F70" id="0x53934">
      <staticProperties>
        <property name="name" type="String" container="StaticArray" arraySize="1">
          <containerEntry>mafr_clff003_vrtn001_0004</containerEntry>
        </property>
        <property name="dataSet" type="EntityHandle" container="StaticArray" arraySize="1">
          <containerEntry>0x2EF45A0</containerEntry>
        </property>
        <property name="parent" type="EntityHandle" container="StaticArray" arraySize="1">
          <containerEntry>0x0</containerEntry>
        </property>
        <property name="transform" type="EntityPtr" container="StaticArray" arraySize="1">
          <containerEntry>0x2D75FE0</containerEntry>
        </property>
        <property name="shearTransform" type="EntityPtr" container="StaticArray" arraySize="1">
          <containerEntry>0x0</containerEntry>
        </property>
        <property name="pivotTransform" type="EntityPtr" container="StaticArray" arraySize="1">
          <containerEntry>0x0</containerEntry>
        </property>
        <property name="children" type="EntityHandle" container="List"></property>
        <property name="flags" type="UInt32" container="StaticArray" arraySize="1">
          <containerEntry>2147483655</containerEntry>
        </property>
        <property name="modelFile" type="FilePtr" container="StaticArray" arraySize="1">
          <containerEntry>/Assets/tpp/environ/object/middle_africa/cliff/mafr_clff003/scenes/mafr_clff003_vrtn001.fmdl</containerEntry>
        </property>
        <property name="geomFile" type="FilePtr" container="StaticArray" arraySize="1">
          <containerEntry>/Assets/tpp/environ/object/middle_africa/cliff/mafr_clff003/scenes/mafr_clff003_vrtn001.geom</containerEntry>
        </property>
        <property name="isVisibleGeom" type="Bool" container="StaticArray" arraySize="1">
          <containerEntry>false</containerEntry>
        </property>
        <property name="isIsolated" type="Bool" container="StaticArray" arraySize="1">
          <containerEntry>false</containerEntry>
        </property>
        <property name="lodFarSize" type="Float" container="StaticArray" arraySize="1">
          <containerEntry>-1</containerEntry>
        </property>
        <property name="lodNearSize" type="Float" container="StaticArray" arraySize="1">
          <containerEntry>-1</containerEntry>
        </property>
        <property name="lodPolygonSize" type="Float" container="StaticArray" arraySize="1">
          <containerEntry>-1</containerEntry>
        </property>
        <property name="color" type="Color" container="StaticArray" arraySize="1">
          <containerEntry r="1" g="1" b="1" a="1"></containerEntry>
        </property>
        <property name="drawRejectionLevel" type="Int32" container="StaticArray" arraySize="1">
          <containerEntry>8</containerEntry>
        </property>
        <property name="drawMode" type="Int32" container="StaticArray" arraySize="1">
          <containerEntry>0</containerEntry>
        </property>
        <property name="rejectFarRangeShadowCast" type="Int32" container="StaticArray" arraySize="1">
          <containerEntry>2</containerEntry>
        </property>
      </staticProperties>
      <dynamicProperties></dynamicProperties>
    </entity>
    <entity class="TransformEntity" classVersion="0" classID="0x50" addr="0x2D75FE0" id="0x53937">
      <staticProperties>
        <property name="owner" type="EntityHandle" container="StaticArray" arraySize="1">
          <containerEntry>0x2D75F70</containerEntry>
        </property>
        <property name="transform_scale" type="Vector3" container="StaticArray" arraySize="1">
          <containerEntry x="1" y="1" z="1" w="0"></containerEntry>
        </property>
        <property name="transform_rotation_quat" type="Quat" container="StaticArray" arraySize="1">
          <containerEntry x="-0.351719" y="0.056135" z="0.01774" w="0.93425"></containerEntry>
        </property>
        <property name="transform_translation" type="Vector3" container="StaticArray" arraySize="1">
          <containerEntry x="1396.2025" y="15.461617" z="-151.56299" w="0"></containerEntry>
        </property>
      </staticProperties>
      <dynamicProperties></dynamicProperties>
    </entity>
    <entity class="StaticModel" classVersion="9" classID="0x160" addr="0x2D76050" id="0x53939">
      <staticProperties>
        <property name="name" type="String" container="StaticArray" arraySize="1">
          <containerEntry>mafr_tree010_dead001_0000</containerEntry>
        </property>
        <property name="dataSet" type="EntityHandle" container="StaticArray" arraySize="1">
          <containerEntry>0x2EF45A0</containerEntry>
        </property>
        <property name="parent" type="EntityHandle" container="StaticArray" arraySize="1">
          <containerEntry>0x0</containerEntry>
        </property>
        <property name="transform" type="EntityPtr" container="StaticArray" arraySize="1">
          <containerEntry>0x2D760C0</containerEntry>
        </property>
        <property name="shearTransform" type="EntityPtr" container="StaticArray" arraySize="1">
          <containerEntry>0x0</containerEntry>
        </property>
        <property name="pivotTransform" type="EntityPtr" container="StaticArray" arraySize="1">
          <containerEntry>0x0</containerEntry>
        </property>
        <property name="children" type="EntityHandle" container="List"></property>
        <property name="flags" type="UInt32" container="StaticArray" arraySize="1">
          <containerEntry>2147483655</containerEntry>
        </property>
        <property name="modelFile" type="FilePtr" container="StaticArray" arraySize="1">
          <containerEntry>/Assets/tpp/environ/object/middle_africa/tree/mafr_tree010/scenes/mafr_tree010_dead001.fmdl</containerEntry>
        </property>
        <property name="geomFile" type="FilePtr" container="StaticArray" arraySize="1">
          <containerEntry>/Assets/tpp/environ/object/middle_africa/tree/mafr_tree010/scenes/mafr_tree010_dead001.geom</containerEntry>
        </property>
        <property name="isVisibleGeom" type="Bool" container="StaticArray" arraySize="1">
          <containerEntry>false</containerEntry>
        </property>
        <property name="isIsolated" type="Bool" container="StaticArray" arraySize="1">
          <containerEntry>false</containerEntry>
        </property>
        <property name="lodFarSize" type="Float" container="StaticArray" arraySize="1">
          <containerEntry>-1</containerEntry>
        </property>
        <property name="lodNearSize" type="Float" container="StaticArray" arraySize="1">
          <containerEntry>-1</containerEntry>
        </property>
        <property name="lodPolygonSize" type="Float" container="StaticArray" arraySize="1">
          <containerEntry>-1</containerEntry>
        </property>
        <property name="color" type="Color" container="StaticArray" arraySize="1">
          <containerEntry r="1" g="1" b="1" a="1"></containerEntry>
        </property>
        <property name="drawRejectionLevel" type="Int32" container="StaticArray" arraySize="1">
          <containerEntry>8</containerEntry>
        </property>
        <property name="drawMode" type="Int32" container="StaticArray" arraySize="1">
          <containerEntry>0</containerEntry>
        </property>
        <property name="rejectFarRangeShadowCast" type="Int32" container="StaticArray" arraySize="1">
          <containerEntry>2</containerEntry>
        </property>
      </staticProperties>
      <dynamicProperties></dynamicProperties>
    </entity>
    <entity class="TransformEntity" classVersion="0" classID="0x50" addr="0x2D760C0" id="0x5393C">
      <staticProperties>
        <property name="owner" type="EntityHandle" container="StaticArray" arraySize="1">
          <containerEntry>0x2D76050</containerEntry>
        </property>
        <property name="transform_scale" type="Vector3" container="StaticArray" arraySize="1">
          <containerEntry x="1" y="1" z="1" w="0"></containerEntry>
        </property>
        <property name="transform_rotation_quat" type="Quat" container="StaticArray" arraySize="1">
          <containerEntry x="0" y="-0.715579" z="0" w="0.698532"></containerEntry>
        </property>
        <property name="transform_translation" type="Vector3" container="StaticArray" arraySize="1">
          <containerEntry x="1348.662" y="17.821701" z="-171.13104" w="0"></containerEntry>
        </property>
      </staticProperties>
      <dynamicProperties></dynamicProperties>
    </entity>
    <entity class="StaticModel" classVersion="9" classID="0x160" addr="0x2D76130" id="0x5393E">
      <staticProperties>
        <property name="name" type="String" container="StaticArray" arraySize="1">
          <containerEntry>mafr_clod005_0023</containerEntry>
        </property>
        <property name="dataSet" type="EntityHandle" container="StaticArray" arraySize="1">
          <containerEntry>0x2EF45A0</containerEntry>
        </property>
        <property name="parent" type="EntityHandle" container="StaticArray" arraySize="1">
          <containerEntry>0x0</containerEntry>
        </property>
        <property name="transform" type="EntityPtr" container="StaticArray" arraySize="1">
          <containerEntry>0x2D761A0</containerEntry>
        </property>
        <property name="shearTransform" type="EntityPtr" container="StaticArray" arraySize="1">
          <containerEntry>0x0</containerEntry>
        </property>
        <property name="pivotTransform" type="EntityPtr" container="StaticArray" arraySize="1">
          <containerEntry>0x0</containerEntry>
        </property>
        <property name="children" type="EntityHandle" container="List"></property>
        <property name="flags" type="UInt32" container="StaticArray" arraySize="1">
          <containerEntry>7</containerEntry>
        </property>
        <property name="modelFile" type="FilePtr" container="StaticArray" arraySize="1">
          <containerEntry>/Assets/tpp/environ/object/middle_africa/clod/mafr_clod005/scenes/mafr_clod005.fmdl</containerEntry>
        </property>
        <property name="geomFile" type="FilePtr" container="StaticArray" arraySize="1">
          <containerEntry>/Assets/tpp/environ/object/middle_africa/clod/mafr_clod005/scenes/mafr_clod005.geom</containerEntry>
        </property>
        <property name="isVisibleGeom" type="Bool" container="StaticArray" arraySize="1">
          <containerEntry>false</containerEntry>
        </property>
        <property name="isIsolated" type="Bool" container="StaticArray" arraySize="1">
          <containerEntry>false</containerEntry>
        </property>
        <property name="lodFarSize" type="Float" container="StaticArray" arraySize="1">
          <containerEntry>-1</containerEntry>
        </property>
        <property name="lodNearSize" type="Float" container="StaticArray" arraySize="1">
          <containerEntry>-1</containerEntry>
        </property>
        <property name="lodPolygonSize" type="Float" container="StaticArray" arraySize="1">
          <containerEntry>-1</containerEntry>
        </property>
        <property name="color" type="Color" container="StaticArray" arraySize="1">
          <containerEntry r="1" g="1" b="1" a="1"></containerEntry>
        </property>
        <property name="drawRejectionLevel" type="Int32" container="StaticArray" arraySize="1">
          <containerEntry>8</containerEntry>
        </property>
        <property name="drawMode" type="Int32" container="StaticArray" arraySize="1">
          <containerEntry>0</containerEntry>
        </property>
        <property name="rejectFarRangeShadowCast" type="Int32" container="StaticArray" arraySize="1">
          <containerEntry>2</containerEntry>
        </property>
      </staticProperties>
      <dynamicProperties></dynamicProperties>
    </entity>
    <entity class="TransformEntity" classVersion="0" classID="0x50" addr="0x2D761A0" id="0x53941">
      <staticProperties>
        <property name="owner" type="EntityHandle" container="StaticArray" arraySize="1">
          <containerEntry>0x2D76130</containerEntry>
        </property>
        <property name="transform_scale" type="Vector3" container="StaticArray" arraySize="1">
          <containerEntry x="1" y="1" z="1" w="0"></containerEntry>
        </property>
        <property name="transform_rotation_quat" type="Quat" container="StaticArray" arraySize="1">
          <containerEntry x="0.014017" y="-0.986072" z="-0.005831" w="0.165624"></containerEntry>
        </property>
        <property name="transform_translation" type="Vector3" container="StaticArray" arraySize="1">
          <containerEntry x="1302.0956" y="17.971043" z="-152.72089" w="0"></containerEntry>
        </property>
      </staticProperties>
      <dynamicProperties></dynamicProperties>
    </entity>
    <entity class="StaticModelArray" classVersion="4" classID="0xD0" addr="0x2D7C480" id="0x0">
      <staticProperties>
        <property name="name" type="String" container="StaticArray" arraySize="1">
          <containerEntry>StaticModelArray0000</containerEntry>
        </property>
        <property name="dataSet" type="EntityHandle" container="StaticArray" arraySize="1">
          <containerEntry>0x2EF45A0</containerEntry>
        </property>
        <property name="modelFile" type="FilePtr" container="StaticArray" arraySize="1">
          <containerEntry>/Assets/tpp/environ/object/middle_africa/rock/mafr_rock010/scenes/mafr_rock010.fmdl</containerEntry>
        </property>
        <property name="geomFile" type="FilePtr" container="StaticArray" arraySize="1">
          <containerEntry>/Assets/tpp/environ/object/middle_africa/rock/mafr_rock010/scenes/mafr_rock010.geom</containerEntry>
        </property>
        <property name="isVisibleGeom" type="Bool" container="StaticArray" arraySize="1">
          <containerEntry>false</containerEntry>
        </property>
        <property name="lodFarSize" type="Float" container="StaticArray" arraySize="1">
          <containerEntry>-1</containerEntry>
        </property>
        <property name="lodNearSize" type="Float" container="StaticArray" arraySize="1">
          <containerEntry>-1</containerEntry>
        </property>
        <property name="lodPolygonSize" type="Float" container="StaticArray" arraySize="1">
          <containerEntry>-1</containerEntry>
        </property>
        <property name="drawRejectionLevel" type="Int32" container="StaticArray" arraySize="1">
          <containerEntry>8</containerEntry>
        </property>
        <property name="drawMode" type="Int32" container="StaticArray" arraySize="1">
          <containerEntry>0</containerEntry>
        </property>
        <property name="rejectFarRangeShadowCast" type="Int32" container="StaticArray" arraySize="1">
          <containerEntry>2</containerEntry>
        </property>
        <property name="parentLocator" type="EntityLink" container="StaticArray" arraySize="1">
          <containerEntry packagePathHash="0xB8A0BF169F98" archivePathHash="0xB8A0BF169F98" nameInArchiveHash="0xB8A0BF169F98">0x0</containerEntry>
        </property>
        <property name="transforms" type="Matrix4" container="DynamicArray" arraySize="8">
          <containerEntry r11="0.95255893" r12="-0.022684917" r13="-0.30350733" r14="0" r21="0.02476577" r22="0.99968874" r23="0.0030081614" r24="0" r31="0.3033446" r32="-0.010382054" r33="0.9528243" r34="0" r41="1306.853" r42="17.323618" r43="-205.84439" r44="1"></containerEntry>
          <containerEntry r11="-0.06080252" r12="0.004509208" r13="-0.99813807" r14="0" r21="0.0247664" r22="0.99968874" r23="0.0030075023" r24="0" r31="0.997841" r32="-0.024537455" r33="-0.060895264" r34="0" r41="1306.853" r42="17.101212" r43="-209.9365" r44="1"></containerEntry>
          <containerEntry r11="-0.8979066" r12="0.020921078" r13="0.43968132" r14="0" r21="0.02476576" r22="0.99968874" r23="0.00300866" r24="0" r31="-0.43948153" r32="0.013590567" r33="-0.89814526" r34="0" r41="1309.2494" r42="17.101212" r43="-209.9365" r44="1"></containerEntry>
          <containerEntry r11="-0.8406392" r12="-0.19672588" r13="0.50459987" r14="0" r21="-0.1995883" r22="0.97865206" r23="0.049036983" r24="0" r31="-0.50347453" r32="-0.059489835" r33="-0.86195743" r34="0" r41="1327.8958" r42="17.94322" r43="-212.78221" r44="1"></containerEntry>
          <containerEntry r11="-0.8979066" r12="0.020921078" r13="0.43968132" r14="0" r21="0.02476576" r22="0.99968874" r23="0.00300866" r24="0" r31="-0.43948153" r32="0.013590567" r33="-0.89814526" r34="0" r41="1348.731" r42="16.74173" r43="-220.10942" r44="1"></containerEntry>
          <containerEntry r11="0.4553583" r12="0.020680942" r13="0.89006734" r14="0" r21="0.003007507" r22="0.99968874" r23="-0.024766635" r24="0" r31="-0.89030254" r32="0.013954566" r33="0.45515436" r34="0" r41="1349.5853" r42="17.445335" r43="-224.11343" r44="1"></containerEntry>
          <containerEntry r11="0.25426525" r12="-0.022685546" r13="0.966867" r14="0" r21="-0.004273708" r22="0.99968874" r23="0.024579484" r24="0" r31="-0.9671237" r32="-0.010381791" r33="0.25408918" r34="0" r41="1318.2828" r42="16.217617" r43="-196.60313" r44="1"></containerEntry>
          <containerEntry r11="-0.98735625" r12="0.023987992" r13="0.15666461" r14="0" r21="0.024765017" r22="0.9996888" r23="0.0030094401" r24="0" r31="-0.15654367" r32="0.006851212" r33="-0.987643" r34="0" r41="1354.0308" r42="16.653608" r43="-221.91698" r44="1"></containerEntry>
        </property>
        <property name="colors" type="UInt32" container="DynamicArray" arraySize="8">
          <containerEntry>4294967295</containerEntry>
          <containerEntry>4294967295</containerEntry>
          <containerEntry>4294967295</containerEntry>
          <containerEntry>4294967295</containerEntry>
          <containerEntry>4294967295</containerEntry>
          <containerEntry>4294967295</containerEntry>
          <containerEntry>4294967295</containerEntry>
          <containerEntry>4294967295</containerEntry>
        </property>
      </staticProperties>
      <dynamicProperties></dynamicProperties>
    </entity>
    <entity class="StaticModelArray" classVersion="4" classID="0xD0" addr="0x2D7C4F0" id="0x0">
      <staticProperties>
        <property name="name" type="String" container="StaticArray" arraySize="1">
          <containerEntry>StaticModelArray0001</containerEntry>
        </property>
        <property name="dataSet" type="EntityHandle" container="StaticArray" arraySize="1">
          <containerEntry>0x2EF45A0</containerEntry>
        </property>
        <property name="modelFile" type="FilePtr" container="StaticArray" arraySize="1">
          <containerEntry>/Assets/tpp/environ/object/middle_africa/rock/mafr_rock011/scenes/mafr_rock011.fmdl</containerEntry>
        </property>
        <property name="geomFile" type="FilePtr" container="StaticArray" arraySize="1">
          <containerEntry>/Assets/tpp/environ/object/middle_africa/rock/mafr_rock011/scenes/mafr_rock011.geom</containerEntry>
        </property>
        <property name="isVisibleGeom" type="Bool" container="StaticArray" arraySize="1">
          <containerEntry>false</containerEntry>
        </property>
        <property name="lodFarSize" type="Float" container="StaticArray" arraySize="1">
          <containerEntry>-1</containerEntry>
        </property>
        <property name="lodNearSize" type="Float" container="StaticArray" arraySize="1">
          <containerEntry>-1</containerEntry>
        </property>
        <property name="lodPolygonSize" type="Float" container="StaticArray" arraySize="1">
          <containerEntry>-1</containerEntry>
        </property>
        <property name="drawRejectionLevel" type="Int32" container="StaticArray" arraySize="1">
          <containerEntry>8</containerEntry>
        </property>
        <property name="drawMode" type="Int32" container="StaticArray" arraySize="1">
          <containerEntry>0</containerEntry>
        </property>
        <property name="rejectFarRangeShadowCast" type="Int32" container="StaticArray" arraySize="1">
          <containerEntry>2</containerEntry>
        </property>
        <property name="parentLocator" type="EntityLink" container="StaticArray" arraySize="1">
          <containerEntry packagePathHash="0xB8A0BF169F98" archivePathHash="0xB8A0BF169F98" nameInArchiveHash="0xB8A0BF169F98">0x0</containerEntry>
        </property>
        <property name="transforms" type="Matrix4" container="DynamicArray" arraySize="12">
          <containerEntry r11="-0.7491085" r12="-0.012556389" r13="0.6623259" r14="0" r21="-0.42166835" r22="0.780149" r23="-0.46212876" r24="0" r31="-0.5109101" r32="-0.6254674" r33="-0.58971053" r34="0" r41="1313.583" r42="15.052188" r43="-205.58643" r44="1"></containerEntry>
          <containerEntry r11="0.9870755" r12="0.035826568" r13="-0.15619954" r14="0" r21="0.03800315" r22="0.89455783" r23="0.44533345" r24="0" r31="0.15568429" r32="-0.4455138" r33="0.88163465" r34="0" r41="1308.1765" r42="14.321816" r43="-216.10385" r44="1"></containerEntry>
          <containerEntry r11="0.9872082" r12="-0.04264561" r13="0.15362716" r14="0" r21="-0.034852475" r22="0.88253844" r23="0.4689467" r24="0" r31="-0.15558037" r32="-0.4683023" r33="0.86976284" r34="0" r41="1353.5092" r42="14.551368" r43="-228.13467" r44="1"></containerEntry>
          <containerEntry r11="-0.9542458" r12="0.12747556" r13="0.27048814" r14="0" r21="-0.015305731" r22="0.8825692" r23="-0.46993333" r24="0" r31="-0.29862952" r32="-0.45257217" r33="-0.8402368" r34="0" r41="1355.7106" r42="14.402375" r43="-215.97015" r44="1"></containerEntry>
          <containerEntry r11="-0.46064144" r12="-0.021827027" r13="-0.88731515" r14="0" r21="0.46370786" r22="0.84650165" r23="-0.2615528" r24="0" r31="0.7568226" r32="-0.5319373" r33="-0.3798123" r34="0" r41="1331.9746" r42="15.091861" r43="-172.37854" r44="1"></containerEntry>
          <containerEntry r11="-0.044574976" r12="0.035825655" r13="0.9983634" r14="0" r21="-0.4439264" r22="0.8945578" r23="-0.05192113" r24="0" r31="-0.89495385" r32="-0.44551426" r33="-0.023970902" r34="0" r41="1344.5636" r42="15.203361" r43="-176.04613" r44="1"></containerEntry>
          <containerEntry r11="0.83013964" r12="0.08540104" r13="-0.5509728" r14="0" r21="0.30918193" r22="0.7518304" r23="0.58237267" r24="0" r31="0.46397337" r32="-0.65380144" r33="0.5977198" r34="0" r41="1324.3649" r42="14.731279" r43="-188.92606" r44="1"></containerEntry>
          <containerEntry r11="0.99760056" r12="-0.0028843542" r13="0.06914245" r14="0" r21="-0.035801373" r22="0.8335248" r23="0.55132097" r24="0" r31="-0.059222165" r32="-0.55247355" r33="0.8314216" r34="0" r41="1339.0099" r42="14.537046" r43="-189.47356" r44="1"></containerEntry>
          <containerEntry r11="0.98666656" r12="-0.021827303" r13="-0.1612719" r14="0" r21="0.111545525" r22="0.81228083" r23="0.5725011" r24="0" r31="0.11850181" r32="-0.5828563" r33="0.8038843" r34="0" r41="1398.6237" r42="16.193426" r43="-200.2658" r44="1"></containerEntry>
          <containerEntry r11="-0.9350777" r12="0.03649628" r13="-0.3525565" r14="0" r21="0.21801025" r22="0.8434941" r23="-0.4909064" r24="0" r31="0.27946302" r32="-0.53589696" r33="-0.79668903" r34="0" r41="1398.1866" r42="15.812703" r43="-187.16075" r44="1"></containerEntry>
          <containerEntry r11="0.8083325" r12="0.029754862" r13="-0.58797055" r14="0" r21="0.43554407" r22="0.64173126" r23="0.6312549" r24="0" r31="0.3961021" r32="-0.76635087" r33="0.50577265" r34="0" r41="1322.3242" r42="17.84052" r43="-146.08904" r44="1"></containerEntry>
          <containerEntry r11="0.8592982" r12="0.123459026" r13="-0.49634713" r14="0" r21="0.2716575" r22="0.71207154" r23="0.64742297" r24="0" r31="0.4333649" r32="-0.6911658" r33="0.57834315" r34="0" r41="1303.7704" r42="18.591976" r43="-142.43849" r44="1"></containerEntry>
        </property>
        <property name="colors" type="UInt32" container="DynamicArray" arraySize="12">
          <containerEntry>4294967295</containerEntry>
          <containerEntry>4294967295</containerEntry>
          <containerEntry>4294967295</containerEntry>
          <containerEntry>4294967295</containerEntry>
          <containerEntry>4294967295</containerEntry>
          <containerEntry>4294967295</containerEntry>
          <containerEntry>4294967295</containerEntry>
          <containerEntry>4294967295</containerEntry>
          <containerEntry>4294967295</containerEntry>
          <containerEntry>4294967295</containerEntry>
          <containerEntry>4294967295</containerEntry>
          <containerEntry>4294967295</containerEntry>
        </property>
      </staticProperties>
      <dynamicProperties></dynamicProperties>
    </entity>
    <entity class="StaticModelArray" classVersion="4" classID="0xD0" addr="0x2D7C560" id="0x0">
      <staticProperties>
        <property name="name" type="String" container="StaticArray" arraySize="1">
          <containerEntry>StaticModelArray0002</containerEntry>
        </property>
        <property name="dataSet" type="EntityHandle" container="StaticArray" arraySize="1">
          <containerEntry>0x2EF45A0</containerEntry>
        </property>
        <property name="modelFile" type="FilePtr" container="StaticArray" arraySize="1">
          <containerEntry>/Assets/tpp/environ/object/middle_africa/rock/mafr_rock002/scenes/mafr_rock002.fmdl</containerEntry>
        </property>
        <property name="geomFile" type="FilePtr" container="StaticArray" arraySize="1">
          <containerEntry>/Assets/tpp/environ/object/middle_africa/rock/mafr_rock002/scenes/mafr_rock002.geom</containerEntry>
        </property>
        <property name="isVisibleGeom" type="Bool" container="StaticArray" arraySize="1">
          <containerEntry>false</containerEntry>
        </property>
        <property name="lodFarSize" type="Float" container="StaticArray" arraySize="1">
          <containerEntry>-1</containerEntry>
        </property>
        <property name="lodNearSize" type="Float" container="StaticArray" arraySize="1">
          <containerEntry>-1</containerEntry>
        </property>
        <property name="lodPolygonSize" type="Float" container="StaticArray" arraySize="1">
          <containerEntry>-1</containerEntry>
        </property>
        <property name="drawRejectionLevel" type="Int32" container="StaticArray" arraySize="1">
          <containerEntry>8</containerEntry>
        </property>
        <property name="drawMode" type="Int32" container="StaticArray" arraySize="1">
          <containerEntry>0</containerEntry>
        </property>
        <property name="rejectFarRangeShadowCast" type="Int32" container="StaticArray" arraySize="1">
          <containerEntry>2</containerEntry>
        </property>
        <property name="parentLocator" type="EntityLink" container="StaticArray" arraySize="1">
          <containerEntry packagePathHash="0xB8A0BF169F98" archivePathHash="0xB8A0BF169F98" nameInArchiveHash="0xB8A0BF169F98">0x0</containerEntry>
        </property>
        <property name="transforms" type="Matrix4" container="DynamicArray" arraySize="7">
          <containerEntry r11="0.806695" r12="-0.03232259" r13="-0.5900829" r14="0" r21="-0.023405936" r22="0.9959722" r23="-0.086553544" r24="0" r31="0.5905038" r32="0.08363375" r33="0.80268925" r34="0" r41="1321.2788" r42="18.671434" r43="-224.16663" r44="1"></containerEntry>
          <containerEntry r11="0.21267469" r12="0.014257049" r13="0.97701806" r14="0" r21="0.006947271" r22="0.9998462" r23="-0.016102405" r24="0" r31="-0.97709733" r32="0.0102121765" r33="0.21254295" r34="0" r41="1332.0498" r42="19.05439" r43="-212.88617" r44="1"></containerEntry>
          <containerEntry r11="-0.9804742" r12="0.009976134" r13="0.1963809" r14="0" r21="0.006948136" r22="0.9998462" r23="-0.016101912" r24="0" r31="-0.19651134" r32="-0.01442307" r33="-0.98039275" r34="0" r41="1335.7103" r42="19.065279" r43="-214.59688" r44="1"></containerEntry>
          <containerEntry r11="0.13695022" r12="0.08895606" r13="0.9865746" r14="0" r21="-0.023405463" r22="0.99597216" r23="-0.08655432" r24="0" r31="-0.99030036" r32="-0.011237711" r33="0.13848066" r34="0" r41="1324.7656" r42="17.881226" r43="-227.64395" r44="1"></containerEntry>
          <containerEntry r11="-0.5291538" r12="-0.06648575" r13="-0.8459125" r14="0" r21="-0.023002446" r22="0.99768317" r23="-0.06402512" r24="0" r31="0.84820944" r32="-0.014421284" r33="-0.5294572" r34="0" r41="1346.1359" r42="18.371605" r43="-226.13463" r44="1"></containerEntry>
          <containerEntry r11="0.3951999" r12="0.01204586" r13="0.9185152" r14="0" r21="0.0069479286" r22="0.9998462" r23="-0.016101858" r24="0" r31="-0.9185679" r32="0.012745226" r33="0.3950554" r34="0" r41="1337.8679" r42="19.359764" r43="-175.35666" r44="1"></containerEntry>
          <containerEntry r11="0.99234384" r12="0.0099766785" r13="-0.123101905" r14="0" r21="-0.008124047" r22="0.9998462" r23="0.015542341" r24="0" r31="0.12323803" r32="-0.01442326" r33="0.9922723" r34="0" r41="1406.4125" r42="19.244734" r43="-178.0599" r44="1"></containerEntry>
        </property>
        <property name="colors" type="UInt32" container="DynamicArray" arraySize="7">
          <containerEntry>4294967295</containerEntry>
          <containerEntry>4294967295</containerEntry>
          <containerEntry>4294967295</containerEntry>
          <containerEntry>4294967295</containerEntry>
          <containerEntry>4294967295</containerEntry>
          <containerEntry>4294967295</containerEntry>
          <containerEntry>4294967295</containerEntry>
        </property>
      </staticProperties>
      <dynamicProperties></dynamicProperties>
    </entity>
    <entity class="TexturePackLoadConditioner" classVersion="0" classID="0x48" addr="0x2D7C9C0" id="0x0">
      <staticProperties>
        <property name="name" type="String" container="StaticArray" arraySize="1">
          <containerEntry>TexturePackLoadConditioner0000</containerEntry>
        </property>
        <property name="dataSet" type="EntityHandle" container="StaticArray" arraySize="1">
          <containerEntry>0x2EF45A0</containerEntry>
        </property>
        <property name="texturePackPath" type="Path" container="StaticArray" arraySize="1">
          <containerEntry hash="0xB8A0BF169F98"></containerEntry>
        </property>
      </staticProperties>
      <dynamicProperties></dynamicProperties>
    </entity>
  </entities>
</fox>