<fox formatVersion="2" fileVersion="0">
  <entities>
    <entity class="DataSet" classVersion="0" classID="0xE8" addr="0x3305E20" id="0x35380B">
      <staticProperties>
        <property name="name" type="String" container="StaticArray" arraySize="1">
          <containerEntry hash="0xB8A0BF169F98"></containerEntry>
        </property>
        <property name="dataSet" type="EntityHandle" container="StaticArray" arraySize="1">
          <containerEntry>0x0</containerEntry>
        </property>
        <property name="dataList" type="EntityPtr" container="StringMap" arraySize="3">
          <containerEntry key="StaticModelArray0000">
            <data>0x317A650</data>
          </containerEntry>
          <containerEntry key="StaticModelArray0001">
            <data>0x317A880</data>
          </containerEntry>
          <containerEntry key="TexturePackLoadConditioner0000">
            <data>0x317B1B0</data>
          </containerEntry>
        </property>
      </staticProperties>
      <dynamicProperties></dynamicProperties>
    </entity>
    <entity class="StaticModelArray" classVersion="4" classID="0xD0" addr="0x317A650" id="0x0">
      <staticProperties>
        <property name="name" type="String" container="StaticArray" arraySize="1">
          <containerEntry>StaticModelArray0000</containerEntry>
        </property>
        <property name="dataSet" type="EntityHandle" container="StaticArray" arraySize="1">
          <containerEntry>0x3305E20</containerEntry>
        </property>
        <property name="modelFile" type="FilePtr" container="StaticArray" arraySize="1">
          <containerEntry>/Assets/tpp/environ/object/middle_africa/rock/mafr_rock002/scenes/mafr_rock002.fmdl</containerEntry>
        </property>
        <property name="geomFile" type="FilePtr" container="StaticArray" arraySize="1">
          <containerEntry>/Assets/tpp/environ/object/middle_africa/rock/mafr_rock002/scenes/mafr_rock002.geom</containerEntry>
        </property>
        <property name="isVisibleGeom" type="Bool" container="StaticArray" arraySize="1">
          <containerEntry>false</containerEntry>
        </property>
        <property name="lodFarSize" type="Float" container="StaticArray" arraySize="1">
          <containerEntry>-1</containerEntry>
        </property>
        <property name="lodNearSize" type="Float" container="StaticArray" arraySize="1">
          <containerEntry>-1</containerEntry>
        </property>
        <property name="lodPolygonSize" type="Float" container="StaticArray" arraySize="1">
          <containerEntry>-1</containerEntry>
        </property>
        <property name="drawRejectionLevel" type="Int32" container="StaticArray" arraySize="1">
          <containerEntry>8</containerEntry>
        </property>
        <property name="drawMode" type="Int32" container="StaticArray" arraySize="1">
          <containerEntry>0</containerEntry>
        </property>
        <property name="rejectFarRangeShadowCast" type="Int32" container="StaticArray" arraySize="1">
          <containerEntry>2</containerEntry>
        </property>
        <property name="parentLocator" type="EntityLink" container="StaticArray" arraySize="1">
          <containerEntry packagePathHash="0xB8A0BF169F98" archivePathHash="0xB8A0BF169F98" nameInArchiveHash="0xB8A0BF169F98">0x0</containerEntry>
        </property>
        <property name="transforms" type="Matrix4" container="DynamicArray" arraySize="7">
          <containerEntry r11="0.768176" r12="-0.06599817" r13="0.6368278" r14="0" r21="-0.06384298" r22="0.9818188" r23="0.17876238" r24="0" r31="-0.6370475" r32="-0.17797795" r33="0.7499961" r34="0" r41="-852.65564" r42="-6.98026" r43="-34.393814" r44="1"></containerEntry>
          <containerEntry r11="0.9984472" r12="0.055521138" r13="0.004538934" r14="0" r21="-0.055521138" r22="0.9851796" r23="0.16229133" r24="0" r31="0.004538934" r32="-0.16229133" r33="0.9867324" r34="0" r41="-870.2484" r42="-7.088898" r43="-38.339153" r44="1"></containerEntry>
          <containerEntry r11="0.99966484" r12="-0.02585013" r13="-0.0013964549" r14="0" r21="0.02585013" r22="0.99384624" r23="0.10770987" r24="0" r31="-0.0013964549" r32="-0.10770987" r33="0.9941814" r34="0" r41="-840.37" r42="-7.046612" r43="-29.087868" r44="1"></containerEntry>
          <containerEntry r11="0.9923167" r12="0.12338558" r13="0.009140338" r14="0" r21="-0.12338558" r22="0.98144305" r23="0.14678426" r24="0" r31="0.009140338" r32="-0.14678426" r33="0.9891263" r34="0" r41="-821.7509" r42="-5.202028" r43="-36.912262" r44="1"></containerEntry>
          <containerEntry r11="0.9944074" r12="0.10561045" r13="-0.0005705752" r14="0" r21="-0.10561045" r22="0.9943492" r23="-0.010774743" r24="0" r31="-0.0005705752" r32="0.010774743" r33="0.99994177" r34="0" r41="-811.72107" r42="-3.640415" r43="-42.43339" r44="1"></containerEntry>
          <containerEntry r11="0.99346024" r12="0.11349545" r13="0.012474014" r14="0" r21="-0.11349545" r22="0.96966726" r23="0.2164815" r24="0" r31="0.012474014" r32="-0.2164815" r33="0.976207" r34="0" r41="-816.619" r42="-3.219228" r43="-50.671394" r44="1"></containerEntry>
          <containerEntry r11="0.9864307" r12="0.16402683" r13="0.0070488094" r14="0" r21="-0.16402683" r22="0.9827691" r23="0.08520657" r24="0" r31="0.0070488094" r32="-0.08520657" r33="0.99633837" r34="0" r41="-867.2622" r42="-1.222007" r43="-100.44672" r44="1"></containerEntry>
        </property>
        <property name="colors" type="UInt32" container="DynamicArray" arraySize="7">
          <containerEntry>4294967295</containerEntry>
          <containerEntry>4294967295</containerEntry>
          <containerEntry>4294967295</containerEntry>
          <containerEntry>4294967295</containerEntry>
          <containerEntry>4294967295</containerEntry>
          <containerEntry>4294967295</containerEntry>
          <containerEntry>4294967295</containerEntry>
        </property>
      </staticProperties>
      <dynamicProperties></dynamicProperties>
    </entity>
    <entity class="StaticModelArray" classVersion="4" classID="0xD0" addr="0x317A880" id="0x0">
      <staticProperties>
        <property name="name" type="String" container="StaticArray" arraySize="1">
          <containerEntry>StaticModelArray0001</containerEntry>
        </property>
        <property name="dataSet" type="EntityHandle" container="StaticArray" arraySize="1">
          <containerEntry>0x3305E20</containerEntry>
        </property>
        <property name="modelFile" type="FilePtr" container="StaticArray" arraySize="1">
          <containerEntry>/Assets/tpp/environ/object/middle_africa/cliff/mafr_clff003/scenes/mafr_clff003.fmdl</containerEntry>
        </property>
        <property name="geomFile" type="FilePtr" container="StaticArray" arraySize="1">
          <containerEntry>/Assets/tpp/environ/object/middle_africa/cliff/mafr_clff003/scenes/mafr_clff003.geom</containerEntry>
        </property>
        <property name="isVisibleGeom" type="Bool" container="StaticArray" arraySize="1">
          <containerEntry>false</containerEntry>
        </property>
        <property name="lodFarSize" type="Float" container="StaticArray" arraySize="1">
          <containerEntry>-1</containerEntry>
        </property>
        <property name="lodNearSize" type="Float" container="StaticArray" arraySize="1">
          <containerEntry>-1</containerEntry>
        </property>
        <property name="lodPolygonSize" type="Float" container="StaticArray" arraySize="1">
          <containerEntry>-1</containerEntry>
        </property>
        <property name="drawRejectionLevel" type="Int32" container="StaticArray" arraySize="1">
          <containerEntry>8</containerEntry>
        </property>
        <property name="drawMode" type="Int32" container="StaticArray" arraySize="1">
          <containerEntry>0</containerEntry>
        </property>
        <property name="rejectFarRangeShadowCast" type="Int32" container="StaticArray" arraySize="1">
          <containerEntry>2</containerEntry>
        </property>
        <property name="parentLocator" type="EntityLink" container="StaticArray" arraySize="1">
          <containerEntry packagePathHash="0xB8A0BF169F98" archivePathHash="0xB8A0BF169F98" nameInArchiveHash="0xB8A0BF169F98">0x0</containerEntry>
        </property>
        <property name="transforms" type="Matrix4" container="DynamicArray" arraySize="3">
          <containerEntry r11="0.53471917" r12="0.006709354" r13="0.8450032" r14="0" r21="0.0679233" r22="0.9963916" r23="-0.050893344" r24="0" r31="-0.8422956" r32="0.084609054" r33="0.53233397" r34="0" r41="-790.364" r42="7.134998" r43="-110.16257" r44="1"></containerEntry>
          <containerEntry r11="0.93082625" r12="0.04036589" r13="0.3632257" r14="0" r21="-0.021762311" r22="0.99824" r23="-0.055166494" r24="0" r31="-0.36481327" r32="0.04344577" r33="0.9300664" r34="0" r41="-846.642" r42="-7.480033" r43="-26.609255" r44="1"></containerEntry>
          <containerEntry r11="0.8708431" r12="-0.037568882" r13="0.49012318" r14="0" r21="0.06246998" r22="0.99744904" r23="-0.034539245" r24="0" r31="-0.48757526" r32="0.060696267" r33="0.8709685" r34="0" r41="-794.1424" r42="-8.695444" r43="-10.084814" r44="1"></containerEntry>
        </property>
        <property name="colors" type="UInt32" container="DynamicArray" arraySize="3">
          <containerEntry>4294967295</containerEntry>
          <containerEntry>4294967295</containerEntry>
          <containerEntry>4294967295</containerEntry>
        </property>
      </staticProperties>
      <dynamicProperties></dynamicProperties>
    </entity>
    <entity class="TexturePackLoadConditioner" classVersion="0" classID="0x48" addr="0x317B1B0" id="0x0">
      <staticProperties>
        <property name="name" type="String" container="StaticArray" arraySize="1">
          <containerEntry>TexturePackLoadConditioner0000</containerEntry>
        </property>
        <property name="dataSet" type="EntityHandle" container="StaticArray" arraySize="1">
          <containerEntry>0x3305E20</containerEntry>
        </property>
        <property name="texturePackPath" type="Path" container="StaticArray" arraySize="1">
          <containerEntry hash="0xB8A0BF169F98"></containerEntry>
        </property>
      </staticProperties>
      <dynamicProperties></dynamicProperties>
    </entity>
  </entities>
</fox>