<fox formatVersion="2" fileVersion="0">
  <entities>
    <entity class="DataSet" classVersion="0" classID="0xE8" addr="0x317F5F0" id="0x4858">
      <staticProperties>
        <property name="name" type="String" container="StaticArray" arraySize="1">
          <containerEntry hash="0xB8A0BF169F98"></containerEntry>
        </property>
        <property name="dataSet" type="EntityHandle" container="StaticArray" arraySize="1">
          <containerEntry>0x0</containerEntry>
        </property>
        <property name="dataList" type="EntityPtr" container="StringMap" arraySize="11">
          <containerEntry key="mafr_tree031_0006">
            <data>0x3175A30</data>
          </containerEntry>
          <containerEntry key="StaticModelArray0000">
            <data>0x317D8A0</data>
          </containerEntry>
          <containerEntry key="StaticModelArray0001">
            <data>0x317D910</data>
          </containerEntry>
          <containerEntry key="StaticModelArray0002">
            <data>0x317D280</data>
          </containerEntry>
          <containerEntry key="StaticModelArray0003">
            <data>0x317D7C0</data>
          </containerEntry>
          <containerEntry key="StaticModelArray0004">
            <data>0x317D670</data>
          </containerEntry>
          <containerEntry key="StaticModelArray0005">
            <data>0x317D0C0</data>
          </containerEntry>
          <containerEntry key="StaticModelArray0006">
            <data>0x317D130</data>
          </containerEntry>
          <containerEntry key="StaticModelArray0007">
            <data>0x317D1A0</data>
          </containerEntry>
          <containerEntry key="StaticModelArray0008">
            <data>0x317D210</data>
          </containerEntry>
          <containerEntry key="TexturePackLoadConditioner0000">
            <data>0x317E010</data>
          </containerEntry>
        </property>
      </staticProperties>
      <dynamicProperties></dynamicProperties>
    </entity>
    <entity class="StaticModel" classVersion="9" classID="0x160" addr="0x3175A30" id="0x48E4">
      <staticProperties>
        <property name="name" type="String" container="StaticArray" arraySize="1">
          <containerEntry>mafr_tree031_0006</containerEntry>
        </property>
        <property name="dataSet" type="EntityHandle" container="StaticArray" arraySize="1">
          <containerEntry>0x317F5F0</containerEntry>
        </property>
        <property name="parent" type="EntityHandle" container="StaticArray" arraySize="1">
          <containerEntry>0x0</containerEntry>
        </property>
        <property name="transform" type="EntityPtr" container="StaticArray" arraySize="1">
          <containerEntry>0x3175AA0</containerEntry>
        </property>
        <property name="shearTransform" type="EntityPtr" container="StaticArray" arraySize="1">
          <containerEntry>0x0</containerEntry>
        </property>
        <property name="pivotTransform" type="EntityPtr" container="StaticArray" arraySize="1">
          <containerEntry>0x0</containerEntry>
        </property>
        <property name="children" type="EntityHandle" container="List"></property>
        <property name="flags" type="UInt32" container="StaticArray" arraySize="1">
          <containerEntry>7</containerEntry>
        </property>
        <property name="modelFile" type="FilePtr" container="StaticArray" arraySize="1">
          <containerEntry>/Assets/tpp/environ/object/middle_africa/tree/mafr_tree031/scenes/mafr_tree031.fmdl</containerEntry>
        </property>
        <property name="geomFile" type="FilePtr" container="StaticArray" arraySize="1">
          <containerEntry>/Assets/tpp/environ/object/middle_africa/tree/mafr_tree031/scenes/mafr_tree031.geom</containerEntry>
        </property>
        <property name="isVisibleGeom" type="Bool" container="StaticArray" arraySize="1">
          <containerEntry>false</containerEntry>
        </property>
        <property name="isIsolated" type="Bool" container="StaticArray" arraySize="1">
          <containerEntry>false</containerEntry>
        </property>
        <property name="lodFarSize" type="Float" container="StaticArray" arraySize="1">
          <containerEntry>-1</containerEntry>
        </property>
        <property name="lodNearSize" type="Float" container="StaticArray" arraySize="1">
          <containerEntry>-1</containerEntry>
        </property>
        <property name="lodPolygonSize" type="Float" container="StaticArray" arraySize="1">
          <containerEntry>-1</containerEntry>
        </property>
        <property name="color" type="Color" container="StaticArray" arraySize="1">
          <containerEntry r="1" g="1" b="1" a="1"></containerEntry>
        </property>
        <property name="drawRejectionLevel" type="Int32" container="StaticArray" arraySize="1">
          <containerEntry>8</containerEntry>
        </property>
        <property name="drawMode" type="Int32" container="StaticArray" arraySize="1">
          <containerEntry>0</containerEntry>
        </property>
        <property name="rejectFarRangeShadowCast" type="Int32" container="StaticArray" arraySize="1">
          <containerEntry>2</containerEntry>
        </property>
      </staticProperties>
      <dynamicProperties></dynamicProperties>
    </entity>
    <entity class="TransformEntity" classVersion="0" classID="0x50" addr="0x3175AA0" id="0x48E7">
      <staticProperties>
        <property name="owner" type="EntityHandle" container="StaticArray" arraySize="1">
          <containerEntry>0x3175A30</containerEntry>
        </property>
        <property name="transform_scale" type="Vector3" container="StaticArray" arraySize="1">
          <containerEntry x="1.5" y="1.5" z="1.5" w="0"></containerEntry>
        </property>
        <property name="transform_rotation_quat" type="Quat" container="StaticArray" arraySize="1">
          <containerEntry x="0.022943" y="0.668503" z="0.042246" w="-0.742154"></containerEntry>
        </property>
        <property name="transform_translation" type="Vector3" container="StaticArray" arraySize="1">
          <containerEntry x="2176.5999" y="132.88449" z="-1359.2784" w="0"></containerEntry>
        </property>
      </staticProperties>
      <dynamicProperties></dynamicProperties>
    </entity>
    <entity class="StaticModelArray" classVersion="4" classID="0xD0" addr="0x317D8A0" id="0x0">
      <staticProperties>
        <property name="name" type="String" container="StaticArray" arraySize="1">
          <containerEntry>StaticModelArray0000</containerEntry>
        </property>
        <property name="dataSet" type="EntityHandle" container="StaticArray" arraySize="1">
          <containerEntry>0x317F5F0</containerEntry>
        </property>
        <property name="modelFile" type="FilePtr" container="StaticArray" arraySize="1">
          <containerEntry>/Assets/tpp/environ/object/middle_africa/cliff/mafr_clff003/scenes/mafr_clff003.fmdl</containerEntry>
        </property>
        <property name="geomFile" type="FilePtr" container="StaticArray" arraySize="1">
          <containerEntry>/Assets/tpp/environ/object/middle_africa/cliff/mafr_clff003/scenes/mafr_clff003.geom</containerEntry>
        </property>
        <property name="isVisibleGeom" type="Bool" container="StaticArray" arraySize="1">
          <containerEntry>false</containerEntry>
        </property>
        <property name="lodFarSize" type="Float" container="StaticArray" arraySize="1">
          <containerEntry>50</containerEntry>
        </property>
        <property name="lodNearSize" type="Float" container="StaticArray" arraySize="1">
          <containerEntry>400</containerEntry>
        </property>
        <property name="lodPolygonSize" type="Float" container="StaticArray" arraySize="1">
          <containerEntry>-1</containerEntry>
        </property>
        <property name="drawRejectionLevel" type="Int32" container="StaticArray" arraySize="1">
          <containerEntry>7</containerEntry>
        </property>
        <property name="drawMode" type="Int32" container="StaticArray" arraySize="1">
          <containerEntry>0</containerEntry>
        </property>
        <property name="rejectFarRangeShadowCast" type="Int32" container="StaticArray" arraySize="1">
          <containerEntry>2</containerEntry>
        </property>
        <property name="parentLocator" type="EntityLink" container="StaticArray" arraySize="1">
          <containerEntry packagePathHash="0xB8A0BF169F98" archivePathHash="0xB8A0BF169F98" nameInArchiveHash="0xB8A0BF169F98">0x0</containerEntry>
        </property>
        <property name="transforms" type="Matrix4" container="DynamicArray" arraySize="6">
          <containerEntry r11="0.6026447" r12="0.024461072" r13="-0.79763424" r14="0" r21="-0.00455794" r22="0.9996193" r23="0.027211625" r24="0" r31="0.79799616" r32="-0.012763361" r33="0.6025268" r34="0" r41="2412.1982" r42="109.857544" r43="-1494.5337" r44="1"></containerEntry>
          <containerEntry r11="-0.1279139" r12="0.09807059" r13="-0.98691887" r14="0" r21="-0.02255559" r22="0.994554" r23="0.101752736" r24="0" r31="0.99152213" r32="0.035276055" r33="-0.12500514" r34="0" r41="2401.7197" r42="102.91831" r43="-1440.3807" r44="1"></containerEntry>
          <containerEntry r11="0.9710921" r12="0.11383859" r13="-0.20981167" r14="0" r21="-0.10834321" r22="0.9934045" r23="0.037540987" r24="0" r31="0.21270145" r32="-0.013724102" r33="0.97702086" r34="0" r41="2321.0781" r42="119.597534" r43="-1529.4836" r44="1"></containerEntry>
          <containerEntry r11="0.13246737" r12="0.038744785" r13="-0.9904298" r14="0" r21="-0.07018925" r22="0.9970939" r23="0.029617853" r24="0" r31="0.988699" r32="0.06559414" r33="0.13480186" r34="0" r41="2351.6611" r42="123.41023" r43="-1574.2107" r44="1"></containerEntry>
          <containerEntry r11="-0.71424955" r12="0.06765137" r13="-0.6966025" r14="0" r21="-0.04361627" r22="0.98908013" r23="0.14077684" r24="0" r31="0.6985187" r32="0.13093318" r33="-0.7034986" r34="0" r41="2328.5513" r42="112.93196" r43="-1425.2706" r44="1"></containerEntry>
          <containerEntry r11="-0.12710994" r12="0.06929494" r13="-0.4785822" r14="0" r21="0.014263054" r22="0.49516177" r23="0.06790726" r24="0" r31="0.4833625" r32="0.00361133" r33="-0.12785667" r34="0" r41="2369.8655" r42="112.78725" r43="-1482.8698" r44="1"></containerEntry>
        </property>
        <property name="colors" type="UInt32" container="DynamicArray" arraySize="6">
          <containerEntry>4294967295</containerEntry>
          <containerEntry>4294967295</containerEntry>
          <containerEntry>4294967295</containerEntry>
          <containerEntry>4294967295</containerEntry>
          <containerEntry>4294967295</containerEntry>
          <containerEntry>4294967295</containerEntry>
        </property>
      </staticProperties>
      <dynamicProperties></dynamicProperties>
    </entity>
    <entity class="StaticModelArray" classVersion="4" classID="0xD0" addr="0x317D910" id="0x0">
      <staticProperties>
        <property name="name" type="String" container="StaticArray" arraySize="1">
          <containerEntry>StaticModelArray0001</containerEntry>
        </property>
        <property name="dataSet" type="EntityHandle" container="StaticArray" arraySize="1">
          <containerEntry>0x317F5F0</containerEntry>
        </property>
        <property name="modelFile" type="FilePtr" container="StaticArray" arraySize="1">
          <containerEntry>/Assets/tpp/environ/object/middle_africa/tree/mafr_tree038/scenes/mafr_tree038.fmdl</containerEntry>
        </property>
        <property name="geomFile" type="FilePtr" container="StaticArray" arraySize="1">
          <containerEntry>/Assets/tpp/environ/object/middle_africa/tree/mafr_tree038/scenes/mafr_tree038.geom</containerEntry>
        </property>
        <property name="isVisibleGeom" type="Bool" container="StaticArray" arraySize="1">
          <containerEntry>false</containerEntry>
        </property>
        <property name="lodFarSize" type="Float" container="StaticArray" arraySize="1">
          <containerEntry>50</containerEntry>
        </property>
        <property name="lodNearSize" type="Float" container="StaticArray" arraySize="1">
          <containerEntry>400</containerEntry>
        </property>
        <property name="lodPolygonSize" type="Float" container="StaticArray" arraySize="1">
          <containerEntry>-1</containerEntry>
        </property>
        <property name="drawRejectionLevel" type="Int32" container="StaticArray" arraySize="1">
          <containerEntry>7</containerEntry>
        </property>
        <property name="drawMode" type="Int32" container="StaticArray" arraySize="1">
          <containerEntry>0</containerEntry>
        </property>
        <property name="rejectFarRangeShadowCast" type="Int32" container="StaticArray" arraySize="1">
          <containerEntry>2</containerEntry>
        </property>
        <property name="parentLocator" type="EntityLink" container="StaticArray" arraySize="1">
          <containerEntry packagePathHash="0xB8A0BF169F98" archivePathHash="0xB8A0BF169F98" nameInArchiveHash="0xB8A0BF169F98">0x0</containerEntry>
        </property>
        <property name="transforms" type="Matrix4" container="DynamicArray" arraySize="6">
          <containerEntry r11="0.47660154" r12="-0.18566461" r13="0.8592894" r14="0" r21="0.090053305" r22="0.98261315" r23="0.16236302" r24="0" r31="-0.8744942" r32="-4.0978193e-07" r33="0.4850347" r34="0" r41="2294.0522" r42="122.9057" r43="-1533.8491" r44="1"></containerEntry>
          <containerEntry r11="-0.44386113" r12="0" r13="0.8960958" r14="0" r21="0" r22="1" r23="0" r24="0" r31="-0.8960958" r32="0" r33="-0.44386113" r34="0" r41="2356.2236" r42="108.23472" r43="-1459.3717" r44="1"></containerEntry>
          <containerEntry r11="-0.47844863" r12="0" r13="-0.87811166" r14="0" r21="0" r22="1" r23="0" r24="0" r31="0.87811166" r32="0" r33="-0.47844863" r34="0" r41="2291.3647" r42="119.99542" r43="-1536.8391" r44="1"></containerEntry>
          <containerEntry r11="0.6216406" r12="-0.022509215" r13="-0.782972" r14="0" r21="0.13077351" r22="0.98854023" r23="0.07540847" r24="0" r31="0.772302" r32="-0.14926909" r33="0.61746037" r34="0" r41="2229.1714" r42="121.269714" r43="-1492.1686" r44="1"></containerEntry>
          <containerEntry r11="0.4718375" r12="0" r13="0.8816788" r14="0" r21="0" r22="1" r23="0" r24="0" r31="-0.8816788" r32="0" r33="0.4718375" r34="0" r41="2302.6843" r42="106.71846" r43="-1428.1373" r44="1"></containerEntry>
          <containerEntry r11="0.50536186" r12="-0.20730984" r13="0.8376261" r14="0" r21="0.2002985" r22="0.9723809" r23="0.119815856" r24="0" r31="-0.8393307" r32="0.107225016" r33="0.5329281" r34="0" r41="2255.476" r42="119.40913" r43="-1496.1056" r44="1"></containerEntry>
        </property>
        <property name="colors" type="UInt32" container="DynamicArray" arraySize="6">
          <containerEntry>4294967295</containerEntry>
          <containerEntry>4294967295</containerEntry>
          <containerEntry>4294967295</containerEntry>
          <containerEntry>4294967295</containerEntry>
          <containerEntry>4294967295</containerEntry>
          <containerEntry>4294967295</containerEntry>
        </property>
      </staticProperties>
      <dynamicProperties></dynamicProperties>
    </entity>
    <entity class="StaticModelArray" classVersion="4" classID="0xD0" addr="0x317D280" id="0x0">
      <staticProperties>
        <property name="name" type="String" container="StaticArray" arraySize="1">
          <containerEntry>StaticModelArray0002</containerEntry>
        </property>
        <property name="dataSet" type="EntityHandle" container="StaticArray" arraySize="1">
          <containerEntry>0x317F5F0</containerEntry>
        </property>
        <property name="modelFile" type="FilePtr" container="StaticArray" arraySize="1">
          <containerEntry>/Assets/tpp/environ/object/middle_africa/tree/mafr_tree031/scenes/mafr_tree031_vrtn007.fmdl</containerEntry>
        </property>
        <property name="geomFile" type="FilePtr" container="StaticArray" arraySize="1">
          <containerEntry>/Assets/tpp/environ/object/middle_africa/tree/mafr_tree031/scenes/mafr_tree031_vrtn007.geom</containerEntry>
        </property>
        <property name="isVisibleGeom" type="Bool" container="StaticArray" arraySize="1">
          <containerEntry>false</containerEntry>
        </property>
        <property name="lodFarSize" type="Float" container="StaticArray" arraySize="1">
          <containerEntry>-1</containerEntry>
        </property>
        <property name="lodNearSize" type="Float" container="StaticArray" arraySize="1">
          <containerEntry>-1</containerEntry>
        </property>
        <property name="lodPolygonSize" type="Float" container="StaticArray" arraySize="1">
          <containerEntry>-1</containerEntry>
        </property>
        <property name="drawRejectionLevel" type="Int32" container="StaticArray" arraySize="1">
          <containerEntry>8</containerEntry>
        </property>
        <property name="drawMode" type="Int32" container="StaticArray" arraySize="1">
          <containerEntry>0</containerEntry>
        </property>
        <property name="rejectFarRangeShadowCast" type="Int32" container="StaticArray" arraySize="1">
          <containerEntry>2</containerEntry>
        </property>
        <property name="parentLocator" type="EntityLink" container="StaticArray" arraySize="1">
          <containerEntry packagePathHash="0xB8A0BF169F98" archivePathHash="0xB8A0BF169F98" nameInArchiveHash="0xB8A0BF169F98">0x0</containerEntry>
        </property>
        <property name="transforms" type="Matrix4" container="DynamicArray" arraySize="16">
          <containerEntry r11="-0.9453524" r12="0.09648646" r13="0.31143782" r14="0" r21="0.08497932" r22="0.99511003" r23="-0.050343852" r24="0" r31="-0.3147724" r32="-0.021127012" r33="-0.948929" r34="0" r41="2318.0833" r42="114.076775" r43="-1504.51" r44="1"></containerEntry>
          <containerEntry r11="0.4436027" r12="-0.04653066" r13="0.8950145" r14="0" r21="-0.0640904" r22="0.9944475" r23="0.083465606" r24="0" r31="-0.89392865" r32="-0.09438741" r33="0.43815744" r34="0" r41="2314.4363" r42="115.10728" r43="-1489.9286" r44="1"></containerEntry>
          <containerEntry r11="0.52186716" r12="-0.2506375" r13="1.3294102" r14="0" r21="-0.04377372" r22="1.4210229" r23="0.28509265" r24="0" r31="-1.3521223" r32="-0.14274028" r33="0.5038716" r34="0" r41="2296.655" r42="109.90141" r43="-1451.021" r44="1"></containerEntry>
          <containerEntry r11="0.5711372" r12="-0.107094266" r13="1.9137212" r14="0" r21="0.25371623" r22="1.983528" r23="0.035280935" r24="0" r31="-1.899849" r32="0.23269612" r33="0.5800191" r34="0" r41="2211.9014" r42="124.11571" r43="-1426.7606" r44="1"></containerEntry>
          <containerEntry r11="0.1703006" r12="-0.20696987" r13="-1.981957" r14="0" r21="0.17219175" r22="1.9832716" r23="-0.19231147" r24="0" r31="1.9852808" r32="-0.15426332" r33="0.18669546" r34="0" r41="2218.2695" r42="120.79575" r43="-1463.2933" r44="1"></containerEntry>
          <containerEntry r11="0.3049989" r12="0.058455568" r13="-1.159118" r14="0" r21="0.14017707" r22="1.1878477" r23="0.09678886" r24="0" r31="1.1520946" r32="-0.160002" r33="0.29508176" r34="0" r41="2187.265" r42="135.69742" r43="-1475.9248" r44="1"></containerEntry>
          <containerEntry r11="-0.2049707" r12="0.066905096" r13="0.9764759" r14="0" r21="0.08497818" r22="0.9951101" r23="-0.05034385" r24="0" r31="-0.97506934" r32="0.07266018" r33="-0.20965391" r34="0" r41="2179.136" r42="144.39107" r43="-1523.1112" r44="1"></containerEntry>
          <containerEntry r11="-0.2348398" r12="0.012750171" r13="0.9719503" r14="0" r21="0.12685716" r22="0.9917641" r23="0.017640792" r24="0" r31="-0.96372044" r32="0.12744164" r33="-0.23452312" r34="0" r41="2297.653" r42="116.73526" r43="-1480.9238" r44="1"></containerEntry>
          <containerEntry r11="-0.20932944" r12="-0.0951732" r13="0.973201" r14="0" r21="-0.06409051" r22="0.9944476" r23="0.08346531" r24="0" r31="-0.97574097" r32="-0.044901162" r33="-0.21426684" r34="0" r41="2316.0205" r42="109.09079" r43="-1465.6818" r44="1"></containerEntry>
          <containerEntry r11="-0.93763006" r12="0.24333176" r13="-0.24827181" r14="0" r21="0.2391712" r22="0.96982616" r23="0.047268085" r24="0" r31="0.25228232" r32="-0.015059486" r33="-0.96753615" r34="0" r41="2285.04" r42="114.26927" r43="-1507.9209" r44="1"></containerEntry>
          <containerEntry r11="-0.80526054" r12="0.054595858" r13="0.5903977" r14="0" r21="-0.013084918" r22="0.9938727" r23="-0.109753214" r24="0" r31="-0.59277225" r32="-0.09610554" r33="-0.7996121" r34="0" r41="2271.8206" r42="113.77079" r43="-1457.8818" r44="1"></containerEntry>
          <containerEntry r11="-0.6782702" r12="0.15697184" r13="0.7178456" r14="0" r21="0.24391222" r22="0.9696221" r23="0.018436998" r24="0" r31="-0.69314486" r32="0.18759653" r33="-0.6959531" r34="0" r41="2225.5496" r42="119.227486" r43="-1465.665" r44="1"></containerEntry>
          <containerEntry r11="-0.029320009" r12="-0.07376321" r13="0.9968399" r14="0" r21="0.04352714" r22="0.9962332" r23="0.07499855" r24="0" r31="-0.9986172" r32="0.04558863" r33="-0.025998846" r34="0" r41="2255.645" r42="122.53372" r43="-1528.0046" r44="1"></containerEntry>
          <containerEntry r11="-0.8890806" r12="-0.08343675" r13="1.1423948" r14="0" r21="-0.19647992" r22="1.4358228" r23="-0.04804518" r24="0" r31="-1.1284605" r32="-0.18425795" r33="-0.8916937" r34="0" r41="2293.7104" r42="112.087166" r43="-1458.8324" r44="1"></containerEntry>
          <containerEntry r11="0.21334939" r12="-0.11389953" r13="-1.175375" r14="0" r21="0.19206508" r22="1.181848" r23="-0.07966401" r24="0" r31="1.1651568" r32="-0.17396046" r33="0.22835226" r34="0" r41="2247.7334" r42="118.56742" r43="-1446.6204" r44="1"></containerEntry>
          <containerEntry r11="-0.18659167" r12="0.013555868" r13="1.4882852" r14="0" r21="-0.038151532" r22="1.4994013" r23="-0.018440349" r24="0" r31="-1.4878578" r32="-0.040147536" r33="-0.1861724" r34="0" r41="2261.9705" r42="113.77079" r43="-1462.0018" r44="1"></containerEntry>
        </property>
        <property name="colors" type="UInt32" container="DynamicArray" arraySize="16">
          <containerEntry>4294967295</containerEntry>
          <containerEntry>4294967295</containerEntry>
          <containerEntry>4294967295</containerEntry>
          <containerEntry>4294967295</containerEntry>
          <containerEntry>4294967295</containerEntry>
          <containerEntry>4294967295</containerEntry>
          <containerEntry>4294967295</containerEntry>
          <containerEntry>4294967295</containerEntry>
          <containerEntry>4294967295</containerEntry>
          <containerEntry>4294967295</containerEntry>
          <containerEntry>4294967295</containerEntry>
          <containerEntry>4294967295</containerEntry>
          <containerEntry>4294967295</containerEntry>
          <containerEntry>4294967295</containerEntry>
          <containerEntry>4294967295</containerEntry>
          <containerEntry>4294967295</containerEntry>
        </property>
      </staticProperties>
      <dynamicProperties></dynamicProperties>
    </entity>
    <entity class="StaticModelArray" classVersion="4" classID="0xD0" addr="0x317D7C0" id="0x0">
      <staticProperties>
        <property name="name" type="String" container="StaticArray" arraySize="1">
          <containerEntry>StaticModelArray0003</containerEntry>
        </property>
        <property name="dataSet" type="EntityHandle" container="StaticArray" arraySize="1">
          <containerEntry>0x317F5F0</containerEntry>
        </property>
        <property name="modelFile" type="FilePtr" container="StaticArray" arraySize="1">
          <containerEntry>/Assets/tpp/environ/object/middle_africa/rock/mafr_rock002/scenes/mafr_rock002.fmdl</containerEntry>
        </property>
        <property name="geomFile" type="FilePtr" container="StaticArray" arraySize="1">
          <containerEntry>/Assets/tpp/environ/object/middle_africa/rock/mafr_rock002/scenes/mafr_rock002.geom</containerEntry>
        </property>
        <property name="isVisibleGeom" type="Bool" container="StaticArray" arraySize="1">
          <containerEntry>false</containerEntry>
        </property>
        <property name="lodFarSize" type="Float" container="StaticArray" arraySize="1">
          <containerEntry>-1</containerEntry>
        </property>
        <property name="lodNearSize" type="Float" container="StaticArray" arraySize="1">
          <containerEntry>-1</containerEntry>
        </property>
        <property name="lodPolygonSize" type="Float" container="StaticArray" arraySize="1">
          <containerEntry>-1</containerEntry>
        </property>
        <property name="drawRejectionLevel" type="Int32" container="StaticArray" arraySize="1">
          <containerEntry>8</containerEntry>
        </property>
        <property name="drawMode" type="Int32" container="StaticArray" arraySize="1">
          <containerEntry>0</containerEntry>
        </property>
        <property name="rejectFarRangeShadowCast" type="Int32" container="StaticArray" arraySize="1">
          <containerEntry>2</containerEntry>
        </property>
        <property name="parentLocator" type="EntityLink" container="StaticArray" arraySize="1">
          <containerEntry packagePathHash="0xB8A0BF169F98" archivePathHash="0xB8A0BF169F98" nameInArchiveHash="0xB8A0BF169F98">0x0</containerEntry>
        </property>
        <property name="transforms" type="Matrix4" container="DynamicArray" arraySize="4">
          <containerEntry r11="0.5487264" r12="0" r13="0.8359962" r14="0" r21="0" r22="1" r23="0" r24="0" r31="-0.8359962" r32="0" r33="0.5487264" r34="0" r41="2422.5486" r42="80.58451" r43="-1424.6978" r44="1"></containerEntry>
          <containerEntry r11="-0.06274048" r12="0.07343981" r13="-0.99532425" r14="0" r21="0.01357818" r22="0.99725944" r23="0.0727267" r24="0" r31="0.99793756" r32="-0.008951783" r33="-0.06356573" r34="0" r41="2425.1077" r42="82.34366" r43="-1442.2311" r44="1"></containerEntry>
          <containerEntry r11="-0.06737143" r12="0.21118964" r13="-0.97511727" r14="0" r21="-0.00559476" r22="0.9772456" r23="0.21203692" r24="0" r31="0.99770904" r32="0.019741034" r33="-0.06465684" r34="0" r41="2426.3508" r42="84.34658" r43="-1455.3097" r44="1"></containerEntry>
          <containerEntry r11="0.5316228" r12="-8.9053065e-05" r13="-0.8469808" r14="0" r21="-0.038321353" r22="0.99897337" r23="-0.024158098" r24="0" r31="0.84611344" r32="0.04530046" r33="0.5310737" r34="0" r41="2425.1184" r42="80.31538" r43="-1438.4834" r44="1"></containerEntry>
        </property>
        <property name="colors" type="UInt32" container="DynamicArray" arraySize="4">
          <containerEntry>4294967295</containerEntry>
          <containerEntry>4294967295</containerEntry>
          <containerEntry>4294967295</containerEntry>
          <containerEntry>4294967295</containerEntry>
        </property>
      </staticProperties>
      <dynamicProperties></dynamicProperties>
    </entity>
    <entity class="StaticModelArray" classVersion="4" classID="0xD0" addr="0x317D670" id="0x0">
      <staticProperties>
        <property name="name" type="String" container="StaticArray" arraySize="1">
          <containerEntry>StaticModelArray0004</containerEntry>
        </property>
        <property name="dataSet" type="EntityHandle" container="StaticArray" arraySize="1">
          <containerEntry>0x317F5F0</containerEntry>
        </property>
        <property name="modelFile" type="FilePtr" container="StaticArray" arraySize="1">
          <containerEntry>/Assets/tpp/environ/object/middle_africa/tree/mafr_tree032/scenes/mafr_tree032.fmdl</containerEntry>
        </property>
        <property name="geomFile" type="FilePtr" container="StaticArray" arraySize="1">
          <containerEntry>/Assets/tpp/environ/object/middle_africa/tree/mafr_tree032/scenes/mafr_tree032.geom</containerEntry>
        </property>
        <property name="isVisibleGeom" type="Bool" container="StaticArray" arraySize="1">
          <containerEntry>false</containerEntry>
        </property>
        <property name="lodFarSize" type="Float" container="StaticArray" arraySize="1">
          <containerEntry>-1</containerEntry>
        </property>
        <property name="lodNearSize" type="Float" container="StaticArray" arraySize="1">
          <containerEntry>-1</containerEntry>
        </property>
        <property name="lodPolygonSize" type="Float" container="StaticArray" arraySize="1">
          <containerEntry>-1</containerEntry>
        </property>
        <property name="drawRejectionLevel" type="Int32" container="StaticArray" arraySize="1">
          <containerEntry>8</containerEntry>
        </property>
        <property name="drawMode" type="Int32" container="StaticArray" arraySize="1">
          <containerEntry>0</containerEntry>
        </property>
        <property name="rejectFarRangeShadowCast" type="Int32" container="StaticArray" arraySize="1">
          <containerEntry>2</containerEntry>
        </property>
        <property name="parentLocator" type="EntityLink" container="StaticArray" arraySize="1">
          <containerEntry packagePathHash="0xB8A0BF169F98" archivePathHash="0xB8A0BF169F98" nameInArchiveHash="0xB8A0BF169F98">0x0</containerEntry>
        </property>
        <property name="transforms" type="Matrix4" container="DynamicArray" arraySize="25">
          <containerEntry r11="0.39508906" r12="0" r13="0.69563216" r14="0" r21="0" r22="0.8" r23="0" r24="0" r31="-0.69563216" r32="0" r33="0.39508906" r34="0" r41="2415.8179" r42="95.784584" r43="-1462.721" r44="1"></containerEntry>
          <containerEntry r11="0.96056926" r12="0.091817275" r13="-0.26244295" r14="0" r21="-0.09490314" r22="0.9954861" r23="0.000921268" r24="0" r31="0.26134288" r32="0.02402172" r33="0.96494704" r34="0" r41="2380.4014" r42="106.50786" r43="-1486.162" r44="1"></containerEntry>
          <containerEntry r11="-0.024398731" r12="0.09082947" r13="-0.99556816" r14="0" r21="-0.117040865" r22="0.9887559" r23="0.09307632" r24="0" r31="0.992828" r32="0.11879298" r33="-0.013493657" r34="0" r41="2292.908" r42="109.599625" r43="-1457.7295" r44="1"></containerEntry>
          <containerEntry r11="-0.23383264" r12="-0.0035809893" r13="0.441939" r14="0" r21="0.019702502" r22="0.49940205" r23="0.014471307" r24="0" r31="-0.44151413" r32="0.024182305" r33="-0.23341188" r34="0" r41="2396.581" r42="103.848" r43="-1451.1475" r44="1"></containerEntry>
          <containerEntry r11="-0.40470222" r12="-0.044585835" r13="-0.44071242" r14="0" r21="-0.03679387" r22="0.5982736" r23="-0.026738375" r24="0" r31="0.44143125" r32="0.008990712" r33="-0.4062719" r34="0" r41="2396.1318" r42="103.83921" r43="-1452.894" r44="1"></containerEntry>
          <containerEntry r11="0.6624643" r12="-0.0597128" r13="-0.275631" r14="0" r21="0.087014966" r22="0.7126223" r23="0.05475299" r24="0" r31="0.26826578" r32="-0.0836888" r33="0.6628927" r34="0" r41="2344.2131" r42="106.086975" r43="-1439.7518" r44="1"></containerEntry>
          <containerEntry r11="0.0261915" r12="-0.0049881935" r13="0.49928913" r14="0" r21="0.036521167" r22="0.498655" r23="0.0030660126" r24="0" r31="-0.49797663" r32="0.036308594" r33="0.026485384" r34="0" r41="2392.6814" r42="100.04834" r43="-1413.3762" r44="1"></containerEntry>
          <containerEntry r11="-0.4235802" r12="-0.10994383" r13="0.24185263" r14="0" r21="-0.10296411" r22="0.48753747" r23="0.04129888" r24="0" r31="-0.24490555" r32="-0.014817516" r33="-0.43566298" r34="0" r41="2406.4001" r42="100.66753" r43="-1423.5042" r44="1"></containerEntry>
          <containerEntry r11="-0.25950038" r12="0.021630332" r13="-0.4268407" r14="0" r21="0.03652079" r22="0.49865502" r23="0.0030665416" r24="0" r31="0.42582515" r32="-0.029585572" r33="-0.26038224" r34="0" r41="2380.2737" r42="102.54877" r43="-1408.2001" r44="1"></containerEntry>
          <containerEntry r11="-0.47640392" r12="0.03398156" r13="0.14793742" r14="0" r21="0.036520988" r22="0.49865502" r23="0.003066373" r24="0" r31="-0.14733106" r32="0.01372729" r33="-0.47760448" r34="0" r41="2380.2761" r42="102.15278" r43="-1409.7577" r44="1"></containerEntry>
          <containerEntry r11="0.22512302" r12="-0.07967678" r13="0.67924124" r14="0" r21="0.08701513" r22="0.71262234" r23="0.05475277" r24="0" r31="-0.6783402" r32="0.06496961" r33="0.23244551" r34="0" r41="2347.143" r42="105.27698" r43="-1442.1218" r44="1"></containerEntry>
          <containerEntry r11="-0.45363468" r12="0.009246086" r13="0.21007292" r14="0" r21="0.00011674594" r22="0.49952742" r23="-0.021733958" r24="0" r31="-0.21027626" r32="-0.01966948" r33="-0.45320806" r34="0" r41="2397.7483" r42="102.609764" r43="-1433.8" r44="1"></containerEntry>
          <containerEntry r11="-0.097823575" r12="-0.112672225" r13="0.78596133" r14="0" r21="0.09601909" r22="0.7844136" r23="0.124401234" r24="0" r31="-0.7881691" r32="0.1095459" r33="-0.08239432" r34="0" r41="2378.1904" r42="103.550415" r43="-1440.6046" r44="1"></containerEntry>
          <containerEntry r11="-0.8971343" r12="0.17312588" r13="0.4064169" r14="0" r21="0.17548232" r22="0.9839693" r23="-0.031787768" r24="0" r31="-0.40540498" r32="0.042801082" r33="-0.9131331" r34="0" r41="2334.3447" r42="110.52545" r43="-1428.2233" r44="1"></containerEntry>
          <containerEntry r11="0.5789542" r12="-0.07050309" r13="-0.5475777" r14="0" r21="0.023163727" r22="0.7958535" r23="-0.07797869" r24="0" r31="0.5516117" r32="0.04057769" r33="0.57799476" r34="0" r41="2373.365" r42="111.14344" r43="-1491.9603" r44="1"></containerEntry>
          <containerEntry r11="-0.3491372" r12="0.06025807" r13="-0.48422274" r14="0" r21="0.061117142" r22="0.5961189" r23="0.030115632" r24="0" r31="0.4841151" r32="-0.03179971" r33="-0.3530168" r34="0" r41="2389.6938" r42="108.23221" r43="-1506.2076" r44="1"></containerEntry>
          <containerEntry r11="-0.19041742" r12="0.07169584" r13="-0.45672873" r14="0" r21="0.013217919" r22="0.49459347" r23="0.072128996" r24="0" r31="0.46213278" r32="0.0153952" r33="-0.19025376" r34="0" r41="2418.1604" r42="107.646484" r43="-1482.9385" r44="1"></containerEntry>
          <containerEntry r11="0.26850584" r12="0.112586625" r13="-0.4064836" r14="0" r21="-0.08668388" r22="0.4863021" r23="0.07743483" r24="0" r31="0.41278392" r32="0.028887704" r33="0.2806688" r34="0" r41="2427.8826" r42="96.48319" r43="-1484.7958" r44="1"></containerEntry>
          <containerEntry r11="0.47345015" r12="-0.013132525" r13="-0.1602264" r14="0" r21="0.013767066" r22="0.49981037" r23="-0.0002855449" r24="0" r31="0.16017312" r32="-0.0041413107" r33="0.47363216" r34="0" r41="2426.2068" r42="97.1362" r43="-1483.6345" r44="1"></containerEntry>
          <containerEntry r11="-0.025921602" r12="-0.013441554" r13="0.4991467" r14="0" r21="0.01970242" r22="0.49940202" r23="0.014471614" r24="0" r31="-0.4989388" r32="0.02041905" r33="-0.025360942" r34="0" r41="2429.5725" r42="106.0436" r43="-1514.8655" r44="1"></containerEntry>
          <containerEntry r11="0.23649795" r12="-0.022080004" r13="0.43997842" r14="0" r21="0.019701883" r22="0.49940205" r23="0.014471945" r24="0" r31="-0.44009042" r32="0.010491634" r33="0.23708469" r34="0" r41="2423.815" r42="109.439865" r43="-1504.3207" r44="1"></containerEntry>
          <containerEntry r11="-0.025921602" r12="-0.013441554" r13="0.4991467" r14="0" r21="0.01970242" r22="0.49940202" r23="0.014471614" r24="0" r31="-0.4989388" r32="0.02041905" r33="-0.025360942" r34="0" r41="2450.4568" r42="110.32219" r43="-1521.9865" r44="1"></containerEntry>
          <containerEntry r11="0.10091975" r12="0" r13="-0.48970923" r14="0" r21="0" r22="0.5" r23="0" r24="0" r31="0.48970923" r32="0" r33="0.10091975" r34="0" r41="2416.6606" r42="95.762535" r43="-1464.8029" r44="1"></containerEntry>
          <containerEntry r11="0.3880098" r12="-0.00030971598" r13="-0.31535432" r14="0" r21="0.019327309" r22="0.4990832" r23="0.023290038" r24="0" r31="0.31476167" r32="-0.030263424" r33="0.3873103" r34="0" r41="2361.8408" r42="108.56203" r43="-1467.6464" r44="1"></containerEntry>
          <containerEntry r11="-0.19638048" r12="0.0513558" r13="-0.45694384" r14="0" r21="0.08923433" r22="0.4916821" r23="0.016909923" r24="0" r31="0.45107904" r32="-0.07490857" r33="-0.20227894" r34="0" r41="2364.277" r42="108.08179" r43="-1457.8016" r44="1"></containerEntry>
        </property>
        <property name="colors" type="UInt32" container="DynamicArray" arraySize="25">
          <containerEntry>4294967295</containerEntry>
          <containerEntry>4294967295</containerEntry>
          <containerEntry>4294967295</containerEntry>
          <containerEntry>4294967295</containerEntry>
          <containerEntry>4294967295</containerEntry>
          <containerEntry>4294967295</containerEntry>
          <containerEntry>4294967295</containerEntry>
          <containerEntry>4294967295</containerEntry>
          <containerEntry>4294967295</containerEntry>
          <containerEntry>4294967295</containerEntry>
          <containerEntry>4294967295</containerEntry>
          <containerEntry>4294967295</containerEntry>
          <containerEntry>4294967295</containerEntry>
          <containerEntry>4294967295</containerEntry>
          <containerEntry>4294967295</containerEntry>
          <containerEntry>4294967295</containerEntry>
          <containerEntry>4294967295</containerEntry>
          <containerEntry>4294967295</containerEntry>
          <containerEntry>4294967295</containerEntry>
          <containerEntry>4294967295</containerEntry>
          <containerEntry>4294967295</containerEntry>
          <containerEntry>4294967295</containerEntry>
          <containerEntry>4294967295</containerEntry>
          <containerEntry>4294967295</containerEntry>
          <containerEntry>4294967295</containerEntry>
        </property>
      </staticProperties>
      <dynamicProperties></dynamicProperties>
    </entity>
    <entity class="StaticModelArray" classVersion="4" classID="0xD0" addr="0x317D0C0" id="0x0">
      <staticProperties>
        <property name="name" type="String" container="StaticArray" arraySize="1">
          <containerEntry>StaticModelArray0005</containerEntry>
        </property>
        <property name="dataSet" type="EntityHandle" container="StaticArray" arraySize="1">
          <containerEntry>0x317F5F0</containerEntry>
        </property>
        <property name="modelFile" type="FilePtr" container="StaticArray" arraySize="1">
          <containerEntry>/Assets/tpp/environ/object/middle_africa/rock/mafr_rock002/scenes/mafr_rock002.fmdl</containerEntry>
        </property>
        <property name="geomFile" type="FilePtr" container="StaticArray" arraySize="1">
          <containerEntry>/Assets/tpp/environ/object/middle_africa/rock/mafr_rock002/scenes/mafr_rock002.geom</containerEntry>
        </property>
        <property name="isVisibleGeom" type="Bool" container="StaticArray" arraySize="1">
          <containerEntry>false</containerEntry>
        </property>
        <property name="lodFarSize" type="Float" container="StaticArray" arraySize="1">
          <containerEntry>-1</containerEntry>
        </property>
        <property name="lodNearSize" type="Float" container="StaticArray" arraySize="1">
          <containerEntry>-1</containerEntry>
        </property>
        <property name="lodPolygonSize" type="Float" container="StaticArray" arraySize="1">
          <containerEntry>-1</containerEntry>
        </property>
        <property name="drawRejectionLevel" type="Int32" container="StaticArray" arraySize="1">
          <containerEntry>5</containerEntry>
        </property>
        <property name="drawMode" type="Int32" container="StaticArray" arraySize="1">
          <containerEntry>0</containerEntry>
        </property>
