<fox formatVersion="2" fileVersion="0">
  <entities>
    <entity class="DataSet" classVersion="0" classID="0xE8" addr="0x33037A0" id="0x28A001">
      <staticProperties>
        <property name="name" type="String" container="StaticArray" arraySize="1">
          <containerEntry hash="0xB8A0BF169F98"></containerEntry>
        </property>
        <property name="dataSet" type="EntityHandle" container="StaticArray" arraySize="1">
          <containerEntry>0x0</containerEntry>
        </property>
        <property name="dataList" type="EntityPtr" container="StringMap" arraySize="12">
          <containerEntry key="mafr_rock012_0213">
            <data>0x3175B80</data>
          </containerEntry>
          <containerEntry key="StaticModelArray0000">
            <data>0x33048B0</data>
          </containerEntry>
          <containerEntry key="StaticModelArray0001">
            <data>0x3303C70</data>
          </containerEntry>
          <containerEntry key="StaticModelArray0002">
            <data>0x33022A0</data>
          </containerEntry>
          <containerEntry key="StaticModelArray0003">
            <data>0x3302070</data>
          </containerEntry>
          <containerEntry key="StaticModelArray0004">
            <data>0x3304290</data>
          </containerEntry>
          <containerEntry key="StaticModelArray0005">
            <data>0x33020E0</data>
          </containerEntry>
          <containerEntry key="StaticModelArray0006">
            <data>0x3302380</data>
          </containerEntry>
          <containerEntry key="StaticModelArray0007">
            <data>0x3304680</data>
          </containerEntry>
          <containerEntry key="StaticModelArray0008">
            <data>0x317F040</data>
          </containerEntry>
          <containerEntry key="StaticModelArray0009">
            <data>0x3302150</data>
          </containerEntry>
          <containerEntry key="TexturePackLoadConditioner0000">
            <data>0x3304CA0</data>
          </containerEntry>
        </property>
      </staticProperties>
      <dynamicProperties></dynamicProperties>
    </entity>
    <entity class="StaticModel" classVersion="9" classID="0x160" addr="0x3175B80" id="0x28A0A5">
      <staticProperties>
        <property name="name" type="String" container="StaticArray" arraySize="1">
          <containerEntry>mafr_rock012_0213</containerEntry>
        </property>
        <property name="dataSet" type="EntityHandle" container="StaticArray" arraySize="1">
          <containerEntry>0x33037A0</containerEntry>
        </property>
        <property name="parent" type="EntityHandle" container="StaticArray" arraySize="1">
          <containerEntry>0x0</containerEntry>
        </property>
        <property name="transform" type="EntityPtr" container="StaticArray" arraySize="1">
          <containerEntry>0x3175BF0</containerEntry>
        </property>
        <property name="shearTransform" type="EntityPtr" container="StaticArray" arraySize="1">
          <containerEntry>0x0</containerEntry>
        </property>
        <property name="pivotTransform" type="EntityPtr" container="StaticArray" arraySize="1">
          <containerEntry>0x0</containerEntry>
        </property>
        <property name="children" type="EntityHandle" container="List"></property>
        <property name="flags" type="UInt32" container="StaticArray" arraySize="1">
          <containerEntry>7</containerEntry>
        </property>
        <property name="modelFile" type="FilePtr" container="StaticArray" arraySize="1">
          <containerEntry>/Assets/tpp/environ/object/middle_africa/rock/mafr_rock012/scenes/mafr_rock012.fmdl</containerEntry>
        </property>
        <property name="geomFile" type="FilePtr" container="StaticArray" arraySize="1">
          <containerEntry>/Assets/tpp/environ/object/middle_africa/rock/mafr_rock012/scenes/mafr_rock012.geom</containerEntry>
        </property>
        <property name="isVisibleGeom" type="Bool" container="StaticArray" arraySize="1">
          <containerEntry>false</containerEntry>
        </property>
        <property name="isIsolated" type="Bool" container="StaticArray" arraySize="1">
          <containerEntry>false</containerEntry>
        </property>
        <property name="lodFarSize" type="Float" container="StaticArray" arraySize="1">
          <containerEntry>-1</containerEntry>
        </property>
        <property name="lodNearSize" type="Float" container="StaticArray" arraySize="1">
          <containerEntry>-1</containerEntry>
        </property>
        <property name="lodPolygonSize" type="Float" container="StaticArray" arraySize="1">
          <containerEntry>-1</containerEntry>
        </property>
        <property name="color" type="Color" container="StaticArray" arraySize="1">
          <containerEntry r="1" g="1" b="1" a="1"></containerEntry>
        </property>
        <property name="drawRejectionLevel" type="Int32" container="StaticArray" arraySize="1">
          <containerEntry>8</containerEntry>
        </property>
        <property name="drawMode" type="Int32" container="StaticArray" arraySize="1">
          <containerEntry>0</containerEntry>
        </property>
        <property name="rejectFarRangeShadowCast" type="Int32" container="StaticArray" arraySize="1">
          <containerEntry>2</containerEntry>
        </property>
      </staticProperties>
      <dynamicProperties></dynamicProperties>
    </entity>
    <entity class="TransformEntity" classVersion="0" classID="0x50" addr="0x3175BF0" id="0x28A0A8">
      <staticProperties>
        <property name="owner" type="EntityHandle" container="StaticArray" arraySize="1">
          <containerEntry>0x3175B80</containerEntry>
        </property>
        <property name="transform_scale" type="Vector3" container="StaticArray" arraySize="1">
          <containerEntry x="1.000001" y="1" z="1.000001" w="0"></containerEntry>
        </property>
        <property name="transform_rotation_quat" type="Quat" container="StaticArray" arraySize="1">
          <containerEntry x="0.011659" y="0.611882" z="0.43209" w="0.662392"></containerEntry>
        </property>
        <property name="transform_translation" type="Vector3" container="StaticArray" arraySize="1">
          <containerEntry x="2283.6333" y="215.77023" z="-2535.8018" w="0"></containerEntry>
        </property>
      </staticProperties>
      <dynamicProperties></dynamicProperties>
    </entity>
    <entity class="StaticModelArray" classVersion="4" classID="0xD0" addr="0x33048B0" id="0x0">
      <staticProperties>
        <property name="name" type="String" container="StaticArray" arraySize="1">
          <containerEntry>StaticModelArray0000</containerEntry>
        </property>
        <property name="dataSet" type="EntityHandle" container="StaticArray" arraySize="1">
          <containerEntry>0x33037A0</containerEntry>
        </property>
        <property name="modelFile" type="FilePtr" container="StaticArray" arraySize="1">
          <containerEntry>/Assets/tpp/environ/object/middle_africa/rock/mafr_rock007/scenes/mafr_rock007_vrtn002.fmdl</containerEntry>
        </property>
        <property name="geomFile" type="FilePtr" container="StaticArray" arraySize="1">
          <containerEntry>/Assets/tpp/environ/object/middle_africa/rock/mafr_rock007/scenes/mafr_rock007_vrtn002.geom</containerEntry>
        </property>
        <property name="isVisibleGeom" type="Bool" container="StaticArray" arraySize="1">
          <containerEntry>false</containerEntry>
        </property>
        <property name="lodFarSize" type="Float" container="StaticArray" arraySize="1">
          <containerEntry>-1</containerEntry>
        </property>
        <property name="lodNearSize" type="Float" container="StaticArray" arraySize="1">
          <containerEntry>-1</containerEntry>
        </property>
        <property name="lodPolygonSize" type="Float" container="StaticArray" arraySize="1">
          <containerEntry>-1</containerEntry>
        </property>
        <property name="drawRejectionLevel" type="Int32" container="StaticArray" arraySize="1">
          <containerEntry>8</containerEntry>
        </property>
        <property name="drawMode" type="Int32" container="StaticArray" arraySize="1">
          <containerEntry>0</containerEntry>
        </property>
        <property name="rejectFarRangeShadowCast" type="Int32" container="StaticArray" arraySize="1">
          <containerEntry>2</containerEntry>
        </property>
        <property name="parentLocator" type="EntityLink" container="StaticArray" arraySize="1">
          <containerEntry packagePathHash="0xB8A0BF169F98" archivePathHash="0xB8A0BF169F98" nameInArchiveHash="0xB8A0BF169F98">0x0</containerEntry>
        </property>
        <property name="transforms" type="Matrix4" container="DynamicArray" arraySize="2">
          <containerEntry r11="-0.42324284" r12="-0.16415262" r13="-0.8910207" r14="0" r21="-0.14039883" r22="0.9834531" r23="-0.114490554" r24="0" r31="0.8950711" r32="0.076640934" r33="-0.43928635" r34="0" r41="2299.271" r42="201.30518" r43="-2487.9512" r44="1"></containerEntry>
          <containerEntry r11="-0.8659497" r12="-0.0039423183" r13="0.5001123" r14="0" r21="0.18972096" r22="0.9226372" r23="0.33577722" r24="0" r31="-0.46274593" r32="0.3856486" r33="-0.79820937" r34="0" r41="2395.8398" r42="210.09447" r43="-2527.3047" r44="1"></containerEntry>
        </property>
        <property name="colors" type="UInt32" container="DynamicArray" arraySize="2">
          <containerEntry>4294967295</containerEntry>
          <containerEntry>4294967295</containerEntry>
        </property>
      </staticProperties>
      <dynamicProperties></dynamicProperties>
    </entity>
    <entity class="StaticModelArray" classVersion="4" classID="0xD0" addr="0x3303C70" id="0x0">
      <staticProperties>
        <property name="name" type="String" container="StaticArray" arraySize="1">
          <containerEntry>StaticModelArray0001</containerEntry>
        </property>
        <property name="dataSet" type="EntityHandle" container="StaticArray" arraySize="1">
          <containerEntry>0x33037A0</containerEntry>
        </property>
        <property name="modelFile" type="FilePtr" container="StaticArray" arraySize="1">
          <containerEntry>/Assets/tpp/environ/object/middle_africa/rock/mafr_rock010/scenes/mafr_rock010.fmdl</containerEntry>
        </property>
        <property name="geomFile" type="FilePtr" container="StaticArray" arraySize="1">
          <containerEntry>/Assets/tpp/environ/object/middle_africa/rock/mafr_rock010/scenes/mafr_rock010.geom</containerEntry>
        </property>
        <property name="isVisibleGeom" type="Bool" container="StaticArray" arraySize="1">
          <containerEntry>false</containerEntry>
        </property>
        <property name="lodFarSize" type="Float" container="StaticArray" arraySize="1">
          <containerEntry>-1</containerEntry>
        </property>
        <property name="lodNearSize" type="Float" container="StaticArray" arraySize="1">
          <containerEntry>-1</containerEntry>
        </property>
        <property name="lodPolygonSize" type="Float" container="StaticArray" arraySize="1">
          <containerEntry>-1</containerEntry>
        </property>
        <property name="drawRejectionLevel" type="Int32" container="StaticArray" arraySize="1">
          <containerEntry>8</containerEntry>
        </property>
        <property name="drawMode" type="Int32" container="StaticArray" arraySize="1">
          <containerEntry>0</containerEntry>
        </property>
        <property name="rejectFarRangeShadowCast" type="Int32" container="StaticArray" arraySize="1">
          <containerEntry>2</containerEntry>
        </property>
        <property name="parentLocator" type="EntityLink" container="StaticArray" arraySize="1">
          <containerEntry packagePathHash="0xB8A0BF169F98" archivePathHash="0xB8A0BF169F98" nameInArchiveHash="0xB8A0BF169F98">0x0</containerEntry>
        </property>
        <property name="transforms" type="Matrix4" container="DynamicArray" arraySize="11">
          <containerEntry r11="-0.11915493" r12="0.56905246" r13="-0.8136193" r14="0" r21="0.31990483" r22="0.79776293" r23="0.5111116" r24="0" r31="0.93992466" r32="-0.19937913" r33="-0.27709994" r34="0" r41="2290.271" r42="215.8247" r43="-2524.0889" r44="1"></containerEntry>
          <containerEntry r11="-0.95572615" r12="0.26477084" r13="0.12837325" r14="0" r21="0.24030188" r22="0.45052326" r23="0.85981613" r24="0" r31="0.16981913" r32="0.8525971" r33="-0.49420172" r34="0" r41="2292.0251" r42="211.77597" r43="-2522.0825" r44="1"></containerEntry>
          <containerEntry r11="-0.9874277" r12="-0.59885085" r13="-0.2871697" r14="0" r21="-0.6623118" r22="0.9260979" r23="0.34610143" r24="0" r31="0.049314503" r32="0.44701308" r33="-1.1017486" r34="0" r41="2231.0786" r42="211.47647" r43="-2517.3086" r44="1"></containerEntry>
          <containerEntry r11="0.3801367" r12="-0.1985993" r13="1.1100253" r14="0" r21="-0.14589472" r22="1.1528921" r23="0.25623187" r24="0" r31="-1.1181738" r32="-0.21794116" r33="0.34393445" r34="0" r41="2229.7632" r42="211.2495" r43="-2520.4744" r44="1"></containerEntry>
          <containerEntry r11="1.1022586" r12="0.19473937" r13="0.40398353" r14="0" r21="-0.212929" r22="1.1706768" r23="0.016649038" r24="0" r31="-0.39469907" r32="-0.08770707" r33="1.1192051" r34="0" r41="2226.751" r42="210.86292" r43="-2523.2573" r44="1"></containerEntry>
          <containerEntry r11="-0.94287735" r12="-0.18448392" r13="0.27739587" r14="0" r21="-0.26716647" r22="0.9161504" r23="-0.2988153" r24="0" r31="-0.19900975" r32="-0.35585696" r33="-0.91310537" r34="0" r41="2295.552" r42="204.45529" r43="-2510.2239" r44="1"></containerEntry>
          <containerEntry r11="-0.4294684" r12="0.036926735" r13="-0.902324" r14="0" r21="-0.025784139" r22="0.99825495" r23="0.05312478" r24="0" r31="0.9027111" r32="0.04608108" r33="-0.42776683" r34="0" r41="2297.7864" r42="207.75655" r43="-2514.8433" r44="1"></containerEntry>
          <containerEntry r11="1.0210449" r12="-0.026658216" r13="0.6106195" r14="0" r21="-0.29251242" r22="1.022561" r23="0.533765" r24="0" r31="-0.5366594" r32="-0.6080772" r33="0.8708258" r34="0" r41="2215.7063" r42="219.3445" r43="-2564.9692" r44="1"></containerEntry>
          <containerEntry r11="-1.1692839" r12="-0.11754439" r13="-0.18719159" r14="0" r21="-0.13615663" r22="1.1769178" r23="0.11147211" r24="0" r31="0.1741228" r32="0.13095027" r33="-1.1698782" r34="0" r41="2223.488" r42="221.17737" r43="-2560.898" r44="1"></containerEntry>
          <containerEntry r11="-0.69879943" r12="0.8588589" r13="0.43603116" r14="0" r21="0.67810714" r22="0.82125205" r23="-0.53086007" r24="0" r31="-0.68405586" r32="-0.06327029" r33="-0.97167087" r34="0" r41="2241.1963" r42="214.45958" r43="-2559.0725" r44="1"></containerEntry>
          <containerEntry r11="-1.1127139" r12="0.36438954" r13="-0.21253003" r14="0" r21="0.39775658" r22="1.105984" r23="-0.18624869" r24="0" r31="0.14049365" r32="-0.24519202" r33="-1.1559511" r34="0" r41="2239.3604" r42="217.14438" r43="-2557.0466" r44="1"></containerEntry>
        </property>
        <property name="colors" type="UInt32" container="DynamicArray" arraySize="11">
          <containerEntry>4294967295</containerEntry>
          <containerEntry>4294967295</containerEntry>
          <containerEntry>4294967295</containerEntry>
          <containerEntry>4294967295</containerEntry>
          <containerEntry>4294967295</containerEntry>
          <containerEntry>4294967295</containerEntry>
          <containerEntry>4294967295</containerEntry>
          <containerEntry>4294967295</containerEntry>
          <containerEntry>4294967295</containerEntry>
          <containerEntry>4294967295</containerEntry>
          <containerEntry>4294967295</containerEntry>
        </property>
      </staticProperties>
      <dynamicProperties></dynamicProperties>
    </entity>
    <entity class="StaticModelArray" classVersion="4" classID="0xD0" addr="0x33022A0" id="0x0">
      <staticProperties>
        <property name="name" type="String" container="StaticArray" arraySize="1">
          <containerEntry>StaticModelArray0002</containerEntry>
        </property>
        <property name="dataSet" type="EntityHandle" container="StaticArray" arraySize="1">
          <containerEntry>0x33037A0</containerEntry>
        </property>
        <property name="modelFile" type="FilePtr" container="StaticArray" arraySize="1">
          <containerEntry>/Assets/tpp/environ/object/middle_africa/tree/mafr_tree032/scenes/mafr_tree032.fmdl</containerEntry>
        </property>
        <property name="geomFile" type="FilePtr" container="StaticArray" arraySize="1">
          <containerEntry>/Assets/tpp/environ/object/middle_africa/tree/mafr_tree032/scenes/mafr_tree032.geom</containerEntry>
        </property>
        <property name="isVisibleGeom" type="Bool" container="StaticArray" arraySize="1">
          <containerEntry>false</containerEntry>
        </property>
        <property name="lodFarSize" type="Float" container="StaticArray" arraySize="1">
          <containerEntry>-1</containerEntry>
        </property>
        <property name="lodNearSize" type="Float" container="StaticArray" arraySize="1">
          <containerEntry>-1</containerEntry>
        </property>
        <property name="lodPolygonSize" type="Float" container="StaticArray" arraySize="1">
          <containerEntry>-1</containerEntry>
        </property>
        <property name="drawRejectionLevel" type="Int32" container="StaticArray" arraySize="1">
          <containerEntry>8</containerEntry>
        </property>
        <property name="drawMode" type="Int32" container="StaticArray" arraySize="1">
          <containerEntry>0</containerEntry>
        </property>
        <property name="rejectFarRangeShadowCast" type="Int32" container="StaticArray" arraySize="1">
          <containerEntry>2</containerEntry>
        </property>
        <property name="parentLocator" type="EntityLink" container="StaticArray" arraySize="1">
          <containerEntry packagePathHash="0xB8A0BF169F98" archivePathHash="0xB8A0BF169F98" nameInArchiveHash="0xB8A0BF169F98">0x0</containerEntry>
        </property>
        <property name="transforms" type="Matrix4" container="DynamicArray" arraySize="3">
          <containerEntry r11="-0.9687955" r12="0.00041718595" r13="0.24787277" r14="0" r21="0.03795194" r22="0.9884573" r23="0.14666896" r24="0" r31="-0.24495047" r32="0.15149905" r33="-0.9576289" r34="0" r41="2182.4097" r42="224.8137" r43="-2555.2634" r44="1"></containerEntry>
          <containerEntry r11="0.29147962" r12="0.031803958" r13="-0.40500414" r14="0" r21="-0.07964107" r22="0.49326664" r23="-0.018582376" r24="0" r31="0.39836812" r32="0.07534263" r33="0.29262015" r34="0" r41="2187.909" r42="225.1648" r43="-2561.0435" r44="1"></containerEntry>
          <containerEntry r11="0.63550395" r12="0" r13="-0.48593685" r14="0" r21="0" r22="0.8" r23="0" r24="0" r31="0.48593685" r32="0" r33="0.63550395" r34="0" r41="2188.605" r42="225.06467" r43="-2562.4985" r44="1"></containerEntry>
        </property>
        <property name="colors" type="UInt32" container="DynamicArray" arraySize="3">
          <containerEntry>4294967295</containerEntry>
          <containerEntry>4294967295</containerEntry>
          <containerEntry>4294967295</containerEntry>
        </property>
      </staticProperties>
      <dynamicProperties></dynamicProperties>
    </entity>
    <entity class="StaticModelArray" classVersion="4" classID="0xD0" addr="0x3302070" id="0x0">
      <staticProperties>
        <property name="name" type="String" container="StaticArray" arraySize="1">
          <containerEntry>StaticModelArray0003</containerEntry>
        </property>
        <property name="dataSet" type="EntityHandle" container="StaticArray" arraySize="1">
          <containerEntry>0x33037A0</containerEntry>
        </property>
        <property name="modelFile" type="FilePtr" container="StaticArray" arraySize="1">
          <containerEntry>/Assets/tpp/environ/object/middle_africa/rock/mafr_rock002/scenes/mafr_rock002.fmdl</containerEntry>
        </property>
        <property name="geomFile" type="FilePtr" container="StaticArray" arraySize="1">
          <containerEntry>/Assets/tpp/environ/object/middle_africa/rock/mafr_rock002/scenes/mafr_rock002.geom</containerEntry>
        </property>
        <property name="isVisibleGeom" type="Bool" container="StaticArray" arraySize="1">
          <containerEntry>false</containerEntry>
        </property>
        <property name="lodFarSize" type="Float" container="StaticArray" arraySize="1">
          <containerEntry>-1</containerEntry>
        </property>
        <property name="lodNearSize" type="Float" container="StaticArray" arraySize="1">
          <containerEntry>-1</containerEntry>
        </property>
        <property name="lodPolygonSize" type="Float" container="StaticArray" arraySize="1">
          <containerEntry>-1</containerEntry>
        </property>
        <property name="drawRejectionLevel" type="Int32" container="StaticArray" arraySize="1">
          <containerEntry>8</containerEntry>
        </property>
        <property name="drawMode" type="Int32" container="StaticArray" arraySize="1">
          <containerEntry>0</containerEntry>
        </property>
        <property name="rejectFarRangeShadowCast" type="Int32" container="StaticArray" arraySize="1">
          <containerEntry>2</containerEntry>
        </property>
        <property name="parentLocator" type="EntityLink" container="StaticArray" arraySize="1">
          <containerEntry packagePathHash="0xB8A0BF169F98" archivePathHash="0xB8A0BF169F98" nameInArchiveHash="0xB8A0BF169F98">0x0</containerEntry>
        </property>
        <property name="transforms" type="Matrix4" container="DynamicArray" arraySize="6">
          <containerEntry r11="-0.9890789" r12="0" r13="0.14739193" r14="0" r21="0" r22="1" r23="0" r24="0" r31="-0.14739193" r32="0" r33="-0.9890789" r34="0" r41="2251.336" r42="201.39389" r43="-2464.3247" r44="1"></containerEntry>
          <containerEntry r11="-0.62460333" r12="0.13200122" r13="-0.769687" r14="0" r21="0.14413288" r22="0.98816043" r23="0.052504845" r24="0" r31="0.7675103" r32="-0.07814309" r33="-0.6362384" r34="0" r41="2203.469" r42="205.46384" r43="-2468.3208" r44="1"></containerEntry>
          <containerEntry r11="-0.9962991" r12="0.08571434" r13="-0.0059865452" r14="0" r21="0.08042464" r22="0.95480275" r23="0.28615293" r24="0" r31="0.030243412" r32="0.28461322" r33="-0.9581625" r34="0" r41="2239.781" r42="203.52477" r43="-2480.228" r44="1"></containerEntry>
          <containerEntry r11="0.56929463" r12="0.021880362" r13="0.8218422" r14="0" r21="0.07378529" r22="0.99425185" r23="-0.077581964" r24="0" r31="-0.8188157" r32="0.10480688" r33="0.5644078" r34="0" r41="2213.366" r42="211.07353" r43="-2521.6768" r44="1"></containerEntry>
          <containerEntry r11="0.98387825" r12="0.17811671" r13="-0.01606437" r14="0" r21="-0.16741389" r22="0.9488885" r23="0.26755047" r24="0" r31="0.06289849" r32="-0.2605477" r33="0.96340996" r34="0" r41="2213.1553" r42="213.95856" r43="-2549.2327" r44="1"></containerEntry>
          <containerEntry r11="0.63641906" r12="-0.006285675" r13="-0.7713177" r14="0" r21="0.07372633" r22="0.99588424" r23="0.052716292" r24="0" r31="0.7678118" r32="-0.090416096" r33="0.63426304" r34="0" r41="2283.6812" r42="207.95724" r43="-2507.9478" r44="1"></containerEntry>
        </property>
        <property name="colors" type="UInt32" container="DynamicArray" arraySize="6">
          <containerEntry>4294967295</containerEntry>
          <containerEntry>4294967295</containerEntry>
          <containerEntry>4294967295</containerEntry>
          <containerEntry>4294967295</containerEntry>
          <containerEntry>4294967295</containerEntry>
          <containerEntry>4294967295</containerEntry>
        </property>
      </staticProperties>
      <dynamicProperties></dynamicProperties>
    </entity>
    <entity class="StaticModelArray" classVersion="4" classID="0xD0" addr="0x3304290" id="0x0">
      <staticProperties>
        <property name="name" type="String" container="StaticArray" arraySize="1">
          <containerEntry>StaticModelArray0004</containerEntry>
        </property>
        <property name="dataSet" type="EntityHandle" container="StaticArray" arraySize="1">
          <containerEntry>0x33037A0</containerEntry>
        </property>
        <property name="modelFile" type="FilePtr" container="StaticArray" arraySize="1">
          <containerEntry>/Assets/tpp/environ/object/middle_africa/tree/mafr_tree038/scenes/mafr_tree038.fmdl</containerEntry>
        </property>
        <property name="geomFile" type="FilePtr" container="StaticArray" arraySize="1">
          <containerEntry>/Assets/tpp/environ/object/middle_africa/tree/mafr_tree038/scenes/mafr_tree038.geom</containerEntry>
        </property>
        <property name="isVisibleGeom" type="Bool" container="StaticArray" arraySize="1">
          <containerEntry>false</containerEntry>
        </property>
        <property name="lodFarSize" type="Float" container="StaticArray" arraySize="1">
          <containerEntry>-1</containerEntry>
        </property>
        <property name="lodNearSize" type="Float" container="StaticArray" arraySize="1">
          <containerEntry>-1</containerEntry>
        </property>
        <property name="lodPolygonSize" type="Float" container="StaticArray" arraySize="1">
          <containerEntry>-1</containerEntry>
        </property>
        <property name="drawRejectionLevel" type="Int32" container="StaticArray" arraySize="1">
          <containerEntry>8</containerEntry>
        </property>
        <property name="drawMode" type="Int32" container="StaticArray" arraySize="1">
          <containerEntry>0</containerEntry>
        </property>
        <property name="rejectFarRangeShadowCast" type="Int32" container="StaticArray" arraySize="1">
          <containerEntry>2</containerEntry>
        </property>
        <property name="parentLocator" type="EntityLink" container="StaticArray" arraySize="1">
          <containerEntry packagePathHash="0xB8A0BF169F98" archivePathHash="0xB8A0BF169F98" nameInArchiveHash="0xB8A0BF169F98">0x0</containerEntry>
        </property>
        <property name="transforms" type="Matrix4" container="DynamicArray" arraySize="6">
          <containerEntry r11="1" r12="0" r13="0" r14="0" r21="0" r22="1" r23="0" r24="0" r31="0" r32="0" r33="1" r34="0" r41="2256.3567" r42="195.64644" r43="-2492.8018" r44="1"></containerEntry>
          <containerEntry r11="1" r12="0" r13="0" r14="0" r21="0" r22="1" r23="0" r24="0" r31="0" r32="0" r33="1" r34="0" r41="2241.381" r42="215.74959" r43="-2545.6123" r44="1"></containerEntry>
          <containerEntry r11="1" r12="0" r13="0" r14="0" r21="0" r22="1" r23="0" r24="0" r31="0" r32="0" r33="1" r34="0" r41="2270.5823" r42="215.7572" r43="-2537.9968" r44="1"></containerEntry>
          <containerEntry r11="1" r12="0" r13="0" r14="0" r21="0" r22="1" r23="0" r24="0" r31="0" r32="0" r33="1" r34="0" r41="2268.42" r42="215.7572" r43="-2522.2854" r44="1"></containerEntry>
          <containerEntry r11="1" r12="0" r13="0" r14="0" r21="0" r22="1" r23="0" r24="0" r31="0" r32="0" r33="1" r34="0" r41="2255.3767" r42="199.22127" r43="-2446.6233" r44="1"></containerEntry>
          <containerEntry r11="1" r12="0" r13="0" r14="0" r21="0" r22="1" r23="0" r24="0" r31="0" r32="0" r33="1" r34="0" r41="2283.701" r42="205.29462" r43="-2454.0115" r44="1"></containerEntry>
        </property>
        <property name="colors" type="UInt32" container="DynamicArray" arraySize="6">
          <containerEntry>4294967295</containerEntry>
          <containerEntry>4294967295</containerEntry>
          <containerEntry>4294967295</containerEntry>
          <containerEntry>4294967295</containerEntry>
          <containerEntry>4294967295</containerEntry>
          <containerEntry>4294967295</containerEntry>
        </property>
      </staticProperties>
      <dynamicProperties></dynamicProperties>
    </entity>
    <entity class="StaticModelArray" classVersion="4" classID="0xD0" addr="0x33020E0" id="0x0">
      <staticProperties>
        <property name="name" type="String" container="StaticArray" arraySize="1">
          <containerEntry>StaticModelArray0005</containerEntry>
        </property>
        <property name="dataSet" type="EntityHandle" container="StaticArray" arraySize="1">
          <containerEntry>0x33037A0</containerEntry>
        </property>
        <property name="modelFile" type="FilePtr" container="StaticArray" arraySize="1">
          <containerEntry>/Assets/tpp/environ/object/middle_africa/rock/mafr_rock009/scenes/mafr_rock009.fmdl</containerEntry>
        </property>
        <property name="geomFile" type="FilePtr" container="StaticArray" arraySize="1">
          <containerEntry>/Assets/tpp/environ/object/middle_africa/rock/mafr_rock009/scenes/mafr_rock009.geom</containerEntry>
        </property>
        <property name="isVisibleGeom" type="Bool" container="StaticArray" arraySize="1">
          <containerEntry>false</containerEntry>
        </property>
        <property name="lodFarSize" type="Float" container="StaticArray" arraySize="1">
          <containerEntry>-1</containerEntry>
        </property>
        <property name="lodNearSize" type="Float" container="StaticArray" arraySize="1">
          <containerEntry>-1</containerEntry>
        </property>
        <property name="lodPolygonSize" type="Float" container="StaticArray" arraySize="1">
          <containerEntry>-1</containerEntry>
        </property>
        <property name="drawRejectionLevel" type="Int32" container="StaticArray" arraySize="1">
          <containerEntry>8</containerEntry>
        </property>
        <property name="drawMode" type="Int32" container="StaticArray" arraySize="1">
          <containerEntry>0</containerEntry>
        </property>
        <property name="rejectFarRangeShadowCast" type="Int32" container="StaticArray" arraySize="1">
          <containerEntry>2</containerEntry>
        </property>
        <property name="parentLocator" type="EntityLink" container="StaticArray" arraySize="1">
          <containerEntry packagePathHash="0xB8A0BF169F98" archivePathHash="0xB8A0BF169F98" nameInArchiveHash="0xB8A0BF169F98">0x0</containerEntry>
        </property>
        <property name="transforms" type="Matrix4" container="DynamicArray" arraySize="12">
          <containerEntry r11="0.89522165" r12="0.44278863" r13="0.050164767" r14="0" r21="-0.44059715" r22="0.8963587" r23="-0.04914484" r24="0" r31="-0.0667264" r32="0.02189307" r33="0.9975311" r34="0" r41="2248.8389" r42="204.00127" r43="-2503.5996" r44="1"></containerEntry>
          <containerEntry r11="0.5740041" r12="-0.066321746" r13="-0.47814286" r14="0" r21="-0.083181925" r22="0.7181853" r23="-0.199476" r24="0" r31="0.47549963" r32="0.20569721" r33="0.5422994" r34="0" r41="2230.5486" r42="207.84169" r43="-2525.3362" r44="1"></containerEntry>
          <containerEntry r11="0.4769166" r12="0.20713323" r13="-0.8541925" r14="0" r21="0.27096328" r22="0.88985455" r23="0.36706662" r24="0" r31="0.8361388" r32="-0.40651494" r33="0.3682609" r34="0" r41="2240.5935" r42="202.32088" r43="-2514.935" r44="1"></containerEntry>
          <containerEntry r11="-0.9622652" r12="0.121664695" r13="-0.24339147" r14="0" r21="0.049543582" r22="0.9578593" r23="0.28293276" r24="0" r31="0.26755774" r32="0.2601984" r33="-0.9277423" r34="0" r41="2271.0837" r42="202.8009" r43="-2501.2769" r44="1"></containerEntry>
          <containerEntry r11="-0.0013819076" r12="0.3179219" r13="-0.94811535" r14="0" r21="0.6536783" r22="0.7177953" r23="0.23973776" r24="0" r31="0.7567706" r32="-0.6194314" r33="-0.20881057" r34="0" r41="2271.8413" r42="190.86827" r43="-2446.463" r44="1"></containerEntry>
          <containerEntry r11="-0.7820349" r12="-0.08579968" r13="-0.48648977" r14="0" r21="-0.2725398" r22="0.8347007" r23="0.290898" r24="0" r31="0.4120155" r32="0.3892766" r33="-0.73097163" r34="0" r41="2249.4495" r42="199.97006" r43="-2518.4226" r44="1"></containerEntry>
          <containerEntry r11="0.37614554" r12="0.023380414" r13="-0.9262652" r14="0" r21="-0.30371743" r22="0.9475609" r23="-0.099418014" r24="0" r31="0.8753682" r32="0.31871867" r33="0.36352187" r34="0" r41="2277.9255" r42="200.22557" r43="-2492.7896" r44="1"></containerEntry>
          <containerEntry r11="0.06049958" r12="-0.81485015" r13="0.57650644" r14="0" r21="0.30618423" r22="0.56487036" r23="0.7662722" r24="0" r31="-0.95004827" r32="0.13015774" r33="0.28366846" r34="0" r41="2184.5002" r42="197.06589" r43="-2511.9016" r44="1"></containerEntry>
          <containerEntry r11="0.36490145" r12="-0.003194034" r13="0.93104106" r14="0" r21="0.060310207" r22="0.997975" r23="-0.020213664" r24="0" r31="-0.92909116" r32="0.06352725" r33="0.36435515" r34="0" r41="2283.3638" r42="207.16093" r43="-2526.6497" r44="1"></containerEntry>
          <containerEntry r11="0.7064661" r12="-0.37664023" r13="0.5992063" r14="0" r21="0.2631515" r22="0.9257277" r23="0.27162394" r24="0" r31="-0.6570064" r32="-0.03421125" r33="0.7531086" r34="0" r41="2232.5122" r42="191.84189" r43="-2448.9204" r44="1"></containerEntry>
          <containerEntry r11="-0.52148664" r12="-0.54806054" r13="-0.6539734" r14="0" r21="0.10563961" r22="0.7190745" r23="-0.6868566" r24="0" r31="0.84669465" r32="-0.42727208" r33="-0.31709087" r34="0" r41="2205.1511" r42="190.49666" r43="-2462.8328" r44="1"></containerEntry>
          <containerEntry r11="-0.18031515" r12="0.0032494888" r13="-0.9836032" r14="0" r21="0.108466856" r22="0.99396145" r23="-0.016600586" r24="0" r31="0.9776097" r32="-0.10968172" r33="-0.17957878" r34="0" r41="2294.1003" r42="205.85475" r43="-2537.3481" r44="1"></containerEntry>
        </property>
        <property name="colors" type="UInt32" container="DynamicArray" arraySize="12">
          <containerEntry>4294967295</containerEntry>
          <containerEntry>4294967295</containerEntry>
          <containerEntry>4294967295</containerEntry>
          <containerEntry>4294967295</containerEntry>
          <containerEntry>4294967295</containerEntry>
          <containerEntry>4294967295</containerEntry>
          <containerEntry>4294967295</containerEntry>
          <containerEntry>4294967295</containerEntry>
          <containerEntry>4294967295</containerEntry>
          <containerEntry>4294967295</containerEntry>
          <containerEntry>4294967295</containerEntry>
          <containerEntry>4294967295</containerEntry>
        </property>
      </staticProperties>
      <dynamicProperties></dynamicProperties>
    </entity>
    <entity class="StaticModelArray" classVersion="4" classID="0xD0" addr="0x3302380" id="0x0">
      <staticProperties>
        <property name="name" type="String" container="StaticArray" arraySize="1">
          <containerEntry>StaticModelArray0006</containerEntry>
        </property>
        <property name="dataSet" type="EntityHandle" container="StaticArray" arraySize="1">
          <containerEntry>0x33037A0</containerEntry>
        </property>
        <property name="modelFile" type="FilePtr" container="StaticArray" arraySize="1">
          <containerEntry>/Assets/tpp/environ/object/middle_africa/cliff/mafr_clff026/scenes/mafr_clff026_grnd001.fmdl</containerEntry>
        </property>
        <property name="geomFile" type="FilePtr" container="StaticArray" arraySize="1">
          <containerEntry>/Assets/tpp/environ/object/middle_africa/cliff/mafr_clff026/scenes/mafr_clff026_grnd001.geom</containerEntry>
        </property>
        <property name="isVisibleGeom" type="Bool" container="StaticArray" arraySize="1">
          <containerEntry>false</containerEntry>
        </property>
        <property name="lodFarSize" type="Float" container="StaticArray" arraySize="1">
          <containerEntry>-1</containerEntry>
        </property>
        <property name="lodNearSize" type="Float" container="StaticArray" arraySize="1">
          <containerEntry>-1</containerEntry>
        </property>
        <property name="lodPolygonSize" type="Float" container="StaticArray" arraySize="1">
          <containerEntry>-1</containerEntry>
        </property>
        <property name="drawRejectionLevel" type="Int32" container="StaticArray" arraySize="1">
          <containerEntry>8</containerEntry>
        </property>
        <property name="drawMode" type="Int32" container="StaticArray" arraySize="1">
          <containerEntry>0</containerEntry>
        </property>
        <property name="rejectFarRangeShadowCast" type="Int32" container="StaticArray" arraySize="1">
          <containerEntry>2</containerEntry>
        </property>
        <property name="parentLocator" type="EntityLink" container="StaticArray" arraySize="1">
          <containerEntry packagePathHash="0xB8A0BF169F98" archivePathHash="0xB8A0BF169F98" nameInArchiveHash="0xB8A0BF169F98">0x0</containerEntry>
        </property>
        <property name="transforms" type="Matrix4" container="DynamicArray" arraySize="4">
          <containerEntry r11="-0.8111863" r12="0" r13="-0.58478117" r14="0" r21="0" r22="1" r23="0" r24="0" r31="0.58478117" r32="0" r33="-0.8111863" r34="0" r41="2249.8533" r42="215.16052" r43="-2548.3955" r44="1"></containerEntry>
          <containerEntry r11="-0.94428134" r12="0" r13="-0.32915393" r14="0" r21="0" r22="1" r23="0" r24="0" r31="0.32915393" r32="0" r33="-0.94428134" r34="0" r41="2263.8608" r42="215.32552" r43="-2543.4478" r44="1"></containerEntry>
          <containerEntry r11="-0.9947994" r12="0" r13="-0.101845324" r14="0" r21="0" r22="1" r23="0" r24="0" r31="0.101845324" r32="0" r33="-0.9947994" r34="0" r41="2291.5254" r42="214.81566" r43="-2538.2244" r44="1"></containerEntry>
          <containerEntry r11="-0.9514129" r12="-0.016765809" r13="-0.30747613" r14="0" r21="-0.022794822" r22="0.9996117" r23="0.016027182" r24="0" r31="0.30708772" r32="0.022257298" r33="-0.9514246" r34="0" r41="2276.5476" r42="214.94223" r43="-2539.4512" r44="1"></containerEntry>
        </property>
        <property name="colors" type="UInt32" container="DynamicArray" arraySize="4">
          <containerEntry>4294967295</containerEntry>
          <containerEntry>4294967295</containerEntry>
          <containerEntry>4294967295</containerEntry>
          <containerEntry>4294967295</containerEntry>
        </property>
      </staticProperties>
      <dynamicProperties></dynamicProperties>
    </entity>
    <entity class="StaticModelArray" classVersion="4" classID="0xD0" addr="0x3304680" id="0x0">
      <staticProperties>
        <property name="name" type="String" container="StaticArray" arraySize="1">
          <containerEntry>StaticModelArray0007</containerEntry>
        </property>
        <property name="dataSet" type="EntityHandle" container="StaticArray" arraySize="1">
          <containerEntry>0x33037A0</containerEntry>
        </property>
        <property name="modelFile" type="FilePtr" container="StaticArray" arraySize="1">
          <containerEntry>/Assets/tpp/environ/object/middle_africa/cliff/mafr_clff026/scenes/mafr_clff026_grnd002.fmdl</containerEntry>
        </property>
        <property name="geomFile" type="FilePtr" container="StaticArray" arraySize="1">
          <containerEntry>/Assets/tpp/environ/object/middle_africa/cliff/mafr_clff026/scenes/mafr_clff026_grnd002.geom</containerEntry>
        </property>
        <property name="isVisibleGeom" type="Bool" container="StaticArray" arraySize="1">
          <containerEntry>false</containerEntry>
        </property>
        <property name="lodFarSize" type="Float" container="StaticArray" arraySize="1">
          <containerEntry>-1</containerEntry>
        </property>
        <property name="lodNearSize" type="Float" container="StaticArray" arraySize="1">
          <containerEntry>-1</containerEntry>
        </property>
