<fox formatVersion="2" fileVersion="0">
  <entities>
    <entity class="DataSet" classVersion="0" classID="0xE8" addr="0x2EF4370" id="0x248537">
      <staticProperties>
        <property name="name" type="String" container="StaticArray" arraySize="1">
          <containerEntry hash="0xB8A0BF169F98"></containerEntry>
        </property>
        <property name="dataSet" type="EntityHandle" container="StaticArray" arraySize="1">
          <containerEntry>0x0</containerEntry>
        </property>
        <property name="dataList" type="EntityPtr" container="StringMap" arraySize="5">
          <containerEntry key="StaticModelArray0000">
            <data>0x2D79EE0</data>
          </containerEntry>
          <containerEntry key="StaticModelArray0001">
            <data>0x2D79FC0</data>
          </containerEntry>
          <containerEntry key="StaticModelArray0002">
            <data>0x2D79F50</data>
          </containerEntry>
          <containerEntry key="StaticModelArray0003">
            <data>0x2D7A030</data>
          </containerEntry>
          <containerEntry key="TexturePackLoadConditioner0000">
            <data>0x2D7A650</data>
          </containerEntry>
        </property>
      </staticProperties>
      <dynamicProperties></dynamicProperties>
    </entity>
    <entity class="StaticModelArray" classVersion="4" classID="0xD0" addr="0x2D79EE0" id="0x0">
      <staticProperties>
        <property name="name" type="String" container="StaticArray" arraySize="1">
          <containerEntry>StaticModelArray0000</containerEntry>
        </property>
        <property name="dataSet" type="EntityHandle" container="StaticArray" arraySize="1">
          <containerEntry>0x2EF4370</containerEntry>
        </property>
        <property name="modelFile" type="FilePtr" container="StaticArray" arraySize="1">
          <containerEntry>/Assets/tpp/environ/object/middle_africa/rock/mafr_rock002/scenes/mafr_rock002.fmdl</containerEntry>
        </property>
        <property name="geomFile" type="FilePtr" container="StaticArray" arraySize="1">
          <containerEntry>/Assets/tpp/environ/object/middle_africa/rock/mafr_rock002/scenes/mafr_rock002.geom</containerEntry>
        </property>
        <property name="isVisibleGeom" type="Bool" container="StaticArray" arraySize="1">
          <containerEntry>false</containerEntry>
        </property>
        <property name="lodFarSize" type="Float" container="StaticArray" arraySize="1">
          <containerEntry>-1</containerEntry>
        </property>
        <property name="lodNearSize" type="Float" container="StaticArray" arraySize="1">
          <containerEntry>-1</containerEntry>
        </property>
        <property name="lodPolygonSize" type="Float" container="StaticArray" arraySize="1">
          <containerEntry>-1</containerEntry>
        </property>
        <property name="drawRejectionLevel" type="Int32" container="StaticArray" arraySize="1">
          <containerEntry>8</containerEntry>
        </property>
        <property name="drawMode" type="Int32" container="StaticArray" arraySize="1">
          <containerEntry>0</containerEntry>
        </property>
        <property name="rejectFarRangeShadowCast" type="Int32" container="StaticArray" arraySize="1">
          <containerEntry>2</containerEntry>
        </property>
        <property name="parentLocator" type="EntityLink" container="StaticArray" arraySize="1">
          <containerEntry packagePathHash="0xB8A0BF169F98" archivePathHash="0xB8A0BF169F98" nameInArchiveHash="0xB8A0BF169F98">0x0</containerEntry>
        </property>
        <property name="transforms" type="Matrix4" container="DynamicArray" arraySize="10">
          <containerEntry r11="0.10675563" r12="0.00861121" r13="0.99424803" r14="0" r21="0.14374247" r22="0.989324" r23="-0.02400266" r24="0" r31="-0.9838401" r32="0.14547808" r33="0.104378104" r34="0" r41="2054.3047" r42="62.40819" r43="237.20322" r44="1"></containerEntry>
          <containerEntry r11="0.10675563" r12="0.00861121" r13="0.99424803" r14="0" r21="0.14374247" r22="0.989324" r23="-0.02400266" r24="0" r31="-0.9838401" r32="0.14547808" r33="0.104378104" r34="0" r41="2054.9707" r42="62.35552" r43="247.5917" r44="1"></containerEntry>
          <containerEntry r11="0.13341816" r12="0.043649003" r13="0.9900981" r14="0" r21="0.18291214" r22="0.9807826" r23="-0.06788617" r24="0" r31="-0.9740342" r32="0.19015822" r33="0.12287027" r34="0" r41="2052.1008" r42="62.718346" r43="174.35423" r44="1"></containerEntry>
          <containerEntry r11="-0.22906569" r12="0.082112625" r13="0.9699406" r14="0" r21="0.12811333" r22="0.9903111" r23="-0.053581156" r24="0" r31="-0.96494263" r32="0.111988746" r33="-0.23736602" r34="0" r41="2028.3253" r42="48.158382" r43="167.65286" r44="1"></containerEntry>
          <containerEntry r11="-0.24498832" r12="0" r13="0.9695243" r14="0" r21="0" r22="1" r23="0" r24="0" r31="-0.9695243" r32="0" r33="-0.24498832" r34="0" r41="2039.04" r42="50.40656" r43="140.91714" r44="1"></containerEntry>
          <containerEntry r11="-4.297493" r12="-0.6609596" r13="-4.134545" r14="0" r21="-1.3227534" r22="5.835664" r23="0.44198513" r24="0" r31="3.9726129" r32="1.2280716" r33="-4.325502" r34="0" r41="2080.4421" r42="86.67566" r43="218.30898" r44="1"></containerEntry>
          <containerEntry r11="0.6993294" r12="0" r13="0.7147991" r14="0" r21="0" r22="1" r23="0" r24="0" r31="-0.7147991" r32="0" r33="0.6993294" r34="0" r41="2126.4985" r42="67.953804" r43="268.3267" r44="1"></containerEntry>
          <containerEntry r11="0.7682941" r12="0" r13="3.9255211" r14="0" r21="0" r22="4" r23="0" r24="0" r31="-3.9255211" r32="0" r33="0.7682941" r34="0" r41="2064.478" r42="81.787415" r43="170.94788" r44="1"></containerEntry>
          <containerEntry r11="-4.5451274" r12="-3.0398369e-06" r13="3.9168563" r14="0" r21="0.7503272" r22="5.8888803" r23="0.8706862" r24="0" r31="-3.8443172" r32="1.1493849" r33="-4.4609513" r34="0" r41="2112.4998" r42="74.335266" r43="154.38977" r44="1"></containerEntry>
          <containerEntry r11="5.905475" r12="-0.0793117" r13="-1.0578623" r14="0" r21="-0.11247538" r22="5.902671" r23="-1.0704317" r24="0" r31="1.0548518" r32="1.0733986" r33="5.8081923" r34="0" r41="2137.8923" r42="88.28566" r43="224.62898" r44="1"></containerEntry>
        </property>
        <property name="colors" type="UInt32" container="DynamicArray" arraySize="10">
          <containerEntry>4294967295</containerEntry>
          <containerEntry>4294967295</containerEntry>
          <containerEntry>4294967295</containerEntry>
          <containerEntry>4294967295</containerEntry>
          <containerEntry>4294967295</containerEntry>
          <containerEntry>4294967295</containerEntry>
          <containerEntry>4294967295</containerEntry>
          <containerEntry>4294967295</containerEntry>
          <containerEntry>4294967295</containerEntry>
          <containerEntry>4294967295</containerEntry>
        </property>
      </staticProperties>
      <dynamicProperties></dynamicProperties>
    </entity>
    <entity class="StaticModelArray" classVersion="4" classID="0xD0" addr="0x2D79FC0" id="0x0">
      <staticProperties>
        <property name="name" type="String" container="StaticArray" arraySize="1">
          <containerEntry>StaticModelArray0001</containerEntry>
        </property>
        <property name="dataSet" type="EntityHandle" container="StaticArray" arraySize="1">
          <containerEntry>0x2EF4370</containerEntry>
        </property>
        <property name="modelFile" type="FilePtr" container="StaticArray" arraySize="1">
          <containerEntry>/Assets/tpp/environ/object/middle_africa/tree/mafr_tree032/scenes/mafr_tree032.fmdl</containerEntry>
        </property>
        <property name="geomFile" type="FilePtr" container="StaticArray" arraySize="1">
          <containerEntry>/Assets/tpp/environ/object/middle_africa/tree/mafr_tree032/scenes/mafr_tree032.geom</containerEntry>
        </property>
        <property name="isVisibleGeom" type="Bool" container="StaticArray" arraySize="1">
          <containerEntry>false</containerEntry>
        </property>
        <property name="lodFarSize" type="Float" container="StaticArray" arraySize="1">
          <containerEntry>-1</containerEntry>
        </property>
        <property name="lodNearSize" type="Float" container="StaticArray" arraySize="1">
          <containerEntry>-1</containerEntry>
        </property>
        <property name="lodPolygonSize" type="Float" container="StaticArray" arraySize="1">
          <containerEntry>-1</containerEntry>
        </property>
        <property name="drawRejectionLevel" type="Int32" container="StaticArray" arraySize="1">
          <containerEntry>8</containerEntry>
        </property>
        <property name="drawMode" type="Int32" container="StaticArray" arraySize="1">
          <containerEntry>0</containerEntry>
        </property>
        <property name="rejectFarRangeShadowCast" type="Int32" container="StaticArray" arraySize="1">
          <containerEntry>2</containerEntry>
        </property>
        <property name="parentLocator" type="EntityLink" container="StaticArray" arraySize="1">
          <containerEntry packagePathHash="0xB8A0BF169F98" archivePathHash="0xB8A0BF169F98" nameInArchiveHash="0xB8A0BF169F98">0x0</containerEntry>
        </property>
        <property name="transforms" type="Matrix4" container="DynamicArray" arraySize="13">
          <containerEntry r11="0.591488" r12="0.10194562" r13="0.33011204" r14="0" r21="-0.089020185" r22="0.6773715" r23="-0.049682137" r24="0" r31="-0.3338297" r32="-4.082918e-07" r33="0.59814936" r34="0" r41="2087.138" r42="88.9518" r43="241.393" r44="1"></containerEntry>
          <containerEntry r11="0.116500564" r12="-0.06322877" r13="0.9911748" r14="0" r21="0.035374753" r22="0.99760246" r23="0.05948089" r24="0" r31="-0.9925593" r32="0.028133122" r33="0.11845797" r34="0" r41="2076.8345" r42="88.82471" r43="234.00217" r44="1"></containerEntry>
          <containerEntry r11="-0.9321681" r12="-0.07503749" r13="0.3541592" r14="0" r21="0.024335252" r22="0.9630823" r23="0.2681049" r24="0" r31="-0.36120236" r32="0.2585373" r33="-0.8959286" r34="0" r41="2066.8313" r42="86.94993" r43="234.41844" r44="1"></containerEntry>
          <containerEntry r11="0.4806489" r12="-0.0015461326" r13="0.6395108" r14="0" r21="-0.022361401" r22="0.66398346" r23="0.018411858" r24="0" r31="-0.63894594" r32="-0.0348322" r33="0.4801402" r34="0" r41="2084.3784" r42="85.39546" r43="248.7209" r44="1"></containerEntry>
          <containerEntry r11="-0.676102" r12="-0.23253112" r13="0.08492476" r14="0" r21="-0.22552283" r22="0.68041813" r23="0.06760606" r24="0" r31="-0.102090105" r32="0.036883663" r33="-0.71176815" r34="0" r41="2108.6885" r42="83.271545" r43="255.80284" r44="1"></containerEntry>
          <containerEntry r11="-0.6803079" r12="-0.10180338" r13="-0.40843216" r14="0" r21="-0.104733504" r22="0.6562206" r23="0.010884505" r24="0" r31="0.40160623" r32="0.0755044" r33="-0.6877581" r34="0" r41="2078.5913" r42="76.87809" r43="249.52388" r44="1"></containerEntry>
          <containerEntry r11="-0.6398555" r12="0" r13="0.76849365" r14="0" r21="0" r22="1" r23="0" r24="0" r31="-0.76849365" r32="0" r33="-0.6398555" r34="0" r41="2052.3125" r42="81.204124" r43="191.31914" r44="1"></containerEntry>
          <containerEntry r11="-0.134521" r12="-0.20856008" r13="-0.9687144" r14="0" r21="-0.16023934" r22="0.8017258" r23="-0.15035658" r24="0" r31="0.97198194" r32="0.16239768" r33="-0.16993827" r34="0" r41="2061.517" r42="85.65363" r43="219.07669" r44="1"></containerEntry>
          <containerEntry r11="0.7131261" r12="-0.0092009045" r13="-0.70097834" r14="0" r21="-0.06916849" r22="0.9941114" r23="-0.08341569" r24="0" r31="0.69761807" r32="0.10797151" r33="0.7082904" r34="0" r41="2067.4592" r42="87.6596" r43="228.36993" r44="1"></containerEntry>
          <containerEntry r11="-0.9597852" r12="0" r13="1.1527429" r14="0" r21="0" r22="1.5" r23="0" r24="0" r31="-1.1527429" r32="0" r33="-0.9597852" r34="0" r41="2165.5408" r42="76.597664" r43="194.29773" r44="1"></containerEntry>
          <containerEntry r11="-1.4396822" r12="0" r13="1.7291195" r14="0" r21="0" r22="2.25" r23="0" r24="0" r31="-1.7291195" r32="0" r33="-1.4396822" r34="0" r41="2167.1182" r42="73.038864" r43="179.13171" r44="1"></containerEntry>
          <containerEntry r11="-0.9597852" r12="0" r13="1.1527429" r14="0" r21="0" r22="1.5" r23="0" r24="0" r31="-1.1527429" r32="0" r33="-0.9597852" r34="0" r41="2151.6243" r42="70.0639" r43="160.3807" r44="1"></containerEntry>
          <containerEntry r11="-0.24817789" r12="0" r13="-0.9687147" r14="0" r21="0" r22="0.831293" r23="0" r24="0" r31="0.9687147" r32="0" r33="-0.24817789" r34="0" r41="2051.0393" r42="81.9368" r43="201.47281" r44="1"></containerEntry>
        </property>
        <property name="colors" type="UInt32" container="DynamicArray" arraySize="13">
          <containerEntry>4294967295</containerEntry>
          <containerEntry>4294967295</containerEntry>
          <containerEntry>4294967295</containerEntry>
          <containerEntry>4294967295</containerEntry>
          <containerEntry>4294967295</containerEntry>
          <containerEntry>4294967295</containerEntry>
          <containerEntry>4294967295</containerEntry>
          <containerEntry>4294967295</containerEntry>
          <containerEntry>4294967295</containerEntry>
          <containerEntry>4294967295</containerEntry>
          <containerEntry>4294967295</containerEntry>
          <containerEntry>4294967295</containerEntry>
          <containerEntry>4294967295</containerEntry>
        </property>
      </staticProperties>
      <dynamicProperties></dynamicProperties>
    </entity>
    <entity class="StaticModelArray" classVersion="4" classID="0xD0" addr="0x2D79F50" id="0x0">
      <staticProperties>
        <property name="name" type="String" container="StaticArray" arraySize="1">
          <containerEntry>StaticModelArray0002</containerEntry>
        </property>
        <property name="dataSet" type="EntityHandle" container="StaticArray" arraySize="1">
          <containerEntry>0x2EF4370</containerEntry>
        </property>
        <property name="modelFile" type="FilePtr" container="StaticArray" arraySize="1">
          <containerEntry>/Assets/tpp/environ/object/middle_africa/tree/mafr_tree038/scenes/mafr_tree038.fmdl</containerEntry>
        </property>
        <property name="geomFile" type="FilePtr" container="StaticArray" arraySize="1">
          <containerEntry>/Assets/tpp/environ/object/middle_africa/tree/mafr_tree038/scenes/mafr_tree038.geom</containerEntry>
        </property>
        <property name="isVisibleGeom" type="Bool" container="StaticArray" arraySize="1">
          <containerEntry>false</containerEntry>
        </property>
        <property name="lodFarSize" type="Float" container="StaticArray" arraySize="1">
          <containerEntry>-1</containerEntry>
        </property>
        <property name="lodNearSize" type="Float" container="StaticArray" arraySize="1">
          <containerEntry>-1</containerEntry>
        </property>
        <property name="lodPolygonSize" type="Float" container="StaticArray" arraySize="1">
          <containerEntry>-1</containerEntry>
        </property>
        <property name="drawRejectionLevel" type="Int32" container="StaticArray" arraySize="1">
          <containerEntry>8</containerEntry>
        </property>
        <property name="drawMode" type="Int32" container="StaticArray" arraySize="1">
          <containerEntry>0</containerEntry>
        </property>
        <property name="rejectFarRangeShadowCast" type="Int32" container="StaticArray" arraySize="1">
          <containerEntry>2</containerEntry>
        </property>
        <property name="parentLocator" type="EntityLink" container="StaticArray" arraySize="1">
          <containerEntry packagePathHash="0xB8A0BF169F98" archivePathHash="0xB8A0BF169F98" nameInArchiveHash="0xB8A0BF169F98">0x0</containerEntry>
        </property>
        <property name="transforms" type="Matrix4" container="DynamicArray" arraySize="3">
          <containerEntry r11="1" r12="0" r13="0" r14="0" r21="0" r22="1" r23="0" r24="0" r31="0" r32="0" r33="1" r34="0" r41="2156.3535" r42="67.24536" r43="163.81447" r44="1"></containerEntry>
          <containerEntry r11="0.4174974" r12="0" r13="0.90867794" r14="0" r21="0" r22="1" r23="0" r24="0" r31="-0.90867794" r32="0" r33="0.4174974" r34="0" r41="2156.3535" r42="64.42536" r43="152.53447" r44="1"></containerEntry>
          <containerEntry r11="-0.6513914" r12="0" r13="0.75874066" r14="0" r21="0" r22="1" r23="0" r24="0" r31="-0.75874066" r32="0" r33="-0.6513914" r34="0" r41="2146.6074" r42="61.605362" r43="151.11319" r44="1"></containerEntry>
        </property>
        <property name="colors" type="UInt32" container="DynamicArray" arraySize="3">
          <containerEntry>4294967295</containerEntry>
          <containerEntry>4294967295</containerEntry>
          <containerEntry>4294967295</containerEntry>
        </property>
      </staticProperties>
      <dynamicProperties></dynamicProperties>
    </entity>
    <entity class="StaticModelArray" classVersion="4" classID="0xD0" addr="0x2D7A030" id="0x0">
      <staticProperties>
        <property name="name" type="String" container="StaticArray" arraySize="1">
          <containerEntry>StaticModelArray0003</containerEntry>
        </property>
        <property name="dataSet" type="EntityHandle" container="StaticArray" arraySize="1">
          <containerEntry>0x2EF4370</containerEntry>
        </property>
        <property name="modelFile" type="FilePtr" container="StaticArray" arraySize="1">
          <containerEntry>/Assets/tpp/environ/object/middle_africa/cliff/mafr_clff003/scenes/mafr_clff003.fmdl</containerEntry>
        </property>
        <property name="geomFile" type="FilePtr" container="StaticArray" arraySize="1">
          <containerEntry>/Assets/tpp/environ/object/middle_africa/cliff/mafr_clff003/scenes/mafr_clff003.geom</containerEntry>
        </property>
        <property name="isVisibleGeom" type="Bool" container="StaticArray" arraySize="1">
          <containerEntry>false</containerEntry>
        </property>
        <property name="lodFarSize" type="Float" container="StaticArray" arraySize="1">
          <containerEntry>-1</containerEntry>
        </property>
        <property name="lodNearSize" type="Float" container="StaticArray" arraySize="1">
          <containerEntry>-1</containerEntry>
        </property>
        <property name="lodPolygonSize" type="Float" container="StaticArray" arraySize="1">
          <containerEntry>-1</containerEntry>
        </property>
        <property name="drawRejectionLevel" type="Int32" container="StaticArray" arraySize="1">
          <containerEntry>8</containerEntry>
        </property>
        <property name="drawMode" type="Int32" container="StaticArray" arraySize="1">
          <containerEntry>0</containerEntry>
        </property>
        <property name="rejectFarRangeShadowCast" type="Int32" container="StaticArray" arraySize="1">
          <containerEntry>2</containerEntry>
        </property>
        <property name="parentLocator" type="EntityLink" container="StaticArray" arraySize="1">
          <containerEntry packagePathHash="0xB8A0BF169F98" archivePathHash="0xB8A0BF169F98" nameInArchiveHash="0xB8A0BF169F98">0x0</containerEntry>
        </property>
        <property name="transforms" type="Matrix4" container="DynamicArray" arraySize="5">
          <containerEntry r11="-0.9229675" r12="0.01945544" r13="0.38437605" r14="0" r21="0.03772596" r22="0.99848527" r23="0.040049255" r24="0" r31="-0.38301462" r32="0.051465295" r33="-0.92230344" r34="0" r41="2074.446" r42="78.062874" r43="150.00763" r44="1"></containerEntry>
          <containerEntry r11="0.8935072" r12="-0.023215692" r13="0.4484485" r14="0" r21="0.032896627" r22="0.99936336" r23="-0.01380863" r24="0" r31="-0.44784245" r32="0.02709055" r33="0.89370203" r34="0" r41="2146.27" r42="79.82255" r43="256.10944" r44="1"></containerEntry>
          <containerEntry r11="0.8910248" r12="0.09769434" r13="0.4433178" r14="0" r21="-0.07531044" r22="0.99484783" r23="-0.06786899" r24="0" r31="-0.44766417" r32="0.027086504" r33="0.89379144" r34="0" r41="2088.29" r42="88.80255" r43="232.41945" r44="1"></containerEntry>
          <containerEntry r11="0.9933115" r12="-0.03422138" r13="-0.110277705" r14="0" r21="0.03289693" r22="0.99936336" r23="-0.013807836" r24="0" r31="0.11068002" r32="0.010087688" r33="0.9938049" r34="0" r41="2146.27" r42="92.50255" r43="240.44943" r44="1"></containerEntry>
          <containerEntry r11="0.33449525" r12="0.0893228" r13="0.93815416" r14="0" r21="-0.07531073" r22="0.9948478" r23="-0.0678689" r24="0" r31="-0.93938285" r32="-0.04795134" r33="0.33949882" r34="0" r41="2064.7031" r42="76.969475" r43="197.14253" r44="1"></containerEntry>
        </property>
        <property name="colors" type="UInt32" container="DynamicArray" arraySize="5">
          <containerEntry>4294967295</containerEntry>
          <containerEntry>4294967295</containerEntry>
          <containerEntry>4294967295</containerEntry>
          <containerEntry>4294967295</containerEntry>
          <containerEntry>4294967295</containerEntry>
        </property>
      </staticProperties>
      <dynamicProperties></dynamicProperties>
    </entity>
    <entity class="TexturePackLoadConditioner" classVersion="0" classID="0x48" addr="0x2D7A650" id="0x0">
      <staticProperties>
        <property name="name" type="String" container="StaticArray" arraySize="1">
          <containerEntry>TexturePackLoadConditioner0000</containerEntry>
        </property>
        <property name="dataSet" type="EntityHandle" container="StaticArray" arraySize="1">
          <containerEntry>0x2EF4370</containerEntry>
        </property>
        <property name="texturePackPath" type="Path" container="StaticArray" arraySize="1">
          <containerEntry hash="0xB8A0BF169F98"></containerEntry>
        </property>
      </staticProperties>
      <dynamicProperties></dynamicProperties>
    </entity>
  </entities>
</fox>