<fox formatVersion="2" fileVersion="0">
  <entities>
    <entity class="DataSet" classVersion="0" classID="0xE8" addr="0x2F530A0" id="0xC6B64">
      <staticProperties>
        <property name="name" type="String" container="StaticArray" arraySize="1">
          <containerEntry hash="0xB8A0BF169F98"></containerEntry>
        </property>
        <property name="dataSet" type="EntityHandle" container="StaticArray" arraySize="1">
          <containerEntry>0x0</containerEntry>
        </property>
        <property name="dataList" type="EntityPtr" container="StringMap" arraySize="12">
          <containerEntry key="afgh_tree012_vrtn001_br_gim_i0000|TppSharedGimmick_afgh_tree012_vrtn001_br">
            <data>0x2D7A6C0</data>
          </containerEntry>
          <containerEntry key="StaticModelArray0000">
            <data>0x2D7EBE0</data>
          </containerEntry>
          <containerEntry key="StaticModelArray0001">
            <data>0x2F52BD0</data>
          </containerEntry>
          <containerEntry key="StaticModelArray0002">
            <data>0x2D7E5C0</data>
          </containerEntry>
          <containerEntry key="StaticModelArray0003">
            <data>0x2D7E8D0</data>
          </containerEntry>
          <containerEntry key="StaticModelArray0004">
            <data>0x2D7EB70</data>
          </containerEntry>
          <containerEntry key="StaticModelArray0005">
            <data>0x2D7BC30</data>
          </containerEntry>
          <containerEntry key="StaticModelArray0006">
            <data>0x2D7E240</data>
          </containerEntry>
          <containerEntry key="StaticModelArray0007">
            <data>0x2D7E320</data>
          </containerEntry>
          <containerEntry key="StaticModelArray0008">
            <data>0x2D7E400</data>
          </containerEntry>
          <containerEntry key="StaticModelArray0009">
            <data>0x2D7E550</data>
          </containerEntry>
          <containerEntry key="TexturePackLoadConditioner0000">
            <data>0x2D7F2E0</data>
          </containerEntry>
        </property>
      </staticProperties>
      <dynamicProperties></dynamicProperties>
    </entity>
    <entity class="TppSharedGimmickData" classVersion="1" classID="0xF0" addr="0x2D7A6C0" id="0x1432C5">
      <staticProperties>
        <property name="name" type="String" container="StaticArray" arraySize="1">
          <containerEntry>afgh_tree012_vrtn001_br_gim_i0000|TppSharedGimmick_afgh_tree012_vrtn001_br</containerEntry>
        </property>
        <property name="dataSet" type="EntityHandle" container="StaticArray" arraySize="1">
          <containerEntry>0x2F530A0</containerEntry>
        </property>
        <property name="modelFile" type="FilePtr" container="StaticArray" arraySize="1">
          <containerEntry>/Assets/tpp/environ/object/afghanistan/tree/afgh_tree012/scenes/afgh_tree012_vrtn001_br.fmdl</containerEntry>
        </property>
        <property name="geomFile" type="FilePtr" container="StaticArray" arraySize="1">
          <containerEntry>/Assets/tpp/environ/object/afghanistan/tree/afgh_tree012/scenes/afgh_tree012_vrtn001_br.geom</containerEntry>
        </property>
        <property name="breakedModelFile" type="FilePtr" container="StaticArray" arraySize="1">
          <containerEntry hash="0xB8A0BF169F98"></containerEntry>
        </property>
        <property name="breakedGeomFile" type="FilePtr" container="StaticArray" arraySize="1">
          <containerEntry hash="0xB8A0BF169F98"></containerEntry>
        </property>
        <property name="partsFile" type="FilePtr" container="StaticArray" arraySize="1">
          <containerEntry>/Assets/tpp/parts/environ/object/afghanistan/tree/afgh_tree012/afgh_tree012_vrtn001_br.parts</containerEntry>
        </property>
        <property name="numDynamicGimmick" type="UInt32" container="StaticArray" arraySize="1">
          <containerEntry>2</containerEntry>
        </property>
        <property name="locaterFile" type="FilePtr" container="StaticArray" arraySize="1">
          <containerEntry>/Assets/tpp/level/location/afgh/block_small/139/139_152/lba/afgh_tree012_vrtn001_br.lba</containerEntry>
        </property>
        <property name="flags1" type="UInt32" container="StaticArray" arraySize="1">
          <containerEntry>270</containerEntry>
        </property>
        <property name="flags2" type="UInt32" container="StaticArray" arraySize="1">
          <containerEntry>0</containerEntry>
        </property>
      </staticProperties>
      <dynamicProperties></dynamicProperties>
    </entity>
    <entity class="StaticModelArray" classVersion="4" classID="0xD0" addr="0x2D7EBE0" id="0x0">
      <staticProperties>
        <property name="name" type="String" container="StaticArray" arraySize="1">
          <containerEntry>StaticModelArray0000</containerEntry>
        </property>
        <property name="dataSet" type="EntityHandle" container="StaticArray" arraySize="1">
          <containerEntry>0x2F530A0</containerEntry>
        </property>
        <property name="modelFile" type="FilePtr" container="StaticArray" arraySize="1">
          <containerEntry hash="0xB8A0BF169F98"></containerEntry>
        </property>
        <property name="geomFile" type="FilePtr" container="StaticArray" arraySize="1">
          <containerEntry>/Assets/tpp/environ/object/afghanistan/tree/afgh_tree012/scenes/afgh_tree012_vrtn001_br_pc.geom</containerEntry>
        </property>
        <property name="isVisibleGeom" type="Bool" container="StaticArray" arraySize="1">
          <containerEntry>false</containerEntry>
        </property>
        <property name="lodFarSize" type="Float" container="StaticArray" arraySize="1">
          <containerEntry>-1</containerEntry>
        </property>
        <property name="lodNearSize" type="Float" container="StaticArray" arraySize="1">
          <containerEntry>-1</containerEntry>
        </property>
        <property name="lodPolygonSize" type="Float" container="StaticArray" arraySize="1">
          <containerEntry>-1</containerEntry>
        </property>
        <property name="drawRejectionLevel" type="Int32" container="StaticArray" arraySize="1">
          <containerEntry>8</containerEntry>
        </property>
        <property name="drawMode" type="Int32" container="StaticArray" arraySize="1">
          <containerEntry>0</containerEntry>
        </property>
        <property name="rejectFarRangeShadowCast" type="Int32" container="StaticArray" arraySize="1">
          <containerEntry>2</containerEntry>
        </property>
        <property name="parentLocator" type="EntityLink" container="StaticArray" arraySize="1">
          <containerEntry packagePathHash="0xB8A0BF169F98" archivePathHash="0xB8A0BF169F98" nameInArchiveHash="0xB8A0BF169F98">0x0</containerEntry>
        </property>
        <property name="transforms" type="Matrix4" container="DynamicArray" arraySize="4">
          <containerEntry r11="1" r12="0" r13="0" r14="0" r21="0" r22="1" r23="0" r24="0" r31="0" r32="0" r33="1" r34="0" r41="824.00934" r42="284.88892" r43="2533.9175" r44="1"></containerEntry>
          <containerEntry r11="1" r12="0" r13="0" r14="0" r21="0" r22="1" r23="0" r24="0" r31="0" r32="0" r33="1" r34="0" r41="850" r42="296.55075" r43="2508" r44="1"></containerEntry>
          <containerEntry r11="1" r12="0" r13="0" r14="0" r21="0" r22="1" r23="0" r24="0" r31="0" r32="0" r33="1" r34="0" r41="806.2219" r42="289.0219" r43="2472.3174" r44="1"></containerEntry>
          <containerEntry r11="1" r12="0" r13="0" r14="0" r21="0" r22="1" r23="0" r24="0" r31="0" r32="0" r33="1" r34="0" r41="801.7024" r42="289.14853" r43="2472.4995" r44="1"></containerEntry>
        </property>
        <property name="colors" type="UInt32" container="DynamicArray" arraySize="4">
          <containerEntry>4294967295</containerEntry>
          <containerEntry>4294967295</containerEntry>
          <containerEntry>4294967295</containerEntry>
          <containerEntry>4294967295</containerEntry>
        </property>
      </staticProperties>
      <dynamicProperties></dynamicProperties>
    </entity>
    <entity class="StaticModelArray" classVersion="4" classID="0xD0" addr="0x2F52BD0" id="0x0">
      <staticProperties>
        <property name="name" type="String" container="StaticArray" arraySize="1">
          <containerEntry>StaticModelArray0001</containerEntry>
        </property>
        <property name="dataSet" type="EntityHandle" container="StaticArray" arraySize="1">
          <containerEntry>0x2F530A0</containerEntry>
        </property>
        <property name="modelFile" type="FilePtr" container="StaticArray" arraySize="1">
          <containerEntry>/Assets/tpp/environ/object/middle_africa/rock/mafr_rock010/scenes/mafr_rock010_vrtn001.fmdl</containerEntry>
        </property>
        <property name="geomFile" type="FilePtr" container="StaticArray" arraySize="1">
          <containerEntry>/Assets/tpp/environ/object/middle_africa/rock/mafr_rock010/scenes/mafr_rock010_vrtn001.geom</containerEntry>
        </property>
        <property name="isVisibleGeom" type="Bool" container="StaticArray" arraySize="1">
          <containerEntry>false</containerEntry>
        </property>
        <property name="lodFarSize" type="Float" container="StaticArray" arraySize="1">
          <containerEntry>-1</containerEntry>
        </property>
        <property name="lodNearSize" type="Float" container="StaticArray" arraySize="1">
          <containerEntry>-1</containerEntry>
        </property>
        <property name="lodPolygonSize" type="Float" container="StaticArray" arraySize="1">
          <containerEntry>-1</containerEntry>
        </property>
        <property name="drawRejectionLevel" type="Int32" container="StaticArray" arraySize="1">
          <containerEntry>8</containerEntry>
        </property>
        <property name="drawMode" type="Int32" container="StaticArray" arraySize="1">
          <containerEntry>0</containerEntry>
        </property>
        <property name="rejectFarRangeShadowCast" type="Int32" container="StaticArray" arraySize="1">
          <containerEntry>2</containerEntry>
        </property>
        <property name="parentLocator" type="EntityLink" container="StaticArray" arraySize="1">
          <containerEntry packagePathHash="0xB8A0BF169F98" archivePathHash="0xB8A0BF169F98" nameInArchiveHash="0xB8A0BF169F98">0x0</containerEntry>
        </property>
        <property name="transforms" type="Matrix4" container="DynamicArray" arraySize="20">
          <containerEntry r11="0.8876518" r12="0.16809076" r13="0.42874193" r14="0" r21="-0.15410009" r22="0.98575187" r23="-0.067426495" r24="0" r31="-0.43396693" r32="-0.006217966" r33="0.9009073" r34="0" r41="845.1673" r42="292.7867" r43="2508.16" r44="1"></containerEntry>
          <containerEntry r11="0.07857646" r12="0.08025123" r13="0.9936721" r14="0" r21="-0.1540997" r22="0.985752" r23="-0.06742592" r24="0" r31="-0.9849252" r32="-0.14782663" r33="0.0898236" r34="0" r41="834.78625" r42="285.70944" r43="2517.118" r44="1"></containerEntry>
          <containerEntry r11="0.93558294" r12="0.16105329" r13="-0.31423923" r14="0" r21="-0.18768872" r22="0.9806183" r23="-0.056220055" r24="0" r31="0.2990943" r32="0.11157775" r33="0.9476776" r34="0" r41="832.1988" r42="284.47452" r43="2517.118" r44="1"></containerEntry>
          <containerEntry r11="-0.728031" r12="-0.100465134" r13="0.67814004" r14="0" r21="-0.18768881" r22="0.98061824" r23="-0.05622089" r24="0" r31="-0.65934825" r32="-0.16821009" r33="-0.7327766" r34="0" r41="823.81396" r42="282.95346" r43="2529.8794" r44="1"></containerEntry>
          <containerEntry r11="0.5410936" r12="0.23641255" r13="-0.8070485" r14="0" r21="-0.2813532" r22="0.95526135" r23="0.09119319" r24="0" r31="0.7925015" r32="0.17772147" r33="0.5834012" r34="0" r41="843.3737" r42="290.0765" r43="2518.4336" r44="1"></containerEntry>
          <containerEntry r11="-0.37520438" r12="0.062029198" r13="0.9248629" r14="0" r21="-0.12213035" r22="0.985752" r23="-0.11565962" r24="0" r31="-0.9188598" r32="-0.15635008" r33="-0.3622828" r34="0" r41="848.0139" r42="293.09894" r43="2510.3882" r44="1"></containerEntry>
          <containerEntry r11="0.04946697" r12="-0.06045953" r13="-0.99694324" r14="0" r21="-0.15410075" r22="0.98575175" r23="-0.06742689" r24="0" r31="0.9868151" r32="0.15696518" r33="0.03944528" r34="0" r41="850.24786" r42="294.01898" r43="2495.1907" r44="1"></containerEntry>
          <containerEntry r11="-0.6053364" r12="-0.14812574" r13="-0.78206474" r14="0" r21="-0.15410087" r22="0.98575175" r23="-0.06742691" r24="0" r31="0.78090936" r32="0.079700895" r33="-0.6195377" r34="0" r41="853.0145" r42="296.6844" r43="2503.8232" r44="1"></containerEntry>
          <containerEntry r11="-0.5816301" r12="-0.4379394" r13="0.68550175" r14="0" r21="-0.6532475" r22="0.7536364" r23="-0.0727967" r24="0" r31="-0.48473838" r32="-0.4901436" r33="-0.72442037" r34="0" r41="847.31775" r42="292.68362" r43="2519.6394" r44="1"></containerEntry>
          <containerEntry r11="-0.728031" r12="-0.100465134" r13="0.67814004" r14="0" r21="-0.18768881" r22="0.98061824" r23="-0.05622089" r24="0" r31="-0.65934825" r32="-0.16821009" r33="-0.7327766" r34="0" r41="808" r42="280.63928" r43="2544" r44="1"></containerEntry>
          <containerEntry r11="-0.28711772" r12="-0.08905423" r13="-0.9537438" r14="0" r21="-0.19305256" r22="0.9806182" r23="-0.033445865" r24="0" r31="0.93823695" r32="0.17452009" r33="-0.29874498" r34="0" r41="807.87305" r42="280.73053" r43="2548.4355" r44="1"></containerEntry>
          <containerEntry r11="-0.294679" r12="-0.27241415" r13="-0.9159419" r14="0" r21="-0.3037687" r22="0.93549174" r23="-0.1804981" r24="0" r31="0.9060263" r32="0.22504559" r33="-0.3584206" r34="0" r41="783.38806" r42="277.64395" r43="2547.5188" r44="1"></containerEntry>
          <containerEntry r11="0.78955775" r12="0.14115106" r13="-0.5972221" r14="0" r21="-0.2622546" r22="0.95745534" r23="-0.120422706" r24="0" r31="0.55481565" r32="0.25170517" r33="0.7929839" r34="0" r41="785.0612" r42="276.56055" r43="2532.773" r44="1"></containerEntry>
          <containerEntry r11="-0.42605633" r12="-0.12786508" r13="-0.89561254" r14="0" r21="-0.15410033" r22="0.9857519" r23="-0.06742574" r24="0" r31="0.8914731" r32="0.10928708" r33="-0.43968987" r34="0" r41="855.1718" r42="289.53186" r43="2443.8284" r44="1"></containerEntry>
          <containerEntry r11="-0.8348358" r12="0.17934984" r13="-0.5204602" r14="0" r21="0.02530805" r22="0.9569442" r23="0.2891662" r24="0" r31="0.54991335" r32="0.22823505" r33="-0.80343026" r34="0" r41="829.03815" r42="288.04144" r43="2459.3599" r44="1"></containerEntry>
          <containerEntry r11="-0.26809677" r12="-0.27216578" r13="0.92414737" r14="0" r21="0.025308639" r22="0.95694417" r23="0.2891665" r24="0" r31="-0.9630587" r32="0.10091377" r33="-0.24966544" r34="0" r41="810.3418" r42="284.77368" r43="2481.3625" r44="1"></containerEntry>
          <containerEntry r11="-0.9657189" r12="0.0981576" r13="-0.24031326" r14="0" r21="0.025308546" r22="0.9569444" r23="0.2891658" r24="0" r31="0.25835025" r32="0.27317113" r33="-0.92662346" r34="0" r41="804.4461" r42="285.72928" r43="2479.2983" r44="1"></containerEntry>
          <containerEntry r11="0.99935484" r12="-0.016845379" r13="-0.031720407" r14="0" r21="0.02530887" r22="0.9569445" r23="0.28916556" r24="0" r31="0.025483565" r32="-0.2897818" r33="0.95675343" r34="0" r41="778.934" r42="279.26566" r43="2508.7979" r44="1"></containerEntry>
          <containerEntry r11="-0.5431096" r12="-0.22968355" r13="0.80763483" r14="0" r21="0.025308974" r22="0.9569446" r23="0.28916505" r24="0" r31="-0.8392782" r32="0.17748925" r33="-0.5139126" r34="0" r41="793.46295" r42="288.55545" r43="2472.7986" r44="1"></containerEntry>
          <containerEntry r11="-0.9921177" r12="0.124208175" r13="0.016431337" r14="0" r21="0.12438273" r22="0.96067005" r23="0.24827792" r24="0" r31="0.0150530925" r32="0.2483653" r33="-0.968547" r34="0" r41="797.0485" r42="289.87778" r43="2467.1023" r44="1"></containerEntry>
        </property>
        <property name="colors" type="UInt32" container="DynamicArray" arraySize="20">
          <containerEntry>4294967295</containerEntry>
          <containerEntry>4294967295</containerEntry>
          <containerEntry>4294967295</containerEntry>
          <containerEntry>4294967295</containerEntry>
          <containerEntry>4294967295</containerEntry>
          <containerEntry>4294967295</containerEntry>
          <containerEntry>4294967295</containerEntry>
          <containerEntry>4294967295</containerEntry>
          <containerEntry>4294967295</containerEntry>
          <containerEntry>4294967295</containerEntry>
          <containerEntry>4294967295</containerEntry>
          <containerEntry>4294967295</containerEntry>
          <containerEntry>4294967295</containerEntry>
          <containerEntry>4294967295</containerEntry>
          <containerEntry>4294967295</containerEntry>
          <containerEntry>4294967295</containerEntry>
          <containerEntry>4294967295</containerEntry>
          <containerEntry>4294967295</containerEntry>
          <containerEntry>4294967295</containerEntry>
          <containerEntry>4294967295</containerEntry>
        </property>
      </staticProperties>
      <dynamicProperties></dynamicProperties>
    </entity>
    <entity class="StaticModelArray" classVersion="4" classID="0xD0" addr="0x2D7E5C0" id="0x0">
      <staticProperties>
        <property name="name" type="String" container="StaticArray" arraySize="1">
          <containerEntry>StaticModelArray0002</containerEntry>
        </property>
        <property name="dataSet" type="EntityHandle" container="StaticArray" arraySize="1">
          <containerEntry>0x2F530A0</containerEntry>
        </property>
        <property name="modelFile" type="FilePtr" container="StaticArray" arraySize="1">
          <containerEntry>/Assets/tpp/environ/object/afghanistan/cliff/afgh_clff027/scenes/afgh_clff027_vrtn004.fmdl</containerEntry>
        </property>
        <property name="geomFile" type="FilePtr" container="StaticArray" arraySize="1">
          <containerEntry>/Assets/tpp/environ/object/afghanistan/cliff/afgh_clff027/scenes/afgh_clff027_vrtn004.geom</containerEntry>
        </property>
        <property name="isVisibleGeom" type="Bool" container="StaticArray" arraySize="1">
          <containerEntry>false</containerEntry>
        </property>
        <property name="lodFarSize" type="Float" container="StaticArray" arraySize="1">
          <containerEntry>-1</containerEntry>
        </property>
        <property name="lodNearSize" type="Float" container="StaticArray" arraySize="1">
          <containerEntry>-1</containerEntry>
        </property>
        <property name="lodPolygonSize" type="Float" container="StaticArray" arraySize="1">
          <containerEntry>-1</containerEntry>
        </property>
        <property name="drawRejectionLevel" type="Int32" container="StaticArray" arraySize="1">
          <containerEntry>8</containerEntry>
        </property>
        <property name="drawMode" type="Int32" container="StaticArray" arraySize="1">
          <containerEntry>0</containerEntry>
        </property>
        <property name="rejectFarRangeShadowCast" type="Int32" container="StaticArray" arraySize="1">
          <containerEntry>2</containerEntry>
        </property>
        <property name="parentLocator" type="EntityLink" container="StaticArray" arraySize="1">
          <containerEntry packagePathHash="0xB8A0BF169F98" archivePathHash="0xB8A0BF169F98" nameInArchiveHash="0xB8A0BF169F98">0x0</containerEntry>
        </property>
        <property name="transforms" type="Matrix4" container="DynamicArray" arraySize="2">
          <containerEntry r11="-0.6942687" r12="0" r13="0.71971524" r14="0" r21="0" r22="1" r23="0" r24="0" r31="-0.71971524" r32="0" r33="-0.6942687" r34="0" r41="858.4211" r42="306.04547" r43="2521.2522" r44="1"></containerEntry>
          <containerEntry r11="0.94183695" r12="0.044808812" r13="-0.3330725" r14="0" r21="-0.06020544" r22="0.997535" r23="-0.036044277" r24="0" r31="0.3306364" r32="0.0540006" r33="0.94221306" r34="0" r41="803.07166" r42="305.9822" r43="2460.0513" r44="1"></containerEntry>
        </property>
        <property name="colors" type="UInt32" container="DynamicArray" arraySize="2">
          <containerEntry>4294967295</containerEntry>
          <containerEntry>4294967295</containerEntry>
        </property>
      </staticProperties>
      <dynamicProperties></dynamicProperties>
    </entity>
    <entity class="StaticModelArray" classVersion="4" classID="0xD0" addr="0x2D7E8D0" id="0x0">
      <staticProperties>
        <property name="name" type="String" container="StaticArray" arraySize="1">
          <containerEntry>StaticModelArray0003</containerEntry>
        </property>
        <property name="dataSet" type="EntityHandle" container="StaticArray" arraySize="1">
          <containerEntry>0x2F530A0</containerEntry>
        </property>
        <property name="modelFile" type="FilePtr" container="StaticArray" arraySize="1">
          <containerEntry>/Assets/tpp/environ/object/afghanistan/tree/afgh_tree012/scenes/afgh_tree012_ropl001.fmdl</containerEntry>
        </property>
        <property name="geomFile" type="FilePtr" container="StaticArray" arraySize="1">
          <containerEntry hash="0xB8A0BF169F98"></containerEntry>
        </property>
        <property name="isVisibleGeom" type="Bool" container="StaticArray" arraySize="1">
          <containerEntry>false</containerEntry>
        </property>
        <property name="lodFarSize" type="Float" container="StaticArray" arraySize="1">
          <containerEntry>-1</containerEntry>
        </property>
        <property name="lodNearSize" type="Float" container="StaticArray" arraySize="1">
          <containerEntry>-1</containerEntry>
        </property>
        <property name="lodPolygonSize" type="Float" container="StaticArray" arraySize="1">
          <containerEntry>-1</containerEntry>
        </property>
        <property name="drawRejectionLevel" type="Int32" container="StaticArray" arraySize="1">
          <containerEntry>8</containerEntry>
        </property>
        <property name="drawMode" type="Int32" container="StaticArray" arraySize="1">
          <containerEntry>0</containerEntry>
        </property>
        <property name="rejectFarRangeShadowCast" type="Int32" container="StaticArray" arraySize="1">
          <containerEntry>2</containerEntry>
        </property>
        <property name="parentLocator" type="EntityLink" container="StaticArray" arraySize="1">
          <containerEntry packagePathHash="0xB8A0BF169F98" archivePathHash="0xB8A0BF169F98" nameInArchiveHash="0xB8A0BF169F98">0x0</containerEntry>
        </property>
        <property name="transforms" type="Matrix4" container="DynamicArray" arraySize="4">
          <containerEntry r11="1" r12="0" r13="0" r14="0" r21="0" r22="1" r23="0" r24="0" r31="0" r32="0" r33="1" r34="0" r41="824.00934" r42="284.88892" r43="2533.9175" r44="1"></containerEntry>
          <containerEntry r11="1" r12="0" r13="0" r14="0" r21="0" r22="1" r23="0" r24="0" r31="0" r32="0" r33="1" r34="0" r41="850" r42="296.55075" r43="2508" r44="1"></containerEntry>
          <containerEntry r11="1" r12="0" r13="0" r14="0" r21="0" r22="1" r23="0" r24="0" r31="0" r32="0" r33="1" r34="0" r41="806.2219" r42="289.0219" r43="2472.3174" r44="1"></containerEntry>
          <containerEntry r11="1" r12="0" r13="0" r14="0" r21="0" r22="1" r23="0" r24="0" r31="0" r32="0" r33="1" r34="0" r41="801.7024" r42="289.14853" r43="2472.4995" r44="1"></containerEntry>
        </property>
        <property name="colors" type="UInt32" container="DynamicArray" arraySize="4">
          <containerEntry>4294967295</containerEntry>
          <containerEntry>4294967295</containerEntry>
          <containerEntry>4294967295</containerEntry>
          <containerEntry>4294967295</containerEntry>
        </property>
      </staticProperties>
      <dynamicProperties></dynamicProperties>
    </entity>
    <entity class="StaticModelArray" classVersion="4" classID="0xD0" addr="0x2D7EB70" id="0x0">
      <staticProperties>
        <property name="name" type="String" container="StaticArray" arraySize="1">
          <containerEntry>StaticModelArray0004</containerEntry>
        </property>
        <property name="dataSet" type="EntityHandle" container="StaticArray" arraySize="1">
          <containerEntry>0x2F530A0</containerEntry>
        </property>
        <property name="modelFile" type="FilePtr" container="StaticArray" arraySize="1">
          <containerEntry>/Assets/tpp/environ/object/afghanistan/cliff/afgh_clff027/scenes/afgh_clff027_vrtn005.fmdl</containerEntry>
        </property>
        <property name="geomFile" type="FilePtr" container="StaticArray" arraySize="1">
          <containerEntry>/Assets/tpp/environ/object/afghanistan/cliff/afgh_clff027/scenes/afgh_clff027_vrtn005.geom</containerEntry>
        </property>
        <property name="isVisibleGeom" type="Bool" container="StaticArray" arraySize="1">
          <containerEntry>false</containerEntry>
        </property>
        <property name="lodFarSize" type="Float" container="StaticArray" arraySize="1">
          <containerEntry>-1</containerEntry>
        </property>
        <property name="lodNearSize" type="Float" container="StaticArray" arraySize="1">
          <containerEntry>-1</containerEntry>
        </property>
        <property name="lodPolygonSize" type="Float" container="StaticArray" arraySize="1">
          <containerEntry>-1</containerEntry>
        </property>
        <property name="drawRejectionLevel" type="Int32" container="StaticArray" arraySize="1">
          <containerEntry>8</containerEntry>
        </property>
        <property name="drawMode" type="Int32" container="StaticArray" arraySize="1">
          <containerEntry>0</containerEntry>
        </property>
        <property name="rejectFarRangeShadowCast" type="Int32" container="StaticArray" arraySize="1">
          <containerEntry>2</containerEntry>
        </property>
        <property name="parentLocator" type="EntityLink" container="StaticArray" arraySize="1">
          <containerEntry packagePathHash="0xB8A0BF169F98" archivePathHash="0xB8A0BF169F98" nameInArchiveHash="0xB8A0BF169F98">0x0</containerEntry>
        </property>
        <property name="transforms" type="Matrix4" container="DynamicArray" arraySize="3">
          <containerEntry r11="-0.48320353" r12="0" r13="0.87551" r14="0" r21="0" r22="1" r23="0" r24="0" r31="-0.87551" r32="0" r33="-0.48320353" r34="0" r41="883.1516" r42="322.02472" r43="2488.183" r44="1"></containerEntry>
          <containerEntry r11="0.5105003" r12="0" r13="0.8598773" r14="0" r21="0" r22="1" r23="0" r24="0" r31="-0.8598773" r32="0" r33="0.5105003" r34="0" r41="862.96405" r42="309.96295" r43="2491.517" r44="1"></containerEntry>
          <containerEntry r11="0.09531796" r12="0" r13="0.9954471" r14="0" r21="0" r22="1" r23="0" r24="0" r31="-0.9954471" r32="0" r33="0.09531796" r34="0" r41="830.7848" r42="300.06354" r43="2558.5344" r44="1"></containerEntry>
        </property>
        <property name="colors" type="UInt32" container="DynamicArray" arraySize="3">
          <containerEntry>4294967295</containerEntry>
          <containerEntry>4294967295</containerEntry>
          <containerEntry>4294967295</containerEntry>
        </property>
      </staticProperties>
      <dynamicProperties></dynamicProperties>
    </entity>
    <entity class="StaticModelArray" classVersion="4" classID="0xD0" addr="0x2D7BC30" id="0x0">
      <staticProperties>
        <property name="name" type="String" container="StaticArray" arraySize="1">
          <containerEntry>StaticModelArray0005</containerEntry>
        </property>
        <property name="dataSet" type="EntityHandle" container="StaticArray" arraySize="1">
          <containerEntry>0x2F530A0</containerEntry>
        </property>
        <property name="modelFile" type="FilePtr" container="StaticArray" arraySize="1">
          <containerEntry>/Assets/tpp/environ/object/afghanistan/cliff/afgh_clff027/scenes/afgh_clff027_vrtn007.fmdl</containerEntry>
        </property>
        <property name="geomFile" type="FilePtr" container="StaticArray" arraySize="1">
          <containerEntry>/Assets/tpp/environ/object/afghanistan/cliff/afgh_clff027/scenes/afgh_clff027_vrtn007.geom</containerEntry>
        </property>
        <property name="isVisibleGeom" type="Bool" container="StaticArray" arraySize="1">
          <containerEntry>false</containerEntry>
        </property>
        <property name="lodFarSize" type="Float" container="StaticArray" arraySize="1">
          <containerEntry>-1</containerEntry>
        </property>
        <property name="lodNearSize" type="Float" container="StaticArray" arraySize="1">
          <containerEntry>-1</containerEntry>
        </property>
        <property name="lodPolygonSize" type="Float" container="StaticArray" arraySize="1">
          <containerEntry>-1</containerEntry>
        </property>
        <property name="drawRejectionLevel" type="Int32" container="StaticArray" arraySize="1">
          <containerEntry>8</containerEntry>
        </property>
        <property name="drawMode" type="Int32" container="StaticArray" arraySize="1">
          <containerEntry>0</containerEntry>
        </property>
        <property name="rejectFarRangeShadowCast" type="Int32" container="StaticArray" arraySize="1">
          <containerEntry>2</containerEntry>
        </property>
        <property name="parentLocator" type="EntityLink" container="StaticArray" arraySize="1">
          <containerEntry packagePathHash="0xB8A0BF169F98" archivePathHash="0xB8A0BF169F98" nameInArchiveHash="0xB8A0BF169F98">0x0</containerEntry>
        </property>
        <property name="transforms" type="Matrix4" container="DynamicArray" arraySize="2">
          <containerEntry r11="0.26120976" r12="-0.009841951" r13="0.96523136" r14="0" r21="0.04527559" r22="0.9989724" r23="-0.0020664092" r24="0" r31="-0.96421915" r32="0.044241212" r33="0.26138693" r34="0" r41="867.5581" r42="309.60754" r43="2539.8774" r44="1"></containerEntry>
          <containerEntry r11="0.5" r12="0" r13="-0.866025" r14="0" r21="0" r22="1" r23="0" r24="0" r31="0.866025" r32="0" r33="0.5" r34="0" r41="783.1765" r42="315.356" r43="2438.7207" r44="1"></containerEntry>
        </property>
        <property name="colors" type="UInt32" container="DynamicArray" arraySize="2">
          <containerEntry>4294967295</containerEntry>
          <containerEntry>4294967295</containerEntry>
        </property>
      </staticProperties>
      <dynamicProperties></dynamicProperties>
    </entity>
    <entity class="StaticModelArray" classVersion="4" classID="0xD0" addr="0x2D7E240" id="0x0">
      <staticProperties>
        <property name="name" type="String" container="StaticArray" arraySize="1">
          <containerEntry>StaticModelArray0006</containerEntry>
        </property>
        <property name="dataSet" type="EntityHandle" container="StaticArray" arraySize="1">
          <containerEntry>0x2F530A0</containerEntry>
        </property>
        <property name="modelFile" type="FilePtr" container="StaticArray" arraySize="1">
          <containerEntry>/Assets/tpp/environ/object/afghanistan/rock/afgh_rock006/scenes/afgh_rock006.fmdl</containerEntry>
        </property>
        <property name="geomFile" type="FilePtr" container="StaticArray" arraySize="1">
          <containerEntry>/Assets/tpp/environ/object/afghanistan/rock/afgh_rock006/scenes/afgh_rock006.geom</containerEntry>
        </property>
        <property name="isVisibleGeom" type="Bool" container="StaticArray" arraySize="1">
          <containerEntry>false</containerEntry>
        </property>
        <property name="lodFarSize" type="Float" container="StaticArray" arraySize="1">
          <containerEntry>-1</containerEntry>
        </property>
        <property name="lodNearSize" type="Float" container="StaticArray" arraySize="1">
          <containerEntry>-1</containerEntry>
        </property>
        <property name="lodPolygonSize" type="Float" container="StaticArray" arraySize="1">
          <containerEntry>-1</containerEntry>
        </property>
        <property name="drawRejectionLevel" type="Int32" container="StaticArray" arraySize="1">
          <containerEntry>8</containerEntry>
        </property>
        <property name="drawMode" type="Int32" container="StaticArray" arraySize="1">
          <containerEntry>0</containerEntry>
        </property>
        <property name="rejectFarRangeShadowCast" type="Int32" container="StaticArray" arraySize="1">
          <containerEntry>2</containerEntry>
        </property>
        <property name="parentLocator" type="EntityLink" container="StaticArray" arraySize="1">
          <containerEntry packagePathHash="0xB8A0BF169F98" archivePathHash="0xB8A0BF169F98" nameInArchiveHash="0xB8A0BF169F98">0x0</containerEntry>
        </property>
        <property name="transforms" type="Matrix4" container="DynamicArray" arraySize="6">
          <containerEntry r11="0.9287363" r12="0.15060836" r13="0.3387711" r14="0" r21="-0.2286467" r22="0.9519793" r23="0.20360777" r24="0" r31="-0.291838" r32="-0.26655686" r33="0.91857386" r34="0" r41="816.704" r42="279.97708" r43="2507.0884" r44="1"></containerEntry>
          <containerEntry r11="0.77547234" r12="0.009449959" r13="-0.63131" r14="0" r21="0.53485006" r22="0.5215243" r23="0.66479" r24="0" r31="0.33552507" r32="-0.85318285" r33="0.3993736" r34="0" r41="847.19275" r42="294.50098" r43="2502.2542" r44="1"></containerEntry>
          <containerEntry r11="0.625474" r12="0" r13="0.7802448" r14="0" r21="0" r22="1" r23="0" r24="0" r31="-0.7802448" r32="0" r33="0.625474" r34="0" r41="830" r42="283.8649" r43="2501.8892" r44="1"></containerEntry>
          <containerEntry r11="1" r12="0" r13="0" r14="0" r21="0" r22="1" r23="0" r24="0" r31="0" r32="0" r33="1" r34="0" r41="780" r42="275.36234" r43="2529.2234" r44="1"></containerEntry>
          <containerEntry r11="0.64764106" r12="-0.75728977" r13="0.08409583" r14="0" r21="0.7390394" r22="0.6511928" r23="0.17253296" r24="0" r31="-0.18542019" r32="-0.049589116" r33="0.9814072" r34="0" r41="787.8646" r42="294.057" r43="2468.5854" r44="1"></containerEntry>
          <containerEntry r11="0.40078172" r12="-0.7677376" r13="0.49995258" r14="0" r21="-0.23351154" r22="0.44207424" r23="0.8660499" r24="0" r31="-0.8859154" r32="-0.46384147" r33="-0.0021002293" r34="0" r41="843.0443" r42="288.24817" r43="2465.486" r44="1"></containerEntry>
        </property>
        <property name="colors" type="UInt32" container="DynamicArray" arraySize="6">
          <containerEntry>4294967295</containerEntry>
          <containerEntry>4294967295</containerEntry>
          <containerEntry>4294967295</containerEntry>
          <containerEntry>4294967295</containerEntry>
          <containerEntry>4294967295</containerEntry>
          <containerEntry>4294967295</containerEntry>
        </property>
      </staticProperties>
      <dynamicProperties></dynamicProperties>
    </entity>
    <entity class="StaticModelArray" classVersion="4" classID="0xD0" addr="0x2D7E320" id="0x0">
      <staticProperties>
        <property name="name" type="String" container="StaticArray" arraySize="1">
          <containerEntry>StaticModelArray0007</containerEntry>
        </property>
        <property name="dataSet" type="EntityHandle" container="StaticArray" arraySize="1">
          <containerEntry>0x2F530A0</containerEntry>
        </property>
        <property name="modelFile" type="FilePtr" container="StaticArray" arraySize="1">
          <containerEntry>/Assets/tpp/environ/object/afghanistan/cliff/afgh_clff027/scenes/afgh_clff027_vrtn006.fmdl</containerEntry>
        </property>
        <property name="geomFile" type="FilePtr" container="StaticArray" arraySize="1">
          <containerEntry>/Assets/tpp/environ/object/afghanistan/cliff/afgh_clff027/scenes/afgh_clff027_vrtn006.geom</containerEntry>
        </property>
        <property name="isVisibleGeom" type="Bool" container="StaticArray" arraySize="1">
          <containerEntry>false</containerEntry>
        </property>
        <property name="lodFarSize" type="Float" container="StaticArray" arraySize="1">
          <containerEntry>-1</containerEntry>
        </property>
        <property name="lodNearSize" type="Float" container="StaticArray" arraySize="1">
          <containerEntry>-1</containerEntry>
        </property>
        <property name="lodPolygonSize" type="Float" container="StaticArray" arraySize="1">
          <containerEntry>-1</containerEntry>
        </property>
        <property name="drawRejectionLevel" type="Int32" container="StaticArray" arraySize="1">
          <containerEntry>8</containerEntry>
        </property>
        <property name="drawMode" type="Int32" container="StaticArray" arraySize="1">
          <containerEntry>0</containerEntry>
        </property>
        <property name="rejectFarRangeShadowCast" type="Int32" container="StaticArray" arraySize="1">
          <containerEntry>2</containerEntry>
        </property>
        <property name="parentLocator" type="EntityLink" container="StaticArray" arraySize="1">
          <containerEntry packagePathHash="0xB8A0BF169F98" archivePathHash="0xB8A0BF169F98" nameInArchiveHash="0xB8A0BF169F98">0x0</containerEntry>
        </property>
        <property name="transforms" type="Matrix4" container="DynamicArray" arraySize="2">
          <containerEntry r11="-0.1640755" r12="0" r13="0.9864478" r14="0" r21="0" r22="1" r23="0" r24="0" r31="-0.9864478" r32="0" r33="-0.1640755" r34="0" r41="867.73126" r42="313.34274" r43="2452.5369" r44="1"></containerEntry>
          <containerEntry r11="0.6578436" r12="0" r13="0.7531542" r14="0" r21="0" r22="1" r23="0" r24="0" r31="-0.7531542" r32="0" r33="0.6578436" r34="0" r41="885.96606" r42="324.41476" r43="2524.639" r44="1"></containerEntry>
        </property>
        <property name="colors" type="UInt32" container="DynamicArray" arraySize="2">
          <containerEntry>4294967295</containerEntry>
          <containerEntry>4294967295</containerEntry>
        </property>
      </staticProperties>
      <dynamicProperties></dynamicProperties>
    </entity>
    <entity class="StaticModelArray" classVersion="4" classID="0xD0" addr="0x2D7E400" id="0x0">
      <staticProperties>
        <property name="name" type="String" container="StaticArray" arraySize="1">
          <containerEntry>StaticModelArray0008</containerEntry>
        </property>
        <property name="dataSet" type="EntityHandle" container="StaticArray" arraySize="1">
          <containerEntry>0x2F530A0</containerEntry>
        </property>
        <property name="modelFile" type="FilePtr" container="StaticArray" arraySize="1">
          <containerEntry>/Assets/tpp/environ/object/afghanistan/rock/afgh_rock001/scenes/afgh_rock001_vrtn001.fmdl</containerEntry>
        </property>
        <property name="geomFile" type="FilePtr" container="StaticArray" arraySize="1">
          <containerEntry>/Assets/tpp/environ/object/afghanistan/rock/afgh_rock001/scenes/afgh_rock001_vrtn001.geom</containerEntry>
        </property>
        <property name="isVisibleGeom" type="Bool" container="StaticArray" arraySize="1">
          <containerEntry>false</containerEntry>
        </property>
        <property name="lodFarSize" type="Float" container="StaticArray" arraySize="1">
          <containerEntry>-1</containerEntry>
        </property>
        <property name="lodNearSize" type="Float" container="StaticArray" arraySize="1">
          <containerEntry>-1</containerEntry>
        </property>
        <property name="lodPolygonSize" type="Float" container="StaticArray" arraySize="1">
          <containerEntry>-1</containerEntry>
        </property>
