<fox formatVersion="2" fileVersion="0">
  <entities>
    <entity class="DataSet" classVersion="0" classID="0xE8" addr="0x32F47D0" id="0xEF007">
      <staticProperties>
        <property name="name" type="String" container="StaticArray" arraySize="1">
          <containerEntry hash="0xB8A0BF169F98"></containerEntry>
        </property>
        <property name="dataSet" type="EntityHandle" container="StaticArray" arraySize="1">
          <containerEntry>0x0</containerEntry>
        </property>
        <property name="dataList" type="EntityPtr" container="StringMap" arraySize="9">
          <containerEntry key="mafr_clff003_0000">
            <data>0x31764B0</data>
          </containerEntry>
          <containerEntry key="mafr_clff004_0008">
            <data>0x3179F50</data>
          </containerEntry>
          <containerEntry key="StaticModelArray0000">
            <data>0x32F1430</data>
          </containerEntry>
          <containerEntry key="StaticModelArray0001">
            <data>0x32F0CC0</data>
          </containerEntry>
          <containerEntry key="StaticModelArray0002">
            <data>0x32F4CA0</data>
          </containerEntry>
          <containerEntry key="StaticModelArray0003">
            <data>0x32F0DA0</data>
          </containerEntry>
          <containerEntry key="StaticModelArray0004">
            <data>0x32F0EF0</data>
          </containerEntry>
          <containerEntry key="StaticModelArray0005">
            <data>0x32F0E10</data>
          </containerEntry>
          <containerEntry key="TexturePackLoadConditioner0000">
            <data>0x32F1890</data>
          </containerEntry>
        </property>
      </staticProperties>
      <dynamicProperties></dynamicProperties>
    </entity>
    <entity class="StaticModel" classVersion="9" classID="0x160" addr="0x31764B0" id="0xEF0A7">
      <staticProperties>
        <property name="name" type="String" container="StaticArray" arraySize="1">
          <containerEntry>mafr_clff003_0000</containerEntry>
        </property>
        <property name="dataSet" type="EntityHandle" container="StaticArray" arraySize="1">
          <containerEntry>0x32F47D0</containerEntry>
        </property>
        <property name="parent" type="EntityHandle" container="StaticArray" arraySize="1">
          <containerEntry>0x0</containerEntry>
        </property>
        <property name="transform" type="EntityPtr" container="StaticArray" arraySize="1">
          <containerEntry>0x3176520</containerEntry>
        </property>
        <property name="shearTransform" type="EntityPtr" container="StaticArray" arraySize="1">
          <containerEntry>0x0</containerEntry>
        </property>
        <property name="pivotTransform" type="EntityPtr" container="StaticArray" arraySize="1">
          <containerEntry>0x0</containerEntry>
        </property>
        <property name="children" type="EntityHandle" container="List"></property>
        <property name="flags" type="UInt32" container="StaticArray" arraySize="1">
          <containerEntry>2147483655</containerEntry>
        </property>
        <property name="modelFile" type="FilePtr" container="StaticArray" arraySize="1">
          <containerEntry>/Assets/tpp/environ/object/middle_africa/cliff/mafr_clff003/scenes/mafr_clff003.fmdl</containerEntry>
        </property>
        <property name="geomFile" type="FilePtr" container="StaticArray" arraySize="1">
          <containerEntry>/Assets/tpp/environ/object/middle_africa/cliff/mafr_clff003/scenes/mafr_clff003.geom</containerEntry>
        </property>
        <property name="isVisibleGeom" type="Bool" container="StaticArray" arraySize="1">
          <containerEntry>false</containerEntry>
        </property>
        <property name="isIsolated" type="Bool" container="StaticArray" arraySize="1">
          <containerEntry>false</containerEntry>
        </property>
        <property name="lodFarSize" type="Float" container="StaticArray" arraySize="1">
          <containerEntry>-1</containerEntry>
        </property>
        <property name="lodNearSize" type="Float" container="StaticArray" arraySize="1">
          <containerEntry>-1</containerEntry>
        </property>
        <property name="lodPolygonSize" type="Float" container="StaticArray" arraySize="1">
          <containerEntry>-1</containerEntry>
        </property>
        <property name="color" type="Color" container="StaticArray" arraySize="1">
          <containerEntry r="1" g="1" b="1" a="1"></containerEntry>
        </property>
        <property name="drawRejectionLevel" type="Int32" container="StaticArray" arraySize="1">
          <containerEntry>8</containerEntry>
        </property>
        <property name="drawMode" type="Int32" container="StaticArray" arraySize="1">
          <containerEntry>0</containerEntry>
        </property>
        <property name="rejectFarRangeShadowCast" type="Int32" container="StaticArray" arraySize="1">
          <containerEntry>2</containerEntry>
        </property>
      </staticProperties>
      <dynamicProperties></dynamicProperties>
    </entity>
    <entity class="TransformEntity" classVersion="0" classID="0x50" addr="0x3176520" id="0xEF0AA">
      <staticProperties>
        <property name="owner" type="EntityHandle" container="StaticArray" arraySize="1">
          <containerEntry>0x31764B0</containerEntry>
        </property>
        <property name="transform_scale" type="Vector3" container="StaticArray" arraySize="1">
          <containerEntry x="1" y="1" z="1" w="0"></containerEntry>
        </property>
        <property name="transform_rotation_quat" type="Quat" container="StaticArray" arraySize="1">
          <containerEntry x="0" y="0.097336" z="0" w="0.995252"></containerEntry>
        </property>
        <property name="transform_translation" type="Vector3" container="StaticArray" arraySize="1">
          <containerEntry x="1869.7897" y="-1.186161" z="1621.7252" w="0"></containerEntry>
        </property>
      </staticProperties>
      <dynamicProperties></dynamicProperties>
    </entity>
    <entity class="StaticModel" classVersion="9" classID="0x160" addr="0x3179F50" id="0xEF1DF">
      <staticProperties>
        <property name="name" type="String" container="StaticArray" arraySize="1">
          <containerEntry>mafr_clff004_0008</containerEntry>
        </property>
        <property name="dataSet" type="EntityHandle" container="StaticArray" arraySize="1">
          <containerEntry>0x32F47D0</containerEntry>
        </property>
        <property name="parent" type="EntityHandle" container="StaticArray" arraySize="1">
          <containerEntry>0x0</containerEntry>
        </property>
        <property name="transform" type="EntityPtr" container="StaticArray" arraySize="1">
          <containerEntry>0x3179FC0</containerEntry>
        </property>
        <property name="shearTransform" type="EntityPtr" container="StaticArray" arraySize="1">
          <containerEntry>0x0</containerEntry>
        </property>
        <property name="pivotTransform" type="EntityPtr" container="StaticArray" arraySize="1">
          <containerEntry>0x0</containerEntry>
        </property>
        <property name="children" type="EntityHandle" container="List"></property>
        <property name="flags" type="UInt32" container="StaticArray" arraySize="1">
          <containerEntry>2147483655</containerEntry>
        </property>
        <property name="modelFile" type="FilePtr" container="StaticArray" arraySize="1">
          <containerEntry>/Assets/tpp/environ/object/middle_africa/cliff/mafr_clff004/scenes/mafr_clff004.fmdl</containerEntry>
        </property>
        <property name="geomFile" type="FilePtr" container="StaticArray" arraySize="1">
          <containerEntry>/Assets/tpp/environ/object/middle_africa/cliff/mafr_clff004/scenes/mafr_clff004.geom</containerEntry>
        </property>
        <property name="isVisibleGeom" type="Bool" container="StaticArray" arraySize="1">
          <containerEntry>false</containerEntry>
        </property>
        <property name="isIsolated" type="Bool" container="StaticArray" arraySize="1">
          <containerEntry>false</containerEntry>
        </property>
        <property name="lodFarSize" type="Float" container="StaticArray" arraySize="1">
          <containerEntry>-1</containerEntry>
        </property>
        <property name="lodNearSize" type="Float" container="StaticArray" arraySize="1">
          <containerEntry>-1</containerEntry>
        </property>
        <property name="lodPolygonSize" type="Float" container="StaticArray" arraySize="1">
          <containerEntry>-1</containerEntry>
        </property>
        <property name="color" type="Color" container="StaticArray" arraySize="1">
          <containerEntry r="1" g="1" b="1" a="1"></containerEntry>
        </property>
        <property name="drawRejectionLevel" type="Int32" container="StaticArray" arraySize="1">
          <containerEntry>8</containerEntry>
        </property>
        <property name="drawMode" type="Int32" container="StaticArray" arraySize="1">
          <containerEntry>0</containerEntry>
        </property>
        <property name="rejectFarRangeShadowCast" type="Int32" container="StaticArray" arraySize="1">
          <containerEntry>2</containerEntry>
        </property>
      </staticProperties>
      <dynamicProperties></dynamicProperties>
    </entity>
    <entity class="TransformEntity" classVersion="0" classID="0x50" addr="0x3179FC0" id="0xEF1E2">
      <staticProperties>
        <property name="owner" type="EntityHandle" container="StaticArray" arraySize="1">
          <containerEntry>0x3179F50</containerEntry>
        </property>
        <property name="transform_scale" type="Vector3" container="StaticArray" arraySize="1">
          <containerEntry x="1" y="1" z="1" w="0"></containerEntry>
        </property>
        <property name="transform_rotation_quat" type="Quat" container="StaticArray" arraySize="1">
          <containerEntry x="-0.027132" y="0.877776" z="0.101083" w="0.467496"></containerEntry>
        </property>
        <property name="transform_translation" type="Vector3" container="StaticArray" arraySize="1">
          <containerEntry x="1888.1154" y="2.190657" z="1544.0554" w="0"></containerEntry>
        </property>
      </staticProperties>
      <dynamicProperties></dynamicProperties>
    </entity>
    <entity class="StaticModelArray" classVersion="4" classID="0xD0" addr="0x32F1430" id="0x0">
      <staticProperties>
        <property name="name" type="String" container="StaticArray" arraySize="1">
          <containerEntry>StaticModelArray0000</containerEntry>
        </property>
        <property name="dataSet" type="EntityHandle" container="StaticArray" arraySize="1">
          <containerEntry>0x32F47D0</containerEntry>
        </property>
        <property name="modelFile" type="FilePtr" container="StaticArray" arraySize="1">
          <containerEntry>/Assets/tpp/environ/object/middle_africa/rock/mafr_rock001/scenes/mafr_rock001.fmdl</containerEntry>
        </property>
        <property name="geomFile" type="FilePtr" container="StaticArray" arraySize="1">
          <containerEntry>/Assets/tpp/environ/object/middle_africa/rock/mafr_rock001/scenes/mafr_rock001.geom</containerEntry>
        </property>
        <property name="isVisibleGeom" type="Bool" container="StaticArray" arraySize="1">
          <containerEntry>false</containerEntry>
        </property>
        <property name="lodFarSize" type="Float" container="StaticArray" arraySize="1">
          <containerEntry>-1</containerEntry>
        </property>
        <property name="lodNearSize" type="Float" container="StaticArray" arraySize="1">
          <containerEntry>-1</containerEntry>
        </property>
        <property name="lodPolygonSize" type="Float" container="StaticArray" arraySize="1">
          <containerEntry>-1</containerEntry>
        </property>
        <property name="drawRejectionLevel" type="Int32" container="StaticArray" arraySize="1">
          <containerEntry>8</containerEntry>
        </property>
        <property name="drawMode" type="Int32" container="StaticArray" arraySize="1">
          <containerEntry>0</containerEntry>
        </property>
        <property name="rejectFarRangeShadowCast" type="Int32" container="StaticArray" arraySize="1">
          <containerEntry>2</containerEntry>
        </property>
        <property name="parentLocator" type="EntityLink" container="StaticArray" arraySize="1">
          <containerEntry packagePathHash="0xB8A0BF169F98" archivePathHash="0xB8A0BF169F98" nameInArchiveHash="0xB8A0BF169F98">0x0</containerEntry>
        </property>
        <property name="transforms" type="Matrix4" container="DynamicArray" arraySize="3">
          <containerEntry r11="-0.69517064" r12="0.0048910086" r13="-0.71882206" r14="0" r21="0.004845723" r22="0.999986" r23="0.002117785" r24="0" r31="0.7188224" r32="-0.0020109902" r33="-0.69518465" r34="0" r41="1847.8983" r42="0.01492" r43="1613.6185" r44="1"></containerEntry>
          <containerEntry r11="-0.5645188" r12="0.004891009" r13="0.8254026" r14="0" r21="0.001102038" r22="0.99998605" r23="-0.0051717907" r24="0" r31="-0.8254163" r32="-0.00200996" r33="-0.5645163" r34="0" r41="1863.9591" r42="1.805731" r43="1619.3135" r44="1"></containerEntry>
          <containerEntry r11="0.9286031" r12="0.10448612" r13="0.3560601" r14="0" r21="0.0003765449" r22="0.9592728" r23="-0.28248104" r24="0" r31="-0.37107408" r32="0.2624468" r33="0.8907443" r34="0" r41="1864.883" r42="1.054948" r43="1613.0208" r44="1"></containerEntry>
        </property>
        <property name="colors" type="UInt32" container="DynamicArray" arraySize="3">
          <containerEntry>4294967295</containerEntry>
          <containerEntry>4294967295</containerEntry>
          <containerEntry>4294967295</containerEntry>
        </property>
      </staticProperties>
      <dynamicProperties></dynamicProperties>
    </entity>
    <entity class="StaticModelArray" classVersion="4" classID="0xD0" addr="0x32F0CC0" id="0x0">
      <staticProperties>
        <property name="name" type="String" container="StaticArray" arraySize="1">
          <containerEntry>StaticModelArray0001</containerEntry>
        </property>
        <property name="dataSet" type="EntityHandle" container="StaticArray" arraySize="1">
          <containerEntry>0x32F47D0</containerEntry>
        </property>
        <property name="modelFile" type="FilePtr" container="StaticArray" arraySize="1">
          <containerEntry>/Assets/tpp/environ/object/middle_africa/rock/mafr_rock007/scenes/mafr_rock007.fmdl</containerEntry>
        </property>
        <property name="geomFile" type="FilePtr" container="StaticArray" arraySize="1">
          <containerEntry>/Assets/tpp/environ/object/middle_africa/rock/mafr_rock007/scenes/mafr_rock007.geom</containerEntry>
        </property>
        <property name="isVisibleGeom" type="Bool" container="StaticArray" arraySize="1">
          <containerEntry>false</containerEntry>
        </property>
        <property name="lodFarSize" type="Float" container="StaticArray" arraySize="1">
          <containerEntry>-1</containerEntry>
        </property>
        <property name="lodNearSize" type="Float" container="StaticArray" arraySize="1">
          <containerEntry>-1</containerEntry>
        </property>
        <property name="lodPolygonSize" type="Float" container="StaticArray" arraySize="1">
          <containerEntry>-1</containerEntry>
        </property>
        <property name="drawRejectionLevel" type="Int32" container="StaticArray" arraySize="1">
          <containerEntry>8</containerEntry>
        </property>
        <property name="drawMode" type="Int32" container="StaticArray" arraySize="1">
          <containerEntry>0</containerEntry>
        </property>
        <property name="rejectFarRangeShadowCast" type="Int32" container="StaticArray" arraySize="1">
          <containerEntry>2</containerEntry>
        </property>
        <property name="parentLocator" type="EntityLink" container="StaticArray" arraySize="1">
          <containerEntry packagePathHash="0xB8A0BF169F98" archivePathHash="0xB8A0BF169F98" nameInArchiveHash="0xB8A0BF169F98">0x0</containerEntry>
        </property>
        <property name="transforms" type="Matrix4" container="DynamicArray" arraySize="18">
          <containerEntry r11="0.76201636" r12="-0.040444024" r13="0.64629304" r14="0" r21="-0.046595067" r22="-0.9988825" r23="-0.007570469" r24="0" r31="0.6458787" r32="-0.02434529" r33="-0.76304865" r34="0" r41="1906.6875" r42="-7.149466" r43="1624.6205" r44="1"></containerEntry>
          <containerEntry r11="-0.9991774" r12="-0.04044482" r13="0.0011585013" r14="0" r21="0.040404536" r22="-0.9988814" r23="-0.024412572" r24="0" r31="0.0021445735" r32="-0.02434577" r33="0.99970126" r34="0" r41="1904.4934" r42="-8.136794" r43="1627.152" r44="1"></containerEntry>
          <containerEntry r11="0.9176117" r12="-0.040444694" r13="0.39541447" r14="0" r21="-0.046774425" r22="-0.9988816" r23="0.006375961" r24="0" r31="0.3947158" r32="-0.024345975" r33="-0.91847694" r34="0" r41="1903.1155" r42="-8.60342" r43="1629.4917" r44="1"></containerEntry>
          <containerEntry r11="-0.37684542" r12="-0.9028369" r13="0.20704508" r14="0" r21="0.4346108" r22="0.025049761" r23="0.90026784" r24="0" r31="-0.8179827" r32="0.42924842" r33="0.38294613" r34="0" r41="1906.4745" r42="-8.961" r43="1645.7511" r44="1"></containerEntry>
          <containerEntry r11="-0.98707473" r12="0.0065516504" r13="0.16011368" r14="0" r21="0.010069365" r22="0.9997252" r23="0.021168442" r24="0" r31="-0.15993194" r32="0.022507193" r33="-0.9868753" r34="0" r41="1916.7345" r42="-8.58634" r43="1629.2997" r44="1"></containerEntry>
          <containerEntry r11="0.5495062" r12="0.02964723" r13="-0.8349651" r14="0" r21="0.17320073" r22="0.9736191" r23="0.14855732" r24="0" r31="0.8173408" r32="-0.22624923" r33="0.5298737" r34="0" r41="1918.2194" r42="-9.151957" r43="1634.382" r44="1"></containerEntry>
          <containerEntry r11="0.8778504" r12="0.13548085" r13="-0.45937273" r14="0" r21="0.02185703" r22="0.94682336" r23="0.32101038" r24="0" r31="0.4784356" r32="-0.29183957" r33="0.8282081" r34="0" r41="1916.3833" r42="-7.763935" r43="1626.792" r44="1"></containerEntry>
          <containerEntry r11="0.2801488" r12="-0.040443882" r13="0.9591031" r14="0" r21="-0.03472486" r22="-0.99888206" r23="-0.031978477" r24="0" r31="0.9593272" r32="-0.024346078" r33="-0.28123778" r34="0" r41="1908.2281" r42="-6.713156" r43="1620.712" r44="1"></containerEntry>
          <containerEntry r11="-0.18463045" r12="-0.18491474" r13="0.9652548" r14="0" r21="-0.0132642165" r22="-0.981581" r23="-0.1905796" r24="0" r31="0.9827179" r32="-0.047990285" r33="0.17877834" r34="0" r41="1918.7576" r42="-7.116491" r43="1624.9752" r44="1"></containerEntry>
          <containerEntry r11="-0.5281631" r12="0.12218693" r13="-0.84030336" r14="0" r21="0.02740851" r22="-0.9866214" r23="-0.16069031" r24="0" r31="-0.84869796" r32="-0.10790253" r33="0.5177523" r34="0" r41="1915.8783" r42="-6.180043" r43="1621.8391" r44="1"></containerEntry>
          <containerEntry r11="0.98715705" r12="0.07664342" r13="-0.14016643" r14="0" r21="-0.041327745" r22="0.97004974" r23="0.23936434" r24="0" r31="0.15431416" r32="-0.2304974" r33="0.960759" r34="0" r41="1918.2878" r42="-5.4145" r43="1621.518" r44="1"></containerEntry>
          <containerEntry r11="0.8610206" r12="0.07664326" r13="0.50276077" r14="0" r21="-0.18096367" r22="0.9700496" r23="0.16203591" r24="0" r31="-0.47528383" r32="-0.23049793" r33="0.8491024" r34="0" r41="1919.5875" r42="-5.738253" r43="1624.0625" r44="1"></containerEntry>
          <containerEntry r11="-0.9909445" r12="0.017336031" r13="-0.13313667" r14="0" r21="0.028811539" r22="0.9959851" r23="-0.0847563" r24="0" r31="0.13113359" r32="-0.08782505" r33="-0.98747134" r34="0" r41="1821.1803" r42="-5.535446" r43="1653.8188" r44="1"></containerEntry>
          <containerEntry r11="0.94242907" r12="0.09470998" r13="-0.3207049" r14="0" r21="0.0008867234" r22="0.958342" r23="0.2856218" r24="0" r31="0.3343982" r32="-0.26946425" r33="0.9030908" r34="0" r41="1830.8654" r42="-7.515746" r43="1660.2087" r44="1"></containerEntry>
          <containerEntry r11="-0.89566654" r12="-0.4366012" r13="-0.084603205" r14="0" r21="-0.23879996" r22="0.63264257" r23="-0.736708" r24="0" r31="0.37517318" r32="-0.6396442" r33="-0.6709016" r34="0" r41="1812.981" r42="-6.854168" r43="1658.2974" r44="1"></containerEntry>
          <containerEntry r11="0.96878636" r12="0.21696098" r13="-0.11989567" r14="0" r21="-0.19923142" r22="0.9692894" r23="0.14416952" r24="0" r31="0.14749362" r32="-0.11578319" r33="0.98226565" r34="0" r41="1814.7327" r42="-7.415371" r43="1660.7617" r44="1"></containerEntry>
          <containerEntry r11="-0.9635093" r12="-0.04044443" r13="-0.26459262" r14="0" r21="0.045441303" r22="-0.9988827" r23="-0.012789025" r24="0" r31="-0.2637804" r32="-0.024345823" r33="0.9642754" r34="0" r41="1905.6753" r42="2.033574" r43="1580.3013" r44="1"></containerEntry>
          <containerEntry r11="0.48141116" r12="-0.040443487" r13="0.87556076" r14="0" r21="-0.040832102" r22="-0.99888337" r23="-0.023689236" r24="0" r31="0.87554276" r32="-0.024346765" r33="-0.48252407" r34="0" r41="1917.3722" r42="2.155331" r43="1590.3761" r44="1"></containerEntry>
        </property>
        <property name="colors" type="UInt32" container="DynamicArray" arraySize="18">
          <containerEntry>4294967295</containerEntry>
          <containerEntry>4294967295</containerEntry>
          <containerEntry>4294967295</containerEntry>
          <containerEntry>4294967295</containerEntry>
          <containerEntry>4294967295</containerEntry>
          <containerEntry>4294967295</containerEntry>
          <containerEntry>4294967295</containerEntry>
          <containerEntry>4294967295</containerEntry>
          <containerEntry>4294967295</containerEntry>
          <containerEntry>4294967295</containerEntry>
          <containerEntry>4294967295</containerEntry>
          <containerEntry>4294967295</containerEntry>
          <containerEntry>4294967295</containerEntry>
          <containerEntry>4294967295</containerEntry>
          <containerEntry>4294967295</containerEntry>
          <containerEntry>4294967295</containerEntry>
          <containerEntry>4294967295</containerEntry>
          <containerEntry>4294967295</containerEntry>
        </property>
      </staticProperties>
      <dynamicProperties></dynamicProperties>
    </entity>
    <entity class="StaticModelArray" classVersion="4" classID="0xD0" addr="0x32F4CA0" id="0x0">
      <staticProperties>
        <property name="name" type="String" container="StaticArray" arraySize="1">
          <containerEntry>StaticModelArray0002</containerEntry>
        </property>
        <property name="dataSet" type="EntityHandle" container="StaticArray" arraySize="1">
          <containerEntry>0x32F47D0</containerEntry>
        </property>
        <property name="modelFile" type="FilePtr" container="StaticArray" arraySize="1">
          <containerEntry>/Assets/tpp/environ/object/middle_africa/rock/mafr_rock001/scenes/mafr_rock001_vrtn003.fmdl</containerEntry>
        </property>
        <property name="geomFile" type="FilePtr" container="StaticArray" arraySize="1">
          <containerEntry>/Assets/tpp/environ/object/middle_africa/rock/mafr_rock001/scenes/mafr_rock001_vrtn003.geom</containerEntry>
        </property>
        <property name="isVisibleGeom" type="Bool" container="StaticArray" arraySize="1">
          <containerEntry>false</containerEntry>
        </property>
        <property name="lodFarSize" type="Float" container="StaticArray" arraySize="1">
          <containerEntry>-1</containerEntry>
        </property>
        <property name="lodNearSize" type="Float" container="StaticArray" arraySize="1">
          <containerEntry>-1</containerEntry>
        </property>
        <property name="lodPolygonSize" type="Float" container="StaticArray" arraySize="1">
          <containerEntry>-1</containerEntry>
        </property>
        <property name="drawRejectionLevel" type="Int32" container="StaticArray" arraySize="1">
          <containerEntry>8</containerEntry>
        </property>
        <property name="drawMode" type="Int32" container="StaticArray" arraySize="1">
          <containerEntry>0</containerEntry>
        </property>
        <property name="rejectFarRangeShadowCast" type="Int32" container="StaticArray" arraySize="1">
          <containerEntry>2</containerEntry>
        </property>
        <property name="parentLocator" type="EntityLink" container="StaticArray" arraySize="1">
          <containerEntry packagePathHash="0xB8A0BF169F98" archivePathHash="0xB8A0BF169F98" nameInArchiveHash="0xB8A0BF169F98">0x0</containerEntry>
        </property>
        <property name="transforms" type="Matrix4" container="DynamicArray" arraySize="2">
          <containerEntry r11="-0.83994395" r12="0.0871958" r13="0.53562695" r14="0" r21="0.10386315" r22="0.9945911" r23="0.00096108764" r24="0" r31="-0.532646" r32="0.056439076" r33="-0.8444572" r34="0" r41="1799.8022" r42="-4.945559" r43="1568.297" r44="1"></containerEntry>
          <containerEntry r11="-0.9155364" r12="-0.12730472" r13="-0.38155365" r14="0" r21="-0.12262378" r22="0.99177563" r23="-0.036668375" r24="0" r31="0.38308364" r32="0.013216293" r33="-0.92361724" r34="0" r41="1809.366" r42="-4.184122" r43="1581.3278" r44="1"></containerEntry>
        </property>
        <property name="colors" type="UInt32" container="DynamicArray" arraySize="2">
          <containerEntry>4294967295</containerEntry>
          <containerEntry>4294967295</containerEntry>
        </property>
      </staticProperties>
      <dynamicProperties></dynamicProperties>
    </entity>
    <entity class="StaticModelArray" classVersion="4" classID="0xD0" addr="0x32F0DA0" id="0x0">
      <staticProperties>
        <property name="name" type="String" container="StaticArray" arraySize="1">
          <containerEntry>StaticModelArray0003</containerEntry>
        </property>
        <property name="dataSet" type="EntityHandle" container="StaticArray" arraySize="1">
          <containerEntry>0x32F47D0</containerEntry>
        </property>
        <property name="modelFile" type="FilePtr" container="StaticArray" arraySize="1">
          <containerEntry>/Assets/tpp/environ/object/middle_africa/cliff/mafr_clff003/scenes/mafr_clff003_vrtn001.fmdl</containerEntry>
        </property>
        <property name="geomFile" type="FilePtr" container="StaticArray" arraySize="1">
          <containerEntry>/Assets/tpp/environ/object/middle_africa/cliff/mafr_clff003/scenes/mafr_clff003_vrtn001.geom</containerEntry>
        </property>
        <property name="isVisibleGeom" type="Bool" container="StaticArray" arraySize="1">
          <containerEntry>false</containerEntry>
        </property>
        <property name="lodFarSize" type="Float" container="StaticArray" arraySize="1">
          <containerEntry>-1</containerEntry>
        </property>
        <property name="lodNearSize" type="Float" container="StaticArray" arraySize="1">
          <containerEntry>-1</containerEntry>
        </property>
        <property name="lodPolygonSize" type="Float" container="StaticArray" arraySize="1">
          <containerEntry>-1</containerEntry>
        </property>
        <property name="drawRejectionLevel" type="Int32" container="StaticArray" arraySize="1">
          <containerEntry>8</containerEntry>
        </property>
        <property name="drawMode" type="Int32" container="StaticArray" arraySize="1">
          <containerEntry>0</containerEntry>
        </property>
        <property name="rejectFarRangeShadowCast" type="Int32" container="StaticArray" arraySize="1">
          <containerEntry>2</containerEntry>
        </property>
        <property name="parentLocator" type="EntityLink" container="StaticArray" arraySize="1">
          <containerEntry packagePathHash="0xB8A0BF169F98" archivePathHash="0xB8A0BF169F98" nameInArchiveHash="0xB8A0BF169F98">0x0</containerEntry>
        </property>
        <property name="transforms" type="Matrix4" container="DynamicArray" arraySize="33">
          <containerEntry r11="0.57368094" r12="0.037383467" r13="0.8182253" r14="0" r21="0.57640386" r22="0.69130933" r23="-0.4357179" r24="0" r31="-0.58193547" r32="0.72159123" r33="0.37504303" r34="0" r41="1806.8834" r42="-7.758921" r43="1585.1615" r44="1"></containerEntry>
          <containerEntry r11="-0.9968631" r12="-0.05082086" r13="0.060638346" r14="0" r21="0.024126474" r22="0.5346591" r23="0.8447228" r24="0" r31="-0.0753504" r32="0.84353775" r33="-0.5317548" r34="0" r41="1838.3578" r42="-3.284064" r43="1608.127" r44="1"></containerEntry>
          <containerEntry r11="-0.43147513" r12="-0.2386907" r13="0.8699738" r14="0" r21="0.5690067" r22="0.676331" r23="0.4677685" r24="0" r31="-0.7000421" r32="0.696852" r33="-0.15600306" r34="0" r41="1875.8959" r42="-3.194712" r43="1590.8881" r44="1"></containerEntry>
          <containerEntry r11="-0.18171673" r12="0.007977128" r13="0.983318" r14="0" r21="0.6930462" r22="0.71044105" r23="0.12231159" r24="0" r31="-0.6976136" r32="0.7037113" r33="-0.13462734" r34="0" r41="1888.3232" r42="-1.913497" r43="1578.9557" r44="1"></containerEntry>
          <containerEntry r11="-0.6336148" r12="-0.15919489" r13="0.75709337" r14="0" r21="0.4757254" r22="0.6915487" r23="0.5435493" r24="0" r31="-0.61009735" r32="0.704569" r33="-0.3624426" r34="0" r41="1889.9125" r42="-2.336326" r43="1583.7208" r44="1"></containerEntry>
          <containerEntry r11="-0.8520869" r12="-0.102132246" r13="0.5133428" r14="0" r21="0.4016726" r22="0.5012176" r23="0.76644707" r24="0" r31="-0.33557558" r32="0.85927355" r33="-0.3860582" r34="0" r41="1906.8604" r42="-13.916244" r43="1652.9982" r44="1"></containerEntry>
          <containerEntry r11="0.27638134" r12="-0.10341191" r13="0.955468" r14="0" r21="0.5145828" r22="0.8555938" r23="-0.056247234" r24="0" r31="-0.81167585" r32="0.5072132" r33="0.28968418" r34="0" r41="1899.9574" r42="-14.047475" r43="1652.1477" r44="1"></containerEntry>
          <containerEntry r11="-0.37690437" r12="0.27319932" r13="0.8850444" r14="0" r21="0.6832377" r22="0.72716135" r23="0.066500455" r24="0" r31="-0.62540203" r32="0.6297604" r33="-0.46073025" r34="0" r41="1961.6356" r42="-3.946067" r43="1562.5354" r44="1"></containerEntry>
          <containerEntry r11="0.6291903" r12="0.016270489" r13="0.77708113" r14="0" r21="0.6577164" r22="0.52159035" r23="-0.54346406" r24="0" r31="-0.4141606" r32="0.8530412" r33="0.31747818" r34="0" r41="1965.3019" r42="-2.801314" r43="1565.8793" r44="1"></containerEntry>
          <containerEntry r11="0.9914425" r12="-0.09415616" r13="-0.090423085" r14="0" r21="0.029932942" r22="0.8381752" r23="-0.54457885" r24="0" r31="0.12706587" r32="0.53721195" r33="0.8338208" r34="0" r41="1964.8323" r42="-2.866236" r43="1570.6862" r44="1"></containerEntry>
          <containerEntry r11="-0.3052292" r12="-0.08973211" r13="0.94804245" r14="0" r21="0.53436095" r22="0.8078997" r23="0.2485088" r24="0" r31="-0.7882225" r32="0.5824486" r33="-0.19864535" r34="0" r41="1838.7281" r42="-4.344475" r43="1584.7582" r44="1"></containerEntry>
          <containerEntry r11="0.4705201" r12="-0.05082047" r13="-0.8809242" r14="0" r21="-0.73219997" r22="0.5346588" r23="-0.42192727" r24="0" r31="0.49243626" r32="0.8435382" r33="0.21435708" r34="0" r41="1836.1267" r42="-3.284064" r43="1603.5098" r44="1"></containerEntry>
          <containerEntry r11="-0.5520599" r12="-0.056878693" r13="0.50447315" r14="0" r21="0.21048355" r22="0.6525588" r23="0.3039137" r24="0" r31="-0.46197945" r32="0.365283" r33="-0.46437252" r34="0" r41="1854.7653" r42="-2.547485" r43="1611.5548" r44="1"></containerEntry>
          <containerEntry r11="-0.29054716" r12="-0.07677955" r13="-0.6871568" r14="0" r21="-0.54719603" r22="0.48117802" r23="0.17760491" r24="0" r31="0.42267734" r32="0.57015073" r33="-0.24242395" r34="0" r41="1826.779" r42="-4.050362" r43="1619.7213" r44="1"></containerEntry>
          <containerEntry r11="0.6457092" r12="0.039917804" r13="0.37942815" r14="0" r21="0.19208878" r22="0.61043435" r23="-0.39111543" r24="0" r31="-0.32963777" r32="0.43390775" r33="0.5153271" r34="0" r41="1834.9814" r42="-3.419519" r43="1613.1277" r44="1"></containerEntry>
          <containerEntry r11="0.7509166" r12="0.09780264" r13="0.65311456" r14="0" r21="0.3898511" r22="0.7326132" r23="-0.5579371" r24="0" r31="-0.5330479" r32="0.67358166" r33="0.51200294" r34="0" r41="1828.0638" r42="-5.986795" r43="1562.467" r44="1"></containerEntry>
          <containerEntry r11="-0.58240634" r12="-0.06334544" r13="0.46828306" r14="0" r21="0.23326251" r22="0.6078299" r23="0.37233222" r24="0" r31="-0.41096264" r32="0.43477583" r33="-0.45230368" r34="0" r41="1833.6753" r42="-4.356737" r43="1581.932" r44="1"></containerEntry>
          <containerEntry r11="-0.32532203" r12="-0.030531563" r13="-0.6750788" r14="0" r21="-0.4729691" r22="0.5454228" r23="0.20325798" r24="0" r31="0.4826632" r32="0.51388854" r33="-0.25583768" r34="0" r41="1824.7194" r42="-6.184744" r43="1567.0858" r44="1"></containerEntry>
          <containerEntry r11="0.64871764" r12="-0.043077886" r13="0.75980824" r14="0" r21="0.66045195" r22="0.5279131" r23="-0.5339563" r24="0" r31="-0.37811035" r32="0.84820426" r33="0.37091777" r34="0" r41="1933.0256" r42="-1.782311" r43="1571.6233" r44="1"></containerEntry>
          <containerEntry r11="0.121183656" r12="-0.007967792" r13="0.7401011" r14="0" r21="0.49827826" r22="0.5554295" r23="-0.07560738" r24="0" r31="-0.5472952" r32="0.5039189" r33="0.095039114" r34="0" r41="1940.9874" r42="-1.72322" r43="1572.8153" r44="1"></containerEntry>
          <containerEntry r11="-0.7086386" r12="0.20052078" r13="-0.1418458" r14="0" r21="0.043841787" r22="0.52943563" r23="0.5294104" r24="0" r31="0.24167481" r32="0.4919237" r33="-0.51195914" r34="0" r41="1902.1549" r42="-4.695562" r43="1609.9634" r44="1"></containerEntry>
          <containerEntry r11="0.61364555" r12="-0.08859627" r13="0.4220067" r14="0" r21="0.17786019" r22="0.72065604" r23="-0.10733389" r24="0" r31="-0.3928164" r32="0.18789762" r33="0.6106469" r34="0" r41="1910.8716" r42="-2.651453" r43="1602.864" r44="1"></containerEntry>
          <containerEntry r11="0.4663878" r12="-0.12735891" r13="0.5733772" r14="0" r21="0.43031645" r22="0.57241" r23="-0.22287682" r24="0" r31="-0.39976174" r32="0.46757466" r33="0.42902648" r34="0" r41="1943.0249" r42="-0.996952" r43="1587.204" r44="1"></containerEntry>
          <containerEntry r11="0.39592078" r12="-0.02080527" r13="-0.63664114" r14="0" r21="-0.40735096" r22="0.5680149" r23="-0.27188823" r24="0" r31="0.489704" r32="0.48931092" r33="0.2885521" r34="0" r41="1921.6051" r42="-0.271635" r43="1564.0984" r44="1"></containerEntry>
          <containerEntry r11="-0.6740219" r12="-0.063581735" r13="-0.32272485" r14="0" r21="-0.25187704" r22="0.5730246" r23="0.41315937" r24="0" r31="0.21154648" r32="0.47968745" r33="-0.53632784" r34="0" r41="1872.3705" r42="-0.984028" r43="1576.741" r44="1"></containerEntry>
          <containerEntry r11="0.21940336" r12="-0.21740988" r13="0.68344176" r14="0" r21="0.519181" r22="0.5412207" r23="0.0054977015" r24="0" r31="-0.4947836" r32="0.4714998" r33="0.30882853" r34="0" r41="1840.4907" r42="-4.489759" r43="1632.3005" r44="1"></containerEntry>
          <containerEntry r11="-0.38098145" r12="0.048578415" r13="-0.6441947" r14="0" r21="-0.39993548" r22="0.56959796" r23="0.27947938" r24="0" r31="0.50734437" r32="0.48548663" r33="-0.2634363" r34="0" r41="1827.3953" r42="-6.551093" r43="1640.0441" r44="1"></containerEntry>
          <containerEntry r11="-0.73417443" r12="0.015932914" r13="0.15241724" r14="0" r21="0.13164651" r22="0.44741827" r23="0.5873546" r24="0" r31="-0.078447886" r32="0.6017162" r33="-0.44077325" r34="0" r41="1872.1832" r42="-8.888133" r43="1634.58" r44="1"></containerEntry>
          <containerEntry r11="-0.091281116" r12="0.13931373" r13="-0.7312715" r14="0" r21="-0.3778993" r22="0.62608886" r23="0.16644713" r24="0" r31="0.6413723" r32="0.3887213" r33="-0.006004438" r34="0" r41="1878.8881" r42="-9.443898" r43="1635.8523" r44="1"></containerEntry>
          <containerEntry r11="0.7135146" r12="-0.08746518" r13="-0.2138844" r14="0" r21="-0.024210222" r22="0.6620816" r23="-0.3515131" r24="0" r31="0.2298055" r32="0.34131724" r33="0.6270498" r34="0" r41="1852.1637" r42="-10.222157" r43="1656.8767" r44="1"></containerEntry>
          <containerEntry r11="0.52270293" r12="-0.14248562" r13="-0.5186322" r14="0" r21="-0.16167304" r22="0.6481334" r23="-0.3410057" r24="0" r31="0.5129749" r32="0.349458" r33="0.42099345" r34="0" r41="1888.616" r42="-11.434838" r43="1635.8523" r44="1"></containerEntry>
          <containerEntry r11="0.8204876" r12="-0.058841527" r13="0.5686283" r14="0" r21="0.4175962" r22="0.7409864" r23="-0.5258831" r24="0" r31="-0.3904022" r32="0.66893744" r33="0.632542" r34="0" r41="1888.0483" r42="-2.814105" r43="1599.9818" r44="1"></containerEntry>
          <containerEntry r11="0.62741405" r12="-0.0040523596" r13="-0.41089535" r14="0" r21="-0.21982428" r22="0.63031614" r23="-0.34187526" r24="0" r31="0.34717238" r32="0.40642953" r33="0.52610457" r34="0" r41="1875.3015" r42="-1.004043" r43="1566.2196" r44="1"></containerEntry>
        </property>
        <property name="colors" type="UInt32" container="DynamicArray" arraySize="33">
          <containerEntry>4294967295</containerEntry>
          <containerEntry>4294967295</containerEntry>
          <containerEntry>4294967295</containerEntry>
          <containerEntry>4294967295</containerEntry>
          <containerEntry>4294967295</containerEntry>
          <containerEntry>4294967295</containerEntry>
          <containerEntry>4294967295</containerEntry>
          <containerEntry>4294967295</containerEntry>
          <containerEntry>4294967295</containerEntry>
          <containerEntry>4294967295</containerEntry>
          <containerEntry>4294967295</containerEntry>
          <containerEntry>4294967295</containerEntry>
          <containerEntry>4294967295</containerEntry>
          <containerEntry>4294967295</containerEntry>
          <containerEntry>4294967295</containerEntry>
          <containerEntry>4294967295</containerEntry>
          <containerEntry>4294967295</containerEntry>
          <containerEntry>4294967295</containerEntry>
          <containerEntry>4294967295</containerEntry>
          <containerEntry>4294967295</containerEntry>
          <containerEntry>4294967295</containerEntry>
          <containerEntry>4294967295</containerEntry>
          <containerEntry>4294967295</containerEntry>
          <containerEntry>4294967295</containerEntry>
          <containerEntry>4294967295</containerEntry>
          <containerEntry>4294967295</containerEntry>
          <containerEntry>4294967295</containerEntry>
          <containerEntry>4294967295</containerEntry>
          <containerEntry>4294967295</containerEntry>
          <containerEntry>4294967295</containerEntry>
          <containerEntry>4294967295</containerEntry>
          <containerEntry>4294967295</containerEntry>
          <containerEntry>4294967295</containerEntry>
        </property>
      </staticProperties>
      <dynamicProperties></dynamicProperties>
    </entity>
    <entity class="StaticModelArray" classVersion="4" classID="0xD0" addr="0x32F0EF0" id="0x0">
      <staticProperties>
        <property name="name" type="String" container="StaticArray" arraySize="1">
          <containerEntry>StaticModelArray0004</containerEntry>
        </property>
        <property name="dataSet" type="EntityHandle" container="StaticArray" arraySize="1">
          <containerEntry>0x32F47D0</containerEntry>
        </property>
        <property name="modelFile" type="FilePtr" container="StaticArray" arraySize="1">
