<fox formatVersion="2" fileVersion="0">
  <entities>
    <entity class="DataSet" classVersion="0" classID="0xE8" addr="0x3353490" id="0x8DB59B">
      <staticProperties>
        <property name="name" type="String" container="StaticArray" arraySize="1">
          <containerEntry hash="0xB8A0BF169F98"></containerEntry>
        </property>
        <property name="dataSet" type="EntityHandle" container="StaticArray" arraySize="1">
          <containerEntry>0x0</containerEntry>
        </property>
        <property name="dataList" type="EntityPtr" container="StringMap" arraySize="12">
          <containerEntry key="StaticModelArray0000">
            <data>0x317FA50</data>
          </containerEntry>
          <containerEntry key="StaticModelArray0001">
            <data>0x317F660</data>
          </containerEntry>
          <containerEntry key="StaticModelArray0002">
            <data>0x317F740</data>
          </containerEntry>
          <containerEntry key="StaticModelArray0003">
            <data>0x317F3C0</data>
          </containerEntry>
          <containerEntry key="StaticModelArray0004">
            <data>0x317F900</data>
          </containerEntry>
          <containerEntry key="StaticModelArray0005">
            <data>0x317F820</data>
          </containerEntry>
          <containerEntry key="StaticModelArray0006">
            <data>0x317F350</data>
          </containerEntry>
          <containerEntry key="StaticModelArray0007">
            <data>0x317CB10</data>
          </containerEntry>
          <containerEntry key="StaticModelArray0008">
            <data>0x317F040</data>
          </containerEntry>
          <containerEntry key="StaticModelArray0009">
            <data>0x317F0B0</data>
          </containerEntry>
          <containerEntry key="StaticModelArray0010">
            <data>0x317F120</data>
          </containerEntry>
          <containerEntry key="TexturePackLoadConditioner0000">
            <data>0x317FF20</data>
          </containerEntry>
        </property>
      </staticProperties>
      <dynamicProperties></dynamicProperties>
    </entity>
    <entity class="StaticModelArray" classVersion="4" classID="0xD0" addr="0x317FA50" id="0x0">
      <staticProperties>
        <property name="name" type="String" container="StaticArray" arraySize="1">
          <containerEntry>StaticModelArray0000</containerEntry>
        </property>
        <property name="dataSet" type="EntityHandle" container="StaticArray" arraySize="1">
          <containerEntry>0x3353490</containerEntry>
        </property>
        <property name="modelFile" type="FilePtr" container="StaticArray" arraySize="1">
          <containerEntry>/Assets/tpp/environ/object/afghanistan/cliff/afgh_clff013/scenes/afgh_clff013.fmdl</containerEntry>
        </property>
        <property name="geomFile" type="FilePtr" container="StaticArray" arraySize="1">
          <containerEntry>/Assets/tpp/environ/object/afghanistan/cliff/afgh_clff013/scenes/afgh_clff013.geom</containerEntry>
        </property>
        <property name="isVisibleGeom" type="Bool" container="StaticArray" arraySize="1">
          <containerEntry>false</containerEntry>
        </property>
        <property name="lodFarSize" type="Float" container="StaticArray" arraySize="1">
          <containerEntry>50</containerEntry>
        </property>
        <property name="lodNearSize" type="Float" container="StaticArray" arraySize="1">
          <containerEntry>400</containerEntry>
        </property>
        <property name="lodPolygonSize" type="Float" container="StaticArray" arraySize="1">
          <containerEntry>-1</containerEntry>
        </property>
        <property name="drawRejectionLevel" type="Int32" container="StaticArray" arraySize="1">
          <containerEntry>5</containerEntry>
        </property>
        <property name="drawMode" type="Int32" container="StaticArray" arraySize="1">
          <containerEntry>0</containerEntry>
        </property>
        <property name="rejectFarRangeShadowCast" type="Int32" container="StaticArray" arraySize="1">
          <containerEntry>2</containerEntry>
        </property>
        <property name="parentLocator" type="EntityLink" container="StaticArray" arraySize="1">
          <containerEntry packagePathHash="0xB8A0BF169F98" archivePathHash="0xB8A0BF169F98" nameInArchiveHash="0xB8A0BF169F98">0x0</containerEntry>
        </property>
        <property name="transforms" type="Matrix4" container="DynamicArray" arraySize="12">
          <containerEntry r11="-0.9970812" r12="-0.0072769527" r13="-0.075951874" r14="0" r21="-0.008618813" r22="0.99981225" r23="0.017354399" r24="0" r31="0.07581133" r32="0.017958425" r33="-0.99695677" r34="0" r41="758.48883" r42="354.52185" r43="817.868" r44="1"></containerEntry>
          <containerEntry r11="-0.84909904" r12="5.4936396e-07" r13="0.5282327" r14="0" r21="-5.4936396e-07" r22="1" r23="-1.92307e-06" r24="0" r31="-0.5282327" r32="-1.92307e-06" r33="-0.84909904" r34="0" r41="737.89777" r42="354.43655" r43="819.7067" r44="1"></containerEntry>
          <containerEntry r11="-0.9998562" r12="-0.010011584" r13="0.0136412885" r14="0" r21="-0.009293271" r22="0.99861735" r23="0.051739965" r24="0" r31="-0.014140427" r32="0.051605787" r33="-0.99856675" r34="0" r41="758.76" r42="346.33527" r43="799.4502" r44="1"></containerEntry>
          <containerEntry r11="-0.8073497" r12="-0.038022097" r13="0.58884656" r14="0" r21="-0.009293228" r22="0.99861735" r23="0.051739514" r24="0" r31="-0.5899997" r32="0.03629961" r33="-0.8065868" r34="0" r41="748.7546" r42="346.33527" r43="802.34827" r44="1"></containerEntry>
          <containerEntry r11="0.9994992" r12="0.031274542" r13="0.0048197266" r14="0" r21="-0.030098671" r22="0.9866166" r23="-0.16025509" r24="0" r31="-0.009767125" r32="0.16002975" r33="0.9870639" r34="0" r41="673.4532" r42="344.16174" r43="819.4036" r44="1"></containerEntry>
          <containerEntry r11="0.98989713" r12="0.020215817" r13="0.14033866" r14="0" r21="0.002526191" r22="0.98711175" r23="-0.16001265" r24="0" r31="-0.14176473" r32="0.15875058" r33="0.97708803" r34="0" r41="655.534" r42="344.16174" r43="819.4036" r44="1"></containerEntry>
          <containerEntry r11="-0.73364514" r12="-0.13325286" r13="0.66633713" r14="0" r21="-0.13527909" r22="0.98959744" r23="0.04895357" r24="0" r31="-0.6659287" r32="-0.054226935" r33="-0.7440397" r34="0" r41="699.1333" r42="348.6151" r43="839.057" r44="1"></containerEntry>
          <containerEntry r11="-0.34991097" r12="0.0044889525" r13="0.9367697" r14="0" r21="-0.03512945" r22="0.9992223" r23="-0.017910156" r24="0" r31="-0.9361216" r32="-0.039175265" r33="-0.3494811" r34="0" r41="688.0317" r42="347.0479" r43="854.70557" r44="1"></containerEntry>
          <containerEntry r11="-0.63949627" r12="0.06340023" r13="0.7661706" r14="0" r21="0.110448115" r22="0.9938321" r23="0.009948652" r24="0" r31="-0.7608142" r32="0.09098446" r33="-0.64255434" r34="0" r41="710.47906" r42="347.3946" r43="800.2179" r44="1"></containerEntry>
          <containerEntry r11="-0.63728744" r12="0.08222464" r13="0.76622087" r14="0" r21="0.12254828" r22="0.99245197" r23="-0.0045743175" r24="0" r31="-0.76081353" r32="0.09098415" r33="-0.6425537" r34="0" r41="716.9229" r42="346.6706" r43="791.18066" r44="1"></containerEntry>
          <containerEntry r11="-0.6569041" r12="0.015056459" r13="0.7538159" r14="0" r21="-0.0017320537" r22="0.99976784" r23="-0.02147833" r24="0" r31="-0.7539643" r32="-0.015414985" r33="-0.65672547" r34="0" r41="701.4427" r42="347.40872" r43="815.962" r44="1"></containerEntry>
          <containerEntry r11="-0.92042" r12="0.07341472" r13="0.3839567" r14="0" r21="0.08362236" r22="0.996448" r23="0.009934301" r24="0" r31="-0.38186356" r32="0.041251287" r33="-0.9232898" r34="0" r41="754.08136" r42="343.5741" r43="777.0467" r44="1"></containerEntry>
        </property>
        <property name="colors" type="UInt32" container="DynamicArray" arraySize="12">
          <containerEntry>4294967295</containerEntry>
          <containerEntry>4294967295</containerEntry>
          <containerEntry>4294967295</containerEntry>
          <containerEntry>4294967295</containerEntry>
          <containerEntry>4294967295</containerEntry>
          <containerEntry>4294967295</containerEntry>
          <containerEntry>4294967295</containerEntry>
          <containerEntry>4294967295</containerEntry>
          <containerEntry>4294967295</containerEntry>
          <containerEntry>4294967295</containerEntry>
          <containerEntry>4294967295</containerEntry>
          <containerEntry>4294967295</containerEntry>
        </property>
      </staticProperties>
      <dynamicProperties></dynamicProperties>
    </entity>
    <entity class="StaticModelArray" classVersion="4" classID="0xD0" addr="0x317F660" id="0x0">
      <staticProperties>
        <property name="name" type="String" container="StaticArray" arraySize="1">
          <containerEntry>StaticModelArray0001</containerEntry>
        </property>
        <property name="dataSet" type="EntityHandle" container="StaticArray" arraySize="1">
          <containerEntry>0x3353490</containerEntry>
        </property>
        <property name="modelFile" type="FilePtr" container="StaticArray" arraySize="1">
          <containerEntry>/Assets/tpp/environ/object/afghanistan/cliff/afgh_clff022/scenes/afgh_clff022_vrtn001.fmdl</containerEntry>
        </property>
        <property name="geomFile" type="FilePtr" container="StaticArray" arraySize="1">
          <containerEntry>/Assets/tpp/environ/object/afghanistan/cliff/afgh_clff022/scenes/afgh_clff022_vrtn001.geom</containerEntry>
        </property>
        <property name="isVisibleGeom" type="Bool" container="StaticArray" arraySize="1">
          <containerEntry>false</containerEntry>
        </property>
        <property name="lodFarSize" type="Float" container="StaticArray" arraySize="1">
          <containerEntry>-1</containerEntry>
        </property>
        <property name="lodNearSize" type="Float" container="StaticArray" arraySize="1">
          <containerEntry>-1</containerEntry>
        </property>
        <property name="lodPolygonSize" type="Float" container="StaticArray" arraySize="1">
          <containerEntry>-1</containerEntry>
        </property>
        <property name="drawRejectionLevel" type="Int32" container="StaticArray" arraySize="1">
          <containerEntry>8</containerEntry>
        </property>
        <property name="drawMode" type="Int32" container="StaticArray" arraySize="1">
          <containerEntry>0</containerEntry>
        </property>
        <property name="rejectFarRangeShadowCast" type="Int32" container="StaticArray" arraySize="1">
          <containerEntry>2</containerEntry>
        </property>
        <property name="parentLocator" type="EntityLink" container="StaticArray" arraySize="1">
          <containerEntry packagePathHash="0xB8A0BF169F98" archivePathHash="0xB8A0BF169F98" nameInArchiveHash="0xB8A0BF169F98">0x0</containerEntry>
        </property>
        <property name="transforms" type="Matrix4" container="DynamicArray" arraySize="5">
          <containerEntry r11="-0.29556394" r12="0" r13="-0.9553188" r14="0" r21="0" r22="1" r23="0" r24="0" r31="0.9553188" r32="0" r33="-0.29556394" r34="0" r41="726.27014" r42="361.9652" r43="837.5097" r44="1"></containerEntry>
          <containerEntry r11="-0.9961897" r12="0" r13="0.08715486" r14="0" r21="0" r22="1" r23="0" r24="0" r31="-0.08715486" r32="0" r33="-0.9961897" r34="0" r41="715.6273" r42="369.82053" r43="862.7505" r44="1"></containerEntry>
          <containerEntry r11="0.3918035" r12="0" r13="0.9200475" r14="0" r21="0" r22="1" r23="0" r24="0" r31="-0.9200475" r32="0" r33="0.3918035" r34="0" r41="724.9811" r42="374.5851" r43="846.35065" r44="1"></containerEntry>
          <containerEntry r11="-0.9988277" r12="0.040475868" r13="0.026318263" r14="0" r21="0.04000541" r22="0.99903435" r23="-0.018163174" r24="0" r31="-0.02702802" r32="-0.017089117" r33="-0.99948245" r34="0" r41="728.9509" r42="374.1556" r43="868.05304" r44="1"></containerEntry>
          <containerEntry r11="-0.613124" r12="0" r13="0.7899779" r14="0" r21="0" r22="1" r23="0" r24="0" r31="-0.7899779" r32="0" r33="-0.613124" r34="0" r41="767.13824" r42="370.28024" r43="826.88837" r44="1"></containerEntry>
        </property>
        <property name="colors" type="UInt32" container="DynamicArray" arraySize="5">
          <containerEntry>4294967295</containerEntry>
          <containerEntry>4294967295</containerEntry>
          <containerEntry>4294967295</containerEntry>
          <containerEntry>4294967295</containerEntry>
          <containerEntry>4294967295</containerEntry>
        </property>
      </staticProperties>
      <dynamicProperties></dynamicProperties>
    </entity>
    <entity class="StaticModelArray" classVersion="4" classID="0xD0" addr="0x317F740" id="0x0">
      <staticProperties>
        <property name="name" type="String" container="StaticArray" arraySize="1">
          <containerEntry>StaticModelArray0002</containerEntry>
        </property>
        <property name="dataSet" type="EntityHandle" container="StaticArray" arraySize="1">
          <containerEntry>0x3353490</containerEntry>
        </property>
        <property name="modelFile" type="FilePtr" container="StaticArray" arraySize="1">
          <containerEntry>/Assets/tpp/environ/object/afghanistan/cliff/afgh_clff022/scenes/afgh_clff022_vrtn004.fmdl</containerEntry>
        </property>
        <property name="geomFile" type="FilePtr" container="StaticArray" arraySize="1">
          <containerEntry>/Assets/tpp/environ/object/afghanistan/cliff/afgh_clff022/scenes/afgh_clff022_vrtn004.geom</containerEntry>
        </property>
        <property name="isVisibleGeom" type="Bool" container="StaticArray" arraySize="1">
          <containerEntry>false</containerEntry>
        </property>
        <property name="lodFarSize" type="Float" container="StaticArray" arraySize="1">
          <containerEntry>-1</containerEntry>
        </property>
        <property name="lodNearSize" type="Float" container="StaticArray" arraySize="1">
          <containerEntry>-1</containerEntry>
        </property>
        <property name="lodPolygonSize" type="Float" container="StaticArray" arraySize="1">
          <containerEntry>-1</containerEntry>
        </property>
        <property name="drawRejectionLevel" type="Int32" container="StaticArray" arraySize="1">
          <containerEntry>8</containerEntry>
        </property>
        <property name="drawMode" type="Int32" container="StaticArray" arraySize="1">
          <containerEntry>0</containerEntry>
        </property>
        <property name="rejectFarRangeShadowCast" type="Int32" container="StaticArray" arraySize="1">
          <containerEntry>2</containerEntry>
        </property>
        <property name="parentLocator" type="EntityLink" container="StaticArray" arraySize="1">
          <containerEntry packagePathHash="0xB8A0BF169F98" archivePathHash="0xB8A0BF169F98" nameInArchiveHash="0xB8A0BF169F98">0x0</containerEntry>
        </property>
        <property name="transforms" type="Matrix4" container="DynamicArray" arraySize="2">
          <containerEntry r11="0.8913608" r12="0.016496483" r13="0.45299414" r14="0" r21="-0.026199877" r22="0.9995419" r23="0.015153877" r24="0" r31="-0.4525366" r32="-0.025375966" r33="0.89138466" r34="0" r41="735.6915" r42="368.2379" r43="875.91614" r44="1"></containerEntry>
          <containerEntry r11="0.9037998" r12="-0.03567391" r13="0.42646617" r14="0" r21="0.068452194" r22="0.99574" r23="-0.06177544" r24="0" r31="-0.42244565" r32="0.08502517" r33="0.9023915" r34="0" r41="764.1722" r42="375.4612" r43="870.37396" r44="1"></containerEntry>
        </property>
        <property name="colors" type="UInt32" container="DynamicArray" arraySize="2">
          <containerEntry>4294967295</containerEntry>
          <containerEntry>4294967295</containerEntry>
        </property>
      </staticProperties>
      <dynamicProperties></dynamicProperties>
    </entity>
    <entity class="StaticModelArray" classVersion="4" classID="0xD0" addr="0x317F3C0" id="0x0">
      <staticProperties>
        <property name="name" type="String" container="StaticArray" arraySize="1">
          <containerEntry>StaticModelArray0003</containerEntry>
        </property>
        <property name="dataSet" type="EntityHandle" container="StaticArray" arraySize="1">
          <containerEntry>0x3353490</containerEntry>
        </property>
        <property name="modelFile" type="FilePtr" container="StaticArray" arraySize="1">
          <containerEntry>/Assets/tpp/environ/object/afghanistan/rock/afgh_rock010/scenes/afgh_rock010_vrtn001.fmdl</containerEntry>
        </property>
        <property name="geomFile" type="FilePtr" container="StaticArray" arraySize="1">
          <containerEntry>/Assets/tpp/environ/object/afghanistan/rock/afgh_rock010/scenes/afgh_rock010_vrtn001.geom</containerEntry>
        </property>
        <property name="isVisibleGeom" type="Bool" container="StaticArray" arraySize="1">
          <containerEntry>false</containerEntry>
        </property>
        <property name="lodFarSize" type="Float" container="StaticArray" arraySize="1">
          <containerEntry>-1</containerEntry>
        </property>
        <property name="lodNearSize" type="Float" container="StaticArray" arraySize="1">
          <containerEntry>-1</containerEntry>
        </property>
        <property name="lodPolygonSize" type="Float" container="StaticArray" arraySize="1">
          <containerEntry>-1</containerEntry>
        </property>
        <property name="drawRejectionLevel" type="Int32" container="StaticArray" arraySize="1">
          <containerEntry>8</containerEntry>
        </property>
        <property name="drawMode" type="Int32" container="StaticArray" arraySize="1">
          <containerEntry>0</containerEntry>
        </property>
        <property name="rejectFarRangeShadowCast" type="Int32" container="StaticArray" arraySize="1">
          <containerEntry>2</containerEntry>
        </property>
        <property name="parentLocator" type="EntityLink" container="StaticArray" arraySize="1">
          <containerEntry packagePathHash="0xB8A0BF169F98" archivePathHash="0xB8A0BF169F98" nameInArchiveHash="0xB8A0BF169F98">0x0</containerEntry>
        </property>
        <property name="transforms" type="Matrix4" container="DynamicArray" arraySize="2">
          <containerEntry r11="0.0023992658" r12="-0.049908392" r13="0.99875087" r14="0" r21="0.064555995" r22="-0.9966626" r23="-0.049959123" r24="0" r31="0.99791116" r32="0.06459517" r33="0.00083172694" r34="0" r41="750.9806" r42="361.30603" r43="891.85175" r44="1"></containerEntry>
          <containerEntry r11="0.19597924" r12="-0.86178315" r13="-0.46788955" r14="0" r21="-0.029799402" r22="0.47168875" r23="-0.881261" r24="0" r31="0.9801547" r32="0.18665028" r33="0.06676043" r34="0" r41="757.5291" r42="347.4021" r43="779.4847" r44="1"></containerEntry>
        </property>
        <property name="colors" type="UInt32" container="DynamicArray" arraySize="2">
          <containerEntry>4294967295</containerEntry>
          <containerEntry>4294967295</containerEntry>
        </property>
      </staticProperties>
      <dynamicProperties></dynamicProperties>
    </entity>
    <entity class="StaticModelArray" classVersion="4" classID="0xD0" addr="0x317F900" id="0x0">
      <staticProperties>
        <property name="name" type="String" container="StaticArray" arraySize="1">
          <containerEntry>StaticModelArray0004</containerEntry>
        </property>
        <property name="dataSet" type="EntityHandle" container="StaticArray" arraySize="1">
          <containerEntry>0x3353490</containerEntry>
        </property>
        <property name="modelFile" type="FilePtr" container="StaticArray" arraySize="1">
          <containerEntry>/Assets/tpp/environ/object/afghanistan/rock/afgh_rock009/scenes/afgh_rock009_rock002.fmdl</containerEntry>
        </property>
        <property name="geomFile" type="FilePtr" container="StaticArray" arraySize="1">
          <containerEntry>/Assets/tpp/environ/object/afghanistan/rock/afgh_rock009/scenes/afgh_rock009_rock002.geom</containerEntry>
        </property>
        <property name="isVisibleGeom" type="Bool" container="StaticArray" arraySize="1">
          <containerEntry>false</containerEntry>
        </property>
        <property name="lodFarSize" type="Float" container="StaticArray" arraySize="1">
          <containerEntry>-1</containerEntry>
        </property>
        <property name="lodNearSize" type="Float" container="StaticArray" arraySize="1">
          <containerEntry>-1</containerEntry>
        </property>
        <property name="lodPolygonSize" type="Float" container="StaticArray" arraySize="1">
          <containerEntry>-1</containerEntry>
        </property>
        <property name="drawRejectionLevel" type="Int32" container="StaticArray" arraySize="1">
          <containerEntry>8</containerEntry>
        </property>
        <property name="drawMode" type="Int32" container="StaticArray" arraySize="1">
          <containerEntry>0</containerEntry>
        </property>
        <property name="rejectFarRangeShadowCast" type="Int32" container="StaticArray" arraySize="1">
          <containerEntry>2</containerEntry>
        </property>
        <property name="parentLocator" type="EntityLink" container="StaticArray" arraySize="1">
          <containerEntry packagePathHash="0xB8A0BF169F98" archivePathHash="0xB8A0BF169F98" nameInArchiveHash="0xB8A0BF169F98">0x0</containerEntry>
        </property>
        <property name="transforms" type="Matrix4" container="DynamicArray" arraySize="17">
          <containerEntry r11="0.92553014" r12="-0.025250956" r13="-0.37783098" r14="0" r21="0.096608914" r22="0.98050165" r23="0.17112356" r24="0" r31="0.36614287" r32="-0.19488189" r33="0.90992326" r34="0" r41="709.61884" r42="346.42755" r43="780.5878" r44="1"></containerEntry>
          <containerEntry r11="-0.99878967" r12="0.026021792" r13="-0.04171208" r14="0" r21="0.026158342" r22="0.99965405" r23="-0.0027310958" r24="0" r31="0.041626584" r32="-0.0038189127" r33="-0.9991249" r34="0" r41="721.71063" r42="353.43332" r43="792.29407" r44="1"></containerEntry>
          <containerEntry r11="0.3629615" r12="-0.006952689" r13="0.93177754" r14="0" r21="0.026158728" r22="0.9996541" r23="-0.0027305968" r24="0" r31="-0.93143624" r32="0.025365237" r33="0.36301786" r34="0" r41="725.31" r42="352.44824" r43="789.54285" r44="1"></containerEntry>
          <containerEntry r11="0.07818931" r12="-0.9937285" r13="0.07991475" r14="0" r21="0.88175774" r22="0.10633652" r23="0.45955664" r24="0" r31="-0.46517313" r32="0.034533992" r33="0.88454556" r34="0" r41="731.3837" r42="352.85565" r43="796.4133" r44="1"></containerEntry>
          <containerEntry r11="-0.8479698" r12="0.033703286" r13="-0.52897257" r14="0" r21="-0.14702483" r22="-0.9737719" r23="0.17364466" r24="0" r31="-0.50924605" r32="0.22501746" r33="0.8306838" r34="0" r41="713.3418" r42="355.1215" r43="811.1526" r44="1"></containerEntry>
          <containerEntry r11="0.6409239" r12="-0.018868335" r13="-0.7673722" r14="0" r21="0.02615995" r22="0.999654" r23="-0.0027304543" r24="0" r31="0.7671582" r32="-0.018324416" r33="0.6411958" r34="0" r41="709.78735" r42="354.11246" r43="810.3753" r44="1"></containerEntry>
          <containerEntry r11="0.34054124" r12="-0.08503709" r13="0.9363759" r14="0" r21="0.024805272" r22="-0.9947417" r23="-0.09935879" r24="0" r31="0.939902" r32="0.057062812" r33="-0.33664072" r34="0" r41="697.2096" r42="347.86795" r43="778.15027" r44="1"></containerEntry>
          <containerEntry r11="-0.31171364" r12="-0.90793514" r13="-0.28016117" r14="0" r21="-0.30959842" r22="0.37581107" r23="-0.8734505" r24="0" r31="0.89832366" r32="-0.18552819" r33="-0.39824116" r34="0" r41="697.82574" r42="347.1867" r43="789.6995" r44="1"></containerEntry>
          <containerEntry r11="-0.8754549" r12="-0.25144255" r13="-0.41274273" r14="0" r21="-0.18029341" r22="0.9622683" r23="-0.20379905" r24="0" r31="0.44841295" r32="-0.104001984" r33="-0.88775593" r34="0" r41="707.05817" r42="352.49713" r43="805.09393" r44="1"></containerEntry>
          <containerEntry r11="-0.3396538" r12="0.006320332" r13="-0.94052887" r14="0" r21="0.026159693" r22="0.99965405" r23="-0.0027294233" r24="0" r31="0.94018626" r32="-0.025531013" r33="-0.3397016" r34="0" r41="693.675" r42="352.2064" r43="844.24713" r44="1"></containerEntry>
          <containerEntry r11="0.68651944" r12="0.3253992" r13="-0.65023583" r14="0" r21="-0.3253723" r22="0.9372223" r23="0.12548827" r24="0" r31="0.6502496" r32="0.12541753" r33="0.749297" r34="0" r41="701.8988" r42="355.09348" r43="852.00275" r44="1"></containerEntry>
          <containerEntry r11="0.98921794" r12="0.14532393" r13="0.0181332" r14="0" r21="0.03817904" r22="-0.13636416" r23="-0.9899232" r24="0" r31="-0.14138678" r32="0.97994214" r33="-0.14044222" r34="0" r41="662.07" r42="349.37268" r43="884.95105" r44="1"></containerEntry>
          <containerEntry r11="-0.22178727" r12="-0.9670929" r13="0.12466553" r14="0" r21="0.26423904" r22="-0.18267423" r23="-0.9469993" r24="0" r31="0.9386096" r32="-0.17709103" r33="0.29605868" r34="0" r41="675.1203" r42="351.46982" r43="857.36676" r44="1"></containerEntry>
          <containerEntry r11="0.006642461" r12="-0.9281786" r13="0.37207708" r14="0" r21="0.8566354" r22="-0.18667403" r23="-0.48096746" r24="0" r31="0.5158804" r32="0.32192928" r33="0.79386973" r34="0" r41="657.9217" r42="349.63892" r43="865.3491" r44="1"></containerEntry>
          <containerEntry r11="0.98921794" r12="0.14532393" r13="0.0181332" r14="0" r21="0.03817904" r22="-0.13636416" r23="-0.9899232" r24="0" r31="-0.14138678" r32="0.97994214" r33="-0.14044222" r34="0" r41="656.1226" r42="348.7424" r43="869.8204" r44="1"></containerEntry>
          <containerEntry r11="0.2846037" r12="-0.010064337" r13="-0.9585923" r14="0" r21="0.02615935" r22="0.99965405" r23="-0.002728805" r24="0" r31="0.9582882" r32="-0.024299528" r33="0.28476852" r34="0" r41="675.4855" r42="344.61893" r43="828.63086" r44="1"></containerEntry>
          <containerEntry r11="0.98921794" r12="0.14532368" r13="0.018133648" r14="0" r21="0.089297876" r22="-0.6966728" r23="0.711812" r24="0" r31="0.11607622" r32="-0.702518" r33="-0.70213836" r34="0" r41="657.6355" r42="343.52283" r43="833.89026" r44="1"></containerEntry>
        </property>
        <property name="colors" type="UInt32" container="DynamicArray" arraySize="17">
          <containerEntry>4294967295</containerEntry>
          <containerEntry>4294967295</containerEntry>
          <containerEntry>4294967295</containerEntry>
          <containerEntry>4294967295</containerEntry>
          <containerEntry>4294967295</containerEntry>
          <containerEntry>4294967295</containerEntry>
          <containerEntry>4294967295</containerEntry>
          <containerEntry>4294967295</containerEntry>
          <containerEntry>4294967295</containerEntry>
          <containerEntry>4294967295</containerEntry>
          <containerEntry>4294967295</containerEntry>
          <containerEntry>4294967295</containerEntry>
          <containerEntry>4294967295</containerEntry>
          <containerEntry>4294967295</containerEntry>
          <containerEntry>4294967295</containerEntry>
          <containerEntry>4294967295</containerEntry>
          <containerEntry>4294967295</containerEntry>
        </property>
      </staticProperties>
      <dynamicProperties></dynamicProperties>
    </entity>
    <entity class="StaticModelArray" classVersion="4" classID="0xD0" addr="0x317F820" id="0x0">
      <staticProperties>
        <property name="name" type="String" container="StaticArray" arraySize="1">
          <containerEntry>StaticModelArray0005</containerEntry>
        </property>
        <property name="dataSet" type="EntityHandle" container="StaticArray" arraySize="1">
          <containerEntry>0x3353490</containerEntry>
        </property>
        <property name="modelFile" type="FilePtr" container="StaticArray" arraySize="1">
          <containerEntry>/Assets/tpp/environ/object/afghanistan/cliff/afgh_clff022/scenes/afgh_clff022_vrtn002.fmdl</containerEntry>
        </property>
        <property name="geomFile" type="FilePtr" container="StaticArray" arraySize="1">
          <containerEntry>/Assets/tpp/environ/object/afghanistan/cliff/afgh_clff022/scenes/afgh_clff022_vrtn002.geom</containerEntry>
        </property>
        <property name="isVisibleGeom" type="Bool" container="StaticArray" arraySize="1">
          <containerEntry>false</containerEntry>
        </property>
        <property name="lodFarSize" type="Float" container="StaticArray" arraySize="1">
          <containerEntry>-1</containerEntry>
        </property>
        <property name="lodNearSize" type="Float" container="StaticArray" arraySize="1">
          <containerEntry>-1</containerEntry>
        </property>
        <property name="lodPolygonSize" type="Float" container="StaticArray" arraySize="1">
          <containerEntry>-1</containerEntry>
        </property>
        <property name="drawRejectionLevel" type="Int32" container="StaticArray" arraySize="1">
          <containerEntry>8</containerEntry>
        </property>
        <property name="drawMode" type="Int32" container="StaticArray" arraySize="1">
          <containerEntry>0</containerEntry>
        </property>
        <property name="rejectFarRangeShadowCast" type="Int32" container="StaticArray" arraySize="1">
          <containerEntry>2</containerEntry>
        </property>
        <property name="parentLocator" type="EntityLink" container="StaticArray" arraySize="1">
          <containerEntry packagePathHash="0xB8A0BF169F98" archivePathHash="0xB8A0BF169F98" nameInArchiveHash="0xB8A0BF169F98">0x0</containerEntry>
        </property>
        <property name="transforms" type="Matrix4" container="DynamicArray" arraySize="4">
          <containerEntry r11="-0.99671733" r12="0" r13="-0.08090952" r14="0" r21="0" r22="1" r23="0" r24="0" r31="0.08090952" r32="0" r33="-0.99671733" r34="0" r41="755.2572" r42="369.11014" r43="833.0283" r44="1"></containerEntry>
          <containerEntry r11="-0.7970742" r12="0" r13="0.60387874" r14="0" r21="0" r22="1" r23="0" r24="0" r31="-0.60387874" r32="0" r33="-0.7970742" r34="0" r41="727.15466" r42="366.83545" r43="845.9065" r44="1"></containerEntry>
          <containerEntry r11="-0.9794311" r12="-0.036073707" r13="0.19849771" r14="0" r21="-0.03463938" r22="0.9993426" r23="0.010694804" r24="0" r31="-0.19875303" r32="0.0035990293" r33="-0.98003685" r34="0" r41="748.4743" r42="373.39474" r43="843.1749" r44="1"></containerEntry>
          <containerEntry r11="0.6904346" r12="-0.057774246" r13="0.72108227" r14="0" r21="0.024714403" r22="0.9981076" r23="0.056305785" r24="0" r31="-0.7229708" r32="-0.021054205" r33="0.69055593" r34="0" r41="733.0658" r42="372.45963" r43="865.82324" r44="1"></containerEntry>
        </property>
        <property name="colors" type="UInt32" container="DynamicArray" arraySize="4">
          <containerEntry>4294967295</containerEntry>
          <containerEntry>4294967295</containerEntry>
          <containerEntry>4294967295</containerEntry>
          <containerEntry>4294967295</containerEntry>
        </property>
      </staticProperties>
      <dynamicProperties></dynamicProperties>
    </entity>
    <entity class="StaticModelArray" classVersion="4" classID="0xD0" addr="0x317F350" id="0x0">
      <staticProperties>
        <property name="name" type="String" container="StaticArray" arraySize="1">
          <containerEntry>StaticModelArray0006</containerEntry>
        </property>
        <property name="dataSet" type="EntityHandle" container="StaticArray" arraySize="1">
          <containerEntry>0x3353490</containerEntry>
        </property>
        <property name="modelFile" type="FilePtr" container="StaticArray" arraySize="1">
          <containerEntry>/Assets/tpp/environ/object/afghanistan/cliff/afgh_clff025/scenes/afgh_clff025.fmdl</containerEntry>
        </property>
        <property name="geomFile" type="FilePtr" container="StaticArray" arraySize="1">
          <containerEntry>/Assets/tpp/environ/object/afghanistan/cliff/afgh_clff025/scenes/afgh_clff025.geom</containerEntry>
        </property>
        <property name="isVisibleGeom" type="Bool" container="StaticArray" arraySize="1">
          <containerEntry>false</containerEntry>
        </property>
        <property name="lodFarSize" type="Float" container="StaticArray" arraySize="1">
          <containerEntry>-1</containerEntry>
        </property>
        <property name="lodNearSize" type="Float" container="StaticArray" arraySize="1">
          <containerEntry>-1</containerEntry>
        </property>
        <property name="lodPolygonSize" type="Float" container="StaticArray" arraySize="1">
          <containerEntry>-1</containerEntry>
        </property>
        <property name="drawRejectionLevel" type="Int32" container="StaticArray" arraySize="1">
          <containerEntry>8</containerEntry>
        </property>
        <property name="drawMode" type="Int32" container="StaticArray" arraySize="1">
          <containerEntry>0</containerEntry>
        </property>
        <property name="rejectFarRangeShadowCast" type="Int32" container="StaticArray" arraySize="1">
          <containerEntry>2</containerEntry>
        </property>
        <property name="parentLocator" type="EntityLink" container="StaticArray" arraySize="1">
          <containerEntry packagePathHash="0xB8A0BF169F98" archivePathHash="0xB8A0BF169F98" nameInArchiveHash="0xB8A0BF169F98">0x0</containerEntry>
        </property>
        <property name="transforms" type="Matrix4" container="DynamicArray" arraySize="3">
          <containerEntry r11="-0.9861211" r12="0.008175345" r13="0.16581967" r14="0" r21="-0.0027651652" r22="0.9978395" r23="-0.06564039" r24="0" r31="-0.16599804" r32="-0.06518796" r33="-0.983968" r34="0" r41="756.0204" r42="360.4912" r43="821.1545" r44="1"></containerEntry>
          <containerEntry r11="-0.9689752" r12="-0.0188964" r13="-0.2464266" r14="0" r21="-0.0027659442" r22="0.9978395" r23="-0.06563993" r24="0" r31="0.24713455" r32="-0.062921986" r33="-0.966934" r34="0" r41="745.5215" r42="359.29657" r43="821.4666" r44="1"></containerEntry>
          <containerEntry r11="0.529852" r12="-0.04803375" r13="0.8467282" r14="0" r21="-0.06057421" r22="0.9937015" r23="0.09427637" r24="0" r31="-0.84592354" r32="-0.10124242" r33="0.5236051" r34="0" r41="711.38916" r42="358.7205" r43="869.61383" r44="1"></containerEntry>
        </property>
        <property name="colors" type="UInt32" container="DynamicArray" arraySize="3">
          <containerEntry>4294967295</containerEntry>
          <containerEntry>4294967295</containerEntry>
          <containerEntry>4294967295</containerEntry>
        </property>
      </staticProperties>
      <dynamicProperties></dynamicProperties>
    </entity>
    <entity class="StaticModelArray" classVersion="4" classID="0xD0" addr="0x317CB10" id="0x0">
      <staticProperties>
        <property name="name" type="String" container="StaticArray" arraySize="1">
          <containerEntry>StaticModelArray0007</containerEntry>
        </property>
        <property name="dataSet" type="EntityHandle" container="StaticArray" arraySize="1">
          <containerEntry>0x3353490</containerEntry>
        </property>
        <property name="modelFile" type="FilePtr" container="StaticArray" arraySize="1">
          <containerEntry>/Assets/tpp/environ/object/afghanistan/rock/afgh_rock011/scenes/afgh_rock011.fmdl</containerEntry>
        </property>
        <property name="geomFile" type="FilePtr" container="StaticArray" arraySize="1">
          <containerEntry>/Assets/tpp/environ/object/afghanistan/rock/afgh_rock011/scenes/afgh_rock011.geom</containerEntry>
        </property>
        <property name="isVisibleGeom" type="Bool" container="StaticArray" arraySize="1">
          <containerEntry>false</containerEntry>
        </property>
        <property name="lodFarSize" type="Float" container="StaticArray" arraySize="1">
          <containerEntry>-1</containerEntry>
        </property>
        <property name="lodNearSize" type="Float" container="StaticArray" arraySize="1">
          <containerEntry>-1</containerEntry>
        </property>
        <property name="lodPolygonSize" type="Float" container="StaticArray" arraySize="1">
          <containerEntry>-1</containerEntry>
        </property>
        <property name="drawRejectionLevel" type="Int32" container="StaticArray" arraySize="1">
          <containerEntry>8</containerEntry>
        </property>
        <property name="drawMode" type="Int32" container="StaticArray" arraySize="1">
          <containerEntry>0</containerEntry>
        </property>
        <property name="rejectFarRangeShadowCast" type="Int32" container="StaticArray" arraySize="1">
          <containerEntry>2</containerEntry>
        </property>
        <property name="parentLocator" type="EntityLink" container="StaticArray" arraySize="1">
          <containerEntry packagePathHash="0xB8A0BF169F98" archivePathHash="0xB8A0BF169F98" nameInArchiveHash="0xB8A0BF169F98">0x0</containerEntry>
        </property>
        <property name="transforms" type="Matrix4" container="DynamicArray" arraySize="3">
          <containerEntry r11="-0.5495543" r12="-0.061848585" r13="-0.83316433" r14="0" r21="0.0003678538" r22="0.997238" r23="-0.07427091" r24="0" r31="0.8354567" r32="-0.04112245" r33="-0.5480137" r34="0" r41="728.7876" r42="352.17517" r43="793.46814" r44="1"></containerEntry>
          <containerEntry r11="0.40552753" r12="0.23517874" r13="0.8833106" r14="0" r21="-0.08941018" r22="0.9719075" r23="-0.21771911" r24="0" r31="-0.90969914" r32="0.009313993" r33="0.41516262" r34="0" r41="671.0854" r42="344.3964" r43="839.2295" r44="1"></containerEntry>
          <containerEntry r11="0.1486963" r12="0" r13="-0.9888834" r14="0" r21="0" r22="1" r23="0" r24="0" r31="0.9888834" r32="0" r33="0.1486963" r34="0" r41="758.496" r42="376.073" r43="867.0681" r44="1"></containerEntry>
        </property>
        <property name="colors" type="UInt32" container="DynamicArray" arraySize="3">
          <containerEntry>4294967295</containerEntry>
          <containerEntry>4294967295</containerEntry>
          <containerEntry>4294967295</containerEntry>
        </property>
      </staticProperties>
      <dynamicProperties></dynamicProperties>
    </entity>
    <entity class="StaticModelArray" classVersion="4" classID="0xD0" addr="0x317F040" id="0x0">
      <staticProperties>
        <property name="name" type="String" container="StaticArray" arraySize="1">
          <containerEntry>StaticModelArray0008</containerEntry>
        </property>
        <property name="dataSet" type="EntityHandle" container="StaticArray" arraySize="1">
          <containerEntry>0x3353490</containerEntry>
        </property>
        <property name="modelFile" type="FilePtr" container="StaticArray" arraySize="1">
          <containerEntry>/Assets/tpp/environ/object/afghanistan/rock/afgh_rock001/scenes/afgh_rock001.fmdl</containerEntry>
        </property>
        <property name="geomFile" type="FilePtr" container="StaticArray" arraySize="1">
          <containerEntry>/Assets/tpp/environ/object/afghanistan/rock/afgh_rock001/scenes/afgh_rock001.geom</containerEntry>
        </property>
        <property name="isVisibleGeom" type="Bool" container="StaticArray" arraySize="1">
          <containerEntry>false</containerEntry>
        </property>
        <property name="lodFarSize" type="Float" container="StaticArray" arraySize="1">
          <containerEntry>50</containerEntry>
        </property>
        <property name="lodNearSize" type="Float" container="StaticArray" arraySize="1">
          <containerEntry>700</containerEntry>
        </property>
