<fox formatVersion="2" fileVersion="0">
  <entities>
    <entity class="DataSet" classVersion="0" classID="0xE8" addr="0x32F1820" id="0x623A3">
      <staticProperties>
        <property name="name" type="String" container="StaticArray" arraySize="1">
          <containerEntry hash="0xB8A0BF169F98"></containerEntry>
        </property>
        <property name="dataSet" type="EntityHandle" container="StaticArray" arraySize="1">
          <containerEntry>0x0</containerEntry>
        </property>
        <property name="dataList" type="EntityPtr" container="StringMap" arraySize="2">
          <containerEntry key="StaticModelArray0000">
            <data>0x3176C20</data>
          </containerEntry>
          <containerEntry key="TexturePackLoadConditioner0000">
            <data>0x3179E00</data>
          </containerEntry>
        </property>
      </staticProperties>
      <dynamicProperties></dynamicProperties>
    </entity>
    <entity class="StaticModelArray" classVersion="4" classID="0xD0" addr="0x3176C20" id="0x0">
      <staticProperties>
        <property name="name" type="String" container="StaticArray" arraySize="1">
          <containerEntry>StaticModelArray0000</containerEntry>
        </property>
        <property name="dataSet" type="EntityHandle" container="StaticArray" arraySize="1">
          <containerEntry>0x32F1820</containerEntry>
        </property>
        <property name="modelFile" type="FilePtr" container="StaticArray" arraySize="1">
          <containerEntry>/Assets/tpp/environ/object/middle_africa/tree/mafr_tree038/scenes/mafr_tree038.fmdl</containerEntry>
        </property>
        <property name="geomFile" type="FilePtr" container="StaticArray" arraySize="1">
          <containerEntry>/Assets/tpp/environ/object/middle_africa/tree/mafr_tree038/scenes/mafr_tree038.geom</containerEntry>
        </property>
        <property name="isVisibleGeom" type="Bool" container="StaticArray" arraySize="1">
          <containerEntry>false</containerEntry>
        </property>
        <property name="lodFarSize" type="Float" container="StaticArray" arraySize="1">
          <containerEntry>-1</containerEntry>
        </property>
        <property name="lodNearSize" type="Float" container="StaticArray" arraySize="1">
          <containerEntry>-1</containerEntry>
        </property>
        <property name="lodPolygonSize" type="Float" container="StaticArray" arraySize="1">
          <containerEntry>-1</containerEntry>
        </property>
        <property name="drawRejectionLevel" type="Int32" container="StaticArray" arraySize="1">
          <containerEntry>8</containerEntry>
        </property>
        <property name="drawMode" type="Int32" container="StaticArray" arraySize="1">
          <containerEntry>0</containerEntry>
        </property>
        <property name="rejectFarRangeShadowCast" type="Int32" container="StaticArray" arraySize="1">
          <containerEntry>2</containerEntry>
        </property>
        <property name="parentLocator" type="EntityLink" container="StaticArray" arraySize="1">
          <containerEntry packagePathHash="0xB8A0BF169F98" archivePathHash="0xB8A0BF169F98" nameInArchiveHash="0xB8A0BF169F98">0x0</containerEntry>
        </property>
        <property name="transforms" type="Matrix4" container="DynamicArray" arraySize="22">
          <containerEntry r11="0.42352453" r12="0" r13="-0.9058807" r14="0" r21="0" r22="1" r23="0" r24="0" r31="0.9058807" r32="0" r33="0.42352453" r34="0" r41="2699.2463" r42="-14.919411" r43="1525.9807" r44="1"></containerEntry>
          <containerEntry r11="0.4975956" r12="0" r13="0.86740625" r14="0" r21="0" r22="1" r23="0" r24="0" r31="-0.86740625" r32="0" r33="0.4975956" r34="0" r41="2690.9556" r42="-14.919411" r43="1515.5038" r44="1"></containerEntry>
          <containerEntry r11="0.61199045" r12="0" r13="-0.79086286" r14="0" r21="0" r22="1" r23="0" r24="0" r31="0.79086286" r32="0" r33="0.61199045" r34="0" r41="2704.635" r42="-16.462568" r43="1518.5104" r44="1"></containerEntry>
          <containerEntry r11="0.9592844" r12="0" r13="-0.28243822" r14="0" r21="0" r22="1" r23="0" r24="0" r31="0.28243822" r32="0" r33="0.9592844" r34="0" r41="2712.792" r42="-16.462572" r43="1521.5383" r44="1"></containerEntry>
          <containerEntry r11="0.99953854" r12="0" r13="0.03027843" r14="0" r21="0" r22="1" r23="0" r24="0" r31="-0.03027843" r32="0" r33="0.99953854" r34="0" r41="2804.8228" r42="-8.848697" r43="1473.4667" r44="1"></containerEntry>
          <containerEntry r11="-0.9977277" r12="0" r13="-0.06735765" r14="0" r21="0" r22="1" r23="0" r24="0" r31="0.06735765" r32="0" r33="-0.9977277" r34="0" r41="2643.48" r42="-15.62278" r43="1502.9851" r44="1"></containerEntry>
          <containerEntry r11="-0.84806204" r12="0" r13="0.52989244" r14="0" r21="0" r22="1" r23="0" r24="0" r31="-0.52989244" r32="0" r33="-0.84806204" r34="0" r41="2650.0825" r42="-15.622779" r43="1508.6512" r44="1"></containerEntry>
          <containerEntry r11="-0.48814663" r12="0" r13="0.8727609" r14="0" r21="0" r22="1" r23="0" r24="0" r31="-0.8727609" r32="0" r33="-0.48814663" r34="0" r41="2752.676" r42="-11.913939" r43="1510.839" r44="1"></containerEntry>
          <containerEntry r11="0.11566151" r12="0" r13="0.99328566" r14="0" r21="0" r22="1" r23="0" r24="0" r31="-0.99328566" r32="0" r33="0.11566151" r34="0" r41="2760.624" r42="-11.913938" r43="1507.2985" r44="1"></containerEntry>
          <containerEntry r11="-0.99099517" r12="0" r13="0.13386531" r14="0" r21="0" r22="1" r23="0" r24="0" r31="-0.13386531" r32="0" r33="-0.99099517" r34="0" r41="2663.515" r42="-14.079619" r43="1512.7565" r44="1"></containerEntry>
          <containerEntry r11="0.33080846" r12="0" r13="0.9436943" r14="0" r21="0" r22="1" r23="0" r24="0" r31="-0.9436943" r32="0" r33="0.33080846" r34="0" r41="2752.811" r42="-10.370779" r43="1498.1906" r44="1"></containerEntry>
          <containerEntry r11="0.29182038" r12="0" r13="0.9564693" r14="0" r21="0" r22="1" r23="0" r24="0" r31="-0.9564693" r32="0" r33="0.29182038" r34="0" r41="2796.4314" r42="-7.292117" r43="1453.5375" r44="1"></containerEntry>
          <containerEntry r11="-0.91227674" r12="0" r13="-0.40956232" r14="0" r21="0" r22="1" r23="0" r24="0" r31="0.40956232" r32="0" r33="-0.91227674" r34="0" r41="2743.7507" r42="-12.286976" r43="1448.4497" r44="1"></containerEntry>
          <containerEntry r11="0.78435606" r12="0" r13="-0.6203093" r14="0" r21="0" r22="1" r23="0" r24="0" r31="0.6203093" r32="0" r33="0.78435606" r34="0" r41="2806.215" r42="-8.835274" r43="1433.8152" r44="1"></containerEntry>
          <containerEntry r11="0.272289" r12="0" r13="-0.96221244" r14="0" r21="0" r22="1" r23="0" r24="0" r31="0.96221244" r32="0" r33="0.272289" r34="0" r41="2797.5176" r42="-8.835274" r43="1434.0533" r44="1"></containerEntry>
          <containerEntry r11="0.09541718" r12="0" r13="-0.99543273" r14="0" r21="0" r22="1" r23="0" r24="0" r31="0.99543273" r32="0" r33="0.09541718" r34="0" r41="2743.8984" r42="-15.948768" r43="1470.0732" r44="1"></containerEntry>
          <containerEntry r11="0.054505847" r12="0" r13="-0.9985096" r14="0" r21="0" r22="1" r23="0" r24="0" r31="0.9985096" r32="0" r33="0.054505847" r34="0" r41="2795.3088" r42="-3.71278" r43="1442.9955" r44="1"></containerEntry>
          <containerEntry r11="-0.5666455" r12="0" r13="-0.8239547" r14="0" r21="0" r22="1" r23="0" r24="0" r31="0.8239547" r32="0" r33="-0.5666455" r34="0" r41="2753.2837" r42="-15.948768" r43="1485.2482" r44="1"></containerEntry>
          <containerEntry r11="0.8599395" r12="0" r13="0.51038796" r14="0" r21="0" r22="1" r23="0" r24="0" r31="-0.51038796" r32="0" r33="0.8599395" r34="0" r41="2789.5564" r42="-13.420665" r43="1496.9229" r44="1"></containerEntry>
          <containerEntry r11="0.7269802" r12="0" r13="0.686654" r14="0" r21="0" r22="1" r23="0" r24="0" r31="-0.686654" r32="0" r33="0.7269802" r34="0" r41="2796.4617" r42="-11.913938" r43="1503.0182" r44="1"></containerEntry>
          <containerEntry r11="0.18692468" r12="0" r13="0.98237306" r14="0" r21="0" r22="1" r23="0" r24="0" r31="-0.98237306" r32="0" r33="0.18692468" r34="0" r41="2792.648" r42="-14.963824" r43="1510.839" r44="1"></containerEntry>
          <containerEntry r11="-0.63109255" r12="0" r13="-0.7757061" r14="0" r21="0" r22="1" r23="0" r24="0" r31="0.7757061" r32="0" r33="-0.63109255" r34="0" r41="2689.2278" r42="-11.234873" r43="1525.971" r44="1"></containerEntry>
        </property>
        <property name="colors" type="UInt32" container="DynamicArray" arraySize="22">
          <containerEntry>4294967295</containerEntry>
          <containerEntry>4294967295</containerEntry>
          <containerEntry>4294967295</containerEntry>
          <containerEntry>4294967295</containerEntry>
          <containerEntry>4294967295</containerEntry>
          <containerEntry>4294967295</containerEntry>
          <containerEntry>4294967295</containerEntry>
          <containerEntry>4294967295</containerEntry>
          <containerEntry>4294967295</containerEntry>
          <containerEntry>4294967295</containerEntry>
          <containerEntry>4294967295</containerEntry>
          <containerEntry>4294967295</containerEntry>
          <containerEntry>4294967295</containerEntry>
          <containerEntry>4294967295</containerEntry>
          <containerEntry>4294967295</containerEntry>
          <containerEntry>4294967295</containerEntry>
          <containerEntry>4294967295</containerEntry>
          <containerEntry>4294967295</containerEntry>
          <containerEntry>4294967295</containerEntry>
          <containerEntry>4294967295</containerEntry>
          <containerEntry>4294967295</containerEntry>
          <containerEntry>4294967295</containerEntry>
        </property>
      </staticProperties>
      <dynamicProperties></dynamicProperties>
    </entity>
    <entity class="TexturePackLoadConditioner" classVersion="0" classID="0x48" addr="0x3179E00" id="0x0">
      <staticProperties>
        <property name="name" type="String" container="StaticArray" arraySize="1">
          <containerEntry>TexturePackLoadConditioner0000</containerEntry>
        </property>
        <property name="dataSet" type="EntityHandle" container="StaticArray" arraySize="1">
          <containerEntry>0x32F1820</containerEntry>
        </property>
        <property name="texturePackPath" type="Path" container="StaticArray" arraySize="1">
          <containerEntry hash="0xB8A0BF169F98"></containerEntry>
        </property>
      </staticProperties>
      <dynamicProperties></dynamicProperties>
    </entity>
  </entities>
</fox>