<fox formatVersion="2" fileVersion="0">
  <entities>
    <entity class="DataSet" classVersion="0" classID="0xE8" addr="0x3303810" id="0x3EA68">
      <staticProperties>
        <property name="name" type="String" container="StaticArray" arraySize="1">
          <containerEntry hash="0xB8A0BF169F98"></containerEntry>
        </property>
        <property name="dataSet" type="EntityHandle" container="StaticArray" arraySize="1">
          <containerEntry>0x0</containerEntry>
        </property>
        <property name="dataList" type="EntityPtr" container="StringMap" arraySize="17">
          <containerEntry key="afgh_clff022_vrtn004_0004">
            <data>0x3303260</data>
          </containerEntry>
          <containerEntry key="afgh_clff022_vrtn001_0002">
            <data>0x3302CB0</data>
          </containerEntry>
          <containerEntry key="afgh_clff035_vrtn003_0000">
            <data>0x33000F0</data>
          </containerEntry>
          <containerEntry key="StaticModelArray0000">
            <data>0x317C2C0</data>
          </containerEntry>
          <containerEntry key="StaticModelArray0001">
            <data>0x317C410</data>
          </containerEntry>
          <containerEntry key="StaticModelArray0002">
            <data>0x317C480</data>
          </containerEntry>
          <containerEntry key="StaticModelArray0003">
            <data>0x317B0D0</data>
          </containerEntry>
          <containerEntry key="StaticModelArray0004">
            <data>0x317AB90</data>
          </containerEntry>
          <containerEntry key="StaticModelArray0005">
            <data>0x317AC00</data>
          </containerEntry>
          <containerEntry key="StaticModelArray0006">
            <data>0x317AD50</data>
          </containerEntry>
          <containerEntry key="StaticModelArray0007">
            <data>0x317ADC0</data>
          </containerEntry>
          <containerEntry key="StaticModelArray0008">
            <data>0x317AF10</data>
          </containerEntry>
          <containerEntry key="StaticModelArray0009">
            <data>0x317AF80</data>
          </containerEntry>
          <containerEntry key="StaticModelArray0010">
            <data>0x317B140</data>
          </containerEntry>
          <containerEntry key="StaticModelArray0011">
            <data>0x317B290</data>
          </containerEntry>
          <containerEntry key="StaticModelArray0012">
            <data>0x317B300</data>
          </containerEntry>
          <containerEntry key="TexturePackLoadConditioner0000">
            <data>0x317CD40</data>
          </containerEntry>
        </property>
      </staticProperties>
      <dynamicProperties></dynamicProperties>
    </entity>
    <entity class="StaticModel" classVersion="9" classID="0x160" addr="0x3303260" id="0x3EA86">
      <staticProperties>
        <property name="name" type="String" container="StaticArray" arraySize="1">
          <containerEntry>afgh_clff022_vrtn004_0004</containerEntry>
        </property>
        <property name="dataSet" type="EntityHandle" container="StaticArray" arraySize="1">
          <containerEntry>0x3303810</containerEntry>
        </property>
        <property name="parent" type="EntityHandle" container="StaticArray" arraySize="1">
          <containerEntry>0x0</containerEntry>
        </property>
        <property name="transform" type="EntityPtr" container="StaticArray" arraySize="1">
          <containerEntry>0x33031F0</containerEntry>
        </property>
        <property name="shearTransform" type="EntityPtr" container="StaticArray" arraySize="1">
          <containerEntry>0x0</containerEntry>
        </property>
        <property name="pivotTransform" type="EntityPtr" container="StaticArray" arraySize="1">
          <containerEntry>0x0</containerEntry>
        </property>
        <property name="children" type="EntityHandle" container="List"></property>
        <property name="flags" type="UInt32" container="StaticArray" arraySize="1">
          <containerEntry>2147483655</containerEntry>
        </property>
        <property name="modelFile" type="FilePtr" container="StaticArray" arraySize="1">
          <containerEntry>/Assets/tpp/environ/object/afghanistan/cliff/afgh_clff022/scenes/afgh_clff022_vrtn004.fmdl</containerEntry>
        </property>
        <property name="geomFile" type="FilePtr" container="StaticArray" arraySize="1">
          <containerEntry>/Assets/tpp/environ/object/afghanistan/cliff/afgh_clff022/scenes/afgh_clff022_vrtn004.geom</containerEntry>
        </property>
        <property name="isVisibleGeom" type="Bool" container="StaticArray" arraySize="1">
          <containerEntry>false</containerEntry>
        </property>
        <property name="isIsolated" type="Bool" container="StaticArray" arraySize="1">
          <containerEntry>false</containerEntry>
        </property>
        <property name="lodFarSize" type="Float" container="StaticArray" arraySize="1">
          <containerEntry>-1</containerEntry>
        </property>
        <property name="lodNearSize" type="Float" container="StaticArray" arraySize="1">
          <containerEntry>-1</containerEntry>
        </property>
        <property name="lodPolygonSize" type="Float" container="StaticArray" arraySize="1">
          <containerEntry>-1</containerEntry>
        </property>
        <property name="color" type="Color" container="StaticArray" arraySize="1">
          <containerEntry r="1" g="1" b="1" a="1"></containerEntry>
        </property>
        <property name="drawRejectionLevel" type="Int32" container="StaticArray" arraySize="1">
          <containerEntry>8</containerEntry>
        </property>
        <property name="drawMode" type="Int32" container="StaticArray" arraySize="1">
          <containerEntry>0</containerEntry>
        </property>
        <property name="rejectFarRangeShadowCast" type="Int32" container="StaticArray" arraySize="1">
          <containerEntry>2</containerEntry>
        </property>
      </staticProperties>
      <dynamicProperties></dynamicProperties>
    </entity>
    <entity class="TransformEntity" classVersion="0" classID="0x50" addr="0x33031F0" id="0x3EA8D">
      <staticProperties>
        <property name="owner" type="EntityHandle" container="StaticArray" arraySize="1">
          <containerEntry>0x3303260</containerEntry>
        </property>
        <property name="transform_scale" type="Vector3" container="StaticArray" arraySize="1">
          <containerEntry x="1" y="1" z="1" w="0"></containerEntry>
        </property>
        <property name="transform_rotation_quat" type="Quat" container="StaticArray" arraySize="1">
          <containerEntry x="0.002863" y="-0.816028" z="-0.018159" w="0.57772"></containerEntry>
        </property>
        <property name="transform_translation" type="Vector3" container="StaticArray" arraySize="1">
          <containerEntry x="-1424.4695" y="480.2868" z="-1726.8911" w="0"></containerEntry>
        </property>
      </staticProperties>
      <dynamicProperties></dynamicProperties>
    </entity>
    <entity class="StaticModel" classVersion="9" classID="0x160" addr="0x3302CB0" id="0x3EAA6">
      <staticProperties>
        <property name="name" type="String" container="StaticArray" arraySize="1">
          <containerEntry>afgh_clff022_vrtn001_0002</containerEntry>
        </property>
        <property name="dataSet" type="EntityHandle" container="StaticArray" arraySize="1">
          <containerEntry>0x3303810</containerEntry>
        </property>
        <property name="parent" type="EntityHandle" container="StaticArray" arraySize="1">
          <containerEntry>0x0</containerEntry>
        </property>
        <property name="transform" type="EntityPtr" container="StaticArray" arraySize="1">
          <containerEntry>0x3302C40</containerEntry>
        </property>
        <property name="shearTransform" type="EntityPtr" container="StaticArray" arraySize="1">
          <containerEntry>0x0</containerEntry>
        </property>
        <property name="pivotTransform" type="EntityPtr" container="StaticArray" arraySize="1">
          <containerEntry>0x0</containerEntry>
        </property>
        <property name="children" type="EntityHandle" container="List"></property>
        <property name="flags" type="UInt32" container="StaticArray" arraySize="1">
          <containerEntry>7</containerEntry>
        </property>
        <property name="modelFile" type="FilePtr" container="StaticArray" arraySize="1">
          <containerEntry>/Assets/tpp/environ/object/afghanistan/cliff/afgh_clff022/scenes/afgh_clff022_vrtn001.fmdl</containerEntry>
        </property>
        <property name="geomFile" type="FilePtr" container="StaticArray" arraySize="1">
          <containerEntry>/Assets/tpp/environ/object/afghanistan/cliff/afgh_clff022/scenes/afgh_clff022_vrtn001.geom</containerEntry>
        </property>
        <property name="isVisibleGeom" type="Bool" container="StaticArray" arraySize="1">
          <containerEntry>false</containerEntry>
        </property>
        <property name="isIsolated" type="Bool" container="StaticArray" arraySize="1">
          <containerEntry>false</containerEntry>
        </property>
        <property name="lodFarSize" type="Float" container="StaticArray" arraySize="1">
          <containerEntry>-1</containerEntry>
        </property>
        <property name="lodNearSize" type="Float" container="StaticArray" arraySize="1">
          <containerEntry>-1</containerEntry>
        </property>
        <property name="lodPolygonSize" type="Float" container="StaticArray" arraySize="1">
          <containerEntry>-1</containerEntry>
        </property>
        <property name="color" type="Color" container="StaticArray" arraySize="1">
          <containerEntry r="1" g="1" b="1" a="1"></containerEntry>
        </property>
        <property name="drawRejectionLevel" type="Int32" container="StaticArray" arraySize="1">
          <containerEntry>8</containerEntry>
        </property>
        <property name="drawMode" type="Int32" container="StaticArray" arraySize="1">
          <containerEntry>0</containerEntry>
        </property>
        <property name="rejectFarRangeShadowCast" type="Int32" container="StaticArray" arraySize="1">
          <containerEntry>2</containerEntry>
        </property>
      </staticProperties>
      <dynamicProperties></dynamicProperties>
    </entity>
    <entity class="TransformEntity" classVersion="0" classID="0x50" addr="0x3302C40" id="0x3EAA9">
      <staticProperties>
        <property name="owner" type="EntityHandle" container="StaticArray" arraySize="1">
          <containerEntry>0x3302CB0</containerEntry>
        </property>
        <property name="transform_scale" type="Vector3" container="StaticArray" arraySize="1">
          <containerEntry x="1" y="1" z="1" w="0"></containerEntry>
        </property>
        <property name="transform_rotation_quat" type="Quat" container="StaticArray" arraySize="1">
          <containerEntry x="0" y="0" z="0" w="1"></containerEntry>
        </property>
        <property name="transform_translation" type="Vector3" container="StaticArray" arraySize="1">
          <containerEntry x="-1495.2626" y="477.89175" z="-1739.8561" w="0"></containerEntry>
        </property>
      </staticProperties>
      <dynamicProperties></dynamicProperties>
    </entity>
    <entity class="StaticModel" classVersion="9" classID="0x160" addr="0x33000F0" id="0x3EE77">
      <staticProperties>
        <property name="name" type="String" container="StaticArray" arraySize="1">
          <containerEntry>afgh_clff035_vrtn003_0000</containerEntry>
        </property>
        <property name="dataSet" type="EntityHandle" container="StaticArray" arraySize="1">
          <containerEntry>0x3303810</containerEntry>
        </property>
        <property name="parent" type="EntityHandle" container="StaticArray" arraySize="1">
          <containerEntry>0x0</containerEntry>
        </property>
        <property name="transform" type="EntityPtr" container="StaticArray" arraySize="1">
          <containerEntry>0x3300160</containerEntry>
        </property>
        <property name="shearTransform" type="EntityPtr" container="StaticArray" arraySize="1">
          <containerEntry>0x0</containerEntry>
        </property>
        <property name="pivotTransform" type="EntityPtr" container="StaticArray" arraySize="1">
          <containerEntry>0x0</containerEntry>
        </property>
        <property name="children" type="EntityHandle" container="List"></property>
        <property name="flags" type="UInt32" container="StaticArray" arraySize="1">
          <containerEntry>7</containerEntry>
        </property>
        <property name="modelFile" type="FilePtr" container="StaticArray" arraySize="1">
          <containerEntry>/Assets/tpp/environ/object/afghanistan/cliff/afgh_clff035/scenes/afgh_clff035_vrtn003.fmdl</containerEntry>
        </property>
        <property name="geomFile" type="FilePtr" container="StaticArray" arraySize="1">
          <containerEntry>/Assets/tpp/environ/object/afghanistan/cliff/afgh_clff035/scenes/afgh_clff035_vrtn003.geom</containerEntry>
        </property>
        <property name="isVisibleGeom" type="Bool" container="StaticArray" arraySize="1">
          <containerEntry>false</containerEntry>
        </property>
        <property name="isIsolated" type="Bool" container="StaticArray" arraySize="1">
          <containerEntry>false</containerEntry>
        </property>
        <property name="lodFarSize" type="Float" container="StaticArray" arraySize="1">
          <containerEntry>-1</containerEntry>
        </property>
        <property name="lodNearSize" type="Float" container="StaticArray" arraySize="1">
          <containerEntry>-1</containerEntry>
        </property>
        <property name="lodPolygonSize" type="Float" container="StaticArray" arraySize="1">
          <containerEntry>-1</containerEntry>
        </property>
        <property name="color" type="Color" container="StaticArray" arraySize="1">
          <containerEntry r="1" g="1" b="1" a="1"></containerEntry>
        </property>
        <property name="drawRejectionLevel" type="Int32" container="StaticArray" arraySize="1">
          <containerEntry>8</containerEntry>
        </property>
        <property name="drawMode" type="Int32" container="StaticArray" arraySize="1">
          <containerEntry>0</containerEntry>
        </property>
        <property name="rejectFarRangeShadowCast" type="Int32" container="StaticArray" arraySize="1">
          <containerEntry>2</containerEntry>
        </property>
      </staticProperties>
      <dynamicProperties></dynamicProperties>
    </entity>
    <entity class="TransformEntity" classVersion="0" classID="0x50" addr="0x3300160" id="0x3EE7A">
      <staticProperties>
        <property name="owner" type="EntityHandle" container="StaticArray" arraySize="1">
          <containerEntry>0x33000F0</containerEntry>
        </property>
        <property name="transform_scale" type="Vector3" container="StaticArray" arraySize="1">
          <containerEntry x="1" y="1" z="1" w="0"></containerEntry>
        </property>
        <property name="transform_rotation_quat" type="Quat" container="StaticArray" arraySize="1">
          <containerEntry x="0.08186" y="-0.847768" z="-0.052626" w="0.521361"></containerEntry>
        </property>
        <property name="transform_translation" type="Vector3" container="StaticArray" arraySize="1">
          <containerEntry x="-1423.9199" y="497.53656" z="-1666.1759" w="0"></containerEntry>
        </property>
      </staticProperties>
      <dynamicProperties></dynamicProperties>
    </entity>
    <entity class="StaticModelArray" classVersion="4" classID="0xD0" addr="0x317C2C0" id="0x0">
      <staticProperties>
        <property name="name" type="String" container="StaticArray" arraySize="1">
          <containerEntry>StaticModelArray0000</containerEntry>
        </property>
        <property name="dataSet" type="EntityHandle" container="StaticArray" arraySize="1">
          <containerEntry>0x3303810</containerEntry>
        </property>
        <property name="modelFile" type="FilePtr" container="StaticArray" arraySize="1">
          <containerEntry>/Assets/tpp/environ/object/afghanistan/rock/afgh_rock009/scenes/afgh_rock009_rock001.fmdl</containerEntry>
        </property>
        <property name="geomFile" type="FilePtr" container="StaticArray" arraySize="1">
          <containerEntry>/Assets/tpp/environ/object/afghanistan/rock/afgh_rock009/scenes/afgh_rock009_rock001.geom</containerEntry>
        </property>
        <property name="isVisibleGeom" type="Bool" container="StaticArray" arraySize="1">
          <containerEntry>false</containerEntry>
        </property>
        <property name="lodFarSize" type="Float" container="StaticArray" arraySize="1">
          <containerEntry>-1</containerEntry>
        </property>
        <property name="lodNearSize" type="Float" container="StaticArray" arraySize="1">
          <containerEntry>-1</containerEntry>
        </property>
        <property name="lodPolygonSize" type="Float" container="StaticArray" arraySize="1">
          <containerEntry>-1</containerEntry>
        </property>
        <property name="drawRejectionLevel" type="Int32" container="StaticArray" arraySize="1">
          <containerEntry>8</containerEntry>
        </property>
        <property name="drawMode" type="Int32" container="StaticArray" arraySize="1">
          <containerEntry>0</containerEntry>
        </property>
        <property name="rejectFarRangeShadowCast" type="Int32" container="StaticArray" arraySize="1">
          <containerEntry>2</containerEntry>
        </property>
        <property name="parentLocator" type="EntityLink" container="StaticArray" arraySize="1">
          <containerEntry packagePathHash="0xB8A0BF169F98" archivePathHash="0xB8A0BF169F98" nameInArchiveHash="0xB8A0BF169F98">0x0</containerEntry>
        </property>
        <property name="transforms" type="Matrix4" container="DynamicArray" arraySize="2">
          <containerEntry r11="-0.5575187" r12="0.03345874" r13="0.8294885" r14="0" r21="-0.18693966" r22="0.9684646" r23="-0.1647112" r24="0" r31="-0.80884135" r32="-0.24689418" r33="-0.53368235" r34="0" r41="-1441.0172" r42="476.9326" r43="-1693.4426" r44="1"></containerEntry>
          <containerEntry r11="-0.03907454" r12="0.77473646" r13="-0.63107467" r14="0" r21="-0.51822215" r22="0.52427334" r23="0.67570895" r24="0" r31="0.8543521" r32="0.35344058" r33="0.38100046" r34="0" r41="-1410.2301" r42="489.24652" r43="-1739.6271" r44="1"></containerEntry>
        </property>
        <property name="colors" type="UInt32" container="DynamicArray" arraySize="2">
          <containerEntry>4294967295</containerEntry>
          <containerEntry>4294967295</containerEntry>
        </property>
      </staticProperties>
      <dynamicProperties></dynamicProperties>
    </entity>
    <entity class="StaticModelArray" classVersion="4" classID="0xD0" addr="0x317C410" id="0x0">
      <staticProperties>
        <property name="name" type="String" container="StaticArray" arraySize="1">
          <containerEntry>StaticModelArray0001</containerEntry>
        </property>
        <property name="dataSet" type="EntityHandle" container="StaticArray" arraySize="1">
          <containerEntry>0x3303810</containerEntry>
        </property>
        <property name="modelFile" type="FilePtr" container="StaticArray" arraySize="1">
          <containerEntry>/Assets/tpp/environ/object/afghanistan/cliff/afgh_clff007/scenes/afgh_clff007.fmdl</containerEntry>
        </property>
        <property name="geomFile" type="FilePtr" container="StaticArray" arraySize="1">
          <containerEntry>/Assets/tpp/environ/object/afghanistan/cliff/afgh_clff007/scenes/afgh_clff007.geom</containerEntry>
        </property>
        <property name="isVisibleGeom" type="Bool" container="StaticArray" arraySize="1">
          <containerEntry>false</containerEntry>
        </property>
        <property name="lodFarSize" type="Float" container="StaticArray" arraySize="1">
          <containerEntry>-1</containerEntry>
        </property>
        <property name="lodNearSize" type="Float" container="StaticArray" arraySize="1">
          <containerEntry>-1</containerEntry>
        </property>
        <property name="lodPolygonSize" type="Float" container="StaticArray" arraySize="1">
          <containerEntry>-1</containerEntry>
        </property>
        <property name="drawRejectionLevel" type="Int32" container="StaticArray" arraySize="1">
          <containerEntry>8</containerEntry>
        </property>
        <property name="drawMode" type="Int32" container="StaticArray" arraySize="1">
          <containerEntry>0</containerEntry>
        </property>
        <property name="rejectFarRangeShadowCast" type="Int32" container="StaticArray" arraySize="1">
          <containerEntry>2</containerEntry>
        </property>
        <property name="parentLocator" type="EntityLink" container="StaticArray" arraySize="1">
          <containerEntry packagePathHash="0xB8A0BF169F98" archivePathHash="0xB8A0BF169F98" nameInArchiveHash="0xB8A0BF169F98">0x0</containerEntry>
        </property>
        <property name="transforms" type="Matrix4" container="DynamicArray" arraySize="2">
          <containerEntry r11="0.5160766" r12="0.033370044" r13="-0.8558909" r14="0" r21="-0.0030210093" r22="0.9993055" r23="0.03713993" r24="0" r31="0.85653585" r32="-0.016581351" r33="0.51581895" r34="0" r41="-1474.8833" r42="465.99063" r43="-1715.9576" r44="1"></containerEntry>
          <containerEntry r11="0.3969796" r12="0.043407302" r13="-0.916799" r14="0" r21="-0.0705572" r22="0.9973684" r23="0.01667035" r24="0" r31="0.91511005" r32="0.058069143" r33="0.3989976" r34="0" r41="-1466.7732" r42="466.65854" r43="-1728.8948" r44="1"></containerEntry>
        </property>
        <property name="colors" type="UInt32" container="DynamicArray" arraySize="2">
          <containerEntry>4294967295</containerEntry>
          <containerEntry>4294967295</containerEntry>
        </property>
      </staticProperties>
      <dynamicProperties></dynamicProperties>
    </entity>
    <entity class="StaticModelArray" classVersion="4" classID="0xD0" addr="0x317C480" id="0x0">
      <staticProperties>
        <property name="name" type="String" container="StaticArray" arraySize="1">
          <containerEntry>StaticModelArray0002</containerEntry>
        </property>
        <property name="dataSet" type="EntityHandle" container="StaticArray" arraySize="1">
          <containerEntry>0x3303810</containerEntry>
        </property>
        <property name="modelFile" type="FilePtr" container="StaticArray" arraySize="1">
          <containerEntry>/Assets/tpp/environ/object/afghanistan/rock/afgh_rock009/scenes/afgh_rock009_rock002.fmdl</containerEntry>
        </property>
        <property name="geomFile" type="FilePtr" container="StaticArray" arraySize="1">
          <containerEntry>/Assets/tpp/environ/object/afghanistan/rock/afgh_rock009/scenes/afgh_rock009_rock002.geom</containerEntry>
        </property>
        <property name="isVisibleGeom" type="Bool" container="StaticArray" arraySize="1">
          <containerEntry>false</containerEntry>
        </property>
        <property name="lodFarSize" type="Float" container="StaticArray" arraySize="1">
          <containerEntry>-1</containerEntry>
        </property>
        <property name="lodNearSize" type="Float" container="StaticArray" arraySize="1">
          <containerEntry>-1</containerEntry>
        </property>
        <property name="lodPolygonSize" type="Float" container="StaticArray" arraySize="1">
          <containerEntry>-1</containerEntry>
        </property>
        <property name="drawRejectionLevel" type="Int32" container="StaticArray" arraySize="1">
          <containerEntry>8</containerEntry>
        </property>
        <property name="drawMode" type="Int32" container="StaticArray" arraySize="1">
          <containerEntry>0</containerEntry>
        </property>
        <property name="rejectFarRangeShadowCast" type="Int32" container="StaticArray" arraySize="1">
          <containerEntry>2</containerEntry>
        </property>
        <property name="parentLocator" type="EntityLink" container="StaticArray" arraySize="1">
          <containerEntry packagePathHash="0xB8A0BF169F98" archivePathHash="0xB8A0BF169F98" nameInArchiveHash="0xB8A0BF169F98">0x0</containerEntry>
        </property>
        <property name="transforms" type="Matrix4" container="DynamicArray" arraySize="59">
          <containerEntry r11="0.5799509" r12="-0.6626295" r13="-0.47389865" r14="0" r21="0.4133078" r22="0.74061996" r23="-0.5297729" r24="0" r31="0.7020217" r32="0.11137672" r33="0.7033928" r34="0" r41="-1460.9446" r42="463.1298" r43="-1702.3254" r44="1"></containerEntry>
          <containerEntry r11="0.6262694" r12="-0.3373723" r13="0.7028281" r14="0" r21="0.30028766" r22="0.9363461" r23="0.18188842" r24="0" r31="-0.71945447" r32="0.097139195" r33="0.6877135" r34="0" r41="-1461.8658" r42="464.0189" r43="-1714.4945" r44="1"></containerEntry>
          <containerEntry r11="0.6044749" r12="-0.6884798" r13="-0.4007548" r14="0" r21="0.5637138" r22="0.72513586" r23="-0.3954795" r24="0" r31="0.5628815" r32="0.013145864" r33="0.8264327" r34="0" r41="-1463.709" r42="464.38205" r43="-1717.1742" r44="1"></containerEntry>
          <containerEntry r11="0.937175" r12="0.3099851" r13="-0.16003796" r14="0" r21="-0.30086857" r22="0.9503894" r23="0.07898134" r24="0" r31="0.17658144" r32="-0.025868874" r33="0.983946" r34="0" r41="-1469.9604" r42="464.94904" r43="-1712.7549" r44="1"></containerEntry>
          <containerEntry r11="0.65635246" r12="-0.20912151" r13="0.7248923" r14="0" r21="0.18593924" r22="0.97601753" r23="0.11320931" r24="0" r31="-0.73118216" r32="0.06048091" r33="0.67949545" r34="0" r41="-1462.0303" r42="466.3026" r43="-1728.1091" r44="1"></containerEntry>
          <containerEntry r11="0.66484696" r12="0.10362242" r13="0.7397567" r14="0" r21="-0.086393505" r22="0.99435234" r23="-0.061640155" r24="0" r31="-0.7419661" r32="-0.022929017" r33="0.6700445" r34="0" r41="-1472.6436" r42="462.3216" r43="-1685.3617" r44="1"></containerEntry>
          <containerEntry r11="0.9525684" r12="-0.21951771" r13="0.21077318" r14="0" r21="0.26286665" r22="0.9424966" r23="-0.20640083" r24="0" r31="-0.15334432" r32="0.2520162" r33="0.9554964" r34="0" r41="-1468.655" r42="462.56924" r43="-1690.1362" r44="1"></containerEntry>
          <containerEntry r11="-0.5381644" r12="-0.29135564" r13="-0.7908783" r14="0" r21="-0.052966565" r22="0.94818735" r23="-0.31326532" r24="0" r31="0.84117246" r32="-0.1266985" r33="-0.5257127" r34="0" r41="-1481.358" r42="464.92346" r43="-1703.1077" r44="1"></containerEntry>
          <containerEntry r11="0.90580755" r12="0.18756504" r13="0.37991035" r14="0" r21="-0.24332576" r22="0.9643479" r23="0.10404648" r24="0" r31="-0.34685022" r32="-0.18668811" r33="0.9191531" r34="0" r41="-1482.7115" r42="462.3842" r43="-1695.4431" r44="1"></containerEntry>
          <containerEntry r11="0.80211157" r12="-0.31412727" r13="-0.5078791" r14="0" r21="0.24409841" r22="0.9486425" r23="-0.20122969" r24="0" r31="0.5450074" r32="0.03743621" r33="0.83759505" r34="0" r41="-1479.9218" r42="461.65704" r43="-1694.6274" r44="1"></containerEntry>
          <containerEntry r11="0.86918867" r12="0.48884577" r13="-0.07443665" r14="0" r21="-0.46625525" r22="0.8603668" r23="0.20585166" r24="0" r31="0.16467257" r32="-0.14421742" r33="0.97574806" r34="0" r41="-1510.0852" r42="469.02316" r43="-1719.9387" r44="1"></containerEntry>
          <containerEntry r11="0.5925308" r12="0.042020507" r13="-0.804451" r14="0" r21="0.2236923" r22="0.9507799" r23="0.21442792" r24="0" r31="0.7738662" r32="-0.30700466" r33="0.55396664" r34="0" r41="-1500.9879" r42="472.05685" r43="-1732.2396" r44="1"></containerEntry>
          <containerEntry r11="0.009328468" r12="0.42717552" r13="-0.90411955" r14="0" r21="0.14622729" r22="0.8938575" r23="0.4238351" r24="0" r31="0.98920614" r32="-0.13616043" r33="-0.054126382" r34="0" r41="-1503.966" r42="471.0116" r43="-1728.3984" r44="1"></containerEntry>
          <containerEntry r11="-0.9207625" r12="0.15888724" r13="-0.3563027" r14="0" r21="0.13506767" r22="0.9866544" r23="0.090938345" r24="0" r31="0.36599657" r32="0.03560762" r33="-0.9299349" r34="0" r41="-1485.0819" r42="468.9462" r43="-1734.2556" r44="1"></containerEntry>
          <containerEntry r11="0.91939" r12="-0.20726585" r13="0.33430964" r14="0" r21="0.21470934" r22="0.97656316" r23="0.014975851" r24="0" r31="-0.32957846" r32="0.058010712" r33="0.9423443" r34="0" r41="-1498.4562" r42="468.43665" r43="-1723.5542" r44="1"></containerEntry>
          <containerEntry r11="0.9983292" r12="-0.05722771" r13="-0.007983008" r14="0" r21="0.05722771" r22="0.960186" r23="0.2734369" r24="0" r31="-0.007983008" r32="-0.2734369" r33="0.9618568" r34="0" r41="-1498.5134" r42="460.13068" r43="-1682.5524" r44="1"></containerEntry>
          <containerEntry r11="0.9770129" r12="0.21306646" r13="-0.006965304" r14="0" r21="-0.21306646" r22="0.97490233" r23="-0.06456108" r24="0" r31="-0.006965304" r32="0.06456108" r33="0.99788946" r34="0" r41="-1499.9135" r42="459.13113" r43="-1670.7645" r44="1"></containerEntry>
          <containerEntry r11="0.2685468" r12="-0.15441337" r13="-0.9508088" r14="0" r21="-0.021076746" r22="0.98588985" r23="-0.16606331" r24="0" r31="0.96303517" r32="0.064635605" r33="0.26150304" r34="0" r41="-1493.4469" r42="461.0025" r43="-1686.0183" r44="1"></containerEntry>
          <containerEntry r11="0.20986237" r12="0.18510945" r13="0.96004844" r14="0" r21="0.0969321" r22="0.9731379" r23="-0.20882235" r24="0" r31="-0.9729146" r32="0.13688351" r33="0.18628198" r34="0" r41="-1494.4121" r42="460.21024" r43="-1672.3429" r44="1"></containerEntry>
          <containerEntry r11="-0.9651651" r12="0.22428924" r13="0.13471007" r14="0" r21="0.083844475" r22="0.752878" r23="-0.6527973" r24="0" r31="-0.24783579" r32="-0.61876374" r33="-0.74545646" r34="0" r41="-1493.2832" r42="460.417" r43="-1683.8539" r44="1"></containerEntry>
          <containerEntry r11="0.7511344" r12="-0.6601419" r13="-0.0030226111" r14="0" r21="0.6317387" r22="0.7174724" r23="0.29349425" r24="0" r31="-0.19157946" r32="-0.22236302" r33="0.95595604" r34="0" r41="-1456.1411" r42="470.02594" r43="-1753.1324" r44="1"></containerEntry>
          <containerEntry r11="0.86561584" r12="-0.30882517" r13="0.39412716" r14="0" r21="0.2108629" r22="0.9387724" r23="0.27247614" r24="0" r31="-0.4541432" r32="-0.15275282" r33="0.877736" r34="0" r41="-1450.6403" r42="467.76907" r43="-1734.2954" r44="1"></containerEntry>
          <containerEntry r11="0.05095704" r12="-0.16371161" r13="-0.9851905" r14="0" r21="0.119845234" r22="0.98034674" r23="-0.15670791" r24="0" r31="0.9914832" r32="-0.11008522" r33="0.06957567" r34="0" r41="-1462.999" r42="468.78287" r43="-1744.6509" r44="1"></containerEntry>
          <containerEntry r11="-0.29210925" r12="-0.8817241" r13="0.37045228" r14="0" r21="0.5641459" r22="-0.47163677" r23="-0.6777154" r24="0" r31="0.7722769" r32="0.01102224" r33="0.6351905" r34="0" r41="-1448.1561" r42="468.604" r43="-1735.9525" r44="1"></containerEntry>
          <containerEntry r11="0.8567468" r12="-0.12658691" r13="-0.49996066" r14="0" r21="0.14451557" r22="0.9894983" r23="-0.0028887875" r24="0" r31="0.49507594" r32="-0.069777146" r33="0.86604327" r34="0" r41="-1452.3438" r42="470.74802" r43="-1753.3126" r44="1"></containerEntry>
          <containerEntry r11="0.8194514" r12="-0.5730352" r13="-0.0114001855" r14="0" r21="0.55238754" r22="0.78430736" r23="0.2823647" r24="0" r31="-0.15286374" r32="-0.23768143" r33="0.9592394" r34="0" r41="-1484.2472" r42="477.45428" r43="-1770.761" r44="1"></containerEntry>
          <containerEntry r11="0.99735767" r12="0.07264635" r13="0.00048044784" r14="0" r21="-0.07264635" r22="0.9972703" r23="0.013208971" r24="0" r31="0.00048044784" r32="-0.013208971" r33="0.9999126" r34="0" r41="-1480.97" r42="478.9471" r43="-1790.3325" r44="1"></containerEntry>
          <containerEntry r11="0.99735767" r12="0.07264635" r13="0.00048044784" r14="0" r21="-0.07264635" r22="0.9972703" r23="0.013208971" r24="0" r31="0.00048044784" r32="-0.013208971" r33="0.9999126" r34="0" r41="-1478.348" r42="477.2415" r43="-1787.3499" r44="1"></containerEntry>
          <containerEntry r11="0.68268365" r12="-0.48032716" r13="0.5506616" r14="0" r21="0.12490067" r22="0.8192096" r23="0.5597278" r24="0" r31="-0.7199599" r32="-0.31333876" r33="0.6192543" r34="0" r41="-1457.8372" r42="472.24448" r43="-1768.8087" r44="1"></containerEntry>
          <containerEntry r11="0.94366616" r12="0.33078992" r13="0.0085026035" r14="0" r21="-0.33078992" r22="0.9423828" r23="0.049926944" r24="0" r31="0.0085026035" r32="-0.049926944" r33="0.99871665" r34="0" r41="-1449.3973" r42="479.8668" r43="-1787.0671" r44="1"></containerEntry>
          <containerEntry r11="-0.025380492" r12="-0.9965406" r13="-0.079123765" r14="0" r21="0.42713302" r22="0.06075102" r23="-0.90214455" r24="0" r31="0.90383136" r32="-0.05669424" r33="0.4241149" r34="0" r41="-1458.9609" r42="472.37485" r43="-1768.1825" r44="1"></containerEntry>
          <containerEntry r11="0.92380506" r12="-0.2818067" r13="-0.2591702" r14="0" r21="0.32132298" r22="0.9387337" r23="0.12462208" r24="0" r31="0.20817246" r32="-0.19840384" r33="0.9577579" r34="0" r41="-1449.9738" r42="478.7767" r43="-1780.7303" r44="1"></containerEntry>
          <containerEntry r11="0.6667292" r12="-0.11181183" r13="-0.73686504" r14="0" r21="0.114824906" r22="0.99228865" r23="-0.046674076" r24="0" r31="0.73640156" r32="-0.053491507" r33="0.6744267" r34="0" r41="-1456.7607" r42="478.17648" r43="-1791.5466" r44="1"></containerEntry>
          <containerEntry r11="0.7071218" r12="-0.061016742" r13="-0.704454" r14="0" r21="-0.05272873" r22="0.9889456" r23="-0.13858652" r24="0" r31="0.70512277" r32="0.1351425" r33="0.69608766" r34="0" r41="-1500.3936" r42="487.39935" r43="-1763.0936" r44="1"></containerEntry>
          <containerEntry r11="0.28790858" r12="-0.4377228" r13="-0.85176617" r14="0" r21="0.18474086" r22="0.898107" r23="-0.39909202" r24="0" r31="0.93966895" r32="-0.04245454" r33="0.3394382" r34="0" r41="-1496.6766" r42="487.751" r43="-1770.6797" r44="1"></containerEntry>
          <containerEntry r11="0.55498505" r12="0.6317977" r13="0.5411311" r14="0" r21="-0.48496947" r22="0.77426034" r23="-0.4066021" r24="0" r31="-0.67586666" r32="-0.03677416" r33="0.73610574" r34="0" r41="-1511.9828" r42="488.52786" r43="-1772.7585" r44="1"></containerEntry>
          <containerEntry r11="0.14567237" r12="-0.31829673" r13="-0.9367309" r14="0" r21="0.085710764" r22="0.9473322" r23="-0.3085697" r24="0" r31="0.9856121" r32="-0.035338223" r33="0.16528165" r34="0" r41="-1519.0673" r42="486.85568" r43="-1761.9713" r44="1"></containerEntry>
          <containerEntry r11="0.8221445" r12="0.3314608" r13="0.46283057" r14="0" r21="-0.29448906" r22="0.9434059" r23="-0.15251702" r24="0" r31="-0.4871905" r32="-0.010907538" r33="0.8732276" r34="0" r41="-1524.1133" r42="487.293" r43="-1769.084" r44="1"></containerEntry>
          <containerEntry r11="0.95698786" r12="-0.18223041" r13="-0.22575724" r14="0" r21="0.19919392" r22="0.9784382" r23="0.054593883" r24="0" r31="0.21094084" r32="-0.09721515" r33="0.9726526" r34="0" r41="-1510.7958" r42="484.18448" r43="-1746.8132" r44="1"></containerEntry>
          <containerEntry r11="-0.47935376" r12="-0.2032447" r13="-0.85376406" r14="0" r21="0.0012827963" r22="0.97265124" r23="-0.232267" r24="0" r31="0.87762165" r32="-0.11243309" r33="-0.46598333" r34="0" r41="-1531.1189" r42="481.31396" r43="-1735.9148" r44="1"></containerEntry>
          <containerEntry r11="0.795043" r12="0.46299946" r13="-0.39183897" r14="0" r21="0.46823817" r22="-0.87913316" r23="-0.08873467" r24="0" r31="-0.38556355" r32="-0.112926304" r33="-0.91574246" r34="0" r41="-1532.3689" r42="481.22028" r43="-1735.2607" r44="1"></containerEntry>
          <containerEntry r11="0.28717184" r12="0.55433106" r13="-0.7811838" r14="0" r21="-0.10571775" r22="-0.79221004" r23="-0.60101885" r24="0" r31="-0.95202667" r32="0.25518036" r33="-0.16889653" r34="0" r41="-1528.9329" r42="485.71158" r43="-1759.2181" r44="1"></containerEntry>
          <containerEntry r11="0.10908924" r12="0.17345504" r13="-0.9787817" r14="0" r21="0.58050644" r22="0.7881888" r23="0.2043792" r24="0" r31="0.8069154" r32="-0.5904845" r33="-0.014708877" r34="0" r41="-1535.3303" r42="484.66287" r43="-1751.1835" r44="1"></containerEntry>
          <containerEntry r11="0.9055089" r12="-0.37302074" r13="-0.20225987" r14="0" r21="0.36265215" r22="0.927804" r23="-0.08753784" r24="0" r31="0.22031099" r32="0.0059161894" r33="0.9754117" r34="0" r41="-1484.4917" r42="469.67374" r43="-1739.1095" r44="1"></containerEntry>
          <containerEntry r11="0.020759694" r12="-0.44729882" r13="-0.8941441" r14="0" r21="0.06332362" r22="0.893129" r23="-0.44532102" r24="0" r31="0.9977775" r32="-0.047375485" r33="0.046865582" r34="0" r41="-1517.2994" r42="467.63934" r43="-1710.3602" r44="1"></containerEntry>
          <containerEntry r11="0.590567" r12="0.0513775" r13="0.80535156" r14="0" r21="0.018843863" r22="0.9968212" r23="-0.07741061" r24="0" r31="-0.8067687" r32="0.060892086" r33="0.58772147" r34="0" r41="-1532.785" r42="467.0008" r43="-1706.6302" r44="1"></containerEntry>
          <containerEntry r11="-0.23466209" r12="-0.09539653" r13="-0.96738416" r14="0" r21="-0.026521292" r22="0.9954308" r23="-0.091728866" r24="0" r31="0.97171456" r32="0.004130956" r33="-0.23611987" r34="0" r41="-1529.9486" r42="471.80096" r43="-1716.7711" r44="1"></containerEntry>
          <containerEntry r11="0.37367517" r12="-0.5735258" r13="0.7289962" r14="0" r21="-0.0075345933" r22="0.78402615" r23="0.62068224" r24="0" r31="-0.9275293" r32="-0.23742637" r33="0.28864974" r34="0" r41="-1520.6923" r42="467.3908" r43="-1709.7417" r44="1"></containerEntry>
          <containerEntry r11="-0.9160483" r12="-0.14987573" r13="-0.3720134" r14="0" r21="-0.1935806" r22="0.9775817" r23="0.08282843" r24="0" r31="0.35125953" r32="0.14788935" r33="-0.9245251" r34="0" r41="-1518.7618" r42="471.94843" r43="-1721.7296" r44="1"></containerEntry>
          <containerEntry r11="0.65483624" r12="0.15490414" r13="-0.7397259" r14="0" r21="-0.18797089" r22="0.98139554" r23="0.039111886" r24="0" r31="0.73202235" r32="0.113435" r33="0.6717708" r34="0" r41="-1506.1897" r42="491.0265" r43="-1790.8512" r44="1"></containerEntry>
          <containerEntry r11="0.99735767" r12="0.07264635" r13="0.00048044784" r14="0" r21="-0.07264635" r22="0.9972703" r23="0.013208971" r24="0" r31="0.00048044784" r32="-0.013208971" r33="0.9999126" r34="0" r41="-1499.9745" r42="489.98853" r43="-1783.0184" r44="1"></containerEntry>
          <containerEntry r11="0.8985635" r12="0.26735765" r13="0.34799907" r14="0" r21="-0.14018726" r22="0.9263184" r23="-0.3496878" r24="0" r31="-0.41584972" r32="0.26543158" r33="0.8698361" r34="0" r41="-1505.1387" r42="487.7622" r43="-1766.9626" r44="1"></containerEntry>
          <containerEntry r11="0.6038236" r12="-0.7720768" r13="0.1982262" r14="0" r21="0.72286874" r22="0.6351826" r23="0.27203512" r24="0" r31="-0.33594197" r32="-0.020969436" r33="0.94164914" r34="0" r41="-1497.6532" r42="490.52023" r43="-1788.2552" r44="1"></containerEntry>
          <containerEntry r11="0.040441178" r12="-0.41330335" r13="-0.90969396" r14="0" r21="0.29297712" r22="0.87532693" r23="-0.38466465" r24="0" r31="0.9552629" r32="-0.2509638" r33="0.15648788" r34="0" r41="-1496.3464" r42="488.87305" r43="-1784.2853" r44="1"></containerEntry>
