<fox formatVersion="2" fileVersion="0">
  <entities>
    <entity class="DataSet" classVersion="0" classID="0xE8" addr="0x3303810" id="0x195BAD">
      <staticProperties>
        <property name="name" type="String" container="StaticArray" arraySize="1">
          <containerEntry hash="0xB8A0BF169F98"></containerEntry>
        </property>
        <property name="dataSet" type="EntityHandle" container="StaticArray" arraySize="1">
          <containerEntry>0x0</containerEntry>
        </property>
        <property name="dataList" type="EntityPtr" container="StringMap" arraySize="18">
          <containerEntry key="afgh_clff041_vrtn002_0002">
            <data>0x3176FA0</data>
          </containerEntry>
          <containerEntry key="StaticModelArray0000">
            <data>0x3300240</data>
          </containerEntry>
          <containerEntry key="StaticModelArray0001">
            <data>0x33002B0</data>
          </containerEntry>
          <containerEntry key="StaticModelArray0002">
            <data>0x33001D0</data>
          </containerEntry>
          <containerEntry key="StaticModelArray0003">
            <data>0x317F6D0</data>
          </containerEntry>
          <containerEntry key="StaticModelArray0004">
            <data>0x317F580</data>
          </containerEntry>
          <containerEntry key="StaticModelArray0005">
            <data>0x3300080</data>
          </containerEntry>
          <containerEntry key="StaticModelArray0006">
            <data>0x317FF20</data>
          </containerEntry>
          <containerEntry key="StaticModelArray0007">
            <data>0x317FE40</data>
          </containerEntry>
          <containerEntry key="StaticModelArray0008">
            <data>0x317FC10</data>
          </containerEntry>
          <containerEntry key="StaticModelArray0009">
            <data>0x317F9E0</data>
          </containerEntry>
          <containerEntry key="StaticModelArray0010">
            <data>0x317FCF0</data>
          </containerEntry>
          <containerEntry key="StaticModelArray0011">
            <data>0x317D7C0</data>
          </containerEntry>
          <containerEntry key="StaticModelArray0012">
            <data>0x317F430</data>
          </containerEntry>
          <containerEntry key="StaticModelArray0013">
            <data>0x317F4A0</data>
          </containerEntry>
          <containerEntry key="StaticModelArray0014">
            <data>0x317F510</data>
          </containerEntry>
          <containerEntry key="StaticModelArray0015">
            <data>0x317F5F0</data>
          </containerEntry>
          <containerEntry key="TexturePackLoadConditioner0000">
            <data>0x33005C0</data>
          </containerEntry>
        </property>
      </staticProperties>
      <dynamicProperties></dynamicProperties>
    </entity>
    <entity class="StaticModel" classVersion="9" classID="0x160" addr="0x3176FA0" id="0x195CCF">
      <staticProperties>
        <property name="name" type="String" container="StaticArray" arraySize="1">
          <containerEntry>afgh_clff041_vrtn002_0002</containerEntry>
        </property>
        <property name="dataSet" type="EntityHandle" container="StaticArray" arraySize="1">
          <containerEntry>0x3303810</containerEntry>
        </property>
        <property name="parent" type="EntityHandle" container="StaticArray" arraySize="1">
          <containerEntry>0x0</containerEntry>
        </property>
        <property name="transform" type="EntityPtr" container="StaticArray" arraySize="1">
          <containerEntry>0x3177010</containerEntry>
        </property>
        <property name="shearTransform" type="EntityPtr" container="StaticArray" arraySize="1">
          <containerEntry>0x0</containerEntry>
        </property>
        <property name="pivotTransform" type="EntityPtr" container="StaticArray" arraySize="1">
          <containerEntry>0x0</containerEntry>
        </property>
        <property name="children" type="EntityHandle" container="List"></property>
        <property name="flags" type="UInt32" container="StaticArray" arraySize="1">
          <containerEntry>5</containerEntry>
        </property>
        <property name="modelFile" type="FilePtr" container="StaticArray" arraySize="1">
          <containerEntry>/Assets/tpp/environ/object/afghanistan/cliff/afgh_clff041/scenes/afgh_clff041_vrtn002.fmdl</containerEntry>
        </property>
        <property name="geomFile" type="FilePtr" container="StaticArray" arraySize="1">
          <containerEntry>/Assets/tpp/environ/object/afghanistan/cliff/afgh_clff041/scenes/afgh_clff041_vrtn002.geom</containerEntry>
        </property>
        <property name="isVisibleGeom" type="Bool" container="StaticArray" arraySize="1">
          <containerEntry>false</containerEntry>
        </property>
        <property name="isIsolated" type="Bool" container="StaticArray" arraySize="1">
          <containerEntry>false</containerEntry>
        </property>
        <property name="lodFarSize" type="Float" container="StaticArray" arraySize="1">
          <containerEntry>-1</containerEntry>
        </property>
        <property name="lodNearSize" type="Float" container="StaticArray" arraySize="1">
          <containerEntry>-1</containerEntry>
        </property>
        <property name="lodPolygonSize" type="Float" container="StaticArray" arraySize="1">
          <containerEntry>-1</containerEntry>
        </property>
        <property name="color" type="Color" container="StaticArray" arraySize="1">
          <containerEntry r="1" g="1" b="1" a="1"></containerEntry>
        </property>
        <property name="drawRejectionLevel" type="Int32" container="StaticArray" arraySize="1">
          <containerEntry>8</containerEntry>
        </property>
        <property name="drawMode" type="Int32" container="StaticArray" arraySize="1">
          <containerEntry>0</containerEntry>
        </property>
        <property name="rejectFarRangeShadowCast" type="Int32" container="StaticArray" arraySize="1">
          <containerEntry>2</containerEntry>
        </property>
      </staticProperties>
      <dynamicProperties></dynamicProperties>
    </entity>
    <entity class="TransformEntity" classVersion="0" classID="0x50" addr="0x3177010" id="0x195CD2">
      <staticProperties>
        <property name="owner" type="EntityHandle" container="StaticArray" arraySize="1">
          <containerEntry>0x3176FA0</containerEntry>
        </property>
        <property name="transform_scale" type="Vector3" container="StaticArray" arraySize="1">
          <containerEntry x="1" y="1" z="1" w="0"></containerEntry>
        </property>
        <property name="transform_rotation_quat" type="Quat" container="StaticArray" arraySize="1">
          <containerEntry x="-0.052784" y="-0.300513" z="0.009483" w="0.952268"></containerEntry>
        </property>
        <property name="transform_translation" type="Vector3" container="StaticArray" arraySize="1">
          <containerEntry x="187.00587" y="372.77045" z="815.9192" w="0"></containerEntry>
        </property>
      </staticProperties>
      <dynamicProperties></dynamicProperties>
    </entity>
    <entity class="StaticModelArray" classVersion="4" classID="0xD0" addr="0x3300240" id="0x0">
      <staticProperties>
        <property name="name" type="String" container="StaticArray" arraySize="1">
          <containerEntry>StaticModelArray0000</containerEntry>
        </property>
        <property name="dataSet" type="EntityHandle" container="StaticArray" arraySize="1">
          <containerEntry>0x3303810</containerEntry>
        </property>
        <property name="modelFile" type="FilePtr" container="StaticArray" arraySize="1">
          <containerEntry>/Assets/tpp/environ/object/afghanistan/rock/afgh_rock011/scenes/afgh_rock011.fmdl</containerEntry>
        </property>
        <property name="geomFile" type="FilePtr" container="StaticArray" arraySize="1">
          <containerEntry>/Assets/tpp/environ/object/afghanistan/rock/afgh_rock011/scenes/afgh_rock011.geom</containerEntry>
        </property>
        <property name="isVisibleGeom" type="Bool" container="StaticArray" arraySize="1">
          <containerEntry>false</containerEntry>
        </property>
        <property name="lodFarSize" type="Float" container="StaticArray" arraySize="1">
          <containerEntry>-1</containerEntry>
        </property>
        <property name="lodNearSize" type="Float" container="StaticArray" arraySize="1">
          <containerEntry>-1</containerEntry>
        </property>
        <property name="lodPolygonSize" type="Float" container="StaticArray" arraySize="1">
          <containerEntry>5</containerEntry>
        </property>
        <property name="drawRejectionLevel" type="Int32" container="StaticArray" arraySize="1">
          <containerEntry>8</containerEntry>
        </property>
        <property name="drawMode" type="Int32" container="StaticArray" arraySize="1">
          <containerEntry>0</containerEntry>
        </property>
        <property name="rejectFarRangeShadowCast" type="Int32" container="StaticArray" arraySize="1">
          <containerEntry>2</containerEntry>
        </property>
        <property name="parentLocator" type="EntityLink" container="StaticArray" arraySize="1">
          <containerEntry packagePathHash="0xB8A0BF169F98" archivePathHash="0xB8A0BF169F98" nameInArchiveHash="0xB8A0BF169F98">0x0</containerEntry>
        </property>
        <property name="transforms" type="Matrix4" container="DynamicArray" arraySize="2">
          <containerEntry r11="-0.28040203" r12="-0.046576057" r13="0.5385956" r14="0" r21="0.0053180186" r22="0.6064686" r23="0.055214096" r24="0" r31="-0.5405796" r32="0.030125555" r33="-0.27882978" r34="0" r41="168.01424" r42="355.984" r43="829.02386" r44="1"></containerEntry>
          <containerEntry r11="-0.37892586" r12="0.06381502" r13="-0.47246534" r14="0" r21="-0.082575805" r22="0.58561325" r23="0.14532503" r24="0" r31="0.46954986" r32="0.15448551" r33="-0.35572153" r34="0" r41="154.21344" r42="358.44904" r43="807.5228" r44="1"></containerEntry>
        </property>
        <property name="colors" type="UInt32" container="DynamicArray" arraySize="2">
          <containerEntry>4294967295</containerEntry>
          <containerEntry>4294967295</containerEntry>
        </property>
      </staticProperties>
      <dynamicProperties></dynamicProperties>
    </entity>
    <entity class="StaticModelArray" classVersion="4" classID="0xD0" addr="0x33002B0" id="0x0">
      <staticProperties>
        <property name="name" type="String" container="StaticArray" arraySize="1">
          <containerEntry>StaticModelArray0001</containerEntry>
        </property>
        <property name="dataSet" type="EntityHandle" container="StaticArray" arraySize="1">
          <containerEntry>0x3303810</containerEntry>
        </property>
        <property name="modelFile" type="FilePtr" container="StaticArray" arraySize="1">
          <containerEntry>/Assets/tpp/environ/object/afghanistan/cliff/afgh_clff007/scenes/afgh_clff007.fmdl</containerEntry>
        </property>
        <property name="geomFile" type="FilePtr" container="StaticArray" arraySize="1">
          <containerEntry>/Assets/tpp/environ/object/afghanistan/cliff/afgh_clff007/scenes/afgh_clff007.geom</containerEntry>
        </property>
        <property name="isVisibleGeom" type="Bool" container="StaticArray" arraySize="1">
          <containerEntry>false</containerEntry>
        </property>
        <property name="lodFarSize" type="Float" container="StaticArray" arraySize="1">
          <containerEntry>50</containerEntry>
        </property>
        <property name="lodNearSize" type="Float" container="StaticArray" arraySize="1">
          <containerEntry>400</containerEntry>
        </property>
        <property name="lodPolygonSize" type="Float" container="StaticArray" arraySize="1">
          <containerEntry>-1</containerEntry>
        </property>
        <property name="drawRejectionLevel" type="Int32" container="StaticArray" arraySize="1">
          <containerEntry>5</containerEntry>
        </property>
        <property name="drawMode" type="Int32" container="StaticArray" arraySize="1">
          <containerEntry>0</containerEntry>
        </property>
        <property name="rejectFarRangeShadowCast" type="Int32" container="StaticArray" arraySize="1">
          <containerEntry>2</containerEntry>
        </property>
        <property name="parentLocator" type="EntityLink" container="StaticArray" arraySize="1">
          <containerEntry packagePathHash="0xB8A0BF169F98" archivePathHash="0xB8A0BF169F98" nameInArchiveHash="0xB8A0BF169F98">0x0</containerEntry>
        </property>
        <property name="transforms" type="Matrix4" container="DynamicArray" arraySize="5">
          <containerEntry r11="0.96162397" r12="0.04123661" r13="0.27125415" r14="0" r21="-0.046271667" r22="0.9988545" r23="0.012189915" r24="0" r31="-0.2704408" r32="-0.024273517" r33="0.96243054" r34="0" r41="147.63936" r42="328.0509" r43="882.82196" r44="1"></containerEntry>
          <containerEntry r11="0.8689779" r12="-0.020087529" r13="0.49444258" r14="0" r21="-0.009284709" r22="0.99833804" r23="0.056876786" r24="0" r31="-0.49476337" r32="-0.05401542" r33="0.8673472" r34="0" r41="169.36403" r42="325.39594" r43="901.78064" r44="1"></containerEntry>
          <containerEntry r11="0.90121555" r12="-0.0029040389" r13="0.43336096" r14="0" r21="-0.01985912" r22="0.9986503" r23="0.047991026" r24="0" r31="-0.43291542" r32="-0.051856432" r33="0.89994156" r34="0" r41="150.54965" r42="326.48126" r43="892.2321" r44="1"></containerEntry>
          <containerEntry r11="0.88872695" r12="0.023510661" r13="0.4578331" r14="0" r21="-0.045008276" r22="0.99833405" r23="0.036101658" r24="0" r31="-0.45622164" r32="-0.05269083" r33="0.8883046" r34="0" r41="136.05748" r42="326.90918" r43="882.5921" r44="1"></containerEntry>
          <containerEntry r11="0.96162397" r12="0.041237038" r13="0.2712541" r14="0" r21="-0.05197304" r22="0.9981191" r23="0.032512095" r24="0" r31="-0.2694032" r32="-0.04536232" r33="0.96195847" r34="0" r41="161.49474" r42="339.88904" r43="843.66376" r44="1"></containerEntry>
        </property>
        <property name="colors" type="UInt32" container="DynamicArray" arraySize="5">
          <containerEntry>4294967295</containerEntry>
          <containerEntry>4294967295</containerEntry>
          <containerEntry>4294967295</containerEntry>
          <containerEntry>4294967295</containerEntry>
          <containerEntry>4294967295</containerEntry>
        </property>
      </staticProperties>
      <dynamicProperties></dynamicProperties>
    </entity>
    <entity class="StaticModelArray" classVersion="4" classID="0xD0" addr="0x33001D0" id="0x0">
      <staticProperties>
        <property name="name" type="String" container="StaticArray" arraySize="1">
          <containerEntry>StaticModelArray0002</containerEntry>
        </property>
        <property name="dataSet" type="EntityHandle" container="StaticArray" arraySize="1">
          <containerEntry>0x3303810</containerEntry>
        </property>
        <property name="modelFile" type="FilePtr" container="StaticArray" arraySize="1">
          <containerEntry>/Assets/tpp/environ/object/afghanistan/cliff/afgh_clff025/scenes/afgh_clff025.fmdl</containerEntry>
        </property>
        <property name="geomFile" type="FilePtr" container="StaticArray" arraySize="1">
          <containerEntry>/Assets/tpp/environ/object/afghanistan/cliff/afgh_clff025/scenes/afgh_clff025.geom</containerEntry>
        </property>
        <property name="isVisibleGeom" type="Bool" container="StaticArray" arraySize="1">
          <containerEntry>false</containerEntry>
        </property>
        <property name="lodFarSize" type="Float" container="StaticArray" arraySize="1">
          <containerEntry>-1</containerEntry>
        </property>
        <property name="lodNearSize" type="Float" container="StaticArray" arraySize="1">
          <containerEntry>-1</containerEntry>
        </property>
        <property name="lodPolygonSize" type="Float" container="StaticArray" arraySize="1">
          <containerEntry>5</containerEntry>
        </property>
        <property name="drawRejectionLevel" type="Int32" container="StaticArray" arraySize="1">
          <containerEntry>8</containerEntry>
        </property>
        <property name="drawMode" type="Int32" container="StaticArray" arraySize="1">
          <containerEntry>0</containerEntry>
        </property>
        <property name="rejectFarRangeShadowCast" type="Int32" container="StaticArray" arraySize="1">
          <containerEntry>2</containerEntry>
        </property>
        <property name="parentLocator" type="EntityLink" container="StaticArray" arraySize="1">
          <containerEntry packagePathHash="0xB8A0BF169F98" archivePathHash="0xB8A0BF169F98" nameInArchiveHash="0xB8A0BF169F98">0x0</containerEntry>
        </property>
        <property name="transforms" type="Matrix4" container="DynamicArray" arraySize="3">
          <containerEntry r11="0.9897144" r12="-0.083680935" r13="-0.116038226" r14="0" r21="0.03506816" r22="0.9282489" r23="-0.37030306" r24="0" r31="0.13869964" r32="0.36242506" r33="0.9216358" r34="0" r41="245.38493" r42="349.69464" r43="888.6765" r44="1"></containerEntry>
          <containerEntry r11="0.7678694" r12="0.06295569" r13="0.6375073" r14="0" r21="0.2044395" r22="0.91903955" r23="-0.33700308" r24="0" r31="-0.60711074" r32="0.38910595" r33="0.6928317" r34="0" r41="235.30948" r42="349.43118" r43="887.26166" r44="1"></containerEntry>
          <containerEntry r11="1.1713077" r12="0.0877681" r13="-0.42759246" r14="0" r21="-0.17531851" r22="1.2159599" r23="-0.23066261" r24="0" r31="0.3997524" r32="0.27611336" r33="1.1517204" r34="0" r41="243.48848" r42="365.44055" r43="838.82983" r44="1"></containerEntry>
        </property>
        <property name="colors" type="UInt32" container="DynamicArray" arraySize="3">
          <containerEntry>4294967295</containerEntry>
          <containerEntry>4294967295</containerEntry>
          <containerEntry>4294967295</containerEntry>
        </property>
      </staticProperties>
      <dynamicProperties></dynamicProperties>
    </entity>
    <entity class="StaticModelArray" classVersion="4" classID="0xD0" addr="0x317F6D0" id="0x0">
      <staticProperties>
        <property name="name" type="String" container="StaticArray" arraySize="1">
          <containerEntry>StaticModelArray0003</containerEntry>
        </property>
        <property name="dataSet" type="EntityHandle" container="StaticArray" arraySize="1">
          <containerEntry>0x3303810</containerEntry>
        </property>
        <property name="modelFile" type="FilePtr" container="StaticArray" arraySize="1">
          <containerEntry>/Assets/tpp/environ/object/afghanistan/cliff/afgh_clff022/scenes/afgh_clff022_vrtn002.fmdl</containerEntry>
        </property>
        <property name="geomFile" type="FilePtr" container="StaticArray" arraySize="1">
          <containerEntry>/Assets/tpp/environ/object/afghanistan/cliff/afgh_clff022/scenes/afgh_clff022_vrtn002.geom</containerEntry>
        </property>
        <property name="isVisibleGeom" type="Bool" container="StaticArray" arraySize="1">
          <containerEntry>false</containerEntry>
        </property>
        <property name="lodFarSize" type="Float" container="StaticArray" arraySize="1">
          <containerEntry>-1</containerEntry>
        </property>
        <property name="lodNearSize" type="Float" container="StaticArray" arraySize="1">
          <containerEntry>-1</containerEntry>
        </property>
        <property name="lodPolygonSize" type="Float" container="StaticArray" arraySize="1">
          <containerEntry>-1</containerEntry>
        </property>
        <property name="drawRejectionLevel" type="Int32" container="StaticArray" arraySize="1">
          <containerEntry>8</containerEntry>
        </property>
        <property name="drawMode" type="Int32" container="StaticArray" arraySize="1">
          <containerEntry>0</containerEntry>
        </property>
        <property name="rejectFarRangeShadowCast" type="Int32" container="StaticArray" arraySize="1">
          <containerEntry>2</containerEntry>
        </property>
        <property name="parentLocator" type="EntityLink" container="StaticArray" arraySize="1">
          <containerEntry packagePathHash="0xB8A0BF169F98" archivePathHash="0xB8A0BF169F98" nameInArchiveHash="0xB8A0BF169F98">0x0</containerEntry>
        </property>
        <property name="transforms" type="Matrix4" container="DynamicArray" arraySize="5">
          <containerEntry r11="0.7660446" r12="0" r13="0.6427869" r14="0" r21="0" r22="1" r23="0" r24="0" r31="-0.6427869" r32="0" r33="0.7660446" r34="0" r41="144.07756" r42="376.0589" r43="771.9592" r44="1"></containerEntry>
          <containerEntry r11="0.96987224" r12="0" r13="0.243614" r14="0" r21="0" r22="1" r23="0" r24="0" r31="-0.243614" r32="0" r33="0.96987224" r34="0" r41="230.2699" r42="348.62488" r43="884.81494" r44="1"></containerEntry>
          <containerEntry r11="0.8136278" r12="0" r13="0.5813857" r14="0" r21="0" r22="1" r23="0" r24="0" r31="-0.5813857" r32="0" r33="0.8136278" r34="0" r41="161.74837" r42="354.7043" r43="820.8635" r44="1"></containerEntry>
          <containerEntry r11="0.9888512" r12="0.066024624" r13="-0.13346963" r14="0" r21="-0.06543105" r22="0.997818" r23="0.008833397" r24="0" r31="0.13376163" r32="-1.847744e-06" r33="0.9910135" r34="0" r41="176.59415" r42="381.6145" r43="774.63556" r44="1"></containerEntry>
          <containerEntry r11="1.4871686" r12="0" r13="-0.19577993" r14="0" r21="0" r22="1.5" r23="0" r24="0" r31="0.19577993" r32="0" r33="1.4871686" r34="0" r41="243.64517" r42="386.65085" r43="782.2892" r44="1"></containerEntry>
        </property>
        <property name="colors" type="UInt32" container="DynamicArray" arraySize="5">
          <containerEntry>4294967295</containerEntry>
          <containerEntry>4294967295</containerEntry>
          <containerEntry>4294967295</containerEntry>
          <containerEntry>4294967295</containerEntry>
          <containerEntry>4294967295</containerEntry>
        </property>
      </staticProperties>
      <dynamicProperties></dynamicProperties>
    </entity>
    <entity class="StaticModelArray" classVersion="4" classID="0xD0" addr="0x317F580" id="0x0">
      <staticProperties>
        <property name="name" type="String" container="StaticArray" arraySize="1">
          <containerEntry>StaticModelArray0004</containerEntry>
        </property>
        <property name="dataSet" type="EntityHandle" container="StaticArray" arraySize="1">
          <containerEntry>0x3303810</containerEntry>
        </property>
        <property name="modelFile" type="FilePtr" container="StaticArray" arraySize="1">
          <containerEntry>/Assets/tpp/environ/object/afghanistan/rock/afgh_rock010/scenes/afgh_rock010.fmdl</containerEntry>
        </property>
        <property name="geomFile" type="FilePtr" container="StaticArray" arraySize="1">
          <containerEntry>/Assets/tpp/environ/object/afghanistan/rock/afgh_rock010/scenes/afgh_rock010.geom</containerEntry>
        </property>
        <property name="isVisibleGeom" type="Bool" container="StaticArray" arraySize="1">
          <containerEntry>false</containerEntry>
        </property>
        <property name="lodFarSize" type="Float" container="StaticArray" arraySize="1">
          <containerEntry>-1</containerEntry>
        </property>
        <property name="lodNearSize" type="Float" container="StaticArray" arraySize="1">
          <containerEntry>-1</containerEntry>
        </property>
        <property name="lodPolygonSize" type="Float" container="StaticArray" arraySize="1">
          <containerEntry>-1</containerEntry>
        </property>
        <property name="drawRejectionLevel" type="Int32" container="StaticArray" arraySize="1">
          <containerEntry>8</containerEntry>
        </property>
        <property name="drawMode" type="Int32" container="StaticArray" arraySize="1">
          <containerEntry>0</containerEntry>
        </property>
        <property name="rejectFarRangeShadowCast" type="Int32" container="StaticArray" arraySize="1">
          <containerEntry>2</containerEntry>
        </property>
        <property name="parentLocator" type="EntityLink" container="StaticArray" arraySize="1">
          <containerEntry packagePathHash="0xB8A0BF169F98" archivePathHash="0xB8A0BF169F98" nameInArchiveHash="0xB8A0BF169F98">0x0</containerEntry>
        </property>
        <property name="transforms" type="Matrix4" container="DynamicArray" arraySize="3">
          <containerEntry r11="0.33165088" r12="-0.03434992" r13="-0.94277555" r14="0" r21="0.107107" r22="0.9942464" r23="0.0014528781" r24="0" r31="0.93730134" r32="-0.10145986" r33="0.33342183" r34="0" r41="180.2687" r42="351.24142" r43="838.49963" r44="1"></containerEntry>
          <containerEntry r11="-0.72412574" r12="0.36481452" r13="-0.58527803" r14="0" r21="0.30504113" r22="0.9305364" r23="0.2026126" r24="0" r31="0.6185385" r32="-0.031816766" r33="-0.7851088" r34="0" r41="186.48965" r42="355.4808" r43="830.04626" r44="1"></containerEntry>
          <containerEntry r11="0.9515689" r12="-0.102932945" r13="0.28969142" r14="0" r21="0.10710698" r22="0.9942464" r23="0.0014534425" r24="0" r31="-0.28817424" r32="0.029644998" r33="0.95711887" r34="0" r41="194.3104" r42="356.43475" r43="836.11584" r44="1"></containerEntry>
        </property>
        <property name="colors" type="UInt32" container="DynamicArray" arraySize="3">
          <containerEntry>4294967295</containerEntry>
          <containerEntry>4294967295</containerEntry>
          <containerEntry>4294967295</containerEntry>
        </property>
      </staticProperties>
      <dynamicProperties></dynamicProperties>
    </entity>
    <entity class="StaticModelArray" classVersion="4" classID="0xD0" addr="0x3300080" id="0x0">
      <staticProperties>
        <property name="name" type="String" container="StaticArray" arraySize="1">
          <containerEntry>StaticModelArray0005</containerEntry>
        </property>
        <property name="dataSet" type="EntityHandle" container="StaticArray" arraySize="1">
          <containerEntry>0x3303810</containerEntry>
        </property>
        <property name="modelFile" type="FilePtr" container="StaticArray" arraySize="1">
          <containerEntry>/Assets/tpp/environ/object/afghanistan/cliff/afgh_clff013/scenes/afgh_clff013.fmdl</containerEntry>
        </property>
        <property name="geomFile" type="FilePtr" container="StaticArray" arraySize="1">
          <containerEntry>/Assets/tpp/environ/object/afghanistan/cliff/afgh_clff013/scenes/afgh_clff013.geom</containerEntry>
        </property>
        <property name="isVisibleGeom" type="Bool" container="StaticArray" arraySize="1">
          <containerEntry>false</containerEntry>
        </property>
        <property name="lodFarSize" type="Float" container="StaticArray" arraySize="1">
          <containerEntry>50</containerEntry>
        </property>
        <property name="lodNearSize" type="Float" container="StaticArray" arraySize="1">
          <containerEntry>400</containerEntry>
        </property>
        <property name="lodPolygonSize" type="Float" container="StaticArray" arraySize="1">
          <containerEntry>-1</containerEntry>
        </property>
        <property name="drawRejectionLevel" type="Int32" container="StaticArray" arraySize="1">
          <containerEntry>5</containerEntry>
        </property>
        <property name="drawMode" type="Int32" container="StaticArray" arraySize="1">
          <containerEntry>0</containerEntry>
        </property>
        <property name="rejectFarRangeShadowCast" type="Int32" container="StaticArray" arraySize="1">
          <containerEntry>2</containerEntry>
        </property>
        <property name="parentLocator" type="EntityLink" container="StaticArray" arraySize="1">
          <containerEntry packagePathHash="0xB8A0BF169F98" archivePathHash="0xB8A0BF169F98" nameInArchiveHash="0xB8A0BF169F98">0x0</containerEntry>
        </property>
        <property name="transforms" type="Matrix4" container="DynamicArray" arraySize="5">
          <containerEntry r11="0.9948521" r12="-1.997424e-06" r13="-0.101337306" r14="0" r21="1.997424e-06" r22="1" r23="-1.01468e-07" r24="0" r31="0.101337306" r32="-1.01468e-07" r33="0.9948521" r34="0" r41="184.30116" r42="333.05945" r43="872.278" r44="1"></containerEntry>
          <containerEntry r11="0.945246" r12="-1.972432e-06" r13="0.32635862" r14="0" r21="1.972432e-06" r22="1" r23="3.3092002e-07" r24="0" r31="-0.32635862" r32="3.3092002e-07" r33="0.945246" r34="0" r41="165.41956" r42="333.1896" r43="869.87317" r44="1"></containerEntry>
          <containerEntry r11="0.8099984" r12="-1.9026279e-06" r13="0.5864318" r14="0" r21="1.9026279e-06" r22="1" r23="6.1644397e-07" r24="0" r31="-0.5864318" r32="6.1644397e-07" r33="0.8099984" r34="0" r41="149.38348" r42="333.05664" r43="862.2739" r44="1"></containerEntry>
          <containerEntry r11="0.05571756" r12="-0.0036772247" r13="0.99843895" r14="0" r21="-0.03993155" r22="0.99918497" r23="0.005908301" r24="0" r31="-0.9976469" r32="-0.040198445" r33="0.055525303" r34="0" r41="212.09035" r42="348.5391" r43="859.5157" r44="1"></containerEntry>
          <containerEntry r11="0.8905728" r12="-0.09332668" r13="0.4451628" r14="0" r21="0.07302647" r22="0.99536467" r23="0.06258084" r24="0" r31="-0.44893977" r32="-0.02322405" r33="0.89326" r34="0" r41="221.41069" r42="347.5383" r43="878.77484" r44="1"></containerEntry>
        </property>
        <property name="colors" type="UInt32" container="DynamicArray" arraySize="5">
          <containerEntry>4294967295</containerEntry>
          <containerEntry>4294967295</containerEntry>
          <containerEntry>4294967295</containerEntry>
          <containerEntry>4294967295</containerEntry>
          <containerEntry>4294967295</containerEntry>
        </property>
      </staticProperties>
      <dynamicProperties></dynamicProperties>
    </entity>
    <entity class="StaticModelArray" classVersion="4" classID="0xD0" addr="0x317FF20" id="0x0">
      <staticProperties>
        <property name="name" type="String" container="StaticArray" arraySize="1">
          <containerEntry>StaticModelArray0006</containerEntry>
        </property>
        <property name="dataSet" type="EntityHandle" container="StaticArray" arraySize="1">
          <containerEntry>0x3303810</containerEntry>
        </property>
        <property name="modelFile" type="FilePtr" container="StaticArray" arraySize="1">
          <containerEntry>/Assets/tpp/environ/object/afghanistan/rock/afgh_rock010/scenes/afgh_rock010_vrtn001.fmdl</containerEntry>
        </property>
        <property name="geomFile" type="FilePtr" container="StaticArray" arraySize="1">
          <containerEntry>/Assets/tpp/environ/object/afghanistan/rock/afgh_rock010/scenes/afgh_rock010_vrtn001.geom</containerEntry>
        </property>
        <property name="isVisibleGeom" type="Bool" container="StaticArray" arraySize="1">
          <containerEntry>false</containerEntry>
        </property>
        <property name="lodFarSize" type="Float" container="StaticArray" arraySize="1">
          <containerEntry>-1</containerEntry>
        </property>
        <property name="lodNearSize" type="Float" container="StaticArray" arraySize="1">
          <containerEntry>-1</containerEntry>
        </property>
        <property name="lodPolygonSize" type="Float" container="StaticArray" arraySize="1">
          <containerEntry>-1</containerEntry>
        </property>
        <property name="drawRejectionLevel" type="Int32" container="StaticArray" arraySize="1">
          <containerEntry>8</containerEntry>
        </property>
        <property name="drawMode" type="Int32" container="StaticArray" arraySize="1">
          <containerEntry>0</containerEntry>
        </property>
        <property name="rejectFarRangeShadowCast" type="Int32" container="StaticArray" arraySize="1">
          <containerEntry>2</containerEntry>
        </property>
        <property name="parentLocator" type="EntityLink" container="StaticArray" arraySize="1">
          <containerEntry packagePathHash="0xB8A0BF169F98" archivePathHash="0xB8A0BF169F98" nameInArchiveHash="0xB8A0BF169F98">0x0</containerEntry>
        </property>
        <property name="transforms" type="Matrix4" container="DynamicArray" arraySize="10">
          <containerEntry r11="0.32969308" r12="0.050494894" r13="0.94273573" r14="0" r21="0.3218192" r22="-0.94476956" r23="-0.061941996" r24="0" r31="0.88754314" r32="0.32381272" r33="-0.32773218" r34="0" r41="237.73209" r42="361.88885" r43="851.7313" r44="1"></containerEntry>
          <containerEntry r11="-0.26993155" r12="0.4468513" r13="-0.85291344" r14="0" r21="0.35298514" r22="0.87004936" r23="0.3441158" r24="0" r31="0.89584535" r32="-0.20817809" r33="-0.39258564" r34="0" r41="132.53558" r42="328.56003" r43="874.5907" r44="1"></containerEntry>
          <containerEntry r11="-0.45792532" r12="-0.1600765" r13="0.8744599" r14="0" r21="0.11292598" r22="0.9652121" r23="0.23582493" r24="0" r31="-0.88178927" r32="0.20673941" r33="-0.42391825" r34="0" r41="152.77925" r42="360.75275" r43="801.3992" r44="1"></containerEntry>
          <containerEntry r11="-0.6410172" r12="0.49060285" r13="0.59026235" r14="0" r21="0.7566519" r22="0.53294086" r23="0.37875202" r24="0" r31="-0.12875862" r32="0.6894084" r33="-0.7128403" r34="0" r41="176.3265" r42="329.48" r43="888.5292" r44="1"></containerEntry>
          <containerEntry r11="0.2615101" r12="0.4468502" r13="-0.85553324" r14="0" r21="0.09550205" r22="0.87004995" r23="0.48362428" r24="0" r31="0.96046424" r32="-0.20817775" r33="0.18485177" r34="0" r41="171.28505" r42="337.54904" r43="863.2553" r44="1"></containerEntry>
          <containerEntry r11="-0.40005404" r12="-0.41696405" r13="0.8161493" r14="0" r21="0.27100205" r22="-0.9045119" r23="-0.3292699" r24="0" r31="0.8755093" r32="0.089452535" r33="0.47484988" r34="0" r41="163.38326" r42="355.88144" r43="822.9806" r44="1"></containerEntry>
          <containerEntry r11="-0.17991632" r12="-0.026975483" r13="0.9833065" r14="0" r21="0.9787102" r22="0.09541604" r23="0.18169731" r24="0" r31="-0.09872055" r32="0.9950678" r33="0.009239256" r34="0" r41="211.09895" r42="347.34558" r43="876.1022" r44="1"></containerEntry>
          <containerEntry r11="-0.43066305" r12="-0.5901909" r13="0.68278986" r14="0" r21="-0.031291425" r22="0.7658539" r23="0.6422525" r24="0" r31="-0.901969" r32="0.25522965" r33="-0.34829265" r34="0" r41="180.78915" r42="371.9746" r43="788.1578" r44="1"></containerEntry>
          <containerEntry r11="0.80480635" r12="-0.4562239" r13="0.37966496" r14="0" r21="-0.16757183" r22="-0.78829074" r23="-0.5920373" r24="0" r31="0.5693904" r32="0.41285375" r33="-0.7108709" r34="0" r41="196.63771" r42="341.9542" r43="865.51196" r44="1"></containerEntry>
          <containerEntry r11="0.6347275" r12="-0.067455485" r13="-0.76978546" r14="0" r21="-0.0289401" r22="-0.99755585" r23="0.06355236" r24="0" r31="-0.77219325" r32="-0.018060694" r33="-0.6351272" r34="0" r41="241.49556" r42="355.828" r43="860.63434" r44="1"></containerEntry>
        </property>
        <property name="colors" type="UInt32" container="DynamicArray" arraySize="10">
          <containerEntry>4294967295</containerEntry>
          <containerEntry>4294967295</containerEntry>
          <containerEntry>4294967295</containerEntry>
          <containerEntry>4294967295</containerEntry>
          <containerEntry>4294967295</containerEntry>
          <containerEntry>4294967295</containerEntry>
          <containerEntry>4294967295</containerEntry>
          <containerEntry>4294967295</containerEntry>
          <containerEntry>4294967295</containerEntry>
          <containerEntry>4294967295</containerEntry>
        </property>
      </staticProperties>
      <dynamicProperties></dynamicProperties>
    </entity>
    <entity class="StaticModelArray" classVersion="4" classID="0xD0" addr="0x317FE40" id="0x0">
      <staticProperties>
        <property name="name" type="String" container="StaticArray" arraySize="1">
          <containerEntry>StaticModelArray0007</containerEntry>
        </property>
        <property name="dataSet" type="EntityHandle" container="StaticArray" arraySize="1">
          <containerEntry>0x3303810</containerEntry>
        </property>
        <property name="modelFile" type="FilePtr" container="StaticArray" arraySize="1">
          <containerEntry>/Assets/tpp/environ/object/afghanistan/cliff/afgh_clff022/scenes/afgh_clff022_vrtn004.fmdl</containerEntry>
        </property>
        <property name="geomFile" type="FilePtr" container="StaticArray" arraySize="1">
          <containerEntry>/Assets/tpp/environ/object/afghanistan/cliff/afgh_clff022/scenes/afgh_clff022_vrtn004.geom</containerEntry>
        </property>
        <property name="isVisibleGeom" type="Bool" container="StaticArray" arraySize="1">
          <containerEntry>false</containerEntry>
        </property>
        <property name="lodFarSize" type="Float" container="StaticArray" arraySize="1">
          <containerEntry>-1</containerEntry>
        </property>
        <property name="lodNearSize" type="Float" container="StaticArray" arraySize="1">
          <containerEntry>-1</containerEntry>
        </property>
        <property name="lodPolygonSize" type="Float" container="StaticArray" arraySize="1">
          <containerEntry>-1</containerEntry>
        </property>
        <property name="drawRejectionLevel" type="Int32" container="StaticArray" arraySize="1">
          <containerEntry>8</containerEntry>
        </property>
        <property name="drawMode" type="Int32" container="StaticArray" arraySize="1">
          <containerEntry>0</containerEntry>
        </property>
        <property name="rejectFarRangeShadowCast" type="Int32" container="StaticArray" arraySize="1">
          <containerEntry>2</containerEntry>
        </property>
        <property name="parentLocator" type="EntityLink" container="StaticArray" arraySize="1">
          <containerEntry packagePathHash="0xB8A0BF169F98" archivePathHash="0xB8A0BF169F98" nameInArchiveHash="0xB8A0BF169F98">0x0</containerEntry>
        </property>
        <property name="transforms" type="Matrix4" container="DynamicArray" arraySize="3">
          <containerEntry r11="0.7921126" r12="0" r13="-0.6103747" r14="0" r21="0" r22="1" r23="0" r24="0" r31="0.6103747" r32="0" r33="0.7921126" r34="0" r41="242.80463" r42="374.94537" r43="825.44995" r44="1"></containerEntry>
          <containerEntry r11="0.8695499" r12="0" r13="0.49384484" r14="0" r21="0" r22="1" r23="0" r24="0" r31="-0.49384484" r32="0" r33="0.8695499" r34="0" r41="218.40756" r42="361.6556" r43="844.8455" r44="1"></containerEntry>
          <containerEntry r11="0.41010115" r12="-0.10027529" r13="0.9065105" r14="0" r21="0.04286787" r22="0.9949583" r23="0.09066585" r24="0" r31="-0.9110317" r32="0.0016780645" r33="0.41233212" r34="0" r41="212.49205" r42="377.30994" r43="810.2824" r44="1"></containerEntry>
        </property>
        <property name="colors" type="UInt32" container="DynamicArray" arraySize="3">
          <containerEntry>4294967295</containerEntry>
          <containerEntry>4294967295</containerEntry>
          <containerEntry>4294967295</containerEntry>
        </property>
      </staticProperties>
      <dynamicProperties></dynamicProperties>
    </entity>
    <entity class="StaticModelArray" classVersion="4" classID="0xD0" addr="0x317FC10" id="0x0">
      <staticProperties>
        <property name="name" type="String" container="StaticArray" arraySize="1">
          <containerEntry>StaticModelArray0008</containerEntry>
        </property>
        <property name="dataSet" type="EntityHandle" container="StaticArray" arraySize="1">
