<fox formatVersion="2" fileVersion="0">
  <entities>
    <entity class="DataSet" classVersion="0" classID="0xE8" addr="0x2F538F0" id="0x12FFDD0">
      <staticProperties>
        <property name="name" type="String" container="StaticArray" arraySize="1">
          <containerEntry hash="0xB8A0BF169F98"></containerEntry>
        </property>
        <property name="dataSet" type="EntityHandle" container="StaticArray" arraySize="1">
          <containerEntry>0x0</containerEntry>
        </property>
        <property name="dataList" type="EntityPtr" container="StringMap" arraySize="14">
          <containerEntry key="afgh_clff035_vrtn001_0002">
            <data>0x2D76D70</data>
          </containerEntry>
          <containerEntry key="StaticModelArray0000">
            <data>0x2D7C100</data>
          </containerEntry>
          <containerEntry key="StaticModelArray0001">
            <data>0x2D7C170</data>
          </containerEntry>
          <containerEntry key="StaticModelArray0002">
            <data>0x2D7BDF0</data>
          </containerEntry>
          <containerEntry key="StaticModelArray0003">
            <data>0x2D7BFB0</data>
          </containerEntry>
          <containerEntry key="StaticModelArray0004">
            <data>0x2D7B7D0</data>
          </containerEntry>
          <containerEntry key="StaticModelArray0005">
            <data>0x2D7B610</data>
          </containerEntry>
          <containerEntry key="StaticModelArray0006">
            <data>0x2D7B530</data>
          </containerEntry>
          <containerEntry key="StaticModelArray0007">
            <data>0x2D7BB50</data>
          </containerEntry>
          <containerEntry key="StaticModelArray0008">
            <data>0x2D7BBC0</data>
          </containerEntry>
          <containerEntry key="StaticModelArray0009">
            <data>0x2D78BA0</data>
          </containerEntry>
          <containerEntry key="StaticModelArray0010">
            <data>0x2D7B450</data>
          </containerEntry>
          <containerEntry key="StaticModelArray0011">
            <data>0x2D7B4C0</data>
          </containerEntry>
          <containerEntry key="TexturePackLoadConditioner0000">
            <data>0x2D7B760</data>
          </containerEntry>
        </property>
      </staticProperties>
      <dynamicProperties></dynamicProperties>
    </entity>
    <entity class="StaticModel" classVersion="9" classID="0x160" addr="0x2D76D70" id="0x12FFF0D">
      <staticProperties>
        <property name="name" type="String" container="StaticArray" arraySize="1">
          <containerEntry>afgh_clff035_vrtn001_0002</containerEntry>
        </property>
        <property name="dataSet" type="EntityHandle" container="StaticArray" arraySize="1">
          <containerEntry>0x2F538F0</containerEntry>
        </property>
        <property name="parent" type="EntityHandle" container="StaticArray" arraySize="1">
          <containerEntry>0x0</containerEntry>
        </property>
        <property name="transform" type="EntityPtr" container="StaticArray" arraySize="1">
          <containerEntry>0x2D76DE0</containerEntry>
        </property>
        <property name="shearTransform" type="EntityPtr" container="StaticArray" arraySize="1">
          <containerEntry>0x0</containerEntry>
        </property>
        <property name="pivotTransform" type="EntityPtr" container="StaticArray" arraySize="1">
          <containerEntry>0x0</containerEntry>
        </property>
        <property name="children" type="EntityHandle" container="List"></property>
        <property name="flags" type="UInt32" container="StaticArray" arraySize="1">
          <containerEntry>7</containerEntry>
        </property>
        <property name="modelFile" type="FilePtr" container="StaticArray" arraySize="1">
          <containerEntry>/Assets/tpp/environ/object/afghanistan/cliff/afgh_clff035/scenes/afgh_clff035_vrtn001_gen8.fmdl</containerEntry>
        </property>
        <property name="geomFile" type="FilePtr" container="StaticArray" arraySize="1">
          <containerEntry>/Assets/tpp/environ/object/afghanistan/cliff/afgh_clff035/scenes/afgh_clff035_vrtn001_gen8.geom</containerEntry>
        </property>
        <property name="isVisibleGeom" type="Bool" container="StaticArray" arraySize="1">
          <containerEntry>false</containerEntry>
        </property>
        <property name="isIsolated" type="Bool" container="StaticArray" arraySize="1">
          <containerEntry>false</containerEntry>
        </property>
        <property name="lodFarSize" type="Float" container="StaticArray" arraySize="1">
          <containerEntry>-1</containerEntry>
        </property>
        <property name="lodNearSize" type="Float" container="StaticArray" arraySize="1">
          <containerEntry>-1</containerEntry>
        </property>
        <property name="lodPolygonSize" type="Float" container="StaticArray" arraySize="1">
          <containerEntry>-1</containerEntry>
        </property>
        <property name="color" type="Color" container="StaticArray" arraySize="1">
          <containerEntry r="1" g="1" b="1" a="1"></containerEntry>
        </property>
        <property name="drawRejectionLevel" type="Int32" container="StaticArray" arraySize="1">
          <containerEntry>8</containerEntry>
        </property>
        <property name="drawMode" type="Int32" container="StaticArray" arraySize="1">
          <containerEntry>0</containerEntry>
        </property>
        <property name="rejectFarRangeShadowCast" type="Int32" container="StaticArray" arraySize="1">
          <containerEntry>2</containerEntry>
        </property>
      </staticProperties>
      <dynamicProperties></dynamicProperties>
    </entity>
    <entity class="TransformEntity" classVersion="0" classID="0x50" addr="0x2D76DE0" id="0x12FFF10">
      <staticProperties>
        <property name="owner" type="EntityHandle" container="StaticArray" arraySize="1">
          <containerEntry>0x2D76D70</containerEntry>
        </property>
        <property name="transform_scale" type="Vector3" container="StaticArray" arraySize="1">
          <containerEntry x="1" y="1" z="1" w="0"></containerEntry>
        </property>
        <property name="transform_rotation_quat" type="Quat" container="StaticArray" arraySize="1">
          <containerEntry x="0.065705" y="-0.73463" z="-0.046649" w="0.673664"></containerEntry>
        </property>
        <property name="transform_translation" type="Vector3" container="StaticArray" arraySize="1">
          <containerEntry x="1510.1803" y="412.71652" z="-361.92346" w="0"></containerEntry>
        </property>
      </staticProperties>
      <dynamicProperties></dynamicProperties>
    </entity>
    <entity class="StaticModelArray" classVersion="4" classID="0xD0" addr="0x2D7C100" id="0x0">
      <staticProperties>
        <property name="name" type="String" container="StaticArray" arraySize="1">
          <containerEntry>StaticModelArray0000</containerEntry>
        </property>
        <property name="dataSet" type="EntityHandle" container="StaticArray" arraySize="1">
          <containerEntry>0x2F538F0</containerEntry>
        </property>
        <property name="modelFile" type="FilePtr" container="StaticArray" arraySize="1">
          <containerEntry>/Assets/tpp/environ/object/afghanistan/cliff/afgh_clff035/scenes/afgh_clff035_vrtn002_gen8.fmdl</containerEntry>
        </property>
        <property name="geomFile" type="FilePtr" container="StaticArray" arraySize="1">
          <containerEntry>/Assets/tpp/environ/object/afghanistan/cliff/afgh_clff035/scenes/afgh_clff035_vrtn002_gen8.geom</containerEntry>
        </property>
        <property name="isVisibleGeom" type="Bool" container="StaticArray" arraySize="1">
          <containerEntry>false</containerEntry>
        </property>
        <property name="lodFarSize" type="Float" container="StaticArray" arraySize="1">
          <containerEntry>-1</containerEntry>
        </property>
        <property name="lodNearSize" type="Float" container="StaticArray" arraySize="1">
          <containerEntry>-1</containerEntry>
        </property>
        <property name="lodPolygonSize" type="Float" container="StaticArray" arraySize="1">
          <containerEntry>-1</containerEntry>
        </property>
        <property name="drawRejectionLevel" type="Int32" container="StaticArray" arraySize="1">
          <containerEntry>8</containerEntry>
        </property>
        <property name="drawMode" type="Int32" container="StaticArray" arraySize="1">
          <containerEntry>0</containerEntry>
        </property>
        <property name="rejectFarRangeShadowCast" type="Int32" container="StaticArray" arraySize="1">
          <containerEntry>2</containerEntry>
        </property>
        <property name="parentLocator" type="EntityLink" container="StaticArray" arraySize="1">
          <containerEntry packagePathHash="0xB8A0BF169F98" archivePathHash="0xB8A0BF169F98" nameInArchiveHash="0xB8A0BF169F98">0x0</containerEntry>
        </property>
        <property name="transforms" type="Matrix4" container="DynamicArray" arraySize="2">
          <containerEntry r11="-0.011564931" r12="-0.08275072" r13="0.99650043" r14="0" r21="-0.10679439" r22="0.99097204" r23="0.081051715" r24="0" r31="-0.99421114" r32="-0.10548336" r33="-0.020297825" r34="0" r41="1518.2502" r42="406.40613" r43="-288.33224" r44="1"></containerEntry>
          <containerEntry r11="0.56848496" r12="-0.10934114" r13="1.2445407" r14="0" r21="-0.030947909" r22="1.3656771" r23="0.1341197" r24="0" r31="-1.2489512" r32="-0.08360853" r33="0.563154" r34="0" r41="1534.0048" r42="418.85034" r43="-309.42413" r44="1"></containerEntry>
        </property>
        <property name="colors" type="UInt32" container="DynamicArray" arraySize="2">
          <containerEntry>4294967295</containerEntry>
          <containerEntry>4294967295</containerEntry>
        </property>
      </staticProperties>
      <dynamicProperties></dynamicProperties>
    </entity>
    <entity class="StaticModelArray" classVersion="4" classID="0xD0" addr="0x2D7C170" id="0x0">
      <staticProperties>
        <property name="name" type="String" container="StaticArray" arraySize="1">
          <containerEntry>StaticModelArray0001</containerEntry>
        </property>
        <property name="dataSet" type="EntityHandle" container="StaticArray" arraySize="1">
          <containerEntry>0x2F538F0</containerEntry>
        </property>
        <property name="modelFile" type="FilePtr" container="StaticArray" arraySize="1">
          <containerEntry>/Assets/tpp/environ/object/afghanistan/rock/afgh_rock001/scenes/afgh_rock001.fmdl</containerEntry>
        </property>
        <property name="geomFile" type="FilePtr" container="StaticArray" arraySize="1">
          <containerEntry>/Assets/tpp/environ/object/afghanistan/rock/afgh_rock001/scenes/afgh_rock001.geom</containerEntry>
        </property>
        <property name="isVisibleGeom" type="Bool" container="StaticArray" arraySize="1">
          <containerEntry>false</containerEntry>
        </property>
        <property name="lodFarSize" type="Float" container="StaticArray" arraySize="1">
          <containerEntry>-1</containerEntry>
        </property>
        <property name="lodNearSize" type="Float" container="StaticArray" arraySize="1">
          <containerEntry>-1</containerEntry>
        </property>
        <property name="lodPolygonSize" type="Float" container="StaticArray" arraySize="1">
          <containerEntry>-1</containerEntry>
        </property>
        <property name="drawRejectionLevel" type="Int32" container="StaticArray" arraySize="1">
          <containerEntry>8</containerEntry>
        </property>
        <property name="drawMode" type="Int32" container="StaticArray" arraySize="1">
          <containerEntry>0</containerEntry>
        </property>
        <property name="rejectFarRangeShadowCast" type="Int32" container="StaticArray" arraySize="1">
          <containerEntry>2</containerEntry>
        </property>
        <property name="parentLocator" type="EntityLink" container="StaticArray" arraySize="1">
          <containerEntry packagePathHash="0xB8A0BF169F98" archivePathHash="0xB8A0BF169F98" nameInArchiveHash="0xB8A0BF169F98">0x0</containerEntry>
        </property>
        <property name="transforms" type="Matrix4" container="DynamicArray" arraySize="11">
          <containerEntry r11="0.8457713" r12="-0.20869166" r13="0.49103794" r14="0" r21="-0.06331959" r22="0.87456644" r23="0.48075345" r24="0" r31="-0.52977455" r32="-0.4376997" r33="0.7264689" r34="0" r41="1480.8252" r42="401.9544" r43="-380.5429" r44="1"></containerEntry>
          <containerEntry r11="0.86428154" r12="0.34144476" r13="0.36936703" r14="0" r21="-0.3740748" r22="0.9272203" r23="0.018169753" r24="0" r31="-0.3362805" r32="-0.15387514" r33="0.9291057" r34="0" r41="1496.672" r42="399.99188" r43="-360.53143" r44="1"></containerEntry>
          <containerEntry r11="0.939675" r12="-0.120465085" r13="0.32015395" r14="0" r21="0.06266108" r22="0.98071945" r23="0.18510205" r24="0" r31="-0.33627963" r32="-0.15387443" r33="0.929106" r34="0" r41="1494" r42="397.9265" r43="-350" r44="1"></containerEntry>
          <containerEntry r11="0.939675" r12="-0.120465085" r13="0.32015395" r14="0" r21="0.06266108" r22="0.98071945" r23="0.18510205" r24="0" r31="-0.33627963" r32="-0.15387443" r33="0.929106" r34="0" r41="1482.4319" r42="396.22394" r43="-344.63467" r44="1"></containerEntry>
          <containerEntry r11="0.9224569" r12="-0.11490303" r13="-0.3686053" r14="0" r21="0.2035284" r22="0.95598775" r23="0.2113369" r24="0" r31="0.32809868" r32="-0.26997107" r33="0.90524364" r34="0" r41="1488" r42="394.5049" r43="-310" r44="1"></containerEntry>
          <containerEntry r11="0.92245656" r12="-0.11490335" r13="-0.3686062" r14="0" r21="0.10824313" r22="0.993368" r23="-0.0387723" r24="0" r31="0.37061673" r32="-0.004133476" r33="0.92877644" r34="0" r41="1482.763" r42="392.74045" r43="-294.7765" r44="1"></containerEntry>
          <containerEntry r11="0.93492424" r12="0.2299135" r13="-0.27028847" r14="0" r21="-0.3341271" r22="0.82686" r23="-0.45239395" r24="0" r31="0.11947872" r32="0.513265" r33="0.8498722" r34="0" r41="1460" r42="390.59912" r43="-272" r44="1"></containerEntry>
          <containerEntry r11="0.822183" r12="0.4331497" r13="0.36931726" r14="0" r21="-0.45927036" r22="0.8880897" r23="-0.019147702" r24="0" r31="-0.33628055" r32="-0.15387413" r33="0.9291058" r34="0" r41="1510.0726" r42="407.11908" r43="-311.7653" r44="1"></containerEntry>
          <containerEntry r11="0.93492436" r12="0.22991362" r13="-0.27028817" r14="0" r21="-0.28410807" r22="0.94136363" r23="-0.18197986" r24="0" r31="0.21259956" r32="0.24692872" r33="0.9454244" r34="0" r41="1504.2285" r42="399.62726" r43="-317.8626" r44="1"></containerEntry>
          <containerEntry r11="0.93492436" r12="0.22991362" r13="-0.27028817" r14="0" r21="-0.28410807" r22="0.94136363" r23="-0.18197986" r24="0" r31="0.21259956" r32="0.24692872" r33="0.9454244" r34="0" r41="1492.9259" r42="395.47745" r43="-285.4485" r44="1"></containerEntry>
          <containerEntry r11="0.7772335" r12="-0.40952075" r13="-0.477701" r14="0" r21="-0.52704245" r22="-0.8384242" r23="-0.1387426" r24="0" r31="-0.3437029" r32="0.3596054" r33="-0.8674851" r34="0" r41="1478" r42="393.0849" r43="-302" r44="1"></containerEntry>
        </property>
        <property name="colors" type="UInt32" container="DynamicArray" arraySize="11">
          <containerEntry>4294967295</containerEntry>
          <containerEntry>4294967295</containerEntry>
          <containerEntry>4294967295</containerEntry>
          <containerEntry>4294967295</containerEntry>
          <containerEntry>4294967295</containerEntry>
          <containerEntry>4294967295</containerEntry>
          <containerEntry>4294967295</containerEntry>
          <containerEntry>4294967295</containerEntry>
          <containerEntry>4294967295</containerEntry>
          <containerEntry>4294967295</containerEntry>
          <containerEntry>4294967295</containerEntry>
        </property>
      </staticProperties>
      <dynamicProperties></dynamicProperties>
    </entity>
    <entity class="StaticModelArray" classVersion="4" classID="0xD0" addr="0x2D7BDF0" id="0x0">
      <staticProperties>
        <property name="name" type="String" container="StaticArray" arraySize="1">
          <containerEntry>StaticModelArray0002</containerEntry>
        </property>
        <property name="dataSet" type="EntityHandle" container="StaticArray" arraySize="1">
          <containerEntry>0x2F538F0</containerEntry>
        </property>
        <property name="modelFile" type="FilePtr" container="StaticArray" arraySize="1">
          <containerEntry>/Assets/tpp/environ/object/afghanistan/cliff/afgh_clff022/scenes/afgh_clff022_vrtn004.fmdl</containerEntry>
        </property>
        <property name="geomFile" type="FilePtr" container="StaticArray" arraySize="1">
          <containerEntry>/Assets/tpp/environ/object/afghanistan/cliff/afgh_clff022/scenes/afgh_clff022_vrtn004.geom</containerEntry>
        </property>
        <property name="isVisibleGeom" type="Bool" container="StaticArray" arraySize="1">
          <containerEntry>false</containerEntry>
        </property>
        <property name="lodFarSize" type="Float" container="StaticArray" arraySize="1">
          <containerEntry>-1</containerEntry>
        </property>
        <property name="lodNearSize" type="Float" container="StaticArray" arraySize="1">
          <containerEntry>-1</containerEntry>
        </property>
        <property name="lodPolygonSize" type="Float" container="StaticArray" arraySize="1">
          <containerEntry>-1</containerEntry>
        </property>
        <property name="drawRejectionLevel" type="Int32" container="StaticArray" arraySize="1">
          <containerEntry>8</containerEntry>
        </property>
        <property name="drawMode" type="Int32" container="StaticArray" arraySize="1">
          <containerEntry>0</containerEntry>
        </property>
        <property name="rejectFarRangeShadowCast" type="Int32" container="StaticArray" arraySize="1">
          <containerEntry>2</containerEntry>
        </property>
        <property name="parentLocator" type="EntityLink" container="StaticArray" arraySize="1">
          <containerEntry packagePathHash="0xB8A0BF169F98" archivePathHash="0xB8A0BF169F98" nameInArchiveHash="0xB8A0BF169F98">0x0</containerEntry>
        </property>
        <property name="transforms" type="Matrix4" container="DynamicArray" arraySize="5">
          <containerEntry r11="0.055718422" r12="0" r13="-0.9984449" r14="0" r21="0" r22="1" r23="0" r24="0" r31="0.9984449" r32="0" r33="0.055718422" r34="0" r41="1458.9706" r42="403.51288" r43="-297.5349" r44="1"></containerEntry>
          <containerEntry r11="-0.89279276" r12="0.14758956" r13="-0.42559928" r14="0" r21="0.12560406" r22="0.9888944" r23="0.07944523" r24="0" r31="0.432598" r32="0.017471224" r33="-0.9014156" r34="0" r41="1446.299" r42="407.4223" r43="-323.11627" r44="1"></containerEntry>
          <containerEntry r11="0.09648526" r12="0" r13="0.9953329" r14="0" r21="0" r22="1" r23="0" r24="0" r31="-0.9953329" r32="0" r33="0.09648526" r34="0" r41="1513.8679" r42="400.31665" r43="-256.42056" r44="1"></containerEntry>
          <containerEntry r11="0.2335442" r12="0.00039466564" r13="-0.9723445" r14="0" r21="0.0007716322" r22="0.9999996" r23="0.0005912239" r24="0" r31="0.9723443" r32="-0.0008883698" r33="0.23354381" r34="0" r41="1442.434" r42="413.623" r43="-337.92026" r44="1"></containerEntry>
          <containerEntry r11="-0.84943765" r12="0.00096698257" r13="-0.5276789" r14="0" r21="0.00077163184" r22="0.9999995" r23="0.00059036736" r24="0" r31="0.52767926" r32="9.43082e-05" r33="-0.849438" r34="0" r41="1428.4304" r42="417.37036" r43="-373.07077" r44="1"></containerEntry>
        </property>
        <property name="colors" type="UInt32" container="DynamicArray" arraySize="5">
          <containerEntry>4294967295</containerEntry>
          <containerEntry>4294967295</containerEntry>
          <containerEntry>4294967295</containerEntry>
          <containerEntry>4294967295</containerEntry>
          <containerEntry>4294967295</containerEntry>
        </property>
      </staticProperties>
      <dynamicProperties></dynamicProperties>
    </entity>
    <entity class="StaticModelArray" classVersion="4" classID="0xD0" addr="0x2D7BFB0" id="0x0">
      <staticProperties>
        <property name="name" type="String" container="StaticArray" arraySize="1">
          <containerEntry>StaticModelArray0003</containerEntry>
        </property>
        <property name="dataSet" type="EntityHandle" container="StaticArray" arraySize="1">
          <containerEntry>0x2F538F0</containerEntry>
        </property>
        <property name="modelFile" type="FilePtr" container="StaticArray" arraySize="1">
          <containerEntry>/Assets/tpp/environ/object/afghanistan/cliff/afgh_clff025/scenes/afgh_clff025.fmdl</containerEntry>
        </property>
        <property name="geomFile" type="FilePtr" container="StaticArray" arraySize="1">
          <containerEntry>/Assets/tpp/environ/object/afghanistan/cliff/afgh_clff025/scenes/afgh_clff025.geom</containerEntry>
        </property>
        <property name="isVisibleGeom" type="Bool" container="StaticArray" arraySize="1">
          <containerEntry>false</containerEntry>
        </property>
        <property name="lodFarSize" type="Float" container="StaticArray" arraySize="1">
          <containerEntry>-1</containerEntry>
        </property>
        <property name="lodNearSize" type="Float" container="StaticArray" arraySize="1">
          <containerEntry>-1</containerEntry>
        </property>
        <property name="lodPolygonSize" type="Float" container="StaticArray" arraySize="1">
          <containerEntry>-1</containerEntry>
        </property>
        <property name="drawRejectionLevel" type="Int32" container="StaticArray" arraySize="1">
          <containerEntry>8</containerEntry>
        </property>
        <property name="drawMode" type="Int32" container="StaticArray" arraySize="1">
          <containerEntry>0</containerEntry>
        </property>
        <property name="rejectFarRangeShadowCast" type="Int32" container="StaticArray" arraySize="1">
          <containerEntry>2</containerEntry>
        </property>
        <property name="parentLocator" type="EntityLink" container="StaticArray" arraySize="1">
          <containerEntry packagePathHash="0xB8A0BF169F98" archivePathHash="0xB8A0BF169F98" nameInArchiveHash="0xB8A0BF169F98">0x0</containerEntry>
        </property>
        <property name="transforms" type="Matrix4" container="DynamicArray" arraySize="5">
          <containerEntry r11="-0.3070249" r12="-0.05594534" r13="0.9500513" r14="0" r21="-0.020027589" r22="0.9984294" r23="0.05232166" r24="0" r31="-0.95148635" r32="-0.0029630251" r33="-0.30766314" r34="0" r41="1478.5834" r42="391.41757" r43="-275.91006" r44="1"></containerEntry>
          <containerEntry r11="0.30322054" r12="-0.009369072" r13="0.95287263" r14="0" r21="-0.10016653" r22="0.9940986" r23="0.041648876" r24="0" r31="-0.9476396" r32="-0.10807489" r33="0.30049264" r34="0" r41="1505.8591" r42="396.9118" r43="-307.70486" r44="1"></containerEntry>
          <containerEntry r11="-0.6844949" r12="-0.05247453" r13="0.7271219" r14="0" r21="-0.012113256" r22="0.99808705" r23="0.060626082" r24="0" r31="-0.7289123" r32="0.032690622" r33="-0.68382114" r34="0" r41="1484.127" r42="392.13318" r43="-284.4275" r44="1"></containerEntry>
          <containerEntry r11="0.6904727" r12="0.03273898" r13="-0.7226157" r14="0" r21="-0.13056536" r22="0.98820794" r23="-0.07998522" r24="0" r31="0.71147597" r32="0.14957643" r33="0.6866052" r34="0" r41="1430.2948" r42="405.0349" r43="-270.2508" r44="1"></containerEntry>
          <containerEntry r11="-0.73615426" r12="-0.07199231" r13="-0.6729687" r14="0" r21="-0.14753844" r22="0.9874836" r23="0.055753373" r24="0" r31="0.6605317" r32="0.14033222" r33="-0.7375619" r34="0" r41="1444.3458" r42="406.6031" r43="-377.85278" r44="1"></containerEntry>
        </property>
        <property name="colors" type="UInt32" container="DynamicArray" arraySize="5">
          <containerEntry>4294967295</containerEntry>
          <containerEntry>4294967295</containerEntry>
          <containerEntry>4294967295</containerEntry>
          <containerEntry>4294967295</containerEntry>
          <containerEntry>4294967295</containerEntry>
        </property>
      </staticProperties>
      <dynamicProperties></dynamicProperties>
    </entity>
    <entity class="StaticModelArray" classVersion="4" classID="0xD0" addr="0x2D7B7D0" id="0x0">
      <staticProperties>
        <property name="name" type="String" container="StaticArray" arraySize="1">
          <containerEntry>StaticModelArray0004</containerEntry>
        </property>
        <property name="dataSet" type="EntityHandle" container="StaticArray" arraySize="1">
          <containerEntry>0x2F538F0</containerEntry>
        </property>
        <property name="modelFile" type="FilePtr" container="StaticArray" arraySize="1">
          <containerEntry>/Assets/tpp/environ/object/afghanistan/rock/afgh_rock010/scenes/afgh_rock010.fmdl</containerEntry>
        </property>
        <property name="geomFile" type="FilePtr" container="StaticArray" arraySize="1">
          <containerEntry>/Assets/tpp/environ/object/afghanistan/rock/afgh_rock010/scenes/afgh_rock010.geom</containerEntry>
        </property>
        <property name="isVisibleGeom" type="Bool" container="StaticArray" arraySize="1">
          <containerEntry>false</containerEntry>
        </property>
        <property name="lodFarSize" type="Float" container="StaticArray" arraySize="1">
          <containerEntry>-1</containerEntry>
        </property>
        <property name="lodNearSize" type="Float" container="StaticArray" arraySize="1">
          <containerEntry>-1</containerEntry>
        </property>
        <property name="lodPolygonSize" type="Float" container="StaticArray" arraySize="1">
          <containerEntry>-1</containerEntry>
        </property>
        <property name="drawRejectionLevel" type="Int32" container="StaticArray" arraySize="1">
          <containerEntry>8</containerEntry>
        </property>
        <property name="drawMode" type="Int32" container="StaticArray" arraySize="1">
          <containerEntry>0</containerEntry>
        </property>
        <property name="rejectFarRangeShadowCast" type="Int32" container="StaticArray" arraySize="1">
          <containerEntry>2</containerEntry>
        </property>
        <property name="parentLocator" type="EntityLink" container="StaticArray" arraySize="1">
          <containerEntry packagePathHash="0xB8A0BF169F98" archivePathHash="0xB8A0BF169F98" nameInArchiveHash="0xB8A0BF169F98">0x0</containerEntry>
        </property>
        <property name="transforms" type="Matrix4" container="DynamicArray" arraySize="6">
          <containerEntry r11="-1.4846884" r12="0.31722748" r13="-0.0020961426" r14="0" r21="0.30739588" r22="1.4361387" r23="-0.3846666" r24="0" r31="-0.078392886" r32="-0.37659967" r33="-1.468661" r34="0" r41="1422.7219" r42="415.99402" r43="-374.37524" r44="1"></containerEntry>
          <containerEntry r11="-0.6474501" r12="0.10280639" r13="-1.0126221" r14="0" r21="-0.24452692" r22="1.1492767" r23="0.27302617" r24="0" r31="0.98801786" r32="0.35180613" r33="-0.59600145" r34="0" r41="1480.9832" r42="390.99512" r43="-262.0995" r44="1"></containerEntry>
          <containerEntry r11="-0.0003852196" r12="-0.28018928" r13="1.9096425" r14="0" r21="-0.16977853" r22="1.9022456" r23="0.27906957" r24="0" r31="-1.9226066" r32="-0.16792424" r33="-0.025026295" r34="0" r41="1448.0157" r42="399.2113" r43="-275.86847" r44="1"></containerEntry>
          <containerEntry r11="-0.5020363" r12="0.13608846" r13="-1.4312861" r14="0" r21="0.08388619" r22="1.5162275" r23="0.11474066" r24="0" r31="1.4352919" r32="-0.041015193" r33="-0.5073411" r34="0" r41="1427.3876" r42="411.06424" r43="-302" r44="1"></containerEntry>
          <containerEntry r11="-0.14361031" r12="0.27406088" r13="-1.49111" r14="0" r21="-0.25500953" r22="1.4720802" r23="0.2951235" r24="0" r31="1.4944861" r32="0.27752182" r33="-0.09292794" r34="0" r41="1411.9489" r42="419.59714" r43="-350.9845" r44="1"></containerEntry>
          <containerEntry r11="1.3696617" r12="-0.21398373" r13="-0.630385" r14="0" r21="0.32038406" r22="1.4759533" r23="0.19509919" r24="0" r31="0.58354807" r32="-0.3080919" r33="1.3724791" r34="0" r41="1414.9447" r42="412.99432" r43="-302" r44="1"></containerEntry>
        </property>
        <property name="colors" type="UInt32" container="DynamicArray" arraySize="6">
          <containerEntry>4294967295</containerEntry>
          <containerEntry>4294967295</containerEntry>
          <containerEntry>4294967295</containerEntry>
          <containerEntry>4294967295</containerEntry>
          <containerEntry>4294967295</containerEntry>
          <containerEntry>4294967295</containerEntry>
        </property>
      </staticProperties>
      <dynamicProperties></dynamicProperties>
    </entity>
    <entity class="StaticModelArray" classVersion="4" classID="0xD0" addr="0x2D7B610" id="0x0">
      <staticProperties>
        <property name="name" type="String" container="StaticArray" arraySize="1">
          <containerEntry>StaticModelArray0005</containerEntry>
        </property>
        <property name="dataSet" type="EntityHandle" container="StaticArray" arraySize="1">
          <containerEntry>0x2F538F0</containerEntry>
        </property>
        <property name="modelFile" type="FilePtr" container="StaticArray" arraySize="1">
          <containerEntry>/Assets/tpp/environ/object/afghanistan/cliff/afgh_clff022/scenes/afgh_clff022_vrtn002.fmdl</containerEntry>
        </property>
        <property name="geomFile" type="FilePtr" container="StaticArray" arraySize="1">
          <containerEntry>/Assets/tpp/environ/object/afghanistan/cliff/afgh_clff022/scenes/afgh_clff022_vrtn002.geom</containerEntry>
        </property>
        <property name="isVisibleGeom" type="Bool" container="StaticArray" arraySize="1">
          <containerEntry>false</containerEntry>
        </property>
        <property name="lodFarSize" type="Float" container="StaticArray" arraySize="1">
          <containerEntry>-1</containerEntry>
        </property>
        <property name="lodNearSize" type="Float" container="StaticArray" arraySize="1">
          <containerEntry>-1</containerEntry>
        </property>
        <property name="lodPolygonSize" type="Float" container="StaticArray" arraySize="1">
          <containerEntry>-1</containerEntry>
        </property>
        <property name="drawRejectionLevel" type="Int32" container="StaticArray" arraySize="1">
          <containerEntry>8</containerEntry>
        </property>
        <property name="drawMode" type="Int32" container="StaticArray" arraySize="1">
          <containerEntry>0</containerEntry>
        </property>
        <property name="rejectFarRangeShadowCast" type="Int32" container="StaticArray" arraySize="1">
          <containerEntry>2</containerEntry>
        </property>
        <property name="parentLocator" type="EntityLink" container="StaticArray" arraySize="1">
          <containerEntry packagePathHash="0xB8A0BF169F98" archivePathHash="0xB8A0BF169F98" nameInArchiveHash="0xB8A0BF169F98">0x0</containerEntry>
        </property>
        <property name="transforms" type="Matrix4" container="DynamicArray" arraySize="2">
          <containerEntry r11="0.46149468" r12="0.02301451" r13="-0.8868444" r14="0" r21="0.078930855" r22="0.9946337" r23="0.06688567" r24="0" r31="0.8836247" r32="-0.10086677" r33="0.4572016" r34="0" r41="1448.7415" r42="400.78897" r43="-269.9522" r44="1"></containerEntry>
          <containerEntry r11="0.23647088" r12="0" r13="0.97163796" r14="0" r21="0" r22="1" r23="0" r24="0" r31="-0.97163796" r32="0" r33="0.23647088" r34="0" r41="1514.0734" r42="405.6003" r43="-324.83548" r44="1"></containerEntry>
        </property>
        <property name="colors" type="UInt32" container="DynamicArray" arraySize="2">
          <containerEntry>4294967295</containerEntry>
          <containerEntry>4294967295</containerEntry>
        </property>
      </staticProperties>
      <dynamicProperties></dynamicProperties>
    </entity>
    <entity class="StaticModelArray" classVersion="4" classID="0xD0" addr="0x2D7B530" id="0x0">
      <staticProperties>
        <property name="name" type="String" container="StaticArray" arraySize="1">
          <containerEntry>StaticModelArray0006</containerEntry>
        </property>
        <property name="dataSet" type="EntityHandle" container="StaticArray" arraySize="1">
          <containerEntry>0x2F538F0</containerEntry>
        </property>
        <property name="modelFile" type="FilePtr" container="StaticArray" arraySize="1">
          <containerEntry>/Assets/tpp/environ/object/afghanistan/cliff/afgh_clff022/scenes/afgh_clff022_vrtn001.fmdl</containerEntry>
        </property>
        <property name="geomFile" type="FilePtr" container="StaticArray" arraySize="1">
          <containerEntry>/Assets/tpp/environ/object/afghanistan/cliff/afgh_clff022/scenes/afgh_clff022_vrtn001.geom</containerEntry>
        </property>
        <property name="isVisibleGeom" type="Bool" container="StaticArray" arraySize="1">
          <containerEntry>false</containerEntry>
        </property>
        <property name="lodFarSize" type="Float" container="StaticArray" arraySize="1">
          <containerEntry>-1</containerEntry>
        </property>
        <property name="lodNearSize" type="Float" container="StaticArray" arraySize="1">
          <containerEntry>-1</containerEntry>
        </property>
        <property name="lodPolygonSize" type="Float" container="StaticArray" arraySize="1">
          <containerEntry>-1</containerEntry>
        </property>
        <property name="drawRejectionLevel" type="Int32" container="StaticArray" arraySize="1">
          <containerEntry>8</containerEntry>
        </property>
        <property name="drawMode" type="Int32" container="StaticArray" arraySize="1">
          <containerEntry>0</containerEntry>
        </property>
        <property name="rejectFarRangeShadowCast" type="Int32" container="StaticArray" arraySize="1">
          <containerEntry>2</containerEntry>
        </property>
        <property name="parentLocator" type="EntityLink" container="StaticArray" arraySize="1">
          <containerEntry packagePathHash="0xB8A0BF169F98" archivePathHash="0xB8A0BF169F98" nameInArchiveHash="0xB8A0BF169F98">0x0</containerEntry>
        </property>
        <property name="transforms" type="Matrix4" container="DynamicArray" arraySize="3">
          <containerEntry r11="-0.2505015" r12="0" r13="-0.96811515" r14="0" r21="0" r22="1" r23="0" r24="0" r31="0.96811515" r32="0" r33="-0.2505015" r34="0" r41="1512.0365" r42="403.75372" r43="-268.98877" r44="1"></containerEntry>
          <containerEntry r11="0.46257675" r12="0" r13="-0.8865782" r14="0" r21="0" r22="1" r23="0" r24="0" r31="0.8865782" r32="0" r33="0.46257675" r34="0" r41="1449.3491" r42="416.2189" r43="-360.34845" r44="1"></containerEntry>
          <containerEntry r11="0.7296846" r12="0" r13="0.6837831" r14="0" r21="0" r22="1" r23="0" r24="0" r31="-0.6837831" r32="0" r33="0.7296846" r34="0" r41="1428.6974" r42="421.24725" r43="-317.9687" r44="1"></containerEntry>
        </property>
        <property name="colors" type="UInt32" container="DynamicArray" arraySize="3">
          <containerEntry>4294967295</containerEntry>
          <containerEntry>4294967295</containerEntry>
          <containerEntry>4294967295</containerEntry>
        </property>
      </staticProperties>
      <dynamicProperties></dynamicProperties>
    </entity>
    <entity class="StaticModelArray" classVersion="4" classID="0xD0" addr="0x2D7BB50" id="0x0">
      <staticProperties>
        <property name="name" type="String" container="StaticArray" arraySize="1">
          <containerEntry>StaticModelArray0007</containerEntry>
        </property>
        <property name="dataSet" type="EntityHandle" container="StaticArray" arraySize="1">
          <containerEntry>0x2F538F0</containerEntry>
        </property>
        <property name="modelFile" type="FilePtr" container="StaticArray" arraySize="1">
          <containerEntry>/Assets/tpp/environ/object/afghanistan/cliff/afgh_clff007/scenes/afgh_clff007.fmdl</containerEntry>
        </property>
        <property name="geomFile" type="FilePtr" container="StaticArray" arraySize="1">
          <containerEntry>/Assets/tpp/environ/object/afghanistan/cliff/afgh_clff007/scenes/afgh_clff007.geom</containerEntry>
        </property>
        <property name="isVisibleGeom" type="Bool" container="StaticArray" arraySize="1">
          <containerEntry>false</containerEntry>
        </property>
        <property name="lodFarSize" type="Float" container="StaticArray" arraySize="1">
          <containerEntry>-1</containerEntry>
        </property>
        <property name="lodNearSize" type="Float" container="StaticArray" arraySize="1">
          <containerEntry>-1</containerEntry>
        </property>
        <property name="lodPolygonSize" type="Float" container="StaticArray" arraySize="1">
          <containerEntry>-1</containerEntry>
        </property>
        <property name="drawRejectionLevel" type="Int32" container="StaticArray" arraySize="1">
          <containerEntry>8</containerEntry>
        </property>
        <property name="drawMode" type="Int32" container="StaticArray" arraySize="1">
          <containerEntry>0</containerEntry>
        </property>
        <property name="rejectFarRangeShadowCast" type="Int32" container="StaticArray" arraySize="1">
          <containerEntry>2</containerEntry>
        </property>
        <property name="parentLocator" type="EntityLink" container="StaticArray" arraySize="1">
          <containerEntry packagePathHash="0xB8A0BF169F98" archivePathHash="0xB8A0BF169F98" nameInArchiveHash="0xB8A0BF169F98">0x0</containerEntry>
        </property>
        <property name="transforms" type="Matrix4" container="DynamicArray" arraySize="4">
          <containerEntry r11="0.60797876" r12="-0.07399636" r13="0.7904978" r14="0" r21="-0.09792108" r22="0.9810574" r23="0.1671462" r24="0" r31="-0.78789186" r32="-0.17902774" r33="0.5892163" r34="0" r41="1483.4645" r42="400.06717" r43="-376.6173" r44="1"></containerEntry>
          <containerEntry r11="0.07474643" r12="-0.17008461" r13="0.98259014" r14="0" r21="-0.1069362" r22="0.9782979" r23="0.17747623" r24="0" r31="-0.9914519" r32="-0.118340135" r33="0.05493605" r34="0" r41="1488.6012" r42="399.19553" r43="-367.2903" r44="1"></containerEntry>
          <containerEntry r11="0.20745315" r12="-0.055312652" r13="0.9766798" r14="0" r21="-0.10784049" r22="0.99102193" r23="0.079030894" r24="0" r31="-0.9722825" r32="-0.12172084" r33="0.19962567" r34="0" r41="1491.7937" r42="395.54498" r43="-325.29837" r44="1"></containerEntry>
          <containerEntry r11="-0.48253775" r12="-0.017186856" r13="0.8757077" r14="0" r21="-0.035811447" r22="0.9993586" r23="-0.000119339675" r24="0" r31="-0.87514395" r32="-0.03141792" r33="-0.4828437" r34="0" r41="1493.8899" r42="396.01587" r43="-337.1969" r44="1"></containerEntry>
        </property>
        <property name="colors" type="UInt32" container="DynamicArray" arraySize="4">
          <containerEntry>4294967295</containerEntry>
          <containerEntry>4294967295</containerEntry>
          <containerEntry>4294967295</containerEntry>
          <containerEntry>4294967295</containerEntry>
        </property>
      </staticProperties>
      <dynamicProperties></dynamicProperties>
    </entity>
    <entity class="StaticModelArray" classVersion="4" classID="0xD0" addr="0x2D7BBC0" id="0x0">
      <staticProperties>
