<fox formatVersion="2" fileVersion="0">
  <entities>
    <entity class="DataSet" classVersion="0" classID="0xE8" addr="0x2EF1F90" id="0x1281938">
      <staticProperties>
        <property name="name" type="String" container="StaticArray" arraySize="1">
          <containerEntry hash="0xB8A0BF169F98"></containerEntry>
        </property>
        <property name="dataSet" type="EntityHandle" container="StaticArray" arraySize="1">
          <containerEntry>0x0</containerEntry>
        </property>
        <property name="dataList" type="EntityPtr" container="StringMap" arraySize="8">
          <containerEntry key="mafr_tree031_vrtn005_0000">
            <data>0x2D774E0</data>
          </containerEntry>
          <containerEntry key="StaticModelArray0000">
            <data>0x2D7A7A0</data>
          </containerEntry>
          <containerEntry key="StaticModelArray0001">
            <data>0x2D7A810</data>
          </containerEntry>
          <containerEntry key="StaticModelArray0002">
            <data>0x2D7A8F0</data>
          </containerEntry>
          <containerEntry key="StaticModelArray0003">
            <data>0x2D7A880</data>
          </containerEntry>
          <containerEntry key="StaticModelArray0004">
            <data>0x2D7A110</data>
          </containerEntry>
          <containerEntry key="StaticModelArray0005">
            <data>0x2D7A1F0</data>
          </containerEntry>
          <containerEntry key="TexturePackLoadConditioner0000">
            <data>0x2D7AEA0</data>
          </containerEntry>
        </property>
      </staticProperties>
      <dynamicProperties></dynamicProperties>
    </entity>
    <entity class="StaticModel" classVersion="9" classID="0x160" addr="0x2D774E0" id="0x1281A5F">
      <staticProperties>
        <property name="name" type="String" container="StaticArray" arraySize="1">
          <containerEntry>mafr_tree031_vrtn005_0000</containerEntry>
        </property>
        <property name="dataSet" type="EntityHandle" container="StaticArray" arraySize="1">
          <containerEntry>0x2EF1F90</containerEntry>
        </property>
        <property name="parent" type="EntityHandle" container="StaticArray" arraySize="1">
          <containerEntry>0x0</containerEntry>
        </property>
        <property name="transform" type="EntityPtr" container="StaticArray" arraySize="1">
          <containerEntry>0x2D77550</containerEntry>
        </property>
        <property name="shearTransform" type="EntityPtr" container="StaticArray" arraySize="1">
          <containerEntry>0x0</containerEntry>
        </property>
        <property name="pivotTransform" type="EntityPtr" container="StaticArray" arraySize="1">
          <containerEntry>0x0</containerEntry>
        </property>
        <property name="children" type="EntityHandle" container="List"></property>
        <property name="flags" type="UInt32" container="StaticArray" arraySize="1">
          <containerEntry>7</containerEntry>
        </property>
        <property name="modelFile" type="FilePtr" container="StaticArray" arraySize="1">
          <containerEntry>/Assets/tpp/environ/object/middle_africa/tree/mafr_tree031/scenes/mafr_tree031_vrtn005.fmdl</containerEntry>
        </property>
        <property name="geomFile" type="FilePtr" container="StaticArray" arraySize="1">
          <containerEntry>/Assets/tpp/environ/object/middle_africa/tree/mafr_tree031/scenes/mafr_tree031_vrtn005.geom</containerEntry>
        </property>
        <property name="isVisibleGeom" type="Bool" container="StaticArray" arraySize="1">
          <containerEntry>false</containerEntry>
        </property>
        <property name="isIsolated" type="Bool" container="StaticArray" arraySize="1">
          <containerEntry>false</containerEntry>
        </property>
        <property name="lodFarSize" type="Float" container="StaticArray" arraySize="1">
          <containerEntry>-1</containerEntry>
        </property>
        <property name="lodNearSize" type="Float" container="StaticArray" arraySize="1">
          <containerEntry>-1</containerEntry>
        </property>
        <property name="lodPolygonSize" type="Float" container="StaticArray" arraySize="1">
          <containerEntry>-1</containerEntry>
        </property>
        <property name="color" type="Color" container="StaticArray" arraySize="1">
          <containerEntry r="1" g="1" b="1" a="1"></containerEntry>
        </property>
        <property name="drawRejectionLevel" type="Int32" container="StaticArray" arraySize="1">
          <containerEntry>8</containerEntry>
        </property>
        <property name="drawMode" type="Int32" container="StaticArray" arraySize="1">
          <containerEntry>0</containerEntry>
        </property>
        <property name="rejectFarRangeShadowCast" type="Int32" container="StaticArray" arraySize="1">
          <containerEntry>2</containerEntry>
        </property>
      </staticProperties>
      <dynamicProperties></dynamicProperties>
    </entity>
    <entity class="TransformEntity" classVersion="0" classID="0x50" addr="0x2D77550" id="0x1281A62">
      <staticProperties>
        <property name="owner" type="EntityHandle" container="StaticArray" arraySize="1">
          <containerEntry>0x2D774E0</containerEntry>
        </property>
        <property name="transform_scale" type="Vector3" container="StaticArray" arraySize="1">
          <containerEntry x="1" y="1" z="1" w="0"></containerEntry>
        </property>
        <property name="transform_rotation_quat" type="Quat" container="StaticArray" arraySize="1">
          <containerEntry x="0" y="0" z="0" w="1"></containerEntry>
        </property>
        <property name="transform_translation" type="Vector3" container="StaticArray" arraySize="1">
          <containerEntry x="2338.34" y="122.10336" z="-1620.7308" w="0"></containerEntry>
        </property>
      </staticProperties>
      <dynamicProperties></dynamicProperties>
    </entity>
    <entity class="StaticModelArray" classVersion="4" classID="0xD0" addr="0x2D7A7A0" id="0x0">
      <staticProperties>
        <property name="name" type="String" container="StaticArray" arraySize="1">
          <containerEntry>StaticModelArray0000</containerEntry>
        </property>
        <property name="dataSet" type="EntityHandle" container="StaticArray" arraySize="1">
          <containerEntry>0x2EF1F90</containerEntry>
        </property>
        <property name="modelFile" type="FilePtr" container="StaticArray" arraySize="1">
          <containerEntry>/Assets/tpp/environ/object/middle_africa/tree/mafr_tree031/scenes/mafr_tree031.fmdl</containerEntry>
        </property>
        <property name="geomFile" type="FilePtr" container="StaticArray" arraySize="1">
          <containerEntry>/Assets/tpp/environ/object/middle_africa/tree/mafr_tree031/scenes/mafr_tree031.geom</containerEntry>
        </property>
        <property name="isVisibleGeom" type="Bool" container="StaticArray" arraySize="1">
          <containerEntry>false</containerEntry>
        </property>
        <property name="lodFarSize" type="Float" container="StaticArray" arraySize="1">
          <containerEntry>-1</containerEntry>
        </property>
        <property name="lodNearSize" type="Float" container="StaticArray" arraySize="1">
          <containerEntry>-1</containerEntry>
        </property>
        <property name="lodPolygonSize" type="Float" container="StaticArray" arraySize="1">
          <containerEntry>-1</containerEntry>
        </property>
        <property name="drawRejectionLevel" type="Int32" container="StaticArray" arraySize="1">
          <containerEntry>8</containerEntry>
        </property>
        <property name="drawMode" type="Int32" container="StaticArray" arraySize="1">
          <containerEntry>0</containerEntry>
        </property>
        <property name="rejectFarRangeShadowCast" type="Int32" container="StaticArray" arraySize="1">
          <containerEntry>2</containerEntry>
        </property>
        <property name="parentLocator" type="EntityLink" container="StaticArray" arraySize="1">
          <containerEntry packagePathHash="0xB8A0BF169F98" archivePathHash="0xB8A0BF169F98" nameInArchiveHash="0xB8A0BF169F98">0x0</containerEntry>
        </property>
        <property name="transforms" type="Matrix4" container="DynamicArray" arraySize="6">
          <containerEntry r11="0.59949195" r12="0.037866592" r13="-1.3744711" r14="0" r21="-0.018012337" r22="1.4995186" r23="0.033455312" r24="0" r31="1.3748747" r32="0.0031342283" r33="0.5997543" r34="0" r41="2167.9658" r42="134.70198" r43="-1554.3865" r44="1"></containerEntry>
          <containerEntry r11="0.7658306" r12="0" r13="-1.2897694" r14="0" r21="0" r22="1.5" r23="0" r24="0" r31="1.2897694" r32="0" r33="0.7658306" r34="0" r41="2181.4172" r42="125.89903" r43="-1592.642" r44="1"></containerEntry>
          <containerEntry r11="0.8365962" r12="-0.035473417" r13="-0.85956246" r14="0" r21="0.010343613" r22="1.1993076" r23="-0.039427124" r24="0" r31="0.86023194" r32="0.020077977" r33="0.83641917" r34="0" r41="2218.1216" r42="136.76936" r43="-1660.049" r44="1"></containerEntry>
          <containerEntry r11="0.8414823" r12="-0.56388587" r13="-1.1063185" r14="0" r21="0.34137267" r22="1.3899758" r23="-0.4488117" r24="0" r31="1.1938896" r32="2.4586916e-07" r33="0.9080901" r34="0" r41="2183.7173" r42="133.00905" r43="-1628.602" r44="1"></containerEntry>
          <containerEntry r11="0.6333591" r12="0.03206985" r13="-0.7731932" r14="0" r21="-0.020535056" r22="0.9994856" r23="0.024634577" r24="0" r31="0.7735855" r32="0.0002750354" r33="0.6336918" r34="0" r41="2248.2944" r42="141.69179" r43="-1690.7897" r44="1"></containerEntry>
          <containerEntry r11="0.7993427" r12="0.018532036" r13="-0.60058945" r14="0" r21="-0.012259971" r22="0.9998192" r23="0.014533664" r24="0" r31="0.60075027" r32="-0.004254165" r33="0.79942536" r34="0" r41="2267.5713" r42="141.2912" r43="-1708.7782" r44="1"></containerEntry>
        </property>
        <property name="colors" type="UInt32" container="DynamicArray" arraySize="6">
          <containerEntry>4294967295</containerEntry>
          <containerEntry>4294967295</containerEntry>
          <containerEntry>4294967295</containerEntry>
          <containerEntry>4294967295</containerEntry>
          <containerEntry>4294967295</containerEntry>
          <containerEntry>4294967295</containerEntry>
        </property>
      </staticProperties>
      <dynamicProperties></dynamicProperties>
    </entity>
    <entity class="StaticModelArray" classVersion="4" classID="0xD0" addr="0x2D7A810" id="0x0">
      <staticProperties>
        <property name="name" type="String" container="StaticArray" arraySize="1">
          <containerEntry>StaticModelArray0001</containerEntry>
        </property>
        <property name="dataSet" type="EntityHandle" container="StaticArray" arraySize="1">
          <containerEntry>0x2EF1F90</containerEntry>
        </property>
        <property name="modelFile" type="FilePtr" container="StaticArray" arraySize="1">
          <containerEntry>/Assets/tpp/environ/object/middle_africa/tree/mafr_tree031/scenes/mafr_tree031_vrtn012.fmdl</containerEntry>
        </property>
        <property name="geomFile" type="FilePtr" container="StaticArray" arraySize="1">
          <containerEntry>/Assets/tpp/environ/object/middle_africa/tree/mafr_tree031/scenes/mafr_tree031_vrtn012.geom</containerEntry>
        </property>
        <property name="isVisibleGeom" type="Bool" container="StaticArray" arraySize="1">
          <containerEntry>false</containerEntry>
        </property>
        <property name="lodFarSize" type="Float" container="StaticArray" arraySize="1">
          <containerEntry>-1</containerEntry>
        </property>
        <property name="lodNearSize" type="Float" container="StaticArray" arraySize="1">
          <containerEntry>-1</containerEntry>
        </property>
        <property name="lodPolygonSize" type="Float" container="StaticArray" arraySize="1">
          <containerEntry>-1</containerEntry>
        </property>
        <property name="drawRejectionLevel" type="Int32" container="StaticArray" arraySize="1">
          <containerEntry>8</containerEntry>
        </property>
        <property name="drawMode" type="Int32" container="StaticArray" arraySize="1">
          <containerEntry>0</containerEntry>
        </property>
        <property name="rejectFarRangeShadowCast" type="Int32" container="StaticArray" arraySize="1">
          <containerEntry>2</containerEntry>
        </property>
        <property name="parentLocator" type="EntityLink" container="StaticArray" arraySize="1">
          <containerEntry packagePathHash="0xB8A0BF169F98" archivePathHash="0xB8A0BF169F98" nameInArchiveHash="0xB8A0BF169F98">0x0</containerEntry>
        </property>
        <property name="transforms" type="Matrix4" container="DynamicArray" arraySize="6">
          <containerEntry r11="0.9778962" r12="-0.025517588" r13="-0.20752786" r14="0" r21="0.056758672" r22="0.98765326" r23="0.14601205" r24="0" r31="0.20123969" r32="-0.15456365" r33="0.96727073" r34="0" r41="2196.876" r42="134.23846" r43="-1576.9431" r44="1"></containerEntry>
          <containerEntry r11="0.97553235" r12="-0.14142339" r13="-0.16833317" r14="0" r21="0.1537839" r22="0.98611027" r23="0.06274524" r24="0" r31="0.15712142" r32="-0.08709696" r33="0.98373115" r34="0" r41="2228.676" r42="132.78847" r43="-1622.973" r44="1"></containerEntry>
          <containerEntry r11="-0.98283046" r12="7.133931e-07" r13="0.18449843" r14="0" r21="0.0214183" r22="0.9932392" r23="0.11409243" r24="0" r31="-0.183251" r32="0.11608543" r33="-0.9761858" r34="0" r41="2155.2043" r42="139.73901" r43="-1543.1147" r44="1"></containerEntry>
          <containerEntry r11="0.24368878" r12="-0.08617573" r13="0.75709265" r14="0" r21="0.0652146" r22="0.7943096" r23="0.069421016" r24="0" r31="-0.7591855" r32="0.040570486" r33="0.24898033" r34="0" r41="2320.5767" r42="125.43593" r43="-1623.3303" r44="1"></containerEntry>
          <containerEntry r11="0.8322283" r12="-0.095029175" r13="-0.5462283" r14="0" r21="0.15378349" r22="0.9861103" r23="0.06274605" r24="0" r31="0.5326786" r32="-0.13621998" r33="0.8352828" r34="0" r41="2274.7427" r42="137.18282" r43="-1710.5475" r44="1"></containerEntry>
          <containerEntry r11="0.1573432" r12="-0.063218884" r13="0.5755402" r14="0" r21="0.04891107" r22="0.5957323" r23="0.052065354" r24="0" r31="-0.5769323" r32="0.033263594" r33="0.16137755" r34="0" r41="2387.758" r42="121.191025" r43="-1622.9464" r44="1"></containerEntry>
        </property>
        <property name="colors" type="UInt32" container="DynamicArray" arraySize="6">
          <containerEntry>4294967295</containerEntry>
          <containerEntry>4294967295</containerEntry>
          <containerEntry>4294967295</containerEntry>
          <containerEntry>4294967295</containerEntry>
          <containerEntry>4294967295</containerEntry>
          <containerEntry>4294967295</containerEntry>
        </property>
      </staticProperties>
      <dynamicProperties></dynamicProperties>
    </entity>
    <entity class="StaticModelArray" classVersion="4" classID="0xD0" addr="0x2D7A8F0" id="0x0">
      <staticProperties>
        <property name="name" type="String" container="StaticArray" arraySize="1">
          <containerEntry>StaticModelArray0002</containerEntry>
        </property>
        <property name="dataSet" type="EntityHandle" container="StaticArray" arraySize="1">
          <containerEntry>0x2EF1F90</containerEntry>
        </property>
        <property name="modelFile" type="FilePtr" container="StaticArray" arraySize="1">
          <containerEntry>/Assets/tpp/environ/object/middle_africa/tree/mafr_tree031/scenes/mafr_tree031_vrtn007.fmdl</containerEntry>
        </property>
        <property name="geomFile" type="FilePtr" container="StaticArray" arraySize="1">
          <containerEntry>/Assets/tpp/environ/object/middle_africa/tree/mafr_tree031/scenes/mafr_tree031_vrtn007.geom</containerEntry>
        </property>
        <property name="isVisibleGeom" type="Bool" container="StaticArray" arraySize="1">
          <containerEntry>false</containerEntry>
        </property>
        <property name="lodFarSize" type="Float" container="StaticArray" arraySize="1">
          <containerEntry>-1</containerEntry>
        </property>
        <property name="lodNearSize" type="Float" container="StaticArray" arraySize="1">
          <containerEntry>-1</containerEntry>
        </property>
        <property name="lodPolygonSize" type="Float" container="StaticArray" arraySize="1">
          <containerEntry>-1</containerEntry>
        </property>
        <property name="drawRejectionLevel" type="Int32" container="StaticArray" arraySize="1">
          <containerEntry>8</containerEntry>
        </property>
        <property name="drawMode" type="Int32" container="StaticArray" arraySize="1">
          <containerEntry>0</containerEntry>
        </property>
        <property name="rejectFarRangeShadowCast" type="Int32" container="StaticArray" arraySize="1">
          <containerEntry>2</containerEntry>
        </property>
        <property name="parentLocator" type="EntityLink" container="StaticArray" arraySize="1">
          <containerEntry packagePathHash="0xB8A0BF169F98" archivePathHash="0xB8A0BF169F98" nameInArchiveHash="0xB8A0BF169F98">0x0</containerEntry>
        </property>
        <property name="transforms" type="Matrix4" container="DynamicArray" arraySize="28">
          <containerEntry r11="0.7512229" r12="-0.24910803" r13="-0.11665875" r14="0" r21="0.2461576" r22="0.760227" r23="-0.038226288" r24="0" r31="0.122762024" r32="0" r33="0.7905248" r34="0" r41="2421.1235" r42="121.168" r43="-1615.422" r44="1"></containerEntry>
          <containerEntry r11="-0.88942707" r12="-0.070803724" r13="0.4515628" r14="0" r21="0.027000016" r22="0.9780658" r23="0.20653889" r24="0" r31="-0.45628187" r32="0.1958932" r33="-0.8680065" r34="0" r41="2380.866" r42="121.258835" r43="-1598.8708" r44="1"></containerEntry>
          <containerEntry r11="-0.33422" r12="-0.1272259" r13="0.93386924" r14="0" r21="-0.042868845" r22="0.9918738" r23="0.119786024" r24="0" r31="-0.94152033" r32="9.3504786e-07" r33="-0.33695805" r34="0" r41="2372.5117" r42="111.23596" r43="-1555.769" r44="1"></containerEntry>
          <containerEntry r11="-0.71120244" r12="0.051267054" r13="0.70111716" r14="0" r21="0.03650937" r22="0.998685" r23="-0.035991345" r24="0" r31="-0.7020403" r32="2.3841858e-07" r33="-0.71213895" r34="0" r41="2368.9333" r42="108.739655" r43="-1539.4984" r44="1"></containerEntry>
          <containerEntry r11="-1.3606647" r12="0.084051885" r13="0.62571114" r14="0" r21="0.063493304" r22="1.497328" r23="-0.06306387" r24="0" r31="-0.6281303" r32="-0.030720381" r33="-1.3617989" r34="0" r41="2278.6458" r42="124.431564" r43="-1549.2776" r44="1"></containerEntry>
          <containerEntry r11="0.17543788" r12="0" r13="-0.7805264" r14="0" r21="0" r22="0.8" r23="0" r24="0" r31="0.7805264" r32="0" r33="0.17543788" r34="0" r41="2391.6477" r42="127.05583" r43="-1619.4302" r44="1"></containerEntry>
          <containerEntry r11="-0.7864762" r12="0.03404581" r13="0.9056967" r14="0" r21="0.029955909" r22="1.1994745" r23="-0.01907627" r24="0" r31="-0.9058412" r32="0.010106595" r33="-0.7869815" r34="0" r41="2323.821" r42="122.716705" r43="-1571.4673" r44="1"></containerEntry>
          <containerEntry r11="1.9634548" r12="-0.17817335" r13="0.3363022" r14="0" r21="0.11023699" r22="1.95778" r23="0.3936309" r24="0" r31="-0.36427012" r32="-0.36790177" r33="1.9318271" r34="0" r41="2345.5562" r42="127.84975" r43="-1658.2223" r44="1"></containerEntry>
          <containerEntry r11="-0.64485955" r12="-0.03327903" r13="1.3538969" r14="0" r21="-0.059268825" r22="1.4988039" r23="0.008610969" r24="0" r31="-1.3530084" r32="-0.0497941" r33="-0.6456602" r34="0" r41="2290.5664" r42="126.20531" r43="-1579.9734" r44="1"></containerEntry>
          <containerEntry r11="-1.3180937" r12="0.04428243" r13="0.7146014" r14="0" r21="0.037444167" r22="1.4993429" r23="-0.023844615" r24="0" r31="-0.7149923" r32="-0.0031145706" r33="-1.3186219" r34="0" r41="2357.3054" r42="124.87035" r43="-1601.8339" r44="1"></containerEntry>
          <containerEntry r11="-1.4050936" r12="0.043413166" r13="0.5232629" r14="0" r21="0.037445344" r22="1.4993429" r23="-0.023843944" r24="0" r31="-0.52372384" r32="-0.00927291" r33="-1.4055618" r34="0" r41="2295.1611" r42="133.84914" r43="-1619.8533" r44="1"></containerEntry>
          <containerEntry r11="1.0467395" r12="-0.26237124" r13="1.6838948" r14="0" r21="0.011689931" r22="1.9772147" r23="0.30080765" r24="0" r31="-1.7041725" r32="-0.14759146" r33="1.0363479" r34="0" r41="2376.1074" r42="125.76932" r43="-1641.5972" r44="1"></containerEntry>
          <containerEntry r11="-0.31205684" r12="-0.13405043" r13="1.9709536" r14="0" r21="0.30499324" r22="1.9681972" r23="0.18215176" r24="0" r31="-1.9518214" r32="0.32898423" r33="-0.28665245" r34="0" r41="2336.865" r42="128.1723" r43="-1676.8702" r44="1"></containerEntry>
          <containerEntry r11="-0.32473376" r12="-0.11666585" r13="0.93858343" r14="0" r21="-0.038145475" r22="0.9931712" r23="0.11025354" r24="0" r31="-0.9450368" r32="2.5704503e-07" r33="-0.32696652" r34="0" r41="2316.2678" r42="138.51115" r43="-1668.7222" r44="1"></containerEntry>
          <containerEntry r11="-0.9939914" r12="-0.0398919" r13="0.10189243" r14="0" r21="-0.03951242" r22="0.99920255" r23="0.005740655" r24="0" r31="-0.10204019" r32="0.0016801595" r33="-0.994775" r34="0" r41="2308.6465" r42="126.20531" r43="-1579.9734" r44="1"></containerEntry>
          <containerEntry r11="-0.42909783" r12="-0.02888546" r13="0.902795" r14="0" r21="-0.042182893" r22="0.9990389" r23="0.011915287" r24="0" r31="-0.90227145" r32="-0.0329697" r33="-0.42990386" r34="0" r41="2189.2622" r42="147.47647" r43="-1584.4625" r44="1"></containerEntry>
          <containerEntry r11="-0.6553968" r12="0.02837151" r13="0.7547472" r14="0" r21="0.024963256" r22="0.99956197" r23="-0.01589689" r24="0" r31="-0.7548676" r32="0.008422162" r33="-0.6558179" r34="0" r41="2269.192" r42="136.96115" r43="-1608.9641" r44="1"></containerEntry>
          <containerEntry r11="-0.7864762" r12="0.03404581" r13="0.9056967" r14="0" r21="0.029955909" r22="1.1994745" r23="-0.01907627" r24="0" r31="-0.9058412" r32="0.010106595" r33="-0.7869815" r34="0" r41="2396.338" r42="124.18432" r43="-1615.7705" r44="1"></containerEntry>
          <containerEntry r11="-0.8897346" r12="0.029465966" r13="0.45552647" r14="0" r21="0.024963882" r22="0.9995619" r23="-0.015897725" r24="0" r31="-0.45579535" r32="-0.0027730465" r33="-0.89008045" r34="0" r41="2414.9517" r42="116.66542" r43="-1594.409" r44="1"></containerEntry>
          <containerEntry r11="0.7021121" r12="-0.11706714" r13="0.70237756" r14="0" r21="-0.0038431585" r22="0.98575556" r23="0.16814032" r24="0" r31="-0.7120563" r32="-0.12075272" r33="0.691661" r34="0" r41="2418.8398" r42="123.50224" r43="-1629.4238" r44="1"></containerEntry>
          <containerEntry r11="1.0178028" r12="0.05737112" r13="-0.41326258" r14="0" r21="-0.022431651" r22="1.0954998" r23="0.096836746" r24="0" r31="0.41662237" r32="-0.081173204" r33="1.0148087" r34="0" r41="2403.9836" r42="119.600586" r43="-1602.7489" r44="1"></containerEntry>
          <containerEntry r11="-0.9420596" r12="0.030711988" r13="0.74267435" r14="0" r21="0.047624916" r22="1.1990057" r23="0.010828351" r24="0" r31="-0.7417819" r32="0.037975777" r33="-0.9424979" r34="0" r41="2324.8416" r42="128.9246" r43="-1600.0392" r44="1"></containerEntry>
          <containerEntry r11="-0.23926143" r12="0.13125753" r13="0.9620418" r14="0" r21="0.073989175" r22="0.99040425" r23="-0.1167259" r24="0" r31="-0.9681315" r32="0.043252654" r33="-0.24667716" r34="0" r41="2393.4187" r42="124.9433" r43="-1643.4069" r44="1"></containerEntry>
          <containerEntry r11="0.8184962" r12="0.10018093" r13="-0.8717944" r14="0" r21="-0.058399428" r22="1.1957302" r23="0.082576275" r24="0" r31="0.8755863" r32="-0.013896557" r33="0.8204593" r34="0" r41="2325.2405" r42="122.25653" r43="-1544.4977" r44="1"></containerEntry>
          <containerEntry r11="0.07891102" r12="-0.40195575" r13="1.4429852" r14="0" r21="0.021948136" r22="1.4451407" r23="0.4013561" r24="0" r31="-1.4977627" r32="-5.5879354e-07" r33="0.08190644" r34="0" r41="2381.6626" r42="121.209625" r43="-1600.2336" r44="1"></containerEntry>
          <containerEntry r11="0.038321763" r12="0.018115062" r13="1.1992488" r14="0" r21="0.029956134" r22="1.1994745" r23="-0.019075613" r24="0" r31="-1.1990114" r32="0.030546581" r33="0.037852764" r34="0" r41="2425.1714" r42="122.17355" r43="-1635.3094" r44="1"></containerEntry>
          <containerEntry r11="0.61935467" r12="-0.045121625" r13="-0.50434464" r14="0" r21="0.115858555" r22="0.78830737" r23="0.071752034" r24="0" r31="0.4929262" r32="-0.1285908" r33="0.61683697" r34="0" r41="2422.4407" r42="119.92811" r43="-1610.4175" r44="1"></containerEntry>
          <containerEntry r11="0.26934236" r12="-0.014899934" r13="-0.75314873" r14="0" r21="0.13060217" r22="0.7886543" r23="0.031103874" r24="0" r31="0.7418882" r32="-0.13342552" r33="0.26795498" r34="0" r41="2431.5605" r42="119.80635" r43="-1621.5039" r44="1"></containerEntry>
        </property>
        <property name="colors" type="UInt32" container="DynamicArray" arraySize="28">
          <containerEntry>4294967295</containerEntry>
          <containerEntry>4294967295</containerEntry>
          <containerEntry>4294967295</containerEntry>
          <containerEntry>4294967295</containerEntry>
          <containerEntry>4294967295</containerEntry>
          <containerEntry>4294967295</containerEntry>
          <containerEntry>4294967295</containerEntry>
          <containerEntry>4294967295</containerEntry>
          <containerEntry>4294967295</containerEntry>
          <containerEntry>4294967295</containerEntry>
          <containerEntry>4294967295</containerEntry>
          <containerEntry>4294967295</containerEntry>
          <containerEntry>4294967295</containerEntry>
          <containerEntry>4294967295</containerEntry>
          <containerEntry>4294967295</containerEntry>
          <containerEntry>4294967295</containerEntry>
          <containerEntry>4294967295</containerEntry>
          <containerEntry>4294967295</containerEntry>
          <containerEntry>4294967295</containerEntry>
          <containerEntry>4294967295</containerEntry>
          <containerEntry>4294967295</containerEntry>
          <containerEntry>4294967295</containerEntry>
          <containerEntry>4294967295</containerEntry>
          <containerEntry>4294967295</containerEntry>
          <containerEntry>4294967295</containerEntry>
          <containerEntry>4294967295</containerEntry>
          <containerEntry>4294967295</containerEntry>
          <containerEntry>4294967295</containerEntry>
        </property>
      </staticProperties>
      <dynamicProperties></dynamicProperties>
    </entity>
    <entity class="StaticModelArray" classVersion="4" classID="0xD0" addr="0x2D7A880" id="0x0">
      <staticProperties>
        <property name="name" type="String" container="StaticArray" arraySize="1">
          <containerEntry>StaticModelArray0003</containerEntry>
        </property>
        <property name="dataSet" type="EntityHandle" container="StaticArray" arraySize="1">
          <containerEntry>0x2EF1F90</containerEntry>
        </property>
        <property name="modelFile" type="FilePtr" container="StaticArray" arraySize="1">
          <containerEntry>/Assets/tpp/environ/object/middle_africa/tree/mafr_tree031/scenes/mafr_tree031_vrtn008.fmdl</containerEntry>
        </property>
        <property name="geomFile" type="FilePtr" container="StaticArray" arraySize="1">
          <containerEntry>/Assets/tpp/environ/object/middle_africa/tree/mafr_tree031/scenes/mafr_tree031_vrtn008.geom</containerEntry>
        </property>
        <property name="isVisibleGeom" type="Bool" container="StaticArray" arraySize="1">
          <containerEntry>false</containerEntry>
        </property>
        <property name="lodFarSize" type="Float" container="StaticArray" arraySize="1">
          <containerEntry>-1</containerEntry>
        </property>
        <property name="lodNearSize" type="Float" container="StaticArray" arraySize="1">
          <containerEntry>-1</containerEntry>
        </property>
        <property name="lodPolygonSize" type="Float" container="StaticArray" arraySize="1">
          <containerEntry>-1</containerEntry>
        </property>
        <property name="drawRejectionLevel" type="Int32" container="StaticArray" arraySize="1">
          <containerEntry>8</containerEntry>
        </property>
        <property name="drawMode" type="Int32" container="StaticArray" arraySize="1">
          <containerEntry>0</containerEntry>
        </property>
        <property name="rejectFarRangeShadowCast" type="Int32" container="StaticArray" arraySize="1">
          <containerEntry>2</containerEntry>
        </property>
        <property name="parentLocator" type="EntityLink" container="StaticArray" arraySize="1">
          <containerEntry packagePathHash="0xB8A0BF169F98" archivePathHash="0xB8A0BF169F98" nameInArchiveHash="0xB8A0BF169F98">0x0</containerEntry>
        </property>
        <property name="transforms" type="Matrix4" container="DynamicArray" arraySize="8">
          <containerEntry r11="0.5457353" r12="0" r13="-0.58495516" r14="0" r21="0" r22="0.8" r23="0" r24="0" r31="0.58495516" r32="0" r33="0.5457353" r34="0" r41="2430.9094" r42="116.73431" r43="-1606.8667" r44="1"></containerEntry>
          <containerEntry r11="0.13578975" r12="0" r13="0.9907377" r14="0" r21="0" r22="1" r23="0" r24="0" r31="-0.9907377" r32="0" r33="0.13578975" r34="0" r41="2426.9521" r42="118.31874" r43="-1636.8477" r44="1"></containerEntry>
          <containerEntry r11="-0.56480443" r12="0" r13="0.8252252" r14="0" r21="0" r22="1" r23="0" r24="0" r31="-0.8252252" r32="0" r33="-0.56480443" r34="0" r41="2450.3254" r42="115.867516" r43="-1626.8859" r44="1"></containerEntry>
          <containerEntry r11="0.5263747" r12="0" r13="0.85025275" r14="0" r21="0" r22="1" r23="0" r24="0" r31="-0.85025275" r32="0" r33="0.5263747" r34="0" r41="2423.4963" r42="118.41389" r43="-1628.3225" r44="1"></containerEntry>
          <containerEntry r11="0.67607325" r12="-0.13339338" r13="-0.7246589" r14="0" r21="0.090996414" r22="0.9910631" r23="-0.0975369" r24="0" r31="0.7311935" r32="6.4074993e-07" r33="0.6821696" r34="0" r41="2229.1348" r42="140.73145" r43="-1573.1849" r44="1"></containerEntry>
          <containerEntry r11="0.25045604" r12="0.17541198" r13="-0.9521033" r14="0" r21="-0.019658163" r22="0.9841674" r23="0.17614798" r24="0" r31="0.9679275" r32="-0.02540055" r33="0.24993896" r34="0" r41="2253.9072" r42="135.99774" r43="-1583.2653" r44="1"></containerEntry>
          <containerEntry r11="0.67063975" r12="0.012064187" r13="-0.74168473" r14="0" r21="0.07338732" r22="0.9938833" r23="0.08252399" r24="0" r31="0.7381436" r32="-0.10977414" r33="0.66565233" r34="0" r41="2409.811" r42="124.66494" r43="-1622.0237" r44="1"></containerEntry>
          <containerEntry r11="1.958353" r12="0" r13="-0.40602148" r14="0" r21="0" r22="2" r23="0" r24="0" r31="0.40602148" r32="0" r33="1.958353" r34="0" r41="2435.6846" r42="117.09877" r43="-1646.3628" r44="1"></containerEntry>
        </property>
        <property name="colors" type="UInt32" container="DynamicArray" arraySize="8">
          <containerEntry>4294967295</containerEntry>
          <containerEntry>4294967295</containerEntry>
          <containerEntry>4294967295</containerEntry>
          <containerEntry>4294967295</containerEntry>
          <containerEntry>4294967295</containerEntry>
          <containerEntry>4294967295</containerEntry>
          <containerEntry>4294967295</containerEntry>
          <containerEntry>4294967295</containerEntry>
        </property>
      </staticProperties>
      <dynamicProperties></dynamicProperties>
    </entity>
    <entity class="StaticModelArray" classVersion="4" classID="0xD0" addr="0x2D7A110" id="0x0">
      <staticProperties>
        <property name="name" type="String" container="StaticArray" arraySize="1">
          <containerEntry>StaticModelArray0004</containerEntry>
        </property>
        <property name="dataSet" type="EntityHandle" container="StaticArray" arraySize="1">
          <containerEntry>0x2EF1F90</containerEntry>
        </property>
        <property name="modelFile" type="FilePtr" container="StaticArray" arraySize="1">
          <containerEntry>/Assets/tpp/environ/object/middle_africa/tree/mafr_tree031/scenes/mafr_tree031_vrtn001.fmdl</containerEntry>
        </property>
        <property name="geomFile" type="FilePtr" container="StaticArray" arraySize="1">
          <containerEntry>/Assets/tpp/environ/object/middle_africa/tree/mafr_tree031/scenes/mafr_tree031_vrtn001.geom</containerEntry>
        </property>
        <property name="isVisibleGeom" type="Bool" container="StaticArray" arraySize="1">
          <containerEntry>false</containerEntry>
        </property>
        <property name="lodFarSize" type="Float" container="StaticArray" arraySize="1">
          <containerEntry>-1</containerEntry>
        </property>
        <property name="lodNearSize" type="Float" container="StaticArray" arraySize="1">
          <containerEntry>-1</containerEntry>
        </property>
        <property name="lodPolygonSize" type="Float" container="StaticArray" arraySize="1">
          <containerEntry>-1</containerEntry>
        </property>
        <property name="drawRejectionLevel" type="Int32" container="StaticArray" arraySize="1">
          <containerEntry>8</containerEntry>
        </property>
        <property name="drawMode" type="Int32" container="StaticArray" arraySize="1">
          <containerEntry>0</containerEntry>
        </property>
        <property name="rejectFarRangeShadowCast" type="Int32" container="StaticArray" arraySize="1">
          <containerEntry>2</containerEntry>
        </property>
        <property name="parentLocator" type="EntityLink" container="StaticArray" arraySize="1">
          <containerEntry packagePathHash="0xB8A0BF169F98" archivePathHash="0xB8A0BF169F98" nameInArchiveHash="0xB8A0BF169F98">0x0</containerEntry>
        </property>
        <property name="transforms" type="Matrix4" container="DynamicArray" arraySize="6">
          <containerEntry r11="0.8421128" r12="-0.005742961" r13="-0.53927094" r14="0" r21="-0.0027602543" r22="0.9998843" r23="-0.014958608" r24="0" r31="0.5392944" r32="0.014085359" r33="0.8419995" r34="0" r41="2231.5872" r42="131.11096" r43="-1612.8754" r44="1"></containerEntry>
          <containerEntry r11="0.6097015" r12="0" r13="-0.7926313" r14="0" r21="0" r22="1" r23="0" r24="0" r31="0.7926313" r32="0" r33="0.6097015" r34="0" r41="2257.9058" r42="134.8044" r43="-1656.7184" r44="1"></containerEntry>
          <containerEntry r11="-0.43996918" r12="0" r13="0.7851272" r14="0" r21="0" r22="0.9" r23="0" r24="0" r31="-0.7851272" r32="0" r33="-0.43996918" r34="0" r41="2391.9226" r42="122.34323" r43="-1644.4585" r44="1"></containerEntry>
          <containerEntry r11="-0.6381343" r12="0" r13="0.63464874" r14="0" r21="0" r22="0.9" r23="0" r24="0" r31="-0.63464874" r32="0" r33="-0.6381343" r34="0" r41="2442.0159" r42="115.61743" r43="-1651.6515" r44="1"></containerEntry>
          <containerEntry r11="-0.06099472" r12="0" r13="0.89793015" r14="0" r21="0" r22="0.9" r23="0" r24="0" r31="-0.89793015" r32="0" r33="-0.06099472" r34="0" r41="2419.5105" r42="116.42293" r43="-1661.4304" r44="1"></containerEntry>
          <containerEntry r11="-0.43996918" r12="0" r13="0.7851272" r14="0" r21="0" r22="0.9" r23="0" r24="0" r31="-0.7851272" r32="0" r33="-0.43996918" r34="0" r41="2321.0376" r42="125.295685" r43="-1615.272" r44="1"></containerEntry>
        </property>
        <property name="colors" type="UInt32" container="DynamicArray" arraySize="6">
          <containerEntry>4294967295</containerEntry>
          <containerEntry>4294967295</containerEntry>
          <containerEntry>4294967295</containerEntry>
          <containerEntry>4294967295</containerEntry>
          <containerEntry>4294967295</containerEntry>
          <containerEntry>4294967295</containerEntry>
        </property>
      </staticProperties>
      <dynamicProperties></dynamicProperties>
    </entity>
    <entity class="StaticModelArray" classVersion="4" classID="0xD0" addr="0x2D7A1F0" id="0x0">
      <staticProperties>
        <property name="name" type="String" container="StaticArray" arraySize="1">
          <containerEntry>StaticModelArray0005</containerEntry>
        </property>
        <property name="dataSet" type="EntityHandle" container="StaticArray" arraySize="1">
          <containerEntry>0x2EF1F90</containerEntry>
        </property>
        <property name="modelFile" type="FilePtr" container="StaticArray" arraySize="1">
          <containerEntry>/Assets/tpp/environ/object/middle_africa/tree/mafr_tree038/scenes/mafr_tree038.fmdl</containerEntry>
        </property>
        <property name="geomFile" type="FilePtr" container="StaticArray" arraySize="1">
          <containerEntry>/Assets/tpp/environ/object/middle_africa/tree/mafr_tree038/scenes/mafr_tree038.geom</containerEntry>
        </property>
        <property name="isVisibleGeom" type="Bool" container="StaticArray" arraySize="1">
          <containerEntry>false</containerEntry>
        </property>
        <property name="lodFarSize" type="Float" container="StaticArray" arraySize="1">
          <containerEntry>50</containerEntry>
        </property>
        <property name="lodNearSize" type="Float" container="StaticArray" arraySize="1">
          <containerEntry>400</containerEntry>
        </property>
        <property name="lodPolygonSize" type="Float" container="StaticArray" arraySize="1">
          <containerEntry>-1</containerEntry>
        </property>
        <property name="drawRejectionLevel" type="Int32" container="StaticArray" arraySize="1">
          <containerEntry>7</containerEntry>
        </property>
        <property name="drawMode" type="Int32" container="StaticArray" arraySize="1">
          <containerEntry>0</containerEntry>
        </property>
        <property name="rejectFarRangeShadowCast" type="Int32" container="StaticArray" arraySize="1">
          <containerEntry>2</containerEntry>
        </property>
        <property name="parentLocator" type="EntityLink" container="StaticArray" arraySize="1">
          <containerEntry packagePathHash="0xB8A0BF169F98" archivePathHash="0xB8A0BF169F98" nameInArchiveHash="0xB8A0BF169F98">0x0</containerEntry>
        </property>
        <property name="transforms" type="Matrix4" container="DynamicArray" arraySize="3">
          <containerEntry r11="0.93765736" r12="0" r13="-0.34756103" r14="0" r21="0" r22="1" r23="0" r24="0" r31="0.34756103" r32="0" r33="0.93765736" r34="0" r41="2380.1045" r42="113.62277" r43="-1561.7899" r44="1"></containerEntry>
          <containerEntry r11="0.93866295" r12="-0.06842384" r13="0.3379791" r14="0" r21="0.043780126" r22="0.99583167" r23="0.080016255" r24="0" r31="-0.34204534" r32="-0.06031151" r33="0.9377459" r34="0" r41="2410.5063" r42="115.782265" r43="-1581.5189" r44="1"></containerEntry>
          <containerEntry r11="0.4850337" r12="0" r13="0.87449527" r14="0" r21="0" r22="1" r23="0" r24="0" r31="-0.87449527" r32="0" r33="0.4850337" r34="0" r41="2333.6057" r42="126.65176" r43="-1644.1715" r44="1"></containerEntry>
        </property>
        <property name="colors" type="UInt32" container="DynamicArray" arraySize="3">
          <containerEntry>4294967295</containerEntry>
          <containerEntry>4294967295</containerEntry>
          <containerEntry>4294967295</containerEntry>
        </property>
      </staticProperties>
      <dynamicProperties></dynamicProperties>
    </entity>
