<fox formatVersion="2" fileVersion="0">
  <entities>
    <entity class="DataSet" classVersion="0" classID="0xE8" addr="0x3304AE0" id="0x7F9A30">
      <staticProperties>
        <property name="name" type="String" container="StaticArray" arraySize="1">
          <containerEntry hash="0xB8A0BF169F98"></containerEntry>
        </property>
        <property name="dataSet" type="EntityHandle" container="StaticArray" arraySize="1">
          <containerEntry>0x0</containerEntry>
        </property>
        <property name="dataList" type="EntityPtr" container="StringMap" arraySize="10">
          <containerEntry key="TppGimmickElectricCableLinkSetData0000">
            <data>0x3177A20</data>
          </containerEntry>
          <containerEntry key="cypr_utpl001_vrtn001_gim_i0000|TppSharedGimmickData_cypr_utpl001_vrtn001">
            <data>0x3179690</data>
          </containerEntry>
          <containerEntry key="cypr_cabl002_vrtn001_gim_i0000|TppSharedGimmick_cypr_cabl002_vrtn001">
            <data>0x31799A0</data>
          </containerEntry>
          <containerEntry key="StaticModelArray0000">
            <data>0x317D4B0</data>
          </containerEntry>
          <containerEntry key="StaticModelArray0001">
            <data>0x317D520</data>
          </containerEntry>
          <containerEntry key="StaticModelArray0002">
            <data>0x317D360</data>
          </containerEntry>
          <containerEntry key="StaticModelArray0003">
            <data>0x317D0C0</data>
          </containerEntry>
          <containerEntry key="StaticModelArray0004">
            <data>0x317CF70</data>
          </containerEntry>
          <containerEntry key="StaticModelArray0005">
            <data>0x317A6C0</data>
          </containerEntry>
          <containerEntry key="TexturePackLoadConditioner0000">
            <data>0x317DD70</data>
          </containerEntry>
        </property>
      </staticProperties>
      <dynamicProperties></dynamicProperties>
    </entity>
    <entity class="TppGimmickElectricCableLinkSetData" classVersion="0" classID="0xB0" addr="0x3177A20" id="0x7F9BE8">
      <staticProperties>
        <property name="name" type="String" container="StaticArray" arraySize="1">
          <containerEntry>TppGimmickElectricCableLinkSetData0000</containerEntry>
        </property>
        <property name="dataSet" type="EntityHandle" container="StaticArray" arraySize="1">
          <containerEntry>0x3304AE0</containerEntry>
        </property>
        <property name="electricCableData" type="EntityLink" container="StaticArray" arraySize="1">
          <containerEntry packagePathHash="0xB8A0BF169F98" archivePath="/Assets/tpp/level/location/mafr/block_small/146/146_146/mafr_146_146_asset.fox2" nameInArchive="cypr_cabl002_vrtn001_gim_i0000|TppSharedGimmick_cypr_cabl002_vrtn001">0x0</containerEntry>
        </property>
        <property name="poleData" type="EntityLink" container="StaticArray" arraySize="1">
          <containerEntry packagePathHash="0xB8A0BF169F98" archivePath="/Assets/tpp/level/location/mafr/block_small/146/146_146/mafr_146_146_asset.fox2" nameInArchive="cypr_utpl001_vrtn001_gim_i0000|TppSharedGimmickData_cypr_utpl001_vrtn001">0x0</containerEntry>
        </property>
        <property name="electricCable" type="String" container="DynamicArray" arraySize="9">
          <containerEntry>cypr_cabl002_vrtn001_gim_n0001|srt_cypr_cabl002_vrtn001</containerEntry>
          <containerEntry>cypr_cabl002_vrtn001_gim_n0002|srt_cypr_cabl002_vrtn001</containerEntry>
          <containerEntry>cypr_cabl002_vrtn001_gim_n0003|srt_cypr_cabl002_vrtn001</containerEntry>
          <containerEntry>cypr_cabl002_vrtn001_gim_n0004|srt_cypr_cabl002_vrtn001</containerEntry>
          <containerEntry>cypr_cabl002_vrtn001_gim_n0004|srt_cypr_cabl002_vrtn001</containerEntry>
          <containerEntry>cypr_cabl002_vrtn001_gim_n0005|srt_cypr_cabl002_vrtn001</containerEntry>
          <containerEntry>cypr_cabl002_vrtn001_gim_n0005|srt_cypr_cabl002_vrtn001</containerEntry>
          <containerEntry>cypr_cabl002_vrtn001_gim_n0006|srt_cypr_cabl002_vrtn001</containerEntry>
          <containerEntry>cypr_cabl002_vrtn001_gim_n0006|srt_cypr_cabl002_vrtn001</containerEntry>
        </property>
        <property name="pole" type="String" container="DynamicArray" arraySize="9">
          <containerEntry>cypr_utpl001_vrtn001_gim_n0000|srt_cypr_utpl001_vrtn001</containerEntry>
          <containerEntry>cypr_utpl001_vrtn001_gim_n0000|srt_cypr_utpl001_vrtn001</containerEntry>
          <containerEntry>cypr_utpl001_vrtn001_gim_n0000|srt_cypr_utpl001_vrtn001</containerEntry>
          <containerEntry>cypr_utpl001_vrtn001_gim_n0001|srt_cypr_utpl001_vrtn001</containerEntry>
          <containerEntry>cypr_utpl001_vrtn001_gim_n0000|srt_cypr_utpl001_vrtn001</containerEntry>
          <containerEntry>cypr_utpl001_vrtn001_gim_n0001|srt_cypr_utpl001_vrtn001</containerEntry>
          <containerEntry>cypr_utpl001_vrtn001_gim_n0000|srt_cypr_utpl001_vrtn001</containerEntry>
          <containerEntry>cypr_utpl001_vrtn001_gim_n0001|srt_cypr_utpl001_vrtn001</containerEntry>
          <containerEntry>cypr_utpl001_vrtn001_gim_n0000|srt_cypr_utpl001_vrtn001</containerEntry>
        </property>
        <property name="cnpIndex" type="UInt8" container="DynamicArray" arraySize="9">
          <containerEntry>0</containerEntry>
          <containerEntry>1</containerEntry>
          <containerEntry>2</containerEntry>
          <containerEntry>0</containerEntry>
          <containerEntry>0</containerEntry>
          <containerEntry>1</containerEntry>
          <containerEntry>1</containerEntry>
          <containerEntry>2</containerEntry>
          <containerEntry>2</containerEntry>
        </property>
      </staticProperties>
      <dynamicProperties></dynamicProperties>
    </entity>
    <entity class="TppSharedGimmickData" classVersion="1" classID="0xF0" addr="0x3179690" id="0xC619">
      <staticProperties>
        <property name="name" type="String" container="StaticArray" arraySize="1">
          <containerEntry>cypr_utpl001_vrtn001_gim_i0000|TppSharedGimmickData_cypr_utpl001_vrtn001</containerEntry>
        </property>
        <property name="dataSet" type="EntityHandle" container="StaticArray" arraySize="1">
          <containerEntry>0x3304AE0</containerEntry>
        </property>
        <property name="modelFile" type="FilePtr" container="StaticArray" arraySize="1">
          <containerEntry>/Assets/tpp/environ/object/cyprus/utility_pole/cypr_utpl001/scenes/cypr_utpl001_vrtn001.fmdl</containerEntry>
        </property>
        <property name="geomFile" type="FilePtr" container="StaticArray" arraySize="1">
          <containerEntry>/Assets/tpp/environ/object/cyprus/utility_pole/cypr_utpl001/scenes/cypr_utpl001_vrtn001.geom</containerEntry>
        </property>
        <property name="breakedModelFile" type="FilePtr" container="StaticArray" arraySize="1">
          <containerEntry hash="0xB8A0BF169F98"></containerEntry>
        </property>
        <property name="breakedGeomFile" type="FilePtr" container="StaticArray" arraySize="1">
          <containerEntry hash="0xB8A0BF169F98"></containerEntry>
        </property>
        <property name="partsFile" type="FilePtr" container="StaticArray" arraySize="1">
          <containerEntry>/Assets/tpp/parts/environ/object/cyprus/utility_pole/cypr_utpl001/cypr_utpl001_vrtn001.parts</containerEntry>
        </property>
        <property name="numDynamicGimmick" type="UInt32" container="StaticArray" arraySize="1">
          <containerEntry>2</containerEntry>
        </property>
        <property name="locaterFile" type="FilePtr" container="StaticArray" arraySize="1">
          <containerEntry>/Assets/tpp/level/location/mafr/block_small/146/146_146/lba/cypr_utpl001_vrtn001.lba</containerEntry>
        </property>
        <property name="flags1" type="UInt32" container="StaticArray" arraySize="1">
          <containerEntry>284</containerEntry>
        </property>
        <property name="flags2" type="UInt32" container="StaticArray" arraySize="1">
          <containerEntry>0</containerEntry>
        </property>
      </staticProperties>
      <dynamicProperties></dynamicProperties>
    </entity>
    <entity class="TppSharedGimmickData" classVersion="1" classID="0xF0" addr="0x31799A0" id="0xCF4">
      <staticProperties>
        <property name="name" type="String" container="StaticArray" arraySize="1">
          <containerEntry>cypr_cabl002_vrtn001_gim_i0000|TppSharedGimmick_cypr_cabl002_vrtn001</containerEntry>
        </property>
        <property name="dataSet" type="EntityHandle" container="StaticArray" arraySize="1">
          <containerEntry>0x3304AE0</containerEntry>
        </property>
        <property name="modelFile" type="FilePtr" container="StaticArray" arraySize="1">
          <containerEntry>/Assets/tpp/environ/object/cyprus/cable/cypr_cabl002/scenes/cypr_cabl002_vrtn001_fl.fmdl</containerEntry>
        </property>
        <property name="geomFile" type="FilePtr" container="StaticArray" arraySize="1">
          <containerEntry hash="0xB8A0BF169F98"></containerEntry>
        </property>
        <property name="breakedModelFile" type="FilePtr" container="StaticArray" arraySize="1">
          <containerEntry hash="0xB8A0BF169F98"></containerEntry>
        </property>
        <property name="breakedGeomFile" type="FilePtr" container="StaticArray" arraySize="1">
          <containerEntry hash="0xB8A0BF169F98"></containerEntry>
        </property>
        <property name="partsFile" type="FilePtr" container="StaticArray" arraySize="1">
          <containerEntry>/Assets/tpp/parts/environ/object/cyprus/cable/cypr_cabl002/cypr_cabl002_vrtn001.parts</containerEntry>
        </property>
        <property name="numDynamicGimmick" type="UInt32" container="StaticArray" arraySize="1">
          <containerEntry>6</containerEntry>
        </property>
        <property name="locaterFile" type="FilePtr" container="StaticArray" arraySize="1">
          <containerEntry>/Assets/tpp/level/location/mafr/block_small/146/146_146/lba/cypr_cabl002_vrtn001_scl.lba</containerEntry>
        </property>
        <property name="flags1" type="UInt32" container="StaticArray" arraySize="1">
          <containerEntry>274</containerEntry>
        </property>
        <property name="flags2" type="UInt32" container="StaticArray" arraySize="1">
          <containerEntry>0</containerEntry>
        </property>
      </staticProperties>
      <dynamicProperties></dynamicProperties>
    </entity>
    <entity class="StaticModelArray" classVersion="4" classID="0xD0" addr="0x317D4B0" id="0x0">
      <staticProperties>
        <property name="name" type="String" container="StaticArray" arraySize="1">
          <containerEntry>StaticModelArray0000</containerEntry>
        </property>
        <property name="dataSet" type="EntityHandle" container="StaticArray" arraySize="1">
          <containerEntry>0x3304AE0</containerEntry>
        </property>
        <property name="modelFile" type="FilePtr" container="StaticArray" arraySize="1">
          <containerEntry hash="0xB8A0BF169F98"></containerEntry>
        </property>
        <property name="geomFile" type="FilePtr" container="StaticArray" arraySize="1">
          <containerEntry>/Assets/tpp/environ/object/cyprus/utility_pole/cypr_utpl001/scenes/cypr_utpl001_vrtn001_pc.geom</containerEntry>
        </property>
        <property name="isVisibleGeom" type="Bool" container="StaticArray" arraySize="1">
          <containerEntry>false</containerEntry>
        </property>
        <property name="lodFarSize" type="Float" container="StaticArray" arraySize="1">
          <containerEntry>-1</containerEntry>
        </property>
        <property name="lodNearSize" type="Float" container="StaticArray" arraySize="1">
          <containerEntry>-1</containerEntry>
        </property>
        <property name="lodPolygonSize" type="Float" container="StaticArray" arraySize="1">
          <containerEntry>-1</containerEntry>
        </property>
        <property name="drawRejectionLevel" type="Int32" container="StaticArray" arraySize="1">
          <containerEntry>8</containerEntry>
        </property>
        <property name="drawMode" type="Int32" container="StaticArray" arraySize="1">
          <containerEntry>0</containerEntry>
        </property>
        <property name="rejectFarRangeShadowCast" type="Int32" container="StaticArray" arraySize="1">
          <containerEntry>2</containerEntry>
        </property>
        <property name="parentLocator" type="EntityLink" container="StaticArray" arraySize="1">
          <containerEntry packagePathHash="0xB8A0BF169F98" archivePathHash="0xB8A0BF169F98" nameInArchiveHash="0xB8A0BF169F98">0x0</containerEntry>
        </property>
        <property name="transforms" type="Matrix4" container="DynamicArray" arraySize="2">
          <containerEntry r11="-0.053272247" r12="0" r13="0.9985808" r14="0" r21="0" r22="1" r23="0" r24="0" r31="-0.9985808" r32="0" r33="-0.053272247" r34="0" r41="1734.29" r42="-9.187526" r43="1749.1558" r44="1"></containerEntry>
          <containerEntry r11="-0.053272247" r12="0" r13="0.9985808" r14="0" r21="0" r22="1" r23="0" r24="0" r31="-0.9985808" r32="0" r33="-0.053272247" r34="0" r41="1666.99" r42="-7.91835" r43="1752.9824" r44="1"></containerEntry>
        </property>
        <property name="colors" type="UInt32" container="DynamicArray" arraySize="2">
          <containerEntry>4294967295</containerEntry>
          <containerEntry>4294967295</containerEntry>
        </property>
      </staticProperties>
      <dynamicProperties></dynamicProperties>
    </entity>
    <entity class="StaticModelArray" classVersion="4" classID="0xD0" addr="0x317D520" id="0x0">
      <staticProperties>
        <property name="name" type="String" container="StaticArray" arraySize="1">
          <containerEntry>StaticModelArray0001</containerEntry>
        </property>
        <property name="dataSet" type="EntityHandle" container="StaticArray" arraySize="1">
          <containerEntry>0x3304AE0</containerEntry>
        </property>
        <property name="modelFile" type="FilePtr" container="StaticArray" arraySize="1">
          <containerEntry>/Assets/tpp/environ/object/middle_africa/rock/mafr_rock001/scenes/mafr_rock001_vrtn003.fmdl</containerEntry>
        </property>
        <property name="geomFile" type="FilePtr" container="StaticArray" arraySize="1">
          <containerEntry>/Assets/tpp/environ/object/middle_africa/rock/mafr_rock001/scenes/mafr_rock001_vrtn003.geom</containerEntry>
        </property>
        <property name="isVisibleGeom" type="Bool" container="StaticArray" arraySize="1">
          <containerEntry>false</containerEntry>
        </property>
        <property name="lodFarSize" type="Float" container="StaticArray" arraySize="1">
          <containerEntry>-1</containerEntry>
        </property>
        <property name="lodNearSize" type="Float" container="StaticArray" arraySize="1">
          <containerEntry>-1</containerEntry>
        </property>
        <property name="lodPolygonSize" type="Float" container="StaticArray" arraySize="1">
          <containerEntry>-1</containerEntry>
        </property>
        <property name="drawRejectionLevel" type="Int32" container="StaticArray" arraySize="1">
          <containerEntry>8</containerEntry>
        </property>
        <property name="drawMode" type="Int32" container="StaticArray" arraySize="1">
          <containerEntry>0</containerEntry>
        </property>
        <property name="rejectFarRangeShadowCast" type="Int32" container="StaticArray" arraySize="1">
          <containerEntry>2</containerEntry>
        </property>
        <property name="parentLocator" type="EntityLink" container="StaticArray" arraySize="1">
          <containerEntry packagePathHash="0xB8A0BF169F98" archivePathHash="0xB8A0BF169F98" nameInArchiveHash="0xB8A0BF169F98">0x0</containerEntry>
        </property>
        <property name="transforms" type="Matrix4" container="DynamicArray" arraySize="14">
          <containerEntry r11="0.9986977" r12="0.051018685" r13="-0.000113703776" r14="0" r21="-0.05056507" r22="0.9901098" r23="0.13086534" r24="0" r31="0.0067891553" r32="-0.13068917" r33="0.9914002" r34="0" r41="1694.7323" r42="-7.842885" r43="1748.2589" r44="1"></containerEntry>
          <containerEntry r11="0.7513619" r12="-0.13708127" r13="-0.6454953" r14="0" r21="0.056524687" r22="0.98796" r23="-0.14401396" r24="0" r31="0.6574651" r32="0.0717202" r33="0.7500639" r34="0" r41="1743.1771" r42="-10.026937" r43="1752.4808" r44="1"></containerEntry>
          <containerEntry r11="-0.974405" r12="-0.06014686" r13="0.21660028" r14="0" r21="0.04346381" r22="0.8949507" r23="0.44404292" r24="0" r31="-0.22055437" r32="0.44209224" r33="-0.86943007" r34="0" r41="1754.134" r42="-9.787402" r43="1746.1791" r44="1"></containerEntry>
          <containerEntry r11="-0.8511123" r12="0.09492714" r13="-0.51633316" r14="0" r21="0.039613135" r22="0.992325" r23="0.1171404" r24="0" r31="0.52349013" r32="0.079245895" r33="-0.8483404" r34="0" r41="1718.9454" r42="-9.106708" r43="1770.8723" r44="1"></containerEntry>
          <containerEntry r11="-0.85663897" r12="-0.0370405" r13="0.51458603" r14="0" r21="-0.061193243" r22="0.99767333" r23="-0.030055556" r24="0" r31="-0.5122755" r32="-0.057235923" r33="-0.8569125" r34="0" r41="1727.6248" r42="-9.927238" r43="1775.4086" r44="1"></containerEntry>
          <containerEntry r11="-0.27069226" r12="-0.03703911" r13="-0.96195394" r14="0" r21="0.045117386" r22="0.99767333" r23="-0.0511104" r24="0" r31="0.96160895" r32="-0.05723597" r33="-0.26839137" r34="0" r41="1732.5029" r42="-9.927231" r43="1771.8893" r44="1"></containerEntry>
          <containerEntry r11="-0.5395398" r12="-0.19117095" r13="0.8199689" r14="0" r21="0.18278818" r22="1.0161952" r23="0.35719463" r24="0" r31="-0.82516927" r32="0.3135816" r33="-0.4698519" r34="0" r41="1740.5312" r42="-9.436517" r43="1745.0076" r44="1"></containerEntry>
          <containerEntry r11="-0.6959318" r12="-0.04007728" r13="0.71698534" r14="0" r21="0.023599226" r22="0.9966257" r23="0.07861455" r24="0" r31="-0.7177167" r32="0.07163088" r33="-0.69263774" r34="0" r41="1717.2883" r42="-7.333482" r43="1739.4398" r44="1"></containerEntry>
          <containerEntry r11="0.45799178" r12="-0.15923972" r13="-0.8745772" r14="0" r21="-0.04770595" r22="0.9780048" r23="-0.20305349" r24="0" r31="0.88767487" r32="0.1347193" r33="0.4403215" r34="0" r41="1767.5847" r42="-10.199384" r43="1785.0735" r44="1"></containerEntry>
          <containerEntry r11="-0.92195743" r12="0.16157566" r13="0.35197455" r14="0" r21="0.07818389" r22="0.96775365" r23="-0.23945795" r24="0" r31="-0.37931526" r32="-0.1932515" r33="-0.9048603" r34="0" r41="1760.6528" r42="-10.249959" r43="1783.3656" r44="1"></containerEntry>
          <containerEntry r11="0.44617286" r12="-0.018124098" r13="-0.89475983" r14="0" r21="0.07051176" r22="0.9973988" r23="0.014957612" r24="0" r31="0.8921613" r32="-0.06976478" r33="0.44629022" r34="0" r41="1745.8932" r42="-7.04086" r43="1703.3219" r44="1"></containerEntry>
          <containerEntry r11="-0.85904825" r12="-0.013583101" r13="0.5117098" r14="0" r21="0.02926524" r22="0.99670964" r23="0.07558709" r24="0" r31="-0.51105285" r32="0.079908215" r33="-0.8558242" r34="0" r41="1703.9283" r42="-5.206854" r43="1675.8477" r44="1"></containerEntry>
          <containerEntry r11="0.99382186" r12="-0.016389646" r13="-0.109742776" r14="0" r21="0.022375733" r22="0.99831504" r23="0.05353848" r24="0" r31="0.10868039" r32="-0.055663284" r33="0.9925141" r34="0" r41="1693.5193" r42="-5.376328" r43="1691.0057" r44="1"></containerEntry>
          <containerEntry r11="-0.9781472" r12="-0.04550355" r13="0.20285004" r14="0" r21="-0.059458673" r22="0.9962257" r23="-0.06323696" r24="0" r31="-0.19920693" r32="-0.07391637" r33="-0.977161" r34="0" r41="1709.5018" r42="-8.011671" r43="1666.4005" r44="1"></containerEntry>
        </property>
        <property name="colors" type="UInt32" container="DynamicArray" arraySize="14">
          <containerEntry>4294967295</containerEntry>
          <containerEntry>4294967295</containerEntry>
          <containerEntry>4294967295</containerEntry>
          <containerEntry>4294967295</containerEntry>
          <containerEntry>4294967295</containerEntry>
          <containerEntry>4294967295</containerEntry>
          <containerEntry>4294967295</containerEntry>
          <containerEntry>4294967295</containerEntry>
          <containerEntry>4294967295</containerEntry>
          <containerEntry>4294967295</containerEntry>
          <containerEntry>4294967295</containerEntry>
          <containerEntry>4294967295</containerEntry>
          <containerEntry>4294967295</containerEntry>
          <containerEntry>4294967295</containerEntry>
        </property>
      </staticProperties>
      <dynamicProperties></dynamicProperties>
    </entity>
    <entity class="StaticModelArray" classVersion="4" classID="0xD0" addr="0x317D360" id="0x0">
      <staticProperties>
        <property name="name" type="String" container="StaticArray" arraySize="1">
          <containerEntry>StaticModelArray0002</containerEntry>
        </property>
        <property name="dataSet" type="EntityHandle" container="StaticArray" arraySize="1">
          <containerEntry>0x3304AE0</containerEntry>
        </property>
        <property name="modelFile" type="FilePtr" container="StaticArray" arraySize="1">
          <containerEntry>/Assets/tpp/environ/object/middle_africa/rock/mafr_rock001/scenes/mafr_rock001.fmdl</containerEntry>
        </property>
        <property name="geomFile" type="FilePtr" container="StaticArray" arraySize="1">
          <containerEntry>/Assets/tpp/environ/object/middle_africa/rock/mafr_rock001/scenes/mafr_rock001.geom</containerEntry>
        </property>
        <property name="isVisibleGeom" type="Bool" container="StaticArray" arraySize="1">
          <containerEntry>false</containerEntry>
        </property>
        <property name="lodFarSize" type="Float" container="StaticArray" arraySize="1">
          <containerEntry>-1</containerEntry>
        </property>
        <property name="lodNearSize" type="Float" container="StaticArray" arraySize="1">
          <containerEntry>-1</containerEntry>
        </property>
        <property name="lodPolygonSize" type="Float" container="StaticArray" arraySize="1">
          <containerEntry>-1</containerEntry>
        </property>
        <property name="drawRejectionLevel" type="Int32" container="StaticArray" arraySize="1">
          <containerEntry>8</containerEntry>
        </property>
        <property name="drawMode" type="Int32" container="StaticArray" arraySize="1">
          <containerEntry>0</containerEntry>
        </property>
        <property name="rejectFarRangeShadowCast" type="Int32" container="StaticArray" arraySize="1">
          <containerEntry>2</containerEntry>
        </property>
        <property name="parentLocator" type="EntityLink" container="StaticArray" arraySize="1">
          <containerEntry packagePathHash="0xB8A0BF169F98" archivePathHash="0xB8A0BF169F98" nameInArchiveHash="0xB8A0BF169F98">0x0</containerEntry>
        </property>
        <property name="transforms" type="Matrix4" container="DynamicArray" arraySize="19">
          <containerEntry r11="0.9482353" r12="0" r13="0.31756875" r14="0" r21="0" r22="1" r23="0" r24="0" r31="-0.31756875" r32="0" r33="0.9482353" r34="0" r41="1753.1779" r42="-7.477743" r43="1737.7013" r44="1"></containerEntry>
          <containerEntry r11="-0.3897345" r12="0" r13="-0.9209269" r14="0" r21="0" r22="1" r23="0" r24="0" r31="0.9209269" r32="0" r33="-0.3897345" r34="0" r41="1745.723" r42="-7.767915" r43="1741.6421" r44="1"></containerEntry>
          <containerEntry r11="0.7699071" r12="0.039215334" r13="0.63694984" r14="0" r21="0.054035224" r22="0.9905195" r23="-0.12629822" r24="0" r31="-0.6358641" r32="0.13165563" r33="0.760489" r34="0" r41="1786.7585" r42="-10.709116" r43="1784.2732" r44="1"></containerEntry>
          <containerEntry r11="-0.033121295" r12="-0.12463504" r13="-0.9916501" r14="0" r21="0.054035943" r22="0.9905196" r23="-0.1262978" r24="0" r31="0.9979899" r32="-0.057767827" r33="-0.026072502" r34="0" r41="1778.412" r42="-9.88045" r43="1785.178" r44="1"></containerEntry>
          <containerEntry r11="0.6392108" r12="-0.07013497" r13="-0.27656943" r14="0" r21="0.03782438" r22="0.69336367" r23="-0.0884092" r24="0" r31="0.28280538" r32="0.06578721" r33="0.6369405" r34="0" r41="1789" r42="-10.075073" r43="1787.1013" r44="1"></containerEntry>
          <containerEntry r11="0.42730078" r12="0.09703471" r13="0.8988861" r14="0" r21="0.10331149" r22="0.9824711" r23="-0.15516856" r24="0" r31="-0.8981863" r32="0.15916891" r33="0.40978587" r34="0" r41="1769.5962" r42="-10.616267" r43="1753.313" r44="1"></containerEntry>
          <containerEntry r11="0.8068835" r12="-0.0033399574" r13="-0.59070086" r14="0" r21="0.084500924" r22="0.9903523" r23="0.10982648" r24="0" r31="0.58463514" r32="-0.13853197" r33="0.7993812" r34="0" r41="1763.8324" r42="-9.88045" r43="1757.276" r44="1"></containerEntry>
          <containerEntry r11="-0.9218385" r12="-0.11086204" r13="0.37138066" r14="0" r21="-0.04770209" r22="0.98338586" r23="0.17514813" r24="0" r31="-0.38462773" r32="0.14374247" r33="-0.9118113" r34="0" r41="1715.3104" r42="-7.562194" r43="1744.0079" r44="1"></containerEntry>
          <containerEntry r11="-0.7313161" r12="0.08965237" r13="-0.6761226" r14="0" r21="0.10709373" r22="0.9941204" r23="0.015982518" r24="0" r31="0.6735802" r32="-0.060720164" r33="-0.73661745" r34="0" r41="1715.3104" r42="-8.343803" r43="1783.3887" r44="1"></containerEntry>
          <containerEntry r11="-0.8071154" r12="0.27088806" r13="0.5245784" r14="0" r21="0.30853248" r22="0.95107216" r23="-0.016418502" r24="0" r31="-0.5033594" r32="0.14859782" r33="-0.8512027" r34="0" r41="1719.8895" r42="-8.230324" r43="1785.9613" r44="1"></containerEntry>
          <containerEntry r11="-0.5484556" r12="0.066856645" r13="-0.8335036" r14="0" r21="-0.028734932" r22="0.9947028" r23="0.098694675" r24="0" r31="0.8356868" r32="0.0780801" r33="-0.54362917" r34="0" r41="1718.5487" r42="-7.983494" r43="1755.2783" r44="1"></containerEntry>
          <containerEntry r11="-0.93804413" r12="-0.08047091" r13="-0.33704004" r14="0" r21="-0.10670563" r22="0.9924775" r23="0.060019866" r24="0" r31="0.3296748" r32="0.09226541" r33="-0.93957436" r34="0" r41="1739.8738" r42="-7.150945" r43="1685.857" r44="1"></containerEntry>
          <containerEntry r11="-0.2909372" r12="0.004502167" r13="-0.95672923" r14="0" r21="0.001999022" r22="0.9999896" r23="0.004097841" r24="0" r31="0.9567377" r32="-0.00072030496" r33="-0.29094315" r34="0" r41="1704.515" r42="-5.90271" r43="1693.7642" r44="1"></containerEntry>
          <containerEntry r11="0.5615235" r12="0.004501131" r13="-0.827447" r14="0" r21="-0.0019315166" r22="0.9999896" r23="0.004128954" r24="0" r31="0.827457" r32="-0.00072027516" r33="0.56152636" r34="0" r41="1705.9237" r42="-4.828697" r43="1677.7096" r44="1"></containerEntry>
          <containerEntry r11="-0.8925699" r12="0.06329326" r13="-0.4464419" r14="0" r21="0.229536" r22="0.91599154" r23="-0.32904813" r24="0" r31="0.38811046" r32="-0.39617306" r33="-0.8321145" r34="0" r41="1684.6656" r42="-7.122481" r43="1669.5642" r44="1"></containerEntry>
          <containerEntry r11="0.9919982" r12="-0.06597795" r13="-0.10763108" r14="0" r21="0.09036213" r22="0.9664599" r23="0.2403956" r24="0" r31="0.08816032" r32="-0.24819778" r33="0.96468836" r34="0" r41="1696.6696" r42="-4.607419" r43="1676.0642" r44="1"></containerEntry>
          <containerEntry r11="-0.70931965" r12="0.06329397" r13="0.7020386" r14="0" r21="-0.23795857" r22="0.9159914" r23="-0.32300985" r24="0" r31="-0.6635059" r32="-0.3961732" r33="-0.6346694" r34="0" r41="1696.7877" r42="-6.977053" r43="1670.5026" r44="1"></containerEntry>
          <containerEntry r11="0.67679745" r12="-0.11459429" r13="-0.7271942" r14="0" r21="0.11321708" r22="0.9922608" r23="-0.0509938" r24="0" r31="0.72740996" r32="-0.047818307" r33="0.6845336" r34="0" r41="1733.6484" r42="-8.168247" r43="1671.0345" r44="1"></containerEntry>
          <containerEntry r11="0.67679745" r12="-0.11459429" r13="-0.7271942" r14="0" r21="0.11321708" r22="0.9922608" r23="-0.0509938" r24="0" r31="0.72740996" r32="-0.047818307" r33="0.6845336" r34="0" r41="1746.5005" r42="-7.01624" r43="1676.313" r44="1"></containerEntry>
        </property>
        <property name="colors" type="UInt32" container="DynamicArray" arraySize="19">
          <containerEntry>4294967295</containerEntry>
          <containerEntry>4294967295</containerEntry>
          <containerEntry>4294967295</containerEntry>
          <containerEntry>4294967295</containerEntry>
          <containerEntry>4294967295</containerEntry>
          <containerEntry>4294967295</containerEntry>
          <containerEntry>4294967295</containerEntry>
          <containerEntry>4294967295</containerEntry>
          <containerEntry>4294967295</containerEntry>
          <containerEntry>4294967295</containerEntry>
          <containerEntry>4294967295</containerEntry>
          <containerEntry>4294967295</containerEntry>
          <containerEntry>4294967295</containerEntry>
          <containerEntry>4294967295</containerEntry>
          <containerEntry>4294967295</containerEntry>
          <containerEntry>4294967295</containerEntry>
          <containerEntry>4294967295</containerEntry>
          <containerEntry>4294967295</containerEntry>
          <containerEntry>4294967295</containerEntry>
        </property>
      </staticProperties>
      <dynamicProperties></dynamicProperties>
    </entity>
    <entity class="StaticModelArray" classVersion="4" classID="0xD0" addr="0x317D0C0" id="0x0">
      <staticProperties>
        <property name="name" type="String" container="StaticArray" arraySize="1">
          <containerEntry>StaticModelArray0003</containerEntry>
        </property>
        <property name="dataSet" type="EntityHandle" container="StaticArray" arraySize="1">
          <containerEntry>0x3304AE0</containerEntry>
        </property>
        <property name="modelFile" type="FilePtr" container="StaticArray" arraySize="1">
          <containerEntry>/Assets/tpp/environ/object/middle_africa/rock/mafr_rock002/scenes/mafr_rock002.fmdl</containerEntry>
        </property>
        <property name="geomFile" type="FilePtr" container="StaticArray" arraySize="1">
          <containerEntry>/Assets/tpp/environ/object/middle_africa/rock/mafr_rock002/scenes/mafr_rock002.geom</containerEntry>
        </property>
        <property name="isVisibleGeom" type="Bool" container="StaticArray" arraySize="1">
          <containerEntry>false</containerEntry>
        </property>
        <property name="lodFarSize" type="Float" container="StaticArray" arraySize="1">
          <containerEntry>-1</containerEntry>
        </property>
        <property name="lodNearSize" type="Float" container="StaticArray" arraySize="1">
          <containerEntry>-1</containerEntry>
        </property>
        <property name="lodPolygonSize" type="Float" container="StaticArray" arraySize="1">
          <containerEntry>-1</containerEntry>
        </property>
        <property name="drawRejectionLevel" type="Int32" container="StaticArray" arraySize="1">
          <containerEntry>8</containerEntry>
        </property>
        <property name="drawMode" type="Int32" container="StaticArray" arraySize="1">
          <containerEntry>0</containerEntry>
        </property>
        <property name="rejectFarRangeShadowCast" type="Int32" container="StaticArray" arraySize="1">
          <containerEntry>2</containerEntry>
        </property>
        <property name="parentLocator" type="EntityLink" container="StaticArray" arraySize="1">
          <containerEntry packagePathHash="0xB8A0BF169F98" archivePathHash="0xB8A0BF169F98" nameInArchiveHash="0xB8A0BF169F98">0x0</containerEntry>
        </property>
        <property name="transforms" type="Matrix4" container="DynamicArray" arraySize="2">
          <containerEntry r11="0.58225524" r12="0.017211497" r13="-0.8128224" r14="0" r21="-0.030671464" r22="0.9995292" r23="-0.0008061109" r24="0" r31="0.8124258" r32="0.025399823" r33="0.58250904" r34="0" r41="1752.0055" r42="-7.706439" r43="1710.2965" r44="1"></containerEntry>
          <containerEntry r11="0.7155873" r12="-0.040306672" r13="-0.69735897" r14="0" r21="0.014042528" r22="0.99896216" r23="-0.043329418" r24="0" r31="0.69838166" r32="0.021213273" r33="0.71541065" r34="0" r41="1992.0946" r42="-11.251019" r43="1691.136" r44="1"></containerEntry>
        </property>
        <property name="colors" type="UInt32" container="DynamicArray" arraySize="2">
          <containerEntry>4294967295</containerEntry>
          <containerEntry>4294967295</containerEntry>
        </property>
      </staticProperties>
      <dynamicProperties></dynamicProperties>
    </entity>
    <entity class="StaticModelArray" classVersion="4" classID="0xD0" addr="0x317CF70" id="0x0">
      <staticProperties>
        <property name="name" type="String" container="StaticArray" arraySize="1">
          <containerEntry>StaticModelArray0004</containerEntry>
        </property>
        <property name="dataSet" type="EntityHandle" container="StaticArray" arraySize="1">
          <containerEntry>0x3304AE0</containerEntry>
        </property>
        <property name="modelFile" type="FilePtr" container="StaticArray" arraySize="1">
          <containerEntry>/Assets/tpp/environ/object/middle_africa/cliff/mafr_clff003/scenes/mafr_clff003_vrtn001.fmdl</containerEntry>
        </property>
        <property name="geomFile" type="FilePtr" container="StaticArray" arraySize="1">
          <containerEntry>/Assets/tpp/environ/object/middle_africa/cliff/mafr_clff003/scenes/mafr_clff003_vrtn001.geom</containerEntry>
        </property>
        <property name="isVisibleGeom" type="Bool" container="StaticArray" arraySize="1">
          <containerEntry>false</containerEntry>
        </property>
        <property name="lodFarSize" type="Float" container="StaticArray" arraySize="1">
          <containerEntry>-1</containerEntry>
        </property>
        <property name="lodNearSize" type="Float" container="StaticArray" arraySize="1">
          <containerEntry>-1</containerEntry>
        </property>
        <property name="lodPolygonSize" type="Float" container="StaticArray" arraySize="1">
          <containerEntry>-1</containerEntry>
        </property>
        <property name="drawRejectionLevel" type="Int32" container="StaticArray" arraySize="1">
          <containerEntry>8</containerEntry>
        </property>
        <property name="drawMode" type="Int32" container="StaticArray" arraySize="1">
          <containerEntry>0</containerEntry>
        </property>
        <property name="rejectFarRangeShadowCast" type="Int32" container="StaticArray" arraySize="1">
          <containerEntry>2</containerEntry>
        </property>
        <property name="parentLocator" type="EntityLink" container="StaticArray" arraySize="1">
          <containerEntry packagePathHash="0xB8A0BF169F98" archivePathHash="0xB8A0BF169F98" nameInArchiveHash="0xB8A0BF169F98">0x0</containerEntry>
        </property>
        <property name="transforms" type="Matrix4" container="DynamicArray" arraySize="19">
          <containerEntry r11="-0.9499069" r12="-0.045730166" r13="-0.30916727" r14="0" r21="-0.24318847" r22="0.7295017" r23="0.6392859" r24="0" r31="0.19630337" r32="0.6824484" r33="-0.70407957" r34="0" r41="1777.6677" r42="-15.271797" r43="1773.7218" r44="1"></containerEntry>
          <containerEntry r11="0.9917494" r12="-0.09153864" r13="-0.089742556" r14="0" r21="0.001054015" r22="0.70586574" r23="-0.708345" r24="0" r31="0.12818712" r32="0.7024061" r33="0.7001384" r34="0" r41="1777.6677" r42="-15.420744" r43="1779.2192" r44="1"></containerEntry>
          <containerEntry r11="0.73012835" r12="-0.04651103" r13="-0.16507345" r14="0" r21="-0.06398539" r22="0.59589183" r23="-0.45090866" r24="0" r31="0.15911755" r32="0.45304468" r33="0.5761354" r34="0" r41="1757.8877" r42="-12.837841" r43="1758.651" r44="1"></containerEntry>
          <containerEntry r11="0.5078188" r12="-0.176211" r13="0.5230388" r14="0" r21="0.440113" r22="0.5581718" r23="-0.23925863" r24="0" r31="-0.3330473" r32="0.46892837" r33="0.48133725" r34="0" r41="1734.887" r42="-12.529028" r43="1772.6023" r44="1"></containerEntry>
          <containerEntry r11="0.728001" r12="-0.022405729" r13="-0.17892036" r14="0" r21="-0.07250747" r22="0.6449975" r23="-0.37579358" r24="0" r31="0.16509749" r32="0.38206825" r33="0.62391233" r34="0" r41="1743.1875" r42="-12.98138" r43="1772.6023" r44="1"></containerEntry>
          <containerEntry r11="0.683437" r12="-0.01662299" r13="-0.30844375" r14="0" r21="-0.12767442" r22="0.6667441" r23="-0.31882828" r24="0" r31="0.2812705" r32="0.3430392" r33="0.60474026" r34="0" r41="1693.739" r42="-11.768289" r43="1771.6057" r44="1"></containerEntry>
          <containerEntry r11="0.5842149" r12="-0.051547866" r13="-0.46747783" r14="0" r21="-0.29371887" r22="0.5422384" r23="-0.42685646" r24="0" r31="0.3673172" r32="0.5155774" r33="0.4021909" r34="0" r41="1700.1893" r42="-10.302799" r43="1785.7621" r44="1"></containerEntry>
          <containerEntry r11="0.7428779" r12="-0.10261852" r13="0.010095656" r14="0" r21="0.08143005" r22="0.5387906" r23="-0.5153388" r24="0" r31="0.063258454" r32="0.5115411" r33="0.5448158" r34="0" r41="1702.89" r42="-10.835814" r43="1788.6813" r44="1"></containerEntry>
          <containerEntry r11="0.7428779" r12="-0.10261843" r13="0.010095684" r14="0" r21="0.08142996" r22="0.5387906" r23="-0.51533824" r24="0" r31="0.063258424" r32="0.5115406" r33="0.5448158" r34="0" r41="1702.8898" r42="-10.836099" r43="1788.6813" r44="1"></containerEntry>
          <containerEntry r11="-0.7039158" r12="-0.10850237" r13="-0.2350063" r14="0" r21="-0.19342884" r22="0.6729822" r23="0.26866367" r24="0" r31="0.17200582" r32="0.31276527" r33="-0.6596136" r34="0" r41="1709.526" r42="-11.822705" r43="1778.8265" r44="1"></containerEntry>
          <containerEntry r11="0.23229267" r12="-0.1768054" r13="0.6908535" r14="0" r21="0.48186398" r22="0.5745276" r23="-0.014986485" r24="0" r31="-0.525686" r32="0.44850567" r33="0.2915401" r34="0" r41="1712.075" r42="-10.477121" r43="1742.0103" r44="1"></containerEntry>
          <containerEntry r11="0.5456415" r12="-0.01966466" r13="0.5141871" r14="0" r21="0.33491978" r22="0.58254087" r23="-0.3331285" r24="0" r31="-0.39064533" r32="0.47197372" r33="0.43259275" r34="0" r41="1729.6106" r42="-11.676749" r43="1755.6807" r44="1"></containerEntry>
          <containerEntry r11="0.6733012" r12="0.052383307" r13="0.32622278" r14="0" r21="0.10888081" r22="0.6639721" r23="-0.33133957" r24="0" r31="-0.31194597" r32="0.34481436" r33="0.5884663" r34="0" r41="1729.6106" r42="-9.525889" r43="1697.8088" r44="1"></containerEntry>
          <containerEntry r11="-0.6948814" r12="-0.009811141" r13="-0.28202987" r14="0" r21="-0.2165058" r22="0.49929506" r23="0.51607096" r24="0" r31="0.18100369" r32="0.5595603" r33="-0.46543273" r34="0" r41="1731.1548" r42="-10.417098" r43="1710.906" r44="1"></containerEntry>
          <containerEntry r11="0.47339034" r12="-0.024806544" r13="-0.5811933" r14="0" r21="-0.2937295" r22="0.6365882" r23="-0.2664174" r24="0" r31="0.5021196" r32="0.39577758" r33="0.39209113" r34="0" r41="1734.0499" r42="-8.967103" r43="1701.1383" r44="1"></containerEntry>
          <containerEntry r11="0.36914718" r12="-0.060566917" r13="0.65004724" r14="0" r21="0.42748627" r22="0.58683944" r23="-0.18808177" r24="0" r31="-0.4934423" r32="0.46308845" r33="0.3233623" r34="0" r41="1744.8013" r42="-9.525889" r43="1691.4326" r44="1"></containerEntry>
