<fox formatVersion="2" fileVersion="0">
  <entities>
    <entity class="DataSet" classVersion="0" classID="0xE8" addr="0x2EF3FF0" id="0x116C5B">
      <staticProperties>
        <property name="name" type="String" container="StaticArray" arraySize="1">
          <containerEntry hash="0xB8A0BF169F98"></containerEntry>
        </property>
        <property name="dataSet" type="EntityHandle" container="StaticArray" arraySize="1">
          <containerEntry>0x0</containerEntry>
        </property>
        <property name="dataList" type="EntityPtr" container="StringMap" arraySize="2">
          <containerEntry key="StaticModelArray0000">
            <data>0x2D74D10</data>
          </containerEntry>
          <containerEntry key="TexturePackLoadConditioner0000">
            <data>0x2D77EF0</data>
          </containerEntry>
        </property>
      </staticProperties>
      <dynamicProperties></dynamicProperties>
    </entity>
    <entity class="StaticModelArray" classVersion="4" classID="0xD0" addr="0x2D74D10" id="0x0">
      <staticProperties>
        <property name="name" type="String" container="StaticArray" arraySize="1">
          <containerEntry>StaticModelArray0000</containerEntry>
        </property>
        <property name="dataSet" type="EntityHandle" container="StaticArray" arraySize="1">
          <containerEntry>0x2EF3FF0</containerEntry>
        </property>
        <property name="modelFile" type="FilePtr" container="StaticArray" arraySize="1">
          <containerEntry>/Assets/tpp/environ/object/middle_africa/tree/mafr_tree031/scenes/mafr_tree031_vrtn008.fmdl</containerEntry>
        </property>
        <property name="geomFile" type="FilePtr" container="StaticArray" arraySize="1">
          <containerEntry>/Assets/tpp/environ/object/middle_africa/tree/mafr_tree031/scenes/mafr_tree031_vrtn008.geom</containerEntry>
        </property>
        <property name="isVisibleGeom" type="Bool" container="StaticArray" arraySize="1">
          <containerEntry>false</containerEntry>
        </property>
        <property name="lodFarSize" type="Float" container="StaticArray" arraySize="1">
          <containerEntry>-1</containerEntry>
        </property>
        <property name="lodNearSize" type="Float" container="StaticArray" arraySize="1">
          <containerEntry>-1</containerEntry>
        </property>
        <property name="lodPolygonSize" type="Float" container="StaticArray" arraySize="1">
          <containerEntry>-1</containerEntry>
        </property>
        <property name="drawRejectionLevel" type="Int32" container="StaticArray" arraySize="1">
          <containerEntry>7</containerEntry>
        </property>
        <property name="drawMode" type="Int32" container="StaticArray" arraySize="1">
          <containerEntry>0</containerEntry>
        </property>
        <property name="rejectFarRangeShadowCast" type="Int32" container="StaticArray" arraySize="1">
          <containerEntry>2</containerEntry>
        </property>
        <property name="parentLocator" type="EntityLink" container="StaticArray" arraySize="1">
          <containerEntry packagePathHash="0xB8A0BF169F98" archivePathHash="0xB8A0BF169F98" nameInArchiveHash="0xB8A0BF169F98">0x0</containerEntry>
        </property>
        <property name="transforms" type="Matrix4" container="DynamicArray" arraySize="7">
          <containerEntry r11="-0.29132536" r12="0.06705913" r13="0.95426345" r14="0" r21="0.019582681" r22="0.997749" r23="-0.064136565" r24="0" r31="-0.9564163" r32="2.3767209e-06" r33="-0.2919828" r34="0" r41="1932.3666" r42="3.773084" r43="2679.2495" r44="1"></containerEntry>
          <containerEntry r11="0.99759716" r12="0.06706029" r13="-0.017052475" r14="0" r21="-0.06705092" r22="0.9977489" r23="0.0011447242" r24="0" r31="0.017090853" r32="1.4096064e-06" r33="0.9998479" r34="0" r41="1936.9204" r42="3.256718" r43="2651.8525" r44="1"></containerEntry>
          <containerEntry r11="-0.7809127" r12="0.067059524" r13="0.6210211" r14="0" r21="0.052487515" r22="0.997749" r23="-0.04173819" r24="0" r31="-0.62242204" r32="1.9352806e-06" r33="-0.7826746" r34="0" r41="1940.0582" r42="3.302833" r43="2619.315" r44="1"></containerEntry>
          <containerEntry r11="0.8315197" r12="0.067059375" r13="0.5514233" r14="0" r21="-0.05588727" r22="0.997749" r23="-0.037062347" r24="0" r31="-0.5526674" r32="4.9732375e-07" r33="0.8333957" r34="0" r41="1959.339" r42="1.767269" r43="2599.3254" r44="1"></containerEntry>
          <containerEntry r11="-0.7319074" r12="0.01191763" r13="-0.68128914" r14="0" r21="-0.008929091" r22="0.99959344" r23="0.027078155" r24="0" r31="0.6813349" r32="0.025901975" r33="-0.7315035" r34="0" r41="2001.9141" r42="0.61833" r43="2575.2207" r44="1"></containerEntry>
          <containerEntry r11="0.30136913" r12="0.015185759" r13="0.9533772" r14="0" r21="-0.026462384" r22="0.9996212" r23="-0.0075574084" r24="0" r31="-0.9531309" r32="-0.02295106" r33="0.3016568" r34="0" r41="2003.4496" r42="2.395772" r43="2612.9739" r44="1"></containerEntry>
          <containerEntry r11="-0.8523107" r12="0.048165783" r13="0.52079445" r14="0" r21="0.016699016" r22="0.9977489" r23="-0.0649479" r24="0" r31="-0.52275044" r32="-0.04665921" r33="-0.8511964" r34="0" r41="1943.0067" r42="-3.726099" r43="2564.4355" r44="1"></containerEntry>
        </property>
        <property name="colors" type="UInt32" container="DynamicArray" arraySize="7">
          <containerEntry>4294967295</containerEntry>
          <containerEntry>4294967295</containerEntry>
          <containerEntry>4294967295</containerEntry>
          <containerEntry>4294967295</containerEntry>
          <containerEntry>4294967295</containerEntry>
          <containerEntry>4294967295</containerEntry>
          <containerEntry>4294967295</containerEntry>
        </property>
      </staticProperties>
      <dynamicProperties></dynamicProperties>
    </entity>
    <entity class="TexturePackLoadConditioner" classVersion="0" classID="0x48" addr="0x2D77EF0" id="0x0">
      <staticProperties>
        <property name="name" type="String" container="StaticArray" arraySize="1">
          <containerEntry>TexturePackLoadConditioner0000</containerEntry>
        </property>
        <property name="dataSet" type="EntityHandle" container="StaticArray" arraySize="1">
          <containerEntry>0x2EF3FF0</containerEntry>
        </property>
        <property name="texturePackPath" type="Path" container="StaticArray" arraySize="1">
          <containerEntry hash="0xB8A0BF169F98"></containerEntry>
        </property>
      </staticProperties>
      <dynamicProperties></dynamicProperties>
    </entity>
  </entities>
</fox>