<fox formatVersion="2" fileVersion="0">
  <entities>
    <entity class="DataSet" classVersion="0" classID="0xE8" addr="0x2F04840" id="0xC2D4F6">
      <staticProperties>
        <property name="name" type="String" container="StaticArray" arraySize="1">
          <containerEntry hash="0xB8A0BF169F98"></containerEntry>
        </property>
        <property name="dataSet" type="EntityHandle" container="StaticArray" arraySize="1">
          <containerEntry>0x0</containerEntry>
        </property>
        <property name="dataList" type="EntityPtr" container="StringMap" arraySize="10">
          <containerEntry key="StaticModelArray0000">
            <data>0x2D7A5E0</data>
          </containerEntry>
          <containerEntry key="StaticModelArray0001">
            <data>0x2D7A650</data>
          </containerEntry>
          <containerEntry key="StaticModelArray0002">
            <data>0x2D7A6C0</data>
          </containerEntry>
          <containerEntry key="StaticModelArray0003">
            <data>0x2D7A030</data>
          </containerEntry>
          <containerEntry key="StaticModelArray0004">
            <data>0x2F04DF0</data>
          </containerEntry>
          <containerEntry key="StaticModelArray0005">
            <data>0x2D7A3B0</data>
          </containerEntry>
          <containerEntry key="StaticModelArray0006">
            <data>0x2F04E60</data>
          </containerEntry>
          <containerEntry key="StaticModelArray0007">
            <data>0x2D7A340</data>
          </containerEntry>
          <containerEntry key="StaticModelArray0008">
            <data>0x2D77400</data>
          </containerEntry>
          <containerEntry key="TexturePackLoadConditioner0000">
            <data>0x2D7AB20</data>
          </containerEntry>
        </property>
      </staticProperties>
      <dynamicProperties></dynamicProperties>
    </entity>
    <entity class="StaticModelArray" classVersion="4" classID="0xD0" addr="0x2D7A5E0" id="0x0">
      <staticProperties>
        <property name="name" type="String" container="StaticArray" arraySize="1">
          <containerEntry>StaticModelArray0000</containerEntry>
        </property>
        <property name="dataSet" type="EntityHandle" container="StaticArray" arraySize="1">
          <containerEntry>0x2F04840</containerEntry>
        </property>
        <property name="modelFile" type="FilePtr" container="StaticArray" arraySize="1">
          <containerEntry>/Assets/tpp/environ/object/middle_africa/tree/mafr_tree031/scenes/mafr_tree031_vrtn007.fmdl</containerEntry>
        </property>
        <property name="geomFile" type="FilePtr" container="StaticArray" arraySize="1">
          <containerEntry>/Assets/tpp/environ/object/middle_africa/tree/mafr_tree031/scenes/mafr_tree031_vrtn007.geom</containerEntry>
        </property>
        <property name="isVisibleGeom" type="Bool" container="StaticArray" arraySize="1">
          <containerEntry>false</containerEntry>
        </property>
        <property name="lodFarSize" type="Float" container="StaticArray" arraySize="1">
          <containerEntry>-1</containerEntry>
        </property>
        <property name="lodNearSize" type="Float" container="StaticArray" arraySize="1">
          <containerEntry>-1</containerEntry>
        </property>
        <property name="lodPolygonSize" type="Float" container="StaticArray" arraySize="1">
          <containerEntry>-1</containerEntry>
        </property>
        <property name="drawRejectionLevel" type="Int32" container="StaticArray" arraySize="1">
          <containerEntry>8</containerEntry>
        </property>
        <property name="drawMode" type="Int32" container="StaticArray" arraySize="1">
          <containerEntry>0</containerEntry>
        </property>
        <property name="rejectFarRangeShadowCast" type="Int32" container="StaticArray" arraySize="1">
          <containerEntry>2</containerEntry>
        </property>
        <property name="parentLocator" type="EntityLink" container="StaticArray" arraySize="1">
          <containerEntry packagePathHash="0xB8A0BF169F98" archivePathHash="0xB8A0BF169F98" nameInArchiveHash="0xB8A0BF169F98">0x0</containerEntry>
        </property>
        <property name="transforms" type="Matrix4" container="DynamicArray" arraySize="7">
          <containerEntry r11="1.9889872" r12="0.20959479" r13="0" r14="0" r21="-0.20959479" r22="1.9889872" r23="0" r24="0" r31="0" r32="0" r33="2" r34="0" r41="2010.4056" r42="187.73674" r43="-1999.0544" r44="1"></containerEntry>
          <containerEntry r11="-0.7470116" r12="-0.07871771" r13="0.6601342" r14="0" r21="-0.10479726" r22="0.9944936" r23="-7.748604e-07" r24="0" r31="-0.65649915" r32="-0.06918084" r33="-0.7511477" r34="0" r41="1990.4978" r42="185.94162" r43="-1995.522" r44="1"></containerEntry>
          <containerEntry r11="0.8259193" r12="0.15604547" r13="-0.54176265" r14="0" r21="-0.16186398" r22="0.986109" r23="0.03726956" r24="0" r31="0.54005283" r32="0.056910302" r33="0.83970463" r34="0" r41="1968.8698" r42="182.0013" r43="-1992.6302" r44="1"></containerEntry>
          <containerEntry r11="0.7698008" r12="0.1400816" r13="-0.6227232" r14="0" r21="-0.18047772" r22="0.9835774" r23="-0.0018480644" r24="0" r31="0.6122376" r32="0.11381023" r33="0.7824402" r34="0" r41="2002.5316" r42="187.46564" r43="-2009.0209" r44="1"></containerEntry>
          <containerEntry r11="0.5078045" r12="0.021772109" r13="-0.8611971" r14="0" r21="-0.11522602" r22="0.9924145" r23="-0.04285352" r24="0" r31="0.8537315" r32="0.12099354" r33="0.50646126" r34="0" r41="1949.017" r42="179.57108" r43="-1973.2784" r44="1"></containerEntry>
          <containerEntry r11="0.9655855" r12="0.24319547" r13="-0.09219929" r14="0" r21="-0.24688214" r22="0.9685568" r23="-0.030772123" r24="0" r31="0.08181662" r32="0.052475456" r33="0.99526495" r34="0" r41="1926.0234" r42="175.18369" r43="-1954.959" r44="1"></containerEntry>
          <containerEntry r11="-1.68009" r12="-0.14865977" r13="1.0747957" r14="0" r21="-0.23045161" r22="1.9848292" r23="-0.08570543" r24="0" r31="-1.0602725" r32="-0.19584084" r33="-1.6844752" r34="0" r41="1947.33" r42="177.4249" r43="-1960.7102" r44="1"></containerEntry>
        </property>
        <property name="colors" type="UInt32" container="DynamicArray" arraySize="7">
          <containerEntry>4294967295</containerEntry>
          <containerEntry>4294967295</containerEntry>
          <containerEntry>4294967295</containerEntry>
          <containerEntry>4294967295</containerEntry>
          <containerEntry>4294967295</containerEntry>
          <containerEntry>4294967295</containerEntry>
          <containerEntry>4294967295</containerEntry>
        </property>
      </staticProperties>
      <dynamicProperties></dynamicProperties>
    </entity>
    <entity class="StaticModelArray" classVersion="4" classID="0xD0" addr="0x2D7A650" id="0x0">
      <staticProperties>
        <property name="name" type="String" container="StaticArray" arraySize="1">
          <containerEntry>StaticModelArray0001</containerEntry>
        </property>
        <property name="dataSet" type="EntityHandle" container="StaticArray" arraySize="1">
          <containerEntry>0x2F04840</containerEntry>
        </property>
        <property name="modelFile" type="FilePtr" container="StaticArray" arraySize="1">
          <containerEntry>/Assets/tpp/environ/object/middle_africa/cliff/mafr_clff003/scenes/mafr_clff003_vrtn001.fmdl</containerEntry>
        </property>
        <property name="geomFile" type="FilePtr" container="StaticArray" arraySize="1">
          <containerEntry>/Assets/tpp/environ/object/middle_africa/cliff/mafr_clff003/scenes/mafr_clff003_vrtn001.geom</containerEntry>
        </property>
        <property name="isVisibleGeom" type="Bool" container="StaticArray" arraySize="1">
          <containerEntry>false</containerEntry>
        </property>
        <property name="lodFarSize" type="Float" container="StaticArray" arraySize="1">
          <containerEntry>-1</containerEntry>
        </property>
        <property name="lodNearSize" type="Float" container="StaticArray" arraySize="1">
          <containerEntry>-1</containerEntry>
        </property>
        <property name="lodPolygonSize" type="Float" container="StaticArray" arraySize="1">
          <containerEntry>-1</containerEntry>
        </property>
        <property name="drawRejectionLevel" type="Int32" container="StaticArray" arraySize="1">
          <containerEntry>8</containerEntry>
        </property>
        <property name="drawMode" type="Int32" container="StaticArray" arraySize="1">
          <containerEntry>0</containerEntry>
        </property>
        <property name="rejectFarRangeShadowCast" type="Int32" container="StaticArray" arraySize="1">
          <containerEntry>2</containerEntry>
        </property>
        <property name="parentLocator" type="EntityLink" container="StaticArray" arraySize="1">
          <containerEntry packagePathHash="0xB8A0BF169F98" archivePathHash="0xB8A0BF169F98" nameInArchiveHash="0xB8A0BF169F98">0x0</containerEntry>
        </property>
        <property name="transforms" type="Matrix4" container="DynamicArray" arraySize="10">
          <containerEntry r11="-0.848616" r12="-0.42642805" r13="1.0778784" r14="0" r21="0.21944295" r22="1.2526153" r23="0.668323" r24="0" r31="-1.1382036" r32="0.5594372" r33="-0.6747874" r34="0" r41="1950.4211" r42="174.24825" r43="-1998.8486" r44="1"></containerEntry>
          <containerEntry r11="-1.2990727" r12="-0.22771713" r13="0.56952465" r14="0" r21="0.048457004" r22="1.2916664" r23="0.6269823" r24="0" r31="-0.61144525" r32="0.5861739" r33="-1.1603194" r34="0" r41="1963.3733" r42="176.28087" r43="-2011.8541" r44="1"></containerEntry>
          <containerEntry r11="-1.9761937" r12="-0.292788" r13="0.09384135" r14="0" r21="-0.15376848" r22="1.4698107" r23="1.3475884" r24="0" r31="-0.26624477" r32="1.3243543" r33="-1.4748178" r34="0" r41="2021.7621" r42="183.78632" r43="-2025.4344" r44="1"></containerEntry>
          <containerEntry r11="1.4292457" r12="0.12573624" r13="0.07284689" r14="0" r21="0.017941298" r22="0.56198937" r23="-1.322003" r24="0" r31="-0.14420256" r32="1.3161323" r33="0.5575368" r34="0" r41="2039.8323" r42="190.03654" r43="-2027.2599" r44="1"></containerEntry>
          <containerEntry r11="1.3233118" r12="0.38166004" r13="0.4087042" r14="0" r21="0.5078605" r22="-0.38077164" r23="-1.2887646" r24="0" r31="-0.23405397" r32="1.3316051" r33="-0.48566255" r34="0" r41="1998.7959" r42="174.63496" r43="-2031.1832" r44="1"></containerEntry>
          <containerEntry r11="-0.9166485" r12="-0.077710226" r13="-0.3920266" r14="0" r21="0.07340367" r22="0.93149054" r23="-0.35628107" r24="0" r31="0.39285576" r32="-0.35536662" r33="-0.84814405" r34="0" r41="2039.3992" r42="185.93918" r43="-2034.8474" r44="1"></containerEntry>
          <containerEntry r11="0.7179456" r12="0.5769712" r13="-0.389427" r14="0" r21="-0.31342262" r22="-0.2315771" r23="-0.92093253" r24="0" r31="-0.62154275" r32="0.7832335" r33="0.0145806335" r34="0" r41="2048.5854" r42="187.72955" r43="-2038.4071" r44="1"></containerEntry>
          <containerEntry r11="-0.8435495" r12="-0.21816337" r13="0.4907123" r14="0" r21="-0.34243858" r22="0.9224116" r23="-0.1785814" r24="0" r31="-0.4136782" r32="-0.31868517" r33="-0.85280687" r34="0" r41="2031.081" r42="184.56229" r43="-2035.491" r44="1"></containerEntry>
          <containerEntry r11="-0.11791228" r12="1.3888187" r13="0.3479979" r14="0" r21="1.2972168" r22="0.2514246" r23="-0.5637786" r24="0" r31="-0.6059279" r32="0.2679557" r33="-1.274695" r34="0" r41="2019.4796" r42="178.67856" r43="-2035.8195" r44="1"></containerEntry>
          <containerEntry r11="-1.3930258" r12="-0.125447" r13="0.327944" r14="0" r21="-0.15881847" r22="1.4218088" r23="-0.13075198" r24="0" r31="-0.3131468" r32="-0.1630412" r33="-1.3925378" r34="0" r41="1982.588" r42="171.76756" r43="-2030.4733" r44="1"></containerEntry>
        </property>
        <property name="colors" type="UInt32" container="DynamicArray" arraySize="10">
          <containerEntry>4294967295</containerEntry>
          <containerEntry>4294967295</containerEntry>
          <containerEntry>4294967295</containerEntry>
          <containerEntry>4294967295</containerEntry>
          <containerEntry>4294967295</containerEntry>
          <containerEntry>4294967295</containerEntry>
          <containerEntry>4294967295</containerEntry>
          <containerEntry>4294967295</containerEntry>
          <containerEntry>4294967295</containerEntry>
          <containerEntry>4294967295</containerEntry>
        </property>
      </staticProperties>
      <dynamicProperties></dynamicProperties>
    </entity>
    <entity class="StaticModelArray" classVersion="4" classID="0xD0" addr="0x2D7A6C0" id="0x0">
      <staticProperties>
        <property name="name" type="String" container="StaticArray" arraySize="1">
          <containerEntry>StaticModelArray0002</containerEntry>
        </property>
        <property name="dataSet" type="EntityHandle" container="StaticArray" arraySize="1">
          <containerEntry>0x2F04840</containerEntry>
        </property>
        <property name="modelFile" type="FilePtr" container="StaticArray" arraySize="1">
          <containerEntry>/Assets/tpp/environ/object/middle_africa/tree/mafr_tree031/scenes/mafr_tree031.fmdl</containerEntry>
        </property>
        <property name="geomFile" type="FilePtr" container="StaticArray" arraySize="1">
          <containerEntry>/Assets/tpp/environ/object/middle_africa/tree/mafr_tree031/scenes/mafr_tree031.geom</containerEntry>
        </property>
        <property name="isVisibleGeom" type="Bool" container="StaticArray" arraySize="1">
          <containerEntry>false</containerEntry>
        </property>
        <property name="lodFarSize" type="Float" container="StaticArray" arraySize="1">
          <containerEntry>-1</containerEntry>
        </property>
        <property name="lodNearSize" type="Float" container="StaticArray" arraySize="1">
          <containerEntry>-1</containerEntry>
        </property>
        <property name="lodPolygonSize" type="Float" container="StaticArray" arraySize="1">
          <containerEntry>-1</containerEntry>
        </property>
        <property name="drawRejectionLevel" type="Int32" container="StaticArray" arraySize="1">
          <containerEntry>8</containerEntry>
        </property>
        <property name="drawMode" type="Int32" container="StaticArray" arraySize="1">
          <containerEntry>0</containerEntry>
        </property>
        <property name="rejectFarRangeShadowCast" type="Int32" container="StaticArray" arraySize="1">
          <containerEntry>2</containerEntry>
        </property>
        <property name="parentLocator" type="EntityLink" container="StaticArray" arraySize="1">
          <containerEntry packagePathHash="0xB8A0BF169F98" archivePathHash="0xB8A0BF169F98" nameInArchiveHash="0xB8A0BF169F98">0x0</containerEntry>
        </property>
        <property name="transforms" type="Matrix4" container="DynamicArray" arraySize="2">
          <containerEntry r11="-0.86795515" r12="-0.06143305" r13="0.49282834" r14="0" r21="-0.061956223" r22="0.9979618" r23="0.015284455" r24="0" r31="-0.49276283" r32="-0.017267559" r33="-0.86999226" r34="0" r41="2012.5502" r42="185.9056" r43="-1926.1975" r44="1"></containerEntry>
          <containerEntry r11="-0.8754112" r12="-0.27503484" r13="0.39751163" r14="0" r21="-0.2553602" r22="0.96136534" r23="0.10280061" r24="0" r31="-0.41042766" r32="-0.011515949" r33="-0.911823" r34="0" r41="2043.667" r42="184.66507" r43="-1946.0288" r44="1"></containerEntry>
        </property>
        <property name="colors" type="UInt32" container="DynamicArray" arraySize="2">
          <containerEntry>4294967295</containerEntry>
          <containerEntry>4294967295</containerEntry>
        </property>
      </staticProperties>
      <dynamicProperties></dynamicProperties>
    </entity>
    <entity class="StaticModelArray" classVersion="4" classID="0xD0" addr="0x2D7A030" id="0x0">
      <staticProperties>
        <property name="name" type="String" container="StaticArray" arraySize="1">
          <containerEntry>StaticModelArray0003</containerEntry>
        </property>
        <property name="dataSet" type="EntityHandle" container="StaticArray" arraySize="1">
          <containerEntry>0x2F04840</containerEntry>
        </property>
        <property name="modelFile" type="FilePtr" container="StaticArray" arraySize="1">
          <containerEntry>/Assets/tpp/environ/object/middle_africa/tree/mafr_tree031/scenes/mafr_tree031_vrtn008.fmdl</containerEntry>
        </property>
        <property name="geomFile" type="FilePtr" container="StaticArray" arraySize="1">
          <containerEntry>/Assets/tpp/environ/object/middle_africa/tree/mafr_tree031/scenes/mafr_tree031_vrtn008.geom</containerEntry>
        </property>
        <property name="isVisibleGeom" type="Bool" container="StaticArray" arraySize="1">
          <containerEntry>false</containerEntry>
        </property>
        <property name="lodFarSize" type="Float" container="StaticArray" arraySize="1">
          <containerEntry>-1</containerEntry>
        </property>
        <property name="lodNearSize" type="Float" container="StaticArray" arraySize="1">
          <containerEntry>-1</containerEntry>
        </property>
        <property name="lodPolygonSize" type="Float" container="StaticArray" arraySize="1">
          <containerEntry>-1</containerEntry>
        </property>
        <property name="drawRejectionLevel" type="Int32" container="StaticArray" arraySize="1">
          <containerEntry>8</containerEntry>
        </property>
        <property name="drawMode" type="Int32" container="StaticArray" arraySize="1">
          <containerEntry>0</containerEntry>
        </property>
        <property name="rejectFarRangeShadowCast" type="Int32" container="StaticArray" arraySize="1">
          <containerEntry>2</containerEntry>
        </property>
        <property name="parentLocator" type="EntityLink" container="StaticArray" arraySize="1">
          <containerEntry packagePathHash="0xB8A0BF169F98" archivePathHash="0xB8A0BF169F98" nameInArchiveHash="0xB8A0BF169F98">0x0</containerEntry>
        </property>
        <property name="transforms" type="Matrix4" container="DynamicArray" arraySize="6">
          <containerEntry r11="0.7039749" r12="0" r13="0.71022433" r14="0" r21="0" r22="1" r23="0" r24="0" r31="-0.71022433" r32="0" r33="0.7039749" r34="0" r41="2035.1008" r42="190.78429" r43="-2003.3994" r44="1"></containerEntry>
          <containerEntry r11="1.9029728" r12="0.3835995" r13="-0.48119193" r14="0" r21="-0.38991532" r22="1.9615035" r23="0.021682715" r24="0" r31="0.47608852" r32="0.07318135" r33="1.9411296" r34="0" r41="1976.8622" r42="184.24678" r43="-1979.8785" r44="1"></containerEntry>
          <containerEntry r11="0.6051212" r12="0.1388718" r13="0.78392714" r14="0" r21="-0.098498695" r22="0.990163" r23="-0.09937404" r24="0" r31="-0.7900159" r32="-0.017082643" r33="0.6128473" r34="0" r41="1981.4414" r42="184.57977" r43="-2006.0701" r44="1"></containerEntry>
          <containerEntry r11="-0.75944793" r12="0" r13="0.65056366" r14="0" r21="0" r22="1" r23="0" r24="0" r31="-0.65056366" r32="0" r33="-0.75944793" r34="0" r41="1939.6957" r42="177.36282" r43="-1980.3241" r44="1"></containerEntry>
          <containerEntry r11="-0.75944793" r12="0" r13="0.65056366" r14="0" r21="0" r22="1" r23="0" r24="0" r31="-0.65056366" r32="0" r33="-0.75944793" r34="0" r41="1906.5327" r42="183.6631" r43="-1945.2067" r44="1"></containerEntry>
          <containerEntry r11="0.69036317" r12="0.19569495" r13="0.696492" r14="0" r21="-0.13776365" r22="0.9806648" r23="-0.1389881" r24="0" r31="-0.71022445" r32="7.376075e-07" r33="0.7039745" r34="0" r41="1932.35" r42="176.80557" r43="-1964.9586" r44="1"></containerEntry>
        </property>
        <property name="colors" type="UInt32" container="DynamicArray" arraySize="6">
          <containerEntry>4294967295</containerEntry>
          <containerEntry>4294967295</containerEntry>
          <containerEntry>4294967295</containerEntry>
          <containerEntry>4294967295</containerEntry>
          <containerEntry>4294967295</containerEntry>
          <containerEntry>4294967295</containerEntry>
        </property>
      </staticProperties>
      <dynamicProperties></dynamicProperties>
    </entity>
    <entity class="StaticModelArray" classVersion="4" classID="0xD0" addr="0x2F04DF0" id="0x0">
      <staticProperties>
        <property name="name" type="String" container="StaticArray" arraySize="1">
          <containerEntry>StaticModelArray0004</containerEntry>
        </property>
        <property name="dataSet" type="EntityHandle" container="StaticArray" arraySize="1">
          <containerEntry>0x2F04840</containerEntry>
        </property>
        <property name="modelFile" type="FilePtr" container="StaticArray" arraySize="1">
          <containerEntry>/Assets/tpp/environ/object/middle_africa/rock/mafr_rock002/scenes/mafr_rock002.fmdl</containerEntry>
        </property>
        <property name="geomFile" type="FilePtr" container="StaticArray" arraySize="1">
          <containerEntry>/Assets/tpp/environ/object/middle_africa/rock/mafr_rock002/scenes/mafr_rock002.geom</containerEntry>
        </property>
        <property name="isVisibleGeom" type="Bool" container="StaticArray" arraySize="1">
          <containerEntry>false</containerEntry>
        </property>
        <property name="lodFarSize" type="Float" container="StaticArray" arraySize="1">
          <containerEntry>-1</containerEntry>
        </property>
        <property name="lodNearSize" type="Float" container="StaticArray" arraySize="1">
          <containerEntry>-1</containerEntry>
        </property>
        <property name="lodPolygonSize" type="Float" container="StaticArray" arraySize="1">
          <containerEntry>-1</containerEntry>
        </property>
        <property name="drawRejectionLevel" type="Int32" container="StaticArray" arraySize="1">
          <containerEntry>8</containerEntry>
        </property>
        <property name="drawMode" type="Int32" container="StaticArray" arraySize="1">
          <containerEntry>0</containerEntry>
        </property>
        <property name="rejectFarRangeShadowCast" type="Int32" container="StaticArray" arraySize="1">
          <containerEntry>2</containerEntry>
        </property>
        <property name="parentLocator" type="EntityLink" container="StaticArray" arraySize="1">
          <containerEntry packagePathHash="0xB8A0BF169F98" archivePathHash="0xB8A0BF169F98" nameInArchiveHash="0xB8A0BF169F98">0x0</containerEntry>
        </property>
        <property name="transforms" type="Matrix4" container="DynamicArray" arraySize="6">
          <containerEntry r11="-0.0014860334" r12="0.017507816" r13="0.9998433" r14="0" r21="0.011745568" r22="0.99977803" r23="-0.017489148" r24="0" r31="-0.9999276" r32="0.0117177265" r33="-0.0016913414" r34="0" r41="1929.0065" r42="169.78873" r43="-2009.9824" r44="1"></containerEntry>
          <containerEntry r11="-0.9607603" r12="-0.11250801" r13="-0.25352284" r14="0" r21="-0.094771676" r22="0.9921853" r23="-0.08115839" r24="0" r31="0.2606726" r32="-0.053947244" r33="-0.96391475" r34="0" r41="1932.2998" r42="167.00426" r43="-2037.7695" r44="1"></containerEntry>
          <containerEntry r11="0.771204" r12="-0.062143195" r13="-0.6335468" r14="0" r21="-0.02237906" r22="0.9919621" r23="-0.124540634" r24="0" r31="0.63619375" r32="0.11022439" r33="0.7636144" r34="0" r41="1960.123" r42="169.2843" r43="-2032.8177" r44="1"></containerEntry>
          <containerEntry r11="-0.6698509" r12="0.033933245" r13="0.74171656" r14="0" r21="-0.037018165" r22="0.99618655" r23="-0.07900659" r24="0" r31="-0.741569" r32="-0.08037985" r33="-0.6660403" r34="0" r41="1923.7556" r42="167.6993" r43="-2023.1359" r44="1"></containerEntry>
          <containerEntry r11="-4.9645205" r12="-0.5937549" r13="0.029735984" r14="0" r21="-0.592711" r22="4.924022" r23="-0.6345851" r24="0" r31="0.04607355" r32="-0.63360846" r33="-4.959467" r34="0" r41="1992.2748" r42="189.01772" r43="-2010.0366" r44="1"></containerEntry>
          <containerEntry r11="-0.8010576" r12="-0.234986" r13="0.5505285" r14="0" r21="-0.42667675" r22="0.8692117" r23="-0.24983498" r24="0" r31="-0.41981786" r32="-0.4350312" r33="-0.79655147" r34="0" r41="2013.1938" r42="182.25189" r43="-2037.6282" r44="1"></containerEntry>
        </property>
        <property name="colors" type="UInt32" container="DynamicArray" arraySize="6">
          <containerEntry>4294967295</containerEntry>
          <containerEntry>4294967295</containerEntry>
          <containerEntry>4294967295</containerEntry>
          <containerEntry>4294967295</containerEntry>
          <containerEntry>4294967295</containerEntry>
          <containerEntry>4294967295</containerEntry>
        </property>
      </staticProperties>
      <dynamicProperties></dynamicProperties>
    </entity>
    <entity class="StaticModelArray" classVersion="4" classID="0xD0" addr="0x2D7A3B0" id="0x0">
      <staticProperties>
        <property name="name" type="String" container="StaticArray" arraySize="1">
          <containerEntry>StaticModelArray0005</containerEntry>
        </property>
        <property name="dataSet" type="EntityHandle" container="StaticArray" arraySize="1">
          <containerEntry>0x2F04840</containerEntry>
        </property>
        <property name="modelFile" type="FilePtr" container="StaticArray" arraySize="1">
          <containerEntry>/Assets/tpp/environ/object/middle_africa/rock/mafr_rock010/scenes/mafr_rock010.fmdl</containerEntry>
        </property>
        <property name="geomFile" type="FilePtr" container="StaticArray" arraySize="1">
          <containerEntry>/Assets/tpp/environ/object/middle_africa/rock/mafr_rock010/scenes/mafr_rock010.geom</containerEntry>
        </property>
        <property name="isVisibleGeom" type="Bool" container="StaticArray" arraySize="1">
          <containerEntry>false</containerEntry>
        </property>
        <property name="lodFarSize" type="Float" container="StaticArray" arraySize="1">
          <containerEntry>-1</containerEntry>
        </property>
        <property name="lodNearSize" type="Float" container="StaticArray" arraySize="1">
          <containerEntry>-1</containerEntry>
        </property>
        <property name="lodPolygonSize" type="Float" container="StaticArray" arraySize="1">
          <containerEntry>-1</containerEntry>
        </property>
        <property name="drawRejectionLevel" type="Int32" container="StaticArray" arraySize="1">
          <containerEntry>8</containerEntry>
        </property>
        <property name="drawMode" type="Int32" container="StaticArray" arraySize="1">
          <containerEntry>0</containerEntry>
        </property>
        <property name="rejectFarRangeShadowCast" type="Int32" container="StaticArray" arraySize="1">
          <containerEntry>2</containerEntry>
        </property>
        <property name="parentLocator" type="EntityLink" container="StaticArray" arraySize="1">
          <containerEntry packagePathHash="0xB8A0BF169F98" archivePathHash="0xB8A0BF169F98" nameInArchiveHash="0xB8A0BF169F98">0x0</containerEntry>
        </property>
        <property name="transforms" type="Matrix4" container="DynamicArray" arraySize="5">
          <containerEntry r11="-0.83251935" r12="-0.1471927" r13="-0.53407574" r14="0" r21="-0.15434225" r22="0.9875129" r23="-0.03157053" r24="0" r31="0.5320536" r32="0.05614742" r33="-0.8448416" r34="0" r41="1930.9423" r42="168.71632" r43="-2004.3672" r44="1"></containerEntry>
          <containerEntry r11="0.99300796" r12="0.046952385" r13="0.10830819" r14="0" r21="-0.034666445" r22="0.99302965" r23="-0.11265114" r24="0" r31="-0.11284249" r32="0.10810882" r33="0.98771405" r34="0" r41="1936.0836" r42="166.57503" r43="-2034.845" r44="1"></containerEntry>
          <containerEntry r11="0.013642231" r12="0.026306754" r13="0.9995629" r14="0" r21="-0.05639975" r22="0.99808264" r23="-0.025498036" r24="0" r31="-0.9983172" r32="-0.056027245" r33="0.015099795" r34="0" r41="1961.4952" r42="168.68869" r43="-2031.5779" r44="1"></containerEntry>
          <containerEntry r11="-0.95280087" r12="-0.06143647" r13="-0.2973238" r14="0" r21="-0.056399785" r22="0.99808264" r23="-0.025497288" r24="0" r31="0.2983202" r32="-0.007524829" r33="-0.95443904" r34="0" r41="1957.0835" r42="166.74823" r43="-2046.3903" r44="1"></containerEntry>
          <containerEntry r11="-0.7801587" r12="-0.10687222" r13="0.6163877" r14="0" r21="-0.17736973" r22="0.98265517" r23="-0.054118678" r24="0" r31="-0.5999127" r32="-0.15154974" r33="-0.78558284" r34="0" r41="1984.5037" r42="171.25732" r43="-2037.802" r44="1"></containerEntry>
        </property>
        <property name="colors" type="UInt32" container="DynamicArray" arraySize="5">
          <containerEntry>4294967295</containerEntry>
          <containerEntry>4294967295</containerEntry>
          <containerEntry>4294967295</containerEntry>
          <containerEntry>4294967295</containerEntry>
          <containerEntry>4294967295</containerEntry>
        </property>
      </staticProperties>
      <dynamicProperties></dynamicProperties>
    </entity>
    <entity class="StaticModelArray" classVersion="4" classID="0xD0" addr="0x2F04E60" id="0x0">
      <staticProperties>
        <property name="name" type="String" container="StaticArray" arraySize="1">
          <containerEntry>StaticModelArray0006</containerEntry>
        </property>
        <property name="dataSet" type="EntityHandle" container="StaticArray" arraySize="1">
          <containerEntry>0x2F04840</containerEntry>
        </property>
        <property name="modelFile" type="FilePtr" container="StaticArray" arraySize="1">
          <containerEntry>/Assets/tpp/environ/object/middle_africa/tree/mafr_tree032/scenes/mafr_tree032.fmdl</containerEntry>
        </property>
        <property name="geomFile" type="FilePtr" container="StaticArray" arraySize="1">
          <containerEntry>/Assets/tpp/environ/object/middle_africa/tree/mafr_tree032/scenes/mafr_tree032.geom</containerEntry>
        </property>
        <property name="isVisibleGeom" type="Bool" container="StaticArray" arraySize="1">
          <containerEntry>false</containerEntry>
        </property>
        <property name="lodFarSize" type="Float" container="StaticArray" arraySize="1">
          <containerEntry>-1</containerEntry>
        </property>
        <property name="lodNearSize" type="Float" container="StaticArray" arraySize="1">
          <containerEntry>-1</containerEntry>
        </property>
        <property name="lodPolygonSize" type="Float" container="StaticArray" arraySize="1">
          <containerEntry>-1</containerEntry>
        </property>
        <property name="drawRejectionLevel" type="Int32" container="StaticArray" arraySize="1">
          <containerEntry>8</containerEntry>
        </property>
        <property name="drawMode" type="Int32" container="StaticArray" arraySize="1">
          <containerEntry>0</containerEntry>
        </property>
        <property name="rejectFarRangeShadowCast" type="Int32" container="StaticArray" arraySize="1">
          <containerEntry>2</containerEntry>
        </property>
        <property name="parentLocator" type="EntityLink" container="StaticArray" arraySize="1">
          <containerEntry packagePathHash="0xB8A0BF169F98" archivePathHash="0xB8A0BF169F98" nameInArchiveHash="0xB8A0BF169F98">0x0</containerEntry>
        </property>
        <property name="transforms" type="Matrix4" container="DynamicArray" arraySize="9">
          <containerEntry r11="0.9646736" r12="0" r13="0.26344803" r14="0" r21="0" r22="1" r23="0" r24="0" r31="-0.26344803" r32="0" r33="0.9646736" r34="0" r41="2030.0591" r42="190.83113" r43="-2023.8007" r44="1"></containerEntry>
          <containerEntry r11="0.11312771" r12="0" r13="0.99358034" r14="0" r21="0" r22="1" r23="0" r24="0" r31="-0.99358034" r32="0" r33="0.11312771" r34="0" r41="2016.1417" r42="190.82951" r43="-2023.3651" r44="1"></containerEntry>
          <containerEntry r11="-0.9584818" r12="0" r13="0.28514743" r14="0" r21="0" r22="1" r23="0" r24="0" r31="-0.28514743" r32="0" r33="-0.9584818" r34="0" r41="1995.0171" r42="187.67522" r43="-2020.1965" r44="1"></containerEntry>
          <containerEntry r11="0.96474636" r12="0" r13="-0.26318124" r14="0" r21="0" r22="1" r23="0" r24="0" r31="0.26318124" r32="0" r33="0.96474636" r34="0" r41="2001.3561" r42="187.3345" r43="-2029.2537" r44="1"></containerEntry>
          <containerEntry r11="0.98482925" r12="0" r13="-0.1735261" r14="0" r21="0" r22="1" r23="0" r24="0" r31="0.1735261" r32="0" r33="0.98482925" r34="0" r41="2050.2732" r42="195.31908" r43="-2036.6055" r44="1"></containerEntry>
          <containerEntry r11="0.68057257" r12="0" r13="0.73268044" r14="0" r21="0" r22="1" r23="0" r24="0" r31="-0.73268044" r32="0" r33="0.68057257" r34="0" r41="2019.5281" r42="191.15332" r43="-2027.6696" r44="1"></containerEntry>
          <containerEntry r11="0.68057257" r12="0" r13="0.73268044" r14="0" r21="0" r22="1" r23="0" r24="0" r31="-0.73268044" r32="0" r33="0.68057257" r34="0" r41="1987.3268" r42="186.1475" r43="-2024.5221" r44="1"></containerEntry>
          <containerEntry r11="0.95867646" r12="0" r13="-0.28449848" r14="0" r21="0" r22="1" r23="0" r24="0" r31="0.28449848" r32="0" r33="0.95867646" r34="0" r41="1962.0406" r42="181.28278" r43="-2004.8555" r44="1"></containerEntry>
          <containerEntry r11="-0.03265612" r12="-0.0047494806" r13="0.5039195" r14="0" r21="-0.062530845" r22="0.5011132" r23="0.0006706263" r24="0" r31="-0.5000473" r32="-0.06235382" r33="-0.03299287" r34="0" r41="1945.5804" r42="178.6685" r43="-2007.9596" r44="1"></containerEntry>
        </property>
        <property name="colors" type="UInt32" container="DynamicArray" arraySize="9">
          <containerEntry>4294967295</containerEntry>
          <containerEntry>4294967295</containerEntry>
          <containerEntry>4294967295</containerEntry>
          <containerEntry>4294967295</containerEntry>
          <containerEntry>4294967295</containerEntry>
          <containerEntry>4294967295</containerEntry>
          <containerEntry>4294967295</containerEntry>
          <containerEntry>4294967295</containerEntry>
          <containerEntry>4294967295</containerEntry>
        </property>
      </staticProperties>
      <dynamicProperties></dynamicProperties>
    </entity>
    <entity class="StaticModelArray" classVersion="4" classID="0xD0" addr="0x2D7A340" id="0x0">
      <staticProperties>
        <property name="name" type="String" container="StaticArray" arraySize="1">
          <containerEntry>StaticModelArray0007</containerEntry>
        </property>
        <property name="dataSet" type="EntityHandle" container="StaticArray" arraySize="1">
          <containerEntry>0x2F04840</containerEntry>
        </property>
        <property name="modelFile" type="FilePtr" container="StaticArray" arraySize="1">
          <containerEntry>/Assets/tpp/environ/object/middle_africa/cliff/mafr_clff015/scenes/mafr_clff015_wall002.fmdl</containerEntry>
        </property>
        <property name="geomFile" type="FilePtr" container="StaticArray" arraySize="1">
          <containerEntry>/Assets/tpp/environ/object/middle_africa/cliff/mafr_clff015/scenes/mafr_clff015_wall002.geom</containerEntry>
        </property>
        <property name="isVisibleGeom" type="Bool" container="StaticArray" arraySize="1">
          <containerEntry>false</containerEntry>
        </property>
        <property name="lodFarSize" type="Float" container="StaticArray" arraySize="1">
          <containerEntry>-1</containerEntry>
        </property>
        <property name="lodNearSize" type="Float" container="StaticArray" arraySize="1">
          <containerEntry>-1</containerEntry>
        </property>
        <property name="lodPolygonSize" type="Float" container="StaticArray" arraySize="1">
          <containerEntry>-1</containerEntry>
        </property>
        <property name="drawRejectionLevel" type="Int32" container="StaticArray" arraySize="1">
          <containerEntry>8</containerEntry>
        </property>
        <property name="drawMode" type="Int32" container="StaticArray" arraySize="1">
          <containerEntry>0</containerEntry>
        </property>
        <property name="rejectFarRangeShadowCast" type="Int32" container="StaticArray" arraySize="1">
          <containerEntry>2</containerEntry>
        </property>
        <property name="parentLocator" type="EntityLink" container="StaticArray" arraySize="1">
          <containerEntry packagePathHash="0xB8A0BF169F98" archivePathHash="0xB8A0BF169F98" nameInArchiveHash="0xB8A0BF169F98">0x0</containerEntry>
        </property>
        <property name="transforms" type="Matrix4" container="DynamicArray" arraySize="2">
          <containerEntry r11="-0.97197694" r12="-0.19007249" r13="0.1383291" r14="0" r21="-0.18977784" r22="0.98170567" r23="0.01543938" r24="0" r31="-0.13873307" r32="-0.011245079" r33="-0.99026686" r34="0" r41="2022.6427" r42="174.19588" r43="-2029.6343" r44="1"></containerEntry>
          <containerEntry r11="0.8143262" r12="0.08277457" r13="-0.5744745" r14="0" r21="-0.12568766" r22="0.99144125" r23="-0.03530984" r24="0" r31="0.56663495" r32="0.100958124" r33="0.8177604" r34="0" r41="1956.9744" r42="162.53871" r43="-1996.4105" r44="1"></containerEntry>
        </property>
        <property name="colors" type="UInt32" container="DynamicArray" arraySize="2">
          <containerEntry>4294967295</containerEntry>
          <containerEntry>4294967295</containerEntry>
        </property>
      </staticProperties>
      <dynamicProperties></dynamicProperties>
    </entity>
    <entity class="StaticModelArray" classVersion="4" classID="0xD0" addr="0x2D77400" id="0x0">
      <staticProperties>
        <property name="name" type="String" container="StaticArray" arraySize="1">
          <containerEntry>StaticModelArray0008</containerEntry>
        </property>
        <property name="dataSet" type="EntityHandle" container="StaticArray" arraySize="1">
          <containerEntry>0x2F04840</containerEntry>
        </property>
        <property name="modelFile" type="FilePtr" container="StaticArray" arraySize="1">
          <containerEntry>/Assets/tpp/environ/object/middle_africa/tree/mafr_tree031/scenes/mafr_tree031_vrtn001.fmdl</containerEntry>
        </property>
        <property name="geomFile" type="FilePtr" container="StaticArray" arraySize="1">
          <containerEntry>/Assets/tpp/environ/object/middle_africa/tree/mafr_tree031/scenes/mafr_tree031_vrtn001.geom</containerEntry>
        </property>
        <property name="isVisibleGeom" type="Bool" container="StaticArray" arraySize="1">
          <containerEntry>false</containerEntry>
        </property>
        <property name="lodFarSize" type="Float" container="StaticArray" arraySize="1">
          <containerEntry>-1</containerEntry>
        </property>
        <property name="lodNearSize" type="Float" container="StaticArray" arraySize="1">
          <containerEntry>-1</containerEntry>
        </property>
        <property name="lodPolygonSize" type="Float" container="StaticArray" arraySize="1">
          <containerEntry>-1</containerEntry>
        </property>
        <property name="drawRejectionLevel" type="Int32" container="StaticArray" arraySize="1">
          <containerEntry>8</containerEntry>
        </property>
        <property name="drawMode" type="Int32" container="StaticArray" arraySize="1">
          <containerEntry>0</containerEntry>
        </property>
        <property name="rejectFarRangeShadowCast" type="Int32" container="StaticArray" arraySize="1">
          <containerEntry>2</containerEntry>
        </property>
        <property name="parentLocator" type="EntityLink" container="StaticArray" arraySize="1">
