<fox formatVersion="2" fileVersion="0">
  <entities>
    <entity class="DataSet" classVersion="0" classID="0xE8" addr="0x33570F0" id="0xDFD5">
      <staticProperties>
        <property name="name" type="String" container="StaticArray" arraySize="1">
          <containerEntry hash="0xB8A0BF169F98"></containerEntry>
        </property>
        <property name="dataSet" type="EntityHandle" container="StaticArray" arraySize="1">
          <containerEntry>0x0</containerEntry>
        </property>
        <property name="dataList" type="EntityPtr" container="StringMap" arraySize="6">
          <containerEntry key="mafr_fenc001_vrtn006_gim_i0000|TppSharedGimmick_mafr_fenc001_vrtn006">
            <data>0x317CBF0</data>
          </containerEntry>
          <containerEntry key="StaticModelArray0000">
            <data>0x31767C0</data>
          </containerEntry>
          <containerEntry key="StaticModelArray0001">
            <data>0x31772B0</data>
          </containerEntry>
          <containerEntry key="StaticModelArray0002">
            <data>0x3356F30</data>
          </containerEntry>
          <containerEntry key="StaticModelArray0003">
            <data>0x3174840</data>
          </containerEntry>
          <containerEntry key="TexturePackLoadConditioner0000">
            <data>0x3175170</data>
          </containerEntry>
        </property>
      </staticProperties>
      <dynamicProperties></dynamicProperties>
    </entity>
    <entity class="TppSharedGimmickData" classVersion="1" classID="0xF0" addr="0x317CBF0" id="0xA43ED9">
      <staticProperties>
        <property name="name" type="String" container="StaticArray" arraySize="1">
          <containerEntry>mafr_fenc001_vrtn006_gim_i0000|TppSharedGimmick_mafr_fenc001_vrtn006</containerEntry>
        </property>
        <property name="dataSet" type="EntityHandle" container="StaticArray" arraySize="1">
          <containerEntry>0x33570F0</containerEntry>
        </property>
        <property name="modelFile" type="FilePtr" container="StaticArray" arraySize="1">
          <containerEntry>/Assets/tpp/environ/object/middle_africa/fence/mafr_fenc001/scenes/mafr_fenc001_vrtn006.fmdl</containerEntry>
        </property>
        <property name="geomFile" type="FilePtr" container="StaticArray" arraySize="1">
          <containerEntry>/Assets/tpp/environ/object/middle_africa/fence/mafr_fenc001/scenes/mafr_fenc001_vrtn006.geom</containerEntry>
        </property>
        <property name="breakedModelFile" type="FilePtr" container="StaticArray" arraySize="1">
          <containerEntry hash="0xB8A0BF169F98"></containerEntry>
        </property>
        <property name="breakedGeomFile" type="FilePtr" container="StaticArray" arraySize="1">
          <containerEntry hash="0xB8A0BF169F98"></containerEntry>
        </property>
        <property name="partsFile" type="FilePtr" container="StaticArray" arraySize="1">
          <containerEntry>/Assets/tpp/parts/environ/object/middle_africa/fence/mafr_fenc001/mafr_fenc001_vrtn006.parts</containerEntry>
        </property>
        <property name="numDynamicGimmick" type="UInt32" container="StaticArray" arraySize="1">
          <containerEntry>2</containerEntry>
        </property>
        <property name="locaterFile" type="FilePtr" container="StaticArray" arraySize="1">
          <containerEntry>/Assets/tpp/level/location/mafr/block_large/flowStation/lba/mafr_fenc001_vrtn006.lba</containerEntry>
        </property>
        <property name="flags1" type="UInt32" container="StaticArray" arraySize="1">
          <containerEntry>16777472</containerEntry>
        </property>
        <property name="flags2" type="UInt32" container="StaticArray" arraySize="1">
          <containerEntry>0</containerEntry>
        </property>
      </staticProperties>
      <dynamicProperties></dynamicProperties>
    </entity>
    <entity class="StaticModelArray" classVersion="4" classID="0xD0" addr="0x31767C0" id="0x0">
      <staticProperties>
        <property name="name" type="String" container="StaticArray" arraySize="1">
          <containerEntry>StaticModelArray0000</containerEntry>
        </property>
        <property name="dataSet" type="EntityHandle" container="StaticArray" arraySize="1">
          <containerEntry>0x33570F0</containerEntry>
        </property>
        <property name="modelFile" type="FilePtr" container="StaticArray" arraySize="1">
          <containerEntry>/Assets/tpp/environ/object/middle_africa/fence/mafr_fenc001/scenes/mafr_fenc001_vrtn006.fmdl</containerEntry>
        </property>
        <property name="geomFile" type="FilePtr" container="StaticArray" arraySize="1">
          <containerEntry>/Assets/tpp/environ/object/middle_africa/fence/mafr_fenc001/scenes/mafr_fenc001_vrtn006.geom</containerEntry>
        </property>
        <property name="isVisibleGeom" type="Bool" container="StaticArray" arraySize="1">
          <containerEntry>false</containerEntry>
        </property>
        <property name="lodFarSize" type="Float" container="StaticArray" arraySize="1">
          <containerEntry>-1</containerEntry>
        </property>
        <property name="lodNearSize" type="Float" container="StaticArray" arraySize="1">
          <containerEntry>-1</containerEntry>
        </property>
        <property name="lodPolygonSize" type="Float" container="StaticArray" arraySize="1">
          <containerEntry>-1</containerEntry>
        </property>
        <property name="drawRejectionLevel" type="Int32" container="StaticArray" arraySize="1">
          <containerEntry>8</containerEntry>
        </property>
        <property name="drawMode" type="Int32" container="StaticArray" arraySize="1">
          <containerEntry>0</containerEntry>
        </property>
        <property name="rejectFarRangeShadowCast" type="Int32" container="StaticArray" arraySize="1">
          <containerEntry>2</containerEntry>
        </property>
        <property name="parentLocator" type="EntityLink" container="StaticArray" arraySize="1">
          <containerEntry packagePathHash="0xB8A0BF169F98" archivePathHash="0xB8A0BF169F98" nameInArchiveHash="0xB8A0BF169F98">0x0</containerEntry>
        </property>
        <property name="transforms" type="Matrix4" container="DynamicArray" arraySize="12">
          <containerEntry r11="0.8867758" r12="0" r13="-0.46220008" r14="0" r21="0" r22="1" r23="0" r24="0" r31="0.46220008" r32="0" r33="0.8867758" r34="0" r41="-1256.4489" r42="-22.108908" r43="101.677704" r44="1"></containerEntry>
          <containerEntry r11="0.885048" r12="0.030703142" r13="-0.46448603" r14="0" r21="-0.035041198" r22="0.9993856" r23="-0.0007080091" r24="0" r31="0.46417895" r32="0.016902775" r33="0.8855801" r34="0" r41="-1244.9474" r42="-22.09945" r43="106.655" r44="1"></containerEntry>
          <containerEntry r11="1.026482" r12="0" r13="-0.53501695" r14="0" r21="0" r22="1" r23="0" r24="0" r31="0.46220008" r32="0" r33="0.8867758" r34="0" r41="-1251.0966" r42="-22.108904" r43="98.865364" r44="1"></containerEntry>
          <containerEntry r11="0.8867758" r12="0" r13="-0.46220008" r14="0" r21="0" r22="1" r23="0" r24="0" r31="0.46220008" r32="0" r33="0.8867758" r34="0" r41="-1261.0375" r42="-22.108906" r43="104.425476" r44="1"></containerEntry>
          <containerEntry r11="0.8189497" r12="0" r13="-0.5738654" r14="0" r21="0" r22="1" r23="0" r24="0" r31="0.5738654" r32="0" r33="0.8189497" r34="0" r41="-1240.2504" r42="-22.099733" r43="145.25288" r44="1"></containerEntry>
          <containerEntry r11="0.8363073" r12="0" r13="-0.54826075" r14="0" r21="0" r22="1" r23="0" r24="0" r31="0.54826075" r32="0" r33="0.8363073" r34="0" r41="-1249.1481" r42="-21.890491" r43="108.95795" r44="1"></containerEntry>
          <containerEntry r11="0.8363073" r12="0" r13="-0.54826075" r14="0" r21="0" r22="1" r23="0" r24="0" r31="0.54826075" r32="0" r33="0.8363073" r34="0" r41="-1253.4683" r42="-21.980284" r43="111.39096" r44="1"></containerEntry>
          <containerEntry r11="1.0317671" r12="0" r13="-0.53777164" r14="0" r21="0" r22="1" r23="0" r24="0" r31="0.46220008" r32="0" r33="0.8867758" r34="0" r41="-1266.0519" r42="-22.083267" r43="107.20336" r44="1"></containerEntry>
          <containerEntry r11="0.8363073" r12="0" r13="-0.54826075" r14="0" r21="0" r22="1" r23="0" r24="0" r31="0.54826075" r32="0" r33="0.8363073" r34="0" r41="-1257.741" r42="-21.996708" r43="113.9495" r44="1"></containerEntry>
          <containerEntry r11="0.8363073" r12="0" r13="-0.54826075" r14="0" r21="0" r22="1" r23="0" r24="0" r31="0.54826075" r32="0" r33="0.8363073" r34="0" r41="-1261.0692" r42="-21.996708" r43="115.80375" r44="1"></containerEntry>
          <containerEntry r11="0.8363073" r12="0" r13="-0.54826075" r14="0" r21="0" r22="0.873214" r23="0" r24="0" r31="0.54826075" r32="0" r33="0.8363073" r34="0" r41="-1240.9305" r42="-21.89347" r43="104.27117" r44="1"></containerEntry>
          <containerEntry r11="0.88846254" r12="0" r13="-0.45894924" r14="0" r21="0" r22="0.873214" r23="0" r24="0" r31="0.45894924" r32="0" r33="0.88846254" r34="0" r41="-1235.6232" r42="-21.89347" r43="101.00637" r44="1"></containerEntry>
        </property>
        <property name="colors" type="UInt32" container="DynamicArray" arraySize="12">
          <containerEntry>4294967295</containerEntry>
          <containerEntry>4294967295</containerEntry>
          <containerEntry>4294967295</containerEntry>
          <containerEntry>4294967295</containerEntry>
          <containerEntry>4294967295</containerEntry>
          <containerEntry>4294967295</containerEntry>
          <containerEntry>4294967295</containerEntry>
          <containerEntry>4294967295</containerEntry>
          <containerEntry>4294967295</containerEntry>
          <containerEntry>4294967295</containerEntry>
          <containerEntry>4294967295</containerEntry>
          <containerEntry>4294967295</containerEntry>
        </property>
      </staticProperties>
      <dynamicProperties></dynamicProperties>
    </entity>
    <entity class="StaticModelArray" classVersion="4" classID="0xD0" addr="0x31772B0" id="0x0">
      <staticProperties>
        <property name="name" type="String" container="StaticArray" arraySize="1">
          <containerEntry>StaticModelArray0001</containerEntry>
        </property>
        <property name="dataSet" type="EntityHandle" container="StaticArray" arraySize="1">
          <containerEntry>0x33570F0</containerEntry>
        </property>
        <property name="modelFile" type="FilePtr" container="StaticArray" arraySize="1">
          <containerEntry>/Assets/tpp/environ/object/middle_africa/bridge/mafr_brdg001/scenes/mafr_brdg001_vrtn002.fmdl</containerEntry>
        </property>
        <property name="geomFile" type="FilePtr" container="StaticArray" arraySize="1">
          <containerEntry>/Assets/tpp/environ/object/middle_africa/bridge/mafr_brdg001/scenes/mafr_brdg001_vrtn002.geom</containerEntry>
        </property>
        <property name="isVisibleGeom" type="Bool" container="StaticArray" arraySize="1">
          <containerEntry>false</containerEntry>
        </property>
        <property name="lodFarSize" type="Float" container="StaticArray" arraySize="1">
          <containerEntry>-1</containerEntry>
        </property>
        <property name="lodNearSize" type="Float" container="StaticArray" arraySize="1">
          <containerEntry>-1</containerEntry>
        </property>
        <property name="lodPolygonSize" type="Float" container="StaticArray" arraySize="1">
          <containerEntry>-1</containerEntry>
        </property>
        <property name="drawRejectionLevel" type="Int32" container="StaticArray" arraySize="1">
          <containerEntry>8</containerEntry>
        </property>
        <property name="drawMode" type="Int32" container="StaticArray" arraySize="1">
          <containerEntry>0</containerEntry>
        </property>
        <property name="rejectFarRangeShadowCast" type="Int32" container="StaticArray" arraySize="1">
          <containerEntry>2</containerEntry>
        </property>
        <property name="parentLocator" type="EntityLink" container="StaticArray" arraySize="1">
          <containerEntry packagePathHash="0xB8A0BF169F98" archivePathHash="0xB8A0BF169F98" nameInArchiveHash="0xB8A0BF169F98">0x0</containerEntry>
        </property>
        <property name="transforms" type="Matrix4" container="DynamicArray" arraySize="17">
          <containerEntry r11="-0.6239408" r12="0" r13="-0.78147197" r14="0" r21="0" r22="1" r23="0" r24="0" r31="0.78147197" r32="0" r33="-0.6239408" r34="0" r41="-1232.0717" r42="-22.048931" r43="136.50053" r44="1"></containerEntry>
          <containerEntry r11="0.9366772" r12="-0.004792865" r13="0.35016116" r14="0" r21="0.0047444706" r22="0.99998826" r23="0.00099603" r24="0" r31="-0.35016182" r32="0.0007283706" r33="0.93668896" r34="0" r41="-1198.5406" r42="-21.706112" r43="129.1772" r44="1"></containerEntry>
          <containerEntry r11="0.6213237" r12="-0.0021678354" r13="-0.78355086" r14="0" r21="0.013235267" r22="0.9998825" r23="0.007728666" r24="0" r31="0.783442" r32="-0.015172511" r33="0.6212795" r34="0" r41="-1207.3007" r42="-21.396826" r43="116.59522" r44="1"></containerEntry>
          <containerEntry r11="0.8186196" r12="0.051880587" r13="-0.5719879" r14="0" r21="-0.0127151795" r22="0.99730474" r23="0.07226" r24="0" r31="0.5741952" r32="-0.051880516" r33="0.8170729" r34="0" r41="-1230.9333" r42="-21.675827" r43="107.07057" r44="1"></containerEntry>
          <containerEntry r11="0.17330265" r12="0" r13="-0.98486775" r14="0" r21="0" r22="1" r23="0" r24="0" r31="0.98486775" r32="0" r33="0.17330265" r34="0" r41="-1220.2428" r42="-20.82308" r43="93.211975" r44="1"></containerEntry>
          <containerEntry r11="0.64016664" r12="-0.004500828" r13="0.7682225" r14="0" r21="0.004261602" r22="0.99998826" r23="0.002307456" r24="0" r31="-0.7682238" r32="0.0017967066" r33="0.6401782" r34="0" r41="-1234.3917" r42="-22.101286" r43="133.85953" r44="1"></containerEntry>
          <containerEntry r11="0.121312834" r12="-3.5529956e-07" r13="-0.6894077" r14="0" r21="-0.021122279" r22="0.6996713" r23="-0.003717172" r24="0" r31="0.689084" r32="0.021446865" r33="0.12125586" r34="0" r41="-1247.5151" r42="-21.773037" r43="78.85997" r44="1"></containerEntry>
          <containerEntry r11="-0.5002828" r12="-0.0064784163" r13="-0.86583805" r14="0" r21="-0.003731241" r22="0.9999789" r23="-0.005326175" r24="0" r31="0.86585426" r32="0.00056605693" r33="-0.5002964" r34="0" r41="-1248.9854" r42="-22.25583" r43="115.39261" r44="1"></containerEntry>
          <containerEntry r11="0.12131185" r12="0" r13="-0.6894074" r14="0" r21="0" r22="0.7" r23="0" r24="0" r31="0.6894074" r32="0" r33="0.12131185" r34="0" r41="-1250.2545" r42="-21.906866" r43="78.13016" r44="1"></containerEntry>
          <containerEntry r11="0.16476683" r12="0.007414069" r13="-0.68029124" r14="0" r21="-0.015634704" r22="0.6998148" r23="0.0038401207" r24="0" r31="0.680152" r32="0.014290629" r33="0.16488883" r34="0" r41="-1244.7332" r42="-22.149618" r43="63.101242" r44="1"></containerEntry>
          <containerEntry r11="0.12131185" r12="0" r13="-0.6894074" r14="0" r21="0" r22="0.7" r23="0" r24="0" r31="0.6894074" r32="0" r33="0.12131185" r34="0" r41="-1247.2982" r42="-22.226759" r43="62.404556" r44="1"></containerEntry>
          <containerEntry r11="0.81904215" r12="0.012991851" r13="-0.5735862" r14="0" r21="0.014212228" r22="0.9989774" r23="0.042921137" r24="0" r31="0.57355726" r32="-0.04330616" r33="0.8180199" r34="0" r41="-1228.4862" r42="-21.412546" r43="110.706406" r44="1"></containerEntry>
          <containerEntry r11="0.50603193" r12="-0.0012885923" r13="0.8625142" r14="0" r21="0.010120638" r22="0.9999389" r23="-0.0044438206" r24="0" r31="-0.8624558" r32="0.010977903" r33="0.5060141" r34="0" r41="-1257.5217" r42="-22.325657" r43="116.32525" r44="1"></containerEntry>
          <containerEntry r11="0.50603193" r12="-0.0012885923" r13="0.8625142" r14="0" r21="0.010120638" r22="0.9999389" r23="-0.0044438206" r24="0" r31="-0.8624558" r32="0.010977903" r33="0.5060141" r34="0" r41="-1265.5474" r42="-22.283018" r43="102.44107" r44="1"></containerEntry>
          <containerEntry r11="-0.5002828" r12="-0.0064784163" r13="-0.86583805" r14="0" r21="-0.003731241" r22="0.9999789" r23="-0.005326175" r24="0" r31="0.86585426" r32="0.00056605693" r33="-0.5002964" r34="0" r41="-1257.0068" r42="-22.38458" r43="101.509544" r44="1"></containerEntry>
          <containerEntry r11="-0.010124952" r12="-0.99994004" r13="0.004446551" r14="0" r21="-0.87447906" r22="0.0110087395" r23="0.48494083" r24="0" r31="-0.5562013" r32="0.0011710004" r33="-1.0030088" r34="0" r41="-1265.4929" r42="-20.232435" r43="107.38841" r44="1"></containerEntry>
          <containerEntry r11="0.010121822" r12="0.9999383" r13="-0.0044502765" r14="0" r21="-0.87447804" r22="0.011010181" r23="0.48493907" r24="0" r31="0.56961757" r32="-0.0011940176" r33="1.0272043" r34="0" r41="-1261.0502" r42="-23.726013" r43="115.47951" r44="1"></containerEntry>
        </property>
        <property name="colors" type="UInt32" container="DynamicArray" arraySize="17">
          <containerEntry>4294967295</containerEntry>
          <containerEntry>4294967295</containerEntry>
          <containerEntry>4294967295</containerEntry>
          <containerEntry>4294967295</containerEntry>
          <containerEntry>4294967295</containerEntry>
          <containerEntry>4294967295</containerEntry>
          <containerEntry>4294967295</containerEntry>
          <containerEntry>4294967295</containerEntry>
          <containerEntry>4294967295</containerEntry>
          <containerEntry>4294967295</containerEntry>
          <containerEntry>4294967295</containerEntry>
          <containerEntry>4294967295</containerEntry>
          <containerEntry>4294967295</containerEntry>
          <containerEntry>4294967295</containerEntry>
          <containerEntry>4294967295</containerEntry>
          <containerEntry>4294967295</containerEntry>
          <containerEntry>4294967295</containerEntry>
        </property>
      </staticProperties>
      <dynamicProperties></dynamicProperties>
    </entity>
    <entity class="StaticModelArray" classVersion="4" classID="0xD0" addr="0x3356F30" id="0x0">
      <staticProperties>
        <property name="name" type="String" container="StaticArray" arraySize="1">
          <containerEntry>StaticModelArray0002</containerEntry>
        </property>
        <property name="dataSet" type="EntityHandle" container="StaticArray" arraySize="1">
          <containerEntry>0x33570F0</containerEntry>
        </property>
        <property name="modelFile" type="FilePtr" container="StaticArray" arraySize="1">
          <containerEntry>/Assets/tpp/environ/object/middle_africa/bridge/mafr_brdg001/scenes/mafr_brdg001_vrtn004.fmdl</containerEntry>
        </property>
        <property name="geomFile" type="FilePtr" container="StaticArray" arraySize="1">
          <containerEntry>/Assets/tpp/environ/object/middle_africa/bridge/mafr_brdg001/scenes/mafr_brdg001_vrtn004.geom</containerEntry>
        </property>
        <property name="isVisibleGeom" type="Bool" container="StaticArray" arraySize="1">
          <containerEntry>false</containerEntry>
        </property>
        <property name="lodFarSize" type="Float" container="StaticArray" arraySize="1">
          <containerEntry>-1</containerEntry>
        </property>
        <property name="lodNearSize" type="Float" container="StaticArray" arraySize="1">
          <containerEntry>-1</containerEntry>
        </property>
        <property name="lodPolygonSize" type="Float" container="StaticArray" arraySize="1">
          <containerEntry>-1</containerEntry>
        </property>
        <property name="drawRejectionLevel" type="Int32" container="StaticArray" arraySize="1">
          <containerEntry>8</containerEntry>
        </property>
        <property name="drawMode" type="Int32" container="StaticArray" arraySize="1">
          <containerEntry>0</containerEntry>
        </property>
        <property name="rejectFarRangeShadowCast" type="Int32" container="StaticArray" arraySize="1">
          <containerEntry>2</containerEntry>
        </property>
        <property name="parentLocator" type="EntityLink" container="StaticArray" arraySize="1">
          <containerEntry packagePathHash="0xB8A0BF169F98" archivePathHash="0xB8A0BF169F98" nameInArchiveHash="0xB8A0BF169F98">0x0</containerEntry>
        </property>
        <property name="transforms" type="Matrix4" container="DynamicArray" arraySize="6">
          <containerEntry r11="0.62133765" r12="0" r13="-0.7835434" r14="0" r21="0" r22="1" r23="0" r24="0" r31="0.7835434" r32="0" r33="0.62133765" r34="0" r41="-1205.661" r42="-21.283548" r43="118.19761" r44="1"></containerEntry>
          <containerEntry r11="0.62133765" r12="0" r13="-0.7835434" r14="0" r21="0" r22="1" r23="0" r24="0" r31="0.7835434" r32="0" r33="0.62133765" r34="0" r41="-1201.3635" r42="-20.944904" r43="92.96421" r44="1"></containerEntry>
          <containerEntry r11="0.62133765" r12="0" r13="-0.7835434" r14="0" r21="0" r22="1" r23="0" r24="0" r31="0.7835434" r32="0" r33="0.62133765" r34="0" r41="-1205.6787" r42="-21.512932" r43="94.34395" r44="1"></containerEntry>
          <containerEntry r11="0.62133765" r12="0" r13="-0.7835434" r14="0" r21="0" r22="1" r23="0" r24="0" r31="0.7835434" r32="0" r33="0.62133765" r34="0" r41="-1222.5446" r42="-20.337692" r43="82.09993" r44="1"></containerEntry>
          <containerEntry r11="0.8189497" r12="0" r13="-0.5738654" r14="0" r21="0" r22="1" r23="0" r24="0" r31="0.5738654" r32="0" r33="0.8189497" r34="0" r41="-1224.8057" r42="-20.338364" r43="92.30885" r44="1"></containerEntry>
          <containerEntry r11="0.8156845" r12="0.10551759" r13="-0.56879246" r14="0" r21="-0.09551329" r22="0.9942951" r23="0.04748113" r24="0" r31="0.5705577" r32="0.0155976005" r33="0.8211095" r34="0" r41="-1229.4437" r42="-20.941515" r43="66.38542" r44="1"></containerEntry>
        </property>
        <property name="colors" type="UInt32" container="DynamicArray" arraySize="6">
          <containerEntry>4294967295</containerEntry>
          <containerEntry>4294967295</containerEntry>
          <containerEntry>4294967295</containerEntry>
          <containerEntry>4294967295</containerEntry>
          <containerEntry>4294967295</containerEntry>
          <containerEntry>4294967295</containerEntry>
        </property>
      </staticProperties>
      <dynamicProperties></dynamicProperties>
    </entity>
    <entity class="StaticModelArray" classVersion="4" classID="0xD0" addr="0x3174840" id="0x0">
      <staticProperties>
        <property name="name" type="String" container="StaticArray" arraySize="1">
          <containerEntry>StaticModelArray0003</containerEntry>
        </property>
        <property name="dataSet" type="EntityHandle" container="StaticArray" arraySize="1">
          <containerEntry>0x33570F0</containerEntry>
        </property>
        <property name="modelFile" type="FilePtr" container="StaticArray" arraySize="1">
          <containerEntry>/Assets/tpp/environ/object/middle_africa/garbage/mafr_grbg004/scenes/mafr_grbg004.fmdl</containerEntry>
        </property>
        <property name="geomFile" type="FilePtr" container="StaticArray" arraySize="1">
          <containerEntry>/Assets/tpp/environ/object/middle_africa/garbage/mafr_grbg004/scenes/mafr_grbg004.geom</containerEntry>
        </property>
        <property name="isVisibleGeom" type="Bool" container="StaticArray" arraySize="1">
          <containerEntry>false</containerEntry>
        </property>
        <property name="lodFarSize" type="Float" container="StaticArray" arraySize="1">
          <containerEntry>-1</containerEntry>
        </property>
        <property name="lodNearSize" type="Float" container="StaticArray" arraySize="1">
          <containerEntry>-1</containerEntry>
        </property>
        <property name="lodPolygonSize" type="Float" container="StaticArray" arraySize="1">
          <containerEntry>-1</containerEntry>
        </property>
        <property name="drawRejectionLevel" type="Int32" container="StaticArray" arraySize="1">
          <containerEntry>8</containerEntry>
        </property>
        <property name="drawMode" type="Int32" container="StaticArray" arraySize="1">
          <containerEntry>0</containerEntry>
        </property>
        <property name="rejectFarRangeShadowCast" type="Int32" container="StaticArray" arraySize="1">
          <containerEntry>2</containerEntry>
        </property>
        <property name="parentLocator" type="EntityLink" container="StaticArray" arraySize="1">
          <containerEntry packagePathHash="0xB8A0BF169F98" archivePathHash="0xB8A0BF169F98" nameInArchiveHash="0xB8A0BF169F98">0x0</containerEntry>
        </property>
        <property name="transforms" type="Matrix4" container="DynamicArray" arraySize="36">
          <containerEntry r11="0.62133765" r12="-6.1641913e-07" r13="-0.78354263" r14="0" r21="-0.0033968082" r22="0.9999906" r23="-0.0026944024" r24="0" r31="0.78353524" r32="0.0043356786" r33="0.6213318" r34="0" r41="-1198.5469" r42="-20.938545" r43="111.466095" r44="1"></containerEntry>
          <containerEntry r11="0.9967997" r12="-0.0799388" r13="0.00043250163" r14="0" r21="0.0799388" r22="0.99674124" r23="-0.010803189" r24="0" r31="0.00043250163" r32="0.010803189" r33="0.9999415" r34="0" r41="-1194.306" r42="-21.342562" r43="112.81337" r44="1"></containerEntry>
          <containerEntry r11="0.9967997" r12="-0.0799388" r13="0.00043250163" r14="0" r21="0.0799388" r22="0.99674124" r23="-0.010803189" r24="0" r31="0.00043250163" r32="0.010803189" r33="0.9999415" r34="0" r41="-1202.3435" r42="-21.230911" r43="126.17352" r44="1"></containerEntry>
          <containerEntry r11="0.621281" r12="0.006501175" r13="-0.7835608" r14="0" r21="-0.017624147" r22="0.9998285" r23="-0.005678546" r24="0" r31="0.7833895" r32="0.017337566" r33="0.621289" r34="0" r41="-1205.5477" r42="-20.544306" r43="136.67085" r44="1"></containerEntry>
          <containerEntry r11="0.9967997" r12="-0.0799388" r13="0.00043250163" r14="0" r21="0.0799388" r22="0.99674124" r23="-0.010803189" r24="0" r31="0.00043250163" r32="0.010803189" r33="0.9999415" r34="0" r41="-1202.2388" r42="-20.597164" r43="135.0141" r44="1"></containerEntry>
          <containerEntry r11="0.6214019" r12="-0.010835074" r13="-0.78341687" r14="0" r21="-0.011944236" r22="0.99965715" r23="-0.023299884" r24="0" r31="0.7834008" r32="0.023835909" r33="0.6210594" r34="0" r41="-1202.1287" r42="-20.553268" r43="136.90427" r44="1"></containerEntry>
          <containerEntry r11="0.62133765" r12="0" r13="-0.7835434" r14="0" r21="0" r22="1" r23="0" r24="0" r31="0.7835434" r32="0" r33="0.62133765" r34="0" r41="-1198.3326" r42="-20.934532" r43="101.88455" r44="1"></containerEntry>
          <containerEntry r11="0.62132114" r12="0.008668906" r13="-0.7835087" r14="0" r21="-0.0036876758" r22="0.99996006" r23="0.008139458" r24="0" r31="0.78354794" r32="-0.0021678982" r33="0.62132823" r34="0" r41="-1199.9717" r42="-20.946917" r43="101.04245" r44="1"></containerEntry>
          <containerEntry r11="0.62133765" r12="0" r13="-0.7835434" r14="0" r21="0" r22="1" r23="0" r24="0" r31="0.7835434" r32="0" r33="0.62133765" r34="0" r41="-1205.0421" r42="-20.944904" r43="95.19607" r44="1"></containerEntry>
          <containerEntry r11="0.6208447" r12="-0.032495033" r13="-0.78326" r14="0" r21="0.030373704" r22="0.9993874" r23="-0.01738602" r24="0" r31="0.7833451" r32="-0.012996479" r33="0.6214514" r34="0" r41="-1207.7074" r42="-20.877016" r43="95.050255" r44="1"></containerEntry>
          <containerEntry r11="0.9967997" r12="-0.0799388" r13="0.00043250163" r14="0" r21="0.0799388" r22="0.99674124" r23="-0.010803189" r24="0" r31="0.00043250163" r32="0.010803189" r33="0.9999415" r34="0" r41="-1187.7405" r42="-21.342558" r43="119.169716" r44="1"></containerEntry>
          <containerEntry r11="0.9967997" r12="-0.0799388" r13="0.00043250163" r14="0" r21="0.0799388" r22="0.99674124" r23="-0.010803189" r24="0" r31="0.00043250163" r32="0.010803189" r33="0.9999415" r34="0" r41="-1188.6938" r42="-21.296219" r43="122.15142" r44="1"></containerEntry>
          <containerEntry r11="0.62133765" r12="0" r13="-0.7835434" r14="0" r21="0" r22="1" r23="0" r24="0" r31="0.7835434" r32="0" r33="0.62133765" r34="0" r41="-1201.6298" r42="-21.296219" r43="127.97746" r44="1"></containerEntry>
          <containerEntry r11="0.62133765" r12="0" r13="-0.7835434" r14="0" r21="0" r22="1" r23="0" r24="0" r31="0.7835434" r32="0" r33="0.62133765" r34="0" r41="-1200.8507" r42="-20.388487" r43="144.17831" r44="1"></containerEntry>
          <containerEntry r11="0.62133765" r12="0" r13="-0.7835434" r14="0" r21="0" r22="1" r23="0" r24="0" r31="0.7835434" r32="0" r33="0.62133765" r34="0" r41="-1217.2745" r42="-20.476482" r43="150.64108" r44="1"></containerEntry>
          <containerEntry r11="0.6212955" r12="-0.008108992" r13="-0.78353447" r14="0" r21="0.010366375" r22="0.99994403" r23="-0.002128759" r24="0" r31="0.7835079" r32="-0.0067998213" r33="0.6213448" r34="0" r41="-1196.6847" r42="-21.210342" r43="128.88672" r44="1"></containerEntry>
          <containerEntry r11="0.62133765" r12="0" r13="-0.7835434" r14="0" r21="0" r22="1" r23="0" r24="0" r31="0.7835434" r32="0" r33="0.62133765" r34="0" r41="-1215.5189" r42="-20.525501" r43="154.55367" r44="1"></containerEntry>
          <containerEntry r11="0.6212484" r12="0.008668026" r13="-0.7835654" r14="0" r21="-0.020668002" r22="0.9997722" r23="-0.005326812" r24="0" r31="0.7833407" r32="0.019504014" r33="0.62128615" r34="0" r41="-1203.1893" r42="-20.302732" r43="147.87572" r44="1"></containerEntry>
          <containerEntry r11="0.8189497" r12="0" r13="-0.5738654" r14="0" r21="0" r22="1" r23="0" r24="0" r31="0.5738654" r32="0" r33="0.8189497" r34="0" r41="-1223.9323" r42="-20.340416" r43="93.3241" r44="1"></containerEntry>
          <containerEntry r11="0.81894755" r12="-0.0021683448" r13="-0.57386416" r14="0" r21="0.0017760051" r22="0.9999976" r23="-0.0012439957" r24="0" r31="0.5738655" r32="-4.1915337e-07" r33="0.81894946" r34="0" r41="-1225.8367" r42="-20.338047" r43="92.63024" r44="1"></containerEntry>
          <containerEntry r11="0.8189497" r12="0" r13="-0.5738654" r14="0" r21="0" r22="1" r23="0" r24="0" r31="0.5738654" r32="0" r33="0.8189497" r34="0" r41="-1224.6777" r42="-20.564194" r43="95.01819" r44="1"></containerEntry>
          <containerEntry r11="0.9600392" r12="-0.2775899" r13="0.035616744" r14="0" r21="0.2775899" r22="0.92829424" r23="-0.24741381" r24="0" r31="0.035616744" r32="0.24741381" r33="0.96825504" r34="0" r41="-1202.8328" r42="-21.096478" r43="129.76758" r44="1"></containerEntry>
          <containerEntry r11="1" r12="0" r13="0" r14="0" r21="0" r22="0.99829274" r23="0.058409046" r24="0" r31="0" r32="-0.058409046" r33="0.99829274" r34="0" r41="-1198.3827" r42="-21.23811" r43="127.12598" r44="1"></containerEntry>
          <containerEntry r11="0.99996245" r12="0.008667913" r13="9.387444e-06" r14="0" r21="-0.008667913" r22="0.9999601" r23="0.0021659783" r24="0" r31="9.387444e-06" r32="-0.0021659783" r33="0.9999977" r34="0" r41="-1200.8762" r42="-21.261162" r43="126.1678" r44="1"></containerEntry>
          <containerEntry r11="0.5948039" r12="0.015274703" r13="4.4437973e-05" r14="0" r21="-0.015274703" r22="0.59479386" r23="0.0034614091" r24="0" r31="4.4437973e-05" r32="-0.0034614091" r33="0.59498996" r34="0" r41="-1203.1348" r42="-21.277922" r43="123.5882" r44="1"></containerEntry>
          <containerEntry r11="0.604722" r12="-0.018335441" r13="0.0002978228" r14="0" r21="0.018335441" r22="0.60440296" r23="-0.019644339" r24="0" r31="0.0002978228" r32="0.019644339" r33="0.60468096" r34="0" r41="-1203.2593" r42="-21.25831" r43="127.467804" r44="1"></containerEntry>
          <containerEntry r11="1" r12="0" r13="0" r14="0" r21="0" r22="1" r23="0" r24="0" r31="0" r32="0" r33="1" r34="0" r41="-1205.7408" r42="-21.283548" r43="125.349396" r44="1"></containerEntry>
          <containerEntry r11="0.69" r12="0" r13="0" r14="0" r21="0" r22="0.68989635" r23="-0.011961385" r24="0" r31="0" r32="0.011961385" r33="0.68989635" r34="0" r41="-1205.644" r42="-21.283548" r43="123.36976" r44="1"></containerEntry>
          <containerEntry r11="0.68" r12="0" r13="0" r14="0" r21="0" r22="0.68" r23="0" r24="0" r31="0" r32="0" r33="0.68" r34="0" r41="-1203.6603" r42="-21.283548" r43="119.64908" r44="1"></containerEntry>
          <containerEntry r11="1" r12="0" r13="0" r14="0" r21="0" r22="0.99829274" r23="0.058409046" r24="0" r31="0" r32="-0.058409046" r33="0.99829274" r34="0" r41="-1205.6765" r42="-21.283548" r43="124.615166" r44="1"></containerEntry>
          <containerEntry r11="0.84" r12="0" r13="0" r14="0" r21="0" r22="0.8294049" r23="0.1329942" r24="0" r31="0" r32="-0.1329942" r33="0.8294049" r34="0" r41="-1203.3033" r42="-21.100502" r43="110.85895" r44="1"></containerEntry>
          <containerEntry r11="0.84" r12="0" r13="0" r14="0" r21="0" r22="0.84" r23="0" r24="0" r31="0" r32="0" r33="0.84" r34="0" r41="-1204.6631" r42="-20.975698" r43="107.76274" r44="1"></containerEntry>
          <containerEntry r11="0.84" r12="0" r13="0" r14="0" r21="0" r22="0.84" r23="0" r24="0" r31="0" r32="0" r33="0.84" r34="0" r41="-1204.385" r42="-20.963963" r43="109.804665" r44="1"></containerEntry>
          <containerEntry r11="0.84" r12="0" r13="0" r14="0" r21="0" r22="0.84" r23="0" r24="0" r31="0" r32="0" r33="0.84" r34="0" r41="-1203.0918" r42="-21.283548" r43="118.57288" r44="1"></containerEntry>
          <containerEntry r11="0.84" r12="0" r13="0" r14="0" r21="0" r22="0.84" r23="0" r24="0" r31="0" r32="0" r33="0.84" r34="0" r41="-1205.9238" r42="-20.975275" r43="103.95155" r44="1"></containerEntry>
          <containerEntry r11="0.839998" r12="-0.0018194218" r13="-7.885453e-06" r14="0" r21="0.0018194218" r22="0.8399665" r23="0.007281047" r24="0" r31="-7.885453e-06" r32="-0.007281047" r33="0.83996844" r34="0" r41="-1207.1578" r42="-20.9586" r43="102.31717" r44="1"></containerEntry>
        </property>
        <property name="colors" type="UInt32" container="DynamicArray" arraySize="36">
          <containerEntry>4294967295</containerEntry>
          <containerEntry>4294967295</containerEntry>
          <containerEntry>4294967295</containerEntry>
          <containerEntry>4294967295</containerEntry>
          <containerEntry>4294967295</containerEntry>
          <containerEntry>4294967295</containerEntry>
          <containerEntry>4294967295</containerEntry>
          <containerEntry>4294967295</containerEntry>
          <containerEntry>4294967295</containerEntry>
          <containerEntry>4294967295</containerEntry>
          <containerEntry>4294967295</containerEntry>
          <containerEntry>4294967295</containerEntry>
          <containerEntry>4294967295</containerEntry>
          <containerEntry>4294967295</containerEntry>
          <containerEntry>4294967295</containerEntry>
          <containerEntry>4294967295</containerEntry>
          <containerEntry>4294967295</containerEntry>
          <containerEntry>4294967295</containerEntry>
          <containerEntry>4294967295</containerEntry>
          <containerEntry>4294967295</containerEntry>
          <containerEntry>4294967295</containerEntry>
          <containerEntry>4294967295</containerEntry>
          <containerEntry>4294967295</containerEntry>
          <containerEntry>4294967295</containerEntry>
          <containerEntry>4294967295</containerEntry>
          <containerEntry>4294967295</containerEntry>
          <containerEntry>4294967295</containerEntry>
          <containerEntry>4294967295</containerEntry>
          <containerEntry>4294967295</containerEntry>
          <containerEntry>4294967295</containerEntry>
          <containerEntry>4294967295</containerEntry>
          <containerEntry>4294967295</containerEntry>
          <containerEntry>4294967295</containerEntry>
          <containerEntry>4294967295</containerEntry>
          <containerEntry>4294967295</containerEntry>
          <containerEntry>4294967295</containerEntry>
        </property>
      </staticProperties>
      <dynamicProperties></dynamicProperties>
    </entity>
    <entity class="TexturePackLoadConditioner" classVersion="0" classID="0x48" addr="0x3175170" id="0x0">
      <staticProperties>
        <property name="name" type="String" container="StaticArray" arraySize="1">
          <containerEntry>TexturePackLoadConditioner0000</containerEntry>
        </property>
        <property name="dataSet" type="EntityHandle" container="StaticArray" arraySize="1">
          <containerEntry>0x33570F0</containerEntry>
        </property>
        <property name="texturePackPath" type="Path" container="StaticArray" arraySize="1">
          <containerEntry hash="0xB8A0BF169F98"></containerEntry>
        </property>
      </staticProperties>
      <dynamicProperties></dynamicProperties>
    </entity>
  </entities>
</fox>