<fox formatVersion="2" fileVersion="0">
  <entities>
    <entity class="DataSet" classVersion="0" classID="0xE8" addr="0x2F52EE0" id="0x18602A">
      <staticProperties>
        <property name="name" type="String" container="StaticArray" arraySize="1">
          <containerEntry hash="0xB8A0BF169F98"></containerEntry>
        </property>
        <property name="dataSet" type="EntityHandle" container="StaticArray" arraySize="1">
          <containerEntry>0x0</containerEntry>
        </property>
        <property name="dataList" type="EntityPtr" container="StringMap" arraySize="12">
          <containerEntry key="afgh_clff030_vrtn011_0000">
            <data>0x2D78E40</data>
          </containerEntry>
          <containerEntry key="StaticModelArray0000">
            <data>0x2D7E160</data>
          </containerEntry>
          <containerEntry key="StaticModelArray0001">
            <data>0x2D7E1D0</data>
          </containerEntry>
          <containerEntry key="StaticModelArray0002">
            <data>0x2D7E2B0</data>
          </containerEntry>
          <containerEntry key="StaticModelArray0003">
            <data>0x2D7E240</data>
          </containerEntry>
          <containerEntry key="StaticModelArray0004">
            <data>0x2D7E320</data>
          </containerEntry>
          <containerEntry key="StaticModelArray0005">
            <data>0x2D7E390</data>
          </containerEntry>
          <containerEntry key="StaticModelArray0006">
            <data>0x2D7E400</data>
          </containerEntry>
          <containerEntry key="StaticModelArray0007">
            <data>0x2D7DC90</data>
          </containerEntry>
          <containerEntry key="StaticModelArray0008">
            <data>0x2D7E0F0</data>
          </containerEntry>
          <containerEntry key="StaticModelArray0009">
            <data>0x2D7D8A0</data>
          </containerEntry>
          <containerEntry key="TexturePackLoadConditioner0000">
            <data>0x2D7E860</data>
          </containerEntry>
        </property>
      </staticProperties>
      <dynamicProperties></dynamicProperties>
    </entity>
    <entity class="StaticModel" classVersion="9" classID="0x160" addr="0x2D78E40" id="0x186222">
      <staticProperties>
        <property name="name" type="String" container="StaticArray" arraySize="1">
          <containerEntry>afgh_clff030_vrtn011_0000</containerEntry>
        </property>
        <property name="dataSet" type="EntityHandle" container="StaticArray" arraySize="1">
          <containerEntry>0x2F52EE0</containerEntry>
        </property>
        <property name="parent" type="EntityHandle" container="StaticArray" arraySize="1">
          <containerEntry>0x0</containerEntry>
        </property>
        <property name="transform" type="EntityPtr" container="StaticArray" arraySize="1">
          <containerEntry>0x2D78EB0</containerEntry>
        </property>
        <property name="shearTransform" type="EntityPtr" container="StaticArray" arraySize="1">
          <containerEntry>0x0</containerEntry>
        </property>
        <property name="pivotTransform" type="EntityPtr" container="StaticArray" arraySize="1">
          <containerEntry>0x0</containerEntry>
        </property>
        <property name="children" type="EntityHandle" container="List"></property>
        <property name="flags" type="UInt32" container="StaticArray" arraySize="1">
          <containerEntry>7</containerEntry>
        </property>
        <property name="modelFile" type="FilePtr" container="StaticArray" arraySize="1">
          <containerEntry>/Assets/tpp/environ/object/afghanistan/cliff/afgh_clff030/scenes/afgh_clff030_vrtn011.fmdl</containerEntry>
        </property>
        <property name="geomFile" type="FilePtr" container="StaticArray" arraySize="1">
          <containerEntry>/Assets/tpp/environ/object/afghanistan/cliff/afgh_clff030/scenes/afgh_clff030_vrtn011.geom</containerEntry>
        </property>
        <property name="isVisibleGeom" type="Bool" container="StaticArray" arraySize="1">
          <containerEntry>false</containerEntry>
        </property>
        <property name="isIsolated" type="Bool" container="StaticArray" arraySize="1">
          <containerEntry>false</containerEntry>
        </property>
        <property name="lodFarSize" type="Float" container="StaticArray" arraySize="1">
          <containerEntry>-1</containerEntry>
        </property>
        <property name="lodNearSize" type="Float" container="StaticArray" arraySize="1">
          <containerEntry>-1</containerEntry>
        </property>
        <property name="lodPolygonSize" type="Float" container="StaticArray" arraySize="1">
          <containerEntry>-1</containerEntry>
        </property>
        <property name="color" type="Color" container="StaticArray" arraySize="1">
          <containerEntry r="1" g="1" b="1" a="1"></containerEntry>
        </property>
        <property name="drawRejectionLevel" type="Int32" container="StaticArray" arraySize="1">
          <containerEntry>8</containerEntry>
        </property>
        <property name="drawMode" type="Int32" container="StaticArray" arraySize="1">
          <containerEntry>0</containerEntry>
        </property>
        <property name="rejectFarRangeShadowCast" type="Int32" container="StaticArray" arraySize="1">
          <containerEntry>2</containerEntry>
        </property>
      </staticProperties>
      <dynamicProperties></dynamicProperties>
    </entity>
    <entity class="TransformEntity" classVersion="0" classID="0x50" addr="0x2D78EB0" id="0x186225">
      <staticProperties>
        <property name="owner" type="EntityHandle" container="StaticArray" arraySize="1">
          <containerEntry>0x2D78E40</containerEntry>
        </property>
        <property name="transform_scale" type="Vector3" container="StaticArray" arraySize="1">
          <containerEntry x="1" y="1" z="1" w="0"></containerEntry>
        </property>
        <property name="transform_rotation_quat" type="Quat" container="StaticArray" arraySize="1">
          <containerEntry x="-0.081194" y="0.400509" z="-0.08655" w="0.908575"></containerEntry>
        </property>
        <property name="transform_translation" type="Vector3" container="StaticArray" arraySize="1">
          <containerEntry x="-983.362" y="301.49896" z="995.179" w="0"></containerEntry>
        </property>
      </staticProperties>
      <dynamicProperties></dynamicProperties>
    </entity>
    <entity class="StaticModelArray" classVersion="4" classID="0xD0" addr="0x2D7E160" id="0x0">
      <staticProperties>
        <property name="name" type="String" container="StaticArray" arraySize="1">
          <containerEntry>StaticModelArray0000</containerEntry>
        </property>
        <property name="dataSet" type="EntityHandle" container="StaticArray" arraySize="1">
          <containerEntry>0x2F52EE0</containerEntry>
        </property>
        <property name="modelFile" type="FilePtr" container="StaticArray" arraySize="1">
          <containerEntry>/Assets/tpp/environ/object/afghanistan/cliff/afgh_clff022/scenes/afgh_clff022_vrtn001.fmdl</containerEntry>
        </property>
        <property name="geomFile" type="FilePtr" container="StaticArray" arraySize="1">
          <containerEntry>/Assets/tpp/environ/object/afghanistan/cliff/afgh_clff022/scenes/afgh_clff022_vrtn001.geom</containerEntry>
        </property>
        <property name="isVisibleGeom" type="Bool" container="StaticArray" arraySize="1">
          <containerEntry>false</containerEntry>
        </property>
        <property name="lodFarSize" type="Float" container="StaticArray" arraySize="1">
          <containerEntry>-1</containerEntry>
        </property>
        <property name="lodNearSize" type="Float" container="StaticArray" arraySize="1">
          <containerEntry>-1</containerEntry>
        </property>
        <property name="lodPolygonSize" type="Float" container="StaticArray" arraySize="1">
          <containerEntry>-1</containerEntry>
        </property>
        <property name="drawRejectionLevel" type="Int32" container="StaticArray" arraySize="1">
          <containerEntry>8</containerEntry>
        </property>
        <property name="drawMode" type="Int32" container="StaticArray" arraySize="1">
          <containerEntry>0</containerEntry>
        </property>
        <property name="rejectFarRangeShadowCast" type="Int32" container="StaticArray" arraySize="1">
          <containerEntry>2</containerEntry>
        </property>
        <property name="parentLocator" type="EntityLink" container="StaticArray" arraySize="1">
          <containerEntry packagePathHash="0xB8A0BF169F98" archivePathHash="0xB8A0BF169F98" nameInArchiveHash="0xB8A0BF169F98">0x0</containerEntry>
        </property>
        <property name="transforms" type="Matrix4" container="DynamicArray" arraySize="2">
          <containerEntry r11="0.9954535" r12="-0.0054007648" r13="0.09509586" r14="0" r21="0.007867002" r22="0.9996419" r23="-0.025578404" r24="0" r31="-0.09492366" r32="0.026210232" r33="0.9951395" r34="0" r41="-954.332" r42="310.5653" r43="996.61084" r44="1"></containerEntry>
          <containerEntry r11="0.9954535" r12="-0.0054007648" r13="0.09509586" r14="0" r21="0.007867002" r22="0.9996419" r23="-0.025578404" r24="0" r31="-0.09492366" r32="0.026210232" r33="0.9951395" r34="0" r41="-918.3294" r42="311.60806" r43="983.70184" r44="1"></containerEntry>
        </property>
        <property name="colors" type="UInt32" container="DynamicArray" arraySize="2">
          <containerEntry>4294967295</containerEntry>
          <containerEntry>4294967295</containerEntry>
        </property>
      </staticProperties>
      <dynamicProperties></dynamicProperties>
    </entity>
    <entity class="StaticModelArray" classVersion="4" classID="0xD0" addr="0x2D7E1D0" id="0x0">
      <staticProperties>
        <property name="name" type="String" container="StaticArray" arraySize="1">
          <containerEntry>StaticModelArray0001</containerEntry>
        </property>
        <property name="dataSet" type="EntityHandle" container="StaticArray" arraySize="1">
          <containerEntry>0x2F52EE0</containerEntry>
        </property>
        <property name="modelFile" type="FilePtr" container="StaticArray" arraySize="1">
          <containerEntry>/Assets/tpp/environ/object/afghanistan/rock/afgh_rock009/scenes/afgh_rock009_rock002.fmdl</containerEntry>
        </property>
        <property name="geomFile" type="FilePtr" container="StaticArray" arraySize="1">
          <containerEntry>/Assets/tpp/environ/object/afghanistan/rock/afgh_rock009/scenes/afgh_rock009_rock002.geom</containerEntry>
        </property>
        <property name="isVisibleGeom" type="Bool" container="StaticArray" arraySize="1">
          <containerEntry>false</containerEntry>
        </property>
        <property name="lodFarSize" type="Float" container="StaticArray" arraySize="1">
          <containerEntry>-1</containerEntry>
        </property>
        <property name="lodNearSize" type="Float" container="StaticArray" arraySize="1">
          <containerEntry>-1</containerEntry>
        </property>
        <property name="lodPolygonSize" type="Float" container="StaticArray" arraySize="1">
          <containerEntry>-1</containerEntry>
        </property>
        <property name="drawRejectionLevel" type="Int32" container="StaticArray" arraySize="1">
          <containerEntry>8</containerEntry>
        </property>
        <property name="drawMode" type="Int32" container="StaticArray" arraySize="1">
          <containerEntry>0</containerEntry>
        </property>
        <property name="rejectFarRangeShadowCast" type="Int32" container="StaticArray" arraySize="1">
          <containerEntry>2</containerEntry>
        </property>
        <property name="parentLocator" type="EntityLink" container="StaticArray" arraySize="1">
          <containerEntry packagePathHash="0xB8A0BF169F98" archivePathHash="0xB8A0BF169F98" nameInArchiveHash="0xB8A0BF169F98">0x0</containerEntry>
        </property>
        <property name="transforms" type="Matrix4" container="DynamicArray" arraySize="10">
          <containerEntry r11="-0.87750703" r12="0.16209216" r13="-0.45132735" r14="0" r21="0.17485861" r22="0.9844996" r23="0.013602095" r24="0" r31="0.44653633" r32="-0.0669827" r33="-0.8922485" r34="0" r41="-909.7447" r42="301.3658" r43="930.6803" r44="1"></containerEntry>
          <containerEntry r11="-0.52084917" r12="0.5464231" r13="-0.6558383" r14="0" r21="0.38269496" r22="0.83622175" r23="0.3927801" r24="0" r31="0.76305085" r32="-0.046405226" r33="-0.64465857" r34="0" r41="-968.9239" r42="303.56937" r43="950.7836" r44="1"></containerEntry>
          <containerEntry r11="-0.52084917" r12="0.5464231" r13="-0.6558383" r14="0" r21="0.38269496" r22="0.83622175" r23="0.3927801" r24="0" r31="0.76305085" r32="-0.046405226" r33="-0.64465857" r34="0" r41="-965.39075" r42="310.8966" r43="926.0177" r44="1"></containerEntry>
          <containerEntry r11="0.3315301" r12="0.8843096" r13="0.32875216" r14="0" r21="0.5548288" r22="-0.4645741" r23="0.6901607" r24="0" r31="0.7630507" r32="-0.04640472" r33="-0.6446583" r34="0" r41="-946.9293" r42="298.17117" r43="970.4107" r44="1"></containerEntry>
          <containerEntry r11="-0.41103074" r12="0.90709555" r13="-0.09066565" r14="0" r21="0.7798493" r22="0.40138888" r23="0.48033047" r24="0" r31="0.47209936" r32="0.1267274" r33="-0.8723805" r34="0" r41="-946.9293" r42="305.18286" r43="937.5848" r44="1"></containerEntry>
          <containerEntry r11="-0.10028483" r12="-0.10825334" r13="-0.989047" r14="0" r21="-0.10111389" r22="0.9900257" r23="-0.098106995" r24="0" r31="0.9898024" r32="0.090167716" r33="-0.110230505" r34="0" r41="-1019.2181" r42="311.06616" r43="926.0177" r44="1"></containerEntry>
          <containerEntry r11="-0.10028629" r12="-0.10825369" r13="-0.9890475" r14="0" r21="0.043008998" r22="0.9926625" r23="-0.11301007" r24="0" r31="0.99402416" r32="-0.053871967" r33="-0.09489453" r34="0" r41="-985.8255" r42="311.6736" r43="926.0177" r44="1"></containerEntry>
          <containerEntry r11="-0.10028483" r12="-0.10825334" r13="-0.989047" r14="0" r21="-0.10111389" r22="0.9900257" r23="-0.098106995" r24="0" r31="0.9898024" r32="0.090167716" r33="-0.110230505" r34="0" r41="-1019.2181" r42="300.39932" r43="957.4611" r44="1"></containerEntry>
          <containerEntry r11="0.089215666" r12="-0.99336517" r13="0.07251307" r14="0" r21="-0.42006186" r22="-0.1035319" r23="-0.9015649" r24="0" r31="0.9030949" r32="0.04996991" r33="-0.42650878" r34="0" r41="-1000.0669" r42="299.90384" r43="976.88403" r44="1"></containerEntry>
          <containerEntry r11="0.15400968" r12="-0.95412713" r13="-0.25671104" r14="0" r21="-0.8541152" r22="-0.25915295" r23="0.45088184" r24="0" r31="-0.49673578" r32="0.14982839" r33="-0.8548432" r34="0" r41="-1010.32635" r42="300.29236" r43="973.5542" r44="1"></containerEntry>
        </property>
        <property name="colors" type="UInt32" container="DynamicArray" arraySize="10">
          <containerEntry>4294967295</containerEntry>
          <containerEntry>4294967295</containerEntry>
          <containerEntry>4294967295</containerEntry>
          <containerEntry>4294967295</containerEntry>
          <containerEntry>4294967295</containerEntry>
          <containerEntry>4294967295</containerEntry>
          <containerEntry>4294967295</containerEntry>
          <containerEntry>4294967295</containerEntry>
          <containerEntry>4294967295</containerEntry>
          <containerEntry>4294967295</containerEntry>
        </property>
      </staticProperties>
      <dynamicProperties></dynamicProperties>
    </entity>
    <entity class="StaticModelArray" classVersion="4" classID="0xD0" addr="0x2D7E2B0" id="0x0">
      <staticProperties>
        <property name="name" type="String" container="StaticArray" arraySize="1">
          <containerEntry>StaticModelArray0002</containerEntry>
        </property>
        <property name="dataSet" type="EntityHandle" container="StaticArray" arraySize="1">
          <containerEntry>0x2F52EE0</containerEntry>
        </property>
        <property name="modelFile" type="FilePtr" container="StaticArray" arraySize="1">
          <containerEntry>/Assets/tpp/environ/object/afghanistan/rock/afgh_rock010/scenes/afgh_rock010.fmdl</containerEntry>
        </property>
        <property name="geomFile" type="FilePtr" container="StaticArray" arraySize="1">
          <containerEntry>/Assets/tpp/environ/object/afghanistan/rock/afgh_rock010/scenes/afgh_rock010.geom</containerEntry>
        </property>
        <property name="isVisibleGeom" type="Bool" container="StaticArray" arraySize="1">
          <containerEntry>false</containerEntry>
        </property>
        <property name="lodFarSize" type="Float" container="StaticArray" arraySize="1">
          <containerEntry>-1</containerEntry>
        </property>
        <property name="lodNearSize" type="Float" container="StaticArray" arraySize="1">
          <containerEntry>-1</containerEntry>
        </property>
        <property name="lodPolygonSize" type="Float" container="StaticArray" arraySize="1">
          <containerEntry>-1</containerEntry>
        </property>
        <property name="drawRejectionLevel" type="Int32" container="StaticArray" arraySize="1">
          <containerEntry>8</containerEntry>
        </property>
        <property name="drawMode" type="Int32" container="StaticArray" arraySize="1">
          <containerEntry>0</containerEntry>
        </property>
        <property name="rejectFarRangeShadowCast" type="Int32" container="StaticArray" arraySize="1">
          <containerEntry>2</containerEntry>
        </property>
        <property name="parentLocator" type="EntityLink" container="StaticArray" arraySize="1">
          <containerEntry packagePathHash="0xB8A0BF169F98" archivePathHash="0xB8A0BF169F98" nameInArchiveHash="0xB8A0BF169F98">0x0</containerEntry>
        </property>
        <property name="transforms" type="Matrix4" container="DynamicArray" arraySize="6">
          <containerEntry r11="-0.88825446" r12="0.038418695" r13="0.45773596" r14="0" r21="0.007437025" r22="0.9975684" r23="-0.06929592" r24="0" r31="-0.4592852" r32="-0.05814841" r33="-0.8863803" r34="0" r41="-974.3562" r42="299.4352" r43="996.87164" r44="1"></containerEntry>
          <containerEntry r11="-0.5977897" r12="0.015124161" r13="0.8015081" r14="0" r21="0.083872035" r22="0.9955148" r23="0.043769524" r24="0" r31="-0.79725116" r32="0.09338924" r33="-0.596377" r34="0" r41="-946.0983" r42="311.35657" r43="902.4367" r44="1"></containerEntry>
          <containerEntry r11="-0.99245816" r12="0.00948667" r13="0.12218742" r14="0" r21="0.029340336" r22="0.9863986" r23="0.16173093" r24="0" r31="-0.11899121" r32="0.16409679" r33="-0.9792376" r34="0" r41="-1007.4061" r42="311.3591" r43="908.5477" r44="1"></containerEntry>
          <containerEntry r11="-0.9954281" r12="-0.039634775" r13="0.08685938" r14="0" r21="0.021612879" r22="0.79259944" r23="0.60935885" r24="0" r31="-0.092996515" r32="0.6084525" r33="-0.78811836" r34="0" r41="-989.2159" r42="304.43616" r43="950.8291" r44="1"></containerEntry>
          <containerEntry r11="0.25579634" r12="0.1490037" r13="-0.95517623" r14="0" r21="0.029339742" r22="0.9863986" r23="0.16173089" r24="0" r31="0.9662831" r32="-0.069394514" r33="0.24794543" r34="0" r41="-998.572" r42="311.3591" r43="911.56384" r44="1"></containerEntry>
          <containerEntry r11="-1.3142773" r12="-0.0007534874" r13="1.5536648" r14="0" r21="-0.49420846" r22="1.9295046" r23="-0.4171266" r24="0" r31="-1.4729674" r32="-0.6467117" r33="-1.246327" r34="0" r41="-905.4408" r42="307.5562" r43="984.1844" r44="1"></containerEntry>
        </property>
        <property name="colors" type="UInt32" container="DynamicArray" arraySize="6">
          <containerEntry>4294967295</containerEntry>
          <containerEntry>4294967295</containerEntry>
          <containerEntry>4294967295</containerEntry>
          <containerEntry>4294967295</containerEntry>
          <containerEntry>4294967295</containerEntry>
          <containerEntry>4294967295</containerEntry>
        </property>
      </staticProperties>
      <dynamicProperties></dynamicProperties>
    </entity>
    <entity class="StaticModelArray" classVersion="4" classID="0xD0" addr="0x2D7E240" id="0x0">
      <staticProperties>
        <property name="name" type="String" container="StaticArray" arraySize="1">
          <containerEntry>StaticModelArray0003</containerEntry>
        </property>
        <property name="dataSet" type="EntityHandle" container="StaticArray" arraySize="1">
          <containerEntry>0x2F52EE0</containerEntry>
        </property>
        <property name="modelFile" type="FilePtr" container="StaticArray" arraySize="1">
          <containerEntry>/Assets/tpp/environ/object/afghanistan/cliff/afgh_clff022/scenes/afgh_clff022_vrtn004.fmdl</containerEntry>
        </property>
        <property name="geomFile" type="FilePtr" container="StaticArray" arraySize="1">
          <containerEntry>/Assets/tpp/environ/object/afghanistan/cliff/afgh_clff022/scenes/afgh_clff022_vrtn004.geom</containerEntry>
        </property>
        <property name="isVisibleGeom" type="Bool" container="StaticArray" arraySize="1">
          <containerEntry>false</containerEntry>
        </property>
        <property name="lodFarSize" type="Float" container="StaticArray" arraySize="1">
          <containerEntry>-1</containerEntry>
        </property>
        <property name="lodNearSize" type="Float" container="StaticArray" arraySize="1">
          <containerEntry>-1</containerEntry>
        </property>
        <property name="lodPolygonSize" type="Float" container="StaticArray" arraySize="1">
          <containerEntry>-1</containerEntry>
        </property>
        <property name="drawRejectionLevel" type="Int32" container="StaticArray" arraySize="1">
          <containerEntry>8</containerEntry>
        </property>
        <property name="drawMode" type="Int32" container="StaticArray" arraySize="1">
          <containerEntry>0</containerEntry>
        </property>
        <property name="rejectFarRangeShadowCast" type="Int32" container="StaticArray" arraySize="1">
          <containerEntry>2</containerEntry>
        </property>
        <property name="parentLocator" type="EntityLink" container="StaticArray" arraySize="1">
          <containerEntry packagePathHash="0xB8A0BF169F98" archivePathHash="0xB8A0BF169F98" nameInArchiveHash="0xB8A0BF169F98">0x0</containerEntry>
        </property>
        <property name="transforms" type="Matrix4" container="DynamicArray" arraySize="3">
          <containerEntry r11="0.74634147" r12="0" r13="-0.6655625" r14="0" r21="0" r22="1" r23="0" r24="0" r31="0.6655625" r32="0" r33="0.74634147" r34="0" r41="-962.8924" r42="326.04565" r43="903.00244" r44="1"></containerEntry>
          <containerEntry r11="-0.5992588" r12="0" r13="0.8005558" r14="0" r21="0" r22="1" r23="0" r24="0" r31="-0.8005558" r32="0" r33="-0.5992588" r34="0" r41="-916.36536" r42="309.35806" r43="984.3752" r44="1"></containerEntry>
          <containerEntry r11="-0.911469" r12="0.014051978" r13="0.41112295" r14="0" r21="0.024549" r22="0.99949324" r23="0.020263629" r24="0" r31="-0.41062984" r32="0.028562387" r33="-0.91135204" r34="0" r41="-971.592" r42="311.72336" r43="1006.57306" r44="1"></containerEntry>
        </property>
        <property name="colors" type="UInt32" container="DynamicArray" arraySize="3">
          <containerEntry>4294967295</containerEntry>
          <containerEntry>4294967295</containerEntry>
          <containerEntry>4294967295</containerEntry>
        </property>
      </staticProperties>
      <dynamicProperties></dynamicProperties>
    </entity>
    <entity class="StaticModelArray" classVersion="4" classID="0xD0" addr="0x2D7E320" id="0x0">
      <staticProperties>
        <property name="name" type="String" container="StaticArray" arraySize="1">
          <containerEntry>StaticModelArray0004</containerEntry>
        </property>
        <property name="dataSet" type="EntityHandle" container="StaticArray" arraySize="1">
          <containerEntry>0x2F52EE0</containerEntry>
        </property>
        <property name="modelFile" type="FilePtr" container="StaticArray" arraySize="1">
          <containerEntry>/Assets/tpp/environ/object/afghanistan/cliff/afgh_clff007/scenes/afgh_clff007.fmdl</containerEntry>
        </property>
        <property name="geomFile" type="FilePtr" container="StaticArray" arraySize="1">
          <containerEntry>/Assets/tpp/environ/object/afghanistan/cliff/afgh_clff007/scenes/afgh_clff007.geom</containerEntry>
        </property>
        <property name="isVisibleGeom" type="Bool" container="StaticArray" arraySize="1">
          <containerEntry>false</containerEntry>
        </property>
        <property name="lodFarSize" type="Float" container="StaticArray" arraySize="1">
          <containerEntry>50</containerEntry>
        </property>
        <property name="lodNearSize" type="Float" container="StaticArray" arraySize="1">
          <containerEntry>400</containerEntry>
        </property>
        <property name="lodPolygonSize" type="Float" container="StaticArray" arraySize="1">
          <containerEntry>-1</containerEntry>
        </property>
        <property name="drawRejectionLevel" type="Int32" container="StaticArray" arraySize="1">
          <containerEntry>7</containerEntry>
        </property>
        <property name="drawMode" type="Int32" container="StaticArray" arraySize="1">
          <containerEntry>0</containerEntry>
        </property>
        <property name="rejectFarRangeShadowCast" type="Int32" container="StaticArray" arraySize="1">
          <containerEntry>2</containerEntry>
        </property>
        <property name="parentLocator" type="EntityLink" container="StaticArray" arraySize="1">
          <containerEntry packagePathHash="0xB8A0BF169F98" archivePathHash="0xB8A0BF169F98" nameInArchiveHash="0xB8A0BF169F98">0x0</containerEntry>
        </property>
        <property name="transforms" type="Matrix4" container="DynamicArray" arraySize="4">
          <containerEntry r11="0.96345717" r12="0.019785626" r13="0.26713014" r14="0" r21="-0.027815914" r22="0.99926674" r23="0.026310375" r24="0" r31="-0.2664137" r32="-0.032779414" r33="0.9633011" r34="0" r41="-1002.8676" r42="309.3615" r43="935.2697" r44="1"></containerEntry>
          <containerEntry r11="0.9197028" r12="-0.0040562516" r13="0.39259332" r14="0" r21="0.0030055481" r22="0.99999005" r23="0.003290926" r24="0" r31="-0.3926028" r32="-0.0018467098" r33="0.91970587" r34="0" r41="-1021.27295" r42="309.29047" r43="929.3117" r44="1"></containerEntry>
          <containerEntry r11="0.96345735" r12="0.01978489" r13="0.2671295" r14="0" r21="-0.05170601" r22="0.99224895" r23="0.11299722" r24="0" r31="-0.2628233" r32="-0.12268023" r33="0.9570126" r34="0" r41="-991.8274" r42="309.552" r43="939.08716" r44="1"></containerEntry>
          <containerEntry r11="-0.9062173" r12="-0.022190766" r13="0.42221436" r14="0" r21="-0.06353551" r22="0.99442935" r23="-0.08410448" r24="0" r31="-0.41799596" r32="-0.10304317" r33="-0.9025789" r34="0" r41="-993.38214" r42="299.53983" r43="984.50385" r44="1"></containerEntry>
        </property>
        <property name="colors" type="UInt32" container="DynamicArray" arraySize="4">
          <containerEntry>4294967295</containerEntry>
          <containerEntry>4294967295</containerEntry>
          <containerEntry>4294967295</containerEntry>
          <containerEntry>4294967295</containerEntry>
        </property>
      </staticProperties>
      <dynamicProperties></dynamicProperties>
    </entity>
    <entity class="StaticModelArray" classVersion="4" classID="0xD0" addr="0x2D7E390" id="0x0">
      <staticProperties>
        <property name="name" type="String" container="StaticArray" arraySize="1">
          <containerEntry>StaticModelArray0005</containerEntry>
        </property>
        <property name="dataSet" type="EntityHandle" container="StaticArray" arraySize="1">
          <containerEntry>0x2F52EE0</containerEntry>
        </property>
        <property name="modelFile" type="FilePtr" container="StaticArray" arraySize="1">
          <containerEntry>/Assets/tpp/environ/object/afghanistan/cliff/afgh_clff013/scenes/afgh_clff013.fmdl</containerEntry>
        </property>
        <property name="geomFile" type="FilePtr" container="StaticArray" arraySize="1">
          <containerEntry>/Assets/tpp/environ/object/afghanistan/cliff/afgh_clff013/scenes/afgh_clff013.geom</containerEntry>
        </property>
        <property name="isVisibleGeom" type="Bool" container="StaticArray" arraySize="1">
          <containerEntry>false</containerEntry>
        </property>
        <property name="lodFarSize" type="Float" container="StaticArray" arraySize="1">
          <containerEntry>-1</containerEntry>
        </property>
        <property name="lodNearSize" type="Float" container="StaticArray" arraySize="1">
          <containerEntry>-1</containerEntry>
        </property>
        <property name="lodPolygonSize" type="Float" container="StaticArray" arraySize="1">
          <containerEntry>-1</containerEntry>
        </property>
        <property name="drawRejectionLevel" type="Int32" container="StaticArray" arraySize="1">
          <containerEntry>8</containerEntry>
        </property>
        <property name="drawMode" type="Int32" container="StaticArray" arraySize="1">
          <containerEntry>0</containerEntry>
        </property>
        <property name="rejectFarRangeShadowCast" type="Int32" container="StaticArray" arraySize="1">
          <containerEntry>2</containerEntry>
        </property>
        <property name="parentLocator" type="EntityLink" container="StaticArray" arraySize="1">
          <containerEntry packagePathHash="0xB8A0BF169F98" archivePathHash="0xB8A0BF169F98" nameInArchiveHash="0xB8A0BF169F98">0x0</containerEntry>
        </property>
        <property name="transforms" type="Matrix4" container="DynamicArray" arraySize="3">
          <containerEntry r11="0.83490115" r12="0.004592766" r13="-0.5503801" r14="0" r21="0.005642508" r22="0.9998412" r23="0.01690278" r24="0" r31="0.55037034" r32="-0.017217675" r33="0.8347427" r34="0" r41="-946.7686" r42="306.595" r43="927.6689" r44="1"></containerEntry>
          <containerEntry r11="0.51769286" r12="0.011541231" r13="-0.85548776" r14="0" r21="0.0056423247" r22="0.9998412" r23="0.01690306" r24="0" r31="0.855547" r32="-0.013577526" r33="0.5175455" r34="0" r41="-930.9164" r42="306.595" r43="912.2751" r44="1"></containerEntry>
          <containerEntry r11="0.9232024" r12="0.0012879712" r13="-0.38431168" r14="0" r21="0.0056417105" r22="0.9998412" r23="0.016903458" r24="0" r31="0.3842724" r32="-0.017773489" r33="0.9230485" r34="0" r41="-965.9609" r42="306.595" r43="937.0701" r44="1"></containerEntry>
        </property>
        <property name="colors" type="UInt32" container="DynamicArray" arraySize="3">
          <containerEntry>4294967295</containerEntry>
          <containerEntry>4294967295</containerEntry>
          <containerEntry>4294967295</containerEntry>
        </property>
      </staticProperties>
      <dynamicProperties></dynamicProperties>
    </entity>
    <entity class="StaticModelArray" classVersion="4" classID="0xD0" addr="0x2D7E400" id="0x0">
      <staticProperties>
        <property name="name" type="String" container="StaticArray" arraySize="1">
          <containerEntry>StaticModelArray0006</containerEntry>
        </property>
        <property name="dataSet" type="EntityHandle" container="StaticArray" arraySize="1">
          <containerEntry>0x2F52EE0</containerEntry>
        </property>
        <property name="modelFile" type="FilePtr" container="StaticArray" arraySize="1">
          <containerEntry>/Assets/tpp/environ/object/afghanistan/rock/afgh_rock001/scenes/afgh_rock001.fmdl</containerEntry>
        </property>
        <property name="geomFile" type="FilePtr" container="StaticArray" arraySize="1">
          <containerEntry>/Assets/tpp/environ/object/afghanistan/rock/afgh_rock001/scenes/afgh_rock001.geom</containerEntry>
        </property>
        <property name="isVisibleGeom" type="Bool" container="StaticArray" arraySize="1">
          <containerEntry>false</containerEntry>
        </property>
        <property name="lodFarSize" type="Float" container="StaticArray" arraySize="1">
          <containerEntry>-1</containerEntry>
        </property>
        <property name="lodNearSize" type="Float" container="StaticArray" arraySize="1">
          <containerEntry>-1</containerEntry>
        </property>
        <property name="lodPolygonSize" type="Float" container="StaticArray" arraySize="1">
          <containerEntry>-1</containerEntry>
        </property>
        <property name="drawRejectionLevel" type="Int32" container="StaticArray" arraySize="1">
          <containerEntry>8</containerEntry>
        </property>
        <property name="drawMode" type="Int32" container="StaticArray" arraySize="1">
          <containerEntry>0</containerEntry>
        </property>
        <property name="rejectFarRangeShadowCast" type="Int32" container="StaticArray" arraySize="1">
          <containerEntry>2</containerEntry>
        </property>
        <property name="parentLocator" type="EntityLink" container="StaticArray" arraySize="1">
          <containerEntry packagePathHash="0xB8A0BF169F98" archivePathHash="0xB8A0BF169F98" nameInArchiveHash="0xB8A0BF169F98">0x0</containerEntry>
        </property>
        <property name="transforms" type="Matrix4" container="DynamicArray" arraySize="32">
          <containerEntry r11="0.9867286" r12="-0.13916175" r13="0.08366842" r14="0" r21="-0.14392184" r22="-0.98811084" r23="0.05381488" r24="0" r31="0.0751858" r32="-0.065142475" r33="-0.99502563" r34="0" r41="-951.9042" r42="311.35333" r43="916.2764" r44="1"></containerEntry>
          <containerEntry r11="0.9867286" r12="-0.13916175" r13="0.08366842" r14="0" r21="-0.14392184" r22="-0.98811084" r23="0.05381488" r24="0" r31="0.0751858" r32="-0.065142475" r33="-0.99502563" r34="0" r41="-951.9042" r42="310.68933" r43="933.63434" r44="1"></containerEntry>
          <containerEntry r11="-0.98197424" r12="0.16861218" r13="-0.085238114" r14="0" r21="0.14949057" r22="0.9693042" r23="0.19519587" r24="0" r31="0.115534306" r32="0.17893796" r33="-0.97703743" r34="0" r41="-951.9042" r42="302.548" r43="944.62604" r44="1"></containerEntry>
          <containerEntry r11="-0.80988175" r12="0.586452" r13="0.011635914" r14="0" r21="0.5750766" r22="0.78996927" r23="0.21267802" r24="0" r31="0.1155345" r32="0.17893887" r33="-0.9770361" r34="0" r41="-975.5427" r42="311.62946" r43="937.62" r44="1"></containerEntry>
          <containerEntry r11="-0.9548359" r12="-0.25101763" r13="-0.15888084" r14="0" r21="-0.27368766" r22="0.9512992" r23="0.14185913" r24="0" r31="0.115533695" r32="0.17893882" r33="-0.9770348" r34="0" r41="-966.14624" r42="311.4009" r43="924.7221" r44="1"></containerEntry>
          <containerEntry r11="-0.9548372" r12="-0.25101715" r13="-0.15888014" r14="0" r21="-0.29653913" r22="0.8374274" r23="0.45910463" r24="0" r31="0.017806247" r32="0.48549244" r33="-0.8740412" r34="0" r41="-982.3809" r42="312.73325" r43="919.3885" r44="1"></containerEntry>
          <containerEntry r11="-0.99005085" r12="-0.0096499445" r13="-0.14024049" r14="0" r21="-0.023022857" r22="0.99530125" r23="0.09404926" r24="0" r31="0.13867396" r32="0.09634414" r33="-0.9856209" r34="0" r41="-985.93066" r42="308.23138" r43="948.1023" r44="1"></containerEntry>
          <containerEntry r11="-0.99005085" r12="-0.0096499445" r13="-0.14024049" r14="0" r21="-0.023022857" r22="0.99530125" r23="0.09404926" r24="0" r31="0.13867396" r32="0.09634414" r33="-0.9856209" r34="0" r41="-991.40607" r42="311.21262" r43="920.4153" r44="1"></containerEntry>
          <containerEntry r11="-0.9900526" r12="-0.009650383" r13="-0.1402401" r14="0" r21="-0.11961265" r22="0.5819256" r23="0.80439293" r24="0" r31="0.07384601" r32="0.8131802" r33="-0.5772838" r34="0" r41="-1002.3714" r42="312.12448" r43="920.4153" r44="1"></containerEntry>
          <containerEntry r11="-0.9900526" r12="-0.009650081" r13="-0.14023997" r14="0" r21="-0.02176981" r22="0.99613065" r23="0.08514545" r24="0" r31="0.13887565" r32="0.08735301" r33="-0.9864318" r34="0" r41="-1015.5218" r42="312.12448" r43="911.60675" r44="1"></containerEntry>
          <containerEntry r11="0.6996507" r12="0.076015435" r13="-0.7104258" r14="0" r21="-0.021770403" r22="0.9961307" r23="0.08514488" r24="0" r31="0.7141493" r32="-0.044105027" r33="0.6985985" r34="0" r41="-1012.7499" r42="304.29462" r43="945.3919" r44="1"></containerEntry>
          <containerEntry r11="0.6996507" r12="0.076015435" r13="-0.7104258" r14="0" r21="-0.021770403" r22="0.9961307" r23="0.08514488" r24="0" r31="0.7141493" r32="-0.044105027" r33="0.6985985" r34="0" r41="-1001.0443" r42="301.23297" r43="956.1651" r44="1"></containerEntry>
          <containerEntry r11="-0.26981583" r12="-0.5150227" r13="0.8135882" r14="0" r21="-0.019812152" r22="0.84772843" r23="0.53005743" r24="0" r31="-0.96269494" r32="0.12690546" r33="-0.23893249" r34="0" r41="-973.86786" r42="301.71823" r43="955.33014" r44="1"></containerEntry>
          <containerEntry r11="-0.26981583" r12="-0.5150227" r13="0.8135882" r14="0" r21="-0.019812152" r22="0.84772843" r23="0.53005743" r24="0" r31="-0.96269494" r32="0.12690546" r33="-0.23893249" r34="0" r41="-973.86786" r42="299.8916" r43="975.2603" r44="1"></containerEntry>
          <containerEntry r11="-0.9850533" r12="0.12996225" r13="0.112883896" r14="0" r21="0.13076432" r22="0.99141335" r23="-0.00030156877" r24="0" r31="-0.11195378" r32="0.014464258" r33="-0.9935894" r34="0" r41="-988.0022" r42="299.8916" r43="983.6336" r44="1"></containerEntry>
          <containerEntry r11="0.069714434" r12="-0.009496719" r13="-0.9975125" r14="0" r21="-0.3122886" r22="0.9494853" r23="-0.030861586" r24="0" r31="0.9474161" r32="0.3136661" r33="0.063227534" r34="0" r41="-998" r42="299.68826" r43="984" r44="1"></containerEntry>
          <containerEntry r11="0.06971567" r12="-0.009496579" r13="-0.9975114" r14="0" r21="0.06838848" r22="0.9976476" r23="-0.0047188886" r24="0" r31="0.9952096" r32="-0.06789011" r33="0.07020116" r34="0" r41="-1010.37244" r42="299.69443" r43="986.39435" r44="1"></containerEntry>
          <containerEntry r11="0.6996507" r12="0.076015435" r13="-0.7104258" r14="0" r21="-0.021770403" r22="0.9961307" r23="0.08514488" r24="0" r31="0.7141493" r32="-0.044105027" r33="0.6985985" r34="0" r41="-1012.7499" r42="311.08112" r43="929.4668" r44="1"></containerEntry>
          <containerEntry r11="0.06971567" r12="-0.009496579" r13="-0.9975114" r14="0" r21="0.06838848" r22="0.9976476" r23="-0.0047188886" r24="0" r31="0.9952096" r32="-0.06789011" r33="0.07020116" r34="0" r41="-1020.03705" r42="299.38303" r43="975.74255" r44="1"></containerEntry>
          <containerEntry r11="0.9721779" r12="0.18298115" r13="0.1462449" r14="0" r21="0.13618763" r22="-0.9494833" r23="0.2826831" r24="0" r31="0.19058491" r32="-0.25490138" r33="-0.9479863" r34="0" r41="-912.1802" r42="297.55118" r43="962.26013" r44="1"></containerEntry>
          <containerEntry r11="0.9721779" r12="0.18298115" r13="0.1462449" r14="0" r21="0.13618763" r22="-0.9494833" r23="0.2826831" r24="0" r31="0.19058491" r32="-0.25490138" r33="-0.9479863" r34="0" r41="-907.72345" r42="297.49445" r43="945.02124" r44="1"></containerEntry>
          <containerEntry r11="0.71963644" r12="0.20020334" r13="-0.6648595" r14="0" r21="-0.32843286" r22="-0.745481" r23="-0.5799709" r24="0" r31="-0.6117609" r32="0.6357303" r33="-0.47071818" r34="0" r41="-924.6847" r42="297.89877" r43="956.6453" r44="1"></containerEntry>
