<fox formatVersion="2" fileVersion="0">
  <entities>
    <entity class="DataSet" classVersion="0" classID="0xE8" addr="0x2F530A0" id="0xA6B772B">
      <staticProperties>
        <property name="name" type="String" container="StaticArray" arraySize="1">
          <containerEntry hash="0xB8A0BF169F98"></containerEntry>
        </property>
        <property name="dataSet" type="EntityHandle" container="StaticArray" arraySize="1">
          <containerEntry>0x0</containerEntry>
        </property>
        <property name="dataList" type="EntityPtr" container="StringMap" arraySize="14">
          <containerEntry key="afgh_clff022_vrtn003_0006">
            <data>0x2F53B90</data>
          </containerEntry>
          <containerEntry key="afgh_clff007_0006">
            <data>0x2D79460</data>
          </containerEntry>
          <containerEntry key="StaticModelArray0000">
            <data>0x2D7E390</data>
          </containerEntry>
          <containerEntry key="StaticModelArray0001">
            <data>0x2D7E6A0</data>
          </containerEntry>
          <containerEntry key="StaticModelArray0002">
            <data>0x2D7E470</data>
          </containerEntry>
          <containerEntry key="StaticModelArray0003">
            <data>0x2D7E940</data>
          </containerEntry>
          <containerEntry key="StaticModelArray0004">
            <data>0x2D7E7F0</data>
          </containerEntry>
          <containerEntry key="StaticModelArray0005">
            <data>0x2D7DFA0</data>
          </containerEntry>
          <containerEntry key="StaticModelArray0006">
            <data>0x2D7E400</data>
          </containerEntry>
          <containerEntry key="StaticModelArray0007">
            <data>0x2D7E080</data>
          </containerEntry>
          <containerEntry key="StaticModelArray0008">
            <data>0x2D7E320</data>
          </containerEntry>
          <containerEntry key="StaticModelArray0009">
            <data>0x2D7E1D0</data>
          </containerEntry>
          <containerEntry key="StaticModelArray0010">
            <data>0x2D7E010</data>
          </containerEntry>
          <containerEntry key="TexturePackLoadConditioner0000">
            <data>0x2D7EEF0</data>
          </containerEntry>
        </property>
      </staticProperties>
      <dynamicProperties></dynamicProperties>
    </entity>
    <entity class="StaticModel" classVersion="9" classID="0x160" addr="0x2F53B90" id="0xA6B7763">
      <staticProperties>
        <property name="name" type="String" container="StaticArray" arraySize="1">
          <containerEntry>afgh_clff022_vrtn003_0006</containerEntry>
        </property>
        <property name="dataSet" type="EntityHandle" container="StaticArray" arraySize="1">
          <containerEntry>0x2F530A0</containerEntry>
        </property>
        <property name="parent" type="EntityHandle" container="StaticArray" arraySize="1">
          <containerEntry>0x0</containerEntry>
        </property>
        <property name="transform" type="EntityPtr" container="StaticArray" arraySize="1">
          <containerEntry>0x2F53C00</containerEntry>
        </property>
        <property name="shearTransform" type="EntityPtr" container="StaticArray" arraySize="1">
          <containerEntry>0x0</containerEntry>
        </property>
        <property name="pivotTransform" type="EntityPtr" container="StaticArray" arraySize="1">
          <containerEntry>0x0</containerEntry>
        </property>
        <property name="children" type="EntityHandle" container="List"></property>
        <property name="flags" type="UInt32" container="StaticArray" arraySize="1">
          <containerEntry>3221225479</containerEntry>
        </property>
        <property name="modelFile" type="FilePtr" container="StaticArray" arraySize="1">
          <containerEntry>/Assets/tpp/environ/object/afghanistan/cliff/afgh_clff022/scenes/afgh_clff022_vrtn003.fmdl</containerEntry>
        </property>
        <property name="geomFile" type="FilePtr" container="StaticArray" arraySize="1">
          <containerEntry>/Assets/tpp/environ/object/afghanistan/cliff/afgh_clff022/scenes/afgh_clff022_vrtn003.geom</containerEntry>
        </property>
        <property name="isVisibleGeom" type="Bool" container="StaticArray" arraySize="1">
          <containerEntry>false</containerEntry>
        </property>
        <property name="isIsolated" type="Bool" container="StaticArray" arraySize="1">
          <containerEntry>false</containerEntry>
        </property>
        <property name="lodFarSize" type="Float" container="StaticArray" arraySize="1">
          <containerEntry>-1</containerEntry>
        </property>
        <property name="lodNearSize" type="Float" container="StaticArray" arraySize="1">
          <containerEntry>-1</containerEntry>
        </property>
        <property name="lodPolygonSize" type="Float" container="StaticArray" arraySize="1">
          <containerEntry>-1</containerEntry>
        </property>
        <property name="color" type="Color" container="StaticArray" arraySize="1">
          <containerEntry r="1" g="1" b="1" a="1"></containerEntry>
        </property>
        <property name="drawRejectionLevel" type="Int32" container="StaticArray" arraySize="1">
          <containerEntry>8</containerEntry>
        </property>
        <property name="drawMode" type="Int32" container="StaticArray" arraySize="1">
          <containerEntry>0</containerEntry>
        </property>
        <property name="rejectFarRangeShadowCast" type="Int32" container="StaticArray" arraySize="1">
          <containerEntry>2</containerEntry>
        </property>
      </staticProperties>
      <dynamicProperties></dynamicProperties>
    </entity>
    <entity class="TransformEntity" classVersion="0" classID="0x50" addr="0x2F53C00" id="0xA6B7766">
      <staticProperties>
        <property name="owner" type="EntityHandle" container="StaticArray" arraySize="1">
          <containerEntry>0x2F53B90</containerEntry>
        </property>
        <property name="transform_scale" type="Vector3" container="StaticArray" arraySize="1">
          <containerEntry x="1" y="1" z="1" w="0"></containerEntry>
        </property>
        <property name="transform_rotation_quat" type="Quat" container="StaticArray" arraySize="1">
          <containerEntry x="0" y="-0.730862" z="0" w="-0.682522"></containerEntry>
        </property>
        <property name="transform_translation" type="Vector3" container="StaticArray" arraySize="1">
          <containerEntry x="-1212.2965" y="348.12613" z="782.93713" w="0"></containerEntry>
        </property>
      </staticProperties>
      <dynamicProperties></dynamicProperties>
    </entity>
    <entity class="StaticModel" classVersion="9" classID="0x160" addr="0x2D79460" id="0xA6B7928">
      <staticProperties>
        <property name="name" type="String" container="StaticArray" arraySize="1">
          <containerEntry>afgh_clff007_0006</containerEntry>
        </property>
        <property name="dataSet" type="EntityHandle" container="StaticArray" arraySize="1">
          <containerEntry>0x2F530A0</containerEntry>
        </property>
        <property name="parent" type="EntityHandle" container="StaticArray" arraySize="1">
          <containerEntry>0x0</containerEntry>
        </property>
        <property name="transform" type="EntityPtr" container="StaticArray" arraySize="1">
          <containerEntry>0x2D794D0</containerEntry>
        </property>
        <property name="shearTransform" type="EntityPtr" container="StaticArray" arraySize="1">
          <containerEntry>0x0</containerEntry>
        </property>
        <property name="pivotTransform" type="EntityPtr" container="StaticArray" arraySize="1">
          <containerEntry>0x0</containerEntry>
        </property>
        <property name="children" type="EntityHandle" container="List"></property>
        <property name="flags" type="UInt32" container="StaticArray" arraySize="1">
          <containerEntry>3221225479</containerEntry>
        </property>
        <property name="modelFile" type="FilePtr" container="StaticArray" arraySize="1">
          <containerEntry>/Assets/tpp/environ/object/afghanistan/cliff/afgh_clff007/scenes/afgh_clff007.fmdl</containerEntry>
        </property>
        <property name="geomFile" type="FilePtr" container="StaticArray" arraySize="1">
          <containerEntry>/Assets/tpp/environ/object/afghanistan/cliff/afgh_clff007/scenes/afgh_clff007.geom</containerEntry>
        </property>
        <property name="isVisibleGeom" type="Bool" container="StaticArray" arraySize="1">
          <containerEntry>false</containerEntry>
        </property>
        <property name="isIsolated" type="Bool" container="StaticArray" arraySize="1">
          <containerEntry>false</containerEntry>
        </property>
        <property name="lodFarSize" type="Float" container="StaticArray" arraySize="1">
          <containerEntry>50</containerEntry>
        </property>
        <property name="lodNearSize" type="Float" container="StaticArray" arraySize="1">
          <containerEntry>400</containerEntry>
        </property>
        <property name="lodPolygonSize" type="Float" container="StaticArray" arraySize="1">
          <containerEntry>-1</containerEntry>
        </property>
        <property name="color" type="Color" container="StaticArray" arraySize="1">
          <containerEntry r="1" g="1" b="1" a="1"></containerEntry>
        </property>
        <property name="drawRejectionLevel" type="Int32" container="StaticArray" arraySize="1">
          <containerEntry>7</containerEntry>
        </property>
        <property name="drawMode" type="Int32" container="StaticArray" arraySize="1">
          <containerEntry>0</containerEntry>
        </property>
        <property name="rejectFarRangeShadowCast" type="Int32" container="StaticArray" arraySize="1">
          <containerEntry>2</containerEntry>
        </property>
      </staticProperties>
      <dynamicProperties></dynamicProperties>
    </entity>
    <entity class="TransformEntity" classVersion="0" classID="0x50" addr="0x2D794D0" id="0xA6B792B">
      <staticProperties>
        <property name="owner" type="EntityHandle" container="StaticArray" arraySize="1">
          <containerEntry>0x2D79460</containerEntry>
        </property>
        <property name="transform_scale" type="Vector3" container="StaticArray" arraySize="1">
          <containerEntry x="1" y="1" z="1" w="0"></containerEntry>
        </property>
        <property name="transform_rotation_quat" type="Quat" container="StaticArray" arraySize="1">
          <containerEntry x="0.061174" y="0.056112" z="-0.017579" w="0.996392"></containerEntry>
        </property>
        <property name="transform_translation" type="Vector3" container="StaticArray" arraySize="1">
          <containerEntry x="-1158.5433" y="323.22894" z="835.6706" w="0"></containerEntry>
        </property>
      </staticProperties>
      <dynamicProperties></dynamicProperties>
    </entity>
    <entity class="StaticModelArray" classVersion="4" classID="0xD0" addr="0x2D7E390" id="0x0">
      <staticProperties>
        <property name="name" type="String" container="StaticArray" arraySize="1">
          <containerEntry>StaticModelArray0000</containerEntry>
        </property>
        <property name="dataSet" type="EntityHandle" container="StaticArray" arraySize="1">
          <containerEntry>0x2F530A0</containerEntry>
        </property>
        <property name="modelFile" type="FilePtr" container="StaticArray" arraySize="1">
          <containerEntry>/Assets/tpp/environ/object/afghanistan/rock/afgh_rock009/scenes/afgh_rock009_rock001.fmdl</containerEntry>
        </property>
        <property name="geomFile" type="FilePtr" container="StaticArray" arraySize="1">
          <containerEntry>/Assets/tpp/environ/object/afghanistan/rock/afgh_rock009/scenes/afgh_rock009_rock001.geom</containerEntry>
        </property>
        <property name="isVisibleGeom" type="Bool" container="StaticArray" arraySize="1">
          <containerEntry>false</containerEntry>
        </property>
        <property name="lodFarSize" type="Float" container="StaticArray" arraySize="1">
          <containerEntry>-1</containerEntry>
        </property>
        <property name="lodNearSize" type="Float" container="StaticArray" arraySize="1">
          <containerEntry>-1</containerEntry>
        </property>
        <property name="lodPolygonSize" type="Float" container="StaticArray" arraySize="1">
          <containerEntry>-1</containerEntry>
        </property>
        <property name="drawRejectionLevel" type="Int32" container="StaticArray" arraySize="1">
          <containerEntry>8</containerEntry>
        </property>
        <property name="drawMode" type="Int32" container="StaticArray" arraySize="1">
          <containerEntry>0</containerEntry>
        </property>
        <property name="rejectFarRangeShadowCast" type="Int32" container="StaticArray" arraySize="1">
          <containerEntry>2</containerEntry>
        </property>
        <property name="parentLocator" type="EntityLink" container="StaticArray" arraySize="1">
          <containerEntry packagePathHash="0xB8A0BF169F98" archivePathHash="0xB8A0BF169F98" nameInArchiveHash="0xB8A0BF169F98">0x0</containerEntry>
        </property>
        <property name="transforms" type="Matrix4" container="DynamicArray" arraySize="12">
          <containerEntry r11="0.27844727" r12="-0.91730815" r13="0.2846149" r14="0" r21="0.60770327" r22="0.3977435" r23="0.6873797" r24="0" r31="-0.74374497" r32="-0.018434256" r33="0.66820675" r34="0" r41="-1243.3555" r42="318.8254" r43="895.4665" r44="1"></containerEntry>
          <containerEntry r11="0.9539801" r12="0.26972255" r13="0.13103943" r14="0" r21="0.24014126" r22="-0.94886726" r23="0.20485032" r24="0" r31="0.17959331" r32="-0.16395494" r33="-0.96997184" r34="0" r41="-1234.4409" r42="334.42627" r43="851.81995" r44="1"></containerEntry>
          <containerEntry r11="0.31383604" r12="-0.3837296" r13="0.8684765" r14="0" r21="-0.06592497" r22="-0.921282" r23="-0.38324103" r24="0" r31="0.94718206" r32="0.06301889" r33="-0.31442225" r34="0" r41="-1232.153" r42="328.95584" r43="813.4777" r44="1"></containerEntry>
          <containerEntry r11="0.29435384" r12="0.21824834" r13="0.93043876" r14="0" r21="0.12725863" r22="-0.9738462" r23="0.18817249" r24="0" r31="0.94718206" r32="0.06301833" r33="-0.3144225" r34="0" r41="-1234.0201" r42="332.75595" r43="805.9715" r44="1"></containerEntry>
          <containerEntry r11="0.9889139" r12="0.029232755" r13="-0.14558369" r14="0" r21="0.029798679" r22="-0.9995435" r23="0.0017075713" r24="0" r31="-0.14546892" r32="-0.006026867" r33="-0.98933345" r34="0" r41="-1197.7474" r42="334.5955" r43="837.12683" r44="1"></containerEntry>
          <containerEntry r11="0.9742033" r12="-0.17525342" r13="-0.14217569" r14="0" r21="-0.17252922" r22="-0.98449564" r23="0.031364705" r24="0" r31="-0.14546944" r32="-0.006026022" r33="-0.9893351" r34="0" r41="-1160.1193" r42="328.06104" r43="827.7781" r44="1"></containerEntry>
          <containerEntry r11="0.47701645" r12="0.015722513" r13="0.8787505" r14="0" r21="0.593361" r22="-0.7433372" r23="-0.3087936" r24="0" r31="0.64836127" r32="0.66871786" r33="-0.36390826" r34="0" r41="-1160.1193" r42="332.87247" r43="795.20654" r44="1"></containerEntry>
          <containerEntry r11="0.27844754" r12="-0.91730845" r13="0.28461447" r14="0" r21="-0.39506093" r22="-0.37948704" r23="-0.83660233" r24="0" r31="0.87543535" r32="0.120506376" r33="-0.46805698" r34="0" r41="-1257.2915" r42="321.54517" r43="871.8005" r44="1"></containerEntry>
          <containerEntry r11="-0.47957972" r12="-0.70519245" r13="0.52219206" r14="0" r21="-0.5154842" r22="0.70801044" r23="0.4826933" r24="0" r31="-0.7101105" r32="-0.03768845" r33="-0.7030625" r34="0" r41="-1234.5688" r42="330.5141" r43="833.5242" r44="1"></containerEntry>
          <containerEntry r11="-0.8839405" r12="-0.054174595" r13="-0.46442014" r14="0" r21="-0.07038634" r22="0.99736404" r23="0.017627308" r24="0" r31="0.462241" r32="0.04827082" r33="-0.8854236" r34="0" r41="-1265.8407" r42="325.4345" r43="837.70074" r44="1"></containerEntry>
          <containerEntry r11="0.032566845" r12="-0.9994266" r13="0.008669555" r14="0" r21="0.6676614" r22="0.028211117" r23="0.74392307" r24="0" r31="-0.74374515" r32="-0.018434882" r33="0.6682063" r34="0" r41="-1187.5057" r42="311.5979" r43="894.02576" r44="1"></containerEntry>
          <containerEntry r11="-0.6550842" r12="-0.17879704" r13="-0.73408425" r14="0" r21="0.13300538" r22="-0.98370314" r23="0.12090398" r24="0" r31="-0.7437457" r32="-0.01843436" r33="0.6682059" r34="0" r41="-1163.6934" r42="310.21225" r43="894.02576" r44="1"></containerEntry>
        </property>
        <property name="colors" type="UInt32" container="DynamicArray" arraySize="12">
          <containerEntry>4294967295</containerEntry>
          <containerEntry>4294967295</containerEntry>
          <containerEntry>4294967295</containerEntry>
          <containerEntry>4294967295</containerEntry>
          <containerEntry>4294967295</containerEntry>
          <containerEntry>4294967295</containerEntry>
          <containerEntry>4294967295</containerEntry>
          <containerEntry>4294967295</containerEntry>
          <containerEntry>4294967295</containerEntry>
          <containerEntry>4294967295</containerEntry>
          <containerEntry>4294967295</containerEntry>
          <containerEntry>4294967295</containerEntry>
        </property>
      </staticProperties>
      <dynamicProperties></dynamicProperties>
    </entity>
    <entity class="StaticModelArray" classVersion="4" classID="0xD0" addr="0x2D7E6A0" id="0x0">
      <staticProperties>
        <property name="name" type="String" container="StaticArray" arraySize="1">
          <containerEntry>StaticModelArray0001</containerEntry>
        </property>
        <property name="dataSet" type="EntityHandle" container="StaticArray" arraySize="1">
          <containerEntry>0x2F530A0</containerEntry>
        </property>
        <property name="modelFile" type="FilePtr" container="StaticArray" arraySize="1">
          <containerEntry>/Assets/tpp/environ/object/afghanistan/rock/afgh_rock010/scenes/afgh_rock010_vrtn001.fmdl</containerEntry>
        </property>
        <property name="geomFile" type="FilePtr" container="StaticArray" arraySize="1">
          <containerEntry>/Assets/tpp/environ/object/afghanistan/rock/afgh_rock010/scenes/afgh_rock010_vrtn001.geom</containerEntry>
        </property>
        <property name="isVisibleGeom" type="Bool" container="StaticArray" arraySize="1">
          <containerEntry>false</containerEntry>
        </property>
        <property name="lodFarSize" type="Float" container="StaticArray" arraySize="1">
          <containerEntry>-1</containerEntry>
        </property>
        <property name="lodNearSize" type="Float" container="StaticArray" arraySize="1">
          <containerEntry>-1</containerEntry>
        </property>
        <property name="lodPolygonSize" type="Float" container="StaticArray" arraySize="1">
          <containerEntry>-1</containerEntry>
        </property>
        <property name="drawRejectionLevel" type="Int32" container="StaticArray" arraySize="1">
          <containerEntry>8</containerEntry>
        </property>
        <property name="drawMode" type="Int32" container="StaticArray" arraySize="1">
          <containerEntry>0</containerEntry>
        </property>
        <property name="rejectFarRangeShadowCast" type="Int32" container="StaticArray" arraySize="1">
          <containerEntry>2</containerEntry>
        </property>
        <property name="parentLocator" type="EntityLink" container="StaticArray" arraySize="1">
          <containerEntry packagePathHash="0xB8A0BF169F98" archivePathHash="0xB8A0BF169F98" nameInArchiveHash="0xB8A0BF169F98">0x0</containerEntry>
        </property>
        <property name="transforms" type="Matrix4" container="DynamicArray" arraySize="5">
          <containerEntry r11="-0.21179608" r12="-0.94339275" r13="0.2552413" r14="0" r21="-0.56773114" r22="0.33134824" r23="0.75358295" r24="0" r31="-0.79549944" r32="0.014698833" r33="-0.60577124" r34="0" r41="-1270.8057" r42="333.35696" r43="810.32434" r44="1"></containerEntry>
          <containerEntry r11="-0.75198996" r12="-0.11916025" r13="0.6483116" r14="0" r21="-0.26552063" r22="0.95496225" r23="-0.1324606" r24="0" r31="-0.60332906" r32="-0.2717496" r33="-0.74976146" r34="0" r41="-1238.4591" r42="327.35632" r43="836.4694" r44="1"></containerEntry>
          <containerEntry r11="0.8626859" r12="0.302247" r13="-0.40548682" r14="0" r21="0.12419841" r22="0.65060467" r23="0.7491915" r24="0" r31="0.49025255" r32="-0.6966778" r33="0.5237289" r34="0" r41="-1182.1558" r42="316.62845" r43="874.74646" r44="1"></containerEntry>
          <containerEntry r11="0.48753598" r12="-0.025750713" r13="0.87272257" r14="0" r21="0.030599548" r22="0.99945486" r23="0.012396036" r24="0" r31="-0.87256604" r32="0.02066143" r33="0.48805815" r34="0" r41="-1210.5946" r42="326.07718" r43="860.7827" r44="1"></containerEntry>
          <containerEntry r11="0.006329" r12="-0.9934033" r13="0.114486724" r14="0" r21="0.49789843" r22="0.102419436" r23="0.8611649" r24="0" r31="-0.86721075" r32="0.051553637" r33="0.49526393" r34="0" r41="-1255.5807" r42="333.35696" r43="810.71027" r44="1"></containerEntry>
        </property>
        <property name="colors" type="UInt32" container="DynamicArray" arraySize="5">
          <containerEntry>4294967295</containerEntry>
          <containerEntry>4294967295</containerEntry>
          <containerEntry>4294967295</containerEntry>
          <containerEntry>4294967295</containerEntry>
          <containerEntry>4294967295</containerEntry>
        </property>
      </staticProperties>
      <dynamicProperties></dynamicProperties>
    </entity>
    <entity class="StaticModelArray" classVersion="4" classID="0xD0" addr="0x2D7E470" id="0x0">
      <staticProperties>
        <property name="name" type="String" container="StaticArray" arraySize="1">
          <containerEntry>StaticModelArray0002</containerEntry>
        </property>
        <property name="dataSet" type="EntityHandle" container="StaticArray" arraySize="1">
          <containerEntry>0x2F530A0</containerEntry>
        </property>
        <property name="modelFile" type="FilePtr" container="StaticArray" arraySize="1">
          <containerEntry>/Assets/tpp/environ/object/afghanistan/rock/afgh_rock011/scenes/afgh_rock011.fmdl</containerEntry>
        </property>
        <property name="geomFile" type="FilePtr" container="StaticArray" arraySize="1">
          <containerEntry>/Assets/tpp/environ/object/afghanistan/rock/afgh_rock011/scenes/afgh_rock011.geom</containerEntry>
        </property>
        <property name="isVisibleGeom" type="Bool" container="StaticArray" arraySize="1">
          <containerEntry>false</containerEntry>
        </property>
        <property name="lodFarSize" type="Float" container="StaticArray" arraySize="1">
          <containerEntry>-1</containerEntry>
        </property>
        <property name="lodNearSize" type="Float" container="StaticArray" arraySize="1">
          <containerEntry>-1</containerEntry>
        </property>
        <property name="lodPolygonSize" type="Float" container="StaticArray" arraySize="1">
          <containerEntry>-1</containerEntry>
        </property>
        <property name="drawRejectionLevel" type="Int32" container="StaticArray" arraySize="1">
          <containerEntry>8</containerEntry>
        </property>
        <property name="drawMode" type="Int32" container="StaticArray" arraySize="1">
          <containerEntry>0</containerEntry>
        </property>
        <property name="rejectFarRangeShadowCast" type="Int32" container="StaticArray" arraySize="1">
          <containerEntry>2</containerEntry>
        </property>
        <property name="parentLocator" type="EntityLink" container="StaticArray" arraySize="1">
          <containerEntry packagePathHash="0xB8A0BF169F98" archivePathHash="0xB8A0BF169F98" nameInArchiveHash="0xB8A0BF169F98">0x0</containerEntry>
        </property>
        <property name="transforms" type="Matrix4" container="DynamicArray" arraySize="15">
          <containerEntry r11="0.8362585" r12="-0.01934661" r13="-0.5479926" r14="0" r21="0.081475176" r22="0.9926678" r23="0.089288145" r24="0" r31="0.5422472" r32="-0.11931591" r33="0.8317031" r34="0" r41="-1166.1678" r42="326.56335" r43="829.0678" r44="1"></containerEntry>
          <containerEntry r11="0.26613247" r12="-0.25999853" r13="0.9282069" r14="0" r21="0.02843336" r22="0.96463543" r23="0.26204908" r24="0" r31="-0.96351385" r32="-0.043346807" r33="0.2641136" r34="0" r41="-1172.5599" r42="325.80225" r43="834.6565" r44="1"></containerEntry>
          <containerEntry r11="0.71950895" r12="0.019412212" r13="0.69421196" r14="0" r21="-0.14172259" r22="0.9826782" r23="0.11940844" r24="0" r31="-0.67986894" r32="-0.18430094" r33="0.7097969" r34="0" r41="-1261.2332" r42="323.69833" r43="836.3339" r44="1"></containerEntry>
          <containerEntry r11="-0.54365176" r12="0.16358103" r13="-0.82321376" r14="0" r21="0.038585816" r22="0.9846574" r23="0.17017914" r24="0" r31="0.83842164" r32="0.060754035" r33="-0.5416226" r34="0" r41="-1258.2957" r42="324.84494" r43="830.3463" r44="1"></containerEntry>
          <containerEntry r11="0.17490323" r12="0.006378755" r13="0.9845633" r14="0" r21="-0.24599607" r22="0.968548" r23="0.0374246" r24="0" r31="-0.953358" r32="-0.24874482" r33="0.1709714" r34="0" r41="-1245.6562" r42="327.53754" r43="840.285" r44="1"></containerEntry>
          <containerEntry r11="0.590409" r12="-0.20732486" r13="0.7800213" r14="0" r21="-0.08715156" r22="0.9444174" r23="0.31698638" r24="0" r31="-0.80238485" r32="-0.25513166" r33="0.53952384" r34="0" r41="-1260.5599" r42="323.33838" r43="863.36145" r44="1"></containerEntry>
          <containerEntry r11="0.85490197" r12="0.032294862" r13="0.5177833" r14="0" r21="-0.087852694" r22="0.99265796" r23="0.083138414" r24="0" r31="-0.51129675" r32="-0.116563864" r33="0.8514625" r34="0" r41="-1255.8661" r42="325.23636" r43="854.9223" r44="1"></containerEntry>
          <containerEntry r11="-0.08046448" r12="-0.15125653" r13="0.98521227" r14="0" r21="-0.031042315" r22="0.98831993" r23="0.14919803" r24="0" r31="-0.99627215" r32="-0.018577911" r33="-0.08421999" r34="0" r41="-1166.2227" r42="333.05435" r43="787.5002" r44="1"></containerEntry>
          <containerEntry r11="0.58043766" r12="-0.16630854" r13="0.7971411" r14="0" r21="-0.23218329" r22="0.9044849" r23="0.35776806" r24="0" r31="-0.78050196" r32="-0.3927449" r33="0.48638302" r34="0" r41="-1272.9003" r42="317.77185" r43="874.0065" r44="1"></containerEntry>
          <containerEntry r11="0.21769784" r12="-0.13290554" r13="-0.9669221" r14="0" r21="-0.04377493" r22="0.9883588" r23="-0.14570715" r24="0" r31="0.9750313" r32="0.074046835" r33="0.20934564" r34="0" r41="-1213.0477" r42="331.21204" r43="827.11456" r44="1"></containerEntry>
          <containerEntry r11="0.04319673" r12="-0.026301205" r13="0.99871904" r14="0" r21="0.0064309286" r22="0.99964005" r23="0.026047282" r24="0" r31="-0.9990446" r32="0.005297576" r33="0.04335034" r34="0" r41="-1212.6548" r42="331.72095" r43="796.9422" r44="1"></containerEntry>
          <containerEntry r11="-0.8718536" r12="-0.095090926" r13="0.48043832" r14="0" r21="-0.08622156" r22="0.99545014" r23="0.04055734" r24="0" r31="-0.48210904" r32="-0.006064009" r33="-0.87608564" r34="0" r41="-1186.7731" r42="331.83066" r43="794.5057" r44="1"></containerEntry>
          <containerEntry r11="0.04253062" r12="-0.01633825" r13="0.99895865" r14="0" r21="-0.06708702" r22="0.9975629" r23="0.019171394" r24="0" r31="-0.9968373" r32="-0.06783268" r33="0.041330874" r34="0" r41="-1213.0477" r42="330.54178" r43="819.8513" r44="1"></containerEntry>
          <containerEntry r11="0.5767572" r12="-0.5638429" r13="0.59112823" r14="0" r21="0.15339123" r22="0.78548664" r23="0.5995682" r24="0" r31="-0.80238557" r32="-0.25513154" r33="0.5395236" r34="0" r41="-1213.5404" r42="314.9915" r43="889.47736" r44="1"></containerEntry>
          <containerEntry r11="-0.7089759" r12="-0.14748545" r13="0.68963075" r14="0" r21="0.09115428" r22="0.95051944" r23="0.2969905" r24="0" r31="-0.69930923" r32="0.27342367" r33="-0.6604512" r34="0" r41="-1171.8823" r42="313.76575" r43="877.72504" r44="1"></containerEntry>
        </property>
        <property name="colors" type="UInt32" container="DynamicArray" arraySize="15">
          <containerEntry>4294967295</containerEntry>
          <containerEntry>4294967295</containerEntry>
          <containerEntry>4294967295</containerEntry>
          <containerEntry>4294967295</containerEntry>
          <containerEntry>4294967295</containerEntry>
          <containerEntry>4294967295</containerEntry>
          <containerEntry>4294967295</containerEntry>
          <containerEntry>4294967295</containerEntry>
          <containerEntry>4294967295</containerEntry>
          <containerEntry>4294967295</containerEntry>
          <containerEntry>4294967295</containerEntry>
          <containerEntry>4294967295</containerEntry>
          <containerEntry>4294967295</containerEntry>
          <containerEntry>4294967295</containerEntry>
          <containerEntry>4294967295</containerEntry>
        </property>
      </staticProperties>
      <dynamicProperties></dynamicProperties>
    </entity>
    <entity class="StaticModelArray" classVersion="4" classID="0xD0" addr="0x2D7E940" id="0x0">
      <staticProperties>
        <property name="name" type="String" container="StaticArray" arraySize="1">
          <containerEntry>StaticModelArray0003</containerEntry>
        </property>
        <property name="dataSet" type="EntityHandle" container="StaticArray" arraySize="1">
          <containerEntry>0x2F530A0</containerEntry>
        </property>
        <property name="modelFile" type="FilePtr" container="StaticArray" arraySize="1">
          <containerEntry>/Assets/tpp/environ/object/afghanistan/rock/afgh_rock001/scenes/afgh_rock001.fmdl</containerEntry>
        </property>
        <property name="geomFile" type="FilePtr" container="StaticArray" arraySize="1">
          <containerEntry>/Assets/tpp/environ/object/afghanistan/rock/afgh_rock001/scenes/afgh_rock001.geom</containerEntry>
        </property>
        <property name="isVisibleGeom" type="Bool" container="StaticArray" arraySize="1">
          <containerEntry>false</containerEntry>
        </property>
        <property name="lodFarSize" type="Float" container="StaticArray" arraySize="1">
          <containerEntry>-1</containerEntry>
        </property>
        <property name="lodNearSize" type="Float" container="StaticArray" arraySize="1">
          <containerEntry>-1</containerEntry>
        </property>
        <property name="lodPolygonSize" type="Float" container="StaticArray" arraySize="1">
          <containerEntry>-1</containerEntry>
        </property>
        <property name="drawRejectionLevel" type="Int32" container="StaticArray" arraySize="1">
          <containerEntry>8</containerEntry>
        </property>
        <property name="drawMode" type="Int32" container="StaticArray" arraySize="1">
          <containerEntry>0</containerEntry>
        </property>
        <property name="rejectFarRangeShadowCast" type="Int32" container="StaticArray" arraySize="1">
          <containerEntry>2</containerEntry>
        </property>
        <property name="parentLocator" type="EntityLink" container="StaticArray" arraySize="1">
          <containerEntry packagePathHash="0xB8A0BF169F98" archivePathHash="0xB8A0BF169F98" nameInArchiveHash="0xB8A0BF169F98">0x0</containerEntry>
        </property>
        <property name="transforms" type="Matrix4" container="DynamicArray" arraySize="9">
          <containerEntry r11="0.07345102" r12="-0.38757622" r13="0.9188932" r14="0" r21="0.009249508" r22="0.9216197" r23="0.38798133" r24="0" r31="-0.9972435" r32="-0.019993395" r33="0.071279824" r34="0" r41="-1271.1677" r42="322.5567" r43="859.9649" r44="1"></containerEntry>
          <containerEntry r11="0.96564674" r12="-0.12857825" r13="-0.22581625" r14="0" r21="-0.20645174" r22="-0.9073156" r23="-0.36619872" r24="0" r31="-0.1578069" r32="0.40023923" r33="-0.902691" r34="0" r41="-1271.7002" r42="328.97354" r43="819.45685" r44="1"></containerEntry>
          <containerEntry r11="-0.15760326" r12="0.18942258" r13="0.9691476" r14="0" r21="0.12042668" r22="0.9777916" r23="-0.17152363" r24="0" r31="-0.980115" r32="0.089677356" r33="-0.17691463" r34="0" r41="-1257.525" r42="327.20087" r43="826.0681" r44="1"></containerEntry>
          <containerEntry r11="-0.15760326" r12="0.18942258" r13="0.9691476" r14="0" r21="0.12042668" r22="0.9777916" r23="-0.17152363" r24="0" r31="-0.980115" r32="0.089677356" r33="-0.17691463" r34="0" r41="-1239.296" r42="328.10727" r43="824.85205" r44="1"></containerEntry>
          <containerEntry r11="-0.15760326" r12="0.18942258" r13="0.9691476" r14="0" r21="0.12042668" r22="0.9777916" r23="-0.17152363" r24="0" r31="-0.980115" r32="0.089677356" r33="-0.17691463" r34="0" r41="-1221.0449" r42="331.47952" r43="821.84845" r44="1"></containerEntry>
          <containerEntry r11="-0.15760326" r12="0.18942258" r13="0.9691476" r14="0" r21="0.12042668" r22="0.9777916" r23="-0.17152363" r24="0" r31="-0.980115" r32="0.089677356" r33="-0.17691463" r34="0" r41="-1256.0576" r42="326.93228" r43="849.57007" r44="1"></containerEntry>
          <containerEntry r11="-0.15760326" r12="0.18942258" r13="0.9691476" r14="0" r21="0.12042668" r22="0.9777916" r23="-0.17152363" r24="0" r31="-0.980115" r32="0.089677356" r33="-0.17691463" r34="0" r41="-1199.0311" r42="332.53156" r43="803.7685" r44="1"></containerEntry>
          <containerEntry r11="-0.15760326" r12="0.18942258" r13="0.9691476" r14="0" r21="0.12042668" r22="0.9777916" r23="-0.17152363" r24="0" r31="-0.980115" r32="0.089677356" r33="-0.17691463" r34="0" r41="-1192.9762" r42="330.94855" r43="826.03094" r44="1"></containerEntry>
          <containerEntry r11="-0.99825037" r12="0.01763194" r13="-0.05592406" r14="0" r21="-0.013382968" r22="0.86004215" r23="0.5100435" r24="0" r31="0.057090122" r32="0.5099143" r33="-0.8582974" r34="0" r41="-1157.2786" r42="332.39804" r43="810.26605" r44="1"></containerEntry>
        </property>
        <property name="colors" type="UInt32" container="DynamicArray" arraySize="9">
          <containerEntry>4294967295</containerEntry>
          <containerEntry>4294967295</containerEntry>
          <containerEntry>4294967295</containerEntry>
          <containerEntry>4294967295</containerEntry>
          <containerEntry>4294967295</containerEntry>
          <containerEntry>4294967295</containerEntry>
          <containerEntry>4294967295</containerEntry>
          <containerEntry>4294967295</containerEntry>
          <containerEntry>4294967295</containerEntry>
        </property>
      </staticProperties>
      <dynamicProperties></dynamicProperties>
    </entity>
    <entity class="StaticModelArray" classVersion="4" classID="0xD0" addr="0x2D7E7F0" id="0x0">
      <staticProperties>
        <property name="name" type="String" container="StaticArray" arraySize="1">
          <containerEntry>StaticModelArray0004</containerEntry>
        </property>
        <property name="dataSet" type="EntityHandle" container="StaticArray" arraySize="1">
          <containerEntry>0x2F530A0</containerEntry>
        </property>
        <property name="modelFile" type="FilePtr" container="StaticArray" arraySize="1">
          <containerEntry>/Assets/tpp/environ/object/afghanistan/cliff/afgh_clff022/scenes/afgh_clff022_vrtn002.fmdl</containerEntry>
        </property>
        <property name="geomFile" type="FilePtr" container="StaticArray" arraySize="1">
          <containerEntry>/Assets/tpp/environ/object/afghanistan/cliff/afgh_clff022/scenes/afgh_clff022_vrtn002.geom</containerEntry>
        </property>
        <property name="isVisibleGeom" type="Bool" container="StaticArray" arraySize="1">
          <containerEntry>false</containerEntry>
        </property>
        <property name="lodFarSize" type="Float" container="StaticArray" arraySize="1">
          <containerEntry>-1</containerEntry>
        </property>
        <property name="lodNearSize" type="Float" container="StaticArray" arraySize="1">
          <containerEntry>-1</containerEntry>
        </property>
        <property name="lodPolygonSize" type="Float" container="StaticArray" arraySize="1">
          <containerEntry>-1</containerEntry>
        </property>
        <property name="drawRejectionLevel" type="Int32" container="StaticArray" arraySize="1">
          <containerEntry>8</containerEntry>
        </property>
        <property name="drawMode" type="Int32" container="StaticArray" arraySize="1">
          <containerEntry>0</containerEntry>
        </property>
        <property name="rejectFarRangeShadowCast" type="Int32" container="StaticArray" arraySize="1">
          <containerEntry>2</containerEntry>
        </property>
        <property name="parentLocator" type="EntityLink" container="StaticArray" arraySize="1">
          <containerEntry packagePathHash="0xB8A0BF169F98" archivePathHash="0xB8A0BF169F98" nameInArchiveHash="0xB8A0BF169F98">0x0</containerEntry>
        </property>
        <property name="transforms" type="Matrix4" container="DynamicArray" arraySize="2">
          <containerEntry r11="0.96922123" r12="0" r13="-0.24619137" r14="0" r21="0" r22="1" r23="0" r24="0" r31="0.24619137" r32="0" r33="0.96922123" r34="0" r41="-1237.7363" r42="342.88715" r43="796.9792" r44="1"></containerEntry>
          <containerEntry r11="0.96463484" r12="0.031344432" r13="-0.26171932" r14="0" r21="-0.036896136" r22="0.99918574" r23="-0.016324263" r24="0" r31="0.26099452" r32="0.02540341" r33="0.9650059" r34="0" r41="-1159.6539" r42="320.14142" r43="863.4601" r44="1"></containerEntry>
        </property>
        <property name="colors" type="UInt32" container="DynamicArray" arraySize="2">
          <containerEntry>4294967295</containerEntry>
          <containerEntry>4294967295</containerEntry>
        </property>
      </staticProperties>
      <dynamicProperties></dynamicProperties>
    </entity>
    <entity class="StaticModelArray" classVersion="4" classID="0xD0" addr="0x2D7DFA0" id="0x0">
      <staticProperties>
        <property name="name" type="String" container="StaticArray" arraySize="1">
          <containerEntry>StaticModelArray0005</containerEntry>
        </property>
        <property name="dataSet" type="EntityHandle" container="StaticArray" arraySize="1">
          <containerEntry>0x2F530A0</containerEntry>
        </property>
        <property name="modelFile" type="FilePtr" container="StaticArray" arraySize="1">
          <containerEntry>/Assets/tpp/environ/object/afghanistan/cliff/afgh_clff022/scenes/afgh_clff022_vrtn001.fmdl</containerEntry>
        </property>
        <property name="geomFile" type="FilePtr" container="StaticArray" arraySize="1">
          <containerEntry>/Assets/tpp/environ/object/afghanistan/cliff/afgh_clff022/scenes/afgh_clff022_vrtn001.geom</containerEntry>
        </property>
        <property name="isVisibleGeom" type="Bool" container="StaticArray" arraySize="1">
          <containerEntry>false</containerEntry>
        </property>
        <property name="lodFarSize" type="Float" container="StaticArray" arraySize="1">
          <containerEntry>-1</containerEntry>
        </property>
        <property name="lodNearSize" type="Float" container="StaticArray" arraySize="1">
          <containerEntry>-1</containerEntry>
        </property>
        <property name="lodPolygonSize" type="Float" container="StaticArray" arraySize="1">
          <containerEntry>-1</containerEntry>
        </property>
        <property name="drawRejectionLevel" type="Int32" container="StaticArray" arraySize="1">
