<fox formatVersion="2" fileVersion="0">
  <entities>
    <entity class="DataSet" classVersion="0" classID="0xE8" addr="0x2EF4450" id="0x186EF9">
      <staticProperties>
        <property name="name" type="String" container="StaticArray" arraySize="1">
          <containerEntry hash="0xB8A0BF169F98"></containerEntry>
        </property>
        <property name="dataSet" type="EntityHandle" container="StaticArray" arraySize="1">
          <containerEntry>0x0</containerEntry>
        </property>
        <property name="dataList" type="EntityPtr" container="StringMap" arraySize="7">
          <containerEntry key="cm_mafr_dc_grnd004">
            <data>0x2D77F60</data>
          </containerEntry>
          <containerEntry key="StaticModelArray0000">
            <data>0x2D7CBF0</data>
          </containerEntry>
          <containerEntry key="StaticModelArray0001">
            <data>0x2D7CC60</data>
          </containerEntry>
          <containerEntry key="StaticModelArray0002">
            <data>0x2D7CCD0</data>
          </containerEntry>
          <containerEntry key="StaticModelArray0003">
            <data>0x2D7CD40</data>
          </containerEntry>
          <containerEntry key="DecalArray0000">
            <data>0x2D7CDB0</data>
          </containerEntry>
          <containerEntry key="TexturePackLoadConditioner0000">
            <data>0x2D7D3D0</data>
          </containerEntry>
        </property>
      </staticProperties>
      <dynamicProperties></dynamicProperties>
    </entity>
    <entity class="Material" classVersion="6" classID="0xB0" addr="0x2D77F60" id="0x187037">
      <staticProperties>
        <property name="name" type="String" container="StaticArray" arraySize="1">
          <containerEntry>cm_mafr_dc_grnd004</containerEntry>
        </property>
        <property name="dataSet" type="EntityHandle" container="StaticArray" arraySize="1">
          <containerEntry>0x2EF4450</containerEntry>
        </property>
        <property name="materialName" type="String" container="StaticArray" arraySize="1">
          <containerEntry hash="0xB8A0BF169F98"></containerEntry>
        </property>
        <property name="shader" type="Path" container="StaticArray" arraySize="1">
          <containerEntry hash="0xB8A0BF169F98"></containerEntry>
        </property>
        <property name="diffuseTexture" type="Path" container="StaticArray" arraySize="1">
          <containerEntry>/Assets/tpp/common_source/fmtr/decal/middle_africa/cm_mafr_dc_grnd004/sourceimages/cm_mafr_dc_grnd004_bsm_alp.ftex</containerEntry>
        </property>
        <property name="srmTexture" type="Path" container="StaticArray" arraySize="1">
          <containerEntry>/Assets/tpp/common_source/fmtr/decal/middle_africa/cm_mafr_dc_grnd004/sourceimages/cm_mafr_dc_grnd004_srm.ftex</containerEntry>
        </property>
        <property name="normalTexture" type="Path" container="StaticArray" arraySize="1">
          <containerEntry>/Assets/tpp/common_source/fmtr/decal/middle_africa/cm_mafr_dc_grnd004/sourceimages/cm_mafr_dc_grnd004_nrm.ftex</containerEntry>
        </property>
        <property name="materialMapTexture" type="Path" container="StaticArray" arraySize="1">
          <containerEntry hash="0xB8A0BF169F98"></containerEntry>
        </property>
        <property name="materialIndex" type="UInt8" container="StaticArray" arraySize="1">
          <containerEntry>21</containerEntry>
        </property>
        <property name="diffuseColor" type="Color" container="StaticArray" arraySize="1">
          <containerEntry r="1" g="1" b="1" a="1"></containerEntry>
        </property>
        <property name="specularColor" type="Color" container="StaticArray" arraySize="1">
          <containerEntry r="0" g="0" b="0" a="0"></containerEntry>
        </property>
        <property name="fmtrPath" type="Path" container="StaticArray" arraySize="1">
          <containerEntry hash="0xB8A0BF169F98"></containerEntry>
        </property>
        <property name="residentFlag" type="Bool" container="StaticArray" arraySize="1">
          <containerEntry>false</containerEntry>
        </property>
      </staticProperties>
      <dynamicProperties></dynamicProperties>
    </entity>
    <entity class="StaticModelArray" classVersion="4" classID="0xD0" addr="0x2D7CBF0" id="0x0">
      <staticProperties>
        <property name="name" type="String" container="StaticArray" arraySize="1">
          <containerEntry>StaticModelArray0000</containerEntry>
        </property>
        <property name="dataSet" type="EntityHandle" container="StaticArray" arraySize="1">
          <containerEntry>0x2EF4450</containerEntry>
        </property>
        <property name="modelFile" type="FilePtr" container="StaticArray" arraySize="1">
          <containerEntry>/Assets/tpp/environ/object/middle_africa/rock/mafr_rock011/scenes/mafr_rock011.fmdl</containerEntry>
        </property>
        <property name="geomFile" type="FilePtr" container="StaticArray" arraySize="1">
          <containerEntry>/Assets/tpp/environ/object/middle_africa/rock/mafr_rock011/scenes/mafr_rock011.geom</containerEntry>
        </property>
        <property name="isVisibleGeom" type="Bool" container="StaticArray" arraySize="1">
          <containerEntry>false</containerEntry>
        </property>
        <property name="lodFarSize" type="Float" container="StaticArray" arraySize="1">
          <containerEntry>-1</containerEntry>
        </property>
        <property name="lodNearSize" type="Float" container="StaticArray" arraySize="1">
          <containerEntry>-1</containerEntry>
        </property>
        <property name="lodPolygonSize" type="Float" container="StaticArray" arraySize="1">
          <containerEntry>-1</containerEntry>
        </property>
        <property name="drawRejectionLevel" type="Int32" container="StaticArray" arraySize="1">
          <containerEntry>8</containerEntry>
        </property>
        <property name="drawMode" type="Int32" container="StaticArray" arraySize="1">
          <containerEntry>0</containerEntry>
        </property>
        <property name="rejectFarRangeShadowCast" type="Int32" container="StaticArray" arraySize="1">
          <containerEntry>2</containerEntry>
        </property>
        <property name="parentLocator" type="EntityLink" container="StaticArray" arraySize="1">
          <containerEntry packagePathHash="0xB8A0BF169F98" archivePathHash="0xB8A0BF169F98" nameInArchiveHash="0xB8A0BF169F98">0x0</containerEntry>
        </property>
        <property name="transforms" type="Matrix4" container="DynamicArray" arraySize="3">
          <containerEntry r11="-0.9506152" r12="-0.03612445" r13="-0.30826837" r14="0" r21="0.25902206" r22="0.45486555" r23="-0.8520595" r24="0" r31="0.17099944" r32="-0.8898297" r33="-0.4230409" r34="0" r41="338.70804" r42="-7.9987664" r43="221.5181" r44="1"></containerEntry>
          <containerEntry r11="0.97118425" r12="-0.049141105" r13="-0.23321265" r14="0" r21="0.108975045" r22="0.96179444" r23="0.25114873" r24="0" r31="0.21196087" r32="-0.2693261" r33="0.93943477" r34="0" r41="328.42255" r42="-9.931691" r43="216.5823" r44="1"></containerEntry>
          <containerEntry r11="0.9933519" r12="-0.037054215" r13="-0.10899972" r14="0" r21="0.060272694" r22="0.97405016" r23="0.21815912" r24="0" r31="0.09808746" r32="-0.22327848" r33="0.9698079" r34="0" r41="325.4452" r42="-8.236072" r43="219.4427" r44="1"></containerEntry>
        </property>
        <property name="colors" type="UInt32" container="DynamicArray" arraySize="3">
          <containerEntry>4294967295</containerEntry>
          <containerEntry>4294967295</containerEntry>
          <containerEntry>4294967295</containerEntry>
        </property>
      </staticProperties>
      <dynamicProperties></dynamicProperties>
    </entity>
    <entity class="StaticModelArray" classVersion="4" classID="0xD0" addr="0x2D7CC60" id="0x0">
      <staticProperties>
        <property name="name" type="String" container="StaticArray" arraySize="1">
          <containerEntry>StaticModelArray0001</containerEntry>
        </property>
        <property name="dataSet" type="EntityHandle" container="StaticArray" arraySize="1">
          <containerEntry>0x2EF4450</containerEntry>
        </property>
        <property name="modelFile" type="FilePtr" container="StaticArray" arraySize="1">
          <containerEntry>/Assets/tpp/environ/object/middle_africa/rock/mafr_rock002/scenes/mafr_rock002.fmdl</containerEntry>
        </property>
        <property name="geomFile" type="FilePtr" container="StaticArray" arraySize="1">
          <containerEntry>/Assets/tpp/environ/object/middle_africa/rock/mafr_rock002/scenes/mafr_rock002.geom</containerEntry>
        </property>
        <property name="isVisibleGeom" type="Bool" container="StaticArray" arraySize="1">
          <containerEntry>false</containerEntry>
        </property>
        <property name="lodFarSize" type="Float" container="StaticArray" arraySize="1">
          <containerEntry>-1</containerEntry>
        </property>
        <property name="lodNearSize" type="Float" container="StaticArray" arraySize="1">
          <containerEntry>-1</containerEntry>
        </property>
        <property name="lodPolygonSize" type="Float" container="StaticArray" arraySize="1">
          <containerEntry>-1</containerEntry>
        </property>
        <property name="drawRejectionLevel" type="Int32" container="StaticArray" arraySize="1">
          <containerEntry>8</containerEntry>
        </property>
        <property name="drawMode" type="Int32" container="StaticArray" arraySize="1">
          <containerEntry>0</containerEntry>
        </property>
        <property name="rejectFarRangeShadowCast" type="Int32" container="StaticArray" arraySize="1">
          <containerEntry>2</containerEntry>
        </property>
        <property name="parentLocator" type="EntityLink" container="StaticArray" arraySize="1">
          <containerEntry packagePathHash="0xB8A0BF169F98" archivePathHash="0xB8A0BF169F98" nameInArchiveHash="0xB8A0BF169F98">0x0</containerEntry>
        </property>
        <property name="transforms" type="Matrix4" container="DynamicArray" arraySize="3">
          <containerEntry r11="1" r12="0" r13="0" r14="0" r21="0" r22="1" r23="0" r24="0" r31="0" r32="0" r33="1" r34="0" r41="323.32596" r42="-3.189575" r43="234.95763" r44="1"></containerEntry>
          <containerEntry r11="0.8540015" r12="-0.011080781" r13="0.5201522" r14="0" r21="-0.0014033276" r22="0.99972045" r23="0.023601007" r24="0" r31="-0.5202683" r32="-0.020885237" r33="0.85374725" r34="0" r41="319.1758" r42="-2.506997" r43="244.85516" r44="1"></containerEntry>
          <containerEntry r11="0.8540015" r12="-0.011080781" r13="0.5201522" r14="0" r21="-0.0014033276" r22="0.99972045" r23="0.023601007" r24="0" r31="-0.5202683" r32="-0.020885237" r33="0.85374725" r34="0" r41="307.32513" r42="-2.37298" r43="237.34305" r44="1"></containerEntry>
        </property>
        <property name="colors" type="UInt32" container="DynamicArray" arraySize="3">
          <containerEntry>4294967295</containerEntry>
          <containerEntry>4294967295</containerEntry>
          <containerEntry>4294967295</containerEntry>
        </property>
      </staticProperties>
      <dynamicProperties></dynamicProperties>
    </entity>
    <entity class="StaticModelArray" classVersion="4" classID="0xD0" addr="0x2D7CCD0" id="0x0">
      <staticProperties>
        <property name="name" type="String" container="StaticArray" arraySize="1">
          <containerEntry>StaticModelArray0002</containerEntry>
        </property>
        <property name="dataSet" type="EntityHandle" container="StaticArray" arraySize="1">
          <containerEntry>0x2EF4450</containerEntry>
        </property>
        <property name="modelFile" type="FilePtr" container="StaticArray" arraySize="1">
          <containerEntry>/Assets/tpp/environ/object/middle_africa/mud/mafr_mudd003/scenes/mafr_mudd003.fmdl</containerEntry>
        </property>
        <property name="geomFile" type="FilePtr" container="StaticArray" arraySize="1">
          <containerEntry>/Assets/tpp/environ/object/middle_africa/mud/mafr_mudd003/scenes/mafr_mudd003.geom</containerEntry>
        </property>
        <property name="isVisibleGeom" type="Bool" container="StaticArray" arraySize="1">
          <containerEntry>false</containerEntry>
        </property>
        <property name="lodFarSize" type="Float" container="StaticArray" arraySize="1">
          <containerEntry>-1</containerEntry>
        </property>
        <property name="lodNearSize" type="Float" container="StaticArray" arraySize="1">
          <containerEntry>-1</containerEntry>
        </property>
        <property name="lodPolygonSize" type="Float" container="StaticArray" arraySize="1">
          <containerEntry>-1</containerEntry>
        </property>
        <property name="drawRejectionLevel" type="Int32" container="StaticArray" arraySize="1">
          <containerEntry>8</containerEntry>
        </property>
        <property name="drawMode" type="Int32" container="StaticArray" arraySize="1">
          <containerEntry>0</containerEntry>
        </property>
        <property name="rejectFarRangeShadowCast" type="Int32" container="StaticArray" arraySize="1">
          <containerEntry>2</containerEntry>
        </property>
        <property name="parentLocator" type="EntityLink" container="StaticArray" arraySize="1">
          <containerEntry packagePathHash="0xB8A0BF169F98" archivePathHash="0xB8A0BF169F98" nameInArchiveHash="0xB8A0BF169F98">0x0</containerEntry>
        </property>
        <property name="transforms" type="Matrix4" container="DynamicArray" arraySize="17">
          <containerEntry r11="-0.884648" r12="0.044289038" r13="0.4641502" r14="0" r21="-0.02557842" r22="1.2018573" r23="-0.16343197" r24="0" r31="-0.46578148" r32="-0.12896046" r33="-0.8754518" r34="0" r41="288.68237" r42="-7.057789" r43="206.86942" r44="1"></containerEntry>
          <containerEntry r11="-0.9931813" r12="0.0139150405" r13="0.11568385" r14="0" r21="0.011979797" r22="0.9997767" r23="-0.017407175" r24="0" r31="-0.11590025" r32="-0.015902732" r33="-0.9931262" r34="0" r41="264.7369" r42="-7.329742" r43="178.69128" r44="1"></containerEntry>
          <containerEntry r11="-0.9320871" r12="2.0227162e-08" r13="-0.3622308" r14="0" r21="0.00041278725" r22="0.99999934" r23="-0.0010621231" r24="0" r31="0.36223057" r32="-0.001139517" r33="-0.93208647" r34="0" r41="264.47012" r42="-7.564715" r43="136.9712" r44="1"></containerEntry>
          <containerEntry r11="-0.67336875" r12="-0.019623319" r13="-0.7390451" r14="0" r21="-9.708027e-07" r22="1.1375811" r23="-0.03020445" r24="0" r31="0.73930556" r32="-0.017872024" r33="-0.6731315" r34="0" r41="253.37062" r42="-7.3908253" r43="138.77473" r44="1"></containerEntry>
          <containerEntry r11="-0.6733695" r12="-0.002874971" r13="-0.73930043" r14="0" r21="-8.5530337e-07" r22="0.99999243" r23="-0.0038879637" r24="0" r31="0.73930603" r32="-0.002617404" r33="-0.67336446" r34="0" r41="249.10635" r42="-7.411127" r43="128.99512" r44="1"></containerEntry>
          <containerEntry r11="0.73177123" r12="0.013915734" r13="-0.68140787" r14="0" r21="0.0007734946" r22="1.1813822" r23="0.024956863" r24="0" r31="0.6815496" r32="-0.015901355" r33="0.73159873" r34="0" r41="261.83145" r42="-7.4449973" r43="219.77466" r44="1"></containerEntry>
          <containerEntry r11="0.909104" r12="0.04870985" r13="-0.41371042" r14="0" r21="-0.018142585" r22="0.9968274" r23="0.07749783" r24="0" r31="0.4161728" r32="-0.06294774" r33="0.90710354" r34="0" r41="260.13812" r42="-7.249023" r43="207.64221" r44="1"></containerEntry>
          <containerEntry r11="-0.3482363" r12="0.013914632" r13="-0.9372977" r14="0" r21="0.019754699" r22="0.99977666" r23="0.00750251" r24="0" r31="0.9371928" r32="-0.01590342" r33="-0.34843343" r34="0" r41="260.8262" r42="-7.329742" r43="185.80853" r44="1"></containerEntry>
          <containerEntry r11="0.9995116" r12="0.013915993" r13="-0.02797941" r14="0" r21="-0.013463736" r22="0.99977666" r23="0.01628782" r24="0" r31="0.028199824" r32="-0.015903158" r33="0.9994758" r34="0" r41="259.92975" r42="-7.329742" r43="176.5762" r44="1"></containerEntry>
          <containerEntry r11="0.8939925" r12="-0.046332538" r13="-0.44567886" r14="0" r21="-0.0033746976" r22="0.99391526" r23="-0.11009565" r24="0" r31="0.44806805" r32="0.09992866" r33="0.8883964" r34="0" r41="258.9419" r42="-7.329742" r43="197.7416" r44="1"></containerEntry>
          <containerEntry r11="-0.99870473" r12="0.026652707" r13="-0.043081686" r14="0" r21="0.026522005" r22="0.9996417" r23="0.0036026377" r24="0" r31="0.04316227" r32="0.0024553926" r33="-0.99905384" r34="0" r41="272.9243" r42="-7.329742" r43="203.50035" r44="1"></containerEntry>
          <containerEntry r11="0.44576377" r12="5.6048157e-07" r13="0.89515114" r14="0" r21="-0.0010197095" r22="0.99999934" r23="0.0005071657" r24="0" r31="-0.89515054" r32="-0.0011388698" r33="0.44576347" r34="0" r41="262.55942" r42="-7.564715" r43="133.7218" r44="1"></containerEntry>
          <containerEntry r11="-0.9869624" r12="0.01904209" r13="0.15979268" r14="0" r21="0.02026089" r22="0.9997767" r23="0.006001448" r24="0" r31="-0.15964271" r32="0.009160779" r33="-0.98712784" r34="0" r41="299.6744" r42="-7.274944" r43="178.62035" r44="1"></containerEntry>
          <containerEntry r11="-0.4731905" r12="0.019041922" r13="-0.8807497" r14="0" r21="0.0009405436" r22="0.9997767" r23="0.021109924" r24="0" r31="0.880955" r32="0.009160715" r33="-0.47310275" r34="0" r41="310.04745" r42="-7.43677" r43="176.16957" r44="1"></containerEntry>
          <containerEntry r11="0.38837972" r12="0.019041287" r13="-0.9213012" r14="0" r21="-0.015838878" r22="0.9997768" r23="0.013986228" r24="0" r31="0.92136186" r32="0.009160461" r33="0.38859463" r34="0" r41="305.0164" r42="-7.48763" r43="173.78883" r44="1"></containerEntry>
          <containerEntry r11="0.07012349" r12="0.019041657" r13="0.9973539" r14="0" r21="0.0078042597" r22="0.9997767" r23="-0.019636553" r24="0" r31="-0.9975052" r32="0.009160562" r33="0.06995922" r34="0" r41="311.12433" r42="-7.43677" r43="188.38477" r44="1"></containerEntry>
          <containerEntry r11="-0.9931813" r12="0.0139150405" r13="0.11568385" r14="0" r21="0.011979797" r22="0.9997767" r23="-0.017407175" r24="0" r31="-0.11590025" r32="-0.015902732" r33="-0.9931262" r34="0" r41="278.23746" r42="-7.5084" r43="171.7613" r44="1"></containerEntry>
        </property>
        <property name="colors" type="UInt32" container="DynamicArray" arraySize="17">
          <containerEntry>4294967295</containerEntry>
          <containerEntry>4294967295</containerEntry>
          <containerEntry>4294967295</containerEntry>
          <containerEntry>4294967295</containerEntry>
          <containerEntry>4294967295</containerEntry>
          <containerEntry>4294967295</containerEntry>
          <containerEntry>4294967295</containerEntry>
          <containerEntry>4294967295</containerEntry>
          <containerEntry>4294967295</containerEntry>
          <containerEntry>4294967295</containerEntry>
          <containerEntry>4294967295</containerEntry>
          <containerEntry>4294967295</containerEntry>
          <containerEntry>4294967295</containerEntry>
          <containerEntry>4294967295</containerEntry>
          <containerEntry>4294967295</containerEntry>
          <containerEntry>4294967295</containerEntry>
          <containerEntry>4294967295</containerEntry>
        </property>
      </staticProperties>
      <dynamicProperties></dynamicProperties>
    </entity>
    <entity class="StaticModelArray" classVersion="4" classID="0xD0" addr="0x2D7CD40" id="0x0">
      <staticProperties>
        <property name="name" type="String" container="StaticArray" arraySize="1">
          <containerEntry>StaticModelArray0003</containerEntry>
        </property>
        <property name="dataSet" type="EntityHandle" container="StaticArray" arraySize="1">
          <containerEntry>0x2EF4450</containerEntry>
        </property>
        <property name="modelFile" type="FilePtr" container="StaticArray" arraySize="1">
          <containerEntry>/Assets/tpp/environ/object/middle_africa/mud/mafr_mudd003/scenes/mafr_mudd003_grnd001.fmdl</containerEntry>
        </property>
        <property name="geomFile" type="FilePtr" container="StaticArray" arraySize="1">
          <containerEntry>/Assets/tpp/environ/object/middle_africa/mud/mafr_mudd003/scenes/mafr_mudd003_grnd001.geom</containerEntry>
        </property>
        <property name="isVisibleGeom" type="Bool" container="StaticArray" arraySize="1">
          <containerEntry>false</containerEntry>
        </property>
        <property name="lodFarSize" type="Float" container="StaticArray" arraySize="1">
          <containerEntry>-1</containerEntry>
        </property>
        <property name="lodNearSize" type="Float" container="StaticArray" arraySize="1">
          <containerEntry>-1</containerEntry>
        </property>
        <property name="lodPolygonSize" type="Float" container="StaticArray" arraySize="1">
          <containerEntry>-1</containerEntry>
        </property>
        <property name="drawRejectionLevel" type="Int32" container="StaticArray" arraySize="1">
          <containerEntry>8</containerEntry>
        </property>
        <property name="drawMode" type="Int32" container="StaticArray" arraySize="1">
          <containerEntry>0</containerEntry>
        </property>
        <property name="rejectFarRangeShadowCast" type="Int32" container="StaticArray" arraySize="1">
          <containerEntry>2</containerEntry>
        </property>
        <property name="parentLocator" type="EntityLink" container="StaticArray" arraySize="1">
          <containerEntry packagePathHash="0xB8A0BF169F98" archivePathHash="0xB8A0BF169F98" nameInArchiveHash="0xB8A0BF169F98">0x0</containerEntry>
        </property>
        <property name="transforms" type="Matrix4" container="DynamicArray" arraySize="16">
          <containerEntry r11="-0.8587545" r12="-0.011474377" r13="-0.51225805" r14="0" r21="0.008609794" r22="0.9992849" r23="-0.03681713" r24="0" r31="0.5123142" r32="-0.036027323" r33="-0.8580417" r34="0" r41="269.71582" r42="-7.25634" r43="130.52545" r44="1"></containerEntry>
          <containerEntry r11="-0.23076908" r12="-0.011474593" r13="-0.97294116" r14="0" r21="0.03241133" r22="0.99928486" r23="-0.01947283" r24="0" r31="0.97246885" r32="-0.036028035" r33="-0.23023218" r34="0" r41="282.7182" r42="-7.25634" r43="131.75348" r44="1"></containerEntry>
          <containerEntry r11="0.91922575" r12="-0.011474398" r13="-0.3935635" r14="0" r21="0.02472249" r22="0.9992849" r23="0.028608713" r24="0" r31="0.3929538" r32="-0.03602774" r33="0.9188521" r34="0" r41="282.7182" r42="-7.25634" r43="147.42538" r44="1"></containerEntry>
          <containerEntry r11="-0.058049638" r12="-0.00777511" r13="0.9982832" r14="0" r21="0.02740445" r22="0.99958044" r23="0.009378772" r24="0" r31="-0.99793726" r32="0.027901843" r33="-0.057812214" r34="0" r41="275.26062" r42="-7.25634" r43="154.0469" r44="1"></containerEntry>
          <containerEntry r11="-0.9857874" r12="-0.0077745058" r13="-0.16780649" r14="0" r21="-0.012343753" r22="0.99958044" r23="0.026203344" r24="0" r31="0.16753237" r32="0.02790234" r33="-0.98546976" r34="0" r41="279.08948" r42="-7.25634" r43="159.1959" r44="1"></containerEntry>
          <containerEntry r11="-0.92363197" r12="-0.0077743824" r13="-0.38319996" r14="0" r21="-0.017871236" r22="0.99958044" r23="0.022795763" r24="0" r31="0.38286194" r32="0.02790317" r33="-0.92338336" r34="0" r41="284.00055" r42="-7.25634" r43="160.15436" r44="1"></containerEntry>
          <containerEntry r11="-0.14546634" r12="-0.007774027" r13="0.9893337" r14="0" r21="0.02647608" r22="0.99958044" r23="0.011747428" r24="0" r31="-0.9890099" r32="0.027902499" r33="-0.14519948" r34="0" r41="289.63892" r42="-7.191731" r43="156.35066" r44="1"></containerEntry>
          <containerEntry r11="-0.748608" r12="-0.0077751046" r13="0.6629712" r14="0" r21="0.012681623" r22="0.9995804" r23="0.026042458" r24="0" r31="-0.6628955" r32="0.027903061" r33="-0.7481953" r34="0" r41="301.81873" r42="-7.212172" r43="159.51921" r44="1"></containerEntry>
          <containerEntry r11="0.30232513" r12="-0.007775016" r13="0.9531747" r14="0" r21="0.028948523" r22="0.9995804" r23="-0.0010283086" r24="0" r31="-0.9527668" r32="0.027903827" r33="0.30242336" r34="0" r41="302.77213" r42="-7.212172" r43="166.75352" r44="1"></containerEntry>
          <containerEntry r11="-0.87136865" r12="-0.022547584" r13="0.49011797" r14="0" r21="-0.014232006" r22="0.9996847" r23="0.020687312" r24="0" r31="-0.49042988" r32="0.011050851" r33="-0.8714148" r34="0" r41="304.99817" r42="-7.212172" r43="149.88753" r44="1"></containerEntry>
          <containerEntry r11="-0.98481923" r12="-0.0115350615" r13="0.17322592" r14="0" r21="-0.008563483" r22="0.99980325" r23="0.017891984" r24="0" r31="-0.17339824" r32="0.016136874" r33="-0.9847243" r34="0" r41="297.62936" r42="-7.212172" r43="174.52016" r44="1"></containerEntry>
          <containerEntry r11="0.9962301" r12="-0.011534457" r13="0.0859799" r14="0" r21="0.012877793" r22="0.9998033" r23="-0.015085634" r24="0" r31="-0.08578899" r32="0.01613599" r33="0.9961827" r34="0" r41="305.7996" r42="-7.212172" r43="198.39542" r44="1"></containerEntry>
          <containerEntry r11="0.58985245" r12="-0.0077746892" r13="0.80747414" r14="0" r21="0.027115956" r22="0.99958044" r23="-0.0101836175" r24="0" r31="-0.8070562" r32="0.027902246" r33="0.58981586" r34="0" r41="307.81937" r42="-7.212172" r43="135.07475" r44="1"></containerEntry>
          <containerEntry r11="-0.8541292" r12="-0.0077757617" r13="0.5200094" r14="0" r21="0.007872035" r22="0.9995804" r23="0.027876869" r24="0" r31="-0.52000797" r32="0.027903877" r33="-0.8537096" r34="0" r41="305.2339" r42="-7.212172" r43="149.68468" r44="1"></containerEntry>
          <containerEntry r11="0.41592205" r12="-0.011474181" r13="0.9093278" r14="0" r21="-0.027995467" r22="0.9992849" r23="0.025414273" r24="0" r31="-0.9089692" r32="-0.036027417" r33="0.4153034" r34="0" r41="295.0833" r42="-7.25634" r43="158.14384" r44="1"></containerEntry>
          <containerEntry r11="0.075702146" r12="-0.007775386" r13="-0.99709976" r14="0" r21="-0.02723344" r22="0.99958044" r23="-0.009862342" r24="0" r31="0.9967581" r32="0.027901065" r33="0.075458646" r34="0" r41="271.00784" r42="-7.25634" r43="152.1051" r44="1"></containerEntry>
        </property>
        <property name="colors" type="UInt32" container="DynamicArray" arraySize="16">
          <containerEntry>4294967295</containerEntry>
          <containerEntry>4294967295</containerEntry>
          <containerEntry>4294967295</containerEntry>
          <containerEntry>4294967295</containerEntry>
          <containerEntry>4294967295</containerEntry>
          <containerEntry>4294967295</containerEntry>
          <containerEntry>4294967295</containerEntry>
          <containerEntry>4294967295</containerEntry>
          <containerEntry>4294967295</containerEntry>
          <containerEntry>4294967295</containerEntry>
          <containerEntry>4294967295</containerEntry>
          <containerEntry>4294967295</containerEntry>
          <containerEntry>4294967295</containerEntry>
          <containerEntry>4294967295</containerEntry>
          <containerEntry>4294967295</containerEntry>
          <containerEntry>4294967295</containerEntry>
        </property>
      </staticProperties>
      <dynamicProperties></dynamicProperties>
    </entity>
    <entity class="DecalArray" classVersion="1" classID="0x1C0" addr="0x2D7CDB0" id="0x0">
      <staticProperties>
        <property name="name" type="String" container="StaticArray" arraySize="1">
          <containerEntry>DecalArray0000</containerEntry>
        </property>
        <property name="dataSet" type="EntityHandle" container="StaticArray" arraySize="1">
          <containerEntry>0x2EF4450</containerEntry>
        </property>
        <property name="parent" type="EntityHandle" container="StaticArray" arraySize="1">
          <containerEntry>0x0</containerEntry>
        </property>
        <property name="transform" type="EntityPtr" container="StaticArray" arraySize="1">
          <containerEntry>0x0</containerEntry>
        </property>
        <property name="shearTransform" type="EntityPtr" container="StaticArray" arraySize="1">
          <containerEntry>0x0</containerEntry>
        </property>
        <property name="pivotTransform" type="EntityPtr" container="StaticArray" arraySize="1">
          <containerEntry>0x0</containerEntry>
        </property>
        <property name="children" type="EntityHandle" container="List"></property>
        <property name="flags" type="UInt32" container="StaticArray" arraySize="1">
          <containerEntry>134217735</containerEntry>
        </property>
        <property name="material" type="EntityLink" container="StaticArray" arraySize="1">
          <containerEntry packagePathHash="0xB8A0BF169F98" archivePath="/Assets/tpp/level/location/mafr/block_small/135/135_134/mafr_135_134_asset.fox2" nameInArchive="cm_mafr_dc_grnd004">0x2D77F60</containerEntry>
        </property>
        <property name="projectionMode" type="Int32" container="StaticArray" arraySize="1">
          <containerEntry>0</containerEntry>
        </property>
        <property name="nearClipScale" type="Float" container="StaticArray" arraySize="1">
          <containerEntry>0.5</containerEntry>
        </property>
        <property name="projectionTarget" type="Int32" container="StaticArray" arraySize="1">
          <containerEntry>1</containerEntry>
        </property>
        <property name="repeatU" type="Float" container="StaticArray" arraySize="1">
          <containerEntry>1</containerEntry>
        </property>
        <property name="repeatV" type="Float" container="StaticArray" arraySize="1">
          <containerEntry>1</containerEntry>
        </property>
        <property name="transparency" type="Float" container="StaticArray" arraySize="1">
          <containerEntry>0.65</containerEntry>
        </property>
        <property name="polygonDataSource" type="Int32" container="StaticArray" arraySize="1">
          <containerEntry>0</containerEntry>
        </property>
        <property name="drawRejectionLevel" type="Int32" container="StaticArray" arraySize="1">
          <containerEntry>3</containerEntry>
        </property>
        <property name="drawRejectionDegree" type="Float" container="StaticArray" arraySize="1">
          <containerEntry>90</containerEntry>
        </property>
        <property name="decalFlags" type="UInt32" container="StaticArray" arraySize="1">
          <containerEntry>4</containerEntry>
        </property>
        <property name="scales" type="Vector3" container="DynamicArray" arraySize="1">
          <containerEntry x="5.9999948" y="0.731" z="5.9999948" w="0"></containerEntry>
        </property>
        <property name="rotations" type="Quat" container="DynamicArray" arraySize="1">
          <containerEntry x="0.013950986" y="0.4401967" z="-0.009246987" w="0.8977453"></containerEntry>
        </property>
        <property name="translations" type="Vector3" container="DynamicArray" arraySize="1">
          <containerEntry x="362.43805" y="-7.103749" z="247.73102" w="1"></containerEntry>
        </property>
        <property name="targets" type="EntityLink" container="DynamicArray" arraySize="1">
          <containerEntry packagePath="/Assets/tpp/pack/location/mafr/pack_common/mafr_common.fpk" archivePath="/Assets/tpp/level/location/mafr/block_common/mafr_common_terrain.fox2" nameInArchive="TerrainRender0000">0x0</containerEntry>
        </property>
        <property name="targetIndices" type="UInt32" container="DynamicArray" arraySize="1">
          <containerEntry>0</containerEntry>
        </property>
        <property name="targetStartIndices" type="UInt32" container="DynamicArray" arraySize="2">
          <containerEntry>0</containerEntry>
          <containerEntry>1</containerEntry>
        </property>
        <property name="renderingPriorities" type="Int32" container="DynamicArray" arraySize="1">
          <containerEntry>0</containerEntry>
        </property>
      </staticProperties>
      <dynamicProperties></dynamicProperties>
    </entity>
    <entity class="TexturePackLoadConditioner" classVersion="0" classID="0x48" addr="0x2D7D3D0" id="0x0">
      <staticProperties>
        <property name="name" type="String" container="StaticArray" arraySize="1">
          <containerEntry>TexturePackLoadConditioner0000</containerEntry>
        </property>
        <property name="dataSet" type="EntityHandle" container="StaticArray" arraySize="1">
          <containerEntry>0x2EF4450</containerEntry>
        </property>
        <property name="texturePackPath" type="Path" container="StaticArray" arraySize="1">
          <containerEntry hash="0xB8A0BF169F98"></containerEntry>
        </property>
      </staticProperties>
      <dynamicProperties></dynamicProperties>
    </entity>
  </entities>
</fox>