<fox formatVersion="2" fileVersion="0">
  <entities>
    <entity class="DataSet" classVersion="0" classID="0xE8" addr="0x33530A0" id="0xF128E8">
      <staticProperties>
        <property name="name" type="String" container="StaticArray" arraySize="1">
          <containerEntry hash="0xB8A0BF169F98"></containerEntry>
        </property>
        <property name="dataSet" type="EntityHandle" container="StaticArray" arraySize="1">
          <containerEntry>0x0</containerEntry>
        </property>
        <property name="dataList" type="EntityPtr" container="StringMap" arraySize="14">
          <containerEntry key="StaticModelArray0000">
            <data>0x317E9B0</data>
          </containerEntry>
          <containerEntry key="StaticModelArray0001">
            <data>0x317E630</data>
          </containerEntry>
          <containerEntry key="StaticModelArray0002">
            <data>0x317E160</data>
          </containerEntry>
          <containerEntry key="StaticModelArray0003">
            <data>0x317E6A0</data>
          </containerEntry>
          <containerEntry key="StaticModelArray0004">
            <data>0x317B680</data>
          </containerEntry>
          <containerEntry key="StaticModelArray0005">
            <data>0x317E780</data>
          </containerEntry>
          <containerEntry key="StaticModelArray0006">
            <data>0x317E5C0</data>
          </containerEntry>
          <containerEntry key="StaticModelArray0007">
            <data>0x317E4E0</data>
          </containerEntry>
          <containerEntry key="StaticModelArray0008">
            <data>0x317DDE0</data>
          </containerEntry>
          <containerEntry key="StaticModelArray0009">
            <data>0x317DE50</data>
          </containerEntry>
          <containerEntry key="StaticModelArray0010">
            <data>0x317DEC0</data>
          </containerEntry>
          <containerEntry key="StaticModelArray0011">
            <data>0x317DF30</data>
          </containerEntry>
          <containerEntry key="StaticModelArray0012">
            <data>0x317DFA0</data>
          </containerEntry>
          <containerEntry key="TexturePackLoadConditioner0000">
            <data>0x317EE80</data>
          </containerEntry>
        </property>
      </staticProperties>
      <dynamicProperties></dynamicProperties>
    </entity>
    <entity class="StaticModelArray" classVersion="4" classID="0xD0" addr="0x317E9B0" id="0x0">
      <staticProperties>
        <property name="name" type="String" container="StaticArray" arraySize="1">
          <containerEntry>StaticModelArray0000</containerEntry>
        </property>
        <property name="dataSet" type="EntityHandle" container="StaticArray" arraySize="1">
          <containerEntry>0x33530A0</containerEntry>
        </property>
        <property name="modelFile" type="FilePtr" container="StaticArray" arraySize="1">
          <containerEntry>/Assets/tpp/environ/object/afghanistan/cliff/afgh_clff030/scenes/afgh_clff030_vrtn011.fmdl</containerEntry>
        </property>
        <property name="geomFile" type="FilePtr" container="StaticArray" arraySize="1">
          <containerEntry>/Assets/tpp/environ/object/afghanistan/cliff/afgh_clff030/scenes/afgh_clff030_vrtn011.geom</containerEntry>
        </property>
        <property name="isVisibleGeom" type="Bool" container="StaticArray" arraySize="1">
          <containerEntry>false</containerEntry>
        </property>
        <property name="lodFarSize" type="Float" container="StaticArray" arraySize="1">
          <containerEntry>-1</containerEntry>
        </property>
        <property name="lodNearSize" type="Float" container="StaticArray" arraySize="1">
          <containerEntry>-1</containerEntry>
        </property>
        <property name="lodPolygonSize" type="Float" container="StaticArray" arraySize="1">
          <containerEntry>-1</containerEntry>
        </property>
        <property name="drawRejectionLevel" type="Int32" container="StaticArray" arraySize="1">
          <containerEntry>8</containerEntry>
        </property>
        <property name="drawMode" type="Int32" container="StaticArray" arraySize="1">
          <containerEntry>0</containerEntry>
        </property>
        <property name="rejectFarRangeShadowCast" type="Int32" container="StaticArray" arraySize="1">
          <containerEntry>2</containerEntry>
        </property>
        <property name="parentLocator" type="EntityLink" container="StaticArray" arraySize="1">
          <containerEntry packagePathHash="0xB8A0BF169F98" archivePathHash="0xB8A0BF169F98" nameInArchiveHash="0xB8A0BF169F98">0x0</containerEntry>
        </property>
        <property name="transforms" type="Matrix4" container="DynamicArray" arraySize="3">
          <containerEntry r11="0.6221031" r12="0" r13="-0.7829353" r14="0" r21="0" r22="1" r23="0" r24="0" r31="0.7829353" r32="0" r33="0.6221031" r34="0" r41="1521.8014" r42="327.82953" r43="1185.15" r44="1"></containerEntry>
          <containerEntry r11="0.65428007" r12="1.3411045e-07" r13="0.756252" r14="0" r21="-0.048645962" r22="0.99792904" r23="0.042086385" r24="0" r31="-0.7546858" r32="-0.06432491" r33="0.6529251" r34="0" r41="1528.063" r42="328.24963" r43="1177.114" r44="1"></containerEntry>
          <containerEntry r11="0.99400723" r12="-0.044284698" r13="-0.09994273" r14="0" r21="0.04406258" r22="0.99901897" r23="-0.0044298144" r24="0" r31="0.10004085" r32="-4.6822242e-07" r33="0.9949834" r34="0" r41="1506.0331" r42="327.93082" r43="1185.15" r44="1"></containerEntry>
        </property>
        <property name="colors" type="UInt32" container="DynamicArray" arraySize="3">
          <containerEntry>4294967295</containerEntry>
          <containerEntry>4294967295</containerEntry>
          <containerEntry>4294967295</containerEntry>
        </property>
      </staticProperties>
      <dynamicProperties></dynamicProperties>
    </entity>
    <entity class="StaticModelArray" classVersion="4" classID="0xD0" addr="0x317E630" id="0x0">
      <staticProperties>
        <property name="name" type="String" container="StaticArray" arraySize="1">
          <containerEntry>StaticModelArray0001</containerEntry>
        </property>
        <property name="dataSet" type="EntityHandle" container="StaticArray" arraySize="1">
          <containerEntry>0x33530A0</containerEntry>
        </property>
        <property name="modelFile" type="FilePtr" container="StaticArray" arraySize="1">
          <containerEntry>/Assets/tpp/environ/object/afghanistan/cliff/afgh_clff013/scenes/afgh_clff013.fmdl</containerEntry>
        </property>
        <property name="geomFile" type="FilePtr" container="StaticArray" arraySize="1">
          <containerEntry>/Assets/tpp/environ/object/afghanistan/cliff/afgh_clff013/scenes/afgh_clff013.geom</containerEntry>
        </property>
        <property name="isVisibleGeom" type="Bool" container="StaticArray" arraySize="1">
          <containerEntry>false</containerEntry>
        </property>
        <property name="lodFarSize" type="Float" container="StaticArray" arraySize="1">
          <containerEntry>-1</containerEntry>
        </property>
        <property name="lodNearSize" type="Float" container="StaticArray" arraySize="1">
          <containerEntry>-1</containerEntry>
        </property>
        <property name="lodPolygonSize" type="Float" container="StaticArray" arraySize="1">
          <containerEntry>-1</containerEntry>
        </property>
        <property name="drawRejectionLevel" type="Int32" container="StaticArray" arraySize="1">
          <containerEntry>8</containerEntry>
        </property>
        <property name="drawMode" type="Int32" container="StaticArray" arraySize="1">
          <containerEntry>0</containerEntry>
        </property>
        <property name="rejectFarRangeShadowCast" type="Int32" container="StaticArray" arraySize="1">
          <containerEntry>2</containerEntry>
        </property>
        <property name="parentLocator" type="EntityLink" container="StaticArray" arraySize="1">
          <containerEntry packagePathHash="0xB8A0BF169F98" archivePathHash="0xB8A0BF169F98" nameInArchiveHash="0xB8A0BF169F98">0x0</containerEntry>
        </property>
        <property name="transforms" type="Matrix4" container="DynamicArray" arraySize="8">
          <containerEntry r11="0.80014795" r12="0.007857274" r13="-0.5997509" r14="0" r21="-0.01018738" r22="0.99994797" r23="-0.0004911083" r24="0" r31="0.5997158" r32="0.006502855" r33="0.8001864" r34="0" r41="1411.7227" r42="334.28333" r43="1216.6343" r44="1"></containerEntry>
          <containerEntry r11="0.5797292" r12="0.0055070566" r13="-0.81479" r14="0" r21="-0.010188074" r22="0.99994797" r23="-0.0004903707" r24="0" r31="0.81474495" r32="0.008585433" r33="0.5797552" r34="0" r41="1426.3716" r42="334.28333" r43="1201.9309" r44="1"></containerEntry>
          <containerEntry r11="0.77518106" r12="0.0075885328" r13="-0.63169265" r14="0" r21="-0.010187329" r22="0.99994797" r23="-0.0004889723" r24="0" r31="0.63165605" r32="0.0068143182" r33="0.77521807" r34="0" r41="1438.4883" r42="334.24637" r43="1188.2754" r44="1"></containerEntry>
          <containerEntry r11="0.65399504" r12="0.0062917788" r13="-0.7564718" r14="0" r21="-0.010186369" r22="0.99994797" r23="-0.00048961025" r24="0" r31="0.7564294" r32="0.008025917" r33="0.65402514" r34="0" r41="1458.6964" r42="334.24637" r43="1175.0035" r44="1"></containerEntry>
          <containerEntry r11="0.43882614" r12="0.004029168" r13="-0.89856166" r14="0" r21="-0.0101862615" r22="0.999948" r23="-0.0004908135" r24="0" r31="0.8985129" r32="0.009368384" r33="0.43884438" r34="0" r41="1473.346" r42="334.68054" r43="1156.2418" r44="1"></containerEntry>
          <containerEntry r11="-0.44188496" r12="-0.074084744" r13="0.89400786" r14="0" r21="-0.03282722" r22="0.9972519" r23="0.06641477" r24="0" r31="-0.89647144" r32="-1.2665987e-07" r33="-0.44310266" r34="0" r41="1475.6804" r42="328.54626" r43="1260.5063" r44="1"></containerEntry>
          <containerEntry r11="-0.74279594" r12="0" r13="0.66952115" r14="0" r21="0" r22="1" r23="0" r24="0" r31="-0.66952115" r32="0" r33="-0.74279594" r34="0" r41="1486.7007" r42="329.3806" r43="1245.6772" r44="1"></containerEntry>
          <containerEntry r11="-0.16139472" r12="0" r13="0.98689175" r14="0" r21="0" r22="1" r23="0" r24="0" r31="-0.98689175" r32="0" r33="-0.16139472" r34="0" r41="1512.2349" r42="337.44775" r43="1278.3256" r44="1"></containerEntry>
        </property>
        <property name="colors" type="UInt32" container="DynamicArray" arraySize="8">
          <containerEntry>4294967295</containerEntry>
          <containerEntry>4294967295</containerEntry>
          <containerEntry>4294967295</containerEntry>
          <containerEntry>4294967295</containerEntry>
          <containerEntry>4294967295</containerEntry>
          <containerEntry>4294967295</containerEntry>
          <containerEntry>4294967295</containerEntry>
          <containerEntry>4294967295</containerEntry>
        </property>
      </staticProperties>
      <dynamicProperties></dynamicProperties>
    </entity>
    <entity class="StaticModelArray" classVersion="4" classID="0xD0" addr="0x317E160" id="0x0">
      <staticProperties>
        <property name="name" type="String" container="StaticArray" arraySize="1">
          <containerEntry>StaticModelArray0002</containerEntry>
        </property>
        <property name="dataSet" type="EntityHandle" container="StaticArray" arraySize="1">
          <containerEntry>0x33530A0</containerEntry>
        </property>
        <property name="modelFile" type="FilePtr" container="StaticArray" arraySize="1">
          <containerEntry>/Assets/tpp/environ/object/afghanistan/rock/afgh_rock009/scenes/afgh_rock009_rock002.fmdl</containerEntry>
        </property>
        <property name="geomFile" type="FilePtr" container="StaticArray" arraySize="1">
          <containerEntry>/Assets/tpp/environ/object/afghanistan/rock/afgh_rock009/scenes/afgh_rock009_rock002.geom</containerEntry>
        </property>
        <property name="isVisibleGeom" type="Bool" container="StaticArray" arraySize="1">
          <containerEntry>false</containerEntry>
        </property>
        <property name="lodFarSize" type="Float" container="StaticArray" arraySize="1">
          <containerEntry>-1</containerEntry>
        </property>
        <property name="lodNearSize" type="Float" container="StaticArray" arraySize="1">
          <containerEntry>-1</containerEntry>
        </property>
        <property name="lodPolygonSize" type="Float" container="StaticArray" arraySize="1">
          <containerEntry>-1</containerEntry>
        </property>
        <property name="drawRejectionLevel" type="Int32" container="StaticArray" arraySize="1">
          <containerEntry>8</containerEntry>
        </property>
        <property name="drawMode" type="Int32" container="StaticArray" arraySize="1">
          <containerEntry>0</containerEntry>
        </property>
        <property name="rejectFarRangeShadowCast" type="Int32" container="StaticArray" arraySize="1">
          <containerEntry>2</containerEntry>
        </property>
        <property name="parentLocator" type="EntityLink" container="StaticArray" arraySize="1">
          <containerEntry packagePathHash="0xB8A0BF169F98" archivePathHash="0xB8A0BF169F98" nameInArchiveHash="0xB8A0BF169F98">0x0</containerEntry>
        </property>
        <property name="transforms" type="Matrix4" container="DynamicArray" arraySize="13">
          <containerEntry r11="-0.17930035" r12="0.3606972" r13="-0.9152822" r14="0" r21="0.15848792" r22="0.9288015" r23="0.33497596" r24="0" r31="0.97094053" r32="-0.08499908" r33="-0.22370052" r34="0" r41="1433.964" r42="331.70667" r43="1214.6063" r44="1"></containerEntry>
          <containerEntry r11="0.7220651" r12="0.122364506" r13="-0.68091637" r14="0" r21="-0.08297625" r22="0.9924467" r23="0.09035744" r24="0" r31="0.68682975" r32="-0.008743789" r33="0.7267645" r34="0" r41="1455.0227" r42="328.16492" r43="1235.1385" r44="1"></containerEntry>
          <containerEntry r11="-0.4887593" r12="0.038486134" r13="-0.8715626" r14="0" r21="-0.0829764" r22="0.9924468" r23="0.090356216" r24="0" r31="0.86845696" r32="0.11648239" r33="-0.4818741" r34="0" r41="1425.5833" r42="322.74362" r43="1260.8926" r44="1"></containerEntry>
          <containerEntry r11="-0.7474863" r12="-0.0020194836" r13="-0.6642634" r14="0" r21="-0.08297664" r22="0.9924468" r23="0.090355754" r24="0" r31="0.65906364" r32="0.12265889" r33="-0.7420079" r34="0" r41="1456.2285" r42="326.63593" r43="1266.3308" r44="1"></containerEntry>
          <containerEntry r11="-0.74748707" r12="-0.0020187572" r13="-0.664263" r14="0" r21="0.04501235" r22="0.997543" r23="-0.053683728" r24="0" r31="0.6627393" r32="-0.07002842" r33="-0.7455596" r34="0" r41="1481.521" r42="333.94467" r43="1256.1985" r44="1"></containerEntry>
          <containerEntry r11="-0.7474863" r12="-0.0020194836" r13="-0.6642634" r14="0" r21="-0.08297664" r22="0.9924468" r23="0.090355754" r24="0" r31="0.65906364" r32="0.12265889" r33="-0.7420079" r34="0" r41="1507.1091" r42="327.9322" r43="1221.9979" r44="1"></containerEntry>
          <containerEntry r11="0.35067195" r12="0.11394758" r13="-0.92953724" r14="0" r21="-0.08297763" r22="0.9924467" r23="0.090355545" r24="0" r31="0.93281204" r32="0.045446236" r33="0.35747838" r34="0" r41="1474.3555" r42="329.90152" r43="1188.2438" r44="1"></containerEntry>
          <containerEntry r11="0.35067272" r12="0.11394799" r13="-0.9295363" r14="0" r21="0.48901647" r22="0.82422096" r23="0.2855186" r24="0" r31="0.7986769" r32="-0.55468357" r33="0.23330969" r34="0" r41="1474.3555" r42="333.85852" r43="1171.258" r44="1"></containerEntry>
          <containerEntry r11="0.3506732" r12="0.11394875" r13="-0.92953616" r14="0" r21="-0.1945392" r22="-0.9620445" r23="-0.1913245" r24="0" r31="-0.91606563" r32="0.24792388" r33="-0.31518915" r34="0" r41="1491.2997" r42="329.98328" r43="1158.4971" r44="1"></containerEntry>
          <containerEntry r11="0.35193557" r12="-0.3853801" r13="-0.853004" r14="0" r21="-0.0892884" r22="-0.92096436" r23="0.3792484" r24="0" r31="-0.9317517" r32="-0.057305694" r33="-0.35852286" r34="0" r41="1529.8348" r42="328.67035" r43="1187.1008" r44="1"></containerEntry>
          <containerEntry r11="-0.41244596" r12="-0.3123979" r13="-0.85573316" r14="0" r21="0.32600474" r22="-0.9277569" r23="0.1815635" r24="0" r31="-0.85064244" r32="-0.20408806" r33="0.48450944" r34="0" r41="1528.5394" r42="327.7278" r43="1205.6151" r44="1"></containerEntry>
          <containerEntry r11="-0.41244596" r12="-0.3123979" r13="-0.85573316" r14="0" r21="0.32600474" r22="-0.9277569" r23="0.1815635" r24="0" r31="-0.85064244" r32="-0.20408806" r33="0.48450944" r34="0" r41="1501.2753" r42="328.72845" r43="1188.4333" r44="1"></containerEntry>
          <containerEntry r11="0.6121478" r12="0.060810197" r13="-0.78839827" r14="0" r21="0.0622116" r22="-0.997638" r23="-0.028646326" r24="0" r31="-0.78828895" r32="-0.03151214" r33="-0.6144797" r34="0" r41="1521.9972" r42="328.10068" r43="1189.6805" r44="1"></containerEntry>
        </property>
        <property name="colors" type="UInt32" container="DynamicArray" arraySize="13">
          <containerEntry>4294967295</containerEntry>
          <containerEntry>4294967295</containerEntry>
          <containerEntry>4294967295</containerEntry>
          <containerEntry>4294967295</containerEntry>
          <containerEntry>4294967295</containerEntry>
          <containerEntry>4294967295</containerEntry>
          <containerEntry>4294967295</containerEntry>
          <containerEntry>4294967295</containerEntry>
          <containerEntry>4294967295</containerEntry>
          <containerEntry>4294967295</containerEntry>
          <containerEntry>4294967295</containerEntry>
          <containerEntry>4294967295</containerEntry>
          <containerEntry>4294967295</containerEntry>
        </property>
      </staticProperties>
      <dynamicProperties></dynamicProperties>
    </entity>
    <entity class="StaticModelArray" classVersion="4" classID="0xD0" addr="0x317E6A0" id="0x0">
      <staticProperties>
        <property name="name" type="String" container="StaticArray" arraySize="1">
          <containerEntry>StaticModelArray0003</containerEntry>
        </property>
        <property name="dataSet" type="EntityHandle" container="StaticArray" arraySize="1">
          <containerEntry>0x33530A0</containerEntry>
        </property>
        <property name="modelFile" type="FilePtr" container="StaticArray" arraySize="1">
          <containerEntry>/Assets/tpp/environ/object/afghanistan/cliff/afgh_clff022/scenes/afgh_clff022_vrtn004.fmdl</containerEntry>
        </property>
        <property name="geomFile" type="FilePtr" container="StaticArray" arraySize="1">
          <containerEntry>/Assets/tpp/environ/object/afghanistan/cliff/afgh_clff022/scenes/afgh_clff022_vrtn004.geom</containerEntry>
        </property>
        <property name="isVisibleGeom" type="Bool" container="StaticArray" arraySize="1">
          <containerEntry>false</containerEntry>
        </property>
        <property name="lodFarSize" type="Float" container="StaticArray" arraySize="1">
          <containerEntry>-1</containerEntry>
        </property>
        <property name="lodNearSize" type="Float" container="StaticArray" arraySize="1">
          <containerEntry>-1</containerEntry>
        </property>
        <property name="lodPolygonSize" type="Float" container="StaticArray" arraySize="1">
          <containerEntry>-1</containerEntry>
        </property>
        <property name="drawRejectionLevel" type="Int32" container="StaticArray" arraySize="1">
          <containerEntry>8</containerEntry>
        </property>
        <property name="drawMode" type="Int32" container="StaticArray" arraySize="1">
          <containerEntry>0</containerEntry>
        </property>
        <property name="rejectFarRangeShadowCast" type="Int32" container="StaticArray" arraySize="1">
          <containerEntry>2</containerEntry>
        </property>
        <property name="parentLocator" type="EntityLink" container="StaticArray" arraySize="1">
          <containerEntry packagePathHash="0xB8A0BF169F98" archivePathHash="0xB8A0BF169F98" nameInArchiveHash="0xB8A0BF169F98">0x0</containerEntry>
        </property>
        <property name="transforms" type="Matrix4" container="DynamicArray" arraySize="2">
          <containerEntry r11="-0.6086189" r12="-0.011276919" r13="0.79338217" r14="0" r21="0.007836917" r22="0.9997648" r23="0.020222235" r24="0" r31="-0.79342365" r32="0.018525314" r33="-0.6083874" r34="0" r41="1522.0374" r42="341.80212" r43="1253.3381" r44="1"></containerEntry>
          <containerEntry r11="-0.25336567" r12="0.016390854" r13="0.9672331" r14="0" r21="0.011997031" r22="0.9998328" r23="-0.013800715" r24="0" r31="-0.9672976" r32="0.0081073055" r33="-0.25351995" r34="0" r41="1533.0494" r42="346.92914" r43="1255.7231" r44="1"></containerEntry>
        </property>
        <property name="colors" type="UInt32" container="DynamicArray" arraySize="2">
          <containerEntry>4294967295</containerEntry>
          <containerEntry>4294967295</containerEntry>
        </property>
      </staticProperties>
      <dynamicProperties></dynamicProperties>
    </entity>
    <entity class="StaticModelArray" classVersion="4" classID="0xD0" addr="0x317B680" id="0x0">
      <staticProperties>
        <property name="name" type="String" container="StaticArray" arraySize="1">
          <containerEntry>StaticModelArray0004</containerEntry>
        </property>
        <property name="dataSet" type="EntityHandle" container="StaticArray" arraySize="1">
          <containerEntry>0x33530A0</containerEntry>
        </property>
        <property name="modelFile" type="FilePtr" container="StaticArray" arraySize="1">
          <containerEntry>/Assets/tpp/environ/object/afghanistan/rock/afgh_rock001/scenes/afgh_rock001.fmdl</containerEntry>
        </property>
        <property name="geomFile" type="FilePtr" container="StaticArray" arraySize="1">
          <containerEntry>/Assets/tpp/environ/object/afghanistan/rock/afgh_rock001/scenes/afgh_rock001.geom</containerEntry>
        </property>
        <property name="isVisibleGeom" type="Bool" container="StaticArray" arraySize="1">
          <containerEntry>false</containerEntry>
        </property>
        <property name="lodFarSize" type="Float" container="StaticArray" arraySize="1">
          <containerEntry>50</containerEntry>
        </property>
        <property name="lodNearSize" type="Float" container="StaticArray" arraySize="1">
          <containerEntry>400</containerEntry>
        </property>
        <property name="lodPolygonSize" type="Float" container="StaticArray" arraySize="1">
          <containerEntry>-1</containerEntry>
        </property>
        <property name="drawRejectionLevel" type="Int32" container="StaticArray" arraySize="1">
          <containerEntry>8</containerEntry>
        </property>
        <property name="drawMode" type="Int32" container="StaticArray" arraySize="1">
          <containerEntry>0</containerEntry>
        </property>
        <property name="rejectFarRangeShadowCast" type="Int32" container="StaticArray" arraySize="1">
          <containerEntry>2</containerEntry>
        </property>
        <property name="parentLocator" type="EntityLink" container="StaticArray" arraySize="1">
          <containerEntry packagePathHash="0xB8A0BF169F98" archivePathHash="0xB8A0BF169F98" nameInArchiveHash="0xB8A0BF169F98">0x0</containerEntry>
        </property>
        <property name="transforms" type="Matrix4" container="DynamicArray" arraySize="13">
          <containerEntry r11="-0.80602604" r12="-0.47515494" r13="0.35292345" r14="0" r21="-0.5898357" r22="0.6943908" r23="-0.4122089" r24="0" r31="-0.04920414" r32="-0.5404166" r33="-0.83996075" r34="0" r41="1446.4592" r42="324.53702" r43="1258.5011" r44="1"></containerEntry>
          <containerEntry r11="-0.5964672" r12="-0.7187407" r13="-0.3572761" r14="0" r21="-0.5898361" r22="0.69439095" r23="-0.41220868" r24="0" r31="0.54436004" r32="-0.035133556" r33="-0.8381208" r34="0" r41="1468.7405" r42="329.50662" r43="1236.0939" r44="1"></containerEntry>
          <containerEntry r11="-0.71054816" r12="0.1673472" r13="0.68346506" r14="0" r21="-0.07108809" r22="-0.98341525" r23="0.16688496" r24="0" r31="0.70005435" r32="0.069993004" r33="0.710652" r34="0" r41="1484.1622" r42="333.72464" r43="1252.2794" r44="1"></containerEntry>
          <containerEntry r11="-0.71054816" r12="0.1673472" r13="0.68346506" r14="0" r21="-0.07108809" r22="-0.98341525" r23="0.16688496" r24="0" r31="0.70005435" r32="0.069993004" r33="0.710652" r34="0" r41="1484.1622" r42="334.6671" r43="1272.0262" r44="1"></containerEntry>
          <containerEntry r11="-0.98940724" r12="0.09075688" r13="0.11334887" r14="0" r21="-0.07108864" r22="-0.98341626" r23="0.16688402" r24="0" r31="0.1266143" r32="0.15705751" r33="0.9794396" r34="0" r41="1505.0134" r42="335.58493" r43="1259.9926" r44="1"></containerEntry>
          <containerEntry r11="-0.85641587" r12="-0.095644146" r13="-0.5073598" r14="0" r21="0.08493216" r22="-0.9954075" r23="0.044283412" r24="0" r31="-0.5092625" r32="-0.005166253" r33="0.8605961" r34="0" r41="1462.7219" r42="329.91162" r43="1218.8729" r44="1"></containerEntry>
          <containerEntry r11="-0.85641587" r12="-0.095644146" r13="-0.5073598" r14="0" r21="0.08493216" r22="-0.9954075" r23="0.044283412" r24="0" r31="-0.5092625" r32="-0.005166253" r33="0.8605961" r34="0" r41="1443.8818" r42="334.13333" r43="1191.2367" r44="1"></containerEntry>
          <containerEntry r11="-0.77047616" r12="-0.00070874393" r13="0.6374779" r14="0" r21="-0.18023075" r22="-0.95896506" r23="-0.21889786" r24="0" r31="0.61146986" r32="-0.28354698" r33="0.7387201" r34="0" r41="1433.3842" r42="334.02158" r43="1204.0082" r44="1"></containerEntry>
          <containerEntry r11="-0.9834063" r12="0.18042834" r13="0.01925399" r14="0" r21="-0.1802298" r22="-0.958965" r23="-0.21889785" r24="0" r31="-0.021031471" r32="-0.21873423" r33="0.97555786" r34="0" r41="1425.4269" r42="330.3232" r43="1224.5132" r44="1"></containerEntry>
          <containerEntry r11="-0.02306354" r12="-0.4952556" r13="0.8684448" r14="0" r21="-0.18130018" r22="-0.8522037" r23="-0.49080604" r24="0" r31="0.9831606" r32="-0.16876686" r33="-0.0701407" r34="0" r41="1414.9468" r42="331.35257" r43="1230.1683" r44="1"></containerEntry>
          <containerEntry r11="-0.02306354" r12="-0.4952556" r13="0.8684448" r14="0" r21="-0.18130018" r22="-0.8522037" r23="-0.49080604" r24="0" r31="0.9831606" r32="-0.16876686" r33="-0.0701407" r34="0" r41="1427.8574" r42="323.3838" r43="1258.5728" r44="1"></containerEntry>
          <containerEntry r11="-0.71054816" r12="0.1673472" r13="0.68346506" r14="0" r21="-0.07108809" r22="-0.98341525" r23="0.16688496" r24="0" r31="0.70005435" r32="0.069993004" r33="0.710652" r34="0" r41="1527.1864" r42="327.7246" r43="1167.373" r44="1"></containerEntry>
          <containerEntry r11="-0.80602604" r12="-0.47515494" r13="0.35292345" r14="0" r21="-0.5898357" r22="0.6943908" r23="-0.4122089" r24="0" r31="-0.04920414" r32="-0.5404166" r33="-0.83996075" r34="0" r41="1440.6608" r42="323.51508" r43="1279.3627" r44="1"></containerEntry>
        </property>
        <property name="colors" type="UInt32" container="DynamicArray" arraySize="13">
          <containerEntry>4294967295</containerEntry>
          <containerEntry>4294967295</containerEntry>
          <containerEntry>4294967295</containerEntry>
          <containerEntry>4294967295</containerEntry>
          <containerEntry>4294967295</containerEntry>
          <containerEntry>4294967295</containerEntry>
          <containerEntry>4294967295</containerEntry>
          <containerEntry>4294967295</containerEntry>
          <containerEntry>4294967295</containerEntry>
          <containerEntry>4294967295</containerEntry>
          <containerEntry>4294967295</containerEntry>
          <containerEntry>4294967295</containerEntry>
          <containerEntry>4294967295</containerEntry>
        </property>
      </staticProperties>
      <dynamicProperties></dynamicProperties>
    </entity>
    <entity class="StaticModelArray" classVersion="4" classID="0xD0" addr="0x317E780" id="0x0">
      <staticProperties>
        <property name="name" type="String" container="StaticArray" arraySize="1">
          <containerEntry>StaticModelArray0005</containerEntry>
        </property>
        <property name="dataSet" type="EntityHandle" container="StaticArray" arraySize="1">
          <containerEntry>0x33530A0</containerEntry>
        </property>
        <property name="modelFile" type="FilePtr" container="StaticArray" arraySize="1">
          <containerEntry>/Assets/tpp/environ/object/afghanistan/rock/afgh_rock009/scenes/afgh_rock009_rock001.fmdl</containerEntry>
        </property>
        <property name="geomFile" type="FilePtr" container="StaticArray" arraySize="1">
          <containerEntry>/Assets/tpp/environ/object/afghanistan/rock/afgh_rock009/scenes/afgh_rock009_rock001.geom</containerEntry>
        </property>
        <property name="isVisibleGeom" type="Bool" container="StaticArray" arraySize="1">
          <containerEntry>false</containerEntry>
        </property>
        <property name="lodFarSize" type="Float" container="StaticArray" arraySize="1">
          <containerEntry>-1</containerEntry>
        </property>
        <property name="lodNearSize" type="Float" container="StaticArray" arraySize="1">
          <containerEntry>-1</containerEntry>
        </property>
        <property name="lodPolygonSize" type="Float" container="StaticArray" arraySize="1">
          <containerEntry>-1</containerEntry>
        </property>
        <property name="drawRejectionLevel" type="Int32" container="StaticArray" arraySize="1">
          <containerEntry>8</containerEntry>
        </property>
        <property name="drawMode" type="Int32" container="StaticArray" arraySize="1">
          <containerEntry>0</containerEntry>
        </property>
        <property name="rejectFarRangeShadowCast" type="Int32" container="StaticArray" arraySize="1">
          <containerEntry>2</containerEntry>
        </property>
        <property name="parentLocator" type="EntityLink" container="StaticArray" arraySize="1">
          <containerEntry packagePathHash="0xB8A0BF169F98" archivePathHash="0xB8A0BF169F98" nameInArchiveHash="0xB8A0BF169F98">0x0</containerEntry>
        </property>
        <property name="transforms" type="Matrix4" container="DynamicArray" arraySize="3">
          <containerEntry r11="0.044307113" r12="0.8469188" r13="0.52987134" r14="0" r21="0.59131837" r22="-0.44973326" r23="0.6693877" r24="0" r31="0.80521905" r32="0.28366485" r33="-0.5207242" r34="0" r41="1427.2202" r42="327.37024" r43="1231.2305" r44="1"></containerEntry>
          <containerEntry r11="0.6326681" r12="-0.5705743" r13="-0.52361846" r14="0" r21="-0.15659128" r22="-0.75642765" r23="0.6350571" r24="0" r31="-0.7584263" r32="-0.3197864" r33="-0.5679148" r34="0" r41="1458.9225" r42="326.6111" r43="1267.5543" r44="1"></containerEntry>
          <containerEntry r11="0.30814737" r12="-0.5294166" r13="0.79041976" r14="0" r21="-0.14607324" r22="0.7946671" r23="0.5892086" r24="0" r31="-0.94005746" r32="-0.29702228" r33="0.16754097" r34="0" r41="1452.1658" r42="328.05185" r43="1281.9818" r44="1"></containerEntry>
        </property>
        <property name="colors" type="UInt32" container="DynamicArray" arraySize="3">
          <containerEntry>4294967295</containerEntry>
          <containerEntry>4294967295</containerEntry>
          <containerEntry>4294967295</containerEntry>
        </property>
      </staticProperties>
      <dynamicProperties></dynamicProperties>
    </entity>
    <entity class="StaticModelArray" classVersion="4" classID="0xD0" addr="0x317E5C0" id="0x0">
      <staticProperties>
        <property name="name" type="String" container="StaticArray" arraySize="1">
          <containerEntry>StaticModelArray0006</containerEntry>
        </property>
        <property name="dataSet" type="EntityHandle" container="StaticArray" arraySize="1">
          <containerEntry>0x33530A0</containerEntry>
        </property>
        <property name="modelFile" type="FilePtr" container="StaticArray" arraySize="1">
          <containerEntry>/Assets/tpp/environ/object/afghanistan/cliff/afgh_clff022/scenes/afgh_clff022_vrtn001.fmdl</containerEntry>
        </property>
        <property name="geomFile" type="FilePtr" container="StaticArray" arraySize="1">
          <containerEntry>/Assets/tpp/environ/object/afghanistan/cliff/afgh_clff022/scenes/afgh_clff022_vrtn001.geom</containerEntry>
        </property>
        <property name="isVisibleGeom" type="Bool" container="StaticArray" arraySize="1">
          <containerEntry>false</containerEntry>
        </property>
        <property name="lodFarSize" type="Float" container="StaticArray" arraySize="1">
          <containerEntry>-1</containerEntry>
        </property>
        <property name="lodNearSize" type="Float" container="StaticArray" arraySize="1">
          <containerEntry>-1</containerEntry>
        </property>
        <property name="lodPolygonSize" type="Float" container="StaticArray" arraySize="1">
          <containerEntry>-1</containerEntry>
        </property>
        <property name="drawRejectionLevel" type="Int32" container="StaticArray" arraySize="1">
          <containerEntry>8</containerEntry>
        </property>
        <property name="drawMode" type="Int32" container="StaticArray" arraySize="1">
          <containerEntry>0</containerEntry>
        </property>
        <property name="rejectFarRangeShadowCast" type="Int32" container="StaticArray" arraySize="1">
          <containerEntry>2</containerEntry>
        </property>
        <property name="parentLocator" type="EntityLink" container="StaticArray" arraySize="1">
          <containerEntry packagePathHash="0xB8A0BF169F98" archivePathHash="0xB8A0BF169F98" nameInArchiveHash="0xB8A0BF169F98">0x0</containerEntry>
        </property>
        <property name="transforms" type="Matrix4" container="DynamicArray" arraySize="5">
          <containerEntry r11="0.44587553" r12="0" r13="-0.89509445" r14="0" r21="0" r22="1" r23="0" r24="0" r31="0.89509445" r32="0" r33="0.44587553" r34="0" r41="1436.6559" r42="344.02966" r43="1187.1682" r44="1"></containerEntry>
          <containerEntry r11="0.10538107" r12="0" r13="0.9944311" r14="0" r21="0" r22="1" r23="0" r24="0" r31="-0.9944311" r32="0" r33="0.10538107" r34="0" r41="1464.6694" r42="343.27182" r43="1165.9437" r44="1"></containerEntry>
          <containerEntry r11="0.8462627" r12="0" r13="0.53276575" r14="0" r21="0" r22="1" r23="0" r24="0" r31="-0.53276575" r32="0" r33="0.8462627" r34="0" r41="1506.6447" r42="343.243" r43="1270.8309" r44="1"></containerEntry>
          <containerEntry r11="0.064605296" r12="0" r13="0.9979113" r14="0" r21="0" r22="1" r23="0" r24="0" r31="-0.9979113" r32="0" r33="0.064605296" r34="0" r41="1475.6843" r42="344.52603" r43="1282.9244" r44="1"></containerEntry>
          <containerEntry r11="0.8883303" r12="0" r13="-0.4592048" r14="0" r21="0" r22="1" r23="0" r24="0" r31="0.4592048" r32="0" r33="0.8883303" r34="0" r41="1502.1783" r42="344.81522" r43="1278.5988" r44="1"></containerEntry>
        </property>
        <property name="colors" type="UInt32" container="DynamicArray" arraySize="5">
          <containerEntry>4294967295</containerEntry>
          <containerEntry>4294967295</containerEntry>
          <containerEntry>4294967295</containerEntry>
          <containerEntry>4294967295</containerEntry>
          <containerEntry>4294967295</containerEntry>
        </property>
      </staticProperties>
      <dynamicProperties></dynamicProperties>
    </entity>
    <entity class="StaticModelArray" classVersion="4" classID="0xD0" addr="0x317E4E0" id="0x0">
      <staticProperties>
        <property name="name" type="String" container="StaticArray" arraySize="1">
          <containerEntry>StaticModelArray0007</containerEntry>
        </property>
        <property name="dataSet" type="EntityHandle" container="StaticArray" arraySize="1">
          <containerEntry>0x33530A0</containerEntry>
        </property>
        <property name="modelFile" type="FilePtr" container="StaticArray" arraySize="1">
          <containerEntry>/Assets/tpp/environ/object/afghanistan/cliff/afgh_clff022/scenes/afgh_clff022_vrtn003.fmdl</containerEntry>
        </property>
        <property name="geomFile" type="FilePtr" container="StaticArray" arraySize="1">
          <containerEntry>/Assets/tpp/environ/object/afghanistan/cliff/afgh_clff022/scenes/afgh_clff022_vrtn003.geom</containerEntry>
        </property>
        <property name="isVisibleGeom" type="Bool" container="StaticArray" arraySize="1">
          <containerEntry>false</containerEntry>
        </property>
        <property name="lodFarSize" type="Float" container="StaticArray" arraySize="1">
          <containerEntry>-1</containerEntry>
        </property>
        <property name="lodNearSize" type="Float" container="StaticArray" arraySize="1">
          <containerEntry>-1</containerEntry>
        </property>
        <property name="lodPolygonSize" type="Float" container="StaticArray" arraySize="1">
          <containerEntry>-1</containerEntry>
        </property>
        <property name="drawRejectionLevel" type="Int32" container="StaticArray" arraySize="1">
          <containerEntry>8</containerEntry>
        </property>
        <property name="drawMode" type="Int32" container="StaticArray" arraySize="1">
          <containerEntry>0</containerEntry>
        </property>
        <property name="rejectFarRangeShadowCast" type="Int32" container="StaticArray" arraySize="1">
          <containerEntry>2</containerEntry>
        </property>
        <property name="parentLocator" type="EntityLink" container="StaticArray" arraySize="1">
          <containerEntry packagePathHash="0xB8A0BF169F98" archivePathHash="0xB8A0BF169F98" nameInArchiveHash="0xB8A0BF169F98">0x0</containerEntry>
        </property>
        <property name="transforms" type="Matrix4" container="DynamicArray" arraySize="2">
          <containerEntry r11="-0.7217668" r12="0" r13="-0.69213563" r14="0" r21="0" r22="1" r23="0" r24="0" r31="0.69213563" r32="0" r33="-0.7217668" r34="0" r41="1448.7335" r42="346.82303" r43="1175.4883" r44="1"></containerEntry>
          <containerEntry r11="0.9761643" r12="0" r13="-0.217033" r14="0" r21="0" r22="1" r23="0" r24="0" r31="0.217033" r32="0" r33="0.9761643" r34="0" r41="1529.2173" r42="345.5962" r43="1235.5668" r44="1"></containerEntry>
        </property>
        <property name="colors" type="UInt32" container="DynamicArray" arraySize="2">
          <containerEntry>4294967295</containerEntry>
          <containerEntry>4294967295</containerEntry>
        </property>
      </staticProperties>
      <dynamicProperties></dynamicProperties>
    </entity>
    <entity class="StaticModelArray" classVersion="4" classID="0xD0" addr="0x317DDE0" id="0x0">
      <staticProperties>
        <property name="name" type="String" container="StaticArray" arraySize="1">
          <containerEntry>StaticModelArray0008</containerEntry>
        </property>
        <property name="dataSet" type="EntityHandle" container="StaticArray" arraySize="1">
          <containerEntry>0x33530A0</containerEntry>
        </property>
        <property name="modelFile" type="FilePtr" container="StaticArray" arraySize="1">
          <containerEntry>/Assets/tpp/environ/object/afghanistan/cliff/afgh_clff025/scenes/afgh_clff025.fmdl</containerEntry>
        </property>
        <property name="geomFile" type="FilePtr" container="StaticArray" arraySize="1">
          <containerEntry>/Assets/tpp/environ/object/afghanistan/cliff/afgh_clff025/scenes/afgh_clff025.geom</containerEntry>
        </property>
