<fox formatVersion="2" fileVersion="0">
  <entities>
    <entity class="DataSet" classVersion="0" classID="0xE8" addr="0x3352D90" id="0x93B59">
      <staticProperties>
        <property name="name" type="String" container="StaticArray" arraySize="1">
          <containerEntry hash="0xB8A0BF169F98"></containerEntry>
        </property>
        <property name="dataSet" type="EntityHandle" container="StaticArray" arraySize="1">
          <containerEntry>0x0</containerEntry>
        </property>
        <property name="dataList" type="EntityPtr" container="StringMap" arraySize="9">
          <containerEntry key="afgh_tree012_vrtn001_br_gim_n0000|afgh_tree012_vrtn001_br_pc_0000">
            <data>0x3177CC0</data>
          </containerEntry>
          <containerEntry key="afgh_tree012_vrtn001_br_gim_n0000|afgh_tree012_ropl001_0000">
            <data>0x3177DA0</data>
          </containerEntry>
          <containerEntry key="afgh_tree012_vrtn001_br_gim_i0000|TppSharedGimmick_afgh_tree012_vrtn001_br">
            <data>0x31780B0</data>
          </containerEntry>
          <containerEntry key="StaticModelArray0000">
            <data>0x317C250</data>
          </containerEntry>
          <containerEntry key="StaticModelArray0001">
            <data>0x317C330</data>
          </containerEntry>
          <containerEntry key="StaticModelArray0002">
            <data>0x317C2C0</data>
          </containerEntry>
          <containerEntry key="StaticModelArray0003">
            <data>0x3352850</data>
          </containerEntry>
          <containerEntry key="StaticModelArray0004">
            <data>0x317BF40</data>
          </containerEntry>
          <containerEntry key="TexturePackLoadConditioner0000">
            <data>0x317C410</data>
          </containerEntry>
        </property>
      </staticProperties>
      <dynamicProperties></dynamicProperties>
    </entity>
    <entity class="StaticModel" classVersion="9" classID="0x160" addr="0x3177CC0" id="0x1432D3">
      <staticProperties>
        <property name="name" type="String" container="StaticArray" arraySize="1">
          <containerEntry>afgh_tree012_vrtn001_br_gim_n0000|afgh_tree012_vrtn001_br_pc_0000</containerEntry>
        </property>
        <property name="dataSet" type="EntityHandle" container="StaticArray" arraySize="1">
          <containerEntry>0x3352D90</containerEntry>
        </property>
        <property name="parent" type="EntityHandle" container="StaticArray" arraySize="1">
          <containerEntry>0x0</containerEntry>
        </property>
        <property name="transform" type="EntityPtr" container="StaticArray" arraySize="1">
          <containerEntry>0x3177D30</containerEntry>
        </property>
        <property name="shearTransform" type="EntityPtr" container="StaticArray" arraySize="1">
          <containerEntry>0x0</containerEntry>
        </property>
        <property name="pivotTransform" type="EntityPtr" container="StaticArray" arraySize="1">
          <containerEntry>0x0</containerEntry>
        </property>
        <property name="children" type="EntityHandle" container="List"></property>
        <property name="flags" type="UInt32" container="StaticArray" arraySize="1">
          <containerEntry>7</containerEntry>
        </property>
        <property name="modelFile" type="FilePtr" container="StaticArray" arraySize="1">
          <containerEntry hash="0xB8A0BF169F98"></containerEntry>
        </property>
        <property name="geomFile" type="FilePtr" container="StaticArray" arraySize="1">
          <containerEntry>/Assets/tpp/environ/object/afghanistan/tree/afgh_tree012/scenes/afgh_tree012_vrtn001_br_pc.geom</containerEntry>
        </property>
        <property name="isVisibleGeom" type="Bool" container="StaticArray" arraySize="1">
          <containerEntry>false</containerEntry>
        </property>
        <property name="isIsolated" type="Bool" container="StaticArray" arraySize="1">
          <containerEntry>false</containerEntry>
        </property>
        <property name="lodFarSize" type="Float" container="StaticArray" arraySize="1">
          <containerEntry>-1</containerEntry>
        </property>
        <property name="lodNearSize" type="Float" container="StaticArray" arraySize="1">
          <containerEntry>-1</containerEntry>
        </property>
        <property name="lodPolygonSize" type="Float" container="StaticArray" arraySize="1">
          <containerEntry>-1</containerEntry>
        </property>
        <property name="color" type="Color" container="StaticArray" arraySize="1">
          <containerEntry r="1" g="1" b="1" a="1"></containerEntry>
        </property>
        <property name="drawRejectionLevel" type="Int32" container="StaticArray" arraySize="1">
          <containerEntry>8</containerEntry>
        </property>
        <property name="drawMode" type="Int32" container="StaticArray" arraySize="1">
          <containerEntry>0</containerEntry>
        </property>
        <property name="rejectFarRangeShadowCast" type="Int32" container="StaticArray" arraySize="1">
          <containerEntry>2</containerEntry>
        </property>
      </staticProperties>
      <dynamicProperties></dynamicProperties>
    </entity>
    <entity class="TransformEntity" classVersion="0" classID="0x50" addr="0x3177D30" id="0x1432D6">
      <staticProperties>
        <property name="owner" type="EntityHandle" container="StaticArray" arraySize="1">
          <containerEntry>0x3177CC0</containerEntry>
        </property>
        <property name="transform_scale" type="Vector3" container="StaticArray" arraySize="1">
          <containerEntry x="1" y="1" z="1" w="1.1e-44"></containerEntry>
        </property>
        <property name="transform_rotation_quat" type="Quat" container="StaticArray" arraySize="1">
          <containerEntry x="0" y="0" z="0" w="1"></containerEntry>
        </property>
        <property name="transform_translation" type="Vector3" container="StaticArray" arraySize="1">
          <containerEntry x="-176" y="308.68854" z="2352" w="1"></containerEntry>
        </property>
      </staticProperties>
      <dynamicProperties></dynamicProperties>
    </entity>
    <entity class="StaticModel" classVersion="9" classID="0x160" addr="0x3177DA0" id="0x146D45">
      <staticProperties>
        <property name="name" type="String" container="StaticArray" arraySize="1">
          <containerEntry>afgh_tree012_vrtn001_br_gim_n0000|afgh_tree012_ropl001_0000</containerEntry>
        </property>
        <property name="dataSet" type="EntityHandle" container="StaticArray" arraySize="1">
          <containerEntry>0x3352D90</containerEntry>
        </property>
        <property name="parent" type="EntityHandle" container="StaticArray" arraySize="1">
          <containerEntry>0x0</containerEntry>
        </property>
        <property name="transform" type="EntityPtr" container="StaticArray" arraySize="1">
          <containerEntry>0x3177E10</containerEntry>
        </property>
        <property name="shearTransform" type="EntityPtr" container="StaticArray" arraySize="1">
          <containerEntry>0x0</containerEntry>
        </property>
        <property name="pivotTransform" type="EntityPtr" container="StaticArray" arraySize="1">
          <containerEntry>0x0</containerEntry>
        </property>
        <property name="children" type="EntityHandle" container="List"></property>
        <property name="flags" type="UInt32" container="StaticArray" arraySize="1">
          <containerEntry>7</containerEntry>
        </property>
        <property name="modelFile" type="FilePtr" container="StaticArray" arraySize="1">
          <containerEntry>/Assets/tpp/environ/object/afghanistan/tree/afgh_tree012/scenes/afgh_tree012_ropl001.fmdl</containerEntry>
        </property>
        <property name="geomFile" type="FilePtr" container="StaticArray" arraySize="1">
          <containerEntry hash="0xB8A0BF169F98"></containerEntry>
        </property>
        <property name="isVisibleGeom" type="Bool" container="StaticArray" arraySize="1">
          <containerEntry>false</containerEntry>
        </property>
        <property name="isIsolated" type="Bool" container="StaticArray" arraySize="1">
          <containerEntry>false</containerEntry>
        </property>
        <property name="lodFarSize" type="Float" container="StaticArray" arraySize="1">
          <containerEntry>-1</containerEntry>
        </property>
        <property name="lodNearSize" type="Float" container="StaticArray" arraySize="1">
          <containerEntry>-1</containerEntry>
        </property>
        <property name="lodPolygonSize" type="Float" container="StaticArray" arraySize="1">
          <containerEntry>-1</containerEntry>
        </property>
        <property name="color" type="Color" container="StaticArray" arraySize="1">
          <containerEntry r="1" g="1" b="1" a="1"></containerEntry>
        </property>
        <property name="drawRejectionLevel" type="Int32" container="StaticArray" arraySize="1">
          <containerEntry>8</containerEntry>
        </property>
        <property name="drawMode" type="Int32" container="StaticArray" arraySize="1">
          <containerEntry>0</containerEntry>
        </property>
        <property name="rejectFarRangeShadowCast" type="Int32" container="StaticArray" arraySize="1">
          <containerEntry>2</containerEntry>
        </property>
      </staticProperties>
      <dynamicProperties></dynamicProperties>
    </entity>
    <entity class="TransformEntity" classVersion="0" classID="0x50" addr="0x3177E10" id="0x146D46">
      <staticProperties>
        <property name="owner" type="EntityHandle" container="StaticArray" arraySize="1">
          <containerEntry>0x3177DA0</containerEntry>
        </property>
        <property name="transform_scale" type="Vector3" container="StaticArray" arraySize="1">
          <containerEntry x="1" y="1" z="1" w="1.1e-44"></containerEntry>
        </property>
        <property name="transform_rotation_quat" type="Quat" container="StaticArray" arraySize="1">
          <containerEntry x="0" y="0" z="0" w="1"></containerEntry>
        </property>
        <property name="transform_translation" type="Vector3" container="StaticArray" arraySize="1">
          <containerEntry x="-176" y="308.68854" z="2352" w="1"></containerEntry>
        </property>
      </staticProperties>
      <dynamicProperties></dynamicProperties>
    </entity>
    <entity class="TppSharedGimmickData" classVersion="1" classID="0xF0" addr="0x31780B0" id="0x1432C5">
      <staticProperties>
        <property name="name" type="String" container="StaticArray" arraySize="1">
          <containerEntry>afgh_tree012_vrtn001_br_gim_i0000|TppSharedGimmick_afgh_tree012_vrtn001_br</containerEntry>
        </property>
        <property name="dataSet" type="EntityHandle" container="StaticArray" arraySize="1">
          <containerEntry>0x3352D90</containerEntry>
        </property>
        <property name="modelFile" type="FilePtr" container="StaticArray" arraySize="1">
          <containerEntry>/Assets/tpp/environ/object/afghanistan/tree/afgh_tree012/scenes/afgh_tree012_vrtn001_br.fmdl</containerEntry>
        </property>
        <property name="geomFile" type="FilePtr" container="StaticArray" arraySize="1">
          <containerEntry>/Assets/tpp/environ/object/afghanistan/tree/afgh_tree012/scenes/afgh_tree012_vrtn001_br.geom</containerEntry>
        </property>
        <property name="breakedModelFile" type="FilePtr" container="StaticArray" arraySize="1">
          <containerEntry hash="0xB8A0BF169F98"></containerEntry>
        </property>
        <property name="breakedGeomFile" type="FilePtr" container="StaticArray" arraySize="1">
          <containerEntry hash="0xB8A0BF169F98"></containerEntry>
        </property>
        <property name="partsFile" type="FilePtr" container="StaticArray" arraySize="1">
          <containerEntry>/Assets/tpp/parts/environ/object/afghanistan/tree/afgh_tree012/afgh_tree012_vrtn001_br.parts</containerEntry>
        </property>
        <property name="numDynamicGimmick" type="UInt32" container="StaticArray" arraySize="1">
          <containerEntry>2</containerEntry>
        </property>
        <property name="locaterFile" type="FilePtr" container="StaticArray" arraySize="1">
          <containerEntry>/Assets/tpp/level/location/afgh/block_small/131/131_151/lba/afgh_tree012_vrtn001_br.lba</containerEntry>
        </property>
        <property name="flags1" type="UInt32" container="StaticArray" arraySize="1">
          <containerEntry>270</containerEntry>
        </property>
        <property name="flags2" type="UInt32" container="StaticArray" arraySize="1">
          <containerEntry>0</containerEntry>
        </property>
      </staticProperties>
      <dynamicProperties></dynamicProperties>
    </entity>
    <entity class="StaticModelArray" classVersion="4" classID="0xD0" addr="0x317C250" id="0x0">
      <staticProperties>
        <property name="name" type="String" container="StaticArray" arraySize="1">
          <containerEntry>StaticModelArray0000</containerEntry>
        </property>
        <property name="dataSet" type="EntityHandle" container="StaticArray" arraySize="1">
          <containerEntry>0x3352D90</containerEntry>
        </property>
        <property name="modelFile" type="FilePtr" container="StaticArray" arraySize="1">
          <containerEntry>/Assets/tpp/environ/object/middle_africa/rock/mafr_rock010/scenes/mafr_rock010_vrtn001.fmdl</containerEntry>
        </property>
        <property name="geomFile" type="FilePtr" container="StaticArray" arraySize="1">
          <containerEntry>/Assets/tpp/environ/object/middle_africa/rock/mafr_rock010/scenes/mafr_rock010_vrtn001.geom</containerEntry>
        </property>
        <property name="isVisibleGeom" type="Bool" container="StaticArray" arraySize="1">
          <containerEntry>false</containerEntry>
        </property>
        <property name="lodFarSize" type="Float" container="StaticArray" arraySize="1">
          <containerEntry>-1</containerEntry>
        </property>
        <property name="lodNearSize" type="Float" container="StaticArray" arraySize="1">
          <containerEntry>-1</containerEntry>
        </property>
        <property name="lodPolygonSize" type="Float" container="StaticArray" arraySize="1">
          <containerEntry>-1</containerEntry>
        </property>
        <property name="drawRejectionLevel" type="Int32" container="StaticArray" arraySize="1">
          <containerEntry>8</containerEntry>
        </property>
        <property name="drawMode" type="Int32" container="StaticArray" arraySize="1">
          <containerEntry>0</containerEntry>
        </property>
        <property name="rejectFarRangeShadowCast" type="Int32" container="StaticArray" arraySize="1">
          <containerEntry>2</containerEntry>
        </property>
        <property name="parentLocator" type="EntityLink" container="StaticArray" arraySize="1">
          <containerEntry packagePathHash="0xB8A0BF169F98" archivePathHash="0xB8A0BF169F98" nameInArchiveHash="0xB8A0BF169F98">0x0</containerEntry>
        </property>
        <property name="transforms" type="Matrix4" container="DynamicArray" arraySize="13">
          <containerEntry r11="-0.95706034" r12="-0.009222073" r13="0.28973585" r14="0" r21="0.027450178" r22="0.9921194" r23="0.12225236" r24="0" r31="-0.28857994" r32="0.124956414" r33="-0.94926494" r34="0" r41="-191.7081" r42="292.13608" r43="2311.398" r44="1"></containerEntry>
          <containerEntry r11="-0.17178446" r12="0.3244871" r13="0.93015957" r14="0" r21="-0.024793908" r22="0.942473" r23="-0.33336145" r24="0" r31="-0.9848218" r32="-0.08032887" r33="-0.15385687" r34="0" r41="-202.13724" r42="292.9387" r43="2311.2156" r44="1"></containerEntry>
          <containerEntry r11="-0.92102355" r12="0.07263787" r13="-0.38267434" r14="0" r21="0.027450308" r22="0.9921193" r23="0.12225293" r24="0" r31="0.38853878" r32="0.10209329" r33="-0.91575915" r34="0" r41="-206" r42="306.65027" r43="2342" r44="1"></containerEntry>
          <containerEntry r11="0.9178805" r12="0.18182649" r13="0.8288152" r14="0" r21="-0.13055389" r22="1.236688" r23="-0.12672277" r24="0" r31="-0.8384219" r32="0.0064890273" r33="0.9270959" r34="0" r41="-201.82173" r42="312.06012" r43="2367.3557" r44="1"></containerEntry>
          <containerEntry r11="-0.94324" r12="0.1594752" r13="0.29131714" r14="0" r21="0.12853336" r22="0.9841034" r23="-0.1225546" r24="0" r31="-0.30623063" r32="-0.07815443" r33="-0.9487436" r34="0" r41="-197.45894" r42="311.87338" r43="2366" r44="1"></containerEntry>
          <containerEntry r11="-0.22421339" r12="0.31366825" r13="0.9226818" r14="0" r21="0.10722676" r22="0.9489782" r23="-0.29655167" r24="0" r31="-0.96862376" r32="0.03244543" r33="-0.24640727" r34="0" r41="-182" r42="307.66122" r43="2354" r44="1"></containerEntry>
          <containerEntry r11="0.9870446" r12="-0.02914409" r13="0.15777718" r14="0" r21="0.06807037" r22="0.96654296" r23="-0.24730776" r24="0" r31="-0.14529087" r32="0.25484374" r33="0.95600486" r34="0" r41="-180.03185" r42="309.17206" r43="2358.688" r44="1"></containerEntry>
          <containerEntry r11="-0.8178605" r12="-0.074241124" r13="-0.57060695" r14="0" r21="0.0051112995" r22="0.9906654" r23="-0.13622062" r24="0" r31="0.5753937" r32="-0.114326015" r33="-0.8098466" r34="0" r41="-232" r42="316.21857" r43="2380" r44="1"></containerEntry>
          <containerEntry r11="0.98116916" r12="-0.18134421" r13="0.06649263" r14="0" r21="0.18997946" r22="0.9681952" r23="-0.1628061" r24="0" r31="-0.03485392" r32="0.17237255" r33="0.984415" r34="0" r41="-229.70529" r42="317.18484" r43="2386.3303" r44="1"></containerEntry>
          <containerEntry r11="-0.6914916" r12="0.014235795" r13="-0.7222413" r14="0" r21="-0.016519673" r22="0.9992327" r23="0.0355118" r24="0" r31="0.72219265" r32="0.036487393" r33="-0.69072586" r34="0" r41="-234" r42="320.50232" r43="2408" r44="1"></containerEntry>
          <containerEntry r11="0.50934434" r12="0.17947724" r13="0.84163976" r14="0" r21="0.0680703" r22="0.966543" r23="-0.24730772" r24="0" r31="-0.8578671" r32="0.18325555" r33="0.48008618" r34="0" r41="-178.48222" r42="314.57117" r43="2373.2812" r44="1"></containerEntry>
          <containerEntry r11="-0.666087" r12="-0.030377306" r13="-0.7452514" r14="0" r21="0.046853364" r22="0.99549294" r23="-0.08245385" r24="0" r31="0.74439716" r32="-0.089839265" r33="-0.66166157" r34="0" r41="-186.74039" r42="291.2617" r43="2311.9949" r44="1"></containerEntry>
          <containerEntry r11="-0.9372627" r12="-0.14966822" r13="0.31485447" r14="0" r21="-0.16660398" r22="0.98564255" r23="-0.027418151" r24="0" r31="-0.30623034" r32="-0.07815415" r33="-0.9487414" r34="0" r41="-151.76506" r42="325.38037" r43="2384.2354" r44="1"></containerEntry>
        </property>
        <property name="colors" type="UInt32" container="DynamicArray" arraySize="13">
          <containerEntry>4294967295</containerEntry>
          <containerEntry>4294967295</containerEntry>
          <containerEntry>4294967295</containerEntry>
          <containerEntry>4294967295</containerEntry>
          <containerEntry>4294967295</containerEntry>
          <containerEntry>4294967295</containerEntry>
          <containerEntry>4294967295</containerEntry>
          <containerEntry>4294967295</containerEntry>
          <containerEntry>4294967295</containerEntry>
          <containerEntry>4294967295</containerEntry>
          <containerEntry>4294967295</containerEntry>
          <containerEntry>4294967295</containerEntry>
          <containerEntry>4294967295</containerEntry>
        </property>
      </staticProperties>
      <dynamicProperties></dynamicProperties>
    </entity>
    <entity class="StaticModelArray" classVersion="4" classID="0xD0" addr="0x317C330" id="0x0">
      <staticProperties>
        <property name="name" type="String" container="StaticArray" arraySize="1">
          <containerEntry>StaticModelArray0001</containerEntry>
        </property>
        <property name="dataSet" type="EntityHandle" container="StaticArray" arraySize="1">
          <containerEntry>0x3352D90</containerEntry>
        </property>
        <property name="modelFile" type="FilePtr" container="StaticArray" arraySize="1">
          <containerEntry>/Assets/tpp/environ/object/afghanistan/rock/afgh_rock006/scenes/afgh_rock006.fmdl</containerEntry>
        </property>
        <property name="geomFile" type="FilePtr" container="StaticArray" arraySize="1">
          <containerEntry>/Assets/tpp/environ/object/afghanistan/rock/afgh_rock006/scenes/afgh_rock006.geom</containerEntry>
        </property>
        <property name="isVisibleGeom" type="Bool" container="StaticArray" arraySize="1">
          <containerEntry>false</containerEntry>
        </property>
        <property name="lodFarSize" type="Float" container="StaticArray" arraySize="1">
          <containerEntry>-1</containerEntry>
        </property>
        <property name="lodNearSize" type="Float" container="StaticArray" arraySize="1">
          <containerEntry>-1</containerEntry>
        </property>
        <property name="lodPolygonSize" type="Float" container="StaticArray" arraySize="1">
          <containerEntry>-1</containerEntry>
        </property>
        <property name="drawRejectionLevel" type="Int32" container="StaticArray" arraySize="1">
          <containerEntry>8</containerEntry>
        </property>
        <property name="drawMode" type="Int32" container="StaticArray" arraySize="1">
          <containerEntry>0</containerEntry>
        </property>
        <property name="rejectFarRangeShadowCast" type="Int32" container="StaticArray" arraySize="1">
          <containerEntry>2</containerEntry>
        </property>
        <property name="parentLocator" type="EntityLink" container="StaticArray" arraySize="1">
          <containerEntry packagePathHash="0xB8A0BF169F98" archivePathHash="0xB8A0BF169F98" nameInArchiveHash="0xB8A0BF169F98">0x0</containerEntry>
        </property>
        <property name="transforms" type="Matrix4" container="DynamicArray" arraySize="13">
          <containerEntry r11="0.5088264" r12="-0.29229018" r13="-0.80972964" r14="0" r21="-0.28925082" r22="-0.9439589" r23="0.1589809" r24="0" r31="-0.8108203" r32="0.15332133" r33="-0.56485623" r34="0" r41="-181.13795" r42="294.42587" r43="2320.0286" r44="1"></containerEntry>
          <containerEntry r11="0.5108752" r12="0.29083586" r13="0.80896294" r14="0" r21="0.4947366" r22="-0.869043" r23="2.3841858e-07" r24="0" r31="0.7030237" r32="0.40022346" r33="-0.5878596" r34="0" r41="-184" r42="294.3608" r43="2320" r44="1"></containerEntry>
          <containerEntry r11="-0.9732284" r12="-0.050456353" r13="-0.22423083" r14="0" r21="-0.041932806" r22="-0.9202504" r23="0.38907546" r24="0" r31="-0.22597998" r32="0.38806212" r33="0.8934992" r34="0" r41="-147.3909" r42="295.63007" r43="2325.4937" r44="1"></containerEntry>
          <containerEntry r11="0.25843164" r12="-0.29201093" r13="-0.9208386" r14="0" r21="0.12079689" r22="0.95550597" r23="-0.26910314" r24="0" r31="0.9584478" r32="-0.041689448" r33="0.28220695" r34="0" r41="-145.95718" r42="303.84567" r43="2342.2883" r44="1"></containerEntry>
          <containerEntry r11="0.5108752" r12="0.29083586" r13="0.80896294" r14="0" r21="0.4947366" r22="-0.869043" r23="2.3841858e-07" r24="0" r31="0.7030237" r32="0.40022346" r33="-0.5878596" r34="0" r41="-210" r42="308.4329" r43="2348" r44="1"></containerEntry>
          <containerEntry r11="0.51087403" r12="0.29083544" r13="0.8089644" r14="0" r21="-0.72686034" r22="-0.35631484" r23="0.58712536" r24="0" r31="0.45900178" r32="-0.88795096" r33="0.02936396" r34="0" r41="-194" r42="307.1064" r43="2346" r44="1"></containerEntry>
          <containerEntry r11="0.54003656" r12="-0.8388666" r13="0.06829161" r14="0" r21="0.79420066" r22="0.48105845" r23="-0.37125263" r24="0" r31="0.27857903" r32="0.25472727" r33="0.92601717" r34="0" r41="-186" r42="307.20255" r43="2350" r44="1"></containerEntry>
          <containerEntry r11="0.6481413" r12="0.15866527" r13="0.7448076" r14="0" r21="0.49595484" r22="-0.83014226" r23="-0.25474268" r24="0" r31="0.57787704" r32="0.5345001" r33="-0.6167405" r34="0" r41="-226.51797" r42="313.0705" r43="2364.418" r44="1"></containerEntry>
          <containerEntry r11="0.5108739" r12="0.2908354" r13="0.8089642" r14="0" r21="-0.33334425" r22="-0.8003855" r23="0.4982635" r24="0" r31="0.79239506" r32="-0.5242134" r33="-0.31194833" r34="0" r41="-192" r42="313.46393" r43="2370" r44="1"></containerEntry>
          <containerEntry r11="0.8503536" r12="-0.15435581" r13="-0.50306326" r14="0" r21="-0.1460654" r22="-0.9876777" r23="0.056149855" r24="0" r31="-0.5055327" r32="0.025733009" r33="-0.86242104" r34="0" r41="-228.4918" r42="297.47186" r43="2328.845" r44="1"></containerEntry>
          <containerEntry r11="0.4448839" r12="0.22903153" r13="0.8658064" r14="0" r21="-0.19186687" r22="0.9686754" r23="-0.15765491" r24="0" r31="-0.87479323" r32="-0.095981926" r33="0.47489178" r34="0" r41="-246.16135" r42="298.6534" r43="2318.3965" r44="1"></containerEntry>
          <containerEntry r11="-0.93179405" r12="0.36181995" r13="0.028989106" r14="0" r21="0.28264698" r22="0.7733679" r23="-0.5674612" r24="0" r31="-0.22773832" r32="-0.520565" r33="-0.82288635" r34="0" r41="-245.33195" r42="297.5142" r43="2316.351" r44="1"></containerEntry>
          <containerEntry r11="0.875811" r12="-0.3586387" r13="0.32300627" r14="0" r21="-0.4569325" r22="-0.8316456" r23="0.31555042" r24="0" r31="0.15545894" r32="-0.42395476" r33="-0.8922379" r34="0" r41="-226.71303" r42="296.60532" r43="2325.9282" r44="1"></containerEntry>
        </property>
        <property name="colors" type="UInt32" container="DynamicArray" arraySize="13">
          <containerEntry>4294967295</containerEntry>
          <containerEntry>4294967295</containerEntry>
          <containerEntry>4294967295</containerEntry>
          <containerEntry>4294967295</containerEntry>
          <containerEntry>4294967295</containerEntry>
          <containerEntry>4294967295</containerEntry>
          <containerEntry>4294967295</containerEntry>
          <containerEntry>4294967295</containerEntry>
          <containerEntry>4294967295</containerEntry>
          <containerEntry>4294967295</containerEntry>
          <containerEntry>4294967295</containerEntry>
          <containerEntry>4294967295</containerEntry>
          <containerEntry>4294967295</containerEntry>
        </property>
      </staticProperties>
      <dynamicProperties></dynamicProperties>
    </entity>
    <entity class="StaticModelArray" classVersion="4" classID="0xD0" addr="0x317C2C0" id="0x0">
      <staticProperties>
        <property name="name" type="String" container="StaticArray" arraySize="1">
          <containerEntry>StaticModelArray0002</containerEntry>
        </property>
        <property name="dataSet" type="EntityHandle" container="StaticArray" arraySize="1">
          <containerEntry>0x3352D90</containerEntry>
        </property>
        <property name="modelFile" type="FilePtr" container="StaticArray" arraySize="1">
          <containerEntry>/Assets/tpp/environ/object/afghanistan/cliff/afgh_clff027/scenes/afgh_clff027_vrtn007.fmdl</containerEntry>
        </property>
        <property name="geomFile" type="FilePtr" container="StaticArray" arraySize="1">
          <containerEntry>/Assets/tpp/environ/object/afghanistan/cliff/afgh_clff027/scenes/afgh_clff027_vrtn007.geom</containerEntry>
        </property>
        <property name="isVisibleGeom" type="Bool" container="StaticArray" arraySize="1">
          <containerEntry>false</containerEntry>
        </property>
        <property name="lodFarSize" type="Float" container="StaticArray" arraySize="1">
          <containerEntry>-1</containerEntry>
        </property>
        <property name="lodNearSize" type="Float" container="StaticArray" arraySize="1">
          <containerEntry>-1</containerEntry>
        </property>
        <property name="lodPolygonSize" type="Float" container="StaticArray" arraySize="1">
          <containerEntry>-1</containerEntry>
        </property>
        <property name="drawRejectionLevel" type="Int32" container="StaticArray" arraySize="1">
          <containerEntry>8</containerEntry>
        </property>
        <property name="drawMode" type="Int32" container="StaticArray" arraySize="1">
          <containerEntry>0</containerEntry>
        </property>
        <property name="rejectFarRangeShadowCast" type="Int32" container="StaticArray" arraySize="1">
          <containerEntry>2</containerEntry>
        </property>
        <property name="parentLocator" type="EntityLink" container="StaticArray" arraySize="1">
          <containerEntry packagePathHash="0xB8A0BF169F98" archivePathHash="0xB8A0BF169F98" nameInArchiveHash="0xB8A0BF169F98">0x0</containerEntry>
        </property>
        <property name="transforms" type="Matrix4" container="DynamicArray" arraySize="2">
          <containerEntry r11="0.6427864" r12="0" r13="-0.7660459" r14="0" r21="0" r22="1" r23="0" r24="0" r31="0.7660459" r32="0" r33="0.6427864" r34="0" r41="-252.36461" r42="299.51337" r43="2321.211" r44="1"></containerEntry>
          <containerEntry r11="1" r12="0" r13="-2e-06" r14="0" r21="0" r22="1" r23="0" r24="0" r31="2e-06" r32="0" r33="1" r34="0" r41="-236.48715" r42="299.2139" r43="2329.4182" r44="1"></containerEntry>
        </property>
        <property name="colors" type="UInt32" container="DynamicArray" arraySize="2">
          <containerEntry>4294967295</containerEntry>
          <containerEntry>4294967295</containerEntry>
        </property>
      </staticProperties>
      <dynamicProperties></dynamicProperties>
    </entity>
    <entity class="StaticModelArray" classVersion="4" classID="0xD0" addr="0x3352850" id="0x0">
      <staticProperties>
        <property name="name" type="String" container="StaticArray" arraySize="1">
          <containerEntry>StaticModelArray0003</containerEntry>
        </property>
        <property name="dataSet" type="EntityHandle" container="StaticArray" arraySize="1">
          <containerEntry>0x3352D90</containerEntry>
        </property>
        <property name="modelFile" type="FilePtr" container="StaticArray" arraySize="1">
          <containerEntry>/Assets/tpp/environ/object/afghanistan/rock/afgh_rock001/scenes/afgh_rock001_vrtn001.fmdl</containerEntry>
        </property>
        <property name="geomFile" type="FilePtr" container="StaticArray" arraySize="1">
          <containerEntry>/Assets/tpp/environ/object/afghanistan/rock/afgh_rock001/scenes/afgh_rock001_vrtn001.geom</containerEntry>
        </property>
        <property name="isVisibleGeom" type="Bool" container="StaticArray" arraySize="1">
          <containerEntry>false</containerEntry>
        </property>
        <property name="lodFarSize" type="Float" container="StaticArray" arraySize="1">
          <containerEntry>-1</containerEntry>
        </property>
        <property name="lodNearSize" type="Float" container="StaticArray" arraySize="1">
          <containerEntry>-1</containerEntry>
        </property>
        <property name="lodPolygonSize" type="Float" container="StaticArray" arraySize="1">
          <containerEntry>-1</containerEntry>
        </property>
        <property name="drawRejectionLevel" type="Int32" container="StaticArray" arraySize="1">
          <containerEntry>8</containerEntry>
        </property>
        <property name="drawMode" type="Int32" container="StaticArray" arraySize="1">
          <containerEntry>0</containerEntry>
        </property>
        <property name="rejectFarRangeShadowCast" type="Int32" container="StaticArray" arraySize="1">
          <containerEntry>2</containerEntry>
        </property>
        <property name="parentLocator" type="EntityLink" container="StaticArray" arraySize="1">
          <containerEntry packagePathHash="0xB8A0BF169F98" archivePathHash="0xB8A0BF169F98" nameInArchiveHash="0xB8A0BF169F98">0x0</containerEntry>
        </property>
        <property name="transforms" type="Matrix4" container="DynamicArray" arraySize="17">
          <containerEntry r11="0.9110366" r12="0.17015046" r13="-0.37558106" r14="0" r21="-0.035451032" r22="0.9398353" r23="0.33978343" r24="0" r31="0.41079864" r32="-0.2962404" r33="0.8622564" r34="0" r41="-222" r42="293.33777" r43="2308" r44="1"></containerEntry>
          <containerEntry r11="-0.8339837" r12="0.15951404" r13="-0.5282265" r14="0" r21="0.32964036" r22="0.9117296" r23="-0.24512488" r24="0" r31="0.4424988" r32="-0.37855548" r33="-0.8129498" r34="0" r41="-210" r42="294.50583" r43="2316" r44="1"></containerEntry>
          <containerEntry r11="-0.0110326335" r12="-0.20124012" r13="-0.97947884" r14="0" r21="0.3230161" r22="0.9263058" r23="-0.19395387" r24="0" r31="0.94632816" r32="-0.31852776" r33="0.054784358" r34="0" r41="-200" r42="295.47922" r43="2316" r44="1"></containerEntry>
          <containerEntry r11="0.8865943" r12="0.41004798" r13="-0.21403514" r14="0" r21="0.40481773" r22="-0.911726" r23="-0.069816366" r24="0" r31="-0.22376992" r32="-0.02474654" r33="-0.97432566" r34="0" r41="-182" r42="292.79565" r43="2314" r44="1"></containerEntry>
          <containerEntry r11="-0.9766582" r12="0.10629874" r13="-0.18664396" r14="0" r21="0.07503425" r22="0.9830565" r23="0.1672419" r24="0" r31="0.20125917" r32="0.14933375" r33="-0.9680862" r34="0" r41="-190" r42="294.3459" r43="2318.1997" r44="1"></containerEntry>
          <containerEntry r11="-0.2649212" r12="-0.14203507" r13="0.95375097" r14="0" r21="0.07503441" r22="0.98305655" r23="0.16724141" r24="0" r31="-0.9613453" r32="0.11587013" r33="-0.24977493" r34="0" r41="-172" r42="294.80725" r43="2328" r44="1"></containerEntry>
          <containerEntry r11="0.9942946" r12="-0.0865095" r13="0.062405825" r14="0" r21="0.07503503" r22="0.9830566" r23="0.1672409" r24="0" r31="-0.07581639" r32="-0.16160409" r33="0.98393905" r34="0" r41="-159.6653" r42="297.04385" r43="2335.664" r44="1"></containerEntry>
          <containerEntry r11="-0.11098379" r12="-0.93230253" r13="-0.3442253" r14="0" r21="-0.83342797" r22="0.2759899" r23="-0.4787746" r24="0" r31="0.5413658" r32="0.23375039" r33="-0.8076374" r34="0" r41="-164" r42="295.71848" r43="2330" r44="1"></containerEntry>
          <containerEntry r11="0.5919223" r12="-0.7625269" r13="-0.26111203" r14="0" r21="-0.32652193" r22="0.06932384" r23="-0.9426425" r24="0" r31="0.7368923" r32="0.6432294" r33="-0.20794722" r34="0" r41="-167.4321" r42="295.97614" r43="2333.175" r44="1"></containerEntry>
          <containerEntry r11="0.0027341247" r12="0.4517737" r13="-0.89212567" r14="0" r21="0.7539752" r22="-0.5869655" r23="-0.29493266" r24="0" r31="-0.65689355" r32="-0.6718366" r33="-0.34222806" r34="0" r41="-144" r42="292.35892" r43="2307.1096" r44="1"></containerEntry>
          <containerEntry r11="-0.42358652" r12="-0.0466576" r13="0.9046493" r14="0" r21="-0.07706214" r22="0.9969084" r23="0.015332522" r24="0" r31="-0.9025678" r32="-0.06321968" r33="-0.42587245" r34="0" r41="-140.96806" r42="293.816" r43="2310.2686" r44="1"></containerEntry>
          <containerEntry r11="0.8865943" r12="0.41004798" r13="-0.21403514" r14="0" r21="0.40481773" r22="-0.911726" r23="-0.069816366" r24="0" r31="-0.22376992" r32="-0.02474654" r33="-0.97432566" r34="0" r41="-189.01701" r42="306.10056" r43="2346" r44="1"></containerEntry>
          <containerEntry r11="0.8865943" r12="0.41004798" r13="-0.21403514" r14="0" r21="0.40481773" r22="-0.911726" r23="-0.069816366" r24="0" r31="-0.22376992" r32="-0.02474654" r33="-0.97432566" r34="0" r41="-196" r42="311.7708" r43="2362" r44="1"></containerEntry>
          <containerEntry r11="0.99347377" r12="-0.017068528" r13="0.112776674" r14="0" r21="-0.08053731" r22="-0.80511856" r23="0.5876159" r24="0" r31="0.080769144" r32="-0.59286374" r33="-0.8012388" r34="0" r41="-221.29227" r42="309.4092" r43="2352" r44="1"></containerEntry>
          <containerEntry r11="0.07118803" r12="-0.5926719" r13="-0.8022896" r14="0" r21="-0.08053726" r22="-0.8051173" r23="0.5876162" r24="0" r31="-0.9942044" r32="0.022784144" r33="-0.10504368" r34="0" r41="-212" r42="308.09174" r43="2346" r44="1"></containerEntry>
          <containerEntry r11="0.07118803" r12="-0.5926719" r13="-0.8022896" r14="0" r21="-0.08053726" r22="-0.8051173" r23="0.5876162" r24="0" r31="-0.9942044" r32="0.022784144" r33="-0.10504368" r34="0" r41="-202" r42="309.72784" r43="2352" r44="1"></containerEntry>
          <containerEntry r11="0.8865938" r12="0.4100488" r13="-0.21403585" r14="0" r21="0.4587548" r22="-0.83866286" r23="0.29357934" r24="0" r31="-0.05912204" r32="-0.35847563" r33="-0.9316652" r34="0" r41="-147.19818" r42="321.14044" r43="2371.2522" r44="1"></containerEntry>
        </property>
        <property name="colors" type="UInt32" container="DynamicArray" arraySize="17">
          <containerEntry>4294967295</containerEntry>
          <containerEntry>4294967295</containerEntry>
          <containerEntry>4294967295</containerEntry>
          <containerEntry>4294967295</containerEntry>
          <containerEntry>4294967295</containerEntry>
          <containerEntry>4294967295</containerEntry>
          <containerEntry>4294967295</containerEntry>
          <containerEntry>4294967295</containerEntry>
          <containerEntry>4294967295</containerEntry>
          <containerEntry>4294967295</containerEntry>
          <containerEntry>4294967295</containerEntry>
          <containerEntry>4294967295</containerEntry>
          <containerEntry>4294967295</containerEntry>
          <containerEntry>4294967295</containerEntry>
          <containerEntry>4294967295</containerEntry>
          <containerEntry>4294967295</containerEntry>
          <containerEntry>4294967295</containerEntry>
        </property>
      </staticProperties>
      <dynamicProperties></dynamicProperties>
    </entity>
    <entity class="StaticModelArray" classVersion="4" classID="0xD0" addr="0x317BF40" id="0x0">
      <staticProperties>
        <property name="name" type="String" container="StaticArray" arraySize="1">
          <containerEntry>StaticModelArray0004</containerEntry>
        </property>
        <property name="dataSet" type="EntityHandle" container="StaticArray" arraySize="1">
          <containerEntry>0x3352D90</containerEntry>
        </property>
        <property name="modelFile" type="FilePtr" container="StaticArray" arraySize="1">
          <containerEntry>/Assets/tpp/environ/object/afghanistan/cliff/afgh_clff027/scenes/afgh_clff027_vrtn003.fmdl</containerEntry>
        </property>
        <property name="geomFile" type="FilePtr" container="StaticArray" arraySize="1">
          <containerEntry>/Assets/tpp/environ/object/afghanistan/cliff/afgh_clff027/scenes/afgh_clff027_vrtn003.geom</containerEntry>
        </property>
        <property name="isVisibleGeom" type="Bool" container="StaticArray" arraySize="1">
          <containerEntry>false</containerEntry>
        </property>
        <property name="lodFarSize" type="Float" container="StaticArray" arraySize="1">
          <containerEntry>-1</containerEntry>
        </property>
        <property name="lodNearSize" type="Float" container="StaticArray" arraySize="1">
          <containerEntry>-1</containerEntry>
        </property>
        <property name="lodPolygonSize" type="Float" container="StaticArray" arraySize="1">
          <containerEntry>-1</containerEntry>
        </property>
        <property name="drawRejectionLevel" type="Int32" container="StaticArray" arraySize="1">
          <containerEntry>8</containerEntry>
        </property>
        <property name="drawMode" type="Int32" container="StaticArray" arraySize="1">
          <containerEntry>0</containerEntry>
        </property>
        <property name="rejectFarRangeShadowCast" type="Int32" container="StaticArray" arraySize="1">
          <containerEntry>2</containerEntry>
        </property>
