<fox formatVersion="2" fileVersion="0">
  <entities>
    <entity class="DataSet" classVersion="0" classID="0xE8" addr="0x2F53570" id="0x2E19C">
      <staticProperties>
        <property name="name" type="String" container="StaticArray" arraySize="1">
          <containerEntry hash="0xB8A0BF169F98"></containerEntry>
        </property>
        <property name="dataSet" type="EntityHandle" container="StaticArray" arraySize="1">
          <containerEntry>0x0</containerEntry>
        </property>
        <property name="dataList" type="EntityPtr" container="StringMap" arraySize="10">
          <containerEntry key="afgh_clff007_0003">
            <data>0x2D74FB0</data>
          </containerEntry>
          <containerEntry key="afgh_rock010_0007">
            <data>0x2D767C0</data>
          </containerEntry>
          <containerEntry key="StaticModelArray0000">
            <data>0x2D7AB20</data>
          </containerEntry>
          <containerEntry key="StaticModelArray0001">
            <data>0x2D7AE30</data>
          </containerEntry>
          <containerEntry key="StaticModelArray0002">
            <data>0x2D7AEA0</data>
          </containerEntry>
          <containerEntry key="StaticModelArray0003">
            <data>0x2D7AF10</data>
          </containerEntry>
          <containerEntry key="StaticModelArray0004">
            <data>0x2D7AF80</data>
          </containerEntry>
          <containerEntry key="StaticModelArray0005">
            <data>0x2D7AAB0</data>
          </containerEntry>
          <containerEntry key="StaticModelArray0006">
            <data>0x2D7AC00</data>
          </containerEntry>
          <containerEntry key="TexturePackLoadConditioner0000">
            <data>0x2D7B450</data>
          </containerEntry>
        </property>
      </staticProperties>
      <dynamicProperties></dynamicProperties>
    </entity>
    <entity class="StaticModel" classVersion="9" classID="0x160" addr="0x2D74FB0" id="0x2E25C">
      <staticProperties>
        <property name="name" type="String" container="StaticArray" arraySize="1">
          <containerEntry>afgh_clff007_0003</containerEntry>
        </property>
        <property name="dataSet" type="EntityHandle" container="StaticArray" arraySize="1">
          <containerEntry>0x2F53570</containerEntry>
        </property>
        <property name="parent" type="EntityHandle" container="StaticArray" arraySize="1">
          <containerEntry>0x0</containerEntry>
        </property>
        <property name="transform" type="EntityPtr" container="StaticArray" arraySize="1">
          <containerEntry>0x2D75020</containerEntry>
        </property>
        <property name="shearTransform" type="EntityPtr" container="StaticArray" arraySize="1">
          <containerEntry>0x0</containerEntry>
        </property>
        <property name="pivotTransform" type="EntityPtr" container="StaticArray" arraySize="1">
          <containerEntry>0x0</containerEntry>
        </property>
        <property name="children" type="EntityHandle" container="List"></property>
        <property name="flags" type="UInt32" container="StaticArray" arraySize="1">
          <containerEntry>3221225479</containerEntry>
        </property>
        <property name="modelFile" type="FilePtr" container="StaticArray" arraySize="1">
          <containerEntry>/Assets/tpp/environ/object/afghanistan/cliff/afgh_clff007/scenes/afgh_clff007.fmdl</containerEntry>
        </property>
        <property name="geomFile" type="FilePtr" container="StaticArray" arraySize="1">
          <containerEntry>/Assets/tpp/environ/object/afghanistan/cliff/afgh_clff007/scenes/afgh_clff007.geom</containerEntry>
        </property>
        <property name="isVisibleGeom" type="Bool" container="StaticArray" arraySize="1">
          <containerEntry>false</containerEntry>
        </property>
        <property name="isIsolated" type="Bool" container="StaticArray" arraySize="1">
          <containerEntry>false</containerEntry>
        </property>
        <property name="lodFarSize" type="Float" container="StaticArray" arraySize="1">
          <containerEntry>-1</containerEntry>
        </property>
        <property name="lodNearSize" type="Float" container="StaticArray" arraySize="1">
          <containerEntry>-1</containerEntry>
        </property>
        <property name="lodPolygonSize" type="Float" container="StaticArray" arraySize="1">
          <containerEntry>-1</containerEntry>
        </property>
        <property name="color" type="Color" container="StaticArray" arraySize="1">
          <containerEntry r="1" g="1" b="1" a="1"></containerEntry>
        </property>
        <property name="drawRejectionLevel" type="Int32" container="StaticArray" arraySize="1">
          <containerEntry>8</containerEntry>
        </property>
        <property name="drawMode" type="Int32" container="StaticArray" arraySize="1">
          <containerEntry>0</containerEntry>
        </property>
        <property name="rejectFarRangeShadowCast" type="Int32" container="StaticArray" arraySize="1">
          <containerEntry>2</containerEntry>
        </property>
      </staticProperties>
      <dynamicProperties></dynamicProperties>
    </entity>
    <entity class="TransformEntity" classVersion="0" classID="0x50" addr="0x2D75020" id="0x2E25F">
      <staticProperties>
        <property name="owner" type="EntityHandle" container="StaticArray" arraySize="1">
          <containerEntry>0x2D74FB0</containerEntry>
        </property>
        <property name="transform_scale" type="Vector3" container="StaticArray" arraySize="1">
          <containerEntry x="1" y="1" z="1" w="0"></containerEntry>
        </property>
        <property name="transform_rotation_quat" type="Quat" container="StaticArray" arraySize="1">
          <containerEntry x="-0.017311" y="0.889157" z="-0.010376" w="-0.457153"></containerEntry>
        </property>
        <property name="transform_translation" type="Vector3" container="StaticArray" arraySize="1">
          <containerEntry x="1418.3427" y="497.9547" z="-1320.5688" w="0"></containerEntry>
        </property>
      </staticProperties>
      <dynamicProperties></dynamicProperties>
    </entity>
    <entity class="StaticModel" classVersion="9" classID="0x160" addr="0x2D767C0" id="0x2E2DB">
      <staticProperties>
        <property name="name" type="String" container="StaticArray" arraySize="1">
          <containerEntry>afgh_rock010_0007</containerEntry>
        </property>
        <property name="dataSet" type="EntityHandle" container="StaticArray" arraySize="1">
          <containerEntry>0x2F53570</containerEntry>
        </property>
        <property name="parent" type="EntityHandle" container="StaticArray" arraySize="1">
          <containerEntry>0x0</containerEntry>
        </property>
        <property name="transform" type="EntityPtr" container="StaticArray" arraySize="1">
          <containerEntry>0x2D76830</containerEntry>
        </property>
        <property name="shearTransform" type="EntityPtr" container="StaticArray" arraySize="1">
          <containerEntry>0x0</containerEntry>
        </property>
        <property name="pivotTransform" type="EntityPtr" container="StaticArray" arraySize="1">
          <containerEntry>0x0</containerEntry>
        </property>
        <property name="children" type="EntityHandle" container="List"></property>
        <property name="flags" type="UInt32" container="StaticArray" arraySize="1">
          <containerEntry>7</containerEntry>
        </property>
        <property name="modelFile" type="FilePtr" container="StaticArray" arraySize="1">
          <containerEntry>/Assets/tpp/environ/object/afghanistan/rock/afgh_rock010/scenes/afgh_rock010.fmdl</containerEntry>
        </property>
        <property name="geomFile" type="FilePtr" container="StaticArray" arraySize="1">
          <containerEntry>/Assets/tpp/environ/object/afghanistan/rock/afgh_rock010/scenes/afgh_rock010.geom</containerEntry>
        </property>
        <property name="isVisibleGeom" type="Bool" container="StaticArray" arraySize="1">
          <containerEntry>false</containerEntry>
        </property>
        <property name="isIsolated" type="Bool" container="StaticArray" arraySize="1">
          <containerEntry>false</containerEntry>
        </property>
        <property name="lodFarSize" type="Float" container="StaticArray" arraySize="1">
          <containerEntry>-1</containerEntry>
        </property>
        <property name="lodNearSize" type="Float" container="StaticArray" arraySize="1">
          <containerEntry>-1</containerEntry>
        </property>
        <property name="lodPolygonSize" type="Float" container="StaticArray" arraySize="1">
          <containerEntry>-1</containerEntry>
        </property>
        <property name="color" type="Color" container="StaticArray" arraySize="1">
          <containerEntry r="1" g="1" b="1" a="1"></containerEntry>
        </property>
        <property name="drawRejectionLevel" type="Int32" container="StaticArray" arraySize="1">
          <containerEntry>8</containerEntry>
        </property>
        <property name="drawMode" type="Int32" container="StaticArray" arraySize="1">
          <containerEntry>0</containerEntry>
        </property>
        <property name="rejectFarRangeShadowCast" type="Int32" container="StaticArray" arraySize="1">
          <containerEntry>2</containerEntry>
        </property>
      </staticProperties>
      <dynamicProperties></dynamicProperties>
    </entity>
    <entity class="TransformEntity" classVersion="0" classID="0x50" addr="0x2D76830" id="0x2E2DE">
      <staticProperties>
        <property name="owner" type="EntityHandle" container="StaticArray" arraySize="1">
          <containerEntry>0x2D767C0</containerEntry>
        </property>
        <property name="transform_scale" type="Vector3" container="StaticArray" arraySize="1">
          <containerEntry x="1" y="1" z="1" w="0"></containerEntry>
        </property>
        <property name="transform_rotation_quat" type="Quat" container="StaticArray" arraySize="1">
          <containerEntry x="-0.026781" y="-0.134252" z="-0.075856" w="-0.987675"></containerEntry>
        </property>
        <property name="transform_translation" type="Vector3" container="StaticArray" arraySize="1">
          <containerEntry x="1153.6138" y="478.95425" z="-1398.3105" w="0"></containerEntry>
        </property>
      </staticProperties>
      <dynamicProperties></dynamicProperties>
    </entity>
    <entity class="StaticModelArray" classVersion="4" classID="0xD0" addr="0x2D7AB20" id="0x0">
      <staticProperties>
        <property name="name" type="String" container="StaticArray" arraySize="1">
          <containerEntry>StaticModelArray0000</containerEntry>
        </property>
        <property name="dataSet" type="EntityHandle" container="StaticArray" arraySize="1">
          <containerEntry>0x2F53570</containerEntry>
        </property>
        <property name="modelFile" type="FilePtr" container="StaticArray" arraySize="1">
          <containerEntry>/Assets/tpp/environ/object/afghanistan/cliff/afgh_clff037/scenes/afgh_clff037_vrtn002_gen8.fmdl</containerEntry>
        </property>
        <property name="geomFile" type="FilePtr" container="StaticArray" arraySize="1">
          <containerEntry>/Assets/tpp/environ/object/afghanistan/cliff/afgh_clff037/scenes/afgh_clff037_vrtn002_gen8.geom</containerEntry>
        </property>
        <property name="isVisibleGeom" type="Bool" container="StaticArray" arraySize="1">
          <containerEntry>false</containerEntry>
        </property>
        <property name="lodFarSize" type="Float" container="StaticArray" arraySize="1">
          <containerEntry>-1</containerEntry>
        </property>
        <property name="lodNearSize" type="Float" container="StaticArray" arraySize="1">
          <containerEntry>-1</containerEntry>
        </property>
        <property name="lodPolygonSize" type="Float" container="StaticArray" arraySize="1">
          <containerEntry>-1</containerEntry>
        </property>
        <property name="drawRejectionLevel" type="Int32" container="StaticArray" arraySize="1">
          <containerEntry>8</containerEntry>
        </property>
        <property name="drawMode" type="Int32" container="StaticArray" arraySize="1">
          <containerEntry>0</containerEntry>
        </property>
        <property name="rejectFarRangeShadowCast" type="Int32" container="StaticArray" arraySize="1">
          <containerEntry>2</containerEntry>
        </property>
        <property name="parentLocator" type="EntityLink" container="StaticArray" arraySize="1">
          <containerEntry packagePathHash="0xB8A0BF169F98" archivePathHash="0xB8A0BF169F98" nameInArchiveHash="0xB8A0BF169F98">0x0</containerEntry>
        </property>
        <property name="transforms" type="Matrix4" container="DynamicArray" arraySize="2">
          <containerEntry r11="0.8623481" r12="-0.14103104" r13="0.48627743" r14="0" r21="0.21269076" r22="0.97247684" r23="-0.09513906" r24="0" r31="-0.45947596" r32="0.18546978" r33="0.86860955" r34="0" r41="1417.8928" r42="508.66113" r43="-1392.1256" r44="1"></containerEntry>
          <containerEntry r11="-0.25666234" r12="0.14955029" r13="0.95485944" r14="0" r21="0.21269125" r22="0.9724768" r23="-0.09513858" r24="0" r31="-0.94280654" r32="0.17867184" r33="-0.28140616" r34="0" r41="1455.5759" r42="507.13272" r43="-1403.3" r44="1"></containerEntry>
        </property>
        <property name="colors" type="UInt32" container="DynamicArray" arraySize="2">
          <containerEntry>4294967295</containerEntry>
          <containerEntry>4294967295</containerEntry>
        </property>
      </staticProperties>
      <dynamicProperties></dynamicProperties>
    </entity>
    <entity class="StaticModelArray" classVersion="4" classID="0xD0" addr="0x2D7AE30" id="0x0">
      <staticProperties>
        <property name="name" type="String" container="StaticArray" arraySize="1">
          <containerEntry>StaticModelArray0001</containerEntry>
        </property>
        <property name="dataSet" type="EntityHandle" container="StaticArray" arraySize="1">
          <containerEntry>0x2F53570</containerEntry>
        </property>
        <property name="modelFile" type="FilePtr" container="StaticArray" arraySize="1">
          <containerEntry>/Assets/tpp/environ/object/afghanistan/cliff/afgh_clff036/scenes/afgh_clff036_vrtn002_gen8.fmdl</containerEntry>
        </property>
        <property name="geomFile" type="FilePtr" container="StaticArray" arraySize="1">
          <containerEntry>/Assets/tpp/environ/object/afghanistan/cliff/afgh_clff036/scenes/afgh_clff036_vrtn002_gen8.geom</containerEntry>
        </property>
        <property name="isVisibleGeom" type="Bool" container="StaticArray" arraySize="1">
          <containerEntry>false</containerEntry>
        </property>
        <property name="lodFarSize" type="Float" container="StaticArray" arraySize="1">
          <containerEntry>-1</containerEntry>
        </property>
        <property name="lodNearSize" type="Float" container="StaticArray" arraySize="1">
          <containerEntry>-1</containerEntry>
        </property>
        <property name="lodPolygonSize" type="Float" container="StaticArray" arraySize="1">
          <containerEntry>-1</containerEntry>
        </property>
        <property name="drawRejectionLevel" type="Int32" container="StaticArray" arraySize="1">
          <containerEntry>8</containerEntry>
        </property>
        <property name="drawMode" type="Int32" container="StaticArray" arraySize="1">
          <containerEntry>0</containerEntry>
        </property>
        <property name="rejectFarRangeShadowCast" type="Int32" container="StaticArray" arraySize="1">
          <containerEntry>2</containerEntry>
        </property>
        <property name="parentLocator" type="EntityLink" container="StaticArray" arraySize="1">
          <containerEntry packagePathHash="0xB8A0BF169F98" archivePathHash="0xB8A0BF169F98" nameInArchiveHash="0xB8A0BF169F98">0x0</containerEntry>
        </property>
        <property name="transforms" type="Matrix4" container="DynamicArray" arraySize="3">
          <containerEntry r11="0.93845475" r12="-0.05136195" r13="-0.34156197" r14="0" r21="0.0073035415" r22="0.9916118" r23="-0.12904549" r24="0" r31="0.34532493" r32="0.11860872" r33="0.93095785" r34="0" r41="1427.3793" r42="515.0302" r43="-1371.5267" r44="1"></containerEntry>
          <containerEntry r11="0.92473567" r12="-0.103496484" r13="-0.36626813" r14="0" r21="0.14501226" r22="0.9855412" r23="0.087635025" r24="0" r31="0.3519024" r32="-0.13415264" r33="0.92637336" r34="0" r41="1459.5602" r42="511.43182" r43="-1386.8411" r44="1"></containerEntry>
          <containerEntry r11="0.9797083" r12="-0.1938161" r13="-0.0510575" r14="0" r21="0.18509966" r22="0.97263706" r23="-0.14041066" r24="0" r31="0.0768743" r32="0.12811074" r33="0.98877597" r34="0" r41="1495.442" r42="505.93503" r43="-1403.5045" r44="1"></containerEntry>
        </property>
        <property name="colors" type="UInt32" container="DynamicArray" arraySize="3">
          <containerEntry>4294967295</containerEntry>
          <containerEntry>4294967295</containerEntry>
          <containerEntry>4294967295</containerEntry>
        </property>
      </staticProperties>
      <dynamicProperties></dynamicProperties>
    </entity>
    <entity class="StaticModelArray" classVersion="4" classID="0xD0" addr="0x2D7AEA0" id="0x0">
      <staticProperties>
        <property name="name" type="String" container="StaticArray" arraySize="1">
          <containerEntry>StaticModelArray0002</containerEntry>
        </property>
        <property name="dataSet" type="EntityHandle" container="StaticArray" arraySize="1">
          <containerEntry>0x2F53570</containerEntry>
        </property>
        <property name="modelFile" type="FilePtr" container="StaticArray" arraySize="1">
          <containerEntry>/Assets/tpp/environ/object/afghanistan/rock/afgh_rock010/scenes/afgh_rock010_vrtn001.fmdl</containerEntry>
        </property>
        <property name="geomFile" type="FilePtr" container="StaticArray" arraySize="1">
          <containerEntry>/Assets/tpp/environ/object/afghanistan/rock/afgh_rock010/scenes/afgh_rock010_vrtn001.geom</containerEntry>
        </property>
        <property name="isVisibleGeom" type="Bool" container="StaticArray" arraySize="1">
          <containerEntry>false</containerEntry>
        </property>
        <property name="lodFarSize" type="Float" container="StaticArray" arraySize="1">
          <containerEntry>-1</containerEntry>
        </property>
        <property name="lodNearSize" type="Float" container="StaticArray" arraySize="1">
          <containerEntry>-1</containerEntry>
        </property>
        <property name="lodPolygonSize" type="Float" container="StaticArray" arraySize="1">
          <containerEntry>-1</containerEntry>
        </property>
        <property name="drawRejectionLevel" type="Int32" container="StaticArray" arraySize="1">
          <containerEntry>8</containerEntry>
        </property>
        <property name="drawMode" type="Int32" container="StaticArray" arraySize="1">
          <containerEntry>0</containerEntry>
        </property>
        <property name="rejectFarRangeShadowCast" type="Int32" container="StaticArray" arraySize="1">
          <containerEntry>2</containerEntry>
        </property>
        <property name="parentLocator" type="EntityLink" container="StaticArray" arraySize="1">
          <containerEntry packagePathHash="0xB8A0BF169F98" archivePathHash="0xB8A0BF169F98" nameInArchiveHash="0xB8A0BF169F98">0x0</containerEntry>
        </property>
        <property name="transforms" type="Matrix4" container="DynamicArray" arraySize="12">
          <containerEntry r11="0.82317615" r12="-0.04495962" r13="0.56600964" r14="0" r21="-0.036041755" r22="0.99071217" r23="0.13111186" r24="0" r31="-0.5666468" r32="-0.128328" r33="0.81390935" r34="0" r41="1461.5172" r42="481.3764" r43="-1311.5919" r44="1"></containerEntry>
          <containerEntry r11="0.957327" r12="0.21426472" r13="0.1939679" r14="0" r21="-0.22313523" r22="0.97447085" r23="0.024842532" r24="0" r31="-0.18369298" r32="-0.067063466" r33="0.9806963" r34="0" r41="1471.8679" r42="477.46408" r43="-1331.8232" r44="1"></containerEntry>
          <containerEntry r11="0.074000075" r12="0.81425285" r13="0.5757806" r14="0" r21="0.14480698" r22="0.5624694" r23="-0.81403846" r24="0" r31="-0.9866913" r32="0.14361544" r33="-0.07628649" r34="0" r41="1517.4188" r42="474.88077" r43="-1366.8832" r44="1"></containerEntry>
          <containerEntry r11="0.15736006" r12="0.44143713" r13="0.88338965" r14="0" r21="-0.885887" r22="-0.33219296" r23="0.32380396" r24="0" r31="0.43639594" r32="-0.8335369" r33="0.33879086" r34="0" r41="1517.4188" r42="467.59503" r43="-1320.0703" r44="1"></containerEntry>
          <containerEntry r11="0.071809225" r12="0.8833941" r13="0.4631032" r14="0" r21="-0.7163919" r22="0.36873502" r23="-0.59229714" r24="0" r31="-0.6939937" r32="-0.28923157" r33="0.65933543" r34="0" r41="1488.4589" r42="476.57312" r43="-1353.1875" r44="1"></containerEntry>
          <containerEntry r11="0.24430808" r12="-0.11848225" r13="0.9624352" r14="0" r21="-0.03604147" r22="0.99071217" r23="0.13111201" r24="0" r31="-0.96902966" r32="-0.06671914" r33="0.23776847" r34="0" r41="1454.605" r42="497.3255" r43="-1345.6788" r44="1"></containerEntry>
          <containerEntry r11="0.8269159" r12="-0.26424918" r13="0.49637672" r14="0" r21="-0.1825082" r22="0.7088105" r23="0.681379" r24="0" r31="-0.5318904" r32="-0.6540352" r33="0.5378985" r34="0" r41="1429.7823" r42="495.3291" r43="-1339.995" r44="1"></containerEntry>
          <containerEntry r11="0.3900835" r12="-0.058376446" r13="0.918931" r14="0" r21="-0.12267053" r22="0.98579735" r23="0.11469735" r24="0" r31="-0.9125744" r32="-0.15746716" r33="0.3773818" r34="0" r41="1493.951" r42="481.60086" r43="-1371.2739" r44="1"></containerEntry>
          <containerEntry r11="0.6499169" r12="0.40680137" r13="0.64197123" r14="0" r21="0.26402414" r22="-0.91292465" r23="0.31120843" r24="0" r31="0.7126739" r32="-0.032762997" r33="-0.7007285" r34="0" r41="1533.8398" r42="467.3702" r43="-1325.609" r44="1"></containerEntry>
          <containerEntry r11="-0.4980654" r12="-0.34530222" r13="-0.7954244" r14="0" r21="-0.085127294" r22="0.932335" r23="-0.35143206" r24="0" r31="0.8629515" r32="-0.107324526" r33="-0.4937578" r34="0" r41="1470.0232" r42="511.67676" r43="-1406.2396" r44="1"></containerEntry>
          <containerEntry r11="0.9541468" r12="-0.00065591454" r13="0.29935178" r14="0" r21="-0.07016485" r22="0.9716504" r23="0.22577047" r24="0" r31="-0.29101303" r32="-0.2364219" r33="0.92705005" r34="0" r41="1506.73" r42="467.46136" r43="-1287.337" r44="1"></containerEntry>
          <containerEntry r11="-0.15742795" r12="-0.98672444" r13="0.039950367" r14="0" r21="0.8509842" r22="-0.115023434" r23="0.5124376" r24="0" r31="-0.50103956" r32="0.114669934" r33="0.857797" r34="0" r41="1498.2814" r42="467.2885" r43="-1301.0088" r44="1"></containerEntry>
        </property>
        <property name="colors" type="UInt32" container="DynamicArray" arraySize="12">
          <containerEntry>4294967295</containerEntry>
          <containerEntry>4294967295</containerEntry>
          <containerEntry>4294967295</containerEntry>
          <containerEntry>4294967295</containerEntry>
          <containerEntry>4294967295</containerEntry>
          <containerEntry>4294967295</containerEntry>
          <containerEntry>4294967295</containerEntry>
          <containerEntry>4294967295</containerEntry>
          <containerEntry>4294967295</containerEntry>
          <containerEntry>4294967295</containerEntry>
          <containerEntry>4294967295</containerEntry>
          <containerEntry>4294967295</containerEntry>
        </property>
      </staticProperties>
      <dynamicProperties></dynamicProperties>
    </entity>
    <entity class="StaticModelArray" classVersion="4" classID="0xD0" addr="0x2D7AF10" id="0x0">
      <staticProperties>
        <property name="name" type="String" container="StaticArray" arraySize="1">
          <containerEntry>StaticModelArray0003</containerEntry>
        </property>
        <property name="dataSet" type="EntityHandle" container="StaticArray" arraySize="1">
          <containerEntry>0x2F53570</containerEntry>
        </property>
        <property name="modelFile" type="FilePtr" container="StaticArray" arraySize="1">
          <containerEntry>/Assets/tpp/environ/object/afghanistan/rock/afgh_rock011/scenes/afgh_rock011.fmdl</containerEntry>
        </property>
        <property name="geomFile" type="FilePtr" container="StaticArray" arraySize="1">
          <containerEntry>/Assets/tpp/environ/object/afghanistan/rock/afgh_rock011/scenes/afgh_rock011.geom</containerEntry>
        </property>
        <property name="isVisibleGeom" type="Bool" container="StaticArray" arraySize="1">
          <containerEntry>false</containerEntry>
        </property>
        <property name="lodFarSize" type="Float" container="StaticArray" arraySize="1">
          <containerEntry>-1</containerEntry>
        </property>
        <property name="lodNearSize" type="Float" container="StaticArray" arraySize="1">
          <containerEntry>-1</containerEntry>
        </property>
        <property name="lodPolygonSize" type="Float" container="StaticArray" arraySize="1">
          <containerEntry>-1</containerEntry>
        </property>
        <property name="drawRejectionLevel" type="Int32" container="StaticArray" arraySize="1">
          <containerEntry>8</containerEntry>
        </property>
        <property name="drawMode" type="Int32" container="StaticArray" arraySize="1">
          <containerEntry>0</containerEntry>
        </property>
        <property name="rejectFarRangeShadowCast" type="Int32" container="StaticArray" arraySize="1">
          <containerEntry>2</containerEntry>
        </property>
        <property name="parentLocator" type="EntityLink" container="StaticArray" arraySize="1">
          <containerEntry packagePathHash="0xB8A0BF169F98" archivePathHash="0xB8A0BF169F98" nameInArchiveHash="0xB8A0BF169F98">0x0</containerEntry>
        </property>
        <property name="transforms" type="Matrix4" container="DynamicArray" arraySize="2">
          <containerEntry r11="0.30430573" r12="-0.28089267" r13="0.91021955" r14="0" r21="0.20737608" r22="0.9521522" r23="0.2245029" r24="0" r31="-0.92972875" r32="0.12043966" r33="0.34799564" r34="0" r41="1504.6135" r42="476.87634" r43="-1358.3451" r44="1"></containerEntry>
          <containerEntry r11="0.111874245" r12="-0.25107002" r13="0.9614837" r14="0" r21="0.11234074" r22="0.9645489" r23="0.23879918" r24="0" r31="-0.9873533" r32="0.081297785" r33="0.13611346" r34="0" r41="1517.6077" r42="465.21558" r43="-1299.7477" r44="1"></containerEntry>
        </property>
        <property name="colors" type="UInt32" container="DynamicArray" arraySize="2">
          <containerEntry>4294967295</containerEntry>
          <containerEntry>4294967295</containerEntry>
        </property>
      </staticProperties>
      <dynamicProperties></dynamicProperties>
    </entity>
    <entity class="StaticModelArray" classVersion="4" classID="0xD0" addr="0x2D7AF80" id="0x0">
      <staticProperties>
        <property name="name" type="String" container="StaticArray" arraySize="1">
          <containerEntry>StaticModelArray0004</containerEntry>
        </property>
        <property name="dataSet" type="EntityHandle" container="StaticArray" arraySize="1">
          <containerEntry>0x2F53570</containerEntry>
        </property>
        <property name="modelFile" type="FilePtr" container="StaticArray" arraySize="1">
          <containerEntry>/Assets/tpp/environ/object/afghanistan/cliff/afgh_clff035/scenes/afgh_clff035_vrtn002_gen8.fmdl</containerEntry>
        </property>
        <property name="geomFile" type="FilePtr" container="StaticArray" arraySize="1">
          <containerEntry>/Assets/tpp/environ/object/afghanistan/cliff/afgh_clff035/scenes/afgh_clff035_vrtn002_gen8.geom</containerEntry>
        </property>
        <property name="isVisibleGeom" type="Bool" container="StaticArray" arraySize="1">
          <containerEntry>false</containerEntry>
        </property>
        <property name="lodFarSize" type="Float" container="StaticArray" arraySize="1">
          <containerEntry>-1</containerEntry>
        </property>
        <property name="lodNearSize" type="Float" container="StaticArray" arraySize="1">
          <containerEntry>-1</containerEntry>
        </property>
        <property name="lodPolygonSize" type="Float" container="StaticArray" arraySize="1">
          <containerEntry>-1</containerEntry>
        </property>
        <property name="drawRejectionLevel" type="Int32" container="StaticArray" arraySize="1">
          <containerEntry>8</containerEntry>
        </property>
        <property name="drawMode" type="Int32" container="StaticArray" arraySize="1">
          <containerEntry>0</containerEntry>
        </property>
        <property name="rejectFarRangeShadowCast" type="Int32" container="StaticArray" arraySize="1">
          <containerEntry>2</containerEntry>
        </property>
        <property name="parentLocator" type="EntityLink" container="StaticArray" arraySize="1">
          <containerEntry packagePathHash="0xB8A0BF169F98" archivePathHash="0xB8A0BF169F98" nameInArchiveHash="0xB8A0BF169F98">0x0</containerEntry>
        </property>
        <property name="transforms" type="Matrix4" container="DynamicArray" arraySize="6">
          <containerEntry r11="0.90560746" r12="0" r13="0.42411697" r14="0" r21="0" r22="1" r23="0" r24="0" r31="-0.42411697" r32="0" r33="0.90560746" r34="0" r41="1522.1246" r42="495.7324" r43="-1401.0402" r44="1"></containerEntry>
          <containerEntry r11="0.84415555" r12="-0.09165891" r13="-0.5282048" r14="0" r21="0.096294634" r22="0.99517536" r23="-0.018797714" r24="0" r31="0.5273794" r32="-0.034995046" r33="0.848909" r34="0" r41="1442.8962" r42="507.13678" r43="-1367.6586" r44="1"></containerEntry>
          <containerEntry r11="0.6985983" r12="-0.08102468" r13="-0.7109117" r14="0" r21="0.0962944" r22="0.9951754" r23="-0.01879651" r24="0" r31="0.7090048" r32="-0.055325598" r33="0.7030301" r34="0" r41="1452.4453" r42="496.50458" r43="-1341.1306" r44="1"></containerEntry>
          <containerEntry r11="0.986432" r12="0.03909818" r13="-0.15944636" r14="0" r21="-0.036952756" r22="0.9991824" r23="0.016399449" r24="0" r31="0.1599572" r32="-0.010284951" r33="0.9870703" r34="0" r41="1408.4153" r42="500.0203" r43="-1297.1177" r44="1"></containerEntry>
          <containerEntry r11="0.31186545" r12="-0.097431265" r13="-0.94511706" r14="0" r21="0.11558432" r22="0.9912308" r23="-0.0640451" r24="0" r31="0.94306916" r32="-0.08926734" r33="0.3203922" r34="0" r41="1483.353" r42="481.13745" r43="-1289.1738" r44="1"></containerEntry>
          <containerEntry r11="0.55296046" r12="-0.0691879" r13="-0.83032966" r14="0" r21="-0.23109546" r22="0.9447137" r23="-0.23261756" r24="0" r31="0.80051804" r32="0.32051378" r33="0.5064003" r34="0" r41="1440.6893" r42="491.06927" r43="-1306.6368" r44="1"></containerEntry>
        </property>
        <property name="colors" type="UInt32" container="DynamicArray" arraySize="6">
          <containerEntry>4294967295</containerEntry>
          <containerEntry>4294967295</containerEntry>
          <containerEntry>4294967295</containerEntry>
          <containerEntry>4294967295</containerEntry>
          <containerEntry>4294967295</containerEntry>
          <containerEntry>4294967295</containerEntry>
        </property>
      </staticProperties>
      <dynamicProperties></dynamicProperties>
    </entity>
    <entity class="StaticModelArray" classVersion="4" classID="0xD0" addr="0x2D7AAB0" id="0x0">
      <staticProperties>
        <property name="name" type="String" container="StaticArray" arraySize="1">
          <containerEntry>StaticModelArray0005</containerEntry>
        </property>
        <property name="dataSet" type="EntityHandle" container="StaticArray" arraySize="1">
          <containerEntry>0x2F53570</containerEntry>
        </property>
        <property name="modelFile" type="FilePtr" container="StaticArray" arraySize="1">
          <containerEntry>/Assets/tpp/environ/object/afghanistan/rock/afgh_rock009/scenes/afgh_rock009_rock001.fmdl</containerEntry>
        </property>
        <property name="geomFile" type="FilePtr" container="StaticArray" arraySize="1">
          <containerEntry>/Assets/tpp/environ/object/afghanistan/rock/afgh_rock009/scenes/afgh_rock009_rock001.geom</containerEntry>
        </property>
        <property name="isVisibleGeom" type="Bool" container="StaticArray" arraySize="1">
          <containerEntry>false</containerEntry>
        </property>
        <property name="lodFarSize" type="Float" container="StaticArray" arraySize="1">
          <containerEntry>-1</containerEntry>
        </property>
        <property name="lodNearSize" type="Float" container="StaticArray" arraySize="1">
          <containerEntry>-1</containerEntry>
        </property>
        <property name="lodPolygonSize" type="Float" container="StaticArray" arraySize="1">
          <containerEntry>-1</containerEntry>
        </property>
        <property name="drawRejectionLevel" type="Int32" container="StaticArray" arraySize="1">
          <containerEntry>8</containerEntry>
        </property>
        <property name="drawMode" type="Int32" container="StaticArray" arraySize="1">
          <containerEntry>0</containerEntry>
        </property>
        <property name="rejectFarRangeShadowCast" type="Int32" container="StaticArray" arraySize="1">
          <containerEntry>2</containerEntry>
        </property>
        <property name="parentLocator" type="EntityLink" container="StaticArray" arraySize="1">
          <containerEntry packagePathHash="0xB8A0BF169F98" archivePathHash="0xB8A0BF169F98" nameInArchiveHash="0xB8A0BF169F98">0x0</containerEntry>
        </property>
        <property name="transforms" type="Matrix4" container="DynamicArray" arraySize="9">
          <containerEntry r11="0.88711536" r12="0.39170665" r13="0.24411476" r14="0" r21="-0.43600762" r22="0.884718" r23="0.1648369" r24="0" r31="-0.15140492" r32="-0.25266534" r33="0.9556342" r34="0" r41="1455.9373" r42="482.2111" r43="-1290.6017" r44="1"></containerEntry>
          <containerEntry r11="0.82729274" r12="-0.40447235" r13="0.38985723" r14="0" r21="0.13921279" r22="0.81994045" r23="0.5552633" r24="0" r31="-0.5442484" r32="-0.40509206" r33="0.7346385" r34="0" r41="1505.1448" r42="482.27087" r43="-1370.2897" r44="1"></containerEntry>
          <containerEntry r11="0.8371535" r12="-0.5328643" r13="-0.12340823" r14="0" r21="0.21036176" r22="0.105395734" r23="0.9719253" r24="0" r31="-0.50489783" r32="-0.839611" r33="0.20032677" r34="0" r41="1522.8569" r42="466.3336" r43="-1312.4149" r44="1"></containerEntry>
          <containerEntry r11="0.7114758" r12="0.24112236" r13="0.6600468" r14="0" r21="-0.4445173" r22="0.88190746" r23="0.1569821" r24="0" r31="-0.5442482" r32="-0.40509138" r33="0.7346389" r34="0" r41="1440.9957" r42="496.07162" r43="-1333.5005" r44="1"></containerEntry>
          <containerEntry r11="0.7114758" r12="0.24112236" r13="0.6600468" r14="0" r21="-0.4445173" r22="0.88190746" r23="0.1569821" r24="0" r31="-0.5442482" r32="-0.40509138" r33="0.7346389" r34="0" r41="1418.6115" r42="490.04297" r43="-1287.4508" r44="1"></containerEntry>
          <containerEntry r11="0.94401944" r12="-0.2816862" r13="0.17169738" r14="0" r21="-0.11814057" r22="0.1972757" r23="0.9732024" r24="0" r31="-0.3080096" r32="-0.9390064" r33="0.15295357" r34="0" r41="1454.2493" r42="486.81332" r43="-1325.978" r44="1"></containerEntry>
          <containerEntry r11="0.88711536" r12="0.39170665" r13="0.24411476" r14="0" r21="-0.43600762" r22="0.884718" r23="0.1648369" r24="0" r31="-0.15140492" r32="-0.25266534" r33="0.9556342" r34="0" r41="1518.9558" r42="472.71005" r43="-1329.4685" r44="1"></containerEntry>
          <containerEntry r11="0.7791014" r12="0.044346716" r13="0.6253268" r14="0" r21="-0.024884108" r22="0.99889636" r23="-0.039835963" r24="0" r31="-0.6264033" r32="0.0154755125" r33="0.77934504" r34="0" r41="1475.0745" r42="480.48633" r43="-1349.615" r44="1"></containerEntry>
          <containerEntry r11="0.6504134" r12="-0.5406734" r13="0.53351134" r14="0" r21="0.42962712" r22="0.84109014" r23="0.32861486" r24="0" r31="-0.62640446" r32="0.015475631" r33="0.7793444" r34="0" r41="1419.987" r42="500.51245" r43="-1302.5657" r44="1"></containerEntry>
        </property>
        <property name="colors" type="UInt32" container="DynamicArray" arraySize="9">
          <containerEntry>4294967295</containerEntry>
          <containerEntry>4294967295</containerEntry>
          <containerEntry>4294967295</containerEntry>
          <containerEntry>4294967295</containerEntry>
          <containerEntry>4294967295</containerEntry>
          <containerEntry>4294967295</containerEntry>
          <containerEntry>4294967295</containerEntry>
          <containerEntry>4294967295</containerEntry>
          <containerEntry>4294967295</containerEntry>
        </property>
      </staticProperties>
      <dynamicProperties></dynamicProperties>
    </entity>
    <entity class="StaticModelArray" classVersion="4" classID="0xD0" addr="0x2D7AC00" id="0x0">
      <staticProperties>
        <property name="name" type="String" container="StaticArray" arraySize="1">
          <containerEntry>StaticModelArray0006</containerEntry>
        </property>
        <property name="dataSet" type="EntityHandle" container="StaticArray" arraySize="1">
          <containerEntry>0x2F53570</containerEntry>
        </property>
        <property name="modelFile" type="FilePtr" container="StaticArray" arraySize="1">
          <containerEntry>/Assets/tpp/environ/object/afghanistan/cliff/afgh_clff035/scenes/afgh_clff035_vrtn001_gen8.fmdl</containerEntry>
        </property>
        <property name="geomFile" type="FilePtr" container="StaticArray" arraySize="1">
          <containerEntry>/Assets/tpp/environ/object/afghanistan/cliff/afgh_clff035/scenes/afgh_clff035_vrtn001_gen8.geom</containerEntry>
        </property>
        <property name="isVisibleGeom" type="Bool" container="StaticArray" arraySize="1">
          <containerEntry>false</containerEntry>
        </property>
        <property name="lodFarSize" type="Float" container="StaticArray" arraySize="1">
          <containerEntry>-1</containerEntry>
        </property>
        <property name="lodNearSize" type="Float" container="StaticArray" arraySize="1">
          <containerEntry>-1</containerEntry>
        </property>
        <property name="lodPolygonSize" type="Float" container="StaticArray" arraySize="1">
          <containerEntry>-1</containerEntry>
        </property>
        <property name="drawRejectionLevel" type="Int32" container="StaticArray" arraySize="1">
          <containerEntry>8</containerEntry>
        </property>
        <property name="drawMode" type="Int32" container="StaticArray" arraySize="1">
          <containerEntry>0</containerEntry>
        </property>
        <property name="rejectFarRangeShadowCast" type="Int32" container="StaticArray" arraySize="1">
          <containerEntry>2</containerEntry>
        </property>
        <property name="parentLocator" type="EntityLink" container="StaticArray" arraySize="1">
          <containerEntry packagePathHash="0xB8A0BF169F98" archivePathHash="0xB8A0BF169F98" nameInArchiveHash="0xB8A0BF169F98">0x0</containerEntry>
        </property>
        <property name="transforms" type="Matrix4" container="DynamicArray" arraySize="6">
