<fox formatVersion="2" fileVersion="0">
  <entities>
    <entity class="DataSet" classVersion="0" classID="0xE8" addr="0x3353650" id="0x3D5FCCA">
      <staticProperties>
        <property name="name" type="String" container="StaticArray" arraySize="1">
          <containerEntry hash="0xB8A0BF169F98"></containerEntry>
        </property>
        <property name="dataSet" type="EntityHandle" container="StaticArray" arraySize="1">
          <containerEntry>0x0</containerEntry>
        </property>
        <property name="dataList" type="EntityPtr" container="StringMap" arraySize="15">
          <containerEntry key="afgh_clff022_vrtn002_0007">
            <data>0x33535E0</data>
          </containerEntry>
          <containerEntry key="afgh_rock006_0000">
            <data>0x3352620</data>
          </containerEntry>
          <containerEntry key="afgh_clff022_vrtn003_0000">
            <data>0x3177A20</data>
          </containerEntry>
          <containerEntry key="StaticModelArray0000">
            <data>0x3350390</data>
          </containerEntry>
          <containerEntry key="StaticModelArray0001">
            <data>0x3350400</data>
          </containerEntry>
          <containerEntry key="StaticModelArray0002">
            <data>0x317FB30</data>
          </containerEntry>
          <containerEntry key="StaticModelArray0003">
            <data>0x3350160</data>
          </containerEntry>
          <containerEntry key="StaticModelArray0004">
            <data>0x317FBA0</data>
          </containerEntry>
          <containerEntry key="StaticModelArray0005">
            <data>0x317F970</data>
          </containerEntry>
          <containerEntry key="StaticModelArray0006">
            <data>0x3350240</data>
          </containerEntry>
          <containerEntry key="StaticModelArray0007">
            <data>0x3350080</data>
          </containerEntry>
          <containerEntry key="StaticModelArray0008">
            <data>0x317FE40</data>
          </containerEntry>
          <containerEntry key="StaticModelArray0009">
            <data>0x317D360</data>
          </containerEntry>
          <containerEntry key="StaticModelArray0010">
            <data>0x317F740</data>
          </containerEntry>
          <containerEntry key="TexturePackLoadConditioner0000">
            <data>0x3350780</data>
          </containerEntry>
        </property>
      </staticProperties>
      <dynamicProperties></dynamicProperties>
    </entity>
    <entity class="StaticModel" classVersion="9" classID="0x160" addr="0x33535E0" id="0x3D5FCCC">
      <staticProperties>
        <property name="name" type="String" container="StaticArray" arraySize="1">
          <containerEntry>afgh_clff022_vrtn002_0007</containerEntry>
        </property>
        <property name="dataSet" type="EntityHandle" container="StaticArray" arraySize="1">
          <containerEntry>0x3353650</containerEntry>
        </property>
        <property name="parent" type="EntityHandle" container="StaticArray" arraySize="1">
          <containerEntry>0x0</containerEntry>
        </property>
        <property name="transform" type="EntityPtr" container="StaticArray" arraySize="1">
          <containerEntry>0x3353570</containerEntry>
        </property>
        <property name="shearTransform" type="EntityPtr" container="StaticArray" arraySize="1">
          <containerEntry>0x0</containerEntry>
        </property>
        <property name="pivotTransform" type="EntityPtr" container="StaticArray" arraySize="1">
          <containerEntry>0x0</containerEntry>
        </property>
        <property name="children" type="EntityHandle" container="List"></property>
        <property name="flags" type="UInt32" container="StaticArray" arraySize="1">
          <containerEntry>3221225479</containerEntry>
        </property>
        <property name="modelFile" type="FilePtr" container="StaticArray" arraySize="1">
          <containerEntry>/Assets/tpp/environ/object/afghanistan/cliff/afgh_clff022/scenes/afgh_clff022_vrtn002.fmdl</containerEntry>
        </property>
        <property name="geomFile" type="FilePtr" container="StaticArray" arraySize="1">
          <containerEntry>/Assets/tpp/environ/object/afghanistan/cliff/afgh_clff022/scenes/afgh_clff022_vrtn002.geom</containerEntry>
        </property>
        <property name="isVisibleGeom" type="Bool" container="StaticArray" arraySize="1">
          <containerEntry>false</containerEntry>
        </property>
        <property name="isIsolated" type="Bool" container="StaticArray" arraySize="1">
          <containerEntry>false</containerEntry>
        </property>
        <property name="lodFarSize" type="Float" container="StaticArray" arraySize="1">
          <containerEntry>-1</containerEntry>
        </property>
        <property name="lodNearSize" type="Float" container="StaticArray" arraySize="1">
          <containerEntry>-1</containerEntry>
        </property>
        <property name="lodPolygonSize" type="Float" container="StaticArray" arraySize="1">
          <containerEntry>-1</containerEntry>
        </property>
        <property name="color" type="Color" container="StaticArray" arraySize="1">
          <containerEntry r="1" g="1" b="1" a="1"></containerEntry>
        </property>
        <property name="drawRejectionLevel" type="Int32" container="StaticArray" arraySize="1">
          <containerEntry>8</containerEntry>
        </property>
        <property name="drawMode" type="Int32" container="StaticArray" arraySize="1">
          <containerEntry>0</containerEntry>
        </property>
        <property name="rejectFarRangeShadowCast" type="Int32" container="StaticArray" arraySize="1">
          <containerEntry>2</containerEntry>
        </property>
      </staticProperties>
      <dynamicProperties></dynamicProperties>
    </entity>
    <entity class="TransformEntity" classVersion="0" classID="0x50" addr="0x3353570" id="0x3D5FCCF">
      <staticProperties>
        <property name="owner" type="EntityHandle" container="StaticArray" arraySize="1">
          <containerEntry>0x33535E0</containerEntry>
        </property>
        <property name="transform_scale" type="Vector3" container="StaticArray" arraySize="1">
          <containerEntry x="1" y="1" z="1" w="0"></containerEntry>
        </property>
        <property name="transform_rotation_quat" type="Quat" container="StaticArray" arraySize="1">
          <containerEntry x="0.001668" y="0.820123" z="-0.00057" w="-0.572185"></containerEntry>
        </property>
        <property name="transform_translation" type="Vector3" container="StaticArray" arraySize="1">
          <containerEntry x="1231.8594" y="362.11942" z="491.42026" w="0"></containerEntry>
        </property>
      </staticProperties>
      <dynamicProperties></dynamicProperties>
    </entity>
    <entity class="StaticModel" classVersion="9" classID="0x160" addr="0x3352620" id="0x3D5FD1D">
      <staticProperties>
        <property name="name" type="String" container="StaticArray" arraySize="1">
          <containerEntry>afgh_rock006_0000</containerEntry>
        </property>
        <property name="dataSet" type="EntityHandle" container="StaticArray" arraySize="1">
          <containerEntry>0x3353650</containerEntry>
        </property>
        <property name="parent" type="EntityHandle" container="StaticArray" arraySize="1">
          <containerEntry>0x0</containerEntry>
        </property>
        <property name="transform" type="EntityPtr" container="StaticArray" arraySize="1">
          <containerEntry>0x33525B0</containerEntry>
        </property>
        <property name="shearTransform" type="EntityPtr" container="StaticArray" arraySize="1">
          <containerEntry>0x0</containerEntry>
        </property>
        <property name="pivotTransform" type="EntityPtr" container="StaticArray" arraySize="1">
          <containerEntry>0x0</containerEntry>
        </property>
        <property name="children" type="EntityHandle" container="List"></property>
        <property name="flags" type="UInt32" container="StaticArray" arraySize="1">
          <containerEntry>3221225479</containerEntry>
        </property>
        <property name="modelFile" type="FilePtr" container="StaticArray" arraySize="1">
          <containerEntry>/Assets/tpp/environ/object/afghanistan/rock/afgh_rock006/scenes/afgh_rock006.fmdl</containerEntry>
        </property>
        <property name="geomFile" type="FilePtr" container="StaticArray" arraySize="1">
          <containerEntry>/Assets/tpp/environ/object/afghanistan/rock/afgh_rock006/scenes/afgh_rock006.geom</containerEntry>
        </property>
        <property name="isVisibleGeom" type="Bool" container="StaticArray" arraySize="1">
          <containerEntry>false</containerEntry>
        </property>
        <property name="isIsolated" type="Bool" container="StaticArray" arraySize="1">
          <containerEntry>false</containerEntry>
        </property>
        <property name="lodFarSize" type="Float" container="StaticArray" arraySize="1">
          <containerEntry>-1</containerEntry>
        </property>
        <property name="lodNearSize" type="Float" container="StaticArray" arraySize="1">
          <containerEntry>-1</containerEntry>
        </property>
        <property name="lodPolygonSize" type="Float" container="StaticArray" arraySize="1">
          <containerEntry>-1</containerEntry>
        </property>
        <property name="color" type="Color" container="StaticArray" arraySize="1">
          <containerEntry r="1" g="1" b="1" a="1"></containerEntry>
        </property>
        <property name="drawRejectionLevel" type="Int32" container="StaticArray" arraySize="1">
          <containerEntry>8</containerEntry>
        </property>
        <property name="drawMode" type="Int32" container="StaticArray" arraySize="1">
          <containerEntry>0</containerEntry>
        </property>
        <property name="rejectFarRangeShadowCast" type="Int32" container="StaticArray" arraySize="1">
          <containerEntry>2</containerEntry>
        </property>
      </staticProperties>
      <dynamicProperties></dynamicProperties>
    </entity>
    <entity class="TransformEntity" classVersion="0" classID="0x50" addr="0x33525B0" id="0x3D5FD20">
      <staticProperties>
        <property name="owner" type="EntityHandle" container="StaticArray" arraySize="1">
          <containerEntry>0x3352620</containerEntry>
        </property>
        <property name="transform_scale" type="Vector3" container="StaticArray" arraySize="1">
          <containerEntry x="1" y="1" z="1" w="0"></containerEntry>
        </property>
        <property name="transform_rotation_quat" type="Quat" container="StaticArray" arraySize="1">
          <containerEntry x="0" y="-0.693771" z="0" w="0.720196"></containerEntry>
        </property>
        <property name="transform_translation" type="Vector3" container="StaticArray" arraySize="1">
          <containerEntry x="1210.4514" y="355.17813" z="479.2342" w="0"></containerEntry>
        </property>
      </staticProperties>
      <dynamicProperties></dynamicProperties>
    </entity>
    <entity class="StaticModel" classVersion="9" classID="0x160" addr="0x3177A20" id="0x3D5FE2B">
      <staticProperties>
        <property name="name" type="String" container="StaticArray" arraySize="1">
          <containerEntry>afgh_clff022_vrtn003_0000</containerEntry>
        </property>
        <property name="dataSet" type="EntityHandle" container="StaticArray" arraySize="1">
          <containerEntry>0x3353650</containerEntry>
        </property>
        <property name="parent" type="EntityHandle" container="StaticArray" arraySize="1">
          <containerEntry>0x0</containerEntry>
        </property>
        <property name="transform" type="EntityPtr" container="StaticArray" arraySize="1">
          <containerEntry>0x3177A90</containerEntry>
        </property>
        <property name="shearTransform" type="EntityPtr" container="StaticArray" arraySize="1">
          <containerEntry>0x0</containerEntry>
        </property>
        <property name="pivotTransform" type="EntityPtr" container="StaticArray" arraySize="1">
          <containerEntry>0x0</containerEntry>
        </property>
        <property name="children" type="EntityHandle" container="List"></property>
        <property name="flags" type="UInt32" container="StaticArray" arraySize="1">
          <containerEntry>3221225479</containerEntry>
        </property>
        <property name="modelFile" type="FilePtr" container="StaticArray" arraySize="1">
          <containerEntry>/Assets/tpp/environ/object/afghanistan/cliff/afgh_clff022/scenes/afgh_clff022_vrtn003.fmdl</containerEntry>
        </property>
        <property name="geomFile" type="FilePtr" container="StaticArray" arraySize="1">
          <containerEntry>/Assets/tpp/environ/object/afghanistan/cliff/afgh_clff022/scenes/afgh_clff022_vrtn003.geom</containerEntry>
        </property>
        <property name="isVisibleGeom" type="Bool" container="StaticArray" arraySize="1">
          <containerEntry>false</containerEntry>
        </property>
        <property name="isIsolated" type="Bool" container="StaticArray" arraySize="1">
          <containerEntry>false</containerEntry>
        </property>
        <property name="lodFarSize" type="Float" container="StaticArray" arraySize="1">
          <containerEntry>-1</containerEntry>
        </property>
        <property name="lodNearSize" type="Float" container="StaticArray" arraySize="1">
          <containerEntry>-1</containerEntry>
        </property>
        <property name="lodPolygonSize" type="Float" container="StaticArray" arraySize="1">
          <containerEntry>-1</containerEntry>
        </property>
        <property name="color" type="Color" container="StaticArray" arraySize="1">
          <containerEntry r="1" g="1" b="1" a="1"></containerEntry>
        </property>
        <property name="drawRejectionLevel" type="Int32" container="StaticArray" arraySize="1">
          <containerEntry>8</containerEntry>
        </property>
        <property name="drawMode" type="Int32" container="StaticArray" arraySize="1">
          <containerEntry>0</containerEntry>
        </property>
        <property name="rejectFarRangeShadowCast" type="Int32" container="StaticArray" arraySize="1">
          <containerEntry>2</containerEntry>
        </property>
      </staticProperties>
      <dynamicProperties></dynamicProperties>
    </entity>
    <entity class="TransformEntity" classVersion="0" classID="0x50" addr="0x3177A90" id="0x3D5FE2E">
      <staticProperties>
        <property name="owner" type="EntityHandle" container="StaticArray" arraySize="1">
          <containerEntry>0x3177A20</containerEntry>
        </property>
        <property name="transform_scale" type="Vector3" container="StaticArray" arraySize="1">
          <containerEntry x="1" y="1" z="1" w="0"></containerEntry>
        </property>
        <property name="transform_rotation_quat" type="Quat" container="StaticArray" arraySize="1">
          <containerEntry x="0" y="-0.491307" z="0" w="0.870986"></containerEntry>
        </property>
        <property name="transform_translation" type="Vector3" container="StaticArray" arraySize="1">
          <containerEntry x="1179.7838" y="354.7194" z="508.1235" w="0"></containerEntry>
        </property>
      </staticProperties>
      <dynamicProperties></dynamicProperties>
    </entity>
    <entity class="StaticModelArray" classVersion="4" classID="0xD0" addr="0x3350390" id="0x0">
      <staticProperties>
        <property name="name" type="String" container="StaticArray" arraySize="1">
          <containerEntry>StaticModelArray0000</containerEntry>
        </property>
        <property name="dataSet" type="EntityHandle" container="StaticArray" arraySize="1">
          <containerEntry>0x3353650</containerEntry>
        </property>
        <property name="modelFile" type="FilePtr" container="StaticArray" arraySize="1">
          <containerEntry>/Assets/tpp/environ/object/afghanistan/rock/afgh_rock001/scenes/afgh_rock001.fmdl</containerEntry>
        </property>
        <property name="geomFile" type="FilePtr" container="StaticArray" arraySize="1">
          <containerEntry>/Assets/tpp/environ/object/afghanistan/rock/afgh_rock001/scenes/afgh_rock001.geom</containerEntry>
        </property>
        <property name="isVisibleGeom" type="Bool" container="StaticArray" arraySize="1">
          <containerEntry>false</containerEntry>
        </property>
        <property name="lodFarSize" type="Float" container="StaticArray" arraySize="1">
          <containerEntry>50</containerEntry>
        </property>
        <property name="lodNearSize" type="Float" container="StaticArray" arraySize="1">
          <containerEntry>700</containerEntry>
        </property>
        <property name="lodPolygonSize" type="Float" container="StaticArray" arraySize="1">
          <containerEntry>-1</containerEntry>
        </property>
        <property name="drawRejectionLevel" type="Int32" container="StaticArray" arraySize="1">
          <containerEntry>3</containerEntry>
        </property>
        <property name="drawMode" type="Int32" container="StaticArray" arraySize="1">
          <containerEntry>0</containerEntry>
        </property>
        <property name="rejectFarRangeShadowCast" type="Int32" container="StaticArray" arraySize="1">
          <containerEntry>2</containerEntry>
        </property>
        <property name="parentLocator" type="EntityLink" container="StaticArray" arraySize="1">
          <containerEntry packagePathHash="0xB8A0BF169F98" archivePathHash="0xB8A0BF169F98" nameInArchiveHash="0xB8A0BF169F98">0x0</containerEntry>
        </property>
        <property name="transforms" type="Matrix4" container="DynamicArray" arraySize="2">
          <containerEntry r11="1.3239305" r12="-0.5389754" r13="1.0095606" r14="0" r21="1.1385686" r22="0.776294" r23="-1.0786691" r24="0" r31="-0.115622066" r32="1.4728785" r33="0.93795455" r34="0" r41="1241.0809" r42="348.86557" r43="413.4592" r44="1"></containerEntry>
          <containerEntry r11="0.76322633" r12="0.14761478" r13="-1.567862" r14="0" r21="-0.2633536" r22="1.7297237" r23="0.034655236" r24="0" r31="1.5526193" r32="0.22083019" r33="0.7765975" r34="0" r41="1259.4153" r42="351.6533" r43="449.50793" r44="1"></containerEntry>
        </property>
        <property name="colors" type="UInt32" container="DynamicArray" arraySize="2">
          <containerEntry>4294967295</containerEntry>
          <containerEntry>4294967295</containerEntry>
        </property>
      </staticProperties>
      <dynamicProperties></dynamicProperties>
    </entity>
    <entity class="StaticModelArray" classVersion="4" classID="0xD0" addr="0x3350400" id="0x0">
      <staticProperties>
        <property name="name" type="String" container="StaticArray" arraySize="1">
          <containerEntry>StaticModelArray0001</containerEntry>
        </property>
        <property name="dataSet" type="EntityHandle" container="StaticArray" arraySize="1">
          <containerEntry>0x3353650</containerEntry>
        </property>
        <property name="modelFile" type="FilePtr" container="StaticArray" arraySize="1">
          <containerEntry>/Assets/tpp/environ/object/afghanistan/rock/afgh_rock009/scenes/afgh_rock009_rock002.fmdl</containerEntry>
        </property>
        <property name="geomFile" type="FilePtr" container="StaticArray" arraySize="1">
          <containerEntry>/Assets/tpp/environ/object/afghanistan/rock/afgh_rock009/scenes/afgh_rock009_rock002.geom</containerEntry>
        </property>
        <property name="isVisibleGeom" type="Bool" container="StaticArray" arraySize="1">
          <containerEntry>false</containerEntry>
        </property>
        <property name="lodFarSize" type="Float" container="StaticArray" arraySize="1">
          <containerEntry>-1</containerEntry>
        </property>
        <property name="lodNearSize" type="Float" container="StaticArray" arraySize="1">
          <containerEntry>-1</containerEntry>
        </property>
        <property name="lodPolygonSize" type="Float" container="StaticArray" arraySize="1">
          <containerEntry>-1</containerEntry>
        </property>
        <property name="drawRejectionLevel" type="Int32" container="StaticArray" arraySize="1">
          <containerEntry>8</containerEntry>
        </property>
        <property name="drawMode" type="Int32" container="StaticArray" arraySize="1">
          <containerEntry>0</containerEntry>
        </property>
        <property name="rejectFarRangeShadowCast" type="Int32" container="StaticArray" arraySize="1">
          <containerEntry>2</containerEntry>
        </property>
        <property name="parentLocator" type="EntityLink" container="StaticArray" arraySize="1">
          <containerEntry packagePathHash="0xB8A0BF169F98" archivePathHash="0xB8A0BF169F98" nameInArchiveHash="0xB8A0BF169F98">0x0</containerEntry>
        </property>
        <property name="transforms" type="Matrix4" container="DynamicArray" arraySize="9">
          <containerEntry r11="0.22718272" r12="0.2849472" r13="-0.93122524" r14="0" r21="0.21120037" r22="0.9190613" r23="0.3327454" r24="0" r31="0.95066804" r32="-0.27226862" r33="0.14861393" r34="0" r41="1167.5366" r42="348.46194" r43="397.74603" r44="1"></containerEntry>
          <containerEntry r11="-0.1951476" r12="-0.15804006" r13="-0.96794635" r14="0" r21="-0.27093232" r22="0.95721465" r23="-0.101661384" r24="0" r31="0.94259876" r32="0.24241018" r33="-0.22961622" r34="0" r41="1201.0851" r42="348.25195" r43="429.15195" r44="1"></containerEntry>
          <containerEntry r11="0.99427545" r12="-0.08924868" r13="0.058744635" r14="0" r21="0.09361283" r22="0.99268174" r23="-0.0762855" r24="0" r31="-0.051506285" r32="0.08134809" r33="0.99535394" r34="0" r41="1233.6003" r42="352.4852" r43="451.7002" r44="1"></containerEntry>
          <containerEntry r11="-0.9671537" r12="0.24572116" r13="-0.06481122" r14="0" r21="0.21120042" r22="0.9190615" r23="0.33274466" r24="0" r31="0.14132857" r32="0.30813265" r33="-0.9407692" r34="0" r41="1173.5426" r42="344.7511" r43="417.85944" r44="1"></containerEntry>
          <containerEntry r11="-0.7919016" r12="0.19186203" r13="0.57969576" r14="0" r21="0.24531345" r22="0.96933806" r23="0.014298968" r24="0" r31="-0.5591776" r32="0.15353212" r33="-0.81468666" r34="0" r41="1272.4972" r42="344.62265" r43="404.08722" r44="1"></containerEntry>
          <containerEntry r11="-0.4680179" r12="0.01039952" r13="0.88364154" r14="0" r21="0.2657109" r22="0.9553158" r23="0.12949294" r24="0" r31="-0.84280974" r32="0.29540235" r33="-0.4498676" r34="0" r41="1210.4978" r42="345.2774" r43="406.86646" r44="1"></containerEntry>
          <containerEntry r11="0.37461865" r12="0.23831895" r13="-0.8960207" r14="0" r21="0.2112011" r22="0.91906154" r23="0.33274382" r24="0" r31="0.9027974" r32="-0.31389242" r33="0.2939644" r34="0" r41="1154.3169" r42="344.92072" r43="441.1737" r44="1"></containerEntry>
          <containerEntry r11="-0.1951476" r12="-0.15804006" r13="-0.96794635" r14="0" r21="-0.27093232" r22="0.95721465" r23="-0.101661384" r24="0" r31="0.94259876" r32="0.24241018" r33="-0.22961622" r34="0" r41="1160.2671" r42="343.13205" r43="496.0612" r44="1"></containerEntry>
          <containerEntry r11="-0.12862788" r12="0.345626" r13="0.92950267" r14="0" r21="-0.04562506" r22="0.9342448" r23="-0.3536999" r24="0" r31="-0.9906315" r32="-0.087908655" r33="-0.10439986" r34="0" r41="1271.7218" r42="343.71005" r43="390.72766" r44="1"></containerEntry>
        </property>
        <property name="colors" type="UInt32" container="DynamicArray" arraySize="9">
          <containerEntry>4294967295</containerEntry>
          <containerEntry>4294967295</containerEntry>
          <containerEntry>4294967295</containerEntry>
          <containerEntry>4294967295</containerEntry>
          <containerEntry>4294967295</containerEntry>
          <containerEntry>4294967295</containerEntry>
          <containerEntry>4294967295</containerEntry>
          <containerEntry>4294967295</containerEntry>
          <containerEntry>4294967295</containerEntry>
        </property>
      </staticProperties>
      <dynamicProperties></dynamicProperties>
    </entity>
    <entity class="StaticModelArray" classVersion="4" classID="0xD0" addr="0x317FB30" id="0x0">
      <staticProperties>
        <property name="name" type="String" container="StaticArray" arraySize="1">
          <containerEntry>StaticModelArray0002</containerEntry>
        </property>
        <property name="dataSet" type="EntityHandle" container="StaticArray" arraySize="1">
          <containerEntry>0x3353650</containerEntry>
        </property>
        <property name="modelFile" type="FilePtr" container="StaticArray" arraySize="1">
          <containerEntry>/Assets/tpp/environ/object/afghanistan/rock/afgh_rock001/scenes/afgh_rock001.fmdl</containerEntry>
        </property>
        <property name="geomFile" type="FilePtr" container="StaticArray" arraySize="1">
          <containerEntry>/Assets/tpp/environ/object/afghanistan/rock/afgh_rock001/scenes/afgh_rock001.geom</containerEntry>
        </property>
        <property name="isVisibleGeom" type="Bool" container="StaticArray" arraySize="1">
          <containerEntry>false</containerEntry>
        </property>
        <property name="lodFarSize" type="Float" container="StaticArray" arraySize="1">
          <containerEntry>50</containerEntry>
        </property>
        <property name="lodNearSize" type="Float" container="StaticArray" arraySize="1">
          <containerEntry>400</containerEntry>
        </property>
        <property name="lodPolygonSize" type="Float" container="StaticArray" arraySize="1">
          <containerEntry>-1</containerEntry>
        </property>
        <property name="drawRejectionLevel" type="Int32" container="StaticArray" arraySize="1">
          <containerEntry>3</containerEntry>
        </property>
        <property name="drawMode" type="Int32" container="StaticArray" arraySize="1">
          <containerEntry>0</containerEntry>
        </property>
        <property name="rejectFarRangeShadowCast" type="Int32" container="StaticArray" arraySize="1">
          <containerEntry>2</containerEntry>
        </property>
        <property name="parentLocator" type="EntityLink" container="StaticArray" arraySize="1">
          <containerEntry packagePathHash="0xB8A0BF169F98" archivePathHash="0xB8A0BF169F98" nameInArchiveHash="0xB8A0BF169F98">0x0</containerEntry>
        </property>
        <property name="transforms" type="Matrix4" container="DynamicArray" arraySize="8">
          <containerEntry r11="-0.49499422" r12="0.11350941" r13="0.8614402" r14="0" r21="0.06495573" r22="0.9934902" r23="-0.093583696" r24="0" r31="-0.8664551" r32="0.009631611" r33="-0.49914497" r34="0" r41="1215.4801" r42="348.36758" r43="422.8793" r44="1"></containerEntry>
          <containerEntry r11="-0.006673217" r12="-0.43266654" r13="-0.9015229" r14="0" r21="0.34825903" r22="-0.84610224" r23="0.40349132" r24="0" r31="-0.9373684" r32="-0.31127036" r33="0.15633789" r34="0" r41="1255.4604" r42="344.94534" r43="397.04276" r44="1"></containerEntry>
          <containerEntry r11="-0.96214706" r12="0.03748417" r13="-0.2698947" r14="0" r21="0.064955935" r22="0.9934902" r23="-0.09358338" r24="0" r31="0.2646298" r32="-0.10757352" r33="-0.9583184" r34="0" r41="1160.7736" r42="345.5762" r43="426.56598" r44="1"></containerEntry>
          <containerEntry r11="-0.23327497" r12="0.9570967" r13="-0.17185351" r14="0" r21="0.46341816" r22="0.2648005" r23="0.84564495" r24="0" r31="0.85487497" r32="0.11763367" r33="-0.5053044" r34="0" r41="1158.7288" r42="343.10648" r43="451.00027" r44="1"></containerEntry>
          <containerEntry r11="0.3266957" r12="-0.90762794" r13="-0.2635822" r14="0" r21="-0.46640983" r22="-0.3973781" r23="0.79027855" r24="0" r31="-0.8220254" r32="-0.1352404" r33="-0.553146" r34="0" r41="1238.3235" r42="347.09402" r43="403.40875" r44="1"></containerEntry>
          <containerEntry r11="-0.49499422" r12="0.11350941" r13="0.8614402" r14="0" r21="0.06495573" r22="0.9934902" r23="-0.093583696" r24="0" r31="-0.8664551" r32="0.009631611" r33="-0.49914497" r34="0" r41="1176.6567" r42="346.03003" r43="474.50067" r44="1"></containerEntry>
          <containerEntry r11="0.97539055" r12="-0.19872516" r13="0.09550536" r14="0" r21="-0.22048339" r22="-0.87871253" r23="0.4233552" r24="0" r31="-0.00020902231" r32="-0.43399408" r33="-0.90090346" r34="0" r41="1265.7788" r42="344.6995" r43="394.94382" r44="1"></containerEntry>
          <containerEntry r11="-0.49499422" r12="0.11350941" r13="0.8614402" r14="0" r21="0.06495573" r22="0.9934902" r23="-0.093583696" r24="0" r31="-0.8664551" r32="0.009631611" r33="-0.49914497" r34="0" r41="1264.3221" r42="367.3385" r43="484.8963" r44="1"></containerEntry>
        </property>
        <property name="colors" type="UInt32" container="DynamicArray" arraySize="8">
          <containerEntry>4294967295</containerEntry>
          <containerEntry>4294967295</containerEntry>
          <containerEntry>4294967295</containerEntry>
          <containerEntry>4294967295</containerEntry>
          <containerEntry>4294967295</containerEntry>
          <containerEntry>4294967295</containerEntry>
          <containerEntry>4294967295</containerEntry>
          <containerEntry>4294967295</containerEntry>
        </property>
      </staticProperties>
      <dynamicProperties></dynamicProperties>
    </entity>
    <entity class="StaticModelArray" classVersion="4" classID="0xD0" addr="0x3350160" id="0x0">
      <staticProperties>
        <property name="name" type="String" container="StaticArray" arraySize="1">
          <containerEntry>StaticModelArray0003</containerEntry>
        </property>
        <property name="dataSet" type="EntityHandle" container="StaticArray" arraySize="1">
          <containerEntry>0x3353650</containerEntry>
        </property>
        <property name="modelFile" type="FilePtr" container="StaticArray" arraySize="1">
          <containerEntry>/Assets/tpp/environ/object/afghanistan/cliff/afgh_clff022/scenes/afgh_clff022_vrtn004.fmdl</containerEntry>
        </property>
        <property name="geomFile" type="FilePtr" container="StaticArray" arraySize="1">
          <containerEntry>/Assets/tpp/environ/object/afghanistan/cliff/afgh_clff022/scenes/afgh_clff022_vrtn004.geom</containerEntry>
        </property>
        <property name="isVisibleGeom" type="Bool" container="StaticArray" arraySize="1">
          <containerEntry>false</containerEntry>
        </property>
        <property name="lodFarSize" type="Float" container="StaticArray" arraySize="1">
          <containerEntry>-1</containerEntry>
        </property>
        <property name="lodNearSize" type="Float" container="StaticArray" arraySize="1">
          <containerEntry>-1</containerEntry>
        </property>
        <property name="lodPolygonSize" type="Float" container="StaticArray" arraySize="1">
          <containerEntry>-1</containerEntry>
        </property>
        <property name="drawRejectionLevel" type="Int32" container="StaticArray" arraySize="1">
          <containerEntry>8</containerEntry>
        </property>
        <property name="drawMode" type="Int32" container="StaticArray" arraySize="1">
          <containerEntry>0</containerEntry>
        </property>
        <property name="rejectFarRangeShadowCast" type="Int32" container="StaticArray" arraySize="1">
          <containerEntry>2</containerEntry>
        </property>
        <property name="parentLocator" type="EntityLink" container="StaticArray" arraySize="1">
          <containerEntry packagePathHash="0xB8A0BF169F98" archivePathHash="0xB8A0BF169F98" nameInArchiveHash="0xB8A0BF169F98">0x0</containerEntry>
        </property>
        <property name="transforms" type="Matrix4" container="DynamicArray" arraySize="2">
          <containerEntry r11="-0.97673213" r12="0" r13="0.21446347" r14="0" r21="0" r22="1" r23="0" r24="0" r31="-0.21446347" r32="0" r33="-0.97673213" r34="0" r41="1265.0316" r42="364.10355" r43="475.43405" r44="1"></containerEntry>
          <containerEntry r11="-0.89886" r12="0" r13="0.43823445" r14="0" r21="0" r22="1" r23="0" r24="0" r31="-0.43823445" r32="0" r33="-0.89886" r34="0" r41="1204.7981" r42="359.9277" r43="506.39008" r44="1"></containerEntry>
        </property>
        <property name="colors" type="UInt32" container="DynamicArray" arraySize="2">
          <containerEntry>4294967295</containerEntry>
          <containerEntry>4294967295</containerEntry>
        </property>
      </staticProperties>
      <dynamicProperties></dynamicProperties>
    </entity>
    <entity class="StaticModelArray" classVersion="4" classID="0xD0" addr="0x317FBA0" id="0x0">
      <staticProperties>
        <property name="name" type="String" container="StaticArray" arraySize="1">
          <containerEntry>StaticModelArray0004</containerEntry>
        </property>
        <property name="dataSet" type="EntityHandle" container="StaticArray" arraySize="1">
          <containerEntry>0x3353650</containerEntry>
        </property>
        <property name="modelFile" type="FilePtr" container="StaticArray" arraySize="1">
          <containerEntry>/Assets/tpp/environ/object/afghanistan/rock/afgh_rock009/scenes/afgh_rock009_rock001.fmdl</containerEntry>
        </property>
        <property name="geomFile" type="FilePtr" container="StaticArray" arraySize="1">
          <containerEntry>/Assets/tpp/environ/object/afghanistan/rock/afgh_rock009/scenes/afgh_rock009_rock001.geom</containerEntry>
        </property>
        <property name="isVisibleGeom" type="Bool" container="StaticArray" arraySize="1">
          <containerEntry>false</containerEntry>
        </property>
        <property name="lodFarSize" type="Float" container="StaticArray" arraySize="1">
          <containerEntry>-1</containerEntry>
        </property>
        <property name="lodNearSize" type="Float" container="StaticArray" arraySize="1">
          <containerEntry>-1</containerEntry>
        </property>
        <property name="lodPolygonSize" type="Float" container="StaticArray" arraySize="1">
          <containerEntry>-1</containerEntry>
        </property>
        <property name="drawRejectionLevel" type="Int32" container="StaticArray" arraySize="1">
          <containerEntry>8</containerEntry>
        </property>
        <property name="drawMode" type="Int32" container="StaticArray" arraySize="1">
          <containerEntry>0</containerEntry>
        </property>
        <property name="rejectFarRangeShadowCast" type="Int32" container="StaticArray" arraySize="1">
          <containerEntry>2</containerEntry>
        </property>
        <property name="parentLocator" type="EntityLink" container="StaticArray" arraySize="1">
          <containerEntry packagePathHash="0xB8A0BF169F98" archivePathHash="0xB8A0BF169F98" nameInArchiveHash="0xB8A0BF169F98">0x0</containerEntry>
        </property>
        <property name="transforms" type="Matrix4" container="DynamicArray" arraySize="11">
          <containerEntry r11="-0.5988734" r12="0.041901886" r13="0.7997389" r14="0" r21="0.36150265" r22="-0.8769437" r23="0.31665528" r24="0" r31="0.71460044" r32="0.4787473" r33="0.51004255" r34="0" r41="1206.8254" r42="349.2877" r43="435.9344" r44="1"></containerEntry>
          <containerEntry r11="-0.6062558" r12="0.22098833" r13="-0.76394886" r14="0" r21="0.32884878" r22="0.9443039" r23="0.012191422" r24="0" r31="0.7240941" r32="-0.24383256" r33="-0.64516145" r34="0" r41="1177.479" r42="354.34125" r43="504.8815" r44="1"></containerEntry>
          <containerEntry r11="-0.5511836" r12="0.060750425" r13="-0.8321681" r14="0" r21="-0.012472505" r22="0.9966346" r23="0.08101797" r24="0" r31="0.83428943" r32="0.055035096" r33="-0.5485709" r34="0" r41="1171.2238" r42="345.05032" r43="492.08392" r44="1"></containerEntry>
          <containerEntry r11="-0.93908644" r12="0.14984733" r13="-0.3092623" r14="0" r21="-0.2122697" r22="-0.9606481" r23="0.17910148" r24="0" r31="-0.27025726" r32="0.23384084" r33="0.9339587" r34="0" r41="1186.046" r42="346.91028" r43="399.5514" r44="1"></containerEntry>
          <containerEntry r11="-0.21531498" r12="0.9193201" r13="0.32936" r14="0" r21="-0.65234053" r22="-0.386384" r23="0.6520319" r24="0" r31="0.72669065" r32="-0.07445976" r33="0.68291533" r34="0" r41="1161.6741" r42="344.75824" r43="431.22043" r44="1"></containerEntry>
          <containerEntry r11="-0.09108582" r12="0.5483202" r13="-0.83128774" r14="0" r21="-0.74544847" r22="0.515957" r23="0.42200816" r24="0" r31="0.6603036" r32="0.65812564" r33="0.36175197" r34="0" r41="1179.9819" r42="346.1338" r43="452.45416" r44="1"></containerEntry>
          <containerEntry r11="0.9218801" r12="0.38699323" r13="0.019303028" r14="0" r21="0.3615024" r22="-0.8769433" r23="0.31665507" r24="0" r31="0.13947171" r32="-0.2849398" r33="-0.9483356" r34="0" r41="1257.1301" r42="368.19937" r43="488.94153" r44="1"></containerEntry>
          <containerEntry r11="0.23747036" r12="0.06258306" r13="-0.96937364" r14="0" r21="-0.15621005" r22="0.98739517" r23="0.02547966" r24="0" r31="0.95874935" r32="0.14537589" r33="0.24425328" r34="0" r41="1265.7382" r42="363.98758" r43="475.19055" r44="1"></containerEntry>
          <containerEntry r11="0.13977432" r12="0.983044" r13="0.11865032" r14="0" r21="-0.5659312" r22="-0.019012094" r23="0.82422626" r24="0" r31="0.8125117" r32="-0.18234995" r33="0.553686" r34="0" r41="1271.5574" r42="366.66867" r43="482.99042" r44="1"></containerEntry>
          <containerEntry r11="0.54364896" r12="-0.4523983" r13="0.70694923" r14="0" r21="-0.35668558" r22="-0.8869747" r23="-0.2933139" r24="0" r31="0.75974786" r32="-0.0927007" r33="-0.6435634" r34="0" r41="1247.2823" r42="367.28323" r43="494.42606" r44="1"></containerEntry>
          <containerEntry r11="0.9218801" r12="0.38699323" r13="0.019303028" r14="0" r21="0.3615024" r22="-0.8769433" r23="0.31665507" r24="0" r31="0.13947171" r32="-0.2849398" r33="-0.9483356" r34="0" r41="1257.1301" r42="368.19937" r43="488.94153" r44="1"></containerEntry>
        </property>
        <property name="colors" type="UInt32" container="DynamicArray" arraySize="11">
          <containerEntry>4294967295</containerEntry>
          <containerEntry>4294967295</containerEntry>
          <containerEntry>4294967295</containerEntry>
          <containerEntry>4294967295</containerEntry>
          <containerEntry>4294967295</containerEntry>
          <containerEntry>4294967295</containerEntry>
          <containerEntry>4294967295</containerEntry>
          <containerEntry>4294967295</containerEntry>
          <containerEntry>4294967295</containerEntry>
          <containerEntry>4294967295</containerEntry>
          <containerEntry>4294967295</containerEntry>
        </property>
      </staticProperties>
      <dynamicProperties></dynamicProperties>
    </entity>
    <entity class="StaticModelArray" classVersion="4" classID="0xD0" addr="0x317F970" id="0x0">
      <staticProperties>
        <property name="name" type="String" container="StaticArray" arraySize="1">
          <containerEntry>StaticModelArray0005</containerEntry>
        </property>
        <property name="dataSet" type="EntityHandle" container="StaticArray" arraySize="1">
          <containerEntry>0x3353650</containerEntry>
        </property>
        <property name="modelFile" type="FilePtr" container="StaticArray" arraySize="1">
          <containerEntry>/Assets/tpp/environ/object/afghanistan/cliff/afgh_clff007/scenes/afgh_clff007.fmdl</containerEntry>
        </property>
        <property name="geomFile" type="FilePtr" container="StaticArray" arraySize="1">
          <containerEntry>/Assets/tpp/environ/object/afghanistan/cliff/afgh_clff007/scenes/afgh_clff007.geom</containerEntry>
        </property>
        <property name="isVisibleGeom" type="Bool" container="StaticArray" arraySize="1">
