<fox formatVersion="2" fileVersion="0">
  <entities>
    <entity class="DataSet" classVersion="0" classID="0xE8" addr="0x2F89540" id="0xB070A5">
      <staticProperties>
        <property name="name" type="String" container="StaticArray" arraySize="1">
          <containerEntry hash="0xB8A0BF169F98"></containerEntry>
        </property>
        <property name="dataSet" type="EntityHandle" container="StaticArray" arraySize="1">
          <containerEntry>0x0</containerEntry>
        </property>
        <property name="dataList" type="EntityPtr" container="StringMap" arraySize="18">
          <containerEntry key="mafr_drum002_vrtn006_0000">
            <data>0x2F000F0</data>
          </containerEntry>
          <containerEntry key="mafr_tree031_vrtn008_0001">
            <data>0x2F01DD0</data>
          </containerEntry>
          <containerEntry key="StaticModelArray0000">
            <data>0x2F0FDD0</data>
          </containerEntry>
          <containerEntry key="StaticModelArray0001">
            <data>0x2F0EE80</data>
          </containerEntry>
          <containerEntry key="StaticModelArray0002">
            <data>0x2F0F040</data>
          </containerEntry>
          <containerEntry key="StaticModelArray0003">
            <data>0x2F0F2E0</data>
          </containerEntry>
          <containerEntry key="StaticModelArray0004">
            <data>0x2F0EDA0</data>
          </containerEntry>
          <containerEntry key="StaticModelArray0005">
            <data>0x2F0EE10</data>
          </containerEntry>
          <containerEntry key="StaticModelArray0006">
            <data>0x2F0EEF0</data>
          </containerEntry>
          <containerEntry key="StaticModelArray0007">
            <data>0x2F0EF60</data>
          </containerEntry>
          <containerEntry key="StaticModelArray0008">
            <data>0x2F0EFD0</data>
          </containerEntry>
          <containerEntry key="StaticModelArray0009">
            <data>0x2F0F190</data>
          </containerEntry>
          <containerEntry key="StaticModelArray0010">
            <data>0x2F0F200</data>
          </containerEntry>
          <containerEntry key="StaticModelArray0011">
            <data>0x2F0F430</data>
          </containerEntry>
          <containerEntry key="StaticModelArray0012">
            <data>0x2F0F4A0</data>
          </containerEntry>
          <containerEntry key="StaticModelArray0013">
            <data>0x2F0F660</data>
          </containerEntry>
          <containerEntry key="StaticModelArray0014">
            <data>0x2F0F6D0</data>
          </containerEntry>
          <containerEntry key="TexturePackLoadConditioner0000">
            <data>0x2F80240</data>
          </containerEntry>
        </property>
      </staticProperties>
      <dynamicProperties></dynamicProperties>
    </entity>
    <entity class="StaticModel" classVersion="9" classID="0x160" addr="0x2F000F0" id="0xB074CF">
      <staticProperties>
        <property name="name" type="String" container="StaticArray" arraySize="1">
          <containerEntry>mafr_drum002_vrtn006_0000</containerEntry>
        </property>
        <property name="dataSet" type="EntityHandle" container="StaticArray" arraySize="1">
          <containerEntry>0x2F89540</containerEntry>
        </property>
        <property name="parent" type="EntityHandle" container="StaticArray" arraySize="1">
          <containerEntry>0x0</containerEntry>
        </property>
        <property name="transform" type="EntityPtr" container="StaticArray" arraySize="1">
          <containerEntry>0x2F00160</containerEntry>
        </property>
        <property name="shearTransform" type="EntityPtr" container="StaticArray" arraySize="1">
          <containerEntry>0x0</containerEntry>
        </property>
        <property name="pivotTransform" type="EntityPtr" container="StaticArray" arraySize="1">
          <containerEntry>0x0</containerEntry>
        </property>
        <property name="children" type="EntityHandle" container="List"></property>
        <property name="flags" type="UInt32" container="StaticArray" arraySize="1">
          <containerEntry>7</containerEntry>
        </property>
        <property name="modelFile" type="FilePtr" container="StaticArray" arraySize="1">
          <containerEntry>/Assets/tpp/environ/object/middle_africa/drum/mafr_drum002/scenes/mafr_drum002_vrtn006.fmdl</containerEntry>
        </property>
        <property name="geomFile" type="FilePtr" container="StaticArray" arraySize="1">
          <containerEntry>/Assets/tpp/environ/object/middle_africa/drum/mafr_drum002/scenes/mafr_drum002_vrtn006.geom</containerEntry>
        </property>
        <property name="isVisibleGeom" type="Bool" container="StaticArray" arraySize="1">
          <containerEntry>false</containerEntry>
        </property>
        <property name="isIsolated" type="Bool" container="StaticArray" arraySize="1">
          <containerEntry>false</containerEntry>
        </property>
        <property name="lodFarSize" type="Float" container="StaticArray" arraySize="1">
          <containerEntry>-1</containerEntry>
        </property>
        <property name="lodNearSize" type="Float" container="StaticArray" arraySize="1">
          <containerEntry>-1</containerEntry>
        </property>
        <property name="lodPolygonSize" type="Float" container="StaticArray" arraySize="1">
          <containerEntry>-1</containerEntry>
        </property>
        <property name="color" type="Color" container="StaticArray" arraySize="1">
          <containerEntry r="1" g="1" b="1" a="1"></containerEntry>
        </property>
        <property name="drawRejectionLevel" type="Int32" container="StaticArray" arraySize="1">
          <containerEntry>8</containerEntry>
        </property>
        <property name="drawMode" type="Int32" container="StaticArray" arraySize="1">
          <containerEntry>0</containerEntry>
        </property>
        <property name="rejectFarRangeShadowCast" type="Int32" container="StaticArray" arraySize="1">
          <containerEntry>2</containerEntry>
        </property>
      </staticProperties>
      <dynamicProperties></dynamicProperties>
    </entity>
    <entity class="TransformEntity" classVersion="0" classID="0x50" addr="0x2F00160" id="0xB074D2">
      <staticProperties>
        <property name="owner" type="EntityHandle" container="StaticArray" arraySize="1">
          <containerEntry>0x2F000F0</containerEntry>
        </property>
        <property name="transform_scale" type="Vector3" container="StaticArray" arraySize="1">
          <containerEntry x="1" y="1" z="1" w="0"></containerEntry>
        </property>
        <property name="transform_rotation_quat" type="Quat" container="StaticArray" arraySize="1">
          <containerEntry x="0" y="0.265549" z="0" w="0.964097"></containerEntry>
        </property>
        <property name="transform_translation" type="Vector3" container="StaticArray" arraySize="1">
          <containerEntry x="1540.4982" y="122.428215" z="-1181.3807" w="0"></containerEntry>
        </property>
      </staticProperties>
      <dynamicProperties></dynamicProperties>
    </entity>
    <entity class="StaticModel" classVersion="9" classID="0x160" addr="0x2F01DD0" id="0xB07564">
      <staticProperties>
        <property name="name" type="String" container="StaticArray" arraySize="1">
          <containerEntry>mafr_tree031_vrtn008_0001</containerEntry>
        </property>
        <property name="dataSet" type="EntityHandle" container="StaticArray" arraySize="1">
          <containerEntry>0x2F89540</containerEntry>
        </property>
        <property name="parent" type="EntityHandle" container="StaticArray" arraySize="1">
          <containerEntry>0x0</containerEntry>
        </property>
        <property name="transform" type="EntityPtr" container="StaticArray" arraySize="1">
          <containerEntry>0x2F01E40</containerEntry>
        </property>
        <property name="shearTransform" type="EntityPtr" container="StaticArray" arraySize="1">
          <containerEntry>0x0</containerEntry>
        </property>
        <property name="pivotTransform" type="EntityPtr" container="StaticArray" arraySize="1">
          <containerEntry>0x0</containerEntry>
        </property>
        <property name="children" type="EntityHandle" container="List"></property>
        <property name="flags" type="UInt32" container="StaticArray" arraySize="1">
          <containerEntry>7</containerEntry>
        </property>
        <property name="modelFile" type="FilePtr" container="StaticArray" arraySize="1">
          <containerEntry>/Assets/tpp/environ/object/middle_africa/tree/mafr_tree031/scenes/mafr_tree031_vrtn008.fmdl</containerEntry>
        </property>
        <property name="geomFile" type="FilePtr" container="StaticArray" arraySize="1">
          <containerEntry>/Assets/tpp/environ/object/middle_africa/tree/mafr_tree031/scenes/mafr_tree031_vrtn008.geom</containerEntry>
        </property>
        <property name="isVisibleGeom" type="Bool" container="StaticArray" arraySize="1">
          <containerEntry>false</containerEntry>
        </property>
        <property name="isIsolated" type="Bool" container="StaticArray" arraySize="1">
          <containerEntry>false</containerEntry>
        </property>
        <property name="lodFarSize" type="Float" container="StaticArray" arraySize="1">
          <containerEntry>-1</containerEntry>
        </property>
        <property name="lodNearSize" type="Float" container="StaticArray" arraySize="1">
          <containerEntry>-1</containerEntry>
        </property>
        <property name="lodPolygonSize" type="Float" container="StaticArray" arraySize="1">
          <containerEntry>-1</containerEntry>
        </property>
        <property name="color" type="Color" container="StaticArray" arraySize="1">
          <containerEntry r="1" g="1" b="1" a="1"></containerEntry>
        </property>
        <property name="drawRejectionLevel" type="Int32" container="StaticArray" arraySize="1">
          <containerEntry>8</containerEntry>
        </property>
        <property name="drawMode" type="Int32" container="StaticArray" arraySize="1">
          <containerEntry>0</containerEntry>
        </property>
        <property name="rejectFarRangeShadowCast" type="Int32" container="StaticArray" arraySize="1">
          <containerEntry>2</containerEntry>
        </property>
      </staticProperties>
      <dynamicProperties></dynamicProperties>
    </entity>
    <entity class="TransformEntity" classVersion="0" classID="0x50" addr="0x2F01E40" id="0xB07567">
      <staticProperties>
        <property name="owner" type="EntityHandle" container="StaticArray" arraySize="1">
          <containerEntry>0x2F01DD0</containerEntry>
        </property>
        <property name="transform_scale" type="Vector3" container="StaticArray" arraySize="1">
          <containerEntry x="0.8" y="0.8" z="0.8" w="0"></containerEntry>
        </property>
        <property name="transform_rotation_quat" type="Quat" container="StaticArray" arraySize="1">
          <containerEntry x="0" y="-0.698501" z="0" w="0.715609"></containerEntry>
        </property>
        <property name="transform_translation" type="Vector3" container="StaticArray" arraySize="1">
          <containerEntry x="1599.286" y="132.53188" z="-1168.1055" w="0"></containerEntry>
        </property>
      </staticProperties>
      <dynamicProperties></dynamicProperties>
    </entity>
    <entity class="StaticModelArray" classVersion="4" classID="0xD0" addr="0x2F0FDD0" id="0x0">
      <staticProperties>
        <property name="name" type="String" container="StaticArray" arraySize="1">
          <containerEntry>StaticModelArray0000</containerEntry>
        </property>
        <property name="dataSet" type="EntityHandle" container="StaticArray" arraySize="1">
          <containerEntry>0x2F89540</containerEntry>
        </property>
        <property name="modelFile" type="FilePtr" container="StaticArray" arraySize="1">
          <containerEntry>/Assets/tpp/environ/object/middle_africa/tree/mafr_tree032/scenes/mafr_tree032.fmdl</containerEntry>
        </property>
        <property name="geomFile" type="FilePtr" container="StaticArray" arraySize="1">
          <containerEntry>/Assets/tpp/environ/object/middle_africa/tree/mafr_tree032/scenes/mafr_tree032.geom</containerEntry>
        </property>
        <property name="isVisibleGeom" type="Bool" container="StaticArray" arraySize="1">
          <containerEntry>false</containerEntry>
        </property>
        <property name="lodFarSize" type="Float" container="StaticArray" arraySize="1">
          <containerEntry>-1</containerEntry>
        </property>
        <property name="lodNearSize" type="Float" container="StaticArray" arraySize="1">
          <containerEntry>-1</containerEntry>
        </property>
        <property name="lodPolygonSize" type="Float" container="StaticArray" arraySize="1">
          <containerEntry>-1</containerEntry>
        </property>
        <property name="drawRejectionLevel" type="Int32" container="StaticArray" arraySize="1">
          <containerEntry>8</containerEntry>
        </property>
        <property name="drawMode" type="Int32" container="StaticArray" arraySize="1">
          <containerEntry>0</containerEntry>
        </property>
        <property name="rejectFarRangeShadowCast" type="Int32" container="StaticArray" arraySize="1">
          <containerEntry>2</containerEntry>
        </property>
        <property name="parentLocator" type="EntityLink" container="StaticArray" arraySize="1">
          <containerEntry packagePathHash="0xB8A0BF169F98" archivePathHash="0xB8A0BF169F98" nameInArchiveHash="0xB8A0BF169F98">0x0</containerEntry>
        </property>
        <property name="transforms" type="Matrix4" container="DynamicArray" arraySize="19">
          <containerEntry r11="0.7874674" r12="0.013070647" r13="0.61621773" r14="0" r21="-0.13368241" r22="0.97959816" r23="0.15005505" r24="0" r31="-0.60168445" r32="-0.20054093" r33="0.77314895" r34="0" r41="1579.3654" r42="126.94106" r43="-1192.1721" r44="1"></containerEntry>
          <containerEntry r11="-0.28962868" r12="0.10948348" r13="-0.95085704" r14="0" r21="-0.38398394" r22="0.8966967" r23="0.22020781" r24="0" r31="0.8767395" r32="0.4288922" r33="-0.21766919" r34="0" r41="1585.916" r42="129.50089" r43="-1160.211" r44="1"></containerEntry>
          <containerEntry r11="0.9897944" r12="-0.14217852" r13="-0.010876618" r14="0" r21="0.14252819" r22="0.9887391" r23="0.0456151" r24="0" r31="0.004268642" r32="-0.046699796" r33="0.9989129" r34="0" r41="1538.8445" r42="133.78781" r43="-1260.4241" r44="1"></containerEntry>
          <containerEntry r11="0.33164528" r12="0.052287094" r13="-0.9419541" r14="0" r21="0.074636616" r22="0.99387914" r23="0.08144764" r24="0" r31="0.94044715" r32="-0.09731599" r33="0.3257128" r34="0" r41="1574.8577" r42="129.91948" r43="-1220.6042" r44="1"></containerEntry>
          <containerEntry r11="0.3627397" r12="-0.049492646" r13="0.9305891" r14="0" r21="0.013348883" r22="0.8155111" r23="0.038168967" r24="0" r31="-0.9317608" r32="-0.0017428569" r33="0.36310375" r34="0" r41="1577.8326" r42="132.7257" r43="-1267.5844" r44="1"></containerEntry>
          <containerEntry r11="-0.9394947" r12="-0.14535406" r13="0.31019783" r14="0" r21="-0.11041754" r22="0.9856792" r23="0.12745367" r24="0" r31="-0.32428145" r32="0.08549072" r33="-0.9420901" r34="0" r41="1569.2896" r42="126.89538" r43="-1215.5995" r44="1"></containerEntry>
          <containerEntry r11="-0.1046684" r12="-0.07356847" r13="0.4833551" r14="0" r21="-0.055965252" r22="0.49286097" r23="0.06289627" r24="0" r31="-0.48570812" r32="-0.04093568" r33="-0.1114085" r34="0" r41="1597.0769" r42="133.69174" r43="-1178.9363" r44="1"></containerEntry>
          <containerEntry r11="-0.59289783" r12="-0.09751622" r13="0.79935277" r14="0" r21="-0.11298839" r22="0.7278393" r23="0.0049859965" r24="0" r31="-0.79053366" r32="-0.11860503" r33="-0.60082567" r34="0" r41="1589.104" r42="128.32669" r43="-1174.3768" r44="1"></containerEntry>
          <containerEntry r11="0.27708572" r12="0.108305804" r13="-0.95472145" r14="0" r21="0.25341603" r22="0.95020807" r23="0.18134184" r24="0" r31="0.92682445" r32="-0.292189" r33="0.23584265" r34="0" r41="1573.732" r42="132.183" r43="-1249.0543" r44="1"></containerEntry>
          <containerEntry r11="-0.40444195" r12="0.15027806" r13="-0.9021339" r14="0" r21="0.019898146" r22="0.98762006" r23="0.15559788" r24="0" r31="0.9143484" r32="0.04497935" r33="-0.40242523" r34="0" r41="1577.9192" r42="131.2564" r43="-1241.5104" r44="1"></containerEntry>
          <containerEntry r11="0.7541411" r12="-0.10147321" r13="-0.64882696" r14="0" r21="0.10785163" r22="0.99371266" r23="-0.03005403" r24="0" r31="0.6477972" r32="-0.047312062" r33="0.76034355" r34="0" r41="1587.485" r42="131.52899" r43="-1154.0669" r44="1"></containerEntry>
          <containerEntry r11="0.5807606" r12="-0.08384546" r13="-0.8097421" r14="0" r21="0.09119965" r22="0.9951214" r23="-0.03763081" r24="0" r31="0.80894685" r32="-0.05199378" r33="0.585574" r34="0" r41="1577.7145" r42="132.49005" r43="-1256.8793" r44="1"></containerEntry>
          <containerEntry r11="0.16175742" r12="-0.045192957" r13="0.9857919" r14="0" r21="-0.09303761" r22="0.7796553" r23="0.051009018" r24="0" r31="-0.9797179" r32="-0.12704824" r33="0.1549363" r34="0" r41="1603.5219" r42="142.1961" r43="-1248.5579" r44="1"></containerEntry>
          <containerEntry r11="0.9925647" r12="-0.11310755" r13="0.04492118" r14="0" r21="0.11054728" r22="0.99229765" r23="0.0558985" r24="0" r31="-0.05089773" r32="-0.050516956" r33="0.9974234" r34="0" r41="1572.9442" r42="128.72711" r43="-1203.7657" r44="1"></containerEntry>
          <containerEntry r11="-0.28498375" r12="-0.017908549" r13="-0.9583606" r14="0" r21="0.023063015" r22="0.9994079" r23="-0.025533745" r24="0" r31="0.95825046" r32="-0.029379481" r33="-0.28440198" r34="0" r41="1578.5503" r42="129.358" r43="-1210.7628" r44="1"></containerEntry>
          <containerEntry r11="-0.13624206" r12="0.086537614" r13="-1.4912883" r14="0" r21="0.11357602" r22="1.0270374" r23="0.049221255" r24="0" r31="1.4846911" r32="-0.1572484" r33="-0.14476427" r34="0" r41="1593.023" r42="127.7337" r43="-1199.9995" r44="1"></containerEntry>
          <containerEntry r11="0.22013856" r12="0.08352207" r13="-0.9718862" r14="0" r21="-0.085154474" r22="0.99416953" r23="0.066149004" r24="0" r31="0.9717446" r32="0.068198524" r33="0.22596735" r34="0" r41="1590.0521" r42="143.97145" r43="-1262.5281" r44="1"></containerEntry>
          <containerEntry r11="0.9917445" r12="0.11458335" r13="0.057526547" r14="0" r21="-0.080754854" r22="0.676723" r23="0.04427502" r24="0" r31="-0.04957289" r32="-0.07109494" r33="0.9962349" r34="0" r41="1599.5984" r42="144.64539" r43="-1252.6107" r44="1"></containerEntry>
          <containerEntry r11="0.8942453" r12="0.052599646" r13="0.44447497" r14="0" r21="-0.04413216" r22="0.99859345" r23="-0.029384486" r24="0" r31="-0.44539538" r32="0.0066612484" r33="0.8953089" r34="0" r41="1627.3785" r42="138.8607" r43="-1220.2887" r44="1"></containerEntry>
        </property>
        <property name="colors" type="UInt32" container="DynamicArray" arraySize="19">
          <containerEntry>4294967295</containerEntry>
          <containerEntry>4294967295</containerEntry>
          <containerEntry>4294967295</containerEntry>
          <containerEntry>4294967295</containerEntry>
          <containerEntry>4294967295</containerEntry>
          <containerEntry>4294967295</containerEntry>
          <containerEntry>4294967295</containerEntry>
          <containerEntry>4294967295</containerEntry>
          <containerEntry>4294967295</containerEntry>
          <containerEntry>4294967295</containerEntry>
          <containerEntry>4294967295</containerEntry>
          <containerEntry>4294967295</containerEntry>
          <containerEntry>4294967295</containerEntry>
          <containerEntry>4294967295</containerEntry>
          <containerEntry>4294967295</containerEntry>
          <containerEntry>4294967295</containerEntry>
          <containerEntry>4294967295</containerEntry>
          <containerEntry>4294967295</containerEntry>
          <containerEntry>4294967295</containerEntry>
        </property>
      </staticProperties>
      <dynamicProperties></dynamicProperties>
    </entity>
    <entity class="StaticModelArray" classVersion="4" classID="0xD0" addr="0x2F0EE80" id="0x0">
      <staticProperties>
        <property name="name" type="String" container="StaticArray" arraySize="1">
          <containerEntry>StaticModelArray0001</containerEntry>
        </property>
        <property name="dataSet" type="EntityHandle" container="StaticArray" arraySize="1">
          <containerEntry>0x2F89540</containerEntry>
        </property>
        <property name="modelFile" type="FilePtr" container="StaticArray" arraySize="1">
          <containerEntry>/Assets/tpp/environ/object/middle_africa/cliff/mafr_clff004/scenes/mafr_clff004_grnd002.fmdl</containerEntry>
        </property>
        <property name="geomFile" type="FilePtr" container="StaticArray" arraySize="1">
          <containerEntry>/Assets/tpp/environ/object/middle_africa/cliff/mafr_clff004/scenes/mafr_clff004_grnd002.geom</containerEntry>
        </property>
        <property name="isVisibleGeom" type="Bool" container="StaticArray" arraySize="1">
          <containerEntry>false</containerEntry>
        </property>
        <property name="lodFarSize" type="Float" container="StaticArray" arraySize="1">
          <containerEntry>-1</containerEntry>
        </property>
        <property name="lodNearSize" type="Float" container="StaticArray" arraySize="1">
          <containerEntry>-1</containerEntry>
        </property>
        <property name="lodPolygonSize" type="Float" container="StaticArray" arraySize="1">
          <containerEntry>-1</containerEntry>
        </property>
        <property name="drawRejectionLevel" type="Int32" container="StaticArray" arraySize="1">
          <containerEntry>4</containerEntry>
        </property>
        <property name="drawMode" type="Int32" container="StaticArray" arraySize="1">
          <containerEntry>0</containerEntry>
        </property>
        <property name="rejectFarRangeShadowCast" type="Int32" container="StaticArray" arraySize="1">
          <containerEntry>2</containerEntry>
        </property>
        <property name="parentLocator" type="EntityLink" container="StaticArray" arraySize="1">
          <containerEntry packagePathHash="0xB8A0BF169F98" archivePathHash="0xB8A0BF169F98" nameInArchiveHash="0xB8A0BF169F98">0x0</containerEntry>
        </property>
        <property name="transforms" type="Matrix4" container="DynamicArray" arraySize="6">
          <containerEntry r11="-0.10939976" r12="0.0060445536" r13="-0.87667984" r14="0" r21="0.06832586" r22="0.7043191" r23="-0.0036701264" r24="0" r31="0.8725405" r32="-0.08521542" r33="-0.109470755" r34="0" r41="1548.203" r42="121.59172" r43="-1198.9978" r44="1"></containerEntry>
          <containerEntry r11="-0.42722857" r12="-0.0031122754" r13="0.7733277" r14="0" r21="-0.03653597" r22="0.69174635" r23="-0.017400568" r24="0" r31="-0.7719296" r32="-0.05150362" r33="-0.42666343" r34="0" r41="1558.2689" r42="124.66916" r43="-1268.2499" r44="1"></containerEntry>
          <containerEntry r11="0.5497356" r12="0.0007377178" r13="0.6916366" r14="0" r21="-0.0025873461" r22="0.9999962" r23="0.0009898809" r24="0" r31="-0.6916332" r32="-0.0023336792" r33="0.54973537" r34="0" r41="1547.0854" r42="124.65779" r43="-1244.5587" r44="1"></containerEntry>
          <containerEntry r11="0.38267595" r12="0.007112845" r13="0.79629105" r14="0" r21="-0.087007955" r22="0.9956635" r23="0.03291981" r24="0" r31="-0.79260385" r32="-0.08188135" r33="0.38163537" r34="0" r41="1559.7478" r42="121.566124" r43="-1200.2443" r44="1"></containerEntry>
          <containerEntry r11="-0.40778056" r12="-0.0011067899" r13="-0.6200687" r14="0" r21="0.04266836" r22="0.59216416" r23="-0.029117309" r24="0" r31="0.61777705" r32="-0.06448513" r33="-0.40615833" r34="0" r41="1556.3065" r42="121.68371" r43="-1187.5599" r44="1"></containerEntry>
          <containerEntry r11="0.30574578" r12="0.008508353" r13="-0.7229601" r14="0" r21="0.06678536" r22="0.7812574" r23="0.037438426" r24="0" r31="0.7199191" r32="-0.07608894" r33="0.30356422" r34="0" r41="1547.5082" r42="121.5654" r43="-1167.1475" r44="1"></containerEntry>
        </property>
        <property name="colors" type="UInt32" container="DynamicArray" arraySize="6">
          <containerEntry>4294967295</containerEntry>
          <containerEntry>4294967295</containerEntry>
          <containerEntry>4294967295</containerEntry>
          <containerEntry>4294967295</containerEntry>
          <containerEntry>4294967295</containerEntry>
          <containerEntry>4294967295</containerEntry>
        </property>
      </staticProperties>
      <dynamicProperties></dynamicProperties>
    </entity>
    <entity class="StaticModelArray" classVersion="4" classID="0xD0" addr="0x2F0F040" id="0x0">
      <staticProperties>
        <property name="name" type="String" container="StaticArray" arraySize="1">
          <containerEntry>StaticModelArray0002</containerEntry>
        </property>
        <property name="dataSet" type="EntityHandle" container="StaticArray" arraySize="1">
          <containerEntry>0x2F89540</containerEntry>
        </property>
        <property name="modelFile" type="FilePtr" container="StaticArray" arraySize="1">
          <containerEntry>/Assets/tpp/environ/object/middle_africa/cliff/mafr_clff007/scenes/mafr_clff007_vrtn001.fmdl</containerEntry>
        </property>
        <property name="geomFile" type="FilePtr" container="StaticArray" arraySize="1">
          <containerEntry>/Assets/tpp/environ/object/middle_africa/cliff/mafr_clff007/scenes/mafr_clff007_vrtn001.geom</containerEntry>
        </property>
        <property name="isVisibleGeom" type="Bool" container="StaticArray" arraySize="1">
          <containerEntry>false</containerEntry>
        </property>
        <property name="lodFarSize" type="Float" container="StaticArray" arraySize="1">
          <containerEntry>-1</containerEntry>
        </property>
        <property name="lodNearSize" type="Float" container="StaticArray" arraySize="1">
          <containerEntry>-1</containerEntry>
        </property>
        <property name="lodPolygonSize" type="Float" container="StaticArray" arraySize="1">
          <containerEntry>-1</containerEntry>
        </property>
        <property name="drawRejectionLevel" type="Int32" container="StaticArray" arraySize="1">
          <containerEntry>5</containerEntry>
        </property>
        <property name="drawMode" type="Int32" container="StaticArray" arraySize="1">
          <containerEntry>0</containerEntry>
        </property>
        <property name="rejectFarRangeShadowCast" type="Int32" container="StaticArray" arraySize="1">
          <containerEntry>2</containerEntry>
        </property>
        <property name="parentLocator" type="EntityLink" container="StaticArray" arraySize="1">
          <containerEntry packagePathHash="0xB8A0BF169F98" archivePathHash="0xB8A0BF169F98" nameInArchiveHash="0xB8A0BF169F98">0x0</containerEntry>
        </property>
        <property name="transforms" type="Matrix4" container="DynamicArray" arraySize="2">
          <containerEntry r11="0.1614842" r12="-0.1204943" r13="0.97949004" r14="0" r21="0.06390027" r22="0.99171203" r23="0.11146276" r24="0" r31="-0.9848027" r32="0.044590507" r33="0.16784549" r34="0" r41="1569.6915" r42="133.24931" r43="-1212.6244" r44="1"></containerEntry>
          <containerEntry r11="-0.03668305" r12="-0.098674476" r13="0.99444157" r14="0" r21="0.020796515" r22="0.9948223" r23="0.09947926" r24="0" r31="-0.99910873" r32="0.02433034" r33="-0.034440994" r34="0" r41="1578.1232" r42="133.90816" r43="-1122.9802" r44="1"></containerEntry>
        </property>
        <property name="colors" type="UInt32" container="DynamicArray" arraySize="2">
          <containerEntry>4294967295</containerEntry>
          <containerEntry>4294967295</containerEntry>
        </property>
      </staticProperties>
      <dynamicProperties></dynamicProperties>
    </entity>
    <entity class="StaticModelArray" classVersion="4" classID="0xD0" addr="0x2F0F2E0" id="0x0">
      <staticProperties>
        <property name="name" type="String" container="StaticArray" arraySize="1">
          <containerEntry>StaticModelArray0003</containerEntry>
        </property>
        <property name="dataSet" type="EntityHandle" container="StaticArray" arraySize="1">
          <containerEntry>0x2F89540</containerEntry>
        </property>
        <property name="modelFile" type="FilePtr" container="StaticArray" arraySize="1">
          <containerEntry>/Assets/tpp/environ/object/middle_africa/grass/mafr_grss026/scenes/mafr_grss026_vrtn002.fmdl</containerEntry>
        </property>
        <property name="geomFile" type="FilePtr" container="StaticArray" arraySize="1">
          <containerEntry>/Assets/tpp/environ/object/middle_africa/grass/mafr_grss026/scenes/mafr_grss026_vrtn002.geom</containerEntry>
        </property>
        <property name="isVisibleGeom" type="Bool" container="StaticArray" arraySize="1">
          <containerEntry>false</containerEntry>
        </property>
        <property name="lodFarSize" type="Float" container="StaticArray" arraySize="1">
          <containerEntry>-1</containerEntry>
        </property>
        <property name="lodNearSize" type="Float" container="StaticArray" arraySize="1">
          <containerEntry>-1</containerEntry>
        </property>
        <property name="lodPolygonSize" type="Float" container="StaticArray" arraySize="1">
          <containerEntry>-1</containerEntry>
        </property>
        <property name="drawRejectionLevel" type="Int32" container="StaticArray" arraySize="1">
          <containerEntry>8</containerEntry>
        </property>
        <property name="drawMode" type="Int32" container="StaticArray" arraySize="1">
          <containerEntry>0</containerEntry>
        </property>
        <property name="rejectFarRangeShadowCast" type="Int32" container="StaticArray" arraySize="1">
          <containerEntry>2</containerEntry>
        </property>
        <property name="parentLocator" type="EntityLink" container="StaticArray" arraySize="1">
          <containerEntry packagePathHash="0xB8A0BF169F98" archivePathHash="0xB8A0BF169F98" nameInArchiveHash="0xB8A0BF169F98">0x0</containerEntry>
        </property>
        <property name="transforms" type="Matrix4" container="DynamicArray" arraySize="25">
          <containerEntry r11="-0.008470397" r12="-0.07135694" r13="-0.99741447" r14="0" r21="0.012513502" r22="0.997365" r23="-0.07145964" r24="0" r31="0.99988544" r32="-0.013086474" r33="-0.007555127" r34="0" r41="1556.7972" r42="124.6369" r43="-1270.2628" r44="1"></containerEntry>
          <containerEntry r11="0.6040075" r12="1.15484e-06" r13="0.7969785" r14="0" r21="0.21217147" r22="0.96391207" r23="-0.16080008" r24="0" r31="-0.7682173" r32="0.26622057" r33="0.58220994" r34="0" r41="1562.4376" r42="125.24843" r43="-1279.4073" r44="1"></containerEntry>
          <containerEntry r11="-0.036955476" r12="0" r13="0.9993168" r14="0" r21="0" r22="1" r23="0" r24="0" r31="-0.9993168" r32="0" r33="-0.036955476" r34="0" r41="1561.9375" r42="125.067825" r43="-1279.8818" r44="1"></containerEntry>
          <containerEntry r11="1" r12="0" r13="0" r14="0" r21="0" r22="1" r23="0" r24="0" r31="0" r32="0" r33="1" r34="0" r41="1560.5049" r42="124.65" r43="-1280.67" r44="1"></containerEntry>
          <containerEntry r11="0.7042626" r12="0" r13="0.7099391" r14="0" r21="0" r22="1" r23="0" r24="0" r31="-0.7099391" r32="0" r33="0.7042626" r34="0" r41="1554.4863" r42="125.11541" r43="-1225.7725" r44="1"></containerEntry>
          <containerEntry r11="0.55166036" r12="-0.16305658" r13="-0.81797475" r14="0" r21="-0.14406195" r22="0.94733775" r23="-0.28600228" r24="0" r31="0.8215329" r32="0.27561516" r33="0.4991184" r34="0" r41="1541.1727" r42="124.58813" r43="-1231.2368" r44="1"></containerEntry>
          <containerEntry r11="0.19615161" r12="-2.7567148e-07" r13="-0.98057413" r14="0" r21="-0.24656394" r22="0.96787065" r23="-0.049322464" r24="0" r31="0.9490689" r32="0.25144878" r33="0.18984932" r34="0" r41="1544.8308" r42="121.876015" r43="-1216.5808" r44="1"></containerEntry>
          <containerEntry r11="0.6293808" r12="0" r13="-0.77709705" r14="0" r21="0" r22="1" r23="0" r24="0" r31="0.77709705" r32="0" r33="0.6293808" r34="0" r41="1545.468" r42="121.686935" r43="-1217.8501" r44="1"></containerEntry>
          <containerEntry r11="-0.38662875" r12="0" r13="-0.92223537" r14="0" r21="0" r22="1" r23="0" r24="0" r31="0.92223537" r32="0" r33="-0.38662875" r34="0" r41="1546.8416" r42="121.69374" r43="-1163.7328" r44="1"></containerEntry>
          <containerEntry r11="-0.31937516" r12="-2.9802322e-08" r13="-0.9476279" r14="0" r21="-0.36160251" r22="0.924333" r23="0.12186952" r24="0" r31="0.87592363" r32="0.3815869" r33="-0.29520893" r34="0" r41="1546.161" r42="121.729546" r43="-1164.1903" r44="1"></containerEntry>
          <containerEntry r11="0.11767942" r12="0" r13="-0.9930506" r14="0" r21="0" r22="1" r23="0" r24="0" r31="0.9930506" r32="0" r33="0.11767942" r34="0" r41="1546.0817" r42="121.73106" r43="-1165.6511" r44="1"></containerEntry>
          <containerEntry r11="0.36253595" r12="0.18718117" r13="-0.9129784" r14="0" r21="-0.038826324" r22="0.98180604" r23="0.18587464" r24="0" r31="0.93116" r32="-0.03193847" r33="0.36320758" r34="0" r41="1545.4889" r42="121.72774" r43="-1166.0839" r44="1"></containerEntry>
          <containerEntry r11="0.59085745" r12="-2.3841858e-07" r13="-0.8067755" r14="0" r21="-0.31005177" r22="0.9232042" r23="-0.22707221" r24="0" r31="0.7448185" r32="0.38430962" r33="0.5454819" r34="0" r41="1546.3967" r42="121.63989" r43="-1168.6073" r44="1"></containerEntry>
          <containerEntry r11="0.6854565" r12="0" r13="0.7281133" r14="0" r21="0" r22="1" r23="0" r24="0" r31="-0.7281133" r32="0" r33="0.6854565" r34="0" r41="1568.6045" r42="121.6514" r43="-1183.1656" r44="1"></containerEntry>
          <containerEntry r11="0.41696626" r12="0" r13="0.90892154" r14="0" r21="0" r22="1" r23="0" r24="0" r31="-0.90892154" r32="0" r33="0.41696626" r34="0" r41="1569.3802" r42="121.65377" r43="-1178.9137" r44="1"></containerEntry>
          <containerEntry r11="0.46362132" r12="0" r13="-0.8860331" r14="0" r21="0" r22="1" r23="0" r24="0" r31="0.8860331" r32="0" r33="0.46362132" r34="0" r41="1546.4407" r42="120.178566" r43="-1153.1001" r44="1"></containerEntry>
          <containerEntry r11="0.24688941" r12="0" r13="-0.9690435" r14="0" r21="0" r22="1" r23="0" r24="0" r31="0.9690435" r32="0" r33="0.24688941" r34="0" r41="1546.2549" r42="120.1996" r43="-1153.8154" r44="1"></containerEntry>
          <containerEntry r11="-0.17349052" r12="0" r13="-0.98483413" r14="0" r21="0" r22="1" r23="0" r24="0" r31="0.98483413" r32="0" r33="-0.17349052" r34="0" r41="1541.6509" r42="120.20759" r43="-1129.5532" r44="1"></containerEntry>
          <containerEntry r11="0.91723734" r12="0" r13="-0.39834124" r14="0" r21="0" r22="1" r23="0" r24="0" r31="0.39834124" r32="0" r33="0.91723734" r34="0" r41="1541.4962" r42="120.175514" r43="-1128.3049" r44="1"></containerEntry>
          <containerEntry r11="0.7943898" r12="-0.07890191" r13="-0.60226184" r14="0" r21="0.009785958" r22="0.993061" r23="-0.11719243" r24="0" r31="0.6073294" r32="0.08720274" r33="0.7896496" r34="0" r41="1550.3281" r42="121.61032" r43="-1175.7028" r44="1"></containerEntry>
          <containerEntry r11="1" r12="0" r13="0" r14="0" r21="0" r22="1" r23="0" r24="0" r31="0" r32="0" r33="1" r34="0" r41="1549.5243" r42="121.793045" r43="-1175.2671" r44="1"></containerEntry>
          <containerEntry r11="0.32501712" r12="-0.1139929" r13="-0.9388132" r14="0" r21="0.009785321" r22="0.993061" r23="-0.11719218" r24="0" r31="0.94565785" r32="0.028902922" r33="0.32387727" r34="0" r41="1552.194" r42="121.664635" r43="-1178.4988" r44="1"></containerEntry>
          <containerEntry r11="-0.79744375" r12="0.1460369" r13="-0.58545125" r14="0" r21="-0.04935594" r22="0.9512308" r23="0.3045058" r24="0" r31="0.6013684" r32="0.2717223" r33="-0.7513452" r34="0" r41="1562.9642" r42="121.7787" r43="-1163.46" r44="1"></containerEntry>
          <containerEntry r11="-0.54181886" r12="0.2571468" r13="0.8001882" r14="0" r21="0.47609815" r22="0.8784789" r23="0.040066957" r24="0" r31="-0.69264525" r32="0.40267727" r33="-0.5984035" r34="0" r41="1573.2938" r42="121.67397" r43="-1164.9465" r44="1"></containerEntry>
          <containerEntry r11="0.8985658" r12="2.644956e-07" r13="-0.43883848" r14="0" r21="-0.08983505" r22="0.9788226" r23="-0.1839455" r24="0" r31="0.429545" r32="0.20471025" r33="0.87953657" r34="0" r41="1547.4807" r42="120.42772" r43="-1157.417" r44="1"></containerEntry>
        </property>
        <property name="colors" type="UInt32" container="DynamicArray" arraySize="25">
          <containerEntry>4294967295</containerEntry>
          <containerEntry>4294967295</containerEntry>
          <containerEntry>4294967295</containerEntry>
          <containerEntry>4294967295</containerEntry>
          <containerEntry>4294967295</containerEntry>
          <containerEntry>4294967295</containerEntry>
          <containerEntry>4294967295</containerEntry>
          <containerEntry>4294967295</containerEntry>
          <containerEntry>4294967295</containerEntry>
          <containerEntry>4294967295</containerEntry>
          <containerEntry>4294967295</containerEntry>
          <containerEntry>4294967295</containerEntry>
          <containerEntry>4294967295</containerEntry>
          <containerEntry>4294967295</containerEntry>
          <containerEntry>4294967295</containerEntry>
          <containerEntry>4294967295</containerEntry>
          <containerEntry>4294967295</containerEntry>
          <containerEntry>4294967295</containerEntry>
          <containerEntry>4294967295</containerEntry>
          <containerEntry>4294967295</containerEntry>
          <containerEntry>4294967295</containerEntry>
          <containerEntry>4294967295</containerEntry>
          <containerEntry>4294967295</containerEntry>
          <containerEntry>4294967295</containerEntry>
          <containerEntry>4294967295</containerEntry>
        </property>
      </staticProperties>
      <dynamicProperties></dynamicProperties>
    </entity>
    <entity class="StaticModelArray" classVersion="4" classID="0xD0" addr="0x2F0EDA0" id="0x0">
      <staticProperties>
        <property name="name" type="String" container="StaticArray" arraySize="1">
          <containerEntry>StaticModelArray0004</containerEntry>
        </property>
        <property name="dataSet" type="EntityHandle" container="StaticArray" arraySize="1">
          <containerEntry>0x2F89540</containerEntry>
        </property>
        <property name="modelFile" type="FilePtr" container="StaticArray" arraySize="1">
          <containerEntry>/Assets/tpp/environ/object/middle_africa/cliff/mafr_clff004/scenes/mafr_clff004_grnd001.fmdl</containerEntry>
        </property>
        <property name="geomFile" type="FilePtr" container="StaticArray" arraySize="1">
          <containerEntry>/Assets/tpp/environ/object/middle_africa/cliff/mafr_clff004/scenes/mafr_clff004_grnd001.geom</containerEntry>
        </property>
        <property name="isVisibleGeom" type="Bool" container="StaticArray" arraySize="1">
          <containerEntry>false</containerEntry>
        </property>
        <property name="lodFarSize" type="Float" container="StaticArray" arraySize="1">
          <containerEntry>-1</containerEntry>
        </property>
        <property name="lodNearSize" type="Float" container="StaticArray" arraySize="1">
          <containerEntry>-1</containerEntry>
