<fox formatVersion="2" fileVersion="0">
  <entities>
    <entity class="DataSet" classVersion="0" classID="0xE8" addr="0x2F51DD0" id="0x9B3645">
      <staticProperties>
        <property name="name" type="String" container="StaticArray" arraySize="1">
          <containerEntry hash="0xB8A0BF169F98"></containerEntry>
        </property>
        <property name="dataSet" type="EntityHandle" container="StaticArray" arraySize="1">
          <containerEntry>0x0</containerEntry>
        </property>
        <property name="dataList" type="EntityPtr" container="StringMap" arraySize="6">
          <containerEntry key="StaticModelArray0000">
            <data>0x2D7BE60</data>
          </containerEntry>
          <containerEntry key="StaticModelArray0001">
            <data>0x2D7BED0</data>
          </containerEntry>
          <containerEntry key="StaticModelArray0002">
            <data>0x2D7BF40</data>
          </containerEntry>
          <containerEntry key="StaticModelArray0003">
            <data>0x2F522A0</data>
          </containerEntry>
          <containerEntry key="StaticModelArray0004">
            <data>0x2D7BB50</data>
          </containerEntry>
          <containerEntry key="TexturePackLoadConditioner0000">
            <data>0x2D7C4F0</data>
          </containerEntry>
        </property>
      </staticProperties>
      <dynamicProperties></dynamicProperties>
    </entity>
    <entity class="StaticModelArray" classVersion="4" classID="0xD0" addr="0x2D7BE60" id="0x0">
      <staticProperties>
        <property name="name" type="String" container="StaticArray" arraySize="1">
          <containerEntry>StaticModelArray0000</containerEntry>
        </property>
        <property name="dataSet" type="EntityHandle" container="StaticArray" arraySize="1">
          <containerEntry>0x2F51DD0</containerEntry>
        </property>
        <property name="modelFile" type="FilePtr" container="StaticArray" arraySize="1">
          <containerEntry>/Assets/tpp/environ/object/middle_africa/cliff/mafr_clff003/scenes/mafr_clff003.fmdl</containerEntry>
        </property>
        <property name="geomFile" type="FilePtr" container="StaticArray" arraySize="1">
          <containerEntry>/Assets/tpp/environ/object/middle_africa/cliff/mafr_clff003/scenes/mafr_clff003.geom</containerEntry>
        </property>
        <property name="isVisibleGeom" type="Bool" container="StaticArray" arraySize="1">
          <containerEntry>false</containerEntry>
        </property>
        <property name="lodFarSize" type="Float" container="StaticArray" arraySize="1">
          <containerEntry>50</containerEntry>
        </property>
        <property name="lodNearSize" type="Float" container="StaticArray" arraySize="1">
          <containerEntry>400</containerEntry>
        </property>
        <property name="lodPolygonSize" type="Float" container="StaticArray" arraySize="1">
          <containerEntry>-1</containerEntry>
        </property>
        <property name="drawRejectionLevel" type="Int32" container="StaticArray" arraySize="1">
          <containerEntry>7</containerEntry>
        </property>
        <property name="drawMode" type="Int32" container="StaticArray" arraySize="1">
          <containerEntry>0</containerEntry>
        </property>
        <property name="rejectFarRangeShadowCast" type="Int32" container="StaticArray" arraySize="1">
          <containerEntry>2</containerEntry>
        </property>
        <property name="parentLocator" type="EntityLink" container="StaticArray" arraySize="1">
          <containerEntry packagePathHash="0xB8A0BF169F98" archivePathHash="0xB8A0BF169F98" nameInArchiveHash="0xB8A0BF169F98">0x0</containerEntry>
        </property>
        <property name="transforms" type="Matrix4" container="DynamicArray" arraySize="4">
          <containerEntry r11="-0.036221147" r12="0" r13="-0.999343" r14="0" r21="0" r22="1" r23="0" r24="0" r31="0.999343" r32="0" r33="-0.036221147" r34="0" r41="2338.1394" r42="112.311386" r43="-1313.0997" r44="1"></containerEntry>
          <containerEntry r11="0.41808054" r12="0.034947254" r13="-0.907738" r14="0" r21="-0.0146191865" r22="0.9993891" r23="0.031742558" r24="0" r31="0.9082928" r32="-5.7742e-07" r33="0.41833603" r34="0" r41="2351.1577" r42="110.508385" r43="-1380.5476" r44="1"></containerEntry>
          <containerEntry r11="0.9524665" r12="0.03820628" r13="-0.30223805" r14="0" r21="-0.033844024" r22="0.9992338" r23="0.019659007" r24="0" r31="0.30275756" r32="-0.008495582" r33="0.9530297" r34="0" r41="2386.3577" r42="101.92838" r43="-1408.9375" r44="1"></containerEntry>
          <containerEntry r11="0.9744015" r12="0" r13="-0.2247926" r14="0" r21="0" r22="1" r23="0" r24="0" r31="0.22479238" r32="0" r33="0.9744005" r34="0" r41="2392.869" r42="80.95623" r43="-1300.4792" r44="1"></containerEntry>
        </property>
        <property name="colors" type="UInt32" container="DynamicArray" arraySize="4">
          <containerEntry>4294967295</containerEntry>
          <containerEntry>4294967295</containerEntry>
          <containerEntry>4294967295</containerEntry>
          <containerEntry>4294967295</containerEntry>
        </property>
      </staticProperties>
      <dynamicProperties></dynamicProperties>
    </entity>
    <entity class="StaticModelArray" classVersion="4" classID="0xD0" addr="0x2D7BED0" id="0x0">
      <staticProperties>
        <property name="name" type="String" container="StaticArray" arraySize="1">
          <containerEntry>StaticModelArray0001</containerEntry>
        </property>
        <property name="dataSet" type="EntityHandle" container="StaticArray" arraySize="1">
          <containerEntry>0x2F51DD0</containerEntry>
        </property>
        <property name="modelFile" type="FilePtr" container="StaticArray" arraySize="1">
          <containerEntry>/Assets/tpp/environ/object/middle_africa/tree/mafr_tree032/scenes/mafr_tree032.fmdl</containerEntry>
        </property>
        <property name="geomFile" type="FilePtr" container="StaticArray" arraySize="1">
          <containerEntry>/Assets/tpp/environ/object/middle_africa/tree/mafr_tree032/scenes/mafr_tree032.geom</containerEntry>
        </property>
        <property name="isVisibleGeom" type="Bool" container="StaticArray" arraySize="1">
          <containerEntry>false</containerEntry>
        </property>
        <property name="lodFarSize" type="Float" container="StaticArray" arraySize="1">
          <containerEntry>-1</containerEntry>
        </property>
        <property name="lodNearSize" type="Float" container="StaticArray" arraySize="1">
          <containerEntry>-1</containerEntry>
        </property>
        <property name="lodPolygonSize" type="Float" container="StaticArray" arraySize="1">
          <containerEntry>-1</containerEntry>
        </property>
        <property name="drawRejectionLevel" type="Int32" container="StaticArray" arraySize="1">
          <containerEntry>8</containerEntry>
        </property>
        <property name="drawMode" type="Int32" container="StaticArray" arraySize="1">
          <containerEntry>0</containerEntry>
        </property>
        <property name="rejectFarRangeShadowCast" type="Int32" container="StaticArray" arraySize="1">
          <containerEntry>2</containerEntry>
        </property>
        <property name="parentLocator" type="EntityLink" container="StaticArray" arraySize="1">
          <containerEntry packagePathHash="0xB8A0BF169F98" archivePathHash="0xB8A0BF169F98" nameInArchiveHash="0xB8A0BF169F98">0x0</containerEntry>
        </property>
        <property name="transforms" type="Matrix4" container="DynamicArray" arraySize="11">
          <containerEntry r11="-0.30968538" r12="0.020270318" r13="0.39202872" r14="0" r21="0.036521632" r22="0.49865496" r23="0.0030667959" r24="0" r31="-0.3908498" r32="0.030534482" r33="-0.31033292" r34="0" r41="2352.4912" r42="107.22299" r43="-1386.2142" r44="1"></containerEntry>
          <containerEntry r11="0.20893563" r12="-0.113623776" r13="0.43981448" r14="0" r21="0.07779698" r22="0.48590377" r23="0.08857296" r24="0" r31="-0.447543" r32="0.031420287" r33="0.22072437" r34="0" r41="2367.9963" r42="104.30837" r43="-1389.0549" r44="1"></containerEntry>
          <containerEntry r11="-0.30968538" r12="0.020270318" r13="0.39202872" r14="0" r21="0.036521632" r22="0.49865496" r23="0.0030667959" r24="0" r31="-0.3908498" r32="0.030534482" r33="-0.31033292" r34="0" r41="2347.0576" r42="110.86037" r43="-1365.6571" r44="1"></containerEntry>
          <containerEntry r11="-0.41982305" r12="0.029086664" r13="0.27000898" r14="0" r21="0.036521245" r22="0.49865496" r23="0.0030674618" r24="0" r31="-0.26910418" r32="0.022297705" r33="-0.42081827" r34="0" r41="2334.401" r42="108.040344" r43="-1343.1608" r44="1"></containerEntry>
          <containerEntry r11="-0.42984313" r12="0.029920565" r13="0.25365627" r14="0" r21="0.036520712" r22="0.49865502" r23="0.003067703" r24="0" r31="-0.2527904" r32="0.021164682" r33="-0.43087235" r34="0" r41="2305.9475" r42="113.69181" r43="-1344.1824" r44="1"></containerEntry>
          <containerEntry r11="-0.17298293" r12="0.012839219" r13="0.46895015" r14="0" r21="0.035688438" r22="0.4987245" r23="-0.0004899204" r24="0" r31="-0.4677664" r32="0.033302695" r33="-0.17345805" r34="0" r41="2351.8257" r42="108.72094" r43="-1322.0375" r44="1"></containerEntry>
          <containerEntry r11="0.22253294" r12="0.032700628" r13="0.44655466" r14="0" r21="0.013626204" r22="0.4979392" r23="-0.04325389" r24="0" r31="-0.44754297" r32="0.031420533" r33="0.22072458" r34="0" r41="2339.1748" r42="114.24228" r43="-1287.5004" r44="1"></containerEntry>
          <containerEntry r11="-0.24124922" r12="0.02820551" r13="0.5486376" r14="0" r21="0.03429629" r22="0.5988131" r23="-0.01570413" r24="0" r31="-0.5482906" r32="0.025046041" r33="-0.24238427" r34="0" r41="2338.5952" r42="114.44483" r43="-1290.6473" r44="1"></containerEntry>
          <containerEntry r11="-0.6604106" r12="0.0037785918" r13="0.45149285" r14="0" r21="0.023964902" r22="0.7991377" r23="0.028365985" r24="0" r31="-0.45087218" r32="0.036941413" r33="-0.6598119" r34="0" r41="2300.8452" r42="113.32928" r43="-1297.5544" r44="1"></containerEntry>
          <containerEntry r11="-0.40884006" r12="0.035146847" r13="-0.9119296" r14="0" r21="-0.034791246" r22="0.9979315" r23="0.05405922" r24="0" r31="0.9119432" r32="0.053828698" r33="-0.40677154" r34="0" r41="2304.0273" r42="113.260765" r43="-1293.0916" r44="1"></containerEntry>
          <containerEntry r11="0.8457919" r12="0.048771925" r13="-0.53127885" r14="0" r21="-0.062242344" r22="0.99803317" r23="-0.0074688904" r24="0" r31="0.52986956" r32="0.03938519" r33="0.847164" r34="0" r41="2298.0203" r42="114.62443" r43="-1274.8019" r44="1"></containerEntry>
        </property>
        <property name="colors" type="UInt32" container="DynamicArray" arraySize="11">
          <containerEntry>4294967295</containerEntry>
          <containerEntry>4294967295</containerEntry>
          <containerEntry>4294967295</containerEntry>
          <containerEntry>4294967295</containerEntry>
          <containerEntry>4294967295</containerEntry>
          <containerEntry>4294967295</containerEntry>
          <containerEntry>4294967295</containerEntry>
          <containerEntry>4294967295</containerEntry>
          <containerEntry>4294967295</containerEntry>
          <containerEntry>4294967295</containerEntry>
          <containerEntry>4294967295</containerEntry>
        </property>
      </staticProperties>
      <dynamicProperties></dynamicProperties>
    </entity>
    <entity class="StaticModelArray" classVersion="4" classID="0xD0" addr="0x2D7BF40" id="0x0">
      <staticProperties>
        <property name="name" type="String" container="StaticArray" arraySize="1">
          <containerEntry>StaticModelArray0002</containerEntry>
        </property>
        <property name="dataSet" type="EntityHandle" container="StaticArray" arraySize="1">
          <containerEntry>0x2F51DD0</containerEntry>
        </property>
        <property name="modelFile" type="FilePtr" container="StaticArray" arraySize="1">
          <containerEntry>/Assets/tpp/environ/object/middle_africa/rock/mafr_rock002/scenes/mafr_rock002.fmdl</containerEntry>
        </property>
        <property name="geomFile" type="FilePtr" container="StaticArray" arraySize="1">
          <containerEntry>/Assets/tpp/environ/object/middle_africa/rock/mafr_rock002/scenes/mafr_rock002.geom</containerEntry>
        </property>
        <property name="isVisibleGeom" type="Bool" container="StaticArray" arraySize="1">
          <containerEntry>false</containerEntry>
        </property>
        <property name="lodFarSize" type="Float" container="StaticArray" arraySize="1">
          <containerEntry>-1</containerEntry>
        </property>
        <property name="lodNearSize" type="Float" container="StaticArray" arraySize="1">
          <containerEntry>-1</containerEntry>
        </property>
        <property name="lodPolygonSize" type="Float" container="StaticArray" arraySize="1">
          <containerEntry>-1</containerEntry>
        </property>
        <property name="drawRejectionLevel" type="Int32" container="StaticArray" arraySize="1">
          <containerEntry>8</containerEntry>
        </property>
        <property name="drawMode" type="Int32" container="StaticArray" arraySize="1">
          <containerEntry>0</containerEntry>
        </property>
        <property name="rejectFarRangeShadowCast" type="Int32" container="StaticArray" arraySize="1">
          <containerEntry>2</containerEntry>
        </property>
        <property name="parentLocator" type="EntityLink" container="StaticArray" arraySize="1">
          <containerEntry packagePathHash="0xB8A0BF169F98" archivePathHash="0xB8A0BF169F98" nameInArchiveHash="0xB8A0BF169F98">0x0</containerEntry>
        </property>
        <property name="transforms" type="Matrix4" container="DynamicArray" arraySize="29">
          <containerEntry r11="0.91905063" r12="0" r13="-0.39413688" r14="0" r21="0" r22="1" r23="0" r24="0" r31="0.39413688" r32="0" r33="0.91905063" r34="0" r41="2377.8381" r42="82.167274" r43="-1290.6604" r44="1"></containerEntry>
          <containerEntry r11="0.43000835" r12="0" r13="0.90282476" r14="0" r21="0" r22="1" r23="0" r24="0" r31="-0.90282476" r32="0" r33="0.43000835" r34="0" r41="2370.701" r42="83.314865" r43="-1295.9099" r44="1"></containerEntry>
          <containerEntry r11="-0.9822953" r12="0" r13="-0.18739016" r14="0" r21="0" r22="1" r23="0" r24="0" r31="0.18739016" r32="0" r33="-0.9822953" r34="0" r41="2417.4238" r42="79.984184" r43="-1374.4415" r44="1"></containerEntry>
          <containerEntry r11="0.7439544" r12="0.006096789" r13="-0.66824406" r14="0" r21="-0.053911366" r22="0.9972465" r23="-0.05092082" r24="0" r31="0.6660936" r32="0.073908746" r33="0.74223465" r34="0" r41="2412.1824" r42="80.50294" r43="-1390.971" r44="1"></containerEntry>
          <containerEntry r11="-0.20482954" r12="0" r13="-0.97881067" r14="0" r21="0" r22="1" r23="0" r24="0" r31="0.97881067" r32="0" r33="-0.20482954" r34="0" r41="2418.0945" r42="80.211365" r43="-1371.2604" r44="1"></containerEntry>
          <containerEntry r11="0.7179106" r12="0" r13="0.6961494" r14="0" r21="0" r22="1" r23="0" r24="0" r31="-0.6961494" r32="0" r33="0.7179106" r34="0" r41="2377.7505" r42="79.37006" r43="-1344.8173" r44="1"></containerEntry>
          <containerEntry r11="-0.8852012" r12="0" r13="0.46521315" r14="0" r21="0" r22="1" r23="0" r24="0" r31="-0.46521315" r32="0" r33="-0.8852012" r34="0" r41="2384.1733" r42="83.99753" r43="-1310.7745" r44="1"></containerEntry>
          <containerEntry r11="-0.9666529" r12="0" r13="-0.25611472" r14="0" r21="0" r22="1" r23="0" r24="0" r31="0.25611472" r32="0" r33="-0.9666529" r34="0" r41="2384.919" r42="79.42948" r43="-1343.3289" r44="1"></containerEntry>
          <containerEntry r11="-0.3576547" r12="0" r13="-0.9338523" r14="0" r21="0" r22="1" r23="0" r24="0" r31="0.9338523" r32="0" r33="-0.3576547" r34="0" r41="2366.5881" r42="81.8849" r43="-1286.2983" r44="1"></containerEntry>
          <containerEntry r11="-0.19843204" r12="-0.11629272" r13="-0.9732035" r14="0" r21="0.009672947" r22="0.99265534" r23="-0.120589405" r24="0" r31="0.9800793" r32="-0.03334254" r33="-0.19584975" r34="0" r41="2361.307" r42="83.65937" r43="-1337.6353" r44="1"></containerEntry>
          <containerEntry r11="-0.76244307" r12="0" r13="0.64706624" r14="0" r21="0" r22="1" r23="0" r24="0" r31="-0.64706624" r32="0" r33="-0.76244307" r34="0" r41="2409.3616" r42="76.09772" r43="-1333.9828" r44="1"></containerEntry>
          <containerEntry r11="0.09550713" r12="0" r13="0.9954361" r14="0" r21="0" r22="1" r23="0" r24="0" r31="-0.9954361" r32="0" r33="0.09550713" r34="0" r41="2425.6587" r42="81.812355" r43="-1364.9323" r44="1"></containerEntry>
          <containerEntry r11="0.8247409" r12="0" r13="-0.5655388" r14="0" r21="0" r22="1" r23="0" r24="0" r31="0.5655388" r32="0" r33="0.8247409" r34="0" r41="2387.128" r42="77.065765" r43="-1362.5458" r44="1"></containerEntry>
          <containerEntry r11="0.6974242" r12="0" r13="-0.716685" r14="0" r21="0" r22="1" r23="0" r24="0" r31="0.716685" r32="0" r33="0.6974242" r34="0" r41="2395.028" r42="78.14364" r43="-1368.6967" r44="1"></containerEntry>
          <containerEntry r11="0.23050053" r12="0" r13="-0.97309446" r14="0" r21="0" r22="1" r23="0" r24="0" r31="0.97309446" r32="0" r33="0.23050053" r34="0" r41="2381.3567" r42="77.25516" r43="-1376.1711" r44="1"></containerEntry>
          <containerEntry r11="0.3671134" r12="0" r13="-0.93020296" r14="0" r21="0" r22="1" r23="0" r24="0" r31="0.93020296" r32="0" r33="0.3671134" r34="0" r41="2363.4285" r42="77.59767" r43="-1364.194" r44="1"></containerEntry>
          <containerEntry r11="-0.3576547" r12="0" r13="-0.9338523" r14="0" r21="0" r22="1" r23="0" r24="0" r31="0.9338523" r32="0" r33="-0.3576547" r34="0" r41="2383.0083" r42="81.6949" r43="-1286.2983" r44="1"></containerEntry>
          <containerEntry r11="-0.8852012" r12="0" r13="0.46521315" r14="0" r21="0" r22="1" r23="0" r24="0" r31="-0.46521315" r32="0" r33="-0.8852012" r34="0" r41="2416.8997" r42="81.307755" r43="-1305.325" r44="1"></containerEntry>
          <containerEntry r11="-0.13033167" r12="0" r13="-0.99147147" r14="0" r21="0" r22="1" r23="0" r24="0" r31="0.99147147" r32="0" r33="-0.13033167" r34="0" r41="2406.2908" r42="82.28399" r43="-1319.0848" r44="1"></containerEntry>
          <containerEntry r11="-0.4945062" r12="0.02750428" r13="-3.9692173" r14="0" r21="0.38066852" r22="3.9817958" r23="-0.019834518" r24="0" r31="3.951017" r32="-0.38019133" r33="-0.4948733" r34="0" r41="2336.571" r42="109.986664" r43="-1389.9303" r44="1"></containerEntry>
          <containerEntry r11="-0.8110149" r12="0" r13="2.8882902" r14="0" r21="0" r22="3" r23="0" r24="0" r31="-2.8882902" r32="0" r33="-0.8110149" r34="0" r41="2325.5762" r42="109.36668" r43="-1351.2976" r44="1"></containerEntry>
          <containerEntry r11="-1.6702503" r12="-0.1366004" r13="-3.632014" r14="0" r21="-0.31287736" r22="3.98774" r23="-0.006095886" r24="0" r31="3.6210902" r32="0.2815488" r33="-1.6758158" r34="0" r41="2321.291" r42="112.07666" r43="-1306.2303" r44="1"></containerEntry>
          <containerEntry r11="0.70168585" r12="0.12495084" r13="-0.7014328" r14="0" r21="-0.090385124" r22="0.9921588" r23="0.08632201" r24="0" r31="0.70671874" r32="0.0028281992" r33="0.70747745" r34="0" r41="2415.9019" r42="82.11159" r43="-1397.0677" r44="1"></containerEntry>
          <containerEntry r11="-0.99987906" r12="0" r13="-0.015375523" r14="0" r21="0" r22="1" r23="0" r24="0" r31="0.015375523" r32="0" r33="-0.99987906" r34="0" r41="2425.6936" r42="82.344894" r43="-1397.7104" r44="1"></containerEntry>
          <containerEntry r11="0.9710863" r12="-0.10207062" r13="0.21578437" r14="0" r21="0.15488395" r22="0.95727414" r23="-0.24420708" r24="0" r31="-0.18163842" r32="0.27056774" r33="0.94540495" r34="0" r41="2411.307" r42="77.27567" r43="-1281.0115" r44="1"></containerEntry>
          <containerEntry r11="0.99868274" r12="0" r13="-0.051192895" r14="0" r21="0" r22="1" r23="0" r24="0" r31="0.051192895" r32="0" r33="0.99868274" r34="0" r41="2396.7573" r42="81.51627" r43="-1293.5311" r44="1"></containerEntry>
          <containerEntry r11="-0.7933039" r12="0.29175553" r13="0.5343519" r14="0" r21="0.24198252" r22="0.9564923" r23="-0.1629932" r24="0" r31="-0.5586577" r32="5.14087e-07" r33="-0.8293888" r34="0" r41="2408.2163" r42="78.49682" r43="-1296.2819" r44="1"></containerEntry>
          <containerEntry r11="0.7194082" r12="0" r13="-0.6945784" r14="0" r21="0" r22="1" r23="0" r24="0" r31="0.6945784" r32="0" r33="0.7194082" r34="0" r41="2416.5637" r42="76.56309" r43="-1297.3455" r44="1"></containerEntry>
          <containerEntry r11="-0.19843204" r12="-0.11629272" r13="-0.9732035" r14="0" r21="0.009672947" r22="0.99265534" r23="-0.120589405" r24="0" r31="0.9800793" r32="-0.03334254" r33="-0.19584975" r34="0" r41="2357.5464" r42="83.7873" r43="-1336.8838" r44="1"></containerEntry>
        </property>
        <property name="colors" type="UInt32" container="DynamicArray" arraySize="29">
          <containerEntry>4294967295</containerEntry>
          <containerEntry>4294967295</containerEntry>
          <containerEntry>4294967295</containerEntry>
          <containerEntry>4294967295</containerEntry>
          <containerEntry>4294967295</containerEntry>
          <containerEntry>4294967295</containerEntry>
          <containerEntry>4294967295</containerEntry>
          <containerEntry>4294967295</containerEntry>
          <containerEntry>4294967295</containerEntry>
          <containerEntry>4294967295</containerEntry>
          <containerEntry>4294967295</containerEntry>
          <containerEntry>4294967295</containerEntry>
          <containerEntry>4294967295</containerEntry>
          <containerEntry>4294967295</containerEntry>
          <containerEntry>4294967295</containerEntry>
          <containerEntry>4294967295</containerEntry>
          <containerEntry>4294967295</containerEntry>
          <containerEntry>4294967295</containerEntry>
          <containerEntry>4294967295</containerEntry>
          <containerEntry>4294967295</containerEntry>
          <containerEntry>4294967295</containerEntry>
          <containerEntry>4294967295</containerEntry>
          <containerEntry>4294967295</containerEntry>
          <containerEntry>4294967295</containerEntry>
          <containerEntry>4294967295</containerEntry>
          <containerEntry>4294967295</containerEntry>
          <containerEntry>4294967295</containerEntry>
          <containerEntry>4294967295</containerEntry>
          <containerEntry>4294967295</containerEntry>
        </property>
      </staticProperties>
      <dynamicProperties></dynamicProperties>
    </entity>
    <entity class="StaticModelArray" classVersion="4" classID="0xD0" addr="0x2F522A0" id="0x0">
      <staticProperties>
        <property name="name" type="String" container="StaticArray" arraySize="1">
          <containerEntry>StaticModelArray0003</containerEntry>
        </property>
        <property name="dataSet" type="EntityHandle" container="StaticArray" arraySize="1">
          <containerEntry>0x2F51DD0</containerEntry>
        </property>
        <property name="modelFile" type="FilePtr" container="StaticArray" arraySize="1">
          <containerEntry>/Assets/tpp/environ/object/middle_africa/rock/mafr_rock007/scenes/mafr_rock007.fmdl</containerEntry>
        </property>
        <property name="geomFile" type="FilePtr" container="StaticArray" arraySize="1">
          <containerEntry>/Assets/tpp/environ/object/middle_africa/rock/mafr_rock007/scenes/mafr_rock007.geom</containerEntry>
        </property>
        <property name="isVisibleGeom" type="Bool" container="StaticArray" arraySize="1">
          <containerEntry>false</containerEntry>
        </property>
        <property name="lodFarSize" type="Float" container="StaticArray" arraySize="1">
          <containerEntry>-1</containerEntry>
        </property>
        <property name="lodNearSize" type="Float" container="StaticArray" arraySize="1">
          <containerEntry>-1</containerEntry>
        </property>
        <property name="lodPolygonSize" type="Float" container="StaticArray" arraySize="1">
          <containerEntry>-1</containerEntry>
        </property>
        <property name="drawRejectionLevel" type="Int32" container="StaticArray" arraySize="1">
          <containerEntry>8</containerEntry>
        </property>
        <property name="drawMode" type="Int32" container="StaticArray" arraySize="1">
          <containerEntry>0</containerEntry>
        </property>
        <property name="rejectFarRangeShadowCast" type="Int32" container="StaticArray" arraySize="1">
          <containerEntry>2</containerEntry>
        </property>
        <property name="parentLocator" type="EntityLink" container="StaticArray" arraySize="1">
          <containerEntry packagePathHash="0xB8A0BF169F98" archivePathHash="0xB8A0BF169F98" nameInArchiveHash="0xB8A0BF169F98">0x0</containerEntry>
        </property>
        <property name="transforms" type="Matrix4" container="DynamicArray" arraySize="3">
          <containerEntry r11="0.65046275" r12="0.20485432" r13="-0.7313906" r14="0" r21="-0.026979506" r22="0.9685658" r23="0.24728999" r24="0" r31="0.75905836" r32="-0.14112025" r33="0.63554287" r34="0" r41="2414.3352" r42="82.37377" r43="-1398.6613" r44="1"></containerEntry>
          <containerEntry r11="0.85471517" r12="0.05986423" r13="-0.5156335" r14="0" r21="0.16600901" r22="0.9096396" r23="0.3807842" r24="0" r31="0.491836" r32="-0.41106188" r33="0.7675448" r34="0" r41="2412.5776" r42="82.059715" r43="-1397.0707" r44="1"></containerEntry>
          <containerEntry r11="-0.82722616" r12="0.04713271" r13="0.5598842" r14="0" r21="-0.12476519" r22="0.95618826" r23="-0.2648349" r24="0" r31="-0.547837" r32="-0.2889332" r33="-0.78510326" r34="0" r41="2410.995" r42="80.711" r43="-1391.3844" r44="1"></containerEntry>
        </property>
        <property name="colors" type="UInt32" container="DynamicArray" arraySize="3">
          <containerEntry>4294967295</containerEntry>
          <containerEntry>4294967295</containerEntry>
          <containerEntry>4294967295</containerEntry>
        </property>
      </staticProperties>
      <dynamicProperties></dynamicProperties>
    </entity>
    <entity class="StaticModelArray" classVersion="4" classID="0xD0" addr="0x2D7BB50" id="0x0">
      <staticProperties>
        <property name="name" type="String" container="StaticArray" arraySize="1">
          <containerEntry>StaticModelArray0004</containerEntry>
        </property>
        <property name="dataSet" type="EntityHandle" container="StaticArray" arraySize="1">
          <containerEntry>0x2F51DD0</containerEntry>
        </property>
        <property name="modelFile" type="FilePtr" container="StaticArray" arraySize="1">
          <containerEntry>/Assets/tpp/environ/object/middle_africa/tree/mafr_tree038/scenes/mafr_tree038.fmdl</containerEntry>
        </property>
        <property name="geomFile" type="FilePtr" container="StaticArray" arraySize="1">
          <containerEntry>/Assets/tpp/environ/object/middle_africa/tree/mafr_tree038/scenes/mafr_tree038.geom</containerEntry>
        </property>
        <property name="isVisibleGeom" type="Bool" container="StaticArray" arraySize="1">
          <containerEntry>false</containerEntry>
        </property>
        <property name="lodFarSize" type="Float" container="StaticArray" arraySize="1">
          <containerEntry>50</containerEntry>
        </property>
        <property name="lodNearSize" type="Float" container="StaticArray" arraySize="1">
          <containerEntry>400</containerEntry>
        </property>
        <property name="lodPolygonSize" type="Float" container="StaticArray" arraySize="1">
          <containerEntry>-1</containerEntry>
        </property>
        <property name="drawRejectionLevel" type="Int32" container="StaticArray" arraySize="1">
          <containerEntry>8</containerEntry>
        </property>
        <property name="drawMode" type="Int32" container="StaticArray" arraySize="1">
          <containerEntry>0</containerEntry>
        </property>
        <property name="rejectFarRangeShadowCast" type="Int32" container="StaticArray" arraySize="1">
          <containerEntry>2</containerEntry>
        </property>
        <property name="parentLocator" type="EntityLink" container="StaticArray" arraySize="1">
          <containerEntry packagePathHash="0xB8A0BF169F98" archivePathHash="0xB8A0BF169F98" nameInArchiveHash="0xB8A0BF169F98">0x0</containerEntry>
        </property>
        <property name="transforms" type="Matrix4" container="DynamicArray" arraySize="7">
          <containerEntry r11="-0.907654" r12="0" r13="-0.41972792" r14="0" r21="0" r22="1" r23="0" r24="0" r31="0.41972792" r32="0" r33="-0.907654" r34="0" r41="2297.2634" r42="114.402145" r43="-1294.3075" r44="1"></containerEntry>
          <containerEntry r11="-0.907655" r12="0" r13="-0.41972837" r14="0" r21="0" r22="1" r23="0" r24="0" r31="0.41972837" r32="0" r33="-0.907655" r34="0" r41="2305.8962" r42="111.33548" r43="-1405.8638" r44="1"></containerEntry>
          <containerEntry r11="-0.9076567" r12="0" r13="-0.41972917" r14="0" r21="0" r22="1" r23="0" r24="0" r31="0.41972917" r32="0" r33="-0.9076567" r34="0" r41="2381.7603" r42="77.271286" r43="-1363.9471" r44="1"></containerEntry>
          <containerEntry r11="-0.80579" r12="0" r13="0.5922136" r14="0" r21="0" r22="1" r23="0" r24="0" r31="-0.5922136" r32="0" r33="-0.80579" r34="0" r41="2387.1836" r42="82.084305" r43="-1329.5736" r44="1"></containerEntry>
          <containerEntry r11="0.12957968" r12="0" r13="0.99157614" r14="0" r21="0" r22="1" r23="0" r24="0" r31="-0.99157614" r32="0" r33="0.12957968" r34="0" r41="2399.4307" r42="77.67288" r43="-1380.2542" r44="1"></containerEntry>
          <containerEntry r11="0.9464685" r12="-0.0077430555" r13="0.32272533" r14="0" r21="0.052012656" r22="0.99030834" r23="-0.12877935" r24="0" r31="-0.31860042" r32="0.13867138" r33="0.93769836" r34="0" r41="2286.9324" r42="112.7926" r43="-1360.2925" r44="1"></containerEntry>
          <containerEntry r11="-0.18805374" r12="0" r13="-0.98216635" r14="0" r21="0" r22="1" r23="0" r24="0" r31="0.98216635" r32="0" r33="-0.18805374" r34="0" r41="2298.9548" r42="110.83284" r43="-1402.1707" r44="1"></containerEntry>
        </property>
        <property name="colors" type="UInt32" container="DynamicArray" arraySize="7">
          <containerEntry>4294967295</containerEntry>
          <containerEntry>4294967295</containerEntry>
          <containerEntry>4294967295</containerEntry>
          <containerEntry>4294967295</containerEntry>
          <containerEntry>4294967295</containerEntry>
          <containerEntry>4294967295</containerEntry>
          <containerEntry>4294967295</containerEntry>
        </property>
      </staticProperties>
      <dynamicProperties></dynamicProperties>
    </entity>
    <entity class="TexturePackLoadConditioner" classVersion="0" classID="0x48" addr="0x2D7C4F0" id="0x0">
      <staticProperties>
        <property name="name" type="String" container="StaticArray" arraySize="1">
          <containerEntry>TexturePackLoadConditioner0000</containerEntry>
        </property>
        <property name="dataSet" type="EntityHandle" container="StaticArray" arraySize="1">
          <containerEntry>0x2F51DD0</containerEntry>
        </property>
        <property name="texturePackPath" type="Path" container="StaticArray" arraySize="1">
          <containerEntry hash="0xB8A0BF169F98"></containerEntry>
        </property>
      </staticProperties>
      <dynamicProperties></dynamicProperties>
    </entity>
  </entities>
</fox>