<fox formatVersion="2" fileVersion="0">
  <entities>
    <entity class="DataSet" classVersion="0" classID="0xE8" addr="0x32F47D0" id="0xBEE16F">
      <staticProperties>
        <property name="name" type="String" container="StaticArray" arraySize="1">
          <containerEntry hash="0xB8A0BF169F98"></containerEntry>
        </property>
        <property name="dataSet" type="EntityHandle" container="StaticArray" arraySize="1">
          <containerEntry>0x0</containerEntry>
        </property>
        <property name="dataList" type="EntityPtr" container="StringMap" arraySize="13">
          <containerEntry key="mafr_clff015_wall002_0002">
            <data>0x3175E90</data>
          </containerEntry>
          <containerEntry key="cm_mafr_dc_grbg003_">
            <data>0x317E7F0</data>
          </containerEntry>
          <containerEntry key="StaticModelArray0000">
            <data>0x32F1DD0</data>
          </containerEntry>
          <containerEntry key="StaticModelArray0001">
            <data>0x32F1BA0</data>
          </containerEntry>
          <containerEntry key="StaticModelArray0002">
            <data>0x32F1660</data>
          </containerEntry>
          <containerEntry key="StaticModelArray0003">
            <data>0x32F16D0</data>
          </containerEntry>
          <containerEntry key="mafr_clff003_vrtn001_0011">
            <data>0x32F17B0</data>
          </containerEntry>
          <containerEntry key="StaticModelArray0004">
            <data>0x32F1740</data>
          </containerEntry>
          <containerEntry key="StaticModelArray0005">
            <data>0x32F1970</data>
          </containerEntry>
          <containerEntry key="StaticModelArray0006">
            <data>0x32F1B30</data>
          </containerEntry>
          <containerEntry key="mafr_clff004_0008">
            <data>0x32F1C10</data>
          </containerEntry>
          <containerEntry key="DecalArray0000">
            <data>0x32F1C80</data>
          </containerEntry>
          <containerEntry key="TexturePackLoadConditioner0000">
            <data>0x32F2690</data>
          </containerEntry>
        </property>
      </staticProperties>
      <dynamicProperties></dynamicProperties>
    </entity>
    <entity class="StaticModel" classVersion="9" classID="0x160" addr="0x3175E90" id="0xBEE1EF">
      <staticProperties>
        <property name="name" type="String" container="StaticArray" arraySize="1">
          <containerEntry>mafr_clff015_wall002_0002</containerEntry>
        </property>
        <property name="dataSet" type="EntityHandle" container="StaticArray" arraySize="1">
          <containerEntry>0x32F47D0</containerEntry>
        </property>
        <property name="parent" type="EntityHandle" container="StaticArray" arraySize="1">
          <containerEntry>0x0</containerEntry>
        </property>
        <property name="transform" type="EntityPtr" container="StaticArray" arraySize="1">
          <containerEntry>0x3175F00</containerEntry>
        </property>
        <property name="shearTransform" type="EntityPtr" container="StaticArray" arraySize="1">
          <containerEntry>0x0</containerEntry>
        </property>
        <property name="pivotTransform" type="EntityPtr" container="StaticArray" arraySize="1">
          <containerEntry>0x0</containerEntry>
        </property>
        <property name="children" type="EntityHandle" container="List"></property>
        <property name="flags" type="UInt32" container="StaticArray" arraySize="1">
          <containerEntry>3221225479</containerEntry>
        </property>
        <property name="modelFile" type="FilePtr" container="StaticArray" arraySize="1">
          <containerEntry>/Assets/tpp/environ/object/middle_africa/cliff/mafr_clff015/scenes/mafr_clff015_wall002.fmdl</containerEntry>
        </property>
        <property name="geomFile" type="FilePtr" container="StaticArray" arraySize="1">
          <containerEntry>/Assets/tpp/environ/object/middle_africa/cliff/mafr_clff015/scenes/mafr_clff015_wall002.geom</containerEntry>
        </property>
        <property name="isVisibleGeom" type="Bool" container="StaticArray" arraySize="1">
          <containerEntry>false</containerEntry>
        </property>
        <property name="isIsolated" type="Bool" container="StaticArray" arraySize="1">
          <containerEntry>false</containerEntry>
        </property>
        <property name="lodFarSize" type="Float" container="StaticArray" arraySize="1">
          <containerEntry>-1</containerEntry>
        </property>
        <property name="lodNearSize" type="Float" container="StaticArray" arraySize="1">
          <containerEntry>-1</containerEntry>
        </property>
        <property name="lodPolygonSize" type="Float" container="StaticArray" arraySize="1">
          <containerEntry>-1</containerEntry>
        </property>
        <property name="color" type="Color" container="StaticArray" arraySize="1">
          <containerEntry r="1" g="1" b="1" a="1"></containerEntry>
        </property>
        <property name="drawRejectionLevel" type="Int32" container="StaticArray" arraySize="1">
          <containerEntry>8</containerEntry>
        </property>
        <property name="drawMode" type="Int32" container="StaticArray" arraySize="1">
          <containerEntry>0</containerEntry>
        </property>
        <property name="rejectFarRangeShadowCast" type="Int32" container="StaticArray" arraySize="1">
          <containerEntry>2</containerEntry>
        </property>
      </staticProperties>
      <dynamicProperties></dynamicProperties>
    </entity>
    <entity class="TransformEntity" classVersion="0" classID="0x50" addr="0x3175F00" id="0xBEE1F2">
      <staticProperties>
        <property name="owner" type="EntityHandle" container="StaticArray" arraySize="1">
          <containerEntry>0x3175E90</containerEntry>
        </property>
        <property name="transform_scale" type="Vector3" container="StaticArray" arraySize="1">
          <containerEntry x="1" y="1" z="1" w="0"></containerEntry>
        </property>
        <property name="transform_rotation_quat" type="Quat" container="StaticArray" arraySize="1">
          <containerEntry x="0" y="0.651682" z="0" w="0.758492"></containerEntry>
        </property>
        <property name="transform_translation" type="Vector3" container="StaticArray" arraySize="1">
          <containerEntry x="2161.945" y="-4.174252" z="1231.7262" w="0"></containerEntry>
        </property>
      </staticProperties>
      <dynamicProperties></dynamicProperties>
    </entity>
    <entity class="Material" classVersion="6" classID="0xB0" addr="0x317E7F0" id="0xBEE4CB">
      <staticProperties>
        <property name="name" type="String" container="StaticArray" arraySize="1">
          <containerEntry>cm_mafr_dc_grbg003_</containerEntry>
        </property>
        <property name="dataSet" type="EntityHandle" container="StaticArray" arraySize="1">
          <containerEntry>0x32F47D0</containerEntry>
        </property>
        <property name="materialName" type="String" container="StaticArray" arraySize="1">
          <containerEntry hash="0xB8A0BF169F98"></containerEntry>
        </property>
        <property name="shader" type="Path" container="StaticArray" arraySize="1">
          <containerEntry hash="0xB8A0BF169F98"></containerEntry>
        </property>
        <property name="diffuseTexture" type="Path" container="StaticArray" arraySize="1">
          <containerEntry>/Assets/tpp/common_source/fmtr/decal/middle_africa/cm_mafr_dc_grbg003/sourceimages/cm_mafr_dc_grbg003_bsm_alp.ftex</containerEntry>
        </property>
        <property name="srmTexture" type="Path" container="StaticArray" arraySize="1">
          <containerEntry>/Assets/tpp/common_source/fmtr/decal/middle_africa/cm_mafr_dc_grbg003/sourceimages/cm_mafr_dc_grbg003_srm.ftex</containerEntry>
        </property>
        <property name="normalTexture" type="Path" container="StaticArray" arraySize="1">
          <containerEntry>/Assets/tpp/common_source/fmtr/decal/middle_africa/cm_mafr_dc_grbg003/sourceimages/cm_mafr_dc_grbg003_nrm.ftex</containerEntry>
        </property>
        <property name="materialMapTexture" type="Path" container="StaticArray" arraySize="1">
          <containerEntry hash="0xB8A0BF169F98"></containerEntry>
        </property>
        <property name="materialIndex" type="UInt8" container="StaticArray" arraySize="1">
          <containerEntry>21</containerEntry>
        </property>
        <property name="diffuseColor" type="Color" container="StaticArray" arraySize="1">
          <containerEntry r="1" g="1" b="1" a="1"></containerEntry>
        </property>
        <property name="specularColor" type="Color" container="StaticArray" arraySize="1">
          <containerEntry r="0" g="0" b="0" a="0"></containerEntry>
        </property>
        <property name="fmtrPath" type="Path" container="StaticArray" arraySize="1">
          <containerEntry hash="0xB8A0BF169F98"></containerEntry>
        </property>
        <property name="residentFlag" type="Bool" container="StaticArray" arraySize="1">
          <containerEntry>false</containerEntry>
        </property>
      </staticProperties>
      <dynamicProperties></dynamicProperties>
    </entity>
    <entity class="StaticModelArray" classVersion="4" classID="0xD0" addr="0x32F1DD0" id="0x0">
      <staticProperties>
        <property name="name" type="String" container="StaticArray" arraySize="1">
          <containerEntry>StaticModelArray0000</containerEntry>
        </property>
        <property name="dataSet" type="EntityHandle" container="StaticArray" arraySize="1">
          <containerEntry>0x32F47D0</containerEntry>
        </property>
        <property name="modelFile" type="FilePtr" container="StaticArray" arraySize="1">
          <containerEntry>/Assets/tpp/environ/object/middle_africa/rock/mafr_rock002/scenes/mafr_rock002.fmdl</containerEntry>
        </property>
        <property name="geomFile" type="FilePtr" container="StaticArray" arraySize="1">
          <containerEntry>/Assets/tpp/environ/object/middle_africa/rock/mafr_rock002/scenes/mafr_rock002.geom</containerEntry>
        </property>
        <property name="isVisibleGeom" type="Bool" container="StaticArray" arraySize="1">
          <containerEntry>false</containerEntry>
        </property>
        <property name="lodFarSize" type="Float" container="StaticArray" arraySize="1">
          <containerEntry>-1</containerEntry>
        </property>
        <property name="lodNearSize" type="Float" container="StaticArray" arraySize="1">
          <containerEntry>-1</containerEntry>
        </property>
        <property name="lodPolygonSize" type="Float" container="StaticArray" arraySize="1">
          <containerEntry>-1</containerEntry>
        </property>
        <property name="drawRejectionLevel" type="Int32" container="StaticArray" arraySize="1">
          <containerEntry>8</containerEntry>
        </property>
        <property name="drawMode" type="Int32" container="StaticArray" arraySize="1">
          <containerEntry>0</containerEntry>
        </property>
        <property name="rejectFarRangeShadowCast" type="Int32" container="StaticArray" arraySize="1">
          <containerEntry>2</containerEntry>
        </property>
        <property name="parentLocator" type="EntityLink" container="StaticArray" arraySize="1">
          <containerEntry packagePathHash="0xB8A0BF169F98" archivePathHash="0xB8A0BF169F98" nameInArchiveHash="0xB8A0BF169F98">0x0</containerEntry>
        </property>
        <property name="transforms" type="Matrix4" container="DynamicArray" arraySize="12">
          <containerEntry r11="0.16017963" r12="0.002122378" r13="-0.9870845" r14="0" r21="-0.059178866" r22="0.99821955" r23="-0.0074568894" r24="0" r31="0.98531127" r32="0.059609048" r33="0.16002005" r34="0" r41="2074.0508" r42="11.05243" r43="1191.0165" r44="1"></containerEntry>
          <containerEntry r11="-0.73446536" r12="0.07017957" r13="0.67500377" r14="0" r21="-0.009350713" r22="0.99349767" r23="-0.11346741" r24="0" r31="-0.6785778" r32="-0.08964996" r33="-0.7290334" r34="0" r41="2068.0854" r42="12.49597" r43="1199.2373" r44="1"></containerEntry>
          <containerEntry r11="-0.9959762" r12="-0.061134756" r13="0.06549842" r14="0" r21="-0.062778406" r22="0.99775463" r23="-0.023335401" r24="0" r31="-0.06392475" r32="-0.02735344" r33="-0.99757785" r34="0" r41="2069.401" r42="14.840325" r43="1217.1719" r44="1"></containerEntry>
          <containerEntry r11="0.49924186" r12="0.011148838" r13="-0.8663905" r14="0" r21="-0.06277888" r22="0.99775463" r23="-0.023335898" r24="0" r31="0.8641849" r32="0.06604132" r33="0.49882078" r34="0" r41="2076.9104" r42="15.160215" r43="1211.6754" r44="1"></containerEntry>
          <containerEntry r11="0.15518759" r12="-0.14624849" r13="-0.97699827" r14="0" r21="-0.1873579" r22="0.96667457" r23="-0.17446277" r24="0" r31="0.9699543" r32="0.21012285" r33="0.1226151" r34="0" r41="2097.918" r42="10.280691" r43="1170.2848" r44="1"></containerEntry>
          <containerEntry r11="0.17524698" r12="0.059094988" r13="0.9827481" r14="0" r21="0.10457214" r22="0.99143296" r23="-0.07826465" r24="0" r31="-0.9789539" r32="0.11648378" r33="0.16756594" r34="0" r41="2097.8518" r42="12.898741" r43="1183.9877" r44="1"></containerEntry>
          <containerEntry r11="-0.7286239" r12="0.08113633" r13="-0.68008286" r14="0" r21="0.044619557" r22="0.99647224" r23="0.071078055" r24="0" r31="0.68345076" r32="0.02144437" r33="-0.7296738" r34="0" r41="2158.683" r42="15.277678" r43="1264.1134" r44="1"></containerEntry>
          <containerEntry r11="-0.681272" r12="0.11937719" r13="0.7222283" r14="0" r21="0.02976989" r22="0.99031526" r23="-0.13560738" r24="0" r31="-0.7314222" r32="-0.07088509" r33="-0.6782279" r34="0" r41="2097.546" r42="12.481873" r43="1175.7955" r44="1"></containerEntry>
          <containerEntry r11="-0.6560453" r12="0.14211304" r13="0.741219" r14="0" r21="0.17781435" r22="0.98356944" r23="-0.031196576" r24="0" r31="-0.7334737" r32="0.11133307" r33="-0.67053586" r34="0" r41="2079.0352" r42="9.823338" r43="1160.0309" r44="1"></containerEntry>
          <containerEntry r11="-0.99763024" r12="-0.06649666" r13="0.017469253" r14="0" r21="-0.06501425" r22="0.9950696" r23="0.07489704" r24="0" r31="-0.022363536" r32="0.07358406" r33="-0.9970348" r34="0" r41="2085.8599" r42="16.554947" r43="1229.5731" r44="1"></containerEntry>
          <containerEntry r11="0.6987093" r12="-0.049446706" r13="-0.71369416" r14="0" r21="-0.042515863" r22="0.99297535" r23="-0.11041908" r24="0" r31="0.7141406" r32="0.10749416" r33="0.6916989" r34="0" r41="2107.2925" r42="16.52479" r43="1251.196" r44="1"></containerEntry>
          <containerEntry r11="-0.6061469" r12="0.112254135" r13="0.7873823" r14="0" r21="0.02822794" r22="0.99240243" r23="-0.11975196" r24="0" r31="-0.7948428" r32="-0.050361626" r33="-0.6047103" r34="0" r41="2153.676" r42="10.722497" r43="1175.7285" r44="1"></containerEntry>
        </property>
        <property name="colors" type="UInt32" container="DynamicArray" arraySize="12">
          <containerEntry>4294967295</containerEntry>
          <containerEntry>4294967295</containerEntry>
          <containerEntry>4294967295</containerEntry>
          <containerEntry>4294967295</containerEntry>
          <containerEntry>4294967295</containerEntry>
          <containerEntry>4294967295</containerEntry>
          <containerEntry>4294967295</containerEntry>
          <containerEntry>4294967295</containerEntry>
          <containerEntry>4294967295</containerEntry>
          <containerEntry>4294967295</containerEntry>
          <containerEntry>4294967295</containerEntry>
          <containerEntry>4294967295</containerEntry>
        </property>
      </staticProperties>
      <dynamicProperties></dynamicProperties>
    </entity>
    <entity class="StaticModelArray" classVersion="4" classID="0xD0" addr="0x32F1BA0" id="0x0">
      <staticProperties>
        <property name="name" type="String" container="StaticArray" arraySize="1">
          <containerEntry>StaticModelArray0001</containerEntry>
        </property>
        <property name="dataSet" type="EntityHandle" container="StaticArray" arraySize="1">
          <containerEntry>0x32F47D0</containerEntry>
        </property>
        <property name="modelFile" type="FilePtr" container="StaticArray" arraySize="1">
          <containerEntry>/Assets/tpp/environ/object/middle_africa/rock/mafr_rock001/scenes/mafr_rock001.fmdl</containerEntry>
        </property>
        <property name="geomFile" type="FilePtr" container="StaticArray" arraySize="1">
          <containerEntry>/Assets/tpp/environ/object/middle_africa/rock/mafr_rock001/scenes/mafr_rock001.geom</containerEntry>
        </property>
        <property name="isVisibleGeom" type="Bool" container="StaticArray" arraySize="1">
          <containerEntry>false</containerEntry>
        </property>
        <property name="lodFarSize" type="Float" container="StaticArray" arraySize="1">
          <containerEntry>-1</containerEntry>
        </property>
        <property name="lodNearSize" type="Float" container="StaticArray" arraySize="1">
          <containerEntry>-1</containerEntry>
        </property>
        <property name="lodPolygonSize" type="Float" container="StaticArray" arraySize="1">
          <containerEntry>-1</containerEntry>
        </property>
        <property name="drawRejectionLevel" type="Int32" container="StaticArray" arraySize="1">
          <containerEntry>8</containerEntry>
        </property>
        <property name="drawMode" type="Int32" container="StaticArray" arraySize="1">
          <containerEntry>0</containerEntry>
        </property>
        <property name="rejectFarRangeShadowCast" type="Int32" container="StaticArray" arraySize="1">
          <containerEntry>2</containerEntry>
        </property>
        <property name="parentLocator" type="EntityLink" container="StaticArray" arraySize="1">
          <containerEntry packagePathHash="0xB8A0BF169F98" archivePathHash="0xB8A0BF169F98" nameInArchiveHash="0xB8A0BF169F98">0x0</containerEntry>
        </property>
        <property name="transforms" type="Matrix4" container="DynamicArray" arraySize="6">
          <containerEntry r11="0.8972541" r12="0" r13="-0.44151455" r14="0" r21="0" r22="1" r23="0" r24="0" r31="0.44151455" r32="0" r33="0.8972541" r34="0" r41="2111.9905" r42="16.324669" r43="1259.9612" r44="1"></containerEntry>
          <containerEntry r11="-0.5982982" r12="-0.13002248" r13="0.79065305" r14="0" r21="-0.34378445" r22="0.9329645" r23="-0.10672119" r24="0" r31="-0.7237751" r32="-0.3356655" r33="-0.6028907" r34="0" r41="2099.8784" r42="16.1121" r43="1251.7845" r44="1"></containerEntry>
          <containerEntry r11="-0.5982982" r12="-0.13002248" r13="0.79065305" r14="0" r21="-0.34378445" r22="0.9329645" r23="-0.10672119" r24="0" r31="-0.7237751" r32="-0.3356655" r33="-0.6028907" r34="0" r41="2082.9707" r42="16.1121" r43="1262.2087" r44="1"></containerEntry>
          <containerEntry r11="-0.49253002" r12="0.24171096" r13="-0.5113609" r14="0" r21="0.3284337" r22="0.67425936" r23="0.0023709498" r24="0" r31="0.46048397" r32="-0.22237386" r33="-0.54863864" r34="0" r41="2084.294" r42="16.952347" r43="1267.1112" r44="1"></containerEntry>
          <containerEntry r11="0.5857054" r12="0.07428801" r13="0.4625262" r14="0" r21="-0.019855402" r22="0.7437808" r23="-0.09431807" r24="0" r31="-0.46803305" r32="0.061411947" r33="0.5828153" r34="0" r41="2064.3071" r42="17.323238" r43="1272.5863" r44="1"></containerEntry>
          <containerEntry r11="-0.8956714" r12="0.23893338" r13="0.27310613" r14="0" r21="0.22742163" r22="0.9684957" r23="-0.101466484" r24="0" r31="-0.29878935" r32="-0.029771067" r33="-0.95385545" r34="0" r41="2066.511" r42="16.962214" r43="1275.4967" r44="1"></containerEntry>
        </property>
        <property name="colors" type="UInt32" container="DynamicArray" arraySize="6">
          <containerEntry>4294967295</containerEntry>
          <containerEntry>4294967295</containerEntry>
          <containerEntry>4294967295</containerEntry>
          <containerEntry>4294967295</containerEntry>
          <containerEntry>4294967295</containerEntry>
          <containerEntry>4294967295</containerEntry>
        </property>
      </staticProperties>
      <dynamicProperties></dynamicProperties>
    </entity>
    <entity class="StaticModelArray" classVersion="4" classID="0xD0" addr="0x32F1660" id="0x0">
      <staticProperties>
        <property name="name" type="String" container="StaticArray" arraySize="1">
          <containerEntry>StaticModelArray0002</containerEntry>
        </property>
        <property name="dataSet" type="EntityHandle" container="StaticArray" arraySize="1">
          <containerEntry>0x32F47D0</containerEntry>
        </property>
        <property name="modelFile" type="FilePtr" container="StaticArray" arraySize="1">
          <containerEntry>/Assets/tpp/environ/object/middle_africa/rock/mafr_rock001/scenes/mafr_rock001_vrtn001.fmdl</containerEntry>
        </property>
        <property name="geomFile" type="FilePtr" container="StaticArray" arraySize="1">
          <containerEntry>/Assets/tpp/environ/object/middle_africa/rock/mafr_rock001/scenes/mafr_rock001_vrtn001.geom</containerEntry>
        </property>
        <property name="isVisibleGeom" type="Bool" container="StaticArray" arraySize="1">
          <containerEntry>false</containerEntry>
        </property>
        <property name="lodFarSize" type="Float" container="StaticArray" arraySize="1">
          <containerEntry>-1</containerEntry>
        </property>
        <property name="lodNearSize" type="Float" container="StaticArray" arraySize="1">
          <containerEntry>-1</containerEntry>
        </property>
        <property name="lodPolygonSize" type="Float" container="StaticArray" arraySize="1">
          <containerEntry>-1</containerEntry>
        </property>
        <property name="drawRejectionLevel" type="Int32" container="StaticArray" arraySize="1">
          <containerEntry>8</containerEntry>
        </property>
        <property name="drawMode" type="Int32" container="StaticArray" arraySize="1">
          <containerEntry>0</containerEntry>
        </property>
        <property name="rejectFarRangeShadowCast" type="Int32" container="StaticArray" arraySize="1">
          <containerEntry>2</containerEntry>
        </property>
        <property name="parentLocator" type="EntityLink" container="StaticArray" arraySize="1">
          <containerEntry packagePathHash="0xB8A0BF169F98" archivePathHash="0xB8A0BF169F98" nameInArchiveHash="0xB8A0BF169F98">0x0</containerEntry>
        </property>
        <property name="transforms" type="Matrix4" container="DynamicArray" arraySize="21">
          <containerEntry r11="0.2163039" r12="-0.21468864" r13="-0.9524293" r14="0" r21="-0.36316353" r22="0.8878325" r23="-0.28260502" r24="0" r31="0.9062698" r32="0.40701613" r33="0.11407453" r34="0" r41="2068.832" r42="12.477083" r43="1254.0913" r44="1"></containerEntry>
          <containerEntry r11="0.7954897" r12="-0.116915874" r13="0.5945811" r14="0" r21="0.3335697" r22="0.90365344" r23="-0.2685921" r24="0" r31="-0.50589263" r32="0.4119965" r33="0.7578466" r34="0" r41="2065.0813" r42="12.345066" r43="1251.2211" r44="1"></containerEntry>
          <containerEntry r11="0.9981177" r12="-0.0246323" r13="0.056163106" r14="0" r21="0.034190014" r22="0.9837693" r23="-0.17615052" r24="0" r31="-0.050912548" r32="0.17773916" r33="0.9827597" r34="0" r41="2139.1472" r42="14.939867" r43="1245.679" r44="1"></containerEntry>
          <containerEntry r11="-0.6401769" r12="-0.024632055" r13="0.76782984" r14="0" r21="0.12103401" r22="0.9837693" r23="0.13247149" r24="0" r31="-0.75863045" r32="0.1777391" r33="-0.62680507" r34="0" r41="2168.1519" r42="10.34502" r43="1236.8641" r44="1"></containerEntry>
          <containerEntry r11="-0.9645342" r12="-0.09977863" r13="-0.24436569" r14="0" r21="-0.18161967" r22="0.92267406" r23="0.34012738" r24="0" r31="0.1915324" r32="0.37244675" r33="-0.90807235" r34="0" r41="2170.4404" r42="10.397257" r43="1277.2637" r44="1"></containerEntry>
          <containerEntry r11="-0.23116416" r12="-0.07377907" r13="0.970113" r14="0" r21="0.29377854" r22="0.9452831" r23="0.14189403" r24="0" r31="-0.9275002" r32="0.31779933" r33="-0.19684088" r34="0" r41="2130.0046" r42="15.457182" r43="1244.9381" r44="1"></containerEntry>
          <containerEntry r11="0.28192046" r12="-0.0737799" r13="-0.9565969" r14="0" r21="-0.28590053" r22="0.945283" r23="-0.15716565" r24="0" r31="0.91585046" r32="0.31779975" r33="0.2454009" r34="0" r41="2121.1514" r42="16.01866" r43="1241.9506" r44="1"></containerEntry>
          <containerEntry r11="-0.94497716" r12="-0.07064372" r13="-0.31941608" r14="0" r21="-0.15050359" r22="0.9608186" r23="0.23275821" r24="0" r31="0.290458" r32="0.2680246" r33="-0.9185837" r34="0" r41="2082.8071" r42="13.125651" r43="1259.7548" r44="1"></containerEntry>
          <containerEntry r11="0.7244411" r12="-0.34015903" r13="0.5995639" r14="0" r21="0.5128968" r22="0.8471016" r23="-0.13912486" r24="0" r31="-0.46056694" r32="0.4083022" r33="0.7881417" r34="0" r41="2078.502" r42="14.773705" r43="1266.704" r44="1"></containerEntry>
          <containerEntry r11="-0.5605051" r12="-0.07064416" r13="-0.8251322" r14="0" r21="-0.26050016" r22="0.9608187" r23="0.09469447" r24="0" r31="0.78611284" r32="0.26802385" r33="-0.55694664" r34="0" r41="2098.5713" r42="13.125651" r43="1254.1713" r44="1"></containerEntry>
          <containerEntry r11="0.5196263" r12="0.47549552" r13="0.709854" r14="0" r21="0.3150301" r22="0.6656602" r23="-0.67650026" r24="0" r31="-0.79419434" r32="0.5751527" r33="0.19609913" r34="0" r41="2107.8716" r42="14.498752" r43="1259.2609" r44="1"></containerEntry>
          <containerEntry r11="0.70080066" r12="-0.025171213" r13="0.71291274" r14="0" r21="0.271698" r22="0.9334701" r23="-0.2341233" r24="0" r31="-0.6595896" r32="0.3577708" r33="0.66101545" r34="0" r41="2090.6484" r42="9.863559" r43="1178.3625" r44="1"></containerEntry>
          <containerEntry r11="0.7735471" r12="0.005731635" r13="0.63371277" r14="0" r21="0.18274865" r22="0.95546365" r23="-0.23171543" r24="0" r31="-0.6068176" r32="0.29505295" r33="0.73804873" r34="0" r41="2077.6013" r42="7.548015" r43="1167.651" r44="1"></containerEntry>
          <containerEntry r11="-0.5574002" r12="-0.029650174" r13="-0.8297138" r14="0" r21="-0.20951325" r22="0.9720417" r23="0.10601435" r24="0" r31="0.8033731" r32="0.23292854" r33="-0.54802835" r34="0" r41="2095.3528" r42="8.611567" r43="1171.2106" r44="1"></containerEntry>
          <containerEntry r11="-0.9510074" r12="0.001785364" r13="0.30916584" r14="0" r21="0.062384192" r22="0.9805229" r23="0.18623406" r24="0" r31="-0.30281168" r32="0.19639686" r33="-0.9325959" r34="0" r41="2074.6567" r42="8.54326" r43="1166.824" r44="1"></containerEntry>
          <containerEntry r11="-0.26896548" r12="0.37253785" r13="-0.8881857" r14="0" r21="0.29095066" r22="0.91051203" r23="0.29379523" r24="0" r31="0.9181536" r32="-0.17939746" r33="-0.35328645" r34="0" r41="2095.531" r42="8.488849" r43="1166.1415" r44="1"></containerEntry>
          <containerEntry r11="0.16804902" r12="-0.040619656" r13="-0.9849418" r14="0" r21="-0.35945803" r22="0.9278313" r23="-0.09959467" r24="0" r31="0.9179054" r32="0.3707819" r33="0.14132005" r34="0" r41="2098.6953" r42="13.534544" r43="1206.0814" r44="1"></containerEntry>
          <containerEntry r11="0.80980843" r12="-0.040620424" r13="0.58528644" r14="0" r21="0.24794304" r22="0.92783153" r23="-0.2786626" r24="0" r31="-0.53172785" r32="0.37078103" r33="0.76143736" r34="0" r41="2107.1653" r42="15.600114" r43="1212.3219" r44="1"></containerEntry>
          <containerEntry r11="0.8107145" r12="-0.04062116" r13="-0.584031" r14="0" r21="-0.18629941" r22="0.92783153" r23="-0.32314277" r24="0" r31="0.5550089" r32="0.37078112" r33="0.7446388" r34="0" r41="2171.0688" r42="7.726803" r43="1226.2556" r44="1"></containerEntry>
          <containerEntry r11="0.0026363954" r12="-0.13414958" r13="0.99095684" r14="0" r21="0.27118865" r22="0.95392156" r23="0.12841457" r24="0" r31="-0.96252185" r32="0.268398" r33="0.038894832" r34="0" r41="2131.32" r42="10.772748" r43="1182.4071" r44="1"></containerEntry>
          <containerEntry r11="-0.8094554" r12="-0.13415027" r13="0.5716459" r14="0" r21="0.050756585" r22="0.95392156" r23="0.29573178" r24="0" r31="-0.5849779" r32="0.2683975" r33="-0.7653477" r34="0" r41="2131.32" r42="12.651785" r43="1192.8079" r44="1"></containerEntry>
        </property>
        <property name="colors" type="UInt32" container="DynamicArray" arraySize="21">
          <containerEntry>4294967295</containerEntry>
          <containerEntry>4294967295</containerEntry>
          <containerEntry>4294967295</containerEntry>
          <containerEntry>4294967295</containerEntry>
          <containerEntry>4294967295</containerEntry>
          <containerEntry>4294967295</containerEntry>
          <containerEntry>4294967295</containerEntry>
          <containerEntry>4294967295</containerEntry>
          <containerEntry>4294967295</containerEntry>
          <containerEntry>4294967295</containerEntry>
          <containerEntry>4294967295</containerEntry>
          <containerEntry>4294967295</containerEntry>
          <containerEntry>4294967295</containerEntry>
          <containerEntry>4294967295</containerEntry>
          <containerEntry>4294967295</containerEntry>
          <containerEntry>4294967295</containerEntry>
          <containerEntry>4294967295</containerEntry>
          <containerEntry>4294967295</containerEntry>
          <containerEntry>4294967295</containerEntry>
          <containerEntry>4294967295</containerEntry>
          <containerEntry>4294967295</containerEntry>
        </property>
      </staticProperties>
      <dynamicProperties></dynamicProperties>
    </entity>
    <entity class="StaticModelArray" classVersion="4" classID="0xD0" addr="0x32F16D0" id="0x0">
      <staticProperties>
        <property name="name" type="String" container="StaticArray" arraySize="1">
          <containerEntry>StaticModelArray0003</containerEntry>
        </property>
        <property name="dataSet" type="EntityHandle" container="StaticArray" arraySize="1">
          <containerEntry>0x32F47D0</containerEntry>
        </property>
        <property name="modelFile" type="FilePtr" container="StaticArray" arraySize="1">
          <containerEntry>/Assets/tpp/environ/object/middle_africa/cliff/mafr_clff003/scenes/mafr_clff003_vrtn001.fmdl</containerEntry>
        </property>
        <property name="geomFile" type="FilePtr" container="StaticArray" arraySize="1">
          <containerEntry>/Assets/tpp/environ/object/middle_africa/cliff/mafr_clff003/scenes/mafr_clff003_vrtn001.geom</containerEntry>
        </property>
        <property name="isVisibleGeom" type="Bool" container="StaticArray" arraySize="1">
          <containerEntry>false</containerEntry>
        </property>
        <property name="lodFarSize" type="Float" container="StaticArray" arraySize="1">
          <containerEntry>-1</containerEntry>
        </property>
        <property name="lodNearSize" type="Float" container="StaticArray" arraySize="1">
          <containerEntry>-1</containerEntry>
        </property>
        <property name="lodPolygonSize" type="Float" container="StaticArray" arraySize="1">
          <containerEntry>-1</containerEntry>
        </property>
        <property name="drawRejectionLevel" type="Int32" container="StaticArray" arraySize="1">
          <containerEntry>8</containerEntry>
        </property>
        <property name="drawMode" type="Int32" container="StaticArray" arraySize="1">
          <containerEntry>0</containerEntry>
        </property>
        <property name="rejectFarRangeShadowCast" type="Int32" container="StaticArray" arraySize="1">
          <containerEntry>2</containerEntry>
        </property>
        <property name="parentLocator" type="EntityLink" container="StaticArray" arraySize="1">
          <containerEntry packagePathHash="0xB8A0BF169F98" archivePathHash="0xB8A0BF169F98" nameInArchiveHash="0xB8A0BF169F98">0x0</containerEntry>
        </property>
        <property name="transforms" type="Matrix4" container="DynamicArray" arraySize="45">
          <containerEntry r11="-0.3851384" r12="0.14299235" r13="0.91171336" r14="0" r21="0.5597296" r22="0.82166255" r23="0.10757984" r24="0" r31="-0.7337376" r32="0.55174613" r33="-0.3964908" r34="0" r41="2085.1545" r42="7.787877" r43="1191.1014" r44="1"></containerEntry>
          <containerEntry r11="0.8430905" r12="0.0023768395" r13="-0.5377662" r14="0" r21="-0.44274074" r22="0.5706867" r23="-0.6915899" r24="0" r31="0.30525208" r32="0.82116395" r33="0.48219296" r34="0" r41="2083.672" r42="9.690177" r43="1200.6948" r44="1"></containerEntry>
          <containerEntry r11="0.40996805" r12="0.06856322" r13="0.9095188" r14="0" r21="0.59126884" r22="0.73929554" r23="-0.32224658" r24="0" r31="-0.6944973" r32="0.6698812" r33="0.26254833" r34="0" r41="2084.9968" r42="6.274045" r43="1179.351" r44="1"></containerEntry>
          <containerEntry r11="-0.7300873" r12="0.14913677" r13="0.6668763" r14="0" r21="0.57039416" r22="0.67042434" r23="0.47453183" r24="0" r31="-0.3763194" r32="0.72683436" r33="-0.57453406" r34="0" r41="2078.8953" r42="5.450782" r43="1171.3015" r44="1"></containerEntry>
          <containerEntry r11="0.68306226" r12="-0.019641623" r13="0.73009604" r14="0" r21="0.4911939" r22="0.7521505" r23="-0.43931568" r24="0" r31="-0.5405132" r32="0.6586987" r33="0.5234134" r34="0" r41="2112.9546" r42="7.485342" r43="1175.5072" r44="1"></containerEntry>
          <containerEntry r11="-0.07576985" r12="-0.23860428" r13="-0.9681553" r14="0" r21="-0.7503897" r22="0.653044" r23="-0.102216214" r24="0" r31="0.6566369" r32="0.7187495" r33="-0.22852701" r34="0" r41="2110.708" r42="5.614741" r43="1159.3827" r44="1"></containerEntry>
          <containerEntry r11="-0.36660752" r12="-0.034524925" r13="0.6533727" r14="0" r21="0.5242288" r22="0.43264934" r23="0.31701028" r24="0" r31="-0.3914996" r32="0.611653" r33="-0.1873481" r34="0" r41="2172.1833" r42="6.218303" r43="1210.7632" r44="1"></containerEntry>
          <containerEntry r11="-0.99109447" r12="-0.0427313" r13="-0.1260179" r14="0" r21="-0.107530445" r22="0.8150442" r23="0.56933093" r24="0" r31="0.078381605" r32="0.57781875" r33="-0.81237847" r34="0" r41="2154.5684" r42="10.635686" r43="1228.4551" r44="1"></containerEntry>
          <containerEntry r11="-0.32274622" r12="0.046158135" r13="-0.94534975" r14="0" r21="-0.49011654" r22="0.846314" r23="0.20865355" r24="0" r31="0.8096928" r32="0.53067875" r33="-0.25052023" r34="0" r41="2165.2183" r42="9.935696" r43="1231.5677" r44="1"></containerEntry>
          <containerEntry r11="0.35636097" r12="-0.24908562" r13="-0.6111135" r14="0" r21="-0.23815495" r22="0.599182" r23="-0.38309503" r24="0" r31="0.6154555" r32="0.37607974" r33="0.20560545" r34="0" r41="2172.1646" r42="6.591873" r43="1236.3027" r44="1"></containerEntry>
          <containerEntry r11="0.21664631" r12="0.010728758" r13="-0.71794444" r14="0" r21="-0.30808008" r22="0.6787685" r23="-0.08282071" r24="0" r31="0.6485722" r32="0.31883776" r33="0.20047769" r34="0" r41="2165.859" r42="10.528612" r43="1253.0441" r44="1"></containerEntry>
          <containerEntry r11="0.14772344" r12="-0.084152855" r13="0.7304726" r14="0" r21="0.6898132" r22="0.27386233" r23="-0.10794709" r24="0" r31="-0.25461674" r32="0.6931184" r33="0.13134378" r34="0" r41="2165.859" r42="10.528612" r43="1257.0848" r44="1"></containerEntry>
          <containerEntry r11="0.9555569" r12="-0.06553996" r13="0.2874281" r14="0" r21="0.2527798" r22="0.6838513" r23="-0.68443096" r24="0" r31="-0.1516996" r32="0.7266691" r33="0.6700262" r34="0" r41="2130.17" r42="13.012777" r43="1258.8827" r44="1"></containerEntry>
          <containerEntry r11="-0.9599421" r12="-0.11816746" r13="0.25401378" r14="0" r21="0.071305156" r22="0.7737771" r23="0.62942964" r24="0" r31="-0.27092826" r32="0.6223363" r33="-0.73435247" r34="0" r41="2132.9116" r42="12.86412" r43="1271.096" r44="1"></containerEntry>
          <containerEntry r11="-0.535821" r12="-0.0156775" r13="-0.5245359" r14="0" r21="-0.2876824" r22="0.6357536" r23="0.27487284" r24="0" r31="0.4388879" r32="0.3975808" r33="-0.46021253" r34="0" r41="2148.143" r42="13.259056" r43="1272.9612" r44="1"></containerEntry>
          <containerEntry r11="0.86510104" r12="0.20994711" r13="0.45554563" r14="0" r21="0.10327047" r22="0.81418496" r23="-0.57134694" r24="0" r31="-0.49085113" r32="0.54131716" r33="0.68267095" r34="0" r41="2063.558" r42="10.391502" r43="1276.2992" r44="1"></containerEntry>
          <containerEntry r11="-0.6314709" r12="-0.025529947" r13="-0.40384278" r14="0" r21="-0.23294409" r22="0.6349753" r23="0.32410353" r24="0" r31="0.31189454" r32="0.37546593" r33="-0.51143134" r34="0" r41="2065.7798" r42="13.857217" r43="1267.8507" r44="1"></containerEntry>
          <containerEntry r11="-0.54564035" r12="-0.08181979" r13="0.5080137" r14="0" r21="0.16785747" r22="0.6716485" r23="0.28846484" r24="0" r31="-0.48641163" r32="0.3235639" r33="-0.47032562" r34="0" r41="2055.73" r42="8.224293" r43="1252.6227" r44="1"></containerEntry>
          <containerEntry r11="0.62328655" r12="0.05713019" r13="-0.41321862" r14="0" r21="-0.25556386" r22="0.63948035" r23="-0.29707187" r24="0" r31="0.32969776" r32="0.38768637" r33="0.55090666" r34="0" r41="2078.862" r42="13.109276" r43="1276.367" r44="1"></containerEntry>
          <containerEntry r11="-0.108713455" r12="-0.092422724" r13="-0.9897643" r14="0" r21="-0.5710133" r22="0.8208221" r23="-0.013926536" r24="0" r31="0.81370705" r32="0.5636561" r33="-0.1420086" r34="0" r41="2072.339" r42="7.282191" r43="1173.0034" r44="1"></containerEntry>
          <containerEntry r11="0.28238842" r12="-0.26045787" r13="-0.64414173" r14="0" r21="-0.42955625" r22="0.4810623" r23="-0.38283232" r24="0" r31="0.546112" r32="0.51307" r33="0.03195347" r34="0" r41="2100.1643" r42="6.767066" r43="1164.3151" r44="1"></containerEntry>
          <containerEntry r11="-0.832729" r12="-0.17012683" r13="-0.52689147" r14="0" r21="-0.4613506" r22="0.739355" r23="0.49041736" r24="0" r31="0.3061264" r32="0.6514679" r33="-0.69416994" r34="0" r41="2096.1455" r42="9.225274" r43="1187.8085" r44="1"></containerEntry>
          <containerEntry r11="-0.47279564" r12="-0.05769986" r13="-0.87928265" r14="0" r21="-0.74372584" r22="0.56129456" r23="0.36307198" r24="0" r31="0.47258776" r32="0.8256028" r33="-0.30829108" r34="0" r41="2088.7424" r42="12.195842" r43="1234.8478" r44="1"></containerEntry>
          <containerEntry r11="0.74886966" r12="0.0034448176" r13="0.041015927" r14="0" r21="0.01646127" r22="0.65993166" r23="-0.3559767" r24="0" r31="-0.037725322" r32="0.35634047" r33="0.6588615" r34="0" r41="2100.468" r42="13.466979" r43="1242.635" r44="1"></containerEntry>
          <containerEntry r11="0.5229049" r12="-0.05659321" r13="-0.85051095" r14="0" r21="-0.4435903" r22="0.83396703" r23="-0.32821798" r24="0" r31="0.7278731" r32="0.54890496" r33="0.41098112" r34="0" r41="2092.7683" r42="13.008851" r43="1231.3508" r44="1"></containerEntry>
          <containerEntry r11="0.996493" r12="-0.08062603" r13="-0.02238741" r14="0" r21="0.032891177" r22="0.6234288" r23="-0.78118813" r24="0" r31="0.07694104" r32="0.7777121" r33="0.62389433" r34="0" r41="2099.7568" r42="12.977602" r43="1268.8276" r44="1"></containerEntry>
          <containerEntry r11="0.5297684" r12="-0.14921081" r13="0.5094912" r14="0" r21="0.42080337" r22="0.5568589" r23="-0.27446753" r24="0" r31="-0.32368147" r32="0.47973335" r33="0.47705966" r34="0" r41="2112.63" r42="13.852848" r43="1253.3059" r44="1"></containerEntry>
