<fox formatVersion="2" fileVersion="0">
  <entities>
    <entity class="DataSet" classVersion="0" classID="0xE8" addr="0x3352E00" id="0x4D64A8">
      <staticProperties>
        <property name="name" type="String" container="StaticArray" arraySize="1">
          <containerEntry hash="0xB8A0BF169F98"></containerEntry>
        </property>
        <property name="dataSet" type="EntityHandle" container="StaticArray" arraySize="1">
          <containerEntry>0x0</containerEntry>
        </property>
        <property name="dataList" type="EntityPtr" container="StringMap" arraySize="11">
          <containerEntry key="afgh_clff022_vrtn004_0007">
            <data>0x3175A30</data>
          </containerEntry>
          <containerEntry key="StaticModelArray0000">
            <data>0x317FAC0</data>
          </containerEntry>
          <containerEntry key="StaticModelArray0001">
            <data>0x317FB30</data>
          </containerEntry>
          <containerEntry key="StaticModelArray0002">
            <data>0x317FBA0</data>
          </containerEntry>
          <containerEntry key="StaticModelArray0003">
            <data>0x317FC10</data>
          </containerEntry>
          <containerEntry key="StaticModelArray0004">
            <data>0x317F580</data>
          </containerEntry>
          <containerEntry key="StaticModelArray0005">
            <data>0x317F9E0</data>
          </containerEntry>
          <containerEntry key="StaticModelArray0006">
            <data>0x317F510</data>
          </containerEntry>
          <containerEntry key="StaticModelArray0007">
            <data>0x317F190</data>
          </containerEntry>
          <containerEntry key="StaticModelArray0008">
            <data>0x317C9C0</data>
          </containerEntry>
          <containerEntry key="TexturePackLoadConditioner0000">
            <data>0x33501D0</data>
          </containerEntry>
        </property>
      </staticProperties>
      <dynamicProperties></dynamicProperties>
    </entity>
    <entity class="StaticModel" classVersion="9" classID="0x160" addr="0x3175A30" id="0x4D656B">
      <staticProperties>
        <property name="name" type="String" container="StaticArray" arraySize="1">
          <containerEntry>afgh_clff022_vrtn004_0007</containerEntry>
        </property>
        <property name="dataSet" type="EntityHandle" container="StaticArray" arraySize="1">
          <containerEntry>0x3352E00</containerEntry>
        </property>
        <property name="parent" type="EntityHandle" container="StaticArray" arraySize="1">
          <containerEntry>0x0</containerEntry>
        </property>
        <property name="transform" type="EntityPtr" container="StaticArray" arraySize="1">
          <containerEntry>0x3175AA0</containerEntry>
        </property>
        <property name="shearTransform" type="EntityPtr" container="StaticArray" arraySize="1">
          <containerEntry>0x0</containerEntry>
        </property>
        <property name="pivotTransform" type="EntityPtr" container="StaticArray" arraySize="1">
          <containerEntry>0x0</containerEntry>
        </property>
        <property name="children" type="EntityHandle" container="List"></property>
        <property name="flags" type="UInt32" container="StaticArray" arraySize="1">
          <containerEntry>2147483655</containerEntry>
        </property>
        <property name="modelFile" type="FilePtr" container="StaticArray" arraySize="1">
          <containerEntry>/Assets/tpp/environ/object/afghanistan/cliff/afgh_clff022/scenes/afgh_clff022_vrtn004.fmdl</containerEntry>
        </property>
        <property name="geomFile" type="FilePtr" container="StaticArray" arraySize="1">
          <containerEntry>/Assets/tpp/environ/object/afghanistan/cliff/afgh_clff022/scenes/afgh_clff022_vrtn004.geom</containerEntry>
        </property>
        <property name="isVisibleGeom" type="Bool" container="StaticArray" arraySize="1">
          <containerEntry>false</containerEntry>
        </property>
        <property name="isIsolated" type="Bool" container="StaticArray" arraySize="1">
          <containerEntry>false</containerEntry>
        </property>
        <property name="lodFarSize" type="Float" container="StaticArray" arraySize="1">
          <containerEntry>-1</containerEntry>
        </property>
        <property name="lodNearSize" type="Float" container="StaticArray" arraySize="1">
          <containerEntry>-1</containerEntry>
        </property>
        <property name="lodPolygonSize" type="Float" container="StaticArray" arraySize="1">
          <containerEntry>-1</containerEntry>
        </property>
        <property name="color" type="Color" container="StaticArray" arraySize="1">
          <containerEntry r="1" g="1" b="1" a="1"></containerEntry>
        </property>
        <property name="drawRejectionLevel" type="Int32" container="StaticArray" arraySize="1">
          <containerEntry>8</containerEntry>
        </property>
        <property name="drawMode" type="Int32" container="StaticArray" arraySize="1">
          <containerEntry>0</containerEntry>
        </property>
        <property name="rejectFarRangeShadowCast" type="Int32" container="StaticArray" arraySize="1">
          <containerEntry>2</containerEntry>
        </property>
      </staticProperties>
      <dynamicProperties></dynamicProperties>
    </entity>
    <entity class="TransformEntity" classVersion="0" classID="0x50" addr="0x3175AA0" id="0x4D656E">
      <staticProperties>
        <property name="owner" type="EntityHandle" container="StaticArray" arraySize="1">
          <containerEntry>0x3175A30</containerEntry>
        </property>
        <property name="transform_scale" type="Vector3" container="StaticArray" arraySize="1">
          <containerEntry x="1" y="1" z="1" w="0"></containerEntry>
        </property>
        <property name="transform_rotation_quat" type="Quat" container="StaticArray" arraySize="1">
          <containerEntry x="-0.000969" y="0.350462" z="0.020168" w="-0.936359"></containerEntry>
        </property>
        <property name="transform_translation" type="Vector3" container="StaticArray" arraySize="1">
          <containerEntry x="1372.3657" y="331.77798" z="1791.7303" w="0"></containerEntry>
        </property>
      </staticProperties>
      <dynamicProperties></dynamicProperties>
    </entity>
    <entity class="StaticModelArray" classVersion="4" classID="0xD0" addr="0x317FAC0" id="0x0">
      <staticProperties>
        <property name="name" type="String" container="StaticArray" arraySize="1">
          <containerEntry>StaticModelArray0000</containerEntry>
        </property>
        <property name="dataSet" type="EntityHandle" container="StaticArray" arraySize="1">
          <containerEntry>0x3352E00</containerEntry>
        </property>
        <property name="modelFile" type="FilePtr" container="StaticArray" arraySize="1">
          <containerEntry>/Assets/tpp/environ/object/afghanistan/cliff/afgh_clff022/scenes/afgh_clff022_vrtn002.fmdl</containerEntry>
        </property>
        <property name="geomFile" type="FilePtr" container="StaticArray" arraySize="1">
          <containerEntry>/Assets/tpp/environ/object/afghanistan/cliff/afgh_clff022/scenes/afgh_clff022_vrtn002.geom</containerEntry>
        </property>
        <property name="isVisibleGeom" type="Bool" container="StaticArray" arraySize="1">
          <containerEntry>false</containerEntry>
        </property>
        <property name="lodFarSize" type="Float" container="StaticArray" arraySize="1">
          <containerEntry>-1</containerEntry>
        </property>
        <property name="lodNearSize" type="Float" container="StaticArray" arraySize="1">
          <containerEntry>-1</containerEntry>
        </property>
        <property name="lodPolygonSize" type="Float" container="StaticArray" arraySize="1">
          <containerEntry>-1</containerEntry>
        </property>
        <property name="drawRejectionLevel" type="Int32" container="StaticArray" arraySize="1">
          <containerEntry>8</containerEntry>
        </property>
        <property name="drawMode" type="Int32" container="StaticArray" arraySize="1">
          <containerEntry>0</containerEntry>
        </property>
        <property name="rejectFarRangeShadowCast" type="Int32" container="StaticArray" arraySize="1">
          <containerEntry>2</containerEntry>
        </property>
        <property name="parentLocator" type="EntityLink" container="StaticArray" arraySize="1">
          <containerEntry packagePathHash="0xB8A0BF169F98" archivePathHash="0xB8A0BF169F98" nameInArchiveHash="0xB8A0BF169F98">0x0</containerEntry>
        </property>
        <property name="transforms" type="Matrix4" container="DynamicArray" arraySize="3">
          <containerEntry r11="0.9532452" r12="0.0108814845" r13="-0.3019952" r14="0" r21="-0.010373603" r22="0.9999408" r23="0.0032856585" r24="0" r31="0.30201307" r32="7.422626e-07" r33="0.95330167" r34="0" r41="1351.9066" r42="313.46884" r43="1896.8157" r44="1"></containerEntry>
          <containerEntry r11="0.9329586" r12="0" r13="-0.35997757" r14="0" r21="0" r22="1" r23="0" r24="0" r31="0.35997757" r32="0" r33="0.9329586" r34="0" r41="1384.9657" r42="313.031" r43="1883.4355" r44="1"></containerEntry>
          <containerEntry r11="-0.6496837" r12="-0.0049395678" r13="-0.5480676" r14="0" r21="-0.00881754" r22="0.84994966" r23="0.0027920846" r24="0" r31="0.548019" r32="0.007819528" r33="-0.64969647" r34="0" r41="1388.7886" r42="314.36902" r43="1859.714" r44="1"></containerEntry>
        </property>
        <property name="colors" type="UInt32" container="DynamicArray" arraySize="3">
          <containerEntry>4294967295</containerEntry>
          <containerEntry>4294967295</containerEntry>
          <containerEntry>4294967295</containerEntry>
        </property>
      </staticProperties>
      <dynamicProperties></dynamicProperties>
    </entity>
    <entity class="StaticModelArray" classVersion="4" classID="0xD0" addr="0x317FB30" id="0x0">
      <staticProperties>
        <property name="name" type="String" container="StaticArray" arraySize="1">
          <containerEntry>StaticModelArray0001</containerEntry>
        </property>
        <property name="dataSet" type="EntityHandle" container="StaticArray" arraySize="1">
          <containerEntry>0x3352E00</containerEntry>
        </property>
        <property name="modelFile" type="FilePtr" container="StaticArray" arraySize="1">
          <containerEntry>/Assets/tpp/environ/object/afghanistan/rock/afgh_rock011/scenes/afgh_rock011.fmdl</containerEntry>
        </property>
        <property name="geomFile" type="FilePtr" container="StaticArray" arraySize="1">
          <containerEntry>/Assets/tpp/environ/object/afghanistan/rock/afgh_rock011/scenes/afgh_rock011.geom</containerEntry>
        </property>
        <property name="isVisibleGeom" type="Bool" container="StaticArray" arraySize="1">
          <containerEntry>false</containerEntry>
        </property>
        <property name="lodFarSize" type="Float" container="StaticArray" arraySize="1">
          <containerEntry>-1</containerEntry>
        </property>
        <property name="lodNearSize" type="Float" container="StaticArray" arraySize="1">
          <containerEntry>-1</containerEntry>
        </property>
        <property name="lodPolygonSize" type="Float" container="StaticArray" arraySize="1">
          <containerEntry>-1</containerEntry>
        </property>
        <property name="drawRejectionLevel" type="Int32" container="StaticArray" arraySize="1">
          <containerEntry>8</containerEntry>
        </property>
        <property name="drawMode" type="Int32" container="StaticArray" arraySize="1">
          <containerEntry>0</containerEntry>
        </property>
        <property name="rejectFarRangeShadowCast" type="Int32" container="StaticArray" arraySize="1">
          <containerEntry>2</containerEntry>
        </property>
        <property name="parentLocator" type="EntityLink" container="StaticArray" arraySize="1">
          <containerEntry packagePathHash="0xB8A0BF169F98" archivePathHash="0xB8A0BF169F98" nameInArchiveHash="0xB8A0BF169F98">0x0</containerEntry>
        </property>
        <property name="transforms" type="Matrix4" container="DynamicArray" arraySize="12">
          <containerEntry r11="-0.31890416" r12="0.10121808" r13="-0.9423659" r14="0" r21="-0.019684352" r22="0.9933594" r23="0.11335651" r24="0" r31="0.94758165" r32="0.05469983" r33="-0.314794" r34="0" r41="1304.4047" r42="317.6169" r43="1890.9806" r44="1"></containerEntry>
          <containerEntry r11="-0.2801143" r12="0.34024402" r13="-0.8976471" r14="0" r21="0.27664408" r22="0.92402256" r23="0.26391357" r24="0" r31="0.91924113" r32="-0.1744028" r33="-0.35295844" r34="0" r41="1371.0236" r42="302.98566" r43="1901.6223" r44="1"></containerEntry>
          <containerEntry r11="0.69541556" r12="-0.34052765" r13="0.63280183" r14="0" r21="0.26208955" r22="0.9401253" r23="0.21788421" r24="0" r31="-0.66910857" r32="0.014330648" r33="0.7430265" r34="0" r41="1396.8312" r42="303.70145" r43="1891.8665" r44="1"></containerEntry>
          <containerEntry r11="-0.9524724" r12="-0.045625176" r13="-0.3011829" r14="0" r21="-0.06052153" r22="0.9973526" r23="0.040310383" r24="0" r31="0.2985464" r32="0.05662267" r33="-0.9527121" r34="0" r41="1302.841" r42="318.9809" r43="1872.4644" r44="1"></containerEntry>
          <containerEntry r11="0.005441224" r12="-0.015616812" r13="-0.99986213" r14="0" r21="-0.08096375" r22="0.9965885" r23="-0.016006175" r24="0" r31="0.99670106" r32="0.08103976" r33="0.0041582584" r34="0" r41="1305.2965" r42="319.82382" r43="1872.3433" r44="1"></containerEntry>
          <containerEntry r11="-0.9683728" r12="0.21553431" r13="-0.12567072" r14="0" r21="0.21447305" r22="0.97648036" r23="0.022077499" r24="0" r31="0.12747343" r32="-0.0055737067" r33="-0.9918233" r34="0" r41="1323.9767" r42="316.96442" r43="1869.1544" r44="1"></containerEntry>
          <containerEntry r11="0.09831182" r12="-0.3080516" r13="-0.94627404" r14="0" r21="-0.057565153" r22="0.94753015" r23="-0.3144402" r24="0" r31="0.9934871" r32="0.08538502" r33="0.07542044" r34="0" r41="1359.6595" r42="313.84158" r43="1841.1713" r44="1"></containerEntry>
          <containerEntry r11="0.8588268" r12="0.07926619" r13="0.50609535" r14="0" r21="-0.06701335" r22="0.9968503" r23="-0.04241024" r24="0" r31="-0.507863" r32="0.0025077928" r33="0.86143374" r34="0" r41="1329.841" r42="316.11316" r43="1887.45" r44="1"></containerEntry>
          <containerEntry r11="0.98122495" r12="-0.10877626" r13="-0.1592646" r14="0" r21="0.08267851" r22="0.9832886" r23="-0.16219671" r24="0" r31="0.17424622" r32="0.14598368" r33="0.9738208" r34="0" r41="1290.7181" r42="317.92255" r43="1836.5367" r44="1"></containerEntry>
          <containerEntry r11="-0.28433606" r12="-0.55294806" r13="0.7831947" r14="0" r21="-0.17330861" r22="0.83310384" r23="0.52526295" r24="0" r31="-0.9429261" r32="0.01361841" r33="-0.33271176" r34="0" r41="1379.6969" r42="318.03427" r43="1810.3341" r44="1"></containerEntry>
          <containerEntry r11="-0.9638279" r12="-0.10461014" r13="-0.24511775" r14="0" r21="-0.20451403" r22="0.8800473" r23="0.42859086" r24="0" r31="0.17088008" r32="0.4632201" r33="-0.86960787" r34="0" r41="1390.9224" r42="317.9672" r43="1813.7205" r44="1"></containerEntry>
          <containerEntry r11="0.534897" r12="-0.46419227" r13="0.7059816" r14="0" r21="0.3719294" r22="0.8796138" r23="0.29656005" r24="0" r31="-0.7586521" r32="0.10394651" r33="0.64314973" r34="0" r41="1356.8488" r42="308.08533" r43="1904.1427" r44="1"></containerEntry>
        </property>
        <property name="colors" type="UInt32" container="DynamicArray" arraySize="12">
          <containerEntry>4294967295</containerEntry>
          <containerEntry>4294967295</containerEntry>
          <containerEntry>4294967295</containerEntry>
          <containerEntry>4294967295</containerEntry>
          <containerEntry>4294967295</containerEntry>
          <containerEntry>4294967295</containerEntry>
          <containerEntry>4294967295</containerEntry>
          <containerEntry>4294967295</containerEntry>
          <containerEntry>4294967295</containerEntry>
          <containerEntry>4294967295</containerEntry>
          <containerEntry>4294967295</containerEntry>
          <containerEntry>4294967295</containerEntry>
        </property>
      </staticProperties>
      <dynamicProperties></dynamicProperties>
    </entity>
    <entity class="StaticModelArray" classVersion="4" classID="0xD0" addr="0x317FBA0" id="0x0">
      <staticProperties>
        <property name="name" type="String" container="StaticArray" arraySize="1">
          <containerEntry>StaticModelArray0002</containerEntry>
        </property>
        <property name="dataSet" type="EntityHandle" container="StaticArray" arraySize="1">
          <containerEntry>0x3352E00</containerEntry>
        </property>
        <property name="modelFile" type="FilePtr" container="StaticArray" arraySize="1">
          <containerEntry>/Assets/tpp/environ/object/afghanistan/rock/afgh_rock009/scenes/afgh_rock009_rock001.fmdl</containerEntry>
        </property>
        <property name="geomFile" type="FilePtr" container="StaticArray" arraySize="1">
          <containerEntry>/Assets/tpp/environ/object/afghanistan/rock/afgh_rock009/scenes/afgh_rock009_rock001.geom</containerEntry>
        </property>
        <property name="isVisibleGeom" type="Bool" container="StaticArray" arraySize="1">
          <containerEntry>false</containerEntry>
        </property>
        <property name="lodFarSize" type="Float" container="StaticArray" arraySize="1">
          <containerEntry>-1</containerEntry>
        </property>
        <property name="lodNearSize" type="Float" container="StaticArray" arraySize="1">
          <containerEntry>-1</containerEntry>
        </property>
        <property name="lodPolygonSize" type="Float" container="StaticArray" arraySize="1">
          <containerEntry>-1</containerEntry>
        </property>
        <property name="drawRejectionLevel" type="Int32" container="StaticArray" arraySize="1">
          <containerEntry>8</containerEntry>
        </property>
        <property name="drawMode" type="Int32" container="StaticArray" arraySize="1">
          <containerEntry>0</containerEntry>
        </property>
        <property name="rejectFarRangeShadowCast" type="Int32" container="StaticArray" arraySize="1">
          <containerEntry>2</containerEntry>
        </property>
        <property name="parentLocator" type="EntityLink" container="StaticArray" arraySize="1">
          <containerEntry packagePathHash="0xB8A0BF169F98" archivePathHash="0xB8A0BF169F98" nameInArchiveHash="0xB8A0BF169F98">0x0</containerEntry>
        </property>
        <property name="transforms" type="Matrix4" container="DynamicArray" arraySize="13">
          <containerEntry r11="-0.14777163" r12="0.17388585" r13="-0.97361314" r14="0" r21="-0.004747793" r22="0.98428696" r23="0.17651242" r24="0" r31="0.9890077" r32="0.030706465" r33="-0.14462405" r34="0" r41="1290.9408" r42="312.11877" r43="1911.7012" r44="1"></containerEntry>
          <containerEntry r11="0.7890874" r12="0.0958525" r13="-0.60675603" r14="0" r21="0.012101181" r22="0.9851334" r23="0.17136422" r24="0" r31="0.6141613" r32="-0.14256379" r33="0.7761965" r34="0" r41="1297.2994" r42="319.1512" r43="1885.7373" r44="1"></containerEntry>
          <containerEntry r11="0.6181902" r12="0.1273299" r13="-0.7756461" r14="0" r21="0.012102302" r22="0.98513335" r23="0.17136458" r24="0" r31="0.7859347" r32="-0.115322925" r33="0.60745883" r34="0" r41="1384.0674" r42="317.91534" r43="1869.7743" r44="1"></containerEntry>
          <containerEntry r11="0.9321915" r12="0.13764907" r13="-0.3347709" r14="0" r21="-0.123073444" r22="0.9903006" r23="0.06447968" r24="0" r31="0.3403994" r32="-0.018905934" r33="0.9400907" r34="0" r41="1373.6346" r42="317.91534" r43="1855.03" r44="1"></containerEntry>
          <containerEntry r11="0.10861099" r12="0.9938938" r13="-0.019338042" r14="0" r21="-0.99023145" r22="0.106459275" r23="-0.09001847" r24="0" r31="-0.087410375" r32="0.028925968" r33="0.99575233" r34="0" r41="1371.925" r42="318.66098" r43="1855.3994" r44="1"></containerEntry>
          <containerEntry r11="0.131441" r12="0.9281355" r13="-0.3482565" r14="0" r21="-0.9902314" r22="0.10645839" r23="-0.09001708" r24="0" r31="-0.046474397" r32="0.35668725" r33="0.9330669" r34="0" r41="1306.6624" r42="318.9726" r43="1847.0067" r44="1"></containerEntry>
          <containerEntry r11="0.8212016" r12="-0.013885982" r13="0.57046807" r14="0" r21="0.24815202" r22="0.9089178" r23="-0.33509463" r24="0" r31="-0.5138552" r32="0.41674334" r33="0.7498507" r34="0" r41="1287.2892" r42="317.29364" r43="1817.6989" r44="1"></containerEntry>
          <containerEntry r11="0.80303794" r12="-0.16814137" r13="0.5717139" r14="0" r21="0.17985168" r22="0.9830169" r23="0.03648354" r24="0" r31="-0.56813884" r32="0.07352655" r33="0.8196405" r34="0" r41="1338.958" r42="313.66074" r43="1824.514" r44="1"></containerEntry>
          <containerEntry r11="-0.5436112" r12="-0.82916534" r13="0.13020691" r14="0" r21="-0.82851076" r22="0.55494535" r23="0.07483582" r24="0" r31="-0.13430902" r32="-0.06719619" r33="-0.9886469" r34="0" r41="1336.7168" r42="314.8744" r43="1824.8202" r44="1"></containerEntry>
          <containerEntry r11="-0.970613" r12="-0.18331772" r13="-0.15583774" r14="0" r21="-0.2185505" r22="0.94262373" r23="0.25237995" r24="0" r31="0.100630365" r32="0.2790243" r33="-0.9549867" r34="0" r41="1285.7557" r42="318.5682" r43="1868.2954" r44="1"></containerEntry>
          <containerEntry r11="0.73471767" r12="0.092998594" r13="0.6719665" r14="0" r21="0.015362028" r22="-0.9925773" r23="0.12057443" r24="0" r31="0.67819744" r32="-0.078265235" r33="-0.73069066" r34="0" r41="1305.0176" r42="318.6965" r43="1845.8739" r44="1"></containerEntry>
          <containerEntry r11="-0.17329031" r12="0.98389333" r13="-0.043794096" r14="0" r21="-0.9809808" r22="-0.17638229" r23="-0.08099031" r24="0" r31="-0.08741069" r32="0.028926179" r33="0.9957523" r34="0" r41="1340.813" r42="316.7194" r43="1862.104" r44="1"></containerEntry>
          <containerEntry r11="0.1615535" r12="0.5184461" r13="-0.83970773" r14="0" r21="-0.4826357" r22="-0.70067394" r23="-0.5254605" r24="0" r31="-0.8607893" r32="0.49016282" r33="0.13702926" r34="0" r41="1319.4517" r42="319.83044" r43="1871.25" r44="1"></containerEntry>
        </property>
        <property name="colors" type="UInt32" container="DynamicArray" arraySize="13">
          <containerEntry>4294967295</containerEntry>
          <containerEntry>4294967295</containerEntry>
          <containerEntry>4294967295</containerEntry>
          <containerEntry>4294967295</containerEntry>
          <containerEntry>4294967295</containerEntry>
          <containerEntry>4294967295</containerEntry>
          <containerEntry>4294967295</containerEntry>
          <containerEntry>4294967295</containerEntry>
          <containerEntry>4294967295</containerEntry>
          <containerEntry>4294967295</containerEntry>
          <containerEntry>4294967295</containerEntry>
          <containerEntry>4294967295</containerEntry>
          <containerEntry>4294967295</containerEntry>
        </property>
      </staticProperties>
      <dynamicProperties></dynamicProperties>
    </entity>
    <entity class="StaticModelArray" classVersion="4" classID="0xD0" addr="0x317FC10" id="0x0">
      <staticProperties>
        <property name="name" type="String" container="StaticArray" arraySize="1">
          <containerEntry>StaticModelArray0003</containerEntry>
        </property>
        <property name="dataSet" type="EntityHandle" container="StaticArray" arraySize="1">
          <containerEntry>0x3352E00</containerEntry>
        </property>
        <property name="modelFile" type="FilePtr" container="StaticArray" arraySize="1">
          <containerEntry>/Assets/tpp/environ/object/afghanistan/rock/afgh_rock009/scenes/afgh_rock009_rock002.fmdl</containerEntry>
        </property>
        <property name="geomFile" type="FilePtr" container="StaticArray" arraySize="1">
          <containerEntry>/Assets/tpp/environ/object/afghanistan/rock/afgh_rock009/scenes/afgh_rock009_rock002.geom</containerEntry>
        </property>
        <property name="isVisibleGeom" type="Bool" container="StaticArray" arraySize="1">
          <containerEntry>false</containerEntry>
        </property>
        <property name="lodFarSize" type="Float" container="StaticArray" arraySize="1">
          <containerEntry>-1</containerEntry>
        </property>
        <property name="lodNearSize" type="Float" container="StaticArray" arraySize="1">
          <containerEntry>-1</containerEntry>
        </property>
        <property name="lodPolygonSize" type="Float" container="StaticArray" arraySize="1">
          <containerEntry>-1</containerEntry>
        </property>
        <property name="drawRejectionLevel" type="Int32" container="StaticArray" arraySize="1">
          <containerEntry>8</containerEntry>
        </property>
        <property name="drawMode" type="Int32" container="StaticArray" arraySize="1">
          <containerEntry>0</containerEntry>
        </property>
        <property name="rejectFarRangeShadowCast" type="Int32" container="StaticArray" arraySize="1">
          <containerEntry>2</containerEntry>
        </property>
        <property name="parentLocator" type="EntityLink" container="StaticArray" arraySize="1">
          <containerEntry packagePathHash="0xB8A0BF169F98" archivePathHash="0xB8A0BF169F98" nameInArchiveHash="0xB8A0BF169F98">0x0</containerEntry>
        </property>
        <property name="transforms" type="Matrix4" container="DynamicArray" arraySize="22">
          <containerEntry r11="0.05128482" r12="0.98384356" r13="-0.1714738" r14="0" r21="-0.12781039" r22="0.17676222" r23="0.9759116" r24="0" r31="0.9904625" r32="-0.028124064" r33="0.13481945" r34="0" r41="1333.6274" r42="308.8208" r43="1915.267" r44="1"></containerEntry>
          <containerEntry r11="0.36958233" r12="0.9058778" r13="-0.20683774" r14="0" r21="-0.28575382" r22="0.32262278" r23="0.9023558" r24="0" r31="0.88416135" r32="-0.2743839" r33="0.3781005" r34="0" r41="1316.726" r42="309.83026" r43="1915.9574" r44="1"></containerEntry>
          <containerEntry r11="0.40626866" r12="0.05204139" r13="-0.91226435" r14="0" r21="0.23063663" r22="0.96021056" r23="0.15748554" r24="0" r31="0.88416135" r32="-0.2743841" r33="0.37810093" r34="0" r41="1302.3087" r42="310.58298" r43="1913.9791" r44="1"></containerEntry>
          <containerEntry r11="-0.63392884" r12="0.2518649" r13="-0.7312089" r14="0" r21="0.120961346" r22="0.9661384" r23="0.22791275" r24="0" r31="0.7638526" r32="0.056035213" r33="-0.6429287" r34="0" r41="1340.8403" r42="308.03577" r43="1913.7644" r44="1"></containerEntry>
          <containerEntry r11="0.16473642" r12="-0.06001375" r13="0.9845023" r14="0" r21="0.0063748676" r22="0.9981911" r23="0.059780985" r24="0" r31="-0.9863092" r32="-0.003571516" r33="0.16482103" r34="0" r41="1285.5448" r42="314.13678" r43="1905.339" r44="1"></containerEntry>
          <containerEntry r11="0.051283635" r12="0.98384416" r13="-0.17147237" r14="0" r21="0.6439359" r22="0.09867859" r23="0.7586778" r24="0" r31="0.7633469" r32="-0.14931923" r33="-0.6284699" r34="0" r41="1357.8059" r42="304.58435" r43="1915.267" r44="1"></containerEntry>
          <containerEntry r11="0.05128482" r12="0.98384356" r13="-0.1714738" r14="0" r21="-0.12781039" r22="0.17676222" r23="0.9759116" r24="0" r31="0.9904625" r32="-0.028124064" r33="0.13481945" r34="0" r41="1328.9835" r42="314.97577" r43="1903.9928" r44="1"></containerEntry>
          <containerEntry r11="0.9671872" r12="-0.042785257" r13="0.25043502" r14="0" r21="0.06719034" r22="0.9936977" r23="-0.08972305" r24="0" r31="-0.24501783" r32="0.10360594" r33="0.9639665" r34="0" r41="1324.5647" r42="316.84192" r43="1886.9913" r44="1"></containerEntry>
          <containerEntry r11="-0.24401978" r12="0.10356259" r13="0.9642121" r14="0" r21="-0.06922825" r22="0.9898844" r23="-0.12383968" r24="0" r31="-0.96728367" r32="-0.0969722" r33="-0.23438168" r34="0" r41="1304.4353" r42="318.92014" r43="1889.8154" r44="1"></containerEntry>
          <containerEntry r11="-0.24401978" r12="0.10356259" r13="0.9642121" r14="0" r21="-0.06922825" r22="0.9898844" r23="-0.12383968" r24="0" r31="-0.96728367" r32="-0.0969722" r33="-0.23438168" r34="0" r41="1291.1127" r42="316.80762" r43="1897.7227" r44="1"></containerEntry>
          <containerEntry r11="-0.9766785" r12="0.123622224" r13="0.17542571" r14="0" r21="0.15660779" r22="0.9694564" r23="0.18875293" r24="0" r31="-0.1467332" r32="0.21182828" r33="-0.96620697" r34="0" r41="1324.4335" r42="317.78656" r43="1876.6539" r44="1"></containerEntry>
          <containerEntry r11="-0.9766785" r12="0.123622224" r13="0.17542571" r14="0" r21="0.15660779" r22="0.9694564" r23="0.18875293" r24="0" r31="-0.1467332" r32="0.21182828" r33="-0.96620697" r34="0" r41="1348.4779" r42="317.78656" r43="1874.5975" r44="1"></containerEntry>
          <containerEntry r11="0.32749346" r12="0.05533428" r13="0.9432249" r14="0" r21="0.06666426" r22="0.99444264" r23="-0.08148396" r24="0" r31="-0.9424919" r32="0.089564934" r33="0.32198465" r34="0" r41="1375.9486" r42="317.78656" r43="1874.5975" r44="1"></containerEntry>
          <containerEntry r11="0.32749346" r12="0.05533428" r13="0.9432249" r14="0" r21="0.06666426" r22="0.99444264" r23="-0.08148396" r24="0" r31="-0.9424919" r32="0.089564934" r33="0.32198465" r34="0" r41="1375.9486" r42="317.60754" r43="1855.9945" r44="1"></containerEntry>
          <containerEntry r11="0.997145" r12="-0.063497454" r13="0.04086422" r14="0" r21="0.066664696" r22="0.99444264" r23="-0.08148337" r24="0" r31="-0.035463072" r32="0.083974965" r33="0.9958366" r34="0" r41="1377.349" r42="317.26746" r43="1867.3032" r44="1"></containerEntry>
          <containerEntry r11="0.27410722" r12="0.060271006" r13="0.9597998" r14="0" r21="0.06666458" r22="0.99444264" r23="-0.08148347" r24="0" r31="-0.959377" r32="0.08631991" r33="0.26856595" r34="0" r41="1384.2362" r42="314.60965" r43="1880.1709" r44="1"></containerEntry>
          <containerEntry r11="-0.081686236" r12="0.0827477" r13="0.9932037" r14="0" r21="-0.28838196" r22="0.9519554" r23="-0.10303172" r24="0" r31="-0.9540108" r32="-0.2948432" r33="-0.053897798" r34="0" r41="1353.5942" r42="314.80542" r43="1840.8635" r44="1"></containerEntry>
          <containerEntry r11="-0.08168596" r12="0.08274861" r13="0.9932026" r14="0" r21="-0.15847953" r22="0.9827892" r23="-0.094916165" r24="0" r31="-0.98396295" r32="-0.16515905" r33="-0.06716573" r34="0" r41="1339.5292" r42="315.0037" r43="1852.0223" r44="1"></containerEntry>
          <containerEntry r11="-0.08168596" r12="0.08274861" r13="0.9932026" r14="0" r21="-0.15847953" r22="0.9827892" r23="-0.094916165" r24="0" r31="-0.98396295" r32="-0.16515905" r33="-0.06716573" r34="0" r41="1318.9022" r42="317.39975" r43="1852.0223" r44="1"></containerEntry>
          <containerEntry r11="0.020861685" r12="0.9687273" r13="0.24719805" r14="0" r21="-0.2322945" r22="0.24519187" r23="-0.94122297" r24="0" r31="-0.9724087" r32="-0.037799895" r33="0.23015764" r34="0" r41="1328.3566" r42="317.2108" r43="1839.0956" r44="1"></containerEntry>
          <containerEntry r11="0.08291316" r12="0.9964813" r13="-0.011172891" r14="0" r21="0.22318015" r22="-0.029477239" r23="-0.9743167" r24="0" r31="-0.9712314" r32="0.07827762" r33="-0.22482884" r34="0" r41="1311.1542" r42="318.98407" r43="1826.8132" r44="1"></containerEntry>
          <containerEntry r11="0.23761612" r12="0.37850446" r13="-0.8945681" r14="0" r21="0.119221866" r22="-0.9253292" r23="-0.35985976" r24="0" r31="-0.96400404" r32="-0.02114883" r33="-0.26497957" r34="0" r41="1358.4143" r42="317.96652" r43="1800.6456" r44="1"></containerEntry>
        </property>
        <property name="colors" type="UInt32" container="DynamicArray" arraySize="22">
          <containerEntry>4294967295</containerEntry>
          <containerEntry>4294967295</containerEntry>
          <containerEntry>4294967295</containerEntry>
          <containerEntry>4294967295</containerEntry>
          <containerEntry>4294967295</containerEntry>
          <containerEntry>4294967295</containerEntry>
          <containerEntry>4294967295</containerEntry>
          <containerEntry>4294967295</containerEntry>
          <containerEntry>4294967295</containerEntry>
          <containerEntry>4294967295</containerEntry>
          <containerEntry>4294967295</containerEntry>
          <containerEntry>4294967295</containerEntry>
          <containerEntry>4294967295</containerEntry>
          <containerEntry>4294967295</containerEntry>
          <containerEntry>4294967295</containerEntry>
          <containerEntry>4294967295</containerEntry>
          <containerEntry>4294967295</containerEntry>
          <containerEntry>4294967295</containerEntry>
          <containerEntry>4294967295</containerEntry>
          <containerEntry>4294967295</containerEntry>
          <containerEntry>4294967295</containerEntry>
          <containerEntry>4294967295</containerEntry>
        </property>
      </staticProperties>
      <dynamicProperties></dynamicProperties>
    </entity>
    <entity class="StaticModelArray" classVersion="4" classID="0xD0" addr="0x317F580" id="0x0">
      <staticProperties>
        <property name="name" type="String" container="StaticArray" arraySize="1">
          <containerEntry>StaticModelArray0004</containerEntry>
        </property>
        <property name="dataSet" type="EntityHandle" container="StaticArray" arraySize="1">
          <containerEntry>0x3352E00</containerEntry>
        </property>
        <property name="modelFile" type="FilePtr" container="StaticArray" arraySize="1">
          <containerEntry>/Assets/tpp/environ/object/afghanistan/cliff/afgh_clff025/scenes/afgh_clff025.fmdl</containerEntry>
        </property>
        <property name="geomFile" type="FilePtr" container="StaticArray" arraySize="1">
          <containerEntry>/Assets/tpp/environ/object/afghanistan/cliff/afgh_clff025/scenes/afgh_clff025.geom</containerEntry>
        </property>
        <property name="isVisibleGeom" type="Bool" container="StaticArray" arraySize="1">
          <containerEntry>false</containerEntry>
        </property>
        <property name="lodFarSize" type="Float" container="StaticArray" arraySize="1">
          <containerEntry>-1</containerEntry>
        </property>
        <property name="lodNearSize" type="Float" container="StaticArray" arraySize="1">
          <containerEntry>-1</containerEntry>
        </property>
        <property name="lodPolygonSize" type="Float" container="StaticArray" arraySize="1">
          <containerEntry>-1</containerEntry>
        </property>
        <property name="drawRejectionLevel" type="Int32" container="StaticArray" arraySize="1">
          <containerEntry>8</containerEntry>
        </property>
        <property name="drawMode" type="Int32" container="StaticArray" arraySize="1">
          <containerEntry>0</containerEntry>
        </property>
        <property name="rejectFarRangeShadowCast" type="Int32" container="StaticArray" arraySize="1">
          <containerEntry>2</containerEntry>
        </property>
        <property name="parentLocator" type="EntityLink" container="StaticArray" arraySize="1">
          <containerEntry packagePathHash="0xB8A0BF169F98" archivePathHash="0xB8A0BF169F98" nameInArchiveHash="0xB8A0BF169F98">0x0</containerEntry>
        </property>
        <property name="transforms" type="Matrix4" container="DynamicArray" arraySize="4">
          <containerEntry r11="0.9801707" r12="-0.049110167" r13="0.1919727" r14="0" r21="0.054565415" r22="0.99823993" r23="-0.023230864" r24="0" r31="-0.19049394" r32="0.033245284" r33="0.9811253" r34="0" r41="1315.5615" r42="312.8852" r43="1906.1982" r44="1"></containerEntry>
          <containerEntry r11="0.936737" r12="-0.019246658" r13="0.3495042" r14="0" r21="0.01706486" r22="0.99981093" r23="0.009321007" r24="0" r31="-0.3496175" r32="-0.0027670877" r33="0.9368884" r34="0" r41="1304.7329" r42="313.0824" r43="1906.0942" r44="1"></containerEntry>
          <containerEntry r11="-0.80653167" r12="0" r13="-0.5911906" r14="0" r21="0" r22="1" r23="0" r24="0" r31="0.5911906" r32="0" r33="-0.80653167" r34="0" r41="1373.9442" r42="314.17184" r43="1844.7461" r44="1"></containerEntry>
          <containerEntry r11="-0.8464674" r12="-0.007829687" r13="-0.53238225" r14="0" r21="-0.0028471663" r22="0.99994415" r23="-0.01017918" r24="0" r31="0.5324322" r32="-0.0071005663" r33="-0.8464424" r34="0" r41="1366.6587" r42="314.51727" r43="1842.5468" r44="1"></containerEntry>
        </property>
        <property name="colors" type="UInt32" container="DynamicArray" arraySize="4">
          <containerEntry>4294967295</containerEntry>
          <containerEntry>4294967295</containerEntry>
          <containerEntry>4294967295</containerEntry>
          <containerEntry>4294967295</containerEntry>
        </property>
      </staticProperties>
      <dynamicProperties></dynamicProperties>
    </entity>
    <entity class="StaticModelArray" classVersion="4" classID="0xD0" addr="0x317F9E0" id="0x0">
      <staticProperties>
        <property name="name" type="String" container="StaticArray" arraySize="1">
          <containerEntry>StaticModelArray0005</containerEntry>
        </property>
        <property name="dataSet" type="EntityHandle" container="StaticArray" arraySize="1">
          <containerEntry>0x3352E00</containerEntry>
        </property>
        <property name="modelFile" type="FilePtr" container="StaticArray" arraySize="1">
          <containerEntry>/Assets/tpp/environ/object/afghanistan/rock/afgh_rock010/scenes/afgh_rock010.fmdl</containerEntry>
        </property>
        <property name="geomFile" type="FilePtr" container="StaticArray" arraySize="1">
          <containerEntry>/Assets/tpp/environ/object/afghanistan/rock/afgh_rock010/scenes/afgh_rock010.geom</containerEntry>
        </property>
        <property name="isVisibleGeom" type="Bool" container="StaticArray" arraySize="1">
          <containerEntry>false</containerEntry>
        </property>
        <property name="lodFarSize" type="Float" container="StaticArray" arraySize="1">
          <containerEntry>-1</containerEntry>
        </property>
        <property name="lodNearSize" type="Float" container="StaticArray" arraySize="1">
          <containerEntry>-1</containerEntry>
        </property>
        <property name="lodPolygonSize" type="Float" container="StaticArray" arraySize="1">
          <containerEntry>-1</containerEntry>
        </property>
        <property name="drawRejectionLevel" type="Int32" container="StaticArray" arraySize="1">
          <containerEntry>8</containerEntry>
        </property>
        <property name="drawMode" type="Int32" container="StaticArray" arraySize="1">
          <containerEntry>0</containerEntry>
        </property>
        <property name="rejectFarRangeShadowCast" type="Int32" container="StaticArray" arraySize="1">
          <containerEntry>2</containerEntry>
        </property>
        <property name="parentLocator" type="EntityLink" container="StaticArray" arraySize="1">
          <containerEntry packagePathHash="0xB8A0BF169F98" archivePathHash="0xB8A0BF169F98" nameInArchiveHash="0xB8A0BF169F98">0x0</containerEntry>
        </property>
        <property name="transforms" type="Matrix4" container="DynamicArray" arraySize="6">
          <containerEntry r11="0.989444" r12="-0.08877353" r13="-0.11454142" r14="0" r21="0.13029812" r22="0.8909248" r23="0.43505773" r24="0" r31="0.063426144" r32="-0.44538984" r33="0.89308727" r34="0" r41="1288.6102" r42="312.23666" r43="1902.1198" r44="1"></containerEntry>
