<fox formatVersion="2" fileVersion="0">
  <entities>
    <entity class="DataSet" classVersion="0" classID="0xE8" addr="0x317F6D0" id="0x1777EFF">
      <staticProperties>
        <property name="name" type="String" container="StaticArray" arraySize="1">
          <containerEntry hash="0xB8A0BF169F98"></containerEntry>
        </property>
        <property name="dataSet" type="EntityHandle" container="StaticArray" arraySize="1">
          <containerEntry>0x0</containerEntry>
        </property>
        <property name="dataList" type="EntityPtr" container="StringMap" arraySize="12">
          <containerEntry key="mafr_tree010_dead004_0003">
            <data>0x317CC60</data>
          </containerEntry>
          <containerEntry key="StaticModelArray0000">
            <data>0x3302700</data>
          </containerEntry>
          <containerEntry key="StaticModelArray0001">
            <data>0x3302770</data>
          </containerEntry>
          <containerEntry key="StaticModelArray0002">
            <data>0x33028C0</data>
          </containerEntry>
          <containerEntry key="StaticModelArray0003">
            <data>0x3302930</data>
          </containerEntry>
          <containerEntry key="StaticModelArray0004">
            <data>0x3301C80</data>
          </containerEntry>
          <containerEntry key="StaticModelArray0005">
            <data>0x3301E40</data>
          </containerEntry>
          <containerEntry key="StaticModelArray0006">
            <data>0x3301F20</data>
          </containerEntry>
          <containerEntry key="StaticModelArray0007">
            <data>0x317FBA0</data>
          </containerEntry>
          <containerEntry key="StaticModelArray0008">
            <data>0x3301CF0</data>
          </containerEntry>
          <containerEntry key="StaticModelArray0009">
            <data>0x3301D60</data>
          </containerEntry>
          <containerEntry key="TexturePackLoadConditioner0000">
            <data>0x3302D20</data>
          </containerEntry>
        </property>
      </staticProperties>
      <dynamicProperties></dynamicProperties>
    </entity>
    <entity class="StaticModel" classVersion="9" classID="0x160" addr="0x317CC60" id="0x17781E0">
      <staticProperties>
        <property name="name" type="String" container="StaticArray" arraySize="1">
          <containerEntry>mafr_tree010_dead004_0003</containerEntry>
        </property>
        <property name="dataSet" type="EntityHandle" container="StaticArray" arraySize="1">
          <containerEntry>0x317F6D0</containerEntry>
        </property>
        <property name="parent" type="EntityHandle" container="StaticArray" arraySize="1">
          <containerEntry>0x0</containerEntry>
        </property>
        <property name="transform" type="EntityPtr" container="StaticArray" arraySize="1">
          <containerEntry>0x317CCD0</containerEntry>
        </property>
        <property name="shearTransform" type="EntityPtr" container="StaticArray" arraySize="1">
          <containerEntry>0x0</containerEntry>
        </property>
        <property name="pivotTransform" type="EntityPtr" container="StaticArray" arraySize="1">
          <containerEntry>0x0</containerEntry>
        </property>
        <property name="children" type="EntityHandle" container="List"></property>
        <property name="flags" type="UInt32" container="StaticArray" arraySize="1">
          <containerEntry>3221225479</containerEntry>
        </property>
        <property name="modelFile" type="FilePtr" container="StaticArray" arraySize="1">
          <containerEntry>/Assets/tpp/environ/object/middle_africa/tree/mafr_tree010/scenes/mafr_tree010_dead004.fmdl</containerEntry>
        </property>
        <property name="geomFile" type="FilePtr" container="StaticArray" arraySize="1">
          <containerEntry>/Assets/tpp/environ/object/middle_africa/tree/mafr_tree010/scenes/mafr_tree010_dead004.geom</containerEntry>
        </property>
        <property name="isVisibleGeom" type="Bool" container="StaticArray" arraySize="1">
          <containerEntry>false</containerEntry>
        </property>
        <property name="isIsolated" type="Bool" container="StaticArray" arraySize="1">
          <containerEntry>false</containerEntry>
        </property>
        <property name="lodFarSize" type="Float" container="StaticArray" arraySize="1">
          <containerEntry>-1</containerEntry>
        </property>
        <property name="lodNearSize" type="Float" container="StaticArray" arraySize="1">
          <containerEntry>-1</containerEntry>
        </property>
        <property name="lodPolygonSize" type="Float" container="StaticArray" arraySize="1">
          <containerEntry>-1</containerEntry>
        </property>
        <property name="color" type="Color" container="StaticArray" arraySize="1">
          <containerEntry r="1" g="1" b="1" a="1"></containerEntry>
        </property>
        <property name="drawRejectionLevel" type="Int32" container="StaticArray" arraySize="1">
          <containerEntry>8</containerEntry>
        </property>
        <property name="drawMode" type="Int32" container="StaticArray" arraySize="1">
          <containerEntry>0</containerEntry>
        </property>
        <property name="rejectFarRangeShadowCast" type="Int32" container="StaticArray" arraySize="1">
          <containerEntry>2</containerEntry>
        </property>
      </staticProperties>
      <dynamicProperties></dynamicProperties>
    </entity>
    <entity class="TransformEntity" classVersion="0" classID="0x50" addr="0x317CCD0" id="0x17781E3">
      <staticProperties>
        <property name="owner" type="EntityHandle" container="StaticArray" arraySize="1">
          <containerEntry>0x317CC60</containerEntry>
        </property>
        <property name="transform_scale" type="Vector3" container="StaticArray" arraySize="1">
          <containerEntry x="1" y="1" z="1" w="0"></containerEntry>
        </property>
        <property name="transform_rotation_quat" type="Quat" container="StaticArray" arraySize="1">
          <containerEntry x="0" y="-0.979454" z="0" w="-0.20167"></containerEntry>
        </property>
        <property name="transform_translation" type="Vector3" container="StaticArray" arraySize="1">
          <containerEntry x="2283.3655" y="-12.12733" z="1313.2513" w="0"></containerEntry>
        </property>
      </staticProperties>
      <dynamicProperties></dynamicProperties>
    </entity>
    <entity class="StaticModelArray" classVersion="4" classID="0xD0" addr="0x3302700" id="0x0">
      <staticProperties>
        <property name="name" type="String" container="StaticArray" arraySize="1">
          <containerEntry>StaticModelArray0000</containerEntry>
        </property>
        <property name="dataSet" type="EntityHandle" container="StaticArray" arraySize="1">
          <containerEntry>0x317F6D0</containerEntry>
        </property>
        <property name="modelFile" type="FilePtr" container="StaticArray" arraySize="1">
          <containerEntry>/Assets/tpp/environ/object/middle_africa/rock/mafr_rock001/scenes/mafr_rock001_vrtn003.fmdl</containerEntry>
        </property>
        <property name="geomFile" type="FilePtr" container="StaticArray" arraySize="1">
          <containerEntry>/Assets/tpp/environ/object/middle_africa/rock/mafr_rock001/scenes/mafr_rock001_vrtn003.geom</containerEntry>
        </property>
        <property name="isVisibleGeom" type="Bool" container="StaticArray" arraySize="1">
          <containerEntry>false</containerEntry>
        </property>
        <property name="lodFarSize" type="Float" container="StaticArray" arraySize="1">
          <containerEntry>-1</containerEntry>
        </property>
        <property name="lodNearSize" type="Float" container="StaticArray" arraySize="1">
          <containerEntry>-1</containerEntry>
        </property>
        <property name="lodPolygonSize" type="Float" container="StaticArray" arraySize="1">
          <containerEntry>-1</containerEntry>
        </property>
        <property name="drawRejectionLevel" type="Int32" container="StaticArray" arraySize="1">
          <containerEntry>8</containerEntry>
        </property>
        <property name="drawMode" type="Int32" container="StaticArray" arraySize="1">
          <containerEntry>0</containerEntry>
        </property>
        <property name="rejectFarRangeShadowCast" type="Int32" container="StaticArray" arraySize="1">
          <containerEntry>2</containerEntry>
        </property>
        <property name="parentLocator" type="EntityLink" container="StaticArray" arraySize="1">
          <containerEntry packagePathHash="0xB8A0BF169F98" archivePathHash="0xB8A0BF169F98" nameInArchiveHash="0xB8A0BF169F98">0x0</containerEntry>
        </property>
        <property name="transforms" type="Matrix4" container="DynamicArray" arraySize="4">
          <containerEntry r11="-0.83994263" r12="0.18250534" r13="0.5110632" r14="0" r21="0.16542676" r22="0.98303926" r23="-0.0791696" r24="0" r31="-0.51684403" r32="0.018045563" r33="-0.85588783" r34="0" r41="2186.0525" r42="1.238051" r43="1340.2472" r44="1"></containerEntry>
          <containerEntry r11="0.87848336" r12="-0.2702396" r13="-0.39400196" r14="0" r21="0.22450319" r22="0.9614355" r23="-0.1588713" r24="0" r31="0.42174077" r32="0.05111107" r33="0.90527475" r34="0" r41="2199.3025" r42="-0.992147" r43="1345.2771" r44="1"></containerEntry>
          <containerEntry r11="-0.3022504" r12="0.043316856" r13="0.95224345" r14="0" r21="0.31628263" r22="0.94693196" r23="0.057315752" r24="0" r31="-0.899227" r32="0.3185019" r33="-0.2999109" r34="0" r41="2200.216" r42="-0.608663" r43="1322.2955" r44="1"></containerEntry>
          <containerEntry r11="0.35223517" r12="-0.06551423" r13="-0.93361497" r14="0" r21="-0.049989946" r22="0.994806" r23="-0.088668294" r24="0" r31="0.93457484" r32="0.07790344" r33="0.3471306" r34="0" r41="2180.0024" r42="2.727775" r43="1358.572" r44="1"></containerEntry>
        </property>
        <property name="colors" type="UInt32" container="DynamicArray" arraySize="4">
          <containerEntry>4294967295</containerEntry>
          <containerEntry>4294967295</containerEntry>
          <containerEntry>4294967295</containerEntry>
          <containerEntry>4294967295</containerEntry>
        </property>
      </staticProperties>
      <dynamicProperties></dynamicProperties>
    </entity>
    <entity class="StaticModelArray" classVersion="4" classID="0xD0" addr="0x3302770" id="0x0">
      <staticProperties>
        <property name="name" type="String" container="StaticArray" arraySize="1">
          <containerEntry>StaticModelArray0001</containerEntry>
        </property>
        <property name="dataSet" type="EntityHandle" container="StaticArray" arraySize="1">
          <containerEntry>0x317F6D0</containerEntry>
        </property>
        <property name="modelFile" type="FilePtr" container="StaticArray" arraySize="1">
          <containerEntry>/Assets/tpp/environ/object/middle_africa/rock/mafr_rock002/scenes/mafr_rock002.fmdl</containerEntry>
        </property>
        <property name="geomFile" type="FilePtr" container="StaticArray" arraySize="1">
          <containerEntry>/Assets/tpp/environ/object/middle_africa/rock/mafr_rock002/scenes/mafr_rock002.geom</containerEntry>
        </property>
        <property name="isVisibleGeom" type="Bool" container="StaticArray" arraySize="1">
          <containerEntry>false</containerEntry>
        </property>
        <property name="lodFarSize" type="Float" container="StaticArray" arraySize="1">
          <containerEntry>-1</containerEntry>
        </property>
        <property name="lodNearSize" type="Float" container="StaticArray" arraySize="1">
          <containerEntry>-1</containerEntry>
        </property>
        <property name="lodPolygonSize" type="Float" container="StaticArray" arraySize="1">
          <containerEntry>-1</containerEntry>
        </property>
        <property name="drawRejectionLevel" type="Int32" container="StaticArray" arraySize="1">
          <containerEntry>8</containerEntry>
        </property>
        <property name="drawMode" type="Int32" container="StaticArray" arraySize="1">
          <containerEntry>0</containerEntry>
        </property>
        <property name="rejectFarRangeShadowCast" type="Int32" container="StaticArray" arraySize="1">
          <containerEntry>2</containerEntry>
        </property>
        <property name="parentLocator" type="EntityLink" container="StaticArray" arraySize="1">
          <containerEntry packagePathHash="0xB8A0BF169F98" archivePathHash="0xB8A0BF169F98" nameInArchiveHash="0xB8A0BF169F98">0x0</containerEntry>
        </property>
        <property name="transforms" type="Matrix4" container="DynamicArray" arraySize="23">
          <containerEntry r11="-0.35771066" r12="0.03376823" r13="-0.9332211" r14="0" r21="-0.010523555" r22="0.99913675" r23="0.040187106" r24="0" r31="0.93377256" r32="0.024196185" r33="-0.35704648" r34="0" r41="2213.0703" r42="-2.737216" r43="1328.6395" r44="1"></containerEntry>
          <containerEntry r11="0.42117843" r12="0.03376827" r13="-0.9063491" r14="0" r21="-0.03618088" r22="0.9991368" r23="0.020412127" r24="0" r31="0.906256" r32="0.024195349" r33="0.42203665" r34="0" r41="2208.8267" r42="-1.433233" r43="1331.1471" r44="1"></containerEntry>
          <containerEntry r11="0.15055163" r12="0.033767883" r13="-0.988025" r14="0" r21="-0.029018018" r22="0.99913675" r23="0.02972599" r24="0" r31="0.9881759" r32="0.024195248" r33="0.15140152" r34="0" r41="2188.6086" r42="2.392729" r43="1329.9072" r44="1"></containerEntry>
          <containerEntry r11="-0.5541773" r12="0.0102978945" r13="0.83233345" r14="0" r21="0.060790867" r22="0.99775404" r23="0.028130805" r24="0" r31="-0.8301743" r32="0.0661878" r33="-0.55355865" r34="0" r41="2183.3093" r42="3.924354" r43="1334.6031" r44="1"></containerEntry>
          <containerEntry r11="-0.49622622" r12="0.16031894" r13="0.8532593" r14="0" r21="0.22987953" r22="0.97198796" r23="-0.048935965" r24="0" r31="-0.83720315" r32="0.1718638" r33="-0.51917994" r34="0" r41="2193.879" r42="6.536146" r43="1300.3079" r44="1"></containerEntry>
          <containerEntry r11="0.5610563" r12="-0.06487906" r13="-0.82522976" r14="0" r21="0.116958216" r22="0.9931358" r23="0.0014375336" r24="0" r31="0.81947196" r32="-0.09732419" r33="0.56479335" r34="0" r41="2193.9395" r42="6.996537" r43="1303.8877" r44="1"></containerEntry>
          <containerEntry r11="-0.95998156" r12="0.06873708" r13="0.27149504" r14="0" r21="0.10098515" r22="0.9891562" r23="0.10663994" r24="0" r31="-0.26122087" r32="0.1297894" r33="-0.9565131" r34="0" r41="2192.6807" r42="2.5974" r43="1354.0227" r44="1"></containerEntry>
          <containerEntry r11="-0.8446084" r12="-0.011697192" r13="0.5352579" r14="0" r21="0.041496996" r22="0.9953234" r23="0.08723122" r24="0" r31="-0.53377503" r32="0.09588775" r33="-0.8401731" r34="0" r41="2186.8303" r42="1.960523" r43="1372.2478" r44="1"></containerEntry>
          <containerEntry r11="0.046544254" r12="-0.011697322" r13="-0.99884844" r14="0" r21="-0.095248595" r22="0.9953234" r23="-0.016094506" r24="0" r31="0.99436545" r32="0.09588796" r33="0.045212448" r34="0" r41="2190.8726" r42="2.399961" r43="1367.7936" r44="1"></containerEntry>
          <containerEntry r11="0.14033256" r12="0.035687152" r13="-0.98945916" r14="0" r21="0.1014182" r22="0.9935756" r23="0.050219215" r24="0" r31="0.98489463" r32="-0.107396685" r33="0.13581169" r34="0" r41="2187.6187" r42="7.687523" r43="1294.6436" r44="1"></containerEntry>
          <containerEntry r11="-0.85261214" r12="-0.0020683291" r13="-0.52253187" r14="0" r21="-0.09107761" r22="0.98527336" r23="0.14471102" r24="0" r31="0.5145374" r32="0.17097373" r33="-0.8402443" r34="0" r41="2298.3862" r42="-7.669139" r43="1290.1107" r44="1"></containerEntry>
          <containerEntry r11="0.46159816" r12="-0.052372165" r13="-0.8855386" r14="0" r21="0.1851173" r22="0.9819651" r23="0.038419515" r24="0" r31="0.8675559" r32="-0.18166311" r33="0.46296832" r34="0" r41="2263.3518" r42="-7.245218" r43="1325.5277" r44="1"></containerEntry>
          <containerEntry r11="-0.77388656" r12="-0.03619034" r13="-0.63227785" r14="0" r21="-0.0041273143" r22="0.9986329" r23="-0.052107904" r24="0" r31="0.6332992" r32="-0.037716262" r33="-0.77297795" r34="0" r41="2275.941" r42="-7.836546" r43="1334.5114" r44="1"></containerEntry>
          <containerEntry r11="0.039488" r12="0" r13="0.9992184" r14="0" r21="0" r22="1" r23="0" r24="0" r31="-0.9992184" r32="0" r33="0.039488" r34="0" r41="2289.1677" r42="-11.140296" r43="1290.1107" r44="1"></containerEntry>
          <containerEntry r11="0.13816169" r12="-0.031172153" r13="-0.9899168" r14="0" r21="-0.045910574" r22="0.99822855" r23="-0.037841566" r24="0" r31="0.9893428" r32="0.050675906" r33="0.13648583" r34="0" r41="2273.2034" r42="-12.087826" r43="1310.0458" r44="1"></containerEntry>
          <containerEntry r11="0.65568405" r12="-0.28255972" r13="0.70016694" r14="0" r21="0.30498254" r22="0.9474318" r23="0.096739605" r24="0" r31="-0.6906952" r32="0.1501083" r33="0.7073918" r34="0" r41="2273.2034" r42="-13.306379" r43="1294.4995" r44="1"></containerEntry>
          <containerEntry r11="0.799767" r12="0.06688989" r13="-0.5965725" r14="0" r21="-0.20207053" r22="0.9657771" r23="-0.16261014" r24="0" r31="0.5652791" r32="0.2505999" r33="0.78591317" r34="0" r41="2186.012" r42="3.333616" r43="1367.7065" r44="1"></containerEntry>
          <containerEntry r11="-0.03316094" r12="-0.06487951" r13="0.99733824" r14="0" r21="-0.10338475" r22="1.0306404" r23="0.06360779" r24="0" r31="-0.99446887" r32="-0.09732503" r33="-0.039396763" r34="0" r41="2178.8494" r42="8.585256" r43="1308.446" r44="1"></containerEntry>
          <containerEntry r11="-0.9734801" r12="0.017561307" r13="0.22807154" r14="0" r21="0.026499078" r22="0.9989937" r23="0.03618502" r24="0" r31="-0.22720659" r32="0.041269228" r33="-0.9729659" r34="0" r41="2262.9473" r42="-6.818621" r43="1342.2878" r44="1"></containerEntry>
          <containerEntry r11="0.5669843" r12="0.027137013" r13="0.82327664" r14="0" r21="0.017821694" r22="0.9988192" r23="-0.045196693" r24="0" r31="-0.8235309" r32="0.040297974" r33="0.5658311" r34="0" r41="2295.2766" r42="-10.004045" r43="1332.3136" r44="1"></containerEntry>
          <containerEntry r11="-0.88931775" r12="0.06565428" r13="-0.45252785" r14="0" r21="0.039952748" r22="0.99701065" r23="0.06613256" r24="0" r31="0.45551696" r32="0.04073364" r33="-0.8892823" r34="0" r41="2257.3276" r42="-8.337403" r43="1309.324" r44="1"></containerEntry>
          <containerEntry r11="-0.40422863" r12="0.010731683" r13="-0.91459185" r14="0" r21="0.0822834" r22="0.9963034" r23="-0.024676962" r24="0" r31="0.9109462" r32="-0.08523093" r33="-0.4036174" r34="0" r41="2254.3218" r42="-10.690685" r43="1286.3444" r44="1"></containerEntry>
          <containerEntry r11="0.2627021" r12="0.010731668" r13="0.96481496" r14="0" r21="-0.085051484" r22="0.9963034" r23="0.012076076" r24="0" r31="-0.96111876" r32="-0.085231386" r33="0.26264375" r34="0" r41="2253.6445" r42="-9.73755" r43="1294.5409" r44="1"></containerEntry>
        </property>
        <property name="colors" type="UInt32" container="DynamicArray" arraySize="23">
          <containerEntry>4294967295</containerEntry>
          <containerEntry>4294967295</containerEntry>
          <containerEntry>4294967295</containerEntry>
          <containerEntry>4294967295</containerEntry>
          <containerEntry>4294967295</containerEntry>
          <containerEntry>4294967295</containerEntry>
          <containerEntry>4294967295</containerEntry>
          <containerEntry>4294967295</containerEntry>
          <containerEntry>4294967295</containerEntry>
          <containerEntry>4294967295</containerEntry>
          <containerEntry>4294967295</containerEntry>
          <containerEntry>4294967295</containerEntry>
          <containerEntry>4294967295</containerEntry>
          <containerEntry>4294967295</containerEntry>
          <containerEntry>4294967295</containerEntry>
          <containerEntry>4294967295</containerEntry>
          <containerEntry>4294967295</containerEntry>
          <containerEntry>4294967295</containerEntry>
          <containerEntry>4294967295</containerEntry>
          <containerEntry>4294967295</containerEntry>
          <containerEntry>4294967295</containerEntry>
          <containerEntry>4294967295</containerEntry>
          <containerEntry>4294967295</containerEntry>
        </property>
      </staticProperties>
      <dynamicProperties></dynamicProperties>
    </entity>
    <entity class="StaticModelArray" classVersion="4" classID="0xD0" addr="0x33028C0" id="0x0">
      <staticProperties>
        <property name="name" type="String" container="StaticArray" arraySize="1">
          <containerEntry>StaticModelArray0002</containerEntry>
        </property>
        <property name="dataSet" type="EntityHandle" container="StaticArray" arraySize="1">
          <containerEntry>0x317F6D0</containerEntry>
        </property>
        <property name="modelFile" type="FilePtr" container="StaticArray" arraySize="1">
          <containerEntry>/Assets/tpp/environ/object/middle_africa/rock/mafr_rock011/scenes/mafr_rock011.fmdl</containerEntry>
        </property>
        <property name="geomFile" type="FilePtr" container="StaticArray" arraySize="1">
          <containerEntry>/Assets/tpp/environ/object/middle_africa/rock/mafr_rock011/scenes/mafr_rock011.geom</containerEntry>
        </property>
        <property name="isVisibleGeom" type="Bool" container="StaticArray" arraySize="1">
          <containerEntry>false</containerEntry>
        </property>
        <property name="lodFarSize" type="Float" container="StaticArray" arraySize="1">
          <containerEntry>-1</containerEntry>
        </property>
        <property name="lodNearSize" type="Float" container="StaticArray" arraySize="1">
          <containerEntry>-1</containerEntry>
        </property>
        <property name="lodPolygonSize" type="Float" container="StaticArray" arraySize="1">
          <containerEntry>-1</containerEntry>
        </property>
        <property name="drawRejectionLevel" type="Int32" container="StaticArray" arraySize="1">
          <containerEntry>8</containerEntry>
        </property>
        <property name="drawMode" type="Int32" container="StaticArray" arraySize="1">
          <containerEntry>0</containerEntry>
        </property>
        <property name="rejectFarRangeShadowCast" type="Int32" container="StaticArray" arraySize="1">
          <containerEntry>2</containerEntry>
        </property>
        <property name="parentLocator" type="EntityLink" container="StaticArray" arraySize="1">
          <containerEntry packagePathHash="0xB8A0BF169F98" archivePathHash="0xB8A0BF169F98" nameInArchiveHash="0xB8A0BF169F98">0x0</containerEntry>
        </property>
        <property name="transforms" type="Matrix4" container="DynamicArray" arraySize="2">
          <containerEntry r11="0.9793972" r12="0.07887708" r13="0.18590203" r14="0" r21="-0.17897134" r22="0.76544785" r23="0.61810905" r24="0" r31="-0.093543656" r32="-0.63864535" r33="0.7637942" r34="0" r41="2288.2712" r42="-15.133041" r43="1314.0927" r44="1"></containerEntry>
          <containerEntry r11="-0.49390715" r12="-0.00025370717" r13="-0.8695158" r14="0" r21="0.70317245" r22="0.58811235" r23="-0.3995909" r24="0" r31="0.5114746" r32="-0.80877954" r33="-0.29029495" r34="0" r41="2282.3384" r42="-13.318932" r43="1324.9171" r44="1"></containerEntry>
        </property>
        <property name="colors" type="UInt32" container="DynamicArray" arraySize="2">
          <containerEntry>4294967295</containerEntry>
          <containerEntry>4294967295</containerEntry>
        </property>
      </staticProperties>
      <dynamicProperties></dynamicProperties>
    </entity>
    <entity class="StaticModelArray" classVersion="4" classID="0xD0" addr="0x3302930" id="0x0">
      <staticProperties>
        <property name="name" type="String" container="StaticArray" arraySize="1">
          <containerEntry>StaticModelArray0003</containerEntry>
        </property>
        <property name="dataSet" type="EntityHandle" container="StaticArray" arraySize="1">
          <containerEntry>0x317F6D0</containerEntry>
        </property>
        <property name="modelFile" type="FilePtr" container="StaticArray" arraySize="1">
          <containerEntry>/Assets/tpp/environ/object/middle_africa/rock/mafr_rock001/scenes/mafr_rock001_vrtn001.fmdl</containerEntry>
        </property>
        <property name="geomFile" type="FilePtr" container="StaticArray" arraySize="1">
          <containerEntry>/Assets/tpp/environ/object/middle_africa/rock/mafr_rock001/scenes/mafr_rock001_vrtn001.geom</containerEntry>
        </property>
        <property name="isVisibleGeom" type="Bool" container="StaticArray" arraySize="1">
          <containerEntry>false</containerEntry>
        </property>
        <property name="lodFarSize" type="Float" container="StaticArray" arraySize="1">
          <containerEntry>-1</containerEntry>
        </property>
        <property name="lodNearSize" type="Float" container="StaticArray" arraySize="1">
          <containerEntry>-1</containerEntry>
        </property>
        <property name="lodPolygonSize" type="Float" container="StaticArray" arraySize="1">
          <containerEntry>-1</containerEntry>
        </property>
        <property name="drawRejectionLevel" type="Int32" container="StaticArray" arraySize="1">
          <containerEntry>8</containerEntry>
        </property>
        <property name="drawMode" type="Int32" container="StaticArray" arraySize="1">
          <containerEntry>0</containerEntry>
        </property>
        <property name="rejectFarRangeShadowCast" type="Int32" container="StaticArray" arraySize="1">
          <containerEntry>2</containerEntry>
        </property>
        <property name="parentLocator" type="EntityLink" container="StaticArray" arraySize="1">
          <containerEntry packagePathHash="0xB8A0BF169F98" archivePathHash="0xB8A0BF169F98" nameInArchiveHash="0xB8A0BF169F98">0x0</containerEntry>
        </property>
        <property name="transforms" type="Matrix4" container="DynamicArray" arraySize="10">
          <containerEntry r11="-0.39217034" r12="0.41434956" r13="0.82128876" r14="0" r21="0.22200793" r22="0.9090513" r23="-0.3526162" r24="0" r31="-0.8927" r32="0.044046834" r33="-0.4484918" r34="0" r41="2255.9553" r42="-7.163837" r43="1380.2122" r44="1"></containerEntry>
          <containerEntry r11="0.25997156" r12="-0.14519233" r13="0.9546378" r14="0" r21="0.2424345" r22="0.96677893" r23="0.08101799" r24="0" r31="-0.93468696" r32="0.21037489" r33="0.28653467" r34="0" r41="2283.6233" r42="-8.402261" r43="1361.7861" r44="1"></containerEntry>
          <containerEntry r11="-0.266013" r12="0.5135797" r13="0.8157635" r14="0" r21="0.24705306" r22="0.8543142" r23="-0.45728734" r24="0" r31="-0.931772" r32="0.07989207" r33="-0.35414004" r34="0" r41="2274.9297" r42="-8.075026" r43="1357.1346" r44="1"></containerEntry>
          <containerEntry r11="-0.36142784" r12="-0.13216417" r13="-0.922984" r14="0" r21="-0.38491547" r22="0.92276436" r23="0.018595517" r24="0" r31="0.849239" r32="0.3619922" r33="-0.38438475" r34="0" r41="2233.777" r42="-7.3358" r43="1380.7202" r44="1"></containerEntry>
          <containerEntry r11="0.94771767" r12="0.20051464" r13="-0.24824362" r14="0" r21="-0.24386466" r22="0.9568295" r23="-0.15813684" r24="0" r31="0.20581798" r32="0.21040702" r33="0.9557027" r34="0" r41="2235.2993" r42="-7.3358" r43="1384.0576" r44="1"></containerEntry>
          <containerEntry r11="0.6442036" r12="0.14507551" r13="-0.75096846" r14="0" r21="-0.26087546" r22="0.9646464" r23="-0.037431873" r24="0" r31="0.71898854" r32="0.2200233" r33="0.6592754" r34="0" r41="2246.9033" r42="-9.576488" r43="1297.4808" r44="1"></containerEntry>
          <containerEntry r11="0.18953905" r12="-0.10808861" r13="0.97590464" r14="0" r21="0.1218503" r22="0.9888283" r23="0.0858544" r24="0" r31="-0.9742821" r32="0.10264174" r33="0.20059222" r34="0" r41="2243.2805" r42="-8.342483" r43="1299.8816" r44="1"></containerEntry>
          <containerEntry r11="-0.95041424" r12="-0.18060602" r13="-0.25316453" r14="0" r21="-0.23669441" r22="0.9481294" r23="0.2121943" r24="0" r31="0.20170912" r32="0.26159534" r33="-0.9438641" r34="0" r41="2228.6448" r42="-6.68197" r43="1283.7345" r44="1"></containerEntry>
          <containerEntry r11="-0.9881974" r12="-0.14519306" r13="0.048845552" r14="0" r21="-0.13120277" r22="0.9667788" r23="0.21937308" r24="0" r31="-0.079074286" r32="0.21037513" r33="-0.97441804" r34="0" r41="2277.9536" r42="-8.878356" r43="1382.2854" r44="1"></containerEntry>
          <containerEntry r11="-0.08140151" r12="-0.14519385" r13="0.9860493" r14="0" r21="0.20023519" r22="0.9667787" r23="0.15888633" r24="0" r31="-0.9763608" r32="0.21037523" r33="-0.049624324" r34="0" r41="2274.7534" r42="-9.139483" r43="1376.9271" r44="1"></containerEntry>
        </property>
        <property name="colors" type="UInt32" container="DynamicArray" arraySize="10">
          <containerEntry>4294967295</containerEntry>
          <containerEntry>4294967295</containerEntry>
          <containerEntry>4294967295</containerEntry>
          <containerEntry>4294967295</containerEntry>
          <containerEntry>4294967295</containerEntry>
          <containerEntry>4294967295</containerEntry>
          <containerEntry>4294967295</containerEntry>
          <containerEntry>4294967295</containerEntry>
          <containerEntry>4294967295</containerEntry>
          <containerEntry>4294967295</containerEntry>
        </property>
      </staticProperties>
      <dynamicProperties></dynamicProperties>
    </entity>
    <entity class="StaticModelArray" classVersion="4" classID="0xD0" addr="0x3301C80" id="0x0">
      <staticProperties>
        <property name="name" type="String" container="StaticArray" arraySize="1">
          <containerEntry>StaticModelArray0004</containerEntry>
        </property>
        <property name="dataSet" type="EntityHandle" container="StaticArray" arraySize="1">
          <containerEntry>0x317F6D0</containerEntry>
        </property>
        <property name="modelFile" type="FilePtr" container="StaticArray" arraySize="1">
          <containerEntry>/Assets/tpp/environ/object/middle_africa/rock/mafr_rock010/scenes/mafr_rock010.fmdl</containerEntry>
        </property>
        <property name="geomFile" type="FilePtr" container="StaticArray" arraySize="1">
          <containerEntry>/Assets/tpp/environ/object/middle_africa/rock/mafr_rock010/scenes/mafr_rock010.geom</containerEntry>
        </property>
        <property name="isVisibleGeom" type="Bool" container="StaticArray" arraySize="1">
          <containerEntry>false</containerEntry>
        </property>
        <property name="lodFarSize" type="Float" container="StaticArray" arraySize="1">
          <containerEntry>-1</containerEntry>
        </property>
        <property name="lodNearSize" type="Float" container="StaticArray" arraySize="1">
          <containerEntry>-1</containerEntry>
        </property>
        <property name="lodPolygonSize" type="Float" container="StaticArray" arraySize="1">
          <containerEntry>-1</containerEntry>
        </property>
        <property name="drawRejectionLevel" type="Int32" container="StaticArray" arraySize="1">
          <containerEntry>8</containerEntry>
        </property>
        <property name="drawMode" type="Int32" container="StaticArray" arraySize="1">
          <containerEntry>0</containerEntry>
        </property>
        <property name="rejectFarRangeShadowCast" type="Int32" container="StaticArray" arraySize="1">
          <containerEntry>2</containerEntry>
        </property>
        <property name="parentLocator" type="EntityLink" container="StaticArray" arraySize="1">
          <containerEntry packagePathHash="0xB8A0BF169F98" archivePathHash="0xB8A0BF169F98" nameInArchiveHash="0xB8A0BF169F98">0x0</containerEntry>
        </property>
        <property name="transforms" type="Matrix4" container="DynamicArray" arraySize="4">
          <containerEntry r11="0.9714185" r12="-0.094947174" r13="0.21755771" r14="0" r21="0.08021353" r22="0.9939065" r23="0.075601816" r24="0" r31="-0.2234102" r32="-0.055989996" r33="0.9731152" r34="0" r41="2238.418" r42="-5.196259" r43="1331.7743" r44="1"></containerEntry>
          <containerEntry r11="0.98529434" r12="-0.059578147" r13="-0.1601424" r14="0" r21="0.046681058" r22="0.995445" r23="-0.08312752" r24="0" r31="0.16436552" r32="0.074429505" r33="0.9835875" r34="0" r41="2266.2236" r42="-7.210603" r43="1349.6359" r44="1"></containerEntry>
          <containerEntry r11="-0.4353623" r12="-0.13168713" r13="-0.89057875" r14="0" r21="-0.11297634" r22="0.989415" r23="-0.09107407" r24="0" r31="0.8931452" r32="0.06096425" r33="-0.4456315" r34="0" r41="2264.5618" r42="-7.210603" r43="1344.6335" r44="1"></containerEntry>
          <containerEntry r11="-0.59945244" r12="0.135478" r13="0.7888694" r14="0" r21="-0.034070145" r22="1.0066295" r23="-0.19876547" r24="0" r31="-0.7997298" r32="-0.14223807" r33="-0.5832776" r34="0" r41="2210.6584" r42="-3.7292318" r43="1334.2305" r44="1"></containerEntry>
        </property>
        <property name="colors" type="UInt32" container="DynamicArray" arraySize="4">
          <containerEntry>4294967295</containerEntry>
          <containerEntry>4294967295</containerEntry>
          <containerEntry>4294967295</containerEntry>
          <containerEntry>4294967295</containerEntry>
        </property>
      </staticProperties>
      <dynamicProperties></dynamicProperties>
    </entity>
    <entity class="StaticModelArray" classVersion="4" classID="0xD0" addr="0x3301E40" id="0x0">
      <staticProperties>
        <property name="name" type="String" container="StaticArray" arraySize="1">
          <containerEntry>StaticModelArray0005</containerEntry>
        </property>
        <property name="dataSet" type="EntityHandle" container="StaticArray" arraySize="1">
          <containerEntry>0x317F6D0</containerEntry>
        </property>
        <property name="modelFile" type="FilePtr" container="StaticArray" arraySize="1">
          <containerEntry>/Assets/tpp/environ/object/middle_africa/cliff/mafr_clff015/scenes/mafr_clff015_grnd002.fmdl</containerEntry>
        </property>
        <property name="geomFile" type="FilePtr" container="StaticArray" arraySize="1">
          <containerEntry>/Assets/tpp/environ/object/middle_africa/cliff/mafr_clff015/scenes/mafr_clff015_grnd002.geom</containerEntry>
        </property>
        <property name="isVisibleGeom" type="Bool" container="StaticArray" arraySize="1">
          <containerEntry>false</containerEntry>
        </property>
        <property name="lodFarSize" type="Float" container="StaticArray" arraySize="1">
          <containerEntry>-1</containerEntry>
        </property>
        <property name="lodNearSize" type="Float" container="StaticArray" arraySize="1">
          <containerEntry>-1</containerEntry>
        </property>
        <property name="lodPolygonSize" type="Float" container="StaticArray" arraySize="1">
          <containerEntry>-1</containerEntry>
        </property>
        <property name="drawRejectionLevel" type="Int32" container="StaticArray" arraySize="1">
          <containerEntry>8</containerEntry>
        </property>
        <property name="drawMode" type="Int32" container="StaticArray" arraySize="1">
          <containerEntry>0</containerEntry>
        </property>
        <property name="rejectFarRangeShadowCast" type="Int32" container="StaticArray" arraySize="1">
          <containerEntry>2</containerEntry>
        </property>
        <property name="parentLocator" type="EntityLink" container="StaticArray" arraySize="1">
          <containerEntry packagePathHash="0xB8A0BF169F98" archivePathHash="0xB8A0BF169F98" nameInArchiveHash="0xB8A0BF169F98">0x0</containerEntry>
        </property>
        <property name="transforms" type="Matrix4" container="DynamicArray" arraySize="4">
          <containerEntry r11="0.59406906" r12="-0.007630931" r13="-0.80437803" r14="0" r21="-0.045335285" r22="0.99804807" r23="-0.042950395" r24="0" r31="0.80313575" r32="0.061982203" r33="0.5925636" r34="0" r41="2202.012" r42="-4.992339" r43="1361.7611" r44="1"></containerEntry>
          <containerEntry r11="-0.061117314" r12="0.16600053" r13="-0.98423046" r14="0" r21="-0.16980313" r22="0.9699703" r23="0.1741396" r24="0" r31="0.9835816" r32="0.17776819" r33="-0.03109461" r34="0" r41="2196.4219" r42="-0.425451" r43="1309.171" r44="1"></containerEntry>
          <containerEntry r11="0.04993455" r12="-0.0076312106" r13="-0.99872255" r14="0" r21="-0.061525345" r22="0.9980481" r23="-0.01070217" r24="0" r31="0.9968549" r32="0.0619812" r33="0.049367547" r34="0" r41="2177.9968" r42="-4.992339" r43="1393.0074" r44="1"></containerEntry>
          <containerEntry r11="-0.008221869" r12="-0.03983525" r13="-0.9991722" r14="0" r21="-0.08763987" r22="0.99538994" r23="-0.038963273" r24="0" r31="0.99611807" r32="0.087246984" r33="-0.011675119" r34="0" r41="2197.678" r42="-0.425451" r43="1302.0496" r44="1"></containerEntry>
        </property>
        <property name="colors" type="UInt32" container="DynamicArray" arraySize="4">
          <containerEntry>4294967295</containerEntry>
          <containerEntry>4294967295</containerEntry>
          <containerEntry>4294967295</containerEntry>
          <containerEntry>4294967295</containerEntry>
        </property>
      </staticProperties>
      <dynamicProperties></dynamicProperties>
    </entity>
    <entity class="StaticModelArray" classVersion="4" classID="0xD0" addr="0x3301F20" id="0x0">
      <staticProperties>
        <property name="name" type="String" container="StaticArray" arraySize="1">
          <containerEntry>StaticModelArray0006</containerEntry>
        </property>
        <property name="dataSet" type="EntityHandle" container="StaticArray" arraySize="1">
          <containerEntry>0x317F6D0</containerEntry>
        </property>
        <property name="modelFile" type="FilePtr" container="StaticArray" arraySize="1">
          <containerEntry>/Assets/tpp/environ/object/middle_africa/cliff/mafr_clff003/scenes/mafr_clff003_vrtn001.fmdl</containerEntry>
        </property>
        <property name="geomFile" type="FilePtr" container="StaticArray" arraySize="1">
          <containerEntry>/Assets/tpp/environ/object/middle_africa/cliff/mafr_clff003/scenes/mafr_clff003_vrtn001.geom</containerEntry>
        </property>
        <property name="isVisibleGeom" type="Bool" container="StaticArray" arraySize="1">
          <containerEntry>false</containerEntry>
        </property>
        <property name="lodFarSize" type="Float" container="StaticArray" arraySize="1">
          <containerEntry>-1</containerEntry>
        </property>
        <property name="lodNearSize" type="Float" container="StaticArray" arraySize="1">
          <containerEntry>-1</containerEntry>
        </property>
        <property name="lodPolygonSize" type="Float" container="StaticArray" arraySize="1">
          <containerEntry>-1</containerEntry>
        </property>
        <property name="drawRejectionLevel" type="Int32" container="StaticArray" arraySize="1">
          <containerEntry>8</containerEntry>
        </property>
        <property name="drawMode" type="Int32" container="StaticArray" arraySize="1">
          <containerEntry>0</containerEntry>
        </property>
        <property name="rejectFarRangeShadowCast" type="Int32" container="StaticArray" arraySize="1">
          <containerEntry>2</containerEntry>
        </property>
        <property name="parentLocator" type="EntityLink" container="StaticArray" arraySize="1">
          <containerEntry packagePathHash="0xB8A0BF169F98" archivePathHash="0xB8A0BF169F98" nameInArchiveHash="0xB8A0BF169F98">0x0</containerEntry>
        </property>
