<fox formatVersion="2" fileVersion="0">
  <entities>
    <entity class="DataSet" classVersion="0" classID="0xE8" addr="0x2F53650" id="0xB288">
      <staticProperties>
        <property name="name" type="String" container="StaticArray" arraySize="1">
          <containerEntry hash="0xB8A0BF169F98"></containerEntry>
        </property>
        <property name="dataSet" type="EntityHandle" container="StaticArray" arraySize="1">
          <containerEntry>0x0</containerEntry>
        </property>
        <property name="dataList" type="EntityPtr" container="StringMap" arraySize="14">
          <containerEntry key="afgh_clff022_vrtn001_0003">
            <data>0x2D760C0</data>
          </containerEntry>
          <containerEntry key="afgh_clff022_vrtn004_0003">
            <data>0x2D78BA0</data>
          </containerEntry>
          <containerEntry key="afgh_clff041_vrtn002_0001">
            <data>0x2D7B680</data>
          </containerEntry>
          <containerEntry key="StaticModelArray0000">
            <data>0x2D7EEF0</data>
          </containerEntry>
          <containerEntry key="StaticModelArray0001">
            <data>0x2D7EF60</data>
          </containerEntry>
          <containerEntry key="StaticModelArray0002">
            <data>0x2D7EFD0</data>
          </containerEntry>
          <containerEntry key="StaticModelArray0003">
            <data>0x2D7F040</data>
          </containerEntry>
          <containerEntry key="StaticModelArray0004">
            <data>0x2D7F0B0</data>
          </containerEntry>
          <containerEntry key="StaticModelArray0005">
            <data>0x2D7E4E0</data>
          </containerEntry>
          <containerEntry key="StaticModelArray0006">
            <data>0x2D7ECC0</data>
          </containerEntry>
          <containerEntry key="StaticModelArray0007">
            <data>0x2D7E550</data>
          </containerEntry>
          <containerEntry key="StaticModelArray0008">
            <data>0x2D75E20</data>
          </containerEntry>
          <containerEntry key="StaticModelArray0009">
            <data>0x2D7E5C0</data>
          </containerEntry>
          <containerEntry key="TexturePackLoadConditioner0000">
            <data>0x2D7F430</data>
          </containerEntry>
        </property>
      </staticProperties>
      <dynamicProperties></dynamicProperties>
    </entity>
    <entity class="StaticModel" classVersion="9" classID="0x160" addr="0x2D760C0" id="0xB369">
      <staticProperties>
        <property name="name" type="String" container="StaticArray" arraySize="1">
          <containerEntry>afgh_clff022_vrtn001_0003</containerEntry>
        </property>
        <property name="dataSet" type="EntityHandle" container="StaticArray" arraySize="1">
          <containerEntry>0x2F53650</containerEntry>
        </property>
        <property name="parent" type="EntityHandle" container="StaticArray" arraySize="1">
          <containerEntry>0x0</containerEntry>
        </property>
        <property name="transform" type="EntityPtr" container="StaticArray" arraySize="1">
          <containerEntry>0x2D76130</containerEntry>
        </property>
        <property name="shearTransform" type="EntityPtr" container="StaticArray" arraySize="1">
          <containerEntry>0x0</containerEntry>
        </property>
        <property name="pivotTransform" type="EntityPtr" container="StaticArray" arraySize="1">
          <containerEntry>0x0</containerEntry>
        </property>
        <property name="children" type="EntityHandle" container="List"></property>
        <property name="flags" type="UInt32" container="StaticArray" arraySize="1">
          <containerEntry>3221225479</containerEntry>
        </property>
        <property name="modelFile" type="FilePtr" container="StaticArray" arraySize="1">
          <containerEntry>/Assets/tpp/environ/object/afghanistan/cliff/afgh_clff022/scenes/afgh_clff022_vrtn001.fmdl</containerEntry>
        </property>
        <property name="geomFile" type="FilePtr" container="StaticArray" arraySize="1">
          <containerEntry>/Assets/tpp/environ/object/afghanistan/cliff/afgh_clff022/scenes/afgh_clff022_vrtn001.geom</containerEntry>
        </property>
        <property name="isVisibleGeom" type="Bool" container="StaticArray" arraySize="1">
          <containerEntry>false</containerEntry>
        </property>
        <property name="isIsolated" type="Bool" container="StaticArray" arraySize="1">
          <containerEntry>false</containerEntry>
        </property>
        <property name="lodFarSize" type="Float" container="StaticArray" arraySize="1">
          <containerEntry>-1</containerEntry>
        </property>
        <property name="lodNearSize" type="Float" container="StaticArray" arraySize="1">
          <containerEntry>-1</containerEntry>
        </property>
        <property name="lodPolygonSize" type="Float" container="StaticArray" arraySize="1">
          <containerEntry>-1</containerEntry>
        </property>
        <property name="color" type="Color" container="StaticArray" arraySize="1">
          <containerEntry r="1" g="1" b="1" a="1"></containerEntry>
        </property>
        <property name="drawRejectionLevel" type="Int32" container="StaticArray" arraySize="1">
          <containerEntry>8</containerEntry>
        </property>
        <property name="drawMode" type="Int32" container="StaticArray" arraySize="1">
          <containerEntry>0</containerEntry>
        </property>
        <property name="rejectFarRangeShadowCast" type="Int32" container="StaticArray" arraySize="1">
          <containerEntry>2</containerEntry>
        </property>
      </staticProperties>
      <dynamicProperties></dynamicProperties>
    </entity>
    <entity class="TransformEntity" classVersion="0" classID="0x50" addr="0x2D76130" id="0xB36C">
      <staticProperties>
        <property name="owner" type="EntityHandle" container="StaticArray" arraySize="1">
          <containerEntry>0x2D760C0</containerEntry>
        </property>
        <property name="transform_scale" type="Vector3" container="StaticArray" arraySize="1">
          <containerEntry x="1" y="1" z="1" w="0"></containerEntry>
        </property>
        <property name="transform_rotation_quat" type="Quat" container="StaticArray" arraySize="1">
          <containerEntry x="0" y="0.508656" z="0" w="-0.860969"></containerEntry>
        </property>
        <property name="transform_translation" type="Vector3" container="StaticArray" arraySize="1">
          <containerEntry x="1699.3721" y="348.74762" z="915.31244" w="0"></containerEntry>
        </property>
      </staticProperties>
      <dynamicProperties></dynamicProperties>
    </entity>
    <entity class="StaticModel" classVersion="9" classID="0x160" addr="0x2D78BA0" id="0xB448">
      <staticProperties>
        <property name="name" type="String" container="StaticArray" arraySize="1">
          <containerEntry>afgh_clff022_vrtn004_0003</containerEntry>
        </property>
        <property name="dataSet" type="EntityHandle" container="StaticArray" arraySize="1">
          <containerEntry>0x2F53650</containerEntry>
        </property>
        <property name="parent" type="EntityHandle" container="StaticArray" arraySize="1">
          <containerEntry>0x0</containerEntry>
        </property>
        <property name="transform" type="EntityPtr" container="StaticArray" arraySize="1">
          <containerEntry>0x2D78C10</containerEntry>
        </property>
        <property name="shearTransform" type="EntityPtr" container="StaticArray" arraySize="1">
          <containerEntry>0x0</containerEntry>
        </property>
        <property name="pivotTransform" type="EntityPtr" container="StaticArray" arraySize="1">
          <containerEntry>0x0</containerEntry>
        </property>
        <property name="children" type="EntityHandle" container="List"></property>
        <property name="flags" type="UInt32" container="StaticArray" arraySize="1">
          <containerEntry>3221225479</containerEntry>
        </property>
        <property name="modelFile" type="FilePtr" container="StaticArray" arraySize="1">
          <containerEntry>/Assets/tpp/environ/object/afghanistan/cliff/afgh_clff022/scenes/afgh_clff022_vrtn004.fmdl</containerEntry>
        </property>
        <property name="geomFile" type="FilePtr" container="StaticArray" arraySize="1">
          <containerEntry>/Assets/tpp/environ/object/afghanistan/cliff/afgh_clff022/scenes/afgh_clff022_vrtn004.geom</containerEntry>
        </property>
        <property name="isVisibleGeom" type="Bool" container="StaticArray" arraySize="1">
          <containerEntry>false</containerEntry>
        </property>
        <property name="isIsolated" type="Bool" container="StaticArray" arraySize="1">
          <containerEntry>false</containerEntry>
        </property>
        <property name="lodFarSize" type="Float" container="StaticArray" arraySize="1">
          <containerEntry>-1</containerEntry>
        </property>
        <property name="lodNearSize" type="Float" container="StaticArray" arraySize="1">
          <containerEntry>-1</containerEntry>
        </property>
        <property name="lodPolygonSize" type="Float" container="StaticArray" arraySize="1">
          <containerEntry>-1</containerEntry>
        </property>
        <property name="color" type="Color" container="StaticArray" arraySize="1">
          <containerEntry r="1" g="1" b="1" a="1"></containerEntry>
        </property>
        <property name="drawRejectionLevel" type="Int32" container="StaticArray" arraySize="1">
          <containerEntry>8</containerEntry>
        </property>
        <property name="drawMode" type="Int32" container="StaticArray" arraySize="1">
          <containerEntry>0</containerEntry>
        </property>
        <property name="rejectFarRangeShadowCast" type="Int32" container="StaticArray" arraySize="1">
          <containerEntry>2</containerEntry>
        </property>
      </staticProperties>
      <dynamicProperties></dynamicProperties>
    </entity>
    <entity class="TransformEntity" classVersion="0" classID="0x50" addr="0x2D78C10" id="0xB44B">
      <staticProperties>
        <property name="owner" type="EntityHandle" container="StaticArray" arraySize="1">
          <containerEntry>0x2D78BA0</containerEntry>
        </property>
        <property name="transform_scale" type="Vector3" container="StaticArray" arraySize="1">
          <containerEntry x="1" y="1" z="1" w="0"></containerEntry>
        </property>
        <property name="transform_rotation_quat" type="Quat" container="StaticArray" arraySize="1">
          <containerEntry x="0.012979" y="-0.454804" z="-0.004914" w="0.890482"></containerEntry>
        </property>
        <property name="transform_translation" type="Vector3" container="StaticArray" arraySize="1">
          <containerEntry x="1714.9647" y="347.1381" z="940.57074" w="0"></containerEntry>
        </property>
      </staticProperties>
      <dynamicProperties></dynamicProperties>
    </entity>
    <entity class="StaticModel" classVersion="9" classID="0x160" addr="0x2D7B680" id="0xB527">
      <staticProperties>
        <property name="name" type="String" container="StaticArray" arraySize="1">
          <containerEntry>afgh_clff041_vrtn002_0001</containerEntry>
        </property>
        <property name="dataSet" type="EntityHandle" container="StaticArray" arraySize="1">
          <containerEntry>0x2F53650</containerEntry>
        </property>
        <property name="parent" type="EntityHandle" container="StaticArray" arraySize="1">
          <containerEntry>0x0</containerEntry>
        </property>
        <property name="transform" type="EntityPtr" container="StaticArray" arraySize="1">
          <containerEntry>0x2D7B6F0</containerEntry>
        </property>
        <property name="shearTransform" type="EntityPtr" container="StaticArray" arraySize="1">
          <containerEntry>0x0</containerEntry>
        </property>
        <property name="pivotTransform" type="EntityPtr" container="StaticArray" arraySize="1">
          <containerEntry>0x0</containerEntry>
        </property>
        <property name="children" type="EntityHandle" container="List"></property>
        <property name="flags" type="UInt32" container="StaticArray" arraySize="1">
          <containerEntry>7</containerEntry>
        </property>
        <property name="modelFile" type="FilePtr" container="StaticArray" arraySize="1">
          <containerEntry>/Assets/tpp/environ/object/afghanistan/cliff/afgh_clff041/scenes/afgh_clff041_vrtn002.fmdl</containerEntry>
        </property>
        <property name="geomFile" type="FilePtr" container="StaticArray" arraySize="1">
          <containerEntry>/Assets/tpp/environ/object/afghanistan/cliff/afgh_clff041/scenes/afgh_clff041_vrtn002.geom</containerEntry>
        </property>
        <property name="isVisibleGeom" type="Bool" container="StaticArray" arraySize="1">
          <containerEntry>false</containerEntry>
        </property>
        <property name="isIsolated" type="Bool" container="StaticArray" arraySize="1">
          <containerEntry>false</containerEntry>
        </property>
        <property name="lodFarSize" type="Float" container="StaticArray" arraySize="1">
          <containerEntry>-1</containerEntry>
        </property>
        <property name="lodNearSize" type="Float" container="StaticArray" arraySize="1">
          <containerEntry>-1</containerEntry>
        </property>
        <property name="lodPolygonSize" type="Float" container="StaticArray" arraySize="1">
          <containerEntry>-1</containerEntry>
        </property>
        <property name="color" type="Color" container="StaticArray" arraySize="1">
          <containerEntry r="1" g="1" b="1" a="1"></containerEntry>
        </property>
        <property name="drawRejectionLevel" type="Int32" container="StaticArray" arraySize="1">
          <containerEntry>8</containerEntry>
        </property>
        <property name="drawMode" type="Int32" container="StaticArray" arraySize="1">
          <containerEntry>0</containerEntry>
        </property>
        <property name="rejectFarRangeShadowCast" type="Int32" container="StaticArray" arraySize="1">
          <containerEntry>2</containerEntry>
        </property>
      </staticProperties>
      <dynamicProperties></dynamicProperties>
    </entity>
    <entity class="TransformEntity" classVersion="0" classID="0x50" addr="0x2D7B6F0" id="0xB52A">
      <staticProperties>
        <property name="owner" type="EntityHandle" container="StaticArray" arraySize="1">
          <containerEntry>0x2D7B680</containerEntry>
        </property>
        <property name="transform_scale" type="Vector3" container="StaticArray" arraySize="1">
          <containerEntry x="1" y="1" z="1" w="0"></containerEntry>
        </property>
        <property name="transform_rotation_quat" type="Quat" container="StaticArray" arraySize="1">
          <containerEntry x="0" y="-0.433966" z="0" w="0.900929"></containerEntry>
        </property>
        <property name="transform_translation" type="Vector3" container="StaticArray" arraySize="1">
          <containerEntry x="1748.2543" y="365.07217" z="943.5039" w="0"></containerEntry>
        </property>
      </staticProperties>
      <dynamicProperties></dynamicProperties>
    </entity>
    <entity class="StaticModelArray" classVersion="4" classID="0xD0" addr="0x2D7EEF0" id="0x0">
      <staticProperties>
        <property name="name" type="String" container="StaticArray" arraySize="1">
          <containerEntry>StaticModelArray0000</containerEntry>
        </property>
        <property name="dataSet" type="EntityHandle" container="StaticArray" arraySize="1">
          <containerEntry>0x2F53650</containerEntry>
        </property>
        <property name="modelFile" type="FilePtr" container="StaticArray" arraySize="1">
          <containerEntry>/Assets/tpp/environ/object/afghanistan/cliff/afgh_clff013/scenes/afgh_clff013.fmdl</containerEntry>
        </property>
        <property name="geomFile" type="FilePtr" container="StaticArray" arraySize="1">
          <containerEntry>/Assets/tpp/environ/object/afghanistan/cliff/afgh_clff013/scenes/afgh_clff013.geom</containerEntry>
        </property>
        <property name="isVisibleGeom" type="Bool" container="StaticArray" arraySize="1">
          <containerEntry>false</containerEntry>
        </property>
        <property name="lodFarSize" type="Float" container="StaticArray" arraySize="1">
          <containerEntry>-1</containerEntry>
        </property>
        <property name="lodNearSize" type="Float" container="StaticArray" arraySize="1">
          <containerEntry>-1</containerEntry>
        </property>
        <property name="lodPolygonSize" type="Float" container="StaticArray" arraySize="1">
          <containerEntry>-1</containerEntry>
        </property>
        <property name="drawRejectionLevel" type="Int32" container="StaticArray" arraySize="1">
          <containerEntry>8</containerEntry>
        </property>
        <property name="drawMode" type="Int32" container="StaticArray" arraySize="1">
          <containerEntry>0</containerEntry>
        </property>
        <property name="rejectFarRangeShadowCast" type="Int32" container="StaticArray" arraySize="1">
          <containerEntry>2</containerEntry>
        </property>
        <property name="parentLocator" type="EntityLink" container="StaticArray" arraySize="1">
          <containerEntry packagePathHash="0xB8A0BF169F98" archivePathHash="0xB8A0BF169F98" nameInArchiveHash="0xB8A0BF169F98">0x0</containerEntry>
        </property>
        <property name="transforms" type="Matrix4" container="DynamicArray" arraySize="2">
          <containerEntry r11="0.02695306" r12="-0.07743499" r13="0.9966283" r14="0" r21="-0.014959697" r22="0.9968523" r23="0.07785652" r24="0" r31="-0.99952006" r32="-0.017007435" r33="0.025709808" r34="0" r41="1697.3138" r42="335.39398" r43="929.85986" r44="1"></containerEntry>
          <containerEntry r11="0.8292001" r12="-0.031143254" r13="0.5580821" r14="0" r21="-0.01496038" r22="0.9968523" r23="0.07785621" r24="0" r31="-0.55875015" r32="-0.07290748" r33="0.82612413" r34="0" r41="1706.1759" r42="334.20914" r43="949.46906" r44="1"></containerEntry>
        </property>
        <property name="colors" type="UInt32" container="DynamicArray" arraySize="2">
          <containerEntry>4294967295</containerEntry>
          <containerEntry>4294967295</containerEntry>
        </property>
      </staticProperties>
      <dynamicProperties></dynamicProperties>
    </entity>
    <entity class="StaticModelArray" classVersion="4" classID="0xD0" addr="0x2D7EF60" id="0x0">
      <staticProperties>
        <property name="name" type="String" container="StaticArray" arraySize="1">
          <containerEntry>StaticModelArray0001</containerEntry>
        </property>
        <property name="dataSet" type="EntityHandle" container="StaticArray" arraySize="1">
          <containerEntry>0x2F53650</containerEntry>
        </property>
        <property name="modelFile" type="FilePtr" container="StaticArray" arraySize="1">
          <containerEntry>/Assets/tpp/environ/object/afghanistan/cliff/afgh_clff035/scenes/afgh_clff035_vrtn003.fmdl</containerEntry>
        </property>
        <property name="geomFile" type="FilePtr" container="StaticArray" arraySize="1">
          <containerEntry>/Assets/tpp/environ/object/afghanistan/cliff/afgh_clff035/scenes/afgh_clff035_vrtn003.geom</containerEntry>
        </property>
        <property name="isVisibleGeom" type="Bool" container="StaticArray" arraySize="1">
          <containerEntry>false</containerEntry>
        </property>
        <property name="lodFarSize" type="Float" container="StaticArray" arraySize="1">
          <containerEntry>-1</containerEntry>
        </property>
        <property name="lodNearSize" type="Float" container="StaticArray" arraySize="1">
          <containerEntry>-1</containerEntry>
        </property>
        <property name="lodPolygonSize" type="Float" container="StaticArray" arraySize="1">
          <containerEntry>-1</containerEntry>
        </property>
        <property name="drawRejectionLevel" type="Int32" container="StaticArray" arraySize="1">
          <containerEntry>8</containerEntry>
        </property>
        <property name="drawMode" type="Int32" container="StaticArray" arraySize="1">
          <containerEntry>0</containerEntry>
        </property>
        <property name="rejectFarRangeShadowCast" type="Int32" container="StaticArray" arraySize="1">
          <containerEntry>2</containerEntry>
        </property>
        <property name="parentLocator" type="EntityLink" container="StaticArray" arraySize="1">
          <containerEntry packagePathHash="0xB8A0BF169F98" archivePathHash="0xB8A0BF169F98" nameInArchiveHash="0xB8A0BF169F98">0x0</containerEntry>
        </property>
        <property name="transforms" type="Matrix4" container="DynamicArray" arraySize="2">
          <containerEntry r11="-0.876866" r12="-0.0529813" r13="0.47780716" r14="0" r21="0.03388669" r22="0.98462415" r23="0.1713678" r24="0" r31="-0.47953975" r32="0.16645783" r33="-0.8615881" r34="0" r41="1761.7151" r42="360.25986" r43="985.3301" r44="1"></containerEntry>
          <containerEntry r11="0.06485146" r12="0" r13="0.9978948" r14="0" r21="0" r22="1" r23="0" r24="0" r31="-0.9978948" r32="0" r33="0.06485146" r34="0" r41="1722.5068" r42="346.42145" r43="973.30927" r44="1"></containerEntry>
        </property>
        <property name="colors" type="UInt32" container="DynamicArray" arraySize="2">
          <containerEntry>4294967295</containerEntry>
          <containerEntry>4294967295</containerEntry>
        </property>
      </staticProperties>
      <dynamicProperties></dynamicProperties>
    </entity>
    <entity class="StaticModelArray" classVersion="4" classID="0xD0" addr="0x2D7EFD0" id="0x0">
      <staticProperties>
        <property name="name" type="String" container="StaticArray" arraySize="1">
          <containerEntry>StaticModelArray0002</containerEntry>
        </property>
        <property name="dataSet" type="EntityHandle" container="StaticArray" arraySize="1">
          <containerEntry>0x2F53650</containerEntry>
        </property>
        <property name="modelFile" type="FilePtr" container="StaticArray" arraySize="1">
          <containerEntry>/Assets/tpp/environ/object/afghanistan/cliff/afgh_clff022/scenes/afgh_clff022_vrtn003.fmdl</containerEntry>
        </property>
        <property name="geomFile" type="FilePtr" container="StaticArray" arraySize="1">
          <containerEntry>/Assets/tpp/environ/object/afghanistan/cliff/afgh_clff022/scenes/afgh_clff022_vrtn003.geom</containerEntry>
        </property>
        <property name="isVisibleGeom" type="Bool" container="StaticArray" arraySize="1">
          <containerEntry>false</containerEntry>
        </property>
        <property name="lodFarSize" type="Float" container="StaticArray" arraySize="1">
          <containerEntry>-1</containerEntry>
        </property>
        <property name="lodNearSize" type="Float" container="StaticArray" arraySize="1">
          <containerEntry>-1</containerEntry>
        </property>
        <property name="lodPolygonSize" type="Float" container="StaticArray" arraySize="1">
          <containerEntry>-1</containerEntry>
        </property>
        <property name="drawRejectionLevel" type="Int32" container="StaticArray" arraySize="1">
          <containerEntry>8</containerEntry>
        </property>
        <property name="drawMode" type="Int32" container="StaticArray" arraySize="1">
          <containerEntry>0</containerEntry>
        </property>
        <property name="rejectFarRangeShadowCast" type="Int32" container="StaticArray" arraySize="1">
          <containerEntry>2</containerEntry>
        </property>
        <property name="parentLocator" type="EntityLink" container="StaticArray" arraySize="1">
          <containerEntry packagePathHash="0xB8A0BF169F98" archivePathHash="0xB8A0BF169F98" nameInArchiveHash="0xB8A0BF169F98">0x0</containerEntry>
        </property>
        <property name="transforms" type="Matrix4" container="DynamicArray" arraySize="3">
          <containerEntry r11="0.7838736" r12="0.014613439" r13="-0.62074727" r14="0" r21="-0.015657175" r22="0.99987036" r23="0.003766914" r24="0" r31="0.6207219" r32="0.0067663984" r33="0.78400075" r34="0" r41="1724.5461" r42="349.54846" r43="953.76025" r44="1"></containerEntry>
          <containerEntry r11="-0.7217668" r12="0" r13="-0.69213563" r14="0" r21="0" r22="1" r23="0" r24="0" r31="0.69213563" r32="0" r33="-0.7217668" r34="0" r41="1706.9769" r42="346.82303" r43="1023.1187" r44="1"></containerEntry>
          <containerEntry r11="-0.8185963" r12="0.55014694" r13="-0.16501816" r14="0" r21="0.54260266" r22="0.834945" r23="0.09191562" r24="0" r31="0.18834825" r32="-0.0142973475" r33="-0.98199415" r34="0" r41="1756.3679" r42="361.6931" r43="906.04" r44="1"></containerEntry>
        </property>
        <property name="colors" type="UInt32" container="DynamicArray" arraySize="3">
          <containerEntry>4294967295</containerEntry>
          <containerEntry>4294967295</containerEntry>
          <containerEntry>4294967295</containerEntry>
        </property>
      </staticProperties>
      <dynamicProperties></dynamicProperties>
    </entity>
    <entity class="StaticModelArray" classVersion="4" classID="0xD0" addr="0x2D7F040" id="0x0">
      <staticProperties>
        <property name="name" type="String" container="StaticArray" arraySize="1">
          <containerEntry>StaticModelArray0003</containerEntry>
        </property>
        <property name="dataSet" type="EntityHandle" container="StaticArray" arraySize="1">
          <containerEntry>0x2F53650</containerEntry>
        </property>
        <property name="modelFile" type="FilePtr" container="StaticArray" arraySize="1">
          <containerEntry>/Assets/tpp/environ/object/afghanistan/rock/afgh_rock009/scenes/afgh_rock009_rock002.fmdl</containerEntry>
        </property>
        <property name="geomFile" type="FilePtr" container="StaticArray" arraySize="1">
          <containerEntry>/Assets/tpp/environ/object/afghanistan/rock/afgh_rock009/scenes/afgh_rock009_rock002.geom</containerEntry>
        </property>
        <property name="isVisibleGeom" type="Bool" container="StaticArray" arraySize="1">
          <containerEntry>false</containerEntry>
        </property>
        <property name="lodFarSize" type="Float" container="StaticArray" arraySize="1">
          <containerEntry>-1</containerEntry>
        </property>
        <property name="lodNearSize" type="Float" container="StaticArray" arraySize="1">
          <containerEntry>-1</containerEntry>
        </property>
        <property name="lodPolygonSize" type="Float" container="StaticArray" arraySize="1">
          <containerEntry>-1</containerEntry>
        </property>
        <property name="drawRejectionLevel" type="Int32" container="StaticArray" arraySize="1">
          <containerEntry>8</containerEntry>
        </property>
        <property name="drawMode" type="Int32" container="StaticArray" arraySize="1">
          <containerEntry>0</containerEntry>
        </property>
        <property name="rejectFarRangeShadowCast" type="Int32" container="StaticArray" arraySize="1">
          <containerEntry>2</containerEntry>
        </property>
        <property name="parentLocator" type="EntityLink" container="StaticArray" arraySize="1">
          <containerEntry packagePathHash="0xB8A0BF169F98" archivePathHash="0xB8A0BF169F98" nameInArchiveHash="0xB8A0BF169F98">0x0</containerEntry>
        </property>
        <property name="transforms" type="Matrix4" container="DynamicArray" arraySize="18">
          <containerEntry r11="0.554641" r12="-0.02801755" r13="0.83161306" r14="0" r21="-0.35324946" r22="-0.9128089" r23="0.20484103" r24="0" r31="0.7533791" r32="-0.40738195" r33="-0.51617074" r34="0" r41="1677.2175" r42="333.4865" r43="914.5212" r44="1"></containerEntry>
          <containerEntry r11="-0.33716553" r12="-0.24787946" r13="0.9082136" r14="0" r21="-0.20548539" r22="-0.92205906" r23="-0.32794714" r24="0" r31="0.91873384" r32="-0.29720253" r33="0.25997287" r34="0" r41="1671.9253" r42="332.55728" r43="906.69635" r44="1"></containerEntry>
          <containerEntry r11="-0.7912217" r12="0.3522428" r13="0.49986067" r14="0" r21="-0.228009" r22="-0.9284068" r23="0.29332188" r24="0" r31="0.56740427" r32="0.118113615" r33="0.8149222" r34="0" r41="1669.1393" r42="328.9186" r43="927.4613" r44="1"></containerEntry>
          <containerEntry r11="-0.50905776" r12="-0.034949116" r13="-0.8600049" r14="0" r21="-0.10787486" r22="0.9938875" r23="0.023465555" r24="0" r31="0.85392797" r32="0.10471952" r33="-0.5097162" r34="0" r41="1689.9176" r42="329.9948" r43="986.8057" r44="1"></containerEntry>
          <containerEntry r11="-0.011651874" r12="-0.9991958" r13="-0.038151354" r14="0" r21="-0.5807197" r22="0.03783506" r23="-0.81321424" r24="0" r31="0.81401" r32="0.012673259" r33="-0.5806903" r34="0" r41="1687.3417" r42="333.16214" r43="936.3699" r44="1"></containerEntry>
          <containerEntry r11="0.9715032" r12="0.20128307" r13="0.1251643" r14="0" r21="0.20425278" r22="-0.9788354" r23="-0.011229677" r24="0" r31="0.12025713" r32="0.036475055" r33="-0.9920542" r34="0" r41="1681.3887" r42="328.47626" r43="969.71265" r44="1"></containerEntry>
          <containerEntry r11="-0.9868474" r12="-0.10419898" r13="-0.123457246" r14="0" r21="-0.107876" r22="0.99388736" r23="0.023464568" r24="0" r31="0.12025758" r32="0.036474522" r33="-0.9920557" r34="0" r41="1674.0247" r42="329.8706" r43="969.71265" r44="1"></containerEntry>
          <containerEntry r11="-0.011652018" r12="-0.9991947" r13="-0.038150195" r14="0" r21="-0.992665" r22="0.016166031" r23="-0.1197353" r24="0" r31="0.12025638" r32="0.036474433" r33="-0.9920539" r34="0" r41="1694.4209" r42="329.40878" r43="969.71265" r44="1"></containerEntry>
          <containerEntry r11="-0.011651874" r12="-0.9991952" r13="-0.038150936" r14="0" r21="0.31945017" r22="-0.039867878" r23="0.9467544" r24="0" r31="-0.94752204" r32="-0.0011475682" r33="0.3196696" r34="0" r41="1704.1262" r42="334.8878" r43="960.3031" r44="1"></containerEntry>
          <containerEntry r11="-0.011650726" r12="-0.9991956" r13="-0.038151667" r14="0" r21="-0.9023198" r22="-0.005919814" r23="0.43100706" r24="0" r31="-0.43089008" r32="0.039450496" r33="-0.901524" r34="0" r41="1688.9937" r42="333.507" r43="931.2549" r44="1"></containerEntry>
          <containerEntry r11="-0.0116511285" r12="-0.99919415" r13="-0.038151056" r14="0" r21="-0.025005728" r22="0.038443" r23="-0.99893844" r24="0" r31="0.9996095" r32="-0.010694653" r33="-0.025424182" r34="0" r41="1694.4209" r42="333.6118" r43="950.35297" r44="1"></containerEntry>
          <containerEntry r11="0.32699993" r12="-0.18259034" r13="0.92721033" r14="0" r21="-0.23462927" r22="0.9347493" r23="0.26681757" r24="0" r31="-0.91542745" r32="-0.3048004" r33="0.2628219" r34="0" r41="1701.58" r42="333.66156" r43="1000.7284" r44="1"></containerEntry>
          <containerEntry r11="0.24722356" r12="-0.20807758" r13="0.946345" r14="0" r21="0.34986892" r22="0.9299487" r23="0.11307408" r24="0" r31="-0.90357995" r32="0.30314642" r33="0.30270642" r34="0" r41="1678.2262" r42="333.14383" r43="1007.8415" r44="1"></containerEntry>
          <containerEntry r11="0.7568274" r12="-0.3517226" r13="0.55090666" r14="0" r21="0.349869" r22="0.92994857" r23="0.113074385" r24="0" r31="-0.55208564" r32="0.10716983" r33="0.82686895" r34="0" r41="1684.1218" r42="331.74908" r43="1019.78625" r44="1"></containerEntry>
          <containerEntry r11="0.24722354" r12="-0.20807719" r13="0.9463452" r14="0" r21="-0.56437784" r22="0.76297385" r23="0.31518856" r24="0" r31="-0.7876185" r32="-0.6120213" r33="0.07119155" r34="0" r41="1698.609" r42="332.47882" r43="1007.8415" r44="1"></containerEntry>
          <containerEntry r11="-0.31836566" r12="-0.056896668" r13="0.9462461" r14="0" r21="-0.10787538" r22="0.99388736" r23="0.023464859" r24="0" r31="-0.9417971" r32="-0.094606906" r33="-0.3225574" r34="0" r41="1706.4637" r42="333.05154" r43="987.4391" r44="1"></containerEntry>
          <containerEntry r11="-0.011651218" r12="-0.99919456" r13="-0.03815131" r14="0" r21="0.93143386" r22="0.0030329265" r23="-0.3638723" r24="0" r31="0.363698" r32="-0.039778754" r33="0.9306665" r34="0" r41="1704.3511" r42="339.75772" r43="949.50757" r44="1"></containerEntry>
          <containerEntry r11="0.68503356" r12="0.365112" r13="0.6304094" r14="0" r21="-0.40837055" r22="0.90905756" r23="-0.08274097" r24="0" r31="-0.6032879" r32="-0.2007631" r33="0.7718377" r34="0" r41="1706.7389" r42="336.7795" r43="1005.26556" r44="1"></containerEntry>
        </property>
        <property name="colors" type="UInt32" container="DynamicArray" arraySize="18">
          <containerEntry>4294967295</containerEntry>
          <containerEntry>4294967295</containerEntry>
          <containerEntry>4294967295</containerEntry>
          <containerEntry>4294967295</containerEntry>
          <containerEntry>4294967295</containerEntry>
          <containerEntry>4294967295</containerEntry>
          <containerEntry>4294967295</containerEntry>
          <containerEntry>4294967295</containerEntry>
          <containerEntry>4294967295</containerEntry>
          <containerEntry>4294967295</containerEntry>
          <containerEntry>4294967295</containerEntry>
          <containerEntry>4294967295</containerEntry>
          <containerEntry>4294967295</containerEntry>
          <containerEntry>4294967295</containerEntry>
          <containerEntry>4294967295</containerEntry>
          <containerEntry>4294967295</containerEntry>
          <containerEntry>4294967295</containerEntry>
          <containerEntry>4294967295</containerEntry>
        </property>
      </staticProperties>
      <dynamicProperties></dynamicProperties>
    </entity>
    <entity class="StaticModelArray" classVersion="4" classID="0xD0" addr="0x2D7F0B0" id="0x0">
      <staticProperties>
        <property name="name" type="String" container="StaticArray" arraySize="1">
          <containerEntry>StaticModelArray0004</containerEntry>
        </property>
        <property name="dataSet" type="EntityHandle" container="StaticArray" arraySize="1">
          <containerEntry>0x2F53650</containerEntry>
        </property>
        <property name="modelFile" type="FilePtr" container="StaticArray" arraySize="1">
          <containerEntry>/Assets/tpp/environ/object/afghanistan/rock/afgh_rock009/scenes/afgh_rock009_rock001.fmdl</containerEntry>
        </property>
        <property name="geomFile" type="FilePtr" container="StaticArray" arraySize="1">
          <containerEntry>/Assets/tpp/environ/object/afghanistan/rock/afgh_rock009/scenes/afgh_rock009_rock001.geom</containerEntry>
        </property>
        <property name="isVisibleGeom" type="Bool" container="StaticArray" arraySize="1">
          <containerEntry>false</containerEntry>
        </property>
        <property name="lodFarSize" type="Float" container="StaticArray" arraySize="1">
          <containerEntry>-1</containerEntry>
        </property>
        <property name="lodNearSize" type="Float" container="StaticArray" arraySize="1">
          <containerEntry>-1</containerEntry>
        </property>
        <property name="lodPolygonSize" type="Float" container="StaticArray" arraySize="1">
          <containerEntry>-1</containerEntry>
        </property>
        <property name="drawRejectionLevel" type="Int32" container="StaticArray" arraySize="1">
          <containerEntry>8</containerEntry>
        </property>
        <property name="drawMode" type="Int32" container="StaticArray" arraySize="1">
          <containerEntry>0</containerEntry>
        </property>
        <property name="rejectFarRangeShadowCast" type="Int32" container="StaticArray" arraySize="1">
          <containerEntry>2</containerEntry>
        </property>
        <property name="parentLocator" type="EntityLink" container="StaticArray" arraySize="1">
          <containerEntry packagePathHash="0xB8A0BF169F98" archivePathHash="0xB8A0BF169F98" nameInArchiveHash="0xB8A0BF169F98">0x0</containerEntry>
        </property>
        <property name="transforms" type="Matrix4" container="DynamicArray" arraySize="20">
          <containerEntry r11="0.14376028" r12="0.98463106" r13="-0.09916115" r14="0" r21="0.54784775" r22="-0.16262996" r23="-0.8206169" r24="0" r31="-0.8241324" r32="0.0636462" r33="-0.56280714" r34="0" r41="1665.7837" r42="332.3142" r43="947.80896" r44="1"></containerEntry>
          <containerEntry r11="0.13564986" r12="0.97174335" r13="0.1931659" r14="0" r21="0.9895891" r22="-0.14235038" r23="0.02118092" r24="0" r31="0.04807978" r32="0.18828177" r33="-0.9809364" r34="0" r41="1667.435" r42="327.25696" r43="918.59814" r44="1"></containerEntry>
          <containerEntry r11="0.14376044" r12="0.98463106" r13="-0.09916285" r14="0" r21="-0.2758094" r22="-0.056367636" r23="-0.9595573" r24="0" r31="-0.95040035" r32="0.16529575" r33="0.26346803" r34="0" r41="1666.6146" r42="329.554" r43="981.12006" r44="1"></containerEntry>
          <containerEntry r11="0.7334898" r12="0.028718263" r13="-0.67909276" r14="0" r21="0.37965313" r22="-0.8460304" r23="0.37428534" r24="0" r31="-0.5637865" r32="-0.5323545" r33="-0.63145685" r34="0" r41="1675.3617" r42="328.71878" r43="960.0496" r44="1"></containerEntry>
          <containerEntry r11="-0.4626127" r12="0.6896065" r13="0.55716354" r14="0" r21="0.6219154" r22="0.700312" r23="-0.35040557" r24="0" r31="-0.6318303" r32="0.18440646" r33="-0.75285006" r34="0" r41="1688.0481" r42="333.06555" r43="938.57513" r44="1"></containerEntry>
          <containerEntry r11="0.72984624" r12="-0.042508103" r13="-0.682288" r14="0" r21="-0.0771457" r22="-0.9968084" r23="-0.020419419" r24="0" r31="-0.679244" r32="0.06753868" r33="-0.73079556" r34="0" r41="1690.8369" r42="329.89142" r43="960.0496" r44="1"></containerEntry>
          <containerEntry r11="-0.39097607" r12="0.37785095" r13="-0.8392644" r14="0" r21="-0.20774925" r22="-0.9245435" r23="-0.319464" r24="0" r31="-0.8966472" r32="0.049453586" r33="0.4399743" r34="0" r41="1689.3513" r42="330.32672" r43="1012.8281" r44="1"></containerEntry>
          <containerEntry r11="-0.298922" r12="0.9034747" r13="0.30720687" r14="0" r21="-0.17854154" r22="0.2632927" r23="-0.94804966" r24="0" r31="-0.9374249" r32="-0.33824363" r33="0.082605064" r34="0" r41="1699.8917" r42="333.99942" r43="963.9233" r44="1"></containerEntry>
          <containerEntry r11="-0.8034189" r12="0.51530135" r13="0.29829687" r14="0" r21="0.41737407" r22="0.84470457" r23="-0.3350715" r24="0" r31="-0.4246356" r32="-0.14470161" r33="-0.893725" r34="0" r41="1668.0681" r42="330.43964" r43="997.01324" r44="1"></containerEntry>
          <containerEntry r11="-0.3909747" r12="0.37784997" r13="-0.83926445" r14="0" r21="0.15867713" r22="-0.8705211" r23="-0.46584335" r24="0" r31="-0.9066184" r32="-0.31530598" r33="0.28039864" r34="0" r41="1705.2386" r42="337.10266" r43="1012.8281" r44="1"></containerEntry>
          <containerEntry r11="0.4976411" r12="0.61013585" r13="0.61651206" r14="0" r21="0.768236" r22="0.019951522" r23="-0.6398552" r24="0" r31="-0.40269887" r32="0.79204506" r33="-0.45879963" r34="0" r41="1689.8948" r42="336.11133" r43="921.41406" r44="1"></containerEntry>
          <containerEntry r11="-0.06349188" r12="0.99716634" r13="-0.040327817" r14="0" r21="-0.27580887" r22="-0.056367636" r23="-0.9595574" r24="0" r31="-0.9591124" r32="-0.049802184" r33="0.2786074" r34="0" r41="1666.6146" r42="330.2513" r43="998.5186" r44="1"></containerEntry>
          <containerEntry r11="0.013139248" r12="0.47364104" r13="-0.880618" r14="0" r21="0.15867794" r22="-0.8705197" r23="-0.4658434" r24="0" r31="-0.98724115" r32="-0.13361487" r33="-0.086591184" r34="0" r41="1705.2386" r42="333.8439" r43="993.47266" r44="1"></containerEntry>
