<fox formatVersion="2" fileVersion="0">
  <entities>
    <entity class="DataSet" classVersion="0" classID="0xE8" addr="0x2F533B0" id="0x644065">
      <staticProperties>
        <property name="name" type="String" container="StaticArray" arraySize="1">
          <containerEntry hash="0xB8A0BF169F98"></containerEntry>
        </property>
        <property name="dataSet" type="EntityHandle" container="StaticArray" arraySize="1">
          <containerEntry>0x0</containerEntry>
        </property>
        <property name="dataList" type="EntityPtr" container="StringMap" arraySize="11">
          <containerEntry key="afgh_clff022_vrtn004_0002">
            <data>0x2F53180</data>
          </containerEntry>
          <containerEntry key="StaticModelArray0000">
            <data>0x2D7C410</data>
          </containerEntry>
          <containerEntry key="StaticModelArray0001">
            <data>0x2D7C480</data>
          </containerEntry>
          <containerEntry key="StaticModelArray0002">
            <data>0x2D7C3A0</data>
          </containerEntry>
          <containerEntry key="StaticModelArray0003">
            <data>0x2D7BB50</data>
          </containerEntry>
          <containerEntry key="StaticModelArray0004">
            <data>0x2D7BBC0</data>
          </containerEntry>
          <containerEntry key="StaticModelArray0005">
            <data>0x2D7BED0</data>
          </containerEntry>
          <containerEntry key="StaticModelArray0006">
            <data>0x2D7BD10</data>
          </containerEntry>
          <containerEntry key="StaticModelArray0007">
            <data>0x2D786D0</data>
          </containerEntry>
          <containerEntry key="StaticModelArray0008">
            <data>0x2D7BAE0</data>
          </containerEntry>
          <containerEntry key="TexturePackLoadConditioner0000">
            <data>0x2D7C2C0</data>
          </containerEntry>
        </property>
      </staticProperties>
      <dynamicProperties></dynamicProperties>
    </entity>
    <entity class="StaticModel" classVersion="9" classID="0x160" addr="0x2F53180" id="0x644071">
      <staticProperties>
        <property name="name" type="String" container="StaticArray" arraySize="1">
          <containerEntry>afgh_clff022_vrtn004_0002</containerEntry>
        </property>
        <property name="dataSet" type="EntityHandle" container="StaticArray" arraySize="1">
          <containerEntry>0x2F533B0</containerEntry>
        </property>
        <property name="parent" type="EntityHandle" container="StaticArray" arraySize="1">
          <containerEntry>0x0</containerEntry>
        </property>
        <property name="transform" type="EntityPtr" container="StaticArray" arraySize="1">
          <containerEntry>0x2F53110</containerEntry>
        </property>
        <property name="shearTransform" type="EntityPtr" container="StaticArray" arraySize="1">
          <containerEntry>0x0</containerEntry>
        </property>
        <property name="pivotTransform" type="EntityPtr" container="StaticArray" arraySize="1">
          <containerEntry>0x0</containerEntry>
        </property>
        <property name="children" type="EntityHandle" container="List"></property>
        <property name="flags" type="UInt32" container="StaticArray" arraySize="1">
          <containerEntry>2147483655</containerEntry>
        </property>
        <property name="modelFile" type="FilePtr" container="StaticArray" arraySize="1">
          <containerEntry>/Assets/tpp/environ/object/afghanistan/cliff/afgh_clff022/scenes/afgh_clff022_vrtn004.fmdl</containerEntry>
        </property>
        <property name="geomFile" type="FilePtr" container="StaticArray" arraySize="1">
          <containerEntry>/Assets/tpp/environ/object/afghanistan/cliff/afgh_clff022/scenes/afgh_clff022_vrtn004.geom</containerEntry>
        </property>
        <property name="isVisibleGeom" type="Bool" container="StaticArray" arraySize="1">
          <containerEntry>false</containerEntry>
        </property>
        <property name="isIsolated" type="Bool" container="StaticArray" arraySize="1">
          <containerEntry>false</containerEntry>
        </property>
        <property name="lodFarSize" type="Float" container="StaticArray" arraySize="1">
          <containerEntry>-1</containerEntry>
        </property>
        <property name="lodNearSize" type="Float" container="StaticArray" arraySize="1">
          <containerEntry>-1</containerEntry>
        </property>
        <property name="lodPolygonSize" type="Float" container="StaticArray" arraySize="1">
          <containerEntry>-1</containerEntry>
        </property>
        <property name="color" type="Color" container="StaticArray" arraySize="1">
          <containerEntry r="1" g="1" b="1" a="1"></containerEntry>
        </property>
        <property name="drawRejectionLevel" type="Int32" container="StaticArray" arraySize="1">
          <containerEntry>8</containerEntry>
        </property>
        <property name="drawMode" type="Int32" container="StaticArray" arraySize="1">
          <containerEntry>0</containerEntry>
        </property>
        <property name="rejectFarRangeShadowCast" type="Int32" container="StaticArray" arraySize="1">
          <containerEntry>2</containerEntry>
        </property>
      </staticProperties>
      <dynamicProperties></dynamicProperties>
    </entity>
    <entity class="TransformEntity" classVersion="0" classID="0x50" addr="0x2F53110" id="0x644074">
      <staticProperties>
        <property name="owner" type="EntityHandle" container="StaticArray" arraySize="1">
          <containerEntry>0x2F53180</containerEntry>
        </property>
        <property name="transform_scale" type="Vector3" container="StaticArray" arraySize="1">
          <containerEntry x="1" y="1" z="1" w="0"></containerEntry>
        </property>
        <property name="transform_rotation_quat" type="Quat" container="StaticArray" arraySize="1">
          <containerEntry x="0.002117" y="0.151529" z="0.013807" w="0.988354"></containerEntry>
        </property>
        <property name="transform_translation" type="Vector3" container="StaticArray" arraySize="1">
          <containerEntry x="-1523.0945" y="535.0919" z="-2257.7393" w="0"></containerEntry>
        </property>
      </staticProperties>
      <dynamicProperties></dynamicProperties>
    </entity>
    <entity class="StaticModelArray" classVersion="4" classID="0xD0" addr="0x2D7C410" id="0x0">
      <staticProperties>
        <property name="name" type="String" container="StaticArray" arraySize="1">
          <containerEntry>StaticModelArray0000</containerEntry>
        </property>
        <property name="dataSet" type="EntityHandle" container="StaticArray" arraySize="1">
          <containerEntry>0x2F533B0</containerEntry>
        </property>
        <property name="modelFile" type="FilePtr" container="StaticArray" arraySize="1">
          <containerEntry>/Assets/tpp/environ/object/afghanistan/cliff/afgh_clff022/scenes/afgh_clff022_vrtn001.fmdl</containerEntry>
        </property>
        <property name="geomFile" type="FilePtr" container="StaticArray" arraySize="1">
          <containerEntry>/Assets/tpp/environ/object/afghanistan/cliff/afgh_clff022/scenes/afgh_clff022_vrtn001.geom</containerEntry>
        </property>
        <property name="isVisibleGeom" type="Bool" container="StaticArray" arraySize="1">
          <containerEntry>false</containerEntry>
        </property>
        <property name="lodFarSize" type="Float" container="StaticArray" arraySize="1">
          <containerEntry>-1</containerEntry>
        </property>
        <property name="lodNearSize" type="Float" container="StaticArray" arraySize="1">
          <containerEntry>-1</containerEntry>
        </property>
        <property name="lodPolygonSize" type="Float" container="StaticArray" arraySize="1">
          <containerEntry>-1</containerEntry>
        </property>
        <property name="drawRejectionLevel" type="Int32" container="StaticArray" arraySize="1">
          <containerEntry>8</containerEntry>
        </property>
        <property name="drawMode" type="Int32" container="StaticArray" arraySize="1">
          <containerEntry>0</containerEntry>
        </property>
        <property name="rejectFarRangeShadowCast" type="Int32" container="StaticArray" arraySize="1">
          <containerEntry>2</containerEntry>
        </property>
        <property name="parentLocator" type="EntityLink" container="StaticArray" arraySize="1">
          <containerEntry packagePathHash="0xB8A0BF169F98" archivePathHash="0xB8A0BF169F98" nameInArchiveHash="0xB8A0BF169F98">0x0</containerEntry>
        </property>
        <property name="transforms" type="Matrix4" container="DynamicArray" arraySize="2">
          <containerEntry r11="0.96107113" r12="0" r13="-0.2763011" r14="0" r21="0" r22="1" r23="0" r24="0" r31="0.2763011" r32="0" r33="0.96107113" r34="0" r41="-1442.5146" r42="544.5798" r43="-2267.883" r44="1"></containerEntry>
          <containerEntry r11="0.7230683" r12="0" r13="0.6907761" r14="0" r21="0" r22="1" r23="0" r24="0" r31="-0.6907761" r32="0" r33="0.7230683" r34="0" r41="-1448.0468" r42="544.4158" r43="-2278.0098" r44="1"></containerEntry>
        </property>
        <property name="colors" type="UInt32" container="DynamicArray" arraySize="2">
          <containerEntry>4294967295</containerEntry>
          <containerEntry>4294967295</containerEntry>
        </property>
      </staticProperties>
      <dynamicProperties></dynamicProperties>
    </entity>
    <entity class="StaticModelArray" classVersion="4" classID="0xD0" addr="0x2D7C480" id="0x0">
      <staticProperties>
        <property name="name" type="String" container="StaticArray" arraySize="1">
          <containerEntry>StaticModelArray0001</containerEntry>
        </property>
        <property name="dataSet" type="EntityHandle" container="StaticArray" arraySize="1">
          <containerEntry>0x2F533B0</containerEntry>
        </property>
        <property name="modelFile" type="FilePtr" container="StaticArray" arraySize="1">
          <containerEntry>/Assets/tpp/environ/object/afghanistan/cliff/afgh_clff025/scenes/afgh_clff025.fmdl</containerEntry>
        </property>
        <property name="geomFile" type="FilePtr" container="StaticArray" arraySize="1">
          <containerEntry>/Assets/tpp/environ/object/afghanistan/cliff/afgh_clff025/scenes/afgh_clff025.geom</containerEntry>
        </property>
        <property name="isVisibleGeom" type="Bool" container="StaticArray" arraySize="1">
          <containerEntry>false</containerEntry>
        </property>
        <property name="lodFarSize" type="Float" container="StaticArray" arraySize="1">
          <containerEntry>-1</containerEntry>
        </property>
        <property name="lodNearSize" type="Float" container="StaticArray" arraySize="1">
          <containerEntry>-1</containerEntry>
        </property>
        <property name="lodPolygonSize" type="Float" container="StaticArray" arraySize="1">
          <containerEntry>-1</containerEntry>
        </property>
        <property name="drawRejectionLevel" type="Int32" container="StaticArray" arraySize="1">
          <containerEntry>8</containerEntry>
        </property>
        <property name="drawMode" type="Int32" container="StaticArray" arraySize="1">
          <containerEntry>0</containerEntry>
        </property>
        <property name="rejectFarRangeShadowCast" type="Int32" container="StaticArray" arraySize="1">
          <containerEntry>2</containerEntry>
        </property>
        <property name="parentLocator" type="EntityLink" container="StaticArray" arraySize="1">
          <containerEntry packagePathHash="0xB8A0BF169F98" archivePathHash="0xB8A0BF169F98" nameInArchiveHash="0xB8A0BF169F98">0x0</containerEntry>
        </property>
        <property name="transforms" type="Matrix4" container="DynamicArray" arraySize="8">
          <containerEntry r11="0.9711962" r12="-0.035678376" r13="0.23559447" r14="0" r21="0.059860554" r22="0.9935506" r23="-0.09630091" r24="0" r31="-0.23063914" r32="0.10762995" r33="0.96706825" r34="0" r41="-1469.5095" r42="537.55664" r43="-2278.7866" r44="1"></containerEntry>
          <containerEntry r11="0.9323837" r12="-0.021200653" r13="0.36084706" r14="0" r21="0.059861455" r22="0.9935506" r23="-0.096300535" r24="0" r31="-0.35647815" r32="0.11138994" r33="0.9276395" r34="0" r41="-1461.8031" r42="538.3443" r43="-2277.337" r44="1"></containerEntry>
          <containerEntry r11="-0.5003341" r12="-0.032289945" r13="0.8652219" r14="0" r21="0.006094466" r22="0.99914825" r23="0.040812172" r24="0" r31="-0.8658028" r32="0.025693098" r33="-0.4997111" r34="0" r41="-1445.1064" r42="535.7452" r43="-2255.4297" r44="1"></containerEntry>
          <containerEntry r11="-0.76503724" r12="-0.021622557" r13="0.6436104" r14="0" r21="0.0060955873" r22="0.99914825" r23="0.04081261" r24="0" r31="-0.6439447" r32="0.0351467" r33="-0.7642538" r34="0" r41="-1451.8604" r42="535.83624" r43="-2247.1423" r44="1"></containerEntry>
          <containerEntry r11="-0.3548641" r12="-0.03599502" r13="0.93421817" r14="0" r21="0.0060957996" r22="0.99914825" r23="0.040812105" r24="0" r31="-0.93489146" r32="0.020177834" r33="-0.3543424" r34="0" r41="-1458.3881" r42="536.5534" r43="-2236.9197" r44="1"></containerEntry>
          <containerEntry r11="-0.7144254" r12="-0.10989659" r13="0.69101626" r14="0" r21="-0.06740723" r22="0.9938053" r23="0.0883591" r24="0" r31="-0.696446" r32="0.016546968" r33="-0.7174075" r34="0" r41="-1474.4392" r42="533.9989" r43="-2217.5845" r44="1"></containerEntry>
          <containerEntry r11="-0.77227515" r12="-0.07593146" r13="0.63072336" r14="0" r21="-0.03415765" r22="0.9963582" r23="0.07812522" r24="0" r31="-0.6343585" r32="0.03879059" r33="-0.77205634" r34="0" r41="-1481.2456" r42="533.05194" r43="-2208.3962" r44="1"></containerEntry>
          <containerEntry r11="-0.7930847" r12="-0.033835582" r13="0.6081575" r14="0" r21="0.05400028" r22="0.9906184" r23="0.12553497" r24="0" r31="-0.6066996" r32="0.13240172" r33="-0.78381705" r34="0" r41="-1489.6226" r42="531.8406" r43="-2201.3489" r44="1"></containerEntry>
        </property>
        <property name="colors" type="UInt32" container="DynamicArray" arraySize="8">
          <containerEntry>4294967295</containerEntry>
          <containerEntry>4294967295</containerEntry>
          <containerEntry>4294967295</containerEntry>
          <containerEntry>4294967295</containerEntry>
          <containerEntry>4294967295</containerEntry>
          <containerEntry>4294967295</containerEntry>
          <containerEntry>4294967295</containerEntry>
          <containerEntry>4294967295</containerEntry>
        </property>
      </staticProperties>
      <dynamicProperties></dynamicProperties>
    </entity>
    <entity class="StaticModelArray" classVersion="4" classID="0xD0" addr="0x2D7C3A0" id="0x0">
      <staticProperties>
        <property name="name" type="String" container="StaticArray" arraySize="1">
          <containerEntry>StaticModelArray0002</containerEntry>
        </property>
        <property name="dataSet" type="EntityHandle" container="StaticArray" arraySize="1">
          <containerEntry>0x2F533B0</containerEntry>
        </property>
        <property name="modelFile" type="FilePtr" container="StaticArray" arraySize="1">
          <containerEntry>/Assets/tpp/environ/object/afghanistan/rock/afgh_rock009/scenes/afgh_rock009_rock002.fmdl</containerEntry>
        </property>
        <property name="geomFile" type="FilePtr" container="StaticArray" arraySize="1">
          <containerEntry>/Assets/tpp/environ/object/afghanistan/rock/afgh_rock009/scenes/afgh_rock009_rock002.geom</containerEntry>
        </property>
        <property name="isVisibleGeom" type="Bool" container="StaticArray" arraySize="1">
          <containerEntry>false</containerEntry>
        </property>
        <property name="lodFarSize" type="Float" container="StaticArray" arraySize="1">
          <containerEntry>-1</containerEntry>
        </property>
        <property name="lodNearSize" type="Float" container="StaticArray" arraySize="1">
          <containerEntry>-1</containerEntry>
        </property>
        <property name="lodPolygonSize" type="Float" container="StaticArray" arraySize="1">
          <containerEntry>-1</containerEntry>
        </property>
        <property name="drawRejectionLevel" type="Int32" container="StaticArray" arraySize="1">
          <containerEntry>8</containerEntry>
        </property>
        <property name="drawMode" type="Int32" container="StaticArray" arraySize="1">
          <containerEntry>0</containerEntry>
        </property>
        <property name="rejectFarRangeShadowCast" type="Int32" container="StaticArray" arraySize="1">
          <containerEntry>2</containerEntry>
        </property>
        <property name="parentLocator" type="EntityLink" container="StaticArray" arraySize="1">
          <containerEntry packagePathHash="0xB8A0BF169F98" archivePathHash="0xB8A0BF169F98" nameInArchiveHash="0xB8A0BF169F98">0x0</containerEntry>
        </property>
        <property name="transforms" type="Matrix4" container="DynamicArray" arraySize="8">
          <containerEntry r11="-0.030305266" r12="-0.9805983" r13="-0.19365744" r14="0" r21="0.7617237" r22="-0.14810513" r23="0.6307423" r24="0" r31="-0.64718866" r32="-0.12839735" r33="0.7514384" r34="0" r41="-1533.2839" r42="522.5939" r43="-2231.8108" r44="1"></containerEntry>
          <containerEntry r11="-0.85914195" r12="-0.36313036" r13="0.36055243" r14="0" r21="0.46557328" r22="-0.8470944" r23="0.2562407" r24="0" r31="0.21237522" r32="0.38801304" r33="0.89685106" r34="0" r41="-1533.2839" r42="520.47266" r43="-2202.817" r44="1"></containerEntry>
          <containerEntry r11="-0.8591434" r12="-0.3631308" r13="0.3605532" r14="0" r21="0.31100863" r22="-0.9300525" r23="-0.1956157" r24="0" r31="0.40636957" r32="-0.05592744" r33="0.9119953" r34="0" r41="-1504.6918" r42="529.5372" r43="-2202.817" r44="1"></containerEntry>
          <containerEntry r11="0.8864188" r12="0.040835634" r13="0.46107852" r14="0" r21="0.09018539" r22="-0.9922422" r23="-0.08550129" r24="0" r31="0.4540127" r32="0.117372595" r33="-0.88322437" r34="0" r41="-1521.6562" r42="522.6251" r43="-2218.9854" r44="1"></containerEntry>
          <containerEntry r11="0.8864188" r12="0.040835634" r13="0.46107852" r14="0" r21="0.09018539" r22="-0.9922422" r23="-0.08550129" r24="0" r31="0.4540127" r32="0.117372595" r33="-0.88322437" r34="0" r41="-1527.6523" r42="522.96454" r43="-2182.2678" r44="1"></containerEntry>
          <containerEntry r11="0.12884092" r12="-0.07350655" r13="0.98893476" r14="0" r21="0.0901849" r22="-0.9922424" r23="-0.08550187" r24="0" r31="0.9875535" r32="0.100203164" r33="-0.12120739" r34="0" r41="-1489.3569" r42="529.88403" r43="-2216.9253" r44="1"></containerEntry>
          <containerEntry r11="0.12884092" r12="-0.07350655" r13="0.98893476" r14="0" r21="0.0901849" r22="-0.9922424" r23="-0.08550187" r24="0" r31="0.9875535" r32="0.100203164" r33="-0.12120739" r34="0" r41="-1478.3574" r42="534.197" r43="-2265.399" r44="1"></containerEntry>
          <containerEntry r11="0.8864188" r12="0.040835634" r13="0.46107852" r14="0" r21="0.09018539" r22="-0.9922422" r23="-0.08550129" r24="0" r31="0.4540127" r32="0.117372595" r33="-0.88322437" r34="0" r41="-1471.4243" r42="531.3966" r43="-2239.3052" r44="1"></containerEntry>
        </property>
        <property name="colors" type="UInt32" container="DynamicArray" arraySize="8">
          <containerEntry>4294967295</containerEntry>
          <containerEntry>4294967295</containerEntry>
          <containerEntry>4294967295</containerEntry>
          <containerEntry>4294967295</containerEntry>
          <containerEntry>4294967295</containerEntry>
          <containerEntry>4294967295</containerEntry>
          <containerEntry>4294967295</containerEntry>
          <containerEntry>4294967295</containerEntry>
        </property>
      </staticProperties>
      <dynamicProperties></dynamicProperties>
    </entity>
    <entity class="StaticModelArray" classVersion="4" classID="0xD0" addr="0x2D7BB50" id="0x0">
      <staticProperties>
        <property name="name" type="String" container="StaticArray" arraySize="1">
          <containerEntry>StaticModelArray0003</containerEntry>
        </property>
        <property name="dataSet" type="EntityHandle" container="StaticArray" arraySize="1">
          <containerEntry>0x2F533B0</containerEntry>
        </property>
        <property name="modelFile" type="FilePtr" container="StaticArray" arraySize="1">
          <containerEntry>/Assets/tpp/environ/object/afghanistan/rock/afgh_rock010/scenes/afgh_rock010_vrtn001.fmdl</containerEntry>
        </property>
        <property name="geomFile" type="FilePtr" container="StaticArray" arraySize="1">
          <containerEntry>/Assets/tpp/environ/object/afghanistan/rock/afgh_rock010/scenes/afgh_rock010_vrtn001.geom</containerEntry>
        </property>
        <property name="isVisibleGeom" type="Bool" container="StaticArray" arraySize="1">
          <containerEntry>false</containerEntry>
        </property>
        <property name="lodFarSize" type="Float" container="StaticArray" arraySize="1">
          <containerEntry>-1</containerEntry>
        </property>
        <property name="lodNearSize" type="Float" container="StaticArray" arraySize="1">
          <containerEntry>-1</containerEntry>
        </property>
        <property name="lodPolygonSize" type="Float" container="StaticArray" arraySize="1">
          <containerEntry>-1</containerEntry>
        </property>
        <property name="drawRejectionLevel" type="Int32" container="StaticArray" arraySize="1">
          <containerEntry>8</containerEntry>
        </property>
        <property name="drawMode" type="Int32" container="StaticArray" arraySize="1">
          <containerEntry>0</containerEntry>
        </property>
        <property name="rejectFarRangeShadowCast" type="Int32" container="StaticArray" arraySize="1">
          <containerEntry>2</containerEntry>
        </property>
        <property name="parentLocator" type="EntityLink" container="StaticArray" arraySize="1">
          <containerEntry packagePathHash="0xB8A0BF169F98" archivePathHash="0xB8A0BF169F98" nameInArchiveHash="0xB8A0BF169F98">0x0</containerEntry>
        </property>
        <property name="transforms" type="Matrix4" container="DynamicArray" arraySize="3">
          <containerEntry r11="0.8278716" r12="0" r13="-0.5609177" r14="0" r21="0" r22="1" r23="0" r24="0" r31="0.5609177" r32="0" r33="0.8278716" r34="0" r41="-1472.005" r42="542.69995" r43="-2182" r44="1"></containerEntry>
          <containerEntry r11="0.8474102" r12="0.5252172" r13="0.077730656" r14="0" r21="-0.51130974" r22="0.8467286" r23="-0.14701077" r24="0" r31="-0.14302953" r32="0.08483384" r33="0.98607594" r34="0" r41="-1531.507" r42="519.5929" r43="-2206.1157" r44="1"></containerEntry>
          <containerEntry r11="0.7971517" r12="-0.30993822" r13="0.5181572" r14="0" r21="0.22926572" r22="0.9492958" r23="0.21511503" r24="0" r31="-0.55855685" r32="-0.05268337" r33="0.8277911" r34="0" r41="-1493.7976" r42="532.2022" r43="-2192.774" r44="1"></containerEntry>
        </property>
        <property name="colors" type="UInt32" container="DynamicArray" arraySize="3">
          <containerEntry>4294967295</containerEntry>
          <containerEntry>4294967295</containerEntry>
          <containerEntry>4294967295</containerEntry>
        </property>
      </staticProperties>
      <dynamicProperties></dynamicProperties>
    </entity>
    <entity class="StaticModelArray" classVersion="4" classID="0xD0" addr="0x2D7BBC0" id="0x0">
      <staticProperties>
        <property name="name" type="String" container="StaticArray" arraySize="1">
          <containerEntry>StaticModelArray0004</containerEntry>
        </property>
        <property name="dataSet" type="EntityHandle" container="StaticArray" arraySize="1">
          <containerEntry>0x2F533B0</containerEntry>
        </property>
        <property name="modelFile" type="FilePtr" container="StaticArray" arraySize="1">
          <containerEntry>/Assets/tpp/environ/object/afghanistan/cliff/afgh_clff013/scenes/afgh_clff013.fmdl</containerEntry>
        </property>
        <property name="geomFile" type="FilePtr" container="StaticArray" arraySize="1">
          <containerEntry>/Assets/tpp/environ/object/afghanistan/cliff/afgh_clff013/scenes/afgh_clff013.geom</containerEntry>
        </property>
        <property name="isVisibleGeom" type="Bool" container="StaticArray" arraySize="1">
          <containerEntry>false</containerEntry>
        </property>
        <property name="lodFarSize" type="Float" container="StaticArray" arraySize="1">
          <containerEntry>-1</containerEntry>
        </property>
        <property name="lodNearSize" type="Float" container="StaticArray" arraySize="1">
          <containerEntry>-1</containerEntry>
        </property>
        <property name="lodPolygonSize" type="Float" container="StaticArray" arraySize="1">
          <containerEntry>-1</containerEntry>
        </property>
        <property name="drawRejectionLevel" type="Int32" container="StaticArray" arraySize="1">
          <containerEntry>8</containerEntry>
        </property>
        <property name="drawMode" type="Int32" container="StaticArray" arraySize="1">
          <containerEntry>0</containerEntry>
        </property>
        <property name="rejectFarRangeShadowCast" type="Int32" container="StaticArray" arraySize="1">
          <containerEntry>2</containerEntry>
        </property>
        <property name="parentLocator" type="EntityLink" container="StaticArray" arraySize="1">
          <containerEntry packagePathHash="0xB8A0BF169F98" archivePathHash="0xB8A0BF169F98" nameInArchiveHash="0xB8A0BF169F98">0x0</containerEntry>
        </property>
        <property name="transforms" type="Matrix4" container="DynamicArray" arraySize="3">
          <containerEntry r11="-0.6655754" r12="0" r13="0.7463306" r14="0" r21="0" r22="1" r23="0" r24="0" r31="-0.7463306" r32="0" r33="-0.6655754" r34="0" r41="-1506.6438" r42="524.6156" r43="-2221.1794" r44="1"></containerEntry>
          <containerEntry r11="0.068092585" r12="0" r13="0.99767804" r14="0" r21="0" r22="1" r23="0" r24="0" r31="-0.99767804" r32="0" r33="0.068092585" r34="0" r41="-1512.8441" r42="524.6156" r43="-2202.8787" r44="1"></containerEntry>
          <containerEntry r11="-0.42745468" r12="-0.04348308" r13="0.90299" r14="0" r21="-0.021269461" r22="0.99904984" r23="0.038040306" r24="0" r31="-0.90378606" r32="-0.0029455945" r33="-0.4279734" r34="0" r41="-1496.284" r42="530.6808" r43="-2176.656" r44="1"></containerEntry>
        </property>
        <property name="colors" type="UInt32" container="DynamicArray" arraySize="3">
          <containerEntry>4294967295</containerEntry>
          <containerEntry>4294967295</containerEntry>
          <containerEntry>4294967295</containerEntry>
        </property>
      </staticProperties>
      <dynamicProperties></dynamicProperties>
    </entity>
    <entity class="StaticModelArray" classVersion="4" classID="0xD0" addr="0x2D7BED0" id="0x0">
      <staticProperties>
        <property name="name" type="String" container="StaticArray" arraySize="1">
          <containerEntry>StaticModelArray0005</containerEntry>
        </property>
        <property name="dataSet" type="EntityHandle" container="StaticArray" arraySize="1">
          <containerEntry>0x2F533B0</containerEntry>
        </property>
        <property name="modelFile" type="FilePtr" container="StaticArray" arraySize="1">
          <containerEntry>/Assets/tpp/environ/object/afghanistan/rock/afgh_rock001/scenes/afgh_rock001.fmdl</containerEntry>
        </property>
        <property name="geomFile" type="FilePtr" container="StaticArray" arraySize="1">
          <containerEntry>/Assets/tpp/environ/object/afghanistan/rock/afgh_rock001/scenes/afgh_rock001.geom</containerEntry>
        </property>
        <property name="isVisibleGeom" type="Bool" container="StaticArray" arraySize="1">
          <containerEntry>false</containerEntry>
        </property>
        <property name="lodFarSize" type="Float" container="StaticArray" arraySize="1">
          <containerEntry>-1</containerEntry>
        </property>
        <property name="lodNearSize" type="Float" container="StaticArray" arraySize="1">
          <containerEntry>-1</containerEntry>
        </property>
        <property name="lodPolygonSize" type="Float" container="StaticArray" arraySize="1">
          <containerEntry>-1</containerEntry>
        </property>
        <property name="drawRejectionLevel" type="Int32" container="StaticArray" arraySize="1">
          <containerEntry>8</containerEntry>
        </property>
        <property name="drawMode" type="Int32" container="StaticArray" arraySize="1">
          <containerEntry>0</containerEntry>
        </property>
        <property name="rejectFarRangeShadowCast" type="Int32" container="StaticArray" arraySize="1">
          <containerEntry>2</containerEntry>
        </property>
        <property name="parentLocator" type="EntityLink" container="StaticArray" arraySize="1">
          <containerEntry packagePathHash="0xB8A0BF169F98" archivePathHash="0xB8A0BF169F98" nameInArchiveHash="0xB8A0BF169F98">0x0</containerEntry>
        </property>
        <property name="transforms" type="Matrix4" container="DynamicArray" arraySize="7">
          <containerEntry r11="-0.025939705" r12="0.26078403" r13="-0.96504897" r14="0" r21="0.0025567561" r22="0.96538764" r23="0.2608069" r24="0" r31="0.99966055" r32="0.004297793" r33="-0.025708616" r34="0" r41="-1495.1248" r42="530.0001" r43="-2224.176" r44="1"></containerEntry>
          <containerEntry r11="-0.025939705" r12="0.26078403" r13="-0.96504897" r14="0" r21="0.0025567561" r22="0.96538764" r23="0.2608069" r24="0" r31="0.99966055" r32="0.004297793" r33="-0.025708616" r34="0" r41="-1509.4066" r42="529.3602" r43="-2204.7625" r44="1"></containerEntry>
          <containerEntry r11="-0.043181777" r12="0.33136255" r13="-0.94251364" r14="0" r21="0.22519808" r22="-0.9158853" r23="-0.33231893" r24="0" r31="-0.9733545" r32="-0.22660296" r33="-0.03507065" r34="0" r41="-1498.6586" r42="530.7812" r43="-2255.2551" r44="1"></containerEntry>
          <containerEntry r11="-0.025938451" r12="0.26078427" r13="-0.96504736" r14="0" r21="0.5292401" r22="-0.81540006" r23="-0.23457094" r24="0" r31="-0.8480742" r32="-0.51682705" r33="-0.11686529" r34="0" r41="-1522.0448" r42="524.5762" r43="-2194.5107" r44="1"></containerEntry>
          <containerEntry r11="-0.025745953" r12="0.31662416" r13="-0.9482017" r14="0" r21="0.0040653646" r22="0.94854134" r23="0.3166272" r24="0" r31="0.9996603" r32="0.0042970628" r33="-0.025708318" r34="0" r41="-1486.0922" r42="530.873" r43="-2245.898" r44="1"></containerEntry>
          <containerEntry r11="-0.025745953" r12="0.31662416" r13="-0.9482017" r14="0" r21="0.0040653646" r22="0.94854134" r23="0.3166272" r24="0" r31="0.9996603" r32="0.0042970628" r33="-0.025708318" r34="0" r41="-1486.4565" r42="534.65314" r43="-2262.3499" r44="1"></containerEntry>
          <containerEntry r11="-0.025745953" r12="0.31662416" r13="-0.9482017" r14="0" r21="0.0040653646" r22="0.94854134" r23="0.3166272" r24="0" r31="0.9996603" r32="0.0042970628" r33="-0.025708318" r34="0" r41="-1459.6282" r42="533.97186" r43="-2249.426" r44="1"></containerEntry>
        </property>
        <property name="colors" type="UInt32" container="DynamicArray" arraySize="7">
          <containerEntry>4294967295</containerEntry>
          <containerEntry>4294967295</containerEntry>
          <containerEntry>4294967295</containerEntry>
          <containerEntry>4294967295</containerEntry>
          <containerEntry>4294967295</containerEntry>
          <containerEntry>4294967295</containerEntry>
          <containerEntry>4294967295</containerEntry>
        </property>
      </staticProperties>
      <dynamicProperties></dynamicProperties>
    </entity>
    <entity class="StaticModelArray" classVersion="4" classID="0xD0" addr="0x2D7BD10" id="0x0">
      <staticProperties>
        <property name="name" type="String" container="StaticArray" arraySize="1">
          <containerEntry>StaticModelArray0006</containerEntry>
        </property>
        <property name="dataSet" type="EntityHandle" container="StaticArray" arraySize="1">
          <containerEntry>0x2F533B0</containerEntry>
        </property>
        <property name="modelFile" type="FilePtr" container="StaticArray" arraySize="1">
          <containerEntry>/Assets/tpp/environ/object/afghanistan/rock/afgh_rock010/scenes/afgh_rock010.fmdl</containerEntry>
        </property>
        <property name="geomFile" type="FilePtr" container="StaticArray" arraySize="1">
          <containerEntry>/Assets/tpp/environ/object/afghanistan/rock/afgh_rock010/scenes/afgh_rock010.geom</containerEntry>
        </property>
        <property name="isVisibleGeom" type="Bool" container="StaticArray" arraySize="1">
          <containerEntry>false</containerEntry>
        </property>
        <property name="lodFarSize" type="Float" container="StaticArray" arraySize="1">
          <containerEntry>-1</containerEntry>
        </property>
        <property name="lodNearSize" type="Float" container="StaticArray" arraySize="1">
          <containerEntry>-1</containerEntry>
        </property>
        <property name="lodPolygonSize" type="Float" container="StaticArray" arraySize="1">
          <containerEntry>-1</containerEntry>
        </property>
        <property name="drawRejectionLevel" type="Int32" container="StaticArray" arraySize="1">
          <containerEntry>8</containerEntry>
        </property>
        <property name="drawMode" type="Int32" container="StaticArray" arraySize="1">
          <containerEntry>0</containerEntry>
        </property>
        <property name="rejectFarRangeShadowCast" type="Int32" container="StaticArray" arraySize="1">
          <containerEntry>2</containerEntry>
        </property>
        <property name="parentLocator" type="EntityLink" container="StaticArray" arraySize="1">
          <containerEntry packagePathHash="0xB8A0BF169F98" archivePathHash="0xB8A0BF169F98" nameInArchiveHash="0xB8A0BF169F98">0x0</containerEntry>
        </property>
        <property name="transforms" type="Matrix4" container="DynamicArray" arraySize="14">
          <containerEntry r11="0.92954874" r12="0.04858348" r13="-1.1183034" r14="0" r21="-0.2587293" r22="1.4235905" r23="-0.15321268" r24="0" r31="1.0890462" r32="0.29674" r33="0.91812146" r34="0" r41="-1479.3348" r42="538.4044" r43="-2188.1777" r44="1"></containerEntry>
          <containerEntry r11="-1.020038" r12="-0.23778403" r13="1.1289726" r14="0" r21="-0.63992375" r22="1.3705013" r23="-0.2895231" r24="0" r31="-0.96000934" r32="-0.660897" r33="-1.006576" r34="0" r41="-1470.8319" r42="536.716" r43="-2213.6694" r44="1"></containerEntry>
          <containerEntry r11="0.6571362" r12="-0.43077576" r13="0.61854994" r14="0" r21="0.11342865" r22="0.8677753" r23="0.48383865" r24="0" r31="-0.74518836" r32="-0.24778649" r33="0.6191089" r34="0" r41="-1491.6445" r42="535.70374" r43="-2267.6077" r44="1"></containerEntry>
          <containerEntry r11="0.7039641" r12="0.11697075" r13="-0.70053726" r14="0" r21="0.117345825" r22="0.9536338" r23="0.2771509" r24="0" r31="0.70047456" r32="-0.2773094" r33="0.6575979" r34="0" r41="-1485.2264" r42="537.3304" r43="-2273.3345" r44="1"></containerEntry>
          <containerEntry r11="0.8498906" r12="0.20764807" r13="-0.48432237" r14="0" r21="-0.031092964" r22="0.93724835" r23="0.34727314" r24="0" r31="0.526041" r32="-0.28008518" r33="0.803015" r34="0" r41="-1498.0638" r42="533.3543" r43="-2263.0703" r44="1"></containerEntry>
          <containerEntry r11="0.7039641" r12="0.11697075" r13="-0.70053726" r14="0" r21="0.117345825" r22="0.9536338" r23="0.2771509" r24="0" r31="0.70047456" r32="-0.2773094" r33="0.6575979" r34="0" r41="-1477.6398" r42="539.95056" r43="-2280.7856" r44="1"></containerEntry>
          <containerEntry r11="-0.74081975" r12="-0.13616252" r13="0.6577572" r14="0" r21="-0.061306674" r22="0.9888575" r23="0.135655" r24="0" r31="-0.66889936" r32="0.060171068" r33="-0.74091285" r34="0" r41="-1468.976" r42="539.1553" r43="-2282.2373" r44="1"></containerEntry>
          <containerEntry r11="-0.76329595" r12="-0.38810796" r13="0.5164707" r14="0" r21="-0.3800707" r22="0.9162253" r23="0.12679489" r24="0" r31="-0.5224136" r32="-0.099513255" r33="-0.8468595" r34="0" r41="-1442.1759" r42="537.3724" r43="-2255.8315" r44="1"></containerEntry>
          <containerEntry r11="-0.84004754" r12="-0.4073718" r13="-0.3582735" r14="0" r21="-0.4361845" r22="0.8998569" r23="-0.0004428625" r24="0" r31="0.3225752" r32="0.15590169" r33="-0.9336118" r34="0" r41="-1461.07" r42="535.16943" r43="-2231.8481" r44="1"></containerEntry>
          <containerEntry r11="0.44414517" r12="-0.18359566" r13="-0.87694097" r14="0" r21="-0.33463877" r22="0.8739524" r23="-0.3524536" r24="0" r31="0.8311136" r32="0.4499992" r33="0.32672352" r34="0" r41="-1464.7644" r42="536.07434" r43="-2225.1978" r44="1"></containerEntry>
          <containerEntry r11="0.9996094" r12="0.013385946" r13="0.02453269" r14="0" r21="-0.013658969" r22="0.9998463" r23="0.010995328" r24="0" r31="-0.024381734" r32="-0.011326125" r33="0.99963856" r34="0" r41="-1449.5259" r42="537.069" r43="-2238.7805" r44="1"></containerEntry>
          <containerEntry r11="-0.2426412" r12="-0.47852582" r13="-0.843882" r14="0" r21="-0.5923669" r22="0.7619634" r23="-0.26174983" r24="0" r31="0.76826125" r32="0.43637654" r33="-0.46834654" r34="0" r41="-1495.9324" r42="530.6077" r43="-2185.1646" r44="1"></containerEntry>
          <containerEntry r11="1.7721261" r12="-0.080628134" r13="-2.2123458" r14="0" r21="0.1217095" r22="2.833119" r23="-0.0057606706" r24="0" r31="2.2104664" r32="-0.09135366" r33="1.7739501" r34="0" r41="-1411.0315" r42="551.8766" r43="-2184.1665" r44="1"></containerEntry>
          <containerEntry r11="-0.35948926" r12="-0.047451317" r13="0.93194026" r14="0" r21="-0.4607916" r22="0.87747556" r23="-0.13306952" r24="0" r31="-0.8114403" r32="-0.47726798" r33="-0.33730805" r34="0" r41="-1453.6006" r42="537.49634" r43="-2240.199" r44="1"></containerEntry>
        </property>
        <property name="colors" type="UInt32" container="DynamicArray" arraySize="14">
          <containerEntry>4294967295</containerEntry>
          <containerEntry>4294967295</containerEntry>
          <containerEntry>4294967295</containerEntry>
          <containerEntry>4294967295</containerEntry>
          <containerEntry>4294967295</containerEntry>
          <containerEntry>4294967295</containerEntry>
          <containerEntry>4294967295</containerEntry>
          <containerEntry>4294967295</containerEntry>
          <containerEntry>4294967295</containerEntry>
          <containerEntry>4294967295</containerEntry>
          <containerEntry>4294967295</containerEntry>
          <containerEntry>4294967295</containerEntry>
          <containerEntry>4294967295</containerEntry>
          <containerEntry>4294967295</containerEntry>
        </property>
      </staticProperties>
      <dynamicProperties></dynamicProperties>
    </entity>
    <entity class="StaticModelArray" classVersion="4" classID="0xD0" addr="0x2D786D0" id="0x0">
      <staticProperties>
        <property name="name" type="String" container="StaticArray" arraySize="1">
          <containerEntry>StaticModelArray0007</containerEntry>
        </property>
        <property name="dataSet" type="EntityHandle" container="StaticArray" arraySize="1">
          <containerEntry>0x2F533B0</containerEntry>
        </property>
        <property name="modelFile" type="FilePtr" container="StaticArray" arraySize="1">
