<fox formatVersion="2" fileVersion="0">
  <entities>
    <entity class="DataSet" classVersion="0" classID="0xE8" addr="0x32F19E0" id="0x177E18B">
      <staticProperties>
        <property name="name" type="String" container="StaticArray" arraySize="1">
          <containerEntry hash="0xB8A0BF169F98"></containerEntry>
        </property>
        <property name="dataSet" type="EntityHandle" container="StaticArray" arraySize="1">
          <containerEntry>0x0</containerEntry>
        </property>
        <property name="dataList" type="EntityPtr" container="StringMap" arraySize="4">
          <containerEntry key="StaticModelArray0000">
            <data>0x317A5E0</data>
          </containerEntry>
          <containerEntry key="StaticModelArray0001">
            <data>0x317A650</data>
          </containerEntry>
          <containerEntry key="StaticModelArray0002">
            <data>0x317A6C0</data>
          </containerEntry>
          <containerEntry key="TexturePackLoadConditioner0000">
            <data>0x317ADC0</data>
          </containerEntry>
        </property>
      </staticProperties>
      <dynamicProperties></dynamicProperties>
    </entity>
    <entity class="StaticModelArray" classVersion="4" classID="0xD0" addr="0x317A5E0" id="0x0">
      <staticProperties>
        <property name="name" type="String" container="StaticArray" arraySize="1">
          <containerEntry>StaticModelArray0000</containerEntry>
        </property>
        <property name="dataSet" type="EntityHandle" container="StaticArray" arraySize="1">
          <containerEntry>0x32F19E0</containerEntry>
        </property>
        <property name="modelFile" type="FilePtr" container="StaticArray" arraySize="1">
          <containerEntry>/Assets/tpp/environ/object/middle_africa/clod/mafr_clod001/scenes/mafr_clod001.fmdl</containerEntry>
        </property>
        <property name="geomFile" type="FilePtr" container="StaticArray" arraySize="1">
          <containerEntry>/Assets/tpp/environ/object/middle_africa/clod/mafr_clod001/scenes/mafr_clod001.geom</containerEntry>
        </property>
        <property name="isVisibleGeom" type="Bool" container="StaticArray" arraySize="1">
          <containerEntry>false</containerEntry>
        </property>
        <property name="lodFarSize" type="Float" container="StaticArray" arraySize="1">
          <containerEntry>-1</containerEntry>
        </property>
        <property name="lodNearSize" type="Float" container="StaticArray" arraySize="1">
          <containerEntry>-1</containerEntry>
        </property>
        <property name="lodPolygonSize" type="Float" container="StaticArray" arraySize="1">
          <containerEntry>-1</containerEntry>
        </property>
        <property name="drawRejectionLevel" type="Int32" container="StaticArray" arraySize="1">
          <containerEntry>8</containerEntry>
        </property>
        <property name="drawMode" type="Int32" container="StaticArray" arraySize="1">
          <containerEntry>0</containerEntry>
        </property>
        <property name="rejectFarRangeShadowCast" type="Int32" container="StaticArray" arraySize="1">
          <containerEntry>2</containerEntry>
        </property>
        <property name="parentLocator" type="EntityLink" container="StaticArray" arraySize="1">
          <containerEntry packagePathHash="0xB8A0BF169F98" archivePathHash="0xB8A0BF169F98" nameInArchiveHash="0xB8A0BF169F98">0x0</containerEntry>
        </property>
        <property name="transforms" type="Matrix4" container="DynamicArray" arraySize="16">
          <containerEntry r11="0.7415687" r12="0.018463861" r13="0.6706229" r14="0" r21="-0.034084316" r22="0.9993672" r23="0.010175144" r24="0" r31="-0.6700106" r32="-0.030403288" r33="0.7417287" r34="0" r41="2481.23" r42="-8.658042" r43="1435.1501" r44="1"></containerEntry>
          <containerEntry r11="0.9713502" r12="0.018464072" r13="0.23693436" r14="0" r21="-0.02513588" r22="0.9993672" r23="0.0251688" r24="0" r31="-0.23631969" r32="-0.030403273" r33="0.9711996" r34="0" r41="2487.9248" r42="-8.28256" r43="1437.6282" r44="1"></containerEntry>
          <containerEntry r11="-0.81388575" r12="0.018463366" r13="-0.5807353" r14="0" r21="0.03268464" r22="0.9993672" r23="-0.0140336165" r24="0" r31="0.58010876" r32="-0.030402832" r33="-0.81397414" r34="0" r41="2484.8281" r42="-8.751849" r43="1447.868" r44="1"></containerEntry>
          <containerEntry r11="0.018036706" r12="0.018464703" r13="-0.99966675" r14="0" r21="0.030070625" r22="0.9993672" r23="0.01900172" r24="0" r31="0.99938494" r32="-0.030403333" r33="0.017470062" r34="0" r41="2487.3608" r42="-8.679279" r43="1454.5425" r44="1"></containerEntry>
          <containerEntry r11="-0.07185961" r12="0.018464174" r13="0.99724317" r14="0" r21="-0.029003028" r22="0.9993672" r23="-0.020593414" r24="0" r31="-0.99699235" r32="-0.030402938" r33="-0.07127863" r34="0" r41="2475.0583" r42="-9.200059" r43="1418.1984" r44="1"></containerEntry>
          <containerEntry r11="0.25046596" r12="0.018463014" r13="-0.9679501" r14="0" r21="0.024815608" r22="0.99936724" r23="0.02548353" r24="0" r31="0.9678081" r32="-0.03040303" r33="0.24984932" r34="0" r41="2527.5254" r42="-7.176455" r43="1415.2407" r44="1"></containerEntry>
          <containerEntry r11="0.68090695" r12="0.01846453" r13="-0.73213863" r14="0" r21="0.009698218" r22="0.9993671" r23="0.034223627" r24="0" r31="0.7323072" r32="-0.030403545" r33="0.68029696" r34="0" r41="2524.954" r42="-7.711341" r43="1421.9006" r44="1"></containerEntry>
          <containerEntry r11="0.9961438" r12="0.018464778" r13="0.08577033" r14="0" r21="-0.020996794" r22="0.9993671" r23="0.02871313" r24="0" r31="-0.08518586" r32="-0.030403309" r33="0.9959011" r34="0" r41="2507.9177" r42="-6.945467" r43="1427.8351" r44="1"></containerEntry>
          <containerEntry r11="-0.99271446" r12="0.018464461" r13="0.11908183" r14="0" r21="0.014702839" r22="0.9993672" r23="-0.032390192" r24="0" r31="-0.119604535" r32="-0.030403316" r33="-0.99235773" r34="0" r41="2517.2676" r42="-8.855813" r43="1443.1152" r44="1"></containerEntry>
          <containerEntry r11="0.83615464" r12="0.018464476" r13="0.5481827" r14="0" r21="-0.032107294" r22="0.9993671" r23="0.015312165" r24="0" r31="-0.54755306" r32="-0.030404009" r33="0.8362183" r34="0" r41="2481.9268" r42="-9.242683" r43="1533.5555" r44="1"></containerEntry>
          <containerEntry r11="0.9847179" r12="0.018463474" r13="0.17317553" r14="0" r21="-0.023443144" r22="0.9993671" r23="0.02675375" r24="0" r31="-0.17257197" r32="-0.030404672" r33="0.9845275" r34="0" r41="2512.0933" r42="-7.514214" r43="1534.0977" r44="1"></containerEntry>
          <containerEntry r11="0.7989517" r12="0.018464323" r13="-0.60111207" r14="0" r21="0.0035350914" r22="0.9993671" r23="0.035396118" r24="0" r31="0.6013852" r32="-0.03040478" r33="0.7983808" r34="0" r41="2532.2217" r42="-7.359876" r43="1534.6013" r44="1"></containerEntry>
          <containerEntry r11="-0.782679" r12="0.018465096" r13="-0.6221535" r14="0" r21="0.03337025" r22="0.9993671" r23="-0.012319707" r24="0" r31="0.6215323" r32="-0.030403767" r33="-0.7827999" r34="0" r41="2523.114" r42="-8.855813" r43="1446.136" r44="1"></containerEntry>
          <containerEntry r11="0.8994761" r12="0.018465225" r13="-0.43657967" r14="0" r21="-0.0033262325" r22="0.9993671" r23="0.035415486" r24="0" r31="0.43695733" r32="-0.03040322" r33="0.8989683" r34="0" r41="2527.9333" r42="-8.855813" r43="1471.0217" r44="1"></containerEntry>
          <containerEntry r11="-0.07132288" r12="0.018465023" r13="-0.9972826" r14="0" r21="0.031647783" r22="0.9993672" r23="0.016240267" r24="0" r31="0.99695134" r32="-0.030403474" r33="-0.0718621" r34="0" r41="2506.9475" r42="-8.855813" r43="1469.9421" r44="1"></containerEntry>
          <containerEntry r11="0.88277656" r12="0.018465448" r13="-0.4694301" r14="0" r21="-0.002019247" r22="0.9993672" r23="0.035513747" r24="0" r31="0.4697888" r32="-0.030402811" r33="0.8822552" r34="0" r41="2503.3582" r42="-8.855813" r43="1474.9159" r44="1"></containerEntry>
        </property>
        <property name="colors" type="UInt32" container="DynamicArray" arraySize="16">
          <containerEntry>4294967295</containerEntry>
          <containerEntry>4294967295</containerEntry>
          <containerEntry>4294967295</containerEntry>
          <containerEntry>4294967295</containerEntry>
          <containerEntry>4294967295</containerEntry>
          <containerEntry>4294967295</containerEntry>
          <containerEntry>4294967295</containerEntry>
          <containerEntry>4294967295</containerEntry>
          <containerEntry>4294967295</containerEntry>
          <containerEntry>4294967295</containerEntry>
          <containerEntry>4294967295</containerEntry>
          <containerEntry>4294967295</containerEntry>
          <containerEntry>4294967295</containerEntry>
          <containerEntry>4294967295</containerEntry>
          <containerEntry>4294967295</containerEntry>
          <containerEntry>4294967295</containerEntry>
        </property>
      </staticProperties>
      <dynamicProperties></dynamicProperties>
    </entity>
    <entity class="StaticModelArray" classVersion="4" classID="0xD0" addr="0x317A650" id="0x0">
      <staticProperties>
        <property name="name" type="String" container="StaticArray" arraySize="1">
          <containerEntry>StaticModelArray0001</containerEntry>
        </property>
        <property name="dataSet" type="EntityHandle" container="StaticArray" arraySize="1">
          <containerEntry>0x32F19E0</containerEntry>
        </property>
        <property name="modelFile" type="FilePtr" container="StaticArray" arraySize="1">
          <containerEntry>/Assets/tpp/environ/object/middle_africa/tree/mafr_tree038/scenes/mafr_tree038.fmdl</containerEntry>
        </property>
        <property name="geomFile" type="FilePtr" container="StaticArray" arraySize="1">
          <containerEntry>/Assets/tpp/environ/object/middle_africa/tree/mafr_tree038/scenes/mafr_tree038.geom</containerEntry>
        </property>
        <property name="isVisibleGeom" type="Bool" container="StaticArray" arraySize="1">
          <containerEntry>false</containerEntry>
        </property>
        <property name="lodFarSize" type="Float" container="StaticArray" arraySize="1">
          <containerEntry>-1</containerEntry>
        </property>
        <property name="lodNearSize" type="Float" container="StaticArray" arraySize="1">
          <containerEntry>-1</containerEntry>
        </property>
        <property name="lodPolygonSize" type="Float" container="StaticArray" arraySize="1">
          <containerEntry>-1</containerEntry>
        </property>
        <property name="drawRejectionLevel" type="Int32" container="StaticArray" arraySize="1">
          <containerEntry>8</containerEntry>
        </property>
        <property name="drawMode" type="Int32" container="StaticArray" arraySize="1">
          <containerEntry>0</containerEntry>
        </property>
        <property name="rejectFarRangeShadowCast" type="Int32" container="StaticArray" arraySize="1">
          <containerEntry>2</containerEntry>
        </property>
        <property name="parentLocator" type="EntityLink" container="StaticArray" arraySize="1">
          <containerEntry packagePathHash="0xB8A0BF169F98" archivePathHash="0xB8A0BF169F98" nameInArchiveHash="0xB8A0BF169F98">0x0</containerEntry>
        </property>
        <property name="transforms" type="Matrix4" container="DynamicArray" arraySize="4">
          <containerEntry r11="0.5915023" r12="0" r13="0.8062993" r14="0" r21="0" r22="1" r23="0" r24="0" r31="-0.8062993" r32="0" r33="0.5915023" r34="0" r41="2525.9531" r42="-11.030046" r43="1531.122" r44="1"></containerEntry>
          <containerEntry r11="0.6456188" r12="0" r13="-0.763656" r14="0" r21="0" r22="1" r23="0" r24="0" r31="0.763656" r32="0" r33="0.6456188" r34="0" r41="2512.9014" r42="-14.395773" r43="1522.5193" r44="1"></containerEntry>
          <containerEntry r11="-0.8524633" r12="0" r13="0.52278143" r14="0" r21="0" r22="1" r23="0" r24="0" r31="-0.52278143" r32="0" r33="-0.8524633" r34="0" r41="2488.546" r42="-21.736855" r43="1523.7252" r44="1"></containerEntry>
          <containerEntry r11="-0.18439226" r12="0" r13="0.98284966" r14="0" r21="0" r22="1" r23="0" r24="0" r31="-0.98284966" r32="0" r33="-0.18439226" r34="0" r41="2477.8413" r42="-19.441097" r43="1520.7947" r44="1"></containerEntry>
        </property>
        <property name="colors" type="UInt32" container="DynamicArray" arraySize="4">
          <containerEntry>4294967295</containerEntry>
          <containerEntry>4294967295</containerEntry>
          <containerEntry>4294967295</containerEntry>
          <containerEntry>4294967295</containerEntry>
        </property>
      </staticProperties>
      <dynamicProperties></dynamicProperties>
    </entity>
    <entity class="StaticModelArray" classVersion="4" classID="0xD0" addr="0x317A6C0" id="0x0">
      <staticProperties>
        <property name="name" type="String" container="StaticArray" arraySize="1">
          <containerEntry>StaticModelArray0002</containerEntry>
        </property>
        <property name="dataSet" type="EntityHandle" container="StaticArray" arraySize="1">
          <containerEntry>0x32F19E0</containerEntry>
        </property>
        <property name="modelFile" type="FilePtr" container="StaticArray" arraySize="1">
          <containerEntry>/Assets/tpp/environ/object/middle_africa/mud/mafr_mudd003/scenes/mafr_mudd003_rock001.fmdl</containerEntry>
        </property>
        <property name="geomFile" type="FilePtr" container="StaticArray" arraySize="1">
          <containerEntry>/Assets/tpp/environ/object/middle_africa/mud/mafr_mudd003/scenes/mafr_mudd003_rock001.geom</containerEntry>
        </property>
        <property name="isVisibleGeom" type="Bool" container="StaticArray" arraySize="1">
          <containerEntry>false</containerEntry>
        </property>
        <property name="lodFarSize" type="Float" container="StaticArray" arraySize="1">
          <containerEntry>-1</containerEntry>
        </property>
        <property name="lodNearSize" type="Float" container="StaticArray" arraySize="1">
          <containerEntry>-1</containerEntry>
        </property>
        <property name="lodPolygonSize" type="Float" container="StaticArray" arraySize="1">
          <containerEntry>-1</containerEntry>
        </property>
        <property name="drawRejectionLevel" type="Int32" container="StaticArray" arraySize="1">
          <containerEntry>8</containerEntry>
        </property>
        <property name="drawMode" type="Int32" container="StaticArray" arraySize="1">
          <containerEntry>0</containerEntry>
        </property>
        <property name="rejectFarRangeShadowCast" type="Int32" container="StaticArray" arraySize="1">
          <containerEntry>2</containerEntry>
        </property>
        <property name="parentLocator" type="EntityLink" container="StaticArray" arraySize="1">
          <containerEntry packagePathHash="0xB8A0BF169F98" archivePathHash="0xB8A0BF169F98" nameInArchiveHash="0xB8A0BF169F98">0x0</containerEntry>
        </property>
        <property name="transforms" type="Matrix4" container="DynamicArray" arraySize="11">
          <containerEntry r11="0.9818426" r12="0.0419195" r13="0.18500786" r14="0" r21="-0.061642855" r22="0.9928544" r23="0.10217731" r24="0" r31="-0.17940263" r32="-0.11172645" r33="0.9774108" r34="0" r41="2461.1045" r42="-15.17595" r43="1498.9417" r44="1"></containerEntry>
          <containerEntry r11="0.8171297" r12="0.041919135" r13="-0.57492733" r14="0" r21="0.030278847" r22="0.99285454" r23="0.115425475" r24="0" r31="0.5756577" r32="-0.11172571" r33="0.81002164" r34="0" r41="2488.3157" r42="-14.18187" r43="1496.7001" r44="1"></containerEntry>
          <containerEntry r11="-0.99939376" r12="0.025634283" r13="0.023508713" r14="0" r21="0.027749298" r22="0.99513227" r23="0.094560854" r24="0" r31="-0.020970277" r32="0.09515599" r33="-0.99524033" r34="0" r41="2491.5854" r42="-13.269491" r43="1491.9977" r44="1"></containerEntry>
          <containerEntry r11="0.9942732" r12="0.025634902" r13="0.10374816" r14="0" r21="-0.015501907" r22="0.9951322" r23="-0.09732205" r24="0" r31="-0.10573797" r32="0.0951564" r33="0.9898306" r34="0" r41="2493.8958" r42="-14.200271" r43="1496.0123" r44="1"></containerEntry>
          <containerEntry r11="0.98807955" r12="0.04192003" r13="-0.14812669" r14="0" r21="-0.024617933" r22="0.9928545" r23="0.11676489" r24="0" r31="0.15196303" r32="-0.11172642" r33="0.98205113" r34="0" r41="2481.82" r42="-13.864993" r43="1518.4646" r44="1"></containerEntry>
          <containerEntry r11="0.07079377" r12="0.04191934" r13="0.9966086" r14="0" r21="-0.11449447" r22="0.99285454" r23="-0.033628453" r24="0" r31="-0.99089706" r32="-0.11172567" r33="0.07508749" r34="0" r41="2449.207" r42="-12.067709" r43="1485.6748" r44="1"></containerEntry>
          <containerEntry r11="0.47031546" r12="0.5884666" r13="0.6576546" r14="0" r21="-0.42567807" r22="0.8040681" r23="-0.41505694" r24="0" r31="-0.7730463" r32="-0.084741846" r33="0.6286633" r34="0" r41="2515.608" r42="-13.113059" r43="1511.9335" r44="1"></containerEntry>
          <containerEntry r11="-0.9061143" r12="-0.24356902" r13="-0.34586906" r14="0" r21="-0.15331474" r22="0.95110464" r23="-0.26813138" r24="0" r31="0.39426625" r32="-0.18993153" r33="-0.8991521" r34="0" r41="2515.0942" r42="-9.729046" r43="1516.202" r44="1"></containerEntry>
          <containerEntry r11="0.1221869" r12="-0.26879802" r13="-0.9554132" r14="0" r21="0.40491208" r22="0.89237523" r23="-0.19927925" r24="0" r31="0.90615284" r32="-0.3625102" r33="0.21787655" r34="0" r41="2522.4531" r42="-10.248548" r43="1515.3018" r44="1"></containerEntry>
          <containerEntry r11="0.98570925" r12="-0.15588848" r13="-0.0638436" r14="0" r21="0.1499077" r22="0.98462355" r23="-0.08968908" r24="0" r31="0.07684343" r32="0.0788367" r33="0.99392146" r34="0" r41="2530.5781" r42="-10.248548" r43="1515.3018" r44="1"></containerEntry>
          <containerEntry r11="0.98570925" r12="-0.15588848" r13="-0.0638436" r14="0" r21="0.1499077" r22="0.98462355" r23="-0.08968908" r24="0" r31="0.07684343" r32="0.0788367" r33="0.99392146" r34="0" r41="2543.2346" r42="-13.665606" r43="1509.5249" r44="1"></containerEntry>
        </property>
        <property name="colors" type="UInt32" container="DynamicArray" arraySize="11">
          <containerEntry>4294967295</containerEntry>
          <containerEntry>4294967295</containerEntry>
          <containerEntry>4294967295</containerEntry>
          <containerEntry>4294967295</containerEntry>
          <containerEntry>4294967295</containerEntry>
          <containerEntry>4294967295</containerEntry>
          <containerEntry>4294967295</containerEntry>
          <containerEntry>4294967295</containerEntry>
          <containerEntry>4294967295</containerEntry>
          <containerEntry>4294967295</containerEntry>
          <containerEntry>4294967295</containerEntry>
        </property>
      </staticProperties>
      <dynamicProperties></dynamicProperties>
    </entity>
    <entity class="TexturePackLoadConditioner" classVersion="0" classID="0x48" addr="0x317ADC0" id="0x0">
      <staticProperties>
        <property name="name" type="String" container="StaticArray" arraySize="1">
          <containerEntry>TexturePackLoadConditioner0000</containerEntry>
        </property>
        <property name="dataSet" type="EntityHandle" container="StaticArray" arraySize="1">
          <containerEntry>0x32F19E0</containerEntry>
        </property>
        <property name="texturePackPath" type="Path" container="StaticArray" arraySize="1">
          <containerEntry hash="0xB8A0BF169F98"></containerEntry>
        </property>
      </staticProperties>
      <dynamicProperties></dynamicProperties>
    </entity>
  </entities>
</fox>