<fox formatVersion="2" fileVersion="0">
  <entities>
    <entity class="DataSet" classVersion="0" classID="0xE8" addr="0x2F54990" id="0x3D535E">
      <staticProperties>
        <property name="name" type="String" container="StaticArray" arraySize="1">
          <containerEntry hash="0xB8A0BF169F98"></containerEntry>
        </property>
        <property name="dataSet" type="EntityHandle" container="StaticArray" arraySize="1">
          <containerEntry>0x0</containerEntry>
        </property>
        <property name="dataList" type="EntityPtr" container="StringMap" arraySize="6">
          <containerEntry key="StaticModelArray0000">
            <data>0x2D79B60</data>
          </containerEntry>
          <containerEntry key="StaticModelArray0001">
            <data>0x2D79BD0</data>
          </containerEntry>
          <containerEntry key="StaticModelArray0002">
            <data>0x2D79C40</data>
          </containerEntry>
          <containerEntry key="StaticModelArray0003">
            <data>0x2D79D20</data>
          </containerEntry>
          <containerEntry key="StaticModelArray0004">
            <data>0x2D79D90</data>
          </containerEntry>
          <containerEntry key="TexturePackLoadConditioner0000">
            <data>0x2D7A180</data>
          </containerEntry>
        </property>
      </staticProperties>
      <dynamicProperties></dynamicProperties>
    </entity>
    <entity class="StaticModelArray" classVersion="4" classID="0xD0" addr="0x2D79B60" id="0x0">
      <staticProperties>
        <property name="name" type="String" container="StaticArray" arraySize="1">
          <containerEntry>StaticModelArray0000</containerEntry>
        </property>
        <property name="dataSet" type="EntityHandle" container="StaticArray" arraySize="1">
          <containerEntry>0x2F54990</containerEntry>
        </property>
        <property name="modelFile" type="FilePtr" container="StaticArray" arraySize="1">
          <containerEntry>/Assets/tpp/environ/object/middle_africa/clod/mafr_clod005/scenes/mafr_clod005.fmdl</containerEntry>
        </property>
        <property name="geomFile" type="FilePtr" container="StaticArray" arraySize="1">
          <containerEntry>/Assets/tpp/environ/object/middle_africa/clod/mafr_clod005/scenes/mafr_clod005.geom</containerEntry>
        </property>
        <property name="isVisibleGeom" type="Bool" container="StaticArray" arraySize="1">
          <containerEntry>false</containerEntry>
        </property>
        <property name="lodFarSize" type="Float" container="StaticArray" arraySize="1">
          <containerEntry>-1</containerEntry>
        </property>
        <property name="lodNearSize" type="Float" container="StaticArray" arraySize="1">
          <containerEntry>-1</containerEntry>
        </property>
        <property name="lodPolygonSize" type="Float" container="StaticArray" arraySize="1">
          <containerEntry>-1</containerEntry>
        </property>
        <property name="drawRejectionLevel" type="Int32" container="StaticArray" arraySize="1">
          <containerEntry>8</containerEntry>
        </property>
        <property name="drawMode" type="Int32" container="StaticArray" arraySize="1">
          <containerEntry>0</containerEntry>
        </property>
        <property name="rejectFarRangeShadowCast" type="Int32" container="StaticArray" arraySize="1">
          <containerEntry>2</containerEntry>
        </property>
        <property name="parentLocator" type="EntityLink" container="StaticArray" arraySize="1">
          <containerEntry packagePathHash="0xB8A0BF169F98" archivePathHash="0xB8A0BF169F98" nameInArchiveHash="0xB8A0BF169F98">0x0</containerEntry>
        </property>
        <property name="transforms" type="Matrix4" container="DynamicArray" arraySize="3">
          <containerEntry r11="0.99972004" r12="0" r13="0.023534305" r14="0" r21="0" r22="1" r23="0" r24="0" r31="-0.023534305" r32="0" r33="0.99972004" r34="0" r41="1081.0162" r42="18.069765" r43="-432.68622" r44="1"></containerEntry>
          <containerEntry r11="-0.43934095" r12="-0.03906273" r13="-0.8974675" r14="0" r21="-0.023874525" r22="0.9992089" r23="-0.03180369" r24="0" r31="0.8979999" r32="0.007453949" r33="-0.43992603" r34="0" r41="1128.2495" r42="18.479662" r43="-437.5556" r44="1"></containerEntry>
          <containerEntry r11="-0.8417795" r12="0" r13="0.53981876" r14="0" r21="0" r22="1" r23="0" r24="0" r31="-0.53981876" r32="0" r33="-0.8417795" r34="0" r41="1045.115" r42="15.352441" r43="-503.66528" r44="1"></containerEntry>
        </property>
        <property name="colors" type="UInt32" container="DynamicArray" arraySize="3">
          <containerEntry>4294967295</containerEntry>
          <containerEntry>4294967295</containerEntry>
          <containerEntry>4294967295</containerEntry>
        </property>
      </staticProperties>
      <dynamicProperties></dynamicProperties>
    </entity>
    <entity class="StaticModelArray" classVersion="4" classID="0xD0" addr="0x2D79BD0" id="0x0">
      <staticProperties>
        <property name="name" type="String" container="StaticArray" arraySize="1">
          <containerEntry>StaticModelArray0001</containerEntry>
        </property>
        <property name="dataSet" type="EntityHandle" container="StaticArray" arraySize="1">
          <containerEntry>0x2F54990</containerEntry>
        </property>
        <property name="modelFile" type="FilePtr" container="StaticArray" arraySize="1">
          <containerEntry>/Assets/tpp/environ/object/middle_africa/rock/mafr_rock002/scenes/mafr_rock002.fmdl</containerEntry>
        </property>
        <property name="geomFile" type="FilePtr" container="StaticArray" arraySize="1">
          <containerEntry>/Assets/tpp/environ/object/middle_africa/rock/mafr_rock002/scenes/mafr_rock002.geom</containerEntry>
        </property>
        <property name="isVisibleGeom" type="Bool" container="StaticArray" arraySize="1">
          <containerEntry>false</containerEntry>
        </property>
        <property name="lodFarSize" type="Float" container="StaticArray" arraySize="1">
          <containerEntry>-1</containerEntry>
        </property>
        <property name="lodNearSize" type="Float" container="StaticArray" arraySize="1">
          <containerEntry>-1</containerEntry>
        </property>
        <property name="lodPolygonSize" type="Float" container="StaticArray" arraySize="1">
          <containerEntry>-1</containerEntry>
        </property>
        <property name="drawRejectionLevel" type="Int32" container="StaticArray" arraySize="1">
          <containerEntry>8</containerEntry>
        </property>
        <property name="drawMode" type="Int32" container="StaticArray" arraySize="1">
          <containerEntry>0</containerEntry>
        </property>
        <property name="rejectFarRangeShadowCast" type="Int32" container="StaticArray" arraySize="1">
          <containerEntry>2</containerEntry>
        </property>
        <property name="parentLocator" type="EntityLink" container="StaticArray" arraySize="1">
          <containerEntry packagePathHash="0xB8A0BF169F98" archivePathHash="0xB8A0BF169F98" nameInArchiveHash="0xB8A0BF169F98">0x0</containerEntry>
        </property>
        <property name="transforms" type="Matrix4" container="DynamicArray" arraySize="5">
          <containerEntry r11="0.9942078" r12="0.10237387" r13="0.03271747" r14="0" r21="-0.10181047" r22="0.9946327" r23="-0.018450042" r24="0" r31="-0.03443067" r32="0.015012191" r33="0.99929434" r34="0" r41="1042.8365" r42="15.287983" r43="-406.4681" r44="1"></containerEntry>
          <containerEntry r11="-0.17928553" r12="0" r13="-0.9837966" r14="0" r21="0" r22="1" r23="0" r24="0" r31="0.9837966" r32="0" r33="-0.17928553" r34="0" r41="1129.7617" r42="18.658474" r43="-402.35196" r44="1"></containerEntry>
          <containerEntry r11="-0.21939568" r12="0.10237474" r13="-0.97024894" r14="0" r21="0.007858023" r22="0.9946326" r23="0.10317059" r24="0" r31="0.97560334" r32="0.015011035" r33="-0.21902257" r34="0" r41="1048.768" r42="15.215918" r43="-411.2881" r44="1"></containerEntry>
          <containerEntry r11="0.85981345" r12="0.034824084" r13="0.50941944" r14="0" r21="-0.0016772524" r22="0.9978588" r23="-0.065383054" r24="0" r31="-0.5106056" r32="0.055362806" r33="0.85803086" r34="0" r41="1050.638" r42="16.105766" r43="-423.41904" r44="1"></containerEntry>
          <containerEntry r11="-0.17928553" r12="0" r13="-0.9837966" r14="0" r21="0" r22="1" r23="0" r24="0" r31="0.9837966" r32="0" r33="-0.17928553" r34="0" r41="1064.6503" r42="18.672184" r43="-476.84305" r44="1"></containerEntry>
        </property>
        <property name="colors" type="UInt32" container="DynamicArray" arraySize="5">
          <containerEntry>4294967295</containerEntry>
          <containerEntry>4294967295</containerEntry>
          <containerEntry>4294967295</containerEntry>
          <containerEntry>4294967295</containerEntry>
          <containerEntry>4294967295</containerEntry>
        </property>
      </staticProperties>
      <dynamicProperties></dynamicProperties>
    </entity>
    <entity class="StaticModelArray" classVersion="4" classID="0xD0" addr="0x2D79C40" id="0x0">
      <staticProperties>
        <property name="name" type="String" container="StaticArray" arraySize="1">
          <containerEntry>StaticModelArray0002</containerEntry>
        </property>
        <property name="dataSet" type="EntityHandle" container="StaticArray" arraySize="1">
          <containerEntry>0x2F54990</containerEntry>
        </property>
        <property name="modelFile" type="FilePtr" container="StaticArray" arraySize="1">
          <containerEntry>/Assets/tpp/environ/object/middle_africa/rock/mafr_rock011/scenes/mafr_rock011.fmdl</containerEntry>
        </property>
        <property name="geomFile" type="FilePtr" container="StaticArray" arraySize="1">
          <containerEntry>/Assets/tpp/environ/object/middle_africa/rock/mafr_rock011/scenes/mafr_rock011.geom</containerEntry>
        </property>
        <property name="isVisibleGeom" type="Bool" container="StaticArray" arraySize="1">
          <containerEntry>false</containerEntry>
        </property>
        <property name="lodFarSize" type="Float" container="StaticArray" arraySize="1">
          <containerEntry>-1</containerEntry>
        </property>
        <property name="lodNearSize" type="Float" container="StaticArray" arraySize="1">
          <containerEntry>-1</containerEntry>
        </property>
        <property name="lodPolygonSize" type="Float" container="StaticArray" arraySize="1">
          <containerEntry>-1</containerEntry>
        </property>
        <property name="drawRejectionLevel" type="Int32" container="StaticArray" arraySize="1">
          <containerEntry>8</containerEntry>
        </property>
        <property name="drawMode" type="Int32" container="StaticArray" arraySize="1">
          <containerEntry>0</containerEntry>
        </property>
        <property name="rejectFarRangeShadowCast" type="Int32" container="StaticArray" arraySize="1">
          <containerEntry>2</containerEntry>
        </property>
        <property name="parentLocator" type="EntityLink" container="StaticArray" arraySize="1">
          <containerEntry packagePathHash="0xB8A0BF169F98" archivePathHash="0xB8A0BF169F98" nameInArchiveHash="0xB8A0BF169F98">0x0</containerEntry>
        </property>
        <property name="transforms" type="Matrix4" container="DynamicArray" arraySize="2">
          <containerEntry r11="0.61308396" r12="0.03633131" r13="-0.78918207" r14="0" r21="0.48260194" r22="0.77366626" r23="0.41053134" r24="0" r31="0.62547874" r32="-0.6325509" r33="0.4567888" r34="0" r41="1063.9882" r42="15.300315" r43="-478.6389" r44="1"></containerEntry>
          <containerEntry r11="-0.086361684" r12="0.031713873" r13="-0.99575794" r14="0" r21="0.59038484" r22="0.80671835" r23="-0.025511205" r24="0" r31="0.802487" r32="-0.5900842" r33="-0.088392794" r34="0" r41="1039.9484" r42="12.247783" r43="-401.42603" r44="1"></containerEntry>
        </property>
        <property name="colors" type="UInt32" container="DynamicArray" arraySize="2">
          <containerEntry>4294967295</containerEntry>
          <containerEntry>4294967295</containerEntry>
        </property>
      </staticProperties>
      <dynamicProperties></dynamicProperties>
    </entity>
    <entity class="StaticModelArray" classVersion="4" classID="0xD0" addr="0x2D79D20" id="0x0">
      <staticProperties>
        <property name="name" type="String" container="StaticArray" arraySize="1">
          <containerEntry>StaticModelArray0003</containerEntry>
        </property>
        <property name="dataSet" type="EntityHandle" container="StaticArray" arraySize="1">
          <containerEntry>0x2F54990</containerEntry>
        </property>
        <property name="modelFile" type="FilePtr" container="StaticArray" arraySize="1">
          <containerEntry>/Assets/tpp/environ/object/middle_africa/cliff/mafr_clff003/scenes/mafr_clff003_vrtn001.fmdl</containerEntry>
        </property>
        <property name="geomFile" type="FilePtr" container="StaticArray" arraySize="1">
          <containerEntry>/Assets/tpp/environ/object/middle_africa/cliff/mafr_clff003/scenes/mafr_clff003_vrtn001.geom</containerEntry>
        </property>
        <property name="isVisibleGeom" type="Bool" container="StaticArray" arraySize="1">
          <containerEntry>false</containerEntry>
        </property>
        <property name="lodFarSize" type="Float" container="StaticArray" arraySize="1">
          <containerEntry>-1</containerEntry>
        </property>
        <property name="lodNearSize" type="Float" container="StaticArray" arraySize="1">
          <containerEntry>-1</containerEntry>
        </property>
        <property name="lodPolygonSize" type="Float" container="StaticArray" arraySize="1">
          <containerEntry>-1</containerEntry>
        </property>
        <property name="drawRejectionLevel" type="Int32" container="StaticArray" arraySize="1">
          <containerEntry>5</containerEntry>
        </property>
        <property name="drawMode" type="Int32" container="StaticArray" arraySize="1">
          <containerEntry>0</containerEntry>
        </property>
        <property name="rejectFarRangeShadowCast" type="Int32" container="StaticArray" arraySize="1">
          <containerEntry>2</containerEntry>
        </property>
        <property name="parentLocator" type="EntityLink" container="StaticArray" arraySize="1">
          <containerEntry packagePathHash="0xB8A0BF169F98" archivePathHash="0xB8A0BF169F98" nameInArchiveHash="0xB8A0BF169F98">0x0</containerEntry>
        </property>
        <property name="transforms" type="Matrix4" container="DynamicArray" arraySize="3">
          <containerEntry r11="-0.9722912" r12="-0.14102641" r13="-0.18641692" r14="0" r21="-0.23032889" r22="0.4420453" r23="0.866915" r24="0" r31="-0.039853774" r32="0.8858355" r33="-0.46227646" r34="0" r41="1128.8555" r42="19.571697" r43="-506.05417" r44="1"></containerEntry>
          <containerEntry r11="0.99368966" r12="-0.024022438" r13="0.10956169" r14="0" r21="0.060231537" r22="0.93829507" r23="-0.34054974" r24="0" r31="-0.09462031" r32="0.34499982" r33="0.933821" r34="0" r41="1117.4915" r42="19.03336" r43="-507.3902" r44="1"></containerEntry>
          <containerEntry r11="0.99610835" r12="0.053914487" r13="0.069723584" r14="0" r21="-0.01871553" r22="0.90242904" r23="-0.43043122" r24="0" r31="-0.08612711" r32="0.42745122" r33="0.8999262" r34="0" r41="1139.2056" r42="20.671854" r43="-504.72437" r44="1"></containerEntry>
        </property>
        <property name="colors" type="UInt32" container="DynamicArray" arraySize="3">
          <containerEntry>4294967295</containerEntry>
          <containerEntry>4294967295</containerEntry>
          <containerEntry>4294967295</containerEntry>
        </property>
      </staticProperties>
      <dynamicProperties></dynamicProperties>
    </entity>
    <entity class="StaticModelArray" classVersion="4" classID="0xD0" addr="0x2D79D90" id="0x0">
      <staticProperties>
        <property name="name" type="String" container="StaticArray" arraySize="1">
          <containerEntry>StaticModelArray0004</containerEntry>
        </property>
        <property name="dataSet" type="EntityHandle" container="StaticArray" arraySize="1">
          <containerEntry>0x2F54990</containerEntry>
        </property>
        <property name="modelFile" type="FilePtr" container="StaticArray" arraySize="1">
          <containerEntry>/Assets/tpp/environ/object/middle_africa/rock/mafr_rock010/scenes/mafr_rock010.fmdl</containerEntry>
        </property>
        <property name="geomFile" type="FilePtr" container="StaticArray" arraySize="1">
          <containerEntry>/Assets/tpp/environ/object/middle_africa/rock/mafr_rock010/scenes/mafr_rock010.geom</containerEntry>
        </property>
        <property name="isVisibleGeom" type="Bool" container="StaticArray" arraySize="1">
          <containerEntry>false</containerEntry>
        </property>
        <property name="lodFarSize" type="Float" container="StaticArray" arraySize="1">
          <containerEntry>-1</containerEntry>
        </property>
        <property name="lodNearSize" type="Float" container="StaticArray" arraySize="1">
          <containerEntry>-1</containerEntry>
        </property>
        <property name="lodPolygonSize" type="Float" container="StaticArray" arraySize="1">
          <containerEntry>-1</containerEntry>
        </property>
        <property name="drawRejectionLevel" type="Int32" container="StaticArray" arraySize="1">
          <containerEntry>8</containerEntry>
        </property>
        <property name="drawMode" type="Int32" container="StaticArray" arraySize="1">
          <containerEntry>0</containerEntry>
        </property>
        <property name="rejectFarRangeShadowCast" type="Int32" container="StaticArray" arraySize="1">
          <containerEntry>2</containerEntry>
        </property>
        <property name="parentLocator" type="EntityLink" container="StaticArray" arraySize="1">
          <containerEntry packagePathHash="0xB8A0BF169F98" archivePathHash="0xB8A0BF169F98" nameInArchiveHash="0xB8A0BF169F98">0x0</containerEntry>
        </property>
        <property name="transforms" type="Matrix4" container="DynamicArray" arraySize="4">
          <containerEntry r11="0.6702365" r12="-0.10713793" r13="0.73437375" r14="0" r21="0.02471507" r22="0.9921983" r23="0.12219551" r24="0" r31="-0.7417361" r32="-0.06374982" r33="0.66765547" r34="0" r41="1085.7878" r42="14.782894" r43="-408.48334" r44="1"></containerEntry>
          <containerEntry r11="0.730242" r12="-0.01603346" r13="-0.68300056" r14="0" r21="0.024764448" r22="0.9996888" r23="0.003009623" r24="0" r31="0.68273973" r32="-0.019111877" r33="0.7304118" r34="0" r41="1087.3816" r42="15.111099" r43="-405.71295" r44="1"></containerEntry>
          <containerEntry r11="-0.58975303" r12="-0.11759991" r13="0.7989745" r14="0" r21="0.0032900646" r22="0.98898256" r23="0.14799538" r24="0" r31="-0.80757606" r32="0.08990951" r33="-0.5828686" r34="0" r41="1042.1342" r42="14.401271" r43="-405.16626" r44="1"></containerEntry>
          <containerEntry r11="-0.58975303" r12="-0.11759991" r13="0.7989745" r14="0" r21="0.0032900646" r22="0.98898256" r23="0.14799538" r24="0" r31="-0.80757606" r32="0.08990951" r33="-0.5828686" r34="0" r41="1133.5033" r42="21.026972" r43="-462.67865" r44="1"></containerEntry>
        </property>
        <property name="colors" type="UInt32" container="DynamicArray" arraySize="4">
          <containerEntry>4294967295</containerEntry>
          <containerEntry>4294967295</containerEntry>
          <containerEntry>4294967295</containerEntry>
          <containerEntry>4294967295</containerEntry>
        </property>
      </staticProperties>
      <dynamicProperties></dynamicProperties>
    </entity>
    <entity class="TexturePackLoadConditioner" classVersion="0" classID="0x48" addr="0x2D7A180" id="0x0">
      <staticProperties>
        <property name="name" type="String" container="StaticArray" arraySize="1">
          <containerEntry>TexturePackLoadConditioner0000</containerEntry>
        </property>
        <property name="dataSet" type="EntityHandle" container="StaticArray" arraySize="1">
          <containerEntry>0x2F54990</containerEntry>
        </property>
        <property name="texturePackPath" type="Path" container="StaticArray" arraySize="1">
          <containerEntry hash="0xB8A0BF169F98"></containerEntry>
        </property>
      </staticProperties>
      <dynamicProperties></dynamicProperties>
    </entity>
  </entities>
</fox>