<fox formatVersion="2" fileVersion="0">
  <entities>
    <entity class="DataSet" classVersion="0" classID="0xE8" addr="0x2EF2000" id="0xD51083">
      <staticProperties>
        <property name="name" type="String" container="StaticArray" arraySize="1">
          <containerEntry hash="0xB8A0BF169F98"></containerEntry>
        </property>
        <property name="dataSet" type="EntityHandle" container="StaticArray" arraySize="1">
          <containerEntry>0x0</containerEntry>
        </property>
        <property name="dataList" type="EntityPtr" container="StringMap" arraySize="10">
          <containerEntry key="mafr_rock002_0015_lod6">
            <data>0x2D790E0</data>
          </containerEntry>
          <containerEntry key="StaticModelArray0000">
            <data>0x2D7E400</data>
          </containerEntry>
          <containerEntry key="StaticModelArray0001">
            <data>0x2D7E470</data>
          </containerEntry>
          <containerEntry key="StaticModelArray0002">
            <data>0x2D7E240</data>
          </containerEntry>
          <containerEntry key="StaticModelArray0003">
            <data>0x2D7E2B0</data>
          </containerEntry>
          <containerEntry key="StaticModelArray0004">
            <data>0x2D7E320</data>
          </containerEntry>
          <containerEntry key="StaticModelArray0005">
            <data>0x2D7DE50</data>
          </containerEntry>
          <containerEntry key="StaticModelArray0006">
            <data>0x2D7B060</data>
          </containerEntry>
          <containerEntry key="StaticModelArray0007">
            <data>0x2D7DEC0</data>
          </containerEntry>
          <containerEntry key="TexturePackLoadConditioner0000">
            <data>0x2D7ECC0</data>
          </containerEntry>
        </property>
      </staticProperties>
      <dynamicProperties></dynamicProperties>
    </entity>
    <entity class="StaticModel" classVersion="9" classID="0x160" addr="0x2D790E0" id="0xD51237">
      <staticProperties>
        <property name="name" type="String" container="StaticArray" arraySize="1">
          <containerEntry>mafr_rock002_0015_lod6</containerEntry>
        </property>
        <property name="dataSet" type="EntityHandle" container="StaticArray" arraySize="1">
          <containerEntry>0x2EF2000</containerEntry>
        </property>
        <property name="parent" type="EntityHandle" container="StaticArray" arraySize="1">
          <containerEntry>0x0</containerEntry>
        </property>
        <property name="transform" type="EntityPtr" container="StaticArray" arraySize="1">
          <containerEntry>0x2D79150</containerEntry>
        </property>
        <property name="shearTransform" type="EntityPtr" container="StaticArray" arraySize="1">
          <containerEntry>0x0</containerEntry>
        </property>
        <property name="pivotTransform" type="EntityPtr" container="StaticArray" arraySize="1">
          <containerEntry>0x0</containerEntry>
        </property>
        <property name="children" type="EntityHandle" container="List"></property>
        <property name="flags" type="UInt32" container="StaticArray" arraySize="1">
          <containerEntry>7</containerEntry>
        </property>
        <property name="modelFile" type="FilePtr" container="StaticArray" arraySize="1">
          <containerEntry>/Assets/tpp/environ/object/middle_africa/rock/mafr_rock002/scenes/mafr_rock002.fmdl</containerEntry>
        </property>
        <property name="geomFile" type="FilePtr" container="StaticArray" arraySize="1">
          <containerEntry>/Assets/tpp/environ/object/middle_africa/rock/mafr_rock002/scenes/mafr_rock002.geom</containerEntry>
        </property>
        <property name="isVisibleGeom" type="Bool" container="StaticArray" arraySize="1">
          <containerEntry>false</containerEntry>
        </property>
        <property name="isIsolated" type="Bool" container="StaticArray" arraySize="1">
          <containerEntry>false</containerEntry>
        </property>
        <property name="lodFarSize" type="Float" container="StaticArray" arraySize="1">
          <containerEntry>-1</containerEntry>
        </property>
        <property name="lodNearSize" type="Float" container="StaticArray" arraySize="1">
          <containerEntry>-1</containerEntry>
        </property>
        <property name="lodPolygonSize" type="Float" container="StaticArray" arraySize="1">
          <containerEntry>-1</containerEntry>
        </property>
        <property name="color" type="Color" container="StaticArray" arraySize="1">
          <containerEntry r="1" g="1" b="1" a="1"></containerEntry>
        </property>
        <property name="drawRejectionLevel" type="Int32" container="StaticArray" arraySize="1">
          <containerEntry>6</containerEntry>
        </property>
        <property name="drawMode" type="Int32" container="StaticArray" arraySize="1">
          <containerEntry>0</containerEntry>
        </property>
        <property name="rejectFarRangeShadowCast" type="Int32" container="StaticArray" arraySize="1">
          <containerEntry>2</containerEntry>
        </property>
      </staticProperties>
      <dynamicProperties></dynamicProperties>
    </entity>
    <entity class="TransformEntity" classVersion="0" classID="0x50" addr="0x2D79150" id="0xD5123A">
      <staticProperties>
        <property name="owner" type="EntityHandle" container="StaticArray" arraySize="1">
          <containerEntry>0x2D790E0</containerEntry>
        </property>
        <property name="transform_scale" type="Vector3" container="StaticArray" arraySize="1">
          <containerEntry x="6" y="6" z="6" w="0"></containerEntry>
        </property>
        <property name="transform_rotation_quat" type="Quat" container="StaticArray" arraySize="1">
          <containerEntry x="0.015994" y="-0.946634" z="-0.00768" w="0.321819"></containerEntry>
        </property>
        <property name="transform_translation" type="Vector3" container="StaticArray" arraySize="1">
          <containerEntry x="2543.536" y="83.85262" z="-1321.2805" w="0"></containerEntry>
        </property>
      </staticProperties>
      <dynamicProperties></dynamicProperties>
    </entity>
    <entity class="StaticModelArray" classVersion="4" classID="0xD0" addr="0x2D7E400" id="0x0">
      <staticProperties>
        <property name="name" type="String" container="StaticArray" arraySize="1">
          <containerEntry>StaticModelArray0000</containerEntry>
        </property>
        <property name="dataSet" type="EntityHandle" container="StaticArray" arraySize="1">
          <containerEntry>0x2EF2000</containerEntry>
        </property>
        <property name="modelFile" type="FilePtr" container="StaticArray" arraySize="1">
          <containerEntry>/Assets/tpp/environ/object/middle_africa/cliff/mafr_clff003/scenes/mafr_clff003.fmdl</containerEntry>
        </property>
        <property name="geomFile" type="FilePtr" container="StaticArray" arraySize="1">
          <containerEntry>/Assets/tpp/environ/object/middle_africa/cliff/mafr_clff003/scenes/mafr_clff003.geom</containerEntry>
        </property>
        <property name="isVisibleGeom" type="Bool" container="StaticArray" arraySize="1">
          <containerEntry>false</containerEntry>
        </property>
        <property name="lodFarSize" type="Float" container="StaticArray" arraySize="1">
          <containerEntry>50</containerEntry>
        </property>
        <property name="lodNearSize" type="Float" container="StaticArray" arraySize="1">
          <containerEntry>400</containerEntry>
        </property>
        <property name="lodPolygonSize" type="Float" container="StaticArray" arraySize="1">
          <containerEntry>-1</containerEntry>
        </property>
        <property name="drawRejectionLevel" type="Int32" container="StaticArray" arraySize="1">
          <containerEntry>7</containerEntry>
        </property>
        <property name="drawMode" type="Int32" container="StaticArray" arraySize="1">
          <containerEntry>0</containerEntry>
        </property>
        <property name="rejectFarRangeShadowCast" type="Int32" container="StaticArray" arraySize="1">
          <containerEntry>2</containerEntry>
        </property>
        <property name="parentLocator" type="EntityLink" container="StaticArray" arraySize="1">
          <containerEntry packagePathHash="0xB8A0BF169F98" archivePathHash="0xB8A0BF169F98" nameInArchiveHash="0xB8A0BF169F98">0x0</containerEntry>
        </property>
        <property name="transforms" type="Matrix4" container="DynamicArray" arraySize="2">
          <containerEntry r11="0.75267655" r12="0" r13="-0.6583826" r14="0" r21="0" r22="1" r23="0" r24="0" r31="0.65838194" r32="0" r33="0.7526758" r34="0" r41="2435.8354" r42="80.32439" r43="-1324.366" r44="1"></containerEntry>
          <containerEntry r11="-0.21779451" r12="0" r13="-0.975991" r14="0" r21="0" r22="1" r23="0" r24="0" r31="0.97599" r32="0" r33="-0.21779428" r34="0" r41="2449.0596" r42="79.14255" r43="-1385.6661" r44="1"></containerEntry>
        </property>
        <property name="colors" type="UInt32" container="DynamicArray" arraySize="2">
          <containerEntry>4294967295</containerEntry>
          <containerEntry>4294967295</containerEntry>
        </property>
      </staticProperties>
      <dynamicProperties></dynamicProperties>
    </entity>
    <entity class="StaticModelArray" classVersion="4" classID="0xD0" addr="0x2D7E470" id="0x0">
      <staticProperties>
        <property name="name" type="String" container="StaticArray" arraySize="1">
          <containerEntry>StaticModelArray0001</containerEntry>
        </property>
        <property name="dataSet" type="EntityHandle" container="StaticArray" arraySize="1">
          <containerEntry>0x2EF2000</containerEntry>
        </property>
        <property name="modelFile" type="FilePtr" container="StaticArray" arraySize="1">
          <containerEntry>/Assets/tpp/environ/object/middle_africa/rock/mafr_rock010/scenes/mafr_rock010.fmdl</containerEntry>
        </property>
        <property name="geomFile" type="FilePtr" container="StaticArray" arraySize="1">
          <containerEntry>/Assets/tpp/environ/object/middle_africa/rock/mafr_rock010/scenes/mafr_rock010.geom</containerEntry>
        </property>
        <property name="isVisibleGeom" type="Bool" container="StaticArray" arraySize="1">
          <containerEntry>false</containerEntry>
        </property>
        <property name="lodFarSize" type="Float" container="StaticArray" arraySize="1">
          <containerEntry>-1</containerEntry>
        </property>
        <property name="lodNearSize" type="Float" container="StaticArray" arraySize="1">
          <containerEntry>-1</containerEntry>
        </property>
        <property name="lodPolygonSize" type="Float" container="StaticArray" arraySize="1">
          <containerEntry>-1</containerEntry>
        </property>
        <property name="drawRejectionLevel" type="Int32" container="StaticArray" arraySize="1">
          <containerEntry>8</containerEntry>
        </property>
        <property name="drawMode" type="Int32" container="StaticArray" arraySize="1">
          <containerEntry>0</containerEntry>
        </property>
        <property name="rejectFarRangeShadowCast" type="Int32" container="StaticArray" arraySize="1">
          <containerEntry>2</containerEntry>
        </property>
        <property name="parentLocator" type="EntityLink" container="StaticArray" arraySize="1">
          <containerEntry packagePathHash="0xB8A0BF169F98" archivePathHash="0xB8A0BF169F98" nameInArchiveHash="0xB8A0BF169F98">0x0</containerEntry>
        </property>
        <property name="transforms" type="Matrix4" container="DynamicArray" arraySize="12">
          <containerEntry r11="0.9437609" r12="-0.22152294" r13="-0.24544436" r14="0" r21="0.20110823" r22="0.97385424" r23="-0.10565713" r24="0" r31="0.26243252" r32="0.050354134" r33="0.9636356" r34="0" r41="2449.677" r42="70.44049" r43="-1304.6423" r44="1"></containerEntry>
          <containerEntry r11="0.7312252" r12="-7.450581e-09" r13="-0.68213636" r14="0" r21="0.17886427" r22="0.96501034" r23="0.1917361" r24="0" r31="0.65826863" r32="-0.26221207" r33="0.70563984" r34="0" r41="2469.123" r42="70.024734" r43="-1333.2216" r44="1"></containerEntry>
          <containerEntry r11="1" r12="0" r13="0" r14="0" r21="0" r22="1" r23="0" r24="0" r31="0" r32="0" r33="1" r34="0" r41="2484.8342" r42="70.23718" r43="-1406.5199" r44="1"></containerEntry>
          <containerEntry r11="0.9844327" r12="-0.17576185" r13="0" r14="0" r21="0.17576185" r22="0.9844327" r23="0" r24="0" r31="0" r32="0" r33="1" r34="0" r41="2484.4192" r42="69.394905" r43="-1360.9843" r44="1"></containerEntry>
          <containerEntry r11="0.9844327" r12="-0.17576185" r13="0" r14="0" r21="0.17576185" r22="0.9844327" r23="0" r24="0" r31="0" r32="0" r33="1" r34="0" r41="2453.931" r42="76.602394" r43="-1339.1643" r44="1"></containerEntry>
          <containerEntry r11="-0.29227307" r12="0.16277653" r13="0.9423795" r14="0" r21="0.28428957" r22="0.95564955" r23="-0.07689784" r24="0" r31="-0.9131017" r32="0.24543357" r33="-0.32558632" r34="0" r41="2453.73" r42="78.78924" r43="-1377.8083" r44="1"></containerEntry>
          <containerEntry r11="-0.12535913" r12="0" r13="0.9921047" r14="0" r21="0" r22="1" r23="0" r24="0" r31="-0.9921047" r32="0" r33="-0.12535913" r34="0" r41="2491.0789" r42="68.19236" r43="-1372.4883" r44="1"></containerEntry>
          <containerEntry r11="-0.12535913" r12="0" r13="0.9921047" r14="0" r21="0" r22="1" r23="0" r24="0" r31="-0.9921047" r32="0" r33="-0.12535913" r34="0" r41="2463.245" r42="68.19236" r43="-1315.3998" r44="1"></containerEntry>
          <containerEntry r11="0.052768163" r12="-7.4505806e-08" r13="-0.9986071" r14="0" r21="0.26184785" r22="0.96501" r23="0.013836503" r24="0" r31="0.9636658" r32="-0.26221314" r33="0.050921798" r34="0" r41="2491.5642" r42="69.675964" r43="-1385.651" r44="1"></containerEntry>
          <containerEntry r11="0.7312252" r12="-7.450581e-09" r13="-0.68213636" r14="0" r21="0.17886427" r22="0.96501034" r23="0.1917361" r24="0" r31="0.65826863" r32="-0.26221207" r33="0.70563984" r34="0" r41="2452.1138" r42="73.617485" r43="-1328.7798" r44="1"></containerEntry>
          <containerEntry r11="0.9844327" r12="-0.17576185" r13="0" r14="0" r21="0.17576185" r22="0.9844327" r23="0" r24="0" r31="0" r32="0" r33="1" r34="0" r41="2474.7288" r42="71.24588" r43="-1353.5916" r44="1"></containerEntry>
          <containerEntry r11="0.8088148" r12="-0.14440624" r13="0.5700572" r14="0" r21="0.17576103" r22="0.9844328" r23="2.4214387e-07" r24="0" r31="-0.56118304" r32="0.100193694" r33="0.8216049" r34="0" r41="2472.9558" r42="71.48647" r43="-1351.5758" r44="1"></containerEntry>
        </property>
        <property name="colors" type="UInt32" container="DynamicArray" arraySize="12">
          <containerEntry>4294967295</containerEntry>
          <containerEntry>4294967295</containerEntry>
          <containerEntry>4294967295</containerEntry>
          <containerEntry>4294967295</containerEntry>
          <containerEntry>4294967295</containerEntry>
          <containerEntry>4294967295</containerEntry>
          <containerEntry>4294967295</containerEntry>
          <containerEntry>4294967295</containerEntry>
          <containerEntry>4294967295</containerEntry>
          <containerEntry>4294967295</containerEntry>
          <containerEntry>4294967295</containerEntry>
          <containerEntry>4294967295</containerEntry>
        </property>
      </staticProperties>
      <dynamicProperties></dynamicProperties>
    </entity>
    <entity class="StaticModelArray" classVersion="4" classID="0xD0" addr="0x2D7E240" id="0x0">
      <staticProperties>
        <property name="name" type="String" container="StaticArray" arraySize="1">
          <containerEntry>StaticModelArray0002</containerEntry>
        </property>
        <property name="dataSet" type="EntityHandle" container="StaticArray" arraySize="1">
          <containerEntry>0x2EF2000</containerEntry>
        </property>
        <property name="modelFile" type="FilePtr" container="StaticArray" arraySize="1">
          <containerEntry>/Assets/tpp/environ/object/middle_africa/cliff/mafr_clff003/scenes/mafr_clff003.fmdl</containerEntry>
        </property>
        <property name="geomFile" type="FilePtr" container="StaticArray" arraySize="1">
          <containerEntry>/Assets/tpp/environ/object/middle_africa/cliff/mafr_clff003/scenes/mafr_clff003.geom</containerEntry>
        </property>
        <property name="isVisibleGeom" type="Bool" container="StaticArray" arraySize="1">
          <containerEntry>false</containerEntry>
        </property>
        <property name="lodFarSize" type="Float" container="StaticArray" arraySize="1">
          <containerEntry>-1</containerEntry>
        </property>
        <property name="lodNearSize" type="Float" container="StaticArray" arraySize="1">
          <containerEntry>-1</containerEntry>
        </property>
        <property name="lodPolygonSize" type="Float" container="StaticArray" arraySize="1">
          <containerEntry>-1</containerEntry>
        </property>
        <property name="drawRejectionLevel" type="Int32" container="StaticArray" arraySize="1">
          <containerEntry>8</containerEntry>
        </property>
        <property name="drawMode" type="Int32" container="StaticArray" arraySize="1">
          <containerEntry>0</containerEntry>
        </property>
        <property name="rejectFarRangeShadowCast" type="Int32" container="StaticArray" arraySize="1">
          <containerEntry>2</containerEntry>
        </property>
        <property name="parentLocator" type="EntityLink" container="StaticArray" arraySize="1">
          <containerEntry packagePathHash="0xB8A0BF169F98" archivePathHash="0xB8A0BF169F98" nameInArchiveHash="0xB8A0BF169F98">0x0</containerEntry>
        </property>
        <property name="transforms" type="Matrix4" container="DynamicArray" arraySize="4">
          <containerEntry r11="0.008706093" r12="0" r13="0.9999619" r14="0" r21="0" r22="1" r23="0" r24="0" r31="-0.9999619" r32="0" r33="0.008706093" r34="0" r41="2573.3186" r42="85.81668" r43="-1385.2656" r44="1"></containerEntry>
          <containerEntry r11="-0.84632707" r12="0" r13="0.53266186" r14="0" r21="0" r22="1" r23="0" r24="0" r31="-0.53266186" r32="0" r33="-0.84632707" r34="0" r41="2543.3413" r42="80.795166" r43="-1333.3186" r44="1"></containerEntry>
          <containerEntry r11="-0.26076722" r12="0" r13="0.96540195" r14="0" r21="0" r22="1" r23="0" r24="0" r31="-0.96540195" r32="0" r33="-0.26076722" r34="0" r41="2520.3655" r42="86.23128" r43="-1307.1439" r44="1"></containerEntry>
          <containerEntry r11="-0.44156122" r12="0" r13="0.89723086" r14="0" r21="0" r22="1" r23="0" r24="0" r31="-0.89723086" r32="0" r33="-0.44156122" r34="0" r41="2556.3628" r42="85.96251" r43="-1326.3722" r44="1"></containerEntry>
        </property>
        <property name="colors" type="UInt32" container="DynamicArray" arraySize="4">
          <containerEntry>4294967295</containerEntry>
          <containerEntry>4294967295</containerEntry>
          <containerEntry>4294967295</containerEntry>
          <containerEntry>4294967295</containerEntry>
        </property>
      </staticProperties>
      <dynamicProperties></dynamicProperties>
    </entity>
    <entity class="StaticModelArray" classVersion="4" classID="0xD0" addr="0x2D7E2B0" id="0x0">
      <staticProperties>
        <property name="name" type="String" container="StaticArray" arraySize="1">
          <containerEntry>StaticModelArray0003</containerEntry>
        </property>
        <property name="dataSet" type="EntityHandle" container="StaticArray" arraySize="1">
          <containerEntry>0x2EF2000</containerEntry>
        </property>
        <property name="modelFile" type="FilePtr" container="StaticArray" arraySize="1">
          <containerEntry>/Assets/tpp/environ/object/middle_africa/tree/mafr_tree038/scenes/mafr_tree038.fmdl</containerEntry>
        </property>
        <property name="geomFile" type="FilePtr" container="StaticArray" arraySize="1">
          <containerEntry>/Assets/tpp/environ/object/middle_africa/tree/mafr_tree038/scenes/mafr_tree038.geom</containerEntry>
        </property>
        <property name="isVisibleGeom" type="Bool" container="StaticArray" arraySize="1">
          <containerEntry>false</containerEntry>
        </property>
        <property name="lodFarSize" type="Float" container="StaticArray" arraySize="1">
          <containerEntry>-1</containerEntry>
        </property>
        <property name="lodNearSize" type="Float" container="StaticArray" arraySize="1">
          <containerEntry>-1</containerEntry>
        </property>
        <property name="lodPolygonSize" type="Float" container="StaticArray" arraySize="1">
          <containerEntry>-1</containerEntry>
        </property>
        <property name="drawRejectionLevel" type="Int32" container="StaticArray" arraySize="1">
          <containerEntry>8</containerEntry>
        </property>
        <property name="drawMode" type="Int32" container="StaticArray" arraySize="1">
          <containerEntry>0</containerEntry>
        </property>
        <property name="rejectFarRangeShadowCast" type="Int32" container="StaticArray" arraySize="1">
          <containerEntry>2</containerEntry>
        </property>
        <property name="parentLocator" type="EntityLink" container="StaticArray" arraySize="1">
          <containerEntry packagePathHash="0xB8A0BF169F98" archivePathHash="0xB8A0BF169F98" nameInArchiveHash="0xB8A0BF169F98">0x0</containerEntry>
        </property>
        <property name="transforms" type="Matrix4" container="DynamicArray" arraySize="3">
          <containerEntry r11="0.53852254" r12="0" r13="-0.44721428" r14="0" r21="0" r22="0.7" r23="0" r24="0" r31="0.44721428" r32="0" r33="0.53852254" r34="0" r41="2467.6897" r42="73.01904" r43="-1339.3726" r44="1"></containerEntry>
          <containerEntry r11="0.53852254" r12="0" r13="-0.44721428" r14="0" r21="0" r22="0.7" r23="0" r24="0" r31="0.44721428" r32="0" r33="0.53852254" r34="0" r41="2467.6897" r42="73.01904" r43="-1395.1912" r44="1"></containerEntry>
          <containerEntry r11="-0.2785136" r12="1.6201767e-07" r13="-0.71035725" r14="0" r21="0.08911317" r22="0.7569724" r23="-0.03493888" r24="0" r31="0.7047455" r32="-0.095718354" r33="-0.27631342" r34="0" r41="2459.7234" r42="77.662674" r43="-1371.5844" r44="1"></containerEntry>
        </property>
        <property name="colors" type="UInt32" container="DynamicArray" arraySize="3">
          <containerEntry>4294967295</containerEntry>
          <containerEntry>4294967295</containerEntry>
          <containerEntry>4294967295</containerEntry>
        </property>
      </staticProperties>
      <dynamicProperties></dynamicProperties>
    </entity>
    <entity class="StaticModelArray" classVersion="4" classID="0xD0" addr="0x2D7E320" id="0x0">
      <staticProperties>
        <property name="name" type="String" container="StaticArray" arraySize="1">
          <containerEntry>StaticModelArray0004</containerEntry>
        </property>
        <property name="dataSet" type="EntityHandle" container="StaticArray" arraySize="1">
          <containerEntry>0x2EF2000</containerEntry>
        </property>
        <property name="modelFile" type="FilePtr" container="StaticArray" arraySize="1">
          <containerEntry>/Assets/tpp/environ/object/middle_africa/rock/mafr_rock011/scenes/mafr_rock011.fmdl</containerEntry>
        </property>
        <property name="geomFile" type="FilePtr" container="StaticArray" arraySize="1">
          <containerEntry>/Assets/tpp/environ/object/middle_africa/rock/mafr_rock011/scenes/mafr_rock011.geom</containerEntry>
        </property>
        <property name="isVisibleGeom" type="Bool" container="StaticArray" arraySize="1">
          <containerEntry>false</containerEntry>
        </property>
        <property name="lodFarSize" type="Float" container="StaticArray" arraySize="1">
          <containerEntry>-1</containerEntry>
        </property>
        <property name="lodNearSize" type="Float" container="StaticArray" arraySize="1">
          <containerEntry>-1</containerEntry>
        </property>
        <property name="lodPolygonSize" type="Float" container="StaticArray" arraySize="1">
          <containerEntry>-1</containerEntry>
        </property>
        <property name="drawRejectionLevel" type="Int32" container="StaticArray" arraySize="1">
          <containerEntry>8</containerEntry>
        </property>
        <property name="drawMode" type="Int32" container="StaticArray" arraySize="1">
          <containerEntry>0</containerEntry>
        </property>
        <property name="rejectFarRangeShadowCast" type="Int32" container="StaticArray" arraySize="1">
          <containerEntry>2</containerEntry>
        </property>
        <property name="parentLocator" type="EntityLink" container="StaticArray" arraySize="1">
          <containerEntry packagePathHash="0xB8A0BF169F98" archivePathHash="0xB8A0BF169F98" nameInArchiveHash="0xB8A0BF169F98">0x0</containerEntry>
        </property>
        <property name="transforms" type="Matrix4" container="DynamicArray" arraySize="13">
          <containerEntry r11="0.19466466" r12="0" r13="0.9808701" r14="0" r21="0" r22="1" r23="0" r24="0" r31="-0.9808701" r32="0" r33="0.19466466" r34="0" r41="2467.024" r42="72.89353" r43="-1356.6653" r44="1"></containerEntry>
          <containerEntry r11="-0.50433713" r12="0.005581187" r13="0.86348933" r14="0" r21="-0.04823739" r22="0.9982355" r23="-0.034626056" r24="0" r31="-0.86215895" r32="-0.059115645" r33="-0.503178" r34="0" r41="2464.361" r42="73.40484" r43="-1348.0366" r44="1"></containerEntry>
          <containerEntry r11="-0.21022023" r12="-0.0015810579" r13="0.9776515" r14="0" r21="-0.2891609" r22="0.9553584" r23="-0.060632356" r24="0" r31="-0.93391156" r32="-0.29544514" r33="-0.20129275" r34="0" r41="2477.1707" r42="68.78084" r43="-1349.5562" r44="1"></containerEntry>
          <containerEntry r11="-0.35511482" r12="0.029682487" r13="0.9343486" r14="0" r21="-0.34560132" r22="0.9245149" r23="-0.16072229" r24="0" r31="-0.86858964" r32="-0.37998798" r33="-0.31805038" r34="0" r41="2494.6335" r42="67.02521" r43="-1380.8365" r44="1"></containerEntry>
          <containerEntry r11="-0.46479756" r12="0.019451879" r13="0.8852024" r14="0" r21="-0.24927041" r22="0.95644635" r23="-0.15190321" r24="0" r31="-0.8496034" r32="-0.29125926" r33="-0.43970513" r34="0" r41="2464.1262" r42="68.36627" r43="-1324.6484" r44="1"></containerEntry>
          <containerEntry r11="-0.46479756" r12="0.019451879" r13="0.8852024" r14="0" r21="-0.24927041" r22="0.95644635" r23="-0.15190321" r24="0" r31="-0.8496034" r32="-0.29125926" r33="-0.43970513" r34="0" r41="2459.6663" r42="68.16745" r43="-1314.5328" r44="1"></containerEntry>
          <containerEntry r11="-0.6947745" r12="0.019451126" r13="0.7189615" r14="0" r21="-0.1965532" r22="0.9564463" r23="-0.21581733" r24="0" r31="-0.6918459" r32="-0.29125923" r33="-0.66069126" r34="0" r41="2444.9583" r42="70.99553" r43="-1308.9186" r44="1"></containerEntry>
          <containerEntry r11="-0.006007988" r12="0.024402082" r13="-0.99968344" r14="0" r21="0.46946302" r22="0.8827535" r23="0.01872605" r24="0" r31="0.8829308" r32="-0.46920222" r33="-0.016759336" r34="0" r41="2553.2788" r42="67.506035" r43="-1402.9193" r44="1"></containerEntry>
          <containerEntry r11="-0.19821738" r12="0.04021196" r13="-0.9793304" r14="0" r21="0.36885238" r22="0.92877007" r23="-0.036520988" r24="0" r31="0.90810406" r32="-0.36846825" r33="-0.1989305" r34="0" r41="2552.3228" r42="67.10367" r43="-1395.6996" r44="1"></containerEntry>
          <containerEntry r11="0.0388233" r12="-0.027280703" r13="-0.99887174" r14="0" r21="0.46855998" r22="0.88341165" r23="-0.0059165955" r24="0" r31="0.88257605" r32="-0.46780252" r33="0.04707986" r34="0" r41="2549.9558" r42="67.10367" r43="-1361.6161" r44="1"></containerEntry>
          <containerEntry r11="0.7221658" r12="0.023827642" r13="-0.6913089" r14="0" r21="0.33781135" r22="0.85997313" r23="0.3825301" r24="0" r31="0.6036218" r32="-0.5097823" r33="0.612994" r34="0" r41="2537.3826" r42="67.04598" r43="-1349.9628" r44="1"></containerEntry>
          <containerEntry r11="0.59922904" r12="0.051297523" r13="-0.6217053" r14="0" r21="0.32949653" r22="0.7059781" r23="0.37583452" r24="0" r31="0.5296989" r32="-0.49718016" r33="0.4695263" r34="0" r41="2523.6846" r42="66.872475" r43="-1375.1615" r44="1"></containerEntry>
          <containerEntry r11="-0.5828891" r12="0.032883525" r13="0.6382644" r14="0" r21="-0.33567566" r22="0.7193578" r23="-0.34361455" r24="0" r31="-0.54386085" r32="-0.4792367" r33="-0.4719854" r34="0" r41="2528.421" r42="66.872475" r43="-1366.2487" r44="1"></containerEntry>
        </property>
        <property name="colors" type="UInt32" container="DynamicArray" arraySize="13">
          <containerEntry>4294967295</containerEntry>
          <containerEntry>4294967295</containerEntry>
          <containerEntry>4294967295</containerEntry>
          <containerEntry>4294967295</containerEntry>
          <containerEntry>4294967295</containerEntry>
          <containerEntry>4294967295</containerEntry>
          <containerEntry>4294967295</containerEntry>
          <containerEntry>4294967295</containerEntry>
          <containerEntry>4294967295</containerEntry>
          <containerEntry>4294967295</containerEntry>
          <containerEntry>4294967295</containerEntry>
          <containerEntry>4294967295</containerEntry>
          <containerEntry>4294967295</containerEntry>
        </property>
      </staticProperties>
      <dynamicProperties></dynamicProperties>
    </entity>
    <entity class="StaticModelArray" classVersion="4" classID="0xD0" addr="0x2D7DE50" id="0x0">
      <staticProperties>
        <property name="name" type="String" container="StaticArray" arraySize="1">
          <containerEntry>StaticModelArray0005</containerEntry>
        </property>
        <property name="dataSet" type="EntityHandle" container="StaticArray" arraySize="1">
          <containerEntry>0x2EF2000</containerEntry>
        </property>
        <property name="modelFile" type="FilePtr" container="StaticArray" arraySize="1">
          <containerEntry>/Assets/tpp/environ/object/middle_africa/rock/mafr_rock007/scenes/mafr_rock007.fmdl</containerEntry>
        </property>
        <property name="geomFile" type="FilePtr" container="StaticArray" arraySize="1">
          <containerEntry>/Assets/tpp/environ/object/middle_africa/rock/mafr_rock007/scenes/mafr_rock007.geom</containerEntry>
        </property>
        <property name="isVisibleGeom" type="Bool" container="StaticArray" arraySize="1">
          <containerEntry>false</containerEntry>
        </property>
        <property name="lodFarSize" type="Float" container="StaticArray" arraySize="1">
          <containerEntry>-1</containerEntry>
        </property>
        <property name="lodNearSize" type="Float" container="StaticArray" arraySize="1">
          <containerEntry>-1</containerEntry>
        </property>
        <property name="lodPolygonSize" type="Float" container="StaticArray" arraySize="1">
          <containerEntry>-1</containerEntry>
        </property>
        <property name="drawRejectionLevel" type="Int32" container="StaticArray" arraySize="1">
          <containerEntry>8</containerEntry>
        </property>
        <property name="drawMode" type="Int32" container="StaticArray" arraySize="1">
          <containerEntry>0</containerEntry>
        </property>
        <property name="rejectFarRangeShadowCast" type="Int32" container="StaticArray" arraySize="1">
          <containerEntry>2</containerEntry>
        </property>
        <property name="parentLocator" type="EntityLink" container="StaticArray" arraySize="1">
          <containerEntry packagePathHash="0xB8A0BF169F98" archivePathHash="0xB8A0BF169F98" nameInArchiveHash="0xB8A0BF169F98">0x0</containerEntry>
        </property>
        <property name="transforms" type="Matrix4" container="DynamicArray" arraySize="17">
          <containerEntry r11="0.77106136" r12="-0.11470088" r13="0.6263451" r14="0" r21="0.088679135" r22="0.9933999" r23="0.072750315" r24="0" r31="-0.6305557" r32="-0.0005512461" r33="0.7761439" r34="0" r41="2489.212" r42="69.32302" r43="-1355.1702" r44="1"></containerEntry>
          <containerEntry r11="1" r12="0" r13="0" r14="0" r21="0" r22="1" r23="0" r24="0" r31="0" r32="0" r33="1" r34="0" r41="2472.2314" r42="69.71537" r43="-1337.1184" r44="1"></containerEntry>
          <containerEntry r11="0.99604464" r12="-0.08883527" r13="0.0018253567" r14="0" r21="0.08883527" r22="0.99520224" r23="-0.040996745" r24="0" r31="0.0018253567" r32="0.040996745" r33="0.9991576" r34="0" r41="2505.2068" r42="69.30009" r43="-1372.9401" r44="1"></containerEntry>
          <containerEntry r11="0.78474396" r12="0.0057733236" r13="-0.61979294" r14="0" r21="0.025147814" r22="0.99883664" r23="0.041144677" r24="0" r31="0.6193094" r32="-0.04787448" r33="0.7836858" r34="0" r41="2491.799" r42="69.41339" r43="-1368.7852" r44="1"></containerEntry>
          <containerEntry r11="1" r12="0" r13="0" r14="0" r21="0" r22="1" r23="0" r24="0" r31="0" r32="0" r33="1" r34="0" r41="2457.3381" r42="69.71537" r43="-1289.5009" r44="1"></containerEntry>
          <containerEntry r11="0.50326794" r12="-0.1442568" r13="-0.8520039" r14="0" r21="0.21593189" r22="0.97568226" r23="-0.037649192" r24="0" r31="0.83671623" r32="-0.16502732" r33="0.5221793" r34="0" r41="2456.4517" r42="69.49591" r43="-1291.0155" r44="1"></containerEntry>
          <containerEntry r11="0.78474396" r12="0.0057733236" r13="-0.61979294" r14="0" r21="0.025147814" r22="0.99883664" r23="0.041144677" r24="0" r31="0.6193094" r32="-0.04787448" r33="0.7836858" r34="0" r41="2463.9653" r42="69.41339" r43="-1311.6967" r44="1"></containerEntry>
          <containerEntry r11="0.5180828" r12="-0.13458554" r13="-1.4172864" r14="0" r21="-0.012397164" r22="1.5077314" r23="-0.14770587" r24="0" r31="1.4236082" r32="0.06210834" r33="0.51449585" r34="0" r41="2502.6787" r42="69.30009" r43="-1395.3716" r44="1"></containerEntry>
          <containerEntry r11="1" r12="0" r13="0" r14="0" r21="0" r22="1" r23="0" r24="0" r31="0" r32="0" r33="1" r34="0" r41="2435.0278" r42="73.08555" r43="-1284.2499" r44="1"></containerEntry>
          <containerEntry r11="0.97875285" r12="0.13748515" r13="-0.15212078" r14="0" r21="-0.12030917" r22="0.98582894" r23="0.116906494" r24="0" r31="0.16603796" r32="-0.09612104" r33="0.98142356" r34="0" r41="2528.391" r42="69.30009" r43="-1378.8339" r44="1"></containerEntry>
          <containerEntry r11="0.45314607" r12="0.17894948" r13="0.87328994" r14="0" r21="-0.054392647" r22="0.98336905" r23="-0.17328212" r24="0" r31="-0.88977504" r32="0.031021498" r33="0.45534337" r34="0" r41="2525.9314" r42="69.30009" r43="-1366.4652" r44="1"></containerEntry>
          <containerEntry r11="-0.24578895" r12="-0.026827648" r13="0.9689504" r14="0" r21="-0.4185083" r22="0.9045832" r23="-0.081116006" r24="0" r31="-0.87432003" r32="-0.42545182" r33="-0.23356402" r34="0" r41="2516.0315" r42="68.93253" r43="-1360.8773" r44="1"></containerEntry>
          <containerEntry r11="0.3529088" r12="0.2250296" r13="0.90819347" r14="0" r21="-0.4239859" r22="0.9037337" r23="-0.05917105" r24="0" r31="-0.8340801" r32="-0.3641798" r33="0.41434515" r34="0" r41="2490.1155" r42="69.24" r43="-1298.1692" r44="1"></containerEntry>
          <containerEntry r11="0.43261853" r12="-0.104202814" r13="0.89553523" r14="0" r21="0.088680066" r22="0.99339986" r23="0.07275027" r24="0" r31="-0.89720535" r32="0.047942966" r33="0.43900388" r34="0" r41="2495.6672" r42="69.41611" r43="-1293.9365" r44="1"></containerEntry>
          <containerEntry r11="-0.92337793" r12="0.05459909" r13="0.37998825" r14="0" r21="0.088677555" r22="0.9934001" r23="0.07275013" r24="0" r31="-0.37350827" r32="0.100872345" r33="-0.9221254" r34="0" r41="2492.9946" r42="69.36593" r43="-1291.4747" r44="1"></containerEntry>
          <containerEntry r11="0.99604464" r12="-0.08883527" r13="0.0018253567" r14="0" r21="0.08883527" r22="0.99520224" r23="-0.040996745" r24="0" r31="0.0018253567" r32="0.040996745" r33="0.9991576" r34="0" r41="2468.3796" r42="69.30009" r43="-1315.8516" r44="1"></containerEntry>
          <containerEntry r11="0.72341645" r12="-0.14481387" r13="0.67505395" r14="0" r21="0.116485216" r22="0.989339" r23="0.087404415" r24="0" r31="-0.6805146" r32="0.015403967" r33="0.7325728" r34="0" r41="2472.9917" r42="69.20396" r43="-1298.2438" r44="1"></containerEntry>
        </property>
        <property name="colors" type="UInt32" container="DynamicArray" arraySize="17">
          <containerEntry>4294967295</containerEntry>
          <containerEntry>4294967295</containerEntry>
          <containerEntry>4294967295</containerEntry>
          <containerEntry>4294967295</containerEntry>
          <containerEntry>4294967295</containerEntry>
          <containerEntry>4294967295</containerEntry>
          <containerEntry>4294967295</containerEntry>
          <containerEntry>4294967295</containerEntry>
          <containerEntry>4294967295</containerEntry>
          <containerEntry>4294967295</containerEntry>
          <containerEntry>4294967295</containerEntry>
          <containerEntry>4294967295</containerEntry>
          <containerEntry>4294967295</containerEntry>
          <containerEntry>4294967295</containerEntry>
          <containerEntry>4294967295</containerEntry>
          <containerEntry>4294967295</containerEntry>
          <containerEntry>4294967295</containerEntry>
        </property>
      </staticProperties>
      <dynamicProperties></dynamicProperties>
    </entity>
    <entity class="StaticModelArray" classVersion="4" classID="0xD0" addr="0x2D7B060" id="0x0">
      <staticProperties>
        <property name="name" type="String" container="StaticArray" arraySize="1">
          <containerEntry>StaticModelArray0006</containerEntry>
        </property>
        <property name="dataSet" type="EntityHandle" container="StaticArray" arraySize="1">
          <containerEntry>0x2EF2000</containerEntry>
        </property>
        <property name="modelFile" type="FilePtr" container="StaticArray" arraySize="1">
          <containerEntry>/Assets/tpp/environ/object/middle_africa/rock/mafr_rock002/scenes/mafr_rock002.fmdl</containerEntry>
        </property>
        <property name="geomFile" type="FilePtr" container="StaticArray" arraySize="1">
          <containerEntry>/Assets/tpp/environ/object/middle_africa/rock/mafr_rock002/scenes/mafr_rock002.geom</containerEntry>
        </property>
        <property name="isVisibleGeom" type="Bool" container="StaticArray" arraySize="1">
          <containerEntry>false</containerEntry>
        </property>
        <property name="lodFarSize" type="Float" container="StaticArray" arraySize="1">
          <containerEntry>-1</containerEntry>
        </property>
        <property name="lodNearSize" type="Float" container="StaticArray" arraySize="1">
          <containerEntry>-1</containerEntry>
        </property>
        <property name="lodPolygonSize" type="Float" container="StaticArray" arraySize="1">
          <containerEntry>-1</containerEntry>
        </property>
        <property name="drawRejectionLevel" type="Int32" container="StaticArray" arraySize="1">
          <containerEntry>8</containerEntry>
        </property>
        <property name="drawMode" type="Int32" container="StaticArray" arraySize="1">
          <containerEntry>0</containerEntry>
        </property>
        <property name="rejectFarRangeShadowCast" type="Int32" container="StaticArray" arraySize="1">
          <containerEntry>2</containerEntry>
        </property>
        <property name="parentLocator" type="EntityLink" container="StaticArray" arraySize="1">
