<fox formatVersion="2" fileVersion="0">
  <entities>
    <entity class="DataSet" classVersion="0" classID="0xE8" addr="0x3352E00" id="0x13A55">
      <staticProperties>
        <property name="name" type="String" container="StaticArray" arraySize="1">
          <containerEntry hash="0xB8A0BF169F98"></containerEntry>
        </property>
        <property name="dataSet" type="EntityHandle" container="StaticArray" arraySize="1">
          <containerEntry>0x0</containerEntry>
        </property>
        <property name="dataList" type="EntityPtr" container="StringMap" arraySize="11">
          <containerEntry key="StaticModelArray0000">
            <data>0x317FAC0</data>
          </containerEntry>
          <containerEntry key="StaticModelArray0001">
            <data>0x317FBA0</data>
          </containerEntry>
          <containerEntry key="StaticModelArray0002">
            <data>0x317FB30</data>
          </containerEntry>
          <containerEntry key="StaticModelArray0003">
            <data>0x317FC10</data>
          </containerEntry>
          <containerEntry key="StaticModelArray0004">
            <data>0x317F3C0</data>
          </containerEntry>
          <containerEntry key="StaticModelArray0005">
            <data>0x317F9E0</data>
          </containerEntry>
          <containerEntry key="StaticModelArray0006">
            <data>0x317F120</data>
          </containerEntry>
          <containerEntry key="StaticModelArray0007">
            <data>0x31764B0</data>
          </containerEntry>
          <containerEntry key="StaticModelArray0008">
            <data>0x317F190</data>
          </containerEntry>
          <containerEntry key="StaticModelArray0009">
            <data>0x317F200</data>
          </containerEntry>
          <containerEntry key="TexturePackLoadConditioner0000">
            <data>0x33500F0</data>
          </containerEntry>
        </property>
      </staticProperties>
      <dynamicProperties></dynamicProperties>
    </entity>
    <entity class="StaticModelArray" classVersion="4" classID="0xD0" addr="0x317FAC0" id="0x0">
      <staticProperties>
        <property name="name" type="String" container="StaticArray" arraySize="1">
          <containerEntry>StaticModelArray0000</containerEntry>
        </property>
        <property name="dataSet" type="EntityHandle" container="StaticArray" arraySize="1">
          <containerEntry>0x3352E00</containerEntry>
        </property>
        <property name="modelFile" type="FilePtr" container="StaticArray" arraySize="1">
          <containerEntry>/Assets/tpp/environ/object/afghanistan/cliff/afgh_clff022/scenes/afgh_clff022_vrtn001.fmdl</containerEntry>
        </property>
        <property name="geomFile" type="FilePtr" container="StaticArray" arraySize="1">
          <containerEntry>/Assets/tpp/environ/object/afghanistan/cliff/afgh_clff022/scenes/afgh_clff022_vrtn001.geom</containerEntry>
        </property>
        <property name="isVisibleGeom" type="Bool" container="StaticArray" arraySize="1">
          <containerEntry>false</containerEntry>
        </property>
        <property name="lodFarSize" type="Float" container="StaticArray" arraySize="1">
          <containerEntry>-1</containerEntry>
        </property>
        <property name="lodNearSize" type="Float" container="StaticArray" arraySize="1">
          <containerEntry>-1</containerEntry>
        </property>
        <property name="lodPolygonSize" type="Float" container="StaticArray" arraySize="1">
          <containerEntry>-1</containerEntry>
        </property>
        <property name="drawRejectionLevel" type="Int32" container="StaticArray" arraySize="1">
          <containerEntry>8</containerEntry>
        </property>
        <property name="drawMode" type="Int32" container="StaticArray" arraySize="1">
          <containerEntry>0</containerEntry>
        </property>
        <property name="rejectFarRangeShadowCast" type="Int32" container="StaticArray" arraySize="1">
          <containerEntry>2</containerEntry>
        </property>
        <property name="parentLocator" type="EntityLink" container="StaticArray" arraySize="1">
          <containerEntry packagePathHash="0xB8A0BF169F98" archivePathHash="0xB8A0BF169F98" nameInArchiveHash="0xB8A0BF169F98">0x0</containerEntry>
        </property>
        <property name="transforms" type="Matrix4" container="DynamicArray" arraySize="11">
          <containerEntry r11="-0.6664187" r12="0" r13="0.74557745" r14="0" r21="0" r22="1" r23="0" r24="0" r31="-0.74557745" r32="0" r33="-0.6664187" r34="0" r41="1444.9274" r42="324.68488" r43="1830.5353" r44="1"></containerEntry>
          <containerEntry r11="-0.45566154" r12="0" r13="0.8901524" r14="0" r21="0" r22="1" r23="0" r24="0" r31="-0.8901524" r32="0" r33="-0.45566154" r34="0" r41="1493.9999" r42="315.54138" r43="1831.8894" r44="1"></containerEntry>
          <containerEntry r11="-0.80071247" r12="0" r13="0.59904885" r14="0" r21="0" r22="1" r23="0" r24="0" r31="-0.59904885" r32="0" r33="-0.80071247" r34="0" r41="1472.5247" r42="326.87396" r43="1817.6532" r44="1"></containerEntry>
          <containerEntry r11="-0.8357464" r12="0" r13="0.54911226" r14="0" r21="0" r22="1" r23="0" r24="0" r31="-0.54911226" r32="0" r33="-0.8357464" r34="0" r41="1489.5767" r42="327.3819" r43="1805.717" r44="1"></containerEntry>
          <containerEntry r11="0.6573421" r12="0" r13="-0.7535917" r14="0" r21="0" r22="1" r23="0" r24="0" r31="0.7535917" r32="0" r33="0.6573421" r34="0" r41="1527.7571" r42="323.97385" r43="1874.6661" r44="1"></containerEntry>
          <containerEntry r11="-0.07577169" r12="0" r13="0.9971241" r14="0" r21="0" r22="1" r23="0" r24="0" r31="-0.9971241" r32="0" r33="-0.07577169" r34="0" r41="1518.5765" r42="326.9477" r43="1880.8805" r44="1"></containerEntry>
          <containerEntry r11="-0.17645538" r12="0" r13="-0.9843073" r14="0" r21="0" r22="1" r23="0" r24="0" r31="0.9843073" r32="0" r33="-0.17645538" r34="0" r41="1470.0613" r42="317.1593" r43="1901.419" r44="1"></containerEntry>
          <containerEntry r11="-0.80071247" r12="0" r13="0.59904885" r14="0" r21="0" r22="1" r23="0" r24="0" r31="-0.59904885" r32="0" r33="-0.80071247" r34="0" r41="1420.8353" r42="330.49268" r43="1811.3623" r44="1"></containerEntry>
          <containerEntry r11="-0.33078194" r12="0" r13="0.9437072" r14="0" r21="0" r22="1" r23="0" r24="0" r31="-0.9437072" r32="0" r33="-0.33078194" r34="0" r41="1429.1755" r42="330.96844" r43="1809.0409" r44="1"></containerEntry>
          <containerEntry r11="-0.5089042" r12="0" r13="0.8608216" r14="0" r21="0" r22="1" r23="0" r24="0" r31="-0.8608216" r32="0" r33="-0.5089042" r34="0" r41="1485.1937" r42="320.31253" r43="1900.905" r44="1"></containerEntry>
          <containerEntry r11="-0.09632802" r12="0" r13="-0.99534893" r14="0" r21="0" r22="1" r23="0" r24="0" r31="0.99534893" r32="0" r33="-0.09632802" r34="0" r41="1503.8756" r42="319.48083" r43="1884.5542" r44="1"></containerEntry>
        </property>
        <property name="colors" type="UInt32" container="DynamicArray" arraySize="11">
          <containerEntry>4294967295</containerEntry>
          <containerEntry>4294967295</containerEntry>
          <containerEntry>4294967295</containerEntry>
          <containerEntry>4294967295</containerEntry>
          <containerEntry>4294967295</containerEntry>
          <containerEntry>4294967295</containerEntry>
          <containerEntry>4294967295</containerEntry>
          <containerEntry>4294967295</containerEntry>
          <containerEntry>4294967295</containerEntry>
          <containerEntry>4294967295</containerEntry>
          <containerEntry>4294967295</containerEntry>
        </property>
      </staticProperties>
      <dynamicProperties></dynamicProperties>
    </entity>
    <entity class="StaticModelArray" classVersion="4" classID="0xD0" addr="0x317FBA0" id="0x0">
      <staticProperties>
        <property name="name" type="String" container="StaticArray" arraySize="1">
          <containerEntry>StaticModelArray0001</containerEntry>
        </property>
        <property name="dataSet" type="EntityHandle" container="StaticArray" arraySize="1">
          <containerEntry>0x3352E00</containerEntry>
        </property>
        <property name="modelFile" type="FilePtr" container="StaticArray" arraySize="1">
          <containerEntry>/Assets/tpp/environ/object/afghanistan/rock/afgh_rock001/scenes/afgh_rock001.fmdl</containerEntry>
        </property>
        <property name="geomFile" type="FilePtr" container="StaticArray" arraySize="1">
          <containerEntry>/Assets/tpp/environ/object/afghanistan/rock/afgh_rock001/scenes/afgh_rock001.geom</containerEntry>
        </property>
        <property name="isVisibleGeom" type="Bool" container="StaticArray" arraySize="1">
          <containerEntry>false</containerEntry>
        </property>
        <property name="lodFarSize" type="Float" container="StaticArray" arraySize="1">
          <containerEntry>-1</containerEntry>
        </property>
        <property name="lodNearSize" type="Float" container="StaticArray" arraySize="1">
          <containerEntry>-1</containerEntry>
        </property>
        <property name="lodPolygonSize" type="Float" container="StaticArray" arraySize="1">
          <containerEntry>-1</containerEntry>
        </property>
        <property name="drawRejectionLevel" type="Int32" container="StaticArray" arraySize="1">
          <containerEntry>8</containerEntry>
        </property>
        <property name="drawMode" type="Int32" container="StaticArray" arraySize="1">
          <containerEntry>0</containerEntry>
        </property>
        <property name="rejectFarRangeShadowCast" type="Int32" container="StaticArray" arraySize="1">
          <containerEntry>2</containerEntry>
        </property>
        <property name="parentLocator" type="EntityLink" container="StaticArray" arraySize="1">
          <containerEntry packagePathHash="0xB8A0BF169F98" archivePathHash="0xB8A0BF169F98" nameInArchiveHash="0xB8A0BF169F98">0x0</containerEntry>
        </property>
        <property name="transforms" type="Matrix4" container="DynamicArray" arraySize="15">
          <containerEntry r11="-0.49035907" r12="-0.097781755" r13="-0.8660069" r14="0" r21="0.075884394" r22="-0.9946898" r23="0.06934362" r24="0" r31="-0.86819977" r32="-0.031712905" r33="0.49519408" r34="0" r41="1418.94" r42="302.4794" r43="1863.4214" r44="1"></containerEntry>
          <containerEntry r11="-0.49035907" r12="-0.097781755" r13="-0.8660069" r14="0" r21="0.075884394" r22="-0.9946898" r23="0.06934362" r24="0" r31="-0.86819977" r32="-0.031712905" r33="0.49519408" r34="0" r41="1414.7644" r42="306.82422" r43="1842.0444" r44="1"></containerEntry>
          <containerEntry r11="0.4881413" r12="-0.23380706" r13="0.8408604" r14="0" r21="0.08911347" r22="0.9717655" r23="0.21847244" r24="0" r31="-0.86819977" r32="-0.03171234" r33="0.49519446" r34="0" r41="1398.7893" r42="308.08435" r43="1844.004" r44="1"></containerEntry>
          <containerEntry r11="0.4881413" r12="-0.23380706" r13="0.8408604" r14="0" r21="0.08911347" r22="0.9717655" r23="0.21847244" r24="0" r31="-0.86819977" r32="-0.03171234" r33="0.49519446" r34="0" r41="1424.9563" r42="304.17142" r43="1852.7583" r44="1"></containerEntry>
          <containerEntry r11="-0.18704927" r12="0.50506" r13="-0.84256184" r14="0" r21="-0.10076986" r22="-0.8630351" r23="-0.49496472" r24="0" r31="-0.97716" r32="-0.0076814443" r33="0.2123406" r34="0" r41="1442.7838" r42="306.76645" r43="1849.9506" r44="1"></containerEntry>
          <containerEntry r11="-0.4936149" r12="0.15686148" r13="-0.8554061" r14="0" r21="-0.050548576" r22="-0.9870984" r23="-0.15184236" r24="0" r31="-0.8681993" r32="-0.031713273" r33="0.49519473" r34="0" r41="1446.0933" r42="300.39813" r43="1859.7454" r44="1"></containerEntry>
          <containerEntry r11="-0.4936149" r12="0.15686148" r13="-0.8554061" r14="0" r21="-0.050548576" r22="-0.9870984" r23="-0.15184236" r24="0" r31="-0.8681993" r32="-0.031713273" r33="0.49519473" r34="0" r41="1461.6768" r42="300.27536" r43="1861.361" r44="1"></containerEntry>
          <containerEntry r11="-0.4936149" r12="0.15686148" r13="-0.8554061" r14="0" r21="-0.050548576" r22="-0.9870984" r23="-0.15184236" r24="0" r31="-0.8681993" r32="-0.031713273" r33="0.49519473" r34="0" r41="1461.6768" r42="300.41263" r43="1882.5586" r44="1"></containerEntry>
          <containerEntry r11="0.9372777" r12="0.07102249" r13="0.34127063" r14="0" r21="-0.06031951" r22="0.9972999" r23="-0.041886177" r24="0" r31="-0.343324" r32="0.018673554" r33="0.939031" r34="0" r41="1450.7537" r42="301.29703" r43="1905.1888" r44="1"></containerEntry>
          <containerEntry r11="0.25100213" r12="-0.90431213" r13="0.34526265" r14="0" r21="0.9607583" r22="0.27623376" r23="0.025052086" r24="0" r31="-0.11802642" r32="0.32542843" r33="0.93817115" r34="0" r41="1431.331" r42="299.77795" r43="1904.605" r44="1"></containerEntry>
          <containerEntry r11="0.9372777" r12="0.07102249" r13="0.34127063" r14="0" r21="-0.06031951" r22="0.9972999" r23="-0.041886177" r24="0" r31="-0.343324" r32="0.018673554" r33="0.939031" r34="0" r41="1416.4716" r42="297.8414" r43="1915.2294" r44="1"></containerEntry>
          <containerEntry r11="0.9372777" r12="0.07102249" r13="0.34127063" r14="0" r21="-0.06031951" r22="0.9972999" r23="-0.041886177" r24="0" r31="-0.343324" r32="0.018673554" r33="0.939031" r34="0" r41="1412.9941" r42="301.59772" r43="1887.167" r44="1"></containerEntry>
          <containerEntry r11="0.9372777" r12="0.07102249" r13="0.34127063" r14="0" r21="-0.06031951" r22="0.9972999" r23="-0.041886177" r24="0" r31="-0.343324" r32="0.018673554" r33="0.939031" r34="0" r41="1442.1877" r42="299.52344" r43="1862.5297" r44="1"></containerEntry>
          <containerEntry r11="-0.4936149" r12="0.15686148" r13="-0.8554061" r14="0" r21="-0.050548576" r22="-0.9870984" r23="-0.15184236" r24="0" r31="-0.8681993" r32="-0.031713273" r33="0.49519473" r34="0" r41="1487.4778" r42="300.83374" r43="1851.3076" r44="1"></containerEntry>
          <containerEntry r11="-0.4936149" r12="0.15686148" r13="-0.8554061" r14="0" r21="-0.050548576" r22="-0.9870984" r23="-0.15184236" r24="0" r31="-0.8681993" r32="-0.031713273" r33="0.49519473" r34="0" r41="1512.4761" r42="301.40146" r43="1856.7601" r44="1"></containerEntry>
        </property>
        <property name="colors" type="UInt32" container="DynamicArray" arraySize="15">
          <containerEntry>4294967295</containerEntry>
          <containerEntry>4294967295</containerEntry>
          <containerEntry>4294967295</containerEntry>
          <containerEntry>4294967295</containerEntry>
          <containerEntry>4294967295</containerEntry>
          <containerEntry>4294967295</containerEntry>
          <containerEntry>4294967295</containerEntry>
          <containerEntry>4294967295</containerEntry>
          <containerEntry>4294967295</containerEntry>
          <containerEntry>4294967295</containerEntry>
          <containerEntry>4294967295</containerEntry>
          <containerEntry>4294967295</containerEntry>
          <containerEntry>4294967295</containerEntry>
          <containerEntry>4294967295</containerEntry>
          <containerEntry>4294967295</containerEntry>
        </property>
      </staticProperties>
      <dynamicProperties></dynamicProperties>
    </entity>
    <entity class="StaticModelArray" classVersion="4" classID="0xD0" addr="0x317FB30" id="0x0">
      <staticProperties>
        <property name="name" type="String" container="StaticArray" arraySize="1">
          <containerEntry>StaticModelArray0002</containerEntry>
        </property>
        <property name="dataSet" type="EntityHandle" container="StaticArray" arraySize="1">
          <containerEntry>0x3352E00</containerEntry>
        </property>
        <property name="modelFile" type="FilePtr" container="StaticArray" arraySize="1">
          <containerEntry>/Assets/tpp/environ/object/afghanistan/rock/afgh_rock009/scenes/afgh_rock009_rock001.fmdl</containerEntry>
        </property>
        <property name="geomFile" type="FilePtr" container="StaticArray" arraySize="1">
          <containerEntry>/Assets/tpp/environ/object/afghanistan/rock/afgh_rock009/scenes/afgh_rock009_rock001.geom</containerEntry>
        </property>
        <property name="isVisibleGeom" type="Bool" container="StaticArray" arraySize="1">
          <containerEntry>false</containerEntry>
        </property>
        <property name="lodFarSize" type="Float" container="StaticArray" arraySize="1">
          <containerEntry>-1</containerEntry>
        </property>
        <property name="lodNearSize" type="Float" container="StaticArray" arraySize="1">
          <containerEntry>-1</containerEntry>
        </property>
        <property name="lodPolygonSize" type="Float" container="StaticArray" arraySize="1">
          <containerEntry>-1</containerEntry>
        </property>
        <property name="drawRejectionLevel" type="Int32" container="StaticArray" arraySize="1">
          <containerEntry>8</containerEntry>
        </property>
        <property name="drawMode" type="Int32" container="StaticArray" arraySize="1">
          <containerEntry>0</containerEntry>
        </property>
        <property name="rejectFarRangeShadowCast" type="Int32" container="StaticArray" arraySize="1">
          <containerEntry>2</containerEntry>
        </property>
        <property name="parentLocator" type="EntityLink" container="StaticArray" arraySize="1">
          <containerEntry packagePathHash="0xB8A0BF169F98" archivePathHash="0xB8A0BF169F98" nameInArchiveHash="0xB8A0BF169F98">0x0</containerEntry>
        </property>
        <property name="transforms" type="Matrix4" container="DynamicArray" arraySize="12">
          <containerEntry r11="0.5068818" r12="0.12733015" r13="-0.85255915" r14="0" r21="0.03531101" r22="0.98513323" r23="0.16812387" r24="0" r31="0.8612916" r32="-0.1153236" r33="0.49484995" r34="0" r41="1416.737" r42="300.7473" r43="1885.5125" r44="1"></containerEntry>
          <containerEntry r11="0.6181902" r12="0.1273299" r13="-0.7756461" r14="0" r21="0.012102302" r22="0.98513335" r23="0.17136458" r24="0" r31="0.7859347" r32="-0.115322925" r33="0.60745883" r34="0" r41="1417.2769" r42="306.5598" r43="1842.6002" r44="1"></containerEntry>
          <containerEntry r11="-0.11286688" r12="-0.99172896" r13="-0.061078466" r14="0" r21="0.9640948" r22="-0.12417817" r23="0.23472711" r24="0" r31="-0.24037087" r32="-0.032392137" r33="0.97014046" r34="0" r41="1409.045" r42="304.7164" r43="1868.4364" r44="1"></containerEntry>
          <containerEntry r11="-0.14931881" r12="-0.05366209" r13="-0.9873304" r14="0" r21="0.98858166" r22="-0.028480768" r23="-0.14796129" r24="0" r31="-0.020181358" r32="-0.99815154" r33="0.057303667" r34="0" r41="1408.3004" r42="305.66025" r43="1871.9015" r44="1"></containerEntry>
          <containerEntry r11="-0.58620256" r12="-0.2741658" r13="-0.76236135" r14="0" r21="0.55517024" r22="-0.82126623" r23="-0.131538" r24="0" r31="-0.5900405" r32="-0.50034916" r33="0.6336417" r34="0" r41="1449.4491" r42="299.54395" r43="1906.2886" r44="1"></containerEntry>
          <containerEntry r11="-0.54898113" r12="-0.18682455" r13="-0.8146879" r14="0" r21="0.09031682" r22="-0.9822519" r23="0.16439" r24="0" r31="-0.8309408" r32="0.016666986" r33="0.55611116" r34="0" r41="1509.5779" r42="303.19406" r43="1836.6019" r44="1"></containerEntry>
          <containerEntry r11="0.5552466" r12="-0.0679859" r13="-0.82890105" r14="0" r21="-0.003991917" r22="-0.9968548" r23="0.07908754" r24="0" r31="-0.83167493" r32="-0.040604085" r33="-0.5537694" r34="0" r41="1477.2611" r42="305.2085" r43="1891.2753" r44="1"></containerEntry>
          <containerEntry r11="0.27356833" r12="0.02477325" r13="-0.96153235" r14="0" r21="-0.03167765" r22="-0.998891" r23="-0.034748457" r24="0" r31="-0.9613297" r32="0.039965168" r33="-0.27247804" r34="0" r41="1457.507" r42="302.7538" r43="1854.8475" r44="1"></containerEntry>
          <containerEntry r11="-0.07044798" r12="-0.18682426" r13="-0.9798631" r14="0" r21="0.124495834" r22="-0.9762691" r23="0.17718834" r24="0" r31="-0.98971504" r32="-0.10950625" r33="0.09203702" r34="0" r41="1496.7467" r42="298.6672" r43="1860.9443" r44="1"></containerEntry>
          <containerEntry r11="-0.07044798" r12="-0.18682426" r13="-0.9798631" r14="0" r21="0.124495834" r22="-0.9762691" r23="0.17718834" r24="0" r31="-0.98971504" r32="-0.10950625" r33="0.09203702" r34="0" r41="1518.7521" r42="305.93784" r43="1860.9443" r44="1"></containerEntry>
          <containerEntry r11="0.32328767" r12="-0.057637006" r13="-0.94454384" r14="0" r21="0.94444656" r22="-0.042801738" r23="0.32586613" r24="0" r31="-0.059210062" r32="-0.9974197" r33="0.040597826" r34="0" r41="1491.4905" r42="303.451" r43="1842.5759" r44="1"></containerEntry>
          <containerEntry r11="-0.3393433" r12="-0.779052" r13="0.5271787" r14="0" r21="-0.47360146" r22="-0.34271657" r23="-0.81132007" r24="0" r31="0.8127368" r32="-0.524992" r33="-0.252658" r34="0" r41="1514.5237" r42="327.4861" r43="1909.9598" r44="1"></containerEntry>
        </property>
        <property name="colors" type="UInt32" container="DynamicArray" arraySize="12">
          <containerEntry>4294967295</containerEntry>
          <containerEntry>4294967295</containerEntry>
          <containerEntry>4294967295</containerEntry>
          <containerEntry>4294967295</containerEntry>
          <containerEntry>4294967295</containerEntry>
          <containerEntry>4294967295</containerEntry>
          <containerEntry>4294967295</containerEntry>
          <containerEntry>4294967295</containerEntry>
          <containerEntry>4294967295</containerEntry>
          <containerEntry>4294967295</containerEntry>
          <containerEntry>4294967295</containerEntry>
          <containerEntry>4294967295</containerEntry>
        </property>
      </staticProperties>
      <dynamicProperties></dynamicProperties>
    </entity>
    <entity class="StaticModelArray" classVersion="4" classID="0xD0" addr="0x317FC10" id="0x0">
      <staticProperties>
        <property name="name" type="String" container="StaticArray" arraySize="1">
          <containerEntry>StaticModelArray0003</containerEntry>
        </property>
        <property name="dataSet" type="EntityHandle" container="StaticArray" arraySize="1">
          <containerEntry>0x3352E00</containerEntry>
        </property>
        <property name="modelFile" type="FilePtr" container="StaticArray" arraySize="1">
          <containerEntry>/Assets/tpp/environ/object/afghanistan/cliff/afgh_clff022/scenes/afgh_clff022_vrtn002.fmdl</containerEntry>
        </property>
        <property name="geomFile" type="FilePtr" container="StaticArray" arraySize="1">
          <containerEntry>/Assets/tpp/environ/object/afghanistan/cliff/afgh_clff022/scenes/afgh_clff022_vrtn002.geom</containerEntry>
        </property>
        <property name="isVisibleGeom" type="Bool" container="StaticArray" arraySize="1">
          <containerEntry>false</containerEntry>
        </property>
        <property name="lodFarSize" type="Float" container="StaticArray" arraySize="1">
          <containerEntry>-1</containerEntry>
        </property>
        <property name="lodNearSize" type="Float" container="StaticArray" arraySize="1">
          <containerEntry>-1</containerEntry>
        </property>
        <property name="lodPolygonSize" type="Float" container="StaticArray" arraySize="1">
          <containerEntry>-1</containerEntry>
        </property>
        <property name="drawRejectionLevel" type="Int32" container="StaticArray" arraySize="1">
          <containerEntry>8</containerEntry>
        </property>
        <property name="drawMode" type="Int32" container="StaticArray" arraySize="1">
          <containerEntry>0</containerEntry>
        </property>
        <property name="rejectFarRangeShadowCast" type="Int32" container="StaticArray" arraySize="1">
          <containerEntry>2</containerEntry>
        </property>
        <property name="parentLocator" type="EntityLink" container="StaticArray" arraySize="1">
          <containerEntry packagePathHash="0xB8A0BF169F98" archivePathHash="0xB8A0BF169F98" nameInArchiveHash="0xB8A0BF169F98">0x0</containerEntry>
        </property>
        <property name="transforms" type="Matrix4" container="DynamicArray" arraySize="7">
          <containerEntry r11="0.7574061" r12="0" r13="0.6529402" r14="0" r21="0" r22="1" r23="0" r24="0" r31="-0.6529402" r32="0" r33="0.7574061" r34="0" r41="1419.2646" r42="325.29306" r43="1818.537" r44="1"></containerEntry>
          <containerEntry r11="0.9584771" r12="0" r13="-0.2851621" r14="0" r21="0" r22="1" r23="0" r24="0" r31="0.2851621" r32="0" r33="0.9584771" r34="0" r41="1470.0408" r42="311.65558" r43="1841.1233" r44="1"></containerEntry>
          <containerEntry r11="0.77512074" r12="0" r13="-0.6318089" r14="0" r21="0" r22="1" r23="0" r24="0" r31="0.6318089" r32="0" r33="0.77512074" r34="0" r41="1509.7408" r42="326.90033" r43="1792.2603" r44="1"></containerEntry>
          <containerEntry r11="-0.9449059" r12="-0.033979043" r13="0.32555175" r14="0" r21="-0.030666843" r22="0.9994125" r23="0.01530211" r24="0" r31="-0.32588047" r32="0.004475463" r33="-0.9453928" r34="0" r41="1526.183" r42="314.99066" r43="1869.2886" r44="1"></containerEntry>
          <containerEntry r11="-0.913377" r12="0" r13="0.40710407" r14="0" r21="0" r22="1" r23="0" r24="0" r31="-0.40710407" r32="0" r33="-0.913377" r34="0" r41="1469.6211" r42="313.30377" r43="1906.6337" r44="1"></containerEntry>
          <containerEntry r11="-0.7048018" r12="0" r13="0.7094007" r14="0" r21="0" r22="1" r23="0" r24="0" r31="-0.7094007" r32="0" r33="-0.7048018" r34="0" r41="1501.0258" r42="313.26157" r43="1884.9901" r44="1"></containerEntry>
          <containerEntry r11="-0.8218939" r12="0" r13="0.7385832" r14="0" r21="0" r22="1.105" r23="0" r24="0" r31="-0.7385832" r32="0" r33="-0.8218939" r34="0" r41="1502.873" r42="324.05917" r43="1904.3885" r44="1"></containerEntry>
        </property>
        <property name="colors" type="UInt32" container="DynamicArray" arraySize="7">
          <containerEntry>4294967295</containerEntry>
          <containerEntry>4294967295</containerEntry>
          <containerEntry>4294967295</containerEntry>
          <containerEntry>4294967295</containerEntry>
          <containerEntry>4294967295</containerEntry>
          <containerEntry>4294967295</containerEntry>
          <containerEntry>4294967295</containerEntry>
        </property>
      </staticProperties>
      <dynamicProperties></dynamicProperties>
    </entity>
    <entity class="StaticModelArray" classVersion="4" classID="0xD0" addr="0x317F3C0" id="0x0">
      <staticProperties>
        <property name="name" type="String" container="StaticArray" arraySize="1">
          <containerEntry>StaticModelArray0004</containerEntry>
        </property>
        <property name="dataSet" type="EntityHandle" container="StaticArray" arraySize="1">
          <containerEntry>0x3352E00</containerEntry>
        </property>
        <property name="modelFile" type="FilePtr" container="StaticArray" arraySize="1">
          <containerEntry>/Assets/tpp/environ/object/afghanistan/cliff/afgh_clff022/scenes/afgh_clff022_vrtn004.fmdl</containerEntry>
        </property>
        <property name="geomFile" type="FilePtr" container="StaticArray" arraySize="1">
          <containerEntry>/Assets/tpp/environ/object/afghanistan/cliff/afgh_clff022/scenes/afgh_clff022_vrtn004.geom</containerEntry>
        </property>
        <property name="isVisibleGeom" type="Bool" container="StaticArray" arraySize="1">
          <containerEntry>false</containerEntry>
        </property>
        <property name="lodFarSize" type="Float" container="StaticArray" arraySize="1">
          <containerEntry>-1</containerEntry>
        </property>
        <property name="lodNearSize" type="Float" container="StaticArray" arraySize="1">
          <containerEntry>-1</containerEntry>
        </property>
        <property name="lodPolygonSize" type="Float" container="StaticArray" arraySize="1">
          <containerEntry>-1</containerEntry>
        </property>
        <property name="drawRejectionLevel" type="Int32" container="StaticArray" arraySize="1">
          <containerEntry>8</containerEntry>
        </property>
        <property name="drawMode" type="Int32" container="StaticArray" arraySize="1">
          <containerEntry>0</containerEntry>
        </property>
        <property name="rejectFarRangeShadowCast" type="Int32" container="StaticArray" arraySize="1">
          <containerEntry>2</containerEntry>
        </property>
        <property name="parentLocator" type="EntityLink" container="StaticArray" arraySize="1">
          <containerEntry packagePathHash="0xB8A0BF169F98" archivePathHash="0xB8A0BF169F98" nameInArchiveHash="0xB8A0BF169F98">0x0</containerEntry>
        </property>
        <property name="transforms" type="Matrix4" container="DynamicArray" arraySize="6">
          <containerEntry r11="0.9938432" r12="-0.038548585" r13="0.10387359" r14="0" r21="0.037088778" r22="0.9991847" r23="0.015949458" r24="0" r31="-0.10440373" r32="-0.011998707" r33="0.9944626" r34="0" r41="1397.768" r42="330.2995" r43="1805.3765" r44="1"></containerEntry>
          <containerEntry r11="0.8968954" r12="-0.040322464" r13="0.4404005" r14="0" r21="0.037088994" r22="0.9991846" r23="0.015950564" r24="0" r31="-0.4406846" r32="0.0020280322" r33="0.89765966" r34="0" r41="1438.7465" r42="317.7981" r43="1836.1322" r44="1"></containerEntry>
          <containerEntry r11="0.8492934" r12="-0.023105111" r13="-0.5274153" r14="0" r21="0.0370887" r22="0.99918467" r23="0.01595122" r24="0" r31="0.5266167" r32="-0.03310841" r33="0.84945786" r34="0" r41="1512.284" r42="313.5209" r43="1822.4403" r44="1"></containerEntry>
          <containerEntry r11="0.8305261" r12="-0.021942113" r13="-0.55654716" r14="0" r21="0.03708807" r22="0.99918467" r23="0.015952617" r24="0" r31="0.55574334" r32="-0.03389033" r33="0.83066285" r34="0" r41="1480.14" r42="336.20596" r43="1789.534" r44="1"></containerEntry>
          <containerEntry r11="0.92083323" r12="-0.040371582" r13="0.38786125" r14="0" r21="0.03708762" r22="0.99918467" r23="0.015951972" r24="0" r31="-0.38818902" r32="-0.00030426774" r33="0.9215798" r34="0" r41="1447.5336" r42="336.83725" r43="1792.729" r44="1"></containerEntry>
          <containerEntry r11="0.67814827" r12="0.030837929" r13="-0.73427796" r14="0" r21="0.021189233" r22="0.9978835" r23="0.061478242" r24="0" r31="0.73461974" r32="-0.05725015" r33="0.67605954" r34="0" r41="1537.091" r42="322.03513" r43="1791.5792" r44="1"></containerEntry>
        </property>
        <property name="colors" type="UInt32" container="DynamicArray" arraySize="6">
          <containerEntry>4294967295</containerEntry>
          <containerEntry>4294967295</containerEntry>
          <containerEntry>4294967295</containerEntry>
          <containerEntry>4294967295</containerEntry>
          <containerEntry>4294967295</containerEntry>
          <containerEntry>4294967295</containerEntry>
        </property>
      </staticProperties>
      <dynamicProperties></dynamicProperties>
    </entity>
    <entity class="StaticModelArray" classVersion="4" classID="0xD0" addr="0x317F9E0" id="0x0">
      <staticProperties>
        <property name="name" type="String" container="StaticArray" arraySize="1">
          <containerEntry>StaticModelArray0005</containerEntry>
        </property>
        <property name="dataSet" type="EntityHandle" container="StaticArray" arraySize="1">
          <containerEntry>0x3352E00</containerEntry>
        </property>
        <property name="modelFile" type="FilePtr" container="StaticArray" arraySize="1">
          <containerEntry>/Assets/tpp/environ/object/afghanistan/cliff/afgh_clff025/scenes/afgh_clff025.fmdl</containerEntry>
        </property>
        <property name="geomFile" type="FilePtr" container="StaticArray" arraySize="1">
          <containerEntry>/Assets/tpp/environ/object/afghanistan/cliff/afgh_clff025/scenes/afgh_clff025.geom</containerEntry>
        </property>
        <property name="isVisibleGeom" type="Bool" container="StaticArray" arraySize="1">
          <containerEntry>false</containerEntry>
        </property>
        <property name="lodFarSize" type="Float" container="StaticArray" arraySize="1">
          <containerEntry>-1</containerEntry>
        </property>
        <property name="lodNearSize" type="Float" container="StaticArray" arraySize="1">
          <containerEntry>-1</containerEntry>
        </property>
        <property name="lodPolygonSize" type="Float" container="StaticArray" arraySize="1">
          <containerEntry>-1</containerEntry>
        </property>
        <property name="drawRejectionLevel" type="Int32" container="StaticArray" arraySize="1">
          <containerEntry>8</containerEntry>
        </property>
        <property name="drawMode" type="Int32" container="StaticArray" arraySize="1">
          <containerEntry>0</containerEntry>
        </property>
        <property name="rejectFarRangeShadowCast" type="Int32" container="StaticArray" arraySize="1">
          <containerEntry>2</containerEntry>
        </property>
        <property name="parentLocator" type="EntityLink" container="StaticArray" arraySize="1">
          <containerEntry packagePathHash="0xB8A0BF169F98" archivePathHash="0xB8A0BF169F98" nameInArchiveHash="0xB8A0BF169F98">0x0</containerEntry>
        </property>
        <property name="transforms" type="Matrix4" container="DynamicArray" arraySize="13">
          <containerEntry r11="0.7122014" r12="0.018571934" r13="-0.70172983" r14="0" r21="-0.007934084" r22="0.9997991" r23="0.018408146" r24="0" r31="0.7019307" r32="-0.007542733" r33="0.71220565" r34="0" r41="1531.8735" r42="306.61652" r43="1817.3157" r44="1"></containerEntry>
          <containerEntry r11="0.8738628" r12="-0.17603378" r13="0.45318386" r14="0" r21="0.11198752" r22="0.97996354" r23="0.16471219" r24="0" r31="-0.4730986" r32="-0.093184836" r33="0.8760674" r34="0" r41="1438.2592" r42="308.1287" r43="1846.828" r44="1"></containerEntry>
          <containerEntry r11="0.88601065" r12="-0.13263762" r13="0.44428846" r14="0" r21="0.081636496" r22="0.9878669" r23="0.13211562" r24="0" r31="-0.45642135" r32="-0.08078563" r33="0.8860886" r34="0" r41="1427.874" r42="310.14725" r43="1841.242" r44="1"></containerEntry>
          <containerEntry r11="0.9989277" r12="-0.021843154" r13="-0.0408201" r14="0" r21="0.021296289" r22="0.9996782" r23="-0.0137841655" r24="0" r31="0.04110805" r32="0.012900067" r33="0.9990714" r34="0" r41="1467.894" r42="303.87872" r43="1850.9812" r44="1"></containerEntry>
          <containerEntry r11="0.94659144" r12="-0.024600176" r13="-0.32149553" r14="0" r21="0.021297796" r22="0.99967813" r23="-0.013785397" r24="0" r31="0.32173115" r32="0.0062019853" r33="0.94681066" r34="0" r41="1477.3267" r42="303.37595" r43="1848.5792" r44="1"></containerEntry>
          <containerEntry r11="0.9770889" r12="0.011665131" r13="-0.21251139" r14="0" r21="-0.0079328725" r22="0.9997991" r23="0.018406838" r24="0" r31="0.21268341" r32="-0.016299289" r33="0.97698516" r34="0" r41="1519.08" r42="315.19806" r43="1811.2437" r44="1"></containerEntry>
          <containerEntry r11="0.91844195" r12="4.4754706e-06" r13="0.39555573" r14="0" r21="-0.007932169" r22="0.99979913" r23="0.01840641" r24="0" r31="-0.39547622" r32="-0.020042833" r33="0.91825753" r34="0" r41="1461.9491" r42="324.87296" r43="1818.1195" r44="1"></containerEntry>
          <containerEntry r11="0.80226314" r12="0.01735127" r13="-0.5967184" r14="0" r21="-0.007932954" r22="0.99979913" r23="0.018406453" r24="0" r31="0.5969179" r32="-0.0100330785" r33="0.80223966" r34="0" r41="1482.557" r42="324.7737" r43="1813.6995" r44="1"></containerEntry>
          <containerEntry r11="0.87669575" r12="-0.025171738" r13="-0.48038614" r14="0" r21="0.020545706" r22="0.9996781" r23="-0.014886564" r24="0" r31="0.4806062" r32="0.003181106" r33="0.87693065" r34="0" r41="1515.3297" r42="305.0901" r43="1829.3252" r44="1"></containerEntry>
          <containerEntry r11="0.97927785" r12="0.0015534229" r13="-0.2025154" r14="0" r21="-0.0022268323" r22="0.9999927" r23="-0.0030974203" r24="0" r31="0.2025091" r32="0.0034842032" r33="0.97927415" r34="0" r41="1505.4471" r42="304.37802" r43="1835.0994" r44="1"></containerEntry>
          <containerEntry r11="0.6701216" r12="-0.14947537" r13="0.72704446" r14="0" r21="0.06987196" r22="0.9878669" r23="0.13869715" r24="0" r31="-0.738955" r32="-0.042143863" r33="0.6724351" r34="0" r41="1414.3676" r42="314.47418" r43="1829.0298" r44="1"></containerEntry>
          <containerEntry r11="0.89028597" r12="-6.2026083e-07" r13="-0.4554021" r14="0" r21="-0.031329185" r22="0.9976308" r23="-0.06124823" r24="0" r31="0.4543232" r32="0.06879581" r33="0.8881766" r34="0" r41="1410.5736" r42="300.3796" r43="1892.2994" r44="1"></containerEntry>
          <containerEntry r11="0.39000908" r12="-0.009887943" r13="-0.92075753" r14="0" r21="-0.04473663" r22="0.99855804" r23="-0.029672679" r24="0" r31="0.9197233" r32="0.05276422" r33="0.38900435" r34="0" r41="1417.8077" r42="300.0585" r43="1883.8165" r44="1"></containerEntry>
        </property>
        <property name="colors" type="UInt32" container="DynamicArray" arraySize="13">
          <containerEntry>4294967295</containerEntry>
          <containerEntry>4294967295</containerEntry>
          <containerEntry>4294967295</containerEntry>
          <containerEntry>4294967295</containerEntry>
          <containerEntry>4294967295</containerEntry>
          <containerEntry>4294967295</containerEntry>
          <containerEntry>4294967295</containerEntry>
          <containerEntry>4294967295</containerEntry>
          <containerEntry>4294967295</containerEntry>
          <containerEntry>4294967295</containerEntry>
          <containerEntry>4294967295</containerEntry>
          <containerEntry>4294967295</containerEntry>
          <containerEntry>4294967295</containerEntry>
        </property>
      </staticProperties>
      <dynamicProperties></dynamicProperties>
    </entity>
    <entity class="StaticModelArray" classVersion="4" classID="0xD0" addr="0x317F120" id="0x0">
      <staticProperties>
        <property name="name" type="String" container="StaticArray" arraySize="1">
          <containerEntry>StaticModelArray0006</containerEntry>
        </property>
        <property name="dataSet" type="EntityHandle" container="StaticArray" arraySize="1">
          <containerEntry>0x3352E00</containerEntry>
        </property>
        <property name="modelFile" type="FilePtr" container="StaticArray" arraySize="1">
          <containerEntry>/Assets/tpp/environ/object/afghanistan/rock/afgh_rock010/scenes/afgh_rock010.fmdl</containerEntry>
        </property>
        <property name="geomFile" type="FilePtr" container="StaticArray" arraySize="1">
          <containerEntry>/Assets/tpp/environ/object/afghanistan/rock/afgh_rock010/scenes/afgh_rock010.geom</containerEntry>
        </property>
        <property name="isVisibleGeom" type="Bool" container="StaticArray" arraySize="1">
          <containerEntry>false</containerEntry>
        </property>
        <property name="lodFarSize" type="Float" container="StaticArray" arraySize="1">
          <containerEntry>-1</containerEntry>
        </property>
        <property name="lodNearSize" type="Float" container="StaticArray" arraySize="1">
          <containerEntry>-1</containerEntry>
        </property>
        <property name="lodPolygonSize" type="Float" container="StaticArray" arraySize="1">
          <containerEntry>-1</containerEntry>
        </property>
        <property name="drawRejectionLevel" type="Int32" container="StaticArray" arraySize="1">
          <containerEntry>8</containerEntry>
        </property>
        <property name="drawMode" type="Int32" container="StaticArray" arraySize="1">
          <containerEntry>0</containerEntry>
