<fox formatVersion="2" fileVersion="0">
  <entities>
    <entity class="DataSet" classVersion="0" classID="0xE8" addr="0x32E2C40" id="0x78F81">
      <staticProperties>
        <property name="name" type="String" container="StaticArray" arraySize="1">
          <containerEntry hash="0xB8A0BF169F98"></containerEntry>
        </property>
        <property name="dataSet" type="EntityHandle" container="StaticArray" arraySize="1">
          <containerEntry>0x0</containerEntry>
        </property>
        <property name="dataList" type="EntityPtr" container="StringMap" arraySize="9">
          <containerEntry key="afgh_clff027_vrtn003_0003">
            <data>0x32E3500</data>
          </containerEntry>
          <containerEntry key="afgh_clff027_vrtn001_0004">
            <data>0x31775C0</data>
          </containerEntry>
          <containerEntry key="afgh_clff027_vrtn005_0002">
            <data>0x3177780</data>
          </containerEntry>
          <containerEntry key="StaticModelArray0000">
            <data>0x317BC30</data>
          </containerEntry>
          <containerEntry key="StaticModelArray0001">
            <data>0x32E2700</data>
          </containerEntry>
          <containerEntry key="StaticModelArray0002">
            <data>0x317B4C0</data>
          </containerEntry>
          <containerEntry key="StaticModelArray0003">
            <data>0x317B5A0</data>
          </containerEntry>
          <containerEntry key="StaticModelArray0004">
            <data>0x317BA70</data>
          </containerEntry>
          <containerEntry key="TexturePackLoadConditioner0000">
            <data>0x317C100</data>
          </containerEntry>
        </property>
      </staticProperties>
      <dynamicProperties></dynamicProperties>
    </entity>
    <entity class="StaticModel" classVersion="9" classID="0x160" addr="0x32E3500" id="0x78FC2">
      <staticProperties>
        <property name="name" type="String" container="StaticArray" arraySize="1">
          <containerEntry>afgh_clff027_vrtn003_0003</containerEntry>
        </property>
        <property name="dataSet" type="EntityHandle" container="StaticArray" arraySize="1">
          <containerEntry>0x32E2C40</containerEntry>
        </property>
        <property name="parent" type="EntityHandle" container="StaticArray" arraySize="1">
          <containerEntry>0x0</containerEntry>
        </property>
        <property name="transform" type="EntityPtr" container="StaticArray" arraySize="1">
          <containerEntry>0x32E3960</containerEntry>
        </property>
        <property name="shearTransform" type="EntityPtr" container="StaticArray" arraySize="1">
          <containerEntry>0x0</containerEntry>
        </property>
        <property name="pivotTransform" type="EntityPtr" container="StaticArray" arraySize="1">
          <containerEntry>0x0</containerEntry>
        </property>
        <property name="children" type="EntityHandle" container="List"></property>
        <property name="flags" type="UInt32" container="StaticArray" arraySize="1">
          <containerEntry>3221225479</containerEntry>
        </property>
        <property name="modelFile" type="FilePtr" container="StaticArray" arraySize="1">
          <containerEntry>/Assets/tpp/environ/object/afghanistan/cliff/afgh_clff027/scenes/afgh_clff027_vrtn003.fmdl</containerEntry>
        </property>
        <property name="geomFile" type="FilePtr" container="StaticArray" arraySize="1">
          <containerEntry>/Assets/tpp/environ/object/afghanistan/cliff/afgh_clff027/scenes/afgh_clff027_vrtn003.geom</containerEntry>
        </property>
        <property name="isVisibleGeom" type="Bool" container="StaticArray" arraySize="1">
          <containerEntry>false</containerEntry>
        </property>
        <property name="isIsolated" type="Bool" container="StaticArray" arraySize="1">
          <containerEntry>false</containerEntry>
        </property>
        <property name="lodFarSize" type="Float" container="StaticArray" arraySize="1">
          <containerEntry>-1</containerEntry>
        </property>
        <property name="lodNearSize" type="Float" container="StaticArray" arraySize="1">
          <containerEntry>-1</containerEntry>
        </property>
        <property name="lodPolygonSize" type="Float" container="StaticArray" arraySize="1">
          <containerEntry>-1</containerEntry>
        </property>
        <property name="color" type="Color" container="StaticArray" arraySize="1">
          <containerEntry r="1" g="1" b="1" a="1"></containerEntry>
        </property>
        <property name="drawRejectionLevel" type="Int32" container="StaticArray" arraySize="1">
          <containerEntry>8</containerEntry>
        </property>
        <property name="drawMode" type="Int32" container="StaticArray" arraySize="1">
          <containerEntry>0</containerEntry>
        </property>
        <property name="rejectFarRangeShadowCast" type="Int32" container="StaticArray" arraySize="1">
          <containerEntry>2</containerEntry>
        </property>
      </staticProperties>
      <dynamicProperties></dynamicProperties>
    </entity>
    <entity class="TransformEntity" classVersion="0" classID="0x50" addr="0x32E3960" id="0x78FC5">
      <staticProperties>
        <property name="owner" type="EntityHandle" container="StaticArray" arraySize="1">
          <containerEntry>0x32E3500</containerEntry>
        </property>
        <property name="transform_scale" type="Vector3" container="StaticArray" arraySize="1">
          <containerEntry x="1" y="1" z="1" w="0"></containerEntry>
        </property>
        <property name="transform_rotation_quat" type="Quat" container="StaticArray" arraySize="1">
          <containerEntry x="0" y="0.971855" z="0" w="-0.235578"></containerEntry>
        </property>
        <property name="transform_translation" type="Vector3" container="StaticArray" arraySize="1">
          <containerEntry x="268.88586" y="300.38953" z="2549.58" w="0"></containerEntry>
        </property>
      </staticProperties>
      <dynamicProperties></dynamicProperties>
    </entity>
    <entity class="StaticModel" classVersion="9" classID="0x160" addr="0x31775C0" id="0x790D7">
      <staticProperties>
        <property name="name" type="String" container="StaticArray" arraySize="1">
          <containerEntry>afgh_clff027_vrtn001_0004</containerEntry>
        </property>
        <property name="dataSet" type="EntityHandle" container="StaticArray" arraySize="1">
          <containerEntry>0x32E2C40</containerEntry>
        </property>
        <property name="parent" type="EntityHandle" container="StaticArray" arraySize="1">
          <containerEntry>0x0</containerEntry>
        </property>
        <property name="transform" type="EntityPtr" container="StaticArray" arraySize="1">
          <containerEntry>0x3177630</containerEntry>
        </property>
        <property name="shearTransform" type="EntityPtr" container="StaticArray" arraySize="1">
          <containerEntry>0x0</containerEntry>
        </property>
        <property name="pivotTransform" type="EntityPtr" container="StaticArray" arraySize="1">
          <containerEntry>0x0</containerEntry>
        </property>
        <property name="children" type="EntityHandle" container="List"></property>
        <property name="flags" type="UInt32" container="StaticArray" arraySize="1">
          <containerEntry>7</containerEntry>
        </property>
        <property name="modelFile" type="FilePtr" container="StaticArray" arraySize="1">
          <containerEntry>/Assets/tpp/environ/object/afghanistan/cliff/afgh_clff027/scenes/afgh_clff027_vrtn001.fmdl</containerEntry>
        </property>
        <property name="geomFile" type="FilePtr" container="StaticArray" arraySize="1">
          <containerEntry>/Assets/tpp/environ/object/afghanistan/cliff/afgh_clff027/scenes/afgh_clff027_vrtn001.geom</containerEntry>
        </property>
        <property name="isVisibleGeom" type="Bool" container="StaticArray" arraySize="1">
          <containerEntry>false</containerEntry>
        </property>
        <property name="isIsolated" type="Bool" container="StaticArray" arraySize="1">
          <containerEntry>false</containerEntry>
        </property>
        <property name="lodFarSize" type="Float" container="StaticArray" arraySize="1">
          <containerEntry>-1</containerEntry>
        </property>
        <property name="lodNearSize" type="Float" container="StaticArray" arraySize="1">
          <containerEntry>-1</containerEntry>
        </property>
        <property name="lodPolygonSize" type="Float" container="StaticArray" arraySize="1">
          <containerEntry>-1</containerEntry>
        </property>
        <property name="color" type="Color" container="StaticArray" arraySize="1">
          <containerEntry r="1" g="1" b="1" a="1"></containerEntry>
        </property>
        <property name="drawRejectionLevel" type="Int32" container="StaticArray" arraySize="1">
          <containerEntry>8</containerEntry>
        </property>
        <property name="drawMode" type="Int32" container="StaticArray" arraySize="1">
          <containerEntry>0</containerEntry>
        </property>
        <property name="rejectFarRangeShadowCast" type="Int32" container="StaticArray" arraySize="1">
          <containerEntry>2</containerEntry>
        </property>
      </staticProperties>
      <dynamicProperties></dynamicProperties>
    </entity>
    <entity class="TransformEntity" classVersion="0" classID="0x50" addr="0x3177630" id="0x790DA">
      <staticProperties>
        <property name="owner" type="EntityHandle" container="StaticArray" arraySize="1">
          <containerEntry>0x31775C0</containerEntry>
        </property>
        <property name="transform_scale" type="Vector3" container="StaticArray" arraySize="1">
          <containerEntry x="1" y="1" z="1" w="0"></containerEntry>
        </property>
        <property name="transform_rotation_quat" type="Quat" container="StaticArray" arraySize="1">
          <containerEntry x="0.011273" y="-0.89568" z="-0.03806" w="0.442924"></containerEntry>
        </property>
        <property name="transform_translation" type="Vector3" container="StaticArray" arraySize="1">
          <containerEntry x="365.0292" y="321.784" z="2580.446" w="0"></containerEntry>
        </property>
      </staticProperties>
      <dynamicProperties></dynamicProperties>
    </entity>
    <entity class="StaticModel" classVersion="9" classID="0x160" addr="0x3177780" id="0x790E0">
      <staticProperties>
        <property name="name" type="String" container="StaticArray" arraySize="1">
          <containerEntry>afgh_clff027_vrtn005_0002</containerEntry>
        </property>
        <property name="dataSet" type="EntityHandle" container="StaticArray" arraySize="1">
          <containerEntry>0x32E2C40</containerEntry>
        </property>
        <property name="parent" type="EntityHandle" container="StaticArray" arraySize="1">
          <containerEntry>0x0</containerEntry>
        </property>
        <property name="transform" type="EntityPtr" container="StaticArray" arraySize="1">
          <containerEntry>0x31777F0</containerEntry>
        </property>
        <property name="shearTransform" type="EntityPtr" container="StaticArray" arraySize="1">
          <containerEntry>0x0</containerEntry>
        </property>
        <property name="pivotTransform" type="EntityPtr" container="StaticArray" arraySize="1">
          <containerEntry>0x0</containerEntry>
        </property>
        <property name="children" type="EntityHandle" container="List"></property>
        <property name="flags" type="UInt32" container="StaticArray" arraySize="1">
          <containerEntry>7</containerEntry>
        </property>
        <property name="modelFile" type="FilePtr" container="StaticArray" arraySize="1">
          <containerEntry>/Assets/tpp/environ/object/afghanistan/cliff/afgh_clff027/scenes/afgh_clff027_vrtn005.fmdl</containerEntry>
        </property>
        <property name="geomFile" type="FilePtr" container="StaticArray" arraySize="1">
          <containerEntry>/Assets/tpp/environ/object/afghanistan/cliff/afgh_clff027/scenes/afgh_clff027_vrtn005.geom</containerEntry>
        </property>
        <property name="isVisibleGeom" type="Bool" container="StaticArray" arraySize="1">
          <containerEntry>false</containerEntry>
        </property>
        <property name="isIsolated" type="Bool" container="StaticArray" arraySize="1">
          <containerEntry>false</containerEntry>
        </property>
        <property name="lodFarSize" type="Float" container="StaticArray" arraySize="1">
          <containerEntry>-1</containerEntry>
        </property>
        <property name="lodNearSize" type="Float" container="StaticArray" arraySize="1">
          <containerEntry>-1</containerEntry>
        </property>
        <property name="lodPolygonSize" type="Float" container="StaticArray" arraySize="1">
          <containerEntry>-1</containerEntry>
        </property>
        <property name="color" type="Color" container="StaticArray" arraySize="1">
          <containerEntry r="1" g="1" b="1" a="1"></containerEntry>
        </property>
        <property name="drawRejectionLevel" type="Int32" container="StaticArray" arraySize="1">
          <containerEntry>8</containerEntry>
        </property>
        <property name="drawMode" type="Int32" container="StaticArray" arraySize="1">
          <containerEntry>0</containerEntry>
        </property>
        <property name="rejectFarRangeShadowCast" type="Int32" container="StaticArray" arraySize="1">
          <containerEntry>2</containerEntry>
        </property>
      </staticProperties>
      <dynamicProperties></dynamicProperties>
    </entity>
    <entity class="TransformEntity" classVersion="0" classID="0x50" addr="0x31777F0" id="0x790E3">
      <staticProperties>
        <property name="owner" type="EntityHandle" container="StaticArray" arraySize="1">
          <containerEntry>0x3177780</containerEntry>
        </property>
        <property name="transform_scale" type="Vector3" container="StaticArray" arraySize="1">
          <containerEntry x="1" y="1" z="1" w="0"></containerEntry>
        </property>
        <property name="transform_rotation_quat" type="Quat" container="StaticArray" arraySize="1">
          <containerEntry x="0" y="0.996195" z="0" w="0.087155"></containerEntry>
        </property>
        <property name="transform_translation" type="Vector3" container="StaticArray" arraySize="1">
          <containerEntry x="303.4817" y="304.10883" z="2549.807" w="0"></containerEntry>
        </property>
      </staticProperties>
      <dynamicProperties></dynamicProperties>
    </entity>
    <entity class="StaticModelArray" classVersion="4" classID="0xD0" addr="0x317BC30" id="0x0">
      <staticProperties>
        <property name="name" type="String" container="StaticArray" arraySize="1">
          <containerEntry>StaticModelArray0000</containerEntry>
        </property>
        <property name="dataSet" type="EntityHandle" container="StaticArray" arraySize="1">
          <containerEntry>0x32E2C40</containerEntry>
        </property>
        <property name="modelFile" type="FilePtr" container="StaticArray" arraySize="1">
          <containerEntry>/Assets/tpp/environ/object/afghanistan/rock/afgh_rock001/scenes/afgh_rock001_vrtn001.fmdl</containerEntry>
        </property>
        <property name="geomFile" type="FilePtr" container="StaticArray" arraySize="1">
          <containerEntry>/Assets/tpp/environ/object/afghanistan/rock/afgh_rock001/scenes/afgh_rock001_vrtn001.geom</containerEntry>
        </property>
        <property name="isVisibleGeom" type="Bool" container="StaticArray" arraySize="1">
          <containerEntry>false</containerEntry>
        </property>
        <property name="lodFarSize" type="Float" container="StaticArray" arraySize="1">
          <containerEntry>-1</containerEntry>
        </property>
        <property name="lodNearSize" type="Float" container="StaticArray" arraySize="1">
          <containerEntry>-1</containerEntry>
        </property>
        <property name="lodPolygonSize" type="Float" container="StaticArray" arraySize="1">
          <containerEntry>-1</containerEntry>
        </property>
        <property name="drawRejectionLevel" type="Int32" container="StaticArray" arraySize="1">
          <containerEntry>8</containerEntry>
        </property>
        <property name="drawMode" type="Int32" container="StaticArray" arraySize="1">
          <containerEntry>0</containerEntry>
        </property>
        <property name="rejectFarRangeShadowCast" type="Int32" container="StaticArray" arraySize="1">
          <containerEntry>2</containerEntry>
        </property>
        <property name="parentLocator" type="EntityLink" container="StaticArray" arraySize="1">
          <containerEntry packagePathHash="0xB8A0BF169F98" archivePathHash="0xB8A0BF169F98" nameInArchiveHash="0xB8A0BF169F98">0x0</containerEntry>
        </property>
        <property name="transforms" type="Matrix4" container="DynamicArray" arraySize="28">
          <containerEntry r11="1" r12="0" r13="0" r14="0" r21="0" r22="1" r23="0" r24="0" r31="0" r32="0" r33="1" r34="0" r41="318" r42="279.299" r43="2520" r44="1"></containerEntry>
          <containerEntry r11="-0.10297118" r12="0.87654877" r13="-0.47016764" r14="0" r21="0.9552417" r22="-0.044641495" r23="-0.29243642" r24="0" r31="-0.27732432" r32="-0.47923678" r33="-0.83271885" r34="0" r41="277.60544" r42="281.3845" r43="2522.2373" r44="1"></containerEntry>
          <containerEntry r11="-0.954137" r12="0.03566915" r13="0.29723346" r14="0" r21="-0.11274271" r22="0.87696075" r23="-0.46714956" r24="0" r31="-0.27732491" r32="-0.4792362" r33="-0.83271915" r34="0" r41="277.60544" r42="271.81418" r43="2495.0828" r44="1"></containerEntry>
          <containerEntry r11="-0.954137" r12="0.03566915" r13="0.29723346" r14="0" r21="-0.11274271" r22="0.87696075" r23="-0.46714956" r24="0" r31="-0.27732491" r32="-0.4792362" r33="-0.83271915" r34="0" r41="305.0274" r42="272.86127" r43="2500.9072" r44="1"></containerEntry>
          <containerEntry r11="-0.9404863" r12="-0.041766755" r13="0.33725157" r14="0" r21="-0.026465088" r22="0.9984063" r23="0.04984438" r24="0" r31="-0.33879593" r32="0.03795262" r33="-0.9400928" r34="0" r41="285.47278" r42="281.3845" r43="2520.1604" r44="1"></containerEntry>
          <containerEntry r11="-0.95413655" r12="0.035669" r13="0.29723457" r14="0" r21="-0.29245603" r22="0.1010508" r23="-0.9509243" r24="0" r31="-0.06395415" r32="-0.994241" r33="-0.085983396" r34="0" r41="264.79434" r42="271.40582" r43="2494.047" r44="1"></containerEntry>
          <containerEntry r11="-0.95413667" r12="0.03566905" r13="0.29723385" r14="0" r21="-0.032320634" r22="-0.9993451" r23="0.01617377" r24="0" r31="0.29761657" r32="0.005825218" r33="0.9546677" r34="0" r41="273.18793" r42="269.50934" r43="2486.7498" r44="1"></containerEntry>
          <containerEntry r11="0.10024428" r12="0.9212871" r13="0.3757379" r14="0" r21="-0.9608008" r22="0.18774043" r23="-0.2039935" r24="0" r31="-0.25847763" r32="-0.34056073" r33="0.9039953" r34="0" r41="273.36963" r42="272.7225" r43="2498.8516" r44="1"></containerEntry>
          <containerEntry r11="0.9954273" r12="0.09112894" r13="0.028634181" r14="0" r21="-0.09536808" r22="0.9651182" r23="0.24382716" r24="0" r31="-0.0054156613" r32="-0.24544302" r33="0.9693959" r34="0" r41="349.56854" r42="277.33615" r43="2506.4739" r44="1"></containerEntry>
          <containerEntry r11="-0.007870793" r12="0.80238014" r13="0.5967597" r14="0" r21="-0.999968" r22="-0.0063150153" r23="-0.0046982467" r24="0" r31="-6.2584877e-07" r32="-0.59677815" r33="0.8024061" r34="0" r41="350.53412" r42="277.33615" r43="2510.9297" r44="1"></containerEntry>
          <containerEntry r11="-0.09630704" r12="0.42035812" r13="0.9022307" r14="0" r21="-0.25872147" r22="-0.88585794" r23="0.38511345" r24="0" r31="0.961137" r32="-0.19633695" r33="0.1940738" r34="0" r41="350.02405" r42="276.78308" r43="2504.3938" r44="1"></containerEntry>
          <containerEntry r11="0.17551637" r12="-0.3330378" r13="-0.9264334" r14="0" r21="0.1832695" r22="-0.9135377" r23="0.36312327" r24="0" r31="-0.96726686" r32="-0.23352095" r33="-0.099304006" r34="0" r41="340" r42="278.4488" r43="2516.4624" r44="1"></containerEntry>
          <containerEntry r11="0.79167646" r12="0.37709337" r13="-0.4806748" r14="0" r21="0.5443708" r22="-0.79254407" r23="0.2748236" r24="0" r31="-0.27732313" r32="-0.47923708" r33="-0.8327168" r34="0" r41="268" r42="284.95526" r43="2534" r44="1"></containerEntry>
          <containerEntry r11="0.17244083" r12="-0.21489613" r13="-0.9612915" r14="0" r21="0.5443708" r22="-0.7925445" r23="0.27482402" r24="0" r31="-0.82092756" r32="-0.57069033" r33="-0.019681407" r34="0" r41="258.61884" r42="285.7419" r43="2544.9443" r44="1"></containerEntry>
          <containerEntry r11="0.43700454" r12="0.54759514" r13="0.71355754" r14="0" r21="0.1720191" r22="-0.82955384" r23="0.53126484" r24="0" r31="0.8828557" r32="-0.10941875" r33="-0.45671368" r34="0" r41="294" r42="288.11356" r43="2533.378" r44="1"></containerEntry>
          <containerEntry r11="1" r12="0" r13="0" r14="0" r21="0" r22="1" r23="0" r24="0" r31="0" r32="0" r33="1" r34="0" r41="324.93863" r42="283.8" r43="2539.0933" r44="1"></containerEntry>
          <containerEntry r11="-0.97942114" r12="0.20183155" r13="0" r14="0" r21="-0.20183155" r22="-0.97942114" r23="0" r24="0" r31="0" r32="0" r33="1" r34="0" r41="324" r42="280.38553" r43="2528" r44="1"></containerEntry>
          <containerEntry r11="-0.42970031" r12="0.19616847" r13="0.88140476" r14="0" r21="-0.24850811" r22="-0.96411306" r23="0.0934242" r24="0" r31="0.8681015" r32="-0.17889187" r33="0.46303034" r34="0" r41="316" r42="282.7866" r43="2534" r44="1"></containerEntry>
          <containerEntry r11="-0.59616786" r12="0.24627785" r13="-0.76414925" r14="0" r21="0.025028035" r22="-0.9456215" r23="-0.32429156" r24="0" r31="-0.80246526" r32="-0.21245854" r33="0.5575921" r34="0" r41="375.88486" r42="271.79922" r43="2500.568" r44="1"></containerEntry>
          <containerEntry r11="-0.007871091" r12="0.8023801" r13="0.59675944" r14="0" r21="0.17333075" r22="-0.5866481" r23="0.7910731" r24="0" r31="0.984831" r32="0.10966447" r33="-0.1344578" r34="0" r41="382.20013" r42="275.08167" r43="2520" r44="1"></containerEntry>
          <containerEntry r11="0.43976212" r12="-0.15549013" r13="-0.88455206" r14="0" r21="-0.3292443" r22="0.88842" r23="-0.31985655" r24="0" r31="0.8355883" r32="0.43189445" r33="0.33949918" r34="0" r41="310.6269" r42="291.63458" r43="2544.8074" r44="1"></containerEntry>
          <containerEntry r11="-0.9310554" r12="-0.36187503" r13="-0.046745498" r14="0" r21="-0.32924524" r22="0.8884197" r23="-0.31985655" r24="0" r31="0.15727764" r32="-0.28241298" r33="-0.9463137" r34="0" r41="296.02847" r42="285.3586" r43="2528.8171" r44="1"></containerEntry>
          <containerEntry r11="0.58741" r12="0.43801808" r13="0.6805066" r14="0" r21="-0.112742886" r22="0.8769609" r23="-0.46714944" r24="0" r31="-0.80139756" r32="0.19768584" r33="0.56451905" r34="0" r41="262" r42="271.21576" r43="2446" r44="1"></containerEntry>
          <containerEntry r11="-0.007871091" r12="0.8023801" r13="0.59675944" r14="0" r21="0.17333075" r22="-0.5866481" r23="0.7910731" r24="0" r31="0.984831" r32="0.10966447" r33="-0.1344578" r34="0" r41="378" r42="272.41324" r43="2504" r44="1"></containerEntry>
          <containerEntry r11="0.094780624" r12="0.5810452" r13="0.80833143" r14="0" r21="-0.32135898" r22="-0.7506555" r23="0.577268" r24="0" r31="0.9422005" r32="-0.3144779" r33="0.11557975" r34="0" r41="366.39438" r42="272.19995" r43="2492.574" r44="1"></containerEntry>
          <containerEntry r11="-0.59676105" r12="-0.4356707" r13="-0.67384136" r14="0" r21="-0.11274341" r22="0.8769608" r23="-0.46714908" r24="0" r31="0.7944559" r32="-0.20280628" r33="-0.5724548" r34="0" r41="304" r42="271.67917" r43="2494" r44="1"></containerEntry>
          <containerEntry r11="0.23546791" r12="-0.048524484" r13="0.97067" r14="0" r21="0.4825254" r22="-0.8611253" r23="-0.16010064" r24="0" r31="0.84363735" r32="0.5060715" r33="-0.17935297" r34="0" r41="330" r42="279.36237" r43="2524" r44="1"></containerEntry>
          <containerEntry r11="1" r12="0" r13="0" r14="0" r21="0" r22="1" r23="0" r24="0" r31="0" r32="0" r33="1" r34="0" r41="374.00995" r42="289.90836" r43="2531.5781" r44="1"></containerEntry>
        </property>
        <property name="colors" type="UInt32" container="DynamicArray" arraySize="28">
          <containerEntry>4294967295</containerEntry>
          <containerEntry>4294967295</containerEntry>
          <containerEntry>4294967295</containerEntry>
          <containerEntry>4294967295</containerEntry>
          <containerEntry>4294967295</containerEntry>
          <containerEntry>4294967295</containerEntry>
          <containerEntry>4294967295</containerEntry>
          <containerEntry>4294967295</containerEntry>
          <containerEntry>4294967295</containerEntry>
          <containerEntry>4294967295</containerEntry>
          <containerEntry>4294967295</containerEntry>
          <containerEntry>4294967295</containerEntry>
          <containerEntry>4294967295</containerEntry>
          <containerEntry>4294967295</containerEntry>
          <containerEntry>4294967295</containerEntry>
          <containerEntry>4294967295</containerEntry>
          <containerEntry>4294967295</containerEntry>
          <containerEntry>4294967295</containerEntry>
          <containerEntry>4294967295</containerEntry>
          <containerEntry>4294967295</containerEntry>
          <containerEntry>4294967295</containerEntry>
          <containerEntry>4294967295</containerEntry>
          <containerEntry>4294967295</containerEntry>
          <containerEntry>4294967295</containerEntry>
          <containerEntry>4294967295</containerEntry>
          <containerEntry>4294967295</containerEntry>
          <containerEntry>4294967295</containerEntry>
          <containerEntry>4294967295</containerEntry>
        </property>
      </staticProperties>
      <dynamicProperties></dynamicProperties>
    </entity>
    <entity class="StaticModelArray" classVersion="4" classID="0xD0" addr="0x32E2700" id="0x0">
      <staticProperties>
        <property name="name" type="String" container="StaticArray" arraySize="1">
          <containerEntry>StaticModelArray0001</containerEntry>
        </property>
        <property name="dataSet" type="EntityHandle" container="StaticArray" arraySize="1">
          <containerEntry>0x32E2C40</containerEntry>
        </property>
        <property name="modelFile" type="FilePtr" container="StaticArray" arraySize="1">
          <containerEntry>/Assets/tpp/environ/object/middle_africa/rock/mafr_rock010/scenes/mafr_rock010_vrtn001.fmdl</containerEntry>
        </property>
        <property name="geomFile" type="FilePtr" container="StaticArray" arraySize="1">
          <containerEntry>/Assets/tpp/environ/object/middle_africa/rock/mafr_rock010/scenes/mafr_rock010_vrtn001.geom</containerEntry>
        </property>
        <property name="isVisibleGeom" type="Bool" container="StaticArray" arraySize="1">
          <containerEntry>false</containerEntry>
        </property>
        <property name="lodFarSize" type="Float" container="StaticArray" arraySize="1">
          <containerEntry>-1</containerEntry>
        </property>
        <property name="lodNearSize" type="Float" container="StaticArray" arraySize="1">
          <containerEntry>-1</containerEntry>
        </property>
        <property name="lodPolygonSize" type="Float" container="StaticArray" arraySize="1">
          <containerEntry>-1</containerEntry>
        </property>
        <property name="drawRejectionLevel" type="Int32" container="StaticArray" arraySize="1">
          <containerEntry>8</containerEntry>
        </property>
        <property name="drawMode" type="Int32" container="StaticArray" arraySize="1">
          <containerEntry>0</containerEntry>
        </property>
        <property name="rejectFarRangeShadowCast" type="Int32" container="StaticArray" arraySize="1">
          <containerEntry>2</containerEntry>
        </property>
        <property name="parentLocator" type="EntityLink" container="StaticArray" arraySize="1">
          <containerEntry packagePathHash="0xB8A0BF169F98" archivePathHash="0xB8A0BF169F98" nameInArchiveHash="0xB8A0BF169F98">0x0</containerEntry>
        </property>
        <property name="transforms" type="Matrix4" container="DynamicArray" arraySize="7">
          <containerEntry r11="1" r12="0" r13="0" r14="0" r21="0" r22="1" r23="0" r24="0" r31="0" r32="0" r33="1" r34="0" r41="290.53552" r42="282.9219" r43="2527.7327" r44="1"></containerEntry>
          <containerEntry r11="-0.54868525" r12="-0.056479886" r13="-0.8341185" r14="0" r21="0.11053358" r22="0.984056" r23="-0.13934174" r24="0" r31="0.82868934" r32="-0.16865295" r33="-0.5336941" r34="0" r41="270.83307" r42="269.89075" r43="2491.967" r44="1"></containerEntry>
          <containerEntry r11="0.56999624" r12="0.28400403" r13="0.7710036" r14="0" r21="-0.15659106" r22="0.95871234" r23="-0.23738143" r24="0" r31="-0.80658793" r32="0.0145744085" r33="0.5909349" r34="0" r41="335.73413" r42="278.97604" r43="2521.786" r44="1"></containerEntry>
          <containerEntry r11="0.4787417" r12="0.31877616" r13="0.818039" r14="0" r21="-0.3264812" r22="0.9295751" r23="-0.17117304" r24="0" r31="-0.8149945" r32="-0.18512678" r33="0.5491008" r34="0" r41="264" r42="279.96985" r43="2526" r44="1"></containerEntry>
          <containerEntry r11="-0.991803" r12="-0.012120848" r13="0.1272048" r14="0" r21="-0.040716648" r22="0.9735781" r23="-0.22469501" r24="0" r31="-0.12112032" r32="-0.2280324" r33="-0.9660912" r34="0" r41="335.80695" r42="281.25858" r43="2534.6284" r44="1"></containerEntry>
          <containerEntry r11="-0.9563555" r12="-0.1421797" r13="-0.25528678" r14="0" r21="-0.025307816" r22="0.9106617" r23="-0.41237715" r24="0" r31="0.29111156" r32="-0.38791797" r33="-0.87451464" r34="0" r41="315.97647" r42="286.902" r43="2542.603" r44="1"></containerEntry>
          <containerEntry r11="-0.61759925" r12="-0.39178735" r13="-0.6819593" r14="0" r21="0.11671269" r22="0.8118371" r23="-0.57209975" r24="0" r31="0.77778137" r32="-0.43292338" r33="-0.45566285" r34="0" r41="314.61313" r42="292.13873" r43="2548" r44="1"></containerEntry>
        </property>
        <property name="colors" type="UInt32" container="DynamicArray" arraySize="7">
          <containerEntry>4294967295</containerEntry>
          <containerEntry>4294967295</containerEntry>
          <containerEntry>4294967295</containerEntry>
          <containerEntry>4294967295</containerEntry>
          <containerEntry>4294967295</containerEntry>
          <containerEntry>4294967295</containerEntry>
          <containerEntry>4294967295</containerEntry>
        </property>
      </staticProperties>
      <dynamicProperties></dynamicProperties>
    </entity>
    <entity class="StaticModelArray" classVersion="4" classID="0xD0" addr="0x317B4C0" id="0x0">
      <staticProperties>
        <property name="name" type="String" container="StaticArray" arraySize="1">
          <containerEntry>StaticModelArray0002</containerEntry>
        </property>
        <property name="dataSet" type="EntityHandle" container="StaticArray" arraySize="1">
          <containerEntry>0x32E2C40</containerEntry>
        </property>
        <property name="modelFile" type="FilePtr" container="StaticArray" arraySize="1">
          <containerEntry>/Assets/tpp/environ/object/afghanistan/rock/afgh_rock006/scenes/afgh_rock006.fmdl</containerEntry>
        </property>
        <property name="geomFile" type="FilePtr" container="StaticArray" arraySize="1">
          <containerEntry>/Assets/tpp/environ/object/afghanistan/rock/afgh_rock006/scenes/afgh_rock006.geom</containerEntry>
        </property>
        <property name="isVisibleGeom" type="Bool" container="StaticArray" arraySize="1">
          <containerEntry>false</containerEntry>
        </property>
        <property name="lodFarSize" type="Float" container="StaticArray" arraySize="1">
          <containerEntry>-1</containerEntry>
        </property>
        <property name="lodNearSize" type="Float" container="StaticArray" arraySize="1">
          <containerEntry>-1</containerEntry>
        </property>
        <property name="lodPolygonSize" type="Float" container="StaticArray" arraySize="1">
          <containerEntry>-1</containerEntry>
        </property>
        <property name="drawRejectionLevel" type="Int32" container="StaticArray" arraySize="1">
          <containerEntry>8</containerEntry>
        </property>
        <property name="drawMode" type="Int32" container="StaticArray" arraySize="1">
          <containerEntry>0</containerEntry>
        </property>
        <property name="rejectFarRangeShadowCast" type="Int32" container="StaticArray" arraySize="1">
          <containerEntry>2</containerEntry>
        </property>
        <property name="parentLocator" type="EntityLink" container="StaticArray" arraySize="1">
          <containerEntry packagePathHash="0xB8A0BF169F98" archivePathHash="0xB8A0BF169F98" nameInArchiveHash="0xB8A0BF169F98">0x0</containerEntry>
        </property>
        <property name="transforms" type="Matrix4" container="DynamicArray" arraySize="7">
          <containerEntry r11="0.9930569" r12="0.11763531" r13="0" r14="0" r21="-0.11763531" r22="0.9930569" r23="0" r24="0" r31="0" r32="0" r33="1" r34="0" r41="363.47574" r42="271.8414" r43="2487.437" r44="1"></containerEntry>
          <containerEntry r11="1" r12="0" r13="0" r14="0" r21="0" r22="1" r23="0" r24="0" r31="0" r32="0" r33="1" r34="0" r41="351.02374" r42="275.80444" r43="2498.4917" r44="1"></containerEntry>
          <containerEntry r11="0.9422366" r12="-0.24709763" r13="-0.22612566" r14="0" r21="0.16016115" r22="0.9253028" r23="-0.3437484" r24="0" r31="0.2941742" r32="0.28767574" r33="0.91142964" r34="0" r41="298.16092" r42="282.69916" r43="2524.4617" r44="1"></containerEntry>
          <containerEntry r11="0.9511505" r12="-0.30850667" r13="-0.011683434" r14="0" r21="0.30830234" r22="0.9471732" r23="0.088389724" r24="0" r31="-0.016202543" r32="-0.08767396" r33="0.99601746" r34="0" r41="298.14508" r42="271.15012" r43="2493.809" r44="1"></containerEntry>
          <containerEntry r11="0.9629323" r12="0.18062039" r13="-0.20034388" r14="0" r21="-0.24923207" r22="0.87983346" r23="-0.40469316" r24="0" r31="0.103173465" r32="0.43962422" r33="0.8922364" r34="0" r41="308.8854" r42="287.84955" r43="2538.5764" r44="1"></containerEntry>
          <containerEntry r11="-0.2281912" r12="-0.45946676" r13="-0.8583822" r14="0" r21="-0.24923247" r22="0.87983316" r23="-0.40469354" r24="0" r31="0.9411763" r32="0.12158932" r33="-0.31528425" r34="0" r41="321.63177" r42="283.32764" r43="2536" r44="1"></containerEntry>
          <containerEntry r11="-0.83631265" r12="0.24934642" r13="0.4882686" r14="0" r21="-0.058260307" r22="0.8451305" r23="-0.53137565" r24="0" r31="-0.5451473" r32="-0.4728432" r33="-0.6922663" r34="0" r41="328.85623" r42="282.89902" r43="2535.1533" r44="1"></containerEntry>
        </property>
        <property name="colors" type="UInt32" container="DynamicArray" arraySize="7">
          <containerEntry>4294967295</containerEntry>
          <containerEntry>4294967295</containerEntry>
          <containerEntry>4294967295</containerEntry>
          <containerEntry>4294967295</containerEntry>
          <containerEntry>4294967295</containerEntry>
          <containerEntry>4294967295</containerEntry>
          <containerEntry>4294967295</containerEntry>
        </property>
      </staticProperties>
      <dynamicProperties></dynamicProperties>
    </entity>
    <entity class="StaticModelArray" classVersion="4" classID="0xD0" addr="0x317B5A0" id="0x0">
      <staticProperties>
        <property name="name" type="String" container="StaticArray" arraySize="1">
          <containerEntry>StaticModelArray0003</containerEntry>
        </property>
        <property name="dataSet" type="EntityHandle" container="StaticArray" arraySize="1">
          <containerEntry>0x32E2C40</containerEntry>
        </property>
        <property name="modelFile" type="FilePtr" container="StaticArray" arraySize="1">
          <containerEntry>/Assets/tpp/environ/object/afghanistan/cliff/afgh_clff027/scenes/afgh_clff027_vrtn004.fmdl</containerEntry>
        </property>
        <property name="geomFile" type="FilePtr" container="StaticArray" arraySize="1">
          <containerEntry>/Assets/tpp/environ/object/afghanistan/cliff/afgh_clff027/scenes/afgh_clff027_vrtn004.geom</containerEntry>
        </property>
        <property name="isVisibleGeom" type="Bool" container="StaticArray" arraySize="1">
          <containerEntry>false</containerEntry>
        </property>
        <property name="lodFarSize" type="Float" container="StaticArray" arraySize="1">
          <containerEntry>-1</containerEntry>
        </property>
        <property name="lodNearSize" type="Float" container="StaticArray" arraySize="1">
          <containerEntry>-1</containerEntry>
        </property>
        <property name="lodPolygonSize" type="Float" container="StaticArray" arraySize="1">
          <containerEntry>-1</containerEntry>
        </property>
        <property name="drawRejectionLevel" type="Int32" container="StaticArray" arraySize="1">
          <containerEntry>8</containerEntry>
        </property>
        <property name="drawMode" type="Int32" container="StaticArray" arraySize="1">
          <containerEntry>0</containerEntry>
        </property>
        <property name="rejectFarRangeShadowCast" type="Int32" container="StaticArray" arraySize="1">
          <containerEntry>2</containerEntry>
        </property>
        <property name="parentLocator" type="EntityLink" container="StaticArray" arraySize="1">
          <containerEntry packagePathHash="0xB8A0BF169F98" archivePathHash="0xB8A0BF169F98" nameInArchiveHash="0xB8A0BF169F98">0x0</containerEntry>
        </property>
        <property name="transforms" type="Matrix4" container="DynamicArray" arraySize="4">
          <containerEntry r11="-0.99546266" r12="0" r13="-0.09516387" r14="0" r21="0" r22="1" r23="0" r24="0" r31="0.09516387" r32="0" r33="-0.99546266" r34="0" r41="371.8606" r42="306.9037" r43="2551.444" r44="1"></containerEntry>
          <containerEntry r11="-0.9328493" r12="0" r13="0.36027512" r14="0" r21="0" r22="1" r23="0" r24="0" r31="-0.36027512" r32="0" r33="-0.9328493" r34="0" r41="327.01135" r42="304.3731" r43="2552.1753" r44="1"></containerEntry>
          <containerEntry r11="-0.79304385" r12="0.08227196" r13="0.6035819" r14="0" r21="0.06546758" r22="0.9966099" r23="-0.04982642" r24="0" r31="-0.60563505" r32="4.898757e-07" r33="-0.79574156" r34="0" r41="366.21936" r42="290.54938" r43="2535.9692" r44="1"></containerEntry>
          <containerEntry r11="-0.98835695" r12="0" r13="0.15215716" r14="0" r21="0" r22="1" r23="0" r24="0" r31="-0.15215716" r32="0" r33="-0.98835695" r34="0" r41="349.9639" r42="301.22375" r43="2551.379" r44="1"></containerEntry>
        </property>
        <property name="colors" type="UInt32" container="DynamicArray" arraySize="4">
          <containerEntry>4294967295</containerEntry>
          <containerEntry>4294967295</containerEntry>
          <containerEntry>4294967295</containerEntry>
          <containerEntry>4294967295</containerEntry>
        </property>
      </staticProperties>
      <dynamicProperties></dynamicProperties>
    </entity>
    <entity class="StaticModelArray" classVersion="4" classID="0xD0" addr="0x317BA70" id="0x0">
      <staticProperties>
        <property name="name" type="String" container="StaticArray" arraySize="1">
          <containerEntry>StaticModelArray0004</containerEntry>
        </property>
