<fox formatVersion="2" fileVersion="0">
  <entities>
    <entity class="DataSet" classVersion="0" classID="0xE8" addr="0x33533B0" id="0x33AD2C0">
      <staticProperties>
        <property name="name" type="String" container="StaticArray" arraySize="1">
          <containerEntry hash="0xB8A0BF169F98"></containerEntry>
        </property>
        <property name="dataSet" type="EntityHandle" container="StaticArray" arraySize="1">
          <containerEntry>0x0</containerEntry>
        </property>
        <property name="dataList" type="EntityPtr" container="StringMap" arraySize="11">
          <containerEntry key="afgh_clff007_0001">
            <data>0x31763D0</data>
          </containerEntry>
          <containerEntry key="StaticModelArray0000">
            <data>0x317C800</data>
          </containerEntry>
          <containerEntry key="StaticModelArray0001">
            <data>0x317C870</data>
          </containerEntry>
          <containerEntry key="StaticModelArray0002">
            <data>0x317C6B0</data>
          </containerEntry>
          <containerEntry key="StaticModelArray0003">
            <data>0x317C5D0</data>
          </containerEntry>
          <containerEntry key="StaticModelArray0004">
            <data>0x3353880</data>
          </containerEntry>
          <containerEntry key="StaticModelArray0005">
            <data>0x317BF40</data>
          </containerEntry>
          <containerEntry key="StaticModelArray0006">
            <data>0x317C020</data>
          </containerEntry>
          <containerEntry key="StaticModelArray0007">
            <data>0x31761A0</data>
          </containerEntry>
          <containerEntry key="StaticModelArray0008">
            <data>0x317BED0</data>
          </containerEntry>
          <containerEntry key="TexturePackLoadConditioner0000">
            <data>0x317C720</data>
          </containerEntry>
        </property>
      </staticProperties>
      <dynamicProperties></dynamicProperties>
    </entity>
    <entity class="StaticModel" classVersion="9" classID="0x160" addr="0x31763D0" id="0x33AD3BE">
      <staticProperties>
        <property name="name" type="String" container="StaticArray" arraySize="1">
          <containerEntry>afgh_clff007_0001</containerEntry>
        </property>
        <property name="dataSet" type="EntityHandle" container="StaticArray" arraySize="1">
          <containerEntry>0x33533B0</containerEntry>
        </property>
        <property name="parent" type="EntityHandle" container="StaticArray" arraySize="1">
          <containerEntry>0x0</containerEntry>
        </property>
        <property name="transform" type="EntityPtr" container="StaticArray" arraySize="1">
          <containerEntry>0x3176440</containerEntry>
        </property>
        <property name="shearTransform" type="EntityPtr" container="StaticArray" arraySize="1">
          <containerEntry>0x0</containerEntry>
        </property>
        <property name="pivotTransform" type="EntityPtr" container="StaticArray" arraySize="1">
          <containerEntry>0x0</containerEntry>
        </property>
        <property name="children" type="EntityHandle" container="List"></property>
        <property name="flags" type="UInt32" container="StaticArray" arraySize="1">
          <containerEntry>3221225479</containerEntry>
        </property>
        <property name="modelFile" type="FilePtr" container="StaticArray" arraySize="1">
          <containerEntry>/Assets/tpp/environ/object/afghanistan/cliff/afgh_clff007/scenes/afgh_clff007.fmdl</containerEntry>
        </property>
        <property name="geomFile" type="FilePtr" container="StaticArray" arraySize="1">
          <containerEntry>/Assets/tpp/environ/object/afghanistan/cliff/afgh_clff007/scenes/afgh_clff007.geom</containerEntry>
        </property>
        <property name="isVisibleGeom" type="Bool" container="StaticArray" arraySize="1">
          <containerEntry>false</containerEntry>
        </property>
        <property name="isIsolated" type="Bool" container="StaticArray" arraySize="1">
          <containerEntry>false</containerEntry>
        </property>
        <property name="lodFarSize" type="Float" container="StaticArray" arraySize="1">
          <containerEntry>50</containerEntry>
        </property>
        <property name="lodNearSize" type="Float" container="StaticArray" arraySize="1">
          <containerEntry>400</containerEntry>
        </property>
        <property name="lodPolygonSize" type="Float" container="StaticArray" arraySize="1">
          <containerEntry>-1</containerEntry>
        </property>
        <property name="color" type="Color" container="StaticArray" arraySize="1">
          <containerEntry r="1" g="1" b="1" a="1"></containerEntry>
        </property>
        <property name="drawRejectionLevel" type="Int32" container="StaticArray" arraySize="1">
          <containerEntry>7</containerEntry>
        </property>
        <property name="drawMode" type="Int32" container="StaticArray" arraySize="1">
          <containerEntry>0</containerEntry>
        </property>
        <property name="rejectFarRangeShadowCast" type="Int32" container="StaticArray" arraySize="1">
          <containerEntry>2</containerEntry>
        </property>
      </staticProperties>
      <dynamicProperties></dynamicProperties>
    </entity>
    <entity class="TransformEntity" classVersion="0" classID="0x50" addr="0x3176440" id="0x33AD3C1">
      <staticProperties>
        <property name="owner" type="EntityHandle" container="StaticArray" arraySize="1">
          <containerEntry>0x31763D0</containerEntry>
        </property>
        <property name="transform_scale" type="Vector3" container="StaticArray" arraySize="1">
          <containerEntry x="1.0000001" y="1" z="1.0000011" w="1.1e-44"></containerEntry>
        </property>
        <property name="transform_rotation_quat" type="Quat" container="StaticArray" arraySize="1">
          <containerEntry x="0" y="0.933383" z="0" w="-0.35888195"></containerEntry>
        </property>
        <property name="transform_translation" type="Vector3" container="StaticArray" arraySize="1">
          <containerEntry x="-1352.5138" y="392.414" z="-508.75992" w="1"></containerEntry>
        </property>
      </staticProperties>
      <dynamicProperties></dynamicProperties>
    </entity>
    <entity class="StaticModelArray" classVersion="4" classID="0xD0" addr="0x317C800" id="0x0">
      <staticProperties>
        <property name="name" type="String" container="StaticArray" arraySize="1">
          <containerEntry>StaticModelArray0000</containerEntry>
        </property>
        <property name="dataSet" type="EntityHandle" container="StaticArray" arraySize="1">
          <containerEntry>0x33533B0</containerEntry>
        </property>
        <property name="modelFile" type="FilePtr" container="StaticArray" arraySize="1">
          <containerEntry>/Assets/tpp/environ/object/afghanistan/cliff/afgh_clff035/scenes/afgh_clff035_vrtn003.fmdl</containerEntry>
        </property>
        <property name="geomFile" type="FilePtr" container="StaticArray" arraySize="1">
          <containerEntry>/Assets/tpp/environ/object/afghanistan/cliff/afgh_clff035/scenes/afgh_clff035_vrtn003.geom</containerEntry>
        </property>
        <property name="isVisibleGeom" type="Bool" container="StaticArray" arraySize="1">
          <containerEntry>false</containerEntry>
        </property>
        <property name="lodFarSize" type="Float" container="StaticArray" arraySize="1">
          <containerEntry>-1</containerEntry>
        </property>
        <property name="lodNearSize" type="Float" container="StaticArray" arraySize="1">
          <containerEntry>-1</containerEntry>
        </property>
        <property name="lodPolygonSize" type="Float" container="StaticArray" arraySize="1">
          <containerEntry>-1</containerEntry>
        </property>
        <property name="drawRejectionLevel" type="Int32" container="StaticArray" arraySize="1">
          <containerEntry>8</containerEntry>
        </property>
        <property name="drawMode" type="Int32" container="StaticArray" arraySize="1">
          <containerEntry>0</containerEntry>
        </property>
        <property name="rejectFarRangeShadowCast" type="Int32" container="StaticArray" arraySize="1">
          <containerEntry>2</containerEntry>
        </property>
        <property name="parentLocator" type="EntityLink" container="StaticArray" arraySize="1">
          <containerEntry packagePathHash="0xB8A0BF169F98" archivePathHash="0xB8A0BF169F98" nameInArchiveHash="0xB8A0BF169F98">0x0</containerEntry>
        </property>
        <property name="transforms" type="Matrix4" container="DynamicArray" arraySize="5">
          <containerEntry r11="-0.8949712" r12="-0.18874688" r13="-0.40422747" r14="0" r21="-0.2536592" r22="0.9606655" r23="0.11304324" r24="0" r31="0.36699083" r32="0.20370656" r33="-0.90764534" r34="0" r41="-1341.7169" r42="410.4295" r43="-478.7044" r44="1"></containerEntry>
          <containerEntry r11="-0.97658414" r12="-0.10119743" r13="0.18983981" r14="0" r21="-0.081410594" r22="0.9906697" r23="0.10929629" r24="0" r31="-0.19912907" r32="0.09128222" r33="-0.9757109" r34="0" r41="-1370.7113" r42="405.4491" r43="-486.38626" r44="1"></containerEntry>
          <containerEntry r11="-0.82328516" r12="-0.07220298" r13="-0.56301177" r14="0" r21="-0.06272073" r22="0.99737465" r23="-0.036191363" r24="0" r31="0.56414676" r32="0.005516642" r33="-0.8256524" r34="0" r41="-1374.32" r42="407.7952" r43="-486.2136" r44="1"></containerEntry>
          <containerEntry r11="-0.3132996" r12="-0.16854091" r13="-0.9345742" r14="0" r21="-0.1824009" r22="0.9764815" r23="-0.11495056" r24="0" r31="0.9319683" r32="0.13445327" r33="-0.33667326" r34="0" r41="-1406.069" r42="408.5968" r43="-500.85522" r44="1"></containerEntry>
          <containerEntry r11="-0.963616" r12="-0.004518518" r13="-0.26724407" r14="0" r21="-0.045886256" r22="0.9878092" r23="0.148753" r24="0" r31="0.26331398" r32="0.15560393" r33="-0.9520761" r34="0" r41="-1367.5925" r42="422.3588" r43="-454.65692" r44="1"></containerEntry>
        </property>
        <property name="colors" type="UInt32" container="DynamicArray" arraySize="5">
          <containerEntry>4294967295</containerEntry>
          <containerEntry>4294967295</containerEntry>
          <containerEntry>4294967295</containerEntry>
          <containerEntry>4294967295</containerEntry>
          <containerEntry>4294967295</containerEntry>
        </property>
      </staticProperties>
      <dynamicProperties></dynamicProperties>
    </entity>
    <entity class="StaticModelArray" classVersion="4" classID="0xD0" addr="0x317C870" id="0x0">
      <staticProperties>
        <property name="name" type="String" container="StaticArray" arraySize="1">
          <containerEntry>StaticModelArray0001</containerEntry>
        </property>
        <property name="dataSet" type="EntityHandle" container="StaticArray" arraySize="1">
          <containerEntry>0x33533B0</containerEntry>
        </property>
        <property name="modelFile" type="FilePtr" container="StaticArray" arraySize="1">
          <containerEntry>/Assets/tpp/environ/object/afghanistan/cliff/afgh_clff022/scenes/afgh_clff022_vrtn004.fmdl</containerEntry>
        </property>
        <property name="geomFile" type="FilePtr" container="StaticArray" arraySize="1">
          <containerEntry>/Assets/tpp/environ/object/afghanistan/cliff/afgh_clff022/scenes/afgh_clff022_vrtn004.geom</containerEntry>
        </property>
        <property name="isVisibleGeom" type="Bool" container="StaticArray" arraySize="1">
          <containerEntry>false</containerEntry>
        </property>
        <property name="lodFarSize" type="Float" container="StaticArray" arraySize="1">
          <containerEntry>-1</containerEntry>
        </property>
        <property name="lodNearSize" type="Float" container="StaticArray" arraySize="1">
          <containerEntry>-1</containerEntry>
        </property>
        <property name="lodPolygonSize" type="Float" container="StaticArray" arraySize="1">
          <containerEntry>-1</containerEntry>
        </property>
        <property name="drawRejectionLevel" type="Int32" container="StaticArray" arraySize="1">
          <containerEntry>8</containerEntry>
        </property>
        <property name="drawMode" type="Int32" container="StaticArray" arraySize="1">
          <containerEntry>0</containerEntry>
        </property>
        <property name="rejectFarRangeShadowCast" type="Int32" container="StaticArray" arraySize="1">
          <containerEntry>2</containerEntry>
        </property>
        <property name="parentLocator" type="EntityLink" container="StaticArray" arraySize="1">
          <containerEntry packagePathHash="0xB8A0BF169F98" archivePathHash="0xB8A0BF169F98" nameInArchiveHash="0xB8A0BF169F98">0x0</containerEntry>
        </property>
        <property name="transforms" type="Matrix4" container="DynamicArray" arraySize="7">
          <containerEntry r11="-0.93551624" r12="-0.15121998" r13="0.31928062" r14="0" r21="-0.13298564" r22="0.98802054" r23="0.07829508" r24="0" r31="-0.3272956" r32="0.030786632" r33="-0.9444194" r34="0" r41="-1389.2269" r42="438.1682" r43="-409.02917" r44="1"></containerEntry>
          <containerEntry r11="-0.7071049" r12="-2.6131281e-06" r13="0.7071093" r14="0" r21="-1.082388e-06" r22="1" r23="2.6131281e-06" r24="0" r31="-0.7071093" r32="1.082388e-06" r33="-0.7071049" r34="0" r41="-1324.8804" r42="419.30328" r43="-461.03177" r44="1"></containerEntry>
          <containerEntry r11="-0.9577543" r12="-0.12981732" r13="-0.25662538" r14="0" r21="-0.12539423" r22="0.99153787" r23="-0.033598483" r24="0" r31="0.25881544" r32="2.9057236e-07" r33="-0.9659281" r34="0" r41="-1295.9205" r42="420.05066" r43="-472.80048" r44="1"></containerEntry>
          <containerEntry r11="-0.99324274" r12="-1.8803519e-06" r13="-0.11607151" r14="0" r21="-2.112886e-06" r22="1" r23="1.88035e-06" r24="0" r31="0.11607151" r32="2.112888e-06" r33="-0.99324274" r34="0" r41="-1330.413" r42="440.88037" r43="-419.5727" r44="1"></containerEntry>
          <containerEntry r11="-0.8789807" r12="-0.10973292" r13="-0.46405995" r14="0" r21="-0.09704035" r22="0.9939611" r23="-0.05122973" r24="0" r31="0.46687913" r32="2.592802e-06" r33="-0.88432115" r34="0" r41="-1295.343" r42="443.82037" r43="-419.5727" r44="1"></containerEntry>
          <containerEntry r11="-0.403163" r12="-0.034214042" r13="-0.91448504" r14="0" r21="-0.018767536" r22="0.99939984" r23="-0.029117037" r24="0" r31="0.9149324" r32="0.005423703" r33="-0.4035631" r34="0" r41="-1385.849" r42="425.2799" r43="-446.07474" r44="1"></containerEntry>
          <containerEntry r11="-1.1541944" r12="-0.17469373" r13="-0.44700906" r14="0" r21="-0.22088724" r22="1.2269713" r23="0.09083183" r24="0" r31="0.42607963" r32="0.16286097" r33="-1.1638007" r34="0" r41="-1303.667" r42="459.09433" r43="-389.5006" r44="1"></containerEntry>
        </property>
        <property name="colors" type="UInt32" container="DynamicArray" arraySize="7">
          <containerEntry>4294967295</containerEntry>
          <containerEntry>4294967295</containerEntry>
          <containerEntry>4294967295</containerEntry>
          <containerEntry>4294967295</containerEntry>
          <containerEntry>4294967295</containerEntry>
          <containerEntry>4294967295</containerEntry>
          <containerEntry>4294967295</containerEntry>
        </property>
      </staticProperties>
      <dynamicProperties></dynamicProperties>
    </entity>
    <entity class="StaticModelArray" classVersion="4" classID="0xD0" addr="0x317C6B0" id="0x0">
      <staticProperties>
        <property name="name" type="String" container="StaticArray" arraySize="1">
          <containerEntry>StaticModelArray0002</containerEntry>
        </property>
        <property name="dataSet" type="EntityHandle" container="StaticArray" arraySize="1">
          <containerEntry>0x33533B0</containerEntry>
        </property>
        <property name="modelFile" type="FilePtr" container="StaticArray" arraySize="1">
          <containerEntry>/Assets/tpp/environ/object/afghanistan/cliff/afgh_clff022/scenes/afgh_clff022_vrtn001.fmdl</containerEntry>
        </property>
        <property name="geomFile" type="FilePtr" container="StaticArray" arraySize="1">
          <containerEntry>/Assets/tpp/environ/object/afghanistan/cliff/afgh_clff022/scenes/afgh_clff022_vrtn001.geom</containerEntry>
        </property>
        <property name="isVisibleGeom" type="Bool" container="StaticArray" arraySize="1">
          <containerEntry>false</containerEntry>
        </property>
        <property name="lodFarSize" type="Float" container="StaticArray" arraySize="1">
          <containerEntry>-1</containerEntry>
        </property>
        <property name="lodNearSize" type="Float" container="StaticArray" arraySize="1">
          <containerEntry>-1</containerEntry>
        </property>
        <property name="lodPolygonSize" type="Float" container="StaticArray" arraySize="1">
          <containerEntry>-1</containerEntry>
        </property>
        <property name="drawRejectionLevel" type="Int32" container="StaticArray" arraySize="1">
          <containerEntry>8</containerEntry>
        </property>
        <property name="drawMode" type="Int32" container="StaticArray" arraySize="1">
          <containerEntry>0</containerEntry>
        </property>
        <property name="rejectFarRangeShadowCast" type="Int32" container="StaticArray" arraySize="1">
          <containerEntry>2</containerEntry>
        </property>
        <property name="parentLocator" type="EntityLink" container="StaticArray" arraySize="1">
          <containerEntry packagePathHash="0xB8A0BF169F98" archivePathHash="0xB8A0BF169F98" nameInArchiveHash="0xB8A0BF169F98">0x0</containerEntry>
        </property>
        <property name="transforms" type="Matrix4" container="DynamicArray" arraySize="5">
          <containerEntry r11="-0.5440627" r12="0" r13="0.8390459" r14="0" r21="0" r22="1" r23="0" r24="0" r31="-0.8390459" r32="0" r33="-0.5440627" r34="0" r41="-1355.3829" r42="408.92325" r43="-481.13733" r44="1"></containerEntry>
          <containerEntry r11="-0.960377" r12="-0.03441976" r13="0.27657717" r14="0" r21="-0.042206053" r22="0.9988612" r23="-0.022247419" r24="0" r31="-0.27549648" r32="-0.033039115" r33="-0.96073604" r34="0" r41="-1367.8423" r42="442.91772" r43="-418.36246" r44="1"></containerEntry>
          <containerEntry r11="0.13214177" r12="0" r13="-0.9912308" r14="0" r21="0" r22="1" r23="0" r24="0" r31="0.9912308" r32="0" r33="0.13214177" r34="0" r41="-1392.997" r42="411.02704" r43="-486.9673" r44="1"></containerEntry>
          <containerEntry r11="0.6081438" r12="0" r13="0.79382783" r14="0" r21="0" r22="1" r23="0" r24="0" r31="-0.79382783" r32="0" r33="0.6081438" r34="0" r41="-1401.8995" r42="425.64355" r43="-466.48804" r44="1"></containerEntry>
          <containerEntry r11="-0.9948435" r12="-0.10016005" r13="-0.01583933" r14="0" r21="-0.10068498" r22="0.99423665" r23="0.036824387" r24="0" r31="0.012059706" r32="0.038229387" r33="-0.99919444" r34="0" r41="-1396.0808" r42="419.18332" r43="-473.0286" r44="1"></containerEntry>
        </property>
        <property name="colors" type="UInt32" container="DynamicArray" arraySize="5">
          <containerEntry>4294967295</containerEntry>
          <containerEntry>4294967295</containerEntry>
          <containerEntry>4294967295</containerEntry>
          <containerEntry>4294967295</containerEntry>
          <containerEntry>4294967295</containerEntry>
        </property>
      </staticProperties>
      <dynamicProperties></dynamicProperties>
    </entity>
    <entity class="StaticModelArray" classVersion="4" classID="0xD0" addr="0x317C5D0" id="0x0">
      <staticProperties>
        <property name="name" type="String" container="StaticArray" arraySize="1">
          <containerEntry>StaticModelArray0003</containerEntry>
        </property>
        <property name="dataSet" type="EntityHandle" container="StaticArray" arraySize="1">
          <containerEntry>0x33533B0</containerEntry>
        </property>
        <property name="modelFile" type="FilePtr" container="StaticArray" arraySize="1">
          <containerEntry>/Assets/tpp/environ/object/afghanistan/cliff/afgh_clff022/scenes/afgh_clff022_vrtn002.fmdl</containerEntry>
        </property>
        <property name="geomFile" type="FilePtr" container="StaticArray" arraySize="1">
          <containerEntry>/Assets/tpp/environ/object/afghanistan/cliff/afgh_clff022/scenes/afgh_clff022_vrtn002.geom</containerEntry>
        </property>
        <property name="isVisibleGeom" type="Bool" container="StaticArray" arraySize="1">
          <containerEntry>false</containerEntry>
        </property>
        <property name="lodFarSize" type="Float" container="StaticArray" arraySize="1">
          <containerEntry>-1</containerEntry>
        </property>
        <property name="lodNearSize" type="Float" container="StaticArray" arraySize="1">
          <containerEntry>-1</containerEntry>
        </property>
        <property name="lodPolygonSize" type="Float" container="StaticArray" arraySize="1">
          <containerEntry>-1</containerEntry>
        </property>
        <property name="drawRejectionLevel" type="Int32" container="StaticArray" arraySize="1">
          <containerEntry>8</containerEntry>
        </property>
        <property name="drawMode" type="Int32" container="StaticArray" arraySize="1">
          <containerEntry>0</containerEntry>
        </property>
        <property name="rejectFarRangeShadowCast" type="Int32" container="StaticArray" arraySize="1">
          <containerEntry>2</containerEntry>
        </property>
        <property name="parentLocator" type="EntityLink" container="StaticArray" arraySize="1">
          <containerEntry packagePathHash="0xB8A0BF169F98" archivePathHash="0xB8A0BF169F98" nameInArchiveHash="0xB8A0BF169F98">0x0</containerEntry>
        </property>
        <property name="transforms" type="Matrix4" container="DynamicArray" arraySize="2">
          <containerEntry r11="-0.7071085" r12="0" r13="0.70710444" r14="0" r21="0" r22="1" r23="0" r24="0" r31="-0.70710444" r32="0" r33="-0.7071085" r34="0" r41="-1296.8593" r42="407.21005" r43="-501.70837" r44="1"></containerEntry>
          <containerEntry r11="-0.772568" r12="0" r13="0.63492715" r14="0" r21="0" r22="1" r23="0" r24="0" r31="-0.63492715" r32="0" r33="-0.772568" r34="0" r41="-1320.1758" r42="412.59497" r43="-476.47507" r44="1"></containerEntry>
        </property>
        <property name="colors" type="UInt32" container="DynamicArray" arraySize="2">
          <containerEntry>4294967295</containerEntry>
          <containerEntry>4294967295</containerEntry>
        </property>
      </staticProperties>
      <dynamicProperties></dynamicProperties>
    </entity>
    <entity class="StaticModelArray" classVersion="4" classID="0xD0" addr="0x3353880" id="0x0">
      <staticProperties>
        <property name="name" type="String" container="StaticArray" arraySize="1">
          <containerEntry>StaticModelArray0004</containerEntry>
        </property>
        <property name="dataSet" type="EntityHandle" container="StaticArray" arraySize="1">
          <containerEntry>0x33533B0</containerEntry>
        </property>
        <property name="modelFile" type="FilePtr" container="StaticArray" arraySize="1">
          <containerEntry>/Assets/tpp/environ/object/afghanistan/cliff/afgh_clff025/scenes/afgh_clff025.fmdl</containerEntry>
        </property>
        <property name="geomFile" type="FilePtr" container="StaticArray" arraySize="1">
          <containerEntry>/Assets/tpp/environ/object/afghanistan/cliff/afgh_clff025/scenes/afgh_clff025.geom</containerEntry>
        </property>
        <property name="isVisibleGeom" type="Bool" container="StaticArray" arraySize="1">
          <containerEntry>false</containerEntry>
        </property>
        <property name="lodFarSize" type="Float" container="StaticArray" arraySize="1">
          <containerEntry>-1</containerEntry>
        </property>
        <property name="lodNearSize" type="Float" container="StaticArray" arraySize="1">
          <containerEntry>-1</containerEntry>
        </property>
        <property name="lodPolygonSize" type="Float" container="StaticArray" arraySize="1">
          <containerEntry>-1</containerEntry>
        </property>
        <property name="drawRejectionLevel" type="Int32" container="StaticArray" arraySize="1">
          <containerEntry>8</containerEntry>
        </property>
        <property name="drawMode" type="Int32" container="StaticArray" arraySize="1">
          <containerEntry>0</containerEntry>
        </property>
        <property name="rejectFarRangeShadowCast" type="Int32" container="StaticArray" arraySize="1">
          <containerEntry>2</containerEntry>
        </property>
        <property name="parentLocator" type="EntityLink" container="StaticArray" arraySize="1">
          <containerEntry packagePathHash="0xB8A0BF169F98" archivePathHash="0xB8A0BF169F98" nameInArchiveHash="0xB8A0BF169F98">0x0</containerEntry>
        </property>
        <property name="transforms" type="Matrix4" container="DynamicArray" arraySize="2">
          <containerEntry r11="-0.6399698" r12="0.06410147" r13="-0.7657122" r14="0" r21="-0.2476814" r22="0.9261167" r23="0.28453782" r24="0" r31="0.72737813" r32="0.3717484" r33="-0.57681" r34="0" r41="-1384.6155" r42="410.7134" r43="-473.29465" r44="1"></containerEntry>
          <containerEntry r11="-0.7710664" r12="-0.041140974" r13="-0.6353964" r14="0" r21="-0.06568305" r22="0.9977262" r23="0.0151066" r24="0" r31="0.63333005" r32="0.05338303" r33="-0.77201545" r34="0" r41="-1364.1649" r42="390.55753" r43="-505.0025" r44="1"></containerEntry>
        </property>
        <property name="colors" type="UInt32" container="DynamicArray" arraySize="2">
          <containerEntry>4294967295</containerEntry>
          <containerEntry>4294967295</containerEntry>
        </property>
      </staticProperties>
      <dynamicProperties></dynamicProperties>
    </entity>
    <entity class="StaticModelArray" classVersion="4" classID="0xD0" addr="0x317BF40" id="0x0">
      <staticProperties>
        <property name="name" type="String" container="StaticArray" arraySize="1">
          <containerEntry>StaticModelArray0005</containerEntry>
        </property>
        <property name="dataSet" type="EntityHandle" container="StaticArray" arraySize="1">
          <containerEntry>0x33533B0</containerEntry>
        </property>
        <property name="modelFile" type="FilePtr" container="StaticArray" arraySize="1">
          <containerEntry>/Assets/tpp/environ/object/afghanistan/rock/afgh_rock001/scenes/afgh_rock001.fmdl</containerEntry>
        </property>
        <property name="geomFile" type="FilePtr" container="StaticArray" arraySize="1">
          <containerEntry>/Assets/tpp/environ/object/afghanistan/rock/afgh_rock001/scenes/afgh_rock001.geom</containerEntry>
        </property>
        <property name="isVisibleGeom" type="Bool" container="StaticArray" arraySize="1">
          <containerEntry>false</containerEntry>
        </property>
        <property name="lodFarSize" type="Float" container="StaticArray" arraySize="1">
          <containerEntry>-1</containerEntry>
        </property>
        <property name="lodNearSize" type="Float" container="StaticArray" arraySize="1">
          <containerEntry>-1</containerEntry>
        </property>
        <property name="lodPolygonSize" type="Float" container="StaticArray" arraySize="1">
          <containerEntry>-1</containerEntry>
        </property>
        <property name="drawRejectionLevel" type="Int32" container="StaticArray" arraySize="1">
          <containerEntry>8</containerEntry>
        </property>
        <property name="drawMode" type="Int32" container="StaticArray" arraySize="1">
          <containerEntry>0</containerEntry>
        </property>
        <property name="rejectFarRangeShadowCast" type="Int32" container="StaticArray" arraySize="1">
          <containerEntry>2</containerEntry>
        </property>
        <property name="parentLocator" type="EntityLink" container="StaticArray" arraySize="1">
          <containerEntry packagePathHash="0xB8A0BF169F98" archivePathHash="0xB8A0BF169F98" nameInArchiveHash="0xB8A0BF169F98">0x0</containerEntry>
        </property>
        <property name="transforms" type="Matrix4" container="DynamicArray" arraySize="9">
          <containerEntry r11="0.7605645" r12="0.4958779" r13="0.41910183" r14="0" r21="-0.41772893" r22="0.86789674" r23="-0.26881516" r24="0" r31="-0.49703518" r32="0.029380001" r33="0.86723155" r34="0" r41="-1372.0573" r42="393.91595" r43="-501.38943" r44="1"></containerEntry>
          <containerEntry r11="-0.46436036" r12="0.43894196" r13="-0.7692219" r14="0" r21="0.39079782" r22="0.880967" r23="0.26679257" r24="0" r31="0.7947632" r32="-0.17672183" r33="-0.580622" r34="0" r41="-1396.3682" r42="392.98468" r43="-505.7738" r44="1"></containerEntry>
          <containerEntry r11="-0.70111346" r12="0.21580516" r13="0.67960817" r14="0" r21="-0.24906154" r22="0.81895477" r23="-0.51699656" r24="0" r31="-0.6681375" r32="-0.5317367" r33="-0.52043027" r34="0" r41="-1377.8417" r42="394.0549" r43="-494.35025" r44="1"></containerEntry>
          <containerEntry r11="-0.70111346" r12="0.21580516" r13="0.67960817" r14="0" r21="-0.24906154" r22="0.81895477" r23="-0.51699656" r24="0" r31="-0.6681375" r32="-0.5317367" r33="-0.52043027" r34="0" r41="-1393.4093" r42="397.706" r43="-498.61334" r44="1"></containerEntry>
          <containerEntry r11="-0.70111346" r12="0.21580516" r13="0.67960817" r14="0" r21="-0.24906154" r22="0.81895477" r23="-0.51699656" r24="0" r31="-0.6681375" r32="-0.5317367" r33="-0.52043027" r34="0" r41="-1367.9037" r42="395.039" r43="-495.61612" r44="1"></containerEntry>
          <containerEntry r11="-0.38915536" r12="0.10369896" r13="0.91531754" r14="0" r21="0.20014852" r22="0.9794261" r23="-0.025866576" r24="0" r31="-0.89916474" r32="0.17313188" r33="-0.40190244" r34="0" r41="-1375.0765" r42="397.35974" r43="-495.69763" r44="1"></containerEntry>
          <containerEntry r11="-0.70111454" r12="0.21580596" r13="0.6796084" r14="0" r21="0.13988161" r22="-0.89295745" r23="0.42786172" r24="0" r31="0.6991945" r32="0.39504367" r33="0.59587574" r34="0" r41="-1340" r42="396.62192" r43="-498" r44="1"></containerEntry>
          <containerEntry r11="-0.70111555" r12="0.2158051" r13="0.6796108" r14="0" r21="-0.02715884" r22="0.944332" r23="-0.32788363" r24="0" r31="-0.7125334" r32="-0.24834019" r33="-0.65622145" r34="0" r41="-1346" r42="394.37546" r43="-506" r44="1"></containerEntry>
          <containerEntry r11="0.7274835" r12="-0.4293396" r13="-0.53518635" r14="0" r21="0.20711696" r22="0.8810485" r23="-0.42526206" r24="0" r31="0.6541091" r32="0.19852519" r33="0.7298741" r34="0" r41="-1378" r42="409.54932" r43="-478" r44="1"></containerEntry>
        </property>
        <property name="colors" type="UInt32" container="DynamicArray" arraySize="9">
          <containerEntry>4294967295</containerEntry>
          <containerEntry>4294967295</containerEntry>
          <containerEntry>4294967295</containerEntry>
          <containerEntry>4294967295</containerEntry>
          <containerEntry>4294967295</containerEntry>
          <containerEntry>4294967295</containerEntry>
          <containerEntry>4294967295</containerEntry>
          <containerEntry>4294967295</containerEntry>
          <containerEntry>4294967295</containerEntry>
        </property>
      </staticProperties>
      <dynamicProperties></dynamicProperties>
    </entity>
    <entity class="StaticModelArray" classVersion="4" classID="0xD0" addr="0x317C020" id="0x0">
      <staticProperties>
        <property name="name" type="String" container="StaticArray" arraySize="1">
          <containerEntry>StaticModelArray0006</containerEntry>
        </property>
        <property name="dataSet" type="EntityHandle" container="StaticArray" arraySize="1">
          <containerEntry>0x33533B0</containerEntry>
        </property>
        <property name="modelFile" type="FilePtr" container="StaticArray" arraySize="1">
          <containerEntry>/Assets/tpp/environ/object/afghanistan/rock/afgh_rock010/scenes/afgh_rock010.fmdl</containerEntry>
        </property>
        <property name="geomFile" type="FilePtr" container="StaticArray" arraySize="1">
          <containerEntry>/Assets/tpp/environ/object/afghanistan/rock/afgh_rock010/scenes/afgh_rock010.geom</containerEntry>
        </property>
        <property name="isVisibleGeom" type="Bool" container="StaticArray" arraySize="1">
          <containerEntry>false</containerEntry>
        </property>
        <property name="lodFarSize" type="Float" container="StaticArray" arraySize="1">
          <containerEntry>-1</containerEntry>
        </property>
        <property name="lodNearSize" type="Float" container="StaticArray" arraySize="1">
          <containerEntry>-1</containerEntry>
        </property>
        <property name="lodPolygonSize" type="Float" container="StaticArray" arraySize="1">
          <containerEntry>-1</containerEntry>
        </property>
        <property name="drawRejectionLevel" type="Int32" container="StaticArray" arraySize="1">
          <containerEntry>8</containerEntry>
        </property>
        <property name="drawMode" type="Int32" container="StaticArray" arraySize="1">
          <containerEntry>0</containerEntry>
        </property>
        <property name="rejectFarRangeShadowCast" type="Int32" container="StaticArray" arraySize="1">
          <containerEntry>2</containerEntry>
        </property>
        <property name="parentLocator" type="EntityLink" container="StaticArray" arraySize="1">
          <containerEntry packagePathHash="0xB8A0BF169F98" archivePathHash="0xB8A0BF169F98" nameInArchiveHash="0xB8A0BF169F98">0x0</containerEntry>
        </property>
        <property name="transforms" type="Matrix4" container="DynamicArray" arraySize="16">
          <containerEntry r11="0.73256904" r12="0.28688288" r13="0.61728513" r14="0" r21="-0.06901313" r22="0.9334781" r23="-0.3519315" r24="0" r31="-0.6771853" r32="0.21521342" r33="0.7036359" r34="0" r41="-1299.1444" r42="424.5192" r43="-445.2581" r44="1"></containerEntry>
          <containerEntry r11="0.09403592" r12="0.4175403" r13="0.6758823" r14="0" r21="0.033726837" r22="0.6778891" r23="-0.42347226" r24="0" r31="-0.7937376" r32="0.078271054" r33="0.062079575" r34="0" r41="-1352.3981" r42="416.97534" r43="-446.97806" r44="1"></containerEntry>
          <containerEntry r11="0.25596702" r12="-0.42123178" r13="-0.8700835" r14="0" r21="0.17733642" r22="0.90525514" r23="-0.38608944" r24="0" r31="0.9502806" r32="-0.055471167" r33="0.30641514" r34="0" r41="-1384.9734" r42="425.05887" r43="-445.04187" r44="1"></containerEntry>
          <containerEntry r11="-0.08821226" r12="0.013228487" r13="0.99601334" r14="0" r21="-0.07038611" r22="0.9973296" r23="-0.019479716" r24="0" r31="-0.9936113" r32="-0.07182381" r33="-0.08704558" r34="0" r41="-1391.8896" r42="424.47632" r43="-446.82816" r44="1"></containerEntry>
          <containerEntry r11="-0.66198134" r12="-0.17263322" r13="0.7293663" r14="0" r21="-0.22566588" r22="0.97386605" r23="0.025686514" r24="0" r31="-0.71473944" r32="-0.14758913" r33="-0.6836386" r34="0" r41="-1349.6826" r42="394.60986" r43="-492.09406" r44="1"></containerEntry>
          <containerEntry r11="0.7191158" r12="0.3083247" r13="0.6227409" r14="0" r21="-0.13291796" r22="0.9406586" r23="-0.31224042" r24="0" r31="-0.682058" r32="0.14176258" r33="0.7174247" r34="0" r41="-1318.1362" r42="425.98285" r43="-436.71484" r44="1"></containerEntry>
          <containerEntry r11="0.18821234" r12="0.023091786" r13="0.9818571" r14="0" r21="0.22000536" r22="0.97332644" r23="-0.065064095" r24="0" r31="-0.95716995" r32="0.22825962" r33="0.17811173" r34="0" r41="-1370.4102" r42="422.44794" r43="-444.22858" r44="1"></containerEntry>
          <containerEntry r11="0.80895174" r12="-0.03660636" r13="0.5867357" r14="0" r21="0.11049728" r22="0.9897387" r23="-0.09059651" r24="0" r31="-0.57739866" r32="0.13812093" r33="0.8046957" r34="0" r41="-1383.6306" r42="395.55176" r43="-495.49268" r44="1"></containerEntry>
          <containerEntry r11="0.11445628" r12="0.15634769" r13="0.98104763" r14="0" r21="0.155581" r22="0.972531" r23="-0.17314154" r24="0" r31="-0.98116946" r32="0.1724495" r33="0.086987555" r34="0" r41="-1375.0376" r42="409.21597" r43="-469.5188" r44="1"></containerEntry>
          <containerEntry r11="0.051686917" r12="0.09239298" r13="0.9943795" r14="0" r21="0.15823376" r22="0.9823753" r23="-0.09950255" r24="0" r31="-0.98604727" r32="0.16248736" r33="0.03615626" r34="0" r41="-1315.4458" r42="419.08206" r43="-461.7121" r44="1"></containerEntry>
          <containerEntry r11="0.580574" r12="0" r13="0.8142062" r14="0" r21="0" r22="1" r23="0" r24="0" r31="-0.8142062" r32="0" r33="0.580574" r34="0" r41="-1334.3599" r42="394.15643" r43="-503.2787" r44="1"></containerEntry>
          <containerEntry r11="0.6177135" r12="0.42508835" r13="0.6616101" r14="0" r21="-0.06842875" r22="0.86717707" r23="-0.49327624" r24="0" r31="-0.78341913" r32="0.25943032" r33="0.5647552" r34="0" r41="-1347.8743" r42="425.1273" r43="-434.87607" r44="1"></containerEntry>
          <containerEntry r11="0.2488456" r12="-0.4259712" r13="-0.8698417" r14="0" r21="-0.08586168" r22="0.8848546" r23="-0.45788667" r24="0" r31="0.9647299" r32="0.18862918" r33="0.18361759" r34="0" r41="-1285.0587" r42="423.74524" r43="-457.81638" r44="1"></containerEntry>
          <containerEntry r11="0.7356448" r12="0.0156202465" r13="-0.6771869" r14="0" r21="-0.16903883" r22="0.9723372" r23="-0.16120246" r24="0" r31="0.65593594" r32="0.23305872" r33="0.7179352" r34="0" r41="-1316.2992" r42="420.92276" r43="-454.2354" r44="1"></containerEntry>
          <containerEntry r11="0.6372666" r12="-0.26093262" r13="-0.4071922" r14="0" r21="0.19248037" r22="0.7547665" r23="-0.18242466" r24="0" r31="0.44366947" r32="0.047345765" r33="0.6640149" r34="0" r41="-1340.3689" r42="411.66315" r43="-461.8983" r44="1"></containerEntry>
          <containerEntry r11="0.7751735" r12="-0.1940887" r13="0.037889298" r14="0" r21="0.19196454" r22="0.7017316" r23="-0.33274946" r24="0" r31="0.04749359" r32="0.33151492" r33="0.7265274" r34="0" r41="-1341.6115" r42="409.62613" r43="-475.0755" r44="1"></containerEntry>
        </property>
        <property name="colors" type="UInt32" container="DynamicArray" arraySize="16">
          <containerEntry>4294967295</containerEntry>
          <containerEntry>4294967295</containerEntry>
          <containerEntry>4294967295</containerEntry>
          <containerEntry>4294967295</containerEntry>
          <containerEntry>4294967295</containerEntry>
          <containerEntry>4294967295</containerEntry>
          <containerEntry>4294967295</containerEntry>
          <containerEntry>4294967295</containerEntry>
          <containerEntry>4294967295</containerEntry>
          <containerEntry>4294967295</containerEntry>
          <containerEntry>4294967295</containerEntry>
          <containerEntry>4294967295</containerEntry>
          <containerEntry>4294967295</containerEntry>
          <containerEntry>4294967295</containerEntry>
          <containerEntry>4294967295</containerEntry>
          <containerEntry>4294967295</containerEntry>
        </property>
      </staticProperties>
      <dynamicProperties></dynamicProperties>
    </entity>
    <entity class="StaticModelArray" classVersion="4" classID="0xD0" addr="0x31761A0" id="0x0">
      <staticProperties>
        <property name="name" type="String" container="StaticArray" arraySize="1">
          <containerEntry>StaticModelArray0007</containerEntry>
        </property>
        <property name="dataSet" type="EntityHandle" container="StaticArray" arraySize="1">
