<fox formatVersion="2" fileVersion="0">
  <entities>
    <entity class="DataSet" classVersion="0" classID="0xE8" addr="0x2F06750" id="0x145773">
      <staticProperties>
        <property name="name" type="String" container="StaticArray" arraySize="1">
          <containerEntry hash="0xB8A0BF169F98"></containerEntry>
        </property>
        <property name="dataSet" type="EntityHandle" container="StaticArray" arraySize="1">
          <containerEntry>0x0</containerEntry>
        </property>
        <property name="dataList" type="EntityPtr" container="StringMap" arraySize="13">
          <containerEntry key="mafr_mudd003_grnd001_0000">
            <data>0x2F06590</data>
          </containerEntry>
          <containerEntry key="mafr_rock010_0001">
            <data>0x2F04E60</data>
          </containerEntry>
          <containerEntry key="StaticModelArray0000">
            <data>0x2D7D1A0</data>
          </containerEntry>
          <containerEntry key="StaticModelArray0001">
            <data>0x2D7D210</data>
          </containerEntry>
          <containerEntry key="StaticModelArray0002">
            <data>0x2F06280</data>
          </containerEntry>
          <containerEntry key="StaticModelArray0003">
            <data>0x2D7C870</data>
          </containerEntry>
          <containerEntry key="StaticModelArray0004">
            <data>0x2D7C6B0</data>
          </containerEntry>
          <containerEntry key="StaticModelArray0005">
            <data>0x2D7C720</data>
          </containerEntry>
          <containerEntry key="StaticModelArray0006">
            <data>0x2D7C640</data>
          </containerEntry>
          <containerEntry key="StaticModelArray0007">
            <data>0x2D7C790</data>
          </containerEntry>
          <containerEntry key="StaticModelArray0008">
            <data>0x2D7C800</data>
          </containerEntry>
          <containerEntry key="StaticModelArray0009">
            <data>0x2D7C8E0</data>
          </containerEntry>
          <containerEntry key="TexturePackLoadConditioner0000">
            <data>0x2D7D440</data>
          </containerEntry>
        </property>
      </staticProperties>
      <dynamicProperties></dynamicProperties>
    </entity>
    <entity class="StaticModel" classVersion="9" classID="0x160" addr="0x2F06590" id="0x14577C">
      <staticProperties>
        <property name="name" type="String" container="StaticArray" arraySize="1">
          <containerEntry>mafr_mudd003_grnd001_0000</containerEntry>
        </property>
        <property name="dataSet" type="EntityHandle" container="StaticArray" arraySize="1">
          <containerEntry>0x2F06750</containerEntry>
        </property>
        <property name="parent" type="EntityHandle" container="StaticArray" arraySize="1">
          <containerEntry>0x0</containerEntry>
        </property>
        <property name="transform" type="EntityPtr" container="StaticArray" arraySize="1">
          <containerEntry>0x2F06520</containerEntry>
        </property>
        <property name="shearTransform" type="EntityPtr" container="StaticArray" arraySize="1">
          <containerEntry>0x0</containerEntry>
        </property>
        <property name="pivotTransform" type="EntityPtr" container="StaticArray" arraySize="1">
          <containerEntry>0x0</containerEntry>
        </property>
        <property name="children" type="EntityHandle" container="List"></property>
        <property name="flags" type="UInt32" container="StaticArray" arraySize="1">
          <containerEntry>2147483655</containerEntry>
        </property>
        <property name="modelFile" type="FilePtr" container="StaticArray" arraySize="1">
          <containerEntry>/Assets/tpp/environ/object/middle_africa/mud/mafr_mudd003/scenes/mafr_mudd003_grnd001.fmdl</containerEntry>
        </property>
        <property name="geomFile" type="FilePtr" container="StaticArray" arraySize="1">
          <containerEntry>/Assets/tpp/environ/object/middle_africa/mud/mafr_mudd003/scenes/mafr_mudd003_grnd001.geom</containerEntry>
        </property>
        <property name="isVisibleGeom" type="Bool" container="StaticArray" arraySize="1">
          <containerEntry>false</containerEntry>
        </property>
        <property name="isIsolated" type="Bool" container="StaticArray" arraySize="1">
          <containerEntry>false</containerEntry>
        </property>
        <property name="lodFarSize" type="Float" container="StaticArray" arraySize="1">
          <containerEntry>-1</containerEntry>
        </property>
        <property name="lodNearSize" type="Float" container="StaticArray" arraySize="1">
          <containerEntry>-1</containerEntry>
        </property>
        <property name="lodPolygonSize" type="Float" container="StaticArray" arraySize="1">
          <containerEntry>-1</containerEntry>
        </property>
        <property name="color" type="Color" container="StaticArray" arraySize="1">
          <containerEntry r="1" g="1" b="1" a="1"></containerEntry>
        </property>
        <property name="drawRejectionLevel" type="Int32" container="StaticArray" arraySize="1">
          <containerEntry>8</containerEntry>
        </property>
        <property name="drawMode" type="Int32" container="StaticArray" arraySize="1">
          <containerEntry>0</containerEntry>
        </property>
        <property name="rejectFarRangeShadowCast" type="Int32" container="StaticArray" arraySize="1">
          <containerEntry>2</containerEntry>
        </property>
      </staticProperties>
      <dynamicProperties></dynamicProperties>
    </entity>
    <entity class="TransformEntity" classVersion="0" classID="0x50" addr="0x2F06520" id="0x14577F">
      <staticProperties>
        <property name="owner" type="EntityHandle" container="StaticArray" arraySize="1">
          <containerEntry>0x2F06590</containerEntry>
        </property>
        <property name="transform_scale" type="Vector3" container="StaticArray" arraySize="1">
          <containerEntry x="1" y="1" z="1" w="0"></containerEntry>
        </property>
        <property name="transform_rotation_quat" type="Quat" container="StaticArray" arraySize="1">
          <containerEntry x="0" y="0.16806" z="0" w="0.985777"></containerEntry>
        </property>
        <property name="transform_translation" type="Vector3" container="StaticArray" arraySize="1">
          <containerEntry x="2527.164" y="-12.136316" z="1756.6536" w="0"></containerEntry>
        </property>
      </staticProperties>
      <dynamicProperties></dynamicProperties>
    </entity>
    <entity class="StaticModel" classVersion="9" classID="0x160" addr="0x2F04E60" id="0x1457AD">
      <staticProperties>
        <property name="name" type="String" container="StaticArray" arraySize="1">
          <containerEntry>mafr_rock010_0001</containerEntry>
        </property>
        <property name="dataSet" type="EntityHandle" container="StaticArray" arraySize="1">
          <containerEntry>0x2F06750</containerEntry>
        </property>
        <property name="parent" type="EntityHandle" container="StaticArray" arraySize="1">
          <containerEntry>0x0</containerEntry>
        </property>
        <property name="transform" type="EntityPtr" container="StaticArray" arraySize="1">
          <containerEntry>0x2F04DF0</containerEntry>
        </property>
        <property name="shearTransform" type="EntityPtr" container="StaticArray" arraySize="1">
          <containerEntry>0x0</containerEntry>
        </property>
        <property name="pivotTransform" type="EntityPtr" container="StaticArray" arraySize="1">
          <containerEntry>0x0</containerEntry>
        </property>
        <property name="children" type="EntityHandle" container="List"></property>
        <property name="flags" type="UInt32" container="StaticArray" arraySize="1">
          <containerEntry>2147483655</containerEntry>
        </property>
        <property name="modelFile" type="FilePtr" container="StaticArray" arraySize="1">
          <containerEntry>/Assets/tpp/environ/object/middle_africa/rock/mafr_rock010/scenes/mafr_rock010.fmdl</containerEntry>
        </property>
        <property name="geomFile" type="FilePtr" container="StaticArray" arraySize="1">
          <containerEntry>/Assets/tpp/environ/object/middle_africa/rock/mafr_rock010/scenes/mafr_rock010.geom</containerEntry>
        </property>
        <property name="isVisibleGeom" type="Bool" container="StaticArray" arraySize="1">
          <containerEntry>false</containerEntry>
        </property>
        <property name="isIsolated" type="Bool" container="StaticArray" arraySize="1">
          <containerEntry>false</containerEntry>
        </property>
        <property name="lodFarSize" type="Float" container="StaticArray" arraySize="1">
          <containerEntry>-1</containerEntry>
        </property>
        <property name="lodNearSize" type="Float" container="StaticArray" arraySize="1">
          <containerEntry>-1</containerEntry>
        </property>
        <property name="lodPolygonSize" type="Float" container="StaticArray" arraySize="1">
          <containerEntry>-1</containerEntry>
        </property>
        <property name="color" type="Color" container="StaticArray" arraySize="1">
          <containerEntry r="1" g="1" b="1" a="1"></containerEntry>
        </property>
        <property name="drawRejectionLevel" type="Int32" container="StaticArray" arraySize="1">
          <containerEntry>8</containerEntry>
        </property>
        <property name="drawMode" type="Int32" container="StaticArray" arraySize="1">
          <containerEntry>0</containerEntry>
        </property>
        <property name="rejectFarRangeShadowCast" type="Int32" container="StaticArray" arraySize="1">
          <containerEntry>2</containerEntry>
        </property>
      </staticProperties>
      <dynamicProperties></dynamicProperties>
    </entity>
    <entity class="TransformEntity" classVersion="0" classID="0x50" addr="0x2F04DF0" id="0x1457B0">
      <staticProperties>
        <property name="owner" type="EntityHandle" container="StaticArray" arraySize="1">
          <containerEntry>0x2F04E60</containerEntry>
        </property>
        <property name="transform_scale" type="Vector3" container="StaticArray" arraySize="1">
          <containerEntry x="1" y="1" z="1" w="0"></containerEntry>
        </property>
        <property name="transform_rotation_quat" type="Quat" container="StaticArray" arraySize="1">
          <containerEntry x="0" y="-0.793352" z="0" w="0.608763"></containerEntry>
        </property>
        <property name="transform_translation" type="Vector3" container="StaticArray" arraySize="1">
          <containerEntry x="2536.9482" y="-12.157581" z="1722.5164" w="0"></containerEntry>
        </property>
      </staticProperties>
      <dynamicProperties></dynamicProperties>
    </entity>
    <entity class="StaticModelArray" classVersion="4" classID="0xD0" addr="0x2D7D1A0" id="0x0">
      <staticProperties>
        <property name="name" type="String" container="StaticArray" arraySize="1">
          <containerEntry>StaticModelArray0000</containerEntry>
        </property>
        <property name="dataSet" type="EntityHandle" container="StaticArray" arraySize="1">
          <containerEntry>0x2F06750</containerEntry>
        </property>
        <property name="modelFile" type="FilePtr" container="StaticArray" arraySize="1">
          <containerEntry>/Assets/tpp/environ/object/middle_africa/clod/mafr_clod001/scenes/mafr_clod001.fmdl</containerEntry>
        </property>
        <property name="geomFile" type="FilePtr" container="StaticArray" arraySize="1">
          <containerEntry>/Assets/tpp/environ/object/middle_africa/clod/mafr_clod001/scenes/mafr_clod001.geom</containerEntry>
        </property>
        <property name="isVisibleGeom" type="Bool" container="StaticArray" arraySize="1">
          <containerEntry>false</containerEntry>
        </property>
        <property name="lodFarSize" type="Float" container="StaticArray" arraySize="1">
          <containerEntry>-1</containerEntry>
        </property>
        <property name="lodNearSize" type="Float" container="StaticArray" arraySize="1">
          <containerEntry>-1</containerEntry>
        </property>
        <property name="lodPolygonSize" type="Float" container="StaticArray" arraySize="1">
          <containerEntry>-1</containerEntry>
        </property>
        <property name="drawRejectionLevel" type="Int32" container="StaticArray" arraySize="1">
          <containerEntry>8</containerEntry>
        </property>
        <property name="drawMode" type="Int32" container="StaticArray" arraySize="1">
          <containerEntry>0</containerEntry>
        </property>
        <property name="rejectFarRangeShadowCast" type="Int32" container="StaticArray" arraySize="1">
          <containerEntry>2</containerEntry>
        </property>
        <property name="parentLocator" type="EntityLink" container="StaticArray" arraySize="1">
          <containerEntry packagePathHash="0xB8A0BF169F98" archivePathHash="0xB8A0BF169F98" nameInArchiveHash="0xB8A0BF169F98">0x0</containerEntry>
        </property>
        <property name="transforms" type="Matrix4" container="DynamicArray" arraySize="2">
          <containerEntry r11="0.23225679" r12="0.037576295" r13="0.9719298" r14="0" r21="-0.039988235" r22="0.9987775" r23="-0.029058494" r24="0" r31="-0.9718336" r32="-0.032116618" r33="0.23347545" r34="0" r41="2524.1658" r42="-10.525144" r43="1780.0929" r44="1"></containerEntry>
          <containerEntry r11="0.5561039" r12="-0.013429345" r13="0.8310052" r14="0" r21="-0.02936842" r22="0.9989275" r23="0.03579629" r24="0" r31="-0.83059466" r32="-0.04431175" r33="0.55511296" r34="0" r41="2526.2324" r42="-10.32598" r43="1785.4553" r44="1"></containerEntry>
        </property>
        <property name="colors" type="UInt32" container="DynamicArray" arraySize="2">
          <containerEntry>4294967295</containerEntry>
          <containerEntry>4294967295</containerEntry>
        </property>
      </staticProperties>
      <dynamicProperties></dynamicProperties>
    </entity>
    <entity class="StaticModelArray" classVersion="4" classID="0xD0" addr="0x2D7D210" id="0x0">
      <staticProperties>
        <property name="name" type="String" container="StaticArray" arraySize="1">
          <containerEntry>StaticModelArray0001</containerEntry>
        </property>
        <property name="dataSet" type="EntityHandle" container="StaticArray" arraySize="1">
          <containerEntry>0x2F06750</containerEntry>
        </property>
        <property name="modelFile" type="FilePtr" container="StaticArray" arraySize="1">
          <containerEntry>/Assets/tpp/environ/object/middle_africa/tree/mafr_tree016/scenes/mafr_tree016_vrtn004.fmdl</containerEntry>
        </property>
        <property name="geomFile" type="FilePtr" container="StaticArray" arraySize="1">
          <containerEntry>/Assets/tpp/environ/object/middle_africa/tree/mafr_tree016/scenes/mafr_tree016_vrtn004.geom</containerEntry>
        </property>
        <property name="isVisibleGeom" type="Bool" container="StaticArray" arraySize="1">
          <containerEntry>false</containerEntry>
        </property>
        <property name="lodFarSize" type="Float" container="StaticArray" arraySize="1">
          <containerEntry>-1</containerEntry>
        </property>
        <property name="lodNearSize" type="Float" container="StaticArray" arraySize="1">
          <containerEntry>-1</containerEntry>
        </property>
        <property name="lodPolygonSize" type="Float" container="StaticArray" arraySize="1">
          <containerEntry>-1</containerEntry>
        </property>
        <property name="drawRejectionLevel" type="Int32" container="StaticArray" arraySize="1">
          <containerEntry>8</containerEntry>
        </property>
        <property name="drawMode" type="Int32" container="StaticArray" arraySize="1">
          <containerEntry>0</containerEntry>
        </property>
        <property name="rejectFarRangeShadowCast" type="Int32" container="StaticArray" arraySize="1">
          <containerEntry>2</containerEntry>
        </property>
        <property name="parentLocator" type="EntityLink" container="StaticArray" arraySize="1">
          <containerEntry packagePathHash="0xB8A0BF169F98" archivePathHash="0xB8A0BF169F98" nameInArchiveHash="0xB8A0BF169F98">0x0</containerEntry>
        </property>
        <property name="transforms" type="Matrix4" container="DynamicArray" arraySize="3">
          <containerEntry r11="-0.37278807" r12="0" r13="0.92791766" r14="0" r21="0" r22="1" r23="0" r24="0" r31="-0.92791766" r32="0" r33="-0.37278807" r34="0" r41="2501.47" r42="-10.047365" r43="1754.972" r44="1"></containerEntry>
          <containerEntry r11="0.41585326" r12="0.0072062197" r13="-0.909403" r14="0" r21="-0.018290596" r22="0.99983263" r23="-0.00044115726" r24="0" r31="0.9092476" r32="0.016816985" r33="0.4159155" r34="0" r41="2510.6746" r42="-8.042714" r43="1739.9105" r44="1"></containerEntry>
          <containerEntry r11="0.73404604" r12="0.0072070756" r13="0.67906165" r14="0" r21="0.0061307284" r22="0.9998326" r23="-0.017238656" r24="0" r31="-0.67907226" r32="0.01681711" r33="0.73387897" r34="0" r41="2512.1533" r42="-8.01001" r43="1741.5289" r44="1"></containerEntry>
        </property>
        <property name="colors" type="UInt32" container="DynamicArray" arraySize="3">
          <containerEntry>4294967295</containerEntry>
          <containerEntry>4294967295</containerEntry>
          <containerEntry>4294967295</containerEntry>
        </property>
      </staticProperties>
      <dynamicProperties></dynamicProperties>
    </entity>
    <entity class="StaticModelArray" classVersion="4" classID="0xD0" addr="0x2F06280" id="0x0">
      <staticProperties>
        <property name="name" type="String" container="StaticArray" arraySize="1">
          <containerEntry>StaticModelArray0002</containerEntry>
        </property>
        <property name="dataSet" type="EntityHandle" container="StaticArray" arraySize="1">
          <containerEntry>0x2F06750</containerEntry>
        </property>
        <property name="modelFile" type="FilePtr" container="StaticArray" arraySize="1">
          <containerEntry>/Assets/tpp/environ/object/middle_africa/cliff/mafr_clff004/scenes/mafr_clff004_rock001.fmdl</containerEntry>
        </property>
        <property name="geomFile" type="FilePtr" container="StaticArray" arraySize="1">
          <containerEntry>/Assets/tpp/environ/object/middle_africa/cliff/mafr_clff004/scenes/mafr_clff004_rock001.geom</containerEntry>
        </property>
        <property name="isVisibleGeom" type="Bool" container="StaticArray" arraySize="1">
          <containerEntry>false</containerEntry>
        </property>
        <property name="lodFarSize" type="Float" container="StaticArray" arraySize="1">
          <containerEntry>-1</containerEntry>
        </property>
        <property name="lodNearSize" type="Float" container="StaticArray" arraySize="1">
          <containerEntry>-1</containerEntry>
        </property>
        <property name="lodPolygonSize" type="Float" container="StaticArray" arraySize="1">
          <containerEntry>-1</containerEntry>
        </property>
        <property name="drawRejectionLevel" type="Int32" container="StaticArray" arraySize="1">
          <containerEntry>8</containerEntry>
        </property>
        <property name="drawMode" type="Int32" container="StaticArray" arraySize="1">
          <containerEntry>0</containerEntry>
        </property>
        <property name="rejectFarRangeShadowCast" type="Int32" container="StaticArray" arraySize="1">
          <containerEntry>2</containerEntry>
        </property>
        <property name="parentLocator" type="EntityLink" container="StaticArray" arraySize="1">
          <containerEntry packagePathHash="0xB8A0BF169F98" archivePathHash="0xB8A0BF169F98" nameInArchiveHash="0xB8A0BF169F98">0x0</containerEntry>
        </property>
        <property name="transforms" type="Matrix4" container="DynamicArray" arraySize="8">
          <containerEntry r11="0.98335636" r12="0.18160035" r13="-0.0056197634" r14="0" r21="-0.18160035" r22="0.98145884" r23="-0.061317787" r24="0" r31="-0.0056197634" r32="0.061317787" r33="0.9981025" r34="0" r41="2516.9116" r42="-11.380465" r43="1778.9696" r44="1"></containerEntry>
          <containerEntry r11="-0.037594523" r12="0.011413667" r13="0.9992278" r14="0" r21="0.048001997" r22="0.9988011" r23="-0.009602783" r24="0" r31="-0.99813944" r32="0.04760392" r33="-0.038097322" r34="0" r41="2476.4487" r42="-11.918017" r43="1781.1669" r44="1"></containerEntry>
          <containerEntry r11="0.9999538" r12="-0.009611884" r13="0" r14="0" r21="0.009611884" r22="0.9999538" r23="0" r24="0" r31="0" r32="0" r33="1" r34="0" r41="2485.4893" r42="-11.89315" r43="1767.4958" r44="1"></containerEntry>
          <containerEntry r11="-0.713433" r12="0.10277027" r13="-0.69314426" r14="0" r21="0.08374821" r22="0.9946017" r23="0.061266623" r24="0" r31="0.6956989" r32="-0.014339922" r33="-0.7181885" r34="0" r41="2513.876" r42="-11.922421" r43="1782.2753" r44="1"></containerEntry>
          <containerEntry r11="-0.16604911" r12="-0.07249561" r13="0.9834488" r14="0" r21="-0.19090313" r22="0.9807908" r23="0.040066816" r24="0" r31="-0.96746224" r32="-0.18109041" r33="-0.1766991" r34="0" r41="2514.4783" r42="-11.645875" r43="1782.4188" r44="1"></containerEntry>
          <containerEntry r11="-0.61505747" r12="0" r13="0.7884832" r14="0" r21="0" r22="1" r23="0" r24="0" r31="-0.7884832" r32="0" r33="-0.61505747" r34="0" r41="2551.899" r42="-12.157581" r43="1713.6343" r44="1"></containerEntry>
          <containerEntry r11="0.8596306" r12="0" r13="0.510916" r14="0" r21="0" r22="1" r23="0" r24="0" r31="-0.510916" r32="0" r33="0.8596306" r34="0" r41="2547.7065" r42="-12.157581" r43="1718.3226" r44="1"></containerEntry>
          <containerEntry r11="-0.57613266" r12="0" r13="-0.8173552" r14="0" r21="0" r22="1" r23="0" r24="0" r31="0.8173552" r32="0" r33="-0.57613266" r34="0" r41="2551.4766" r42="-12.157581" r43="1716.193" r44="1"></containerEntry>
        </property>
        <property name="colors" type="UInt32" container="DynamicArray" arraySize="8">
          <containerEntry>4294967295</containerEntry>
          <containerEntry>4294967295</containerEntry>
          <containerEntry>4294967295</containerEntry>
          <containerEntry>4294967295</containerEntry>
          <containerEntry>4294967295</containerEntry>
          <containerEntry>4294967295</containerEntry>
          <containerEntry>4294967295</containerEntry>
          <containerEntry>4294967295</containerEntry>
        </property>
      </staticProperties>
      <dynamicProperties></dynamicProperties>
    </entity>
    <entity class="StaticModelArray" classVersion="4" classID="0xD0" addr="0x2D7C870" id="0x0">
      <staticProperties>
        <property name="name" type="String" container="StaticArray" arraySize="1">
          <containerEntry>StaticModelArray0003</containerEntry>
        </property>
        <property name="dataSet" type="EntityHandle" container="StaticArray" arraySize="1">
          <containerEntry>0x2F06750</containerEntry>
        </property>
        <property name="modelFile" type="FilePtr" container="StaticArray" arraySize="1">
          <containerEntry>/Assets/tpp/environ/object/middle_africa/mud/mafr_mudd003/scenes/mafr_mudd003_rock001.fmdl</containerEntry>
        </property>
        <property name="geomFile" type="FilePtr" container="StaticArray" arraySize="1">
          <containerEntry>/Assets/tpp/environ/object/middle_africa/mud/mafr_mudd003/scenes/mafr_mudd003_rock001.geom</containerEntry>
        </property>
        <property name="isVisibleGeom" type="Bool" container="StaticArray" arraySize="1">
          <containerEntry>false</containerEntry>
        </property>
        <property name="lodFarSize" type="Float" container="StaticArray" arraySize="1">
          <containerEntry>-1</containerEntry>
        </property>
        <property name="lodNearSize" type="Float" container="StaticArray" arraySize="1">
          <containerEntry>-1</containerEntry>
        </property>
        <property name="lodPolygonSize" type="Float" container="StaticArray" arraySize="1">
          <containerEntry>-1</containerEntry>
        </property>
        <property name="drawRejectionLevel" type="Int32" container="StaticArray" arraySize="1">
          <containerEntry>8</containerEntry>
        </property>
        <property name="drawMode" type="Int32" container="StaticArray" arraySize="1">
          <containerEntry>0</containerEntry>
        </property>
        <property name="rejectFarRangeShadowCast" type="Int32" container="StaticArray" arraySize="1">
          <containerEntry>2</containerEntry>
        </property>
        <property name="parentLocator" type="EntityLink" container="StaticArray" arraySize="1">
          <containerEntry packagePathHash="0xB8A0BF169F98" archivePathHash="0xB8A0BF169F98" nameInArchiveHash="0xB8A0BF169F98">0x0</containerEntry>
        </property>
        <property name="transforms" type="Matrix4" container="DynamicArray" arraySize="9">
          <containerEntry r11="1" r12="0" r13="0" r14="0" r21="0" r22="1" r23="0" r24="0" r31="0" r32="0" r33="1" r34="0" r41="2505.7966" r42="-13.752232" r43="1761.0645" r44="1"></containerEntry>
          <containerEntry r11="-0.68037313" r12="-0.020888284" r13="0.7325694" r14="0" r21="0.23034258" r22="0.9428419" r23="0.24081425" r24="0" r31="-0.6957273" r32="0.33258516" r33="-0.6366729" r34="0" r41="2513.467" r42="-12.542171" r43="1755.733" r44="1"></containerEntry>
          <containerEntry r11="0.60786486" r12="0.022253096" r13="-0.79372907" r14="0" r21="-0.31349394" r22="0.9251284" r23="-0.21414766" r24="0" r31="0.7295358" r32="0.37900195" r33="0.5693292" r34="0" r41="2538.3394" r42="-10.9532" r43="1760.1893" r44="1"></containerEntry>
          <containerEntry r11="-0.237429" r12="0.07137463" r13="0.9687806" r14="0" r21="-0.30563647" r22="0.9411588" r23="-0.14424482" r24="0" r31="-0.9220719" r32="-0.33034205" r33="-0.20164382" r34="0" r41="2540.9133" r42="-12.208624" r43="1752.4504" r44="1"></containerEntry>
          <containerEntry r11="-0.8443919" r12="0.071374625" r13="-0.53095216" r14="0" r21="0.23330644" r22="0.94115853" r23="-0.24451739" r24="0" r31="0.48225787" r32="-0.3303427" r33="-0.81135887" r34="0" r41="2538.6445" r42="-14.003172" r43="1752.4504" r44="1"></containerEntry>
          <containerEntry r11="-0.056865335" r12="-0.060518026" r13="-0.9965458" r14="0" r21="-0.0349496" r22="0.99767005" r23="-0.058591973" r24="0" r31="0.9977697" r32="0.03149702" r33="-0.058847904" r34="0" r41="2522.5012" r42="-12.222178" r43="1743.0393" r44="1"></containerEntry>
          <containerEntry r11="-0.17359863" r12="0.06915515" r13="-0.9823849" r14="0" r21="0.22027639" r22="0.97498494" r23="0.029708743" r24="0" r31="0.959865" r32="-0.21123888" r33="-0.18448931" r34="0" r41="2535.6567" r42="-12.226621" r43="1724.3369" r44="1"></containerEntry>
          <containerEntry r11="-0.6455025" r12="0.38082716" r13="0.6620416" r14="0" r21="0.3541269" r22="0.91724735" r23="-0.18235004" r24="0" r31="-0.6766997" r32="0.11673937" r33="-0.7269466" r34="0" r41="2540.3696" r42="-13.003683" r43="1714.8354" r44="1"></containerEntry>
          <containerEntry r11="-0.50961024" r12="0.23309894" r13="0.82822937" r14="0" r21="-0.38181502" r22="0.8013649" r23="-0.46046913" r24="0" r31="-0.77104884" r32="-0.5508896" r33="-0.31938332" r34="0" r41="2477.3044" r42="-15.821694" r43="1770.4569" r44="1"></containerEntry>
        </property>
        <property name="colors" type="UInt32" container="DynamicArray" arraySize="9">
          <containerEntry>4294967295</containerEntry>
          <containerEntry>4294967295</containerEntry>
          <containerEntry>4294967295</containerEntry>
          <containerEntry>4294967295</containerEntry>
          <containerEntry>4294967295</containerEntry>
          <containerEntry>4294967295</containerEntry>
          <containerEntry>4294967295</containerEntry>
          <containerEntry>4294967295</containerEntry>
          <containerEntry>4294967295</containerEntry>
        </property>
      </staticProperties>
      <dynamicProperties></dynamicProperties>
    </entity>
    <entity class="StaticModelArray" classVersion="4" classID="0xD0" addr="0x2D7C6B0" id="0x0">
      <staticProperties>
        <property name="name" type="String" container="StaticArray" arraySize="1">
          <containerEntry>StaticModelArray0004</containerEntry>
        </property>
        <property name="dataSet" type="EntityHandle" container="StaticArray" arraySize="1">
          <containerEntry>0x2F06750</containerEntry>
        </property>
        <property name="modelFile" type="FilePtr" container="StaticArray" arraySize="1">
          <containerEntry>/Assets/tpp/environ/object/middle_africa/tree/mafr_tree032/scenes/mafr_tree032.fmdl</containerEntry>
        </property>
        <property name="geomFile" type="FilePtr" container="StaticArray" arraySize="1">
          <containerEntry>/Assets/tpp/environ/object/middle_africa/tree/mafr_tree032/scenes/mafr_tree032.geom</containerEntry>
        </property>
        <property name="isVisibleGeom" type="Bool" container="StaticArray" arraySize="1">
          <containerEntry>false</containerEntry>
        </property>
        <property name="lodFarSize" type="Float" container="StaticArray" arraySize="1">
          <containerEntry>-1</containerEntry>
        </property>
        <property name="lodNearSize" type="Float" container="StaticArray" arraySize="1">
          <containerEntry>-1</containerEntry>
        </property>
        <property name="lodPolygonSize" type="Float" container="StaticArray" arraySize="1">
          <containerEntry>-1</containerEntry>
        </property>
        <property name="drawRejectionLevel" type="Int32" container="StaticArray" arraySize="1">
          <containerEntry>8</containerEntry>
        </property>
        <property name="drawMode" type="Int32" container="StaticArray" arraySize="1">
          <containerEntry>0</containerEntry>
        </property>
        <property name="rejectFarRangeShadowCast" type="Int32" container="StaticArray" arraySize="1">
          <containerEntry>2</containerEntry>
        </property>
        <property name="parentLocator" type="EntityLink" container="StaticArray" arraySize="1">
          <containerEntry packagePathHash="0xB8A0BF169F98" archivePathHash="0xB8A0BF169F98" nameInArchiveHash="0xB8A0BF169F98">0x0</containerEntry>
        </property>
        <property name="transforms" type="Matrix4" container="DynamicArray" arraySize="23">
          <containerEntry r11="-0.077608824" r12="0" r13="0.9969783" r14="0" r21="0" r22="1" r23="0" r24="0" r31="-0.9969783" r32="0" r33="-0.077608824" r34="0" r41="2454.6204" r42="-0.440042" r43="1739.6001" r44="1"></containerEntry>
          <containerEntry r11="-0.6831869" r12="0" r13="-0.73023766" r14="0" r21="0" r22="1" r23="0" r24="0" r31="0.73023766" r32="0" r33="-0.6831869" r34="0" r41="2456.5403" r42="-0.972944" r43="1730.3878" r44="1"></containerEntry>
          <containerEntry r11="0.6009575" r12="0" r13="0.7992794" r14="0" r21="0" r22="1" r23="0" r24="0" r31="-0.7992794" r32="0" r33="0.6009575" r34="0" r41="2466.623" r42="-2.021746" r43="1732.6539" r44="1"></containerEntry>
          <containerEntry r11="-0.47385216" r12="0" r13="-0.88059694" r14="0" r21="0" r22="1" r23="0" r24="0" r31="0.88059694" r32="0" r33="-0.47385216" r34="0" r41="2473.0178" r42="-2.326863" r43="1735.7725" r44="1"></containerEntry>
          <containerEntry r11="-0.8182025" r12="0" r13="0.57492024" r14="0" r21="0" r22="1" r23="0" r24="0" r31="-0.57492024" r32="0" r33="-0.8182025" r34="0" r41="2474.2205" r42="-2.692487" r43="1743.1987" r44="1"></containerEntry>
          <containerEntry r11="0.9114553" r12="0" r13="-0.41139868" r14="0" r21="0" r22="1" r23="0" r24="0" r31="0.41139868" r32="0" r33="0.9114553" r34="0" r41="2465.6775" r42="-1.526994" r43="1740.9113" r44="1"></containerEntry>
          <containerEntry r11="-0.091517806" r12="0" r13="0.9958004" r14="0" r21="0" r22="1" r23="0" r24="0" r31="-0.9958004" r32="0" r33="-0.091517806" r34="0" r41="2459.9817" r42="-1.251249" r43="1741.9019" r44="1"></containerEntry>
          <containerEntry r11="-0.7241169" r12="0" r13="-0.689672" r14="0" r21="0" r22="1" r23="0" r24="0" r31="0.689672" r32="0" r33="-0.7241169" r34="0" r41="2450.048" r42="-0.057883" r43="1745.7986" r44="1"></containerEntry>
          <containerEntry r11="-0.98796606" r12="0" r13="-0.15460876" r14="0" r21="0" r22="1" r23="0" r24="0" r31="0.15460876" r32="0" r33="-0.98796606" r34="0" r41="2517.227" r42="-3.555606" r43="1682.7366" r44="1"></containerEntry>
          <containerEntry r11="-0.024057865" r12="0" r13="0.9997059" r14="0" r21="0" r22="1" r23="0" r24="0" r31="-0.9997059" r32="0" r33="-0.024057865" r34="0" r41="2523.7322" r42="-3.654022" r43="1683.3859" r44="1"></containerEntry>
          <containerEntry r11="0.90927905" r12="0" r13="-0.41618592" r14="0" r21="0" r22="1" r23="0" r24="0" r31="0.41618592" r32="0" r33="0.90927905" r34="0" r41="2502.235" r42="-2.358047" r43="1697.5499" r44="1"></containerEntry>
          <containerEntry r11="0.5038924" r12="0" r13="0.86376315" r14="0" r21="0" r22="1" r23="0" r24="0" r31="-0.86376315" r32="0" r33="0.5038924" r34="0" r41="2490.9258" r42="-2.358047" r43="1699.5963" r44="1"></containerEntry>
          <containerEntry r11="-0.7078515" r12="0" r13="-0.706349" r14="0" r21="0" r22="1" r23="0" r24="0" r31="0.706349" r32="0" r33="-0.7078515" r34="0" r41="2467.6326" r42="-2.358047" r43="1688.4952" r44="1"></containerEntry>
          <containerEntry r11="0.98092115" r12="0" r13="-0.19440548" r14="0" r21="0" r22="1" r23="0" r24="0" r31="0.19440548" r32="0" r33="0.98092115" r34="0" r41="2457.481" r42="-2.358047" r43="1677.0103" r44="1"></containerEntry>
          <containerEntry r11="0.56051314" r12="0" r13="0.8281424" r14="0" r21="0" r22="1" r23="0" r24="0" r31="-0.8281424" r32="0" r33="0.56051314" r34="0" r41="2463.3716" r42="-2.358047" r43="1681.8351" r44="1"></containerEntry>
          <containerEntry r11="0.92941725" r12="0" r13="-0.36903065" r14="0" r21="0" r22="1" r23="0" r24="0" r31="0.36903065" r32="0" r33="0.92941725" r34="0" r41="2465.8406" r42="-3.04122" r43="1757.9371" r44="1"></containerEntry>
          <containerEntry r11="-0.8794184" r12="0" r13="0.47604218" r14="0" r21="0" r22="1" r23="0" r24="0" r31="-0.47604218" r32="0" r33="-0.8794184" r34="0" r41="2463.0127" r42="-3.872417" r43="1764.6523" r44="1"></containerEntry>
          <containerEntry r11="0.8331857" r12="0" r13="-0.55299306" r14="0" r21="0" r22="1" r23="0" r24="0" r31="0.55299306" r32="0" r33="0.8331857" r34="0" r41="2461.934" r42="-1.962931" r43="1757.0148" r44="1"></containerEntry>
          <containerEntry r11="-0.21720254" r12="0" r13="-0.9761255" r14="0" r21="0" r22="1" r23="0" r24="0" r31="0.9761255" r32="0" r33="-0.21720254" r34="0" r41="2454.6943" r42="-1.424714" r43="1753.9347" r44="1"></containerEntry>
          <containerEntry r11="0.9136375" r12="0" r13="0.4065294" r14="0" r21="0" r22="1" r23="0" r24="0" r31="-0.4065294" r32="0" r33="0.9136375" r34="0" r41="2446.3125" r42="-0.236211" r43="1748.4601" r44="1"></containerEntry>
          <containerEntry r11="-0.87624025" r12="0" r13="0.4818616" r14="0" r21="0" r22="1" r23="0" r24="0" r31="-0.4818616" r32="0" r33="-0.87624025" r34="0" r41="2439.6382" r42="-0.583971" r43="1731.6055" r44="1"></containerEntry>
          <containerEntry r11="-0.6063453" r12="0" r13="-0.7951956" r14="0" r21="0" r22="1" r23="0" r24="0" r31="0.7951956" r32="0" r33="-0.6063453" r34="0" r41="2440.4238" r42="-0.7772" r43="1747.8254" r44="1"></containerEntry>
          <containerEntry r11="-0.9999881" r12="0" r13="0.002623992" r14="0" r21="0" r22="1" r23="0" r24="0" r31="-0.002623992" r32="0" r33="-0.9999881" r34="0" r41="2439.309" r42="-1.055505" r43="1726.5803" r44="1"></containerEntry>
        </property>
        <property name="colors" type="UInt32" container="DynamicArray" arraySize="23">
          <containerEntry>4294967295</containerEntry>
          <containerEntry>4294967295</containerEntry>
          <containerEntry>4294967295</containerEntry>
          <containerEntry>4294967295</containerEntry>
          <containerEntry>4294967295</containerEntry>
          <containerEntry>4294967295</containerEntry>
          <containerEntry>4294967295</containerEntry>
          <containerEntry>4294967295</containerEntry>
          <containerEntry>4294967295</containerEntry>
          <containerEntry>4294967295</containerEntry>
          <containerEntry>4294967295</containerEntry>
          <containerEntry>4294967295</containerEntry>
          <containerEntry>4294967295</containerEntry>
          <containerEntry>4294967295</containerEntry>
          <containerEntry>4294967295</containerEntry>
          <containerEntry>4294967295</containerEntry>
          <containerEntry>4294967295</containerEntry>
          <containerEntry>4294967295</containerEntry>
          <containerEntry>4294967295</containerEntry>
          <containerEntry>4294967295</containerEntry>
          <containerEntry>4294967295</containerEntry>
          <containerEntry>4294967295</containerEntry>
          <containerEntry>4294967295</containerEntry>
        </property>
      </staticProperties>
      <dynamicProperties></dynamicProperties>
    </entity>
    <entity class="StaticModelArray" classVersion="4" classID="0xD0" addr="0x2D7C720" id="0x0">
      <staticProperties>
        <property name="name" type="String" container="StaticArray" arraySize="1">
          <containerEntry>StaticModelArray0005</containerEntry>
        </property>
        <property name="dataSet" type="EntityHandle" container="StaticArray" arraySize="1">
          <containerEntry>0x2F06750</containerEntry>
        </property>
        <property name="modelFile" type="FilePtr" container="StaticArray" arraySize="1">
          <containerEntry>/Assets/tpp/environ/object/middle_africa/tree/mafr_tree023/scenes/mafr_tree023.fmdl</containerEntry>
        </property>
        <property name="geomFile" type="FilePtr" container="StaticArray" arraySize="1">
          <containerEntry>/Assets/tpp/environ/object/middle_africa/tree/mafr_tree023/scenes/mafr_tree023.geom</containerEntry>
        </property>
        <property name="isVisibleGeom" type="Bool" container="StaticArray" arraySize="1">
          <containerEntry>false</containerEntry>
        </property>
        <property name="lodFarSize" type="Float" container="StaticArray" arraySize="1">
          <containerEntry>-1</containerEntry>
        </property>
        <property name="lodNearSize" type="Float" container="StaticArray" arraySize="1">
          <containerEntry>-1</containerEntry>
        </property>
        <property name="lodPolygonSize" type="Float" container="StaticArray" arraySize="1">
          <containerEntry>-1</containerEntry>
        </property>
        <property name="drawRejectionLevel" type="Int32" container="StaticArray" arraySize="1">
          <containerEntry>8</containerEntry>
        </property>
        <property name="drawMode" type="Int32" container="StaticArray" arraySize="1">
          <containerEntry>0</containerEntry>
        </property>
        <property name="rejectFarRangeShadowCast" type="Int32" container="StaticArray" arraySize="1">
          <containerEntry>2</containerEntry>
        </property>
        <property name="parentLocator" type="EntityLink" container="StaticArray" arraySize="1">
          <containerEntry packagePathHash="0xB8A0BF169F98" archivePathHash="0xB8A0BF169F98" nameInArchiveHash="0xB8A0BF169F98">0x0</containerEntry>
        </property>
        <property name="transforms" type="Matrix4" container="DynamicArray" arraySize="2">
