<fox formatVersion="2" fileVersion="0">
  <entities>
    <entity class="DataSet" classVersion="0" classID="0xE8" addr="0x2F048B0" id="0xA2EF28">
      <staticProperties>
        <property name="name" type="String" container="StaticArray" arraySize="1">
          <containerEntry hash="0xB8A0BF169F98"></containerEntry>
        </property>
        <property name="dataSet" type="EntityHandle" container="StaticArray" arraySize="1">
          <containerEntry>0x0</containerEntry>
        </property>
        <property name="dataList" type="EntityPtr" container="StringMap" arraySize="15">
          <containerEntry key="mafr_rock001_vrtn001_0000">
            <data>0x2F03FF0</data>
          </containerEntry>
          <containerEntry key="TppObjectBrushSkeletonModelReserveResource_Skeleton_mafr_tree0005">
            <data>0x2D77EF0</data>
          </containerEntry>
          <containerEntry key="TppObjectBrushSkeletonModelReserveResource_Skeleton_mafr_tree005_vrtn002">
            <data>0x2D77F60</data>
          </containerEntry>
          <containerEntry key="cm_mafr_dc_grss003_">
            <data>0x2D77FD0</data>
          </containerEntry>
          <containerEntry key="StaticModelArray0000">
            <data>0x2D7E1D0</data>
          </containerEntry>
          <containerEntry key="StaticModelArray0001">
            <data>0x2D7E240</data>
          </containerEntry>
          <containerEntry key="StaticModelArray0002">
            <data>0x2D7E320</data>
          </containerEntry>
          <containerEntry key="StaticModelArray0003">
            <data>0x2D7E2B0</data>
          </containerEntry>
          <containerEntry key="StaticModelArray0004">
            <data>0x2D7DA60</data>
          </containerEntry>
          <containerEntry key="mafr_rock011_0004">
            <data>0x2D7DB40</data>
          </containerEntry>
          <containerEntry key="mafr_rock011_0019">
            <data>0x2D7DBB0</data>
          </containerEntry>
          <containerEntry key="StaticModelArray0005">
            <data>0x2D7DC20</data>
          </containerEntry>
          <containerEntry key="StaticModelArray0006">
            <data>0x2D7DC90</data>
          </containerEntry>
          <containerEntry key="DecalArray0000">
            <data>0x2D7E160</data>
          </containerEntry>
          <containerEntry key="TexturePackLoadConditioner0000">
            <data>0x2D7E860</data>
          </containerEntry>
        </property>
      </staticProperties>
      <dynamicProperties></dynamicProperties>
    </entity>
    <entity class="StaticModel" classVersion="9" classID="0x160" addr="0x2F03FF0" id="0xA2EF6A">
      <staticProperties>
        <property name="name" type="String" container="StaticArray" arraySize="1">
          <containerEntry>mafr_rock001_vrtn001_0000</containerEntry>
        </property>
        <property name="dataSet" type="EntityHandle" container="StaticArray" arraySize="1">
          <containerEntry>0x2F048B0</containerEntry>
        </property>
        <property name="parent" type="EntityHandle" container="StaticArray" arraySize="1">
          <containerEntry>0x0</containerEntry>
        </property>
        <property name="transform" type="EntityPtr" container="StaticArray" arraySize="1">
          <containerEntry>0x2F03B90</containerEntry>
        </property>
        <property name="shearTransform" type="EntityPtr" container="StaticArray" arraySize="1">
          <containerEntry>0x0</containerEntry>
        </property>
        <property name="pivotTransform" type="EntityPtr" container="StaticArray" arraySize="1">
          <containerEntry>0x0</containerEntry>
        </property>
        <property name="children" type="EntityHandle" container="List"></property>
        <property name="flags" type="UInt32" container="StaticArray" arraySize="1">
          <containerEntry>7</containerEntry>
        </property>
        <property name="modelFile" type="FilePtr" container="StaticArray" arraySize="1">
          <containerEntry>/Assets/tpp/environ/object/middle_africa/rock/mafr_rock001/scenes/mafr_rock001_vrtn001.fmdl</containerEntry>
        </property>
        <property name="geomFile" type="FilePtr" container="StaticArray" arraySize="1">
          <containerEntry>/Assets/tpp/environ/object/middle_africa/rock/mafr_rock001/scenes/mafr_rock001_vrtn001.geom</containerEntry>
        </property>
        <property name="isVisibleGeom" type="Bool" container="StaticArray" arraySize="1">
          <containerEntry>false</containerEntry>
        </property>
        <property name="isIsolated" type="Bool" container="StaticArray" arraySize="1">
          <containerEntry>false</containerEntry>
        </property>
        <property name="lodFarSize" type="Float" container="StaticArray" arraySize="1">
          <containerEntry>-1</containerEntry>
        </property>
        <property name="lodNearSize" type="Float" container="StaticArray" arraySize="1">
          <containerEntry>-1</containerEntry>
        </property>
        <property name="lodPolygonSize" type="Float" container="StaticArray" arraySize="1">
          <containerEntry>-1</containerEntry>
        </property>
        <property name="color" type="Color" container="StaticArray" arraySize="1">
          <containerEntry r="1" g="1" b="1" a="1"></containerEntry>
        </property>
        <property name="drawRejectionLevel" type="Int32" container="StaticArray" arraySize="1">
          <containerEntry>8</containerEntry>
        </property>
        <property name="drawMode" type="Int32" container="StaticArray" arraySize="1">
          <containerEntry>0</containerEntry>
        </property>
        <property name="rejectFarRangeShadowCast" type="Int32" container="StaticArray" arraySize="1">
          <containerEntry>2</containerEntry>
        </property>
      </staticProperties>
      <dynamicProperties></dynamicProperties>
    </entity>
    <entity class="TransformEntity" classVersion="0" classID="0x50" addr="0x2F03B90" id="0xA2EF6D">
      <staticProperties>
        <property name="owner" type="EntityHandle" container="StaticArray" arraySize="1">
          <containerEntry>0x2F03FF0</containerEntry>
        </property>
        <property name="transform_scale" type="Vector3" container="StaticArray" arraySize="1">
          <containerEntry x="1" y="1" z="1" w="0"></containerEntry>
        </property>
        <property name="transform_rotation_quat" type="Quat" container="StaticArray" arraySize="1">
          <containerEntry x="-0.00797" y="0" z="-0.058065" w="0.998281"></containerEntry>
        </property>
        <property name="transform_translation" type="Vector3" container="StaticArray" arraySize="1">
          <containerEntry x="-350.26962" y="3.142592" z="-263.51624" w="0"></containerEntry>
        </property>
      </staticProperties>
      <dynamicProperties></dynamicProperties>
    </entity>
    <entity class="TppObjectBrushSkeletonModelReserveResource" classVersion="0" classID="0x54" addr="0x2D77EF0" id="0xA2F13B">
      <staticProperties>
        <property name="name" type="String" container="StaticArray" arraySize="1">
          <containerEntry>TppObjectBrushSkeletonModelReserveResource_Skeleton_mafr_tree0005</containerEntry>
        </property>
        <property name="dataSet" type="EntityHandle" container="StaticArray" arraySize="1">
          <containerEntry>0x2F048B0</containerEntry>
        </property>
        <property name="pluginName" type="String" container="StaticArray" arraySize="1">
          <containerEntry>Skeleton_mafr_tree005</containerEntry>
        </property>
        <property name="reserveLodLevel0" type="UInt32" container="StaticArray" arraySize="1">
          <containerEntry>12</containerEntry>
        </property>
        <property name="reserveLodLevel1" type="UInt32" container="StaticArray" arraySize="1">
          <containerEntry>6</containerEntry>
        </property>
        <property name="reserveLodLevel2" type="UInt32" container="StaticArray" arraySize="1">
          <containerEntry>1</containerEntry>
        </property>
        <property name="reserveLodLevel3" type="UInt32" container="StaticArray" arraySize="1">
          <containerEntry>1</containerEntry>
        </property>
      </staticProperties>
      <dynamicProperties></dynamicProperties>
    </entity>
    <entity class="TppObjectBrushSkeletonModelReserveResource" classVersion="0" classID="0x54" addr="0x2D77F60" id="0xA2F13D">
      <staticProperties>
        <property name="name" type="String" container="StaticArray" arraySize="1">
          <containerEntry>TppObjectBrushSkeletonModelReserveResource_Skeleton_mafr_tree005_vrtn002</containerEntry>
        </property>
        <property name="dataSet" type="EntityHandle" container="StaticArray" arraySize="1">
          <containerEntry>0x2F048B0</containerEntry>
        </property>
        <property name="pluginName" type="String" container="StaticArray" arraySize="1">
          <containerEntry>Skeleton_mafr_tree005_vrtn002</containerEntry>
        </property>
        <property name="reserveLodLevel0" type="UInt32" container="StaticArray" arraySize="1">
          <containerEntry>12</containerEntry>
        </property>
        <property name="reserveLodLevel1" type="UInt32" container="StaticArray" arraySize="1">
          <containerEntry>6</containerEntry>
        </property>
        <property name="reserveLodLevel2" type="UInt32" container="StaticArray" arraySize="1">
          <containerEntry>1</containerEntry>
        </property>
        <property name="reserveLodLevel3" type="UInt32" container="StaticArray" arraySize="1">
          <containerEntry>1</containerEntry>
        </property>
      </staticProperties>
      <dynamicProperties></dynamicProperties>
    </entity>
    <entity class="Material" classVersion="6" classID="0xB0" addr="0x2D77FD0" id="0xA2F13F">
      <staticProperties>
        <property name="name" type="String" container="StaticArray" arraySize="1">
          <containerEntry>cm_mafr_dc_grss003_</containerEntry>
        </property>
        <property name="dataSet" type="EntityHandle" container="StaticArray" arraySize="1">
          <containerEntry>0x2F048B0</containerEntry>
        </property>
        <property name="materialName" type="String" container="StaticArray" arraySize="1">
          <containerEntry hash="0xB8A0BF169F98"></containerEntry>
        </property>
        <property name="shader" type="Path" container="StaticArray" arraySize="1">
          <containerEntry hash="0xB8A0BF169F98"></containerEntry>
        </property>
        <property name="diffuseTexture" type="Path" container="StaticArray" arraySize="1">
          <containerEntry>/Assets/tpp/common_source/fmtr/decal/middle_africa/cm_mafr_dc_grss003/sourceimages/cm_mafr_dc_grss003_bsm_alp.ftex</containerEntry>
        </property>
        <property name="srmTexture" type="Path" container="StaticArray" arraySize="1">
          <containerEntry>/Assets/tpp/common_source/fmtr/decal/middle_africa/cm_mafr_dc_grss003/sourceimages/cm_mafr_dc_grss003_srm.ftex</containerEntry>
        </property>
        <property name="normalTexture" type="Path" container="StaticArray" arraySize="1">
          <containerEntry>/Assets/tpp/common_source/fmtr/decal/middle_africa/cm_mafr_dc_grss003/sourceimages/cm_mafr_dc_grss003_nrm.ftex</containerEntry>
        </property>
        <property name="materialMapTexture" type="Path" container="StaticArray" arraySize="1">
          <containerEntry hash="0xB8A0BF169F98"></containerEntry>
        </property>
        <property name="materialIndex" type="UInt8" container="StaticArray" arraySize="1">
          <containerEntry>42</containerEntry>
        </property>
        <property name="diffuseColor" type="Color" container="StaticArray" arraySize="1">
          <containerEntry r="1" g="1" b="1" a="1"></containerEntry>
        </property>
        <property name="specularColor" type="Color" container="StaticArray" arraySize="1">
          <containerEntry r="0" g="0" b="0" a="0"></containerEntry>
        </property>
        <property name="fmtrPath" type="Path" container="StaticArray" arraySize="1">
          <containerEntry hash="0xB8A0BF169F98"></containerEntry>
        </property>
        <property name="residentFlag" type="Bool" container="StaticArray" arraySize="1">
          <containerEntry>false</containerEntry>
        </property>
      </staticProperties>
      <dynamicProperties></dynamicProperties>
    </entity>
    <entity class="StaticModelArray" classVersion="4" classID="0xD0" addr="0x2D7E1D0" id="0x0">
      <staticProperties>
        <property name="name" type="String" container="StaticArray" arraySize="1">
          <containerEntry>StaticModelArray0000</containerEntry>
        </property>
        <property name="dataSet" type="EntityHandle" container="StaticArray" arraySize="1">
          <containerEntry>0x2F048B0</containerEntry>
        </property>
        <property name="modelFile" type="FilePtr" container="StaticArray" arraySize="1">
          <containerEntry>/Assets/tpp/environ/object/middle_africa/cliff/mafr_clff015/scenes/mafr_clff015_wall002.fmdl</containerEntry>
        </property>
        <property name="geomFile" type="FilePtr" container="StaticArray" arraySize="1">
          <containerEntry>/Assets/tpp/environ/object/middle_africa/cliff/mafr_clff015/scenes/mafr_clff015_wall002.geom</containerEntry>
        </property>
        <property name="isVisibleGeom" type="Bool" container="StaticArray" arraySize="1">
          <containerEntry>false</containerEntry>
        </property>
        <property name="lodFarSize" type="Float" container="StaticArray" arraySize="1">
          <containerEntry>-1</containerEntry>
        </property>
        <property name="lodNearSize" type="Float" container="StaticArray" arraySize="1">
          <containerEntry>-1</containerEntry>
        </property>
        <property name="lodPolygonSize" type="Float" container="StaticArray" arraySize="1">
          <containerEntry>-1</containerEntry>
        </property>
        <property name="drawRejectionLevel" type="Int32" container="StaticArray" arraySize="1">
          <containerEntry>5</containerEntry>
        </property>
        <property name="drawMode" type="Int32" container="StaticArray" arraySize="1">
          <containerEntry>0</containerEntry>
        </property>
        <property name="rejectFarRangeShadowCast" type="Int32" container="StaticArray" arraySize="1">
          <containerEntry>2</containerEntry>
        </property>
        <property name="parentLocator" type="EntityLink" container="StaticArray" arraySize="1">
          <containerEntry packagePathHash="0xB8A0BF169F98" archivePathHash="0xB8A0BF169F98" nameInArchiveHash="0xB8A0BF169F98">0x0</containerEntry>
        </property>
        <property name="transforms" type="Matrix4" container="DynamicArray" arraySize="2">
          <containerEntry r11="0.08256591" r12="0.027087605" r13="-0.41091228" r14="0" r21="-0.057219423" r22="0.4157797" r23="0.01591121" r24="0" r31="0.40780947" r32="0.05285349" r33="0.0854266" r34="0" r41="-362.80594" r42="4.888706" r43="-366.241" r44="1"></containerEntry>
          <containerEntry r11="0.41420877" r12="-0.0009820111" r13="-0.06949917" r14="0" r21="-0.0037996927" r22="0.41901016" r23="-0.028566368" r24="0" r31="0.06940217" r32="0.02880123" r33="0.41322368" r34="0" r41="-347.75363" r42="7.463697" r43="-381.48654" r44="1"></containerEntry>
        </property>
        <property name="colors" type="UInt32" container="DynamicArray" arraySize="2">
          <containerEntry>4294967295</containerEntry>
          <containerEntry>4294967295</containerEntry>
        </property>
      </staticProperties>
      <dynamicProperties></dynamicProperties>
    </entity>
    <entity class="StaticModelArray" classVersion="4" classID="0xD0" addr="0x2D7E240" id="0x0">
      <staticProperties>
        <property name="name" type="String" container="StaticArray" arraySize="1">
          <containerEntry>StaticModelArray0001</containerEntry>
        </property>
        <property name="dataSet" type="EntityHandle" container="StaticArray" arraySize="1">
          <containerEntry>0x2F048B0</containerEntry>
        </property>
        <property name="modelFile" type="FilePtr" container="StaticArray" arraySize="1">
          <containerEntry>/Assets/tpp/environ/object/middle_africa/rock/mafr_rock002/scenes/mafr_rock002.fmdl</containerEntry>
        </property>
        <property name="geomFile" type="FilePtr" container="StaticArray" arraySize="1">
          <containerEntry>/Assets/tpp/environ/object/middle_africa/rock/mafr_rock002/scenes/mafr_rock002.geom</containerEntry>
        </property>
        <property name="isVisibleGeom" type="Bool" container="StaticArray" arraySize="1">
          <containerEntry>false</containerEntry>
        </property>
        <property name="lodFarSize" type="Float" container="StaticArray" arraySize="1">
          <containerEntry>-1</containerEntry>
        </property>
        <property name="lodNearSize" type="Float" container="StaticArray" arraySize="1">
          <containerEntry>-1</containerEntry>
        </property>
        <property name="lodPolygonSize" type="Float" container="StaticArray" arraySize="1">
          <containerEntry>-1</containerEntry>
        </property>
        <property name="drawRejectionLevel" type="Int32" container="StaticArray" arraySize="1">
          <containerEntry>8</containerEntry>
        </property>
        <property name="drawMode" type="Int32" container="StaticArray" arraySize="1">
          <containerEntry>0</containerEntry>
        </property>
        <property name="rejectFarRangeShadowCast" type="Int32" container="StaticArray" arraySize="1">
          <containerEntry>2</containerEntry>
        </property>
        <property name="parentLocator" type="EntityLink" container="StaticArray" arraySize="1">
          <containerEntry packagePathHash="0xB8A0BF169F98" archivePathHash="0xB8A0BF169F98" nameInArchiveHash="0xB8A0BF169F98">0x0</containerEntry>
        </property>
        <property name="transforms" type="Matrix4" container="DynamicArray" arraySize="9">
          <containerEntry r11="-0.8045072" r12="0.005320549" r13="0.59391785" r14="0" r21="0.000355826" r22="0.999964" r23="-0.008476073" r24="0" r31="-0.59394157" r32="-0.006607736" r33="-0.80448014" r34="0" r41="-343.6996" r42="9.151937" r43="-297.36868" r44="1"></containerEntry>
          <containerEntry r11="0.99987507" r12="0.015734289" r13="0.0014987566" r14="0" r21="-0.015734289" r22="0.98189265" r23="0.18878359" r24="0" r31="0.0014987566" r32="-0.18878359" r33="0.9820176" r34="0" r41="-350.5972" r42="7.43135" r43="-292.18973" r44="1"></containerEntry>
          <containerEntry r11="-0.99523246" r12="0.010714974" r13="0.09695563" r14="0" r21="0.01508761" r22="0.99889636" r23="0.044479243" r24="0" r31="-0.09637204" r32="0.04572995" r33="-0.9942957" r34="0" r41="-338.1534" r42="3.524942" r43="-273.21545" r44="1"></containerEntry>
          <containerEntry r11="1.1245034" r12="-0.033413008" r13="-0.00087869493" r14="0" r21="0.033413008" r22="1.1229488" r23="0.05911653" r24="0" r31="-0.00087869493" r32="-0.05911653" r33="1.1234453" r34="0" r41="-349.73187" r42="10.60844" r43="-318.0572" r44="1"></containerEntry>
          <containerEntry r11="-0.5671371" r12="-0.054883838" r13="0.8217914" r14="0" r21="-0.030269384" r22="0.9984922" r23="0.045795236" r24="0" r31="-0.82306564" r32="0.0010970943" r33="-0.5679433" r34="0" r41="-370.63898" r42="11.956803" r43="-361.56207" r44="1"></containerEntry>
          <containerEntry r11="-0.3251781" r12="0.15561756" r13="-0.93275905" r14="0" r21="-0.021431036" r22="0.98490083" r23="0.1717878" r24="0" r31="0.94540834" r32="0.0758519" r33="-0.3169331" r34="0" r41="-379.61667" r42="9.653179" r43="-321.41205" r44="1"></containerEntry>
          <containerEntry r11="-0.32284614" r12="-0.05367299" r13="0.94492877" r14="0" r21="-0.05219967" r22="0.9978809" r23="0.03884612" r24="0" r31="-0.94501126" r32="-0.036783643" r33="-0.3249637" r34="0" r41="-376.48962" r42="10.765794" r43="-344.10516" r44="1"></containerEntry>
          <containerEntry r11="-0.9721533" r12="-0.1636561" r13="0.16772166" r14="0" r21="-0.14469661" r22="0.9822087" r23="0.11970335" r24="0" r31="-0.18432787" r32="0.09210147" r33="-0.9785379" r34="0" r41="-356.3451" r42="13.350073" r43="-381.82822" r44="1"></containerEntry>
          <containerEntry r11="-0.8041418" r12="-0.007106833" r13="0.59439635" r14="0" r21="0.06076482" r22="0.9937077" r23="0.0940881" r24="0" r31="-0.5913249" r32="0.111778475" r33="-0.79865015" r34="0" r41="-377.40646" r42="5.896697" r43="-261.81396" r44="1"></containerEntry>
        </property>
        <property name="colors" type="UInt32" container="DynamicArray" arraySize="9">
          <containerEntry>4294967295</containerEntry>
          <containerEntry>4294967295</containerEntry>
          <containerEntry>4294967295</containerEntry>
          <containerEntry>4294967295</containerEntry>
          <containerEntry>4294967295</containerEntry>
          <containerEntry>4294967295</containerEntry>
          <containerEntry>4294967295</containerEntry>
          <containerEntry>4294967295</containerEntry>
          <containerEntry>4294967295</containerEntry>
        </property>
      </staticProperties>
      <dynamicProperties></dynamicProperties>
    </entity>
    <entity class="StaticModelArray" classVersion="4" classID="0xD0" addr="0x2D7E320" id="0x0">
      <staticProperties>
        <property name="name" type="String" container="StaticArray" arraySize="1">
          <containerEntry>StaticModelArray0002</containerEntry>
        </property>
        <property name="dataSet" type="EntityHandle" container="StaticArray" arraySize="1">
          <containerEntry>0x2F048B0</containerEntry>
        </property>
        <property name="modelFile" type="FilePtr" container="StaticArray" arraySize="1">
          <containerEntry>/Assets/tpp/environ/object/middle_africa/rock/mafr_rock007/scenes/mafr_rock007.fmdl</containerEntry>
        </property>
        <property name="geomFile" type="FilePtr" container="StaticArray" arraySize="1">
          <containerEntry>/Assets/tpp/environ/object/middle_africa/rock/mafr_rock007/scenes/mafr_rock007.geom</containerEntry>
        </property>
        <property name="isVisibleGeom" type="Bool" container="StaticArray" arraySize="1">
          <containerEntry>false</containerEntry>
        </property>
        <property name="lodFarSize" type="Float" container="StaticArray" arraySize="1">
          <containerEntry>-1</containerEntry>
        </property>
        <property name="lodNearSize" type="Float" container="StaticArray" arraySize="1">
          <containerEntry>-1</containerEntry>
        </property>
        <property name="lodPolygonSize" type="Float" container="StaticArray" arraySize="1">
          <containerEntry>-1</containerEntry>
        </property>
        <property name="drawRejectionLevel" type="Int32" container="StaticArray" arraySize="1">
          <containerEntry>8</containerEntry>
        </property>
        <property name="drawMode" type="Int32" container="StaticArray" arraySize="1">
          <containerEntry>0</containerEntry>
        </property>
        <property name="rejectFarRangeShadowCast" type="Int32" container="StaticArray" arraySize="1">
          <containerEntry>2</containerEntry>
        </property>
        <property name="parentLocator" type="EntityLink" container="StaticArray" arraySize="1">
          <containerEntry packagePathHash="0xB8A0BF169F98" archivePathHash="0xB8A0BF169F98" nameInArchiveHash="0xB8A0BF169F98">0x0</containerEntry>
        </property>
        <property name="transforms" type="Matrix4" container="DynamicArray" arraySize="6">
          <containerEntry r11="1" r12="0" r13="0" r14="0" r21="0" r22="1" r23="0" r24="0" r31="0" r32="0" r33="1" r34="0" r41="-335.5405" r42="15.005928" r43="-379.194" r44="1"></containerEntry>
          <containerEntry r11="-0.97933424" r12="0.19327869" r13="-0.05956945" r14="0" r21="0.20191298" r22="0.951334" r23="-0.23279789" r24="0" r31="0.0116755795" r32="-0.2400147" r33="-0.9706994" r34="0" r41="-319.10803" r42="13.196035" r43="-381.6801" r44="1"></containerEntry>
          <containerEntry r11="-0.79670584" r12="0.07746606" r13="0.5993814" r14="0" r21="-0.090554066" r22="0.9652548" r23="-0.24511847" r24="0" r31="-0.59754413" r32="-0.24956384" r33="-0.76200926" r34="0" r41="-279.19547" r42="8.07236" r43="-360.41077" r44="1"></containerEntry>
          <containerEntry r11="0.95085245" r12="0.061320346" r13="0.303512" r14="0" r21="-0.14896396" r22="0.9499021" r23="0.27476496" r24="0" r31="-0.271458" r32="-0.30647326" r33="0.91235125" r34="0" r41="-269.73032" r42="8.31424" r43="-366.74875" r44="1"></containerEntry>
          <containerEntry r11="-0.9723712" r12="0.025286555" r13="-0.23205969" r14="0" r21="0.08411566" r22="0.9652869" r23="-0.24727671" r24="0" r31="0.21775138" r32="-0.259965" r33="-0.9407441" r34="0" r41="-273.17096" r42="8.163575" r43="-367.2355" r44="1"></containerEntry>
          <containerEntry r11="-0.8058496" r12="0.07692218" r13="0.5870994" r14="0" r21="-0.09124927" r22="0.96354795" r23="-0.25149307" r24="0" r31="-0.58504385" r32="-0.2562385" r33="-0.7694556" r34="0" r41="-310.0516" r42="8.072357" r43="-291.66992" r44="1"></containerEntry>
        </property>
        <property name="colors" type="UInt32" container="DynamicArray" arraySize="6">
          <containerEntry>4294967295</containerEntry>
          <containerEntry>4294967295</containerEntry>
          <containerEntry>4294967295</containerEntry>
          <containerEntry>4294967295</containerEntry>
          <containerEntry>4294967295</containerEntry>
          <containerEntry>4294967295</containerEntry>
        </property>
      </staticProperties>
      <dynamicProperties></dynamicProperties>
    </entity>
    <entity class="StaticModelArray" classVersion="4" classID="0xD0" addr="0x2D7E2B0" id="0x0">
      <staticProperties>
        <property name="name" type="String" container="StaticArray" arraySize="1">
          <containerEntry>StaticModelArray0003</containerEntry>
        </property>
        <property name="dataSet" type="EntityHandle" container="StaticArray" arraySize="1">
          <containerEntry>0x2F048B0</containerEntry>
        </property>
        <property name="modelFile" type="FilePtr" container="StaticArray" arraySize="1">
          <containerEntry>/Assets/tpp/environ/object/middle_africa/cliff/mafr_clff003/scenes/mafr_clff003_vrtn001.fmdl</containerEntry>
        </property>
        <property name="geomFile" type="FilePtr" container="StaticArray" arraySize="1">
          <containerEntry>/Assets/tpp/environ/object/middle_africa/cliff/mafr_clff003/scenes/mafr_clff003_vrtn001.geom</containerEntry>
        </property>
        <property name="isVisibleGeom" type="Bool" container="StaticArray" arraySize="1">
          <containerEntry>false</containerEntry>
        </property>
        <property name="lodFarSize" type="Float" container="StaticArray" arraySize="1">
          <containerEntry>-1</containerEntry>
        </property>
        <property name="lodNearSize" type="Float" container="StaticArray" arraySize="1">
          <containerEntry>-1</containerEntry>
        </property>
        <property name="lodPolygonSize" type="Float" container="StaticArray" arraySize="1">
          <containerEntry>-1</containerEntry>
        </property>
        <property name="drawRejectionLevel" type="Int32" container="StaticArray" arraySize="1">
          <containerEntry>8</containerEntry>
        </property>
        <property name="drawMode" type="Int32" container="StaticArray" arraySize="1">
          <containerEntry>0</containerEntry>
        </property>
        <property name="rejectFarRangeShadowCast" type="Int32" container="StaticArray" arraySize="1">
          <containerEntry>2</containerEntry>
        </property>
        <property name="parentLocator" type="EntityLink" container="StaticArray" arraySize="1">
          <containerEntry packagePathHash="0xB8A0BF169F98" archivePathHash="0xB8A0BF169F98" nameInArchiveHash="0xB8A0BF169F98">0x0</containerEntry>
        </property>
        <property name="transforms" type="Matrix4" container="DynamicArray" arraySize="16">
          <containerEntry r11="0.40352553" r12="-0.009958673" r13="0.6321133" r14="0" r21="0.059643216" r22="0.7471618" r23="-0.026303463" r24="0" r31="-0.629372" r32="0.06442057" r33="0.40279046" r34="0" r41="-258.10107" r42="7.429898" r43="-378.12332" r44="1"></containerEntry>
          <containerEntry r11="0.24652824" r12="-0.016447775" r13="0.7081332" r14="0" r21="0.5423906" r22="0.48661834" r23="-0.17752375" r24="0" r31="-0.45556077" r32="0.5704662" r33="0.17184855" r34="0" r41="-375.91873" r42="6.949712" r43="-326.06223" r44="1"></containerEntry>
          <containerEntry r11="-0.051782493" r12="-9.141862e-06" r13="-0.7482096" r14="0" r21="-0.61796916" r22="0.4228297" r23="0.042764068" r24="0" r31="0.4218195" r32="0.61944705" r33="-0.029200807" r34="0" r41="-381.25558" r42="6.252908" r43="-313.94464" r44="1"></containerEntry>
          <containerEntry r11="0.114584304" r12="-0.00032826327" r13="0.7411937" r14="0" r21="0.077739015" r22="0.7458687" r23="-0.011687494" r24="0" r31="-0.7371058" r32="0.07861199" r33="0.11398718" r34="0" r41="-379.34143" r42="4.460471" r43="-358.37436" r44="1"></containerEntry>
          <containerEntry r11="-0.26915744" r12="0.018501721" r13="0.6997923" r14="0" r21="0.39929956" r22="0.6198691" r23="0.13719265" r24="0" r31="-0.57498825" r32="0.4218052" r33="-0.23230653" r34="0" r41="-375.48053" r42="6.208943" r43="-364.39664" r44="1"></containerEntry>
          <containerEntry r11="0.5832389" r12="-0.07699263" r13="-0.46519256" r14="0" r21="-0.37696415" r22="0.36835253" r23="-0.5335855" r24="0" r31="0.28324902" r32="0.6487585" r33="0.24775219" r34="0" r41="-368.27112" r42="6.609493" r43="-381.9201" r44="1"></containerEntry>
          <containerEntry r11="-0.11429199" r12="-0.08334314" r13="-0.73653907" r14="0" r21="-0.63782215" r22="0.3907477" r23="0.054759376" r24="0" r31="0.37764904" r32="0.6347201" r33="-0.13042286" r34="0" r41="-370.35385" r42="6.273478" r43="-375.46173" r44="1"></containerEntry>
          <containerEntry r11="0.16257808" r12="-0.049182236" r13="-0.7305126" r14="0" r21="-0.5363852" r22="0.5013409" r23="-0.15312691" r24="0" r31="0.49835578" r32="0.555642" r33="0.07350205" r34="0" r41="-376.79163" r42="7.85643" r43="-334.61407" r44="1"></containerEntry>
          <containerEntry r11="-0.049138527" r12="-0.0831169" r13="-0.74375856" r14="0" r21="-0.6220195" r22="0.41899744" r23="-0.005728461" r24="0" r31="0.41614535" r32="0.61646795" r33="-0.09638563" r34="0" r41="-371.9791" r42="9.35332" r43="-351.55505" r44="1"></containerEntry>
          <containerEntry r11="-0.063262" r12="-0.06551859" r13="-0.74444956" r14="0" r21="-0.6078639" r22="0.4391266" r23="0.013007976" r24="0" r31="0.43474042" r32="0.6044626" r33="-0.09014185" r34="0" r41="-365.06998" r42="9.702784" r43="-371.43155" r44="1"></containerEntry>
          <containerEntry r11="-0.28001493" r12="-0.027898718" r13="0.6952077" r14="0" r21="0.3602851" r22="0.63528514" r23="0.17060913" r24="0" r31="-0.59521985" r32="0.39766127" r33="-0.22378385" r34="0" r41="-362.87976" r42="10.276011" r43="-378.6946" r44="1"></containerEntry>
          <containerEntry r11="-0.64724636" r12="-0.13159364" r13="0.35532352" r14="0" r21="0.09151252" r22="0.6282065" r23="0.3993519" r24="0" r31="-0.36769164" r32="0.38799435" r33="-0.5260825" r34="0" r41="-347.01517" r42="11.943075" r43="-384.5708" r44="1"></containerEntry>
          <containerEntry r11="0.7030927" r12="-0.04749298" r13="0.25672004" r14="0" r21="0.18272278" r22="0.6162708" r23="-0.38642308" r24="0" r31="-0.18647557" r32="0.42479977" r33="0.589298" r34="0" r41="-339.76147" r42="11.782183" r43="-384.4342" r44="1"></containerEntry>
          <containerEntry r11="0.06447523" r12="0.033431757" r13="-0.7464743" r14="0" r21="-0.4039532" r22="0.63188463" r23="-0.006590456" r24="0" r31="0.62862027" r32="0.40262133" r33="0.07232787" r34="0" r41="-375.1793" r42="3.271645" r43="-266.90472" r44="1"></containerEntry>
          <containerEntry r11="0.2597813" r12="-0.1336258" r13="0.6907656" r14="0" r21="0.5033652" r22="0.54976517" r23="-0.08295402" r24="0" r31="-0.4915653" r32="0.49234343" r33="0.28010863" r34="0" r41="-379.32147" r42="1.9963813" r43="-252.29295" r44="1"></containerEntry>
          <containerEntry r11="0.4801827" r12="-0.091904506" r13="-0.56875074" r14="0" r21="-0.3847447" r22="0.49994642" r23="-0.40561607" r24="0" r31="0.42883024" r32="0.5514585" r33="0.27294126" r34="0" r41="-379.07886" r42="3.9275162" r43="-276.94226" r44="1"></containerEntry>
        </property>
        <property name="colors" type="UInt32" container="DynamicArray" arraySize="16">
          <containerEntry>4294967295</containerEntry>
          <containerEntry>4294967295</containerEntry>
          <containerEntry>4294967295</containerEntry>
          <containerEntry>4294967295</containerEntry>
          <containerEntry>4294967295</containerEntry>
          <containerEntry>4294967295</containerEntry>
          <containerEntry>4294967295</containerEntry>
          <containerEntry>4294967295</containerEntry>
          <containerEntry>4294967295</containerEntry>
          <containerEntry>4294967295</containerEntry>
          <containerEntry>4294967295</containerEntry>
          <containerEntry>4294967295</containerEntry>
          <containerEntry>4294967295</containerEntry>
          <containerEntry>4294967295</containerEntry>
          <containerEntry>4294967295</containerEntry>
          <containerEntry>4294967295</containerEntry>
        </property>
      </staticProperties>
      <dynamicProperties></dynamicProperties>
    </entity>
    <entity class="StaticModelArray" classVersion="4" classID="0xD0" addr="0x2D7DA60" id="0x0">
      <staticProperties>
        <property name="name" type="String" container="StaticArray" arraySize="1">
          <containerEntry>StaticModelArray0004</containerEntry>
        </property>
        <property name="dataSet" type="EntityHandle" container="StaticArray" arraySize="1">
          <containerEntry>0x2F048B0</containerEntry>
        </property>
        <property name="modelFile" type="FilePtr" container="StaticArray" arraySize="1">
          <containerEntry>/Assets/tpp/environ/object/middle_africa/rock/mafr_rock011/scenes/mafr_rock011.fmdl</containerEntry>
        </property>
        <property name="geomFile" type="FilePtr" container="StaticArray" arraySize="1">
          <containerEntry>/Assets/tpp/environ/object/middle_africa/rock/mafr_rock011/scenes/mafr_rock011.geom</containerEntry>
        </property>
        <property name="isVisibleGeom" type="Bool" container="StaticArray" arraySize="1">
          <containerEntry>false</containerEntry>
        </property>
        <property name="lodFarSize" type="Float" container="StaticArray" arraySize="1">
          <containerEntry>-1</containerEntry>
        </property>
        <property name="lodNearSize" type="Float" container="StaticArray" arraySize="1">
          <containerEntry>-1</containerEntry>
        </property>
        <property name="lodPolygonSize" type="Float" container="StaticArray" arraySize="1">
          <containerEntry>-1</containerEntry>
        </property>
        <property name="drawRejectionLevel" type="Int32" container="StaticArray" arraySize="1">
          <containerEntry>8</containerEntry>
        </property>
        <property name="drawMode" type="Int32" container="StaticArray" arraySize="1">
          <containerEntry>0</containerEntry>
        </property>
        <property name="rejectFarRangeShadowCast" type="Int32" container="StaticArray" arraySize="1">
          <containerEntry>2</containerEntry>
        </property>
        <property name="parentLocator" type="EntityLink" container="StaticArray" arraySize="1">
          <containerEntry packagePathHash="0xB8A0BF169F98" archivePathHash="0xB8A0BF169F98" nameInArchiveHash="0xB8A0BF169F98">0x0</containerEntry>
        </property>
        <property name="transforms" type="Matrix4" container="DynamicArray" arraySize="21">
          <containerEntry r11="0.20171961" r12="0.14139177" r13="-0.9691834" r14="0" r21="0.47825825" r22="0.8493178" r23="0.22344683" r24="0" r31="0.85473824" r32="-0.5085934" r33="0.10370226" r34="0" r41="-366.25485" r42="9.512323" r43="-335.8182" r44="1"></containerEntry>
          <containerEntry r11="0.95521617" r12="0.037037775" r13="-0.29358187" r14="0" r21="0.14991577" r22="0.7948115" r23="0.5880478" r24="0" r31="0.25512227" r32="-0.60572535" r33="0.75366426" r34="0" r41="-357.69757" r42="10.978679" r43="-348.86536" r44="1"></containerEntry>
          <containerEntry r11="-0.36341798" r12="0.12568936" r13="-0.92310756" r14="0" r21="0.4154545" r22="0.90874165" r23="-0.039826855" r24="0" r31="0.83386046" r32="-0.397983" r33="-0.38247123" r34="0" r41="-366.9677" r42="7.9897356" r43="-326.01233" r44="1"></containerEntry>
          <containerEntry r11="0.53200644" r12="-0.08552455" r13="0.84240997" r14="0" r21="-0.3127808" r22="0.90467113" r23="0.28937566" r24="0" r31="-0.7868527" r32="-0.4174394" r33="0.45454046" r34="0" r41="-313.61053" r42="8.684188" r43="-368.1336" r44="1"></containerEntry>
          <containerEntry r11="0.58079" r12="0.044118695" r13="0.8128562" r14="0" r21="-0.26590994" r22="0.9540384" r23="0.13821205" r24="0" r31="-0.7693982" r32="-0.296419" r33="0.56582755" r34="0" r41="-296.00085" r42="6.047104" r43="-336.4997" r44="1"></containerEntry>
          <containerEntry r11="0.6207041" r12="0.029923812" r13="-0.7834726" r14="0" r21="0.3881181" r22="0.8565213" r23="0.34019962" r24="0" r31="0.68124104" r32="-0.51524305" r33="0.5200323" r34="0" r41="-330.94888" r42="9.212119" r43="-334.75153" r44="1"></containerEntry>
          <containerEntry r11="-0.89281845" r12="0.14331225" r13="-0.42700183" r14="0" r21="0.29222888" r22="0.9057195" r23="-0.3070411" r24="0" r31="0.34274104" r32="-0.398915" r33="-0.85052294" r34="0" r41="-327.79306" r42="7.339327" r43="-308.9326" r44="1"></containerEntry>
          <containerEntry r11="0.5795024" r12="0.17735638" r13="-0.7954369" r14="0" r21="0.2660362" r22="0.8813968" r23="0.39033905" r24="0" r31="0.7703247" r32="-0.43781745" r33="0.46358827" r34="0" r41="-328.69727" r42="3.1737695" r43="-284.57938" r44="1"></containerEntry>
          <containerEntry r11="-0.30964875" r12="-0.074751034" r13="0.94790655" r14="0" r21="-0.33019063" r22="0.9433206" r23="-0.03347282" r24="0" r31="-0.8916776" r32="-0.3233548" r33="-0.31678012" r34="0" r41="-279.28073" r42="2.519853" r43="-303.49936" r44="1"></containerEntry>
          <containerEntry r11="-0.7082085" r12="0.04781083" r13="0.7043795" r14="0" r21="-0.12123748" r22="0.9746475" r23="-0.18805233" r24="0" r31="-0.6955126" r32="-0.21857798" r33="-0.6844571" r34="0" r41="-285.71173" r42="1.706748" r43="-294.39474" r44="1"></containerEntry>
          <containerEntry r11="-0.47458756" r12="0.13414231" r13="0.86992526" r14="0" r21="-0.33499923" r22="0.88641495" r23="-0.31944367" r24="0" r31="-0.8139657" r32="-0.44302788" r33="-0.375744" r34="0" r41="-300.40634" r42="0.583419" r43="-255.65797" r44="1"></containerEntry>
          <containerEntry r11="-0.054188997" r12="-0.04420653" r13="0.99754953" r14="0" r21="-0.4592083" r22="0.88821155" r23="0.014415503" r24="0" r31="-0.88667214" r32="-0.4573023" r33="-0.06843119" r34="0" r41="-298.04456" r42="0.747549" r43="-265.46655" r44="1"></containerEntry>
          <containerEntry r11="-0.9506077" r12="0.14059922" r13="0.27671263" r14="0" r21="0.014907606" r22="0.9111713" r23="-0.41175762" r24="0" r31="-0.31002542" r32="-0.38729584" r33="-0.8682623" r34="0" r41="-309.18494" r42="6.385374" r43="-301.46323" r44="1"></containerEntry>
