<fox formatVersion="2" fileVersion="0">
  <entities>
    <entity class="DataSet" classVersion="0" classID="0xE8" addr="0x2F52F50" id="0x26930C">
      <staticProperties>
        <property name="name" type="String" container="StaticArray" arraySize="1">
          <containerEntry hash="0xB8A0BF169F98"></containerEntry>
        </property>
        <property name="dataSet" type="EntityHandle" container="StaticArray" arraySize="1">
          <containerEntry>0x0</containerEntry>
        </property>
        <property name="dataList" type="EntityPtr" container="StringMap" arraySize="12">
          <containerEntry key="afgh_rock011_0001">
            <data>0x2D7B0D0</data>
          </containerEntry>
          <containerEntry key="StaticModelArray0000">
            <data>0x2F54FB0</data>
          </containerEntry>
          <containerEntry key="StaticModelArray0001">
            <data>0x2F55020</data>
          </containerEntry>
          <containerEntry key="StaticModelArray0002">
            <data>0x2F55090</data>
          </containerEntry>
          <containerEntry key="StaticModelArray0003">
            <data>0x2F55100</data>
          </containerEntry>
          <containerEntry key="StaticModelArray0004">
            <data>0x2F55170</data>
          </containerEntry>
          <containerEntry key="StaticModelArray0005">
            <data>0x2F551E0</data>
          </containerEntry>
          <containerEntry key="StaticModelArray0006">
            <data>0x2F54DF0</data>
          </containerEntry>
          <containerEntry key="StaticModelArray0007">
            <data>0x2F54E60</data>
          </containerEntry>
          <containerEntry key="StaticModelArray0008">
            <data>0x2D77EF0</data>
          </containerEntry>
          <containerEntry key="StaticModelArray0009">
            <data>0x2F529A0</data>
          </containerEntry>
          <containerEntry key="TexturePackLoadConditioner0000">
            <data>0x2F554F0</data>
          </containerEntry>
        </property>
      </staticProperties>
      <dynamicProperties></dynamicProperties>
    </entity>
    <entity class="StaticModel" classVersion="9" classID="0x160" addr="0x2D7B0D0" id="0x269584">
      <staticProperties>
        <property name="name" type="String" container="StaticArray" arraySize="1">
          <containerEntry>afgh_rock011_0001</containerEntry>
        </property>
        <property name="dataSet" type="EntityHandle" container="StaticArray" arraySize="1">
          <containerEntry>0x2F52F50</containerEntry>
        </property>
        <property name="parent" type="EntityHandle" container="StaticArray" arraySize="1">
          <containerEntry>0x0</containerEntry>
        </property>
        <property name="transform" type="EntityPtr" container="StaticArray" arraySize="1">
          <containerEntry>0x2D7B140</containerEntry>
        </property>
        <property name="shearTransform" type="EntityPtr" container="StaticArray" arraySize="1">
          <containerEntry>0x0</containerEntry>
        </property>
        <property name="pivotTransform" type="EntityPtr" container="StaticArray" arraySize="1">
          <containerEntry>0x0</containerEntry>
        </property>
        <property name="children" type="EntityHandle" container="List"></property>
        <property name="flags" type="UInt32" container="StaticArray" arraySize="1">
          <containerEntry>3221225479</containerEntry>
        </property>
        <property name="modelFile" type="FilePtr" container="StaticArray" arraySize="1">
          <containerEntry>/Assets/tpp/environ/object/afghanistan/rock/afgh_rock011/scenes/afgh_rock011.fmdl</containerEntry>
        </property>
        <property name="geomFile" type="FilePtr" container="StaticArray" arraySize="1">
          <containerEntry>/Assets/tpp/environ/object/afghanistan/rock/afgh_rock011/scenes/afgh_rock011.geom</containerEntry>
        </property>
        <property name="isVisibleGeom" type="Bool" container="StaticArray" arraySize="1">
          <containerEntry>false</containerEntry>
        </property>
        <property name="isIsolated" type="Bool" container="StaticArray" arraySize="1">
          <containerEntry>false</containerEntry>
        </property>
        <property name="lodFarSize" type="Float" container="StaticArray" arraySize="1">
          <containerEntry>-1</containerEntry>
        </property>
        <property name="lodNearSize" type="Float" container="StaticArray" arraySize="1">
          <containerEntry>-1</containerEntry>
        </property>
        <property name="lodPolygonSize" type="Float" container="StaticArray" arraySize="1">
          <containerEntry>-1</containerEntry>
        </property>
        <property name="color" type="Color" container="StaticArray" arraySize="1">
          <containerEntry r="1" g="1" b="1" a="1"></containerEntry>
        </property>
        <property name="drawRejectionLevel" type="Int32" container="StaticArray" arraySize="1">
          <containerEntry>8</containerEntry>
        </property>
        <property name="drawMode" type="Int32" container="StaticArray" arraySize="1">
          <containerEntry>0</containerEntry>
        </property>
        <property name="rejectFarRangeShadowCast" type="Int32" container="StaticArray" arraySize="1">
          <containerEntry>2</containerEntry>
        </property>
      </staticProperties>
      <dynamicProperties></dynamicProperties>
    </entity>
    <entity class="TransformEntity" classVersion="0" classID="0x50" addr="0x2D7B140" id="0x269587">
      <staticProperties>
        <property name="owner" type="EntityHandle" container="StaticArray" arraySize="1">
          <containerEntry>0x2D7B0D0</containerEntry>
        </property>
        <property name="transform_scale" type="Vector3" container="StaticArray" arraySize="1">
          <containerEntry x="1" y="1" z="1" w="0"></containerEntry>
        </property>
        <property name="transform_rotation_quat" type="Quat" container="StaticArray" arraySize="1">
          <containerEntry x="0.088395" y="-0.131803" z="0.018551" w="0.987153"></containerEntry>
        </property>
        <property name="transform_translation" type="Vector3" container="StaticArray" arraySize="1">
          <containerEntry x="857.6245" y="346.6058" z="1072.1067" w="0"></containerEntry>
        </property>
      </staticProperties>
      <dynamicProperties></dynamicProperties>
    </entity>
    <entity class="StaticModelArray" classVersion="4" classID="0xD0" addr="0x2F54FB0" id="0x0">
      <staticProperties>
        <property name="name" type="String" container="StaticArray" arraySize="1">
          <containerEntry>StaticModelArray0000</containerEntry>
        </property>
        <property name="dataSet" type="EntityHandle" container="StaticArray" arraySize="1">
          <containerEntry>0x2F52F50</containerEntry>
        </property>
        <property name="modelFile" type="FilePtr" container="StaticArray" arraySize="1">
          <containerEntry>/Assets/tpp/environ/object/afghanistan/masonry/afgh_msnr001/scenes/afgh_msnr001.fmdl</containerEntry>
        </property>
        <property name="geomFile" type="FilePtr" container="StaticArray" arraySize="1">
          <containerEntry>/Assets/tpp/environ/object/afghanistan/masonry/afgh_msnr001/scenes/afgh_msnr001.geom</containerEntry>
        </property>
        <property name="isVisibleGeom" type="Bool" container="StaticArray" arraySize="1">
          <containerEntry>false</containerEntry>
        </property>
        <property name="lodFarSize" type="Float" container="StaticArray" arraySize="1">
          <containerEntry>-1</containerEntry>
        </property>
        <property name="lodNearSize" type="Float" container="StaticArray" arraySize="1">
          <containerEntry>-1</containerEntry>
        </property>
        <property name="lodPolygonSize" type="Float" container="StaticArray" arraySize="1">
          <containerEntry>-1</containerEntry>
        </property>
        <property name="drawRejectionLevel" type="Int32" container="StaticArray" arraySize="1">
          <containerEntry>8</containerEntry>
        </property>
        <property name="drawMode" type="Int32" container="StaticArray" arraySize="1">
          <containerEntry>0</containerEntry>
        </property>
        <property name="rejectFarRangeShadowCast" type="Int32" container="StaticArray" arraySize="1">
          <containerEntry>2</containerEntry>
        </property>
        <property name="parentLocator" type="EntityLink" container="StaticArray" arraySize="1">
          <containerEntry packagePathHash="0xB8A0BF169F98" archivePathHash="0xB8A0BF169F98" nameInArchiveHash="0xB8A0BF169F98">0x0</containerEntry>
        </property>
        <property name="transforms" type="Matrix4" container="DynamicArray" arraySize="4">
          <containerEntry r11="0.67954624" r12="-0.019551318" r13="-0.73337084" r14="0" r21="0.014384267" r22="0.9998077" r23="-0.013325847" r24="0" r31="0.7334911" r32="-0.0014934707" r33="0.6796975" r34="0" r41="774.766" r42="325.531" r43="1138.251" r44="1"></containerEntry>
          <containerEntry r11="-0.74765825" r12="-0.034076683" r13="0.66320586" r14="0" r21="-0.025774775" r22="0.99941915" r23="0.022294883" r24="0" r31="-0.6635804" r32="-0.0004250044" r33="-0.74810225" r34="0" r41="772.4752" r42="325.62512" r43="1140.5482" r44="1"></containerEntry>
          <containerEntry r11="0.7005295" r12="0.1113678" r13="-0.70487964" r14="0" r21="-0.077926524" r22="0.99377894" r23="0.07956695" r24="0" r31="0.7093557" r32="-0.000810124" r33="0.70484996" r34="0" r41="779.284" r42="325.55435" r43="1133.4777" r44="1"></containerEntry>
          <containerEntry r11="0.6922491" r12="-0.019573018" r13="-0.72139287" r14="0" r21="0.014383943" r22="0.9998078" r23="-0.0133241955" r24="0" r31="0.72151494" r32="-0.00115282" r33="0.6923976" r34="0" r41="784.541" r42="326.109" r43="1128.131" r44="1"></containerEntry>
        </property>
        <property name="colors" type="UInt32" container="DynamicArray" arraySize="4">
          <containerEntry>4294967295</containerEntry>
          <containerEntry>4294967295</containerEntry>
          <containerEntry>4294967295</containerEntry>
          <containerEntry>4294967295</containerEntry>
        </property>
      </staticProperties>
      <dynamicProperties></dynamicProperties>
    </entity>
    <entity class="StaticModelArray" classVersion="4" classID="0xD0" addr="0x2F55020" id="0x0">
      <staticProperties>
        <property name="name" type="String" container="StaticArray" arraySize="1">
          <containerEntry>StaticModelArray0001</containerEntry>
        </property>
        <property name="dataSet" type="EntityHandle" container="StaticArray" arraySize="1">
          <containerEntry>0x2F52F50</containerEntry>
        </property>
        <property name="modelFile" type="FilePtr" container="StaticArray" arraySize="1">
          <containerEntry>/Assets/tpp/environ/object/afghanistan/cliff/afgh_clff022/scenes/afgh_clff022_vrtn004.fmdl</containerEntry>
        </property>
        <property name="geomFile" type="FilePtr" container="StaticArray" arraySize="1">
          <containerEntry>/Assets/tpp/environ/object/afghanistan/cliff/afgh_clff022/scenes/afgh_clff022_vrtn004.geom</containerEntry>
        </property>
        <property name="isVisibleGeom" type="Bool" container="StaticArray" arraySize="1">
          <containerEntry>false</containerEntry>
        </property>
        <property name="lodFarSize" type="Float" container="StaticArray" arraySize="1">
          <containerEntry>-1</containerEntry>
        </property>
        <property name="lodNearSize" type="Float" container="StaticArray" arraySize="1">
          <containerEntry>-1</containerEntry>
        </property>
        <property name="lodPolygonSize" type="Float" container="StaticArray" arraySize="1">
          <containerEntry>-1</containerEntry>
        </property>
        <property name="drawRejectionLevel" type="Int32" container="StaticArray" arraySize="1">
          <containerEntry>8</containerEntry>
        </property>
        <property name="drawMode" type="Int32" container="StaticArray" arraySize="1">
          <containerEntry>0</containerEntry>
        </property>
        <property name="rejectFarRangeShadowCast" type="Int32" container="StaticArray" arraySize="1">
          <containerEntry>2</containerEntry>
        </property>
        <property name="parentLocator" type="EntityLink" container="StaticArray" arraySize="1">
          <containerEntry packagePathHash="0xB8A0BF169F98" archivePathHash="0xB8A0BF169F98" nameInArchiveHash="0xB8A0BF169F98">0x0</containerEntry>
        </property>
        <property name="transforms" type="Matrix4" container="DynamicArray" arraySize="3">
          <containerEntry r11="0.7037012" r12="-0.027517904" r13="0.709963" r14="0" r21="0.044943567" r22="0.99897254" r23="-0.0058273654" r24="0" r31="-0.70907325" r32="0.03600899" r33="0.7042149" r34="0" r41="812.2884" r42="336.48975" r43="1115.6929" r44="1"></containerEntry>
          <containerEntry r11="0.3409821" r12="0.08724851" r13="-0.9360121" r14="0" r21="-0.1736978" r22="0.9843871" r23="0.028480917" r24="0" r31="0.92388314" r32="0.15287179" r33="0.35081327" r34="0" r41="834.46124" r42="349.44354" r43="1076.272" r44="1"></containerEntry>
          <containerEntry r11="0.7037012" r12="-0.027517904" r13="0.709963" r14="0" r21="0.044943567" r22="0.99897254" r23="-0.0058273654" r24="0" r31="-0.70907325" r32="0.03600899" r33="0.7042149" r34="0" r41="805.83856" r42="348.70645" r43="1092.2631" r44="1"></containerEntry>
        </property>
        <property name="colors" type="UInt32" container="DynamicArray" arraySize="3">
          <containerEntry>4294967295</containerEntry>
          <containerEntry>4294967295</containerEntry>
          <containerEntry>4294967295</containerEntry>
        </property>
      </staticProperties>
      <dynamicProperties></dynamicProperties>
    </entity>
    <entity class="StaticModelArray" classVersion="4" classID="0xD0" addr="0x2F55090" id="0x0">
      <staticProperties>
        <property name="name" type="String" container="StaticArray" arraySize="1">
          <containerEntry>StaticModelArray0002</containerEntry>
        </property>
        <property name="dataSet" type="EntityHandle" container="StaticArray" arraySize="1">
          <containerEntry>0x2F52F50</containerEntry>
        </property>
        <property name="modelFile" type="FilePtr" container="StaticArray" arraySize="1">
          <containerEntry>/Assets/tpp/environ/object/afghanistan/cliff/afgh_clff022/scenes/afgh_clff022_vrtn003.fmdl</containerEntry>
        </property>
        <property name="geomFile" type="FilePtr" container="StaticArray" arraySize="1">
          <containerEntry>/Assets/tpp/environ/object/afghanistan/cliff/afgh_clff022/scenes/afgh_clff022_vrtn003.geom</containerEntry>
        </property>
        <property name="isVisibleGeom" type="Bool" container="StaticArray" arraySize="1">
          <containerEntry>false</containerEntry>
        </property>
        <property name="lodFarSize" type="Float" container="StaticArray" arraySize="1">
          <containerEntry>-1</containerEntry>
        </property>
        <property name="lodNearSize" type="Float" container="StaticArray" arraySize="1">
          <containerEntry>-1</containerEntry>
        </property>
        <property name="lodPolygonSize" type="Float" container="StaticArray" arraySize="1">
          <containerEntry>-1</containerEntry>
        </property>
        <property name="drawRejectionLevel" type="Int32" container="StaticArray" arraySize="1">
          <containerEntry>8</containerEntry>
        </property>
        <property name="drawMode" type="Int32" container="StaticArray" arraySize="1">
          <containerEntry>0</containerEntry>
        </property>
        <property name="rejectFarRangeShadowCast" type="Int32" container="StaticArray" arraySize="1">
          <containerEntry>2</containerEntry>
        </property>
        <property name="parentLocator" type="EntityLink" container="StaticArray" arraySize="1">
          <containerEntry packagePathHash="0xB8A0BF169F98" archivePathHash="0xB8A0BF169F98" nameInArchiveHash="0xB8A0BF169F98">0x0</containerEntry>
        </property>
        <property name="transforms" type="Matrix4" container="DynamicArray" arraySize="13">
          <containerEntry r11="0.6485671" r12="0.03843224" r13="-0.7601868" r14="0" r21="-0.021263883" r22="0.9992495" r23="0.03237671" r24="0" r31="0.7608598" r32="-0.00483395" r33="0.64889693" r34="0" r41="830.26917" r42="349.95224" r43="1101.662" r44="1"></containerEntry>
          <containerEntry r11="-0.4148666" r12="0.038432613" r13="-0.90907025" r14="0" r21="0.020356711" r22="0.99924946" r23="0.032955047" r24="0" r31="0.9096545" r32="-0.004833732" r33="-0.41533762" r34="0" r41="834.31964" r42="361.64572" r43="1045.5327" r44="1"></containerEntry>
          <containerEntry r11="-0.86944944" r12="0.038432997" r13="0.49251696" r14="0" r21="0.031055562" r22="0.9992495" r23="-0.02315219" r24="0" r31="-0.4930371" r32="-0.004834294" r33="-0.86999047" r34="0" r41="877.56104" r42="363.23886" r43="1013.9583" r44="1"></containerEntry>
          <containerEntry r11="-0.82152" r12="0.006798055" r13="0.57013977" r14="0" r21="-0.055818785" r22="0.994167" r23="-0.092283756" r24="0" r31="-0.56744146" r32="-0.10763742" r33="-0.81634855" r34="0" r41="818.77094" r42="362.5488" r43="1046.4935" r44="1"></containerEntry>
          <containerEntry r11="-0.99613696" r12="0.038432147" r13="0.078925714" r14="0" r21="0.03792959" r22="0.9992495" r23="-0.007857813" r24="0" r31="-0.07916847" r32="-0.004833847" r33="-0.99684715" r34="0" r41="839.5652" r42="338.70853" r43="1115.1654" r44="1"></containerEntry>
          <containerEntry r11="-0.4148666" r12="0.038432613" r13="-0.90907025" r14="0" r21="0.020356711" r22="0.99924946" r23="0.032955047" r24="0" r31="0.9096545" r32="-0.004833732" r33="-0.41533762" r34="0" r41="827.41315" r42="338.02438" r43="1124.9315" r44="1"></containerEntry>
          <containerEntry r11="-0.9825402" r12="0.03132025" r13="-0.18338422" r14="0" r21="0.034126226" r22="0.9993435" r23="-0.012163901" r24="0" r31="0.18288286" r32="-0.018209718" r33="-0.982964" r34="0" r41="802.5992" r42="342.40744" r43="1103.2284" r44="1"></containerEntry>
          <containerEntry r11="-0.8626414" r12="-0.0014811009" r13="0.5058149" r14="0" r21="-0.05581765" r22="0.99416715" r23="-0.09228304" r24="0" r31="-0.50272787" r32="-0.10784051" r33="-0.85769236" r34="0" r41="786.7052" r42="361.21167" r43="1042.9115" r44="1"></containerEntry>
          <containerEntry r11="0.57013905" r12="0.00679696" r13="0.82152003" r14="0" r21="-0.09228355" r22="0.994167" r23="0.055819847" r24="0" r31="-0.8163486" r32="-0.10763786" r33="0.5674406" r34="0" r41="803.5899" r42="365.6766" r43="1053.4326" r44="1"></containerEntry>
          <containerEntry r11="0.4263882" r12="0.006796286" r13="-0.90451396" r14="0" r21="0.09448375" r22="0.9941669" r23="0.052009642" r24="0" r31="0.8995913" r32="-0.10763813" r33="0.4232589" r34="0" r41="791.88434" r42="373.1386" r43="1035.6262" r44="1"></containerEntry>
          <containerEntry r11="-0.57013357" r12="0.006796705" r13="-0.8215202" r14="0" r21="0.09228367" r22="0.994167" r23="-0.055819646" r24="0" r31="0.8163488" r32="-0.10763756" r33="-0.5674352" r34="0" r41="807.2236" r42="371.0482" r43="1040.0076" r44="1"></containerEntry>
          <containerEntry r11="0.6395699" r12="0.006797314" r13="0.76870126" r14="0" r21="-0.08706741" r22="0.9941669" r23="0.06365016" r24="0" r31="-0.7637847" r32="-0.10763758" r33="0.63643104" r34="0" r41="822.7663" r42="373.0732" r43="1026.0276" r44="1"></containerEntry>
          <containerEntry r11="0.26653355" r12="0.03843288" r13="-0.96305907" r14="0" r21="-0.005589675" r22="0.99924946" r23="0.038330153" r24="0" r31="0.9638094" r32="-0.0048330855" r33="0.26654834" r34="0" r41="847.0909" r42="360.94888" r43="1038.2424" r44="1"></containerEntry>
        </property>
        <property name="colors" type="UInt32" container="DynamicArray" arraySize="13">
          <containerEntry>4294967295</containerEntry>
          <containerEntry>4294967295</containerEntry>
          <containerEntry>4294967295</containerEntry>
          <containerEntry>4294967295</containerEntry>
          <containerEntry>4294967295</containerEntry>
          <containerEntry>4294967295</containerEntry>
          <containerEntry>4294967295</containerEntry>
          <containerEntry>4294967295</containerEntry>
          <containerEntry>4294967295</containerEntry>
          <containerEntry>4294967295</containerEntry>
          <containerEntry>4294967295</containerEntry>
          <containerEntry>4294967295</containerEntry>
          <containerEntry>4294967295</containerEntry>
        </property>
      </staticProperties>
      <dynamicProperties></dynamicProperties>
    </entity>
    <entity class="StaticModelArray" classVersion="4" classID="0xD0" addr="0x2F55100" id="0x0">
      <staticProperties>
        <property name="name" type="String" container="StaticArray" arraySize="1">
          <containerEntry>StaticModelArray0003</containerEntry>
        </property>
        <property name="dataSet" type="EntityHandle" container="StaticArray" arraySize="1">
          <containerEntry>0x2F52F50</containerEntry>
        </property>
        <property name="modelFile" type="FilePtr" container="StaticArray" arraySize="1">
          <containerEntry>/Assets/tpp/environ/object/afghanistan/rock/afgh_rock010/scenes/afgh_rock010.fmdl</containerEntry>
        </property>
        <property name="geomFile" type="FilePtr" container="StaticArray" arraySize="1">
          <containerEntry>/Assets/tpp/environ/object/afghanistan/rock/afgh_rock010/scenes/afgh_rock010.geom</containerEntry>
        </property>
        <property name="isVisibleGeom" type="Bool" container="StaticArray" arraySize="1">
          <containerEntry>false</containerEntry>
        </property>
        <property name="lodFarSize" type="Float" container="StaticArray" arraySize="1">
          <containerEntry>-1</containerEntry>
        </property>
        <property name="lodNearSize" type="Float" container="StaticArray" arraySize="1">
          <containerEntry>-1</containerEntry>
        </property>
        <property name="lodPolygonSize" type="Float" container="StaticArray" arraySize="1">
          <containerEntry>-1</containerEntry>
        </property>
        <property name="drawRejectionLevel" type="Int32" container="StaticArray" arraySize="1">
          <containerEntry>8</containerEntry>
        </property>
        <property name="drawMode" type="Int32" container="StaticArray" arraySize="1">
          <containerEntry>0</containerEntry>
        </property>
        <property name="rejectFarRangeShadowCast" type="Int32" container="StaticArray" arraySize="1">
          <containerEntry>2</containerEntry>
        </property>
        <property name="parentLocator" type="EntityLink" container="StaticArray" arraySize="1">
          <containerEntry packagePathHash="0xB8A0BF169F98" archivePathHash="0xB8A0BF169F98" nameInArchiveHash="0xB8A0BF169F98">0x0</containerEntry>
        </property>
        <property name="transforms" type="Matrix4" container="DynamicArray" arraySize="6">
          <containerEntry r11="-0.13380088" r12="0.031382058" r13="-0.9905102" r14="0" r21="-0.0714741" r22="0.99658996" r23="0.0412296" r24="0" r31="0.98842645" r32="0.07631238" r33="-0.1311016" r34="0" r41="813.7237" r42="352.19885" r43="1072.581" r44="1"></containerEntry>
          <containerEntry r11="-0.21953003" r12="0.19891317" r13="-0.95511097" r14="0" r21="-0.075192794" r22="0.9726326" r23="0.21984509" r24="0" r31="0.97270215" r32="0.120080225" r33="-0.19856521" r34="0" r41="878.6645" r42="331.09644" r43="1108.3597" r44="1"></containerEntry>
          <containerEntry r11="-0.93740535" r12="0.013118517" r13="-0.34799227" r14="0" r21="-0.08687864" r22="0.95888287" r23="0.27017733" r24="0" r31="0.33722815" r32="0.28349885" r33="-0.8977222" r34="0" r41="866.33466" r42="353.16922" r43="1035.3611" r44="1"></containerEntry>
          <containerEntry r11="-5.9604844e-07" r12="-1.414214e-06" r13="-1.0000006" r14="0" r21="1.414214e-06" r22="1" r23="-1.414214e-06" r24="0" r31="1.0000006" r32="-1.414214e-06" r33="-5.9604645e-07" r34="0" r41="848.5211" r42="359.74905" r43="1036.617" r44="1"></containerEntry>
          <containerEntry r11="0.9694629" r12="-0.03969542" r13="-0.24200429" r14="0" r21="0.013723474" r22="0.994048" r23="-0.1080755" r24="0" r31="0.24485399" r32="0.101454034" r33="0.96423733" r34="0" r41="830.23944" r42="348.52756" r43="1101.9431" r44="1"></containerEntry>
          <containerEntry r11="-0.032051355" r12="0.16744354" r13="-0.98535866" r14="0" r21="-0.43322793" r22="0.8861132" r23="0.16467096" r24="0" r31="0.9007123" r32="0.4321639" r33="0.0441404" r34="0" r41="793.23895" r42="346.43307" r43="1075.5924" r44="1"></containerEntry>
        </property>
        <property name="colors" type="UInt32" container="DynamicArray" arraySize="6">
          <containerEntry>4294967295</containerEntry>
          <containerEntry>4294967295</containerEntry>
          <containerEntry>4294967295</containerEntry>
          <containerEntry>4294967295</containerEntry>
          <containerEntry>4294967295</containerEntry>
          <containerEntry>4294967295</containerEntry>
        </property>
      </staticProperties>
      <dynamicProperties></dynamicProperties>
    </entity>
    <entity class="StaticModelArray" classVersion="4" classID="0xD0" addr="0x2F55170" id="0x0">
      <staticProperties>
        <property name="name" type="String" container="StaticArray" arraySize="1">
          <containerEntry>StaticModelArray0004</containerEntry>
        </property>
        <property name="dataSet" type="EntityHandle" container="StaticArray" arraySize="1">
          <containerEntry>0x2F52F50</containerEntry>
        </property>
        <property name="modelFile" type="FilePtr" container="StaticArray" arraySize="1">
          <containerEntry>/Assets/tpp/environ/object/afghanistan/rubble/afgh_rbbl003/scenes/afgh_rbbl003.fmdl</containerEntry>
        </property>
        <property name="geomFile" type="FilePtr" container="StaticArray" arraySize="1">
          <containerEntry>/Assets/tpp/environ/object/afghanistan/rubble/afgh_rbbl003/scenes/afgh_rbbl003.geom</containerEntry>
        </property>
        <property name="isVisibleGeom" type="Bool" container="StaticArray" arraySize="1">
          <containerEntry>false</containerEntry>
        </property>
        <property name="lodFarSize" type="Float" container="StaticArray" arraySize="1">
          <containerEntry>-1</containerEntry>
        </property>
        <property name="lodNearSize" type="Float" container="StaticArray" arraySize="1">
          <containerEntry>-1</containerEntry>
        </property>
        <property name="lodPolygonSize" type="Float" container="StaticArray" arraySize="1">
          <containerEntry>-1</containerEntry>
        </property>
        <property name="drawRejectionLevel" type="Int32" container="StaticArray" arraySize="1">
          <containerEntry>8</containerEntry>
        </property>
        <property name="drawMode" type="Int32" container="StaticArray" arraySize="1">
          <containerEntry>0</containerEntry>
        </property>
        <property name="rejectFarRangeShadowCast" type="Int32" container="StaticArray" arraySize="1">
          <containerEntry>2</containerEntry>
        </property>
        <property name="parentLocator" type="EntityLink" container="StaticArray" arraySize="1">
          <containerEntry packagePathHash="0xB8A0BF169F98" archivePathHash="0xB8A0BF169F98" nameInArchiveHash="0xB8A0BF169F98">0x0</containerEntry>
        </property>
        <property name="transforms" type="Matrix4" container="DynamicArray" arraySize="4">
          <containerEntry r11="0.5927846" r12="-0.20831159" r13="0.7779546" r14="0" r21="0.083874375" r22="0.9766849" r23="0.19761494" r24="0" r31="-0.800982" r32="-0.05189275" r33="0.5964358" r34="0" r41="780.82245" r42="326.32315" r43="1131.8578" r44="1"></containerEntry>
          <containerEntry r11="-0.25561273" r12="0.21089551" r13="-0.94349504" r14="0" r21="0.1214898" r22="0.9751877" r23="0.18506515" r24="0" r31="0.9591142" r32="-0.0673199" r33="-0.27489203" r34="0" r41="771.159" r42="325.70468" r43="1141.8099" r44="1"></containerEntry>
          <containerEntry r11="-0.47103453" r12="0.22075751" r13="-0.85404575" r14="0" r21="0.12149057" r22="0.9751877" r23="0.18506496" r24="0" r31="0.8737093" r32="-0.016586617" r33="-0.486167" r34="0" r41="767.72577" r42="325.67624" r43="1144.2137" r44="1"></containerEntry>
          <containerEntry r11="-0.37031397" r12="0.1407625" r13="-0.9181794" r14="0" r21="0.06955911" r22="0.98987865" r23="0.123700306" r24="0" r31="0.9262985" r32="-0.018059772" r33="-0.3763572" r34="0" r41="775.3971" r42="325.97113" r43="1137.282" r44="1"></containerEntry>
        </property>
        <property name="colors" type="UInt32" container="DynamicArray" arraySize="4">
          <containerEntry>4294967295</containerEntry>
          <containerEntry>4294967295</containerEntry>
          <containerEntry>4294967295</containerEntry>
          <containerEntry>4294967295</containerEntry>
        </property>
      </staticProperties>
      <dynamicProperties></dynamicProperties>
    </entity>
    <entity class="StaticModelArray" classVersion="4" classID="0xD0" addr="0x2F551E0" id="0x0">
      <staticProperties>
        <property name="name" type="String" container="StaticArray" arraySize="1">
          <containerEntry>StaticModelArray0005</containerEntry>
        </property>
        <property name="dataSet" type="EntityHandle" container="StaticArray" arraySize="1">
          <containerEntry>0x2F52F50</containerEntry>
        </property>
        <property name="modelFile" type="FilePtr" container="StaticArray" arraySize="1">
          <containerEntry>/Assets/tpp/environ/object/afghanistan/rock/afgh_rock010/scenes/afgh_rock010_vrtn001.fmdl</containerEntry>
        </property>
        <property name="geomFile" type="FilePtr" container="StaticArray" arraySize="1">
          <containerEntry>/Assets/tpp/environ/object/afghanistan/rock/afgh_rock010/scenes/afgh_rock010_vrtn001.geom</containerEntry>
        </property>
        <property name="isVisibleGeom" type="Bool" container="StaticArray" arraySize="1">
          <containerEntry>false</containerEntry>
        </property>
        <property name="lodFarSize" type="Float" container="StaticArray" arraySize="1">
          <containerEntry>-1</containerEntry>
        </property>
        <property name="lodNearSize" type="Float" container="StaticArray" arraySize="1">
          <containerEntry>-1</containerEntry>
        </property>
        <property name="lodPolygonSize" type="Float" container="StaticArray" arraySize="1">
          <containerEntry>-1</containerEntry>
        </property>
        <property name="drawRejectionLevel" type="Int32" container="StaticArray" arraySize="1">
          <containerEntry>8</containerEntry>
        </property>
        <property name="drawMode" type="Int32" container="StaticArray" arraySize="1">
          <containerEntry>0</containerEntry>
        </property>
        <property name="rejectFarRangeShadowCast" type="Int32" container="StaticArray" arraySize="1">
          <containerEntry>2</containerEntry>
        </property>
        <property name="parentLocator" type="EntityLink" container="StaticArray" arraySize="1">
          <containerEntry packagePathHash="0xB8A0BF169F98" archivePathHash="0xB8A0BF169F98" nameInArchiveHash="0xB8A0BF169F98">0x0</containerEntry>
        </property>
        <property name="transforms" type="Matrix4" container="DynamicArray" arraySize="36">
          <containerEntry r11="0.416477" r12="-0.13152581" r13="-0.89958334" r14="0" r21="0.13286182" r22="0.98766214" r23="-0.082893" r24="0" r31="0.899387" r32="-0.084996924" r33="0.42881328" r34="0" r41="781.8818" r42="324.76843" r43="1127.5746" r44="1"></containerEntry>
          <containerEntry r11="0.8921459" r12="0.06675368" r13="0.4467881" r14="0" r21="-0.05362955" r22="0.9976784" r23="-0.041973617" r24="0" r31="-0.4485527" r32="0.013485528" r33="0.8936546" r34="0" r41="870.84467" r42="334.63235" r43="1102.3818" r44="1"></containerEntry>
          <containerEntry r11="0.99386716" r12="-0.110200316" r13="-0.009164564" r14="0" r21="0.10778372" r22="0.9468737" r23="0.3030063" r24="0" r31="-0.024713714" r32="-0.30213577" r33="0.95294446" r34="0" r41="848.0467" r42="327.35" r43="1126.627" r44="1"></containerEntry>
          <containerEntry r11="-0.8919455" r12="0.30124408" r13="-0.33716783" r14="0" r21="0.43439955" r22="0.77779317" r23="-0.45424074" r24="0" r31="0.12540942" r32="-0.5516238" r33="-0.82460934" r34="0" r41="842.1914" r42="328.8172" r43="1122.2406" r44="1"></containerEntry>
          <containerEntry r11="-0.805653" r12="-0.32327965" r13="-0.49640104" r14="0" r21="-0.507814" r22="0.808388" r23="0.29771465" r24="0" r31="0.3050397" r32="0.49193355" r33="-0.81544626" r34="0" r41="881.76746" r42="345.86978" r43="1057.8821" r44="1"></containerEntry>
          <containerEntry r11="0.51974416" r12="-0.84466475" r13="-0.12809217" r14="0" r21="0.64181715" r22="0.28709096" r23="0.7110905" r24="0" r31="-0.56385887" r32="-0.45179695" r33="0.691334" r34="0" r41="788.1287" r42="340.37036" r43="1079.8518" r44="1"></containerEntry>
          <containerEntry r11="0.77294797" r12="0.061345972" r13="0.631498" r14="0" r21="-0.031609856" r22="0.9978021" r23="-0.05823984" r24="0" r31="-0.6336827" r32="0.025054786" r33="0.77318823" r34="0" r41="773.58185" r42="351.51212" r43="1038.69" r44="1"></containerEntry>
          <containerEntry r11="-0.83049566" r12="-0.36756322" r13="-0.41853422" r14="0" r21="-0.49897167" r22="0.8248895" r23="0.2656774" r24="0" r31="0.24759117" r32="0.42948088" r33="-0.8684707" r34="0" r41="866.94775" r42="346.07755" r43="1074.3412" r44="1"></containerEntry>
          <containerEntry r11="-0.7445164" r12="-0.291926" r13="0.60039544" r14="0" r21="-0.27002808" r22="0.9541599" r23="0.12908785" r24="0" r31="-0.6105573" r32="-0.0660156" r33="-0.78921586" r34="0" r41="872.6747" r42="344.07193" r43="1079.9762" r44="1"></containerEntry>
          <containerEntry r11="0.6231876" r12="-0.3434908" r13="0.7026036" r14="0" r21="0.23579714" r22="0.93910396" r23="0.24996711" r24="0" r31="-0.74567914" r32="0.00989534" r33="0.66623205" r34="0" r41="871.7902" r42="338.17792" r43="1093.4456" r44="1"></containerEntry>
          <containerEntry r11="-0.9831027" r12="0.15104374" r13="0.1034048" r14="0" r21="-0.14738648" r22="-0.9881777" r23="0.042184025" r24="0" r31="0.10855431" r32="0.026230838" r33="0.9937444" r34="0" r41="831.70953" r42="351.43643" r43="1068.8267" r44="1"></containerEntry>
          <containerEntry r11="-0.45828742" r12="-0.29033107" r13="-0.84005" r14="0" r21="-0.4036425" r22="0.9100425" r23="-0.09431549" r24="0" r31="0.79186404" r32="0.29585618" r33="-0.53425103" r34="0" r41="831.7715" r42="361.1511" r43="1041.9275" r44="1"></containerEntry>
          <containerEntry r11="-0.39491796" r12="-0.43403164" r13="-0.80972934" r14="0" r21="0.1809993" r22="0.8273366" r23="-0.5317456" r24="0" r31="0.9007123" r32="-0.35655618" r33="-0.24817035" r34="0" r41="846.0238" r42="363.74332" r43="1026.1877" r44="1"></containerEntry>
          <containerEntry r11="0.26550055" r12="-0.29192555" r13="-0.91885185" r14="0" r21="0.14715281" r22="0.95416003" r23="-0.26062363" r24="0" r31="0.95281446" r32="-0.06601595" r33="0.29628772" r34="0" r41="880.2101" r42="342.7902" r43="1084.878" r44="1"></containerEntry>
          <containerEntry r11="-0.97033036" r12="-0.18913087" r13="-0.15062454" r14="0" r21="-0.15167412" r22="0.96130645" r23="-0.22996698" r24="0" r31="0.18829021" r32="-0.20029818" r33="-0.9614711" r34="0" r41="818.37103" r42="340.74527" r43="1106.6624" r44="1"></containerEntry>
          <containerEntry r11="0.9844981" r12="-0.15897565" r13="0.07408235" r14="0" r21="-0.15948819" r22="-0.9871945" r23="0.0010232358" r24="0" r31="0.07297115" r32="-0.012822651" r33="-0.99724686" r34="0" r41="820.9399" r42="350.9883" r43="1080.8151" r44="1"></containerEntry>
          <containerEntry r11="0.536066" r12="0.4390367" r13="-0.721026" r14="0" r21="-0.08547335" r22="-0.8215005" r23="-0.5637634" r24="0" r31="-0.839836" r32="0.36384335" r33="-0.40285343" r34="0" r41="779.9732" r42="335.27985" r43="1085.7241" r44="1"></containerEntry>
          <containerEntry r11="0.81363976" r12="0.30163637" r13="-0.49699652" r14="0" r21="-0.20019938" r22="0.94795704" r23="0.24758337" r24="0" r31="0.54581153" r32="-0.10194518" r33="0.83168304" r34="0" r41="786.66254" r42="346.15604" r43="1072.7874" r44="1"></containerEntry>
          <containerEntry r11="0.9086586" r12="0.40910056" r13="0.08352312" r14="0" r21="0.40847635" r22="-0.9124225" r23="0.025230888" r24="0" r31="0.08653042" r32="0.0111909695" r33="-0.99618846" r34="0" r41="841.26184" r42="339.36545" r43="1095.6788" r44="1"></containerEntry>
          <containerEntry r11="0.7982616" r12="-0.3301356" r13="-0.5037749" r14="0" r21="0.21368471" r22="0.9372244" r23="-0.27558917" r24="0" r31="0.5631319" r32="0.11234331" r33="0.81869507" r34="0" r41="783.95715" r42="333.84653" r43="1094.682" r44="1"></containerEntry>
          <containerEntry r11="-0.266211" r12="0.050277118" r13="0.9626017" r14="0" r21="-0.049358595" r22="0.9966176" r23="-0.065704085" r24="0" r31="-0.9626493" r32="-0.06500381" r33="-0.26282898" r34="0" r41="799.9888" r42="338.6041" r43="1097.9153" r44="1"></containerEntry>
          <containerEntry r11="-0.6028515" r12="0.28906703" r13="0.743648" r14="0" r21="-0.25638178" r22="-0.95281357" r23="0.16253231" r24="0" r31="0.7555391" r32="-0.09267478" r33="0.6485152" r34="0" r41="774.4725" r42="326.06067" r43="1123.8529" r44="1"></containerEntry>
          <containerEntry r11="0.3969846" r12="0.086921595" r13="-0.9137006" r14="0" r21="0.09403751" r22="0.9864146" r23="0.13469653" r24="0" r31="0.9129957" r32="-0.13939457" r33="0.38341755" r34="0" r41="857.81635" r42="339.35382" r43="1091.4283" r44="1"></containerEntry>
          <containerEntry r11="0.8658271" r12="-0.4996489" r13="0.026355024" r14="0" r21="-0.49149823" r22="-0.8592028" r23="-0.14215201" r24="0" r31="0.093670316" r32="0.11012565" r33="-0.98949766" r34="0" r41="873.1459" r42="330.35938" r43="1109.5575" r44="1"></containerEntry>
          <containerEntry r11="0.8475541" r12="-0.50959855" r13="-0.14819434" r14="0" r21="0.5215439" r22="0.8514565" r23="0.054898933" r24="0" r31="0.09820465" r32="-0.123819634" r33="0.9874333" r34="0" r41="820.56036" r42="336.2574" r43="1124.4124" r44="1"></containerEntry>
          <containerEntry r11="-0.6281708" r12="-0.030234871" r13="0.77748185" r14="0" r21="0.5480552" r22="-0.7264791" r23="0.41455305" r24="0" r31="0.55229473" r32="0.6865183" r33="0.47292775" r34="0" r41="815.57684" r42="351.58527" r43="1077.9707" r44="1"></containerEntry>
          <containerEntry r11="0.22736914" r12="-0.96658057" r13="-0.11841214" r14="0" r21="0.8736173" r22="0.2561838" r23="-0.41371346" r24="0" r31="0.43022436" r32="-0.00938119" r33="0.9026733" r34="0" r41="814.37964" r42="349.2482" r43="1096.0862" r44="1"></containerEntry>
          <containerEntry r11="-0.313709" r12="0.28351238" r13="0.9061971" r14="0" r21="-0.22953483" r22="-0.9487123" r23="0.21735288" r24="0" r31="0.92135656" r32="-0.13982034" r33="0.3627013" r34="0" r41="846.8756" r42="334.67642" r43="1103.1191" r44="1"></containerEntry>
          <containerEntry r11="0.9512116" r12="0.07957074" r13="-0.29810235" r14="0" r21="-0.029664604" r22="0.98528266" r23="0.1683392" r24="0" r31="0.30710998" r32="-0.15128309" r33="0.9395727" r34="0" r41="821.76526" r42="348.22363" r43="1099.6326" r44="1"></containerEntry>
