<fox formatVersion="2" fileVersion="0">
  <entities>
    <entity class="DataSet" classVersion="0" classID="0xE8" addr="0x2D759C0" id="0x325904A">
      <staticProperties>
        <property name="name" type="String" container="StaticArray" arraySize="1">
          <containerEntry hash="0xB8A0BF169F98"></containerEntry>
        </property>
        <property name="dataSet" type="EntityHandle" container="StaticArray" arraySize="1">
          <containerEntry>0x0</containerEntry>
        </property>
        <property name="dataList" type="EntityPtr" container="StringMap" arraySize="6">
          <containerEntry key="StaticModelArray0000">
            <data>0x2EF30A0</data>
          </containerEntry>
          <containerEntry key="StaticModelArray0001">
            <data>0x2EF3490</data>
          </containerEntry>
          <containerEntry key="StaticModelArray0002">
            <data>0x2EF3570</data>
          </containerEntry>
          <containerEntry key="StaticModelArray0003">
            <data>0x2EF35E0</data>
          </containerEntry>
          <containerEntry key="StaticModelArray0004">
            <data>0x2EF36C0</data>
          </containerEntry>
          <containerEntry key="TexturePackLoadConditioner0000">
            <data>0x2EF3CE0</data>
          </containerEntry>
        </property>
      </staticProperties>
      <dynamicProperties></dynamicProperties>
    </entity>
    <entity class="StaticModelArray" classVersion="4" classID="0xD0" addr="0x2EF30A0" id="0x0">
      <staticProperties>
        <property name="name" type="String" container="StaticArray" arraySize="1">
          <containerEntry>StaticModelArray0000</containerEntry>
        </property>
        <property name="dataSet" type="EntityHandle" container="StaticArray" arraySize="1">
          <containerEntry>0x2D759C0</containerEntry>
        </property>
        <property name="modelFile" type="FilePtr" container="StaticArray" arraySize="1">
          <containerEntry>/Assets/tpp/environ/object/middle_africa/mud/mafr_mudd003/scenes/mafr_mudd003_rock001.fmdl</containerEntry>
        </property>
        <property name="geomFile" type="FilePtr" container="StaticArray" arraySize="1">
          <containerEntry>/Assets/tpp/environ/object/middle_africa/mud/mafr_mudd003/scenes/mafr_mudd003_rock001.geom</containerEntry>
        </property>
        <property name="isVisibleGeom" type="Bool" container="StaticArray" arraySize="1">
          <containerEntry>false</containerEntry>
        </property>
        <property name="lodFarSize" type="Float" container="StaticArray" arraySize="1">
          <containerEntry>-1</containerEntry>
        </property>
        <property name="lodNearSize" type="Float" container="StaticArray" arraySize="1">
          <containerEntry>-1</containerEntry>
        </property>
        <property name="lodPolygonSize" type="Float" container="StaticArray" arraySize="1">
          <containerEntry>-1</containerEntry>
        </property>
        <property name="drawRejectionLevel" type="Int32" container="StaticArray" arraySize="1">
          <containerEntry>8</containerEntry>
        </property>
        <property name="drawMode" type="Int32" container="StaticArray" arraySize="1">
          <containerEntry>0</containerEntry>
        </property>
        <property name="rejectFarRangeShadowCast" type="Int32" container="StaticArray" arraySize="1">
          <containerEntry>2</containerEntry>
        </property>
        <property name="parentLocator" type="EntityLink" container="StaticArray" arraySize="1">
          <containerEntry packagePathHash="0xB8A0BF169F98" archivePathHash="0xB8A0BF169F98" nameInArchiveHash="0xB8A0BF169F98">0x0</containerEntry>
        </property>
        <property name="transforms" type="Matrix4" container="DynamicArray" arraySize="2">
          <containerEntry r11="-0.42376053" r12="0" r13="-0.90577453" r14="0" r21="0" r22="1" r23="0" r24="0" r31="0.90577453" r32="0" r33="-0.42376053" r34="0" r41="-524.3082" r42="-7.693734" r43="475.17767" r44="1"></containerEntry>
          <containerEntry r11="-0.5989797" r12="0" r13="-0.800765" r14="0" r21="0" r22="1" r23="0" r24="0" r31="0.800765" r32="0" r33="-0.5989797" r34="0" r41="-557.7749" r42="-7.426064" r43="465.94202" r44="1"></containerEntry>
        </property>
        <property name="colors" type="UInt32" container="DynamicArray" arraySize="2">
          <containerEntry>4294967295</containerEntry>
          <containerEntry>4294967295</containerEntry>
        </property>
      </staticProperties>
      <dynamicProperties></dynamicProperties>
    </entity>
    <entity class="StaticModelArray" classVersion="4" classID="0xD0" addr="0x2EF3490" id="0x0">
      <staticProperties>
        <property name="name" type="String" container="StaticArray" arraySize="1">
          <containerEntry>StaticModelArray0001</containerEntry>
        </property>
        <property name="dataSet" type="EntityHandle" container="StaticArray" arraySize="1">
          <containerEntry>0x2D759C0</containerEntry>
        </property>
        <property name="modelFile" type="FilePtr" container="StaticArray" arraySize="1">
          <containerEntry>/Assets/tpp/environ/object/middle_africa/cliff/mafr_clff004/scenes/mafr_clff004_rock001.fmdl</containerEntry>
        </property>
        <property name="geomFile" type="FilePtr" container="StaticArray" arraySize="1">
          <containerEntry>/Assets/tpp/environ/object/middle_africa/cliff/mafr_clff004/scenes/mafr_clff004_rock001.geom</containerEntry>
        </property>
        <property name="isVisibleGeom" type="Bool" container="StaticArray" arraySize="1">
          <containerEntry>false</containerEntry>
        </property>
        <property name="lodFarSize" type="Float" container="StaticArray" arraySize="1">
          <containerEntry>-1</containerEntry>
        </property>
        <property name="lodNearSize" type="Float" container="StaticArray" arraySize="1">
          <containerEntry>-1</containerEntry>
        </property>
        <property name="lodPolygonSize" type="Float" container="StaticArray" arraySize="1">
          <containerEntry>-1</containerEntry>
        </property>
        <property name="drawRejectionLevel" type="Int32" container="StaticArray" arraySize="1">
          <containerEntry>8</containerEntry>
        </property>
        <property name="drawMode" type="Int32" container="StaticArray" arraySize="1">
          <containerEntry>0</containerEntry>
        </property>
        <property name="rejectFarRangeShadowCast" type="Int32" container="StaticArray" arraySize="1">
          <containerEntry>2</containerEntry>
        </property>
        <property name="parentLocator" type="EntityLink" container="StaticArray" arraySize="1">
          <containerEntry packagePathHash="0xB8A0BF169F98" archivePathHash="0xB8A0BF169F98" nameInArchiveHash="0xB8A0BF169F98">0x0</containerEntry>
        </property>
        <property name="transforms" type="Matrix4" container="DynamicArray" arraySize="2">
          <containerEntry r11="0.98944396" r12="-0.14490841" r13="-0.0014843848" r14="0" r21="0.14490841" r22="0.9892352" r23="0.020376934" r24="0" r31="-0.0014843848" r32="-0.020376934" r33="0.99979126" r34="0" r41="-530.4852" r42="-3.417036" r43="434.1223" r44="1"></containerEntry>
          <containerEntry r11="0.98944396" r12="-0.14490841" r13="-0.0014843848" r14="0" r21="0.14490841" r22="0.9892352" r23="0.020376934" r24="0" r31="-0.0014843848" r32="-0.020376934" r33="0.99979126" r34="0" r41="-593.1135" r42="-3.183286" r43="449.73697" r44="1"></containerEntry>
        </property>
        <property name="colors" type="UInt32" container="DynamicArray" arraySize="2">
          <containerEntry>4294967295</containerEntry>
          <containerEntry>4294967295</containerEntry>
        </property>
      </staticProperties>
      <dynamicProperties></dynamicProperties>
    </entity>
    <entity class="StaticModelArray" classVersion="4" classID="0xD0" addr="0x2EF3570" id="0x0">
      <staticProperties>
        <property name="name" type="String" container="StaticArray" arraySize="1">
          <containerEntry>StaticModelArray0002</containerEntry>
        </property>
        <property name="dataSet" type="EntityHandle" container="StaticArray" arraySize="1">
          <containerEntry>0x2D759C0</containerEntry>
        </property>
        <property name="modelFile" type="FilePtr" container="StaticArray" arraySize="1">
          <containerEntry>/Assets/tpp/environ/object/middle_africa/rock/mafr_rock002/scenes/mafr_rock002.fmdl</containerEntry>
        </property>
        <property name="geomFile" type="FilePtr" container="StaticArray" arraySize="1">
          <containerEntry>/Assets/tpp/environ/object/middle_africa/rock/mafr_rock002/scenes/mafr_rock002.geom</containerEntry>
        </property>
        <property name="isVisibleGeom" type="Bool" container="StaticArray" arraySize="1">
          <containerEntry>false</containerEntry>
        </property>
        <property name="lodFarSize" type="Float" container="StaticArray" arraySize="1">
          <containerEntry>-1</containerEntry>
        </property>
        <property name="lodNearSize" type="Float" container="StaticArray" arraySize="1">
          <containerEntry>-1</containerEntry>
        </property>
        <property name="lodPolygonSize" type="Float" container="StaticArray" arraySize="1">
          <containerEntry>-1</containerEntry>
        </property>
        <property name="drawRejectionLevel" type="Int32" container="StaticArray" arraySize="1">
          <containerEntry>8</containerEntry>
        </property>
        <property name="drawMode" type="Int32" container="StaticArray" arraySize="1">
          <containerEntry>0</containerEntry>
        </property>
        <property name="rejectFarRangeShadowCast" type="Int32" container="StaticArray" arraySize="1">
          <containerEntry>2</containerEntry>
        </property>
        <property name="parentLocator" type="EntityLink" container="StaticArray" arraySize="1">
          <containerEntry packagePathHash="0xB8A0BF169F98" archivePathHash="0xB8A0BF169F98" nameInArchiveHash="0xB8A0BF169F98">0x0</containerEntry>
        </property>
        <property name="transforms" type="Matrix4" container="DynamicArray" arraySize="3">
          <containerEntry r11="0.034061193" r12="0" r13="0.9994192" r14="0" r21="0" r22="1" r23="0" r24="0" r31="-0.9994192" r32="0" r33="0.034061193" r34="0" r41="-534.2442" r42="-3.515928" r43="442.02063" r44="1"></containerEntry>
          <containerEntry r11="0.014891803" r12="0" r13="0.99988854" r14="0" r21="0" r22="1" r23="0" r24="0" r31="-0.99988854" r32="0" r33="0.014891803" r34="0" r41="-594.2257" r42="-3.416708" r43="442.51337" r44="1"></containerEntry>
          <containerEntry r11="0.4873759" r12="-0.017306052" r13="-0.8730206" r14="0" r21="0.014256764" r22="0.99982804" r23="-0.011860741" r24="0" r31="0.87307566" r32="-0.006665813" r33="0.4875388" r34="0" r41="-571.05493" r42="-3.573219" r43="413.52905" r44="1"></containerEntry>
        </property>
        <property name="colors" type="UInt32" container="DynamicArray" arraySize="3">
          <containerEntry>4294967295</containerEntry>
          <containerEntry>4294967295</containerEntry>
          <containerEntry>4294967295</containerEntry>
        </property>
      </staticProperties>
      <dynamicProperties></dynamicProperties>
    </entity>
    <entity class="StaticModelArray" classVersion="4" classID="0xD0" addr="0x2EF35E0" id="0x0">
      <staticProperties>
        <property name="name" type="String" container="StaticArray" arraySize="1">
          <containerEntry>StaticModelArray0003</containerEntry>
        </property>
        <property name="dataSet" type="EntityHandle" container="StaticArray" arraySize="1">
          <containerEntry>0x2D759C0</containerEntry>
        </property>
        <property name="modelFile" type="FilePtr" container="StaticArray" arraySize="1">
          <containerEntry>/Assets/tpp/environ/object/middle_africa/mud/mafr_mudd003/scenes/mafr_mudd003.fmdl</containerEntry>
        </property>
        <property name="geomFile" type="FilePtr" container="StaticArray" arraySize="1">
          <containerEntry>/Assets/tpp/environ/object/middle_africa/mud/mafr_mudd003/scenes/mafr_mudd003.geom</containerEntry>
        </property>
        <property name="isVisibleGeom" type="Bool" container="StaticArray" arraySize="1">
          <containerEntry>false</containerEntry>
        </property>
        <property name="lodFarSize" type="Float" container="StaticArray" arraySize="1">
          <containerEntry>-1</containerEntry>
        </property>
        <property name="lodNearSize" type="Float" container="StaticArray" arraySize="1">
          <containerEntry>-1</containerEntry>
        </property>
        <property name="lodPolygonSize" type="Float" container="StaticArray" arraySize="1">
          <containerEntry>-1</containerEntry>
        </property>
        <property name="drawRejectionLevel" type="Int32" container="StaticArray" arraySize="1">
          <containerEntry>8</containerEntry>
        </property>
        <property name="drawMode" type="Int32" container="StaticArray" arraySize="1">
          <containerEntry>0</containerEntry>
        </property>
        <property name="rejectFarRangeShadowCast" type="Int32" container="StaticArray" arraySize="1">
          <containerEntry>2</containerEntry>
        </property>
        <property name="parentLocator" type="EntityLink" container="StaticArray" arraySize="1">
          <containerEntry packagePathHash="0xB8A0BF169F98" archivePathHash="0xB8A0BF169F98" nameInArchiveHash="0xB8A0BF169F98">0x0</containerEntry>
        </property>
        <property name="transforms" type="Matrix4" container="DynamicArray" arraySize="54">
          <containerEntry r11="0.6311282" r12="0" r13="-0.77567863" r14="0" r21="0" r22="1" r23="0" r24="0" r31="0.77567863" r32="0" r33="0.6311282" r34="0" r41="-577.9541" r42="-3.993396" r43="471.31158" r44="1"></containerEntry>
          <containerEntry r11="0.36103004" r12="0" r13="0.93255377" r14="0" r21="0" r22="1" r23="0" r24="0" r31="-0.93255377" r32="0" r33="0.36103004" r34="0" r41="-594.3616" r42="-4.196663" r43="483.64954" r44="1"></containerEntry>
          <containerEntry r11="-0.22935903" r12="0" r13="-0.9733421" r14="0" r21="0" r22="1" r23="0" r24="0" r31="0.9733421" r32="0" r33="-0.22935903" r34="0" r41="-618.46533" r42="-4.126924" r43="434.62628" r44="1"></containerEntry>
          <containerEntry r11="0.3067869" r12="0" r13="0.95177764" r14="0" r21="0" r22="1" r23="0" r24="0" r31="-0.95177764" r32="0" r33="0.3067869" r34="0" r41="-618.72534" r42="-4.126924" r43="441.0183" r44="1"></containerEntry>
          <containerEntry r11="-0.17923331" r12="0" r13="0.9838071" r14="0" r21="0" r22="1" r23="0" r24="0" r31="-0.9838071" r32="0" r33="-0.17923331" r34="0" r41="-619.9917" r42="-4.116665" r43="447.7599" r44="1"></containerEntry>
          <containerEntry r11="0.72016275" r12="0" r13="0.6938054" r14="0" r21="0" r22="1" r23="0" r24="0" r31="-0.6938054" r32="0" r33="0.72016275" r34="0" r41="-542.63385" r42="-4.096797" r43="412.41568" r44="1"></containerEntry>
          <containerEntry r11="-0.10848904" r12="0" r13="-0.9940973" r14="0" r21="0" r22="1" r23="0" r24="0" r31="0.9940973" r32="0" r33="-0.10848904" r34="0" r41="-556.2095" r42="-4.096797" r43="408.21152" r44="1"></containerEntry>
          <containerEntry r11="0.73888993" r12="0" r13="0.6738259" r14="0" r21="0" r22="1" r23="0" r24="0" r31="-0.6738259" r32="0" r33="0.73888993" r34="0" r41="-564.26807" r42="-4.096797" r43="418.0746" r44="1"></containerEntry>
          <containerEntry r11="0.083897054" r12="0" r13="-0.9964737" r14="0" r21="0" r22="1" r23="0" r24="0" r31="0.9964737" r32="0" r33="0.083897054" r34="0" r41="-555.14355" r42="-4.096797" r43="493.4358" r44="1"></containerEntry>
          <containerEntry r11="0.9167639" r12="0" r13="-0.39942956" r14="0" r21="0" r22="1" r23="0" r24="0" r31="0.39942956" r32="0" r33="0.9167639" r34="0" r41="-570.6598" r42="-4.077774" r43="460.68365" r44="1"></containerEntry>
          <containerEntry r11="-0.8740325" r12="0" r13="-0.48586428" r14="0" r21="0" r22="1" r23="0" r24="0" r31="0.48586428" r32="0" r33="-0.8740325" r34="0" r41="-577.0477" r42="-3.993396" r43="486.7154" r44="1"></containerEntry>
          <containerEntry r11="0.45250672" r12="0" r13="-0.89176095" r14="0" r21="0" r22="1" r23="0" r24="0" r31="0.89176095" r32="0" r33="0.45250672" r34="0" r41="-616.4191" r42="-4.126924" r43="430.46548" r44="1"></containerEntry>
          <containerEntry r11="-0.9500321" r12="0" r13="0.31215596" r14="0" r21="0" r22="1" r23="0" r24="0" r31="-0.31215596" r32="0" r33="-0.9500321" r34="0" r41="-605.88226" r42="-4.092017" r43="422.7126" r44="1"></containerEntry>
          <containerEntry r11="0.68586564" r12="0" r13="-0.72772837" r14="0" r21="0" r22="1" r23="0" r24="0" r31="0.72772837" r32="0" r33="0.68586564" r34="0" r41="-600.94904" r42="-4.092017" r43="421.72687" r44="1"></containerEntry>
          <containerEntry r11="-0.5772904" r12="0" r13="-0.8165382" r14="0" r21="0" r22="1" r23="0" r24="0" r31="0.8165382" r32="0" r33="-0.5772904" r34="0" r41="-593.65436" r42="-4.092017" r43="412.4594" r44="1"></containerEntry>
          <containerEntry r11="-0.763766" r12="0.0020485315" r13="0.64548993" r14="0" r21="0.01702866" r22="0.99971086" r23="0.01697621" r24="0" r31="-0.64526856" r32="0.023957679" r33="-0.7635801" r34="0" r41="-583.74316" r42="-4.145437" r43="405.79382" r44="1"></containerEntry>
          <containerEntry r11="-0.39071897" r12="-0.008974178" r13="0.9204659" r14="0" r21="0.017028676" r22="0.99971086" r23="0.016975114" r24="0" r31="-0.92035216" r32="0.022306824" r33="-0.39045322" r34="0" r41="-579.14984" r42="-4.136166" r43="401.20776" r44="1"></containerEntry>
          <containerEntry r11="-0.30380997" r12="-0.01100178" r13="0.95266944" r14="0" r21="0.017027609" r22="0.9997109" r23="0.016975202" r24="0" r31="-0.95258075" r32="0.021378908" r33="-0.3035348" r34="0" r41="-567.73865" r42="-4.132888" r43="386.4353" r44="1"></containerEntry>
          <containerEntry r11="-0.13318495" r12="0.019094253" r13="-0.9909078" r14="0" r21="0.017027417" r22="0.9997109" r23="0.016975299" r24="0" r31="0.99094546" r32="-0.014611748" r33="-0.13347155" r34="0" r41="-572.2426" r42="-4.133974" r43="391.71066" r44="1"></containerEntry>
          <containerEntry r11="-0.64291525" r12="0" r13="-0.76593596" r14="0" r21="0" r22="1" r23="0" r24="0" r31="0.76593596" r32="0" r33="-0.64291525" r34="0" r41="-612.05286" r42="-4.229626" r43="458.02966" r44="1"></containerEntry>
          <containerEntry r11="-0.64291525" r12="0" r13="-0.76593596" r14="0" r21="0" r22="1" r23="0" r24="0" r31="0.76593596" r32="0" r33="-0.64291525" r34="0" r41="-608.3031" r42="-4.229626" r43="461.00766" r44="1"></containerEntry>
          <containerEntry r11="-0.64291525" r12="0" r13="-0.76593596" r14="0" r21="0" r22="1" r23="0" r24="0" r31="0.76593596" r32="0" r33="-0.64291525" r34="0" r41="-602.38684" r42="-4.229626" r43="467.57257" r44="1"></containerEntry>
          <containerEntry r11="0.6144228" r12="0" r13="0.78897655" r14="0" r21="0" r22="1" r23="0" r24="0" r31="-0.78897655" r32="0" r33="0.6144228" r34="0" r41="-598.63995" r42="-4.229626" r43="474.19632" r44="1"></containerEntry>
          <containerEntry r11="0.36103004" r12="0" r13="0.93255377" r14="0" r21="0" r22="1" r23="0" r24="0" r31="-0.93255377" r32="0" r33="0.36103004" r34="0" r41="-590.60974" r42="-4.11014" r43="498.46756" r44="1"></containerEntry>
          <containerEntry r11="0.36103004" r12="0" r13="0.93255377" r14="0" r21="0" r22="1" r23="0" r24="0" r31="-0.93255377" r32="0" r33="0.36103004" r34="0" r41="-589.79614" r42="-4.129741" r43="503.0364" r44="1"></containerEntry>
          <containerEntry r11="0.046626687" r12="0" r13="-0.9989124" r14="0" r21="0" r22="1" r23="0" r24="0" r31="0.9989124" r32="0" r33="0.046626687" r34="0" r41="-566.32684" r42="-4.096797" r43="496.86673" r44="1"></containerEntry>
          <containerEntry r11="0.26962766" r12="0.0030168176" r13="0.9629598" r14="0" r21="-0.0033890682" r22="0.99999183" r23="-0.0021838984" r24="0" r31="-0.96295863" r32="-0.0026746974" r33="0.26963568" r34="0" r41="-522.36" r42="-4.033363" r43="506.01617" r44="1"></containerEntry>
          <containerEntry r11="0.37443197" r12="0" r13="0.9272545" r14="0" r21="0" r22="1" r23="0" r24="0" r31="-0.9272545" r32="0" r33="0.37443197" r34="0" r41="-569.9674" r42="-3.993396" r43="501.31946" r44="1"></containerEntry>
          <containerEntry r11="0.998498" r12="0" r13="-0.05478739" r14="0" r21="0" r22="1" r23="0" r24="0" r31="0.05478739" r32="0" r33="0.998498" r34="0" r41="-539.1069" r42="-3.968117" r43="493.12122" r44="1"></containerEntry>
          <containerEntry r11="0.72016275" r12="0" r13="0.6938054" r14="0" r21="0" r22="1" r23="0" r24="0" r31="-0.6938054" r32="0" r33="0.72016275" r34="0" r41="-549.4626" r42="-4.096797" r43="473.9069" r44="1"></containerEntry>
          <containerEntry r11="0.38698107" r12="0" r13="-0.9220879" r14="0" r21="0" r22="1" r23="0" r24="0" r31="0.9220879" r32="0" r33="0.38698107" r34="0" r41="-576.23364" r42="-4.077774" r43="464.85364" r44="1"></containerEntry>
          <containerEntry r11="-0.24131763" r12="0" r13="-0.9704465" r14="0" r21="0" r22="1" r23="0" r24="0" r31="0.9704465" r32="0" r33="-0.24131763" r34="0" r41="-586.45404" r42="-3.96115" r43="438.3191" r44="1"></containerEntry>
          <containerEntry r11="-0.29828238" r12="0" r13="-0.9544771" r14="0" r21="0" r22="1" r23="0" r24="0" r31="0.9544771" r32="0" r33="-0.29828238" r34="0" r41="-563.3982" r42="-4.096797" r43="484.96503" r44="1"></containerEntry>
          <containerEntry r11="0.10857248" r12="0" r13="-0.9940885" r14="0" r21="0" r22="1" r23="0" r24="0" r31="0.9940885" r32="0" r33="0.10857248" r34="0" r41="-548.0323" r42="-4.096797" r43="439.53912" r44="1"></containerEntry>
          <containerEntry r11="0.6954708" r12="0" r13="-0.718554" r14="0" r21="0" r22="1" r23="0" r24="0" r31="0.718554" r32="0" r33="0.6954708" r34="0" r41="-551.94885" r42="-4.096797" r43="429.12823" r44="1"></containerEntry>
          <containerEntry r11="0.72016275" r12="0" r13="0.6938054" r14="0" r21="0" r22="1" r23="0" r24="0" r31="-0.6938054" r32="0" r33="0.72016275" r34="0" r41="-549.45667" r42="-4.096797" r43="494.3896" r44="1"></containerEntry>
          <containerEntry r11="0.46142328" r12="0" r13="-0.8871804" r14="0" r21="0" r22="1" r23="0" r24="0" r31="0.8871804" r32="0" r33="0.46142328" r34="0" r41="-560.57965" r42="-4.096797" r43="503.5855" r44="1"></containerEntry>
          <containerEntry r11="0.6954708" r12="0" r13="-0.718554" r14="0" r21="0" r22="1" r23="0" r24="0" r31="0.718554" r32="0" r33="0.6954708" r34="0" r41="-582.4371" r42="-4.096797" r43="416.29736" r44="1"></containerEntry>
          <containerEntry r11="0.73888993" r12="0" r13="0.6738259" r14="0" r21="0" r22="1" r23="0" r24="0" r31="-0.6738259" r32="0" r33="0.73888993" r34="0" r41="-565.0388" r42="-4.096797" r43="402.8689" r44="1"></containerEntry>
          <containerEntry r11="0.25354123" r12="0" r13="-0.967324" r14="0" r21="0" r22="1" r23="0" r24="0" r31="0.967324" r32="0" r33="0.25354123" r34="0" r41="-600.4929" r42="-4.096797" r43="441.11298" r44="1"></containerEntry>
          <containerEntry r11="0.10857248" r12="0" r13="-0.9940885" r14="0" r21="0" r22="1" r23="0" r24="0" r31="0.9940885" r32="0" r33="0.10857248" r34="0" r41="-546.8526" r42="-4.096797" r43="460.09177" r44="1"></containerEntry>
          <containerEntry r11="-0.29828238" r12="0" r13="-0.9544771" r14="0" r21="0" r22="1" r23="0" r24="0" r31="0.9544771" r32="0" r33="-0.29828238" r34="0" r41="-565.7838" r42="-4.096797" r43="479.57312" r44="1"></containerEntry>
          <containerEntry r11="0.23266995" r12="0" r13="-0.9725557" r14="0" r21="0" r22="1" r23="0" r24="0" r31="0.9725557" r32="0" r33="0.23266995" r34="0" r41="-566.5078" r42="-4.113811" r43="445.93817" r44="1"></containerEntry>
          <containerEntry r11="-0.22393656" r12="0" r13="0.97460383" r14="0" r21="0" r22="1" r23="0" r24="0" r31="-0.97460383" r32="0" r33="-0.22393656" r34="0" r41="-564.56506" r42="-4.096797" r43="491.3348" r44="1"></containerEntry>
          <containerEntry r11="-0.64291525" r12="0" r13="-0.76593596" r14="0" r21="0" r22="1" r23="0" r24="0" r31="0.76593596" r32="0" r33="-0.64291525" r34="0" r41="-592.7649" r42="-4.04829" r43="459.02838" r44="1"></containerEntry>
          <containerEntry r11="-0.64291525" r12="0" r13="-0.76593596" r14="0" r21="0" r22="1" r23="0" r24="0" r31="0.76593596" r32="0" r33="-0.64291525" r34="0" r41="-602.0592" r42="-4.04829" r43="445.753" r44="1"></containerEntry>
          <containerEntry r11="0.6141048" r12="0" r13="0.78922457" r14="0" r21="0" r22="1" r23="0" r24="0" r31="-0.78922457" r32="0" r33="0.6141048" r34="0" r41="-547.55084" r42="-4.096797" r43="453.41592" r44="1"></containerEntry>
          <containerEntry r11="0.77622354" r12="0" r13="0.63045794" r14="0" r21="0" r22="1" r23="0" r24="0" r31="-0.63045794" r32="0" r33="0.77622354" r34="0" r41="-574.5276" r42="-3.993396" r43="494.04657" r44="1"></containerEntry>
          <containerEntry r11="0.77622354" r12="0" r13="0.63045794" r14="0" r21="0" r22="1" r23="0" r24="0" r31="-0.63045794" r32="0" r33="0.77622354" r34="0" r41="-571.8707" r42="-3.993396" r43="499.19644" r44="1"></containerEntry>
          <containerEntry r11="-0.06718457" r12="0" r13="0.99773985" r14="0" r21="0" r22="1" r23="0" r24="0" r31="-0.99773985" r32="0" r33="-0.06718457" r34="0" r41="-583.25757" r42="-4.004189" r43="433.4041" r44="1"></containerEntry>
          <containerEntry r11="-0.6640316" r12="0" r13="0.747705" r14="0" r21="0" r22="1" r23="0" r24="0" r31="-0.747705" r32="0" r33="-0.6640316" r34="0" r41="-569.3398" r42="-4.096797" r43="420.32202" r44="1"></containerEntry>
          <containerEntry r11="0.56822306" r12="0" r13="-0.82287484" r14="0" r21="0" r22="1" r23="0" r24="0" r31="0.82287484" r32="0" r33="0.56822306" r34="0" r41="-574.4507" r42="-4.096797" r43="424.63184" r44="1"></containerEntry>
          <containerEntry r11="-0.12671673" r12="0" r13="0.9919395" r14="0" r21="0" r22="1" r23="0" r24="0" r31="-0.9919395" r32="0" r33="-0.12671673" r34="0" r41="-565.23285" r42="-4.10293" r43="473.52716" r44="1"></containerEntry>
          <containerEntry r11="0.53105617" r12="0" r13="-0.847336" r14="0" r21="0" r22="1" r23="0" r24="0" r31="0.847336" r32="0" r33="0.53105617" r34="0" r41="-629.84705" r42="-4.370367" r43="476.68518" r44="1"></containerEntry>
        </property>
        <property name="colors" type="UInt32" container="DynamicArray" arraySize="54">
          <containerEntry>4294967295</containerEntry>
          <containerEntry>4294967295</containerEntry>
          <containerEntry>4294967295</containerEntry>
          <containerEntry>4294967295</containerEntry>
          <containerEntry>4294967295</containerEntry>
          <containerEntry>4294967295</containerEntry>
          <containerEntry>4294967295</containerEntry>
          <containerEntry>4294967295</containerEntry>
          <containerEntry>4294967295</containerEntry>
          <containerEntry>4294967295</containerEntry>
          <containerEntry>4294967295</containerEntry>
          <containerEntry>4294967295</containerEntry>
          <containerEntry>4294967295</containerEntry>
          <containerEntry>4294967295</containerEntry>
          <containerEntry>4294967295</containerEntry>
          <containerEntry>4294967295</containerEntry>
          <containerEntry>4294967295</containerEntry>
          <containerEntry>4294967295</containerEntry>
          <containerEntry>4294967295</containerEntry>
          <containerEntry>4294967295</containerEntry>
          <containerEntry>4294967295</containerEntry>
          <containerEntry>4294967295</containerEntry>
          <containerEntry>4294967295</containerEntry>
          <containerEntry>4294967295</containerEntry>
          <containerEntry>4294967295</containerEntry>
          <containerEntry>4294967295</containerEntry>
          <containerEntry>4294967295</containerEntry>
          <containerEntry>4294967295</containerEntry>
          <containerEntry>4294967295</containerEntry>
          <containerEntry>4294967295</containerEntry>
          <containerEntry>4294967295</containerEntry>
          <containerEntry>4294967295</containerEntry>
          <containerEntry>4294967295</containerEntry>
          <containerEntry>4294967295</containerEntry>
          <containerEntry>4294967295</containerEntry>
          <containerEntry>4294967295</containerEntry>
          <containerEntry>4294967295</containerEntry>
          <containerEntry>4294967295</containerEntry>
          <containerEntry>4294967295</containerEntry>
          <containerEntry>4294967295</containerEntry>
          <containerEntry>4294967295</containerEntry>
          <containerEntry>4294967295</containerEntry>
          <containerEntry>4294967295</containerEntry>
          <containerEntry>4294967295</containerEntry>
          <containerEntry>4294967295</containerEntry>
          <containerEntry>4294967295</containerEntry>
          <containerEntry>4294967295</containerEntry>
          <containerEntry>4294967295</containerEntry>
          <containerEntry>4294967295</containerEntry>
          <containerEntry>4294967295</containerEntry>
          <containerEntry>4294967295</containerEntry>
          <containerEntry>4294967295</containerEntry>
          <containerEntry>4294967295</containerEntry>
          <containerEntry>4294967295</containerEntry>
        </property>
      </staticProperties>
      <dynamicProperties></dynamicProperties>
    </entity>
    <entity class="StaticModelArray" classVersion="4" classID="0xD0" addr="0x2EF36C0" id="0x0">
      <staticProperties>
        <property name="name" type="String" container="StaticArray" arraySize="1">
          <containerEntry>StaticModelArray0004</containerEntry>
        </property>
        <property name="dataSet" type="EntityHandle" container="StaticArray" arraySize="1">
          <containerEntry>0x2D759C0</containerEntry>
        </property>
        <property name="modelFile" type="FilePtr" container="StaticArray" arraySize="1">
          <containerEntry>/Assets/tpp/environ/object/middle_africa/mud/mafr_mudd003/scenes/mafr_mudd003_grnd001.fmdl</containerEntry>
        </property>
        <property name="geomFile" type="FilePtr" container="StaticArray" arraySize="1">
          <containerEntry>/Assets/tpp/environ/object/middle_africa/mud/mafr_mudd003/scenes/mafr_mudd003_grnd001.geom</containerEntry>
        </property>
        <property name="isVisibleGeom" type="Bool" container="StaticArray" arraySize="1">
          <containerEntry>false</containerEntry>
        </property>
        <property name="lodFarSize" type="Float" container="StaticArray" arraySize="1">
          <containerEntry>-1</containerEntry>
        </property>
        <property name="lodNearSize" type="Float" container="StaticArray" arraySize="1">
          <containerEntry>-1</containerEntry>
        </property>
        <property name="lodPolygonSize" type="Float" container="StaticArray" arraySize="1">
          <containerEntry>-1</containerEntry>
        </property>
        <property name="drawRejectionLevel" type="Int32" container="StaticArray" arraySize="1">
          <containerEntry>8</containerEntry>
        </property>
        <property name="drawMode" type="Int32" container="StaticArray" arraySize="1">
          <containerEntry>0</containerEntry>
        </property>
        <property name="rejectFarRangeShadowCast" type="Int32" container="StaticArray" arraySize="1">
          <containerEntry>2</containerEntry>
        </property>
        <property name="parentLocator" type="EntityLink" container="StaticArray" arraySize="1">
          <containerEntry packagePathHash="0xB8A0BF169F98" archivePathHash="0xB8A0BF169F98" nameInArchiveHash="0xB8A0BF169F98">0x0</containerEntry>
        </property>
        <property name="transforms" type="Matrix4" container="DynamicArray" arraySize="26">
          <containerEntry r11="-0.714252" r12="0" r13="0.6998872" r14="0" r21="0" r22="1" r23="0" r24="0" r31="-0.6998872" r32="0" r33="-0.714252" r34="0" r41="-526.3744" r42="-3.92077" r43="432.16895" r44="1"></containerEntry>
          <containerEntry r11="-0.025715828" r12="0" r13="0.99966985" r14="0" r21="0" r22="1" r23="0" r24="0" r31="-0.99966985" r32="0" r33="-0.025715828" r34="0" r41="-533.7668" r42="-3.92077" r43="479.21698" r44="1"></containerEntry>
          <containerEntry r11="-0.45767915" r12="0" r13="0.88911635" r14="0" r21="0" r22="1" r23="0" r24="0" r31="-0.88911635" r32="0" r33="-0.45767915" r34="0" r41="-530.99976" r42="-3.92077" r43="496.4148" r44="1"></containerEntry>
          <containerEntry r11="0.69010925" r12="0" r13="-0.7237048" r14="0" r21="0" r22="1" r23="0" r24="0" r31="0.7237048" r32="0" r33="0.69010925" r34="0" r41="-537.9678" r42="-3.92077" r43="435.46292" r44="1"></containerEntry>
          <containerEntry r11="0.9344354" r12="0.009554869" r13="-0.3560043" r14="0" r21="-0.00949695" r22="0.9999531" r23="0.0019104634" r24="0" r31="0.35600585" r32="0.0015957523" r33="0.93448234" r34="0" r41="-514.9082" r42="-3.92077" r43="428.05515" r44="1"></containerEntry>
          <containerEntry r11="-0.45767915" r12="0" r13="0.88911635" r14="0" r21="0" r22="1" r23="0" r24="0" r31="-0.88911635" r32="0" r33="-0.45767915" r34="0" r41="-543.50696" r42="-3.92077" r43="503.21893" r44="1"></containerEntry>
          <containerEntry r11="0.8889139" r12="0.0093173245" r13="-0.45797962" r14="0" r21="-0.009497344" r22="0.9999531" r23="0.0019096199" r24="0" r31="0.45797592" r32="0.0026520996" r33="0.8889607" r34="0" r41="-519.2831" r42="-3.92077" r43="439.22223" r44="1"></containerEntry>
          <containerEntry r11="0.45704925" r12="0" r13="-0.88944083" r14="0" r21="0" r22="1" r23="0" r24="0" r31="0.88944083" r32="0" r33="0.45704925" r34="0" r41="-529.13354" r42="-3.92077" r43="437.63058" r44="1"></containerEntry>
          <containerEntry r11="-0.45767915" r12="0" r13="0.88911635" r14="0" r21="0" r22="1" r23="0" r24="0" r31="-0.88911635" r32="0" r33="-0.45767915" r34="0" r41="-530.0797" r42="-3.92077" r43="488.13605" r44="1"></containerEntry>
          <containerEntry r11="0.41768962" r12="0" r13="-0.90858954" r14="0" r21="0" r22="1" r23="0" r24="0" r31="0.90858954" r32="0" r33="0.41768962" r34="0" r41="-522.8286" r42="-3.92077" r43="480.95605" r44="1"></containerEntry>
          <containerEntry r11="-0.22135937" r12="0" r13="-0.9751918" r14="0" r21="0" r22="1" r23="0" r24="0" r31="0.9751918" r32="0" r33="-0.22135937" r34="0" r41="-518.2226" r42="-3.92077" r43="491.90515" r44="1"></containerEntry>
          <containerEntry r11="0.530031" r12="0.0066525713" r13="-0.8479517" r14="0" r21="-0.009496966" r22="0.9999531" r23="0.0019088048" r24="0" r31="0.84792465" r32="0.007041251" r33="0.53006935" r34="0" r41="-524.6262" r42="-3.92077" r43="469.0597" r44="1"></containerEntry>
          <containerEntry r11="0.530031" r12="0.0066525713" r13="-0.8479517" r14="0" r21="-0.009496966" r22="0.9999531" r23="0.0019088048" r24="0" r31="0.84792465" r32="0.007041251" r33="0.53006935" r34="0" r41="-522.54285" r42="-3.92077" r43="458.46704" r44="1"></containerEntry>
          <containerEntry r11="0.8889139" r12="0.0093173245" r13="-0.45797962" r14="0" r21="-0.009497344" r22="0.9999531" r23="0.0019096199" r24="0" r31="0.45797592" r32="0.0026520996" r33="0.8889607" r34="0" r41="-513.25934" r42="-3.92077" r43="427.11853" r44="1"></containerEntry>
          <containerEntry r11="0.8889139" r12="0.0093173245" r13="-0.45797962" r14="0" r21="-0.009497344" r22="0.9999531" r23="0.0019096199" r24="0" r31="0.45797592" r32="0.0026520996" r33="0.8889607" r34="0" r41="-510.6662" r42="-3.92077" r43="417.0431" r44="1"></containerEntry>
          <containerEntry r11="-0.61096215" r12="0" r13="0.7916598" r14="0" r21="0" r22="1" r23="0" r24="0" r31="-0.7916598" r32="0" r33="-0.61096215" r34="0" r41="-529.9894" r42="-3.791978" r43="449.31104" r44="1"></containerEntry>
          <containerEntry r11="0.69010925" r12="0" r13="-0.7237048" r14="0" r21="0" r22="1" r23="0" r24="0" r31="0.7237048" r32="0" r33="0.69010925" r34="0" r41="-531.89624" r42="-3.932276" r43="427.1404" r44="1"></containerEntry>
          <containerEntry r11="0.87775666" r12="0" r13="-0.4791066" r14="0" r21="0" r22="1" r23="0" r24="0" r31="0.4791066" r32="0" r33="0.87775666" r34="0" r41="-514.2737" r42="-3.92077" r43="396.80878" r44="1"></containerEntry>
          <containerEntry r11="0.988486" r12="0" r13="-0.1513125" r14="0" r21="0" r22="1" r23="0" r24="0" r31="0.1513125" r32="0" r33="0.988486" r34="0" r41="-551.7899" r42="-3.92077" r43="397.20212" r44="1"></containerEntry>
          <containerEntry r11="0.9519444" r12="0" r13="-0.3062708" r14="0" r21="0" r22="1" r23="0" r24="0" r31="0.3062708" r32="0" r33="0.9519444" r34="0" r41="-541.01917" r42="-3.92077" r43="402.33026" r44="1"></containerEntry>
          <containerEntry r11="0.69010925" r12="0" r13="-0.7237048" r14="0" r21="0" r22="1" r23="0" r24="0" r31="0.7237048" r32="0" r33="0.69010925" r34="0" r41="-546.2661" r42="-3.92077" r43="430.46313" r44="1"></containerEntry>
          <containerEntry r11="-0.4676504" r12="0" r13="0.883913" r14="0" r21="0" r22="1" r23="0" r24="0" r31="-0.883913" r32="0" r33="-0.4676504" r34="0" r41="-531.12354" r42="-3.791978" r43="453.00558" r44="1"></containerEntry>
          <containerEntry r11="-0.924981" r12="0" r13="0.38001198" r14="0" r21="0" r22="1" r23="0" r24="0" r31="-0.38001198" r32="0" r33="-0.924981" r34="0" r41="-545.8477" r42="-3.92077" r43="416.8028" r44="1"></containerEntry>
          <containerEntry r11="0.23739487" r12="0" r13="0.97141296" r14="0" r21="0" r22="1" r23="0" r24="0" r31="-0.97141296" r32="0" r33="0.23739487" r34="0" r41="-526.8366" r42="-3.932276" r43="427.1404" r44="1"></containerEntry>
          <containerEntry r11="0.988486" r12="0" r13="-0.1513125" r14="0" r21="0" r22="1" r23="0" r24="0" r31="0.1513125" r32="0" r33="0.988486" r34="0" r41="-545.4934" r42="-3.92077" r43="394.31885" r44="1"></containerEntry>
          <containerEntry r11="0.45704925" r12="0" r13="-0.88944083" r14="0" r21="0" r22="1" r23="0" r24="0" r31="0.88944083" r32="0" r33="0.45704925" r34="0" r41="-520.4348" r42="-3.92077" r43="447.19028" r44="1"></containerEntry>
        </property>
        <property name="colors" type="UInt32" container="DynamicArray" arraySize="26">
          <containerEntry>4294967295</containerEntry>
          <containerEntry>4294967295</containerEntry>
          <containerEntry>4294967295</containerEntry>
          <containerEntry>4294967295</containerEntry>
          <containerEntry>4294967295</containerEntry>
          <containerEntry>4294967295</containerEntry>
          <containerEntry>4294967295</containerEntry>
          <containerEntry>4294967295</containerEntry>
          <containerEntry>4294967295</containerEntry>
          <containerEntry>4294967295</containerEntry>
          <containerEntry>4294967295</containerEntry>
          <containerEntry>4294967295</containerEntry>
          <containerEntry>4294967295</containerEntry>
          <containerEntry>4294967295</containerEntry>
          <containerEntry>4294967295</containerEntry>
          <containerEntry>4294967295</containerEntry>
          <containerEntry>4294967295</containerEntry>
          <containerEntry>4294967295</containerEntry>
          <containerEntry>4294967295</containerEntry>
          <containerEntry>4294967295</containerEntry>
          <containerEntry>4294967295</containerEntry>
          <containerEntry>4294967295</containerEntry>
          <containerEntry>4294967295</containerEntry>
          <containerEntry>4294967295</containerEntry>
          <containerEntry>4294967295</containerEntry>
          <containerEntry>4294967295</containerEntry>
        </property>
      </staticProperties>
      <dynamicProperties></dynamicProperties>
