<fox formatVersion="2" fileVersion="0">
  <entities>
    <entity class="DataSet" classVersion="0" classID="0xE8" addr="0x2EE2D20" id="0xC96FB">
      <staticProperties>
        <property name="name" type="String" container="StaticArray" arraySize="1">
          <containerEntry hash="0xB8A0BF169F98"></containerEntry>
        </property>
        <property name="dataSet" type="EntityHandle" container="StaticArray" arraySize="1">
          <containerEntry>0x0</containerEntry>
        </property>
        <property name="dataList" type="EntityPtr" container="StringMap" arraySize="8">
          <containerEntry key="afgh_clff025_0001">
            <data>0x2EE32D0</data>
          </containerEntry>
          <containerEntry key="afgh_clff022_vrtn004_0004">
            <data>0x2EE3880</data>
          </containerEntry>
          <containerEntry key="afgh_rock010_0000">
            <data>0x2EE39D0</data>
          </containerEntry>
          <containerEntry key="StaticModelArray0000">
            <data>0x2D79A10</data>
          </containerEntry>
          <containerEntry key="StaticModelArray0001">
            <data>0x2EE3A40</data>
          </containerEntry>
          <containerEntry key="StaticModelArray0002">
            <data>0x2D78350</data>
          </containerEntry>
          <containerEntry key="StaticModelArray0003">
            <data>0x2D795B0</data>
          </containerEntry>
          <containerEntry key="TexturePackLoadConditioner0000">
            <data>0x2D79770</data>
          </containerEntry>
        </property>
      </staticProperties>
      <dynamicProperties></dynamicProperties>
    </entity>
    <entity class="StaticModel" classVersion="9" classID="0x160" addr="0x2EE32D0" id="0xC9719">
      <staticProperties>
        <property name="name" type="String" container="StaticArray" arraySize="1">
          <containerEntry>afgh_clff025_0001</containerEntry>
        </property>
        <property name="dataSet" type="EntityHandle" container="StaticArray" arraySize="1">
          <containerEntry>0x2EE2D20</containerEntry>
        </property>
        <property name="parent" type="EntityHandle" container="StaticArray" arraySize="1">
          <containerEntry>0x0</containerEntry>
        </property>
        <property name="transform" type="EntityPtr" container="StaticArray" arraySize="1">
          <containerEntry>0x2EE3340</containerEntry>
        </property>
        <property name="shearTransform" type="EntityPtr" container="StaticArray" arraySize="1">
          <containerEntry>0x0</containerEntry>
        </property>
        <property name="pivotTransform" type="EntityPtr" container="StaticArray" arraySize="1">
          <containerEntry>0x0</containerEntry>
        </property>
        <property name="children" type="EntityHandle" container="List"></property>
        <property name="flags" type="UInt32" container="StaticArray" arraySize="1">
          <containerEntry>7</containerEntry>
        </property>
        <property name="modelFile" type="FilePtr" container="StaticArray" arraySize="1">
          <containerEntry>/Assets/tpp/environ/object/afghanistan/cliff/afgh_clff025/scenes/afgh_clff025.fmdl</containerEntry>
        </property>
        <property name="geomFile" type="FilePtr" container="StaticArray" arraySize="1">
          <containerEntry>/Assets/tpp/environ/object/afghanistan/cliff/afgh_clff025/scenes/afgh_clff025.geom</containerEntry>
        </property>
        <property name="isVisibleGeom" type="Bool" container="StaticArray" arraySize="1">
          <containerEntry>false</containerEntry>
        </property>
        <property name="isIsolated" type="Bool" container="StaticArray" arraySize="1">
          <containerEntry>false</containerEntry>
        </property>
        <property name="lodFarSize" type="Float" container="StaticArray" arraySize="1">
          <containerEntry>-1</containerEntry>
        </property>
        <property name="lodNearSize" type="Float" container="StaticArray" arraySize="1">
          <containerEntry>-1</containerEntry>
        </property>
        <property name="lodPolygonSize" type="Float" container="StaticArray" arraySize="1">
          <containerEntry>-1</containerEntry>
        </property>
        <property name="color" type="Color" container="StaticArray" arraySize="1">
          <containerEntry r="1" g="1" b="1" a="1"></containerEntry>
        </property>
        <property name="drawRejectionLevel" type="Int32" container="StaticArray" arraySize="1">
          <containerEntry>8</containerEntry>
        </property>
        <property name="drawMode" type="Int32" container="StaticArray" arraySize="1">
          <containerEntry>0</containerEntry>
        </property>
        <property name="rejectFarRangeShadowCast" type="Int32" container="StaticArray" arraySize="1">
          <containerEntry>2</containerEntry>
        </property>
      </staticProperties>
      <dynamicProperties></dynamicProperties>
    </entity>
    <entity class="TransformEntity" classVersion="0" classID="0x50" addr="0x2EE3340" id="0xC971C">
      <staticProperties>
        <property name="owner" type="EntityHandle" container="StaticArray" arraySize="1">
          <containerEntry>0x2EE32D0</containerEntry>
        </property>
        <property name="transform_scale" type="Vector3" container="StaticArray" arraySize="1">
          <containerEntry x="1" y="1" z="1" w="0"></containerEntry>
        </property>
        <property name="transform_rotation_quat" type="Quat" container="StaticArray" arraySize="1">
          <containerEntry x="-0.151312" y="-0.301872" z="-0.048592" w="0.940009"></containerEntry>
        </property>
        <property name="transform_translation" type="Vector3" container="StaticArray" arraySize="1">
          <containerEntry x="-1139.688" y="611.4663" z="-2796.8264" w="0"></containerEntry>
        </property>
      </staticProperties>
      <dynamicProperties></dynamicProperties>
    </entity>
    <entity class="StaticModel" classVersion="9" classID="0x160" addr="0x2EE3880" id="0xC9735">
      <staticProperties>
        <property name="name" type="String" container="StaticArray" arraySize="1">
          <containerEntry>afgh_clff022_vrtn004_0004</containerEntry>
        </property>
        <property name="dataSet" type="EntityHandle" container="StaticArray" arraySize="1">
          <containerEntry>0x2EE2D20</containerEntry>
        </property>
        <property name="parent" type="EntityHandle" container="StaticArray" arraySize="1">
          <containerEntry>0x0</containerEntry>
        </property>
        <property name="transform" type="EntityPtr" container="StaticArray" arraySize="1">
          <containerEntry>0x2EE38F0</containerEntry>
        </property>
        <property name="shearTransform" type="EntityPtr" container="StaticArray" arraySize="1">
          <containerEntry>0x0</containerEntry>
        </property>
        <property name="pivotTransform" type="EntityPtr" container="StaticArray" arraySize="1">
          <containerEntry>0x0</containerEntry>
        </property>
        <property name="children" type="EntityHandle" container="List"></property>
        <property name="flags" type="UInt32" container="StaticArray" arraySize="1">
          <containerEntry>7</containerEntry>
        </property>
        <property name="modelFile" type="FilePtr" container="StaticArray" arraySize="1">
          <containerEntry>/Assets/tpp/environ/object/afghanistan/cliff/afgh_clff022/scenes/afgh_clff022_vrtn004.fmdl</containerEntry>
        </property>
        <property name="geomFile" type="FilePtr" container="StaticArray" arraySize="1">
          <containerEntry>/Assets/tpp/environ/object/afghanistan/cliff/afgh_clff022/scenes/afgh_clff022_vrtn004.geom</containerEntry>
        </property>
        <property name="isVisibleGeom" type="Bool" container="StaticArray" arraySize="1">
          <containerEntry>false</containerEntry>
        </property>
        <property name="isIsolated" type="Bool" container="StaticArray" arraySize="1">
          <containerEntry>false</containerEntry>
        </property>
        <property name="lodFarSize" type="Float" container="StaticArray" arraySize="1">
          <containerEntry>-1</containerEntry>
        </property>
        <property name="lodNearSize" type="Float" container="StaticArray" arraySize="1">
          <containerEntry>-1</containerEntry>
        </property>
        <property name="lodPolygonSize" type="Float" container="StaticArray" arraySize="1">
          <containerEntry>-1</containerEntry>
        </property>
        <property name="color" type="Color" container="StaticArray" arraySize="1">
          <containerEntry r="1" g="1" b="1" a="1"></containerEntry>
        </property>
        <property name="drawRejectionLevel" type="Int32" container="StaticArray" arraySize="1">
          <containerEntry>8</containerEntry>
        </property>
        <property name="drawMode" type="Int32" container="StaticArray" arraySize="1">
          <containerEntry>0</containerEntry>
        </property>
        <property name="rejectFarRangeShadowCast" type="Int32" container="StaticArray" arraySize="1">
          <containerEntry>2</containerEntry>
        </property>
      </staticProperties>
      <dynamicProperties></dynamicProperties>
    </entity>
    <entity class="TransformEntity" classVersion="0" classID="0x50" addr="0x2EE38F0" id="0xC9738">
      <staticProperties>
        <property name="owner" type="EntityHandle" container="StaticArray" arraySize="1">
          <containerEntry>0x2EE3880</containerEntry>
        </property>
        <property name="transform_scale" type="Vector3" container="StaticArray" arraySize="1">
          <containerEntry x="1" y="1" z="1" w="0"></containerEntry>
        </property>
        <property name="transform_rotation_quat" type="Quat" container="StaticArray" arraySize="1">
          <containerEntry x="0.021015" y="-0.771138" z="-0.136148" w="0.621584"></containerEntry>
        </property>
        <property name="transform_translation" type="Vector3" container="StaticArray" arraySize="1">
          <containerEntry x="-1032.78" y="635.3669" z="-2761.4365" w="0"></containerEntry>
        </property>
      </staticProperties>
      <dynamicProperties></dynamicProperties>
    </entity>
    <entity class="StaticModel" classVersion="9" classID="0x160" addr="0x2EE39D0" id="0xC973C">
      <staticProperties>
        <property name="name" type="String" container="StaticArray" arraySize="1">
          <containerEntry>afgh_rock010_0000</containerEntry>
        </property>
        <property name="dataSet" type="EntityHandle" container="StaticArray" arraySize="1">
          <containerEntry>0x2EE2D20</containerEntry>
        </property>
        <property name="parent" type="EntityHandle" container="StaticArray" arraySize="1">
          <containerEntry>0x0</containerEntry>
        </property>
        <property name="transform" type="EntityPtr" container="StaticArray" arraySize="1">
          <containerEntry>0x2EE3570</containerEntry>
        </property>
        <property name="shearTransform" type="EntityPtr" container="StaticArray" arraySize="1">
          <containerEntry>0x0</containerEntry>
        </property>
        <property name="pivotTransform" type="EntityPtr" container="StaticArray" arraySize="1">
          <containerEntry>0x0</containerEntry>
        </property>
        <property name="children" type="EntityHandle" container="List"></property>
        <property name="flags" type="UInt32" container="StaticArray" arraySize="1">
          <containerEntry>7</containerEntry>
        </property>
        <property name="modelFile" type="FilePtr" container="StaticArray" arraySize="1">
          <containerEntry>/Assets/tpp/environ/object/afghanistan/rock/afgh_rock010/scenes/afgh_rock010.fmdl</containerEntry>
        </property>
        <property name="geomFile" type="FilePtr" container="StaticArray" arraySize="1">
          <containerEntry>/Assets/tpp/environ/object/afghanistan/rock/afgh_rock010/scenes/afgh_rock010.geom</containerEntry>
        </property>
        <property name="isVisibleGeom" type="Bool" container="StaticArray" arraySize="1">
          <containerEntry>false</containerEntry>
        </property>
        <property name="isIsolated" type="Bool" container="StaticArray" arraySize="1">
          <containerEntry>false</containerEntry>
        </property>
        <property name="lodFarSize" type="Float" container="StaticArray" arraySize="1">
          <containerEntry>-1</containerEntry>
        </property>
        <property name="lodNearSize" type="Float" container="StaticArray" arraySize="1">
          <containerEntry>-1</containerEntry>
        </property>
        <property name="lodPolygonSize" type="Float" container="StaticArray" arraySize="1">
          <containerEntry>-1</containerEntry>
        </property>
        <property name="color" type="Color" container="StaticArray" arraySize="1">
          <containerEntry r="1" g="1" b="1" a="1"></containerEntry>
        </property>
        <property name="drawRejectionLevel" type="Int32" container="StaticArray" arraySize="1">
          <containerEntry>8</containerEntry>
        </property>
        <property name="drawMode" type="Int32" container="StaticArray" arraySize="1">
          <containerEntry>0</containerEntry>
        </property>
        <property name="rejectFarRangeShadowCast" type="Int32" container="StaticArray" arraySize="1">
          <containerEntry>2</containerEntry>
        </property>
      </staticProperties>
      <dynamicProperties></dynamicProperties>
    </entity>
    <entity class="TransformEntity" classVersion="0" classID="0x50" addr="0x2EE3570" id="0xC973F">
      <staticProperties>
        <property name="owner" type="EntityHandle" container="StaticArray" arraySize="1">
          <containerEntry>0x2EE39D0</containerEntry>
        </property>
        <property name="transform_scale" type="Vector3" container="StaticArray" arraySize="1">
          <containerEntry x="1.25" y="1.25" z="1.25" w="0"></containerEntry>
        </property>
        <property name="transform_rotation_quat" type="Quat" container="StaticArray" arraySize="1">
          <containerEntry x="0.010572" y="0.544339" z="0.102571" w="0.832504"></containerEntry>
        </property>
        <property name="transform_translation" type="Vector3" container="StaticArray" arraySize="1">
          <containerEntry x="-1064.6084" y="618.9405" z="-2732.535" w="0"></containerEntry>
        </property>
      </staticProperties>
      <dynamicProperties></dynamicProperties>
    </entity>
    <entity class="StaticModelArray" classVersion="4" classID="0xD0" addr="0x2D79A10" id="0x0">
      <staticProperties>
        <property name="name" type="String" container="StaticArray" arraySize="1">
          <containerEntry>StaticModelArray0000</containerEntry>
        </property>
        <property name="dataSet" type="EntityHandle" container="StaticArray" arraySize="1">
          <containerEntry>0x2EE2D20</containerEntry>
        </property>
        <property name="modelFile" type="FilePtr" container="StaticArray" arraySize="1">
          <containerEntry>/Assets/tpp/environ/object/afghanistan/brick/afgh_brck001/scenes/afgh_brck001_vrtn002.fmdl</containerEntry>
        </property>
        <property name="geomFile" type="FilePtr" container="StaticArray" arraySize="1">
          <containerEntry>/Assets/tpp/environ/object/afghanistan/brick/afgh_brck001/scenes/afgh_brck001_vrtn002.geom</containerEntry>
        </property>
        <property name="isVisibleGeom" type="Bool" container="StaticArray" arraySize="1">
          <containerEntry>false</containerEntry>
        </property>
        <property name="lodFarSize" type="Float" container="StaticArray" arraySize="1">
          <containerEntry>-1</containerEntry>
        </property>
        <property name="lodNearSize" type="Float" container="StaticArray" arraySize="1">
          <containerEntry>-1</containerEntry>
        </property>
        <property name="lodPolygonSize" type="Float" container="StaticArray" arraySize="1">
          <containerEntry>-1</containerEntry>
        </property>
        <property name="drawRejectionLevel" type="Int32" container="StaticArray" arraySize="1">
          <containerEntry>8</containerEntry>
        </property>
        <property name="drawMode" type="Int32" container="StaticArray" arraySize="1">
          <containerEntry>0</containerEntry>
        </property>
        <property name="rejectFarRangeShadowCast" type="Int32" container="StaticArray" arraySize="1">
          <containerEntry>2</containerEntry>
        </property>
        <property name="parentLocator" type="EntityLink" container="StaticArray" arraySize="1">
          <containerEntry packagePathHash="0xB8A0BF169F98" archivePathHash="0xB8A0BF169F98" nameInArchiveHash="0xB8A0BF169F98">0x0</containerEntry>
        </property>
        <property name="transforms" type="Matrix4" container="DynamicArray" arraySize="57">
          <containerEntry r11="-0.97726613" r12="0.01458372" r13="-0.21151012" r14="0" r21="0.006169196" r22="0.999165" r23="0.04038855" r24="0" r31="0.21192253" r32="0.03816555" r33="-0.9765401" r34="0" r41="-1274.3539" r42="593.3583" r43="-2773.4182" r44="1"></containerEntry>
          <containerEntry r11="-0.95105517" r12="0" r13="-0.30901796" r14="0" r21="0" r22="1" r23="0" r24="0" r31="0.30901796" r32="0" r33="-0.95105517" r34="0" r41="-1272.5092" r42="592.9096" r43="-2778.6174" r44="1"></containerEntry>
          <containerEntry r11="0.95105743" r12="0" r13="0.309014" r14="0" r21="0" r22="1" r23="0" r24="0" r31="-0.309014" r32="0" r33="0.95105743" r34="0" r41="-1272.8561" r42="592.6688" r43="-2778.083" r44="1"></containerEntry>
          <containerEntry r11="0.9510562" r12="0" r13="0.30901796" r14="0" r21="0" r22="1" r23="0" r24="0" r31="-0.30901796" r32="0" r33="0.9510562" r34="0" r41="-1272.5032" r42="592.71643" r43="-2778.6155" r44="1"></containerEntry>
          <containerEntry r11="-0.30902028" r12="0" r13="0.95105404" r14="0" r21="0" r22="1" r23="0" r24="0" r31="-0.95105404" r32="0" r33="-0.30902028" r34="0" r41="-1253.7996" r42="592.6367" r43="-2786.127" r44="1"></containerEntry>
          <containerEntry r11="-0.30902028" r12="0" r13="0.95105404" r14="0" r21="0" r22="1" r23="0" r24="0" r31="-0.95105404" r32="0" r33="-0.30902028" r34="0" r41="-1254.9281" r42="592.7241" r43="-2786.5095" r44="1"></containerEntry>
          <containerEntry r11="-0.30902028" r12="0" r13="0.95105404" r14="0" r21="0" r22="1" r23="0" r24="0" r31="-0.95105404" r32="0" r33="-0.30902028" r34="0" r41="-1257.114" r42="593.00946" r43="-2787.2996" r44="1"></containerEntry>
          <containerEntry r11="0.30902457" r12="0" r13="-0.9510537" r14="0" r21="0" r22="1" r23="0" r24="0" r31="0.9510537" r32="0" r33="0.30902457" r34="0" r41="-1256.1307" r42="592.81934" r43="-2786.8845" r44="1"></containerEntry>
          <containerEntry r11="0.30902457" r12="0" r13="-0.9510537" r14="0" r21="0" r22="1" r23="0" r24="0" r31="0.9510537" r32="0" r33="0.30902457" r34="0" r41="-1262.6672" r42="591.7508" r43="-2789.0986" r44="1"></containerEntry>
          <containerEntry r11="0.30902457" r12="0" r13="-0.9510537" r14="0" r21="0" r22="1" r23="0" r24="0" r31="0.9510537" r32="0" r33="0.30902457" r34="0" r41="-1263.0695" r42="591.53625" r43="-2789.1345" r44="1"></containerEntry>
          <containerEntry r11="0.30902457" r12="0" r13="-0.9510537" r14="0" r21="0" r22="1" r23="0" r24="0" r31="0.9510537" r32="0" r33="0.30902457" r34="0" r41="-1264.3723" r42="591.47943" r43="-2789.5837" r44="1"></containerEntry>
          <containerEntry r11="-0.30901706" r12="0" r13="0.9510561" r14="0" r21="0" r22="1" r23="0" r24="0" r31="-0.9510561" r32="0" r33="-0.30901706" r34="0" r41="-1264.3154" r42="591.7043" r43="-2789.759" r44="1"></containerEntry>
          <containerEntry r11="-0.30901706" r12="0" r13="0.9510561" r14="0" r21="0" r22="1" r23="0" r24="0" r31="-0.9510561" r32="0" r33="-0.30901706" r34="0" r41="-1265.6176" r42="591.7043" r43="-2790.3381" r44="1"></containerEntry>
          <containerEntry r11="-0.95105517" r12="0" r13="-0.30901796" r14="0" r21="0" r22="1" r23="0" r24="0" r31="0.30901796" r32="0" r33="-0.95105517" r34="0" r41="-1270.2532" r42="591.76105" r43="-2784.8062" r44="1"></containerEntry>
          <containerEntry r11="-0.95105517" r12="0" r13="-0.30901796" r14="0" r21="0" r22="1" r23="0" r24="0" r31="0.30901796" r32="0" r33="-0.95105517" r34="0" r41="-1270.6476" r42="591.6745" r43="-2783.592" r44="1"></containerEntry>
          <containerEntry r11="-0.30902028" r12="0" r13="0.95105404" r14="0" r21="0" r22="1" r23="0" r24="0" r31="-0.95105404" r32="0" r33="-0.30902028" r34="0" r41="-1259.5127" r42="593.3564" r43="-2787.9946" r44="1"></containerEntry>
          <containerEntry r11="0.30902237" r12="0" r13="-0.95105404" r14="0" r21="0" r22="1" r23="0" r24="0" r31="0.95105404" r32="0" r33="0.30902237" r34="0" r41="-1258.4048" r42="593.10144" r43="-2787.473" r44="1"></containerEntry>
          <containerEntry r11="0.975366" r12="0" r13="-0.2205927" r14="0" r21="0" r22="1" r23="0" r24="0" r31="0.2205927" r32="0" r33="0.975366" r34="0" r41="-1216.6902" r42="594.11127" r43="-2850.7837" r44="1"></containerEntry>
          <containerEntry r11="-0.9753642" r12="0" r13="0.22059867" r14="0" r21="0" r22="1" r23="0" r24="0" r31="-0.22059867" r32="0" r33="-0.9753642" r34="0" r41="-1216.1212" r42="593.9618" r43="-2849.0552" r44="1"></containerEntry>
          <containerEntry r11="-0.9753642" r12="0" r13="0.22059867" r14="0" r21="0" r22="1" r23="0" r24="0" r31="-0.22059867" r32="0" r33="-0.9753642" r34="0" r41="-1218.0847" r42="595.4633" r43="-2858.4124" r44="1"></containerEntry>
          <containerEntry r11="-0.9753642" r12="0" r13="0.22059867" r14="0" r21="0" r22="1" r23="0" r24="0" r31="-0.22059867" r32="0" r33="-0.9753642" r34="0" r41="-1218.7646" r42="596.604" r43="-2862.9822" r44="1"></containerEntry>
          <containerEntry r11="-0.9753642" r12="0" r13="0.22059867" r14="0" r21="0" r22="1" r23="0" r24="0" r31="-0.22059867" r32="0" r33="-0.9753642" r34="0" r41="-1218.8782" r42="596.3425" r43="-2861.5745" r44="1"></containerEntry>
          <containerEntry r11="0.9753642" r12="0" r13="-0.22060065" r14="0" r21="0" r22="1" r23="0" r24="0" r31="0.22060065" r32="0" r33="0.9753642" r34="0" r41="-1218.8964" r42="596.10236" r43="-2860.9912" r44="1"></containerEntry>
          <containerEntry r11="0.9753642" r12="0" r13="-0.22060065" r14="0" r21="0" r22="1" r23="0" r24="0" r31="0.22060065" r32="0" r33="0.9753642" r34="0" r41="-1218.4855" r42="596.10236" r43="-2860.9138" r44="1"></containerEntry>
          <containerEntry r11="0.9753642" r12="0" r13="-0.22060065" r14="0" r21="0" r22="1" r23="0" r24="0" r31="0.22060065" r32="0" r33="0.9753642" r34="0" r41="-1218.6819" r42="596.4333" r43="-2861.951" r44="1"></containerEntry>
          <containerEntry r11="-0.9753642" r12="0" r13="0.22059867" r14="0" r21="0" r22="1" r23="0" r24="0" r31="-0.22059867" r32="0" r33="-0.9753642" r34="0" r41="-1220.0719" r42="596.70105" r43="-2869.8013" r44="1"></containerEntry>
          <containerEntry r11="0.9753633" r12="0" r13="-0.22060463" r14="0" r21="0" r22="1" r23="0" r24="0" r31="0.22060463" r32="0" r33="0.9753633" r34="0" r41="-1220.5771" r42="597.07574" r43="-2871.277" r44="1"></containerEntry>
          <containerEntry r11="-0.9753642" r12="0" r13="0.22060265" r14="0" r21="0" r22="1" r23="0" r24="0" r31="-0.22060265" r32="0" r33="-0.9753642" r34="0" r41="-1220.315" r42="596.8484" r43="-2871.5537" r44="1"></containerEntry>
          <containerEntry r11="0.9753633" r12="0" r13="-0.22060463" r14="0" r21="0" r22="1" r23="0" r24="0" r31="0.22060463" r32="0" r33="0.9753633" r34="0" r41="-1221.4484" r42="597.7083" r43="-2878.1375" r44="1"></containerEntry>
          <containerEntry r11="0.9753633" r12="0" r13="-0.22060463" r14="0" r21="0" r22="1" r23="0" r24="0" r31="0.22060463" r32="0" r33="0.9753633" r34="0" r41="-1221.7251" r42="597.65137" r43="-2879.3613" r44="1"></containerEntry>
          <containerEntry r11="-0.9753642" r12="0" r13="0.22060065" r14="0" r21="0" r22="1" r23="0" r24="0" r31="-0.22060065" r32="0" r33="-0.9753642" r34="0" r41="-1221.779" r42="597.44586" r43="-2880.366" r44="1"></containerEntry>
          <containerEntry r11="-0.9753642" r12="0" r13="0.22060065" r14="0" r21="0" r22="1" r23="0" r24="0" r31="-0.22060065" r32="0" r33="-0.9753642" r34="0" r41="-1222.3141" r42="597.27246" r43="-2882.3984" r44="1"></containerEntry>
          <containerEntry r11="-0.9753642" r12="0" r13="0.22060065" r14="0" r21="0" r22="1" r23="0" r24="0" r31="-0.22060065" r32="0" r33="-0.9753642" r34="0" r41="-1222.5485" r42="596.9951" r43="-2884.1772" r44="1"></containerEntry>
          <containerEntry r11="0.9753638" r12="0" r13="-0.22060265" r14="0" r21="0" r22="1" r23="0" r24="0" r31="0.22060265" r32="0" r33="0.9753638" r34="0" r41="-1222.519" r42="597.1587" r43="-2883.3044" r44="1"></containerEntry>
          <containerEntry r11="-0.9753642" r12="0" r13="0.22060065" r14="0" r21="0" r22="1" r23="0" r24="0" r31="-0.22060065" r32="0" r33="-0.9753642" r34="0" r41="-1223.7864" r42="596.661" r43="-2890.247" r44="1"></containerEntry>
          <containerEntry r11="0.9753633" r12="0" r13="-0.22060463" r14="0" r21="0" r22="1" r23="0" r24="0" r31="0.22060463" r32="0" r33="0.9753633" r34="0" r41="-1224.2852" r42="596.79034" r43="-2892.2131" r44="1"></containerEntry>
          <containerEntry r11="0.9753633" r12="0" r13="-0.22060463" r14="0" r21="0" r22="1" r23="0" r24="0" r31="0.22060463" r32="0" r33="0.9753633" r34="0" r41="-1224.0162" r42="596.71216" r43="-2891.0242" r44="1"></containerEntry>
          <containerEntry r11="-0.999388" r12="0" r13="0.03492066" r14="0" r21="0" r22="1" r23="0" r24="0" r31="-0.03492066" r32="0" r33="-0.999388" r34="0" r41="-1233.3732" r42="599.0808" r43="-2921.633" r44="1"></containerEntry>
          <containerEntry r11="-0.034923077" r12="0" r13="-0.9993902" r14="0" r21="0" r22="1" r23="0" r24="0" r31="0.9993902" r32="0" r33="-0.034923077" r34="0" r41="-1234.1787" r42="599.2208" r43="-2920.827" r44="1"></containerEntry>
          <containerEntry r11="0.034919977" r12="0" r13="0.9993888" r14="0" r21="0" r22="1" r23="0" r24="0" r31="-0.9993888" r32="0" r33="0.034919977" r34="0" r41="-1234.3414" r42="598.0194" r43="-2917.487" r44="1"></containerEntry>
          <containerEntry r11="-0.999388" r12="0" r13="0.03491866" r14="0" r21="0" r22="1" r23="0" r24="0" r31="-0.03491866" r32="0" r33="-0.999388" r34="0" r41="-1239.8516" r42="597.0662" r43="-2916.747" r44="1"></containerEntry>
          <containerEntry r11="-0.999388" r12="0" r13="0.03491866" r14="0" r21="0" r22="1" r23="0" r24="0" r31="-0.03491866" r32="0" r33="-0.999388" r34="0" r41="-1239.7913" r42="597.03973" r43="-2914.4736" r44="1"></containerEntry>
          <containerEntry r11="-0.034917355" r12="0" r13="-0.9993888" r14="0" r21="0" r22="1" r23="0" r24="0" r31="0.9993888" r32="0" r33="-0.034917355" r34="0" r41="-1246.5829" r42="595.587" r43="-2915.338" r44="1"></containerEntry>
          <containerEntry r11="-0.999388" r12="0" r13="0.03492066" r14="0" r21="0" r22="1" r23="0" r24="0" r31="-0.03492066" r32="0" r33="-0.999388" r34="0" r41="-1226.2286" r42="599.0808" r43="-2906.2888" r44="1"></containerEntry>
          <containerEntry r11="-0.034923077" r12="0" r13="-0.99938875" r14="0" r21="0" r22="1" r23="0" r24="0" r31="0.99938875" r32="0" r33="-0.034923077" r34="0" r41="-1226.7603" r42="599.0808" r43="-2904.957" r44="1"></containerEntry>
          <containerEntry r11="-0.034923077" r12="0" r13="-0.99938875" r14="0" r21="0" r22="1" r23="0" r24="0" r31="0.99938875" r32="0" r33="-0.034923077" r34="0" r41="-1229.5824" r42="599.1206" r43="-2904.7327" r44="1"></containerEntry>
          <containerEntry r11="0.95105743" r12="0" r13="0.309014" r14="0" r21="0" r22="1" r23="0" r24="0" r31="-0.309014" r32="0" r33="0.95105743" r34="0" r41="-1272.4926" r42="592.6688" r43="-2779.4084" r44="1"></containerEntry>
          <containerEntry r11="0.034928262" r12="0" r13="0.99939007" r14="0" r21="0" r22="1" r23="0" r24="0" r31="-0.99939007" r32="0" r33="0.034928262" r34="0" r41="-1227.6207" r42="600.47015" r43="-2953.4783" r44="1"></containerEntry>
          <containerEntry r11="0.15824175" r12="0" r13="-0.9874005" r14="0" r21="0" r22="1" r23="0" r24="0" r31="0.9874005" r32="0" r33="0.15824175" r34="0" r41="-1226.2632" r42="601.82764" r43="-2954.5747" r44="1"></containerEntry>
          <containerEntry r11="-0.07394024" r12="0.014751513" r13="0.99715316" r14="0" r21="-0.09398194" r22="0.99533755" r23="-0.021693572" r24="0" r31="-0.99282396" r32="-0.09531846" r33="-0.07220912" r34="0" r41="-1227.932" r42="601.636" r43="-2954.6118" r44="1"></containerEntry>
          <containerEntry r11="0.02333529" r12="0.023985803" r13="0.9994393" r14="0" r21="-0.093981884" r22="0.99533755" r23="-0.021693088" r24="0" r31="-0.99529976" r32="-0.093423046" r33="0.025480747" r34="0" r41="-1226.9265" r42="601.55145" r43="-2954.4534" r44="1"></containerEntry>
          <containerEntry r11="-0.19862734" r12="0.002606932" r13="0.98007154" r14="0" r21="-0.09398191" r22="0.9953375" r23="-0.021694496" r24="0" r31="-0.9755585" r32="-0.09641813" r33="-0.19745624" r34="0" r41="-1229.298" r42="601.50287" r43="-2954.8013" r44="1"></containerEntry>
          <containerEntry r11="0.063078344" r12="0" r13="-0.99800944" r14="0" r21="0" r22="1" r23="0" r24="0" r31="0.99800944" r32="0" r33="0.063078344" r34="0" r41="-1224.2115" r42="601.82764" r43="-2954.2458" r44="1"></containerEntry>
          <containerEntry r11="0.11708689" r12="0" r13="0.99312216" r14="0" r21="0" r22="1" r23="0" r24="0" r31="-0.99312216" r32="0" r33="0.11708689" r34="0" r41="-1224.2568" r42="601.5969" r43="-2953.9648" r44="1"></containerEntry>
          <containerEntry r11="-0.23410213" r12="0" r13="0.97221094" r14="0" r21="0" r22="1" r23="0" r24="0" r31="-0.97221094" r32="0" r33="-0.23410213" r34="0" r41="-1225.7056" r42="601.6081" r43="-2954.2449" r44="1"></containerEntry>
          <containerEntry r11="0.15824175" r12="0" r13="-0.9874005" r14="0" r21="0" r22="1" r23="0" r24="0" r31="0.9874005" r32="0" r33="0.15824175" r34="0" r41="-1225.3918" r42="601.91345" r43="-2954.5862" r44="1"></containerEntry>
          <containerEntry r11="0.48231834" r12="0" r13="-0.875996" r14="0" r21="0" r22="1" r23="0" r24="0" r31="0.875996" r32="0" r33="0.48231834" r34="0" r41="-1231.3712" r42="600.36066" r43="-2955.494" r44="1"></containerEntry>
        </property>
        <property name="colors" type="UInt32" container="DynamicArray" arraySize="57">
          <containerEntry>4294967295</containerEntry>
          <containerEntry>4294967295</containerEntry>
          <containerEntry>4294967295</containerEntry>
          <containerEntry>4294967295</containerEntry>
          <containerEntry>4294967295</containerEntry>
          <containerEntry>4294967295</containerEntry>
          <containerEntry>4294967295</containerEntry>
          <containerEntry>4294967295</containerEntry>
          <containerEntry>4294967295</containerEntry>
          <containerEntry>4294967295</containerEntry>
          <containerEntry>4294967295</containerEntry>
          <containerEntry>4294967295</containerEntry>
          <containerEntry>4294967295</containerEntry>
          <containerEntry>4294967295</containerEntry>
          <containerEntry>4294967295</containerEntry>
          <containerEntry>4294967295</containerEntry>
          <containerEntry>4294967295</containerEntry>
          <containerEntry>4294967295</containerEntry>
          <containerEntry>4294967295</containerEntry>
          <containerEntry>4294967295</containerEntry>
          <containerEntry>4294967295</containerEntry>
          <containerEntry>4294967295</containerEntry>
          <containerEntry>4294967295</containerEntry>
          <containerEntry>4294967295</containerEntry>
          <containerEntry>4294967295</containerEntry>
          <containerEntry>4294967295</containerEntry>
          <containerEntry>4294967295</containerEntry>
          <containerEntry>4294967295</containerEntry>
          <containerEntry>4294967295</containerEntry>
          <containerEntry>4294967295</containerEntry>
          <containerEntry>4294967295</containerEntry>
          <containerEntry>4294967295</containerEntry>
          <containerEntry>4294967295</containerEntry>
          <containerEntry>4294967295</containerEntry>
          <containerEntry>4294967295</containerEntry>
          <containerEntry>4294967295</containerEntry>
          <containerEntry>4294967295</containerEntry>
          <containerEntry>4294967295</containerEntry>
          <containerEntry>4294967295</containerEntry>
          <containerEntry>4294967295</containerEntry>
          <containerEntry>4294967295</containerEntry>
          <containerEntry>4294967295</containerEntry>
          <containerEntry>4294967295</containerEntry>
          <containerEntry>4294967295</containerEntry>
          <containerEntry>4294967295</containerEntry>
          <containerEntry>4294967295</containerEntry>
          <containerEntry>4294967295</containerEntry>
          <containerEntry>4294967295</containerEntry>
          <containerEntry>4294967295</containerEntry>
          <containerEntry>4294967295</containerEntry>
          <containerEntry>4294967295</containerEntry>
          <containerEntry>4294967295</containerEntry>
          <containerEntry>4294967295</containerEntry>
          <containerEntry>4294967295</containerEntry>
          <containerEntry>4294967295</containerEntry>
          <containerEntry>4294967295</containerEntry>
          <containerEntry>4294967295</containerEntry>
        </property>
      </staticProperties>
      <dynamicProperties></dynamicProperties>
    </entity>
    <entity class="StaticModelArray" classVersion="4" classID="0xD0" addr="0x2EE3A40" id="0x0">
      <staticProperties>
        <property name="name" type="String" container="StaticArray" arraySize="1">
          <containerEntry>StaticModelArray0001</containerEntry>
        </property>
        <property name="dataSet" type="EntityHandle" container="StaticArray" arraySize="1">
          <containerEntry>0x2EE2D20</containerEntry>
        </property>
        <property name="modelFile" type="FilePtr" container="StaticArray" arraySize="1">
          <containerEntry>/Assets/tpp/environ/object/afghanistan/rock/afgh_rock013/scenes/afgh_rock013_vrtn001.fmdl</containerEntry>
        </property>
        <property name="geomFile" type="FilePtr" container="StaticArray" arraySize="1">
          <containerEntry>/Assets/tpp/environ/object/afghanistan/rock/afgh_rock013/scenes/afgh_rock013_vrtn001.geom</containerEntry>
        </property>
        <property name="isVisibleGeom" type="Bool" container="StaticArray" arraySize="1">
          <containerEntry>false</containerEntry>
        </property>
        <property name="lodFarSize" type="Float" container="StaticArray" arraySize="1">
          <containerEntry>-1</containerEntry>
        </property>
        <property name="lodNearSize" type="Float" container="StaticArray" arraySize="1">
          <containerEntry>-1</containerEntry>
        </property>
        <property name="lodPolygonSize" type="Float" container="StaticArray" arraySize="1">
          <containerEntry>-1</containerEntry>
        </property>
        <property name="drawRejectionLevel" type="Int32" container="StaticArray" arraySize="1">
          <containerEntry>8</containerEntry>
        </property>
        <property name="drawMode" type="Int32" container="StaticArray" arraySize="1">
          <containerEntry>0</containerEntry>
        </property>
        <property name="rejectFarRangeShadowCast" type="Int32" container="StaticArray" arraySize="1">
          <containerEntry>2</containerEntry>
        </property>
        <property name="parentLocator" type="EntityLink" container="StaticArray" arraySize="1">
          <containerEntry packagePathHash="0xB8A0BF169F98" archivePathHash="0xB8A0BF169F98" nameInArchiveHash="0xB8A0BF169F98">0x0</containerEntry>
        </property>
        <property name="transforms" type="Matrix4" container="DynamicArray" arraySize="2">
          <containerEntry r11="0.998541" r12="-0.0028215772" r13="0.05392511" r14="0" r21="0.003699826" r22="0.9998621" r23="-0.016193574" r24="0" r31="-0.053871978" r32="0.01636946" r33="0.9984137" r34="0" r41="-1131.7203" r42="603.20026" r43="-2703.9324" r44="1"></containerEntry>
          <containerEntry r11="0.64663476" r12="-0.061261326" r13="0.7603362" r14="0" r21="0.064354554" r22="0.9975975" r23="0.025646882" r24="0" r31="-0.76008064" r32="0.032346882" r33="0.64902365" r34="0" r41="-1144.4521" r42="602.6342" r43="-2711.5305" r44="1"></containerEntry>
        </property>
        <property name="colors" type="UInt32" container="DynamicArray" arraySize="2">
          <containerEntry>4294967295</containerEntry>
          <containerEntry>4294967295</containerEntry>
        </property>
      </staticProperties>
      <dynamicProperties></dynamicProperties>
    </entity>
    <entity class="StaticModelArray" classVersion="4" classID="0xD0" addr="0x2D78350" id="0x0">
      <staticProperties>
        <property name="name" type="String" container="StaticArray" arraySize="1">
          <containerEntry>StaticModelArray0002</containerEntry>
        </property>
        <property name="dataSet" type="EntityHandle" container="StaticArray" arraySize="1">
          <containerEntry>0x2EE2D20</containerEntry>
        </property>
        <property name="modelFile" type="FilePtr" container="StaticArray" arraySize="1">
          <containerEntry>/Assets/tpp/environ/object/afghanistan/cliff/afgh_clff035/scenes/afgh_clff035_vrtn003.fmdl</containerEntry>
        </property>
        <property name="geomFile" type="FilePtr" container="StaticArray" arraySize="1">
          <containerEntry>/Assets/tpp/environ/object/afghanistan/cliff/afgh_clff035/scenes/afgh_clff035_vrtn003.geom</containerEntry>
        </property>
        <property name="isVisibleGeom" type="Bool" container="StaticArray" arraySize="1">
          <containerEntry>false</containerEntry>
        </property>
        <property name="lodFarSize" type="Float" container="StaticArray" arraySize="1">
          <containerEntry>-1</containerEntry>
        </property>
        <property name="lodNearSize" type="Float" container="StaticArray" arraySize="1">
          <containerEntry>-1</containerEntry>
        </property>
        <property name="lodPolygonSize" type="Float" container="StaticArray" arraySize="1">
          <containerEntry>-1</containerEntry>
        </property>
        <property name="drawRejectionLevel" type="Int32" container="StaticArray" arraySize="1">
          <containerEntry>8</containerEntry>
        </property>
        <property name="drawMode" type="Int32" container="StaticArray" arraySize="1">
          <containerEntry>0</containerEntry>
        </property>
        <property name="rejectFarRangeShadowCast" type="Int32" container="StaticArray" arraySize="1">
          <containerEntry>2</containerEntry>
        </property>
        <property name="parentLocator" type="EntityLink" container="StaticArray" arraySize="1">
          <containerEntry packagePathHash="0xB8A0BF169F98" archivePathHash="0xB8A0BF169F98" nameInArchiveHash="0xB8A0BF169F98">0x0</containerEntry>
        </property>
        <property name="transforms" type="Matrix4" container="DynamicArray" arraySize="3">
          <containerEntry r11="-0.9689299" r12="-0.13195595" r13="0.20919724" r14="0" r21="-0.0647844" r22="0.9516656" r23="0.30022597" r24="0" r31="-0.2387024" r32="0.27734506" r33="-0.9306459" r34="0" r41="-1066.8771" r42="623.49976" r43="-2776.7083" r44="1"></containerEntry>
