<fox formatVersion="2" fileVersion="0">
  <entities>
    <entity class="DataSet" classVersion="0" classID="0xE8" addr="0x2F04990" id="0xBD7432">
      <staticProperties>
        <property name="name" type="String" container="StaticArray" arraySize="1">
          <containerEntry hash="0xB8A0BF169F98"></containerEntry>
        </property>
        <property name="dataSet" type="EntityHandle" container="StaticArray" arraySize="1">
          <containerEntry>0x0</containerEntry>
        </property>
        <property name="dataList" type="EntityPtr" container="StringMap" arraySize="7">
          <containerEntry key="mafr_hous004_vrtn001_0000">
            <data>0x2D75D40</data>
          </containerEntry>
          <containerEntry key="mafr_wdbx001_vrtn001_gim_n0000|mafr_wdbx001_vrtn001_pc_0000">
            <data>0x2D76C90</data>
          </containerEntry>
          <containerEntry key="mafr_wdbx001_vrtn001_gim_i0000|TppSharedGimmick_mafr_wdbx001_vrtn001">
            <data>0x2D775C0</data>
          </containerEntry>
          <containerEntry key="StaticModelArray0000">
            <data>0x2D7B290</data>
          </containerEntry>
          <containerEntry key="StaticModelArray0001">
            <data>0x2D7B370</data>
          </containerEntry>
          <containerEntry key="GeoxPathPack0000">
            <data>0x2D7B6F0</data>
          </containerEntry>
          <containerEntry key="TexturePackLoadConditioner0000">
            <data>0x2D7B920</data>
          </containerEntry>
        </property>
      </staticProperties>
      <dynamicProperties></dynamicProperties>
    </entity>
    <entity class="StaticModel" classVersion="9" classID="0x160" addr="0x2D75D40" id="0xBD7599">
      <staticProperties>
        <property name="name" type="String" container="StaticArray" arraySize="1">
          <containerEntry>mafr_hous004_vrtn001_0000</containerEntry>
        </property>
        <property name="dataSet" type="EntityHandle" container="StaticArray" arraySize="1">
          <containerEntry>0x2F04990</containerEntry>
        </property>
        <property name="parent" type="EntityHandle" container="StaticArray" arraySize="1">
          <containerEntry>0x0</containerEntry>
        </property>
        <property name="transform" type="EntityPtr" container="StaticArray" arraySize="1">
          <containerEntry>0x2D75DB0</containerEntry>
        </property>
        <property name="shearTransform" type="EntityPtr" container="StaticArray" arraySize="1">
          <containerEntry>0x0</containerEntry>
        </property>
        <property name="pivotTransform" type="EntityPtr" container="StaticArray" arraySize="1">
          <containerEntry>0x0</containerEntry>
        </property>
        <property name="children" type="EntityHandle" container="List"></property>
        <property name="flags" type="UInt32" container="StaticArray" arraySize="1">
          <containerEntry>2147483655</containerEntry>
        </property>
        <property name="modelFile" type="FilePtr" container="StaticArray" arraySize="1">
          <containerEntry>/Assets/tpp/environ/object/middle_africa/house/mafr_hous004/scenes/mafr_hous004_vrtn001.fmdl</containerEntry>
        </property>
        <property name="geomFile" type="FilePtr" container="StaticArray" arraySize="1">
          <containerEntry>/Assets/tpp/environ/object/middle_africa/house/mafr_hous004/scenes/mafr_hous004_vrtn001.geom</containerEntry>
        </property>
        <property name="isVisibleGeom" type="Bool" container="StaticArray" arraySize="1">
          <containerEntry>false</containerEntry>
        </property>
        <property name="isIsolated" type="Bool" container="StaticArray" arraySize="1">
          <containerEntry>false</containerEntry>
        </property>
        <property name="lodFarSize" type="Float" container="StaticArray" arraySize="1">
          <containerEntry>-1</containerEntry>
        </property>
        <property name="lodNearSize" type="Float" container="StaticArray" arraySize="1">
          <containerEntry>-1</containerEntry>
        </property>
        <property name="lodPolygonSize" type="Float" container="StaticArray" arraySize="1">
          <containerEntry>-1</containerEntry>
        </property>
        <property name="color" type="Color" container="StaticArray" arraySize="1">
          <containerEntry r="1" g="1" b="1" a="1"></containerEntry>
        </property>
        <property name="drawRejectionLevel" type="Int32" container="StaticArray" arraySize="1">
          <containerEntry>8</containerEntry>
        </property>
        <property name="drawMode" type="Int32" container="StaticArray" arraySize="1">
          <containerEntry>0</containerEntry>
        </property>
        <property name="rejectFarRangeShadowCast" type="Int32" container="StaticArray" arraySize="1">
          <containerEntry>2</containerEntry>
        </property>
      </staticProperties>
      <dynamicProperties></dynamicProperties>
    </entity>
    <entity class="TransformEntity" classVersion="0" classID="0x50" addr="0x2D75DB0" id="0xBD759C">
      <staticProperties>
        <property name="owner" type="EntityHandle" container="StaticArray" arraySize="1">
          <containerEntry>0x2D75D40</containerEntry>
        </property>
        <property name="transform_scale" type="Vector3" container="StaticArray" arraySize="1">
          <containerEntry x="1" y="1" z="1" w="0"></containerEntry>
        </property>
        <property name="transform_rotation_quat" type="Quat" container="StaticArray" arraySize="1">
          <containerEntry x="0" y="-0.698124" z="0" w="0.715978"></containerEntry>
        </property>
        <property name="transform_translation" type="Vector3" container="StaticArray" arraySize="1">
          <containerEntry x="2689.64" y="-7.908332" z="1673.8384" w="0"></containerEntry>
        </property>
      </staticProperties>
      <dynamicProperties></dynamicProperties>
    </entity>
    <entity class="StaticModel" classVersion="9" classID="0x160" addr="0x2D76C90" id="0x13555A5">
      <staticProperties>
        <property name="name" type="String" container="StaticArray" arraySize="1">
          <containerEntry>mafr_wdbx001_vrtn001_gim_n0000|mafr_wdbx001_vrtn001_pc_0000</containerEntry>
        </property>
        <property name="dataSet" type="EntityHandle" container="StaticArray" arraySize="1">
          <containerEntry>0x2F04990</containerEntry>
        </property>
        <property name="parent" type="EntityHandle" container="StaticArray" arraySize="1">
          <containerEntry>0x0</containerEntry>
        </property>
        <property name="transform" type="EntityPtr" container="StaticArray" arraySize="1">
          <containerEntry>0x2D76D70</containerEntry>
        </property>
        <property name="shearTransform" type="EntityPtr" container="StaticArray" arraySize="1">
          <containerEntry>0x0</containerEntry>
        </property>
        <property name="pivotTransform" type="EntityPtr" container="StaticArray" arraySize="1">
          <containerEntry>0x0</containerEntry>
        </property>
        <property name="children" type="EntityHandle" container="List"></property>
        <property name="flags" type="UInt32" container="StaticArray" arraySize="1">
          <containerEntry>7</containerEntry>
        </property>
        <property name="modelFile" type="FilePtr" container="StaticArray" arraySize="1">
          <containerEntry hash="0xB8A0BF169F98"></containerEntry>
        </property>
        <property name="geomFile" type="FilePtr" container="StaticArray" arraySize="1">
          <containerEntry>/Assets/tpp/environ/object/middle_africa/wood_box/mafr_wdbx001/scenes/mafr_wdbx001_vrtn001_pc.geom</containerEntry>
        </property>
        <property name="isVisibleGeom" type="Bool" container="StaticArray" arraySize="1">
          <containerEntry>false</containerEntry>
        </property>
        <property name="isIsolated" type="Bool" container="StaticArray" arraySize="1">
          <containerEntry>false</containerEntry>
        </property>
        <property name="lodFarSize" type="Float" container="StaticArray" arraySize="1">
          <containerEntry>-1</containerEntry>
        </property>
        <property name="lodNearSize" type="Float" container="StaticArray" arraySize="1">
          <containerEntry>-1</containerEntry>
        </property>
        <property name="lodPolygonSize" type="Float" container="StaticArray" arraySize="1">
          <containerEntry>-1</containerEntry>
        </property>
        <property name="color" type="Color" container="StaticArray" arraySize="1">
          <containerEntry r="1" g="1" b="1" a="1"></containerEntry>
        </property>
        <property name="drawRejectionLevel" type="Int32" container="StaticArray" arraySize="1">
          <containerEntry>8</containerEntry>
        </property>
        <property name="drawMode" type="Int32" container="StaticArray" arraySize="1">
          <containerEntry>0</containerEntry>
        </property>
        <property name="rejectFarRangeShadowCast" type="Int32" container="StaticArray" arraySize="1">
          <containerEntry>2</containerEntry>
        </property>
      </staticProperties>
      <dynamicProperties></dynamicProperties>
    </entity>
    <entity class="TransformEntity" classVersion="0" classID="0x50" addr="0x2D76D70" id="0x13555A8">
      <staticProperties>
        <property name="owner" type="EntityHandle" container="StaticArray" arraySize="1">
          <containerEntry>0x2D76C90</containerEntry>
        </property>
        <property name="transform_scale" type="Vector3" container="StaticArray" arraySize="1">
          <containerEntry x="0.9999999" y="0.9999999" z="1" w="1.1e-44"></containerEntry>
        </property>
        <property name="transform_rotation_quat" type="Quat" container="StaticArray" arraySize="1">
          <containerEntry x="-0.022856008" y="-0.16786006" z="0.008775001" w="0.9855068"></containerEntry>
        </property>
        <property name="transform_translation" type="Vector3" container="StaticArray" arraySize="1">
          <containerEntry x="2688.119" y="-7.95157" z="1677.6776" w="1"></containerEntry>
        </property>
      </staticProperties>
      <dynamicProperties></dynamicProperties>
    </entity>
    <entity class="TppSharedGimmickData" classVersion="1" classID="0xF0" addr="0x2D775C0" id="0x1901B6">
      <staticProperties>
        <property name="name" type="String" container="StaticArray" arraySize="1">
          <containerEntry>mafr_wdbx001_vrtn001_gim_i0000|TppSharedGimmick_mafr_wdbx001_vrtn001</containerEntry>
        </property>
        <property name="dataSet" type="EntityHandle" container="StaticArray" arraySize="1">
          <containerEntry>0x2F04990</containerEntry>
        </property>
        <property name="modelFile" type="FilePtr" container="StaticArray" arraySize="1">
          <containerEntry>/Assets/tpp/environ/object/middle_africa/wood_box/mafr_wdbx001/scenes/mafr_wdbx001_vrtn001.fmdl</containerEntry>
        </property>
        <property name="geomFile" type="FilePtr" container="StaticArray" arraySize="1">
          <containerEntry>/Assets/tpp/environ/object/middle_africa/wood_box/mafr_wdbx001/scenes/mafr_wdbx001_vrtn001.geom</containerEntry>
        </property>
        <property name="breakedModelFile" type="FilePtr" container="StaticArray" arraySize="1">
          <containerEntry>/Assets/tpp/environ/object/middle_africa/desk/mafr_desk001/scenes/mafr_desk001_rbbl001.fmdl</containerEntry>
        </property>
        <property name="breakedGeomFile" type="FilePtr" container="StaticArray" arraySize="1">
          <containerEntry>/Assets/tpp/environ/object/middle_africa/desk/mafr_desk001/scenes/mafr_desk001_rbbl001.geom</containerEntry>
        </property>
        <property name="partsFile" type="FilePtr" container="StaticArray" arraySize="1">
          <containerEntry>/Assets/tpp/parts/environ/object/middle_africa/wood_box/mafr_wdbx001/mafr_wdbx001_vrtn001.parts</containerEntry>
        </property>
        <property name="numDynamicGimmick" type="UInt32" container="StaticArray" arraySize="1">
          <containerEntry>1</containerEntry>
        </property>
        <property name="locaterFile" type="FilePtr" container="StaticArray" arraySize="1">
          <containerEntry>/Assets/tpp/level/location/mafr/block_small/154/154_146/lba/mafr_wdbx001_vrtn001.lba</containerEntry>
        </property>
        <property name="flags1" type="UInt32" container="StaticArray" arraySize="1">
          <containerEntry>2147746048</containerEntry>
        </property>
        <property name="flags2" type="UInt32" container="StaticArray" arraySize="1">
          <containerEntry>65536</containerEntry>
        </property>
      </staticProperties>
      <dynamicProperties></dynamicProperties>
    </entity>
    <entity class="StaticModelArray" classVersion="4" classID="0xD0" addr="0x2D7B290" id="0x0">
      <staticProperties>
        <property name="name" type="String" container="StaticArray" arraySize="1">
          <containerEntry>StaticModelArray0000</containerEntry>
        </property>
        <property name="dataSet" type="EntityHandle" container="StaticArray" arraySize="1">
          <containerEntry>0x2F04990</containerEntry>
        </property>
        <property name="modelFile" type="FilePtr" container="StaticArray" arraySize="1">
          <containerEntry>/Assets/tpp/environ/object/middle_africa/clod/mafr_clod001/scenes/mafr_clod001.fmdl</containerEntry>
        </property>
        <property name="geomFile" type="FilePtr" container="StaticArray" arraySize="1">
          <containerEntry>/Assets/tpp/environ/object/middle_africa/clod/mafr_clod001/scenes/mafr_clod001.geom</containerEntry>
        </property>
        <property name="isVisibleGeom" type="Bool" container="StaticArray" arraySize="1">
          <containerEntry>false</containerEntry>
        </property>
        <property name="lodFarSize" type="Float" container="StaticArray" arraySize="1">
          <containerEntry>-1</containerEntry>
        </property>
        <property name="lodNearSize" type="Float" container="StaticArray" arraySize="1">
          <containerEntry>-1</containerEntry>
        </property>
        <property name="lodPolygonSize" type="Float" container="StaticArray" arraySize="1">
          <containerEntry>-1</containerEntry>
        </property>
        <property name="drawRejectionLevel" type="Int32" container="StaticArray" arraySize="1">
          <containerEntry>8</containerEntry>
        </property>
        <property name="drawMode" type="Int32" container="StaticArray" arraySize="1">
          <containerEntry>0</containerEntry>
        </property>
        <property name="rejectFarRangeShadowCast" type="Int32" container="StaticArray" arraySize="1">
          <containerEntry>2</containerEntry>
        </property>
        <property name="parentLocator" type="EntityLink" container="StaticArray" arraySize="1">
          <containerEntry packagePathHash="0xB8A0BF169F98" archivePathHash="0xB8A0BF169F98" nameInArchiveHash="0xB8A0BF169F98">0x0</containerEntry>
        </property>
        <property name="transforms" type="Matrix4" container="DynamicArray" arraySize="42">
          <containerEntry r11="0.9983248" r12="-0.02645864" r13="0.05141446" r14="0" r21="0.026451183" r22="0.99964976" r23="0.00082661805" r24="0" r31="-0.05141828" r32="0.0005347385" r33="0.9986741" r34="0" r41="2804.3762" r42="-8.204347" r43="1782.8687" r44="1"></containerEntry>
          <containerEntry r11="0.9757258" r12="0.0027996432" r13="0.21896864" r14="0" r21="-0.003935085" r22="0.999981" r23="0.0047494206" r24="0" r31="-0.21895118" r32="-0.0054957927" r33="0.97571826" r34="0" r41="2797.5754" r42="-8.160908" r43="1781.6813" r44="1"></containerEntry>
          <containerEntry r11="-0.99863726" r12="-0.033544708" r13="0.039913833" r14="0" r21="-0.032990996" r22="0.99935114" r23="0.01445321" r24="0" r31="-0.04037273" r32="0.013116712" r33="-0.999095" r34="0" r41="2792.3552" r42="-9.21698" r43="1666.6774" r44="1"></containerEntry>
          <containerEntry r11="-0.9482358" r12="-0.0022235222" r13="-0.31755373" r14="0" r21="-0.0039351727" r22="0.999981" r23="0.0047487747" r24="0" r31="0.31753716" r32="0.0057525854" r33="-0.9482266" r34="0" r41="2798.9563" r42="-9.134962" r43="1667.3512" r44="1"></containerEntry>
          <containerEntry r11="-0.9482358" r12="-0.0022235222" r13="-0.31755373" r14="0" r21="-0.0039351727" r22="0.999981" r23="0.0047487747" r24="0" r31="0.31753716" r32="0.0057525854" r33="-0.9482266" r34="0" r41="2810.7156" r42="-9.283885" r43="1667.5664" r44="1"></containerEntry>
          <containerEntry r11="-0.99863726" r12="-0.033544708" r13="0.039913833" r14="0" r21="-0.032990996" r22="0.99935114" r23="0.01445321" r24="0" r31="-0.04037273" r32="0.013116712" r33="-0.999095" r34="0" r41="2804.1138" r42="-9.200475" r43="1666.8933" r44="1"></containerEntry>
          <containerEntry r11="-0.9482358" r12="-0.0022235222" r13="-0.31755373" r14="0" r21="-0.0039351727" r22="0.999981" r23="0.0047487747" r24="0" r31="0.31753716" r32="0.0057525854" r33="-0.9482266" r34="0" r41="2776.52" r42="-9.134962" r43="1666.4993" r44="1"></containerEntry>
          <containerEntry r11="-0.99863726" r12="-0.033544708" r13="0.039913833" r14="0" r21="-0.032990996" r22="0.99935114" r23="0.01445321" r24="0" r31="-0.04037273" r32="0.013116712" r33="-0.999095" r34="0" r41="2769.919" r42="-9.21698" r43="1665.8254" r44="1"></containerEntry>
          <containerEntry r11="-0.99863726" r12="-0.033544708" r13="0.039913833" r14="0" r21="-0.032990996" r22="0.99935114" r23="0.01445321" r24="0" r31="-0.04037273" r32="0.013116712" r33="-0.999095" r34="0" r41="2781.6775" r42="-9.200475" r43="1666.0414" r44="1"></containerEntry>
          <containerEntry r11="-0.9482358" r12="-0.0022235222" r13="-0.31755373" r14="0" r21="-0.0039351727" r22="0.999981" r23="0.0047487747" r24="0" r31="0.31753716" r32="0.0057525854" r33="-0.9482266" r34="0" r41="2788.2793" r42="-9.283885" r43="1666.7145" r44="1"></containerEntry>
          <containerEntry r11="-0.9482358" r12="-0.0022235222" r13="-0.31755373" r14="0" r21="-0.0039351727" r22="0.999981" r23="0.0047487747" r24="0" r31="0.31753716" r32="0.0057525854" r33="-0.9482266" r34="0" r41="2752.9592" r42="-9.134962" r43="1665.8439" r44="1"></containerEntry>
          <containerEntry r11="-0.99863726" r12="-0.033544708" r13="0.039913833" r14="0" r21="-0.032990996" r22="0.99935114" r23="0.01445321" r24="0" r31="-0.04037273" r32="0.013116712" r33="-0.999095" r34="0" r41="2746.3582" r42="-9.21698" r43="1665.17" r44="1"></containerEntry>
          <containerEntry r11="-0.99863726" r12="-0.033544708" r13="0.039913833" r14="0" r21="-0.032990996" r22="0.99935114" r23="0.01445321" r24="0" r31="-0.04037273" r32="0.013116712" r33="-0.999095" r34="0" r41="2758.1167" r42="-9.200475" r43="1665.386" r44="1"></containerEntry>
          <containerEntry r11="-0.9482358" r12="-0.0022235222" r13="-0.31755373" r14="0" r21="-0.0039351727" r22="0.999981" r23="0.0047487747" r24="0" r31="0.31753716" r32="0.0057525854" r33="-0.9482266" r34="0" r41="2764.7185" r42="-9.283885" r43="1666.0591" r44="1"></containerEntry>
          <containerEntry r11="-0.9482358" r12="-0.0022235222" r13="-0.31755373" r14="0" r21="-0.0039351727" r22="0.999981" r23="0.0047487747" r24="0" r31="0.31753716" r32="0.0057525854" r33="-0.9482266" r34="0" r41="2729.937" r42="-9.134962" r43="1665.8439" r44="1"></containerEntry>
          <containerEntry r11="-0.99863726" r12="-0.033544708" r13="0.039913833" r14="0" r21="-0.032990996" r22="0.99935114" r23="0.01445321" r24="0" r31="-0.04037273" r32="0.013116712" r33="-0.999095" r34="0" r41="2723.336" r42="-9.21698" r43="1665.17" r44="1"></containerEntry>
          <containerEntry r11="-0.9482358" r12="-0.0022235222" r13="-0.31755373" r14="0" r21="-0.0039351727" r22="0.999981" r23="0.0047487747" r24="0" r31="0.31753716" r32="0.0057525854" r33="-0.9482266" r34="0" r41="2741.6963" r42="-9.283885" r43="1666.0591" r44="1"></containerEntry>
          <containerEntry r11="-0.99863607" r12="-0.033544295" r13="0.039914515" r14="0" r21="-0.029021999" r22="0.9936254" r23="0.108932614" r24="0" r31="-0.043314107" r32="0.10762573" r33="-0.9932427" r34="0" r41="2735.0945" r42="-9.200475" r43="1665.386" r44="1"></containerEntry>
          <containerEntry r11="-0.9482358" r12="-0.0022235222" r13="-0.31755373" r14="0" r21="-0.0039351727" r22="0.999981" r23="0.0047487747" r24="0" r31="0.31753716" r32="0.0057525854" r33="-0.9482266" r34="0" r41="2707.615" r42="-9.134962" r43="1665.8439" r44="1"></containerEntry>
          <containerEntry r11="-0.99863726" r12="-0.033544708" r13="0.039913833" r14="0" r21="-0.032990996" r22="0.99935114" r23="0.01445321" r24="0" r31="-0.04037273" r32="0.013116712" r33="-0.999095" r34="0" r41="2701.014" r42="-9.21698" r43="1665.17" r44="1"></containerEntry>
          <containerEntry r11="-0.9482358" r12="-0.0022235222" r13="-0.31755373" r14="0" r21="-0.0039351727" r22="0.999981" r23="0.0047487747" r24="0" r31="0.31753716" r32="0.0057525854" r33="-0.9482266" r34="0" r41="2719.3743" r42="-9.283885" r43="1666.0591" r44="1"></containerEntry>
          <containerEntry r11="-0.99863726" r12="-0.033544708" r13="0.039913833" r14="0" r21="-0.032990996" r22="0.99935114" r23="0.01445321" r24="0" r31="-0.04037273" r32="0.013116712" r33="-0.999095" r34="0" r41="2712.7725" r42="-9.200475" r43="1665.386" r44="1"></containerEntry>
          <containerEntry r11="0.9926536" r12="-0.026168112" r13="-0.11810972" r14="0" r21="0.026450891" r22="0.99964976" r23="0.00082658196" r24="0" r31="0.118046604" r32="-0.0039446163" r33="0.99299717" r34="0" r41="2810.7334" r42="-8.204347" r43="1783.1222" r44="1"></containerEntry>
          <containerEntry r11="-0.05564077" r12="0.025128627" r13="0.99813193" r14="0" r21="0.009414472" r22="0.999652" r23="-0.024642065" r24="0" r31="-0.99840385" r32="0.008025771" r33="-0.055857964" r34="0" r41="2765.12" r42="-8.296103" r43="1753.6721" r44="1"></containerEntry>
          <containerEntry r11="0.30231437" r12="-0.008786074" r13="0.95316494" r14="0" r21="0.026449965" r22="0.9996498" r23="0.0008254722" r24="0" r31="-0.95283747" r32="0.02496163" r33="0.30244064" r34="0" r41="2766.2148" r42="-8.204347" r43="1760.2167" r44="1"></containerEntry>
          <containerEntry r11="0.26920247" r12="0.01656273" r13="0.96293867" r14="0" r21="0.0021127863" r22="0.99983954" r23="-0.01778808" r24="0" r31="-0.96307874" r32="0.0068230713" r33="0.26912427" r34="0" r41="2769.761" r42="-8.242383" r43="1765.2554" r44="1"></containerEntry>
          <containerEntry r11="0.9153189" r12="-0.024550704" r13="0.40197554" r14="0" r21="0.02644986" r22="0.9996498" r23="0.00082605146" r24="0" r31="-0.40185463" r32="0.009876096" r33="0.91564685" r34="0" r41="2773.4272" r42="-8.204347" r43="1768.8588" r44="1"></containerEntry>
          <containerEntry r11="0.62253916" r12="0.013424998" r13="0.78247046" r14="0" r21="0.009415514" r22="0.99965197" r23="-0.02464225" r24="0" r31="-0.782529" r32="0.022708125" r33="0.62219614" r34="0" r41="2765.218" r42="-8.296103" r43="1733.1764" r44="1"></containerEntry>
          <containerEntry r11="0.1653476" r12="0.022747336" r13="0.9859691" r14="0" r21="0.009415317" r22="0.99965197" r23="-0.0246419" r24="0" r31="-0.98618656" r32="0.013357666" r33="0.16507587" r34="0" r41="2779.0137" r42="-6.75445" r43="1738.2701" r44="1"></containerEntry>
          <containerEntry r11="0.6095701" r12="0.013796412" r13="0.79260844" r14="0" r21="0.009415488" r22="0.999652" r23="-0.024641369" r24="0" r31="-0.7926726" r32="0.02248343" r33="0.6092281" r34="0" r41="2776.73" r42="-6.75445" r43="1732.8324" r44="1"></containerEntry>
          <containerEntry r11="-0.21295044" r12="0.026082035" r13="0.97670996" r14="0" r21="0.009415862" r22="0.99965197" r23="-0.02464167" r24="0" r31="-0.97701275" r32="0.0039490634" r33="-0.21312194" r34="0" r41="2772.2317" r42="-6.800371" r43="1714.386" r44="1"></containerEntry>
          <containerEntry r11="0.94179016" r12="-0.0005828615" r13="0.33619425" r14="0" r21="0.009415495" r22="0.99965197" r23="-0.024642704" r24="0" r31="-0.33606288" r32="0.026373696" r33="0.9414679" r34="0" r41="2746.6301" r42="-7.122938" r43="1714.386" r44="1"></containerEntry>
          <containerEntry r11="-0.9792156" r12="0.0042244964" r13="-0.20274656" r14="0" r21="0.009414947" r22="0.999652" r23="-0.024642818" r24="0" r31="0.20257188" r32="-0.026039515" r33="-0.9789146" r34="0" r41="2744.7966" r42="-7.475557" r43="1691.827" r44="1"></containerEntry>
          <containerEntry r11="-0.90327626" r12="0.019072715" r13="0.42862082" r14="0" r21="0.009414522" r22="0.99965197" r23="-0.024642065" r24="0" r31="-0.42894167" r32="-0.018223427" r33="-0.9031415" r34="0" r41="2738.1538" r42="-7.409338" r43="1692.3219" r44="1"></containerEntry>
          <containerEntry r11="-0.32853037" r12="0.026367275" r13="0.94412154" r14="0" r21="0.00941408" r22="0.999652" r23="-0.024642218" r24="0" r31="-0.9444427" r32="0.0007922903" r33="-0.32866424" r34="0" r41="2766.167" r42="-8.296103" r43="1747.0627" r44="1"></containerEntry>
          <containerEntry r11="0.37973997" r12="0.019221766" r13="0.9248904" r14="0" r21="0.00941545" r22="0.999652" r23="-0.024641253" r24="0" r31="-0.92504215" r32="0.01806552" r33="0.37942684" r34="0" r41="2792.4897" r42="-5.895133" r43="1753.1147" r44="1"></containerEntry>
          <containerEntry r11="0.850436" r12="0.0049570585" r13="0.5260507" r14="0" r21="0.009415936" r22="0.999652" r23="-0.024642015" r24="0" r31="-0.5259898" r32="0.02590972" r33="0.85009336" r34="0" r41="2796.1167" r42="-5.895133" r43="1758.0901" r44="1"></containerEntry>
          <containerEntry r11="0.33354646" r12="0.005788856" r13="-0.94271296" r14="0" r21="-0.0039347406" r22="0.999981" r23="0.0047483435" r24="0" r31="0.9427225" r32="0.0021255452" r33="0.33356288" r34="0" r41="2770.256" r42="-8.613017" r43="1789.6454" r44="1"></containerEntry>
          <containerEntry r11="-0.8211629" r12="-0.09759712" r13="-0.5622776" r14="0" r21="-0.08401271" r22="0.995207" r23="-0.05004809" r24="0" r31="0.56446725" r32="0.0061407597" r33="-0.82542646" r34="0" r41="2768.484" r42="-8.613017" r43="1783.3472" r44="1"></containerEntry>
          <containerEntry r11="-0.8211629" r12="-0.09759712" r13="-0.5622776" r14="0" r21="-0.08401271" r22="0.995207" r23="-0.05004809" r24="0" r31="0.56446725" r32="0.0061407597" r33="-0.82542646" r34="0" r41="2765.0552" r42="-9.145397" r43="1778.5165" r44="1"></containerEntry>
          <containerEntry r11="-0.6290142" r12="-0.09191939" r13="-0.77193433" r14="0" r21="-0.08401162" r22="0.99520713" r23="-0.050048362" r24="0" r31="0.77283496" r32="0.033370297" r33="-0.63372165" r34="0" r41="2761.1646" r42="-9.334238" r43="1774.2134" r44="1"></containerEntry>
          <containerEntry r11="0.6097927" r12="0.01379055" r13="0.7924372" r14="0" r21="0.009416498" r22="0.99965197" r23="-0.024642717" r24="0" r31="-0.7925012" r32="0.02248893" r33="0.60945064" r34="0" r41="2742.0156" r42="-7.122938" r43="1710.715" r44="1"></containerEntry>
        </property>
        <property name="colors" type="UInt32" container="DynamicArray" arraySize="42">
          <containerEntry>4294967295</containerEntry>
          <containerEntry>4294967295</containerEntry>
          <containerEntry>4294967295</containerEntry>
          <containerEntry>4294967295</containerEntry>
          <containerEntry>4294967295</containerEntry>
          <containerEntry>4294967295</containerEntry>
          <containerEntry>4294967295</containerEntry>
          <containerEntry>4294967295</containerEntry>
          <containerEntry>4294967295</containerEntry>
          <containerEntry>4294967295</containerEntry>
          <containerEntry>4294967295</containerEntry>
          <containerEntry>4294967295</containerEntry>
          <containerEntry>4294967295</containerEntry>
          <containerEntry>4294967295</containerEntry>
          <containerEntry>4294967295</containerEntry>
          <containerEntry>4294967295</containerEntry>
          <containerEntry>4294967295</containerEntry>
          <containerEntry>4294967295</containerEntry>
          <containerEntry>4294967295</containerEntry>
          <containerEntry>4294967295</containerEntry>
          <containerEntry>4294967295</containerEntry>
          <containerEntry>4294967295</containerEntry>
          <containerEntry>4294967295</containerEntry>
          <containerEntry>4294967295</containerEntry>
          <containerEntry>4294967295</containerEntry>
          <containerEntry>4294967295</containerEntry>
          <containerEntry>4294967295</containerEntry>
          <containerEntry>4294967295</containerEntry>
          <containerEntry>4294967295</containerEntry>
          <containerEntry>4294967295</containerEntry>
          <containerEntry>4294967295</containerEntry>
          <containerEntry>4294967295</containerEntry>
          <containerEntry>4294967295</containerEntry>
          <containerEntry>4294967295</containerEntry>
          <containerEntry>4294967295</containerEntry>
          <containerEntry>4294967295</containerEntry>
          <containerEntry>4294967295</containerEntry>
          <containerEntry>4294967295</containerEntry>
          <containerEntry>4294967295</containerEntry>
          <containerEntry>4294967295</containerEntry>
          <containerEntry>4294967295</containerEntry>
          <containerEntry>4294967295</containerEntry>
        </property>
      </staticProperties>
      <dynamicProperties></dynamicProperties>
    </entity>
    <entity class="StaticModelArray" classVersion="4" classID="0xD0" addr="0x2D7B370" id="0x0">
      <staticProperties>
        <property name="name" type="String" container="StaticArray" arraySize="1">
          <containerEntry>StaticModelArray0001</containerEntry>
        </property>
        <property name="dataSet" type="EntityHandle" container="StaticArray" arraySize="1">
          <containerEntry>0x2F04990</containerEntry>
        </property>
        <property name="modelFile" type="FilePtr" container="StaticArray" arraySize="1">
          <containerEntry>/Assets/tpp/environ/object/middle_africa/tree/mafr_tree038/scenes/mafr_tree038.fmdl</containerEntry>
        </property>
        <property name="geomFile" type="FilePtr" container="StaticArray" arraySize="1">
          <containerEntry>/Assets/tpp/environ/object/middle_africa/tree/mafr_tree038/scenes/mafr_tree038.geom</containerEntry>
        </property>
        <property name="isVisibleGeom" type="Bool" container="StaticArray" arraySize="1">
          <containerEntry>false</containerEntry>
        </property>
        <property name="lodFarSize" type="Float" container="StaticArray" arraySize="1">
          <containerEntry>-1</containerEntry>
        </property>
        <property name="lodNearSize" type="Float" container="StaticArray" arraySize="1">
          <containerEntry>-1</containerEntry>
        </property>
        <property name="lodPolygonSize" type="Float" container="StaticArray" arraySize="1">
          <containerEntry>-1</containerEntry>
        </property>
        <property name="drawRejectionLevel" type="Int32" container="StaticArray" arraySize="1">
          <containerEntry>8</containerEntry>
        </property>
        <property name="drawMode" type="Int32" container="StaticArray" arraySize="1">
          <containerEntry>0</containerEntry>
        </property>
        <property name="rejectFarRangeShadowCast" type="Int32" container="StaticArray" arraySize="1">
          <containerEntry>2</containerEntry>
        </property>
        <property name="parentLocator" type="EntityLink" container="StaticArray" arraySize="1">
          <containerEntry packagePathHash="0xB8A0BF169F98" archivePathHash="0xB8A0BF169F98" nameInArchiveHash="0xB8A0BF169F98">0x0</containerEntry>
        </property>
        <property name="transforms" type="Matrix4" container="DynamicArray" arraySize="9">
          <containerEntry r11="-0.99829537" r12="0" r13="0.058329083" r14="0" r21="0" r22="1" r23="0" r24="0" r31="-0.058329083" r32="0" r33="-0.99829537" r34="0" r41="2730.6555" r42="-15.622779" r43="1668.836" r44="1"></containerEntry>
          <containerEntry r11="0.7765084" r12="0" r13="-0.6301066" r14="0" r21="0" r22="1" r23="0" r24="0" r31="0.6301066" r32="0" r33="0.7765084" r34="0" r41="2779.093" r42="-15.622779" r43="1669.4501" r44="1"></containerEntry>
          <containerEntry r11="0.94870013" r12="0" r13="0.3161774" r14="0" r21="0" r22="1" r23="0" r24="0" r31="-0.3161774" r32="0" r33="0.94870013" r34="0" r41="2751.0525" r42="-15.622779" r43="1672.8617" r44="1"></containerEntry>
          <containerEntry r11="-0.7473103" r12="0" r13="-0.6644753" r14="0" r21="0" r22="1" r23="0" r24="0" r31="0.6644753" r32="0" r33="-0.7473103" r34="0" r41="2774.6396" r42="-8.010009" r43="1670.2329" r44="1"></containerEntry>
          <containerEntry r11="0.35854557" r12="0" r13="0.9335133" r14="0" r21="0" r22="1" r23="0" r24="0" r31="-0.9335133" r32="0" r33="0.35854557" r34="0" r41="2754.2546" r42="-8.010009" r43="1676.0553" r44="1"></containerEntry>
          <containerEntry r11="-0.9775592" r12="0" r13="0.21066807" r14="0" r21="0" r22="1" r23="0" r24="0" r31="-0.21066807" r32="0" r33="-0.9775592" r34="0" r41="2766.0789" r42="-14.079619" r43="1681.4684" r44="1"></containerEntry>
          <containerEntry r11="0.38976327" r12="0" r13="-0.92091423" r14="0" r21="0" r22="1" r23="0" r24="0" r31="0.92091423" r32="0" r33="0.38976327" r34="0" r41="2753.6611" r42="-14.07962" r43="1689.2023" r44="1"></containerEntry>
          <containerEntry r11="0.9820355" r12="0" r13="-0.18869068" r14="0" r21="0" r22="1" r23="0" r24="0" r31="0.18869068" r32="0" r33="0.9820355" r34="0" r41="2724.4685" r42="-10.397089" r43="1724.5519" r44="1"></containerEntry>
          <containerEntry r11="-0.8659015" r12="0" r13="-0.50021666" r14="0" r21="0" r22="1" r23="0" r24="0" r31="0.50021666" r32="0" r33="-0.8659015" r34="0" r41="2741.3196" r42="-17.148958" r43="1741.2092" r44="1"></containerEntry>
        </property>
        <property name="colors" type="UInt32" container="DynamicArray" arraySize="9">
          <containerEntry>4294967295</containerEntry>
          <containerEntry>4294967295</containerEntry>
          <containerEntry>4294967295</containerEntry>
          <containerEntry>4294967295</containerEntry>
          <containerEntry>4294967295</containerEntry>
          <containerEntry>4294967295</containerEntry>
          <containerEntry>4294967295</containerEntry>
          <containerEntry>4294967295</containerEntry>
          <containerEntry>4294967295</containerEntry>
        </property>
      </staticProperties>
      <dynamicProperties></dynamicProperties>
    </entity>
    <entity class="GeoxPathPack" classVersion="0" classID="0x120" addr="0x2D7B6F0" id="0x0">
      <staticProperties>
        <property name="name" type="String" container="StaticArray" arraySize="1">
          <containerEntry>GeoxPathPack0000</containerEntry>
        </property>
        <property name="dataSet" type="EntityHandle" container="StaticArray" arraySize="1">
          <containerEntry>0x2F04990</containerEntry>
        </property>
        <property name="parent" type="EntityHandle" container="StaticArray" arraySize="1">
          <containerEntry>0x0</containerEntry>
        </property>
        <property name="transform" type="EntityPtr" container="StaticArray" arraySize="1">
          <containerEntry>0x0</containerEntry>
        </property>
        <property name="shearTransform" type="EntityPtr" container="StaticArray" arraySize="1">
          <containerEntry>0x0</containerEntry>
        </property>
        <property name="pivotTransform" type="EntityPtr" container="StaticArray" arraySize="1">
          <containerEntry>0x0</containerEntry>
        </property>
        <property name="children" type="EntityHandle" container="List"></property>
        <property name="flags" type="UInt32" container="StaticArray" arraySize="1">
          <containerEntry>134217735</containerEntry>
        </property>
        <property name="pathFixedPackFile" type="FilePtr" container="StaticArray" arraySize="1">
          <containerEntry>/Assets/tpp/level/location/mafr/block_small/154/154_146/mafr_154_146_asset_fox2_0_win.gpfp</containerEntry>
        </property>
      </staticProperties>
      <dynamicProperties></dynamicProperties>
    </entity>
    <entity class="TexturePackLoadConditioner" classVersion="0" classID="0x48" addr="0x2D7B920" id="0x0">
      <staticProperties>
        <property name="name" type="String" container="StaticArray" arraySize="1">
          <containerEntry>TexturePackLoadConditioner0000</containerEntry>
        </property>
        <property name="dataSet" type="EntityHandle" container="StaticArray" arraySize="1">
          <containerEntry>0x2F04990</containerEntry>
        </property>
        <property name="texturePackPath" type="Path" container="StaticArray" arraySize="1">
          <containerEntry hash="0xB8A0BF169F98"></containerEntry>
        </property>
      </staticProperties>
      <dynamicProperties></dynamicProperties>
    </entity>
  </entities>
</fox>