<fox formatVersion="2" fileVersion="0">
  <entities>
    <entity class="DataSet" classVersion="0" classID="0xE8" addr="0x33544C0" id="0x517D3E">
      <staticProperties>
        <property name="name" type="String" container="StaticArray" arraySize="1">
          <containerEntry hash="0xB8A0BF169F98"></containerEntry>
        </property>
        <property name="dataSet" type="EntityHandle" container="StaticArray" arraySize="1">
          <containerEntry>0x0</containerEntry>
        </property>
        <property name="dataList" type="EntityPtr" container="StringMap" arraySize="7">
          <containerEntry key="mafr_clff003_vrtn001_0020">
            <data>0x3177CC0</data>
          </containerEntry>
          <containerEntry key="StaticModelArray0000">
            <data>0x317C8E0</data>
          </containerEntry>
          <containerEntry key="StaticModelArray0001">
            <data>0x317C950</data>
          </containerEntry>
          <containerEntry key="StaticModelArray0002">
            <data>0x317C9C0</data>
          </containerEntry>
          <containerEntry key="StaticModelArray0003">
            <data>0x317C5D0</data>
          </containerEntry>
          <containerEntry key="StaticModelArray0004">
            <data>0x317C480</data>
          </containerEntry>
          <containerEntry key="TexturePackLoadConditioner0000">
            <data>0x317D130</data>
          </containerEntry>
        </property>
      </staticProperties>
      <dynamicProperties></dynamicProperties>
    </entity>
    <entity class="StaticModel" classVersion="9" classID="0x160" addr="0x3177CC0" id="0x517E5D">
      <staticProperties>
        <property name="name" type="String" container="StaticArray" arraySize="1">
          <containerEntry>mafr_clff003_vrtn001_0020</containerEntry>
        </property>
        <property name="dataSet" type="EntityHandle" container="StaticArray" arraySize="1">
          <containerEntry>0x33544C0</containerEntry>
        </property>
        <property name="parent" type="EntityHandle" container="StaticArray" arraySize="1">
          <containerEntry>0x0</containerEntry>
        </property>
        <property name="transform" type="EntityPtr" container="StaticArray" arraySize="1">
          <containerEntry>0x3177D30</containerEntry>
        </property>
        <property name="shearTransform" type="EntityPtr" container="StaticArray" arraySize="1">
          <containerEntry>0x0</containerEntry>
        </property>
        <property name="pivotTransform" type="EntityPtr" container="StaticArray" arraySize="1">
          <containerEntry>0x0</containerEntry>
        </property>
        <property name="children" type="EntityHandle" container="List"></property>
        <property name="flags" type="UInt32" container="StaticArray" arraySize="1">
          <containerEntry>7</containerEntry>
        </property>
        <property name="modelFile" type="FilePtr" container="StaticArray" arraySize="1">
          <containerEntry>/Assets/tpp/environ/object/middle_africa/cliff/mafr_clff003/scenes/mafr_clff003_vrtn001.fmdl</containerEntry>
        </property>
        <property name="geomFile" type="FilePtr" container="StaticArray" arraySize="1">
          <containerEntry>/Assets/tpp/environ/object/middle_africa/cliff/mafr_clff003/scenes/mafr_clff003_vrtn001.geom</containerEntry>
        </property>
        <property name="isVisibleGeom" type="Bool" container="StaticArray" arraySize="1">
          <containerEntry>false</containerEntry>
        </property>
        <property name="isIsolated" type="Bool" container="StaticArray" arraySize="1">
          <containerEntry>false</containerEntry>
        </property>
        <property name="lodFarSize" type="Float" container="StaticArray" arraySize="1">
          <containerEntry>-1</containerEntry>
        </property>
        <property name="lodNearSize" type="Float" container="StaticArray" arraySize="1">
          <containerEntry>-1</containerEntry>
        </property>
        <property name="lodPolygonSize" type="Float" container="StaticArray" arraySize="1">
          <containerEntry>-1</containerEntry>
        </property>
        <property name="color" type="Color" container="StaticArray" arraySize="1">
          <containerEntry r="1" g="1" b="1" a="1"></containerEntry>
        </property>
        <property name="drawRejectionLevel" type="Int32" container="StaticArray" arraySize="1">
          <containerEntry>5</containerEntry>
        </property>
        <property name="drawMode" type="Int32" container="StaticArray" arraySize="1">
          <containerEntry>0</containerEntry>
        </property>
        <property name="rejectFarRangeShadowCast" type="Int32" container="StaticArray" arraySize="1">
          <containerEntry>2</containerEntry>
        </property>
      </staticProperties>
      <dynamicProperties></dynamicProperties>
    </entity>
    <entity class="TransformEntity" classVersion="0" classID="0x50" addr="0x3177D30" id="0x517E60">
      <staticProperties>
        <property name="owner" type="EntityHandle" container="StaticArray" arraySize="1">
          <containerEntry>0x3177CC0</containerEntry>
        </property>
        <property name="transform_scale" type="Vector3" container="StaticArray" arraySize="1">
          <containerEntry x="2.07" y="2.07" z="2.07" w="0"></containerEntry>
        </property>
        <property name="transform_rotation_quat" type="Quat" container="StaticArray" arraySize="1">
          <containerEntry x="0.261247" y="0.571119" z="0.205754" w="-0.750493"></containerEntry>
        </property>
        <property name="transform_translation" type="Vector3" container="StaticArray" arraySize="1">
          <containerEntry x="913.3704" y="154.32938" z="-1697.9735" w="0"></containerEntry>
        </property>
      </staticProperties>
      <dynamicProperties></dynamicProperties>
    </entity>
    <entity class="StaticModelArray" classVersion="4" classID="0xD0" addr="0x317C8E0" id="0x0">
      <staticProperties>
        <property name="name" type="String" container="StaticArray" arraySize="1">
          <containerEntry>StaticModelArray0000</containerEntry>
        </property>
        <property name="dataSet" type="EntityHandle" container="StaticArray" arraySize="1">
          <containerEntry>0x33544C0</containerEntry>
        </property>
        <property name="modelFile" type="FilePtr" container="StaticArray" arraySize="1">
          <containerEntry>/Assets/tpp/environ/object/middle_africa/tree/mafr_tree032/scenes/mafr_tree032.fmdl</containerEntry>
        </property>
        <property name="geomFile" type="FilePtr" container="StaticArray" arraySize="1">
          <containerEntry>/Assets/tpp/environ/object/middle_africa/tree/mafr_tree032/scenes/mafr_tree032.geom</containerEntry>
        </property>
        <property name="isVisibleGeom" type="Bool" container="StaticArray" arraySize="1">
          <containerEntry>false</containerEntry>
        </property>
        <property name="lodFarSize" type="Float" container="StaticArray" arraySize="1">
          <containerEntry>-1</containerEntry>
        </property>
        <property name="lodNearSize" type="Float" container="StaticArray" arraySize="1">
          <containerEntry>-1</containerEntry>
        </property>
        <property name="lodPolygonSize" type="Float" container="StaticArray" arraySize="1">
          <containerEntry>-1</containerEntry>
        </property>
        <property name="drawRejectionLevel" type="Int32" container="StaticArray" arraySize="1">
          <containerEntry>8</containerEntry>
        </property>
        <property name="drawMode" type="Int32" container="StaticArray" arraySize="1">
          <containerEntry>0</containerEntry>
        </property>
        <property name="rejectFarRangeShadowCast" type="Int32" container="StaticArray" arraySize="1">
          <containerEntry>2</containerEntry>
        </property>
        <property name="parentLocator" type="EntityLink" container="StaticArray" arraySize="1">
          <containerEntry packagePathHash="0xB8A0BF169F98" archivePathHash="0xB8A0BF169F98" nameInArchiveHash="0xB8A0BF169F98">0x0</containerEntry>
        </property>
        <property name="transforms" type="Matrix4" container="DynamicArray" arraySize="18">
          <containerEntry r11="0.7698424" r12="-0.040347587" r13="-0.63695765" r14="0" r21="0.031087501" r22="0.9991857" r23="-0.025719546" r24="0" r31="0.6374767" r32="-1.4081597e-06" r33="0.7704698" r34="0" r41="932.9817" r42="154.29749" r43="-1788.8174" r44="1"></containerEntry>
          <containerEntry r11="0.7875814" r12="-0.074940406" r13="0.324229" r14="0" r21="0.031791173" r22="0.84617156" r23="0.118355535" r24="0" r31="-0.33125493" r32="-0.09696725" r33="0.7822356" r34="0" r41="924.58936" r42="155.65881" r43="-1784.601" r44="1"></containerEntry>
          <containerEntry r11="-0.61998373" r12="-0.060230546" r13="0.78230065" r14="0" r21="-0.023337865" r22="0.99802375" r23="0.058343887" r24="0" r31="-0.7842687" r32="0.017914986" r33="-0.6201641" r34="0" r41="925.2079" r42="162.24501" r43="-1740.061" r44="1"></containerEntry>
          <containerEntry r11="0.18957283" r12="-0.031159146" r13="-0.9813722" r14="0" r21="0.02436967" r22="0.78325766" r23="-0.020161375" r24="0" r31="0.98137444" r32="-0.025633072" r33="0.19038713" r34="0" r41="938.0323" r42="156.30508" r43="-1755.2554" r44="1"></containerEntry>
          <containerEntry r11="0.553142" r12="0.037392557" r13="0.8322479" r14="0" r21="-0.13338177" r22="0.9900801" r23="0.044166557" r24="0" r31="-0.82234067" r32="-0.13543698" r33="0.55264235" r34="0" r41="925.668" r42="161.30144" r43="-1700.7568" r44="1"></containerEntry>
          <containerEntry r11="0.7698424" r12="-0.040347587" r13="-0.63695765" r14="0" r21="0.031087501" r22="0.9991857" r23="-0.025719546" r24="0" r31="0.6374767" r32="-1.4081597e-06" r33="0.7704698" r34="0" r41="921.42755" r42="159.03818" r43="-1721.3357" r44="1"></containerEntry>
          <containerEntry r11="0.9211478" r12="-0.0876496" r13="0.3792152" r14="0" r21="0.03718266" r22="0.9896743" r23="0.13842753" r24="0" r31="-0.38743266" r32="-0.113411985" r33="0.9148954" r34="0" r41="917.95544" r42="158.61076" r43="-1712.6436" r44="1"></containerEntry>
          <containerEntry r11="-0.068680845" r12="-0.008928079" r13="0.9975995" r14="0" r21="-0.003287208" r22="0.75981545" r23="0.006573711" r24="0" r31="-0.99763" r32="-0.0037215608" r33="-0.06871623" r34="0" r41="936.4559" r42="161.35901" r43="-1682.5203" r44="1"></containerEntry>
          <containerEntry r11="0.32705632" r12="-0.040347457" r13="-0.94414395" r14="0" r21="0.010171208" r22="0.7695208" r23="-0.029361706" r24="0" r31="0.9449133" r32="-1.5646219e-07" r33="0.32732284" r34="0" r41="926.89386" r42="162.16537" r43="-1684.5461" r44="1"></containerEntry>
          <containerEntry r11="0.98420835" r12="0.03760772" r13="-0.1729725" r14="0" r21="-0.061744984" r22="0.98873377" r23="-0.13635638" r24="0" r31="0.1658957" r32="0.14488328" r33="0.9754422" r34="0" r41="927.8944" r42="160.3262" r43="-1694.2521" r44="1"></containerEntry>
          <containerEntry r11="-0.068680845" r12="-0.008928079" r13="0.9975995" r14="0" r21="-0.0035577596" r22="0.8223516" r23="0.007114756" r24="0" r31="-0.99763" r32="-0.0037215608" r33="-0.06871623" r34="0" r41="947.6869" r42="160.12868" r43="-1673.3157" r44="1"></containerEntry>
          <containerEntry r11="-0.57038504" r12="-0.055412102" r13="0.7197166" r14="0" r21="-0.021470837" r22="0.91818184" r23="0.053676378" r24="0" r31="-0.7215272" r32="0.016481787" r33="-0.570551" r34="0" r41="925.7847" r42="153.0586" r43="-1802.8973" r44="1"></containerEntry>
          <containerEntry r11="0.9229924" r12="-0.008120278" r13="-0.38473243" r14="0" r21="-0.013749656" r22="0.74212897" r23="-0.048649717" r24="0" r31="0.3843739" r32="0.067477755" r33="0.9207081" r34="0" r41="923.9056" r42="160.78415" r43="-1754.4628" r44="1"></containerEntry>
          <containerEntry r11="-0.61998373" r12="-0.060230546" r13="0.78230065" r14="0" r21="-0.023337865" r22="0.99802375" r23="0.058343887" r24="0" r31="-0.7842687" r32="0.017914986" r33="-0.6201641" r34="0" r41="926.41846" r42="154.73451" r43="-1775.038" r44="1"></containerEntry>
          <containerEntry r11="-0.066571824" r12="0.05550108" r13="0.9962364" r14="0" r21="-0.015782556" r22="0.99826825" r23="-0.056668907" r24="0" r31="-0.9976564" r32="-0.019495735" r33="-0.06558061" r34="0" r41="917.6694" r42="163.30128" r43="-1726.8818" r44="1"></containerEntry>
          <containerEntry r11="0.51228225" r12="-0.005686437" r13="0.8587964" r14="0" r21="0.01202428" r22="0.740783" r23="-0.002267609" r24="0" r31="-0.85866183" r32="0.015505878" r33="0.51230466" r34="0" r41="922.6406" r42="165.54172" r43="-1721.0706" r44="1"></containerEntry>
          <containerEntry r11="-0.4760349" r12="0.010418322" r13="0.87936395" r14="0" r21="0.012024668" r22="0.740783" r23="-0.0022670622" r24="0" r31="-0.87927586" r32="0.012815572" r33="-0.47613907" r34="0" r41="925.42065" r42="165.30171" r43="-1719.9406" r44="1"></containerEntry>
          <containerEntry r11="-0.31309178" r12="-0.030416425" r13="0.39506182" r14="0" r21="-0.011785622" r22="0.504002" r23="0.029463664" r24="0" r31="-0.39605567" r32="0.009047068" r33="-0.31318286" r34="0" r41="939.7064" r42="153.48244" r43="-1766.6664" r44="1"></containerEntry>
        </property>
        <property name="colors" type="UInt32" container="DynamicArray" arraySize="18">
          <containerEntry>4294967295</containerEntry>
          <containerEntry>4294967295</containerEntry>
          <containerEntry>4294967295</containerEntry>
          <containerEntry>4294967295</containerEntry>
          <containerEntry>4294967295</containerEntry>
          <containerEntry>4294967295</containerEntry>
          <containerEntry>4294967295</containerEntry>
          <containerEntry>4294967295</containerEntry>
          <containerEntry>4294967295</containerEntry>
          <containerEntry>4294967295</containerEntry>
          <containerEntry>4294967295</containerEntry>
          <containerEntry>4294967295</containerEntry>
          <containerEntry>4294967295</containerEntry>
          <containerEntry>4294967295</containerEntry>
          <containerEntry>4294967295</containerEntry>
          <containerEntry>4294967295</containerEntry>
          <containerEntry>4294967295</containerEntry>
          <containerEntry>4294967295</containerEntry>
        </property>
      </staticProperties>
      <dynamicProperties></dynamicProperties>
    </entity>
    <entity class="StaticModelArray" classVersion="4" classID="0xD0" addr="0x317C950" id="0x0">
      <staticProperties>
        <property name="name" type="String" container="StaticArray" arraySize="1">
          <containerEntry>StaticModelArray0001</containerEntry>
        </property>
        <property name="dataSet" type="EntityHandle" container="StaticArray" arraySize="1">
          <containerEntry>0x33544C0</containerEntry>
        </property>
        <property name="modelFile" type="FilePtr" container="StaticArray" arraySize="1">
          <containerEntry>/Assets/tpp/environ/object/middle_africa/rock/mafr_rock001/scenes/mafr_rock001_vrtn001.fmdl</containerEntry>
        </property>
        <property name="geomFile" type="FilePtr" container="StaticArray" arraySize="1">
          <containerEntry>/Assets/tpp/environ/object/middle_africa/rock/mafr_rock001/scenes/mafr_rock001_vrtn001.geom</containerEntry>
        </property>
        <property name="isVisibleGeom" type="Bool" container="StaticArray" arraySize="1">
          <containerEntry>false</containerEntry>
        </property>
        <property name="lodFarSize" type="Float" container="StaticArray" arraySize="1">
          <containerEntry>-1</containerEntry>
        </property>
        <property name="lodNearSize" type="Float" container="StaticArray" arraySize="1">
          <containerEntry>-1</containerEntry>
        </property>
        <property name="lodPolygonSize" type="Float" container="StaticArray" arraySize="1">
          <containerEntry>-1</containerEntry>
        </property>
        <property name="drawRejectionLevel" type="Int32" container="StaticArray" arraySize="1">
          <containerEntry>8</containerEntry>
        </property>
        <property name="drawMode" type="Int32" container="StaticArray" arraySize="1">
          <containerEntry>0</containerEntry>
        </property>
        <property name="rejectFarRangeShadowCast" type="Int32" container="StaticArray" arraySize="1">
          <containerEntry>2</containerEntry>
        </property>
        <property name="parentLocator" type="EntityLink" container="StaticArray" arraySize="1">
          <containerEntry packagePathHash="0xB8A0BF169F98" archivePathHash="0xB8A0BF169F98" nameInArchiveHash="0xB8A0BF169F98">0x0</containerEntry>
        </property>
        <property name="transforms" type="Matrix4" container="DynamicArray" arraySize="3">
          <containerEntry r11="-0.87465435" r12="0.07264191" r13="-0.47927052" r14="0" r21="0.048797294" r22="0.99688" r23="0.06204097" r24="0" r31="0.48228198" r32="0.030877367" r33="-0.87547016" r34="0" r41="1005.58344" r42="138.97182" r43="-1778.3745" r44="1"></containerEntry>
          <containerEntry r11="-0.8105317" r12="0.01247494" r13="-0.36739683" r14="0" r21="0.026819915" r22="0.8891237" r23="-0.028978616" r24="0" r31="0.36662892" r32="-0.037462566" r33="-0.81010956" r34="0" r41="1008.2318" r42="138.07726" r43="-1785.6963" r44="1"></containerEntry>
          <containerEntry r11="-0.8105309" r12="0.012475793" r13="-0.36739716" r14="0" r21="0.26836425" r22="0.62797403" r23="-0.5707265" r24="0" r31="0.25123093" r32="-0.6305493" r33="-0.57566285" r34="0" r41="1007.8416" r42="137.56914" r43="-1780.6368" r44="1"></containerEntry>
        </property>
        <property name="colors" type="UInt32" container="DynamicArray" arraySize="3">
          <containerEntry>4294967295</containerEntry>
          <containerEntry>4294967295</containerEntry>
          <containerEntry>4294967295</containerEntry>
        </property>
      </staticProperties>
      <dynamicProperties></dynamicProperties>
    </entity>
    <entity class="StaticModelArray" classVersion="4" classID="0xD0" addr="0x317C9C0" id="0x0">
      <staticProperties>
        <property name="name" type="String" container="StaticArray" arraySize="1">
          <containerEntry>StaticModelArray0002</containerEntry>
        </property>
        <property name="dataSet" type="EntityHandle" container="StaticArray" arraySize="1">
          <containerEntry>0x33544C0</containerEntry>
        </property>
        <property name="modelFile" type="FilePtr" container="StaticArray" arraySize="1">
          <containerEntry>/Assets/tpp/environ/object/middle_africa/cliff/mafr_clff003/scenes/mafr_clff003_vrtn001.fmdl</containerEntry>
        </property>
        <property name="geomFile" type="FilePtr" container="StaticArray" arraySize="1">
          <containerEntry>/Assets/tpp/environ/object/middle_africa/cliff/mafr_clff003/scenes/mafr_clff003_vrtn001.geom</containerEntry>
        </property>
        <property name="isVisibleGeom" type="Bool" container="StaticArray" arraySize="1">
          <containerEntry>false</containerEntry>
        </property>
        <property name="lodFarSize" type="Float" container="StaticArray" arraySize="1">
          <containerEntry>-1</containerEntry>
        </property>
        <property name="lodNearSize" type="Float" container="StaticArray" arraySize="1">
          <containerEntry>-1</containerEntry>
        </property>
        <property name="lodPolygonSize" type="Float" container="StaticArray" arraySize="1">
          <containerEntry>-1</containerEntry>
        </property>
        <property name="drawRejectionLevel" type="Int32" container="StaticArray" arraySize="1">
          <containerEntry>8</containerEntry>
        </property>
        <property name="drawMode" type="Int32" container="StaticArray" arraySize="1">
          <containerEntry>0</containerEntry>
        </property>
        <property name="rejectFarRangeShadowCast" type="Int32" container="StaticArray" arraySize="1">
          <containerEntry>2</containerEntry>
        </property>
        <property name="parentLocator" type="EntityLink" container="StaticArray" arraySize="1">
          <containerEntry packagePathHash="0xB8A0BF169F98" archivePathHash="0xB8A0BF169F98" nameInArchiveHash="0xB8A0BF169F98">0x0</containerEntry>
        </property>
        <property name="transforms" type="Matrix4" container="DynamicArray" arraySize="18">
          <containerEntry r11="0.3774749" r12="-0.1421425" r13="1.4447527" r14="0" r21="1.4478683" r22="0.14564574" r23="-0.3639603" r24="0" r31="-0.105794124" r32="1.4861307" r33="0.17385378" r34="0" r41="945.64777" r42="147.74655" r43="-1679.4187" r44="1"></containerEntry>
          <containerEntry r11="0.21503966" r12="0.11239361" r13="-0.9701159" r14="0" r21="-0.32861438" r22="0.94375867" r23="0.036498144" r24="0" r31="0.9196578" r32="0.31094474" r33="0.2398797" r34="0" r41="958.89526" r42="146.22061" r43="-1703.8499" r44="1"></containerEntry>
          <containerEntry r11="-0.23017421" r12="-0.08970551" r13="-0.96900606" r14="0" r21="-0.20358135" r22="0.9781484" r23="-0.042193882" r24="0" r31="0.95161694" r32="0.18755862" r33="-0.24340685" r34="0" r41="959.8224" r42="145.76729" r43="-1714.7042" r44="1"></containerEntry>
          <containerEntry r11="-0.64598846" r12="-0.12061886" r13="-0.75375885" r14="0" r21="-0.26538366" r22="0.9613293" r23="0.07360454" r24="0" r31="0.71573263" r32="0.24758175" r33="-0.653018" r34="0" r41="960.62524" r42="143.53528" r43="-1750.001" r44="1"></containerEntry>
          <containerEntry r11="-0.44463855" r12="-0.008639246" r13="0.8956698" r14="0" r21="0.6689551" r22="0.6617672" r23="0.33847272" r24="0" r31="-0.5956499" r32="0.74965936" r33="-0.2884687" r34="0" r41="976.6252" r42="141.00429" r43="-1753.8561" r44="1"></containerEntry>
          <containerEntry r11="-0.26807147" r12="0.13913134" r13="0.9533007" r14="0" r21="0.86640096" r22="0.4675312" r23="0.17539927" r24="0" r31="-0.42129564" r32="0.8729588" r33="-0.24587595" r34="0" r41="998.42676" r42="141.00429" r43="-1739.8871" r44="1"></containerEntry>
          <containerEntry r11="-0.18385497" r12="-0.13236189" r13="0.9740008" r14="0" r21="0.84656125" r22="0.48224348" r23="0.22533363" r24="0" r31="-0.49953187" r32="0.8659796" r33="0.023389412" r34="0" r41="994.88745" r42="143.12029" r43="-1686.4042" r44="1"></containerEntry>
          <containerEntry r11="-0.034029424" r12="0.005760908" r13="0.99940556" r14="0" r21="0.9687039" r22="0.24620798" r23="0.03156361" r24="0" r31="-0.24588175" r32="0.9692006" r33="-0.013959916" r34="0" r41="997.4775" r42="142.63976" r43="-1697.2141" r44="1"></containerEntry>
          <containerEntry r11="-0.5750412" r12="0.07880023" r13="0.8143223" r14="0" r21="0.44550446" r22="0.86499393" r23="0.23089291" r24="0" r31="-0.6861899" r32="0.49555567" r33="-0.5325134" r34="0" r41="1008.2046" r42="140.39435" r43="-1716.2383" r44="1"></containerEntry>
          <containerEntry r11="0.6848291" r12="-0.16030285" r13="0.710853" r14="0" r21="0.6203524" r22="0.64006203" r23="-0.45330262" r24="0" r31="-0.38232484" r32="0.75141364" r33="0.5377779" r34="0" r41="999.42914" r42="139.73254" r43="-1757.1014" r44="1"></containerEntry>
          <containerEntry r11="0.988431" r12="-0.09959474" r13="0.11439006" r14="0" r21="0.1515224" r22="0.6818309" r23="-0.7156449" r24="0" r31="-0.0067203664" r32="0.7246976" r33="0.68903434" r34="0" r41="971.0656" r42="143.51936" r43="-1684.0958" r44="1"></containerEntry>
          <containerEntry r11="0.58205014" r12="0.09291549" r13="0.8078269" r14="0" r21="0.34498805" r22="0.8713926" r23="-0.34879524" r24="0" r31="-0.73634326" r32="0.48170605" r33="0.47513986" r34="0" r41="980.405" r42="137.50981" r43="-1787.9825" r44="1"></containerEntry>
          <containerEntry r11="0.35654855" r12="-0.27845347" r13="-0.8918166" r14="0" r21="-0.5117098" r22="0.7404432" r23="-0.4357717" r24="0" r31="0.7816823" r32="0.6117244" r33="0.12151702" r34="0" r41="970.8965" r42="138.93814" r43="-1770.9917" r44="1"></containerEntry>
          <containerEntry r11="0.12774846" r12="-0.09665295" r13="-0.98708576" r14="0" r21="0.014488906" r22="0.99531597" r23="-0.09558366" r24="0" r31="0.9917006" r32="-0.002092135" r33="0.12855056" r34="0" r41="936.6039" r42="149.63466" r43="-1726.1511" r44="1"></containerEntry>
          <containerEntry r11="-0.20980981" r12="-0.14874968" r13="0.9663615" r14="0" r21="0.79137564" r22="0.55459934" r23="0.25718588" r24="0" r31="-0.5742007" r32="0.818714" r33="0.0013559273" r34="0" r41="978.90497" r42="143.94983" r43="-1705.0364" r44="1"></containerEntry>
          <containerEntry r11="-0.224981" r12="-0.00035837293" r13="-0.9743635" r14="0" r21="-0.7586036" r22="0.6276306" r23="0.17493081" r24="0" r31="0.61147857" r32="0.77851075" r33="-0.14147711" r34="0" r41="975.777" r42="143.77469" r43="-1713.2649" r44="1"></containerEntry>
          <containerEntry r11="-0.2185793" r12="-0.013563275" r13="-0.9757251" r14="0" r21="-0.60338825" r22="0.7877133" r23="0.12421954" r24="0" r31="0.7669074" r32="0.615892" r33="-0.18036187" r34="0" r41="997.8938" r42="142.64384" r43="-1720.2517" r44="1"></containerEntry>
          <containerEntry r11="-0.5265517" r12="0.025479853" r13="0.84976256" r14="0" r21="0.7032003" r22="0.57477635" r23="0.4184999" r24="0" r31="-0.47776106" r32="0.8179136" r33="-0.32056785" r34="0" r41="1001.0868" r42="138.43138" r43="-1782.1456" r44="1"></containerEntry>
        </property>
        <property name="colors" type="UInt32" container="DynamicArray" arraySize="18">
          <containerEntry>4294967295</containerEntry>
          <containerEntry>4294967295</containerEntry>
          <containerEntry>4294967295</containerEntry>
          <containerEntry>4294967295</containerEntry>
          <containerEntry>4294967295</containerEntry>
          <containerEntry>4294967295</containerEntry>
          <containerEntry>4294967295</containerEntry>
          <containerEntry>4294967295</containerEntry>
          <containerEntry>4294967295</containerEntry>
          <containerEntry>4294967295</containerEntry>
          <containerEntry>4294967295</containerEntry>
          <containerEntry>4294967295</containerEntry>
          <containerEntry>4294967295</containerEntry>
          <containerEntry>4294967295</containerEntry>
          <containerEntry>4294967295</containerEntry>
          <containerEntry>4294967295</containerEntry>
          <containerEntry>4294967295</containerEntry>
          <containerEntry>4294967295</containerEntry>
        </property>
      </staticProperties>
      <dynamicProperties></dynamicProperties>
    </entity>
    <entity class="StaticModelArray" classVersion="4" classID="0xD0" addr="0x317C5D0" id="0x0">
      <staticProperties>
        <property name="name" type="String" container="StaticArray" arraySize="1">
          <containerEntry>StaticModelArray0003</containerEntry>
        </property>
        <property name="dataSet" type="EntityHandle" container="StaticArray" arraySize="1">
          <containerEntry>0x33544C0</containerEntry>
        </property>
        <property name="modelFile" type="FilePtr" container="StaticArray" arraySize="1">
          <containerEntry>/Assets/tpp/environ/object/middle_africa/rock/mafr_rock002/scenes/mafr_rock002.fmdl</containerEntry>
        </property>
        <property name="geomFile" type="FilePtr" container="StaticArray" arraySize="1">
          <containerEntry>/Assets/tpp/environ/object/middle_africa/rock/mafr_rock002/scenes/mafr_rock002.geom</containerEntry>
        </property>
        <property name="isVisibleGeom" type="Bool" container="StaticArray" arraySize="1">
          <containerEntry>false</containerEntry>
        </property>
        <property name="lodFarSize" type="Float" container="StaticArray" arraySize="1">
          <containerEntry>-1</containerEntry>
        </property>
        <property name="lodNearSize" type="Float" container="StaticArray" arraySize="1">
          <containerEntry>-1</containerEntry>
        </property>
        <property name="lodPolygonSize" type="Float" container="StaticArray" arraySize="1">
          <containerEntry>-1</containerEntry>
        </property>
        <property name="drawRejectionLevel" type="Int32" container="StaticArray" arraySize="1">
          <containerEntry>8</containerEntry>
        </property>
        <property name="drawMode" type="Int32" container="StaticArray" arraySize="1">
          <containerEntry>0</containerEntry>
        </property>
        <property name="rejectFarRangeShadowCast" type="Int32" container="StaticArray" arraySize="1">
          <containerEntry>2</containerEntry>
        </property>
        <property name="parentLocator" type="EntityLink" container="StaticArray" arraySize="1">
          <containerEntry packagePathHash="0xB8A0BF169F98" archivePathHash="0xB8A0BF169F98" nameInArchiveHash="0xB8A0BF169F98">0x0</containerEntry>
        </property>
        <property name="transforms" type="Matrix4" container="DynamicArray" arraySize="4">
          <containerEntry r11="0.28712845" r12="0.063034944" r13="-0.9558154" r14="0" r21="-0.021692248" r22="0.99800444" r23="0.059300855" r24="0" r31="0.95764595" r32="0.0037068576" r33="0.28792286" r34="0" r41="963.32764" r42="147.62476" r43="-1740.669" r44="1"></containerEntry>
          <containerEntry r11="0.06782611" r12="0.10919173" r13="0.99170315" r14="0" r21="-0.23275556" r22="0.968297" r23="-0.09069573" r24="0" r31="-0.97016644" r32="-0.22467315" r33="0.09109086" r34="0" r41="960.4324" r42="147.61896" r43="-1725.9456" r44="1"></containerEntry>
          <containerEntry r11="0.18733555" r12="-0.042259544" r13="-0.9813863" r14="0" r21="0.093194515" r22="0.99533224" r23="-0.025070308" r24="0" r31="0.97786486" r32="-0.086763285" r33="0.19039947" r34="0" r41="954.8368" r42="149.50714" r43="-1732.8402" r44="1"></containerEntry>
          <containerEntry r11="0.46850944" r12="0.059664115" r13="-1.9434339" r14="0" r21="0.3333254" r22="1.966999" r23="0.14074305" r24="0" r31="1.9155649" r32="-0.35686776" r33="0.450835" r34="0" r41="927.4361" r42="164.66417" r43="-1668.3654" r44="1"></containerEntry>
        </property>
        <property name="colors" type="UInt32" container="DynamicArray" arraySize="4">
          <containerEntry>4294967295</containerEntry>
          <containerEntry>4294967295</containerEntry>
          <containerEntry>4294967295</containerEntry>
          <containerEntry>4294967295</containerEntry>
        </property>
      </staticProperties>
      <dynamicProperties></dynamicProperties>
    </entity>
    <entity class="StaticModelArray" classVersion="4" classID="0xD0" addr="0x317C480" id="0x0">
      <staticProperties>
        <property name="name" type="String" container="StaticArray" arraySize="1">
          <containerEntry>StaticModelArray0004</containerEntry>
        </property>
        <property name="dataSet" type="EntityHandle" container="StaticArray" arraySize="1">
          <containerEntry>0x33544C0</containerEntry>
        </property>
        <property name="modelFile" type="FilePtr" container="StaticArray" arraySize="1">
          <containerEntry>/Assets/tpp/environ/object/middle_africa/cliff/mafr_clff003/scenes/mafr_clff003.fmdl</containerEntry>
        </property>
        <property name="geomFile" type="FilePtr" container="StaticArray" arraySize="1">
          <containerEntry>/Assets/tpp/environ/object/middle_africa/cliff/mafr_clff003/scenes/mafr_clff003.geom</containerEntry>
        </property>
        <property name="isVisibleGeom" type="Bool" container="StaticArray" arraySize="1">
          <containerEntry>false</containerEntry>
        </property>
        <property name="lodFarSize" type="Float" container="StaticArray" arraySize="1">
          <containerEntry>-1</containerEntry>
        </property>
        <property name="lodNearSize" type="Float" container="StaticArray" arraySize="1">
          <containerEntry>-1</containerEntry>
        </property>
        <property name="lodPolygonSize" type="Float" container="StaticArray" arraySize="1">
          <containerEntry>-1</containerEntry>
        </property>
        <property name="drawRejectionLevel" type="Int32" container="StaticArray" arraySize="1">
          <containerEntry>8</containerEntry>
        </property>
        <property name="drawMode" type="Int32" container="StaticArray" arraySize="1">
          <containerEntry>0</containerEntry>
        </property>
        <property name="rejectFarRangeShadowCast" type="Int32" container="StaticArray" arraySize="1">
          <containerEntry>2</containerEntry>
        </property>
        <property name="parentLocator" type="EntityLink" container="StaticArray" arraySize="1">
          <containerEntry packagePathHash="0xB8A0BF169F98" archivePathHash="0xB8A0BF169F98" nameInArchiveHash="0xB8A0BF169F98">0x0</containerEntry>
        </property>
        <property name="transforms" type="Matrix4" container="DynamicArray" arraySize="2">
          <containerEntry r11="0.048828047" r12="-0.088979594" r13="-0.99483436" r14="0" r21="0.08036023" r22="0.9931449" r23="-0.084884286" r24="0" r31="0.99556774" r32="-0.07580029" r33="0.055643745" r34="0" r41="922.99725" r42="161.62045" r43="-1747.556" r44="1"></containerEntry>
          <containerEntry r11="-0.37556258" r12="0.009987457" r13="-0.9267427" r14="0" r21="0.07704127" r22="0.9968176" r23="-0.020478224" r24="0" r31="0.92358893" r32="-0.07908817" r33="-0.37513685" r34="0" r41="926.29724" r42="161.95045" r43="-1693.196" r44="1"></containerEntry>
        </property>
        <property name="colors" type="UInt32" container="DynamicArray" arraySize="2">
          <containerEntry>4294967295</containerEntry>
          <containerEntry>4294967295</containerEntry>
        </property>
      </staticProperties>
      <dynamicProperties></dynamicProperties>
    </entity>
    <entity class="TexturePackLoadConditioner" classVersion="0" classID="0x48" addr="0x317D130" id="0x0">
      <staticProperties>
        <property name="name" type="String" container="StaticArray" arraySize="1">
          <containerEntry>TexturePackLoadConditioner0000</containerEntry>
        </property>
        <property name="dataSet" type="EntityHandle" container="StaticArray" arraySize="1">
          <containerEntry>0x33544C0</containerEntry>
        </property>
        <property name="texturePackPath" type="Path" container="StaticArray" arraySize="1">
          <containerEntry hash="0xB8A0BF169F98"></containerEntry>
        </property>
      </staticProperties>
      <dynamicProperties></dynamicProperties>
    </entity>
  </entities>
</fox>