<fox formatVersion="2" fileVersion="0">
  <entities>
    <entity class="DataSet" classVersion="0" classID="0xE8" addr="0x33544C0" id="0xECB224">
      <staticProperties>
        <property name="name" type="String" container="StaticArray" arraySize="1">
          <containerEntry hash="0xB8A0BF169F98"></containerEntry>
        </property>
        <property name="dataSet" type="EntityHandle" container="StaticArray" arraySize="1">
          <containerEntry>0x0</containerEntry>
        </property>
        <property name="dataList" type="EntityPtr" container="StringMap" arraySize="5">
          <containerEntry key="mafr_clod005_0003">
            <data>0x3174AE0</data>
          </containerEntry>
          <containerEntry key="StaticModelArray0000">
            <data>0x317E160</data>
          </containerEntry>
          <containerEntry key="StaticModelArray0001">
            <data>0x317E1D0</data>
          </containerEntry>
          <containerEntry key="StaticModelArray0002">
            <data>0x317DD70</data>
          </containerEntry>
          <containerEntry key="TexturePackLoadConditioner0000">
            <data>0x317E940</data>
          </containerEntry>
        </property>
      </staticProperties>
      <dynamicProperties></dynamicProperties>
    </entity>
    <entity class="StaticModel" classVersion="9" classID="0x160" addr="0x3174AE0" id="0xECB241">
      <staticProperties>
        <property name="name" type="String" container="StaticArray" arraySize="1">
          <containerEntry>mafr_clod005_0003</containerEntry>
        </property>
        <property name="dataSet" type="EntityHandle" container="StaticArray" arraySize="1">
          <containerEntry>0x33544C0</containerEntry>
        </property>
        <property name="parent" type="EntityHandle" container="StaticArray" arraySize="1">
          <containerEntry>0x0</containerEntry>
        </property>
        <property name="transform" type="EntityPtr" container="StaticArray" arraySize="1">
          <containerEntry>0x3174B50</containerEntry>
        </property>
        <property name="shearTransform" type="EntityPtr" container="StaticArray" arraySize="1">
          <containerEntry>0x0</containerEntry>
        </property>
        <property name="pivotTransform" type="EntityPtr" container="StaticArray" arraySize="1">
          <containerEntry>0x0</containerEntry>
        </property>
        <property name="children" type="EntityHandle" container="List"></property>
        <property name="flags" type="UInt32" container="StaticArray" arraySize="1">
          <containerEntry>7</containerEntry>
        </property>
        <property name="modelFile" type="FilePtr" container="StaticArray" arraySize="1">
          <containerEntry>/Assets/tpp/environ/object/middle_africa/clod/mafr_clod005/scenes/mafr_clod005.fmdl</containerEntry>
        </property>
        <property name="geomFile" type="FilePtr" container="StaticArray" arraySize="1">
          <containerEntry>/Assets/tpp/environ/object/middle_africa/clod/mafr_clod005/scenes/mafr_clod005.geom</containerEntry>
        </property>
        <property name="isVisibleGeom" type="Bool" container="StaticArray" arraySize="1">
          <containerEntry>false</containerEntry>
        </property>
        <property name="isIsolated" type="Bool" container="StaticArray" arraySize="1">
          <containerEntry>false</containerEntry>
        </property>
        <property name="lodFarSize" type="Float" container="StaticArray" arraySize="1">
          <containerEntry>-1</containerEntry>
        </property>
        <property name="lodNearSize" type="Float" container="StaticArray" arraySize="1">
          <containerEntry>-1</containerEntry>
        </property>
        <property name="lodPolygonSize" type="Float" container="StaticArray" arraySize="1">
          <containerEntry>-1</containerEntry>
        </property>
        <property name="color" type="Color" container="StaticArray" arraySize="1">
          <containerEntry r="1" g="1" b="1" a="1"></containerEntry>
        </property>
        <property name="drawRejectionLevel" type="Int32" container="StaticArray" arraySize="1">
          <containerEntry>6</containerEntry>
        </property>
        <property name="drawMode" type="Int32" container="StaticArray" arraySize="1">
          <containerEntry>0</containerEntry>
        </property>
        <property name="rejectFarRangeShadowCast" type="Int32" container="StaticArray" arraySize="1">
          <containerEntry>2</containerEntry>
        </property>
      </staticProperties>
      <dynamicProperties></dynamicProperties>
    </entity>
    <entity class="TransformEntity" classVersion="0" classID="0x50" addr="0x3174B50" id="0xECB244">
      <staticProperties>
        <property name="owner" type="EntityHandle" container="StaticArray" arraySize="1">
          <containerEntry>0x3174AE0</containerEntry>
        </property>
        <property name="transform_scale" type="Vector3" container="StaticArray" arraySize="1">
          <containerEntry x="1" y="1" z="1" w="0"></containerEntry>
        </property>
        <property name="transform_rotation_quat" type="Quat" container="StaticArray" arraySize="1">
          <containerEntry x="0" y="0.998556" z="0" w="-0.053718"></containerEntry>
        </property>
        <property name="transform_translation" type="Vector3" container="StaticArray" arraySize="1">
          <containerEntry x="-139.68654" y="9.180021" z="598.7159" w="0"></containerEntry>
        </property>
      </staticProperties>
      <dynamicProperties></dynamicProperties>
    </entity>
    <entity class="StaticModelArray" classVersion="4" classID="0xD0" addr="0x317E160" id="0x0">
      <staticProperties>
        <property name="name" type="String" container="StaticArray" arraySize="1">
          <containerEntry>StaticModelArray0000</containerEntry>
        </property>
        <property name="dataSet" type="EntityHandle" container="StaticArray" arraySize="1">
          <containerEntry>0x33544C0</containerEntry>
        </property>
        <property name="modelFile" type="FilePtr" container="StaticArray" arraySize="1">
          <containerEntry>/Assets/tpp/environ/object/middle_africa/rock/mafr_rock002/scenes/mafr_rock002.fmdl</containerEntry>
        </property>
        <property name="geomFile" type="FilePtr" container="StaticArray" arraySize="1">
          <containerEntry>/Assets/tpp/environ/object/middle_africa/rock/mafr_rock002/scenes/mafr_rock002.geom</containerEntry>
        </property>
        <property name="isVisibleGeom" type="Bool" container="StaticArray" arraySize="1">
          <containerEntry>false</containerEntry>
        </property>
        <property name="lodFarSize" type="Float" container="StaticArray" arraySize="1">
          <containerEntry>-1</containerEntry>
        </property>
        <property name="lodNearSize" type="Float" container="StaticArray" arraySize="1">
          <containerEntry>-1</containerEntry>
        </property>
        <property name="lodPolygonSize" type="Float" container="StaticArray" arraySize="1">
          <containerEntry>-1</containerEntry>
        </property>
        <property name="drawRejectionLevel" type="Int32" container="StaticArray" arraySize="1">
          <containerEntry>8</containerEntry>
        </property>
        <property name="drawMode" type="Int32" container="StaticArray" arraySize="1">
          <containerEntry>0</containerEntry>
        </property>
        <property name="rejectFarRangeShadowCast" type="Int32" container="StaticArray" arraySize="1">
          <containerEntry>2</containerEntry>
        </property>
        <property name="parentLocator" type="EntityLink" container="StaticArray" arraySize="1">
          <containerEntry packagePathHash="0xB8A0BF169F98" archivePathHash="0xB8A0BF169F98" nameInArchiveHash="0xB8A0BF169F98">0x0</containerEntry>
        </property>
        <property name="transforms" type="Matrix4" container="DynamicArray" arraySize="5">
          <containerEntry r11="-0.53573334" r12="0" r13="0.84438515" r14="0" r21="0" r22="1" r23="0" r24="0" r31="-0.84438515" r32="0" r33="-0.53573334" r34="0" r41="-185.58698" r42="2.98892" r43="605.2328" r44="1"></containerEntry>
          <containerEntry r11="-0.17365289" r12="0" r13="0.98480576" r14="0" r21="0" r22="1" r23="0" r24="0" r31="-0.98480576" r32="0" r33="-0.17365289" r34="0" r41="-189.60321" r42="3.913846" r43="636.5757" r44="1"></containerEntry>
          <containerEntry r11="-0.53573334" r12="0" r13="0.84438515" r14="0" r21="0" r22="1" r23="0" r24="0" r31="-0.84438515" r32="0" r33="-0.53573334" r34="0" r41="-189.07257" r42="3.440741" r43="612.5788" r44="1"></containerEntry>
          <containerEntry r11="-0.70282066" r12="0" r13="0.7113647" r14="0" r21="0" r22="1" r23="0" r24="0" r31="-0.7113647" r32="0" r33="-0.70282066" r34="0" r41="-194.60588" r42="-1.138166" r43="583.38416" r44="1"></containerEntry>
          <containerEntry r11="-0.9953966" r12="-0.084028035" r13="0.046045076" r14="0" r21="-0.083938256" r22="0.99646336" r23="0.0038831676" r24="0" r31="-0.046208527" r32="3.533205e-07" r33="-0.99892944" r34="0" r41="-151.62517" r42="2.808925" r43="573.6093" r44="1"></containerEntry>
        </property>
        <property name="colors" type="UInt32" container="DynamicArray" arraySize="5">
          <containerEntry>4294967295</containerEntry>
          <containerEntry>4294967295</containerEntry>
          <containerEntry>4294967295</containerEntry>
          <containerEntry>4294967295</containerEntry>
          <containerEntry>4294967295</containerEntry>
        </property>
      </staticProperties>
      <dynamicProperties></dynamicProperties>
    </entity>
    <entity class="StaticModelArray" classVersion="4" classID="0xD0" addr="0x317E1D0" id="0x0">
      <staticProperties>
        <property name="name" type="String" container="StaticArray" arraySize="1">
          <containerEntry>StaticModelArray0001</containerEntry>
        </property>
        <property name="dataSet" type="EntityHandle" container="StaticArray" arraySize="1">
          <containerEntry>0x33544C0</containerEntry>
        </property>
        <property name="modelFile" type="FilePtr" container="StaticArray" arraySize="1">
          <containerEntry>/Assets/tpp/environ/object/middle_africa/mud/mafr_mudd003/scenes/mafr_mudd003.fmdl</containerEntry>
        </property>
        <property name="geomFile" type="FilePtr" container="StaticArray" arraySize="1">
          <containerEntry>/Assets/tpp/environ/object/middle_africa/mud/mafr_mudd003/scenes/mafr_mudd003.geom</containerEntry>
        </property>
        <property name="isVisibleGeom" type="Bool" container="StaticArray" arraySize="1">
          <containerEntry>false</containerEntry>
        </property>
        <property name="lodFarSize" type="Float" container="StaticArray" arraySize="1">
          <containerEntry>-1</containerEntry>
        </property>
        <property name="lodNearSize" type="Float" container="StaticArray" arraySize="1">
          <containerEntry>-1</containerEntry>
        </property>
        <property name="lodPolygonSize" type="Float" container="StaticArray" arraySize="1">
          <containerEntry>-1</containerEntry>
        </property>
        <property name="drawRejectionLevel" type="Int32" container="StaticArray" arraySize="1">
          <containerEntry>8</containerEntry>
        </property>
        <property name="drawMode" type="Int32" container="StaticArray" arraySize="1">
          <containerEntry>0</containerEntry>
        </property>
        <property name="rejectFarRangeShadowCast" type="Int32" container="StaticArray" arraySize="1">
          <containerEntry>2</containerEntry>
        </property>
        <property name="parentLocator" type="EntityLink" container="StaticArray" arraySize="1">
          <containerEntry packagePathHash="0xB8A0BF169F98" archivePathHash="0xB8A0BF169F98" nameInArchiveHash="0xB8A0BF169F98">0x0</containerEntry>
        </property>
        <property name="transforms" type="Matrix4" container="DynamicArray" arraySize="23">
          <containerEntry r11="-0.6955437" r12="-0.0012312429" r13="-0.7184848" r14="0" r21="-0.008775276" r22="0.9999385" r23="0.0067815348" r24="0" r31="0.71843225" r32="0.0110217715" r33="-0.69551176" r34="0" r41="-226.6693" r42="-3.814862" r43="542.11926" r44="1"></containerEntry>
          <containerEntry r11="-0.7513366" r12="-0.07083534" r13="-0.65610975" r14="0" r21="-0.014023881" r22="0.9957118" r23="-0.09144032" r24="0" r31="0.6597734" r32="-0.059501324" r33="-0.749108" r34="0" r41="-216.69292" r42="-3.891837" r43="520.59686" r44="1"></containerEntry>
          <containerEntry r11="0.8610451" r12="0.004108156" r13="0.5085177" r14="0" r21="-0.008775388" r22="0.9999385" r23="0.006780689" r24="0" r31="-0.50845855" r32="-0.01030092" r33="0.8610282" r34="0" r41="-240.19194" r42="-3.715899" r43="545.3955" r44="1"></containerEntry>
          <containerEntry r11="0.73140895" r12="0.0017939445" r13="0.6819407" r14="0" r21="-0.008775622" r22="0.9999385" r23="0.006781713" r24="0" r31="-0.68188655" r32="-0.010944663" r33="0.7313798" r34="0" r41="-200.84227" r42="-3.979858" r43="532.2983" r44="1"></containerEntry>
          <containerEntry r11="0.546232" r12="-0.0008874487" r13="0.837636" r14="0" r21="-0.008776113" r22="0.9999385" r23="0.0067823855" r24="0" r31="-0.83759046" r32="-0.011055952" r33="0.5461906" r34="0" r41="-184.871" r42="-3.979858" r43="536.0272" r44="1"></containerEntry>
          <containerEntry r11="0.8174331" r12="0.0032660593" r13="0.576019" r14="0" r21="-0.008775455" r22="0.9999385" r23="0.006783599" r24="0" r31="-0.5759614" r32="-0.010599973" r33="0.81741154" r34="0" r41="-167.16365" r42="-3.979858" r43="529.1902" r44="1"></containerEntry>
          <containerEntry r11="-0.7493721" r12="-0.002086697" r13="-0.66214514" r14="0" r21="-0.008776988" r22="0.9999385" r23="0.0067820223" r24="0" r31="0.6620903" r32="0.0108939335" r33="-0.74934435" r34="0" r41="-171.344" r42="-3.979858" r43="526.7604" r44="1"></containerEntry>
          <containerEntry r11="0.8178336" r12="0.011081119" r13="-0.5753528" r14="0" r21="-0.008775663" r22="0.9999385" r23="0.0067843627" r24="0" r31="0.5753926" r32="-0.0004993699" r33="0.8178806" r34="0" r41="-177.26" r42="-3.979858" r43="526.29425" r44="1"></containerEntry>
          <containerEntry r11="0.8174331" r12="0.0032660593" r13="0.576019" r14="0" r21="-0.008775455" r22="0.9999385" r23="0.006783599" r24="0" r31="-0.5759614" r32="-0.010599973" r33="0.81741154" r34="0" r41="-155.99324" r42="-3.979858" r43="524.6305" r44="1"></containerEntry>
          <containerEntry r11="-0.65999305" r12="-0.010887408" r13="0.7511919" r14="0" r21="-0.008776512" r22="0.9999385" r23="0.006781567" r24="0" r31="-0.7512196" r32="-0.002117048" r33="-0.660048" r34="0" r41="-232.90909" r42="-3.979858" r43="553.1517" r44="1"></containerEntry>
          <containerEntry r11="-0.99907535" r12="-0.008483476" r13="-0.04209217" r14="0" r21="-0.008776439" r22="0.9999385" r23="0.00678076" r24="0" r31="0.04203206" r32="0.007143947" r33="-0.99908835" r34="0" r41="-237.97975" r42="-3.979858" r43="553.3923" r44="1"></containerEntry>
          <containerEntry r11="-0.24602212" r12="0.0044155014" r13="-0.9692572" r14="0" r21="-0.008775538" r22="0.9999385" r23="0.006782726" r24="0" r31="0.9692275" r32="0.010174454" r33="-0.24596824" r34="0" r41="-189.15384" r42="-3.979858" r43="523.5673" r44="1"></containerEntry>
          <containerEntry r11="0.570437" r12="0.010574684" r13="-0.8212764" r14="0" r21="-0.008774752" r22="0.9999385" r23="0.006780407" r24="0" r31="0.82129765" r32="0.0033387116" r33="0.5704947" r34="0" r41="-232.97726" r42="-4.010146" r43="562.4867" r44="1"></containerEntry>
          <containerEntry r11="0.88766164" r12="0.010911497" r13="-0.46037328" r14="0" r21="-0.008775132" r22="0.99993855" r23="0.006780316" r24="0" r31="0.46041894" r32="-0.0019787876" r33="0.8877028" r34="0" r41="-229.06744" r42="-4.010146" r43="560.8298" r44="1"></containerEntry>
          <containerEntry r11="0.75361055" r12="-0.04957956" r13="-0.6554527" r14="0" r21="-0.014023809" r22="0.99571174" r23="-0.09144113" r24="0" r31="0.65717554" r32="0.07810292" r33="0.74968356" r34="0" r41="-210.84859" r42="-4.038727" r43="519.0257" r44="1"></containerEntry>
          <containerEntry r11="-0.6002467" r12="-0.010692384" r13="0.79974437" r14="0" r21="-0.008775437" r22="0.9999385" r23="0.0067825085" r24="0" r31="-0.79976773" r32="-0.0029469228" r33="-0.6003036" r34="0" r41="-196.44058" r42="-4.061286" r43="517.0457" r44="1"></containerEntry>
          <containerEntry r11="-0.461421" r12="0.0019681144" r13="-0.88717914" r14="0" r21="-0.008775735" r22="0.9999385" r23="0.006782525" r24="0" r31="0.8871379" r32="0.010915285" r33="-0.46137536" r34="0" r41="-206.88002" r42="-4.061286" r43="525.39624" r44="1"></containerEntry>
          <containerEntry r11="0.82756656" r12="0.011069187" r13="-0.5612634" r14="0" r21="-0.008775683" r22="0.9999385" r23="0.006781203" r24="0" r31="0.5613039" r32="-0.00068642217" r33="0.8276128" r34="0" r41="-251.9395" r42="-3.768593" r43="536.8448" r44="1"></containerEntry>
          <containerEntry r11="0.8592963" r12="0.011007039" r13="-0.51136506" r14="0" r21="-0.00877409" r22="0.9999385" r23="0.0067795333" r24="0" r31="0.5114082" r32="-0.0013388579" r33="0.8593401" r34="0" r41="-242.95624" r42="-4.010146" r43="566.39087" r44="1"></containerEntry>
          <containerEntry r11="-0.8194597" r12="-0.011078279" r13="0.57302946" r14="0" r21="-0.00877595" r22="0.9999385" r23="0.0067815473" r24="0" r31="-0.5730694" r32="0.00052833924" r33="-0.8195065" r34="0" r41="-209.11015" r42="-4.095689" r43="548.6778" r44="1"></containerEntry>
          <containerEntry r11="0.9965157" r12="0.009306169" r13="-0.08292036" r14="0" r21="-0.00877397" r22="0.9999385" r23="0.0067799636" r24="0" r31="0.08297835" r32="-0.0060287984" r33="0.9965361" r34="0" r41="-273.38547" r42="-4.20682" r43="558.5772" r44="1"></containerEntry>
          <containerEntry r11="-0.5209558" r12="-0.010363712" r13="0.8535208" r14="0" r21="-0.0087761395" r22="0.9999385" r23="0.0067849043" r24="0" r31="-0.8535386" r32="-0.003955976" r33="-0.5210147" r34="0" r41="-177.09328" r42="-4.081543" r43="517.21045" r44="1"></containerEntry>
          <containerEntry r11="-0.5209558" r12="-0.010363712" r13="0.8535208" r14="0" r21="-0.0087761395" r22="0.9999385" r23="0.0067849043" r24="0" r31="-0.8535386" r32="-0.003955976" r33="-0.5210147" r34="0" r41="-171.70914" r42="-4.081543" r43="512.6769" r44="1"></containerEntry>
        </property>
        <property name="colors" type="UInt32" container="DynamicArray" arraySize="23">
          <containerEntry>4294967295</containerEntry>
          <containerEntry>4294967295</containerEntry>
          <containerEntry>4294967295</containerEntry>
          <containerEntry>4294967295</containerEntry>
          <containerEntry>4294967295</containerEntry>
          <containerEntry>4294967295</containerEntry>
          <containerEntry>4294967295</containerEntry>
          <containerEntry>4294967295</containerEntry>
          <containerEntry>4294967295</containerEntry>
          <containerEntry>4294967295</containerEntry>
          <containerEntry>4294967295</containerEntry>
          <containerEntry>4294967295</containerEntry>
          <containerEntry>4294967295</containerEntry>
          <containerEntry>4294967295</containerEntry>
          <containerEntry>4294967295</containerEntry>
          <containerEntry>4294967295</containerEntry>
          <containerEntry>4294967295</containerEntry>
          <containerEntry>4294967295</containerEntry>
          <containerEntry>4294967295</containerEntry>
          <containerEntry>4294967295</containerEntry>
          <containerEntry>4294967295</containerEntry>
          <containerEntry>4294967295</containerEntry>
          <containerEntry>4294967295</containerEntry>
        </property>
      </staticProperties>
      <dynamicProperties></dynamicProperties>
    </entity>
    <entity class="StaticModelArray" classVersion="4" classID="0xD0" addr="0x317DD70" id="0x0">
      <staticProperties>
        <property name="name" type="String" container="StaticArray" arraySize="1">
          <containerEntry>StaticModelArray0002</containerEntry>
        </property>
        <property name="dataSet" type="EntityHandle" container="StaticArray" arraySize="1">
          <containerEntry>0x33544C0</containerEntry>
        </property>
        <property name="modelFile" type="FilePtr" container="StaticArray" arraySize="1">
          <containerEntry>/Assets/tpp/environ/object/middle_africa/mud/mafr_mudd003/scenes/mafr_mudd003_grnd001.fmdl</containerEntry>
        </property>
        <property name="geomFile" type="FilePtr" container="StaticArray" arraySize="1">
          <containerEntry>/Assets/tpp/environ/object/middle_africa/mud/mafr_mudd003/scenes/mafr_mudd003_grnd001.geom</containerEntry>
        </property>
        <property name="isVisibleGeom" type="Bool" container="StaticArray" arraySize="1">
          <containerEntry>false</containerEntry>
        </property>
        <property name="lodFarSize" type="Float" container="StaticArray" arraySize="1">
          <containerEntry>-1</containerEntry>
        </property>
        <property name="lodNearSize" type="Float" container="StaticArray" arraySize="1">
          <containerEntry>-1</containerEntry>
        </property>
        <property name="lodPolygonSize" type="Float" container="StaticArray" arraySize="1">
          <containerEntry>-1</containerEntry>
        </property>
        <property name="drawRejectionLevel" type="Int32" container="StaticArray" arraySize="1">
          <containerEntry>8</containerEntry>
        </property>
        <property name="drawMode" type="Int32" container="StaticArray" arraySize="1">
          <containerEntry>0</containerEntry>
        </property>
        <property name="rejectFarRangeShadowCast" type="Int32" container="StaticArray" arraySize="1">
          <containerEntry>2</containerEntry>
        </property>
        <property name="parentLocator" type="EntityLink" container="StaticArray" arraySize="1">
          <containerEntry packagePathHash="0xB8A0BF169F98" archivePathHash="0xB8A0BF169F98" nameInArchiveHash="0xB8A0BF169F98">0x0</containerEntry>
        </property>
        <property name="transforms" type="Matrix4" container="DynamicArray" arraySize="30">
          <containerEntry r11="-0.8029728" r12="0.0039328025" r13="0.5960018" r14="0" r21="0.008941848" r22="0.99994516" r23="0.0054487726" r24="0" r31="-0.5959477" r32="0.009704578" r33="-0.802964" r34="0" r41="-227.09038" r42="-3.896572" r43="512.27057" r44="1"></containerEntry>
          <containerEntry r11="0.67637056" r12="0" r13="-0.73656106" r14="0" r21="0" r22="1" r23="0" r24="0" r31="0.73656106" r32="0" r33="0.67637056" r34="0" r41="-242.4261" r42="-3.849432" r43="527.26886" r44="1"></containerEntry>
          <containerEntry r11="0.99686146" r12="0" r13="-0.07916581" r14="0" r21="0" r22="1" r23="0" r24="0" r31="0.07916581" r32="0" r33="0.99686146" r34="0" r41="-234.0396" r42="-3.962514" r43="537.04114" r44="1"></containerEntry>
          <containerEntry r11="0.095161974" r12="0" r13="-0.99546164" r14="0" r21="0" r22="1" r23="0" r24="0" r31="0.99546164" r32="0" r33="0.095161974" r34="0" r41="-215.16516" r42="-4.002345" r43="543.29065" r44="1"></containerEntry>
          <containerEntry r11="0.9947282" r12="0" r13="-0.102546565" r14="0" r21="0" r22="1" r23="0" r24="0" r31="0.102546565" r32="0" r33="0.9947282" r34="0" r41="-206.59976" r42="-3.968497" r43="533.87524" r44="1"></containerEntry>
          <containerEntry r11="0.815926" r12="0" r13="-0.57815635" r14="0" r21="0" r22="1" r23="0" r24="0" r31="0.57815635" r32="0" r33="0.815926" r34="0" r41="-150.4879" r42="-3.908003" r43="517.90594" r44="1"></containerEntry>
          <containerEntry r11="0.730873" r12="0" r13="-0.68251324" r14="0" r21="0" r22="1" r23="0" r24="0" r31="0.68251324" r32="0" r33="0.730873" r34="0" r41="-202.24153" r42="-3.940922" r43="546.1158" r44="1"></containerEntry>
          <containerEntry r11="-0.46764016" r12="0" r13="-0.88391846" r14="0" r21="0" r22="1" r23="0" r24="0" r31="0.88391846" r32="0" r33="-0.46764016" r34="0" r41="-249.42917" r42="-3.962514" r43="563.79254" r44="1"></containerEntry>
          <containerEntry r11="-0.9246907" r12="0" r13="0.3807132" r14="0" r21="0" r22="1" r23="0" r24="0" r31="-0.3807132" r32="0" r33="-0.9246907" r34="0" r41="-225.28282" r42="-3.962514" r43="531.27356" r44="1"></containerEntry>
          <containerEntry r11="0.1527521" r12="0" r13="0.98826414" r14="0" r21="0" r22="1" r23="0" r24="0" r31="-0.98826414" r32="0" r33="0.1527521" r34="0" r41="-174.99295" r42="-3.968497" r43="533.85974" r44="1"></containerEntry>
          <containerEntry r11="-0.8500838" r12="0" r13="0.52664405" r14="0" r21="0" r22="1" r23="0" r24="0" r31="-0.52664405" r32="0" r33="-0.8500838" r34="0" r41="-160.0108" r42="-3.968497" r43="530.2233" r44="1"></containerEntry>
          <containerEntry r11="-0.7544055" r12="0" r13="0.6564061" r14="0" r21="0" r22="1" r23="0" r24="0" r31="-0.6564061" r32="0" r33="-0.7544055" r34="0" r41="-133.28137" r42="-3.968497" r43="521.3627" r44="1"></containerEntry>
          <containerEntry r11="-0.33663857" r12="0" r13="-0.9416335" r14="0" r21="0" r22="1" r23="0" r24="0" r31="0.9416335" r32="0" r33="-0.33663857" r34="0" r41="-143.35182" r42="-3.968497" r43="519.2558" r44="1"></containerEntry>
          <containerEntry r11="-0.6523801" r12="0" r13="0.7578934" r14="0" r21="0" r22="1" r23="0" r24="0" r31="-0.7578934" r32="0" r33="-0.6523801" r34="0" r41="-249.42917" r42="-3.962514" r43="544.32446" r44="1"></containerEntry>
          <containerEntry r11="-0.11428273" r12="0" r13="-0.9934479" r14="0" r21="0" r22="1" r23="0" r24="0" r31="0.9934479" r32="0" r33="-0.11428273" r34="0" r41="-231.72366" r42="-3.962514" r43="522.0687" r44="1"></containerEntry>
          <containerEntry r11="0.9762933" r12="0" r13="-0.2164515" r14="0" r21="0" r22="1" r23="0" r24="0" r31="0.2164515" r32="0" r33="0.9762933" r34="0" r41="-243.64427" r42="-3.962514" r43="552.78754" r44="1"></containerEntry>
          <containerEntry r11="-0.9548615" r12="0" r13="0.29705602" r14="0" r21="0" r22="1" r23="0" r24="0" r31="-0.29705602" r32="0" r33="-0.9548615" r34="0" r41="-193.09492" r42="-4.002345" r43="539.52826" r44="1"></containerEntry>
          <containerEntry r11="0.7188715" r12="0" r13="0.69514257" r14="0" r21="0" r22="1" r23="0" r24="0" r31="-0.69514257" r32="0" r33="0.7188715" r34="0" r41="-223.97188" r42="-4.002345" r43="551.29114" r44="1"></containerEntry>
          <containerEntry r11="-0.7317796" r12="0" r13="0.6815421" r14="0" r21="0" r22="1" r23="0" r24="0" r31="-0.6815421" r32="0" r33="-0.7317796" r34="0" r41="-177.37592" r42="-3.968497" r43="539.97705" r44="1"></containerEntry>
          <containerEntry r11="-0.82485604" r12="0" r13="-0.56534356" r14="0" r21="0" r22="1" r23="0" r24="0" r31="0.56534356" r32="0" r33="-0.82485604" r34="0" r41="-182.74414" r42="-3.968497" r43="539.06915" r44="1"></containerEntry>
          <containerEntry r11="-0.56966245" r12="0" r13="0.8218789" r14="0" r21="0" r22="1" r23="0" r24="0" r31="-0.8218789" r32="0" r33="-0.56966245" r34="0" r41="-146.57361" r42="-3.908003" r43="512.7013" r44="1"></containerEntry>
          <containerEntry r11="-0.77463377" r12="0" r13="0.6324081" r14="0" r21="0" r22="1" r23="0" r24="0" r31="-0.6324081" r32="0" r33="-0.77463377" r34="0" r41="-203.4377" r42="-3.962514" r43="514.86084" r44="1"></containerEntry>
          <containerEntry r11="0.999995" r12="0" r13="-0.0031719934" r14="0" r21="0" r22="1" r23="0" r24="0" r31="0.0031719934" r32="0" r33="0.999995" r34="0" r41="-240.02853" r42="-3.849432" r43="524.95496" r44="1"></containerEntry>
          <containerEntry r11="0.76305825" r12="0" r13="0.64632916" r14="0" r21="0" r22="1" r23="0" r24="0" r31="-0.64632916" r32="0" r33="0.76305825" r34="0" r41="-235.69075" r42="-3.962514" r43="515.2125" r44="1"></containerEntry>
          <containerEntry r11="-0.8500838" r12="0" r13="0.52664405" r14="0" r21="0" r22="1" r23="0" r24="0" r31="-0.52664405" r32="0" r33="-0.8500838" r34="0" r41="-148.32378" r42="-3.968497" r43="534.7951" r44="1"></containerEntry>
          <containerEntry r11="0.61238635" r12="0" r13="-0.79055816" r14="0" r21="0" r22="1" r23="0" r24="0" r31="0.79055816" r32="0" r33="0.61238635" r34="0" r41="-150.54662" r42="-3.968502" r43="528.29816" r44="1"></containerEntry>
          <containerEntry r11="0.98579746" r12="0" r13="-0.16793852" r14="0" r21="0" r22="1" r23="0" r24="0" r31="0.16793852" r32="0" r33="0.98579746" r34="0" r41="-181.02353" r42="-3.968497" r43="528.23914" r44="1"></containerEntry>
          <containerEntry r11="-0.89972913" r12="0" r13="-0.43644595" r14="0" r21="0" r22="1" r23="0" r24="0" r31="0.43644595" r32="0" r33="-0.89972913" r34="0" r41="-241.842" r42="-3.849432" r43="538.0845" r44="1"></containerEntry>
          <containerEntry r11="0.07972598" r12="0" r13="0.9968173" r14="0" r21="0" r22="1" r23="0" r24="0" r31="-0.9968173" r32="0" r33="0.07972598" r34="0" r41="-131.25694" r42="-3.968497" r43="508.09912" r44="1"></containerEntry>
          <containerEntry r11="0.5613097" r12="0" r13="-0.8276061" r14="0" r21="0" r22="1" r23="0" r24="0" r31="0.8276061" r32="0" r33="0.5613097" r34="0" r41="-137.43474" r42="-3.968497" r43="504.74353" r44="1"></containerEntry>
        </property>
        <property name="colors" type="UInt32" container="DynamicArray" arraySize="30">
          <containerEntry>4294967295</containerEntry>
          <containerEntry>4294967295</containerEntry>
          <containerEntry>4294967295</containerEntry>
          <containerEntry>4294967295</containerEntry>
          <containerEntry>4294967295</containerEntry>
          <containerEntry>4294967295</containerEntry>
          <containerEntry>4294967295</containerEntry>
          <containerEntry>4294967295</containerEntry>
          <containerEntry>4294967295</containerEntry>
          <containerEntry>4294967295</containerEntry>
          <containerEntry>4294967295</containerEntry>
          <containerEntry>4294967295</containerEntry>
          <containerEntry>4294967295</containerEntry>
          <containerEntry>4294967295</containerEntry>
          <containerEntry>4294967295</containerEntry>
          <containerEntry>4294967295</containerEntry>
          <containerEntry>4294967295</containerEntry>
          <containerEntry>4294967295</containerEntry>
          <containerEntry>4294967295</containerEntry>
          <containerEntry>4294967295</containerEntry>
          <containerEntry>4294967295</containerEntry>
          <containerEntry>4294967295</containerEntry>
          <containerEntry>4294967295</containerEntry>
          <containerEntry>4294967295</containerEntry>
          <containerEntry>4294967295</containerEntry>
          <containerEntry>4294967295</containerEntry>
          <containerEntry>4294967295</containerEntry>
          <containerEntry>4294967295</containerEntry>
          <containerEntry>4294967295</containerEntry>
          <containerEntry>4294967295</containerEntry>
        </property>
      </staticProperties>
      <dynamicProperties></dynamicProperties>
    </entity>
    <entity class="TexturePackLoadConditioner" classVersion="0" classID="0x48" addr="0x317E940" id="0x0">
      <staticProperties>
        <property name="name" type="String" container="StaticArray" arraySize="1">
          <containerEntry>TexturePackLoadConditioner0000</containerEntry>
        </property>
        <property name="dataSet" type="EntityHandle" container="StaticArray" arraySize="1">
          <containerEntry>0x33544C0</containerEntry>
        </property>
        <property name="texturePackPath" type="Path" container="StaticArray" arraySize="1">
          <containerEntry hash="0xB8A0BF169F98"></containerEntry>
        </property>
      </staticProperties>
      <dynamicProperties></dynamicProperties>
    </entity>
  </entities>
</fox>