<fox formatVersion="2" fileVersion="0">
  <entities>
    <entity class="DataSet" classVersion="0" classID="0xE8" addr="0x32E2B60" id="0x34CBC2">
      <staticProperties>
        <property name="name" type="String" container="StaticArray" arraySize="1">
          <containerEntry hash="0xB8A0BF169F98"></containerEntry>
        </property>
        <property name="dataSet" type="EntityHandle" container="StaticArray" arraySize="1">
          <containerEntry>0x0</containerEntry>
        </property>
        <property name="dataList" type="EntityPtr" container="StringMap" arraySize="11">
          <containerEntry key="afgh_clff027_vrtn005_0000">
            <data>0x32E2BD0</data>
          </containerEntry>
          <containerEntry key="afgh_clff027_vrtn004_0004">
            <data>0x3175B80</data>
          </containerEntry>
          <containerEntry key="cm_afgh_dc_clod001_">
            <data>0x3177B70</data>
          </containerEntry>
          <containerEntry key="StaticModelArray0000">
            <data>0x317B760</data>
          </containerEntry>
          <containerEntry key="StaticModelArray0001">
            <data>0x317B7D0</data>
          </containerEntry>
          <containerEntry key="StaticModelArray0002">
            <data>0x317B840</data>
          </containerEntry>
          <containerEntry key="StaticModelArray0003">
            <data>0x32E2620</data>
          </containerEntry>
          <containerEntry key="StaticModelArray0004">
            <data>0x31783C0</data>
          </containerEntry>
          <containerEntry key="DecalArray0000">
            <data>0x317B290</data>
          </containerEntry>
          <containerEntry key="DecalArray0001">
            <data>0x317B8B0</data>
          </containerEntry>
          <containerEntry key="TexturePackLoadConditioner0000">
            <data>0x317B300</data>
          </containerEntry>
        </property>
      </staticProperties>
      <dynamicProperties></dynamicProperties>
    </entity>
    <entity class="StaticModel" classVersion="9" classID="0x160" addr="0x32E2BD0" id="0x34CBC4">
      <staticProperties>
        <property name="name" type="String" container="StaticArray" arraySize="1">
          <containerEntry>afgh_clff027_vrtn005_0000</containerEntry>
        </property>
        <property name="dataSet" type="EntityHandle" container="StaticArray" arraySize="1">
          <containerEntry>0x32E2B60</containerEntry>
        </property>
        <property name="parent" type="EntityHandle" container="StaticArray" arraySize="1">
          <containerEntry>0x0</containerEntry>
        </property>
        <property name="transform" type="EntityPtr" container="StaticArray" arraySize="1">
          <containerEntry>0x32E2C40</containerEntry>
        </property>
        <property name="shearTransform" type="EntityPtr" container="StaticArray" arraySize="1">
          <containerEntry>0x0</containerEntry>
        </property>
        <property name="pivotTransform" type="EntityPtr" container="StaticArray" arraySize="1">
          <containerEntry>0x0</containerEntry>
        </property>
        <property name="children" type="EntityHandle" container="List"></property>
        <property name="flags" type="UInt32" container="StaticArray" arraySize="1">
          <containerEntry>3221225479</containerEntry>
        </property>
        <property name="modelFile" type="FilePtr" container="StaticArray" arraySize="1">
          <containerEntry>/Assets/tpp/environ/object/afghanistan/cliff/afgh_clff027/scenes/afgh_clff027_vrtn005.fmdl</containerEntry>
        </property>
        <property name="geomFile" type="FilePtr" container="StaticArray" arraySize="1">
          <containerEntry>/Assets/tpp/environ/object/afghanistan/cliff/afgh_clff027/scenes/afgh_clff027_vrtn005.geom</containerEntry>
        </property>
        <property name="isVisibleGeom" type="Bool" container="StaticArray" arraySize="1">
          <containerEntry>false</containerEntry>
        </property>
        <property name="isIsolated" type="Bool" container="StaticArray" arraySize="1">
          <containerEntry>false</containerEntry>
        </property>
        <property name="lodFarSize" type="Float" container="StaticArray" arraySize="1">
          <containerEntry>-1</containerEntry>
        </property>
        <property name="lodNearSize" type="Float" container="StaticArray" arraySize="1">
          <containerEntry>-1</containerEntry>
        </property>
        <property name="lodPolygonSize" type="Float" container="StaticArray" arraySize="1">
          <containerEntry>-1</containerEntry>
        </property>
        <property name="color" type="Color" container="StaticArray" arraySize="1">
          <containerEntry r="1" g="1" b="1" a="1"></containerEntry>
        </property>
        <property name="drawRejectionLevel" type="Int32" container="StaticArray" arraySize="1">
          <containerEntry>8</containerEntry>
        </property>
        <property name="drawMode" type="Int32" container="StaticArray" arraySize="1">
          <containerEntry>0</containerEntry>
        </property>
        <property name="rejectFarRangeShadowCast" type="Int32" container="StaticArray" arraySize="1">
          <containerEntry>2</containerEntry>
        </property>
      </staticProperties>
      <dynamicProperties></dynamicProperties>
    </entity>
    <entity class="TransformEntity" classVersion="0" classID="0x50" addr="0x32E2C40" id="0x34CBC7">
      <staticProperties>
        <property name="owner" type="EntityHandle" container="StaticArray" arraySize="1">
          <containerEntry>0x32E2BD0</containerEntry>
        </property>
        <property name="transform_scale" type="Vector3" container="StaticArray" arraySize="1">
          <containerEntry x="1" y="1" z="1" w="0"></containerEntry>
        </property>
        <property name="transform_rotation_quat" type="Quat" container="StaticArray" arraySize="1">
          <containerEntry x="0" y="0.908684" z="0" w="0.417485"></containerEntry>
        </property>
        <property name="transform_translation" type="Vector3" container="StaticArray" arraySize="1">
          <containerEntry x="-470.16446" y="309.63394" z="2076.4243" w="0"></containerEntry>
        </property>
      </staticProperties>
      <dynamicProperties></dynamicProperties>
    </entity>
    <entity class="StaticModel" classVersion="9" classID="0x160" addr="0x3175B80" id="0x34CC8A">
      <staticProperties>
        <property name="name" type="String" container="StaticArray" arraySize="1">
          <containerEntry>afgh_clff027_vrtn004_0004</containerEntry>
        </property>
        <property name="dataSet" type="EntityHandle" container="StaticArray" arraySize="1">
          <containerEntry>0x32E2B60</containerEntry>
        </property>
        <property name="parent" type="EntityHandle" container="StaticArray" arraySize="1">
          <containerEntry>0x0</containerEntry>
        </property>
        <property name="transform" type="EntityPtr" container="StaticArray" arraySize="1">
          <containerEntry>0x3175BF0</containerEntry>
        </property>
        <property name="shearTransform" type="EntityPtr" container="StaticArray" arraySize="1">
          <containerEntry>0x0</containerEntry>
        </property>
        <property name="pivotTransform" type="EntityPtr" container="StaticArray" arraySize="1">
          <containerEntry>0x0</containerEntry>
        </property>
        <property name="children" type="EntityHandle" container="List"></property>
        <property name="flags" type="UInt32" container="StaticArray" arraySize="1">
          <containerEntry>3221225479</containerEntry>
        </property>
        <property name="modelFile" type="FilePtr" container="StaticArray" arraySize="1">
          <containerEntry>/Assets/tpp/environ/object/afghanistan/cliff/afgh_clff027/scenes/afgh_clff027_vrtn004.fmdl</containerEntry>
        </property>
        <property name="geomFile" type="FilePtr" container="StaticArray" arraySize="1">
          <containerEntry>/Assets/tpp/environ/object/afghanistan/cliff/afgh_clff027/scenes/afgh_clff027_vrtn004.geom</containerEntry>
        </property>
        <property name="isVisibleGeom" type="Bool" container="StaticArray" arraySize="1">
          <containerEntry>false</containerEntry>
        </property>
        <property name="isIsolated" type="Bool" container="StaticArray" arraySize="1">
          <containerEntry>false</containerEntry>
        </property>
        <property name="lodFarSize" type="Float" container="StaticArray" arraySize="1">
          <containerEntry>-1</containerEntry>
        </property>
        <property name="lodNearSize" type="Float" container="StaticArray" arraySize="1">
          <containerEntry>-1</containerEntry>
        </property>
        <property name="lodPolygonSize" type="Float" container="StaticArray" arraySize="1">
          <containerEntry>-1</containerEntry>
        </property>
        <property name="color" type="Color" container="StaticArray" arraySize="1">
          <containerEntry r="1" g="1" b="1" a="1"></containerEntry>
        </property>
        <property name="drawRejectionLevel" type="Int32" container="StaticArray" arraySize="1">
          <containerEntry>8</containerEntry>
        </property>
        <property name="drawMode" type="Int32" container="StaticArray" arraySize="1">
          <containerEntry>0</containerEntry>
        </property>
        <property name="rejectFarRangeShadowCast" type="Int32" container="StaticArray" arraySize="1">
          <containerEntry>2</containerEntry>
        </property>
      </staticProperties>
      <dynamicProperties></dynamicProperties>
    </entity>
    <entity class="TransformEntity" classVersion="0" classID="0x50" addr="0x3175BF0" id="0x34CC8D">
      <staticProperties>
        <property name="owner" type="EntityHandle" container="StaticArray" arraySize="1">
          <containerEntry>0x3175B80</containerEntry>
        </property>
        <property name="transform_scale" type="Vector3" container="StaticArray" arraySize="1">
          <containerEntry x="1" y="1" z="1" w="0"></containerEntry>
        </property>
        <property name="transform_rotation_quat" type="Quat" container="StaticArray" arraySize="1">
          <containerEntry x="0" y="0.953716" z="0" w="0.300705"></containerEntry>
        </property>
        <property name="transform_translation" type="Vector3" container="StaticArray" arraySize="1">
          <containerEntry x="-495.95013" y="305.91077" z="2051.7427" w="0"></containerEntry>
        </property>
      </staticProperties>
      <dynamicProperties></dynamicProperties>
    </entity>
    <entity class="Material" classVersion="6" classID="0xB0" addr="0x3177B70" id="0x34CD39">
      <staticProperties>
        <property name="name" type="String" container="StaticArray" arraySize="1">
          <containerEntry>cm_afgh_dc_clod001_</containerEntry>
        </property>
        <property name="dataSet" type="EntityHandle" container="StaticArray" arraySize="1">
          <containerEntry>0x32E2B60</containerEntry>
        </property>
        <property name="materialName" type="String" container="StaticArray" arraySize="1">
          <containerEntry hash="0xB8A0BF169F98"></containerEntry>
        </property>
        <property name="shader" type="Path" container="StaticArray" arraySize="1">
          <containerEntry hash="0xB8A0BF169F98"></containerEntry>
        </property>
        <property name="diffuseTexture" type="Path" container="StaticArray" arraySize="1">
          <containerEntry>/Assets/tpp/common_source/fmtr/decal/afghanistan/cm_afgh_dc_clod001/sourceimages/cm_afgh_dc_clod001_bsm_alp.ftex</containerEntry>
        </property>
        <property name="srmTexture" type="Path" container="StaticArray" arraySize="1">
          <containerEntry>/Assets/tpp/common_source/fmtr/decal/afghanistan/cm_afgh_dc_clod001/sourceimages/cm_afgh_dc_clod001_srm.ftex</containerEntry>
        </property>
        <property name="normalTexture" type="Path" container="StaticArray" arraySize="1">
          <containerEntry>/Assets/tpp/common_source/fmtr/decal/afghanistan/cm_afgh_dc_clod001/sourceimages/cm_afgh_dc_clod001_nrm.ftex</containerEntry>
        </property>
        <property name="materialMapTexture" type="Path" container="StaticArray" arraySize="1">
          <containerEntry hash="0xB8A0BF169F98"></containerEntry>
        </property>
        <property name="materialIndex" type="UInt8" container="StaticArray" arraySize="1">
          <containerEntry>0</containerEntry>
        </property>
        <property name="diffuseColor" type="Color" container="StaticArray" arraySize="1">
          <containerEntry r="1" g="1" b="1" a="1"></containerEntry>
        </property>
        <property name="specularColor" type="Color" container="StaticArray" arraySize="1">
          <containerEntry r="0" g="0" b="0" a="0"></containerEntry>
        </property>
        <property name="fmtrPath" type="Path" container="StaticArray" arraySize="1">
          <containerEntry hash="0xB8A0BF169F98"></containerEntry>
        </property>
        <property name="residentFlag" type="Bool" container="StaticArray" arraySize="1">
          <containerEntry>false</containerEntry>
        </property>
      </staticProperties>
      <dynamicProperties></dynamicProperties>
    </entity>
    <entity class="StaticModelArray" classVersion="4" classID="0xD0" addr="0x317B760" id="0x0">
      <staticProperties>
        <property name="name" type="String" container="StaticArray" arraySize="1">
          <containerEntry>StaticModelArray0000</containerEntry>
        </property>
        <property name="dataSet" type="EntityHandle" container="StaticArray" arraySize="1">
          <containerEntry>0x32E2B60</containerEntry>
        </property>
        <property name="modelFile" type="FilePtr" container="StaticArray" arraySize="1">
          <containerEntry>/Assets/tpp/environ/object/afghanistan/cliff/afgh_clff027/scenes/afgh_clff027_vrtn003.fmdl</containerEntry>
        </property>
        <property name="geomFile" type="FilePtr" container="StaticArray" arraySize="1">
          <containerEntry>/Assets/tpp/environ/object/afghanistan/cliff/afgh_clff027/scenes/afgh_clff027_vrtn003.geom</containerEntry>
        </property>
        <property name="isVisibleGeom" type="Bool" container="StaticArray" arraySize="1">
          <containerEntry>false</containerEntry>
        </property>
        <property name="lodFarSize" type="Float" container="StaticArray" arraySize="1">
          <containerEntry>-1</containerEntry>
        </property>
        <property name="lodNearSize" type="Float" container="StaticArray" arraySize="1">
          <containerEntry>-1</containerEntry>
        </property>
        <property name="lodPolygonSize" type="Float" container="StaticArray" arraySize="1">
          <containerEntry>-1</containerEntry>
        </property>
        <property name="drawRejectionLevel" type="Int32" container="StaticArray" arraySize="1">
          <containerEntry>8</containerEntry>
        </property>
        <property name="drawMode" type="Int32" container="StaticArray" arraySize="1">
          <containerEntry>0</containerEntry>
        </property>
        <property name="rejectFarRangeShadowCast" type="Int32" container="StaticArray" arraySize="1">
          <containerEntry>2</containerEntry>
        </property>
        <property name="parentLocator" type="EntityLink" container="StaticArray" arraySize="1">
          <containerEntry packagePathHash="0xB8A0BF169F98" archivePathHash="0xB8A0BF169F98" nameInArchiveHash="0xB8A0BF169F98">0x0</containerEntry>
        </property>
        <property name="transforms" type="Matrix4" container="DynamicArray" arraySize="2">
          <containerEntry r11="-0.9831949" r12="0.16545331" r13="0.07711038" r14="0" r21="0.15552527" r22="0.98043525" r23="-0.12065896" r24="0" r31="-0.095565185" r32="-0.106639065" r33="-0.9896911" r34="0" r41="-477.59775" r42="321.10727" r43="2092.8232" r44="1"></containerEntry>
          <containerEntry r11="-0.75055254" r12="0" r13="-0.660808" r14="0" r21="0" r22="1" r23="0" r24="0" r31="0.660808" r32="0" r33="-0.75055254" r34="0" r41="-406.866" r42="317.61996" r43="2128.6423" r44="1"></containerEntry>
        </property>
        <property name="colors" type="UInt32" container="DynamicArray" arraySize="2">
          <containerEntry>4294967295</containerEntry>
          <containerEntry>4294967295</containerEntry>
        </property>
      </staticProperties>
      <dynamicProperties></dynamicProperties>
    </entity>
    <entity class="StaticModelArray" classVersion="4" classID="0xD0" addr="0x317B7D0" id="0x0">
      <staticProperties>
        <property name="name" type="String" container="StaticArray" arraySize="1">
          <containerEntry>StaticModelArray0001</containerEntry>
        </property>
        <property name="dataSet" type="EntityHandle" container="StaticArray" arraySize="1">
          <containerEntry>0x32E2B60</containerEntry>
        </property>
        <property name="modelFile" type="FilePtr" container="StaticArray" arraySize="1">
          <containerEntry>/Assets/tpp/environ/object/middle_africa/rock/mafr_rock010/scenes/mafr_rock010_vrtn001.fmdl</containerEntry>
        </property>
        <property name="geomFile" type="FilePtr" container="StaticArray" arraySize="1">
          <containerEntry>/Assets/tpp/environ/object/middle_africa/rock/mafr_rock010/scenes/mafr_rock010_vrtn001.geom</containerEntry>
        </property>
        <property name="isVisibleGeom" type="Bool" container="StaticArray" arraySize="1">
          <containerEntry>false</containerEntry>
        </property>
        <property name="lodFarSize" type="Float" container="StaticArray" arraySize="1">
          <containerEntry>-1</containerEntry>
        </property>
        <property name="lodNearSize" type="Float" container="StaticArray" arraySize="1">
          <containerEntry>-1</containerEntry>
        </property>
        <property name="lodPolygonSize" type="Float" container="StaticArray" arraySize="1">
          <containerEntry>-1</containerEntry>
        </property>
        <property name="drawRejectionLevel" type="Int32" container="StaticArray" arraySize="1">
          <containerEntry>8</containerEntry>
        </property>
        <property name="drawMode" type="Int32" container="StaticArray" arraySize="1">
          <containerEntry>0</containerEntry>
        </property>
        <property name="rejectFarRangeShadowCast" type="Int32" container="StaticArray" arraySize="1">
          <containerEntry>2</containerEntry>
        </property>
        <property name="parentLocator" type="EntityLink" container="StaticArray" arraySize="1">
          <containerEntry packagePathHash="0xB8A0BF169F98" archivePathHash="0xB8A0BF169F98" nameInArchiveHash="0xB8A0BF169F98">0x0</containerEntry>
        </property>
        <property name="transforms" type="Matrix4" container="DynamicArray" arraySize="19">
          <containerEntry r11="0.7682668" r12="-0.08869743" r13="-0.6339543" r14="0" r21="0.056375176" r22="0.99588084" r23="-0.0710159" r24="0" r31="0.6376418" r32="0.018819772" r33="0.7701025" r34="0" r41="-390.019" r42="306.37103" r43="2114.024" r44="1"></containerEntry>
          <containerEntry r11="-0.28819978" r12="-0.11950889" r13="-0.9500808" r14="0" r21="-0.0014170483" r22="0.9922335" r23="-0.12438111" r24="0" r31="0.9575667" r32="-0.034500603" r33="-0.2861308" r34="0" r41="-398.3888" r42="307.60397" r43="2126.5886" r44="1"></containerEntry>
          <containerEntry r11="-0.85947996" r12="-0.11500813" r13="0.49805483" r14="0" r21="-0.13716753" r22="0.9905157" r23="-0.007983014" r24="0" r31="-0.492413" r32="-0.07517839" r33="-0.86710376" r34="0" r41="-401.96286" r42="303.74002" r43="2090.1418" r44="1"></containerEntry>
          <containerEntry r11="-0.9838205" r12="-0.14144598" r13="0.109937176" r14="0" r21="-0.14101197" r22="0.98993814" r23="0.011752395" r24="0" r31="-0.11049333" r32="-0.0039402023" r33="-0.993867" r34="0" r41="-410" r42="304.1483" r43="2112" r44="1"></containerEntry>
          <containerEntry r11="0.4914109" r12="0.07504353" r13="0.867687" r14="0" r21="-0.13716744" r22="0.9905157" r23="-0.007982597" r24="0" r31="-0.86005664" r32="-0.11509604" r33="0.4970438" r34="0" r41="-417.84464" r42="300.35382" r43="2073.9385" r44="1"></containerEntry>
          <containerEntry r11="-0.23042153" r12="0.36223203" r13="0.9031553" r14="0" r21="-0.052908465" r22="0.9220961" r23="-0.38332653" r24="0" r31="-0.9716493" r32="-0.13611215" r33="-0.19330543" r34="0" r41="-431.51538" r42="299.98727" r43="2088.489" r44="1"></containerEntry>
          <containerEntry r11="-0.8874504" r12="-0.21941736" r13="-0.40531918" r14="0" r21="-0.17137158" r22="0.97344923" r23="-0.15175064" r24="0" r31="0.4278544" r32="-0.06521122" r33="-0.9014898" r34="0" r41="-450" r42="296.47644" r43="2074" r44="1"></containerEntry>
          <containerEntry r11="0.6879523" r12="0.007979982" r13="-0.72571146" r14="0" r21="-0.17137173" r22="0.97344923" r23="-0.15175073" r24="0" r31="0.70523226" r32="0.2287638" r33="0.6710541" r34="0" r41="-453.46194" r42="296.0146" r43="2071.924" r44="1"></containerEntry>
          <containerEntry r11="-0.9521446" r12="-0.27488407" r13="-0.13362543" r14="0" r21="-0.17212752" r22="0.84353" r23="-0.50875235" r24="0" r31="0.2525651" r32="-0.4614061" r33="-0.8504774" r34="0" r41="-426.01303" r42="294.3174" r43="2061.752" r44="1"></containerEntry>
          <containerEntry r11="-1.8897244" r12="0.18217692" r13="0.20936911" r14="0" r21="0.1802349" r22="1.9012772" r23="-0.027576568" r24="0" r31="-0.2110432" r32="-0.007527003" r33="-1.8982852" r34="0" r41="-432.7016" r42="316.5577" r43="2161.1338" r44="1"></containerEntry>
          <containerEntry r11="0.89870965" r12="0.0511208" r13="1.4303156" r14="0" r21="0.09527333" r22="1.6830387" r23="-0.12001608" r24="0" r31="-1.4280543" r32="0.14445597" r33="0.8921258" r34="0" r41="-398.96805" r42="317.42014" r43="2150.4727" r44="1"></containerEntry>
          <containerEntry r11="-0.8702486" r12="0.058296468" r13="0.489145" r14="0" r21="0.1281707" r22="0.98556894" r23="0.11057148" r24="0" r31="-0.4756402" r32="0.15891917" r33="-0.8651619" r34="0" r41="-427.39786" r42="317.46796" r43="2131.9578" r44="1"></containerEntry>
          <containerEntry r11="0.69534665" r12="0.10618705" r13="1.2277763" r14="0" r21="0.1692407" r22="1.3881524" r23="-0.21590526" r24="0" r31="-1.2206835" r32="0.25294626" r33="0.669453" r34="0" r41="-440.54623" r42="317.76736" r43="2123.0723" r44="1"></containerEntry>
          <containerEntry r11="-0.23042153" r12="0.36223203" r13="0.9031553" r14="0" r21="-0.052908465" r22="0.9220961" r23="-0.38332653" r24="0" r31="-0.9716493" r32="-0.13611215" r33="-0.19330543" r34="0" r41="-454.21698" r42="319.49478" r43="2137.6228" r44="1"></containerEntry>
          <containerEntry r11="-1.6051036" r12="-0.0024164105" r13="0.17845657" r14="0" r21="-0.0031048614" r22="1.6149857" r23="-0.006058442" r24="0" r31="-0.17844592" r32="-0.00636442" r33="-1.6050941" r34="0" r41="-483.44373" r42="323.93243" r43="2144.2625" r44="1"></containerEntry>
          <containerEntry r11="-0.8702486" r12="0.058296468" r13="0.489145" r14="0" r21="0.1281707" r22="0.98556894" r23="0.11057148" r24="0" r31="-0.4756402" r32="0.15891917" r33="-0.8651619" r34="0" r41="-476.4435" r42="323.18515" r43="2127.2666" r44="1"></containerEntry>
          <containerEntry r11="-0.23042153" r12="0.36223203" r13="0.9031553" r14="0" r21="-0.052908465" r22="0.9220961" r23="-0.38332653" r24="0" r31="-0.9716493" r32="-0.13611215" r33="-0.19330543" r34="0" r41="-505.99603" r42="325.21198" r43="2125.6138" r44="1"></containerEntry>
          <containerEntry r11="0.7682668" r12="-0.08869743" r13="-0.6339543" r14="0" r21="0.056375176" r22="0.99588084" r23="-0.0710159" r24="0" r31="0.6376418" r32="0.018819772" r33="0.7701025" r34="0" r41="-479.8953" r42="322.62686" r43="2116.7449" r44="1"></containerEntry>
          <containerEntry r11="0.7682668" r12="-0.08869743" r13="-0.6339543" r14="0" r21="0.056375176" r22="0.99588084" r23="-0.0710159" r24="0" r31="0.6376418" r32="0.018819772" r33="0.7701025" r34="0" r41="-508.20215" r42="306.40118" r43="2062.2898" r44="1"></containerEntry>
        </property>
        <property name="colors" type="UInt32" container="DynamicArray" arraySize="19">
          <containerEntry>4294967295</containerEntry>
          <containerEntry>4294967295</containerEntry>
          <containerEntry>4294967295</containerEntry>
          <containerEntry>4294967295</containerEntry>
          <containerEntry>4294967295</containerEntry>
          <containerEntry>4294967295</containerEntry>
          <containerEntry>4294967295</containerEntry>
          <containerEntry>4294967295</containerEntry>
          <containerEntry>4294967295</containerEntry>
          <containerEntry>4294967295</containerEntry>
          <containerEntry>4294967295</containerEntry>
          <containerEntry>4294967295</containerEntry>
          <containerEntry>4294967295</containerEntry>
          <containerEntry>4294967295</containerEntry>
          <containerEntry>4294967295</containerEntry>
          <containerEntry>4294967295</containerEntry>
          <containerEntry>4294967295</containerEntry>
          <containerEntry>4294967295</containerEntry>
          <containerEntry>4294967295</containerEntry>
        </property>
      </staticProperties>
      <dynamicProperties></dynamicProperties>
    </entity>
    <entity class="StaticModelArray" classVersion="4" classID="0xD0" addr="0x317B840" id="0x0">
      <staticProperties>
        <property name="name" type="String" container="StaticArray" arraySize="1">
          <containerEntry>StaticModelArray0002</containerEntry>
        </property>
        <property name="dataSet" type="EntityHandle" container="StaticArray" arraySize="1">
          <containerEntry>0x32E2B60</containerEntry>
        </property>
        <property name="modelFile" type="FilePtr" container="StaticArray" arraySize="1">
          <containerEntry>/Assets/tpp/environ/object/afghanistan/rock/afgh_rock006/scenes/afgh_rock006.fmdl</containerEntry>
        </property>
        <property name="geomFile" type="FilePtr" container="StaticArray" arraySize="1">
          <containerEntry>/Assets/tpp/environ/object/afghanistan/rock/afgh_rock006/scenes/afgh_rock006.geom</containerEntry>
        </property>
        <property name="isVisibleGeom" type="Bool" container="StaticArray" arraySize="1">
          <containerEntry>false</containerEntry>
        </property>
        <property name="lodFarSize" type="Float" container="StaticArray" arraySize="1">
          <containerEntry>-1</containerEntry>
        </property>
        <property name="lodNearSize" type="Float" container="StaticArray" arraySize="1">
          <containerEntry>-1</containerEntry>
        </property>
        <property name="lodPolygonSize" type="Float" container="StaticArray" arraySize="1">
          <containerEntry>-1</containerEntry>
        </property>
        <property name="drawRejectionLevel" type="Int32" container="StaticArray" arraySize="1">
          <containerEntry>8</containerEntry>
        </property>
        <property name="drawMode" type="Int32" container="StaticArray" arraySize="1">
          <containerEntry>0</containerEntry>
        </property>
        <property name="rejectFarRangeShadowCast" type="Int32" container="StaticArray" arraySize="1">
          <containerEntry>2</containerEntry>
        </property>
        <property name="parentLocator" type="EntityLink" container="StaticArray" arraySize="1">
          <containerEntry packagePathHash="0xB8A0BF169F98" archivePathHash="0xB8A0BF169F98" nameInArchiveHash="0xB8A0BF169F98">0x0</containerEntry>
        </property>
        <property name="transforms" type="Matrix4" container="DynamicArray" arraySize="4">
          <containerEntry r11="0.43047878" r12="0.5821913" r13="0.68974125" r14="0" r21="0.4251793" r22="-0.8048754" r23="0.4140092" r24="0" r31="0.7961861" r32="0.115040734" r33="-0.5940187" r34="0" r41="-389.01816" r42="305.84555" r43="2086.8235" r44="1"></containerEntry>
          <containerEntry r11="-0.64830196" r12="0.021226943" r13="0.7610897" r14="0" r21="0.3869208" r22="-0.8517333" r23="0.3533365" r24="0" r31="0.6557442" r32="0.52354926" r33="0.5439639" r34="0" r41="-400" r42="304.19974" r43="2080" r44="1"></containerEntry>
          <containerEntry r11="-0.037629724" r12="0.18549058" r13="0.9819277" r14="0" r21="0.33699855" r22="-0.9227082" r23="0.18721712" r24="0" r31="0.9407554" r32="0.33795196" r33="-0.027793214" r34="0" r41="-420.1101" r42="302.85083" r43="2106.0032" r44="1"></containerEntry>
          <containerEntry r11="0.53805494" r12="0.3707726" r13="0.75698316" r14="0" r21="0.48837584" r22="0.59483457" r23="-0.6384826" r24="0" r31="-0.6870116" r32="0.7132311" r33="0.13897732" r34="0" r41="-430.70538" r42="302.69434" r43="2097.8875" r44="1"></containerEntry>
        </property>
        <property name="colors" type="UInt32" container="DynamicArray" arraySize="4">
          <containerEntry>4294967295</containerEntry>
          <containerEntry>4294967295</containerEntry>
          <containerEntry>4294967295</containerEntry>
          <containerEntry>4294967295</containerEntry>
        </property>
      </staticProperties>
      <dynamicProperties></dynamicProperties>
    </entity>
    <entity class="StaticModelArray" classVersion="4" classID="0xD0" addr="0x32E2620" id="0x0">
      <staticProperties>
        <property name="name" type="String" container="StaticArray" arraySize="1">
          <containerEntry>StaticModelArray0003</containerEntry>
        </property>
        <property name="dataSet" type="EntityHandle" container="StaticArray" arraySize="1">
          <containerEntry>0x32E2B60</containerEntry>
        </property>
        <property name="modelFile" type="FilePtr" container="StaticArray" arraySize="1">
          <containerEntry>/Assets/tpp/environ/object/afghanistan/rock/afgh_rock001/scenes/afgh_rock001_vrtn001.fmdl</containerEntry>
        </property>
        <property name="geomFile" type="FilePtr" container="StaticArray" arraySize="1">
          <containerEntry>/Assets/tpp/environ/object/afghanistan/rock/afgh_rock001/scenes/afgh_rock001_vrtn001.geom</containerEntry>
        </property>
        <property name="isVisibleGeom" type="Bool" container="StaticArray" arraySize="1">
          <containerEntry>false</containerEntry>
        </property>
        <property name="lodFarSize" type="Float" container="StaticArray" arraySize="1">
          <containerEntry>-1</containerEntry>
        </property>
        <property name="lodNearSize" type="Float" container="StaticArray" arraySize="1">
          <containerEntry>-1</containerEntry>
        </property>
        <property name="lodPolygonSize" type="Float" container="StaticArray" arraySize="1">
          <containerEntry>-1</containerEntry>
        </property>
        <property name="drawRejectionLevel" type="Int32" container="StaticArray" arraySize="1">
          <containerEntry>8</containerEntry>
        </property>
        <property name="drawMode" type="Int32" container="StaticArray" arraySize="1">
          <containerEntry>0</containerEntry>
        </property>
        <property name="rejectFarRangeShadowCast" type="Int32" container="StaticArray" arraySize="1">
          <containerEntry>2</containerEntry>
        </property>
        <property name="parentLocator" type="EntityLink" container="StaticArray" arraySize="1">
          <containerEntry packagePathHash="0xB8A0BF169F98" archivePathHash="0xB8A0BF169F98" nameInArchiveHash="0xB8A0BF169F98">0x0</containerEntry>
        </property>
        <property name="transforms" type="Matrix4" container="DynamicArray" arraySize="21">
          <containerEntry r11="0.22210126" r12="-0.14635882" r13="-0.96397465" r14="0" r21="0.34687492" r22="0.93584865" r23="-0.06216839" r24="0" r31="0.9112331" r32="-0.3205717" r33="0.25862157" r34="0" r41="-382.22092" r42="306.03592" r43="2088" r44="1"></containerEntry>
          <containerEntry r11="0.22209978" r12="-0.14635824" r13="-0.96397537" r14="0" r21="0.085252956" r22="-0.98196495" r23="0.16873193" r24="0" r31="-0.9712884" r32="-0.11965698" r33="-0.20561422" r34="0" r41="-388" r42="306.51544" r43="2106" r44="1"></containerEntry>
          <containerEntry r11="0.9830385" r12="0.15858085" r13="0.09212669" r14="0" r21="0.15016364" r22="-0.98435944" r23="0.092094846" r24="0" r31="0.105290554" r32="-0.07669868" r33="-0.9914763" r34="0" r41="-387.99472" r42="306.05988" r43="2088.5278" r44="1"></containerEntry>
          <containerEntry r11="-0.20968199" r12="-0.87346506" r13="-0.43941337" r14="0" r21="0.1755482" r22="-0.47572935" r23="0.8618901" r24="0" r31="-0.9618774" r32="0.103587866" r33="0.2530936" r34="0" r41="-402" r42="307.123" r43="2120" r44="1"></containerEntry>
          <containerEntry r11="-0.20968282" r12="-0.8734651" r13="-0.43941358" r14="0" r21="-0.8410973" r22="-0.068019986" r23="0.53658354" r24="0" r31="-0.49857888" r32="0.4821051" r33="-0.72040474" r34="0" r41="-402" r42="306.13205" r43="2114" r44="1"></containerEntry>
          <containerEntry r11="0.87974155" r12="0.095454104" r13="-0.46577093" r14="0" r21="0.15950668" r22="-0.98211205" r23="0.100000136" r24="0" r31="-0.44789693" r32="-0.16226806" r33="-0.87922955" r34="0" r41="-396" r42="303.7361" r43="2076" r44="1"></containerEntry>
          <containerEntry r11="-0.20968282" r12="-0.8734651" r13="-0.43941358" r14="0" r21="-0.8410973" r22="-0.068019986" r23="0.53658354" r24="0" r31="-0.49857888" r32="0.4821051" r33="-0.72040474" r34="0" r41="-408" r42="303.25693" r43="2086" r44="1"></containerEntry>
          <containerEntry r11="-0.63331056" r12="-0.073455624" r13="-0.77039623" r14="0" r21="0.15327147" r22="-0.9876643" r23="-0.03182677" r24="0" r31="-0.7585604" r32="-0.13823658" r33="0.6367685" r34="0" r41="-410" r42="303.01746" r43="2078" r44="1"></containerEntry>
          <containerEntry r11="-0.47085547" r12="-0.8772245" r13="-0.09362778" r14="0" r21="-0.0982759" r22="-0.053309917" r23="0.9937281" r24="0" r31="-0.8767159" r32="0.47710675" r33="-0.06110573" r34="0" r41="-414" r42="303.4007" r43="2106" r44="1"></containerEntry>
          <containerEntry r11="-0.20968169" r12="-0.87346464" r13="-0.43941438" r14="0" r21="0.5132938" r22="-0.48083112" r23="0.7108594" r24="0" r31="-0.83219886" r32="-0.0764924" r33="0.54917294" r34="0" r41="-418" r42="300.0464" r43="2066" r44="1"></containerEntry>
          <containerEntry r11="-0.20968169" r12="-0.87346464" r13="-0.43941438" r14="0" r21="0.5132938" r22="-0.48083112" r23="0.7108594" r24="0" r31="-0.83219886" r32="-0.0764924" r33="0.54917294" r34="0" r41="-424" r42="299.13806" r43="2070" r44="1"></containerEntry>
          <containerEntry r11="-0.8710294" r12="0.18413302" r13="0.45540094" r14="0" r21="-0.03678938" r22="-0.9489286" r23="0.31331727" r24="0" r31="0.48983824" r32="0.2561566" r33="0.83333135" r34="0" r41="-436.0094" r42="299.82126" r43="2084.0798" r44="1"></containerEntry>
          <containerEntry r11="-0.65590405" r12="-0.18947718" r13="-0.73066926" r14="0" r21="0.02263733" r22="-0.9724785" r23="0.23186292" r24="0" r31="-0.75449765" r32="0.13554062" r33="0.6421524" r34="0" r41="-441.9968" r42="300.213" r43="2084.0327" r44="1"></containerEntry>
          <containerEntry r11="-0.20968118" r12="-0.8734647" r13="-0.4394155" r14="0" r21="-0.43134806" r22="0.48594955" r23="-0.7601242" r24="0" r31="0.87747675" r32="0.030155152" r33="-0.47866106" r34="0" r41="-452" r42="300.70517" r43="2082" r44="1"></containerEntry>
          <containerEntry r11="-0.63331056" r12="-0.073455624" r13="-0.77039623" r14="0" r21="0.15327147" r22="-0.9876643" r23="-0.03182677" r24="0" r31="-0.7585604" r32="-0.13823658" r33="0.6367685" r34="0" r41="-432.7016" r42="317.87415" r43="2127.1338" r44="1"></containerEntry>
          <containerEntry r11="0.22209978" r12="-0.14635824" r13="-0.96397537" r14="0" r21="0.085252956" r22="-0.98196495" r23="0.16873193" r24="0" r31="-0.9712884" r32="-0.11965698" r33="-0.20561422" r34="0" r41="-410.7016" r42="318.30502" r43="2155.1338" r44="1"></containerEntry>
          <containerEntry r11="-0.42984807" r12="-1.7906033" r13="-0.90079737" r14="0" r21="0.3598738" r22="-0.9752451" r23="1.7668747" r24="0" r31="-1.9718486" r32="0.21235512" r33="0.51884186" r34="0" r41="-424.7016" r42="317.38522" r43="2169.1338" r44="1"></containerEntry>
          <containerEntry r11="-0.6780319" r12="-1.2632034" r13="-0.13482401" r14="0" r21="-0.1415173" r22="-0.07676628" r23="1.4309685" r24="0" r31="-1.262471" r32="0.6870338" r33="-0.08799225" r34="0" r41="-421.1398" r42="318.5665" r43="2148.5046" r44="1"></containerEntry>
          <containerEntry r11="-0.63331056" r12="-0.073455624" r13="-0.77039623" r14="0" r21="0.15327147" r22="-0.9876643" r23="-0.03182677" r24="0" r31="-0.7585604" r32="-0.13823658" r33="0.6367685" r34="0" r41="-484.48065" r42="323.59134" r43="2115.1248" r44="1"></containerEntry>
          <containerEntry r11="0.22209978" r12="-0.14635824" r13="-0.96397537" r14="0" r21="0.085252956" r22="-0.98196495" r23="0.16873193" r24="0" r31="-0.9712884" r32="-0.11965698" r33="-0.20561422" r34="0" r41="-462.48065" r42="321.0663" r43="2108.6946" r44="1"></containerEntry>
          <containerEntry r11="0.9562302" r12="0.033059694" r13="-0.29074174" r14="0" r21="0.08525269" r22="-0.98196673" r23="0.16873257" r24="0" r31="-0.27992088" r32="-0.1861337" r33="-0.9418046" r34="0" r41="-483.96112" r42="310.03708" r43="2083.7869" r44="1"></containerEntry>
        </property>
        <property name="colors" type="UInt32" container="DynamicArray" arraySize="21">
          <containerEntry>4294967295</containerEntry>
          <containerEntry>4294967295</containerEntry>
          <containerEntry>4294967295</containerEntry>
          <containerEntry>4294967295</containerEntry>
          <containerEntry>4294967295</containerEntry>
          <containerEntry>4294967295</containerEntry>
          <containerEntry>4294967295</containerEntry>
          <containerEntry>4294967295</containerEntry>
          <containerEntry>4294967295</containerEntry>
          <containerEntry>4294967295</containerEntry>
          <containerEntry>4294967295</containerEntry>
          <containerEntry>4294967295</containerEntry>
          <containerEntry>4294967295</containerEntry>
          <containerEntry>4294967295</containerEntry>
          <containerEntry>4294967295</containerEntry>
          <containerEntry>4294967295</containerEntry>
          <containerEntry>4294967295</containerEntry>
          <containerEntry>4294967295</containerEntry>
          <containerEntry>4294967295</containerEntry>
          <containerEntry>4294967295</containerEntry>
          <containerEntry>4294967295</containerEntry>
        </property>
      </staticProperties>
      <dynamicProperties></dynamicProperties>
    </entity>
    <entity class="StaticModelArray" classVersion="4" classID="0xD0" addr="0x31783C0" id="0x0">
      <staticProperties>
        <property name="name" type="String" container="StaticArray" arraySize="1">
          <containerEntry>StaticModelArray0004</containerEntry>
        </property>
        <property name="dataSet" type="EntityHandle" container="StaticArray" arraySize="1">
          <containerEntry>0x32E2B60</containerEntry>
        </property>
        <property name="modelFile" type="FilePtr" container="StaticArray" arraySize="1">
          <containerEntry>/Assets/tpp/environ/object/afghanistan/cliff/afgh_clff027/scenes/afgh_clff027_vrtn006.fmdl</containerEntry>
        </property>
        <property name="geomFile" type="FilePtr" container="StaticArray" arraySize="1">
          <containerEntry>/Assets/tpp/environ/object/afghanistan/cliff/afgh_clff027/scenes/afgh_clff027_vrtn006.geom</containerEntry>
        </property>
        <property name="isVisibleGeom" type="Bool" container="StaticArray" arraySize="1">
          <containerEntry>false</containerEntry>
