<fox formatVersion="2" fileVersion="0">
  <entities>
    <entity class="DataSet" classVersion="0" classID="0xE8" addr="0x2F52FC0" id="0xB6340">
      <staticProperties>
        <property name="name" type="String" container="StaticArray" arraySize="1">
          <containerEntry hash="0xB8A0BF169F98"></containerEntry>
        </property>
        <property name="dataSet" type="EntityHandle" container="StaticArray" arraySize="1">
          <containerEntry>0x0</containerEntry>
        </property>
        <property name="dataList" type="EntityPtr" container="StringMap" arraySize="16">
          <containerEntry key="afgh_rock001_0023">
            <data>0x2D75100</data>
          </containerEntry>
          <containerEntry key="afgh_clff022_vrtn004_0002">
            <data>0x2D76130</data>
          </containerEntry>
          <containerEntry key="afgh_clff022_vrtn002_0003">
            <data>0x2D76D00</data>
          </containerEntry>
          <containerEntry key="StaticModelArray0000">
            <data>0x2F50A90</data>
          </containerEntry>
          <containerEntry key="StaticModelArray0001">
            <data>0x2F50400</data>
          </containerEntry>
          <containerEntry key="StaticModelArray0002">
            <data>0x2F500F0</data>
          </containerEntry>
          <containerEntry key="StaticModelArray0003">
            <data>0x2F509B0</data>
          </containerEntry>
          <containerEntry key="StaticModelArray0004">
            <data>0x2F50A20</data>
          </containerEntry>
          <containerEntry key="StaticModelArray0005">
            <data>0x2F50240</data>
          </containerEntry>
          <containerEntry key="StaticModelArray0006">
            <data>0x2D7D7C0</data>
          </containerEntry>
          <containerEntry key="StaticModelArray0007">
            <data>0x2D7FF20</data>
          </containerEntry>
          <containerEntry key="StaticModelArray0008">
            <data>0x2D7FF90</data>
          </containerEntry>
          <containerEntry key="StaticModelArray0009">
            <data>0x2F50160</data>
          </containerEntry>
          <containerEntry key="StaticModelArray0010">
            <data>0x2F501D0</data>
          </containerEntry>
          <containerEntry key="GeoxGeomSetLoader0000">
            <data>0x2F50470</data>
          </containerEntry>
          <containerEntry key="TexturePackLoadConditioner0000">
            <data>0x2F51270</data>
          </containerEntry>
        </property>
      </staticProperties>
      <dynamicProperties></dynamicProperties>
    </entity>
    <entity class="StaticModel" classVersion="9" classID="0x160" addr="0x2D75100" id="0xB63E2">
      <staticProperties>
        <property name="name" type="String" container="StaticArray" arraySize="1">
          <containerEntry>afgh_rock001_0023</containerEntry>
        </property>
        <property name="dataSet" type="EntityHandle" container="StaticArray" arraySize="1">
          <containerEntry>0x2F52FC0</containerEntry>
        </property>
        <property name="parent" type="EntityHandle" container="StaticArray" arraySize="1">
          <containerEntry>0x0</containerEntry>
        </property>
        <property name="transform" type="EntityPtr" container="StaticArray" arraySize="1">
          <containerEntry>0x2D75170</containerEntry>
        </property>
        <property name="shearTransform" type="EntityPtr" container="StaticArray" arraySize="1">
          <containerEntry>0x0</containerEntry>
        </property>
        <property name="pivotTransform" type="EntityPtr" container="StaticArray" arraySize="1">
          <containerEntry>0x0</containerEntry>
        </property>
        <property name="children" type="EntityHandle" container="List"></property>
        <property name="flags" type="UInt32" container="StaticArray" arraySize="1">
          <containerEntry>3221225479</containerEntry>
        </property>
        <property name="modelFile" type="FilePtr" container="StaticArray" arraySize="1">
          <containerEntry>/Assets/tpp/environ/object/afghanistan/rock/afgh_rock001/scenes/afgh_rock001.fmdl</containerEntry>
        </property>
        <property name="geomFile" type="FilePtr" container="StaticArray" arraySize="1">
          <containerEntry>/Assets/tpp/environ/object/afghanistan/rock/afgh_rock001/scenes/afgh_rock001.geom</containerEntry>
        </property>
        <property name="isVisibleGeom" type="Bool" container="StaticArray" arraySize="1">
          <containerEntry>false</containerEntry>
        </property>
        <property name="isIsolated" type="Bool" container="StaticArray" arraySize="1">
          <containerEntry>false</containerEntry>
        </property>
        <property name="lodFarSize" type="Float" container="StaticArray" arraySize="1">
          <containerEntry>50</containerEntry>
        </property>
        <property name="lodNearSize" type="Float" container="StaticArray" arraySize="1">
          <containerEntry>700</containerEntry>
        </property>
        <property name="lodPolygonSize" type="Float" container="StaticArray" arraySize="1">
          <containerEntry>-1</containerEntry>
        </property>
        <property name="color" type="Color" container="StaticArray" arraySize="1">
          <containerEntry r="1" g="1" b="1" a="1"></containerEntry>
        </property>
        <property name="drawRejectionLevel" type="Int32" container="StaticArray" arraySize="1">
          <containerEntry>5</containerEntry>
        </property>
        <property name="drawMode" type="Int32" container="StaticArray" arraySize="1">
          <containerEntry>0</containerEntry>
        </property>
        <property name="rejectFarRangeShadowCast" type="Int32" container="StaticArray" arraySize="1">
          <containerEntry>2</containerEntry>
        </property>
      </staticProperties>
      <dynamicProperties></dynamicProperties>
    </entity>
    <entity class="TransformEntity" classVersion="0" classID="0x50" addr="0x2D75170" id="0xB63E5">
      <staticProperties>
        <property name="owner" type="EntityHandle" container="StaticArray" arraySize="1">
          <containerEntry>0x2D75100</containerEntry>
        </property>
        <property name="transform_scale" type="Vector3" container="StaticArray" arraySize="1">
          <containerEntry x="2.352675" y="2.352675" z="2.352675" w="1.1e-44"></containerEntry>
        </property>
        <property name="transform_rotation_quat" type="Quat" container="StaticArray" arraySize="1">
          <containerEntry x="-0.67368305" y="0.13475102" z="-0.52018404" w="0.507348"></containerEntry>
        </property>
        <property name="transform_translation" type="Vector3" container="StaticArray" arraySize="1">
          <containerEntry x="734.3438" y="323.96698" z="1276.9924" w="1"></containerEntry>
        </property>
      </staticProperties>
      <dynamicProperties></dynamicProperties>
    </entity>
    <entity class="StaticModel" classVersion="9" classID="0x160" addr="0x2D76130" id="0xB6436">
      <staticProperties>
        <property name="name" type="String" container="StaticArray" arraySize="1">
          <containerEntry>afgh_clff022_vrtn004_0002</containerEntry>
        </property>
        <property name="dataSet" type="EntityHandle" container="StaticArray" arraySize="1">
          <containerEntry>0x2F52FC0</containerEntry>
        </property>
        <property name="parent" type="EntityHandle" container="StaticArray" arraySize="1">
          <containerEntry>0x0</containerEntry>
        </property>
        <property name="transform" type="EntityPtr" container="StaticArray" arraySize="1">
          <containerEntry>0x2D761A0</containerEntry>
        </property>
        <property name="shearTransform" type="EntityPtr" container="StaticArray" arraySize="1">
          <containerEntry>0x0</containerEntry>
        </property>
        <property name="pivotTransform" type="EntityPtr" container="StaticArray" arraySize="1">
          <containerEntry>0x0</containerEntry>
        </property>
        <property name="children" type="EntityHandle" container="List"></property>
        <property name="flags" type="UInt32" container="StaticArray" arraySize="1">
          <containerEntry>3221225479</containerEntry>
        </property>
        <property name="modelFile" type="FilePtr" container="StaticArray" arraySize="1">
          <containerEntry>/Assets/tpp/environ/object/afghanistan/cliff/afgh_clff022/scenes/afgh_clff022_vrtn004.fmdl</containerEntry>
        </property>
        <property name="geomFile" type="FilePtr" container="StaticArray" arraySize="1">
          <containerEntry>/Assets/tpp/environ/object/afghanistan/cliff/afgh_clff022/scenes/afgh_clff022_vrtn004.geom</containerEntry>
        </property>
        <property name="isVisibleGeom" type="Bool" container="StaticArray" arraySize="1">
          <containerEntry>false</containerEntry>
        </property>
        <property name="isIsolated" type="Bool" container="StaticArray" arraySize="1">
          <containerEntry>false</containerEntry>
        </property>
        <property name="lodFarSize" type="Float" container="StaticArray" arraySize="1">
          <containerEntry>-1</containerEntry>
        </property>
        <property name="lodNearSize" type="Float" container="StaticArray" arraySize="1">
          <containerEntry>-1</containerEntry>
        </property>
        <property name="lodPolygonSize" type="Float" container="StaticArray" arraySize="1">
          <containerEntry>-1</containerEntry>
        </property>
        <property name="color" type="Color" container="StaticArray" arraySize="1">
          <containerEntry r="1" g="1" b="1" a="1"></containerEntry>
        </property>
        <property name="drawRejectionLevel" type="Int32" container="StaticArray" arraySize="1">
          <containerEntry>8</containerEntry>
        </property>
        <property name="drawMode" type="Int32" container="StaticArray" arraySize="1">
          <containerEntry>0</containerEntry>
        </property>
        <property name="rejectFarRangeShadowCast" type="Int32" container="StaticArray" arraySize="1">
          <containerEntry>2</containerEntry>
        </property>
      </staticProperties>
      <dynamicProperties></dynamicProperties>
    </entity>
    <entity class="TransformEntity" classVersion="0" classID="0x50" addr="0x2D761A0" id="0xB6439">
      <staticProperties>
        <property name="owner" type="EntityHandle" container="StaticArray" arraySize="1">
          <containerEntry>0x2D76130</containerEntry>
        </property>
        <property name="transform_scale" type="Vector3" container="StaticArray" arraySize="1">
          <containerEntry x="0.999999" y="1" z="0.999999" w="0"></containerEntry>
        </property>
        <property name="transform_rotation_quat" type="Quat" container="StaticArray" arraySize="1">
          <containerEntry x="-0.004951" y="0.167336" z="0.000144" w="0.985888"></containerEntry>
        </property>
        <property name="transform_translation" type="Vector3" container="StaticArray" arraySize="1">
          <containerEntry x="720.98926" y="329.3396" z="1406.6832" w="0"></containerEntry>
        </property>
      </staticProperties>
      <dynamicProperties></dynamicProperties>
    </entity>
    <entity class="StaticModel" classVersion="9" classID="0x160" addr="0x2D76D00" id="0xB6473">
      <staticProperties>
        <property name="name" type="String" container="StaticArray" arraySize="1">
          <containerEntry>afgh_clff022_vrtn002_0003</containerEntry>
        </property>
        <property name="dataSet" type="EntityHandle" container="StaticArray" arraySize="1">
          <containerEntry>0x2F52FC0</containerEntry>
        </property>
        <property name="parent" type="EntityHandle" container="StaticArray" arraySize="1">
          <containerEntry>0x0</containerEntry>
        </property>
        <property name="transform" type="EntityPtr" container="StaticArray" arraySize="1">
          <containerEntry>0x2D76D70</containerEntry>
        </property>
        <property name="shearTransform" type="EntityPtr" container="StaticArray" arraySize="1">
          <containerEntry>0x0</containerEntry>
        </property>
        <property name="pivotTransform" type="EntityPtr" container="StaticArray" arraySize="1">
          <containerEntry>0x0</containerEntry>
        </property>
        <property name="children" type="EntityHandle" container="List"></property>
        <property name="flags" type="UInt32" container="StaticArray" arraySize="1">
          <containerEntry>3221225479</containerEntry>
        </property>
        <property name="modelFile" type="FilePtr" container="StaticArray" arraySize="1">
          <containerEntry>/Assets/tpp/environ/object/afghanistan/cliff/afgh_clff022/scenes/afgh_clff022_vrtn002.fmdl</containerEntry>
        </property>
        <property name="geomFile" type="FilePtr" container="StaticArray" arraySize="1">
          <containerEntry>/Assets/tpp/environ/object/afghanistan/cliff/afgh_clff022/scenes/afgh_clff022_vrtn002.geom</containerEntry>
        </property>
        <property name="isVisibleGeom" type="Bool" container="StaticArray" arraySize="1">
          <containerEntry>false</containerEntry>
        </property>
        <property name="isIsolated" type="Bool" container="StaticArray" arraySize="1">
          <containerEntry>false</containerEntry>
        </property>
        <property name="lodFarSize" type="Float" container="StaticArray" arraySize="1">
          <containerEntry>-1</containerEntry>
        </property>
        <property name="lodNearSize" type="Float" container="StaticArray" arraySize="1">
          <containerEntry>-1</containerEntry>
        </property>
        <property name="lodPolygonSize" type="Float" container="StaticArray" arraySize="1">
          <containerEntry>-1</containerEntry>
        </property>
        <property name="color" type="Color" container="StaticArray" arraySize="1">
          <containerEntry r="1" g="1" b="1" a="1"></containerEntry>
        </property>
        <property name="drawRejectionLevel" type="Int32" container="StaticArray" arraySize="1">
          <containerEntry>8</containerEntry>
        </property>
        <property name="drawMode" type="Int32" container="StaticArray" arraySize="1">
          <containerEntry>0</containerEntry>
        </property>
        <property name="rejectFarRangeShadowCast" type="Int32" container="StaticArray" arraySize="1">
          <containerEntry>2</containerEntry>
        </property>
      </staticProperties>
      <dynamicProperties></dynamicProperties>
    </entity>
    <entity class="TransformEntity" classVersion="0" classID="0x50" addr="0x2D76D70" id="0xB6476">
      <staticProperties>
        <property name="owner" type="EntityHandle" container="StaticArray" arraySize="1">
          <containerEntry>0x2D76D00</containerEntry>
        </property>
        <property name="transform_scale" type="Vector3" container="StaticArray" arraySize="1">
          <containerEntry x="1" y="1" z="1" w="0"></containerEntry>
        </property>
        <property name="transform_rotation_quat" type="Quat" container="StaticArray" arraySize="1">
          <containerEntry x="0" y="0.494909" z="0" w="0.868946"></containerEntry>
        </property>
        <property name="transform_translation" type="Vector3" container="StaticArray" arraySize="1">
          <containerEntry x="671.8344" y="339.38263" z="1395.7086" w="0"></containerEntry>
        </property>
      </staticProperties>
      <dynamicProperties></dynamicProperties>
    </entity>
    <entity class="StaticModelArray" classVersion="4" classID="0xD0" addr="0x2F50A90" id="0x0">
      <staticProperties>
        <property name="name" type="String" container="StaticArray" arraySize="1">
          <containerEntry>StaticModelArray0000</containerEntry>
        </property>
        <property name="dataSet" type="EntityHandle" container="StaticArray" arraySize="1">
          <containerEntry>0x2F52FC0</containerEntry>
        </property>
        <property name="modelFile" type="FilePtr" container="StaticArray" arraySize="1">
          <containerEntry>/Assets/tpp/environ/object/afghanistan/rock/afgh_rock001/scenes/afgh_rock001.fmdl</containerEntry>
        </property>
        <property name="geomFile" type="FilePtr" container="StaticArray" arraySize="1">
          <containerEntry>/Assets/tpp/environ/object/afghanistan/rock/afgh_rock001/scenes/afgh_rock001.geom</containerEntry>
        </property>
        <property name="isVisibleGeom" type="Bool" container="StaticArray" arraySize="1">
          <containerEntry>false</containerEntry>
        </property>
        <property name="lodFarSize" type="Float" container="StaticArray" arraySize="1">
          <containerEntry>50</containerEntry>
        </property>
        <property name="lodNearSize" type="Float" container="StaticArray" arraySize="1">
          <containerEntry>400</containerEntry>
        </property>
        <property name="lodPolygonSize" type="Float" container="StaticArray" arraySize="1">
          <containerEntry>-1</containerEntry>
        </property>
        <property name="drawRejectionLevel" type="Int32" container="StaticArray" arraySize="1">
          <containerEntry>5</containerEntry>
        </property>
        <property name="drawMode" type="Int32" container="StaticArray" arraySize="1">
          <containerEntry>0</containerEntry>
        </property>
        <property name="rejectFarRangeShadowCast" type="Int32" container="StaticArray" arraySize="1">
          <containerEntry>2</containerEntry>
        </property>
        <property name="parentLocator" type="EntityLink" container="StaticArray" arraySize="1">
          <containerEntry packagePathHash="0xB8A0BF169F98" archivePathHash="0xB8A0BF169F98" nameInArchiveHash="0xB8A0BF169F98">0x0</containerEntry>
        </property>
        <property name="transforms" type="Matrix4" container="DynamicArray" arraySize="20">
          <containerEntry r11="0.38171253" r12="0.16579065" r13="0.909291" r14="0" r21="0.10872739" r22="0.96889645" r23="-0.2223016" r24="0" r31="-0.91786444" r32="0.18372017" r33="0.3518139" r34="0" r41="765.27264" r42="323.98044" r43="1391.4767" r44="1"></containerEntry>
          <containerEntry r11="0.38171253" r12="0.16579065" r13="0.909291" r14="0" r21="0.10872739" r22="0.96889645" r23="-0.2223016" r24="0" r31="-0.91786444" r32="0.18372017" r33="0.3518139" r34="0" r41="757.76776" r42="326.475" r43="1377.6948" r44="1"></containerEntry>
          <containerEntry r11="0.38171253" r12="0.16579065" r13="0.909291" r14="0" r21="0.10872739" r22="0.96889645" r23="-0.2223016" r24="0" r31="-0.91786444" r32="0.18372017" r33="0.3518139" r34="0" r41="757.76776" r42="327.4955" r43="1344.8895" r44="1"></containerEntry>
          <containerEntry r11="0.08774236" r12="0.16579174" r13="0.98224914" r14="0" r21="-0.14559548" r22="0.97759795" r23="-0.1520009" r24="0" r31="-0.98544514" r32="-0.12967426" r33="0.109915316" r34="0" r41="753.3753" r42="329.99774" r43="1317.74" r44="1"></containerEntry>
          <containerEntry r11="0.3817128" r12="0.16579184" r13="0.90929025" r14="0" r21="-0.18485942" r22="0.977598" r23="-0.10064395" r24="0" r31="-0.9056062" r32="-0.12967373" r33="0.40380985" r34="0" r41="728.3529" r42="330.56906" r43="1340.795" r44="1"></containerEntry>
          <containerEntry r11="0.39487186" r12="0.048694827" r13="0.9174446" r14="0" r21="-0.038046584" r22="0.9986045" r23="-0.03662711" r24="0" r31="-0.91794777" r32="-0.020442642" r33="0.39617348" r34="0" r41="709.1266" r42="332.9804" r43="1348.9838" r44="1"></containerEntry>
          <containerEntry r11="0.2035839" r12="-0.40112853" r13="0.8931126" r14="0" r21="0.37720513" r22="0.87393117" r23="0.30653003" r24="0" r31="-0.9034769" r32="0.27448186" r33="0.32922596" r34="0" r41="691.58386" r42="335.14197" r43="1366.3335" r44="1"></containerEntry>
          <containerEntry r11="0.2035839" r12="-0.40112853" r13="0.8931126" r14="0" r21="0.37720513" r22="0.87393117" r23="0.30653003" r24="0" r31="-0.9034769" r32="0.27448186" r33="0.32922596" r34="0" r41="691.58386" r42="335.0964" r43="1327.3405" r44="1"></containerEntry>
          <containerEntry r11="0.37575823" r12="0.13761377" r13="0.9164432" r14="0" r21="0.20624045" r22="0.95169455" r23="-0.22746944" r24="0" r31="-0.90347695" r32="0.27448118" r33="0.32922554" r34="0" r41="678.9758" r42="331.82236" r43="1297.1847" r44="1"></containerEntry>
          <containerEntry r11="0.375758" r12="0.1376133" r13="0.91644377" r14="0" r21="-0.2243127" r22="0.97301245" r23="-0.05413548" r24="0" r31="-0.8991609" r32="-0.18522799" r33="0.39648563" r34="0" r41="700.88885" r42="331.2477" r43="1306.6901" r44="1"></containerEntry>
          <containerEntry r11="0.37575942" r12="0.13761288" r13="0.91644233" r14="0" r21="-0.16114745" r22="-0.96414286" r23="0.21084918" r24="0" r31="0.9125982" r32="-0.22691093" r33="-0.34010896" r34="0" r41="658.057" r42="335.8687" r43="1313.27" r44="1"></containerEntry>
          <containerEntry r11="0.9043832" r12="0.12914462" r13="-0.40670952" r14="0" r21="-0.18486027" r22="0.9775978" r23="-0.100644335" r24="0" r31="0.3846006" r32="0.16620551" r33="0.9079967" r34="0" r41="751.68787" r42="325.91287" r43="1289.7817" r44="1"></containerEntry>
          <containerEntry r11="0.8426478" r12="-0.13197647" r13="-0.5220411" r14="0" r21="-0.11349044" r22="0.9041902" r23="-0.41177663" r24="0" r31="0.5263692" r32="0.40622935" r33="0.74693584" r34="0" r41="749.2986" r42="326.26724" r43="1305.9677" r44="1"></containerEntry>
          <containerEntry r11="-0.98709023" r12="0.11711436" r13="0.109259136" r14="0" r21="0.15573876" r22="0.8611001" r23="0.483996" r24="0" r31="-0.03740018" r32="0.49476352" r33="-0.8682227" r34="0" r41="714.16125" r42="330.1645" r43="1395.0471" r44="1"></containerEntry>
          <containerEntry r11="-0.9562924" r12="-0.2726056" r13="0.10577569" r14="0" r21="-0.27093154" r22="0.9621258" r23="0.030165132" r24="0" r31="-0.109992705" r32="0.00018873345" r33="-0.99393106" r34="0" r41="734.8326" r42="330.1645" r43="1406.0507" r44="1"></containerEntry>
          <containerEntry r11="0.988654" r12="-0.10290128" r13="-0.10942876" r14="0" r21="-0.10229747" r22="-0.9946929" r23="0.011132687" r24="0" r31="-0.10999343" r32="0.00018790225" r33="-0.9939337" r34="0" r41="725.8662" r42="329.43112" r43="1380.4489" r44="1"></containerEntry>
          <containerEntry r11="0.22819728" r12="0.44485676" r13="-0.8660417" r14="0" r21="0.6096376" r22="-0.7588351" r23="-0.22915229" r24="0" r31="-0.759123" r32="-0.47567979" r33="-0.44436532" r34="0" r41="697.28656" r42="329.89896" r43="1394.3059" r44="1"></containerEntry>
          <containerEntry r11="0.988654" r12="-0.10290128" r13="-0.10942876" r14="0" r21="-0.10229747" r22="-0.9946929" r23="0.011132687" r24="0" r31="-0.10999343" r32="0.00018790225" r33="-0.9939337" r34="0" r41="725.8662" r42="329.43112" r43="1363.5105" r44="1"></containerEntry>
          <containerEntry r11="0.9721801" r12="0.081757024" r13="-0.21950287" r14="0" r21="0.18227454" r22="-0.85260904" r23="0.48972932" r24="0" r31="-0.1471112" r32="-0.5161149" r33="-0.84379184" r34="0" r41="712.7238" r42="329.89896" r43="1394.4946" r44="1"></containerEntry>
          <containerEntry r11="-0.39214063" r12="-0.28296995" r13="-0.8753041" r14="0" r21="-0.061257683" r22="-0.9413713" r23="0.33177155" r24="0" r31="-0.9178653" r32="0.18371956" r33="0.35181248" r34="0" r41="745.958" r42="325.98294" r43="1371.7833" r44="1"></containerEntry>
        </property>
        <property name="colors" type="UInt32" container="DynamicArray" arraySize="20">
          <containerEntry>4294967295</containerEntry>
          <containerEntry>4294967295</containerEntry>
          <containerEntry>4294967295</containerEntry>
          <containerEntry>4294967295</containerEntry>
          <containerEntry>4294967295</containerEntry>
          <containerEntry>4294967295</containerEntry>
          <containerEntry>4294967295</containerEntry>
          <containerEntry>4294967295</containerEntry>
          <containerEntry>4294967295</containerEntry>
          <containerEntry>4294967295</containerEntry>
          <containerEntry>4294967295</containerEntry>
          <containerEntry>4294967295</containerEntry>
          <containerEntry>4294967295</containerEntry>
          <containerEntry>4294967295</containerEntry>
          <containerEntry>4294967295</containerEntry>
          <containerEntry>4294967295</containerEntry>
          <containerEntry>4294967295</containerEntry>
          <containerEntry>4294967295</containerEntry>
          <containerEntry>4294967295</containerEntry>
          <containerEntry>4294967295</containerEntry>
        </property>
      </staticProperties>
      <dynamicProperties></dynamicProperties>
    </entity>
    <entity class="StaticModelArray" classVersion="4" classID="0xD0" addr="0x2F50400" id="0x0">
      <staticProperties>
        <property name="name" type="String" container="StaticArray" arraySize="1">
          <containerEntry>StaticModelArray0001</containerEntry>
        </property>
        <property name="dataSet" type="EntityHandle" container="StaticArray" arraySize="1">
          <containerEntry>0x2F52FC0</containerEntry>
        </property>
        <property name="modelFile" type="FilePtr" container="StaticArray" arraySize="1">
          <containerEntry>/Assets/tpp/environ/object/afghanistan/rock/afgh_rock009/scenes/afgh_rock009_rock001.fmdl</containerEntry>
        </property>
        <property name="geomFile" type="FilePtr" container="StaticArray" arraySize="1">
          <containerEntry>/Assets/tpp/environ/object/afghanistan/rock/afgh_rock009/scenes/afgh_rock009_rock001.geom</containerEntry>
        </property>
        <property name="isVisibleGeom" type="Bool" container="StaticArray" arraySize="1">
          <containerEntry>false</containerEntry>
        </property>
        <property name="lodFarSize" type="Float" container="StaticArray" arraySize="1">
          <containerEntry>-1</containerEntry>
        </property>
        <property name="lodNearSize" type="Float" container="StaticArray" arraySize="1">
          <containerEntry>-1</containerEntry>
        </property>
        <property name="lodPolygonSize" type="Float" container="StaticArray" arraySize="1">
          <containerEntry>-1</containerEntry>
        </property>
        <property name="drawRejectionLevel" type="Int32" container="StaticArray" arraySize="1">
          <containerEntry>8</containerEntry>
        </property>
        <property name="drawMode" type="Int32" container="StaticArray" arraySize="1">
          <containerEntry>0</containerEntry>
        </property>
        <property name="rejectFarRangeShadowCast" type="Int32" container="StaticArray" arraySize="1">
          <containerEntry>2</containerEntry>
        </property>
        <property name="parentLocator" type="EntityLink" container="StaticArray" arraySize="1">
          <containerEntry packagePathHash="0xB8A0BF169F98" archivePathHash="0xB8A0BF169F98" nameInArchiveHash="0xB8A0BF169F98">0x0</containerEntry>
        </property>
        <property name="transforms" type="Matrix4" container="DynamicArray" arraySize="19">
          <containerEntry r11="0.06993503" r12="-0.24392827" r13="0.96726555" r14="0" r21="0.28018522" r22="0.93541235" r23="0.21563764" r24="0" r31="-0.9573923" r32="0.25593427" r33="0.13376355" r34="0" r41="760.04553" r42="326.0506" r43="1384.1561" r44="1"></containerEntry>
          <containerEntry r11="0.15785502" r12="0.88834316" r13="0.43118867" r14="0" r21="0.9575195" r22="-0.030987084" r23="-0.28668904" r24="0" r31="-0.24131641" r32="0.45812732" r33="-0.8554973" r34="0" r41="759.3442" r42="323.39078" r43="1397.3295" r44="1"></containerEntry>
          <containerEntry r11="0.5929321" r12="-0.65336776" r13="-0.4706795" r14="0" r21="-0.68212116" r22="-0.7181629" r23="0.13762577" r24="0" r31="-0.4279479" r32="0.23945902" r33="-0.8714969" r34="0" r41="760.5713" r42="323.0164" r43="1396.3523" r44="1"></containerEntry>
          <containerEntry r11="0.1852659" r12="0.0147918705" r13="-0.9825746" r14="0" r21="-0.0247206" r22="-0.999494" r23="-0.019707654" r24="0" r31="-0.9823749" r32="0.027941015" r33="-0.18480152" r34="0" r41="752.5787" r42="324.78275" r43="1374.2067" r44="1"></containerEntry>
          <containerEntry r11="0.18526441" r12="0.014793053" r13="-0.98257524" r14="0" r21="-0.18612419" r22="-0.98125494" r23="-0.049866423" r24="0" r31="-0.96489936" r32="0.19211987" r33="-0.17903426" r34="0" r41="732.2335" r42="327.99854" r43="1367.4279" r44="1"></containerEntry>
          <containerEntry r11="0.18526441" r12="0.014793053" r13="-0.98257524" r14="0" r21="-0.18612419" r22="-0.98125494" r23="-0.049866423" r24="0" r31="-0.96489936" r32="0.19211987" r33="-0.17903426" r34="0" r41="707.8448" r42="328.60846" r43="1380.0723" r44="1"></containerEntry>
          <containerEntry r11="-0.052339166" r12="-0.9982471" r13="-0.02749908" r14="0" r21="-0.37717515" r22="0.045262635" r23="-0.9250317" r24="0" r31="0.92465794" r32="-0.038046718" r33="-0.3788808" r34="0" r41="702.8694" r42="330.69547" r43="1391.2941" r44="1"></containerEntry>
          <containerEntry r11="-0.8701931" r12="-0.49182343" r13="0.029378537" r14="0" r21="-0.49007964" r22="0.870172" r23="0.051204003" r24="0" r31="-0.05074777" r32="0.030159779" r33="-0.99825037" r34="0" r41="688.6028" r42="330.1645" r43="1398.7758" r44="1"></containerEntry>
          <containerEntry r11="-0.52080065" r12="-0.052206803" r13="-0.852074" r14="0" r21="-0.16100137" r22="0.98622304" r23="0.037981246" r24="0" r31="0.8383521" r32="0.15696645" r33="-0.52203095" r34="0" r41="721.7723" r42="330.7399" r43="1406.2697" r44="1"></containerEntry>
          <containerEntry r11="0.18526441" r12="0.014793053" r13="-0.98257524" r14="0" r21="-0.18612419" r22="-0.98125494" r23="-0.049866423" r24="0" r31="-0.96489936" r32="0.19211987" r33="-0.17903426" r34="0" r41="732.2335" r42="329.51126" r43="1331.4703" r44="1"></containerEntry>
          <containerEntry r11="0.86448044" r12="0.49681437" r13="0.07647415" r14="0" r21="0.4982726" r22="-0.8670141" r23="1.4370307e-05" r24="0" r31="0.066311724" r32="0.038092665" r33="-0.99706566" r34="0" r41="741.44867" r42="325.00632" r43="1293.04" r44="1"></containerEntry>
          <containerEntry r11="0.86448044" r12="0.49681437" r13="0.07647415" r14="0" r21="0.4982726" r22="-0.8670141" r23="1.4370307e-05" r24="0" r31="0.066311724" r32="0.038092665" r33="-0.99706566" r34="0" r41="703.4235" r42="330.25592" r43="1307.2865" r44="1"></containerEntry>
          <containerEntry r11="0.4424039" r12="-0.891334" r13="0.09898737" r14="0" r21="-0.48499686" r22="-0.14494145" r23="0.8624163" r24="0" r31="-0.7543559" r32="-0.42954344" r33="-0.49641606" r34="0" r41="711.6171" r42="327.46402" r43="1291.4622" r44="1"></containerEntry>
          <containerEntry r11="0.4424039" r12="-0.891334" r13="0.09898737" r14="0" r21="-0.48499686" r22="-0.14494145" r23="0.8624163" r24="0" r31="-0.7543559" r32="-0.42954344" r33="-0.49641606" r34="0" r41="675.4843" r42="331.39844" r43="1291.6892" r44="1"></containerEntry>
          <containerEntry r11="-0.28893587" r12="-0.7788975" r13="0.5566199" r14="0" r21="-0.40165064" r22="0.62640506" r23="0.66805005" r24="0" r31="-0.8690132" r32="-0.030540854" r33="-0.49383497" r34="0" r41="659.7887" r42="336.92535" r43="1318.8042" r44="1"></containerEntry>
          <containerEntry r11="-0.49407965" r12="0.0004860256" r13="0.86941135" r14="0" r21="-0.026312135" r22="0.9995334" r23="-0.015511837" r24="0" r31="-0.8690132" r32="-0.030540291" r33="-0.49383634" r34="0" r41="659.16614" r42="337.3566" r43="1320.1819" r44="1"></containerEntry>
          <containerEntry r11="-0.28893587" r12="-0.7788975" r13="0.5566199" r14="0" r21="-0.40165064" r22="0.62640506" r23="0.66805005" r24="0" r31="-0.8690132" r32="-0.030540854" r33="-0.49383497" r34="0" r41="641.98535" r42="339.67197" r43="1342.2897" r44="1"></containerEntry>
          <containerEntry r11="-0.9429661" r12="-0.09860929" r13="-0.31792644" r14="0" r21="0.08935983" r22="-0.9950381" r23="0.043584757" r24="0" r31="-0.32064906" r32="0.012689298" r33="0.94711286" r34="0" r41="708.77026" r42="333.28076" r43="1342.5609" r44="1"></containerEntry>
          <containerEntry r11="-0.82020223" r12="-0.5038336" r13="-0.27093706" r14="0" r21="0.47374877" r22="-0.86369973" r23="0.17196338" r24="0" r31="-0.32065132" r32="0.012689322" r33="0.94711214" r34="0" r41="709.9269" r42="331.8576" r43="1343.2007" r44="1"></containerEntry>
        </property>
        <property name="colors" type="UInt32" container="DynamicArray" arraySize="19">
          <containerEntry>4294967295</containerEntry>
          <containerEntry>4294967295</containerEntry>
          <containerEntry>4294967295</containerEntry>
          <containerEntry>4294967295</containerEntry>
          <containerEntry>4294967295</containerEntry>
          <containerEntry>4294967295</containerEntry>
          <containerEntry>4294967295</containerEntry>
          <containerEntry>4294967295</containerEntry>
          <containerEntry>4294967295</containerEntry>
          <containerEntry>4294967295</containerEntry>
          <containerEntry>4294967295</containerEntry>
          <containerEntry>4294967295</containerEntry>
          <containerEntry>4294967295</containerEntry>
          <containerEntry>4294967295</containerEntry>
          <containerEntry>4294967295</containerEntry>
          <containerEntry>4294967295</containerEntry>
          <containerEntry>4294967295</containerEntry>
          <containerEntry>4294967295</containerEntry>
          <containerEntry>4294967295</containerEntry>
        </property>
      </staticProperties>
      <dynamicProperties></dynamicProperties>
    </entity>
    <entity class="StaticModelArray" classVersion="4" classID="0xD0" addr="0x2F500F0" id="0x0">
      <staticProperties>
        <property name="name" type="String" container="StaticArray" arraySize="1">
          <containerEntry>StaticModelArray0002</containerEntry>
        </property>
        <property name="dataSet" type="EntityHandle" container="StaticArray" arraySize="1">
          <containerEntry>0x2F52FC0</containerEntry>
        </property>
        <property name="modelFile" type="FilePtr" container="StaticArray" arraySize="1">
          <containerEntry>/Assets/tpp/environ/object/afghanistan/rock/afgh_rock010/scenes/afgh_rock010.fmdl</containerEntry>
        </property>
        <property name="geomFile" type="FilePtr" container="StaticArray" arraySize="1">
          <containerEntry>/Assets/tpp/environ/object/afghanistan/rock/afgh_rock010/scenes/afgh_rock010.geom</containerEntry>
        </property>
        <property name="isVisibleGeom" type="Bool" container="StaticArray" arraySize="1">
          <containerEntry>false</containerEntry>
        </property>
        <property name="lodFarSize" type="Float" container="StaticArray" arraySize="1">
          <containerEntry>-1</containerEntry>
        </property>
        <property name="lodNearSize" type="Float" container="StaticArray" arraySize="1">
          <containerEntry>-1</containerEntry>
        </property>
        <property name="lodPolygonSize" type="Float" container="StaticArray" arraySize="1">
          <containerEntry>-1</containerEntry>
        </property>
        <property name="drawRejectionLevel" type="Int32" container="StaticArray" arraySize="1">
          <containerEntry>8</containerEntry>
        </property>
        <property name="drawMode" type="Int32" container="StaticArray" arraySize="1">
          <containerEntry>0</containerEntry>
        </property>
        <property name="rejectFarRangeShadowCast" type="Int32" container="StaticArray" arraySize="1">
          <containerEntry>2</containerEntry>
        </property>
        <property name="parentLocator" type="EntityLink" container="StaticArray" arraySize="1">
          <containerEntry packagePathHash="0xB8A0BF169F98" archivePathHash="0xB8A0BF169F98" nameInArchiveHash="0xB8A0BF169F98">0x0</containerEntry>
        </property>
        <property name="transforms" type="Matrix4" container="DynamicArray" arraySize="3">
          <containerEntry r11="-0.55757254" r12="0.001168824" r13="1.1262041" r14="0" r21="0.10298634" r22="1.251462" r23="0.04968883" r24="0" r31="-1.1214861" r32="0.11434064" r33="-0.5553553" r34="0" r41="738.35443" r42="328.38025" r43="1391.0991" r44="1"></containerEntry>
          <containerEntry r11="-1.5082196" r12="0.27661672" r13="-0.36888868" r14="0" r21="0.21439831" r22="1.5378134" r23="0.27657342" r24="0" r31="0.4082023" r32="0.2143421" r33="-1.5082277" r34="0" r41="668.34015" r42="341.7319" r43="1380.6692" r44="1"></containerEntry>
          <containerEntry r11="-0.5655311" r12="-0.3141826" r13="1.07735" r14="0" r21="-0.04082042" r22="1.2113823" r23="0.3318411" r24="0" r31="-1.1214844" r32="0.11434134" r33="-0.5553538" r34="0" r41="751.07745" r42="319.2358" r43="1407.6271" r44="1"></containerEntry>
        </property>
        <property name="colors" type="UInt32" container="DynamicArray" arraySize="3">
          <containerEntry>4294967295</containerEntry>
          <containerEntry>4294967295</containerEntry>
          <containerEntry>4294967295</containerEntry>
        </property>
      </staticProperties>
      <dynamicProperties></dynamicProperties>
    </entity>
    <entity class="StaticModelArray" classVersion="4" classID="0xD0" addr="0x2F509B0" id="0x0">
      <staticProperties>
        <property name="name" type="String" container="StaticArray" arraySize="1">
          <containerEntry>StaticModelArray0003</containerEntry>
        </property>
        <property name="dataSet" type="EntityHandle" container="StaticArray" arraySize="1">
          <containerEntry>0x2F52FC0</containerEntry>
        </property>
        <property name="modelFile" type="FilePtr" container="StaticArray" arraySize="1">
          <containerEntry>/Assets/tpp/environ/object/afghanistan/cliff/afgh_clff022/scenes/afgh_clff022_vrtn003.fmdl</containerEntry>
        </property>
        <property name="geomFile" type="FilePtr" container="StaticArray" arraySize="1">
          <containerEntry>/Assets/tpp/environ/object/afghanistan/cliff/afgh_clff022/scenes/afgh_clff022_vrtn003.geom</containerEntry>
        </property>
        <property name="isVisibleGeom" type="Bool" container="StaticArray" arraySize="1">
          <containerEntry>false</containerEntry>
        </property>
        <property name="lodFarSize" type="Float" container="StaticArray" arraySize="1">
          <containerEntry>-1</containerEntry>
        </property>
        <property name="lodNearSize" type="Float" container="StaticArray" arraySize="1">
          <containerEntry>-1</containerEntry>
        </property>
        <property name="lodPolygonSize" type="Float" container="StaticArray" arraySize="1">
          <containerEntry>-1</containerEntry>
        </property>
        <property name="drawRejectionLevel" type="Int32" container="StaticArray" arraySize="1">
          <containerEntry>8</containerEntry>
        </property>
        <property name="drawMode" type="Int32" container="StaticArray" arraySize="1">
          <containerEntry>0</containerEntry>
        </property>
        <property name="rejectFarRangeShadowCast" type="Int32" container="StaticArray" arraySize="1">
          <containerEntry>2</containerEntry>
        </property>
        <property name="parentLocator" type="EntityLink" container="StaticArray" arraySize="1">
          <containerEntry packagePathHash="0xB8A0BF169F98" archivePathHash="0xB8A0BF169F98" nameInArchiveHash="0xB8A0BF169F98">0x0</containerEntry>
        </property>
        <property name="transforms" type="Matrix4" container="DynamicArray" arraySize="2">
