<fox formatVersion="2" fileVersion="0">
  <entities>
    <entity class="DataSet" classVersion="0" classID="0xE8" addr="0x3353650" id="0x29CE694">
      <staticProperties>
        <property name="name" type="String" container="StaticArray" arraySize="1">
          <containerEntry hash="0xB8A0BF169F98"></containerEntry>
        </property>
        <property name="dataSet" type="EntityHandle" container="StaticArray" arraySize="1">
          <containerEntry>0x0</containerEntry>
        </property>
        <property name="dataList" type="EntityPtr" container="StringMap" arraySize="14">
          <containerEntry key="afgh_tree011_vrtn001_0000">
            <data>0x3354C30</data>
          </containerEntry>
          <containerEntry key="StaticModelArray0000">
            <data>0x335C2C0</data>
          </containerEntry>
          <containerEntry key="StaticModelArray0001">
            <data>0x335BCA0</data>
          </containerEntry>
          <containerEntry key="StaticModelArray0002">
            <data>0x335BED0</data>
          </containerEntry>
          <containerEntry key="StaticModelArray0003">
            <data>0x335C250</data>
          </containerEntry>
          <containerEntry key="StaticModelArray0004">
            <data>0x335BD10</data>
          </containerEntry>
          <containerEntry key="StaticModelArray0005">
            <data>0x3353B20</data>
          </containerEntry>
          <containerEntry key="StaticModelArray0006">
            <data>0x335A500</data>
          </containerEntry>
          <containerEntry key="StaticModelArray0007">
            <data>0x335BA70</data>
          </containerEntry>
          <containerEntry key="StaticModelArray0008">
            <data>0x335BAE0</data>
          </containerEntry>
          <containerEntry key="StaticModelArray0009">
            <data>0x335BB50</data>
          </containerEntry>
          <containerEntry key="StaticModelArray0010">
            <data>0x335BBC0</data>
          </containerEntry>
          <containerEntry key="StaticModelArray0011">
            <data>0x335BC30</data>
          </containerEntry>
          <containerEntry key="TexturePackLoadConditioner0000">
            <data>0x335C950</data>
          </containerEntry>
        </property>
      </staticProperties>
      <dynamicProperties></dynamicProperties>
    </entity>
    <entity class="StaticModel" classVersion="9" classID="0x160" addr="0x3354C30" id="0x29CEBAE">
      <staticProperties>
        <property name="name" type="String" container="StaticArray" arraySize="1">
          <containerEntry>afgh_tree011_vrtn001_0000</containerEntry>
        </property>
        <property name="dataSet" type="EntityHandle" container="StaticArray" arraySize="1">
          <containerEntry>0x3353650</containerEntry>
        </property>
        <property name="parent" type="EntityHandle" container="StaticArray" arraySize="1">
          <containerEntry>0x0</containerEntry>
        </property>
        <property name="transform" type="EntityPtr" container="StaticArray" arraySize="1">
          <containerEntry>0x3354CA0</containerEntry>
        </property>
        <property name="shearTransform" type="EntityPtr" container="StaticArray" arraySize="1">
          <containerEntry>0x0</containerEntry>
        </property>
        <property name="pivotTransform" type="EntityPtr" container="StaticArray" arraySize="1">
          <containerEntry>0x0</containerEntry>
        </property>
        <property name="children" type="EntityHandle" container="List"></property>
        <property name="flags" type="UInt32" container="StaticArray" arraySize="1">
          <containerEntry>7</containerEntry>
        </property>
        <property name="modelFile" type="FilePtr" container="StaticArray" arraySize="1">
          <containerEntry>/Assets/tpp/environ/object/afghanistan/tree/afgh_tree011/scenes/afgh_tree011_vrtn001.fmdl</containerEntry>
        </property>
        <property name="geomFile" type="FilePtr" container="StaticArray" arraySize="1">
          <containerEntry>/Assets/tpp/environ/object/afghanistan/tree/afgh_tree011/scenes/afgh_tree011_vrtn001.geom</containerEntry>
        </property>
        <property name="isVisibleGeom" type="Bool" container="StaticArray" arraySize="1">
          <containerEntry>false</containerEntry>
        </property>
        <property name="isIsolated" type="Bool" container="StaticArray" arraySize="1">
          <containerEntry>false</containerEntry>
        </property>
        <property name="lodFarSize" type="Float" container="StaticArray" arraySize="1">
          <containerEntry>-1</containerEntry>
        </property>
        <property name="lodNearSize" type="Float" container="StaticArray" arraySize="1">
          <containerEntry>-1</containerEntry>
        </property>
        <property name="lodPolygonSize" type="Float" container="StaticArray" arraySize="1">
          <containerEntry>-1</containerEntry>
        </property>
        <property name="color" type="Color" container="StaticArray" arraySize="1">
          <containerEntry r="1" g="1" b="1" a="1"></containerEntry>
        </property>
        <property name="drawRejectionLevel" type="Int32" container="StaticArray" arraySize="1">
          <containerEntry>8</containerEntry>
        </property>
        <property name="drawMode" type="Int32" container="StaticArray" arraySize="1">
          <containerEntry>0</containerEntry>
        </property>
        <property name="rejectFarRangeShadowCast" type="Int32" container="StaticArray" arraySize="1">
          <containerEntry>2</containerEntry>
        </property>
      </staticProperties>
      <dynamicProperties></dynamicProperties>
    </entity>
    <entity class="TransformEntity" classVersion="0" classID="0x50" addr="0x3354CA0" id="0x29CEBB1">
      <staticProperties>
        <property name="owner" type="EntityHandle" container="StaticArray" arraySize="1">
          <containerEntry>0x3354C30</containerEntry>
        </property>
        <property name="transform_scale" type="Vector3" container="StaticArray" arraySize="1">
          <containerEntry x="0.761324" y="0.594881" z="0.761324" w="0"></containerEntry>
        </property>
        <property name="transform_rotation_quat" type="Quat" container="StaticArray" arraySize="1">
          <containerEntry x="0" y="0.961202" z="0" w="0.275845"></containerEntry>
        </property>
        <property name="transform_translation" type="Vector3" container="StaticArray" arraySize="1">
          <containerEntry x="1146.2266" y="392.58984" z="769.42316" w="0"></containerEntry>
        </property>
      </staticProperties>
      <dynamicProperties></dynamicProperties>
    </entity>
    <entity class="StaticModelArray" classVersion="4" classID="0xD0" addr="0x335C2C0" id="0x0">
      <staticProperties>
        <property name="name" type="String" container="StaticArray" arraySize="1">
          <containerEntry>StaticModelArray0000</containerEntry>
        </property>
        <property name="dataSet" type="EntityHandle" container="StaticArray" arraySize="1">
          <containerEntry>0x3353650</containerEntry>
        </property>
        <property name="modelFile" type="FilePtr" container="StaticArray" arraySize="1">
          <containerEntry>/Assets/tpp/environ/object/afghanistan/rock/afgh_rock010/scenes/afgh_rock010_vrtn001.fmdl</containerEntry>
        </property>
        <property name="geomFile" type="FilePtr" container="StaticArray" arraySize="1">
          <containerEntry>/Assets/tpp/environ/object/afghanistan/rock/afgh_rock010/scenes/afgh_rock010_vrtn001.geom</containerEntry>
        </property>
        <property name="isVisibleGeom" type="Bool" container="StaticArray" arraySize="1">
          <containerEntry>false</containerEntry>
        </property>
        <property name="lodFarSize" type="Float" container="StaticArray" arraySize="1">
          <containerEntry>-1</containerEntry>
        </property>
        <property name="lodNearSize" type="Float" container="StaticArray" arraySize="1">
          <containerEntry>-1</containerEntry>
        </property>
        <property name="lodPolygonSize" type="Float" container="StaticArray" arraySize="1">
          <containerEntry>-1</containerEntry>
        </property>
        <property name="drawRejectionLevel" type="Int32" container="StaticArray" arraySize="1">
          <containerEntry>8</containerEntry>
        </property>
        <property name="drawMode" type="Int32" container="StaticArray" arraySize="1">
          <containerEntry>0</containerEntry>
        </property>
        <property name="rejectFarRangeShadowCast" type="Int32" container="StaticArray" arraySize="1">
          <containerEntry>2</containerEntry>
        </property>
        <property name="parentLocator" type="EntityLink" container="StaticArray" arraySize="1">
          <containerEntry packagePathHash="0xB8A0BF169F98" archivePathHash="0xB8A0BF169F98" nameInArchiveHash="0xB8A0BF169F98">0x0</containerEntry>
        </property>
        <property name="transforms" type="Matrix4" container="DynamicArray" arraySize="4">
          <containerEntry r11="0.9892632" r12="-0.11687913" r13="0.08773643" r14="0" r21="-0.14395308" r22="-0.88287205" r23="0.4470008" r24="0" r31="0.02521494" r32="-0.45483136" r33="-0.8902179" r34="0" r41="1083.9823" r42="390.60623" r43="860.1924" r44="1"></containerEntry>
          <containerEntry r11="-0.2362702" r12="0.30690336" r13="-0.9219445" r14="0" r21="-0.9673596" r22="0.015135949" r23="0.2529483" r24="0" r31="0.091583386" r32="0.9516188" r33="0.29331303" r34="0" r41="1078.9865" r42="391.66278" r43="872.48517" r44="1"></containerEntry>
          <containerEntry r11="-0.49014688" r12="-0.36855602" r13="-0.7898853" r14="0" r21="-0.107788205" r22="0.92488164" r23="-0.36465806" r24="0" r31="0.86494744" r32="-0.09359625" r33="-0.49305373" r34="0" r41="1032.717" r42="360.70352" r43="772.68164" r44="1"></containerEntry>
          <containerEntry r11="-0.0885147" r12="0.9635278" r13="-0.25254288" r14="0" r21="0.8670816" r22="-0.050246805" r23="-0.49561822" r24="0" r31="-0.49023193" r32="-0.26284528" r33="-0.8310094" r34="0" r41="1102.4128" r42="386.26007" r43="834.8553" r44="1"></containerEntry>
        </property>
        <property name="colors" type="UInt32" container="DynamicArray" arraySize="4">
          <containerEntry>4294967295</containerEntry>
          <containerEntry>4294967295</containerEntry>
          <containerEntry>4294967295</containerEntry>
          <containerEntry>4294967295</containerEntry>
        </property>
      </staticProperties>
      <dynamicProperties></dynamicProperties>
    </entity>
    <entity class="StaticModelArray" classVersion="4" classID="0xD0" addr="0x335BCA0" id="0x0">
      <staticProperties>
        <property name="name" type="String" container="StaticArray" arraySize="1">
          <containerEntry>StaticModelArray0001</containerEntry>
        </property>
        <property name="dataSet" type="EntityHandle" container="StaticArray" arraySize="1">
          <containerEntry>0x3353650</containerEntry>
        </property>
        <property name="modelFile" type="FilePtr" container="StaticArray" arraySize="1">
          <containerEntry>/Assets/tpp/environ/object/afghanistan/rock/afgh_rock009/scenes/afgh_rock009_rock002.fmdl</containerEntry>
        </property>
        <property name="geomFile" type="FilePtr" container="StaticArray" arraySize="1">
          <containerEntry>/Assets/tpp/environ/object/afghanistan/rock/afgh_rock009/scenes/afgh_rock009_rock002.geom</containerEntry>
        </property>
        <property name="isVisibleGeom" type="Bool" container="StaticArray" arraySize="1">
          <containerEntry>false</containerEntry>
        </property>
        <property name="lodFarSize" type="Float" container="StaticArray" arraySize="1">
          <containerEntry>-1</containerEntry>
        </property>
        <property name="lodNearSize" type="Float" container="StaticArray" arraySize="1">
          <containerEntry>-1</containerEntry>
        </property>
        <property name="lodPolygonSize" type="Float" container="StaticArray" arraySize="1">
          <containerEntry>-1</containerEntry>
        </property>
        <property name="drawRejectionLevel" type="Int32" container="StaticArray" arraySize="1">
          <containerEntry>8</containerEntry>
        </property>
        <property name="drawMode" type="Int32" container="StaticArray" arraySize="1">
          <containerEntry>0</containerEntry>
        </property>
        <property name="rejectFarRangeShadowCast" type="Int32" container="StaticArray" arraySize="1">
          <containerEntry>2</containerEntry>
        </property>
        <property name="parentLocator" type="EntityLink" container="StaticArray" arraySize="1">
          <containerEntry packagePathHash="0xB8A0BF169F98" archivePathHash="0xB8A0BF169F98" nameInArchiveHash="0xB8A0BF169F98">0x0</containerEntry>
        </property>
        <property name="transforms" type="Matrix4" container="DynamicArray" arraySize="13">
          <containerEntry r11="0.224542" r12="0.009282071" r13="-1.0367221" r14="0" r21="0.157054" r22="1.0482112" r23="0.043400932" r24="0" r31="1.0247989" r32="-0.16267607" r33="0.22050309" r34="0" r41="1034.879" r42="365.98547" r43="807.6869" r44="1"></containerEntry>
          <containerEntry r11="-0.72528446" r12="-0.15648001" r13="-0.758138" r14="0" r21="0.08042289" r22="1.0180486" r23="-0.2870635" r24="0" r31="0.7699295" r32="-0.25374654" r33="-0.6841915" r34="0" r41="1041.0634" r42="366.5051" r43="814.3277" r44="1"></containerEntry>
          <containerEntry r11="-0.72351813" r12="-0.39495403" r13="-0.66770726" r14="0" r21="-0.095018506" r22="0.95127326" r23="-0.45972517" r24="0" r31="0.76993054" r32="-0.25374693" r33="-0.6841926" r34="0" r41="1054.706" r42="367.239" r43="818.23145" r44="1"></containerEntry>
          <containerEntry r11="-0.72351813" r12="-0.39495403" r13="-0.66770726" r14="0" r21="-0.095018506" r22="0.95127326" r23="-0.45972517" r24="0" r31="0.76993054" r32="-0.25374693" r33="-0.6841926" r34="0" r41="1054.3809" r42="368.63635" r43="789.6281" r44="1"></containerEntry>
          <containerEntry r11="-0.72351813" r12="-0.39495403" r13="-0.66770726" r14="0" r21="-0.095018506" r22="0.95127326" r23="-0.45972517" r24="0" r31="0.76993054" r32="-0.25374693" r33="-0.6841926" r34="0" r41="1069.5161" r42="363.3283" r43="789.6281" r44="1"></containerEntry>
          <containerEntry r11="-1.0424142" r12="-0.15961751" r13="-0.114833914" r14="0" r21="-0.09501756" r22="0.95127326" r23="-0.45972526" r24="0" r31="0.17215192" r32="-0.44147292" r33="-0.9490824" r34="0" r41="1072.1641" r42="370.2443" r43="807.1679" r44="1"></containerEntry>
          <containerEntry r11="-0.2073415" r12="-1.0296804" r13="0.14855434" r14="0" r21="-0.6996539" r22="0.02590717" r23="-0.7969401" r24="0" r31="0.7699311" r32="-0.25374556" r33="-0.68419325" r34="0" r41="1074.491" r42="371.15332" r43="814.10913" r44="1"></containerEntry>
          <containerEntry r11="-0.2073415" r12="-1.0296804" r13="0.14855434" r14="0" r21="-0.6996539" r22="0.02590717" r23="-0.7969401" r24="0" r31="0.7699311" r32="-0.25374556" r33="-0.68419325" r34="0" r41="1079.7203" r42="375.53058" r43="827.8585" r44="1"></containerEntry>
          <containerEntry r11="-1.0509386" r12="-0.010246635" r13="-0.14396615" r14="0" r21="0.019517606" r22="1.0383127" r23="-0.21638516" r24="0" r31="0.14300445" r32="-0.2170222" r33="-1.0284718" r34="0" r41="1089.189" r42="376.86755" r43="834.3959" r44="1"></containerEntry>
          <containerEntry r11="-0.94517475" r12="-0.12482174" r13="-0.46514803" r14="0" r21="0.036333732" r22="1.0031507" r23="-0.34302342" r24="0" r31="0.48023182" r32="-0.3215665" r33="-0.8895329" r34="0" r41="1090.9645" r42="378.3298" r43="841.51105" r44="1"></containerEntry>
          <containerEntry r11="-0.90310633" r12="0.11659882" r13="0.54415494" r14="0" r21="0.1592504" r22="1.0480254" r23="0.03973231" r24="0" r31="-0.53323483" r32="0.115516104" r33="-0.90973496" r34="0" r41="1090.6611" r42="380.70013" r43="854.4848" r44="1"></containerEntry>
          <containerEntry r11="-0.20698665" r12="1.0332549" r13="0.12180641" r14="0" r21="1.0225714" r22="0.22493823" r23="-0.1704305" r24="0" r31="-0.19183362" r32="0.08416187" r33="-1.0399098" r34="0" r41="1102.3341" r42="382.9547" r43="868.0611" r44="1"></containerEntry>
          <containerEntry r11="-0.50951046" r12="0.3151303" r13="0.8754367" r14="0" r21="0.26663837" r22="1.005694" r23="-0.20683318" r24="0" r31="-0.8914036" r32="0.12070258" r33="-0.5622525" r34="0" r41="1105.3774" r42="384.89224" r43="876.65826" r44="1"></containerEntry>
        </property>
        <property name="colors" type="UInt32" container="DynamicArray" arraySize="13">
          <containerEntry>4294967295</containerEntry>
          <containerEntry>4294967295</containerEntry>
          <containerEntry>4294967295</containerEntry>
          <containerEntry>4294967295</containerEntry>
          <containerEntry>4294967295</containerEntry>
          <containerEntry>4294967295</containerEntry>
          <containerEntry>4294967295</containerEntry>
          <containerEntry>4294967295</containerEntry>
          <containerEntry>4294967295</containerEntry>
          <containerEntry>4294967295</containerEntry>
          <containerEntry>4294967295</containerEntry>
          <containerEntry>4294967295</containerEntry>
          <containerEntry>4294967295</containerEntry>
        </property>
      </staticProperties>
      <dynamicProperties></dynamicProperties>
    </entity>
    <entity class="StaticModelArray" classVersion="4" classID="0xD0" addr="0x335BED0" id="0x0">
      <staticProperties>
        <property name="name" type="String" container="StaticArray" arraySize="1">
          <containerEntry>StaticModelArray0002</containerEntry>
        </property>
        <property name="dataSet" type="EntityHandle" container="StaticArray" arraySize="1">
          <containerEntry>0x3353650</containerEntry>
        </property>
        <property name="modelFile" type="FilePtr" container="StaticArray" arraySize="1">
          <containerEntry>/Assets/tpp/environ/object/afghanistan/cliff/afgh_clff022/scenes/afgh_clff022_vrtn003.fmdl</containerEntry>
        </property>
        <property name="geomFile" type="FilePtr" container="StaticArray" arraySize="1">
          <containerEntry>/Assets/tpp/environ/object/afghanistan/cliff/afgh_clff022/scenes/afgh_clff022_vrtn003.geom</containerEntry>
        </property>
        <property name="isVisibleGeom" type="Bool" container="StaticArray" arraySize="1">
          <containerEntry>false</containerEntry>
        </property>
        <property name="lodFarSize" type="Float" container="StaticArray" arraySize="1">
          <containerEntry>-1</containerEntry>
        </property>
        <property name="lodNearSize" type="Float" container="StaticArray" arraySize="1">
          <containerEntry>-1</containerEntry>
        </property>
        <property name="lodPolygonSize" type="Float" container="StaticArray" arraySize="1">
          <containerEntry>-1</containerEntry>
        </property>
        <property name="drawRejectionLevel" type="Int32" container="StaticArray" arraySize="1">
          <containerEntry>8</containerEntry>
        </property>
        <property name="drawMode" type="Int32" container="StaticArray" arraySize="1">
          <containerEntry>0</containerEntry>
        </property>
        <property name="rejectFarRangeShadowCast" type="Int32" container="StaticArray" arraySize="1">
          <containerEntry>2</containerEntry>
        </property>
        <property name="parentLocator" type="EntityLink" container="StaticArray" arraySize="1">
          <containerEntry packagePathHash="0xB8A0BF169F98" archivePathHash="0xB8A0BF169F98" nameInArchiveHash="0xB8A0BF169F98">0x0</containerEntry>
        </property>
        <property name="transforms" type="Matrix4" container="DynamicArray" arraySize="5">
          <containerEntry r11="-0.99999595" r12="0" r13="-0.001919998" r14="0" r21="0" r22="1" r23="0" r24="0" r31="0.001919998" r32="0" r33="-0.99999595" r34="0" r41="1110.8435" r42="398.73428" r43="840.87683" r44="1"></containerEntry>
          <containerEntry r11="0.49033642" r12="0.012184286" r13="-0.8714485" r14="0" r21="0.003224291" r22="0.99987006" r23="0.01579405" r24="0" r31="0.8715268" r32="-0.010554195" r33="0.4902329" r34="0" r41="1026.1217" r42="382.16888" r43="835.72174" r44="1"></containerEntry>
          <containerEntry r11="0.25299245" r12="-0.01609573" r13="0.9673337" r14="0" r21="0.003223136" r22="0.9998701" r23="0.015794152" r24="0" r31="-0.9674622" r32="-0.0008779602" r33="0.2530115" r34="0" r41="1055.7007" r42="394.1662" r43="848.83673" r44="1"></containerEntry>
          <containerEntry r11="-0.75395685" r12="-0.007946189" r13="0.65687424" r14="0" r21="0.0032228178" r22="0.99987006" r23="0.015794538" r24="0" r31="-0.6569144" r32="0.014025354" r33="-0.75383323" r34="0" r41="1066.1003" r42="384.77234" r43="837.17706" r44="1"></containerEntry>
          <containerEntry r11="0.9485963" r12="0" r13="-0.3164886" r14="0" r21="0" r22="1" r23="0" r24="0" r31="0.3164886" r32="0" r33="0.9485963" r34="0" r41="1102.2314" r42="388.61542" r43="820.2756" r44="1"></containerEntry>
        </property>
        <property name="colors" type="UInt32" container="DynamicArray" arraySize="5">
          <containerEntry>4294967295</containerEntry>
          <containerEntry>4294967295</containerEntry>
          <containerEntry>4294967295</containerEntry>
          <containerEntry>4294967295</containerEntry>
          <containerEntry>4294967295</containerEntry>
        </property>
      </staticProperties>
      <dynamicProperties></dynamicProperties>
    </entity>
    <entity class="StaticModelArray" classVersion="4" classID="0xD0" addr="0x335C250" id="0x0">
      <staticProperties>
        <property name="name" type="String" container="StaticArray" arraySize="1">
          <containerEntry>StaticModelArray0003</containerEntry>
        </property>
        <property name="dataSet" type="EntityHandle" container="StaticArray" arraySize="1">
          <containerEntry>0x3353650</containerEntry>
        </property>
        <property name="modelFile" type="FilePtr" container="StaticArray" arraySize="1">
          <containerEntry>/Assets/tpp/environ/object/afghanistan/cliff/afgh_clff022/scenes/afgh_clff022_vrtn004.fmdl</containerEntry>
        </property>
        <property name="geomFile" type="FilePtr" container="StaticArray" arraySize="1">
          <containerEntry>/Assets/tpp/environ/object/afghanistan/cliff/afgh_clff022/scenes/afgh_clff022_vrtn004.geom</containerEntry>
        </property>
        <property name="isVisibleGeom" type="Bool" container="StaticArray" arraySize="1">
          <containerEntry>false</containerEntry>
        </property>
        <property name="lodFarSize" type="Float" container="StaticArray" arraySize="1">
          <containerEntry>-1</containerEntry>
        </property>
        <property name="lodNearSize" type="Float" container="StaticArray" arraySize="1">
          <containerEntry>-1</containerEntry>
        </property>
        <property name="lodPolygonSize" type="Float" container="StaticArray" arraySize="1">
          <containerEntry>-1</containerEntry>
        </property>
        <property name="drawRejectionLevel" type="Int32" container="StaticArray" arraySize="1">
          <containerEntry>8</containerEntry>
        </property>
        <property name="drawMode" type="Int32" container="StaticArray" arraySize="1">
          <containerEntry>0</containerEntry>
        </property>
        <property name="rejectFarRangeShadowCast" type="Int32" container="StaticArray" arraySize="1">
          <containerEntry>2</containerEntry>
        </property>
        <property name="parentLocator" type="EntityLink" container="StaticArray" arraySize="1">
          <containerEntry packagePathHash="0xB8A0BF169F98" archivePathHash="0xB8A0BF169F98" nameInArchiveHash="0xB8A0BF169F98">0x0</containerEntry>
        </property>
        <property name="transforms" type="Matrix4" container="DynamicArray" arraySize="2">
          <containerEntry r11="0.38564926" r12="0" r13="0.92264557" r14="0" r21="0" r22="1" r23="0" r24="0" r31="-0.92264557" r32="0" r33="0.38564926" r34="0" r41="1120.8992" r42="401.2892" r43="865.0731" r44="1"></containerEntry>
          <containerEntry r11="-0.48297274" r12="0" r13="0.87563133" r14="0" r21="0" r22="1" r23="0" r24="0" r31="-0.87563133" r32="0" r33="-0.48297274" r34="0" r41="1128.7927" r42="397.99457" r43="814.64" r44="1"></containerEntry>
        </property>
        <property name="colors" type="UInt32" container="DynamicArray" arraySize="2">
          <containerEntry>4294967295</containerEntry>
          <containerEntry>4294967295</containerEntry>
        </property>
      </staticProperties>
      <dynamicProperties></dynamicProperties>
    </entity>
    <entity class="StaticModelArray" classVersion="4" classID="0xD0" addr="0x335BD10" id="0x0">
      <staticProperties>
        <property name="name" type="String" container="StaticArray" arraySize="1">
          <containerEntry>StaticModelArray0004</containerEntry>
        </property>
        <property name="dataSet" type="EntityHandle" container="StaticArray" arraySize="1">
          <containerEntry>0x3353650</containerEntry>
        </property>
        <property name="modelFile" type="FilePtr" container="StaticArray" arraySize="1">
          <containerEntry>/Assets/tpp/environ/object/afghanistan/rock/afgh_rock009/scenes/afgh_rock009_rock001.fmdl</containerEntry>
        </property>
        <property name="geomFile" type="FilePtr" container="StaticArray" arraySize="1">
          <containerEntry>/Assets/tpp/environ/object/afghanistan/rock/afgh_rock009/scenes/afgh_rock009_rock001.geom</containerEntry>
        </property>
        <property name="isVisibleGeom" type="Bool" container="StaticArray" arraySize="1">
          <containerEntry>false</containerEntry>
        </property>
        <property name="lodFarSize" type="Float" container="StaticArray" arraySize="1">
          <containerEntry>-1</containerEntry>
        </property>
        <property name="lodNearSize" type="Float" container="StaticArray" arraySize="1">
          <containerEntry>-1</containerEntry>
        </property>
        <property name="lodPolygonSize" type="Float" container="StaticArray" arraySize="1">
          <containerEntry>-1</containerEntry>
        </property>
        <property name="drawRejectionLevel" type="Int32" container="StaticArray" arraySize="1">
          <containerEntry>8</containerEntry>
        </property>
        <property name="drawMode" type="Int32" container="StaticArray" arraySize="1">
          <containerEntry>0</containerEntry>
        </property>
        <property name="rejectFarRangeShadowCast" type="Int32" container="StaticArray" arraySize="1">
          <containerEntry>2</containerEntry>
        </property>
        <property name="parentLocator" type="EntityLink" container="StaticArray" arraySize="1">
          <containerEntry packagePathHash="0xB8A0BF169F98" archivePathHash="0xB8A0BF169F98" nameInArchiveHash="0xB8A0BF169F98">0x0</containerEntry>
        </property>
        <property name="transforms" type="Matrix4" container="DynamicArray" arraySize="29">
          <containerEntry r11="-0.16324818" r12="0.98393995" r13="-0.072164655" r14="0" r21="0.4398653" r22="0.13806568" r23="0.8873849" r24="0" r31="0.88309854" r32="0.113123864" r33="-0.4553387" r34="0" r41="1041.0869" r42="368.00696" r43="792.4767" r44="1"></containerEntry>
          <containerEntry r11="-0.052181277" r12="0.9957566" r13="-0.075746946" r14="0" r21="0.9711981" r22="0.032952644" r23="-0.23596679" r24="0" r31="-0.23246977" r32="-0.08587869" r33="-0.96879625" r34="0" r41="1068.4707" r42="367.5852" r43="803.7667" r44="1"></containerEntry>
          <containerEntry r11="-0.1632474" r12="0.9839388" r13="-0.072164945" r14="0" r21="0.9862901" r22="0.16099364" r23="-0.036142565" r24="0" r31="-0.023944015" r32="-0.077075794" r33="-0.9967308" r34="0" r41="1053.8257" r42="372.527" r43="828.9658" r44="1"></containerEntry>
          <containerEntry r11="-0.0026457852" r12="0.122822866" r13="0.99242365" r14="0" r21="-0.008852752" r22="-0.99238986" r23="0.12279499" r24="0" r31="0.9999559" r32="-0.008460408" r33="0.0037156718" r34="0" r41="1050.0641" r42="372.085" r43="828.9658" r44="1"></containerEntry>
          <containerEntry r11="0.6068022" r12="-0.17986166" r13="0.77423435" r14="0" r21="-0.17811988" r22="-0.9800549" r23="-0.08807643" r24="0" r31="0.7746372" r32="-0.08446229" r33="-0.6267353" r34="0" r41="1060.5471" r42="368.00943" r43="820.6804" r44="1"></containerEntry>
          <containerEntry r11="0.8437669" r12="0.17027554" r13="0.50898105" r14="0" r21="-0.04169548" r22="-0.9246682" r23="0.37846327" r24="0" r31="0.53508604" r32="-0.34055695" r33="-0.77310425" r34="0" r41="1075.2024" r42="371.90607" r43="818.788" r44="1"></containerEntry>
          <containerEntry r11="0.89048535" r12="0.40970933" r13="-0.1979187" r14="0" r21="-0.18813223" r22="-0.064517364" r23="-0.9800163" r24="0" r31="-0.41429466" r32="0.9099247" r33="0.019628568" r34="0" r41="1073.4694" r42="374.4193" r43="819.81665" r44="1"></containerEntry>
          <containerEntry r11="0.09758596" r12="0.9916692" r13="-0.08402121" r14="0" r21="0.36334753" r22="-0.114090264" r23="-0.9246353" r24="0" r31="-0.9265238" r32="0.059698373" r33="-0.3714516" r34="0" r41="1073.4694" r42="368.3444" r43="797.8944" r44="1"></containerEntry>
          <containerEntry r11="0.09758443" r12="0.9916688" r13="-0.08402187" r14="0" r21="0.70867556" r22="-0.12850377" r23="-0.6937239" r24="0" r31="-0.698745" r32="0.008148613" r33="-0.7153097" r34="0" r41="1092.6594" r42="371.8777" r43="807.23486" r44="1"></containerEntry>
          <containerEntry r11="0.09758606" r12="0.9916678" r13="-0.08401999" r14="0" r21="0.9934935" r22="-0.10202852" r23="-0.050461624" r24="0" r31="-0.05861479" r32="-0.07854996" r33="-0.995173" r34="0" r41="1092.8668" r42="374.57602" r43="815.93616" r44="1"></containerEntry>
          <containerEntry r11="-0.2228691" r12="0.97275895" r13="-0.0636513" r14="0" r21="0.8979471" r22="0.17944548" r23="-0.4018512" r24="0" r31="-0.37948304" r32="-0.14671683" r33="-0.9134785" r34="0" r41="1090.719" r42="375.6929" r43="829.6115" r44="1"></containerEntry>
          <containerEntry r11="-0.49568567" r12="0.8676002" r13="-0.039283976" r14="0" r21="0.6359728" r22="0.33181584" r23="-0.6967257" r24="0" r31="-0.59144884" r32="-0.37034875" r33="-0.7162428" r34="0" r41="1073.682" r42="376.72162" r43="828.0454" r44="1"></containerEntry>
          <containerEntry r11="0.9562606" r12="-0.01531668" r13="-0.29211476" r14="0" r21="-0.28647336" r22="-0.2509613" r23="-0.9246284" r24="0" r31="-0.059148833" r32="0.96786886" r33="-0.24437168" r34="0" r41="1094.3597" r42="380.1148" r43="837.26697" r44="1"></containerEntry>
          <containerEntry r11="0.9765169" r12="0.16254771" r13="0.1413967" r14="0" r21="-0.12272813" r22="0.9591199" r23="-0.2550036" r24="0" r31="-0.17706662" r32="0.23166199" r33="0.956546" r34="0" r41="1101.472" r42="381.76096" r43="856.98895" r44="1"></containerEntry>
          <containerEntry r11="0.5476659" r12="0.41473562" r13="-0.7266692" r14="0" r21="-0.061602034" r22="0.8861333" r23="0.45931572" r24="0" r31="0.83442163" r32="-0.2067852" r33="0.51085424" r34="0" r41="1103.3398" r42="382.9264" r43="859.4633" r44="1"></containerEntry>
          <containerEntry r11="0.7615791" r12="0.016257169" r13="-0.64786655" r14="0" r21="-0.09705305" r22="0.9912728" r23="-0.089213304" r24="0" r31="0.64076227" r32="0.13081941" r33="0.7565105" r34="0" r41="1097.7577" r42="386.1125" r43="878.34863" r44="1"></containerEntry>
          <containerEntry r11="0.15198101" r12="-0.8343696" r13="-0.52982414" r14="0" r21="0.98302686" r22="0.18330279" r23="-0.0066966442" r24="0" r31="0.10269815" r32="-0.5198135" r33="0.8480759" r34="0" r41="1090.3987" r42="390.58762" r43="874.40216" r44="1"></containerEntry>
          <containerEntry r11="0.67860454" r12="0.2434671" r13="0.6929744" r14="0" r21="0.7142305" r22="0.001388697" r23="-0.69989586" r24="0" r31="-0.17136003" r32="0.96989894" r33="-0.17294818" r34="0" r41="1096.0568" r42="382.83707" r43="869.1137" r44="1"></containerEntry>
          <containerEntry r11="-0.08099025" r12="-0.9502156" r13="-0.30086273" r14="0" r21="0.60772496" r22="0.19217342" r23="-0.77053714" r24="0" r31="0.7900024" r32="-0.24525325" r33="0.56191355" r34="0" r41="1090.2546" r42="383.88556" r43="861.8583" r44="1"></containerEntry>
          <containerEntry r11="0.58459175" r12="1.2702149" r13="0.21682109" r14="0" r21="-1.2489779" r22="0.6171216" r23="-0.24783038" r24="0" r31="-0.317035" r32="-0.08899655" r33="1.3761516" r34="0" r41="1079.5994" r42="385.9022" r43="853.1652" r44="1"></containerEntry>
          <containerEntry r11="-0.13291696" r12="1.1489658" r13="-0.35535693" r14="0" r21="-0.6485379" r22="-0.36955345" r23="-0.95230734" r24="0" r31="-1.0128169" r32="0.08584584" r33="0.65644425" r34="0" r41="1073.7631" r42="379.36795" r43="831.7861" r44="1"></containerEntry>
          <containerEntry r11="0.6282387" r12="0.7383147" r13="-0.24535707" r14="0" r21="-0.168786" r22="-0.17850308" r23="-0.9693427" r24="0" r31="-0.7594867" r32="0.6503886" r33="0.012479744" r34="0" r41="1075.5371" r42="377.35843" r43="830.3381" r44="1"></containerEntry>
          <containerEntry r11="-0.44201174" r12="0.8663549" r13="-0.23243542" r14="0" r21="-0.8915441" r22="-0.39580157" r23="0.22014013" r24="0" r31="0.098719515" r32="0.30453622" r33="0.94737005" r34="0" r41="1077.8353" r42="372.53528" r43="818.9482" r44="1"></containerEntry>
          <containerEntry r11="-0.9609692" r12="0.2763564" r13="0.011301605" r14="0" r21="-0.19513457" r22="-0.70635927" r23="0.6804012" r24="0" r31="0.19601811" r32="0.6516521" r33="0.7327484" r34="0" r41="1073.3203" r42="372.5656" r43="818.9482" r44="1"></containerEntry>
          <containerEntry r11="0.28605184" r12="-0.7862124" r13="0.547753" r14="0" r21="-0.22663756" r22="-0.61092293" r23="-0.7585398" r24="0" r31="0.93102044" r32="0.09283582" r33="-0.35293353" r34="0" r41="1094.4694" r42="392.1841" r43="880.4995" r44="1"></containerEntry>
          <containerEntry r11="0.08447804" r12="0.101027265" r13="0.99129075" r14="0" r21="-0.41331476" r22="0.9087776" r23="-0.0573951" r24="0" r31="-0.90666133" r32="-0.40486634" r33="0.11852777" r34="0" r41="1140.7373" r42="404.77368" r43="874.19965" r44="1"></containerEntry>
          <containerEntry r11="0.000854632" r12="-0.31539786" r13="-0.94895726" r14="0" r21="0.2019971" r22="0.9294481" r23="-0.30873188" r24="0" r31="0.9793838" r32="-0.19142471" r33="0.06450022" r34="0" r41="1050.1354" r42="372.1577" r43="830.89545" r44="1"></containerEntry>
          <containerEntry r11="0.010319116" r12="-0.46289542" r13="-0.8863497" r14="0" r21="0.0452013" r22="0.8857057" r23="-0.4620325" r24="0" r31="0.9989218" r32="-0.035298772" r33="0.030059844" r34="0" r41="1051.5226" r42="372.0687" r43="830.9445" r44="1"></containerEntry>
          <containerEntry r11="-0.11350895" r12="0.119616024" r13="-0.98630714" r14="0" r21="0.23261937" r22="0.96832854" r23="0.09066438" r24="0" r31="0.96591765" r32="-0.21914342" r33="-0.13774344" r34="0" r41="1054.134" r42="373.02567" r43="831.93726" r44="1"></containerEntry>
        </property>
        <property name="colors" type="UInt32" container="DynamicArray" arraySize="29">
          <containerEntry>4294967295</containerEntry>
          <containerEntry>4294967295</containerEntry>
          <containerEntry>4294967295</containerEntry>
          <containerEntry>4294967295</containerEntry>
          <containerEntry>4294967295</containerEntry>
          <containerEntry>4294967295</containerEntry>
          <containerEntry>4294967295</containerEntry>
          <containerEntry>4294967295</containerEntry>
          <containerEntry>4294967295</containerEntry>
          <containerEntry>4294967295</containerEntry>
          <containerEntry>4294967295</containerEntry>
          <containerEntry>4294967295</containerEntry>
          <containerEntry>4294967295</containerEntry>
          <containerEntry>4294967295</containerEntry>
          <containerEntry>4294967295</containerEntry>
          <containerEntry>4294967295</containerEntry>
          <containerEntry>4294967295</containerEntry>
          <containerEntry>4294967295</containerEntry>
          <containerEntry>4294967295</containerEntry>
          <containerEntry>4294967295</containerEntry>
          <containerEntry>4294967295</containerEntry>
          <containerEntry>4294967295</containerEntry>
          <containerEntry>4294967295</containerEntry>
          <containerEntry>4294967295</containerEntry>
          <containerEntry>4294967295</containerEntry>
          <containerEntry>4294967295</containerEntry>
          <containerEntry>4294967295</containerEntry>
          <containerEntry>4294967295</containerEntry>
          <containerEntry>4294967295</containerEntry>
        </property>
      </staticProperties>
      <dynamicProperties></dynamicProperties>
    </entity>
    <entity class="StaticModelArray" classVersion="4" classID="0xD0" addr="0x3353B20" id="0x0">
      <staticProperties>
        <property name="name" type="String" container="StaticArray" arraySize="1">
          <containerEntry>StaticModelArray0005</containerEntry>
        </property>
        <property name="dataSet" type="EntityHandle" container="StaticArray" arraySize="1">
          <containerEntry>0x3353650</containerEntry>
        </property>
        <property name="modelFile" type="FilePtr" container="StaticArray" arraySize="1">
          <containerEntry>/Assets/tpp/environ/object/afghanistan/cliff/afgh_clff022/scenes/afgh_clff022_vrtn002.fmdl</containerEntry>
        </property>
        <property name="geomFile" type="FilePtr" container="StaticArray" arraySize="1">
          <containerEntry>/Assets/tpp/environ/object/afghanistan/cliff/afgh_clff022/scenes/afgh_clff022_vrtn002.geom</containerEntry>
        </property>
        <property name="isVisibleGeom" type="Bool" container="StaticArray" arraySize="1">
          <containerEntry>false</containerEntry>
        </property>
        <property name="lodFarSize" type="Float" container="StaticArray" arraySize="1">
          <containerEntry>-1</containerEntry>
        </property>
        <property name="lodNearSize" type="Float" container="StaticArray" arraySize="1">
          <containerEntry>-1</containerEntry>
        </property>
        <property name="lodPolygonSize" type="Float" container="StaticArray" arraySize="1">
          <containerEntry>-1</containerEntry>
        </property>
        <property name="drawRejectionLevel" type="Int32" container="StaticArray" arraySize="1">
          <containerEntry>8</containerEntry>
        </property>
        <property name="drawMode" type="Int32" container="StaticArray" arraySize="1">
          <containerEntry>0</containerEntry>
        </property>
        <property name="rejectFarRangeShadowCast" type="Int32" container="StaticArray" arraySize="1">
          <containerEntry>2</containerEntry>
        </property>
        <property name="parentLocator" type="EntityLink" container="StaticArray" arraySize="1">
          <containerEntry packagePathHash="0xB8A0BF169F98" archivePathHash="0xB8A0BF169F98" nameInArchiveHash="0xB8A0BF169F98">0x0</containerEntry>
        </property>
        <property name="transforms" type="Matrix4" container="DynamicArray" arraySize="4">
          <containerEntry r11="-0.1292491" r12="0" r13="0.9916123" r14="0" r21="0" r22="1" r23="0" r24="0" r31="-0.9916123" r32="0" r33="-0.1292491" r34="0" r41="1104.569" r42="382.8144" r43="790.90137" r44="1"></containerEntry>
