<fox formatVersion="2" fileVersion="0">
  <entities>
    <entity class="DataSet" classVersion="0" classID="0xE8" addr="0x2F52EE0" id="0xFA500">
      <staticProperties>
        <property name="name" type="String" container="StaticArray" arraySize="1">
          <containerEntry hash="0xB8A0BF169F98"></containerEntry>
        </property>
        <property name="dataSet" type="EntityHandle" container="StaticArray" arraySize="1">
          <containerEntry>0x0</containerEntry>
        </property>
        <property name="dataList" type="EntityPtr" container="StringMap" arraySize="12">
          <containerEntry key="afgh_clff027_vrtn005_0001">
            <data>0x2F53340</data>
          </containerEntry>
          <containerEntry key="StaticModelArray0000">
            <data>0x2D7E080</data>
          </containerEntry>
          <containerEntry key="StaticModelArray0001">
            <data>0x2D7E0F0</data>
          </containerEntry>
          <containerEntry key="StaticModelArray0002">
            <data>0x2D7E010</data>
          </containerEntry>
          <containerEntry key="StaticModelArray0003">
            <data>0x2F52A10</data>
          </containerEntry>
          <containerEntry key="StaticModelArray0004">
            <data>0x2D7D6E0</data>
          </containerEntry>
          <containerEntry key="StaticModelArray0005">
            <data>0x2D7D8A0</data>
          </containerEntry>
          <containerEntry key="StaticModelArray0006">
            <data>0x2D7A810</data>
          </containerEntry>
          <containerEntry key="StaticModelArray0007">
            <data>0x2D7D670</data>
          </containerEntry>
          <containerEntry key="StaticModelArray0008">
            <data>0x2D7D750</data>
          </containerEntry>
          <containerEntry key="StaticModelArray0009">
            <data>0x2D7D7C0</data>
          </containerEntry>
          <containerEntry key="TexturePackLoadConditioner0000">
            <data>0x2D7E550</data>
          </containerEntry>
        </property>
      </staticProperties>
      <dynamicProperties></dynamicProperties>
    </entity>
    <entity class="StaticModel" classVersion="9" classID="0x160" addr="0x2F53340" id="0xFA51C">
      <staticProperties>
        <property name="name" type="String" container="StaticArray" arraySize="1">
          <containerEntry>afgh_clff027_vrtn005_0001</containerEntry>
        </property>
        <property name="dataSet" type="EntityHandle" container="StaticArray" arraySize="1">
          <containerEntry>0x2F52EE0</containerEntry>
        </property>
        <property name="parent" type="EntityHandle" container="StaticArray" arraySize="1">
          <containerEntry>0x0</containerEntry>
        </property>
        <property name="transform" type="EntityPtr" container="StaticArray" arraySize="1">
          <containerEntry>0x2F533B0</containerEntry>
        </property>
        <property name="shearTransform" type="EntityPtr" container="StaticArray" arraySize="1">
          <containerEntry>0x0</containerEntry>
        </property>
        <property name="pivotTransform" type="EntityPtr" container="StaticArray" arraySize="1">
          <containerEntry>0x0</containerEntry>
        </property>
        <property name="children" type="EntityHandle" container="List"></property>
        <property name="flags" type="UInt32" container="StaticArray" arraySize="1">
          <containerEntry>2147483655</containerEntry>
        </property>
        <property name="modelFile" type="FilePtr" container="StaticArray" arraySize="1">
          <containerEntry>/Assets/tpp/environ/object/afghanistan/cliff/afgh_clff027/scenes/afgh_clff027_vrtn005.fmdl</containerEntry>
        </property>
        <property name="geomFile" type="FilePtr" container="StaticArray" arraySize="1">
          <containerEntry>/Assets/tpp/environ/object/afghanistan/cliff/afgh_clff027/scenes/afgh_clff027_vrtn005.geom</containerEntry>
        </property>
        <property name="isVisibleGeom" type="Bool" container="StaticArray" arraySize="1">
          <containerEntry>false</containerEntry>
        </property>
        <property name="isIsolated" type="Bool" container="StaticArray" arraySize="1">
          <containerEntry>false</containerEntry>
        </property>
        <property name="lodFarSize" type="Float" container="StaticArray" arraySize="1">
          <containerEntry>-1</containerEntry>
        </property>
        <property name="lodNearSize" type="Float" container="StaticArray" arraySize="1">
          <containerEntry>-1</containerEntry>
        </property>
        <property name="lodPolygonSize" type="Float" container="StaticArray" arraySize="1">
          <containerEntry>-1</containerEntry>
        </property>
        <property name="color" type="Color" container="StaticArray" arraySize="1">
          <containerEntry r="1" g="1" b="1" a="1"></containerEntry>
        </property>
        <property name="drawRejectionLevel" type="Int32" container="StaticArray" arraySize="1">
          <containerEntry>8</containerEntry>
        </property>
        <property name="drawMode" type="Int32" container="StaticArray" arraySize="1">
          <containerEntry>0</containerEntry>
        </property>
        <property name="rejectFarRangeShadowCast" type="Int32" container="StaticArray" arraySize="1">
          <containerEntry>2</containerEntry>
        </property>
      </staticProperties>
      <dynamicProperties></dynamicProperties>
    </entity>
    <entity class="TransformEntity" classVersion="0" classID="0x50" addr="0x2F533B0" id="0xFA51F">
      <staticProperties>
        <property name="owner" type="EntityHandle" container="StaticArray" arraySize="1">
          <containerEntry>0x2F53340</containerEntry>
        </property>
        <property name="transform_scale" type="Vector3" container="StaticArray" arraySize="1">
          <containerEntry x="1" y="1" z="1" w="0"></containerEntry>
        </property>
        <property name="transform_rotation_quat" type="Quat" container="StaticArray" arraySize="1">
          <containerEntry x="0" y="0.965926" z="0" w="0.258819"></containerEntry>
        </property>
        <property name="transform_translation" type="Vector3" container="StaticArray" arraySize="1">
          <containerEntry x="727.6778" y="307.86047" z="2167.2654" w="0"></containerEntry>
        </property>
      </staticProperties>
      <dynamicProperties></dynamicProperties>
    </entity>
    <entity class="StaticModelArray" classVersion="4" classID="0xD0" addr="0x2D7E080" id="0x0">
      <staticProperties>
        <property name="name" type="String" container="StaticArray" arraySize="1">
          <containerEntry>StaticModelArray0000</containerEntry>
        </property>
        <property name="dataSet" type="EntityHandle" container="StaticArray" arraySize="1">
          <containerEntry>0x2F52EE0</containerEntry>
        </property>
        <property name="modelFile" type="FilePtr" container="StaticArray" arraySize="1">
          <containerEntry>/Assets/tpp/environ/object/middle_africa/rock/mafr_rock010/scenes/mafr_rock010_vrtn001.fmdl</containerEntry>
        </property>
        <property name="geomFile" type="FilePtr" container="StaticArray" arraySize="1">
          <containerEntry>/Assets/tpp/environ/object/middle_africa/rock/mafr_rock010/scenes/mafr_rock010_vrtn001.geom</containerEntry>
        </property>
        <property name="isVisibleGeom" type="Bool" container="StaticArray" arraySize="1">
          <containerEntry>false</containerEntry>
        </property>
        <property name="lodFarSize" type="Float" container="StaticArray" arraySize="1">
          <containerEntry>-1</containerEntry>
        </property>
        <property name="lodNearSize" type="Float" container="StaticArray" arraySize="1">
          <containerEntry>-1</containerEntry>
        </property>
        <property name="lodPolygonSize" type="Float" container="StaticArray" arraySize="1">
          <containerEntry>-1</containerEntry>
        </property>
        <property name="drawRejectionLevel" type="Int32" container="StaticArray" arraySize="1">
          <containerEntry>8</containerEntry>
        </property>
        <property name="drawMode" type="Int32" container="StaticArray" arraySize="1">
          <containerEntry>0</containerEntry>
        </property>
        <property name="rejectFarRangeShadowCast" type="Int32" container="StaticArray" arraySize="1">
          <containerEntry>2</containerEntry>
        </property>
        <property name="parentLocator" type="EntityLink" container="StaticArray" arraySize="1">
          <containerEntry packagePathHash="0xB8A0BF169F98" archivePathHash="0xB8A0BF169F98" nameInArchiveHash="0xB8A0BF169F98">0x0</containerEntry>
        </property>
        <property name="transforms" type="Matrix4" container="DynamicArray" arraySize="4">
          <containerEntry r11="-0.8164102" r12="-0.023915244" r13="0.57697415" r14="0" r21="0.048556834" r22="0.99276066" r23="0.10985662" r24="0" r31="-0.57542443" r32="0.1177043" r33="-0.8093387" r34="0" r41="716.36346" r42="294.70563" r43="2144.4167" r44="1"></containerEntry>
          <containerEntry r11="0.9124599" r12="0.18006772" r13="0.36741307" r14="0" r21="-0.12886453" r22="0.97872835" r23="-0.15963939" r24="0" r31="-0.38834348" r32="0.09831797" r33="0.91625476" r34="0" r41="708.05707" r42="293.2032" r43="2154.6746" r44="1"></containerEntry>
          <containerEntry r11="0.2988979" r12="-0.115161166" r13="-0.9473105" r14="0" r21="-0.12886383" r22="0.9787284" r23="-0.15963984" r24="0" r31="0.94554394" r32="0.16979009" r33="0.27769977" r34="0" r41="680.1041" r42="290.0287" r43="2158.211" r44="1"></containerEntry>
          <containerEntry r11="0.99118173" r12="0.12210891" r13="-0.051460337" r14="0" r21="-0.12886292" r22="0.9787286" r23="-0.15963902" r24="0" r31="0.030872334" r32="0.16486262" r33="0.9858332" r34="0" r41="684.54315" r42="289.6625" r43="2157.2224" r44="1"></containerEntry>
        </property>
        <property name="colors" type="UInt32" container="DynamicArray" arraySize="4">
          <containerEntry>4294967295</containerEntry>
          <containerEntry>4294967295</containerEntry>
          <containerEntry>4294967295</containerEntry>
          <containerEntry>4294967295</containerEntry>
        </property>
      </staticProperties>
      <dynamicProperties></dynamicProperties>
    </entity>
    <entity class="StaticModelArray" classVersion="4" classID="0xD0" addr="0x2D7E0F0" id="0x0">
      <staticProperties>
        <property name="name" type="String" container="StaticArray" arraySize="1">
          <containerEntry>StaticModelArray0001</containerEntry>
        </property>
        <property name="dataSet" type="EntityHandle" container="StaticArray" arraySize="1">
          <containerEntry>0x2F52EE0</containerEntry>
        </property>
        <property name="modelFile" type="FilePtr" container="StaticArray" arraySize="1">
          <containerEntry>/Assets/tpp/environ/object/afghanistan/rock/afgh_rock010/scenes/afgh_rock010.fmdl</containerEntry>
        </property>
        <property name="geomFile" type="FilePtr" container="StaticArray" arraySize="1">
          <containerEntry>/Assets/tpp/environ/object/afghanistan/rock/afgh_rock010/scenes/afgh_rock010.geom</containerEntry>
        </property>
        <property name="isVisibleGeom" type="Bool" container="StaticArray" arraySize="1">
          <containerEntry>false</containerEntry>
        </property>
        <property name="lodFarSize" type="Float" container="StaticArray" arraySize="1">
          <containerEntry>-1</containerEntry>
        </property>
        <property name="lodNearSize" type="Float" container="StaticArray" arraySize="1">
          <containerEntry>-1</containerEntry>
        </property>
        <property name="lodPolygonSize" type="Float" container="StaticArray" arraySize="1">
          <containerEntry>-1</containerEntry>
        </property>
        <property name="drawRejectionLevel" type="Int32" container="StaticArray" arraySize="1">
          <containerEntry>8</containerEntry>
        </property>
        <property name="drawMode" type="Int32" container="StaticArray" arraySize="1">
          <containerEntry>0</containerEntry>
        </property>
        <property name="rejectFarRangeShadowCast" type="Int32" container="StaticArray" arraySize="1">
          <containerEntry>2</containerEntry>
        </property>
        <property name="parentLocator" type="EntityLink" container="StaticArray" arraySize="1">
          <containerEntry packagePathHash="0xB8A0BF169F98" archivePathHash="0xB8A0BF169F98" nameInArchiveHash="0xB8A0BF169F98">0x0</containerEntry>
        </property>
        <property name="transforms" type="Matrix4" container="DynamicArray" arraySize="4">
          <containerEntry r11="0.95973843" r12="0.2251659" r13="-0.16793579" r14="0" r21="-0.1899924" r22="0.96071297" r23="0.20231995" r24="0" r31="0.20689368" r32="-0.16226766" r33="0.964813" r34="0" r41="715.7434" r42="302.21283" r43="2069.223" r44="1"></containerEntry>
          <containerEntry r11="0.97834975" r12="0.029123466" r13="-0.20489883" r14="0" r21="0.0051496504" r22="0.986317" r23="0.16477926" r24="0" r31="0.20689416" r32="-0.1622669" r33="0.964813" r34="0" r41="741.4285" r42="294.15805" r43="2124.1538" r44="1"></containerEntry>
          <containerEntry r11="0.941276" r12="0.32864484" r13="0.07740737" r14="0" r21="-0.3287575" r22="0.9443425" r23="-0.011649456" r24="0" r31="-0.076927595" r32="-0.014482917" r33="0.9969315" r34="0" r41="703.4613" r42="298.06744" r43="2049.7043" r44="1"></containerEntry>
          <containerEntry r11="0.8723894" r12="0.010676" r13="0.48869464" r14="0" r21="-0.0022541382" r22="0.99983865" r23="-0.017818449" r24="0" r31="-0.48880604" r32="0.014443037" r33="0.87227273" r34="0" r41="739.01514" r42="311.90875" r43="2050.4392" r44="1"></containerEntry>
        </property>
        <property name="colors" type="UInt32" container="DynamicArray" arraySize="4">
          <containerEntry>4294967295</containerEntry>
          <containerEntry>4294967295</containerEntry>
          <containerEntry>4294967295</containerEntry>
          <containerEntry>4294967295</containerEntry>
        </property>
      </staticProperties>
      <dynamicProperties></dynamicProperties>
    </entity>
    <entity class="StaticModelArray" classVersion="4" classID="0xD0" addr="0x2D7E010" id="0x0">
      <staticProperties>
        <property name="name" type="String" container="StaticArray" arraySize="1">
          <containerEntry>StaticModelArray0002</containerEntry>
        </property>
        <property name="dataSet" type="EntityHandle" container="StaticArray" arraySize="1">
          <containerEntry>0x2F52EE0</containerEntry>
        </property>
        <property name="modelFile" type="FilePtr" container="StaticArray" arraySize="1">
          <containerEntry>/Assets/tpp/environ/object/afghanistan/rock/afgh_rock001/scenes/afgh_rock001_vrtn001.fmdl</containerEntry>
        </property>
        <property name="geomFile" type="FilePtr" container="StaticArray" arraySize="1">
          <containerEntry>/Assets/tpp/environ/object/afghanistan/rock/afgh_rock001/scenes/afgh_rock001_vrtn001.geom</containerEntry>
        </property>
        <property name="isVisibleGeom" type="Bool" container="StaticArray" arraySize="1">
          <containerEntry>false</containerEntry>
        </property>
        <property name="lodFarSize" type="Float" container="StaticArray" arraySize="1">
          <containerEntry>-1</containerEntry>
        </property>
        <property name="lodNearSize" type="Float" container="StaticArray" arraySize="1">
          <containerEntry>-1</containerEntry>
        </property>
        <property name="lodPolygonSize" type="Float" container="StaticArray" arraySize="1">
          <containerEntry>-1</containerEntry>
        </property>
        <property name="drawRejectionLevel" type="Int32" container="StaticArray" arraySize="1">
          <containerEntry>8</containerEntry>
        </property>
        <property name="drawMode" type="Int32" container="StaticArray" arraySize="1">
          <containerEntry>0</containerEntry>
        </property>
        <property name="rejectFarRangeShadowCast" type="Int32" container="StaticArray" arraySize="1">
          <containerEntry>2</containerEntry>
        </property>
        <property name="parentLocator" type="EntityLink" container="StaticArray" arraySize="1">
          <containerEntry packagePathHash="0xB8A0BF169F98" archivePathHash="0xB8A0BF169F98" nameInArchiveHash="0xB8A0BF169F98">0x0</containerEntry>
        </property>
        <property name="transforms" type="Matrix4" container="DynamicArray" arraySize="19">
          <containerEntry r11="1" r12="0" r13="0" r14="0" r21="0" r22="0.79991245" r23="-0.6001166" r24="0" r31="0" r32="0.6001166" r33="0.79991245" r34="0" r41="761.2218" r42="290.8394" r43="2146" r44="1"></containerEntry>
          <containerEntry r11="0.11553155" r12="-0.596098" r13="-0.79455525" r14="0" r21="0.3184312" r22="0.77992105" r23="-0.5388175" r24="0" r31="0.94087857" r32="-0.19076142" r33="0.279922" r34="0" r41="740" r42="295.85706" r43="2138.603" r44="1"></containerEntry>
          <containerEntry r11="-0.26121426" r12="-0.027072862" r13="0.96489906" r14="0" r21="0.28469342" r22="0.9529811" r23="0.10381015" r24="0" r31="-0.92234087" r32="0.30181777" r33="-0.24122465" r34="0" r41="735.5725" r42="295.6451" r43="2144.452" r44="1"></containerEntry>
          <containerEntry r11="0.30138624" r12="0.14140669" r13="-0.94295776" r14="0" r21="-0.5596049" r22="0.8269422" r23="-0.05485052" r24="0" r31="0.7720152" r32="0.5442154" r33="0.32836103" r34="0" r41="683.7522" r42="295.09177" r43="2095.5122" r44="1"></containerEntry>
          <containerEntry r11="-0.9914099" r12="-0.12747835" r13="-0.029097635" r14="0" r21="-0.12811024" r22="0.9915378" r23="0.020989714" r24="0" r31="0.026175663" r32="0.024537219" r33="-0.9993516" r34="0" r41="708.3579" r42="296.6422" r43="2113.577" r44="1"></containerEntry>
          <containerEntry r11="-0.9914099" r12="-0.12747835" r13="-0.029097635" r14="0" r21="-0.12811024" r22="0.9915378" r23="0.020989714" r24="0" r31="0.026175663" r32="0.024537219" r33="-0.9993516" r34="0" r41="696.32227" r42="293.43988" r43="2125.4363" r44="1"></containerEntry>
          <containerEntry r11="-0.0072386665" r12="-0.29261604" r13="-0.95620173" r14="0" r21="-0.08274514" r22="0.95312357" r23="-0.29104733" r24="0" r31="0.9965436" r32="0.077014074" r33="-0.031111896" r34="0" r41="649.82275" r42="287.57358" r43="2103.8105" r44="1"></containerEntry>
          <containerEntry r11="0.79853284" r12="-0.5269965" r13="-0.29089397" r14="0" r21="0.31843022" r22="0.7799216" r23="-0.5388169" r24="0" r31="0.5108295" r32="0.33763328" r33="0.790605" r34="0" r41="668.77246" r42="287.76926" r43="2116.6711" r44="1"></containerEntry>
          <containerEntry r11="-0.8974581" r12="-0.4407257" r13="0.01801306" r14="0" r21="-0.43304285" r22="0.8725788" r23="-0.22600836" r24="0" r31="0.08389003" r32="-0.21063405" r33="-0.9739559" r34="0" r41="678" r42="291.5328" r43="2164" r44="1"></containerEntry>
          <containerEntry r11="0.44592294" r12="0.038685232" r13="0.8942334" r14="0" r21="-0.12811105" r22="0.99153763" r23="0.020989548" r24="0" r31="-0.88585407" r32="-0.123921156" r33="0.4471054" r34="0" r41="690" r42="293.90738" r43="2162" r44="1"></containerEntry>
          <containerEntry r11="0.96323776" r12="0.12943874" r13="-0.23541126" r14="0" r21="-0.12811182" r22="0.9915376" r23="0.020989815" r24="0" r31="0.23613599" r32="0.009940837" r33="0.9716691" r34="0" r41="690.57135" r42="294.69983" r43="2167.2979" r44="1"></containerEntry>
          <containerEntry r11="0.44592294" r12="0.038685232" r13="0.8942334" r14="0" r21="-0.12811105" r22="0.99153763" r23="0.020989548" r24="0" r31="-0.88585407" r32="-0.123921156" r33="0.4471054" r34="0" r41="678" r42="289.4273" r43="2152" r44="1"></containerEntry>
          <containerEntry r11="0.69307315" r12="0.57663053" r13="-0.4326049" r14="0" r21="-0.53129953" r22="0.8142031" r23="0.23408183" r24="0" r31="0.48720694" r32="0.067606896" r33="0.8706657" r34="0" r41="764" r42="286.62933" r43="2170.0059" r44="1"></containerEntry>
          <containerEntry r11="0.37061295" r12="-0.24016589" r13="0.8971972" r14="0" r21="-0.030337058" r22="0.96234417" r23="0.27013546" r24="0" r31="-0.92828983" r32="-0.12733361" r33="0.3493713" r34="0" r41="713.1605" r42="296.64746" r43="2116.9585" r44="1"></containerEntry>
          <containerEntry r11="-0.17318556" r12="0.21800444" r13="0.96045774" r14="0" r21="-0.17982414" r22="0.95180273" r23="-0.24846499" r24="0" r31="-0.9683327" r32="-0.21574439" r33="-0.12563592" r34="0" r41="724.78735" r42="295.69006" r43="2152.253" r44="1"></containerEntry>
          <containerEntry r11="-0.2823862" r12="0.36886445" r13="0.8855481" r14="0" r21="0.4976661" r22="0.8455116" r23="-0.19348985" r24="0" r31="-0.8201127" r32="0.38606852" r33="-0.42233217" r34="0" r41="751.9613" r42="293.58685" r43="2137.9907" r44="1"></containerEntry>
          <containerEntry r11="-0.97638595" r12="-0.12980923" r13="0.17265001" r14="0" r21="-0.12811139" r22="0.99153763" r23="0.02098922" r24="0" r31="-0.17391357" r32="-0.0016247956" r33="-0.98475343" r34="0" r41="704" r42="294.62885" r43="2156" r44="1"></containerEntry>
          <containerEntry r11="-0.63315755" r12="-0.10176667" r13="0.7672997" r14="0" r21="0.13672012" r22="0.9610273" r23="0.24027896" r24="0" r31="-0.7618484" r32="0.25704068" r33="-0.594568" r34="0" r41="714" r42="295.04465" r43="2152" r44="1"></containerEntry>
          <containerEntry r11="-0.025434636" r12="-0.15802316" r13="-0.98710454" r14="0" r21="-0.25157702" r22="0.9566598" r23="-0.1466657" r24="0" r31="0.96749973" r32="0.24460275" r33="-0.06408727" r34="0" r41="708" r42="294.75867" r43="2150" r44="1"></containerEntry>
        </property>
        <property name="colors" type="UInt32" container="DynamicArray" arraySize="19">
          <containerEntry>4294967295</containerEntry>
          <containerEntry>4294967295</containerEntry>
          <containerEntry>4294967295</containerEntry>
          <containerEntry>4294967295</containerEntry>
          <containerEntry>4294967295</containerEntry>
          <containerEntry>4294967295</containerEntry>
          <containerEntry>4294967295</containerEntry>
          <containerEntry>4294967295</containerEntry>
          <containerEntry>4294967295</containerEntry>
          <containerEntry>4294967295</containerEntry>
          <containerEntry>4294967295</containerEntry>
          <containerEntry>4294967295</containerEntry>
          <containerEntry>4294967295</containerEntry>
          <containerEntry>4294967295</containerEntry>
          <containerEntry>4294967295</containerEntry>
          <containerEntry>4294967295</containerEntry>
          <containerEntry>4294967295</containerEntry>
          <containerEntry>4294967295</containerEntry>
          <containerEntry>4294967295</containerEntry>
        </property>
      </staticProperties>
      <dynamicProperties></dynamicProperties>
    </entity>
    <entity class="StaticModelArray" classVersion="4" classID="0xD0" addr="0x2F52A10" id="0x0">
      <staticProperties>
        <property name="name" type="String" container="StaticArray" arraySize="1">
          <containerEntry>StaticModelArray0003</containerEntry>
        </property>
        <property name="dataSet" type="EntityHandle" container="StaticArray" arraySize="1">
          <containerEntry>0x2F52EE0</containerEntry>
        </property>
        <property name="modelFile" type="FilePtr" container="StaticArray" arraySize="1">
          <containerEntry>/Assets/tpp/environ/object/afghanistan/cliff/afgh_clff027/scenes/afgh_clff027_vrtn007.fmdl</containerEntry>
        </property>
        <property name="geomFile" type="FilePtr" container="StaticArray" arraySize="1">
          <containerEntry>/Assets/tpp/environ/object/afghanistan/cliff/afgh_clff027/scenes/afgh_clff027_vrtn007.geom</containerEntry>
        </property>
        <property name="isVisibleGeom" type="Bool" container="StaticArray" arraySize="1">
          <containerEntry>false</containerEntry>
        </property>
        <property name="lodFarSize" type="Float" container="StaticArray" arraySize="1">
          <containerEntry>-1</containerEntry>
        </property>
        <property name="lodNearSize" type="Float" container="StaticArray" arraySize="1">
          <containerEntry>-1</containerEntry>
        </property>
        <property name="lodPolygonSize" type="Float" container="StaticArray" arraySize="1">
          <containerEntry>-1</containerEntry>
        </property>
        <property name="drawRejectionLevel" type="Int32" container="StaticArray" arraySize="1">
          <containerEntry>8</containerEntry>
        </property>
        <property name="drawMode" type="Int32" container="StaticArray" arraySize="1">
          <containerEntry>0</containerEntry>
        </property>
        <property name="rejectFarRangeShadowCast" type="Int32" container="StaticArray" arraySize="1">
          <containerEntry>2</containerEntry>
        </property>
        <property name="parentLocator" type="EntityLink" container="StaticArray" arraySize="1">
          <containerEntry packagePathHash="0xB8A0BF169F98" archivePathHash="0xB8A0BF169F98" nameInArchiveHash="0xB8A0BF169F98">0x0</containerEntry>
        </property>
        <property name="transforms" type="Matrix4" container="DynamicArray" arraySize="5">
          <containerEntry r11="0.86602545" r12="0" r13="-0.4999995" r14="0" r21="0" r22="1" r23="0" r24="0" r31="0.4999995" r32="0" r33="0.86602545" r34="0" r41="698.6627" r42="299.20013" r43="2108.1836" r44="1"></containerEntry>
          <containerEntry r11="0.087156355" r12="0" r13="0.9961939" r14="0" r21="0" r22="1" r23="0" r24="0" r31="-0.9961939" r32="0" r33="0.087156355" r34="0" r41="684.0504" r42="296.66946" r43="2102.2139" r44="1"></containerEntry>
          <containerEntry r11="-0.16881746" r12="0.04278458" r13="-0.98471814" r14="0" r21="-0.07168759" r22="0.9958785" r23="0.05555942" r24="0" r31="0.9830367" r32="0.079971485" r33="-0.16505456" r34="0" r41="733.1733" r42="308.36224" r43="2194.1917" r44="1"></containerEntry>
          <containerEntry r11="0.030074028" r12="0.005335003" r13="-0.99953425" r14="0" r21="-0.051720925" r22="0.9986544" r23="0.003774086" r24="0" r31="0.9982095" r32="0.05158329" r33="0.030309498" r34="0" r41="744.0071" r42="295.66617" r43="2156.9924" r44="1"></containerEntry>
          <containerEntry r11="0.5512066" r12="-0.006868206" r13="0.834341" r14="0" r21="-0.071688466" r22="0.9958785" r23="0.05555895" r24="0" r31="-0.83128387" r32="-0.090437055" r33="0.54844236" r34="0" r41="709.66705" r42="314.3748" r43="2188.1128" r44="1"></containerEntry>
        </property>
        <property name="colors" type="UInt32" container="DynamicArray" arraySize="5">
          <containerEntry>4294967295</containerEntry>
          <containerEntry>4294967295</containerEntry>
          <containerEntry>4294967295</containerEntry>
          <containerEntry>4294967295</containerEntry>
          <containerEntry>4294967295</containerEntry>
        </property>
      </staticProperties>
      <dynamicProperties></dynamicProperties>
    </entity>
    <entity class="StaticModelArray" classVersion="4" classID="0xD0" addr="0x2D7D6E0" id="0x0">
      <staticProperties>
        <property name="name" type="String" container="StaticArray" arraySize="1">
          <containerEntry>StaticModelArray0004</containerEntry>
        </property>
        <property name="dataSet" type="EntityHandle" container="StaticArray" arraySize="1">
          <containerEntry>0x2F52EE0</containerEntry>
        </property>
        <property name="modelFile" type="FilePtr" container="StaticArray" arraySize="1">
          <containerEntry>/Assets/tpp/environ/object/afghanistan/rock/afgh_rock010/scenes/afgh_rock010_vrtn001.fmdl</containerEntry>
        </property>
        <property name="geomFile" type="FilePtr" container="StaticArray" arraySize="1">
          <containerEntry>/Assets/tpp/environ/object/afghanistan/rock/afgh_rock010/scenes/afgh_rock010_vrtn001.geom</containerEntry>
        </property>
        <property name="isVisibleGeom" type="Bool" container="StaticArray" arraySize="1">
          <containerEntry>false</containerEntry>
        </property>
        <property name="lodFarSize" type="Float" container="StaticArray" arraySize="1">
          <containerEntry>-1</containerEntry>
        </property>
        <property name="lodNearSize" type="Float" container="StaticArray" arraySize="1">
          <containerEntry>-1</containerEntry>
        </property>
        <property name="lodPolygonSize" type="Float" container="StaticArray" arraySize="1">
          <containerEntry>-1</containerEntry>
        </property>
        <property name="drawRejectionLevel" type="Int32" container="StaticArray" arraySize="1">
          <containerEntry>8</containerEntry>
        </property>
        <property name="drawMode" type="Int32" container="StaticArray" arraySize="1">
          <containerEntry>0</containerEntry>
        </property>
        <property name="rejectFarRangeShadowCast" type="Int32" container="StaticArray" arraySize="1">
          <containerEntry>2</containerEntry>
        </property>
        <property name="parentLocator" type="EntityLink" container="StaticArray" arraySize="1">
          <containerEntry packagePathHash="0xB8A0BF169F98" archivePathHash="0xB8A0BF169F98" nameInArchiveHash="0xB8A0BF169F98">0x0</containerEntry>
        </property>
        <property name="transforms" type="Matrix4" container="DynamicArray" arraySize="7">
          <containerEntry r11="-0.99874383" r12="0.012969049" r13="-0.048402812" r14="0" r21="0.012102073" r22="0.9997618" r23="0.018161971" r24="0" r31="0.04862683" r32="0.017553382" r33="-0.9986629" r34="0" r41="652.5449" r42="284.10165" r43="2064.2397" r44="1"></containerEntry>
          <containerEntry r11="0.8765383" r12="0.4353445" r13="0.2053184" r14="0" r21="-0.43978575" r22="0.89772713" r23="-0.025967225" r24="0" r31="-0.19562458" r32="-0.06753493" r33="0.9783507" r34="0" r41="647.6512" r42="283.54742" r43="2062.962" r44="1"></containerEntry>
          <containerEntry r11="0.09503293" r12="0.95227754" r13="-0.29005837" r14="0" r21="-0.98245025" r22="0.13669668" r23="0.12689891" r24="0" r31="0.16049284" r32="0.27290887" r33="0.9485582" r34="0" r41="641.0649" r42="280.18015" r43="2098.4414" r44="1"></containerEntry>
          <containerEntry r11="-0.06106001" r12="-0.99556035" r13="-0.071611464" r14="0" r21="0.13599235" r22="0.062779754" r23="-0.9887174" r24="0" r31="0.9888249" r32="-0.070111215" r33="0.13155684" r34="0" r41="746.5353" r42="306.7308" r43="2063.9446" r44="1"></containerEntry>
          <containerEntry r11="-0.18780214" r12="-0.11653559" r13="0.97526926" r14="0" r21="-0.14574866" r22="0.98525023" r23="0.089662254" r24="0" r31="-0.9713331" r32="-0.12530541" r33="-0.20201701" r34="0" r41="766" r42="300.62604" r43="2090.4805" r44="1"></containerEntry>
          <containerEntry r11="-0.66848034" r12="-0.03126507" r13="-0.74307346" r14="0" r21="-0.14574835" r22="0.9852503" r23="0.0896626" r24="0" r31="0.72931004" r32="0.16823928" r33="-0.66317725" r34="0" r41="755.7349" r42="300.6257" r43="2090.4805" r44="1"></containerEntry>
          <containerEntry r11="-0.4816133" r12="-0.15682837" r13="0.86223507" r14="0" r21="-0.112161435" r22="0.9867976" r23="0.116834775" r24="0" r31="-0.8691745" r32="-0.040440246" r33="-0.49284494" r34="0" r41="738.89087" r42="302.07532" r43="2087.655" r44="1"></containerEntry>
        </property>
        <property name="colors" type="UInt32" container="DynamicArray" arraySize="7">
          <containerEntry>4294967295</containerEntry>
          <containerEntry>4294967295</containerEntry>
          <containerEntry>4294967295</containerEntry>
          <containerEntry>4294967295</containerEntry>
          <containerEntry>4294967295</containerEntry>
          <containerEntry>4294967295</containerEntry>
          <containerEntry>4294967295</containerEntry>
        </property>
      </staticProperties>
      <dynamicProperties></dynamicProperties>
    </entity>
    <entity class="StaticModelArray" classVersion="4" classID="0xD0" addr="0x2D7D8A0" id="0x0">
      <staticProperties>
        <property name="name" type="String" container="StaticArray" arraySize="1">
          <containerEntry>StaticModelArray0005</containerEntry>
        </property>
        <property name="dataSet" type="EntityHandle" container="StaticArray" arraySize="1">
          <containerEntry>0x2F52EE0</containerEntry>
        </property>
        <property name="modelFile" type="FilePtr" container="StaticArray" arraySize="1">
          <containerEntry>/Assets/tpp/environ/object/afghanistan/cliff/afgh_clff025/scenes/afgh_clff025.fmdl</containerEntry>
        </property>
        <property name="geomFile" type="FilePtr" container="StaticArray" arraySize="1">
          <containerEntry>/Assets/tpp/environ/object/afghanistan/cliff/afgh_clff025/scenes/afgh_clff025.geom</containerEntry>
        </property>
        <property name="isVisibleGeom" type="Bool" container="StaticArray" arraySize="1">
          <containerEntry>false</containerEntry>
        </property>
        <property name="lodFarSize" type="Float" container="StaticArray" arraySize="1">
          <containerEntry>-1</containerEntry>
        </property>
        <property name="lodNearSize" type="Float" container="StaticArray" arraySize="1">
          <containerEntry>-1</containerEntry>
        </property>
        <property name="lodPolygonSize" type="Float" container="StaticArray" arraySize="1">
          <containerEntry>-1</containerEntry>
        </property>
        <property name="drawRejectionLevel" type="Int32" container="StaticArray" arraySize="1">
          <containerEntry>8</containerEntry>
        </property>
        <property name="drawMode" type="Int32" container="StaticArray" arraySize="1">
          <containerEntry>0</containerEntry>
        </property>
        <property name="rejectFarRangeShadowCast" type="Int32" container="StaticArray" arraySize="1">
          <containerEntry>2</containerEntry>
        </property>
        <property name="parentLocator" type="EntityLink" container="StaticArray" arraySize="1">
          <containerEntry packagePathHash="0xB8A0BF169F98" archivePathHash="0xB8A0BF169F98" nameInArchiveHash="0xB8A0BF169F98">0x0</containerEntry>
        </property>
        <property name="transforms" type="Matrix4" container="DynamicArray" arraySize="2">
          <containerEntry r11="0.22332585" r12="0" r13="0.9747441" r14="0" r21="0" r22="1" r23="0" r24="0" r31="-0.9747441" r32="0" r33="0.22332585" r34="0" r41="697.90515" r42="298.7145" r43="2069.6804" r44="1"></containerEntry>
          <containerEntry r11="-0.29804063" r12="0" r13="0.9545526" r14="0" r21="0" r22="1" r23="0" r24="0" r31="-0.9545526" r32="0" r33="-0.29804063" r34="0" r41="699.40326" r42="298.7145" r43="2058.9976" r44="1"></containerEntry>
        </property>
        <property name="colors" type="UInt32" container="DynamicArray" arraySize="2">
          <containerEntry>4294967295</containerEntry>
          <containerEntry>4294967295</containerEntry>
        </property>
      </staticProperties>
      <dynamicProperties></dynamicProperties>
    </entity>
    <entity class="StaticModelArray" classVersion="4" classID="0xD0" addr="0x2D7A810" id="0x0">
      <staticProperties>
        <property name="name" type="String" container="StaticArray" arraySize="1">
          <containerEntry>StaticModelArray0006</containerEntry>
        </property>
        <property name="dataSet" type="EntityHandle" container="StaticArray" arraySize="1">
          <containerEntry>0x2F52EE0</containerEntry>
        </property>
        <property name="modelFile" type="FilePtr" container="StaticArray" arraySize="1">
          <containerEntry>/Assets/tpp/environ/object/afghanistan/rock/afgh_rock001/scenes/afgh_rock001.fmdl</containerEntry>
        </property>
        <property name="geomFile" type="FilePtr" container="StaticArray" arraySize="1">
          <containerEntry>/Assets/tpp/environ/object/afghanistan/rock/afgh_rock001/scenes/afgh_rock001.geom</containerEntry>
        </property>
        <property name="isVisibleGeom" type="Bool" container="StaticArray" arraySize="1">
          <containerEntry>false</containerEntry>
        </property>
        <property name="lodFarSize" type="Float" container="StaticArray" arraySize="1">
          <containerEntry>-1</containerEntry>
        </property>
        <property name="lodNearSize" type="Float" container="StaticArray" arraySize="1">
          <containerEntry>-1</containerEntry>
        </property>
        <property name="lodPolygonSize" type="Float" container="StaticArray" arraySize="1">
          <containerEntry>-1</containerEntry>
        </property>
        <property name="drawRejectionLevel" type="Int32" container="StaticArray" arraySize="1">
          <containerEntry>8</containerEntry>
        </property>
        <property name="drawMode" type="Int32" container="StaticArray" arraySize="1">
          <containerEntry>0</containerEntry>
        </property>
        <property name="rejectFarRangeShadowCast" type="Int32" container="StaticArray" arraySize="1">
          <containerEntry>2</containerEntry>
        </property>
        <property name="parentLocator" type="EntityLink" container="StaticArray" arraySize="1">
          <containerEntry packagePathHash="0xB8A0BF169F98" archivePathHash="0xB8A0BF169F98" nameInArchiveHash="0xB8A0BF169F98">0x0</containerEntry>
        </property>
        <property name="transforms" type="Matrix4" container="DynamicArray" arraySize="14">
          <containerEntry r11="-0.028120877" r12="-0.21173605" r13="0.97691905" r14="0" r21="-0.16027755" r22="0.9656191" r23="0.20467214" r24="0" r31="-0.9866682" r32="-0.15082248" r33="-0.06109059" r34="0" r41="663.689" r42="289.2771" r43="2077.658" r44="1"></containerEntry>
          <containerEntry r11="-0.71428627" r12="-0.19820656" r13="0.67119366" r14="0" r21="-0.00088205934" r22="0.95931107" r23="0.28234953" r24="0" r31="-0.69984716" r32="0.20108753" r33="-0.6853974" r34="0" r41="651.0448" r42="287.12054" r43="2084.8774" r44="1"></containerEntry>
          <containerEntry r11="-0.71428627" r12="-0.19820656" r13="0.67119366" r14="0" r21="-0.00088205934" r22="0.95931107" r23="0.28234953" r24="0" r31="-0.69984716" r32="0.20108753" r33="-0.6853974" r34="0" r41="709.2361" r42="304.1976" r43="2061.5483" r44="1"></containerEntry>
          <containerEntry r11="-0.71428627" r12="-0.19820656" r13="0.67119366" r14="0" r21="-0.00088205934" r22="0.95931107" r23="0.28234953" r24="0" r31="-0.69984716" r32="0.20108753" r33="-0.6853974" r34="0" r41="732.3253" r42="313.10037" r43="2052.2417" r44="1"></containerEntry>
          <containerEntry r11="-0.6964924" r12="-0.087241635" r13="0.7122356" r14="0" r21="-0.028541317" r22="0.9951643" r23="0.09398672" r24="0" r31="-0.716991" r32="0.045133203" r33="-0.6956143" r34="0" r41="664.256" r42="286.75748" r43="2054.6414" r44="1"></containerEntry>
          <containerEntry r11="1" r12="0" r13="0" r14="0" r21="0" r22="1" r23="0" r24="0" r31="0" r32="0" r33="1" r34="0" r41="726.2065" r42="295.91257" r43="2128.167" r44="1"></containerEntry>
          <containerEntry r11="-0.43221378" r12="0" r13="-0.90177083" r14="0" r21="0" r22="1" r23="0" r24="0" r31="0.90177083" r32="0" r33="-0.43221378" r34="0" r41="742" r42="300.45285" r43="2104" r44="1"></containerEntry>
          <containerEntry r11="1" r12="0" r13="0" r14="0" r21="0" r22="1" r23="0" r24="0" r31="0" r32="0" r33="1" r34="0" r41="754.2741" r42="300.60193" r43="2099.9846" r44="1"></containerEntry>
          <containerEntry r11="1" r12="0" r13="0" r14="0" r21="0" r22="1" r23="0" r24="0" r31="0" r32="0" r33="1" r34="0" r41="736.1788" r42="302.99634" r43="2093.6936" r44="1"></containerEntry>
