<fox formatVersion="2" fileVersion="0">
  <entities>
    <entity class="DataSet" classVersion="0" classID="0xE8" addr="0x3385170" id="0x1BFB00">
      <staticProperties>
        <property name="name" type="String" container="StaticArray" arraySize="1">
          <containerEntry hash="0xB8A0BF169F98"></containerEntry>
        </property>
        <property name="dataSet" type="EntityHandle" container="StaticArray" arraySize="1">
          <containerEntry>0x0</containerEntry>
        </property>
        <property name="dataList" type="EntityPtr" container="StringMap" arraySize="15">
          <containerEntry key="mafr_rock011_0001">
            <data>0x3384D10</data>
          </containerEntry>
          <containerEntry key="cm_mafr_dc_grnd004">
            <data>0x3178580</data>
          </containerEntry>
          <containerEntry key="mafr_brrc001_vrtn001_gim_i0000|TppSharedGimmick_mafr_brrc001_vrtn001">
            <data>0x33805C0</data>
          </containerEntry>
          <containerEntry key="mafr_wdbx003_gim_i0000|TppSharedGimmick_mafr_wdbx003">
            <data>0x3389770</data>
          </containerEntry>
          <containerEntry key="mafr_tnwl001_gim_i0000|TppSharedGimmick_mafr_tnwl001">
            <data>0x3389A80</data>
          </containerEntry>
          <containerEntry key="StaticModelArray0000">
            <data>0x317DB40</data>
          </containerEntry>
          <containerEntry key="StaticModelArray0001">
            <data>0x317DBB0</data>
          </containerEntry>
          <containerEntry key="StaticModelArray0002">
            <data>0x317DC20</data>
          </containerEntry>
          <containerEntry key="StaticModelArray0003">
            <data>0x317D210</data>
          </containerEntry>
          <containerEntry key="StaticModelArray0004">
            <data>0x3380400</data>
          </containerEntry>
          <containerEntry key="StaticModelArray0005">
            <data>0x3380160</data>
          </containerEntry>
          <containerEntry key="StaticModelArray0006">
            <data>0x317FE40</data>
          </containerEntry>
          <containerEntry key="GeoxPathPack0000">
            <data>0x317DEC0</data>
          </containerEntry>
          <containerEntry key="DecalArray0000">
            <data>0x317D2F0</data>
          </containerEntry>
          <containerEntry key="TexturePackLoadConditioner0000">
            <data>0x317E4E0</data>
          </containerEntry>
        </property>
      </staticProperties>
      <dynamicProperties></dynamicProperties>
    </entity>
    <entity class="StaticModel" classVersion="9" classID="0x160" addr="0x3384D10" id="0x1BFB17">
      <staticProperties>
        <property name="name" type="String" container="StaticArray" arraySize="1">
          <containerEntry>mafr_rock011_0001</containerEntry>
        </property>
        <property name="dataSet" type="EntityHandle" container="StaticArray" arraySize="1">
          <containerEntry>0x3385170</containerEntry>
        </property>
        <property name="parent" type="EntityHandle" container="StaticArray" arraySize="1">
          <containerEntry>0x0</containerEntry>
        </property>
        <property name="transform" type="EntityPtr" container="StaticArray" arraySize="1">
          <containerEntry>0x3384CA0</containerEntry>
        </property>
        <property name="shearTransform" type="EntityPtr" container="StaticArray" arraySize="1">
          <containerEntry>0x0</containerEntry>
        </property>
        <property name="pivotTransform" type="EntityPtr" container="StaticArray" arraySize="1">
          <containerEntry>0x0</containerEntry>
        </property>
        <property name="children" type="EntityHandle" container="List"></property>
        <property name="flags" type="UInt32" container="StaticArray" arraySize="1">
          <containerEntry>2147483655</containerEntry>
        </property>
        <property name="modelFile" type="FilePtr" container="StaticArray" arraySize="1">
          <containerEntry>/Assets/tpp/environ/object/middle_africa/rock/mafr_rock011/scenes/mafr_rock011.fmdl</containerEntry>
        </property>
        <property name="geomFile" type="FilePtr" container="StaticArray" arraySize="1">
          <containerEntry>/Assets/tpp/environ/object/middle_africa/rock/mafr_rock011/scenes/mafr_rock011.geom</containerEntry>
        </property>
        <property name="isVisibleGeom" type="Bool" container="StaticArray" arraySize="1">
          <containerEntry>false</containerEntry>
        </property>
        <property name="isIsolated" type="Bool" container="StaticArray" arraySize="1">
          <containerEntry>false</containerEntry>
        </property>
        <property name="lodFarSize" type="Float" container="StaticArray" arraySize="1">
          <containerEntry>-1</containerEntry>
        </property>
        <property name="lodNearSize" type="Float" container="StaticArray" arraySize="1">
          <containerEntry>-1</containerEntry>
        </property>
        <property name="lodPolygonSize" type="Float" container="StaticArray" arraySize="1">
          <containerEntry>-1</containerEntry>
        </property>
        <property name="color" type="Color" container="StaticArray" arraySize="1">
          <containerEntry r="1" g="1" b="1" a="1"></containerEntry>
        </property>
        <property name="drawRejectionLevel" type="Int32" container="StaticArray" arraySize="1">
          <containerEntry>8</containerEntry>
        </property>
        <property name="drawMode" type="Int32" container="StaticArray" arraySize="1">
          <containerEntry>0</containerEntry>
        </property>
        <property name="rejectFarRangeShadowCast" type="Int32" container="StaticArray" arraySize="1">
          <containerEntry>2</containerEntry>
        </property>
      </staticProperties>
      <dynamicProperties></dynamicProperties>
    </entity>
    <entity class="TransformEntity" classVersion="0" classID="0x50" addr="0x3384CA0" id="0x1BFB1A">
      <staticProperties>
        <property name="owner" type="EntityHandle" container="StaticArray" arraySize="1">
          <containerEntry>0x3384D10</containerEntry>
        </property>
        <property name="transform_scale" type="Vector3" container="StaticArray" arraySize="1">
          <containerEntry x="1" y="1" z="1" w="0"></containerEntry>
        </property>
        <property name="transform_rotation_quat" type="Quat" container="StaticArray" arraySize="1">
          <containerEntry x="-0.269559" y="-0.627517" z="0.25558" w="-0.684279"></containerEntry>
        </property>
        <property name="transform_translation" type="Vector3" container="StaticArray" arraySize="1">
          <containerEntry x="1241.1111" y="7.193818" z="397.5796" w="0"></containerEntry>
        </property>
      </staticProperties>
      <dynamicProperties></dynamicProperties>
    </entity>
    <entity class="Material" classVersion="6" classID="0xB0" addr="0x3178580" id="0x1BFCA7">
      <staticProperties>
        <property name="name" type="String" container="StaticArray" arraySize="1">
          <containerEntry>cm_mafr_dc_grnd004</containerEntry>
        </property>
        <property name="dataSet" type="EntityHandle" container="StaticArray" arraySize="1">
          <containerEntry>0x3385170</containerEntry>
        </property>
        <property name="materialName" type="String" container="StaticArray" arraySize="1">
          <containerEntry hash="0xB8A0BF169F98"></containerEntry>
        </property>
        <property name="shader" type="Path" container="StaticArray" arraySize="1">
          <containerEntry hash="0xB8A0BF169F98"></containerEntry>
        </property>
        <property name="diffuseTexture" type="Path" container="StaticArray" arraySize="1">
          <containerEntry>/Assets/tpp/common_source/fmtr/decal/middle_africa/cm_mafr_dc_grnd004/sourceimages/cm_mafr_dc_grnd004_bsm_alp.ftex</containerEntry>
        </property>
        <property name="srmTexture" type="Path" container="StaticArray" arraySize="1">
          <containerEntry>/Assets/tpp/common_source/fmtr/decal/middle_africa/cm_mafr_dc_grnd004/sourceimages/cm_mafr_dc_grnd004_srm.ftex</containerEntry>
        </property>
        <property name="normalTexture" type="Path" container="StaticArray" arraySize="1">
          <containerEntry>/Assets/tpp/common_source/fmtr/decal/middle_africa/cm_mafr_dc_grnd004/sourceimages/cm_mafr_dc_grnd004_nrm.ftex</containerEntry>
        </property>
        <property name="materialMapTexture" type="Path" container="StaticArray" arraySize="1">
          <containerEntry hash="0xB8A0BF169F98"></containerEntry>
        </property>
        <property name="materialIndex" type="UInt8" container="StaticArray" arraySize="1">
          <containerEntry>21</containerEntry>
        </property>
        <property name="diffuseColor" type="Color" container="StaticArray" arraySize="1">
          <containerEntry r="1" g="1" b="1" a="1"></containerEntry>
        </property>
        <property name="specularColor" type="Color" container="StaticArray" arraySize="1">
          <containerEntry r="0" g="0" b="0" a="0"></containerEntry>
        </property>
        <property name="fmtrPath" type="Path" container="StaticArray" arraySize="1">
          <containerEntry hash="0xB8A0BF169F98"></containerEntry>
        </property>
        <property name="residentFlag" type="Bool" container="StaticArray" arraySize="1">
          <containerEntry>false</containerEntry>
        </property>
      </staticProperties>
      <dynamicProperties></dynamicProperties>
    </entity>
    <entity class="TppSharedGimmickData" classVersion="1" classID="0xF0" addr="0x33805C0" id="0x630D3">
      <staticProperties>
        <property name="name" type="String" container="StaticArray" arraySize="1">
          <containerEntry>mafr_brrc001_vrtn001_gim_i0000|TppSharedGimmick_mafr_brrc001_vrtn001</containerEntry>
        </property>
        <property name="dataSet" type="EntityHandle" container="StaticArray" arraySize="1">
          <containerEntry>0x3385170</containerEntry>
        </property>
        <property name="modelFile" type="FilePtr" container="StaticArray" arraySize="1">
          <containerEntry>/Assets/tpp/environ/object/middle_africa/barricade/mafr_brrc001/scenes/mafr_brrc001_vrtn011.fmdl</containerEntry>
        </property>
        <property name="geomFile" type="FilePtr" container="StaticArray" arraySize="1">
          <containerEntry>/Assets/tpp/environ/object/middle_africa/barricade/mafr_brrc001/scenes/mafr_brrc001_vrtn011.geom</containerEntry>
        </property>
        <property name="breakedModelFile" type="FilePtr" container="StaticArray" arraySize="1">
          <containerEntry hash="0xB8A0BF169F98"></containerEntry>
        </property>
        <property name="breakedGeomFile" type="FilePtr" container="StaticArray" arraySize="1">
          <containerEntry hash="0xB8A0BF169F98"></containerEntry>
        </property>
        <property name="partsFile" type="FilePtr" container="StaticArray" arraySize="1">
          <containerEntry>/Assets/tpp/parts/environ/object/middle_africa/barricade/mafr_brrc001/mafr_brrc001_vrtn010.parts</containerEntry>
        </property>
        <property name="numDynamicGimmick" type="UInt32" container="StaticArray" arraySize="1">
          <containerEntry>3</containerEntry>
        </property>
        <property name="locaterFile" type="FilePtr" container="StaticArray" arraySize="1">
          <containerEntry>/Assets/tpp/level/location/mafr/block_small/142/142_136/lba/mafr_brrc001_vrtn010.lba</containerEntry>
        </property>
        <property name="flags1" type="UInt32" container="StaticArray" arraySize="1">
          <containerEntry>258</containerEntry>
        </property>
        <property name="flags2" type="UInt32" container="StaticArray" arraySize="1">
          <containerEntry>0</containerEntry>
        </property>
      </staticProperties>
      <dynamicProperties></dynamicProperties>
    </entity>
    <entity class="TppSharedGimmickData" classVersion="1" classID="0xF0" addr="0x3389770" id="0x190D43">
      <staticProperties>
        <property name="name" type="String" container="StaticArray" arraySize="1">
          <containerEntry>mafr_wdbx003_gim_i0000|TppSharedGimmick_mafr_wdbx003</containerEntry>
        </property>
        <property name="dataSet" type="EntityHandle" container="StaticArray" arraySize="1">
          <containerEntry>0x3385170</containerEntry>
        </property>
        <property name="modelFile" type="FilePtr" container="StaticArray" arraySize="1">
          <containerEntry>/Assets/tpp/environ/object/middle_africa/wood_box/mafr_wdbx003/scenes/mafr_wdbx003.fmdl</containerEntry>
        </property>
        <property name="geomFile" type="FilePtr" container="StaticArray" arraySize="1">
          <containerEntry>/Assets/tpp/environ/object/middle_africa/wood_box/mafr_wdbx003/scenes/mafr_wdbx003.geom</containerEntry>
        </property>
        <property name="breakedModelFile" type="FilePtr" container="StaticArray" arraySize="1">
          <containerEntry>/Assets/tpp/environ/object/middle_africa/desk/mafr_desk001/scenes/mafr_desk001_rbbl001.fmdl</containerEntry>
        </property>
        <property name="breakedGeomFile" type="FilePtr" container="StaticArray" arraySize="1">
          <containerEntry>/Assets/tpp/environ/object/middle_africa/desk/mafr_desk001/scenes/mafr_desk001_rbbl001.geom</containerEntry>
        </property>
        <property name="partsFile" type="FilePtr" container="StaticArray" arraySize="1">
          <containerEntry>/Assets/tpp/parts/environ/object/middle_africa/wood_box/mafr_wdbx003/mafr_wdbx003.parts</containerEntry>
        </property>
        <property name="numDynamicGimmick" type="UInt32" container="StaticArray" arraySize="1">
          <containerEntry>8</containerEntry>
        </property>
        <property name="locaterFile" type="FilePtr" container="StaticArray" arraySize="1">
          <containerEntry>/Assets/tpp/level/location/mafr/block_small/142/142_136/lba/mafr_wdbx003.lba</containerEntry>
        </property>
        <property name="flags1" type="UInt32" container="StaticArray" arraySize="1">
          <containerEntry>2147746048</containerEntry>
        </property>
        <property name="flags2" type="UInt32" container="StaticArray" arraySize="1">
          <containerEntry>65536</containerEntry>
        </property>
      </staticProperties>
      <dynamicProperties></dynamicProperties>
    </entity>
    <entity class="TppSharedGimmickData" classVersion="1" classID="0xF0" addr="0x3389A80" id="0x5DA22">
      <staticProperties>
        <property name="name" type="String" container="StaticArray" arraySize="1">
          <containerEntry>mafr_tnwl001_gim_i0000|TppSharedGimmick_mafr_tnwl001</containerEntry>
        </property>
        <property name="dataSet" type="EntityHandle" container="StaticArray" arraySize="1">
          <containerEntry>0x3385170</containerEntry>
        </property>
        <property name="modelFile" type="FilePtr" container="StaticArray" arraySize="1">
          <containerEntry>/Assets/tpp/environ/object/middle_africa/tin_wall/mafr_tnwl001/scenes/mafr_tnwl001.fmdl</containerEntry>
        </property>
        <property name="geomFile" type="FilePtr" container="StaticArray" arraySize="1">
          <containerEntry>/Assets/tpp/environ/object/middle_africa/tin_wall/mafr_tnwl001/scenes/mafr_tnwl001.geom</containerEntry>
        </property>
        <property name="breakedModelFile" type="FilePtr" container="StaticArray" arraySize="1">
          <containerEntry hash="0xB8A0BF169F98"></containerEntry>
        </property>
        <property name="breakedGeomFile" type="FilePtr" container="StaticArray" arraySize="1">
          <containerEntry hash="0xB8A0BF169F98"></containerEntry>
        </property>
        <property name="partsFile" type="FilePtr" container="StaticArray" arraySize="1">
          <containerEntry>/Assets/tpp/parts/environ/object/middle_africa/tin_wall/mafr_tnwl001/mafr_tnwl001.parts</containerEntry>
        </property>
        <property name="numDynamicGimmick" type="UInt32" container="StaticArray" arraySize="1">
          <containerEntry>2</containerEntry>
        </property>
        <property name="locaterFile" type="FilePtr" container="StaticArray" arraySize="1">
          <containerEntry>/Assets/tpp/level/location/mafr/block_small/142/142_136/lba/mafr_tnwl001.lba</containerEntry>
        </property>
        <property name="flags1" type="UInt32" container="StaticArray" arraySize="1">
          <containerEntry>16777486</containerEntry>
        </property>
        <property name="flags2" type="UInt32" container="StaticArray" arraySize="1">
          <containerEntry>0</containerEntry>
        </property>
      </staticProperties>
      <dynamicProperties></dynamicProperties>
    </entity>
    <entity class="StaticModelArray" classVersion="4" classID="0xD0" addr="0x317DB40" id="0x0">
      <staticProperties>
        <property name="name" type="String" container="StaticArray" arraySize="1">
          <containerEntry>StaticModelArray0000</containerEntry>
        </property>
        <property name="dataSet" type="EntityHandle" container="StaticArray" arraySize="1">
          <containerEntry>0x3385170</containerEntry>
        </property>
        <property name="modelFile" type="FilePtr" container="StaticArray" arraySize="1">
          <containerEntry>/Assets/tpp/environ/object/middle_africa/clod/mafr_clod005/scenes/mafr_clod005.fmdl</containerEntry>
        </property>
        <property name="geomFile" type="FilePtr" container="StaticArray" arraySize="1">
          <containerEntry>/Assets/tpp/environ/object/middle_africa/clod/mafr_clod005/scenes/mafr_clod005.geom</containerEntry>
        </property>
        <property name="isVisibleGeom" type="Bool" container="StaticArray" arraySize="1">
          <containerEntry>false</containerEntry>
        </property>
        <property name="lodFarSize" type="Float" container="StaticArray" arraySize="1">
          <containerEntry>-1</containerEntry>
        </property>
        <property name="lodNearSize" type="Float" container="StaticArray" arraySize="1">
          <containerEntry>-1</containerEntry>
        </property>
        <property name="lodPolygonSize" type="Float" container="StaticArray" arraySize="1">
          <containerEntry>-1</containerEntry>
        </property>
        <property name="drawRejectionLevel" type="Int32" container="StaticArray" arraySize="1">
          <containerEntry>8</containerEntry>
        </property>
        <property name="drawMode" type="Int32" container="StaticArray" arraySize="1">
          <containerEntry>0</containerEntry>
        </property>
        <property name="rejectFarRangeShadowCast" type="Int32" container="StaticArray" arraySize="1">
          <containerEntry>2</containerEntry>
        </property>
        <property name="parentLocator" type="EntityLink" container="StaticArray" arraySize="1">
          <containerEntry packagePathHash="0xB8A0BF169F98" archivePathHash="0xB8A0BF169F98" nameInArchiveHash="0xB8A0BF169F98">0x0</containerEntry>
        </property>
        <property name="transforms" type="Matrix4" container="DynamicArray" arraySize="2">
          <containerEntry r11="0.98772514" r12="0.048611462" r13="-0.14844489" r14="0" r21="-0.05019448" r22="0.9987154" r23="-0.006934111" r24="0" r31="0.14791712" r32="0.0143001145" r33="0.98889637" r34="0" r41="1210.0762" r42="-0.424479" r43="483.3018" r44="1"></containerEntry>
          <containerEntry r11="-0.83165306" r12="-0.056866456" r13="0.5523729" r14="0" r21="-0.055089545" r22="0.9982845" r23="0.019829724" r24="0" r31="-0.5525529" r32="-0.013938513" r33="-0.8333591" r34="0" r41="1171.5787" r42="-1.827178" r43="481.60602" r44="1"></containerEntry>
        </property>
        <property name="colors" type="UInt32" container="DynamicArray" arraySize="2">
          <containerEntry>4294967295</containerEntry>
          <containerEntry>4294967295</containerEntry>
        </property>
      </staticProperties>
      <dynamicProperties></dynamicProperties>
    </entity>
    <entity class="StaticModelArray" classVersion="4" classID="0xD0" addr="0x317DBB0" id="0x0">
      <staticProperties>
        <property name="name" type="String" container="StaticArray" arraySize="1">
          <containerEntry>StaticModelArray0001</containerEntry>
        </property>
        <property name="dataSet" type="EntityHandle" container="StaticArray" arraySize="1">
          <containerEntry>0x3385170</containerEntry>
        </property>
        <property name="modelFile" type="FilePtr" container="StaticArray" arraySize="1">
          <containerEntry>/Assets/tpp/environ/object/middle_africa/cliff/mafr_clff003/scenes/mafr_clff003_vrtn001.fmdl</containerEntry>
        </property>
        <property name="geomFile" type="FilePtr" container="StaticArray" arraySize="1">
          <containerEntry>/Assets/tpp/environ/object/middle_africa/cliff/mafr_clff003/scenes/mafr_clff003_vrtn001.geom</containerEntry>
        </property>
        <property name="isVisibleGeom" type="Bool" container="StaticArray" arraySize="1">
          <containerEntry>false</containerEntry>
        </property>
        <property name="lodFarSize" type="Float" container="StaticArray" arraySize="1">
          <containerEntry>-1</containerEntry>
        </property>
        <property name="lodNearSize" type="Float" container="StaticArray" arraySize="1">
          <containerEntry>-1</containerEntry>
        </property>
        <property name="lodPolygonSize" type="Float" container="StaticArray" arraySize="1">
          <containerEntry>-1</containerEntry>
        </property>
        <property name="drawRejectionLevel" type="Int32" container="StaticArray" arraySize="1">
          <containerEntry>8</containerEntry>
        </property>
        <property name="drawMode" type="Int32" container="StaticArray" arraySize="1">
          <containerEntry>0</containerEntry>
        </property>
        <property name="rejectFarRangeShadowCast" type="Int32" container="StaticArray" arraySize="1">
          <containerEntry>2</containerEntry>
        </property>
        <property name="parentLocator" type="EntityLink" container="StaticArray" arraySize="1">
          <containerEntry packagePathHash="0xB8A0BF169F98" archivePathHash="0xB8A0BF169F98" nameInArchiveHash="0xB8A0BF169F98">0x0</containerEntry>
        </property>
        <property name="transforms" type="Matrix4" container="DynamicArray" arraySize="14">
          <containerEntry r11="0.2804147" r12="-0.0824655" r13="0.9563296" r14="0" r21="0.28096247" r22="0.95971864" r23="0.00037412345" r24="0" r31="-0.9178382" r32="0.26858795" r33="0.29228896" r34="0" r41="1200.8779" r42="2.322932" r43="389.16766" r44="1"></containerEntry>
          <containerEntry r11="0.509194" r12="-0.10046469" r13="0.8547668" r14="0" r21="0.53254426" r22="0.8169813" r23="-0.22121786" r24="0" r31="-0.67610353" r32="0.5678447" r33="0.46950424" r34="0" r41="1224.3171" r42="0.687835" r43="431.0233" r44="1"></containerEntry>
          <containerEntry r11="0.6132672" r12="-0.04312986" r13="0.78869605" r14="0" r21="0.41310835" r22="0.8685719" r23="-0.27372208" r24="0" r31="-0.6732334" r32="0.49368218" r33="0.55048406" r34="0" r41="1209.2474" r42="0.43275" r43="417.19516" r44="1"></containerEntry>
          <containerEntry r11="-0.3919323" r12="-0.025342315" r13="-0.9196441" r14="0" r21="-0.7889856" r22="0.5233822" r23="0.32182634" r24="0" r31="0.47316933" r32="0.8517208" r33="-0.22512472" r34="0" r41="1207.6805" r42="1.849437" r43="404.94586" r44="1"></containerEntry>
          <containerEntry r11="-0.3153124" r12="-0.04922226" r13="-0.94771004" r14="0" r21="-0.8327035" r22="0.49334556" r23="0.25142545" r24="0" r31="0.45517266" r32="0.8684394" r33="-0.1965453" r34="0" r41="1196.5288" r42="0.29952" r43="393.94095" r44="1"></containerEntry>
          <containerEntry r11="-0.3153124" r12="-0.04922226" r13="-0.94771004" r14="0" r21="-0.8327035" r22="0.49334556" r23="0.25142545" r24="0" r31="0.45517266" r32="0.8684394" r33="-0.1965453" r34="0" r41="1202.235" r42="1.585138" r43="397.13776" r44="1"></containerEntry>
          <containerEntry r11="0.43502682" r12="-0.09547743" r13="0.895341" r14="0" r21="0.4535072" r22="0.88226295" r23="-0.12626642" r24="0" r31="-0.7778706" r32="0.46097296" r33="0.42710775" r34="0" r41="1200.9031" r42="0.090466" r43="405.60907" r44="1"></containerEntry>
          <containerEntry r11="1" r12="0" r13="0" r14="0" r21="0" r22="1" r23="0" r24="0" r31="0" r32="0" r33="1" r34="0" r41="1241.1156" r42="2.014468" r43="432.78903" r44="1"></containerEntry>
          <containerEntry r11="-0.7453105" r12="-0.21641465" r13="-0.6306149" r14="0" r21="-0.650116" r22="0.4456539" r23="0.61541957" r24="0" r31="0.14784992" r32="0.8686523" r33="-0.47284472" r34="0" r41="1197.2112" r42="1.346522" r43="387.45142" r44="1"></containerEntry>
          <containerEntry r11="-0.9958861" r12="-0.055812683" r13="-0.071359605" r14="0" r21="-0.08346836" r22="0.25907928" r23="0.96224195" r24="0" r31="-0.03521761" r32="0.96424145" r33="-0.2626707" r34="0" r41="1251.7942" r42="2.888102" r43="432.39706" r44="1"></containerEntry>
          <containerEntry r11="0.83261466" r12="-0.021980867" r13="0.5534158" r14="0" r21="0.38341278" r22="0.7439501" r23="-0.547295" r24="0" r31="-0.3996834" r32="0.66787267" r33="0.62785167" r34="0" r41="1219.2031" r42="1.581002" r43="425.21823" r44="1"></containerEntry>
          <containerEntry r11="-0.9210818" r12="-0.13160333" r13="-0.3664453" r14="0" r21="-0.3893197" r22="0.32491654" r23="0.86189157" r24="0" r31="0.0056356937" r32="0.9365402" r33="-0.35050827" r34="0" r41="1231.3304" r42="2.846554" r43="429.53595" r44="1"></containerEntry>
          <containerEntry r11="-0.07800163" r12="-0.27732077" r13="0.9576044" r14="0" r21="0.6356617" r22="0.72612435" r23="0.2620628" r24="0" r31="-0.76801515" r32="0.6291549" r33="0.11964387" r34="0" r41="1250.4503" r42="-2.305219" r43="480.29025" r44="1"></containerEntry>
          <containerEntry r11="-0.6790879" r12="-0.098291114" r13="0.7274423" r14="0" r21="0.5925384" r22="0.5115416" r23="0.6222714" r24="0" r31="-0.43328017" r32="0.8536172" r33="-0.2891388" r34="0" r41="1203.1572" r42="-7.72987" r43="504.58508" r44="1"></containerEntry>
        </property>
        <property name="colors" type="UInt32" container="DynamicArray" arraySize="14">
          <containerEntry>4294967295</containerEntry>
          <containerEntry>4294967295</containerEntry>
          <containerEntry>4294967295</containerEntry>
          <containerEntry>4294967295</containerEntry>
          <containerEntry>4294967295</containerEntry>
          <containerEntry>4294967295</containerEntry>
          <containerEntry>4294967295</containerEntry>
          <containerEntry>4294967295</containerEntry>
          <containerEntry>4294967295</containerEntry>
          <containerEntry>4294967295</containerEntry>
          <containerEntry>4294967295</containerEntry>
          <containerEntry>4294967295</containerEntry>
          <containerEntry>4294967295</containerEntry>
          <containerEntry>4294967295</containerEntry>
        </property>
      </staticProperties>
      <dynamicProperties></dynamicProperties>
    </entity>
    <entity class="StaticModelArray" classVersion="4" classID="0xD0" addr="0x317DC20" id="0x0">
      <staticProperties>
        <property name="name" type="String" container="StaticArray" arraySize="1">
          <containerEntry>StaticModelArray0002</containerEntry>
        </property>
        <property name="dataSet" type="EntityHandle" container="StaticArray" arraySize="1">
          <containerEntry>0x3385170</containerEntry>
        </property>
        <property name="modelFile" type="FilePtr" container="StaticArray" arraySize="1">
          <containerEntry>/Assets/tpp/environ/object/middle_africa/rock/mafr_rock002/scenes/mafr_rock002.fmdl</containerEntry>
        </property>
        <property name="geomFile" type="FilePtr" container="StaticArray" arraySize="1">
          <containerEntry>/Assets/tpp/environ/object/middle_africa/rock/mafr_rock002/scenes/mafr_rock002.geom</containerEntry>
        </property>
        <property name="isVisibleGeom" type="Bool" container="StaticArray" arraySize="1">
          <containerEntry>false</containerEntry>
        </property>
        <property name="lodFarSize" type="Float" container="StaticArray" arraySize="1">
          <containerEntry>-1</containerEntry>
        </property>
        <property name="lodNearSize" type="Float" container="StaticArray" arraySize="1">
          <containerEntry>-1</containerEntry>
        </property>
        <property name="lodPolygonSize" type="Float" container="StaticArray" arraySize="1">
          <containerEntry>-1</containerEntry>
        </property>
        <property name="drawRejectionLevel" type="Int32" container="StaticArray" arraySize="1">
          <containerEntry>8</containerEntry>
        </property>
        <property name="drawMode" type="Int32" container="StaticArray" arraySize="1">
          <containerEntry>0</containerEntry>
        </property>
        <property name="rejectFarRangeShadowCast" type="Int32" container="StaticArray" arraySize="1">
          <containerEntry>2</containerEntry>
        </property>
        <property name="parentLocator" type="EntityLink" container="StaticArray" arraySize="1">
          <containerEntry packagePathHash="0xB8A0BF169F98" archivePathHash="0xB8A0BF169F98" nameInArchiveHash="0xB8A0BF169F98">0x0</containerEntry>
        </property>
        <property name="transforms" type="Matrix4" container="DynamicArray" arraySize="20">
          <containerEntry r11="1" r12="0" r13="0" r14="0" r21="0" r22="1" r23="0" r24="0" r31="0" r32="0" r33="1" r34="0" r41="1224.2767" r42="4.785523" r43="460.888" r44="1"></containerEntry>
          <containerEntry r11="-0.10390395" r12="0" r13="-0.86377203" r14="0" r21="0" r22="0.87" r23="0" r24="0" r31="0.86377203" r32="0" r33="-0.10390395" r34="0" r41="1210.2179" r42="4.362513" r43="447.0729" r44="1"></containerEntry>
          <containerEntry r11="-0.85952693" r12="0" r13="0.13456847" r14="0" r21="0" r22="0.87" r23="0" r24="0" r31="-0.13456847" r32="0" r33="-0.85952693" r34="0" r41="1214.3629" r42="3.94398" r43="446.6523" r44="1"></containerEntry>
          <containerEntry r11="0.3126617" r12="0" r13="-0.94986516" r14="0" r21="0" r22="1" r23="0" r24="0" r31="0.94986516" r32="0" r33="0.3126617" r34="0" r41="1256.7941" r42="2.881052" r43="472.47073" r44="1"></containerEntry>
          <containerEntry r11="0.2545341" r12="0.07240664" r13="-0.9643494" r14="0" r21="-1.1622906e-06" r22="0.99719316" r23="0.07487236" r24="0" r31="0.9670638" r32="-0.019056447" r33="0.25381976" r34="0" r41="1188.6401" r42="2.360015" r43="482.61172" r44="1"></containerEntry>
          <containerEntry r11="0.9881783" r12="0" r13="0.153309" r14="0" r21="0" r22="1" r23="0" r24="0" r31="-0.153309" r32="0" r33="0.9881783" r34="0" r41="1211.3079" r42="2.925274" r43="480.808" r44="1"></containerEntry>
          <containerEntry r11="0.46355498" r12="0" r13="-0.88606924" r14="0" r21="0" r22="1" r23="0" r24="0" r31="0.88606924" r32="0" r33="0.46355498" r34="0" r41="1206.7935" r42="3.161746" r43="473.63928" r44="1"></containerEntry>
          <containerEntry r11="0.6079812" r12="0.13524018" r13="-0.7823494" r14="0" r21="-0.026389748" r22="0.98828346" r23="0.15033104" r24="0" r31="0.7935137" r32="-0.070752606" r33="0.6044267" r34="0" r41="1194.7462" r42="-1.792341" r43="502.69595" r44="1"></containerEntry>
          <containerEntry r11="1" r12="0" r13="0" r14="0" r21="0" r22="1" r23="0" r24="0" r31="0" r32="0" r33="1" r34="0" r41="1229.7456" r42="-3.757753" r43="504.06677" r44="1"></containerEntry>
          <containerEntry r11="0.17388886" r12="0" r13="-0.9847653" r14="0" r21="0" r22="1" r23="0" r24="0" r31="0.9847653" r32="0" r33="0.17388886" r34="0" r41="1243.9841" r42="-2.097716" r43="527.8553" r44="1"></containerEntry>
          <containerEntry r11="0.35540843" r12="0" r13="-0.93471235" r14="0" r21="0" r22="1" r23="0" r24="0" r31="0.93471235" r32="0" r33="0.35540843" r34="0" r41="1159.6211" r42="1.146392" r43="419.6585" r44="1"></containerEntry>
          <containerEntry r11="0.01058995" r12="0.10641645" r13="0.994266" r14="0" r21="0.056034237" r22="0.99269545" r23="-0.1068453" r24="0" r31="-0.99837345" r32="0.056844465" r33="0.0045496225" r34="0" r41="1159.3473" r42="2.234158" r43="430.2122" r44="1"></containerEntry>
          <containerEntry r11="0.7542349" r12="0.05567601" r13="0.6542426" r14="0" r21="0.042709466" r22="0.9901285" r23="-0.13349672" r24="0" r31="-0.65521675" r32="0.12863022" r33="0.7444115" r34="0" r41="1171.0964" r42="3.467591" r43="451.39236" r44="1"></containerEntry>
          <containerEntry r11="0.5486323" r12="0.11309015" r13="-0.82838285" r14="0" r21="-0.11935997" r22="0.9912549" r23="0.056274027" r24="0" r31="0.8275026" r32="0.068002135" r33="0.557333" r34="0" r41="1166.9553" r42="1.18768" r43="491.62054" r44="1"></containerEntry>
          <containerEntry r11="0.97793406" r12="0.11816688" r13="-0.17230059" r14="0" r21="-0.14747934" r22="0.9745765" r23="-0.1686728" r24="0" r31="0.1479886" r32="0.19036165" r33="0.97049874" r34="0" r41="1159.7415" r42="0.125845" r43="494.94144" r44="1"></containerEntry>
          <containerEntry r11="0.7644626" r12="0.1374665" r13="-0.6298414" r14="0" r21="-0.24471454" r22="0.9657525" r23="-0.08623844" r24="0" r31="0.59641594" r32="0.22005734" r33="0.77192163" r34="0" r41="1236.9451" r42="-2.289279" r43="499.90247" r44="1"></containerEntry>
          <containerEntry r11="0.6431723" r12="0" r13="0.5858574" r14="0" r21="0" r22="0.87" r23="0" r24="0" r31="-0.5858574" r32="0" r33="0.6431723" r34="0" r41="1228.0519" r42="9.567737" r43="410.49478" r44="1"></containerEntry>
          <containerEntry r11="0.0036622963" r12="7.648757e-07" r13="-0.8699904" r14="0" r21="-0.14890525" r22="0.85716206" r23="-0.0006259348" r24="0" r31="0.85715264" r32="0.1489064" r33="0.0036083984" r34="0" r41="1231.8698" r42="9.236631" r43="412.53705" r44="1"></containerEntry>
          <containerEntry r11="0.6417196" r12="0.021710264" r13="0.5870468" r14="0" r21="0.03560266" r22="0.8663702" r23="-0.0709585" r24="0" r31="-0.5863682" r32="0.076363094" r33="0.6381538" r34="0" r41="1260.9904" r42="5.694054" r43="438.2611" r44="1"></containerEntry>
          <containerEntry r11="0.3627955" r12="0.025320936" r13="0.7903393" r14="0" r21="0.10224471" r22="0.8607521" r23="-0.07451096" r24="0" r31="-0.78410673" r32="0.12395433" r33="0.35596332" r34="0" r41="1265.011" r42="5.207264" r43="443.4787" r44="1"></containerEntry>
        </property>
        <property name="colors" type="UInt32" container="DynamicArray" arraySize="20">
          <containerEntry>4294967295</containerEntry>
          <containerEntry>4294967295</containerEntry>
          <containerEntry>4294967295</containerEntry>
          <containerEntry>4294967295</containerEntry>
          <containerEntry>4294967295</containerEntry>
          <containerEntry>4294967295</containerEntry>
          <containerEntry>4294967295</containerEntry>
          <containerEntry>4294967295</containerEntry>
          <containerEntry>4294967295</containerEntry>
          <containerEntry>4294967295</containerEntry>
          <containerEntry>4294967295</containerEntry>
          <containerEntry>4294967295</containerEntry>
          <containerEntry>4294967295</containerEntry>
          <containerEntry>4294967295</containerEntry>
          <containerEntry>4294967295</containerEntry>
          <containerEntry>4294967295</containerEntry>
          <containerEntry>4294967295</containerEntry>
          <containerEntry>4294967295</containerEntry>
          <containerEntry>4294967295</containerEntry>
          <containerEntry>4294967295</containerEntry>
        </property>
      </staticProperties>
      <dynamicProperties></dynamicProperties>
    </entity>
    <entity class="StaticModelArray" classVersion="4" classID="0xD0" addr="0x317D210" id="0x0">
      <staticProperties>
        <property name="name" type="String" container="StaticArray" arraySize="1">
          <containerEntry>StaticModelArray0003</containerEntry>
        </property>
        <property name="dataSet" type="EntityHandle" container="StaticArray" arraySize="1">
          <containerEntry>0x3385170</containerEntry>
        </property>
        <property name="modelFile" type="FilePtr" container="StaticArray" arraySize="1">
          <containerEntry hash="0xB8A0BF169F98"></containerEntry>
        </property>
        <property name="geomFile" type="FilePtr" container="StaticArray" arraySize="1">
          <containerEntry>/Assets/tpp/environ/object/middle_africa/barricade/mafr_brrc001/scenes/mafr_brrc001_vrtn011_pc.geom</containerEntry>
        </property>
        <property name="isVisibleGeom" type="Bool" container="StaticArray" arraySize="1">
          <containerEntry>false</containerEntry>
        </property>
        <property name="lodFarSize" type="Float" container="StaticArray" arraySize="1">
          <containerEntry>-1</containerEntry>
        </property>
        <property name="lodNearSize" type="Float" container="StaticArray" arraySize="1">
          <containerEntry>-1</containerEntry>
        </property>
        <property name="lodPolygonSize" type="Float" container="StaticArray" arraySize="1">
          <containerEntry>-1</containerEntry>
        </property>
        <property name="drawRejectionLevel" type="Int32" container="StaticArray" arraySize="1">
          <containerEntry>8</containerEntry>
        </property>
        <property name="drawMode" type="Int32" container="StaticArray" arraySize="1">
          <containerEntry>0</containerEntry>
        </property>
        <property name="rejectFarRangeShadowCast" type="Int32" container="StaticArray" arraySize="1">
          <containerEntry>2</containerEntry>
        </property>
        <property name="parentLocator" type="EntityLink" container="StaticArray" arraySize="1">
          <containerEntry packagePathHash="0xB8A0BF169F98" archivePathHash="0xB8A0BF169F98" nameInArchiveHash="0xB8A0BF169F98">0x0</containerEntry>
        </property>
        <property name="transforms" type="Matrix4" container="DynamicArray" arraySize="3">
          <containerEntry r11="0.7969619" r12="0.016197339" r13="0.6038124" r14="0" r21="-0.0129101295" r22="0.9998688" r23="-0.009781735" r24="0" r31="-0.6038917" r32="3.7718564e-07" r33="0.79706657" r34="0" r41="1214.9883" r42="-4.852275" r43="533.74945" r44="1"></containerEntry>
          <containerEntry r11="0.60069454" r12="0.035115764" r13="0.79870707" r14="0" r21="-0.0030160435" r22="0.9991273" r23="-0.04165908" r24="0" r31="-0.799473" r32="0.022615453" r33="0.60027635" r34="0" r41="1223.3925" r42="-4.69013" r43="514.8053" r44="1"></containerEntry>
          <containerEntry r11="0.7733782" r12="0.024281677" r13="0.6334798" r14="0" r21="-0.04860301" r22="0.99859613" r23="0.021059748" r24="0" r31="-0.63207906" r32="-0.04707617" r33="0.77347267" r34="0" r41="1217.5887" r42="-4.739841" r43="535.7833" r44="1"></containerEntry>
        </property>
        <property name="colors" type="UInt32" container="DynamicArray" arraySize="3">
          <containerEntry>4294967295</containerEntry>
          <containerEntry>4294967295</containerEntry>
          <containerEntry>4294967295</containerEntry>
        </property>
      </staticProperties>
      <dynamicProperties></dynamicProperties>
    </entity>
    <entity class="StaticModelArray" classVersion="4" classID="0xD0" addr="0x3380400" id="0x0">
      <staticProperties>
        <property name="name" type="String" container="StaticArray" arraySize="1">
          <containerEntry>StaticModelArray0004</containerEntry>
        </property>
        <property name="dataSet" type="EntityHandle" container="StaticArray" arraySize="1">
          <containerEntry>0x3385170</containerEntry>
        </property>
