<fox formatVersion="2" fileVersion="0">
  <entities>
    <entity class="DataSet" classVersion="0" classID="0xE8" addr="0x2F5B3E0" id="0x2657622">
      <staticProperties>
        <property name="name" type="String" container="StaticArray" arraySize="1">
          <containerEntry hash="0xB8A0BF169F98"></containerEntry>
        </property>
        <property name="dataSet" type="EntityHandle" container="StaticArray" arraySize="1">
          <containerEntry>0x0</containerEntry>
        </property>
        <property name="dataList" type="EntityPtr" container="StringMap" arraySize="9">
          <containerEntry key="afgh_grnd003_0004">
            <data>0x2F5B370</data>
          </containerEntry>
          <containerEntry key="GeoTriggerTrap0000">
            <data>0x2D7B8B0</data>
          </containerEntry>
          <containerEntry key="afgh_tree012_vrtn001_br_gim_i0000|TppSharedGimmick_afgh_tree012_vrtn001_br">
            <data>0x2E80710</data>
          </containerEntry>
          <containerEntry key="StaticModelArray0000">
            <data>0x2E85250</data>
          </containerEntry>
          <containerEntry key="StaticModelArray0001">
            <data>0x2D76D00</data>
          </containerEntry>
          <containerEntry key="StaticModelArray0002">
            <data>0x2E84DF0</data>
          </containerEntry>
          <containerEntry key="StaticModelArray0003">
            <data>0x2E84E60</data>
          </containerEntry>
          <containerEntry key="GeoxPathPack0000">
            <data>0x2E85100</data>
          </containerEntry>
          <containerEntry key="TexturePackLoadConditioner0000">
            <data>0x2E85C60</data>
          </containerEntry>
        </property>
      </staticProperties>
      <dynamicProperties></dynamicProperties>
    </entity>
    <entity class="StaticModel" classVersion="9" classID="0x160" addr="0x2F5B370" id="0x2657624">
      <staticProperties>
        <property name="name" type="String" container="StaticArray" arraySize="1">
          <containerEntry>afgh_grnd003_0004</containerEntry>
        </property>
        <property name="dataSet" type="EntityHandle" container="StaticArray" arraySize="1">
          <containerEntry>0x2F5B3E0</containerEntry>
        </property>
        <property name="parent" type="EntityHandle" container="StaticArray" arraySize="1">
          <containerEntry>0x0</containerEntry>
        </property>
        <property name="transform" type="EntityPtr" container="StaticArray" arraySize="1">
          <containerEntry>0x2F5B300</containerEntry>
        </property>
        <property name="shearTransform" type="EntityPtr" container="StaticArray" arraySize="1">
          <containerEntry>0x0</containerEntry>
        </property>
        <property name="pivotTransform" type="EntityPtr" container="StaticArray" arraySize="1">
          <containerEntry>0x0</containerEntry>
        </property>
        <property name="children" type="EntityHandle" container="List"></property>
        <property name="flags" type="UInt32" container="StaticArray" arraySize="1">
          <containerEntry>3221225479</containerEntry>
        </property>
        <property name="modelFile" type="FilePtr" container="StaticArray" arraySize="1">
          <containerEntry>/Assets/tpp/environ/object/afghanistan/ground/afgh_grnd003/scenes/afgh_grnd003.fmdl</containerEntry>
        </property>
        <property name="geomFile" type="FilePtr" container="StaticArray" arraySize="1">
          <containerEntry>/Assets/tpp/environ/object/afghanistan/ground/afgh_grnd003/scenes/afgh_grnd003.geom</containerEntry>
        </property>
        <property name="isVisibleGeom" type="Bool" container="StaticArray" arraySize="1">
          <containerEntry>false</containerEntry>
        </property>
        <property name="isIsolated" type="Bool" container="StaticArray" arraySize="1">
          <containerEntry>false</containerEntry>
        </property>
        <property name="lodFarSize" type="Float" container="StaticArray" arraySize="1">
          <containerEntry>-1</containerEntry>
        </property>
        <property name="lodNearSize" type="Float" container="StaticArray" arraySize="1">
          <containerEntry>-1</containerEntry>
        </property>
        <property name="lodPolygonSize" type="Float" container="StaticArray" arraySize="1">
          <containerEntry>-1</containerEntry>
        </property>
        <property name="color" type="Color" container="StaticArray" arraySize="1">
          <containerEntry r="1" g="1" b="1" a="1"></containerEntry>
        </property>
        <property name="drawRejectionLevel" type="Int32" container="StaticArray" arraySize="1">
          <containerEntry>8</containerEntry>
        </property>
        <property name="drawMode" type="Int32" container="StaticArray" arraySize="1">
          <containerEntry>0</containerEntry>
        </property>
        <property name="rejectFarRangeShadowCast" type="Int32" container="StaticArray" arraySize="1">
          <containerEntry>2</containerEntry>
        </property>
      </staticProperties>
      <dynamicProperties></dynamicProperties>
    </entity>
    <entity class="TransformEntity" classVersion="0" classID="0x50" addr="0x2F5B300" id="0x2657627">
      <staticProperties>
        <property name="owner" type="EntityHandle" container="StaticArray" arraySize="1">
          <containerEntry>0x2F5B370</containerEntry>
        </property>
        <property name="transform_scale" type="Vector3" container="StaticArray" arraySize="1">
          <containerEntry x="1" y="1" z="1" w="0"></containerEntry>
        </property>
        <property name="transform_rotation_quat" type="Quat" container="StaticArray" arraySize="1">
          <containerEntry x="0" y="-0.130526" z="0" w="0.991444"></containerEntry>
        </property>
        <property name="transform_translation" type="Vector3" container="StaticArray" arraySize="1">
          <containerEntry x="507.37482" y="267.0229" z="2070.239" w="0"></containerEntry>
        </property>
      </staticProperties>
      <dynamicProperties></dynamicProperties>
    </entity>
    <entity class="GeoTriggerTrap" classVersion="1" classID="0x120" addr="0x2D7B8B0" id="0x2657907">
      <staticProperties>
        <property name="name" type="String" container="StaticArray" arraySize="1">
          <containerEntry>GeoTriggerTrap0000</containerEntry>
        </property>
        <property name="dataSet" type="EntityHandle" container="StaticArray" arraySize="1">
          <containerEntry>0x2F5B3E0</containerEntry>
        </property>
        <property name="parent" type="EntityHandle" container="StaticArray" arraySize="1">
          <containerEntry>0x0</containerEntry>
        </property>
        <property name="transform" type="EntityPtr" container="StaticArray" arraySize="1">
          <containerEntry>0x2D7B920</containerEntry>
        </property>
        <property name="shearTransform" type="EntityPtr" container="StaticArray" arraySize="1">
          <containerEntry>0x0</containerEntry>
        </property>
        <property name="pivotTransform" type="EntityPtr" container="StaticArray" arraySize="1">
          <containerEntry>0x0</containerEntry>
        </property>
        <property name="children" type="EntityHandle" container="List"></property>
        <property name="flags" type="UInt32" container="StaticArray" arraySize="1">
          <containerEntry>7</containerEntry>
        </property>
        <property name="stateFlag" type="UInt32" container="StaticArray" arraySize="1">
          <containerEntry>1</containerEntry>
        </property>
        <property name="uniqueId" type="String" container="StaticArray" arraySize="1">
          <containerEntry hash="0xB8A0BF169F98"></containerEntry>
        </property>
        <property name="groupTags" type="String" container="DynamicArray"></property>
      </staticProperties>
      <dynamicProperties></dynamicProperties>
    </entity>
    <entity class="TransformEntity" classVersion="0" classID="0x50" addr="0x2D7B920" id="0x265790A">
      <staticProperties>
        <property name="owner" type="EntityHandle" container="StaticArray" arraySize="1">
          <containerEntry>0x2D7B8B0</containerEntry>
        </property>
        <property name="transform_scale" type="Vector3" container="StaticArray" arraySize="1">
          <containerEntry x="1" y="1" z="1" w="0"></containerEntry>
        </property>
        <property name="transform_rotation_quat" type="Quat" container="StaticArray" arraySize="1">
          <containerEntry x="0" y="0" z="0" w="1"></containerEntry>
        </property>
        <property name="transform_translation" type="Vector3" container="StaticArray" arraySize="1">
          <containerEntry x="0" y="0" z="0" w="0"></containerEntry>
        </property>
      </staticProperties>
      <dynamicProperties></dynamicProperties>
    </entity>
    <entity class="TppSharedGimmickData" classVersion="1" classID="0xF0" addr="0x2E80710" id="0x1432C5">
      <staticProperties>
        <property name="name" type="String" container="StaticArray" arraySize="1">
          <containerEntry>afgh_tree012_vrtn001_br_gim_i0000|TppSharedGimmick_afgh_tree012_vrtn001_br</containerEntry>
        </property>
        <property name="dataSet" type="EntityHandle" container="StaticArray" arraySize="1">
          <containerEntry>0x2F5B3E0</containerEntry>
        </property>
        <property name="modelFile" type="FilePtr" container="StaticArray" arraySize="1">
          <containerEntry>/Assets/tpp/environ/object/afghanistan/tree/afgh_tree012/scenes/afgh_tree012_vrtn001_br.fmdl</containerEntry>
        </property>
        <property name="geomFile" type="FilePtr" container="StaticArray" arraySize="1">
          <containerEntry>/Assets/tpp/environ/object/afghanistan/tree/afgh_tree012/scenes/afgh_tree012_vrtn001_br.geom</containerEntry>
        </property>
        <property name="breakedModelFile" type="FilePtr" container="StaticArray" arraySize="1">
          <containerEntry hash="0xB8A0BF169F98"></containerEntry>
        </property>
        <property name="breakedGeomFile" type="FilePtr" container="StaticArray" arraySize="1">
          <containerEntry hash="0xB8A0BF169F98"></containerEntry>
        </property>
        <property name="partsFile" type="FilePtr" container="StaticArray" arraySize="1">
          <containerEntry>/Assets/tpp/parts/environ/object/afghanistan/tree/afgh_tree012/afgh_tree012_vrtn001_br.parts</containerEntry>
        </property>
        <property name="numDynamicGimmick" type="UInt32" container="StaticArray" arraySize="1">
          <containerEntry>2</containerEntry>
        </property>
        <property name="locaterFile" type="FilePtr" container="StaticArray" arraySize="1">
          <containerEntry>/Assets/tpp/level/location/afgh/block_small/136/136_149/lba/afgh_tree012_vrtn001_br.lba</containerEntry>
        </property>
        <property name="flags1" type="UInt32" container="StaticArray" arraySize="1">
          <containerEntry>270</containerEntry>
        </property>
        <property name="flags2" type="UInt32" container="StaticArray" arraySize="1">
          <containerEntry>0</containerEntry>
        </property>
      </staticProperties>
      <dynamicProperties></dynamicProperties>
    </entity>
    <entity class="StaticModelArray" classVersion="4" classID="0xD0" addr="0x2E85250" id="0x0">
      <staticProperties>
        <property name="name" type="String" container="StaticArray" arraySize="1">
          <containerEntry>StaticModelArray0000</containerEntry>
        </property>
        <property name="dataSet" type="EntityHandle" container="StaticArray" arraySize="1">
          <containerEntry>0x2F5B3E0</containerEntry>
        </property>
        <property name="modelFile" type="FilePtr" container="StaticArray" arraySize="1">
          <containerEntry hash="0xB8A0BF169F98"></containerEntry>
        </property>
        <property name="geomFile" type="FilePtr" container="StaticArray" arraySize="1">
          <containerEntry>/Assets/tpp/environ/object/afghanistan/tree/afgh_tree012/scenes/afgh_tree012_vrtn001_br_pc.geom</containerEntry>
        </property>
        <property name="isVisibleGeom" type="Bool" container="StaticArray" arraySize="1">
          <containerEntry>false</containerEntry>
        </property>
        <property name="lodFarSize" type="Float" container="StaticArray" arraySize="1">
          <containerEntry>-1</containerEntry>
        </property>
        <property name="lodNearSize" type="Float" container="StaticArray" arraySize="1">
          <containerEntry>-1</containerEntry>
        </property>
        <property name="lodPolygonSize" type="Float" container="StaticArray" arraySize="1">
          <containerEntry>-1</containerEntry>
        </property>
        <property name="drawRejectionLevel" type="Int32" container="StaticArray" arraySize="1">
          <containerEntry>8</containerEntry>
        </property>
        <property name="drawMode" type="Int32" container="StaticArray" arraySize="1">
          <containerEntry>0</containerEntry>
        </property>
        <property name="rejectFarRangeShadowCast" type="Int32" container="StaticArray" arraySize="1">
          <containerEntry>2</containerEntry>
        </property>
        <property name="parentLocator" type="EntityLink" container="StaticArray" arraySize="1">
          <containerEntry packagePathHash="0xB8A0BF169F98" archivePathHash="0xB8A0BF169F98" nameInArchiveHash="0xB8A0BF169F98">0x0</containerEntry>
        </property>
        <property name="transforms" type="Matrix4" container="DynamicArray" arraySize="21">
          <containerEntry r11="0.99962074" r12="-0.027536767" r13="0.0003792809" r14="0" r21="0.027536767" r22="0.9992415" r23="-0.027536767" r24="0" r31="0.0003792809" r32="0.027536767" r33="0.99962074" r34="0" r41="472.2198" r42="265.0802" r43="2104.6587" r44="1"></containerEntry>
          <containerEntry r11="0.99962074" r12="-0.027536767" r13="0.0003792809" r14="0" r21="0.027536767" r22="0.9992415" r23="-0.027536767" r24="0" r31="0.0003792809" r32="0.027536767" r33="0.99962074" r34="0" r41="484.90494" r42="266.36353" r43="2123.51" r44="1"></containerEntry>
          <containerEntry r11="0.99962074" r12="-0.027536767" r13="0.0003792809" r14="0" r21="0.027536767" r22="0.9992415" r23="-0.027536767" r24="0" r31="0.0003792809" r32="0.027536767" r33="0.99962074" r34="0" r41="445.0075" r42="267.0428" r43="2100.829" r44="1"></containerEntry>
          <containerEntry r11="0.99962074" r12="-0.027536767" r13="0.0003792809" r14="0" r21="0.027536767" r22="0.9992415" r23="-0.027536767" r24="0" r31="0.0003792809" r32="0.027536767" r33="0.99962074" r34="0" r41="438.0692" r42="267.24127" r43="2099.438" r44="1"></containerEntry>
          <containerEntry r11="0.99962074" r12="-0.027536767" r13="0.0003792809" r14="0" r21="0.027536767" r22="0.9992415" r23="-0.027536767" r24="0" r31="0.0003792809" r32="0.027536767" r33="0.99962074" r34="0" r41="398.03397" r42="269.08417" r43="2099.718" r44="1"></containerEntry>
          <containerEntry r11="0.99962074" r12="-0.027536767" r13="0.0003792809" r14="0" r21="0.027536767" r22="0.9992415" r23="-0.027536767" r24="0" r31="0.0003792809" r32="0.027536767" r33="0.99962074" r34="0" r41="411.73138" r42="267.83908" r43="2103.9692" r44="1"></containerEntry>
          <containerEntry r11="0.99962074" r12="-0.027536767" r13="0.0003792809" r14="0" r21="0.027536767" r22="0.9992415" r23="-0.027536767" r24="0" r31="0.0003792809" r32="0.027536767" r33="0.99962074" r34="0" r41="463.15268" r42="265.0308" r43="2049.5315" r44="1"></containerEntry>
          <containerEntry r11="0.99962074" r12="-0.027536767" r13="0.0003792809" r14="0" r21="0.027536767" r22="0.9992415" r23="-0.027536767" r24="0" r31="0.0003792809" r32="0.027536767" r33="0.99962074" r34="0" r41="414.1707" r42="267.43918" r43="2078.8267" r44="1"></containerEntry>
          <containerEntry r11="0.99883896" r12="-0.04817287" r13="0.00033167802" r14="0" r21="0.04817287" r22="0.9987442" r23="-0.013761678" r24="0" r31="0.00033167802" r32="0.013761678" r33="0.9999052" r34="0" r41="405.9818" r42="267.3977" r43="2074.8333" r44="1"></containerEntry>
          <containerEntry r11="0.99962074" r12="-0.027536767" r13="0.0003792809" r14="0" r21="0.027536767" r22="0.9992415" r23="-0.027536767" r24="0" r31="0.0003792809" r32="0.027536767" r33="0.99962074" r34="0" r41="390.1264" r42="269.92322" r43="2060.3157" r44="1"></containerEntry>
          <containerEntry r11="0.7969052" r12="0" r13="-0.60410404" r14="0" r21="0" r22="1" r23="0" r24="0" r31="0.60410404" r32="0" r33="0.7969052" r34="0" r41="510.59357" r42="266.72333" r43="2160.6692" r44="1"></containerEntry>
          <containerEntry r11="0.99962074" r12="-0.027536767" r13="0.0003792809" r14="0" r21="0.027536767" r22="0.9992415" r23="-0.027536767" r24="0" r31="0.0003792809" r32="0.027536767" r33="0.99962074" r34="0" r41="440.48087" r42="266.87857" r43="2088.6672" r44="1"></containerEntry>
          <containerEntry r11="0.99962074" r12="-0.027536767" r13="0.0003792809" r14="0" r21="0.027536767" r22="0.9992415" r23="-0.027536767" r24="0" r31="0.0003792809" r32="0.027536767" r33="0.99962074" r34="0" r41="459.72653" r42="265.64905" r43="2081.0195" r44="1"></containerEntry>
          <containerEntry r11="0.99962074" r12="-0.027536767" r13="0.0003792809" r14="0" r21="0.027536767" r22="0.9992415" r23="-0.027536767" r24="0" r31="0.0003792809" r32="0.027536767" r33="0.99962074" r34="0" r41="502.70016" r42="266.31824" r43="2132.9314" r44="1"></containerEntry>
          <containerEntry r11="0.99962074" r12="-0.027536767" r13="0.0003792809" r14="0" r21="0.027536767" r22="0.9992415" r23="-0.027536767" r24="0" r31="0.0003792809" r32="0.027536767" r33="0.99962074" r34="0" r41="511.84726" r42="266.93372" r43="2129.9102" r44="1"></containerEntry>
          <containerEntry r11="0.99962074" r12="-0.027536767" r13="0.0003792809" r14="0" r21="0.027536767" r22="0.9992415" r23="-0.027536767" r24="0" r31="0.0003792809" r32="0.027536767" r33="0.99962074" r34="0" r41="511.0128" r42="267.06256" r43="2140.2532" r44="1"></containerEntry>
          <containerEntry r11="0.99962074" r12="-0.027536767" r13="0.0003792809" r14="0" r21="0.027536767" r22="0.9992415" r23="-0.027536767" r24="0" r31="0.0003792809" r32="0.027536767" r33="0.99962074" r34="0" r41="349.98645" r42="273.11447" r43="2066.1975" r44="1"></containerEntry>
          <containerEntry r11="0.99946827" r12="-0.03193255" r13="0.0065943343" r14="0" r21="0.03189877" r22="0.99947774" r23="0.0051658605" r24="0" r31="-0.00675585" r32="-0.0049527627" r33="0.9999649" r34="0" r41="392.0508" r42="269.77194" r43="2107.3354" r44="1"></containerEntry>
          <containerEntry r11="0.99962074" r12="-0.027536767" r13="0.0003792809" r14="0" r21="0.027536767" r22="0.9992415" r23="-0.027536767" r24="0" r31="0.0003792809" r32="0.027536767" r33="0.99962074" r34="0" r41="386.28598" r42="269.50537" r43="2130.7627" r44="1"></containerEntry>
          <containerEntry r11="-0.013227406" r12="0.02791019" r13="0.9995269" r14="0" r21="0.027536592" r22="0.9992414" r23="-0.027537918" r24="0" r31="-0.9995373" r32="0.027159313" r33="-0.0139859" r34="0" r41="391.48117" r42="269.0163" r43="2120.1775" r44="1"></containerEntry>
          <containerEntry r11="0.7969052" r12="0" r13="-0.60410404" r14="0" r21="0" r22="1" r23="0" r24="0" r31="0.60410404" r32="0" r33="0.7969052" r34="0" r41="396.92273" r42="270.6714" r43="2169.6414" r44="1"></containerEntry>
        </property>
        <property name="colors" type="UInt32" container="DynamicArray" arraySize="21">
          <containerEntry>4294967295</containerEntry>
          <containerEntry>4294967295</containerEntry>
          <containerEntry>4294967295</containerEntry>
          <containerEntry>4294967295</containerEntry>
          <containerEntry>4294967295</containerEntry>
          <containerEntry>4294967295</containerEntry>
          <containerEntry>4294967295</containerEntry>
          <containerEntry>4294967295</containerEntry>
          <containerEntry>4294967295</containerEntry>
          <containerEntry>4294967295</containerEntry>
          <containerEntry>4294967295</containerEntry>
          <containerEntry>4294967295</containerEntry>
          <containerEntry>4294967295</containerEntry>
          <containerEntry>4294967295</containerEntry>
          <containerEntry>4294967295</containerEntry>
          <containerEntry>4294967295</containerEntry>
          <containerEntry>4294967295</containerEntry>
          <containerEntry>4294967295</containerEntry>
          <containerEntry>4294967295</containerEntry>
          <containerEntry>4294967295</containerEntry>
          <containerEntry>4294967295</containerEntry>
        </property>
      </staticProperties>
      <dynamicProperties></dynamicProperties>
    </entity>
    <entity class="StaticModelArray" classVersion="4" classID="0xD0" addr="0x2D76D00" id="0x0">
      <staticProperties>
        <property name="name" type="String" container="StaticArray" arraySize="1">
          <containerEntry>StaticModelArray0001</containerEntry>
        </property>
        <property name="dataSet" type="EntityHandle" container="StaticArray" arraySize="1">
          <containerEntry>0x2F5B3E0</containerEntry>
        </property>
        <property name="modelFile" type="FilePtr" container="StaticArray" arraySize="1">
          <containerEntry>/Assets/tpp/environ/object/afghanistan/tree/afgh_tree012/scenes/afgh_tree012_ropl001.fmdl</containerEntry>
        </property>
        <property name="geomFile" type="FilePtr" container="StaticArray" arraySize="1">
          <containerEntry hash="0xB8A0BF169F98"></containerEntry>
        </property>
        <property name="isVisibleGeom" type="Bool" container="StaticArray" arraySize="1">
          <containerEntry>false</containerEntry>
        </property>
        <property name="lodFarSize" type="Float" container="StaticArray" arraySize="1">
          <containerEntry>-1</containerEntry>
        </property>
        <property name="lodNearSize" type="Float" container="StaticArray" arraySize="1">
          <containerEntry>-1</containerEntry>
        </property>
        <property name="lodPolygonSize" type="Float" container="StaticArray" arraySize="1">
          <containerEntry>-1</containerEntry>
        </property>
        <property name="drawRejectionLevel" type="Int32" container="StaticArray" arraySize="1">
          <containerEntry>8</containerEntry>
        </property>
        <property name="drawMode" type="Int32" container="StaticArray" arraySize="1">
          <containerEntry>0</containerEntry>
        </property>
        <property name="rejectFarRangeShadowCast" type="Int32" container="StaticArray" arraySize="1">
          <containerEntry>2</containerEntry>
        </property>
        <property name="parentLocator" type="EntityLink" container="StaticArray" arraySize="1">
          <containerEntry packagePathHash="0xB8A0BF169F98" archivePathHash="0xB8A0BF169F98" nameInArchiveHash="0xB8A0BF169F98">0x0</containerEntry>
        </property>
        <property name="transforms" type="Matrix4" container="DynamicArray" arraySize="21">
          <containerEntry r11="0.99962074" r12="-0.027536767" r13="0.0003792809" r14="0" r21="0.027536767" r22="0.9992415" r23="-0.027536767" r24="0" r31="0.0003792809" r32="0.027536767" r33="0.99962074" r34="0" r41="472.2198" r42="265.0802" r43="2104.6587" r44="1"></containerEntry>
          <containerEntry r11="0.99962074" r12="-0.027536767" r13="0.0003792809" r14="0" r21="0.027536767" r22="0.9992415" r23="-0.027536767" r24="0" r31="0.0003792809" r32="0.027536767" r33="0.99962074" r34="0" r41="484.90494" r42="266.36353" r43="2123.51" r44="1"></containerEntry>
          <containerEntry r11="0.99962074" r12="-0.027536767" r13="0.0003792809" r14="0" r21="0.027536767" r22="0.9992415" r23="-0.027536767" r24="0" r31="0.0003792809" r32="0.027536767" r33="0.99962074" r34="0" r41="445.0075" r42="267.0428" r43="2100.829" r44="1"></containerEntry>
          <containerEntry r11="0.99962074" r12="-0.027536767" r13="0.0003792809" r14="0" r21="0.027536767" r22="0.9992415" r23="-0.027536767" r24="0" r31="0.0003792809" r32="0.027536767" r33="0.99962074" r34="0" r41="438.0692" r42="267.24127" r43="2099.438" r44="1"></containerEntry>
          <containerEntry r11="0.99962074" r12="-0.027536767" r13="0.0003792809" r14="0" r21="0.027536767" r22="0.9992415" r23="-0.027536767" r24="0" r31="0.0003792809" r32="0.027536767" r33="0.99962074" r34="0" r41="398.03397" r42="269.08417" r43="2099.718" r44="1"></containerEntry>
          <containerEntry r11="0.99962074" r12="-0.027536767" r13="0.0003792809" r14="0" r21="0.027536767" r22="0.9992415" r23="-0.027536767" r24="0" r31="0.0003792809" r32="0.027536767" r33="0.99962074" r34="0" r41="411.73138" r42="267.83908" r43="2103.9692" r44="1"></containerEntry>
          <containerEntry r11="0.99962074" r12="-0.027536767" r13="0.0003792809" r14="0" r21="0.027536767" r22="0.9992415" r23="-0.027536767" r24="0" r31="0.0003792809" r32="0.027536767" r33="0.99962074" r34="0" r41="463.15268" r42="265.0308" r43="2049.5315" r44="1"></containerEntry>
          <containerEntry r11="0.99962074" r12="-0.027536767" r13="0.0003792809" r14="0" r21="0.027536767" r22="0.9992415" r23="-0.027536767" r24="0" r31="0.0003792809" r32="0.027536767" r33="0.99962074" r34="0" r41="414.1707" r42="267.43918" r43="2078.8267" r44="1"></containerEntry>
          <containerEntry r11="0.99883896" r12="-0.04817287" r13="0.00033167802" r14="0" r21="0.04817287" r22="0.9987442" r23="-0.013761678" r24="0" r31="0.00033167802" r32="0.013761678" r33="0.9999052" r34="0" r41="405.9818" r42="267.3977" r43="2074.8333" r44="1"></containerEntry>
          <containerEntry r11="0.99962074" r12="-0.027536767" r13="0.0003792809" r14="0" r21="0.027536767" r22="0.9992415" r23="-0.027536767" r24="0" r31="0.0003792809" r32="0.027536767" r33="0.99962074" r34="0" r41="390.1264" r42="269.92322" r43="2060.3157" r44="1"></containerEntry>
          <containerEntry r11="0.7969052" r12="0" r13="-0.60410404" r14="0" r21="0" r22="1" r23="0" r24="0" r31="0.60410404" r32="0" r33="0.7969052" r34="0" r41="510.59357" r42="266.72333" r43="2160.6692" r44="1"></containerEntry>
          <containerEntry r11="0.99962074" r12="-0.027536767" r13="0.0003792809" r14="0" r21="0.027536767" r22="0.9992415" r23="-0.027536767" r24="0" r31="0.0003792809" r32="0.027536767" r33="0.99962074" r34="0" r41="440.48087" r42="266.87857" r43="2088.6672" r44="1"></containerEntry>
          <containerEntry r11="0.99962074" r12="-0.027536767" r13="0.0003792809" r14="0" r21="0.027536767" r22="0.9992415" r23="-0.027536767" r24="0" r31="0.0003792809" r32="0.027536767" r33="0.99962074" r34="0" r41="459.72653" r42="265.64905" r43="2081.0195" r44="1"></containerEntry>
          <containerEntry r11="0.99962074" r12="-0.027536767" r13="0.0003792809" r14="0" r21="0.027536767" r22="0.9992415" r23="-0.027536767" r24="0" r31="0.0003792809" r32="0.027536767" r33="0.99962074" r34="0" r41="502.70016" r42="266.31824" r43="2132.9314" r44="1"></containerEntry>
          <containerEntry r11="0.99962074" r12="-0.027536767" r13="0.0003792809" r14="0" r21="0.027536767" r22="0.9992415" r23="-0.027536767" r24="0" r31="0.0003792809" r32="0.027536767" r33="0.99962074" r34="0" r41="511.84726" r42="266.93372" r43="2129.9102" r44="1"></containerEntry>
          <containerEntry r11="0.99962074" r12="-0.027536767" r13="0.0003792809" r14="0" r21="0.027536767" r22="0.9992415" r23="-0.027536767" r24="0" r31="0.0003792809" r32="0.027536767" r33="0.99962074" r34="0" r41="511.0128" r42="267.06256" r43="2140.2532" r44="1"></containerEntry>
          <containerEntry r11="0.99962074" r12="-0.027536767" r13="0.0003792809" r14="0" r21="0.027536767" r22="0.9992415" r23="-0.027536767" r24="0" r31="0.0003792809" r32="0.027536767" r33="0.99962074" r34="0" r41="349.98645" r42="273.11447" r43="2066.1975" r44="1"></containerEntry>
          <containerEntry r11="0.99946827" r12="-0.03193255" r13="0.0065943343" r14="0" r21="0.03189877" r22="0.99947774" r23="0.0051658605" r24="0" r31="-0.00675585" r32="-0.0049527627" r33="0.9999649" r34="0" r41="392.0508" r42="269.77194" r43="2107.3354" r44="1"></containerEntry>
          <containerEntry r11="0.99962074" r12="-0.027536767" r13="0.0003792809" r14="0" r21="0.027536767" r22="0.9992415" r23="-0.027536767" r24="0" r31="0.0003792809" r32="0.027536767" r33="0.99962074" r34="0" r41="386.28598" r42="269.50537" r43="2130.7627" r44="1"></containerEntry>
          <containerEntry r11="-0.013227406" r12="0.02791019" r13="0.9995269" r14="0" r21="0.027536592" r22="0.9992414" r23="-0.027537918" r24="0" r31="-0.9995373" r32="0.027159313" r33="-0.0139859" r34="0" r41="391.48117" r42="269.0163" r43="2120.1775" r44="1"></containerEntry>
          <containerEntry r11="0.7969052" r12="0" r13="-0.60410404" r14="0" r21="0" r22="1" r23="0" r24="0" r31="0.60410404" r32="0" r33="0.7969052" r34="0" r41="396.92273" r42="270.6714" r43="2169.6414" r44="1"></containerEntry>
        </property>
        <property name="colors" type="UInt32" container="DynamicArray" arraySize="21">
          <containerEntry>4294967295</containerEntry>
          <containerEntry>4294967295</containerEntry>
          <containerEntry>4294967295</containerEntry>
          <containerEntry>4294967295</containerEntry>
          <containerEntry>4294967295</containerEntry>
          <containerEntry>4294967295</containerEntry>
          <containerEntry>4294967295</containerEntry>
          <containerEntry>4294967295</containerEntry>
          <containerEntry>4294967295</containerEntry>
          <containerEntry>4294967295</containerEntry>
          <containerEntry>4294967295</containerEntry>
          <containerEntry>4294967295</containerEntry>
          <containerEntry>4294967295</containerEntry>
          <containerEntry>4294967295</containerEntry>
          <containerEntry>4294967295</containerEntry>
          <containerEntry>4294967295</containerEntry>
          <containerEntry>4294967295</containerEntry>
          <containerEntry>4294967295</containerEntry>
          <containerEntry>4294967295</containerEntry>
          <containerEntry>4294967295</containerEntry>
          <containerEntry>4294967295</containerEntry>
        </property>
      </staticProperties>
      <dynamicProperties></dynamicProperties>
    </entity>
    <entity class="StaticModelArray" classVersion="4" classID="0xD0" addr="0x2E84DF0" id="0x0">
      <staticProperties>
        <property name="name" type="String" container="StaticArray" arraySize="1">
          <containerEntry>StaticModelArray0002</containerEntry>
        </property>
        <property name="dataSet" type="EntityHandle" container="StaticArray" arraySize="1">
          <containerEntry>0x2F5B3E0</containerEntry>
        </property>
        <property name="modelFile" type="FilePtr" container="StaticArray" arraySize="1">
          <containerEntry>/Assets/tpp/environ/object/afghanistan/rock/afgh_rock009/scenes/afgh_rock009_rock002.fmdl</containerEntry>
        </property>
        <property name="geomFile" type="FilePtr" container="StaticArray" arraySize="1">
          <containerEntry>/Assets/tpp/environ/object/afghanistan/rock/afgh_rock009/scenes/afgh_rock009_rock002.geom</containerEntry>
        </property>
        <property name="isVisibleGeom" type="Bool" container="StaticArray" arraySize="1">
          <containerEntry>false</containerEntry>
        </property>
        <property name="lodFarSize" type="Float" container="StaticArray" arraySize="1">
          <containerEntry>-1</containerEntry>
        </property>
        <property name="lodNearSize" type="Float" container="StaticArray" arraySize="1">
          <containerEntry>-1</containerEntry>
        </property>
        <property name="lodPolygonSize" type="Float" container="StaticArray" arraySize="1">
          <containerEntry>-1</containerEntry>
        </property>
        <property name="drawRejectionLevel" type="Int32" container="StaticArray" arraySize="1">
          <containerEntry>8</containerEntry>
        </property>
        <property name="drawMode" type="Int32" container="StaticArray" arraySize="1">
          <containerEntry>0</containerEntry>
        </property>
        <property name="rejectFarRangeShadowCast" type="Int32" container="StaticArray" arraySize="1">
          <containerEntry>2</containerEntry>
        </property>
        <property name="parentLocator" type="EntityLink" container="StaticArray" arraySize="1">
          <containerEntry packagePathHash="0xB8A0BF169F98" archivePathHash="0xB8A0BF169F98" nameInArchiveHash="0xB8A0BF169F98">0x0</containerEntry>
        </property>
        <property name="transforms" type="Matrix4" container="DynamicArray" arraySize="6">
          <containerEntry r11="0.033412695" r12="-0.99149203" r13="0.12577799" r14="0" r21="0.9630265" r22="0.0655994" r23="0.2612848" r24="0" r31="-0.26731327" r32="0.11239868" r33="0.9570318" r34="0" r41="393.7062" r42="268.31104" r43="2056.1184" r44="1"></containerEntry>
          <containerEntry r11="-0.061410777" r12="-0.98864096" r13="0.1371513" r14="0" r21="-0.81537634" r22="0.12894964" r23="0.5643823" r24="0" r31="-0.57565856" r32="-0.077169076" r33="-0.8140329" r34="0" r41="406.4763" r42="267.47083" r43="2068.0815" r44="1"></containerEntry>
          <containerEntry r11="0.13844235" r12="-0.981983" r13="0.12858859" r14="0" r21="-0.9782893" r22="-0.15580231" r23="-0.1366195" r24="0" r31="0.15419373" r32="-0.10688406" r33="-0.9822329" r34="0" r41="430.25848" r42="265.54004" r43="2069.44" r44="1"></containerEntry>
          <containerEntry r11="-0.061410367" r12="-0.9886415" r13="0.13715039" r14="0" r21="-0.99040794" r22="0.04332775" r23="-0.13118294" r24="0" r31="0.12375129" r32="-0.14389166" r33="-0.98181903" r34="0" r41="449.9135" r42="265.64722" r43="2082.0645" r44="1"></containerEntry>
          <containerEntry r11="0.27852982" r12="-0.93887293" r13="0.20232186" r14="0" r21="-0.53659105" r22="0.022595048" r23="0.8435362" r24="0" r31="-0.7965467" r32="-0.34351248" r33="-0.49749678" r34="0" r41="496.47345" r42="265.6747" r43="2072.6804" r44="1"></containerEntry>
          <containerEntry r11="0.11234933" r12="-0.87716335" r13="-0.46685886" r14="0" r21="0.82037264" r22="-0.18322366" r23="0.5416745" r24="0" r31="-0.56067944" r32="-0.44385475" r33="0.6990206" r34="0" r41="489.11322" r42="265.23877" r43="2086.5483" r44="1"></containerEntry>
        </property>
        <property name="colors" type="UInt32" container="DynamicArray" arraySize="6">
          <containerEntry>4294967295</containerEntry>
          <containerEntry>4294967295</containerEntry>
          <containerEntry>4294967295</containerEntry>
          <containerEntry>4294967295</containerEntry>
          <containerEntry>4294967295</containerEntry>
          <containerEntry>4294967295</containerEntry>
        </property>
      </staticProperties>
      <dynamicProperties></dynamicProperties>
    </entity>
    <entity class="StaticModelArray" classVersion="4" classID="0xD0" addr="0x2E84E60" id="0x0">
      <staticProperties>
        <property name="name" type="String" container="StaticArray" arraySize="1">
          <containerEntry>StaticModelArray0003</containerEntry>
        </property>
        <property name="dataSet" type="EntityHandle" container="StaticArray" arraySize="1">
          <containerEntry>0x2F5B3E0</containerEntry>
        </property>
        <property name="modelFile" type="FilePtr" container="StaticArray" arraySize="1">
          <containerEntry>/Assets/tpp/environ/object/afghanistan/barricade/afgh_brrc001/scenes/afgh_brrc001.fmdl</containerEntry>
        </property>
        <property name="geomFile" type="FilePtr" container="StaticArray" arraySize="1">
          <containerEntry>/Assets/tpp/environ/object/afghanistan/barricade/afgh_brrc001/scenes/afgh_brrc001.geom</containerEntry>
        </property>
        <property name="isVisibleGeom" type="Bool" container="StaticArray" arraySize="1">
          <containerEntry>false</containerEntry>
        </property>
        <property name="lodFarSize" type="Float" container="StaticArray" arraySize="1">
          <containerEntry>-1</containerEntry>
        </property>
        <property name="lodNearSize" type="Float" container="StaticArray" arraySize="1">
          <containerEntry>-1</containerEntry>
        </property>
        <property name="lodPolygonSize" type="Float" container="StaticArray" arraySize="1">
          <containerEntry>-1</containerEntry>
        </property>
        <property name="drawRejectionLevel" type="Int32" container="StaticArray" arraySize="1">
          <containerEntry>8</containerEntry>
        </property>
        <property name="drawMode" type="Int32" container="StaticArray" arraySize="1">
          <containerEntry>0</containerEntry>
        </property>
        <property name="rejectFarRangeShadowCast" type="Int32" container="StaticArray" arraySize="1">
          <containerEntry>2</containerEntry>
        </property>
        <property name="parentLocator" type="EntityLink" container="StaticArray" arraySize="1">
          <containerEntry packagePathHash="0xB8A0BF169F98" archivePathHash="0xB8A0BF169F98" nameInArchiveHash="0xB8A0BF169F98">0x0</containerEntry>
        </property>
        <property name="transforms" type="Matrix4" container="DynamicArray" arraySize="16">
          <containerEntry r11="0.99884474" r12="0.0480133" r13="-0.0019804977" r14="0" r21="-0.0480133" r22="0.99544954" r23="-0.08231023" r24="0" r31="-0.0019804977" r32="0.08231023" r33="0.9966048" r34="0" r41="498.4597" r42="265.7902" r43="2109.8455" r44="1"></containerEntry>
          <containerEntry r11="0.9994075" r12="-0.03441381" r13="0.00059250585" r14="0" r21="0.03441381" r22="0.99881494" r23="-0.03441381" r24="0" r31="0.00059250585" r32="0.03441381" r33="0.9994075" r34="0" r41="511.80777" r42="265.6878" r43="2111.9792" r44="1"></containerEntry>
          <containerEntry r11="0.9971411" r12="-0.07555793" r13="0.00077990344" r14="0" r21="0.07555793" r22="0.9969284" r23="-0.020612158" r24="0" r31="0.00077990344" r32="0.020612158" r33="0.9997873" r34="0" r41="514.1148" r42="265.74814" r43="2108.4136" r44="1"></containerEntry>
          <containerEntry r11="0.9971411" r12="-0.07555793" r13="0.00077990344" r14="0" r21="0.07555793" r22="0.9969284" r23="-0.020612158" r24="0" r31="0.00077990344" r32="0.020612158" r33="0.9997873" r34="0" r41="512.86957" r42="265.7115" r43="2111.463" r44="1"></containerEntry>
          <containerEntry r11="0.9984911" r12="-0.054874066" r13="0.0020749122" r14="0" r21="0.054874066" r22="0.99563783" r23="-0.075459585" r24="0" r31="0.0020749122" r32="0.075459585" r33="0.9971467" r34="0" r41="449.94183" r42="266.6099" r43="2098.9788" r44="1"></containerEntry>
          <containerEntry r11="-0.020980207" r12="-0.06509702" r13="-0.997659" r14="0" r21="0.046206765" r22="0.99674857" r23="-0.06600932" r24="0" r31="0.99871224" r32="-0.047483407" r33="-0.017904103" r34="0" r41="443.52576" r42="266.4896" r43="2087.852" r44="1"></containerEntry>
          <containerEntry r11="0.046673417" r12="-0.07804881" r13="-0.99585605" r14="0" r21="0.054874957" r22="0.9956378" r23="-0.07545984" r24="0" r31="0.9974015" r32="-0.051125634" r33="0.05075276" r34="0" r41="440.73773" r42="267.0931" r43="2099.7688" r44="1"></containerEntry>
          <containerEntry r11="-0.04036527" r12="-0.16807449" r13="-0.98494655" r14="0" r21="0.02331058" r22="0.9853242" r23="-0.16909412" r24="0" r31="0.99891204" r32="-0.029785387" r33="-0.035854936" r34="0" r41="443.6914" r42="266.2896" r43="2086.9177" r44="1"></containerEntry>
          <containerEntry r11="0.9999051" r12="-0.013777587" r13="-4.7506543e-05" r14="0" r21="0.013777587" r22="0.9998813" r23="0.006895793" r24="0" r31="-4.7506543e-05" r32="-0.006895793" r33="0.9999762" r34="0" r41="467.55518" r42="266.028" r43="2097.3152" r44="1"></containerEntry>
