<fox formatVersion="2" fileVersion="0">
  <entities>
    <entity class="DataSet" classVersion="0" classID="0xE8" addr="0x2F533B0" id="0x5CEF16">
      <staticProperties>
        <property name="name" type="String" container="StaticArray" arraySize="1">
          <containerEntry hash="0xB8A0BF169F98"></containerEntry>
        </property>
        <property name="dataSet" type="EntityHandle" container="StaticArray" arraySize="1">
          <containerEntry>0x0</containerEntry>
        </property>
        <property name="dataList" type="EntityPtr" container="StringMap" arraySize="11">
          <containerEntry key="afgh_clff022_vrtn003_0003">
            <data>0x2F53260</data>
          </containerEntry>
          <containerEntry key="StaticModelArray0000">
            <data>0x2D7E710</data>
          </containerEntry>
          <containerEntry key="StaticModelArray0001">
            <data>0x2D7E010</data>
          </containerEntry>
          <containerEntry key="StaticModelArray0002">
            <data>0x2D7DFA0</data>
          </containerEntry>
          <containerEntry key="StaticModelArray0003">
            <data>0x2D7E1D0</data>
          </containerEntry>
          <containerEntry key="StaticModelArray0004">
            <data>0x2F53880</data>
          </containerEntry>
          <containerEntry key="StaticModelArray0005">
            <data>0x2D7DE50</data>
          </containerEntry>
          <containerEntry key="StaticModelArray0006">
            <data>0x2D7E160</data>
          </containerEntry>
          <containerEntry key="StaticModelArray0007">
            <data>0x2D7AA40</data>
          </containerEntry>
          <containerEntry key="StaticModelArray0008">
            <data>0x2D7DDE0</data>
          </containerEntry>
          <containerEntry key="TexturePackLoadConditioner0000">
            <data>0x2D7EC50</data>
          </containerEntry>
        </property>
      </staticProperties>
      <dynamicProperties></dynamicProperties>
    </entity>
    <entity class="StaticModel" classVersion="9" classID="0x160" addr="0x2F53260" id="0x5CEF1D">
      <staticProperties>
        <property name="name" type="String" container="StaticArray" arraySize="1">
          <containerEntry>afgh_clff022_vrtn003_0003</containerEntry>
        </property>
        <property name="dataSet" type="EntityHandle" container="StaticArray" arraySize="1">
          <containerEntry>0x2F533B0</containerEntry>
        </property>
        <property name="parent" type="EntityHandle" container="StaticArray" arraySize="1">
          <containerEntry>0x0</containerEntry>
        </property>
        <property name="transform" type="EntityPtr" container="StaticArray" arraySize="1">
          <containerEntry>0x2F531F0</containerEntry>
        </property>
        <property name="shearTransform" type="EntityPtr" container="StaticArray" arraySize="1">
          <containerEntry>0x0</containerEntry>
        </property>
        <property name="pivotTransform" type="EntityPtr" container="StaticArray" arraySize="1">
          <containerEntry>0x0</containerEntry>
        </property>
        <property name="children" type="EntityHandle" container="List"></property>
        <property name="flags" type="UInt32" container="StaticArray" arraySize="1">
          <containerEntry>2147483655</containerEntry>
        </property>
        <property name="modelFile" type="FilePtr" container="StaticArray" arraySize="1">
          <containerEntry>/Assets/tpp/environ/object/afghanistan/cliff/afgh_clff022/scenes/afgh_clff022_vrtn003.fmdl</containerEntry>
        </property>
        <property name="geomFile" type="FilePtr" container="StaticArray" arraySize="1">
          <containerEntry>/Assets/tpp/environ/object/afghanistan/cliff/afgh_clff022/scenes/afgh_clff022_vrtn003.geom</containerEntry>
        </property>
        <property name="isVisibleGeom" type="Bool" container="StaticArray" arraySize="1">
          <containerEntry>false</containerEntry>
        </property>
        <property name="isIsolated" type="Bool" container="StaticArray" arraySize="1">
          <containerEntry>false</containerEntry>
        </property>
        <property name="lodFarSize" type="Float" container="StaticArray" arraySize="1">
          <containerEntry>-1</containerEntry>
        </property>
        <property name="lodNearSize" type="Float" container="StaticArray" arraySize="1">
          <containerEntry>-1</containerEntry>
        </property>
        <property name="lodPolygonSize" type="Float" container="StaticArray" arraySize="1">
          <containerEntry>-1</containerEntry>
        </property>
        <property name="color" type="Color" container="StaticArray" arraySize="1">
          <containerEntry r="1" g="1" b="1" a="1"></containerEntry>
        </property>
        <property name="drawRejectionLevel" type="Int32" container="StaticArray" arraySize="1">
          <containerEntry>8</containerEntry>
        </property>
        <property name="drawMode" type="Int32" container="StaticArray" arraySize="1">
          <containerEntry>0</containerEntry>
        </property>
        <property name="rejectFarRangeShadowCast" type="Int32" container="StaticArray" arraySize="1">
          <containerEntry>2</containerEntry>
        </property>
      </staticProperties>
      <dynamicProperties></dynamicProperties>
    </entity>
    <entity class="TransformEntity" classVersion="0" classID="0x50" addr="0x2F531F0" id="0x5CEF20">
      <staticProperties>
        <property name="owner" type="EntityHandle" container="StaticArray" arraySize="1">
          <containerEntry>0x2F53260</containerEntry>
        </property>
        <property name="transform_scale" type="Vector3" container="StaticArray" arraySize="1">
          <containerEntry x="1" y="1" z="1" w="0"></containerEntry>
        </property>
        <property name="transform_rotation_quat" type="Quat" container="StaticArray" arraySize="1">
          <containerEntry x="0" y="0.697065" z="0" w="0.717007"></containerEntry>
        </property>
        <property name="transform_translation" type="Vector3" container="StaticArray" arraySize="1">
          <containerEntry x="-1645.2229" y="531.8975" z="-2062.6863" w="0"></containerEntry>
        </property>
      </staticProperties>
      <dynamicProperties></dynamicProperties>
    </entity>
    <entity class="StaticModelArray" classVersion="4" classID="0xD0" addr="0x2D7E710" id="0x0">
      <staticProperties>
        <property name="name" type="String" container="StaticArray" arraySize="1">
          <containerEntry>StaticModelArray0000</containerEntry>
        </property>
        <property name="dataSet" type="EntityHandle" container="StaticArray" arraySize="1">
          <containerEntry>0x2F533B0</containerEntry>
        </property>
        <property name="modelFile" type="FilePtr" container="StaticArray" arraySize="1">
          <containerEntry>/Assets/tpp/environ/object/afghanistan/rock/afgh_rock009/scenes/afgh_rock009_rock001.fmdl</containerEntry>
        </property>
        <property name="geomFile" type="FilePtr" container="StaticArray" arraySize="1">
          <containerEntry>/Assets/tpp/environ/object/afghanistan/rock/afgh_rock009/scenes/afgh_rock009_rock001.geom</containerEntry>
        </property>
        <property name="isVisibleGeom" type="Bool" container="StaticArray" arraySize="1">
          <containerEntry>false</containerEntry>
        </property>
        <property name="lodFarSize" type="Float" container="StaticArray" arraySize="1">
          <containerEntry>-1</containerEntry>
        </property>
        <property name="lodNearSize" type="Float" container="StaticArray" arraySize="1">
          <containerEntry>-1</containerEntry>
        </property>
        <property name="lodPolygonSize" type="Float" container="StaticArray" arraySize="1">
          <containerEntry>-1</containerEntry>
        </property>
        <property name="drawRejectionLevel" type="Int32" container="StaticArray" arraySize="1">
          <containerEntry>8</containerEntry>
        </property>
        <property name="drawMode" type="Int32" container="StaticArray" arraySize="1">
          <containerEntry>0</containerEntry>
        </property>
        <property name="rejectFarRangeShadowCast" type="Int32" container="StaticArray" arraySize="1">
          <containerEntry>2</containerEntry>
        </property>
        <property name="parentLocator" type="EntityLink" container="StaticArray" arraySize="1">
          <containerEntry packagePathHash="0xB8A0BF169F98" archivePathHash="0xB8A0BF169F98" nameInArchiveHash="0xB8A0BF169F98">0x0</containerEntry>
        </property>
        <property name="transforms" type="Matrix4" container="DynamicArray" arraySize="8">
          <containerEntry r11="-0.1271897" r12="0.116879836" r13="-0.98496604" r14="0" r21="-0.29034668" r22="-0.953919" r23="-0.075702585" r24="0" r31="-0.9484291" r32="0.2763534" r33="0.15526806" r34="0" r41="-1655.6688" r42="530.49963" r43="-2069.6628" r44="1"></containerEntry>
          <containerEntry r11="0.55565244" r12="-0.83134556" r13="-0.010696784" r14="0" r21="-0.7693126" r22="-0.51898366" r23="0.37257507" r24="0" r31="-0.31529027" r32="-0.19879296" r33="-0.92793906" r34="0" r41="-1636.1215" r42="513.47034" r43="-2111.0486" r44="1"></containerEntry>
          <containerEntry r11="1" r12="0" r13="0" r14="0" r21="0" r22="1" r23="0" r24="0" r31="0" r32="0" r33="1" r34="0" r41="-1538" r42="519.60364" r43="-2141.2192" r44="1"></containerEntry>
          <containerEntry r11="0.10500542" r12="-0.98202693" r13="0.15683046" r14="0" r21="-0.9695066" r22="-0.13620079" r23="-0.20372735" r24="0" r31="0.22142643" r32="-0.1306559" r33="-0.9663834" r34="0" r41="-1554.1201" r42="516.81024" r43="-2145.907" r44="1"></containerEntry>
          <containerEntry r11="-0.12718955" r12="0.11688093" r13="-0.98496544" r14="0" r21="-0.12779662" r22="0.98282474" r23="0.13312943" r24="0" r31="0.9836087" r32="0.14280851" r33="-0.11006796" r34="0" r41="-1652.1809" r42="525.65216" r43="-2073.7415" r44="1"></containerEntry>
          <containerEntry r11="0.16198526" r12="-0.97998685" r13="-0.11568721" r14="0" r21="-0.9695057" r22="-0.13619936" r23="-0.20372617" r24="0" r31="0.18389256" r32="0.14515993" r33="-0.9721651" r34="0" r41="-1578.9445" r42="512.1972" r43="-2114.383" r44="1"></containerEntry>
          <containerEntry r11="-0.22904648" r12="-0.9554796" r13="-0.18599445" r14="0" r21="-0.8187859" r22="0.29244787" r23="-0.49402684" r24="0" r31="0.5264266" r32="0.0391341" r33="-0.8493174" r34="0" r41="-1569.8356" r42="514.67487" r43="-2097.2844" r44="1"></containerEntry>
          <containerEntry r11="-0.27091295" r12="0.39303222" r13="-0.8787086" r14="0" r21="0.07347721" r22="0.91862726" r23="0.38823295" r24="0" r31="0.9597938" r32="0.040612802" r33="-0.27774686" r34="0" r41="-1573.733" r42="512.1891" r43="-2081.4883" r44="1"></containerEntry>
        </property>
        <property name="colors" type="UInt32" container="DynamicArray" arraySize="8">
          <containerEntry>4294967295</containerEntry>
          <containerEntry>4294967295</containerEntry>
          <containerEntry>4294967295</containerEntry>
          <containerEntry>4294967295</containerEntry>
          <containerEntry>4294967295</containerEntry>
          <containerEntry>4294967295</containerEntry>
          <containerEntry>4294967295</containerEntry>
          <containerEntry>4294967295</containerEntry>
        </property>
      </staticProperties>
      <dynamicProperties></dynamicProperties>
    </entity>
    <entity class="StaticModelArray" classVersion="4" classID="0xD0" addr="0x2D7E010" id="0x0">
      <staticProperties>
        <property name="name" type="String" container="StaticArray" arraySize="1">
          <containerEntry>StaticModelArray0001</containerEntry>
        </property>
        <property name="dataSet" type="EntityHandle" container="StaticArray" arraySize="1">
          <containerEntry>0x2F533B0</containerEntry>
        </property>
        <property name="modelFile" type="FilePtr" container="StaticArray" arraySize="1">
          <containerEntry>/Assets/tpp/environ/object/afghanistan/rock/afgh_rock010/scenes/afgh_rock010.fmdl</containerEntry>
        </property>
        <property name="geomFile" type="FilePtr" container="StaticArray" arraySize="1">
          <containerEntry>/Assets/tpp/environ/object/afghanistan/rock/afgh_rock010/scenes/afgh_rock010.geom</containerEntry>
        </property>
        <property name="isVisibleGeom" type="Bool" container="StaticArray" arraySize="1">
          <containerEntry>false</containerEntry>
        </property>
        <property name="lodFarSize" type="Float" container="StaticArray" arraySize="1">
          <containerEntry>-1</containerEntry>
        </property>
        <property name="lodNearSize" type="Float" container="StaticArray" arraySize="1">
          <containerEntry>-1</containerEntry>
        </property>
        <property name="lodPolygonSize" type="Float" container="StaticArray" arraySize="1">
          <containerEntry>-1</containerEntry>
        </property>
        <property name="drawRejectionLevel" type="Int32" container="StaticArray" arraySize="1">
          <containerEntry>8</containerEntry>
        </property>
        <property name="drawMode" type="Int32" container="StaticArray" arraySize="1">
          <containerEntry>0</containerEntry>
        </property>
        <property name="rejectFarRangeShadowCast" type="Int32" container="StaticArray" arraySize="1">
          <containerEntry>2</containerEntry>
        </property>
        <property name="parentLocator" type="EntityLink" container="StaticArray" arraySize="1">
          <containerEntry packagePathHash="0xB8A0BF169F98" archivePathHash="0xB8A0BF169F98" nameInArchiveHash="0xB8A0BF169F98">0x0</containerEntry>
        </property>
        <property name="transforms" type="Matrix4" container="DynamicArray" arraySize="9">
          <containerEntry r11="-0.97918814" r12="0.20178074" r13="-0.021730004" r14="0" r21="0.18830812" r22="0.8634057" r23="-0.46804968" r24="0" r31="-0.075681664" r32="-0.4624013" r33="-0.8834334" r34="0" r41="-1648.4324" r42="526.028" r43="-2069.1755" r44="1"></containerEntry>
          <containerEntry r11="-0.05907937" r12="0.027492043" r13="-0.9978742" r14="0" r21="0.117618605" r22="0.9928495" r23="0.020389918" r24="0" r31="0.99129945" r32="-0.116164" r33="-0.061890483" r34="0" r41="-1655.8163" r42="525.019" r43="-2139.4453" r44="1"></containerEntry>
          <containerEntry r11="0.5912896" r12="0.25068846" r13="-0.7665052" r14="0" r21="-0.14393903" r22="0.9680028" r23="0.20555276" r24="0" r31="0.79350895" r32="-0.011210784" r33="0.6084539" r34="0" r41="-1538.3428" r42="517.7705" r43="-2078.8762" r44="1"></containerEntry>
          <containerEntry r11="-0.085867085" r12="0.0109998435" r13="0.9962446" r14="0" r21="-0.4199702" r22="0.90636075" r23="-0.046205446" r24="0" r31="-0.9034652" r32="-0.42236114" r33="-0.07320684" r34="0" r41="-1543.3475" r42="517.87573" r43="-2130.251" r44="1"></containerEntry>
          <containerEntry r11="0.40267128" r12="-0.4733008" r13="-0.7834799" r14="0" r21="0.23342599" r22="0.8807376" r23="-0.41208407" r24="0" r31="0.8850801" r32="-0.016950637" r33="0.46512866" r34="0" r41="-1662.0249" r42="527.3741" r43="-2073.845" r44="1"></containerEntry>
          <containerEntry r11="0.9676442" r12="-0.21189854" r13="0.13698009" r14="0" r21="0.24573687" r22="0.6682522" r23="-0.70217586" r24="0" r31="0.057253174" r32="0.7131175" r33="0.69870186" r34="0" r41="-1656.3073" r42="526.8316" r43="-2073.1018" r44="1"></containerEntry>
          <containerEntry r11="-0.3528894" r12="0.06453552" r13="-0.9334354" r14="0" r21="0.20016733" r22="0.9797296" r23="-0.007938236" r24="0" r31="0.9140019" r32="-0.18964478" r33="-0.35865402" r34="0" r41="-1639.7913" r42="528.7525" r43="-2051.2485" r44="1"></containerEntry>
          <containerEntry r11="-0.9601118" r12="-0.12898059" r13="-0.24808754" r14="0" r21="-0.02844173" r22="0.9277007" r23="-0.37223983" r24="0" r31="0.27816272" r32="-0.35033613" r33="-0.8943647" r34="0" r41="-1643.4579" r42="528.5118" r43="-2064.7456" r44="1"></containerEntry>
          <containerEntry r11="-0.77035385" r12="-0.19792624" r13="0.6061195" r14="0" r21="-0.29898608" r22="0.9517443" r23="-0.069210455" r24="0" r31="-0.5631722" r32="-0.23453777" r33="-0.79235715" r34="0" r41="-1650.664" r42="528.6946" r43="-2055.7883" r44="1"></containerEntry>
        </property>
        <property name="colors" type="UInt32" container="DynamicArray" arraySize="9">
          <containerEntry>4294967295</containerEntry>
          <containerEntry>4294967295</containerEntry>
          <containerEntry>4294967295</containerEntry>
          <containerEntry>4294967295</containerEntry>
          <containerEntry>4294967295</containerEntry>
          <containerEntry>4294967295</containerEntry>
          <containerEntry>4294967295</containerEntry>
          <containerEntry>4294967295</containerEntry>
          <containerEntry>4294967295</containerEntry>
        </property>
      </staticProperties>
      <dynamicProperties></dynamicProperties>
    </entity>
    <entity class="StaticModelArray" classVersion="4" classID="0xD0" addr="0x2D7DFA0" id="0x0">
      <staticProperties>
        <property name="name" type="String" container="StaticArray" arraySize="1">
          <containerEntry>StaticModelArray0002</containerEntry>
        </property>
        <property name="dataSet" type="EntityHandle" container="StaticArray" arraySize="1">
          <containerEntry>0x2F533B0</containerEntry>
        </property>
        <property name="modelFile" type="FilePtr" container="StaticArray" arraySize="1">
          <containerEntry>/Assets/tpp/environ/object/afghanistan/cliff/afgh_clff022/scenes/afgh_clff022_vrtn002.fmdl</containerEntry>
        </property>
        <property name="geomFile" type="FilePtr" container="StaticArray" arraySize="1">
          <containerEntry>/Assets/tpp/environ/object/afghanistan/cliff/afgh_clff022/scenes/afgh_clff022_vrtn002.geom</containerEntry>
        </property>
        <property name="isVisibleGeom" type="Bool" container="StaticArray" arraySize="1">
          <containerEntry>false</containerEntry>
        </property>
        <property name="lodFarSize" type="Float" container="StaticArray" arraySize="1">
          <containerEntry>-1</containerEntry>
        </property>
        <property name="lodNearSize" type="Float" container="StaticArray" arraySize="1">
          <containerEntry>-1</containerEntry>
        </property>
        <property name="lodPolygonSize" type="Float" container="StaticArray" arraySize="1">
          <containerEntry>-1</containerEntry>
        </property>
        <property name="drawRejectionLevel" type="Int32" container="StaticArray" arraySize="1">
          <containerEntry>8</containerEntry>
        </property>
        <property name="drawMode" type="Int32" container="StaticArray" arraySize="1">
          <containerEntry>0</containerEntry>
        </property>
        <property name="rejectFarRangeShadowCast" type="Int32" container="StaticArray" arraySize="1">
          <containerEntry>2</containerEntry>
        </property>
        <property name="parentLocator" type="EntityLink" container="StaticArray" arraySize="1">
          <containerEntry packagePathHash="0xB8A0BF169F98" archivePathHash="0xB8A0BF169F98" nameInArchiveHash="0xB8A0BF169F98">0x0</containerEntry>
        </property>
        <property name="transforms" type="Matrix4" container="DynamicArray" arraySize="3">
          <containerEntry r11="0.11762619" r12="0" r13="0.9930579" r14="0" r21="0" r22="1" r23="0" r24="0" r31="-0.9930579" r32="0" r33="0.11762619" r34="0" r41="-1538.2784" r42="525.15106" r43="-2104.4402" r44="1"></containerEntry>
          <containerEntry r11="-0.42919946" r12="0" r13="0.9032087" r14="0" r21="0" r22="1" r23="0" r24="0" r31="-0.9032087" r32="0" r33="-0.42919946" r34="0" r41="-1483.595" r42="541.11194" r43="-2185.515" r44="1"></containerEntry>
          <containerEntry r11="0.73519933" r12="0.03607715" r13="0.67688954" r14="0" r21="-0.025500955" r22="0.99934787" r23="-0.025565937" r24="0" r31="-0.6773704" r32="0.0015346883" r33="0.7356399" r34="0" r41="-1477.7471" r42="543.44806" r43="-2139.669" r44="1"></containerEntry>
        </property>
        <property name="colors" type="UInt32" container="DynamicArray" arraySize="3">
          <containerEntry>4294967295</containerEntry>
          <containerEntry>4294967295</containerEntry>
          <containerEntry>4294967295</containerEntry>
        </property>
      </staticProperties>
      <dynamicProperties></dynamicProperties>
    </entity>
    <entity class="StaticModelArray" classVersion="4" classID="0xD0" addr="0x2D7E1D0" id="0x0">
      <staticProperties>
        <property name="name" type="String" container="StaticArray" arraySize="1">
          <containerEntry>StaticModelArray0003</containerEntry>
        </property>
        <property name="dataSet" type="EntityHandle" container="StaticArray" arraySize="1">
          <containerEntry>0x2F533B0</containerEntry>
        </property>
        <property name="modelFile" type="FilePtr" container="StaticArray" arraySize="1">
          <containerEntry>/Assets/tpp/environ/object/afghanistan/cliff/afgh_clff025/scenes/afgh_clff025.fmdl</containerEntry>
        </property>
        <property name="geomFile" type="FilePtr" container="StaticArray" arraySize="1">
          <containerEntry>/Assets/tpp/environ/object/afghanistan/cliff/afgh_clff025/scenes/afgh_clff025.geom</containerEntry>
        </property>
        <property name="isVisibleGeom" type="Bool" container="StaticArray" arraySize="1">
          <containerEntry>false</containerEntry>
        </property>
        <property name="lodFarSize" type="Float" container="StaticArray" arraySize="1">
          <containerEntry>-1</containerEntry>
        </property>
        <property name="lodNearSize" type="Float" container="StaticArray" arraySize="1">
          <containerEntry>-1</containerEntry>
        </property>
        <property name="lodPolygonSize" type="Float" container="StaticArray" arraySize="1">
          <containerEntry>-1</containerEntry>
        </property>
        <property name="drawRejectionLevel" type="Int32" container="StaticArray" arraySize="1">
          <containerEntry>8</containerEntry>
        </property>
        <property name="drawMode" type="Int32" container="StaticArray" arraySize="1">
          <containerEntry>0</containerEntry>
        </property>
        <property name="rejectFarRangeShadowCast" type="Int32" container="StaticArray" arraySize="1">
          <containerEntry>2</containerEntry>
        </property>
        <property name="parentLocator" type="EntityLink" container="StaticArray" arraySize="1">
          <containerEntry packagePathHash="0xB8A0BF169F98" archivePathHash="0xB8A0BF169F98" nameInArchiveHash="0xB8A0BF169F98">0x0</containerEntry>
        </property>
        <property name="transforms" type="Matrix4" container="DynamicArray" arraySize="3">
          <containerEntry r11="-0.54265666" r12="0" r13="-0.8399524" r14="0" r21="0" r22="1" r23="0" r24="0" r31="0.8399524" r32="0" r33="-0.54265666" r34="0" r41="-1620.2745" r42="517.5222" r43="-2072.661" r44="1"></containerEntry>
          <containerEntry r11="-0.26158988" r12="0" r13="-0.96517843" r14="0" r21="0" r22="1" r23="0" r24="0" r31="0.96517843" r32="0" r33="-0.26158988" r34="0" r41="-1613.7693" r42="517.7347" r43="-2063.3484" r44="1"></containerEntry>
          <containerEntry r11="-0.9595468" r12="0" r13="-0.28154272" r14="0" r21="0" r22="1" r23="0" r24="0" r31="0.28154272" r32="0" r33="-0.9595468" r34="0" r41="-1630.0532" r42="517.5222" r43="-2079.348" r44="1"></containerEntry>
        </property>
        <property name="colors" type="UInt32" container="DynamicArray" arraySize="3">
          <containerEntry>4294967295</containerEntry>
          <containerEntry>4294967295</containerEntry>
          <containerEntry>4294967295</containerEntry>
        </property>
      </staticProperties>
      <dynamicProperties></dynamicProperties>
    </entity>
    <entity class="StaticModelArray" classVersion="4" classID="0xD0" addr="0x2F53880" id="0x0">
      <staticProperties>
        <property name="name" type="String" container="StaticArray" arraySize="1">
          <containerEntry>StaticModelArray0004</containerEntry>
        </property>
        <property name="dataSet" type="EntityHandle" container="StaticArray" arraySize="1">
          <containerEntry>0x2F533B0</containerEntry>
        </property>
        <property name="modelFile" type="FilePtr" container="StaticArray" arraySize="1">
          <containerEntry>/Assets/tpp/environ/object/afghanistan/cliff/afgh_clff013/scenes/afgh_clff013.fmdl</containerEntry>
        </property>
        <property name="geomFile" type="FilePtr" container="StaticArray" arraySize="1">
          <containerEntry>/Assets/tpp/environ/object/afghanistan/cliff/afgh_clff013/scenes/afgh_clff013.geom</containerEntry>
        </property>
        <property name="isVisibleGeom" type="Bool" container="StaticArray" arraySize="1">
          <containerEntry>false</containerEntry>
        </property>
        <property name="lodFarSize" type="Float" container="StaticArray" arraySize="1">
          <containerEntry>-1</containerEntry>
        </property>
        <property name="lodNearSize" type="Float" container="StaticArray" arraySize="1">
          <containerEntry>-1</containerEntry>
        </property>
        <property name="lodPolygonSize" type="Float" container="StaticArray" arraySize="1">
          <containerEntry>-1</containerEntry>
        </property>
        <property name="drawRejectionLevel" type="Int32" container="StaticArray" arraySize="1">
          <containerEntry>8</containerEntry>
        </property>
        <property name="drawMode" type="Int32" container="StaticArray" arraySize="1">
          <containerEntry>0</containerEntry>
        </property>
        <property name="rejectFarRangeShadowCast" type="Int32" container="StaticArray" arraySize="1">
          <containerEntry>2</containerEntry>
        </property>
        <property name="parentLocator" type="EntityLink" container="StaticArray" arraySize="1">
          <containerEntry packagePathHash="0xB8A0BF169F98" archivePathHash="0xB8A0BF169F98" nameInArchiveHash="0xB8A0BF169F98">0x0</containerEntry>
        </property>
        <property name="transforms" type="Matrix4" container="DynamicArray" arraySize="3">
          <containerEntry r11="0.19924748" r12="0.04483205" r13="-0.9789238" r14="0" r21="0.048167303" r22="0.9972974" r23="0.055477433" r24="0" r31="0.97876537" r32="-0.058205858" r33="0.19654953" r34="0" r41="-1648.2803" r42="516.31067" r43="-2119.8984" r44="1"></containerEntry>
          <containerEntry r11="0.15960242" r12="-0.026780888" r13="-0.98681843" r14="0" r21="0.047778837" r22="0.99867" r23="-0.019375034" r24="0" r31="0.98602486" r32="-0.044056706" r33="0.16066968" r34="0" r41="-1648.2976" r42="516.2282" r43="-2106.5383" r44="1"></containerEntry>
          <containerEntry r11="-0.11566243" r12="0.06073753" r13="-0.9914303" r14="0" r21="0.04816748" r22="0.9972974" r23="0.055477683" r24="0" r31="0.9921204" r32="-0.041338015" r33="-0.118275404" r34="0" r41="-1645.7565" r42="516.7961" r43="-2132.9756" r44="1"></containerEntry>
        </property>
        <property name="colors" type="UInt32" container="DynamicArray" arraySize="3">
          <containerEntry>4294967295</containerEntry>
          <containerEntry>4294967295</containerEntry>
          <containerEntry>4294967295</containerEntry>
        </property>
      </staticProperties>
      <dynamicProperties></dynamicProperties>
    </entity>
    <entity class="StaticModelArray" classVersion="4" classID="0xD0" addr="0x2D7DE50" id="0x0">
      <staticProperties>
        <property name="name" type="String" container="StaticArray" arraySize="1">
          <containerEntry>StaticModelArray0005</containerEntry>
        </property>
        <property name="dataSet" type="EntityHandle" container="StaticArray" arraySize="1">
          <containerEntry>0x2F533B0</containerEntry>
        </property>
        <property name="modelFile" type="FilePtr" container="StaticArray" arraySize="1">
          <containerEntry>/Assets/tpp/environ/object/afghanistan/rock/afgh_rock011/scenes/afgh_rock011.fmdl</containerEntry>
        </property>
        <property name="geomFile" type="FilePtr" container="StaticArray" arraySize="1">
          <containerEntry>/Assets/tpp/environ/object/afghanistan/rock/afgh_rock011/scenes/afgh_rock011.geom</containerEntry>
        </property>
        <property name="isVisibleGeom" type="Bool" container="StaticArray" arraySize="1">
          <containerEntry>false</containerEntry>
        </property>
        <property name="lodFarSize" type="Float" container="StaticArray" arraySize="1">
          <containerEntry>-1</containerEntry>
        </property>
        <property name="lodNearSize" type="Float" container="StaticArray" arraySize="1">
          <containerEntry>-1</containerEntry>
        </property>
        <property name="lodPolygonSize" type="Float" container="StaticArray" arraySize="1">
          <containerEntry>-1</containerEntry>
        </property>
        <property name="drawRejectionLevel" type="Int32" container="StaticArray" arraySize="1">
          <containerEntry>8</containerEntry>
        </property>
        <property name="drawMode" type="Int32" container="StaticArray" arraySize="1">
          <containerEntry>0</containerEntry>
        </property>
        <property name="rejectFarRangeShadowCast" type="Int32" container="StaticArray" arraySize="1">
          <containerEntry>2</containerEntry>
        </property>
        <property name="parentLocator" type="EntityLink" container="StaticArray" arraySize="1">
          <containerEntry packagePathHash="0xB8A0BF169F98" archivePathHash="0xB8A0BF169F98" nameInArchiveHash="0xB8A0BF169F98">0x0</containerEntry>
        </property>
        <property name="transforms" type="Matrix4" container="DynamicArray" arraySize="7">
          <containerEntry r11="0.29792604" r12="-0.16916999" r13="-0.93947923" r14="0" r21="0.113262475" r22="0.9834841" r23="-0.14117622" r24="0" r31="0.9478456" r32="-0.06434772" r33="0.31216615" r34="0" r41="-1625.5248" r42="519.0632" r43="-2070.4453" r44="1"></containerEntry>
          <containerEntry r11="0.89258057" r12="-0.27422488" r13="-0.35791138" r14="0" r21="0.26264286" r22="0.9614333" r23="-0.081637554" r24="0" r31="0.36649498" r32="-0.021134833" r33="0.9301799" r34="0" r41="-1632.5618" r42="521.70264" r43="-2060.6514" r44="1"></containerEntry>
          <containerEntry r11="-0.8855119" r12="-0.1762271" r13="-0.4298907" r14="0" r21="-0.13736129" r22="0.9832121" r23="-0.12010731" r24="0" r31="0.4438399" r32="-0.047306415" r33="-0.89485276" r34="0" r41="-1553.1038" r42="515.19745" r43="-2142.1296" r44="1"></containerEntry>
          <containerEntry r11="0.95814663" r12="0.13064414" r13="-0.25472918" r14="0" r21="-0.13380712" r22="0.99099505" r23="0.0049498146" r24="0" r31="0.253082" r32="0.029342007" r33="0.9669997" r34="0" r41="-1536.177" r42="525.36163" r43="-2107.7454" r44="1"></containerEntry>
          <containerEntry r11="-0.9305721" r12="0.28564966" r13="0.22897094" r14="0" r21="0.30936265" r22="0.94801134" r23="0.07462528" r24="0" r31="-0.19575027" r32="0.14027993" r33="-0.9705622" r34="0" r41="-1639.3894" r42="519.9179" r43="-2166.9023" r44="1"></containerEntry>
          <containerEntry r11="0.7701605" r12="-0.4466057" r13="0.45540658" r14="0" r21="0.45701894" r22="0.88442785" r23="0.09444886" r24="0" r31="-0.44495562" r32="0.13538912" r33="0.88525915" r34="0" r41="-1642.612" r42="520.2654" r43="-2151.8816" r44="1"></containerEntry>
          <containerEntry r11="0.09403837" r12="-0.0642337" r13="-0.9934911" r14="0" r21="-0.07727095" r22="0.9944352" r23="-0.07160829" r24="0" r31="0.99256223" r32="0.083501965" r33="0.0885517" r34="0" r41="-1566.2893" r42="511.89526" r43="-2062.0686" r44="1"></containerEntry>
        </property>
        <property name="colors" type="UInt32" container="DynamicArray" arraySize="7">
          <containerEntry>4294967295</containerEntry>
          <containerEntry>4294967295</containerEntry>
          <containerEntry>4294967295</containerEntry>
          <containerEntry>4294967295</containerEntry>
          <containerEntry>4294967295</containerEntry>
          <containerEntry>4294967295</containerEntry>
          <containerEntry>4294967295</containerEntry>
        </property>
      </staticProperties>
      <dynamicProperties></dynamicProperties>
    </entity>
    <entity class="StaticModelArray" classVersion="4" classID="0xD0" addr="0x2D7E160" id="0x0">
      <staticProperties>
        <property name="name" type="String" container="StaticArray" arraySize="1">
          <containerEntry>StaticModelArray0006</containerEntry>
        </property>
        <property name="dataSet" type="EntityHandle" container="StaticArray" arraySize="1">
          <containerEntry>0x2F533B0</containerEntry>
        </property>
        <property name="modelFile" type="FilePtr" container="StaticArray" arraySize="1">
          <containerEntry>/Assets/tpp/environ/object/afghanistan/rock/afgh_rock001/scenes/afgh_rock001.fmdl</containerEntry>
        </property>
        <property name="geomFile" type="FilePtr" container="StaticArray" arraySize="1">
          <containerEntry>/Assets/tpp/environ/object/afghanistan/rock/afgh_rock001/scenes/afgh_rock001.geom</containerEntry>
        </property>
        <property name="isVisibleGeom" type="Bool" container="StaticArray" arraySize="1">
          <containerEntry>false</containerEntry>
        </property>
        <property name="lodFarSize" type="Float" container="StaticArray" arraySize="1">
          <containerEntry>-1</containerEntry>
        </property>
        <property name="lodNearSize" type="Float" container="StaticArray" arraySize="1">
          <containerEntry>-1</containerEntry>
        </property>
        <property name="lodPolygonSize" type="Float" container="StaticArray" arraySize="1">
          <containerEntry>-1</containerEntry>
        </property>
        <property name="drawRejectionLevel" type="Int32" container="StaticArray" arraySize="1">
          <containerEntry>8</containerEntry>
        </property>
        <property name="drawMode" type="Int32" container="StaticArray" arraySize="1">
          <containerEntry>0</containerEntry>
        </property>
        <property name="rejectFarRangeShadowCast" type="Int32" container="StaticArray" arraySize="1">
          <containerEntry>2</containerEntry>
        </property>
        <property name="parentLocator" type="EntityLink" container="StaticArray" arraySize="1">
          <containerEntry packagePathHash="0xB8A0BF169F98" archivePathHash="0xB8A0BF169F98" nameInArchiveHash="0xB8A0BF169F98">0x0</containerEntry>
        </property>
        <property name="transforms" type="Matrix4" container="DynamicArray" arraySize="17">
          <containerEntry r11="-0.95008004" r12="0.03790536" r13="0.30967772" r14="0" r21="0.09499796" r22="0.98060673" r23="0.17142268" r24="0" r31="-0.29717416" r32="0.19228502" r33="-0.9352557" r34="0" r41="-1645.6483" r42="521.6982" r43="-2133.0803" r44="1"></containerEntry>
          <containerEntry r11="0.96723527" r12="-0.06914566" r13="-0.24428372" r14="0" r21="0.04147998" r22="-0.9062189" r23="0.42074898" r24="0" r31="-0.25046968" r32="-0.4170961" r33="-0.87365836" r34="0" r41="-1631.0636" r42="515.2286" r43="-2092.4329" r44="1"></containerEntry>
          <containerEntry r11="0.96723527" r12="-0.06914566" r13="-0.24428372" r14="0" r21="0.04147998" r22="-0.9062189" r23="0.42074898" r24="0" r31="-0.25046968" r32="-0.4170961" r33="-0.87365836" r34="0" r41="-1644.6816" r42="520.7893" r43="-2078.613" r44="1"></containerEntry>
          <containerEntry r11="0.96723527" r12="-0.06914566" r13="-0.24428372" r14="0" r21="0.04147998" r22="-0.9062189" r23="0.42074898" r24="0" r31="-0.25046968" r32="-0.4170961" r33="-0.87365836" r34="0" r41="-1635.9938" r42="513.58826" r43="-2114.2134" r44="1"></containerEntry>
          <containerEntry r11="0.9672354" r12="-0.069145486" r13="-0.24428314" r14="0" r21="-0.1184928" r22="-0.9739108" r23="-0.19349732" r24="0" r31="-0.22453243" r32="0.21610333" r33="-0.95019406" r34="0" r41="-1598.6187" r42="511.72284" r43="-2127.0977" r44="1"></containerEntry>
          <containerEntry r11="0.9672354" r12="-0.069145486" r13="-0.24428314" r14="0" r21="-0.1184928" r22="-0.9739108" r23="-0.19349732" r24="0" r31="-0.22453243" r32="0.21610333" r33="-0.95019406" r34="0" r41="-1634.7715" r42="519.548" r43="-2169.9543" r44="1"></containerEntry>
          <containerEntry r11="0.9672354" r12="-0.069145486" r13="-0.24428314" r14="0" r21="-0.1184928" r22="-0.9739108" r23="-0.19349732" r24="0" r31="-0.22453243" r32="0.21610333" r33="-0.95019406" r34="0" r41="-1630.8121" r42="516.57776" r43="-2150.3528" r44="1"></containerEntry>
          <containerEntry r11="-0.90119797" r12="-0.3631204" r13="0.23661478" r14="0" r21="-0.28165117" r22="0.9056148" r23="0.31707188" r24="0" r31="-0.32941708" r32="0.2191016" r33="-0.9184115" r34="0" r41="-1545.2457" r42="516.97284" r43="-2154.5957" r44="1"></containerEntry>
          <containerEntry r11="-0.94686913" r12="0.27131194" r13="0.17270564" r14="0" r21="0.24401319" r22="0.95584434" r23="-0.16376548" r24="0" r31="-0.20951124" r32="-0.11292212" r33="-0.97126323" r34="0" r41="-1545.8828" r42="526.16785" r43="-2116.964" r44="1"></containerEntry>
          <containerEntry r11="-0.94686913" r12="0.27131194" r13="0.17270564" r14="0" r21="0.24401319" r22="0.95584434" r23="-0.16376548" r24="0" r31="-0.20951124" r32="-0.11292212" r33="-0.97126323" r34="0" r41="-1555.8118" r42="516.4662" r43="-2124.81" r44="1"></containerEntry>
          <containerEntry r11="-0.90119797" r12="-0.3631204" r13="0.23661478" r14="0" r21="-0.28165117" r22="0.9056148" r23="0.31707188" r24="0" r31="-0.32941708" r32="0.2191016" r33="-0.9184115" r34="0" r41="-1536.5361" r42="518.82764" r43="-2163.8262" r44="1"></containerEntry>
          <containerEntry r11="-0.31623393" r12="0.927788" r13="-0.19796503" r14="0" r21="0.42385218" r22="-0.048502684" r23="-0.9044251" r24="0" r31="-0.8487227" r32="-0.3699252" r33="-0.37790102" r34="0" r41="-1653.4319" r42="526.3161" r43="-2072.8726" r44="1"></containerEntry>
          <containerEntry r11="-0.4389313" r12="-0.08621305" r13="-0.89437354" r14="0" r21="0.07142992" r22="0.9888877" r23="-0.13037936" r24="0" r31="0.8956754" r32="-0.121112846" r33="-0.42789555" r34="0" r41="-1587.0941" r42="512.9791" r43="-2053.8525" r44="1"></containerEntry>
          <containerEntry r11="-0.48898655" r12="0.14864604" r13="0.85953075" r14="0" r21="-0.19487695" r22="-0.9790819" r23="0.0584556" r24="0" r31="0.8502422" r32="-0.13891883" r33="0.50772893" r34="0" r41="-1616.3994" r42="519.7003" r43="-2060.2937" r44="1"></containerEntry>
          <containerEntry r11="0.14599621" r12="-0.28615493" r13="0.9469954" r14="0" r21="-0.28165042" r22="0.9056148" r23="0.31707224" r24="0" r31="-0.9483448" r32="-0.313013" r33="0.051620662" r34="0" r41="-1557.8752" r42="516.91125" r43="-2088.3408" r44="1"></containerEntry>
          <containerEntry r11="0.14599621" r12="-0.28615493" r13="0.9469954" r14="0" r21="-0.28165042" r22="0.9056148" r23="0.31707224" r24="0" r31="-0.9483448" r32="-0.313013" r33="0.051620662" r34="0" r41="-1569.9232" r42="515.6711" r43="-2104.8704" r44="1"></containerEntry>
          <containerEntry r11="0.14599621" r12="-0.28615493" r13="0.9469954" r14="0" r21="-0.28165042" r22="0.9056148" r23="0.31707224" r24="0" r31="-0.9483448" r32="-0.313013" r33="0.051620662" r34="0" r41="-1544.8406" r42="515.6959" r43="-2052.5874" r44="1"></containerEntry>
        </property>
        <property name="colors" type="UInt32" container="DynamicArray" arraySize="17">
          <containerEntry>4294967295</containerEntry>
