<fox formatVersion="2" fileVersion="0">
  <entities>
    <entity class="DataSet" classVersion="0" classID="0xE8" addr="0x2EF47D0" id="0x6B308">
      <staticProperties>
        <property name="name" type="String" container="StaticArray" arraySize="1">
          <containerEntry hash="0xB8A0BF169F98"></containerEntry>
        </property>
        <property name="dataSet" type="EntityHandle" container="StaticArray" arraySize="1">
          <containerEntry>0x0</containerEntry>
        </property>
        <property name="dataList" type="EntityPtr" container="StringMap" arraySize="4">
          <containerEntry key="StaticModelArray0000">
            <data>0x2D7A6C0</data>
          </containerEntry>
          <containerEntry key="StaticModelArray0001">
            <data>0x2D7A7A0</data>
          </containerEntry>
          <containerEntry key="StaticModelArray0002">
            <data>0x2D7A730</data>
          </containerEntry>
          <containerEntry key="TexturePackLoadConditioner0000">
            <data>0x2D7AEA0</data>
          </containerEntry>
        </property>
      </staticProperties>
      <dynamicProperties></dynamicProperties>
    </entity>
    <entity class="StaticModelArray" classVersion="4" classID="0xD0" addr="0x2D7A6C0" id="0x0">
      <staticProperties>
        <property name="name" type="String" container="StaticArray" arraySize="1">
          <containerEntry>StaticModelArray0000</containerEntry>
        </property>
        <property name="dataSet" type="EntityHandle" container="StaticArray" arraySize="1">
          <containerEntry>0x2EF47D0</containerEntry>
        </property>
        <property name="modelFile" type="FilePtr" container="StaticArray" arraySize="1">
          <containerEntry>/Assets/tpp/environ/object/middle_africa/rock/mafr_rock011/scenes/mafr_rock011.fmdl</containerEntry>
        </property>
        <property name="geomFile" type="FilePtr" container="StaticArray" arraySize="1">
          <containerEntry>/Assets/tpp/environ/object/middle_africa/rock/mafr_rock011/scenes/mafr_rock011.geom</containerEntry>
        </property>
        <property name="isVisibleGeom" type="Bool" container="StaticArray" arraySize="1">
          <containerEntry>false</containerEntry>
        </property>
        <property name="lodFarSize" type="Float" container="StaticArray" arraySize="1">
          <containerEntry>-1</containerEntry>
        </property>
        <property name="lodNearSize" type="Float" container="StaticArray" arraySize="1">
          <containerEntry>-1</containerEntry>
        </property>
        <property name="lodPolygonSize" type="Float" container="StaticArray" arraySize="1">
          <containerEntry>-1</containerEntry>
        </property>
        <property name="drawRejectionLevel" type="Int32" container="StaticArray" arraySize="1">
          <containerEntry>8</containerEntry>
        </property>
        <property name="drawMode" type="Int32" container="StaticArray" arraySize="1">
          <containerEntry>0</containerEntry>
        </property>
        <property name="rejectFarRangeShadowCast" type="Int32" container="StaticArray" arraySize="1">
          <containerEntry>2</containerEntry>
        </property>
        <property name="parentLocator" type="EntityLink" container="StaticArray" arraySize="1">
          <containerEntry packagePathHash="0xB8A0BF169F98" archivePathHash="0xB8A0BF169F98" nameInArchiveHash="0xB8A0BF169F98">0x0</containerEntry>
        </property>
        <property name="transforms" type="Matrix4" container="DynamicArray" arraySize="12">
          <containerEntry r11="-0.9974202" r12="0.01010802" r13="0.07102659" r14="0" r21="-0.018958045" r22="0.91769755" r23="-0.39682677" r24="0" r31="-0.06919207" r32="-0.39715078" r33="-0.91513824" r34="0" r41="1324.5868" r42="31.031376" r43="-464.9386" r44="1"></containerEntry>
          <containerEntry r11="-0.9974202" r12="0.01010802" r13="0.07102659" r14="0" r21="-0.018958045" r22="0.91769755" r23="-0.39682677" r24="0" r31="-0.06919207" r32="-0.39715078" r33="-0.91513824" r34="0" r41="1333.8301" r42="31.188051" r43="-465.01788" r44="1"></containerEntry>
          <containerEntry r11="-0.9974202" r12="0.01010802" r13="0.07102659" r14="0" r21="-0.018958045" r22="0.91769755" r23="-0.39682677" r24="0" r31="-0.06919207" r32="-0.39715078" r33="-0.91513824" r34="0" r41="1342.4589" r42="31.108337" r43="-465.0299" r44="1"></containerEntry>
          <containerEntry r11="-0.99849147" r12="-0.040675603" r13="-0.03675979" r14="0" r21="-0.02476875" r22="0.93284416" r23="-0.35942718" r24="0" r31="0.0489111" r32="-0.3579761" r33="-0.93244416" r34="0" r41="1335.7953" r42="36.261486" r43="-495.0481" r44="1"></containerEntry>
          <containerEntry r11="0.99497014" r12="0.066440694" r13="0.07496615" r14="0" r21="-0.09838825" r22="0.50761485" r23="0.8559467" r24="0" r31="0.018815966" r32="-0.8590173" r33="0.51159865" r34="0" r41="1344.1256" r42="37.94206" r43="-498.24152" r44="1"></containerEntry>
          <containerEntry r11="-0.98984027" r12="0.031398628" r13="-0.13865131" r14="0" r21="0.10445711" r22="0.8221979" r23="-0.55953443" r24="0" r31="0.09643014" r32="-0.5683346" r33="-0.8171239" r34="0" r41="1304.6716" r42="28.058693" r43="-436.55374" r44="1"></containerEntry>
          <containerEntry r11="0.043299966" r12="0.10093798" r13="-0.993948" r14="0" r21="0.5802961" r22="0.8073106" r23="0.10726279" r24="0" r31="0.81325114" r32="-0.5814296" r33="-0.023617148" r34="0" r41="1310.1149" r42="28.209057" r43="-440.87238" r44="1"></containerEntry>
          <containerEntry r11="-0.93025756" r12="0.00092627853" r13="-0.3668923" r14="0" r21="0.19328299" r22="0.8512183" r23="-0.4879225" r24="0" r31="0.31185332" r32="-0.52481025" r33="-0.7920305" r34="0" r41="1322.0278" r42="28.839277" r43="-434.76135" r44="1"></containerEntry>
          <containerEntry r11="0.988737" r12="0.14964817" r13="-0.0021375231" r14="0" r21="-0.100992575" r22="0.67767054" r23="0.7283968" r24="0" r31="0.11045201" r32="-0.7199769" r33="0.6851513" r34="0" r41="1333.6694" r42="28.839277" r43="-432.54697" r44="1"></containerEntry>
          <containerEntry r11="-0.99937695" r12="-0.03200287" r13="0.014676112" r14="0" r21="-0.035088222" r22="0.93962616" r23="-0.34039873" r24="0" r31="-0.0028963042" r32="-0.34070265" r33="-0.9401635" r34="0" r41="1386.3158" r42="21.463482" r43="-346.32077" r44="1"></containerEntry>
          <containerEntry r11="-0.9520526" r12="-0.0025178753" r13="-0.30590013" r14="0" r21="0.12518847" r22="0.9091928" r23="-0.39710906" r24="0" r31="0.27912197" r32="-0.4163669" r33="-0.8652835" r34="0" r41="1399.9529" r42="21.974285" r43="-342.7285" r44="1"></containerEntry>
          <containerEntry r11="-0.70261484" r12="0.086459026" r13="-0.7062926" r14="0" r21="0.35434318" r22="0.90327835" r23="-0.24192703" r24="0" r31="0.61706185" r32="-0.42025304" r33="-0.6652927" r34="0" r41="1354.3508" r42="21.463482" r43="-359.09506" r44="1"></containerEntry>
        </property>
        <property name="colors" type="UInt32" container="DynamicArray" arraySize="12">
          <containerEntry>4294967295</containerEntry>
          <containerEntry>4294967295</containerEntry>
          <containerEntry>4294967295</containerEntry>
          <containerEntry>4294967295</containerEntry>
          <containerEntry>4294967295</containerEntry>
          <containerEntry>4294967295</containerEntry>
          <containerEntry>4294967295</containerEntry>
          <containerEntry>4294967295</containerEntry>
          <containerEntry>4294967295</containerEntry>
          <containerEntry>4294967295</containerEntry>
          <containerEntry>4294967295</containerEntry>
          <containerEntry>4294967295</containerEntry>
        </property>
      </staticProperties>
      <dynamicProperties></dynamicProperties>
    </entity>
    <entity class="StaticModelArray" classVersion="4" classID="0xD0" addr="0x2D7A7A0" id="0x0">
      <staticProperties>
        <property name="name" type="String" container="StaticArray" arraySize="1">
          <containerEntry>StaticModelArray0001</containerEntry>
        </property>
        <property name="dataSet" type="EntityHandle" container="StaticArray" arraySize="1">
          <containerEntry>0x2EF47D0</containerEntry>
        </property>
        <property name="modelFile" type="FilePtr" container="StaticArray" arraySize="1">
          <containerEntry>/Assets/tpp/environ/object/middle_africa/rock/mafr_rock002/scenes/mafr_rock002.fmdl</containerEntry>
        </property>
        <property name="geomFile" type="FilePtr" container="StaticArray" arraySize="1">
          <containerEntry>/Assets/tpp/environ/object/middle_africa/rock/mafr_rock002/scenes/mafr_rock002.geom</containerEntry>
        </property>
        <property name="isVisibleGeom" type="Bool" container="StaticArray" arraySize="1">
          <containerEntry>false</containerEntry>
        </property>
        <property name="lodFarSize" type="Float" container="StaticArray" arraySize="1">
          <containerEntry>-1</containerEntry>
        </property>
        <property name="lodNearSize" type="Float" container="StaticArray" arraySize="1">
          <containerEntry>-1</containerEntry>
        </property>
        <property name="lodPolygonSize" type="Float" container="StaticArray" arraySize="1">
          <containerEntry>-1</containerEntry>
        </property>
        <property name="drawRejectionLevel" type="Int32" container="StaticArray" arraySize="1">
          <containerEntry>8</containerEntry>
        </property>
        <property name="drawMode" type="Int32" container="StaticArray" arraySize="1">
          <containerEntry>0</containerEntry>
        </property>
        <property name="rejectFarRangeShadowCast" type="Int32" container="StaticArray" arraySize="1">
          <containerEntry>2</containerEntry>
        </property>
        <property name="parentLocator" type="EntityLink" container="StaticArray" arraySize="1">
          <containerEntry packagePathHash="0xB8A0BF169F98" archivePathHash="0xB8A0BF169F98" nameInArchiveHash="0xB8A0BF169F98">0x0</containerEntry>
        </property>
        <property name="transforms" type="Matrix4" container="DynamicArray" arraySize="3">
          <containerEntry r11="0.9770889" r12="0.06790967" r13="0.20170638" r14="0" r21="-0.09001286" r22="0.9906516" r23="0.102504134" r24="0" r31="-0.19285971" r32="-0.11831184" r33="0.97406745" r34="0" r41="1352.1956" r42="38.022957" r43="-481.08878" r44="1"></containerEntry>
          <containerEntry r11="-0.9785092" r12="-0.12552164" r13="0.16360018" r14="0" r21="-0.109114654" r22="0.9883918" r23="0.10571461" r24="0" r31="-0.17497054" r32="0.0855915" r33="-0.9808467" r34="0" r41="1296.1113" r42="36.712967" r43="-495.17227" r44="1"></containerEntry>
          <containerEntry r11="0.08011687" r12="-0.11230239" r13="0.9904381" r14="0" r21="-0.028750379" r22="0.9929593" r23="0.11491375" r24="0" r31="-0.99636984" r32="-0.037681922" r33="0.076324046" r34="0" r41="1329.0677" r42="19.749504" r43="-313.95862" r44="1"></containerEntry>
        </property>
        <property name="colors" type="UInt32" container="DynamicArray" arraySize="3">
          <containerEntry>4294967295</containerEntry>
          <containerEntry>4294967295</containerEntry>
          <containerEntry>4294967295</containerEntry>
        </property>
      </staticProperties>
      <dynamicProperties></dynamicProperties>
    </entity>
    <entity class="StaticModelArray" classVersion="4" classID="0xD0" addr="0x2D7A730" id="0x0">
      <staticProperties>
        <property name="name" type="String" container="StaticArray" arraySize="1">
          <containerEntry>StaticModelArray0002</containerEntry>
        </property>
        <property name="dataSet" type="EntityHandle" container="StaticArray" arraySize="1">
          <containerEntry>0x2EF47D0</containerEntry>
        </property>
        <property name="modelFile" type="FilePtr" container="StaticArray" arraySize="1">
          <containerEntry>/Assets/tpp/environ/object/middle_africa/rock/mafr_rock010/scenes/mafr_rock010.fmdl</containerEntry>
        </property>
        <property name="geomFile" type="FilePtr" container="StaticArray" arraySize="1">
          <containerEntry>/Assets/tpp/environ/object/middle_africa/rock/mafr_rock010/scenes/mafr_rock010.geom</containerEntry>
        </property>
        <property name="isVisibleGeom" type="Bool" container="StaticArray" arraySize="1">
          <containerEntry>false</containerEntry>
        </property>
        <property name="lodFarSize" type="Float" container="StaticArray" arraySize="1">
          <containerEntry>-1</containerEntry>
        </property>
        <property name="lodNearSize" type="Float" container="StaticArray" arraySize="1">
          <containerEntry>-1</containerEntry>
        </property>
        <property name="lodPolygonSize" type="Float" container="StaticArray" arraySize="1">
          <containerEntry>-1</containerEntry>
        </property>
        <property name="drawRejectionLevel" type="Int32" container="StaticArray" arraySize="1">
          <containerEntry>8</containerEntry>
        </property>
        <property name="drawMode" type="Int32" container="StaticArray" arraySize="1">
          <containerEntry>0</containerEntry>
        </property>
        <property name="rejectFarRangeShadowCast" type="Int32" container="StaticArray" arraySize="1">
          <containerEntry>2</containerEntry>
        </property>
        <property name="parentLocator" type="EntityLink" container="StaticArray" arraySize="1">
          <containerEntry packagePathHash="0xB8A0BF169F98" archivePathHash="0xB8A0BF169F98" nameInArchiveHash="0xB8A0BF169F98">0x0</containerEntry>
        </property>
        <property name="transforms" type="Matrix4" container="DynamicArray" arraySize="13">
          <containerEntry r11="0.9570376" r12="-0.02283885" r13="-0.28906307" r14="0" r21="0.02476522" r22="0.99968874" r23="0.003008022" r24="0" r31="0.2889044" r32="-0.010037495" r33="0.9573054" r34="0" r41="1323.5721" r42="34.724842" r43="-474.3527" r44="1"></containerEntry>
          <containerEntry r11="-0.6739311" r12="0.014473239" r13="0.73865455" r14="0" r21="0.024765907" r22="0.99968874" r23="0.0030078236" r24="0" r31="-0.7383811" r32="0.020320494" r33="-0.6740798" r34="0" r41="1331.4409" r42="34.087513" r43="-473.166" r44="1"></containerEntry>
          <containerEntry r11="-0.45754603" r12="0.008659524" r13="0.8891428" r14="0" r21="0.024765879" r22="0.99968874" r23="0.0030081999" r24="0" r31="-0.88884" r32="0.023396809" r33="-0.45761806" r34="0" r41="1313.6027" r42="34.058754" r43="-471.35098" r44="1"></containerEntry>
          <containerEntry r11="-0.45356107" r12="-0.07030601" r13="0.8884462" r14="0" r21="-0.05024889" r22="0.99731517" r23="0.0532685" r24="0" r31="-0.8898059" r32="-0.020482885" r33="-0.4558761" r34="0" r41="1301.4646" r42="36.65928" r43="-496.52536" r44="1"></containerEntry>
          <containerEntry r11="0.9951918" r12="-0.024369959" r13="-0.09486502" r14="0" r21="0.024766758" r22="0.9996887" r23="0.0030074436" r24="0" r31="0.0947622" r32="-0.0053424826" r33="0.9954856" r34="0" r41="1314.9072" r42="30.110588" r43="-437.947" r44="1"></containerEntry>
          <containerEntry r11="0.28279147" r12="-0.009891205" r13="0.9591295" r14="0" r21="0.024766251" r22="0.99968874" r23="0.003007372" r24="0" r31="-0.9588607" r32="0.022903614" r33="0.28294843" r34="0" r41="1318.1879" r42="30.084091" r43="-448.96198" r44="1"></containerEntry>
          <containerEntry r11="-0.60613304" r12="-0.08954231" r13="1.0084552" r14="0" r21="-0.08497186" r22="1.1757281" r23="0.053322162" r24="0" r31="-1.0088506" r32="-0.04522881" r33="-0.61038667" r34="0" r41="1331.1992" r42="27.324627" r43="-404.62256" r44="1"></containerEntry>
          <containerEntry r11="-1.1523675" r12="-0.072245926" r13="-0.24335779" r14="0" r21="-0.08497078" r22="1.1757281" r23="0.053321574" r24="0" r31="0.23921216" r32="0.06959706" r33="-1.153398" r34="0" r41="1335.8273" r42="27.325298" r43="-404.61346" r44="1"></containerEntry>
          <containerEntry r11="-1.0165315" r12="-0.100258365" r13="0.59077036" r14="0" r21="-0.08497112" r22="1.1757281" r23="0.05332132" r24="0" r31="-0.5931621" r32="0.0033935683" r33="-1.020071" r34="0" r41="1334.229" r42="27.615227" r43="-403.31277" r44="1"></containerEntry>
          <containerEntry r11="-1.176751" r12="-0.085812986" r13="0.016932819" r14="0" r21="-0.08497091" r22="1.1757281" r23="0.053322945" r24="0" r31="-0.020749321" r32="0.051956926" r33="-1.1786702" r34="0" r41="1333.3871" r42="26.54919" r43="-402.1116" r44="1"></containerEntry>
          <containerEntry r11="-0.8365212" r12="-0.016860895" r13="-0.96126884" r14="0" r21="-0.091769025" r22="1.2697864" r23="0.05758758" r24="0" r31="0.9570269" r32="0.107021466" r33="-0.8347069" r34="0" r41="1291.0918" r42="26.693111" r43="-414.11026" r44="1"></containerEntry>
          <containerEntry r11="0.91040164" r12="-0.044767372" r13="0.41129637" r14="0" r21="0.018548133" r22="0.9975454" r23="0.06752121" r24="0" r31="-0.41330957" r32="-0.053842634" r33="0.9089973" r34="0" r41="1365.059" r42="34.977432" r43="-462.29047" r44="1"></containerEntry>
          <containerEntry r11="-0.8347255" r12="0.029807076" r13="-0.5498541" r14="0" r21="0.07816096" r22="0.99483734" r23="-0.06472609" r24="0" r31="0.5450861" r32="-0.09700588" r33="-0.83274585" r34="0" r41="1373.6816" r42="33.755806" r43="-466.63263" r44="1"></containerEntry>
        </property>
        <property name="colors" type="UInt32" container="DynamicArray" arraySize="13">
          <containerEntry>4294967295</containerEntry>
          <containerEntry>4294967295</containerEntry>
          <containerEntry>4294967295</containerEntry>
          <containerEntry>4294967295</containerEntry>
          <containerEntry>4294967295</containerEntry>
          <containerEntry>4294967295</containerEntry>
          <containerEntry>4294967295</containerEntry>
          <containerEntry>4294967295</containerEntry>
          <containerEntry>4294967295</containerEntry>
          <containerEntry>4294967295</containerEntry>
          <containerEntry>4294967295</containerEntry>
          <containerEntry>4294967295</containerEntry>
          <containerEntry>4294967295</containerEntry>
        </property>
      </staticProperties>
      <dynamicProperties></dynamicProperties>
    </entity>
    <entity class="TexturePackLoadConditioner" classVersion="0" classID="0x48" addr="0x2D7AEA0" id="0x0">
      <staticProperties>
        <property name="name" type="String" container="StaticArray" arraySize="1">
          <containerEntry>TexturePackLoadConditioner0000</containerEntry>
        </property>
        <property name="dataSet" type="EntityHandle" container="StaticArray" arraySize="1">
          <containerEntry>0x2EF47D0</containerEntry>
        </property>
        <property name="texturePackPath" type="Path" container="StaticArray" arraySize="1">
          <containerEntry hash="0xB8A0BF169F98"></containerEntry>
        </property>
      </staticProperties>
      <dynamicProperties></dynamicProperties>
    </entity>
  </entities>
</fox>