<fox formatVersion="2" fileVersion="0">
  <entities>
    <entity class="DataSet" classVersion="0" classID="0xE8" addr="0x33544C0" id="0x326B08">
      <staticProperties>
        <property name="name" type="String" container="StaticArray" arraySize="1">
          <containerEntry hash="0xB8A0BF169F98"></containerEntry>
        </property>
        <property name="dataSet" type="EntityHandle" container="StaticArray" arraySize="1">
          <containerEntry>0x0</containerEntry>
        </property>
        <property name="dataList" type="EntityPtr" container="StringMap" arraySize="6">
          <containerEntry key="mafr_clff015_wall002_0001">
            <data>0x3354450</data>
          </containerEntry>
          <containerEntry key="mafr_clod005_0000">
            <data>0x3174A70</data>
          </containerEntry>
          <containerEntry key="mafr_rock011_0000">
            <data>0x3176AD0</data>
          </containerEntry>
          <containerEntry key="StaticModelArray0000">
            <data>0x317AE30</data>
          </containerEntry>
          <containerEntry key="StaticModelArray0001">
            <data>0x317AF80</data>
          </containerEntry>
          <containerEntry key="TexturePackLoadConditioner0000">
            <data>0x317B4C0</data>
          </containerEntry>
        </property>
      </staticProperties>
      <dynamicProperties></dynamicProperties>
    </entity>
    <entity class="StaticModel" classVersion="9" classID="0x160" addr="0x3354450" id="0x326B0A">
      <staticProperties>
        <property name="name" type="String" container="StaticArray" arraySize="1">
          <containerEntry>mafr_clff015_wall002_0001</containerEntry>
        </property>
        <property name="dataSet" type="EntityHandle" container="StaticArray" arraySize="1">
          <containerEntry>0x33544C0</containerEntry>
        </property>
        <property name="parent" type="EntityHandle" container="StaticArray" arraySize="1">
          <containerEntry>0x0</containerEntry>
        </property>
        <property name="transform" type="EntityPtr" container="StaticArray" arraySize="1">
          <containerEntry>0x33543E0</containerEntry>
        </property>
        <property name="shearTransform" type="EntityPtr" container="StaticArray" arraySize="1">
          <containerEntry>0x0</containerEntry>
        </property>
        <property name="pivotTransform" type="EntityPtr" container="StaticArray" arraySize="1">
          <containerEntry>0x0</containerEntry>
        </property>
        <property name="children" type="EntityHandle" container="List"></property>
        <property name="flags" type="UInt32" container="StaticArray" arraySize="1">
          <containerEntry>7</containerEntry>
        </property>
        <property name="modelFile" type="FilePtr" container="StaticArray" arraySize="1">
          <containerEntry>/Assets/tpp/environ/object/middle_africa/cliff/mafr_clff015/scenes/mafr_clff015_wall002.fmdl</containerEntry>
        </property>
        <property name="geomFile" type="FilePtr" container="StaticArray" arraySize="1">
          <containerEntry>/Assets/tpp/environ/object/middle_africa/cliff/mafr_clff015/scenes/mafr_clff015_wall002.geom</containerEntry>
        </property>
        <property name="isVisibleGeom" type="Bool" container="StaticArray" arraySize="1">
          <containerEntry>false</containerEntry>
        </property>
        <property name="isIsolated" type="Bool" container="StaticArray" arraySize="1">
          <containerEntry>false</containerEntry>
        </property>
        <property name="lodFarSize" type="Float" container="StaticArray" arraySize="1">
          <containerEntry>-1</containerEntry>
        </property>
        <property name="lodNearSize" type="Float" container="StaticArray" arraySize="1">
          <containerEntry>-1</containerEntry>
        </property>
        <property name="lodPolygonSize" type="Float" container="StaticArray" arraySize="1">
          <containerEntry>-1</containerEntry>
        </property>
        <property name="color" type="Color" container="StaticArray" arraySize="1">
          <containerEntry r="1" g="1" b="1" a="1"></containerEntry>
        </property>
        <property name="drawRejectionLevel" type="Int32" container="StaticArray" arraySize="1">
          <containerEntry>8</containerEntry>
        </property>
        <property name="drawMode" type="Int32" container="StaticArray" arraySize="1">
          <containerEntry>0</containerEntry>
        </property>
        <property name="rejectFarRangeShadowCast" type="Int32" container="StaticArray" arraySize="1">
          <containerEntry>2</containerEntry>
        </property>
      </staticProperties>
      <dynamicProperties></dynamicProperties>
    </entity>
    <entity class="TransformEntity" classVersion="0" classID="0x50" addr="0x33543E0" id="0x326B0D">
      <staticProperties>
        <property name="owner" type="EntityHandle" container="StaticArray" arraySize="1">
          <containerEntry>0x3354450</containerEntry>
        </property>
        <property name="transform_scale" type="Vector3" container="StaticArray" arraySize="1">
          <containerEntry x="1" y="1" z="1" w="0"></containerEntry>
        </property>
        <property name="transform_rotation_quat" type="Quat" container="StaticArray" arraySize="1">
          <containerEntry x="0" y="0.642017" z="0" w="0.76669"></containerEntry>
        </property>
        <property name="transform_translation" type="Vector3" container="StaticArray" arraySize="1">
          <containerEntry x="2056.1465" y="36.314785" z="104.76647" w="0"></containerEntry>
        </property>
      </staticProperties>
      <dynamicProperties></dynamicProperties>
    </entity>
    <entity class="StaticModel" classVersion="9" classID="0x160" addr="0x3174A70" id="0x326B23">
      <staticProperties>
        <property name="name" type="String" container="StaticArray" arraySize="1">
          <containerEntry>mafr_clod005_0000</containerEntry>
        </property>
        <property name="dataSet" type="EntityHandle" container="StaticArray" arraySize="1">
          <containerEntry>0x33544C0</containerEntry>
        </property>
        <property name="parent" type="EntityHandle" container="StaticArray" arraySize="1">
          <containerEntry>0x0</containerEntry>
        </property>
        <property name="transform" type="EntityPtr" container="StaticArray" arraySize="1">
          <containerEntry>0x3174AE0</containerEntry>
        </property>
        <property name="shearTransform" type="EntityPtr" container="StaticArray" arraySize="1">
          <containerEntry>0x0</containerEntry>
        </property>
        <property name="pivotTransform" type="EntityPtr" container="StaticArray" arraySize="1">
          <containerEntry>0x0</containerEntry>
        </property>
        <property name="children" type="EntityHandle" container="List"></property>
        <property name="flags" type="UInt32" container="StaticArray" arraySize="1">
          <containerEntry>7</containerEntry>
        </property>
        <property name="modelFile" type="FilePtr" container="StaticArray" arraySize="1">
          <containerEntry>/Assets/tpp/environ/object/middle_africa/clod/mafr_clod005/scenes/mafr_clod005.fmdl</containerEntry>
        </property>
        <property name="geomFile" type="FilePtr" container="StaticArray" arraySize="1">
          <containerEntry>/Assets/tpp/environ/object/middle_africa/clod/mafr_clod005/scenes/mafr_clod005.geom</containerEntry>
        </property>
        <property name="isVisibleGeom" type="Bool" container="StaticArray" arraySize="1">
          <containerEntry>false</containerEntry>
        </property>
        <property name="isIsolated" type="Bool" container="StaticArray" arraySize="1">
          <containerEntry>false</containerEntry>
        </property>
        <property name="lodFarSize" type="Float" container="StaticArray" arraySize="1">
          <containerEntry>-1</containerEntry>
        </property>
        <property name="lodNearSize" type="Float" container="StaticArray" arraySize="1">
          <containerEntry>-1</containerEntry>
        </property>
        <property name="lodPolygonSize" type="Float" container="StaticArray" arraySize="1">
          <containerEntry>-1</containerEntry>
        </property>
        <property name="color" type="Color" container="StaticArray" arraySize="1">
          <containerEntry r="1" g="1" b="1" a="1"></containerEntry>
        </property>
        <property name="drawRejectionLevel" type="Int32" container="StaticArray" arraySize="1">
          <containerEntry>8</containerEntry>
        </property>
        <property name="drawMode" type="Int32" container="StaticArray" arraySize="1">
          <containerEntry>0</containerEntry>
        </property>
        <property name="rejectFarRangeShadowCast" type="Int32" container="StaticArray" arraySize="1">
          <containerEntry>2</containerEntry>
        </property>
      </staticProperties>
      <dynamicProperties></dynamicProperties>
    </entity>
    <entity class="TransformEntity" classVersion="0" classID="0x50" addr="0x3174AE0" id="0x326B26">
      <staticProperties>
        <property name="owner" type="EntityHandle" container="StaticArray" arraySize="1">
          <containerEntry>0x3174A70</containerEntry>
        </property>
        <property name="transform_scale" type="Vector3" container="StaticArray" arraySize="1">
          <containerEntry x="1" y="1" z="1" w="0"></containerEntry>
        </property>
        <property name="transform_rotation_quat" type="Quat" container="StaticArray" arraySize="1">
          <containerEntry x="0.000313" y="-0.870602" z="-0.055607" w="0.488835"></containerEntry>
        </property>
        <property name="transform_translation" type="Vector3" container="StaticArray" arraySize="1">
          <containerEntry x="2074.8267" y="56.879425" z="24.028946" w="0"></containerEntry>
        </property>
      </staticProperties>
      <dynamicProperties></dynamicProperties>
    </entity>
    <entity class="StaticModel" classVersion="9" classID="0x160" addr="0x3176AD0" id="0x326BEA">
      <staticProperties>
        <property name="name" type="String" container="StaticArray" arraySize="1">
          <containerEntry>mafr_rock011_0000</containerEntry>
        </property>
        <property name="dataSet" type="EntityHandle" container="StaticArray" arraySize="1">
          <containerEntry>0x33544C0</containerEntry>
        </property>
        <property name="parent" type="EntityHandle" container="StaticArray" arraySize="1">
          <containerEntry>0x0</containerEntry>
        </property>
        <property name="transform" type="EntityPtr" container="StaticArray" arraySize="1">
          <containerEntry>0x3176B40</containerEntry>
        </property>
        <property name="shearTransform" type="EntityPtr" container="StaticArray" arraySize="1">
          <containerEntry>0x0</containerEntry>
        </property>
        <property name="pivotTransform" type="EntityPtr" container="StaticArray" arraySize="1">
          <containerEntry>0x0</containerEntry>
        </property>
        <property name="children" type="EntityHandle" container="List"></property>
        <property name="flags" type="UInt32" container="StaticArray" arraySize="1">
          <containerEntry>7</containerEntry>
        </property>
        <property name="modelFile" type="FilePtr" container="StaticArray" arraySize="1">
          <containerEntry>/Assets/tpp/environ/object/middle_africa/rock/mafr_rock011/scenes/mafr_rock011.fmdl</containerEntry>
        </property>
        <property name="geomFile" type="FilePtr" container="StaticArray" arraySize="1">
          <containerEntry>/Assets/tpp/environ/object/middle_africa/rock/mafr_rock011/scenes/mafr_rock011.geom</containerEntry>
        </property>
        <property name="isVisibleGeom" type="Bool" container="StaticArray" arraySize="1">
          <containerEntry>false</containerEntry>
        </property>
        <property name="isIsolated" type="Bool" container="StaticArray" arraySize="1">
          <containerEntry>false</containerEntry>
        </property>
        <property name="lodFarSize" type="Float" container="StaticArray" arraySize="1">
          <containerEntry>-1</containerEntry>
        </property>
        <property name="lodNearSize" type="Float" container="StaticArray" arraySize="1">
          <containerEntry>-1</containerEntry>
        </property>
        <property name="lodPolygonSize" type="Float" container="StaticArray" arraySize="1">
          <containerEntry>-1</containerEntry>
        </property>
        <property name="color" type="Color" container="StaticArray" arraySize="1">
          <containerEntry r="1" g="1" b="1" a="1"></containerEntry>
        </property>
        <property name="drawRejectionLevel" type="Int32" container="StaticArray" arraySize="1">
          <containerEntry>8</containerEntry>
        </property>
        <property name="drawMode" type="Int32" container="StaticArray" arraySize="1">
          <containerEntry>0</containerEntry>
        </property>
        <property name="rejectFarRangeShadowCast" type="Int32" container="StaticArray" arraySize="1">
          <containerEntry>2</containerEntry>
        </property>
      </staticProperties>
      <dynamicProperties></dynamicProperties>
    </entity>
    <entity class="TransformEntity" classVersion="0" classID="0x50" addr="0x3176B40" id="0x326BED">
      <staticProperties>
        <property name="owner" type="EntityHandle" container="StaticArray" arraySize="1">
          <containerEntry>0x3176AD0</containerEntry>
        </property>
        <property name="transform_scale" type="Vector3" container="StaticArray" arraySize="1">
          <containerEntry x="1" y="1" z="1.102071" w="0"></containerEntry>
        </property>
        <property name="transform_rotation_quat" type="Quat" container="StaticArray" arraySize="1">
          <containerEntry x="-0.283914" y="0.436849" z="0.255115" w="0.814538"></containerEntry>
        </property>
        <property name="transform_translation" type="Vector3" container="StaticArray" arraySize="1">
          <containerEntry x="2135.7825" y="64.87826" z="67.57845" w="1"></containerEntry>
        </property>
      </staticProperties>
      <dynamicProperties></dynamicProperties>
    </entity>
    <entity class="StaticModelArray" classVersion="4" classID="0xD0" addr="0x317AE30" id="0x0">
      <staticProperties>
        <property name="name" type="String" container="StaticArray" arraySize="1">
          <containerEntry>StaticModelArray0000</containerEntry>
        </property>
        <property name="dataSet" type="EntityHandle" container="StaticArray" arraySize="1">
          <containerEntry>0x33544C0</containerEntry>
        </property>
        <property name="modelFile" type="FilePtr" container="StaticArray" arraySize="1">
          <containerEntry>/Assets/tpp/environ/object/middle_africa/rock/mafr_rock002/scenes/mafr_rock002.fmdl</containerEntry>
        </property>
        <property name="geomFile" type="FilePtr" container="StaticArray" arraySize="1">
          <containerEntry>/Assets/tpp/environ/object/middle_africa/rock/mafr_rock002/scenes/mafr_rock002.geom</containerEntry>
        </property>
        <property name="isVisibleGeom" type="Bool" container="StaticArray" arraySize="1">
          <containerEntry>false</containerEntry>
        </property>
        <property name="lodFarSize" type="Float" container="StaticArray" arraySize="1">
          <containerEntry>-1</containerEntry>
        </property>
        <property name="lodNearSize" type="Float" container="StaticArray" arraySize="1">
          <containerEntry>-1</containerEntry>
        </property>
        <property name="lodPolygonSize" type="Float" container="StaticArray" arraySize="1">
          <containerEntry>-1</containerEntry>
        </property>
        <property name="drawRejectionLevel" type="Int32" container="StaticArray" arraySize="1">
          <containerEntry>8</containerEntry>
        </property>
        <property name="drawMode" type="Int32" container="StaticArray" arraySize="1">
          <containerEntry>0</containerEntry>
        </property>
        <property name="rejectFarRangeShadowCast" type="Int32" container="StaticArray" arraySize="1">
          <containerEntry>2</containerEntry>
        </property>
        <property name="parentLocator" type="EntityLink" container="StaticArray" arraySize="1">
          <containerEntry packagePathHash="0xB8A0BF169F98" archivePathHash="0xB8A0BF169F98" nameInArchiveHash="0xB8A0BF169F98">0x0</containerEntry>
        </property>
        <property name="transforms" type="Matrix4" container="DynamicArray" arraySize="24">
          <containerEntry r11="-0.8584855" r12="0.034540802" r13="0.51167184" r14="0" r21="-0.03238611" r22="0.9920863" r23="-0.121309124" r24="0" r31="-0.51181275" r32="-0.120713286" r33="-0.8505731" r34="0" r41="2069.4048" r42="57.522945" r43="126.456985" r44="1"></containerEntry>
          <containerEntry r11="0.99486995" r12="0.10110897" r13="0.0032745677" r14="0" r21="-0.10110897" r22="0.99277973" r23="0.064539164" r24="0" r31="0.0032745677" r32="-0.064539164" r33="0.9979098" r34="0" r41="2151.306" r42="60.561493" r43="97.84005" r44="1"></containerEntry>
          <containerEntry r11="-0.29964104" r12="0.31022692" r13="5.9844694" r14="0" r21="1.0027086" r22="5.9100723" r23="-0.25616315" r24="0" r31="-5.908019" r32="0.98732126" r33="-0.34699452" r34="0" r41="2167.088" r42="74.6919" r43="69.16504" r44="1"></containerEntry>
          <containerEntry r11="0.342607" r12="0.045109417" r13="0.9383959" r14="0" r21="0.009063985" r22="0.99864143" r23="-0.051314767" r24="0" r31="-0.9394358" r32="0.026086431" r33="0.34173268" r34="0" r41="2156.326" r42="74.75134" r43="38.919838" r44="1"></containerEntry>
          <containerEntry r11="1.0960295" r12="-0.124723926" r13="1.668283" r14="0" r21="0.08854276" r22="1.9959635" r23="0.09105112" r24="0" r31="-1.670594" r32="0.023959685" r33="1.0993391" r34="0" r41="2152.9805" r42="80.527115" r43="30.017586" r44="1"></containerEntry>
          <containerEntry r11="-0.8584855" r12="0.034540802" r13="0.51167184" r14="0" r21="-0.03238611" r22="0.9920863" r23="-0.121309124" r24="0" r31="-0.51181275" r32="-0.120713286" r33="-0.8505731" r34="0" r41="2065.0857" r42="54.034138" r43="88.14638" r44="1"></containerEntry>
          <containerEntry r11="0.8121856" r12="-0.006690545" r13="0.58336073" r14="0" r21="-0.025964452" r22="0.99852896" r23="0.047601156" r24="0" r31="-0.5828211" r32="-0.053807616" r33="0.81081706" r34="0" r41="2059.5134" r42="55.14557" r43="67.30864" r44="1"></containerEntry>
          <containerEntry r11="0.9996627" r12="0.02596444" r13="0.000618415" r14="0" r21="-0.02596444" r22="0.99852896" r23="0.047600478" r24="0" r31="0.000618415" r32="-0.047600478" r33="0.99886626" r34="0" r41="2105.2246" r42="61.30829" r43="37.088234" r44="1"></containerEntry>
          <containerEntry r11="-0.32379162" r12="-0.09455988" r13="0.9413903" r14="0" r21="-0.13928485" r22="0.9889161" r23="0.051426448" r24="0" r31="-0.9358189" r32="-0.11446998" r33="-0.3333735" r34="0" r41="2087.723" r42="59.187004" r43="27.576586" r44="1"></containerEntry>
          <containerEntry r11="0.49393493" r12="0.024370585" r13="0.86915654" r14="0" r21="-0.1392858" r22="0.9889159" r23="0.051426318" r24="0" r31="-0.8582695" r32="-0.14646253" r33="0.4918546" r34="0" r41="2101.3057" r42="62.926937" r43="9.497386" r44="1"></containerEntry>
          <containerEntry r11="0.49393493" r12="0.024370585" r13="0.86915654" r14="0" r21="-0.1392858" r22="0.9889159" r23="0.051426318" r24="0" r31="-0.8582695" r32="-0.14646253" r33="0.4918546" r34="0" r41="2115.0718" r42="65.11408" r43="17.365843" r44="1"></containerEntry>
          <containerEntry r11="0.95879424" r12="0.28326395" r13="0.021797242" r14="0" r21="-0.28326395" r22="0.94726384" r23="0.14984255" r24="0" r31="0.021797242" r32="-0.14984255" r33="0.9884696" r34="0" r41="2137.144" r42="67.89249" r43="48.084045" r44="1"></containerEntry>
          <containerEntry r11="0.04338074" r12="-0.14342698" r13="0.9887104" r14="0" r21="-0.28326383" r22="0.9472638" r23="0.14984336" r24="0" r31="-0.9580611" r32="-0.2865661" r33="0.00046533346" r34="0" r41="2133.257" r42="64.04738" r43="61.299667" r44="1"></containerEntry>
          <containerEntry r11="-0.7877572" r12="-0.097146794" r13="0.6082767" r14="0" r21="-0.12892357" r22="0.99161726" r23="-0.008594863" r24="0" r31="-0.6023427" r32="-0.08519188" r33="-0.79367816" r34="0" r41="2122.6313" r42="58.151485" r43="101.63614" r44="1"></containerEntry>
          <containerEntry r11="0.91075695" r12="-0.034153316" r13="-0.4115278" r14="0" r21="0.018814448" r22="0.9989709" r23="-0.04126762" r24="0" r31="0.4125138" r32="0.029842094" r33="0.9104623" r34="0" r41="2089.579" r42="58.732155" r43="120.6394" r44="1"></containerEntry>
          <containerEntry r11="0.9996692" r12="-0.019518891" r13="-0.01674882" r14="0" r21="0.018813835" r22="0.998971" r23="-0.041268293" r24="0" r31="0.017537095" r32="0.04093953" r33="0.9990077" r34="0" r41="2078.976" r42="58.657856" r43="125.44588" r44="1"></containerEntry>
          <containerEntry r11="-0.3784373" r12="-0.124506876" r13="-0.91721493" r14="0" r21="-0.032386016" r22="0.9920864" r23="-0.121308" r24="0" r31="0.9250602" r32="-0.016202535" r33="-0.37947482" r34="0" r41="2063.2488" r42="53.880646" r43="97.83611" r44="1"></containerEntry>
          <containerEntry r11="-0.3784373" r12="-0.124506876" r13="-0.91721493" r14="0" r21="-0.032386016" r22="0.9920864" r23="-0.121308" r24="0" r31="0.9250602" r32="-0.016202535" r33="-0.37947482" r34="0" r41="2091.19" r42="57.967762" r43="81.670715" r44="1"></containerEntry>
          <containerEntry r11="0.99906456" r12="0.043226793" r13="0.0012161295" r14="0" r21="-0.043226793" r22="0.99748355" r23="0.05619663" r24="0" r31="0.0012161295" r32="-0.05619663" r33="0.998419" r34="0" r41="2110.1792" r42="60.977318" r43="53.29248" r44="1"></containerEntry>
          <containerEntry r11="0.5177596" r12="0.037529763" r13="-0.85470253" r14="0" r21="-0.06069411" r22="0.99813145" r23="0.0070605557" r24="0" r31="0.8533705" r32="0.04821974" r33="0.51907" r34="0" r41="2057.6316" r42="54.88131" r43="107.12157" r44="1"></containerEntry>
          <containerEntry r11="0.9996627" r12="0.02596444" r13="0.000618415" r14="0" r21="-0.02596444" r22="0.99852896" r23="0.047600478" r24="0" r31="0.000618415" r32="-0.047600478" r33="0.99886626" r34="0" r41="2056.1548" r42="53.73869" r43="65.51344" r44="1"></containerEntry>
          <containerEntry r11="0.8121856" r12="-0.006690545" r13="0.58336073" r14="0" r21="-0.025964452" r22="0.99852896" r23="0.047601156" r24="0" r31="-0.5828211" r32="-0.053807616" r33="0.81081706" r34="0" r41="2067.3088" r42="56.953472" r43="53.28631" r44="1"></containerEntry>
          <containerEntry r11="0.53030974" r12="-0.45977217" r13="0.7123067" r14="0" r21="-0.9344328" r22="0.047284327" r23="0.7262018" r24="0" r31="-0.3377409" r32="-0.96545184" r33="-0.3717225" r34="0" r41="2134.6147" r42="67.3602" r43="77.415634" r44="1"></containerEntry>
          <containerEntry r11="-0.26824653" r12="0.18575802" r13="0.9452711" r14="0" r21="-1.1923015" r22="1.0486946" r23="-0.54443043" r24="0" r31="-0.6507942" r32="-0.75841695" r33="-0.03564185" r34="0" r41="2134.3862" r42="71.335495" r43="68.64673" r44="1"></containerEntry>
        </property>
        <property name="colors" type="UInt32" container="DynamicArray" arraySize="24">
          <containerEntry>4294967295</containerEntry>
          <containerEntry>4294967295</containerEntry>
          <containerEntry>4294967295</containerEntry>
          <containerEntry>4294967295</containerEntry>
          <containerEntry>4294967295</containerEntry>
          <containerEntry>4294967295</containerEntry>
          <containerEntry>4294967295</containerEntry>
          <containerEntry>4294967295</containerEntry>
          <containerEntry>4294967295</containerEntry>
          <containerEntry>4294967295</containerEntry>
          <containerEntry>4294967295</containerEntry>
          <containerEntry>4294967295</containerEntry>
          <containerEntry>4294967295</containerEntry>
          <containerEntry>4294967295</containerEntry>
          <containerEntry>4294967295</containerEntry>
          <containerEntry>4294967295</containerEntry>
          <containerEntry>4294967295</containerEntry>
          <containerEntry>4294967295</containerEntry>
          <containerEntry>4294967295</containerEntry>
          <containerEntry>4294967295</containerEntry>
          <containerEntry>4294967295</containerEntry>
          <containerEntry>4294967295</containerEntry>
          <containerEntry>4294967295</containerEntry>
          <containerEntry>4294967295</containerEntry>
        </property>
      </staticProperties>
      <dynamicProperties></dynamicProperties>
    </entity>
    <entity class="StaticModelArray" classVersion="4" classID="0xD0" addr="0x317AF80" id="0x0">
      <staticProperties>
        <property name="name" type="String" container="StaticArray" arraySize="1">
          <containerEntry>StaticModelArray0001</containerEntry>
        </property>
        <property name="dataSet" type="EntityHandle" container="StaticArray" arraySize="1">
          <containerEntry>0x33544C0</containerEntry>
        </property>
        <property name="modelFile" type="FilePtr" container="StaticArray" arraySize="1">
          <containerEntry>/Assets/tpp/environ/object/middle_africa/cliff/mafr_clff003/scenes/mafr_clff003.fmdl</containerEntry>
        </property>
        <property name="geomFile" type="FilePtr" container="StaticArray" arraySize="1">
          <containerEntry>/Assets/tpp/environ/object/middle_africa/cliff/mafr_clff003/scenes/mafr_clff003.geom</containerEntry>
        </property>
        <property name="isVisibleGeom" type="Bool" container="StaticArray" arraySize="1">
          <containerEntry>false</containerEntry>
        </property>
        <property name="lodFarSize" type="Float" container="StaticArray" arraySize="1">
          <containerEntry>-1</containerEntry>
        </property>
        <property name="lodNearSize" type="Float" container="StaticArray" arraySize="1">
          <containerEntry>-1</containerEntry>
        </property>
        <property name="lodPolygonSize" type="Float" container="StaticArray" arraySize="1">
          <containerEntry>-1</containerEntry>
        </property>
        <property name="drawRejectionLevel" type="Int32" container="StaticArray" arraySize="1">
          <containerEntry>8</containerEntry>
        </property>
        <property name="drawMode" type="Int32" container="StaticArray" arraySize="1">
          <containerEntry>0</containerEntry>
        </property>
        <property name="rejectFarRangeShadowCast" type="Int32" container="StaticArray" arraySize="1">
          <containerEntry>2</containerEntry>
        </property>
        <property name="parentLocator" type="EntityLink" container="StaticArray" arraySize="1">
          <containerEntry packagePathHash="0xB8A0BF169F98" archivePathHash="0xB8A0BF169F98" nameInArchiveHash="0xB8A0BF169F98">0x0</containerEntry>
        </property>
        <property name="transforms" type="Matrix4" container="DynamicArray" arraySize="3">
          <containerEntry r11="-0.70609826" r12="0.033724643" r13="0.7073121" r14="0" r21="0.02382572" r22="0.99943113" r23="-0.02386811" r24="0" r31="-0.7077147" r32="-9.946525e-07" r33="-0.7065001" r34="0" r41="2119.3572" r42="72.77106" r43="129.86359" r44="1"></containerEntry>
          <containerEntry r11="0.66821676" r12="-0.120663375" r13="0.7341151" r14="0" r21="0.10298616" r22="0.99226207" r23="0.0693523" r24="0" r31="-0.73680294" r32="0.029261585" r33="0.67547286" r34="0" r41="2143.5427" r42="81.381584" r43="21.423645" r44="1"></containerEntry>
          <containerEntry r11="-0.09727001" r12="0" r13="0.9952579" r14="0" r21="0" r22="1" r23="0" r24="0" r31="-0.9952579" r32="0" r33="-0.09727001" r34="0" r41="2152.1665" r42="77.935486" r43="73.07096" r44="1"></containerEntry>
        </property>
        <property name="colors" type="UInt32" container="DynamicArray" arraySize="3">
          <containerEntry>4294967295</containerEntry>
          <containerEntry>4294967295</containerEntry>
          <containerEntry>4294967295</containerEntry>
        </property>
      </staticProperties>
      <dynamicProperties></dynamicProperties>
    </entity>
    <entity class="TexturePackLoadConditioner" classVersion="0" classID="0x48" addr="0x317B4C0" id="0x0">
      <staticProperties>
        <property name="name" type="String" container="StaticArray" arraySize="1">
          <containerEntry>TexturePackLoadConditioner0000</containerEntry>
        </property>
        <property name="dataSet" type="EntityHandle" container="StaticArray" arraySize="1">
          <containerEntry>0x33544C0</containerEntry>
        </property>
        <property name="texturePackPath" type="Path" container="StaticArray" arraySize="1">
          <containerEntry hash="0xB8A0BF169F98"></containerEntry>
        </property>
      </staticProperties>
      <dynamicProperties></dynamicProperties>
    </entity>
  </entities>
</fox>