<fox formatVersion="2" fileVersion="0">
  <entities>
    <entity class="DataSet" classVersion="0" classID="0xE8" addr="0x3352E00" id="0x4BB95B">
      <staticProperties>
        <property name="name" type="String" container="StaticArray" arraySize="1">
          <containerEntry hash="0xB8A0BF169F98"></containerEntry>
        </property>
        <property name="dataSet" type="EntityHandle" container="StaticArray" arraySize="1">
          <containerEntry>0x0</containerEntry>
        </property>
        <property name="dataList" type="EntityPtr" container="StringMap" arraySize="12">
          <containerEntry key="StaticModelArray0000">
            <data>0x317C560</data>
          </containerEntry>
          <containerEntry key="StaticModelArray0001">
            <data>0x317C5D0</data>
          </containerEntry>
          <containerEntry key="StaticModelArray0002">
            <data>0x317C6B0</data>
          </containerEntry>
          <containerEntry key="StaticModelArray0003">
            <data>0x317C720</data>
          </containerEntry>
          <containerEntry key="StaticModelArray0004">
            <data>0x317C640</data>
          </containerEntry>
          <containerEntry key="StaticModelArray0005">
            <data>0x317C410</data>
          </containerEntry>
          <containerEntry key="StaticModelArray0006">
            <data>0x317C250</data>
          </containerEntry>
          <containerEntry key="StaticModelArray0007">
            <data>0x317BD80</data>
          </containerEntry>
          <containerEntry key="StaticModelArray0008">
            <data>0x317C330</data>
          </containerEntry>
          <containerEntry key="StaticModelArray0009">
            <data>0x317C4F0</data>
          </containerEntry>
          <containerEntry key="GeoxPathPack0000">
            <data>0x317C790</data>
          </containerEntry>
          <containerEntry key="TexturePackLoadConditioner0000">
            <data>0x317CF70</data>
          </containerEntry>
        </property>
      </staticProperties>
      <dynamicProperties></dynamicProperties>
    </entity>
    <entity class="StaticModelArray" classVersion="4" classID="0xD0" addr="0x317C560" id="0x0">
      <staticProperties>
        <property name="name" type="String" container="StaticArray" arraySize="1">
          <containerEntry>StaticModelArray0000</containerEntry>
        </property>
        <property name="dataSet" type="EntityHandle" container="StaticArray" arraySize="1">
          <containerEntry>0x3352E00</containerEntry>
        </property>
        <property name="modelFile" type="FilePtr" container="StaticArray" arraySize="1">
          <containerEntry>/Assets/tpp/environ/object/afghanistan/cliff/afgh_clff007/scenes/afgh_clff007.fmdl</containerEntry>
        </property>
        <property name="geomFile" type="FilePtr" container="StaticArray" arraySize="1">
          <containerEntry>/Assets/tpp/environ/object/afghanistan/cliff/afgh_clff007/scenes/afgh_clff007.geom</containerEntry>
        </property>
        <property name="isVisibleGeom" type="Bool" container="StaticArray" arraySize="1">
          <containerEntry>false</containerEntry>
        </property>
        <property name="lodFarSize" type="Float" container="StaticArray" arraySize="1">
          <containerEntry>50</containerEntry>
        </property>
        <property name="lodNearSize" type="Float" container="StaticArray" arraySize="1">
          <containerEntry>400</containerEntry>
        </property>
        <property name="lodPolygonSize" type="Float" container="StaticArray" arraySize="1">
          <containerEntry>-1</containerEntry>
        </property>
        <property name="drawRejectionLevel" type="Int32" container="StaticArray" arraySize="1">
          <containerEntry>5</containerEntry>
        </property>
        <property name="drawMode" type="Int32" container="StaticArray" arraySize="1">
          <containerEntry>0</containerEntry>
        </property>
        <property name="rejectFarRangeShadowCast" type="Int32" container="StaticArray" arraySize="1">
          <containerEntry>2</containerEntry>
        </property>
        <property name="parentLocator" type="EntityLink" container="StaticArray" arraySize="1">
          <containerEntry packagePathHash="0xB8A0BF169F98" archivePathHash="0xB8A0BF169F98" nameInArchiveHash="0xB8A0BF169F98">0x0</containerEntry>
        </property>
        <property name="transforms" type="Matrix4" container="DynamicArray" arraySize="5">
          <containerEntry r11="-0.24964842" r12="-0.0029530143" r13="-0.96833193" r14="0" r21="0.020752799" r22="0.9997493" r23="-0.008399164" r24="0" r31="0.968114" r32="-0.022192439" r33="-0.2495246" r34="0" r41="1308.9133" r42="324.30927" r43="1742.8627" r44="1"></containerEntry>
          <containerEntry r11="-0.8500873" r12="-0.04712629" r13="-0.52452666" r14="0" r21="0.006791752" r22="0.9949243" r23="-0.100396514" r24="0" r31="0.52659565" r32="-0.08890839" r33="-0.8454524" r34="0" r41="1315.6763" r42="324.32724" r43="1750.7339" r44="1"></containerEntry>
          <containerEntry r11="-0.7092655" r12="0.0030262815" r13="-0.7049316" r14="0" r21="0.030643612" r22="0.9991779" r23="-0.026542589" r24="0" r31="0.7042718" r32="-0.040427484" r33="-0.7087751" r34="0" r41="1306.1736" r42="323.91458" r43="1731.6733" r44="1"></containerEntry>
          <containerEntry r11="-0.5119893" r12="-0.042846262" r13="-0.85792255" r14="0" r21="-0.06274318" r22="0.99795276" r23="-0.012395881" r24="0" r31="0.8566973" r32="0.047482233" r33="-0.51362944" r34="0" r41="1321.8811" r42="324.98367" r43="1758.147" r44="1"></containerEntry>
          <containerEntry r11="-0.94319665" r12="-0.24934967" r13="-0.21955167" r14="0" r21="-0.2601588" r22="0.9653309" r23="0.021298984" r24="0" r31="0.20662911" r32="0.07720748" r33="-0.97536737" r34="0" r41="1290.8705" r42="321.12296" r43="1719.5321" r44="1"></containerEntry>
        </property>
        <property name="colors" type="UInt32" container="DynamicArray" arraySize="5">
          <containerEntry>4294967295</containerEntry>
          <containerEntry>4294967295</containerEntry>
          <containerEntry>4294967295</containerEntry>
          <containerEntry>4294967295</containerEntry>
          <containerEntry>4294967295</containerEntry>
        </property>
      </staticProperties>
      <dynamicProperties></dynamicProperties>
    </entity>
    <entity class="StaticModelArray" classVersion="4" classID="0xD0" addr="0x317C5D0" id="0x0">
      <staticProperties>
        <property name="name" type="String" container="StaticArray" arraySize="1">
          <containerEntry>StaticModelArray0001</containerEntry>
        </property>
        <property name="dataSet" type="EntityHandle" container="StaticArray" arraySize="1">
          <containerEntry>0x3352E00</containerEntry>
        </property>
        <property name="modelFile" type="FilePtr" container="StaticArray" arraySize="1">
          <containerEntry>/Assets/tpp/environ/object/afghanistan/cliff/afgh_clff022/scenes/afgh_clff022_vrtn002.fmdl</containerEntry>
        </property>
        <property name="geomFile" type="FilePtr" container="StaticArray" arraySize="1">
          <containerEntry>/Assets/tpp/environ/object/afghanistan/cliff/afgh_clff022/scenes/afgh_clff022_vrtn002.geom</containerEntry>
        </property>
        <property name="isVisibleGeom" type="Bool" container="StaticArray" arraySize="1">
          <containerEntry>false</containerEntry>
        </property>
        <property name="lodFarSize" type="Float" container="StaticArray" arraySize="1">
          <containerEntry>-1</containerEntry>
        </property>
        <property name="lodNearSize" type="Float" container="StaticArray" arraySize="1">
          <containerEntry>-1</containerEntry>
        </property>
        <property name="lodPolygonSize" type="Float" container="StaticArray" arraySize="1">
          <containerEntry>-1</containerEntry>
        </property>
        <property name="drawRejectionLevel" type="Int32" container="StaticArray" arraySize="1">
          <containerEntry>8</containerEntry>
        </property>
        <property name="drawMode" type="Int32" container="StaticArray" arraySize="1">
          <containerEntry>0</containerEntry>
        </property>
        <property name="rejectFarRangeShadowCast" type="Int32" container="StaticArray" arraySize="1">
          <containerEntry>2</containerEntry>
        </property>
        <property name="parentLocator" type="EntityLink" container="StaticArray" arraySize="1">
          <containerEntry packagePathHash="0xB8A0BF169F98" archivePathHash="0xB8A0BF169F98" nameInArchiveHash="0xB8A0BF169F98">0x0</containerEntry>
        </property>
        <property name="transforms" type="Matrix4" container="DynamicArray" arraySize="5">
          <containerEntry r11="1.4580133" r12="0" r13="0.3524165" r14="0" r21="0" r22="1.5" r23="0" r24="0" r31="-0.3524165" r32="0" r33="1.4580133" r34="0" r41="1351.1569" r42="365.97592" r43="1689.0593" r44="1"></containerEntry>
          <containerEntry r11="0.9873488" r12="-0.0018240748" r13="0.67317396" r14="0" r21="0.002939958" r22="1.1949959" r23="-0.0010740154" r24="0" r31="-0.67317" r32="0.0025435432" r33="0.9873499" r34="0" r41="1396.1693" r42="358.5775" r43="1719.2593" r44="1"></containerEntry>
          <containerEntry r11="0.75671744" r12="0" r13="0.653738" r14="0" r21="0" r22="1" r23="0" r24="0" r31="-0.653738" r32="0" r33="0.75671744" r34="0" r41="1309.5509" r42="334.63806" r43="1703.1769" r44="1"></containerEntry>
          <containerEntry r11="0.75671744" r12="0" r13="0.653738" r14="0" r21="0" r22="1" r23="0" r24="0" r31="-0.653738" r32="0" r33="0.75671744" r34="0" r41="1343.126" r42="347.5402" r43="1703.1769" r44="1"></containerEntry>
          <containerEntry r11="0.39865008" r12="0" r13="0.91709894" r14="0" r21="0" r22="1" r23="0" r24="0" r31="-0.91709894" r32="0" r33="0.39865008" r34="0" r41="1355.6215" r42="333.25394" r43="1762.4122" r44="1"></containerEntry>
        </property>
        <property name="colors" type="UInt32" container="DynamicArray" arraySize="5">
          <containerEntry>4294967295</containerEntry>
          <containerEntry>4294967295</containerEntry>
          <containerEntry>4294967295</containerEntry>
          <containerEntry>4294967295</containerEntry>
          <containerEntry>4294967295</containerEntry>
        </property>
      </staticProperties>
      <dynamicProperties></dynamicProperties>
    </entity>
    <entity class="StaticModelArray" classVersion="4" classID="0xD0" addr="0x317C6B0" id="0x0">
      <staticProperties>
        <property name="name" type="String" container="StaticArray" arraySize="1">
          <containerEntry>StaticModelArray0002</containerEntry>
        </property>
        <property name="dataSet" type="EntityHandle" container="StaticArray" arraySize="1">
          <containerEntry>0x3352E00</containerEntry>
        </property>
        <property name="modelFile" type="FilePtr" container="StaticArray" arraySize="1">
          <containerEntry>/Assets/tpp/environ/object/afghanistan/cliff/afgh_clff022/scenes/afgh_clff022_vrtn001.fmdl</containerEntry>
        </property>
        <property name="geomFile" type="FilePtr" container="StaticArray" arraySize="1">
          <containerEntry>/Assets/tpp/environ/object/afghanistan/cliff/afgh_clff022/scenes/afgh_clff022_vrtn001.geom</containerEntry>
        </property>
        <property name="isVisibleGeom" type="Bool" container="StaticArray" arraySize="1">
          <containerEntry>false</containerEntry>
        </property>
        <property name="lodFarSize" type="Float" container="StaticArray" arraySize="1">
          <containerEntry>-1</containerEntry>
        </property>
        <property name="lodNearSize" type="Float" container="StaticArray" arraySize="1">
          <containerEntry>-1</containerEntry>
        </property>
        <property name="lodPolygonSize" type="Float" container="StaticArray" arraySize="1">
          <containerEntry>-1</containerEntry>
        </property>
        <property name="drawRejectionLevel" type="Int32" container="StaticArray" arraySize="1">
          <containerEntry>8</containerEntry>
        </property>
        <property name="drawMode" type="Int32" container="StaticArray" arraySize="1">
          <containerEntry>0</containerEntry>
        </property>
        <property name="rejectFarRangeShadowCast" type="Int32" container="StaticArray" arraySize="1">
          <containerEntry>2</containerEntry>
        </property>
        <property name="parentLocator" type="EntityLink" container="StaticArray" arraySize="1">
          <containerEntry packagePathHash="0xB8A0BF169F98" archivePathHash="0xB8A0BF169F98" nameInArchiveHash="0xB8A0BF169F98">0x0</containerEntry>
        </property>
        <property name="transforms" type="Matrix4" container="DynamicArray" arraySize="4">
          <containerEntry r11="-0.9386263" r12="0" r13="-0.34493253" r14="0" r21="0" r22="1" r23="0" r24="0" r31="0.34493253" r32="0" r33="-0.9386263" r34="0" r41="1294.9877" r42="338.2782" r43="1685.0941" r44="1"></containerEntry>
          <containerEntry r11="0.55072004" r12="0" r13="-0.8346898" r14="0" r21="0" r22="1" r23="0" r24="0" r31="0.8346898" r32="0" r33="0.55072004" r34="0" r41="1392.9323" r42="359.6735" r43="1725.3467" r44="1"></containerEntry>
          <containerEntry r11="-0.9386263" r12="0" r13="-0.34493253" r14="0" r21="0" r22="1" r23="0" r24="0" r31="0.34493253" r32="0" r33="-0.9386263" r34="0" r41="1373.7969" r42="363.7824" r43="1707.1608" r44="1"></containerEntry>
          <containerEntry r11="-0.11875081" r12="0" r13="-0.9929247" r14="0" r21="0" r22="1" r23="0" r24="0" r31="0.9929247" r32="0" r33="-0.11875081" r34="0" r41="1370.5797" r42="341.84424" r43="1746.1373" r44="1"></containerEntry>
        </property>
        <property name="colors" type="UInt32" container="DynamicArray" arraySize="4">
          <containerEntry>4294967295</containerEntry>
          <containerEntry>4294967295</containerEntry>
          <containerEntry>4294967295</containerEntry>
          <containerEntry>4294967295</containerEntry>
        </property>
      </staticProperties>
      <dynamicProperties></dynamicProperties>
    </entity>
    <entity class="StaticModelArray" classVersion="4" classID="0xD0" addr="0x317C720" id="0x0">
      <staticProperties>
        <property name="name" type="String" container="StaticArray" arraySize="1">
          <containerEntry>StaticModelArray0003</containerEntry>
        </property>
        <property name="dataSet" type="EntityHandle" container="StaticArray" arraySize="1">
          <containerEntry>0x3352E00</containerEntry>
        </property>
        <property name="modelFile" type="FilePtr" container="StaticArray" arraySize="1">
          <containerEntry>/Assets/tpp/environ/object/afghanistan/rock/afgh_rock011/scenes/afgh_rock011.fmdl</containerEntry>
        </property>
        <property name="geomFile" type="FilePtr" container="StaticArray" arraySize="1">
          <containerEntry>/Assets/tpp/environ/object/afghanistan/rock/afgh_rock011/scenes/afgh_rock011.geom</containerEntry>
        </property>
        <property name="isVisibleGeom" type="Bool" container="StaticArray" arraySize="1">
          <containerEntry>false</containerEntry>
        </property>
        <property name="lodFarSize" type="Float" container="StaticArray" arraySize="1">
          <containerEntry>-1</containerEntry>
        </property>
        <property name="lodNearSize" type="Float" container="StaticArray" arraySize="1">
          <containerEntry>-1</containerEntry>
        </property>
        <property name="lodPolygonSize" type="Float" container="StaticArray" arraySize="1">
          <containerEntry>-1</containerEntry>
        </property>
        <property name="drawRejectionLevel" type="Int32" container="StaticArray" arraySize="1">
          <containerEntry>8</containerEntry>
        </property>
        <property name="drawMode" type="Int32" container="StaticArray" arraySize="1">
          <containerEntry>0</containerEntry>
        </property>
        <property name="rejectFarRangeShadowCast" type="Int32" container="StaticArray" arraySize="1">
          <containerEntry>2</containerEntry>
        </property>
        <property name="parentLocator" type="EntityLink" container="StaticArray" arraySize="1">
          <containerEntry packagePathHash="0xB8A0BF169F98" archivePathHash="0xB8A0BF169F98" nameInArchiveHash="0xB8A0BF169F98">0x0</containerEntry>
        </property>
        <property name="transforms" type="Matrix4" container="DynamicArray" arraySize="6">
          <containerEntry r11="0.65365094" r12="0.4448613" r13="-0.6122407" r14="0" r21="-0.3925951" r22="0.8909454" r23="0.22822222" r24="0" r31="0.6470002" r32="0.09118515" r33="0.75701773" r34="0" r41="1331.0675" r42="326.64597" r43="1737.4751" r44="1"></containerEntry>
          <containerEntry r11="0.43488625" r12="0.5223469" r13="-0.7335027" r14="0" r21="-0.20151292" r22="0.85035914" r23="0.48608798" r24="0" r31="0.87764746" r32="-0.06358217" r33="0.4750694" r34="0" r41="1323.422" r42="318.35056" r43="1785.6793" r44="1"></containerEntry>
          <containerEntry r11="0.5319846" r12="0.00071521103" r13="-0.8467535" r14="0" r21="-0.2209609" r22="0.96546906" r23="-0.13800615" r24="0" r31="0.8174156" r32="0.2605166" r33="0.5137727" r34="0" r41="1293.584" r42="323.6202" r43="1736.8368" r44="1"></containerEntry>
          <containerEntry r11="-0.3734067" r12="-0.21447021" r13="-0.90253484" r14="0" r21="-0.27407455" r22="0.9549826" r23="-0.1135401" r24="0" r31="0.886256" r32="0.20496522" r33="-0.41537774" r34="0" r41="1288.836" r42="322.055" r43="1736.8368" r44="1"></containerEntry>
          <containerEntry r11="-0.88358897" r12="-0.212152" r13="-0.41744152" r14="0" r21="-0.35824674" r22="0.8803462" r23="0.31088522" r24="0" r31="0.30153796" r32="0.4242427" r33="-0.85386676" r34="0" r41="1319.8085" r42="328.02283" r43="1718.3973" r44="1"></containerEntry>
          <containerEntry r11="0.5465326" r12="-0.109908424" r13="-0.8301934" r14="0" r21="0.11223046" r22="0.99202013" r23="-0.057448983" r24="0" r31="0.82988274" r32="-0.0617754" r33="0.55450636" r34="0" r41="1313.5403" r42="325.29572" r43="1758.5956" r44="1"></containerEntry>
        </property>
        <property name="colors" type="UInt32" container="DynamicArray" arraySize="6">
          <containerEntry>4294967295</containerEntry>
          <containerEntry>4294967295</containerEntry>
          <containerEntry>4294967295</containerEntry>
          <containerEntry>4294967295</containerEntry>
          <containerEntry>4294967295</containerEntry>
          <containerEntry>4294967295</containerEntry>
        </property>
      </staticProperties>
      <dynamicProperties></dynamicProperties>
    </entity>
    <entity class="StaticModelArray" classVersion="4" classID="0xD0" addr="0x317C640" id="0x0">
      <staticProperties>
        <property name="name" type="String" container="StaticArray" arraySize="1">
          <containerEntry>StaticModelArray0004</containerEntry>
        </property>
        <property name="dataSet" type="EntityHandle" container="StaticArray" arraySize="1">
          <containerEntry>0x3352E00</containerEntry>
        </property>
        <property name="modelFile" type="FilePtr" container="StaticArray" arraySize="1">
          <containerEntry>/Assets/tpp/environ/object/afghanistan/cliff/afgh_clff022/scenes/afgh_clff022_vrtn004.fmdl</containerEntry>
        </property>
        <property name="geomFile" type="FilePtr" container="StaticArray" arraySize="1">
          <containerEntry>/Assets/tpp/environ/object/afghanistan/cliff/afgh_clff022/scenes/afgh_clff022_vrtn004.geom</containerEntry>
        </property>
        <property name="isVisibleGeom" type="Bool" container="StaticArray" arraySize="1">
          <containerEntry>false</containerEntry>
        </property>
        <property name="lodFarSize" type="Float" container="StaticArray" arraySize="1">
          <containerEntry>-1</containerEntry>
        </property>
        <property name="lodNearSize" type="Float" container="StaticArray" arraySize="1">
          <containerEntry>-1</containerEntry>
        </property>
        <property name="lodPolygonSize" type="Float" container="StaticArray" arraySize="1">
          <containerEntry>-1</containerEntry>
        </property>
        <property name="drawRejectionLevel" type="Int32" container="StaticArray" arraySize="1">
          <containerEntry>8</containerEntry>
        </property>
        <property name="drawMode" type="Int32" container="StaticArray" arraySize="1">
          <containerEntry>0</containerEntry>
        </property>
        <property name="rejectFarRangeShadowCast" type="Int32" container="StaticArray" arraySize="1">
          <containerEntry>2</containerEntry>
        </property>
        <property name="parentLocator" type="EntityLink" container="StaticArray" arraySize="1">
          <containerEntry packagePathHash="0xB8A0BF169F98" archivePathHash="0xB8A0BF169F98" nameInArchiveHash="0xB8A0BF169F98">0x0</containerEntry>
        </property>
        <property name="transforms" type="Matrix4" container="DynamicArray" arraySize="4">
          <containerEntry r11="0.76381373" r12="-0.038637213" r13="0.6442797" r14="0" r21="0.037087977" r22="0.99918467" r23="0.015951779" r24="0" r31="-0.6443708" r32="0.011710807" r33="0.76462394" r34="0" r41="1388.7686" r42="343.68176" r43="1762.9827" r44="1"></containerEntry>
          <containerEntry r11="0.6951126" r12="-0.037263364" r13="0.71793437" r14="0" r21="0.037090242" r22="0.99918467" r23="0.015950048" r24="0" r31="-0.7179433" r32="0.01554129" r33="0.6959279" r34="0" r41="1337.3748" r42="335.6015" r43="1730.9387" r44="1"></containerEntry>
          <containerEntry r11="0.6269826" r12="-0.035696022" r13="0.7782148" r14="0" r21="0.037090294" r22="0.9991846" r23="0.015949257" r24="0" r31="-0.7781496" r32="0.018864319" r33="0.6277954" r34="0" r41="1363.8407" r42="348.36896" r43="1720.1383" r44="1"></containerEntry>
          <containerEntry r11="0.6494945" r12="0" r13="0.7603663" r14="0" r21="0" r22="1" r23="0" r24="0" r31="-0.7603663" r32="0" r33="0.6494945" r34="0" r41="1286.2358" r42="332.57373" r43="1674.857" r44="1"></containerEntry>
        </property>
        <property name="colors" type="UInt32" container="DynamicArray" arraySize="4">
          <containerEntry>4294967295</containerEntry>
          <containerEntry>4294967295</containerEntry>
          <containerEntry>4294967295</containerEntry>
          <containerEntry>4294967295</containerEntry>
        </property>
      </staticProperties>
      <dynamicProperties></dynamicProperties>
    </entity>
    <entity class="StaticModelArray" classVersion="4" classID="0xD0" addr="0x317C410" id="0x0">
      <staticProperties>
        <property name="name" type="String" container="StaticArray" arraySize="1">
          <containerEntry>StaticModelArray0005</containerEntry>
        </property>
        <property name="dataSet" type="EntityHandle" container="StaticArray" arraySize="1">
          <containerEntry>0x3352E00</containerEntry>
        </property>
        <property name="modelFile" type="FilePtr" container="StaticArray" arraySize="1">
          <containerEntry>/Assets/tpp/environ/object/afghanistan/cliff/afgh_clff025/scenes/afgh_clff025.fmdl</containerEntry>
        </property>
        <property name="geomFile" type="FilePtr" container="StaticArray" arraySize="1">
          <containerEntry>/Assets/tpp/environ/object/afghanistan/cliff/afgh_clff025/scenes/afgh_clff025.geom</containerEntry>
        </property>
        <property name="isVisibleGeom" type="Bool" container="StaticArray" arraySize="1">
          <containerEntry>false</containerEntry>
        </property>
        <property name="lodFarSize" type="Float" container="StaticArray" arraySize="1">
          <containerEntry>-1</containerEntry>
        </property>
        <property name="lodNearSize" type="Float" container="StaticArray" arraySize="1">
          <containerEntry>-1</containerEntry>
        </property>
        <property name="lodPolygonSize" type="Float" container="StaticArray" arraySize="1">
          <containerEntry>-1</containerEntry>
        </property>
        <property name="drawRejectionLevel" type="Int32" container="StaticArray" arraySize="1">
          <containerEntry>8</containerEntry>
        </property>
        <property name="drawMode" type="Int32" container="StaticArray" arraySize="1">
          <containerEntry>0</containerEntry>
        </property>
        <property name="rejectFarRangeShadowCast" type="Int32" container="StaticArray" arraySize="1">
          <containerEntry>2</containerEntry>
        </property>
        <property name="parentLocator" type="EntityLink" container="StaticArray" arraySize="1">
          <containerEntry packagePathHash="0xB8A0BF169F98" archivePathHash="0xB8A0BF169F98" nameInArchiveHash="0xB8A0BF169F98">0x0</containerEntry>
        </property>
        <property name="transforms" type="Matrix4" container="DynamicArray" arraySize="7">
          <containerEntry r11="0.90725" r12="0.014086955" r13="0.420356" r14="0" r21="-0.0053685317" r22="0.9997454" r23="-0.021916598" r24="0" r31="-0.4205577" r32="0.017627139" r33="0.9070946" r34="0" r41="1385.5387" r42="335.44785" r43="1785.699" r44="1"></containerEntry>
          <containerEntry r11="0.5990943" r12="0.02076482" r13="0.8004095" r14="0" r21="-0.0053688977" r22="0.9997453" r23="-0.021917613" r24="0" r31="-0.8006608" r32="0.0088334065" r33="0.59905314" r34="0" r41="1376.5725" r42="335.44785" r43="1780.646" r44="1"></containerEntry>
          <containerEntry r11="0.3460628" r12="0.022421028" r13="0.9379434" r14="0" r21="-0.0053691855" r22="0.99974537" r23="-0.021917358" r24="0" r31="-0.938196" r32="0.0025487896" r33="0.3460951" r34="0" r41="1371.23" r42="335.44785" r43="1771.168" r44="1"></containerEntry>
          <containerEntry r11="0.95873106" r12="-0.0010850905" r13="-0.28431252" r14="0" r21="-0.0053679277" r22="0.9997454" r23="-0.021916764" r24="0" r31="0.28426388" r32="0.022538451" r33="0.95848113" r34="0" r41="1396.2877" r42="335.44785" r43="1787.3785" r44="1"></containerEntry>
          <containerEntry r11="-0.0296729" r12="0.021748789" r13="0.9993224" r14="0" r21="-0.0053678546" r22="0.99974537" r23="-0.021917373" r24="0" r31="-0.9995446" r32="-0.0060145864" r33="-0.029548585" r34="0" r41="1346.6327" r42="325.7914" r43="1767.9675" r44="1"></containerEntry>
          <containerEntry r11="0.36441806" r12="0.022367902" r13="0.93096673" r14="0" r21="-0.0053699603" r22="0.99974537" r23="-0.021918394" r24="0" r31="-0.93121994" r32="0.0029882016" r33="0.3644454" r34="0" r41="1350.9897" r42="325.52582" r43="1778.3329" r44="1"></containerEntry>
          <containerEntry r11="0.51928264" r12="0.021517763" r13="0.8543316" r14="0" r21="-0.08374709" r22="0.99615264" r23="0.025813665" r24="0" r31="-0.85048926" r32="-0.08495237" r33="0.51908684" r34="0" r41="1322.364" r42="327.9446" r43="1725.8958" r44="1"></containerEntry>
        </property>
        <property name="colors" type="UInt32" container="DynamicArray" arraySize="7">
          <containerEntry>4294967295</containerEntry>
          <containerEntry>4294967295</containerEntry>
          <containerEntry>4294967295</containerEntry>
          <containerEntry>4294967295</containerEntry>
          <containerEntry>4294967295</containerEntry>
          <containerEntry>4294967295</containerEntry>
          <containerEntry>4294967295</containerEntry>
        </property>
      </staticProperties>
      <dynamicProperties></dynamicProperties>
    </entity>
    <entity class="StaticModelArray" classVersion="4" classID="0xD0" addr="0x317C250" id="0x0">
      <staticProperties>
        <property name="name" type="String" container="StaticArray" arraySize="1">
          <containerEntry>StaticModelArray0006</containerEntry>
        </property>
        <property name="dataSet" type="EntityHandle" container="StaticArray" arraySize="1">
          <containerEntry>0x3352E00</containerEntry>
        </property>
        <property name="modelFile" type="FilePtr" container="StaticArray" arraySize="1">
          <containerEntry>/Assets/tpp/environ/object/afghanistan/rock/afgh_rock010/scenes/afgh_rock010.fmdl</containerEntry>
        </property>
        <property name="geomFile" type="FilePtr" container="StaticArray" arraySize="1">
          <containerEntry>/Assets/tpp/environ/object/afghanistan/rock/afgh_rock010/scenes/afgh_rock010.geom</containerEntry>
        </property>
        <property name="isVisibleGeom" type="Bool" container="StaticArray" arraySize="1">
          <containerEntry>false</containerEntry>
        </property>
        <property name="lodFarSize" type="Float" container="StaticArray" arraySize="1">
          <containerEntry>-1</containerEntry>
        </property>
        <property name="lodNearSize" type="Float" container="StaticArray" arraySize="1">
          <containerEntry>-1</containerEntry>
        </property>
        <property name="lodPolygonSize" type="Float" container="StaticArray" arraySize="1">
          <containerEntry>-1</containerEntry>
        </property>
        <property name="drawRejectionLevel" type="Int32" container="StaticArray" arraySize="1">
          <containerEntry>8</containerEntry>
        </property>
        <property name="drawMode" type="Int32" container="StaticArray" arraySize="1">
          <containerEntry>0</containerEntry>
        </property>
        <property name="rejectFarRangeShadowCast" type="Int32" container="StaticArray" arraySize="1">
          <containerEntry>2</containerEntry>
        </property>
        <property name="parentLocator" type="EntityLink" container="StaticArray" arraySize="1">
          <containerEntry packagePathHash="0xB8A0BF169F98" archivePathHash="0xB8A0BF169F98" nameInArchiveHash="0xB8A0BF169F98">0x0</containerEntry>
        </property>
        <property name="transforms" type="Matrix4" container="DynamicArray" arraySize="7">
          <containerEntry r11="0.56627536" r12="-0.042648688" r13="0.8231118" r14="0" r21="0.016384162" r22="0.99904555" r23="0.040492706" r24="0" r31="-0.82405305" r32="-0.009444011" r33="0.56643367" r34="0" r41="1293.8535" r42="324.0073" r43="1751.1959" r44="1"></containerEntry>
          <containerEntry r11="-0.9992528" r12="0.037693683" r13="0.007967833" r14="0" r21="0.035797093" r22="0.98484796" r23="-0.16968508" r24="0" r31="-0.014243174" r32="-0.16927387" r33="-0.9854613" r34="0" r41="1311.4648" r42="324.94278" r43="1762.6387" r44="1"></containerEntry>
          <containerEntry r11="-1.4409703" r12="0.11509279" r13="-0.2065639" r14="0" r21="0.1301843" r22="1.4510152" r23="-0.09968412" r24="0" r31="0.1974007" r32="-0.11678409" r33="-1.4421183" r34="0" r41="1301.3334" r42="334.31613" r43="1692.0981" r44="1"></containerEntry>
          <containerEntry r11="0.5699796" r12="-0.14297616" r13="-1.3367897" r14="0" r21="0.13018492" r22="1.4510151" r23="-0.099684946" r24="0" r31="1.3380959" r32="-0.080268405" r33="0.57912165" r34="0" r41="1324.1439" r42="334.31613" r43="1711.0718" r44="1"></containerEntry>
          <containerEntry r11="1.2884799" r12="-0.06863348" r13="0.6836943" r14="0" r21="0.13018553" r22="1.4510151" r23="-0.099683456" r24="0" r31="-0.67468524" r32="0.14891107" r33="1.2864503" r34="0" r41="1338.1715" r42="334.31613" r43="1717.3254" r44="1"></containerEntry>
          <containerEntry r11="-1.4269285" r12="0.10805518" r13="-0.29068986" r14="0" r21="0.13018538" r22="1.4510152" r23="-0.09968257" r24="0" r31="0.28147516" r32="-0.12332449" r33="-1.4275379" r34="0" r41="1347.8685" r42="334.31613" r43="1726.4275" r44="1"></containerEntry>
          <containerEntry r11="0.48398358" r12="0.5570118" r13="-1.2600889" r14="0" r21="-0.09526712" r22="1.3459157" r23="0.5583592" r24="0" r31="1.3744128" r32="-0.102852754" r33="0.48242846" r34="0" r41="1324.1439" r42="339.60822" r43="1694.6614" r44="1"></containerEntry>
        </property>
        <property name="colors" type="UInt32" container="DynamicArray" arraySize="7">
          <containerEntry>4294967295</containerEntry>
          <containerEntry>4294967295</containerEntry>
          <containerEntry>4294967295</containerEntry>
          <containerEntry>4294967295</containerEntry>
          <containerEntry>4294967295</containerEntry>
          <containerEntry>4294967295</containerEntry>
          <containerEntry>4294967295</containerEntry>
        </property>
      </staticProperties>
      <dynamicProperties></dynamicProperties>
    </entity>
    <entity class="StaticModelArray" classVersion="4" classID="0xD0" addr="0x317BD80" id="0x0">
      <staticProperties>
        <property name="name" type="String" container="StaticArray" arraySize="1">
          <containerEntry>StaticModelArray0007</containerEntry>
        </property>
        <property name="dataSet" type="EntityHandle" container="StaticArray" arraySize="1">
          <containerEntry>0x3352E00</containerEntry>
        </property>
        <property name="modelFile" type="FilePtr" container="StaticArray" arraySize="1">
          <containerEntry>/Assets/tpp/environ/object/afghanistan/rock/afgh_rock001/scenes/afgh_rock001.fmdl</containerEntry>
        </property>
        <property name="geomFile" type="FilePtr" container="StaticArray" arraySize="1">
          <containerEntry>/Assets/tpp/environ/object/afghanistan/rock/afgh_rock001/scenes/afgh_rock001.geom</containerEntry>
        </property>
        <property name="isVisibleGeom" type="Bool" container="StaticArray" arraySize="1">
          <containerEntry>false</containerEntry>
        </property>
        <property name="lodFarSize" type="Float" container="StaticArray" arraySize="1">
          <containerEntry>50</containerEntry>
        </property>
        <property name="lodNearSize" type="Float" container="StaticArray" arraySize="1">
          <containerEntry>400</containerEntry>
        </property>
        <property name="lodPolygonSize" type="Float" container="StaticArray" arraySize="1">
          <containerEntry>-1</containerEntry>
        </property>
        <property name="drawRejectionLevel" type="Int32" container="StaticArray" arraySize="1">
          <containerEntry>5</containerEntry>
        </property>
        <property name="drawMode" type="Int32" container="StaticArray" arraySize="1">
          <containerEntry>0</containerEntry>
        </property>
        <property name="rejectFarRangeShadowCast" type="Int32" container="StaticArray" arraySize="1">
          <containerEntry>2</containerEntry>
        </property>
        <property name="parentLocator" type="EntityLink" container="StaticArray" arraySize="1">
          <containerEntry packagePathHash="0xB8A0BF169F98" archivePathHash="0xB8A0BF169F98" nameInArchiveHash="0xB8A0BF169F98">0x0</containerEntry>
        </property>
        <property name="transforms" type="Matrix4" container="DynamicArray" arraySize="8">
          <containerEntry r11="-0.9993591" r12="-0.03576809" r13="1.755543e-07" r14="0" r21="0.035082527" r22="-0.98020345" r23="0.19485478" r24="0" r31="-0.0069694147" r32="0.19473009" r33="0.9808321" r34="0" r41="1312.1733" r42="325.91708" r43="1750.0753" r44="1"></containerEntry>
          <containerEntry r11="0.9749784" r12="-0.21661885" r13="0.049933866" r14="0" r21="0.22219034" r22="0.9566381" r23="-0.18834764" r24="0" r31="-0.006968949" r32="0.19472972" r33="0.9808322" r34="0" r41="1296.7094" r42="326.2058" r43="1744.4299" r44="1"></containerEntry>
          <containerEntry r11="0.9749784" r12="-0.21661885" r13="0.049933866" r14="0" r21="0.22219034" r22="0.9566381" r23="-0.18834764" r24="0" r31="-0.006968949" r32="0.19472972" r33="0.9808322" r34="0" r41="1293.6866" r42="323.79846" r43="1729.3588" r44="1"></containerEntry>
          <containerEntry r11="0.9749784" r12="-0.21661885" r13="0.049933866" r14="0" r21="0.22219034" r22="0.9566381" r23="-0.18834764" r24="0" r31="-0.006968949" r32="0.19472972" r33="0.9808322" r34="0" r41="1300.3739" r42="325.91336" r43="1763.3428" r44="1"></containerEntry>
          <containerEntry r11="0.9550331" r12="0.29204527" r13="-0.051196337" r14="0" r21="-0.29641685" r22="0.9363706" r23="-0.18800768" r24="0" r31="-0.006968109" r32="0.19472903" r33="0.9808323" r34="0" r41="1340.299" r42="327.1585" r43="1750.5021" r44="1"></containerEntry>
          <containerEntry r11="0.9550334" r12="0.2920444" r13="-0.051195666" r14="0" r21="-0.2654968" r22="0.9192009" r23="0.29082763" r24="0" r31="0.13199387" r32="-0.26415777" r33="0.95540464" r34="0" r41="1345.2102" r42="326.55896" r43="1761.9163" r44="1"></containerEntry>
          <containerEntry r11="0.8900666" r12="0.45581955" r13="0.0030619875" r14="0" r21="-0.4363008" r22="0.8499695" r23="0.29528403" r24="0" r31="0.13199401" r32="-0.2641583" r33="0.9554045" r34="0" r41="1332.147" r42="324.00616" r43="1757.4401" r44="1"></containerEntry>
          <containerEntry r11="0.95333785" r12="0.29734766" r13="-0.05225958" r14="0" r21="-0.2424761" r22="0.85724616" r23="0.45423982" r24="0" r31="0.17986672" r32="-0.42037228" r33="0.8893451" r34="0" r41="1304.2338" r42="324.17853" r43="1714.144" r44="1"></containerEntry>
        </property>
        <property name="colors" type="UInt32" container="DynamicArray" arraySize="8">
          <containerEntry>4294967295</containerEntry>
          <containerEntry>4294967295</containerEntry>
          <containerEntry>4294967295</containerEntry>
          <containerEntry>4294967295</containerEntry>
          <containerEntry>4294967295</containerEntry>
          <containerEntry>4294967295</containerEntry>
          <containerEntry>4294967295</containerEntry>
          <containerEntry>4294967295</containerEntry>
        </property>
      </staticProperties>
      <dynamicProperties></dynamicProperties>
    </entity>
    <entity class="StaticModelArray" classVersion="4" classID="0xD0" addr="0x317C330" id="0x0">
      <staticProperties>
        <property name="name" type="String" container="StaticArray" arraySize="1">
          <containerEntry>StaticModelArray0008</containerEntry>
        </property>
        <property name="dataSet" type="EntityHandle" container="StaticArray" arraySize="1">
          <containerEntry>0x3352E00</containerEntry>
        </property>
        <property name="modelFile" type="FilePtr" container="StaticArray" arraySize="1">
          <containerEntry>/Assets/tpp/environ/object/afghanistan/rock/afgh_rock009/scenes/afgh_rock009_rock002.fmdl</containerEntry>
        </property>
        <property name="geomFile" type="FilePtr" container="StaticArray" arraySize="1">
          <containerEntry>/Assets/tpp/environ/object/afghanistan/rock/afgh_rock009/scenes/afgh_rock009_rock002.geom</containerEntry>
        </property>
        <property name="isVisibleGeom" type="Bool" container="StaticArray" arraySize="1">
          <containerEntry>false</containerEntry>
        </property>
        <property name="lodFarSize" type="Float" container="StaticArray" arraySize="1">
          <containerEntry>-1</containerEntry>
        </property>
        <property name="lodNearSize" type="Float" container="StaticArray" arraySize="1">
          <containerEntry>-1</containerEntry>
        </property>
        <property name="lodPolygonSize" type="Float" container="StaticArray" arraySize="1">
          <containerEntry>-1</containerEntry>
        </property>
        <property name="drawRejectionLevel" type="Int32" container="StaticArray" arraySize="1">
          <containerEntry>8</containerEntry>
        </property>
        <property name="drawMode" type="Int32" container="StaticArray" arraySize="1">
          <containerEntry>0</containerEntry>
        </property>
        <property name="rejectFarRangeShadowCast" type="Int32" container="StaticArray" arraySize="1">
          <containerEntry>2</containerEntry>
        </property>
        <property name="parentLocator" type="EntityLink" container="StaticArray" arraySize="1">
