<fox formatVersion="2" fileVersion="0">
  <entities>
    <entity class="DataSet" classVersion="0" classID="0xE8" addr="0x2F53730" id="0x48F03">
      <staticProperties>
        <property name="name" type="String" container="StaticArray" arraySize="1">
          <containerEntry hash="0xB8A0BF169F98"></containerEntry>
        </property>
        <property name="dataSet" type="EntityHandle" container="StaticArray" arraySize="1">
          <containerEntry>0x0</containerEntry>
        </property>
        <property name="dataList" type="EntityPtr" container="StringMap" arraySize="12">
          <containerEntry key="afgh_clff022_vrtn003_0003">
            <data>0x2D75950</data>
          </containerEntry>
          <containerEntry key="StaticModelArray0000">
            <data>0x2D7C720</data>
          </containerEntry>
          <containerEntry key="StaticModelArray0001">
            <data>0x2D7C790</data>
          </containerEntry>
          <containerEntry key="StaticModelArray0002">
            <data>0x2D7BDF0</data>
          </containerEntry>
          <containerEntry key="StaticModelArray0003">
            <data>0x2D7BFB0</data>
          </containerEntry>
          <containerEntry key="StaticModelArray0004">
            <data>0x2D7BED0</data>
          </containerEntry>
          <containerEntry key="StaticModelArray0005">
            <data>0x2F53260</data>
          </containerEntry>
          <containerEntry key="StaticModelArray0006">
            <data>0x2D7BD80</data>
          </containerEntry>
          <containerEntry key="StaticModelArray0007">
            <data>0x2D7C480</data>
          </containerEntry>
          <containerEntry key="StaticModelArray0008">
            <data>0x2D79460</data>
          </containerEntry>
          <containerEntry key="StaticModelArray0009">
            <data>0x2D7BD10</data>
          </containerEntry>
          <containerEntry key="TexturePackLoadConditioner0000">
            <data>0x2D7CBF0</data>
          </containerEntry>
        </property>
      </staticProperties>
      <dynamicProperties></dynamicProperties>
    </entity>
    <entity class="StaticModel" classVersion="9" classID="0x160" addr="0x2D75950" id="0x48FDE">
      <staticProperties>
        <property name="name" type="String" container="StaticArray" arraySize="1">
          <containerEntry>afgh_clff022_vrtn003_0003</containerEntry>
        </property>
        <property name="dataSet" type="EntityHandle" container="StaticArray" arraySize="1">
          <containerEntry>0x2F53730</containerEntry>
        </property>
        <property name="parent" type="EntityHandle" container="StaticArray" arraySize="1">
          <containerEntry>0x0</containerEntry>
        </property>
        <property name="transform" type="EntityPtr" container="StaticArray" arraySize="1">
          <containerEntry>0x2D759C0</containerEntry>
        </property>
        <property name="shearTransform" type="EntityPtr" container="StaticArray" arraySize="1">
          <containerEntry>0x0</containerEntry>
        </property>
        <property name="pivotTransform" type="EntityPtr" container="StaticArray" arraySize="1">
          <containerEntry>0x0</containerEntry>
        </property>
        <property name="children" type="EntityHandle" container="List"></property>
        <property name="flags" type="UInt32" container="StaticArray" arraySize="1">
          <containerEntry>3221225479</containerEntry>
        </property>
        <property name="modelFile" type="FilePtr" container="StaticArray" arraySize="1">
          <containerEntry>/Assets/tpp/environ/object/afghanistan/cliff/afgh_clff022/scenes/afgh_clff022_vrtn003.fmdl</containerEntry>
        </property>
        <property name="geomFile" type="FilePtr" container="StaticArray" arraySize="1">
          <containerEntry>/Assets/tpp/environ/object/afghanistan/cliff/afgh_clff022/scenes/afgh_clff022_vrtn003.geom</containerEntry>
        </property>
        <property name="isVisibleGeom" type="Bool" container="StaticArray" arraySize="1">
          <containerEntry>false</containerEntry>
        </property>
        <property name="isIsolated" type="Bool" container="StaticArray" arraySize="1">
          <containerEntry>false</containerEntry>
        </property>
        <property name="lodFarSize" type="Float" container="StaticArray" arraySize="1">
          <containerEntry>-1</containerEntry>
        </property>
        <property name="lodNearSize" type="Float" container="StaticArray" arraySize="1">
          <containerEntry>-1</containerEntry>
        </property>
        <property name="lodPolygonSize" type="Float" container="StaticArray" arraySize="1">
          <containerEntry>-1</containerEntry>
        </property>
        <property name="color" type="Color" container="StaticArray" arraySize="1">
          <containerEntry r="1" g="1" b="1" a="1"></containerEntry>
        </property>
        <property name="drawRejectionLevel" type="Int32" container="StaticArray" arraySize="1">
          <containerEntry>8</containerEntry>
        </property>
        <property name="drawMode" type="Int32" container="StaticArray" arraySize="1">
          <containerEntry>0</containerEntry>
        </property>
        <property name="rejectFarRangeShadowCast" type="Int32" container="StaticArray" arraySize="1">
          <containerEntry>2</containerEntry>
        </property>
      </staticProperties>
      <dynamicProperties></dynamicProperties>
    </entity>
    <entity class="TransformEntity" classVersion="0" classID="0x50" addr="0x2D759C0" id="0x48FE1">
      <staticProperties>
        <property name="owner" type="EntityHandle" container="StaticArray" arraySize="1">
          <containerEntry>0x2D75950</containerEntry>
        </property>
        <property name="transform_scale" type="Vector3" container="StaticArray" arraySize="1">
          <containerEntry x="1" y="1" z="1" w="0"></containerEntry>
        </property>
        <property name="transform_rotation_quat" type="Quat" container="StaticArray" arraySize="1">
          <containerEntry x="0" y="-0.785057" z="0" w="0.619423"></containerEntry>
        </property>
        <property name="transform_translation" type="Vector3" container="StaticArray" arraySize="1">
          <containerEntry x="858.5775" y="393.82114" z="-408.21497" w="0"></containerEntry>
        </property>
      </staticProperties>
      <dynamicProperties></dynamicProperties>
    </entity>
    <entity class="StaticModelArray" classVersion="4" classID="0xD0" addr="0x2D7C720" id="0x0">
      <staticProperties>
        <property name="name" type="String" container="StaticArray" arraySize="1">
          <containerEntry>StaticModelArray0000</containerEntry>
        </property>
        <property name="dataSet" type="EntityHandle" container="StaticArray" arraySize="1">
          <containerEntry>0x2F53730</containerEntry>
        </property>
        <property name="modelFile" type="FilePtr" container="StaticArray" arraySize="1">
          <containerEntry>/Assets/tpp/environ/object/afghanistan/cliff/afgh_clff022/scenes/afgh_clff022_vrtn002.fmdl</containerEntry>
        </property>
        <property name="geomFile" type="FilePtr" container="StaticArray" arraySize="1">
          <containerEntry>/Assets/tpp/environ/object/afghanistan/cliff/afgh_clff022/scenes/afgh_clff022_vrtn002.geom</containerEntry>
        </property>
        <property name="isVisibleGeom" type="Bool" container="StaticArray" arraySize="1">
          <containerEntry>false</containerEntry>
        </property>
        <property name="lodFarSize" type="Float" container="StaticArray" arraySize="1">
          <containerEntry>-1</containerEntry>
        </property>
        <property name="lodNearSize" type="Float" container="StaticArray" arraySize="1">
          <containerEntry>-1</containerEntry>
        </property>
        <property name="lodPolygonSize" type="Float" container="StaticArray" arraySize="1">
          <containerEntry>-1</containerEntry>
        </property>
        <property name="drawRejectionLevel" type="Int32" container="StaticArray" arraySize="1">
          <containerEntry>8</containerEntry>
        </property>
        <property name="drawMode" type="Int32" container="StaticArray" arraySize="1">
          <containerEntry>0</containerEntry>
        </property>
        <property name="rejectFarRangeShadowCast" type="Int32" container="StaticArray" arraySize="1">
          <containerEntry>2</containerEntry>
        </property>
        <property name="parentLocator" type="EntityLink" container="StaticArray" arraySize="1">
          <containerEntry packagePathHash="0xB8A0BF169F98" archivePathHash="0xB8A0BF169F98" nameInArchiveHash="0xB8A0BF169F98">0x0</containerEntry>
        </property>
        <property name="transforms" type="Matrix4" container="DynamicArray" arraySize="4">
          <containerEntry r11="-0.7392281" r12="0" r13="-0.67344964" r14="0" r21="0" r22="1" r23="0" r24="0" r31="0.67344964" r32="0" r33="-0.7392281" r34="0" r41="814.5724" r42="401.80417" r43="-436.52078" r44="1"></containerEntry>
          <containerEntry r11="-0.43560064" r12="0" r13="-0.9001371" r14="0" r21="0" r22="1" r23="0" r24="0" r31="0.9001371" r32="0" r33="-0.43560064" r34="0" r41="859.4599" r42="391.2721" r43="-394.75137" r44="1"></containerEntry>
          <containerEntry r11="0.89782107" r12="-0.0128160585" r13="-0.44017342" r14="0" r21="0.014755348" r22="0.9998906" r23="0.0009837046" r24="0" r31="0.44011268" r32="-0.0073781153" r33="0.89791197" r34="0" r41="887.6601" r42="398.1103" r43="-509.65765" r44="1"></containerEntry>
          <containerEntry r11="-0.0931586" r12="0" r13="-0.9956495" r14="0" r21="0" r22="1" r23="0" r24="0" r31="0.9956495" r32="0" r33="-0.0931586" r34="0" r41="770.5253" r42="395.25342" r43="-480.21484" r44="1"></containerEntry>
        </property>
        <property name="colors" type="UInt32" container="DynamicArray" arraySize="4">
          <containerEntry>4294967295</containerEntry>
          <containerEntry>4294967295</containerEntry>
          <containerEntry>4294967295</containerEntry>
          <containerEntry>4294967295</containerEntry>
        </property>
      </staticProperties>
      <dynamicProperties></dynamicProperties>
    </entity>
    <entity class="StaticModelArray" classVersion="4" classID="0xD0" addr="0x2D7C790" id="0x0">
      <staticProperties>
        <property name="name" type="String" container="StaticArray" arraySize="1">
          <containerEntry>StaticModelArray0001</containerEntry>
        </property>
        <property name="dataSet" type="EntityHandle" container="StaticArray" arraySize="1">
          <containerEntry>0x2F53730</containerEntry>
        </property>
        <property name="modelFile" type="FilePtr" container="StaticArray" arraySize="1">
          <containerEntry>/Assets/tpp/environ/object/afghanistan/rock/afgh_rock010/scenes/afgh_rock010.fmdl</containerEntry>
        </property>
        <property name="geomFile" type="FilePtr" container="StaticArray" arraySize="1">
          <containerEntry>/Assets/tpp/environ/object/afghanistan/rock/afgh_rock010/scenes/afgh_rock010.geom</containerEntry>
        </property>
        <property name="isVisibleGeom" type="Bool" container="StaticArray" arraySize="1">
          <containerEntry>false</containerEntry>
        </property>
        <property name="lodFarSize" type="Float" container="StaticArray" arraySize="1">
          <containerEntry>-1</containerEntry>
        </property>
        <property name="lodNearSize" type="Float" container="StaticArray" arraySize="1">
          <containerEntry>-1</containerEntry>
        </property>
        <property name="lodPolygonSize" type="Float" container="StaticArray" arraySize="1">
          <containerEntry>-1</containerEntry>
        </property>
        <property name="drawRejectionLevel" type="Int32" container="StaticArray" arraySize="1">
          <containerEntry>8</containerEntry>
        </property>
        <property name="drawMode" type="Int32" container="StaticArray" arraySize="1">
          <containerEntry>0</containerEntry>
        </property>
        <property name="rejectFarRangeShadowCast" type="Int32" container="StaticArray" arraySize="1">
          <containerEntry>2</containerEntry>
        </property>
        <property name="parentLocator" type="EntityLink" container="StaticArray" arraySize="1">
          <containerEntry packagePathHash="0xB8A0BF169F98" archivePathHash="0xB8A0BF169F98" nameInArchiveHash="0xB8A0BF169F98">0x0</containerEntry>
        </property>
        <property name="transforms" type="Matrix4" container="DynamicArray" arraySize="5">
          <containerEntry r11="-0.24831879" r12="0.38842818" r13="1.5956508" r14="0" r21="0.27837625" r22="1.6003913" r23="-0.3462604" r24="0" r31="-1.6184821" r32="0.21566913" r33="-0.30437207" r34="0" r41="831.95465" r42="396.77097" r43="-421.97028" r44="1"></containerEntry>
          <containerEntry r11="-0.9379639" r12="0.063192986" r13="-0.3409222" r14="0" r21="-0.016815633" r22="0.9738038" r23="0.22676727" r24="0" r31="0.34632143" r32="0.2184326" r33="-0.91233015" r34="0" r41="853.1175" r42="380.37967" r43="-484.37976" r44="1"></containerEntry>
          <containerEntry r11="-0.941632" r12="0.18959059" r13="-0.27817798" r14="0" r21="0.22346722" r22="0.97004026" r23="-0.095311426" r24="0" r31="0.25177366" r32="-0.15191205" r33="-0.95578825" r34="0" r41="791.4668" r42="386.33994" r43="-483.72122" r44="1"></containerEntry>
          <containerEntry r11="0.8417757" r12="-0.18108602" r13="-0.7180013" r14="0" r21="0.010016509" r22="1.0897621" r23="-0.26310363" r24="0" r31="0.7404172" r32="0.19113268" r33="0.81985056" r34="0" r41="793.8679" r42="399.94302" r43="-445.02225" r44="1"></containerEntry>
          <containerEntry r11="-1.0466442" r12="-0.02312891" r13="0.40112808" r14="0" r21="-0.026700873" r22="1.1207887" r23="-0.0050450885" r24="0" r31="-0.40090618" r32="-0.014263348" r33="-1.0468875" r34="0" r41="779.2329" r42="406.38647" r43="-404" r44="1"></containerEntry>
        </property>
        <property name="colors" type="UInt32" container="DynamicArray" arraySize="5">
          <containerEntry>4294967295</containerEntry>
          <containerEntry>4294967295</containerEntry>
          <containerEntry>4294967295</containerEntry>
          <containerEntry>4294967295</containerEntry>
          <containerEntry>4294967295</containerEntry>
        </property>
      </staticProperties>
      <dynamicProperties></dynamicProperties>
    </entity>
    <entity class="StaticModelArray" classVersion="4" classID="0xD0" addr="0x2D7BDF0" id="0x0">
      <staticProperties>
        <property name="name" type="String" container="StaticArray" arraySize="1">
          <containerEntry>StaticModelArray0002</containerEntry>
        </property>
        <property name="dataSet" type="EntityHandle" container="StaticArray" arraySize="1">
          <containerEntry>0x2F53730</containerEntry>
        </property>
        <property name="modelFile" type="FilePtr" container="StaticArray" arraySize="1">
          <containerEntry>/Assets/tpp/environ/object/afghanistan/cliff/afgh_clff022/scenes/afgh_clff022_vrtn001.fmdl</containerEntry>
        </property>
        <property name="geomFile" type="FilePtr" container="StaticArray" arraySize="1">
          <containerEntry>/Assets/tpp/environ/object/afghanistan/cliff/afgh_clff022/scenes/afgh_clff022_vrtn001.geom</containerEntry>
        </property>
        <property name="isVisibleGeom" type="Bool" container="StaticArray" arraySize="1">
          <containerEntry>false</containerEntry>
        </property>
        <property name="lodFarSize" type="Float" container="StaticArray" arraySize="1">
          <containerEntry>-1</containerEntry>
        </property>
        <property name="lodNearSize" type="Float" container="StaticArray" arraySize="1">
          <containerEntry>-1</containerEntry>
        </property>
        <property name="lodPolygonSize" type="Float" container="StaticArray" arraySize="1">
          <containerEntry>-1</containerEntry>
        </property>
        <property name="drawRejectionLevel" type="Int32" container="StaticArray" arraySize="1">
          <containerEntry>8</containerEntry>
        </property>
        <property name="drawMode" type="Int32" container="StaticArray" arraySize="1">
          <containerEntry>0</containerEntry>
        </property>
        <property name="rejectFarRangeShadowCast" type="Int32" container="StaticArray" arraySize="1">
          <containerEntry>2</containerEntry>
        </property>
        <property name="parentLocator" type="EntityLink" container="StaticArray" arraySize="1">
          <containerEntry packagePathHash="0xB8A0BF169F98" archivePathHash="0xB8A0BF169F98" nameInArchiveHash="0xB8A0BF169F98">0x0</containerEntry>
        </property>
        <property name="transforms" type="Matrix4" container="DynamicArray" arraySize="3">
          <containerEntry r11="0.9013592" r12="0" r13="-0.43307233" r14="0" r21="0" r22="1" r23="0" r24="0" r31="0.43307233" r32="0" r33="0.9013592" r34="0" r41="867.99066" r42="392.57822" r43="-493.32654" r44="1"></containerEntry>
          <containerEntry r11="0.9013592" r12="0" r13="-0.43307233" r14="0" r21="0" r22="1" r23="0" r24="0" r31="0.43307233" r32="0" r33="0.9013592" r34="0" r41="831.4801" r42="396.58862" r43="-503.41904" r44="1"></containerEntry>
          <containerEntry r11="-0.82763875" r12="0" r13="-0.56125855" r14="0" r21="0" r22="1" r23="0" r24="0" r31="0.56125855" r32="0" r33="-0.82763875" r34="0" r41="777.13965" r42="405.5332" r43="-455.23032" r44="1"></containerEntry>
        </property>
        <property name="colors" type="UInt32" container="DynamicArray" arraySize="3">
          <containerEntry>4294967295</containerEntry>
          <containerEntry>4294967295</containerEntry>
          <containerEntry>4294967295</containerEntry>
        </property>
      </staticProperties>
      <dynamicProperties></dynamicProperties>
    </entity>
    <entity class="StaticModelArray" classVersion="4" classID="0xD0" addr="0x2D7BFB0" id="0x0">
      <staticProperties>
        <property name="name" type="String" container="StaticArray" arraySize="1">
          <containerEntry>StaticModelArray0003</containerEntry>
        </property>
        <property name="dataSet" type="EntityHandle" container="StaticArray" arraySize="1">
          <containerEntry>0x2F53730</containerEntry>
        </property>
        <property name="modelFile" type="FilePtr" container="StaticArray" arraySize="1">
          <containerEntry>/Assets/tpp/environ/object/afghanistan/cliff/afgh_clff022/scenes/afgh_clff022_vrtn004.fmdl</containerEntry>
        </property>
        <property name="geomFile" type="FilePtr" container="StaticArray" arraySize="1">
          <containerEntry>/Assets/tpp/environ/object/afghanistan/cliff/afgh_clff022/scenes/afgh_clff022_vrtn004.geom</containerEntry>
        </property>
        <property name="isVisibleGeom" type="Bool" container="StaticArray" arraySize="1">
          <containerEntry>false</containerEntry>
        </property>
        <property name="lodFarSize" type="Float" container="StaticArray" arraySize="1">
          <containerEntry>-1</containerEntry>
        </property>
        <property name="lodNearSize" type="Float" container="StaticArray" arraySize="1">
          <containerEntry>-1</containerEntry>
        </property>
        <property name="lodPolygonSize" type="Float" container="StaticArray" arraySize="1">
          <containerEntry>-1</containerEntry>
        </property>
        <property name="drawRejectionLevel" type="Int32" container="StaticArray" arraySize="1">
          <containerEntry>8</containerEntry>
        </property>
        <property name="drawMode" type="Int32" container="StaticArray" arraySize="1">
          <containerEntry>0</containerEntry>
        </property>
        <property name="rejectFarRangeShadowCast" type="Int32" container="StaticArray" arraySize="1">
          <containerEntry>2</containerEntry>
        </property>
        <property name="parentLocator" type="EntityLink" container="StaticArray" arraySize="1">
          <containerEntry packagePathHash="0xB8A0BF169F98" archivePathHash="0xB8A0BF169F98" nameInArchiveHash="0xB8A0BF169F98">0x0</containerEntry>
        </property>
        <property name="transforms" type="Matrix4" container="DynamicArray" arraySize="3">
          <containerEntry r11="-0.83266294" r12="0" r13="-0.5537856" r14="0" r21="0" r22="1" r23="0" r24="0" r31="0.5537856" r32="0" r33="-0.83266294" r34="0" r41="840.89355" r42="395.25436" r43="-421.14175" r44="1"></containerEntry>
          <containerEntry r11="-0.94329625" r12="-0.0056402036" r13="-0.33190888" r14="0" r21="-0.017181726" r22="0.999345" r23="0.031848893" r24="0" r31="0.33151186" r32="0.03574565" r33="-0.94277525" r34="0" r41="784.19586" r42="399.43683" r43="-446.75055" r44="1"></containerEntry>
          <containerEntry r11="0.9406558" r12="-0.029959243" r13="0.33803716" r14="0" r21="0.027011704" r22="0.99954504" r23="0.013421295" r24="0" r31="-0.33828548" r32="-0.0034938618" r33="0.9410371" r34="0" r41="848.01855" r42="393.67676" r43="-497.5813" r44="1"></containerEntry>
        </property>
        <property name="colors" type="UInt32" container="DynamicArray" arraySize="3">
          <containerEntry>4294967295</containerEntry>
          <containerEntry>4294967295</containerEntry>
          <containerEntry>4294967295</containerEntry>
        </property>
      </staticProperties>
      <dynamicProperties></dynamicProperties>
    </entity>
    <entity class="StaticModelArray" classVersion="4" classID="0xD0" addr="0x2D7BED0" id="0x0">
      <staticProperties>
        <property name="name" type="String" container="StaticArray" arraySize="1">
          <containerEntry>StaticModelArray0004</containerEntry>
        </property>
        <property name="dataSet" type="EntityHandle" container="StaticArray" arraySize="1">
          <containerEntry>0x2F53730</containerEntry>
        </property>
        <property name="modelFile" type="FilePtr" container="StaticArray" arraySize="1">
          <containerEntry>/Assets/tpp/environ/object/afghanistan/cliff/afgh_clff013/scenes/afgh_clff013.fmdl</containerEntry>
        </property>
        <property name="geomFile" type="FilePtr" container="StaticArray" arraySize="1">
          <containerEntry>/Assets/tpp/environ/object/afghanistan/cliff/afgh_clff013/scenes/afgh_clff013.geom</containerEntry>
        </property>
        <property name="isVisibleGeom" type="Bool" container="StaticArray" arraySize="1">
          <containerEntry>false</containerEntry>
        </property>
        <property name="lodFarSize" type="Float" container="StaticArray" arraySize="1">
          <containerEntry>-1</containerEntry>
        </property>
        <property name="lodNearSize" type="Float" container="StaticArray" arraySize="1">
          <containerEntry>-1</containerEntry>
        </property>
        <property name="lodPolygonSize" type="Float" container="StaticArray" arraySize="1">
          <containerEntry>-1</containerEntry>
        </property>
        <property name="drawRejectionLevel" type="Int32" container="StaticArray" arraySize="1">
          <containerEntry>8</containerEntry>
        </property>
        <property name="drawMode" type="Int32" container="StaticArray" arraySize="1">
          <containerEntry>0</containerEntry>
        </property>
        <property name="rejectFarRangeShadowCast" type="Int32" container="StaticArray" arraySize="1">
          <containerEntry>2</containerEntry>
        </property>
        <property name="parentLocator" type="EntityLink" container="StaticArray" arraySize="1">
          <containerEntry packagePathHash="0xB8A0BF169F98" archivePathHash="0xB8A0BF169F98" nameInArchiveHash="0xB8A0BF169F98">0x0</containerEntry>
        </property>
        <property name="transforms" type="Matrix4" container="DynamicArray" arraySize="4">
          <containerEntry r11="-0.65920794" r12="0.05303795" r13="-0.75008607" r14="0" r21="0.034033686" r22="0.99859166" r23="0.040699203" r24="0" r31="0.7511883" r32="0.00130108" r33="-0.6600846" r34="0" r41="822.1835" r42="380.7865" r43="-456.74823" r44="1"></containerEntry>
          <containerEntry r11="-0.76439404" r12="0.037134025" r13="-0.6436753" r14="0" r21="0.024188615" r22="0.9992889" r23="0.028924368" r24="0" r31="0.64429164" r32="0.0065400517" r33="-0.7647487" r34="0" r41="805.23926" r42="381.60355" r43="-471.60266" r44="1"></containerEntry>
          <containerEntry r11="-0.98227614" r12="-0.16832098" r13="0.082421035" r14="0" r21="-0.16364557" r22="0.98465765" r23="0.060575522" r24="0" r31="-0.09135266" r32="0.04601428" r33="-0.9947507" r34="0" r41="893.60345" r42="375.65942" r43="-478.8025" r44="1"></containerEntry>
          <containerEntry r11="0.8745366" r12="-0.07275955" r13="-0.47947025" r14="0" r21="0.11009113" r22="0.9926546" r23="0.050167024" r24="0" r31="0.4722982" r32="-0.09665835" r33="0.87612295" r34="0" r41="880.3653" r42="379.12164" r43="-493.19217" r44="1"></containerEntry>
        </property>
        <property name="colors" type="UInt32" container="DynamicArray" arraySize="4">
          <containerEntry>4294967295</containerEntry>
          <containerEntry>4294967295</containerEntry>
          <containerEntry>4294967295</containerEntry>
          <containerEntry>4294967295</containerEntry>
        </property>
      </staticProperties>
      <dynamicProperties></dynamicProperties>
    </entity>
    <entity class="StaticModelArray" classVersion="4" classID="0xD0" addr="0x2F53260" id="0x0">
      <staticProperties>
        <property name="name" type="String" container="StaticArray" arraySize="1">
          <containerEntry>StaticModelArray0005</containerEntry>
        </property>
        <property name="dataSet" type="EntityHandle" container="StaticArray" arraySize="1">
          <containerEntry>0x2F53730</containerEntry>
        </property>
        <property name="modelFile" type="FilePtr" container="StaticArray" arraySize="1">
          <containerEntry>/Assets/tpp/environ/object/afghanistan/cliff/afgh_clff025/scenes/afgh_clff025.fmdl</containerEntry>
        </property>
        <property name="geomFile" type="FilePtr" container="StaticArray" arraySize="1">
          <containerEntry>/Assets/tpp/environ/object/afghanistan/cliff/afgh_clff025/scenes/afgh_clff025.geom</containerEntry>
        </property>
        <property name="isVisibleGeom" type="Bool" container="StaticArray" arraySize="1">
          <containerEntry>false</containerEntry>
        </property>
        <property name="lodFarSize" type="Float" container="StaticArray" arraySize="1">
          <containerEntry>-1</containerEntry>
        </property>
        <property name="lodNearSize" type="Float" container="StaticArray" arraySize="1">
          <containerEntry>-1</containerEntry>
        </property>
        <property name="lodPolygonSize" type="Float" container="StaticArray" arraySize="1">
          <containerEntry>-1</containerEntry>
        </property>
        <property name="drawRejectionLevel" type="Int32" container="StaticArray" arraySize="1">
          <containerEntry>8</containerEntry>
        </property>
        <property name="drawMode" type="Int32" container="StaticArray" arraySize="1">
          <containerEntry>0</containerEntry>
        </property>
        <property name="rejectFarRangeShadowCast" type="Int32" container="StaticArray" arraySize="1">
          <containerEntry>2</containerEntry>
        </property>
        <property name="parentLocator" type="EntityLink" container="StaticArray" arraySize="1">
          <containerEntry packagePathHash="0xB8A0BF169F98" archivePathHash="0xB8A0BF169F98" nameInArchiveHash="0xB8A0BF169F98">0x0</containerEntry>
        </property>
        <property name="transforms" type="Matrix4" container="DynamicArray" arraySize="14">
          <containerEntry r11="0.94128495" r12="0.00810789" r13="0.33751547" r14="0" r21="-0.005621912" r22="0.9999494" r23="-0.008342293" r24="0" r31="-0.33756602" r32="0.0059549864" r33="0.94128287" r34="0" r41="886.7972" r42="376.01736" r43="-437.93195" r44="1"></containerEntry>
          <containerEntry r11="-0.43207538" r12="0.01119663" r13="-0.90176266" r14="0" r21="0.04469642" r22="0.99895996" r23="-0.00901282" r24="0" r31="0.9007239" r32="-0.04419996" r33="-0.43212646" r34="0" r41="861.1831" r42="378.7121" r43="-421.7147" r44="1"></containerEntry>
          <containerEntry r11="-0.6083646" r12="-0.031438958" r13="0.79303145" r14="0" r21="-0.017002124" r22="0.99950206" r23="0.02658121" r24="0" r31="-0.7934723" r32="0.0026878938" r33="-0.6085962" r34="0" r41="893.3841" r42="377.95197" r43="-425.7832" r44="1"></containerEntry>
          <containerEntry r11="-0.1950977" r12="-0.068459906" r13="0.9783897" r14="0" r21="-0.04348799" r22="0.9971836" r23="0.06110297" r24="0" r31="-0.97981733" r32="-0.030627102" r33="-0.19752544" r34="0" r41="885.755" r42="377.95197" r43="-407.29938" r44="1"></containerEntry>
          <containerEntry r11="-0.6083646" r12="-0.031438958" r13="0.79303145" r14="0" r21="-0.017002124" r22="0.99950206" r23="0.02658121" r24="0" r31="-0.7934723" r32="0.0026878938" r33="-0.6085962" r34="0" r41="887.64276" r42="376.61407" r43="-418.07776" r44="1"></containerEntry>
          <containerEntry r11="0.99938625" r12="-0.032840617" r13="0.012188323" r14="0" r21="0.033784546" r22="0.99557734" r23="-0.08766034" r24="0" r31="-0.00925559" r32="0.08801833" r33="0.9960758" r34="0" r41="875.48517" r42="375.68774" r43="-438.5487" r44="1"></containerEntry>
          <containerEntry r11="-0.36629844" r12="-0.005548062" r13="-0.9304789" r14="0" r21="-0.054341406" r22="0.9984031" r23="0.015439425" r24="0" r31="0.9289072" r32="0.056219067" r33="-0.36601496" r34="0" r41="873.57886" r42="377.432" r43="-407.29938" r44="1"></containerEntry>
          <containerEntry r11="-0.6091851" r12="0.01786346" r13="-0.7928202" r14="0" r21="0.061590396" r22="0.9977923" r23="-0.0248432" r24="0" r31="0.79062605" r32="-0.06396451" r33="-0.6089404" r34="0" r41="842.9482" r42="380.84796" r43="-439.36203" r44="1"></containerEntry>
          <containerEntry r11="-0.68265337" r12="0.023954395" r13="-0.73034155" r14="0" r21="0.044695813" r22="0.99895996" r23="-0.009012913" r24="0" r31="0.72936606" r32="-0.038796075" r33="-0.68301404" r34="0" r41="834.7523" r42="381.8399" r43="-446.51862" r44="1"></containerEntry>
          <containerEntry r11="0.9909201" r12="-0.12533627" r13="0.04866377" r14="0" r21="0.12683652" r22="0.9914979" r23="-0.029060679" r24="0" r31="-0.044607658" r32="0.03496916" r33="0.9983924" r34="0" r41="864.4323" r42="375.9038" r43="-436.90424" r44="1"></containerEntry>
          <containerEntry r11="-0.95912844" r12="0.040387046" r13="-0.28004852" r14="0" r21="0.044695485" r22="0.99896" r23="-0.00901266" r24="0" r31="0.2793933" r32="-0.021161314" r33="-0.9599361" r34="0" r41="790.95123" r42="388.8057" r43="-455.06595" r44="1"></containerEntry>
          <containerEntry r11="-0.34732103" r12="0.0070805456" r13="-0.9377171" r14="0" r21="0.044696227" r22="0.99895996" r23="-0.009012146" r24="0" r31="0.93667805" r32="-0.04504261" r33="-0.34727627" r34="0" r41="782.24384" r42="388.1161" r43="-466.60907" r44="1"></containerEntry>
          <containerEntry r11="-0.98657286" r12="0.011449807" r13="-0.1628787" r14="0" r21="-0.018769447" r22="0.9829731" r23="0.1827882" r24="0" r31="0.16219826" r32="0.18339226" r33="-0.96955955" r34="0" r41="867.0491" r42="376.70322" r43="-470.8431" r44="1"></containerEntry>
          <containerEntry r11="-0.9521574" r12="0.08255231" r13="-0.29421753" r14="0" r21="0.026364634" r22="0.98142105" r23="0.1900458" r24="0" r31="0.30444002" r32="0.1731982" r33="-0.93664366" r34="0" r41="850.1861" r42="377.38065" r43="-472.8129" r44="1"></containerEntry>
        </property>
        <property name="colors" type="UInt32" container="DynamicArray" arraySize="14">
          <containerEntry>4294967295</containerEntry>
          <containerEntry>4294967295</containerEntry>
          <containerEntry>4294967295</containerEntry>
          <containerEntry>4294967295</containerEntry>
          <containerEntry>4294967295</containerEntry>
          <containerEntry>4294967295</containerEntry>
          <containerEntry>4294967295</containerEntry>
          <containerEntry>4294967295</containerEntry>
          <containerEntry>4294967295</containerEntry>
          <containerEntry>4294967295</containerEntry>
          <containerEntry>4294967295</containerEntry>
          <containerEntry>4294967295</containerEntry>
          <containerEntry>4294967295</containerEntry>
          <containerEntry>4294967295</containerEntry>
        </property>
      </staticProperties>
      <dynamicProperties></dynamicProperties>
    </entity>
    <entity class="StaticModelArray" classVersion="4" classID="0xD0" addr="0x2D7BD80" id="0x0">
      <staticProperties>
        <property name="name" type="String" container="StaticArray" arraySize="1">
          <containerEntry>StaticModelArray0006</containerEntry>
        </property>
        <property name="dataSet" type="EntityHandle" container="StaticArray" arraySize="1">
          <containerEntry>0x2F53730</containerEntry>
        </property>
        <property name="modelFile" type="FilePtr" container="StaticArray" arraySize="1">
          <containerEntry>/Assets/tpp/environ/object/afghanistan/rock/afgh_rock011/scenes/afgh_rock011.fmdl</containerEntry>
        </property>
        <property name="geomFile" type="FilePtr" container="StaticArray" arraySize="1">
          <containerEntry>/Assets/tpp/environ/object/afghanistan/rock/afgh_rock011/scenes/afgh_rock011.geom</containerEntry>
        </property>
        <property name="isVisibleGeom" type="Bool" container="StaticArray" arraySize="1">
          <containerEntry>false</containerEntry>
        </property>
        <property name="lodFarSize" type="Float" container="StaticArray" arraySize="1">
          <containerEntry>-1</containerEntry>
        </property>
        <property name="lodNearSize" type="Float" container="StaticArray" arraySize="1">
          <containerEntry>-1</containerEntry>
        </property>
        <property name="lodPolygonSize" type="Float" container="StaticArray" arraySize="1">
          <containerEntry>-1</containerEntry>
        </property>
        <property name="drawRejectionLevel" type="Int32" container="StaticArray" arraySize="1">
          <containerEntry>8</containerEntry>
        </property>
        <property name="drawMode" type="Int32" container="StaticArray" arraySize="1">
          <containerEntry>0</containerEntry>
        </property>
        <property name="rejectFarRangeShadowCast" type="Int32" container="StaticArray" arraySize="1">
          <containerEntry>2</containerEntry>
        </property>
        <property name="parentLocator" type="EntityLink" container="StaticArray" arraySize="1">
          <containerEntry packagePathHash="0xB8A0BF169F98" archivePathHash="0xB8A0BF169F98" nameInArchiveHash="0xB8A0BF169F98">0x0</containerEntry>
        </property>
        <property name="transforms" type="Matrix4" container="DynamicArray" arraySize="11">
          <containerEntry r11="-0.28996003" r12="0.00748937" r13="-0.95700574" r14="0" r21="0.056301482" r22="0.998371" r23="-0.009245697" r24="0" r31="0.9553776" r32="-0.056561906" r33="-0.28990936" r34="0" r41="883.6053" r42="374.1297" r43="-432.05594" r44="1"></containerEntry>
          <containerEntry r11="-0.7075986" r12="-0.20663382" r13="0.6757162" r14="0" r21="-0.023600549" r22="0.96266425" r23="0.26966694" r24="0" r31="-0.7062103" r32="0.17487054" r33="-0.6860563" r34="0" r41="874.7596" r42="378.47327" r43="-485.31598" r44="1"></containerEntry>
          <containerEntry r11="0.06550217" r12="0.15845253" r13="0.98518974" r14="0" r21="0.13503213" r22="0.97682256" r23="-0.16608408" r24="0" r31="-0.98867196" r32="0.1439111" r33="0.042587817" r34="0" r41="844.7405" r42="378.79196" r43="-449.07138" r44="1"></containerEntry>
          <containerEntry r11="-0.38958654" r12="-0.47782683" r13="0.787332" r14="0" r21="0.010224476" r22="0.852586" r23="0.52248573" r24="0" r31="-0.9209265" r32="0.21160671" r33="-0.32726955" r34="0" r41="843.0522" r42="383.33978" r43="-489.6293" r44="1"></containerEntry>
          <containerEntry r11="-0.84828275" r12="-0.5096893" r13="0.14358568" r14="0" r21="-0.40311384" r22="0.7974134" r23="0.4490315" r24="0" r31="-0.3433646" r32="0.3230277" r33="-0.8818941" r34="0" r41="823.2578" r42="388.49857" r43="-501.9218" r44="1"></containerEntry>
          <containerEntry r11="0.06995896" r12="0.14635251" r13="0.98675334" r14="0" r21="0.1949118" r22="0.9681079" r23="-0.15740511" r24="0" r31="-0.97832036" r32="0.20334187" r33="0.039201975" r34="0" r41="818.90875" r42="386.7526" r43="-444.69458" r44="1"></containerEntry>
          <containerEntry r11="-0.12937167" r12="0.009174943" r13="0.9915513" r14="0" r21="0.04516439" r22="0.9989739" r23="-0.0033507273" r24="0" r31="-0.9905646" r32="0.04434941" r33="-0.12965333" r34="0" r41="793.16064" r42="385.63318" r43="-477.66306" r44="1"></containerEntry>
          <containerEntry r11="0.9547455" r12="-0.08344111" r13="0.28547925" r14="0" r21="0.13503173" r22="0.97682256" r23="-0.16608432" r24="0" r31="-0.26500428" r32="0.19711709" r33="0.94388413" r34="0" r41="810" r42="404.0478" r43="-423.47964" r44="1"></containerEntry>
          <containerEntry r11="-0.21151523" r12="-0.063875824" r13="0.97528195" r14="0" r21="0.17003484" r22="0.98024046" r23="0.10107733" r24="0" r31="-0.9624672" r32="0.18721206" r33="-0.19647461" r34="0" r41="812" r42="403.96826" r43="-385.86685" r44="1"></containerEntry>
          <containerEntry r11="-0.46462554" r12="0.080558255" r13="-0.8818312" r14="0" r21="0.2263122" r22="0.9735833" r23="-0.030301735" r24="0" r31="0.856095" r32="-0.21364872" r33="-0.47058296" r34="0" r41="831.3979" r42="401.5227" r43="-408.93484" r44="1"></containerEntry>
          <containerEntry r11="-0.8521922" r12="0.14121403" r13="0.5038018" r14="0" r21="0.1555257" r22="0.9877356" r23="-0.013782181" r24="0" r31="-0.49956927" r32="0.06660921" r33="-0.8637031" r34="0" r41="859.8438" r42="391.84714" r43="-398.73215" r44="1"></containerEntry>
        </property>
        <property name="colors" type="UInt32" container="DynamicArray" arraySize="11">
          <containerEntry>4294967295</containerEntry>
          <containerEntry>4294967295</containerEntry>
          <containerEntry>4294967295</containerEntry>
          <containerEntry>4294967295</containerEntry>
          <containerEntry>4294967295</containerEntry>
          <containerEntry>4294967295</containerEntry>
          <containerEntry>4294967295</containerEntry>
          <containerEntry>4294967295</containerEntry>
          <containerEntry>4294967295</containerEntry>
          <containerEntry>4294967295</containerEntry>
          <containerEntry>4294967295</containerEntry>
        </property>
      </staticProperties>
      <dynamicProperties></dynamicProperties>
    </entity>
    <entity class="StaticModelArray" classVersion="4" classID="0xD0" addr="0x2D7C480" id="0x0">
      <staticProperties>
        <property name="name" type="String" container="StaticArray" arraySize="1">
          <containerEntry>StaticModelArray0007</containerEntry>
        </property>
        <property name="dataSet" type="EntityHandle" container="StaticArray" arraySize="1">
          <containerEntry>0x2F53730</containerEntry>
        </property>
        <property name="modelFile" type="FilePtr" container="StaticArray" arraySize="1">
          <containerEntry>/Assets/tpp/environ/object/afghanistan/cliff/afgh_clff007/scenes/afgh_clff007.fmdl</containerEntry>
        </property>
        <property name="geomFile" type="FilePtr" container="StaticArray" arraySize="1">
          <containerEntry>/Assets/tpp/environ/object/afghanistan/cliff/afgh_clff007/scenes/afgh_clff007.geom</containerEntry>
        </property>
