<fox formatVersion="2" fileVersion="0">
  <entities>
    <entity class="DataSet" classVersion="0" classID="0xE8" addr="0x2F52EE0" id="0x39486">
      <staticProperties>
        <property name="name" type="String" container="StaticArray" arraySize="1">
          <containerEntry hash="0xB8A0BF169F98"></containerEntry>
        </property>
        <property name="dataSet" type="EntityHandle" container="StaticArray" arraySize="1">
          <containerEntry>0x0</containerEntry>
        </property>
        <property name="dataList" type="EntityPtr" container="StringMap" arraySize="11">
          <containerEntry key="StaticModelArray0000">
            <data>0x2D7D0C0</data>
          </containerEntry>
          <containerEntry key="StaticModelArray0001">
            <data>0x2D7C870</data>
          </containerEntry>
          <containerEntry key="StaticModelArray0002">
            <data>0x2D7C8E0</data>
          </containerEntry>
          <containerEntry key="StaticModelArray0003">
            <data>0x2D7CDB0</data>
          </containerEntry>
          <containerEntry key="StaticModelArray0004">
            <data>0x2D77390</data>
          </containerEntry>
          <containerEntry key="StaticModelArray0005">
            <data>0x2D7C950</data>
          </containerEntry>
          <containerEntry key="StaticModelArray0006">
            <data>0x2D7C9C0</data>
          </containerEntry>
          <containerEntry key="StaticModelArray0007">
            <data>0x2D7CA30</data>
          </containerEntry>
          <containerEntry key="StaticModelArray0008">
            <data>0x2D7CAA0</data>
          </containerEntry>
          <containerEntry key="StaticModelArray0009">
            <data>0x2D7CB10</data>
          </containerEntry>
          <containerEntry key="TexturePackLoadConditioner0000">
            <data>0x2D7D7C0</data>
          </containerEntry>
        </property>
      </staticProperties>
      <dynamicProperties></dynamicProperties>
    </entity>
    <entity class="StaticModelArray" classVersion="4" classID="0xD0" addr="0x2D7D0C0" id="0x0">
      <staticProperties>
        <property name="name" type="String" container="StaticArray" arraySize="1">
          <containerEntry>StaticModelArray0000</containerEntry>
        </property>
        <property name="dataSet" type="EntityHandle" container="StaticArray" arraySize="1">
          <containerEntry>0x2F52EE0</containerEntry>
        </property>
        <property name="modelFile" type="FilePtr" container="StaticArray" arraySize="1">
          <containerEntry>/Assets/tpp/environ/object/afghanistan/rock/afgh_rock013/scenes/afgh_rock013_vrtn001.fmdl</containerEntry>
        </property>
        <property name="geomFile" type="FilePtr" container="StaticArray" arraySize="1">
          <containerEntry>/Assets/tpp/environ/object/afghanistan/rock/afgh_rock013/scenes/afgh_rock013_vrtn001.geom</containerEntry>
        </property>
        <property name="isVisibleGeom" type="Bool" container="StaticArray" arraySize="1">
          <containerEntry>false</containerEntry>
        </property>
        <property name="lodFarSize" type="Float" container="StaticArray" arraySize="1">
          <containerEntry>-1</containerEntry>
        </property>
        <property name="lodNearSize" type="Float" container="StaticArray" arraySize="1">
          <containerEntry>-1</containerEntry>
        </property>
        <property name="lodPolygonSize" type="Float" container="StaticArray" arraySize="1">
          <containerEntry>-1</containerEntry>
        </property>
        <property name="drawRejectionLevel" type="Int32" container="StaticArray" arraySize="1">
          <containerEntry>8</containerEntry>
        </property>
        <property name="drawMode" type="Int32" container="StaticArray" arraySize="1">
          <containerEntry>0</containerEntry>
        </property>
        <property name="rejectFarRangeShadowCast" type="Int32" container="StaticArray" arraySize="1">
          <containerEntry>2</containerEntry>
        </property>
        <property name="parentLocator" type="EntityLink" container="StaticArray" arraySize="1">
          <containerEntry packagePathHash="0xB8A0BF169F98" archivePathHash="0xB8A0BF169F98" nameInArchiveHash="0xB8A0BF169F98">0x0</containerEntry>
        </property>
        <property name="transforms" type="Matrix4" container="DynamicArray" arraySize="15">
          <containerEntry r11="0.29195702" r12="0.010104207" r13="-0.95637804" r14="0" r21="-0.02048201" r22="0.99978095" r23="0.004310146" r24="0" r31="0.9562121" r32="0.018330168" r33="0.2921" r34="0" r41="-1633.2178" r42="532.3117" r43="-2667.6863" r44="1"></containerEntry>
          <containerEntry r11="0.013959432" r12="-0.011589228" r13="-0.9998348" r14="0" r21="-0.041774012" r22="0.999053" r23="-0.012163368" r24="0" r31="0.9990289" r32="0.041936923" r33="0.013462067" r34="0" r41="-1636.3539" r42="529.54425" r43="-2650.0452" r44="1"></containerEntry>
          <containerEntry r11="0.62256485" r12="0.01650697" r13="-0.78239447" r14="0" r21="-0.041775934" r22="0.99905294" r23="-0.012163825" r24="0" r31="0.7814527" r32="0.04025801" r33="0.6226648" r34="0" r41="-1648.8644" r42="529.04614" r43="-2637.7341" r44="1"></containerEntry>
          <containerEntry r11="-0.06762597" r12="0.0055563683" r13="-0.99769413" r14="0" r21="-0.00922985" r22="0.9999382" r23="0.0061944895" r24="0" r31="0.99766695" r32="0.009627492" r33="-0.06757051" r34="0" r41="-1639.3833" r42="531.1108" r43="-2584.284" r44="1"></containerEntry>
          <containerEntry r11="-0.3491834" r12="0.002581647" r13="-0.93704903" r14="0" r21="-0.009231046" r22="0.99993825" r23="0.0061947918" r24="0" r31="0.93700707" r32="0.010813083" r33="-0.34913796" r34="0" r41="-1644.0114" r42="531.16693" r43="-2600.2415" r44="1"></containerEntry>
          <containerEntry r11="-1.8847274" r12="-0.11941883" r13="0.9522472" r14="0" r21="-0.16391464" r22="2.1077821" r23="-0.06009493" r24="0" r31="-0.9456044" r32="-0.12735207" r33="-1.8875505" r34="0" r41="-1469.1611" r42="514.0312" r43="-2526.3872" r44="1"></containerEntry>
          <containerEntry r11="-1.725041" r12="0.073288694" r13="-1.221505" r14="0" r21="0.05196848" r22="2.1136863" r23="0.053426992" r24="0" r31="1.2225977" r32="0.013562222" r33="-1.7257702" r34="0" r41="-1621.9333" r42="513.7401" r43="-2974.232" r44="1"></containerEntry>
          <containerEntry r11="3.3523157" r12="-0.012084297" r13="-2.7828784" r14="0" r21="0.107053705" r22="4.354194" r23="0.11005166" r24="0" r31="2.780845" r32="-0.153055" r33="3.3505306" r34="0" r41="-1642.6409" r42="492.51294" r43="-3215.8225" r44="1"></containerEntry>
          <containerEntry r11="1.4599918" r12="0.069952846" r13="-1.5286444" r14="0" r21="-0.16391316" r22="2.1077821" r23="-0.060096625" r24="0" r31="1.5214398" r32="0.15995541" r33="1.4604306" r34="0" r41="-1577.8826" r42="501.44922" r43="-2609.0696" r44="1"></containerEntry>
          <containerEntry r11="1.8999288" r12="-0.023232322" r13="-0.9289536" r14="0" r21="0.051968005" r22="2.1136863" r23="0.05342528" r24="0" r31="0.9277898" r32="-0.07081802" r33="1.8993196" r34="0" r41="-1608.9058" r42="513.0213" r43="-2909.4307" r44="1"></containerEntry>
          <containerEntry r11="-0.06472633" r12="0.055006772" r13="-2.113294" r14="0" r21="0.05196857" r22="2.1136863" r23="0.05342531" r24="0" r31="2.113371" r32="-0.050291654" r33="-0.06603778" r34="0" r41="-1606.3063" r42="504.5139" r43="-2758.1753" r44="1"></containerEntry>
          <containerEntry r11="-1.6604155" r12="0.055007845" r13="-1.3088979" r14="0" r21="0.07433123" r22="2.1136863" r23="-0.005463768" r24="0" r31="1.3079429" r32="-0.05029038" r33="-1.6613175" r34="0" r41="-1556.2135" r42="500.288" r43="-2716.6973" r44="1"></containerEntry>
          <containerEntry r11="0.25303593" r12="0.00793087" r13="-2.0997944" r14="0" r21="-0.044187285" r22="2.1145368" r23="0.002661753" r24="0" r31="2.0993445" r32="0.04355115" r33="0.25314623" r34="0" r41="-1537.8582" r42="499.98123" r43="-2682.8303" r44="1"></containerEntry>
          <containerEntry r11="-0.82050556" r12="0.09096427" r13="-1.947237" r14="0" r21="-0.03706508" r22="2.111586" r23="0.1142599" r24="0" r31="1.9490082" r32="0.07845155" r33="-0.8175871" r34="0" r41="-1564.2827" r42="500.59778" r43="-2627.19" r44="1"></containerEntry>
          <containerEntry r11="1.7427057" r12="0.007930504" r13="-1.1983899" r14="0" r21="-0.03121104" r22="2.1145365" r23="-0.031394046" r24="0" r31="1.1980097" r32="0.04355252" r33="1.7424409" r34="0" r41="-1565.7784" r42="500.3512" r43="-2661.3953" r44="1"></containerEntry>
        </property>
        <property name="colors" type="UInt32" container="DynamicArray" arraySize="15">
          <containerEntry>4294967295</containerEntry>
          <containerEntry>4294967295</containerEntry>
          <containerEntry>4294967295</containerEntry>
          <containerEntry>4294967295</containerEntry>
          <containerEntry>4294967295</containerEntry>
          <containerEntry>4294967295</containerEntry>
          <containerEntry>4294967295</containerEntry>
          <containerEntry>4294967295</containerEntry>
          <containerEntry>4294967295</containerEntry>
          <containerEntry>4294967295</containerEntry>
          <containerEntry>4294967295</containerEntry>
          <containerEntry>4294967295</containerEntry>
          <containerEntry>4294967295</containerEntry>
          <containerEntry>4294967295</containerEntry>
          <containerEntry>4294967295</containerEntry>
        </property>
      </staticProperties>
      <dynamicProperties></dynamicProperties>
    </entity>
    <entity class="StaticModelArray" classVersion="4" classID="0xD0" addr="0x2D7C870" id="0x0">
      <staticProperties>
        <property name="name" type="String" container="StaticArray" arraySize="1">
          <containerEntry>StaticModelArray0001</containerEntry>
        </property>
        <property name="dataSet" type="EntityHandle" container="StaticArray" arraySize="1">
          <containerEntry>0x2F52EE0</containerEntry>
        </property>
        <property name="modelFile" type="FilePtr" container="StaticArray" arraySize="1">
          <containerEntry>/Assets/tpp/environ/object/afghanistan/rock/afgh_rock013/scenes/afgh_rock013.fmdl</containerEntry>
        </property>
        <property name="geomFile" type="FilePtr" container="StaticArray" arraySize="1">
          <containerEntry>/Assets/tpp/environ/object/afghanistan/rock/afgh_rock013/scenes/afgh_rock013.geom</containerEntry>
        </property>
        <property name="isVisibleGeom" type="Bool" container="StaticArray" arraySize="1">
          <containerEntry>false</containerEntry>
        </property>
        <property name="lodFarSize" type="Float" container="StaticArray" arraySize="1">
          <containerEntry>-1</containerEntry>
        </property>
        <property name="lodNearSize" type="Float" container="StaticArray" arraySize="1">
          <containerEntry>-1</containerEntry>
        </property>
        <property name="lodPolygonSize" type="Float" container="StaticArray" arraySize="1">
          <containerEntry>-1</containerEntry>
        </property>
        <property name="drawRejectionLevel" type="Int32" container="StaticArray" arraySize="1">
          <containerEntry>8</containerEntry>
        </property>
        <property name="drawMode" type="Int32" container="StaticArray" arraySize="1">
          <containerEntry>0</containerEntry>
        </property>
        <property name="rejectFarRangeShadowCast" type="Int32" container="StaticArray" arraySize="1">
          <containerEntry>2</containerEntry>
        </property>
        <property name="parentLocator" type="EntityLink" container="StaticArray" arraySize="1">
          <containerEntry packagePathHash="0xB8A0BF169F98" archivePathHash="0xB8A0BF169F98" nameInArchiveHash="0xB8A0BF169F98">0x0</containerEntry>
        </property>
        <property name="transforms" type="Matrix4" container="DynamicArray" arraySize="3">
          <containerEntry r11="0.4192965" r12="0" r13="-0.90784806" r14="0" r21="4.192965e-07" r22="1" r23="-9.0784806e-07" r24="0" r31="0.90784806" r32="1e-06" r33="0.4192965" r34="0" r41="-1651.7175" r42="527.4753" r43="-2565.2976" r44="1"></containerEntry>
          <containerEntry r11="0.9733875" r12="0.07410326" r13="0.21685366" r14="0" r21="-0.05901769" r22="0.9954176" r23="-0.07523776" r24="0" r31="-0.22143538" r32="0.060438257" r33="0.97330034" r34="0" r41="-1649.5182" r42="536.3784" r43="-2671.533" r44="1"></containerEntry>
          <containerEntry r11="0.8687137" r12="0.08834415" r13="0.48737183" r14="0" r21="-0.059017826" r22="0.99541754" r23="-0.07523755" r24="0" r31="-0.49178538" r32="0.036597174" r33="0.86994666" r34="0" r41="-1654.4257" r42="534.52704" r43="-2651.0334" r44="1"></containerEntry>
        </property>
        <property name="colors" type="UInt32" container="DynamicArray" arraySize="3">
          <containerEntry>4294967295</containerEntry>
          <containerEntry>4294967295</containerEntry>
          <containerEntry>4294967295</containerEntry>
        </property>
      </staticProperties>
      <dynamicProperties></dynamicProperties>
    </entity>
    <entity class="StaticModelArray" classVersion="4" classID="0xD0" addr="0x2D7C8E0" id="0x0">
      <staticProperties>
        <property name="name" type="String" container="StaticArray" arraySize="1">
          <containerEntry>StaticModelArray0002</containerEntry>
        </property>
        <property name="dataSet" type="EntityHandle" container="StaticArray" arraySize="1">
          <containerEntry>0x2F52EE0</containerEntry>
        </property>
        <property name="modelFile" type="FilePtr" container="StaticArray" arraySize="1">
          <containerEntry>/Assets/tpp/environ/object/afghanistan/rock/afgh_rock010/scenes/afgh_rock010_vrtn001.fmdl</containerEntry>
        </property>
        <property name="geomFile" type="FilePtr" container="StaticArray" arraySize="1">
          <containerEntry>/Assets/tpp/environ/object/afghanistan/rock/afgh_rock010/scenes/afgh_rock010_vrtn001.geom</containerEntry>
        </property>
        <property name="isVisibleGeom" type="Bool" container="StaticArray" arraySize="1">
          <containerEntry>false</containerEntry>
        </property>
        <property name="lodFarSize" type="Float" container="StaticArray" arraySize="1">
          <containerEntry>-1</containerEntry>
        </property>
        <property name="lodNearSize" type="Float" container="StaticArray" arraySize="1">
          <containerEntry>-1</containerEntry>
        </property>
        <property name="lodPolygonSize" type="Float" container="StaticArray" arraySize="1">
          <containerEntry>-1</containerEntry>
        </property>
        <property name="drawRejectionLevel" type="Int32" container="StaticArray" arraySize="1">
          <containerEntry>8</containerEntry>
        </property>
        <property name="drawMode" type="Int32" container="StaticArray" arraySize="1">
          <containerEntry>0</containerEntry>
        </property>
        <property name="rejectFarRangeShadowCast" type="Int32" container="StaticArray" arraySize="1">
          <containerEntry>2</containerEntry>
        </property>
        <property name="parentLocator" type="EntityLink" container="StaticArray" arraySize="1">
          <containerEntry packagePathHash="0xB8A0BF169F98" archivePathHash="0xB8A0BF169F98" nameInArchiveHash="0xB8A0BF169F98">0x0</containerEntry>
        </property>
        <property name="transforms" type="Matrix4" container="DynamicArray" arraySize="19">
          <containerEntry r11="-0.33020845" r12="0.050410964" r13="-0.9425578" r14="0" r21="-0.008636668" r22="0.9983697" r23="0.056421567" r24="0" r31="0.9438654" r32="0.026771624" r33="-0.32923472" r34="0" r41="-1581.3002" r42="512.51587" r43="-2571.6418" r44="1"></containerEntry>
          <containerEntry r11="-0.33020845" r12="0.050410964" r13="-0.9425578" r14="0" r21="-0.008636668" r22="0.9983697" r23="0.056421567" r24="0" r31="0.9438654" r32="0.026771624" r33="-0.32923472" r34="0" r41="-1607.0435" r42="509.37454" r43="-2645.6987" r44="1"></containerEntry>
          <containerEntry r11="0.6076391" r12="0.050050892" r13="-0.79263407" r14="0" r21="-0.008635823" r22="0.99836963" r23="0.056421727" r24="0" r31="0.7941658" r32="-0.027438968" r33="0.6070807" r34="0" r41="-1578.9391" r42="512.03125" r43="-2581.3276" r44="1"></containerEntry>
          <containerEntry r11="-0.86686045" r12="0.020650724" r13="-0.4981144" r14="0" r21="-0.008637106" r22="0.9983697" r23="0.056421164" r24="0" r31="0.49846745" r32="0.053211797" r33="-0.8652689" r34="0" r41="-1637.8735" r42="539.2929" r43="-2662.82" r44="1"></containerEntry>
          <containerEntry r11="0.9437414" r12="0.026789948" r13="-0.32959735" r14="0" r21="-0.00863544" r22="0.99836963" r23="0.056422275" r24="0" r31="0.33057153" r32="-0.05040181" r33="0.9424341" r34="0" r41="-1605.6117" r42="506.58997" r43="-2601.854" r44="1"></containerEntry>
          <containerEntry r11="0.8582103" r12="-0.27284646" r13="0.43477523" r14="0" r21="0.3384124" r22="0.9376265" r23="-0.07958327" r24="0" r31="-0.3859427" r32="0.21543272" r33="0.89701545" r34="0" r41="-1634.3872" r42="525.07764" r43="-2588.6204" r44="1"></containerEntry>
          <containerEntry r11="0.71650916" r12="-0.006210735" r13="0.69754946" r14="0" r21="0.025929106" r22="0.9995064" r23="-0.017734578" r24="0" r31="-0.69709504" r32="0.03079384" r33="0.7163166" r34="0" r41="-1628.3674" r42="515.7925" r43="-2610.7727" r44="1"></containerEntry>
          <containerEntry r11="0.5769904" r12="0.046781823" r13="-0.81541014" r14="0" r21="-0.08043748" r22="0.9967596" r23="0.0002680421" r24="0" r31="0.8127804" r32="0.065434866" r33="0.57888377" r34="0" r41="-1628.7494" r42="511.7411" r43="-2601.4187" r44="1"></containerEntry>
          <containerEntry r11="0.3852563" r12="0.13272527" r13="-0.9132147" r14="0" r21="0.09441613" r22="0.9787403" r23="0.18207972" r24="0" r31="0.9179666" r32="-0.15636952" r33="0.36453444" r34="0" r41="-1608.1697" r42="508.39313" r43="-2609.0317" r44="1"></containerEntry>
          <containerEntry r11="-0.9881193" r12="0.12728393" r13="-0.08610431" r14="0" r21="0.13569143" r22="0.9856825" r23="-0.100089334" r24="0" r31="0.07213173" r32="-0.11058409" r33="-0.9912432" r34="0" r41="-1637.884" r42="537.69946" r43="-2678.303" r44="1"></containerEntry>
          <containerEntry r11="-0.09996322" r12="0.25895178" r13="-0.9607031" r14="0" r21="-0.081276424" r22="0.96018803" r23="0.26726985" r24="0" r31="0.99166554" r32="0.10479984" r33="-0.07493675" r34="0" r41="-1629.428" r42="520.28125" r43="-2650.6328" r44="1"></containerEntry>
          <containerEntry r11="0.5769904" r12="0.046781823" r13="-0.81541014" r14="0" r21="-0.08043748" r22="0.9967596" r23="0.0002680421" r24="0" r31="0.8127804" r32="0.065434866" r33="0.57888377" r34="0" r41="-1648.6149" r42="531.0534" r43="-2619.8936" r44="1"></containerEntry>
          <containerEntry r11="-0.6534231" r12="-0.042308524" r13="-0.7558098" r14="0" r21="0.31876248" r22="0.8902227" r23="-0.32541358" r24="0" r31="0.68660676" r32="-0.45355648" r33="-0.56820565" r34="0" r41="-1634.7983" r42="523.08673" r43="-2611.0837" r44="1"></containerEntry>
          <containerEntry r11="0.957973" r12="0.01673092" r13="0.28636992" r14="0" r21="-0.10830094" r22="-0.90332055" r23="0.41506696" r24="0" r31="0.26562864" r32="-0.4286371" r33="-0.8635447" r34="0" r41="-1651.1144" r42="541.53015" r43="-2590.5127" r44="1"></containerEntry>
          <containerEntry r11="0.97984666" r12="-0.1924846" r13="-0.05338716" r14="0" r21="0.19847645" r22="0.9683222" r23="0.15152296" r24="0" r31="0.022530112" r32="-0.15906537" r33="0.98701096" r34="0" r41="-1659.8586" r42="547.5331" r43="-2583.8127" r44="1"></containerEntry>
          <containerEntry r11="0.8410098" r12="-0.2476503" r13="0.48101103" r14="0" r21="0.19847664" r22="0.9683221" r23="0.15152338" r24="0" r31="-0.50329846" r32="-0.031963103" r33="0.8635212" r34="0" r41="-1655.407" r42="538.5335" r43="-2600.7766" r44="1"></containerEntry>
          <containerEntry r11="0.5769904" r12="0.046781823" r13="-0.81541014" r14="0" r21="-0.08043748" r22="0.9967596" r23="0.0002680421" r24="0" r31="0.8127804" r32="0.065434866" r33="0.57888377" r34="0" r41="-1640.4973" r42="537.917" r43="-2581.3594" r44="1"></containerEntry>
          <containerEntry r11="0.31737846" r12="-0.17498218" r13="-0.9320149" r14="0" r21="-0.13934015" r22="0.96355546" r23="-0.22835311" r24="0" r31="0.93800575" r32="0.20234144" r33="0.2814297" r34="0" r41="-1689.3757" r42="554.21155" r43="-2648.3086" r44="1"></containerEntry>
          <containerEntry r11="0.92942894" r12="0.028830037" r13="-0.36787271" r14="0" r21="-0.0086365575" r22="0.9983697" r23="0.05642148" r24="0" r31="0.36889958" r32="-0.04926259" r33="0.9281627" r34="0" r41="-1584.2856" r42="513.3594" r43="-2672.761" r44="1"></containerEntry>
        </property>
        <property name="colors" type="UInt32" container="DynamicArray" arraySize="19">
          <containerEntry>4294967295</containerEntry>
          <containerEntry>4294967295</containerEntry>
          <containerEntry>4294967295</containerEntry>
          <containerEntry>4294967295</containerEntry>
          <containerEntry>4294967295</containerEntry>
          <containerEntry>4294967295</containerEntry>
          <containerEntry>4294967295</containerEntry>
          <containerEntry>4294967295</containerEntry>
          <containerEntry>4294967295</containerEntry>
          <containerEntry>4294967295</containerEntry>
          <containerEntry>4294967295</containerEntry>
          <containerEntry>4294967295</containerEntry>
          <containerEntry>4294967295</containerEntry>
          <containerEntry>4294967295</containerEntry>
          <containerEntry>4294967295</containerEntry>
          <containerEntry>4294967295</containerEntry>
          <containerEntry>4294967295</containerEntry>
          <containerEntry>4294967295</containerEntry>
          <containerEntry>4294967295</containerEntry>
        </property>
      </staticProperties>
      <dynamicProperties></dynamicProperties>
    </entity>
    <entity class="StaticModelArray" classVersion="4" classID="0xD0" addr="0x2D7CDB0" id="0x0">
      <staticProperties>
        <property name="name" type="String" container="StaticArray" arraySize="1">
          <containerEntry>StaticModelArray0003</containerEntry>
        </property>
        <property name="dataSet" type="EntityHandle" container="StaticArray" arraySize="1">
          <containerEntry>0x2F52EE0</containerEntry>
        </property>
        <property name="modelFile" type="FilePtr" container="StaticArray" arraySize="1">
          <containerEntry>/Assets/tpp/environ/object/afghanistan/rock/afgh_rock013/scenes/afgh_rock013_vrtn002.fmdl</containerEntry>
        </property>
        <property name="geomFile" type="FilePtr" container="StaticArray" arraySize="1">
          <containerEntry>/Assets/tpp/environ/object/afghanistan/rock/afgh_rock013/scenes/afgh_rock013_vrtn002.geom</containerEntry>
        </property>
        <property name="isVisibleGeom" type="Bool" container="StaticArray" arraySize="1">
          <containerEntry>false</containerEntry>
        </property>
        <property name="lodFarSize" type="Float" container="StaticArray" arraySize="1">
          <containerEntry>-1</containerEntry>
        </property>
        <property name="lodNearSize" type="Float" container="StaticArray" arraySize="1">
          <containerEntry>-1</containerEntry>
        </property>
        <property name="lodPolygonSize" type="Float" container="StaticArray" arraySize="1">
          <containerEntry>-1</containerEntry>
        </property>
        <property name="drawRejectionLevel" type="Int32" container="StaticArray" arraySize="1">
          <containerEntry>8</containerEntry>
        </property>
        <property name="drawMode" type="Int32" container="StaticArray" arraySize="1">
          <containerEntry>0</containerEntry>
        </property>
        <property name="rejectFarRangeShadowCast" type="Int32" container="StaticArray" arraySize="1">
          <containerEntry>2</containerEntry>
        </property>
        <property name="parentLocator" type="EntityLink" container="StaticArray" arraySize="1">
          <containerEntry packagePathHash="0xB8A0BF169F98" archivePathHash="0xB8A0BF169F98" nameInArchiveHash="0xB8A0BF169F98">0x0</containerEntry>
        </property>
        <property name="transforms" type="Matrix4" container="DynamicArray" arraySize="2">
          <containerEntry r11="-0.34744748" r12="-0.013729644" r13="-0.93760145" r14="0" r21="0.027535554" r22="0.9993122" r23="-0.024837136" r24="0" r31="0.9372976" r32="-0.034446873" r33="-0.3468305" r34="0" r41="-1619.0201" r42="532.28314" r43="-2678.2595" r44="1"></containerEntry>
          <containerEntry r11="0.106425956" r12="-0.027636243" r13="-0.99393797" r14="0" r21="0.02753468" r22="0.9993122" r23="-0.024837393" r24="0" r31="0.99394083" r32="-0.024724338" r33="0.10711372" r34="0" r41="-1627.822" r42="533.4741" r43="-2659.2566" r44="1"></containerEntry>
        </property>
        <property name="colors" type="UInt32" container="DynamicArray" arraySize="2">
          <containerEntry>4294967295</containerEntry>
          <containerEntry>4294967295</containerEntry>
        </property>
      </staticProperties>
      <dynamicProperties></dynamicProperties>
    </entity>
    <entity class="StaticModelArray" classVersion="4" classID="0xD0" addr="0x2D77390" id="0x0">
      <staticProperties>
        <property name="name" type="String" container="StaticArray" arraySize="1">
          <containerEntry>StaticModelArray0004</containerEntry>
        </property>
        <property name="dataSet" type="EntityHandle" container="StaticArray" arraySize="1">
          <containerEntry>0x2F52EE0</containerEntry>
        </property>
        <property name="modelFile" type="FilePtr" container="StaticArray" arraySize="1">
          <containerEntry>/Assets/tpp/environ/object/afghanistan/rock/afgh_rock013/scenes/afgh_rock013_vrtn004.fmdl</containerEntry>
        </property>
        <property name="geomFile" type="FilePtr" container="StaticArray" arraySize="1">
          <containerEntry>/Assets/tpp/environ/object/afghanistan/rock/afgh_rock013/scenes/afgh_rock013_vrtn004.geom</containerEntry>
        </property>
        <property name="isVisibleGeom" type="Bool" container="StaticArray" arraySize="1">
          <containerEntry>false</containerEntry>
        </property>
        <property name="lodFarSize" type="Float" container="StaticArray" arraySize="1">
          <containerEntry>-1</containerEntry>
        </property>
        <property name="lodNearSize" type="Float" container="StaticArray" arraySize="1">
          <containerEntry>-1</containerEntry>
        </property>
        <property name="lodPolygonSize" type="Float" container="StaticArray" arraySize="1">
          <containerEntry>-1</containerEntry>
        </property>
        <property name="drawRejectionLevel" type="Int32" container="StaticArray" arraySize="1">
          <containerEntry>6</containerEntry>
        </property>
        <property name="drawMode" type="Int32" container="StaticArray" arraySize="1">
          <containerEntry>0</containerEntry>
        </property>
        <property name="rejectFarRangeShadowCast" type="Int32" container="StaticArray" arraySize="1">
          <containerEntry>2</containerEntry>
        </property>
        <property name="parentLocator" type="EntityLink" container="StaticArray" arraySize="1">
          <containerEntry packagePathHash="0xB8A0BF169F98" archivePathHash="0xB8A0BF169F98" nameInArchiveHash="0xB8A0BF169F98">0x0</containerEntry>
        </property>
        <property name="transforms" type="Matrix4" container="DynamicArray" arraySize="3">
          <containerEntry r11="-0.070674784" r12="0" r13="2.9091406" r14="0" r21="0" r22="2.91" r23="0" r24="0" r31="-2.9091406" r32="0" r33="-0.070674784" r34="0" r41="-1560.021" r42="508.9707" r43="-2693.9116" r44="1"></containerEntry>
          <containerEntry r11="-0.070674784" r12="0" r13="2.9091406" r14="0" r21="0" r22="2.91" r23="0" r24="0" r31="-2.9091406" r32="0" r33="-0.070674784" r34="0" r41="-1582.2177" r42="509.6405" r43="-2870.9526" r44="1"></containerEntry>
          <containerEntry r11="-0.5465361" r12="-0.15365699" r13="-3.008511" r14="0" r21="0.251288" r22="3.0446434" r23="-0.2011523" r24="0" r31="3.001933" r32="-0.28283814" r33="-0.53089553" r34="0" r41="-1572.3981" r42="506.78302" r43="-2604.2007" r44="1"></containerEntry>
        </property>
        <property name="colors" type="UInt32" container="DynamicArray" arraySize="3">
          <containerEntry>4294967295</containerEntry>
          <containerEntry>4294967295</containerEntry>
          <containerEntry>4294967295</containerEntry>
        </property>
      </staticProperties>
      <dynamicProperties></dynamicProperties>
    </entity>
    <entity class="StaticModelArray" classVersion="4" classID="0xD0" addr="0x2D7C950" id="0x0">
      <staticProperties>
        <property name="name" type="String" container="StaticArray" arraySize="1">
          <containerEntry>StaticModelArray0005</containerEntry>
        </property>
        <property name="dataSet" type="EntityHandle" container="StaticArray" arraySize="1">
          <containerEntry>0x2F52EE0</containerEntry>
        </property>
        <property name="modelFile" type="FilePtr" container="StaticArray" arraySize="1">
          <containerEntry>/Assets/tpp/environ/object/afghanistan/cliff/afgh_clff025/scenes/afgh_clff025.fmdl</containerEntry>
        </property>
        <property name="geomFile" type="FilePtr" container="StaticArray" arraySize="1">
          <containerEntry>/Assets/tpp/environ/object/afghanistan/cliff/afgh_clff025/scenes/afgh_clff025.geom</containerEntry>
        </property>
        <property name="isVisibleGeom" type="Bool" container="StaticArray" arraySize="1">
          <containerEntry>false</containerEntry>
        </property>
        <property name="lodFarSize" type="Float" container="StaticArray" arraySize="1">
          <containerEntry>-1</containerEntry>
        </property>
        <property name="lodNearSize" type="Float" container="StaticArray" arraySize="1">
          <containerEntry>-1</containerEntry>
        </property>
        <property name="lodPolygonSize" type="Float" container="StaticArray" arraySize="1">
          <containerEntry>-1</containerEntry>
        </property>
        <property name="drawRejectionLevel" type="Int32" container="StaticArray" arraySize="1">
          <containerEntry>8</containerEntry>
        </property>
        <property name="drawMode" type="Int32" container="StaticArray" arraySize="1">
          <containerEntry>0</containerEntry>
        </property>
        <property name="rejectFarRangeShadowCast" type="Int32" container="StaticArray" arraySize="1">
          <containerEntry>2</containerEntry>
        </property>
        <property name="parentLocator" type="EntityLink" container="StaticArray" arraySize="1">
          <containerEntry packagePathHash="0xB8A0BF169F98" archivePathHash="0xB8A0BF169F98" nameInArchiveHash="0xB8A0BF169F98">0x0</containerEntry>
        </property>
        <property name="transforms" type="Matrix4" container="DynamicArray" arraySize="5">
          <containerEntry r11="0.0378663" r12="-0.019071758" r13="-0.9991007" r14="0" r21="-0.34742016" r22="0.9371951" r23="-0.031057343" r24="0" r31="0.9369446" r32="0.34828377" r33="0.028862238" r34="0" r41="-1608.7882" r42="511.8459" r43="-2558.0547" r44="1"></containerEntry>
          <containerEntry r11="-0.16441281" r12="0.027485816" r13="-0.9860078" r14="0" r21="0.018154746" r22="0.9995267" r23="0.024835406" r24="0" r31="0.9862237" r32="-0.013817454" r33="-0.16483402" r34="0" r41="-1627.1752" r42="512.5079" r43="-2609.5132" r44="1"></containerEntry>
          <containerEntry r11="-0.61904585" r12="0.030742452" r13="-0.7847507" r14="0" r21="0.01815477" r22="0.99952674" r23="0.024834909" r24="0" r31="0.7851428" r32="0.0011270074" r33="-0.619311" r34="0" r41="-1613.3815" r42="512.03186" r43="-2570.4192" r44="1"></containerEntry>
          <containerEntry r11="0.33603314" r12="0.01729298" r13="-0.94169015" r14="0" r21="0.018155918" r22="0.99952674" r23="0.024833776" r24="0" r31="0.94167393" r32="-0.02544222" r33="0.33556014" r34="0" r41="-1601.5983" r42="507.528" r43="-2604.2554" r44="1"></containerEntry>
          <containerEntry r11="0.31429756" r12="0.017875163" r13="-0.949156" r14="0" r21="0.018153975" r22="0.99952674" r23="0.024835162" r24="0" r31="0.94915074" r32="-0.025036585" r33="0.3138243" r34="0" r41="-1608.3763" r42="519.06604" r43="-2660.3687" r44="1"></containerEntry>
        </property>
        <property name="colors" type="UInt32" container="DynamicArray" arraySize="5">
          <containerEntry>4294967295</containerEntry>
          <containerEntry>4294967295</containerEntry>
          <containerEntry>4294967295</containerEntry>
          <containerEntry>4294967295</containerEntry>
          <containerEntry>4294967295</containerEntry>
        </property>
      </staticProperties>
      <dynamicProperties></dynamicProperties>
    </entity>
    <entity class="StaticModelArray" classVersion="4" classID="0xD0" addr="0x2D7C9C0" id="0x0">
      <staticProperties>
        <property name="name" type="String" container="StaticArray" arraySize="1">
          <containerEntry>StaticModelArray0006</containerEntry>
        </property>
        <property name="dataSet" type="EntityHandle" container="StaticArray" arraySize="1">
          <containerEntry>0x2F52EE0</containerEntry>
        </property>
        <property name="modelFile" type="FilePtr" container="StaticArray" arraySize="1">
          <containerEntry>/Assets/tpp/environ/object/afghanistan/rock/afgh_rock010/scenes/afgh_rock010.fmdl</containerEntry>
        </property>
        <property name="geomFile" type="FilePtr" container="StaticArray" arraySize="1">
          <containerEntry>/Assets/tpp/environ/object/afghanistan/rock/afgh_rock010/scenes/afgh_rock010.geom</containerEntry>
        </property>
        <property name="isVisibleGeom" type="Bool" container="StaticArray" arraySize="1">
          <containerEntry>false</containerEntry>
        </property>
        <property name="lodFarSize" type="Float" container="StaticArray" arraySize="1">
          <containerEntry>-1</containerEntry>
        </property>
        <property name="lodNearSize" type="Float" container="StaticArray" arraySize="1">
          <containerEntry>-1</containerEntry>
        </property>
        <property name="lodPolygonSize" type="Float" container="StaticArray" arraySize="1">
          <containerEntry>-1</containerEntry>
        </property>
        <property name="drawRejectionLevel" type="Int32" container="StaticArray" arraySize="1">
          <containerEntry>8</containerEntry>
        </property>
        <property name="drawMode" type="Int32" container="StaticArray" arraySize="1">
          <containerEntry>0</containerEntry>
        </property>
        <property name="rejectFarRangeShadowCast" type="Int32" container="StaticArray" arraySize="1">
          <containerEntry>2</containerEntry>
        </property>
        <property name="parentLocator" type="EntityLink" container="StaticArray" arraySize="1">
          <containerEntry packagePathHash="0xB8A0BF169F98" archivePathHash="0xB8A0BF169F98" nameInArchiveHash="0xB8A0BF169F98">0x0</containerEntry>
        </property>
        <property name="transforms" type="Matrix4" container="DynamicArray" arraySize="10">
          <containerEntry r11="0.978932" r12="-0.20058396" r13="0.038184755" r14="0" r21="0.20410773" r22="0.9664765" r23="-0.15576676" r24="0" r31="-0.005660346" r32="0.16027889" r33="0.98705554" r34="0" r41="-1640.003" r42="523.2141" r43="-2625.4263" r44="1"></containerEntry>
          <containerEntry r11="-0.9680026" r12="-0.22281238" r13="0.11542528" r14="0" r21="-0.20184666" r22="0.9646608" r23="0.16937356" r24="0" r31="-0.14908479" r32="0.14065604" r33="-0.9787681" r34="0" r41="-1673.71" r42="561.3079" r43="-2552.01" r44="1"></containerEntry>
          <containerEntry r11="-0.3072248" r12="0.4013553" r13="0.8628597" r14="0" r21="0.5313885" r22="0.8245382" r23="-0.19432712" r24="0" r31="-0.78945506" r32="0.39881164" r33="-0.46659422" r34="0" r41="-1631.9011" r42="523.1215" r43="-2578.547" r44="1"></containerEntry>
          <containerEntry r11="0.20886357" r12="0.22363487" r13="0.952032" r14="0" r21="0.3558562" r22="0.8893838" r23="-0.28698948" r24="0" r31="-0.9109028" r32="0.39872804" r33="0.106178045" r34="0" r41="-1636.6681" r42="539.4304" r43="-2564.1306" r44="1"></containerEntry>
          <containerEntry r11="0.16920139" r12="0.3839421" r13="0.90772164" r14="0" r21="0.25124076" r22="0.87377197" r23="-0.41641384" r24="0" r31="-0.9530206" r32="0.29851443" r33="0.05138153" r34="0" r41="-1664.7109" r42="552.9378" r43="-2574.5967" r44="1"></containerEntry>
          <containerEntry r11="-0.10669371" r12="0.24279182" r13="0.96419317" r14="0" r21="0.19898264" r22="0.9553252" r23="-0.21854013" r24="0" r31="-0.9741778" r32="0.16854084" r33="-0.15023851" r34="0" r41="-1661.7249" r42="543.5617" r43="-2595.748" r44="1"></containerEntry>
          <containerEntry r11="-0.56415707" r12="0.23004276" r13="-0.7929719" r14="0" r21="0.22211018" r22="0.967284" r23="0.12259105" r24="0" r31="0.7952302" r32="-0.10696651" r33="-0.59679496" r34="0" r41="-1615.6793" r42="512.15955" r43="-2620.237" r44="1"></containerEntry>
          <containerEntry r11="0.44187748" r12="0.012216963" r13="-0.8969912" r14="0" r21="0.22211102" r22="0.9672839" r23="0.12259066" r24="0" r31="0.86914283" r32="-0.25340188" r33="0.42470747" r34="0" r41="-1619.7753" r42="515.4074" r43="-2638.8015" r44="1"></containerEntry>
          <containerEntry r11="0.73747784" r12="-0.4688588" r13="-0.4861043" r14="0" r21="0.5119693" r22="0.8575247" r23="-0.050384186" r24="0" r31="0.44046944" r32="-0.2117135" r33="0.872447" r34="0" r41="-1613.5419" r42="516.9425" r43="-2650.6418" r44="1"></containerEntry>
          <containerEntry r11="-0.7640693" r12="0.5148611" r13="0.38873705" r14="0" r21="0.6141082" r22="0.7650715" r23="0.193744" r24="0" r31="-0.19766042" r32="0.3867604" r33="-0.90074813" r34="0" r41="-1607.8889" r42="516.5497" r43="-2668.7031" r44="1"></containerEntry>
        </property>
        <property name="colors" type="UInt32" container="DynamicArray" arraySize="10">
          <containerEntry>4294967295</containerEntry>
          <containerEntry>4294967295</containerEntry>
          <containerEntry>4294967295</containerEntry>
          <containerEntry>4294967295</containerEntry>
          <containerEntry>4294967295</containerEntry>
          <containerEntry>4294967295</containerEntry>
          <containerEntry>4294967295</containerEntry>
          <containerEntry>4294967295</containerEntry>
          <containerEntry>4294967295</containerEntry>
          <containerEntry>4294967295</containerEntry>
        </property>
      </staticProperties>
      <dynamicProperties></dynamicProperties>
    </entity>
    <entity class="StaticModelArray" classVersion="4" classID="0xD0" addr="0x2D7CA30" id="0x0">
      <staticProperties>
        <property name="name" type="String" container="StaticArray" arraySize="1">
          <containerEntry>StaticModelArray0007</containerEntry>
        </property>
        <property name="dataSet" type="EntityHandle" container="StaticArray" arraySize="1">
          <containerEntry>0x2F52EE0</containerEntry>
        </property>
        <property name="modelFile" type="FilePtr" container="StaticArray" arraySize="1">
          <containerEntry>/Assets/tpp/environ/object/afghanistan/rock/afgh_rock011/scenes/afgh_rock011.fmdl</containerEntry>
        </property>
        <property name="geomFile" type="FilePtr" container="StaticArray" arraySize="1">
