<fox formatVersion="2" fileVersion="0">
  <entities>
    <entity class="DataSet" classVersion="0" classID="0xE8" addr="0x335B760" id="0x239B786">
      <staticProperties>
        <property name="name" type="String" container="StaticArray" arraySize="1">
          <containerEntry hash="0xB8A0BF169F98"></containerEntry>
        </property>
        <property name="dataSet" type="EntityHandle" container="StaticArray" arraySize="1">
          <containerEntry>0x0</containerEntry>
        </property>
        <property name="dataList" type="EntityPtr" container="StringMap" arraySize="13">
          <containerEntry key="afgh_tree012_vrtn001_br_gim_i0000|TppSharedGimmick_afgh_tree012_vrtn001_br">
            <data>0x317CA30</data>
          </containerEntry>
          <containerEntry key="StaticModelArray0000">
            <data>0x3271C10</data>
          </containerEntry>
          <containerEntry key="StaticModelArray0001">
            <data>0x3271C80</data>
          </containerEntry>
          <containerEntry key="StaticModelArray0002">
            <data>0x3271D60</data>
          </containerEntry>
          <containerEntry key="StaticModelArray0003">
            <data>0x3271CF0</data>
          </containerEntry>
          <containerEntry key="StaticModelArray0004">
            <data>0x3271890</data>
          </containerEntry>
          <containerEntry key="StaticModelArray0005">
            <data>0x3271430</data>
          </containerEntry>
          <containerEntry key="StaticModelArray0006">
            <data>0x32714A0</data>
          </containerEntry>
          <containerEntry key="StaticModelArray0007">
            <data>0x3271B30</data>
          </containerEntry>
          <containerEntry key="StaticModelArray0008">
            <data>0x317EA90</data>
          </containerEntry>
          <containerEntry key="StaticModelArray0009">
            <data>0x32712E0</data>
          </containerEntry>
          <containerEntry key="StaticModelArray0010">
            <data>0x32713C0</data>
          </containerEntry>
          <containerEntry key="TexturePackLoadConditioner0000">
            <data>0x32722A0</data>
          </containerEntry>
        </property>
      </staticProperties>
      <dynamicProperties></dynamicProperties>
    </entity>
    <entity class="TppSharedGimmickData" classVersion="1" classID="0xF0" addr="0x317CA30" id="0x1432C5">
      <staticProperties>
        <property name="name" type="String" container="StaticArray" arraySize="1">
          <containerEntry>afgh_tree012_vrtn001_br_gim_i0000|TppSharedGimmick_afgh_tree012_vrtn001_br</containerEntry>
        </property>
        <property name="dataSet" type="EntityHandle" container="StaticArray" arraySize="1">
          <containerEntry>0x335B760</containerEntry>
        </property>
        <property name="modelFile" type="FilePtr" container="StaticArray" arraySize="1">
          <containerEntry>/Assets/tpp/environ/object/afghanistan/tree/afgh_tree012/scenes/afgh_tree012_vrtn001_br.fmdl</containerEntry>
        </property>
        <property name="geomFile" type="FilePtr" container="StaticArray" arraySize="1">
          <containerEntry>/Assets/tpp/environ/object/afghanistan/tree/afgh_tree012/scenes/afgh_tree012_vrtn001_br.geom</containerEntry>
        </property>
        <property name="breakedModelFile" type="FilePtr" container="StaticArray" arraySize="1">
          <containerEntry hash="0xB8A0BF169F98"></containerEntry>
        </property>
        <property name="breakedGeomFile" type="FilePtr" container="StaticArray" arraySize="1">
          <containerEntry hash="0xB8A0BF169F98"></containerEntry>
        </property>
        <property name="partsFile" type="FilePtr" container="StaticArray" arraySize="1">
          <containerEntry>/Assets/tpp/parts/environ/object/afghanistan/tree/afgh_tree012/afgh_tree012_vrtn001_br.parts</containerEntry>
        </property>
        <property name="numDynamicGimmick" type="UInt32" container="StaticArray" arraySize="1">
          <containerEntry>2</containerEntry>
        </property>
        <property name="locaterFile" type="FilePtr" container="StaticArray" arraySize="1">
          <containerEntry>/Assets/tpp/level/location/afgh/block_small/135/135_150/lba/afgh_tree012_vrtn001_br.lba</containerEntry>
        </property>
        <property name="flags1" type="UInt32" container="StaticArray" arraySize="1">
          <containerEntry>270</containerEntry>
        </property>
        <property name="flags2" type="UInt32" container="StaticArray" arraySize="1">
          <containerEntry>0</containerEntry>
        </property>
      </staticProperties>
      <dynamicProperties></dynamicProperties>
    </entity>
    <entity class="StaticModelArray" classVersion="4" classID="0xD0" addr="0x3271C10" id="0x0">
      <staticProperties>
        <property name="name" type="String" container="StaticArray" arraySize="1">
          <containerEntry>StaticModelArray0000</containerEntry>
        </property>
        <property name="dataSet" type="EntityHandle" container="StaticArray" arraySize="1">
          <containerEntry>0x335B760</containerEntry>
        </property>
        <property name="modelFile" type="FilePtr" container="StaticArray" arraySize="1">
          <containerEntry hash="0xB8A0BF169F98"></containerEntry>
        </property>
        <property name="geomFile" type="FilePtr" container="StaticArray" arraySize="1">
          <containerEntry>/Assets/tpp/environ/object/afghanistan/tree/afgh_tree012/scenes/afgh_tree012_vrtn001_br_pc.geom</containerEntry>
        </property>
        <property name="isVisibleGeom" type="Bool" container="StaticArray" arraySize="1">
          <containerEntry>false</containerEntry>
        </property>
        <property name="lodFarSize" type="Float" container="StaticArray" arraySize="1">
          <containerEntry>-1</containerEntry>
        </property>
        <property name="lodNearSize" type="Float" container="StaticArray" arraySize="1">
          <containerEntry>-1</containerEntry>
        </property>
        <property name="lodPolygonSize" type="Float" container="StaticArray" arraySize="1">
          <containerEntry>-1</containerEntry>
        </property>
        <property name="drawRejectionLevel" type="Int32" container="StaticArray" arraySize="1">
          <containerEntry>8</containerEntry>
        </property>
        <property name="drawMode" type="Int32" container="StaticArray" arraySize="1">
          <containerEntry>0</containerEntry>
        </property>
        <property name="rejectFarRangeShadowCast" type="Int32" container="StaticArray" arraySize="1">
          <containerEntry>2</containerEntry>
        </property>
        <property name="parentLocator" type="EntityLink" container="StaticArray" arraySize="1">
          <containerEntry packagePathHash="0xB8A0BF169F98" archivePathHash="0xB8A0BF169F98" nameInArchiveHash="0xB8A0BF169F98">0x0</containerEntry>
        </property>
        <property name="transforms" type="Matrix4" container="DynamicArray" arraySize="5">
          <containerEntry r11="0.7969052" r12="0" r13="-0.60410404" r14="0" r21="0" r22="1" r23="0" r24="0" r31="0.60410404" r32="0" r33="0.7969052" r34="0" r41="350.36765" r42="272.65778" r43="2197.2092" r44="1"></containerEntry>
          <containerEntry r11="0.7969052" r12="0" r13="-0.60410404" r14="0" r21="0" r22="1" r23="0" r24="0" r31="0.60410404" r32="0" r33="0.7969052" r34="0" r41="350.18195" r42="270.84106" r43="2236.1265" r44="1"></containerEntry>
          <containerEntry r11="0.481062" r12="0" r13="0.87668645" r14="0" r21="0" r22="1" r23="0" r24="0" r31="-0.87668645" r32="0" r33="0.481062" r34="0" r41="359.0878" r42="272.2562" r43="2211.2021" r44="1"></containerEntry>
          <containerEntry r11="0.9958272" r12="-0.09123953" r13="0.0018663622" r14="0" r21="0.09123953" r22="0.99499243" r23="-0.040808804" r24="0" r31="0.0018663622" r32="0.040808804" r33="0.99916524" r34="0" r41="323.88477" r42="273.85165" r43="2219.1426" r44="1"></containerEntry>
          <containerEntry r11="0.16788805" r12="0" r13="0.9858057" r14="0" r21="0" r22="1" r23="0" r24="0" r31="-0.9858057" r32="0" r33="0.16788805" r34="0" r41="314.14352" r42="274.43243" r43="2292.2395" r44="1"></containerEntry>
        </property>
        <property name="colors" type="UInt32" container="DynamicArray" arraySize="5">
          <containerEntry>4294967295</containerEntry>
          <containerEntry>4294967295</containerEntry>
          <containerEntry>4294967295</containerEntry>
          <containerEntry>4294967295</containerEntry>
          <containerEntry>4294967295</containerEntry>
        </property>
      </staticProperties>
      <dynamicProperties></dynamicProperties>
    </entity>
    <entity class="StaticModelArray" classVersion="4" classID="0xD0" addr="0x3271C80" id="0x0">
      <staticProperties>
        <property name="name" type="String" container="StaticArray" arraySize="1">
          <containerEntry>StaticModelArray0001</containerEntry>
        </property>
        <property name="dataSet" type="EntityHandle" container="StaticArray" arraySize="1">
          <containerEntry>0x335B760</containerEntry>
        </property>
        <property name="modelFile" type="FilePtr" container="StaticArray" arraySize="1">
          <containerEntry>/Assets/tpp/environ/object/afghanistan/pole/afgh_pole002/scenes/afgh_pole002.fmdl</containerEntry>
        </property>
        <property name="geomFile" type="FilePtr" container="StaticArray" arraySize="1">
          <containerEntry>/Assets/tpp/environ/object/afghanistan/pole/afgh_pole002/scenes/afgh_pole002.geom</containerEntry>
        </property>
        <property name="isVisibleGeom" type="Bool" container="StaticArray" arraySize="1">
          <containerEntry>false</containerEntry>
        </property>
        <property name="lodFarSize" type="Float" container="StaticArray" arraySize="1">
          <containerEntry>-1</containerEntry>
        </property>
        <property name="lodNearSize" type="Float" container="StaticArray" arraySize="1">
          <containerEntry>-1</containerEntry>
        </property>
        <property name="lodPolygonSize" type="Float" container="StaticArray" arraySize="1">
          <containerEntry>-1</containerEntry>
        </property>
        <property name="drawRejectionLevel" type="Int32" container="StaticArray" arraySize="1">
          <containerEntry>6</containerEntry>
        </property>
        <property name="drawMode" type="Int32" container="StaticArray" arraySize="1">
          <containerEntry>0</containerEntry>
        </property>
        <property name="rejectFarRangeShadowCast" type="Int32" container="StaticArray" arraySize="1">
          <containerEntry>2</containerEntry>
        </property>
        <property name="parentLocator" type="EntityLink" container="StaticArray" arraySize="1">
          <containerEntry packagePathHash="0xB8A0BF169F98" archivePathHash="0xB8A0BF169F98" nameInArchiveHash="0xB8A0BF169F98">0x0</containerEntry>
        </property>
        <property name="transforms" type="Matrix4" container="DynamicArray" arraySize="5">
          <containerEntry r11="0.96592593" r12="0" r13="-0.25881872" r14="0" r21="0" r22="1" r23="0" r24="0" r31="0.25881872" r32="0" r33="0.96592593" r34="0" r41="318.01807" r42="274.28848" r43="2252.9102" r44="1"></containerEntry>
          <containerEntry r11="0.9949199" r12="0" r13="-0.10066989" r14="0" r21="0" r22="1" r23="0" r24="0" r31="0.10066989" r32="0" r33="0.9949199" r34="0" r41="343.25198" r42="274.33807" r43="2260.8052" r44="1"></containerEntry>
          <containerEntry r11="0.96592647" r12="0" r13="-0.25881672" r14="0" r21="0" r22="1" r23="0" r24="0" r31="0.25881672" r32="0" r33="0.96592647" r34="0" r41="342" r42="274.28207" r43="2249.1956" r44="1"></containerEntry>
          <containerEntry r11="0.96592593" r12="0" r13="-0.25881872" r14="0" r21="0" r22="1" r23="0" r24="0" r31="0.25881872" r32="0" r33="0.96592593" r34="0" r41="321.06485" r42="273.70044" r43="2263.6243" r44="1"></containerEntry>
          <containerEntry r11="0.96592593" r12="0" r13="-0.25881872" r14="0" r21="0" r22="1" r23="0" r24="0" r31="0.25881872" r32="0" r33="0.96592593" r34="0" r41="367.64606" r42="274.16464" r43="2270.1152" r44="1"></containerEntry>
        </property>
        <property name="colors" type="UInt32" container="DynamicArray" arraySize="5">
          <containerEntry>4294967295</containerEntry>
          <containerEntry>4294967295</containerEntry>
          <containerEntry>4294967295</containerEntry>
          <containerEntry>4294967295</containerEntry>
          <containerEntry>4294967295</containerEntry>
        </property>
      </staticProperties>
      <dynamicProperties></dynamicProperties>
    </entity>
    <entity class="StaticModelArray" classVersion="4" classID="0xD0" addr="0x3271D60" id="0x0">
      <staticProperties>
        <property name="name" type="String" container="StaticArray" arraySize="1">
          <containerEntry>StaticModelArray0002</containerEntry>
        </property>
        <property name="dataSet" type="EntityHandle" container="StaticArray" arraySize="1">
          <containerEntry>0x335B760</containerEntry>
        </property>
        <property name="modelFile" type="FilePtr" container="StaticArray" arraySize="1">
          <containerEntry>/Assets/tpp/environ/object/middle_africa/rock/mafr_rock010/scenes/mafr_rock010_vrtn001.fmdl</containerEntry>
        </property>
        <property name="geomFile" type="FilePtr" container="StaticArray" arraySize="1">
          <containerEntry>/Assets/tpp/environ/object/middle_africa/rock/mafr_rock010/scenes/mafr_rock010_vrtn001.geom</containerEntry>
        </property>
        <property name="isVisibleGeom" type="Bool" container="StaticArray" arraySize="1">
          <containerEntry>false</containerEntry>
        </property>
        <property name="lodFarSize" type="Float" container="StaticArray" arraySize="1">
          <containerEntry>-1</containerEntry>
        </property>
        <property name="lodNearSize" type="Float" container="StaticArray" arraySize="1">
          <containerEntry>-1</containerEntry>
        </property>
        <property name="lodPolygonSize" type="Float" container="StaticArray" arraySize="1">
          <containerEntry>-1</containerEntry>
        </property>
        <property name="drawRejectionLevel" type="Int32" container="StaticArray" arraySize="1">
          <containerEntry>8</containerEntry>
        </property>
        <property name="drawMode" type="Int32" container="StaticArray" arraySize="1">
          <containerEntry>0</containerEntry>
        </property>
        <property name="rejectFarRangeShadowCast" type="Int32" container="StaticArray" arraySize="1">
          <containerEntry>2</containerEntry>
        </property>
        <property name="parentLocator" type="EntityLink" container="StaticArray" arraySize="1">
          <containerEntry packagePathHash="0xB8A0BF169F98" archivePathHash="0xB8A0BF169F98" nameInArchiveHash="0xB8A0BF169F98">0x0</containerEntry>
        </property>
        <property name="transforms" type="Matrix4" container="DynamicArray" arraySize="9">
          <containerEntry r11="1" r12="0" r13="0" r14="0" r21="0" r22="1" r23="0" r24="0" r31="0" r32="0" r33="1" r34="0" r41="340.56824" r42="274.2102" r43="2272.712" r44="1"></containerEntry>
          <containerEntry r11="0.5861731" r12="-0.054389887" r13="-0.8083571" r14="0" r21="0.017359218" r22="0.99835813" r23="-0.054586038" r24="0" r31="0.80999887" r32="0.017964354" r33="0.5861549" r34="0" r41="287.02307" r42="267.18268" r43="2255.423" r44="1"></containerEntry>
          <containerEntry r11="0.5861731" r12="-0.054389887" r13="-0.8083571" r14="0" r21="0.017359218" r22="0.99835813" r23="-0.054586038" r24="0" r31="0.80999887" r32="0.017964354" r33="0.5861549" r34="0" r41="265.56693" r42="269.1253" r43="2226.7046" r44="1"></containerEntry>
          <containerEntry r11="-0.06701906" r12="-0.09698346" r13="-0.9930234" r14="0" r21="-0.04476805" r22="0.99455464" r23="-0.09411113" r24="0" r31="0.9967432" r32="0.038148284" r33="-0.07099587" r34="0" r41="267.4526" r42="266.45148" r43="2291.469" r44="1"></containerEntry>
          <containerEntry r11="-0.65048724" r12="0.11682056" r13="-0.75047016" r14="0" r21="-0.022432119" r22="0.98471427" r23="0.17272677" r24="0" r31="0.75917673" r32="0.12919246" r33="-0.6379234" r34="0" r41="277.62622" r42="265.64606" r43="2303.9844" r44="1"></containerEntry>
          <containerEntry r11="0.9808774" r12="-0.05021051" r13="0.18803781" r14="0" r21="0.057668258" r22="0.99774295" r23="-0.034398835" r24="0" r31="-0.1858862" r32="0.044584896" r33="0.9815591" r34="0" r41="264.84604" r42="265.83258" r43="2295.2227" r44="1"></containerEntry>
          <containerEntry r11="-0.22642754" r12="-0.06560238" r13="0.9718115" r14="0" r21="-0.14928046" r22="0.9882791" r23="0.031931546" r24="0" r31="-0.9625158" r32="-0.13784268" r33="-0.23356676" r34="0" r41="279.82248" r42="267.46606" r43="2290.8704" r44="1"></containerEntry>
          <containerEntry r11="0.55391455" r12="-0.13249162" r13="0.82196146" r14="0" r21="0.19040573" r22="0.98125136" r23="0.029854633" r24="0" r31="-0.81050617" r32="0.13997003" r33="0.5687567" r34="0" r41="267.5788" r42="266.52844" r43="2296.267" r44="1"></containerEntry>
          <containerEntry r11="0.9957289" r12="-0.09232326" r13="0.00061009085" r14="0" r21="0.09232326" r22="0.99564177" r23="-0.013187611" r24="0" r31="0.00061009085" r32="0.013187611" r33="0.99991286" r34="0" r41="257.14468" r42="267.00262" r43="2215.129" r44="1"></containerEntry>
        </property>
        <property name="colors" type="UInt32" container="DynamicArray" arraySize="9">
          <containerEntry>4294967295</containerEntry>
          <containerEntry>4294967295</containerEntry>
          <containerEntry>4294967295</containerEntry>
          <containerEntry>4294967295</containerEntry>
          <containerEntry>4294967295</containerEntry>
          <containerEntry>4294967295</containerEntry>
          <containerEntry>4294967295</containerEntry>
          <containerEntry>4294967295</containerEntry>
          <containerEntry>4294967295</containerEntry>
        </property>
      </staticProperties>
      <dynamicProperties></dynamicProperties>
    </entity>
    <entity class="StaticModelArray" classVersion="4" classID="0xD0" addr="0x3271CF0" id="0x0">
      <staticProperties>
        <property name="name" type="String" container="StaticArray" arraySize="1">
          <containerEntry>StaticModelArray0003</containerEntry>
        </property>
        <property name="dataSet" type="EntityHandle" container="StaticArray" arraySize="1">
          <containerEntry>0x335B760</containerEntry>
        </property>
        <property name="modelFile" type="FilePtr" container="StaticArray" arraySize="1">
          <containerEntry>/Assets/tpp/environ/object/afghanistan/sandbag/afgh_sndb002/scenes/afgh_sndb002.fmdl</containerEntry>
        </property>
        <property name="geomFile" type="FilePtr" container="StaticArray" arraySize="1">
          <containerEntry>/Assets/tpp/environ/object/afghanistan/sandbag/afgh_sndb002/scenes/afgh_sndb002.geom</containerEntry>
        </property>
        <property name="isVisibleGeom" type="Bool" container="StaticArray" arraySize="1">
          <containerEntry>false</containerEntry>
        </property>
        <property name="lodFarSize" type="Float" container="StaticArray" arraySize="1">
          <containerEntry>-1</containerEntry>
        </property>
        <property name="lodNearSize" type="Float" container="StaticArray" arraySize="1">
          <containerEntry>-1</containerEntry>
        </property>
        <property name="lodPolygonSize" type="Float" container="StaticArray" arraySize="1">
          <containerEntry>-1</containerEntry>
        </property>
        <property name="drawRejectionLevel" type="Int32" container="StaticArray" arraySize="1">
          <containerEntry>8</containerEntry>
        </property>
        <property name="drawMode" type="Int32" container="StaticArray" arraySize="1">
          <containerEntry>0</containerEntry>
        </property>
        <property name="rejectFarRangeShadowCast" type="Int32" container="StaticArray" arraySize="1">
          <containerEntry>2</containerEntry>
        </property>
        <property name="parentLocator" type="EntityLink" container="StaticArray" arraySize="1">
          <containerEntry packagePathHash="0xB8A0BF169F98" archivePathHash="0xB8A0BF169F98" nameInArchiveHash="0xB8A0BF169F98">0x0</containerEntry>
        </property>
        <property name="transforms" type="Matrix4" container="DynamicArray" arraySize="13">
          <containerEntry r11="0.96435714" r12="0.05398182" r13="-0.25903922" r14="0" r21="-0.05510471" r22="0.99847627" r23="0.0029298328" r24="0" r31="0.25880265" r32="0.011448873" r33="0.9658624" r34="0" r41="320.41092" r42="273.85422" r43="2252.1245" r44="1"></containerEntry>
          <containerEntry r11="0.98181474" r12="-0.026117973" r13="-0.1880361" r14="0" r21="0.025294513" r22="0.9996571" r23="-0.006777901" r24="0" r31="0.18814863" r32="0.0018983537" r33="0.9821387" r34="0" r41="328.74808" r42="274.06927" r43="2249.955" r44="1"></containerEntry>
          <containerEntry r11="1" r12="0" r13="2e-06" r14="0" r21="0" r22="1" r23="0" r24="0" r31="-2e-06" r32="0" r33="1" r34="0" r41="336.60657" r42="274.02542" r43="2249.6829" r44="1"></containerEntry>
          <containerEntry r11="0.97143894" r12="-0.04210505" r13="-0.23352401" r14="0" r21="0.016588317" r22="0.9937738" r23="-0.11017426" r24="0" r31="0.23670895" r32="0.10315379" r33="0.96608907" r34="0" r41="339.83932" r42="274.30634" r43="2266.533" r44="1"></containerEntry>
          <containerEntry r11="0.9659259" r12="8.4843487e-07" r13="-0.25881875" r14="0" r21="-0.026459787" r22="0.9947608" r23="-0.09874604" r24="0" r31="0.25746268" r32="0.10222965" r33="0.96086526" r34="0" r41="335.7525" r42="274.36383" r43="2267.5735" r44="1"></containerEntry>
          <containerEntry r11="0.9659259" r12="8.4843487e-07" r13="-0.25881875" r14="0" r21="-0.026459787" r22="0.9947608" r23="-0.09874604" r24="0" r31="0.25746268" r32="0.10222965" r33="0.96086526" r34="0" r41="331.77957" r42="274.34314" r43="2268.6707" r44="1"></containerEntry>
          <containerEntry r11="0.9651484" r12="0.04011132" r13="-0.2586113" r14="0" r21="-0.04881882" r22="0.9984336" r23="-0.02733418" r24="0" r31="0.2571098" r32="0.039006624" r33="0.9655947" r34="0" r41="327.42108" r42="273.89355" r43="2261.3218" r44="1"></containerEntry>
          <containerEntry r11="0.9710948" r12="0.02952889" r13="-0.23686045" r14="0" r21="-0.025212836" r22="0.99945664" r23="0.021230992" r24="0" r31="0.23735869" r32="-0.014645364" r33="0.9713116" r34="0" r41="323.37167" r42="273.78714" r43="2262.3047" r44="1"></containerEntry>
          <containerEntry r11="0.26327342" r12="0.022080809" r13="0.96446747" r14="0" r21="-0.0053530987" r22="0.9997561" r23="-0.021427441" r24="0" r31="-0.9647053" r32="0.000478358" r33="0.26332742" r34="0" r41="209.93701" r42="273.65396" r43="2297.3318" r44="1"></containerEntry>
          <containerEntry r11="0.26332432" r12="0.0068103615" r13="0.9646826" r14="0" r21="-0.0013312416" r22="0.9999767" r23="-0.0066961395" r24="0" r31="-0.9647057" r32="0.00047902553" r33="0.26332724" r34="0" r41="211.02068" r42="273.81833" r43="2301.3015" r44="1"></containerEntry>
          <containerEntry r11="0.26332432" r12="0.0068103615" r13="0.9646826" r14="0" r21="-0.0013312416" r22="0.9999767" r23="-0.0066961395" r24="0" r31="-0.9647057" r32="0.00047902553" r33="0.26332724" r34="0" r41="212.0568" r42="273.84512" r43="2305.0974" r44="1"></containerEntry>
          <containerEntry r11="0.26332432" r12="0.0068103615" r13="0.9646826" r14="0" r21="-0.0013312416" r22="0.9999767" r23="-0.0066961395" r24="0" r31="-0.9647057" r32="0.00047902553" r33="0.26332724" r34="0" r41="213.11432" r42="273.81033" r43="2308.972" r44="1"></containerEntry>
          <containerEntry r11="0.9654771" r12="0.02756159" r13="-0.25902575" r14="0" r21="-0.029586256" r22="0.9995546" r23="-0.0039206175" r24="0" r31="0.2588023" r32="0.0114488695" r33="0.96586245" r34="0" r41="324.58923" r42="274.03265" r43="2250.944" r44="1"></containerEntry>
        </property>
        <property name="colors" type="UInt32" container="DynamicArray" arraySize="13">
          <containerEntry>4294967295</containerEntry>
          <containerEntry>4294967295</containerEntry>
          <containerEntry>4294967295</containerEntry>
          <containerEntry>4294967295</containerEntry>
          <containerEntry>4294967295</containerEntry>
          <containerEntry>4294967295</containerEntry>
          <containerEntry>4294967295</containerEntry>
          <containerEntry>4294967295</containerEntry>
          <containerEntry>4294967295</containerEntry>
          <containerEntry>4294967295</containerEntry>
          <containerEntry>4294967295</containerEntry>
          <containerEntry>4294967295</containerEntry>
          <containerEntry>4294967295</containerEntry>
        </property>
      </staticProperties>
      <dynamicProperties></dynamicProperties>
    </entity>
    <entity class="StaticModelArray" classVersion="4" classID="0xD0" addr="0x3271890" id="0x0">
      <staticProperties>
        <property name="name" type="String" container="StaticArray" arraySize="1">
          <containerEntry>StaticModelArray0004</containerEntry>
        </property>
        <property name="dataSet" type="EntityHandle" container="StaticArray" arraySize="1">
          <containerEntry>0x335B760</containerEntry>
        </property>
        <property name="modelFile" type="FilePtr" container="StaticArray" arraySize="1">
          <containerEntry>/Assets/tpp/environ/object/afghanistan/ground/afgh_grnd003/scenes/afgh_grnd003.fmdl</containerEntry>
        </property>
        <property name="geomFile" type="FilePtr" container="StaticArray" arraySize="1">
          <containerEntry>/Assets/tpp/environ/object/afghanistan/ground/afgh_grnd003/scenes/afgh_grnd003.geom</containerEntry>
        </property>
        <property name="isVisibleGeom" type="Bool" container="StaticArray" arraySize="1">
          <containerEntry>false</containerEntry>
        </property>
        <property name="lodFarSize" type="Float" container="StaticArray" arraySize="1">
          <containerEntry>-1</containerEntry>
        </property>
        <property name="lodNearSize" type="Float" container="StaticArray" arraySize="1">
          <containerEntry>-1</containerEntry>
        </property>
        <property name="lodPolygonSize" type="Float" container="StaticArray" arraySize="1">
          <containerEntry>-1</containerEntry>
        </property>
        <property name="drawRejectionLevel" type="Int32" container="StaticArray" arraySize="1">
          <containerEntry>8</containerEntry>
        </property>
        <property name="drawMode" type="Int32" container="StaticArray" arraySize="1">
          <containerEntry>0</containerEntry>
        </property>
        <property name="rejectFarRangeShadowCast" type="Int32" container="StaticArray" arraySize="1">
          <containerEntry>2</containerEntry>
        </property>
        <property name="parentLocator" type="EntityLink" container="StaticArray" arraySize="1">
          <containerEntry packagePathHash="0xB8A0BF169F98" archivePathHash="0xB8A0BF169F98" nameInArchiveHash="0xB8A0BF169F98">0x0</containerEntry>
        </property>
        <property name="transforms" type="Matrix4" container="DynamicArray" arraySize="13">
          <containerEntry r11="0.99941444" r12="0" r13="0.03421697" r14="0" r21="0" r22="1" r23="0" r24="0" r31="-0.03421697" r32="0" r33="0.99941444" r34="0" r41="261.20856" r42="272.743" r43="2190.4958" r44="1"></containerEntry>
          <containerEntry r11="-0.20403846" r12="5.32716e-07" r13="0.9789602" r14="0" r21="0.04928756" r22="0.9987318" r23="0.010272214" r24="0" r31="-0.97771865" r32="0.05034657" r33="-0.20377973" r34="0" r41="336.9919" r42="273.03806" r43="2234.938" r44="1"></containerEntry>
          <containerEntry r11="0.76584136" r12="-0.036359172" r13="0.64199877" r14="0" r21="0.03906725" r22="0.9991867" r23="0.009984897" r24="0" r31="-0.6418396" r32="0.017434314" r33="0.76663893" r34="0" r41="331.18875" r42="273.04718" r43="2225.5823" r44="1"></containerEntry>
          <containerEntry r11="-0.5304853" r12="-0.05313156" r13="0.84602785" r14="0" r21="-0.11144245" r22="0.9937428" r23="-0.007469531" r24="0" r31="-0.8403373" r32="-0.098245874" r33="-0.533087" r34="0" r41="279.8116" r42="272.29868" r43="2213.6343" r44="1"></containerEntry>
          <containerEntry r11="-0.5025241" r12="-0.09383248" r13="0.85945714" r14="0" r21="-0.026443448" r22="0.99529606" r23="0.0932015" r24="0" r31="-0.8641596" r32="0.024108928" r33="-0.50264144" r34="0" r41="290.4119" r42="273.40967" r43="2210.8228" r44="1"></containerEntry>
          <containerEntry r11="0.74276614" r12="0" r13="0.6695502" r14="0" r21="0" r22="1" r23="0" r24="0" r31="-0.6695502" r32="0" r33="0.74276614" r34="0" r41="308.08362" r42="269.1258" r43="2301.8425" r44="1"></containerEntry>
          <containerEntry r11="0.19671685" r12="0" r13="0.9804587" r14="0" r21="0" r22="1" r23="0" r24="0" r31="-0.9804587" r32="0" r33="0.19671685" r34="0" r41="302.41855" r42="269.44843" r43="2291.5098" r44="1"></containerEntry>
          <containerEntry r11="0.06485748" r12="0.018057037" r13="0.9977264" r14="0" r21="-0.14405975" r22="0.98953205" r23="-0.008544594" r24="0" r31="-0.9874365" r32="-0.14317864" r33="0.066779904" r34="0" r41="311.31577" r42="272.56815" r43="2263.594" r44="1"></containerEntry>
          <containerEntry r11="-0.7579457" r12="-0.0020091638" r13="0.6523097" r14="0" r21="0.0005053615" r22="0.99999315" r23="0.0036672533" r24="0" r31="-0.6523126" r32="0.0031092393" r33="-0.75793946" r34="0" r41="319.25778" r42="273.4024" r43="2249.9548" r44="1"></containerEntry>
          <containerEntry r11="0.76417214" r12="0" r13="0.6450128" r14="0" r21="0" r22="1" r23="0" r24="0" r31="-0.6450128" r32="0" r33="0.76417214" r34="0" r41="281.3763" r42="272.64417" r43="2223.3196" r44="1"></containerEntry>
          <containerEntry r11="0.8821665" r12="-0.0271655" r13="-0.4701535" r14="0" r21="0.042691164" r22="0.99883735" r23="0.022390135" r24="0" r31="0.46899867" r32="-0.039823227" r33="0.8823006" r34="0" r41="289.36502" r42="272.44427" r43="2224.951" r44="1"></containerEntry>
          <containerEntry r11="-0.78799975" r12="-0.031054066" r13="0.6148805" r14="0" r21="-0.014182695" r22="0.9993777" r23="0.03229673" r24="0" r31="-0.61550075" r32="0.016729316" r33="-0.7879498" r34="0" r41="315.45056" r42="272.5715" r43="2251.6372" r44="1"></containerEntry>
          <containerEntry r11="-0.8792635" r12="-0.0013035312" r13="0.47632813" r14="0" r21="0.0005047949" r22="0.99999315" r23="0.0036684168" r24="0" r31="-0.47632962" r32="0.0034659524" r33="-0.8792568" r34="0" r41="326.8416" r42="273.76245" r43="2245.6396" r44="1"></containerEntry>
        </property>
        <property name="colors" type="UInt32" container="DynamicArray" arraySize="13">
          <containerEntry>4294967295</containerEntry>
          <containerEntry>4294967295</containerEntry>
          <containerEntry>4294967295</containerEntry>
          <containerEntry>4294967295</containerEntry>
          <containerEntry>4294967295</containerEntry>
          <containerEntry>4294967295</containerEntry>
          <containerEntry>4294967295</containerEntry>
          <containerEntry>4294967295</containerEntry>
          <containerEntry>4294967295</containerEntry>
          <containerEntry>4294967295</containerEntry>
          <containerEntry>4294967295</containerEntry>
          <containerEntry>4294967295</containerEntry>
          <containerEntry>4294967295</containerEntry>
        </property>
      </staticProperties>
      <dynamicProperties></dynamicProperties>
    </entity>
    <entity class="StaticModelArray" classVersion="4" classID="0xD0" addr="0x3271430" id="0x0">
      <staticProperties>
        <property name="name" type="String" container="StaticArray" arraySize="1">
          <containerEntry>StaticModelArray0005</containerEntry>
        </property>
        <property name="dataSet" type="EntityHandle" container="StaticArray" arraySize="1">
          <containerEntry>0x335B760</containerEntry>
        </property>
        <property name="modelFile" type="FilePtr" container="StaticArray" arraySize="1">
          <containerEntry>/Assets/tpp/environ/object/afghanistan/tree/afgh_tree012/scenes/afgh_tree012_ropl001.fmdl</containerEntry>
        </property>
        <property name="geomFile" type="FilePtr" container="StaticArray" arraySize="1">
          <containerEntry hash="0xB8A0BF169F98"></containerEntry>
        </property>
        <property name="isVisibleGeom" type="Bool" container="StaticArray" arraySize="1">
          <containerEntry>false</containerEntry>
        </property>
        <property name="lodFarSize" type="Float" container="StaticArray" arraySize="1">
          <containerEntry>-1</containerEntry>
        </property>
        <property name="lodNearSize" type="Float" container="StaticArray" arraySize="1">
          <containerEntry>-1</containerEntry>
        </property>
        <property name="lodPolygonSize" type="Float" container="StaticArray" arraySize="1">
          <containerEntry>-1</containerEntry>
        </property>
        <property name="drawRejectionLevel" type="Int32" container="StaticArray" arraySize="1">
          <containerEntry>8</containerEntry>
        </property>
        <property name="drawMode" type="Int32" container="StaticArray" arraySize="1">
          <containerEntry>0</containerEntry>
        </property>
        <property name="rejectFarRangeShadowCast" type="Int32" container="StaticArray" arraySize="1">
          <containerEntry>2</containerEntry>
        </property>
        <property name="parentLocator" type="EntityLink" container="StaticArray" arraySize="1">
          <containerEntry packagePathHash="0xB8A0BF169F98" archivePathHash="0xB8A0BF169F98" nameInArchiveHash="0xB8A0BF169F98">0x0</containerEntry>
        </property>
        <property name="transforms" type="Matrix4" container="DynamicArray" arraySize="5">
          <containerEntry r11="0.7969052" r12="0" r13="-0.60410404" r14="0" r21="0" r22="1" r23="0" r24="0" r31="0.60410404" r32="0" r33="0.7969052" r34="0" r41="350.36765" r42="272.65778" r43="2197.2092" r44="1"></containerEntry>
          <containerEntry r11="0.7969052" r12="0" r13="-0.60410404" r14="0" r21="0" r22="1" r23="0" r24="0" r31="0.60410404" r32="0" r33="0.7969052" r34="0" r41="350.18195" r42="270.84106" r43="2236.1265" r44="1"></containerEntry>
          <containerEntry r11="0.481062" r12="0" r13="0.87668645" r14="0" r21="0" r22="1" r23="0" r24="0" r31="-0.87668645" r32="0" r33="0.481062" r34="0" r41="359.0878" r42="272.2562" r43="2211.2021" r44="1"></containerEntry>
          <containerEntry r11="0.9958272" r12="-0.09123953" r13="0.0018663622" r14="0" r21="0.09123953" r22="0.99499243" r23="-0.040808804" r24="0" r31="0.0018663622" r32="0.040808804" r33="0.99916524" r34="0" r41="323.88477" r42="273.85165" r43="2219.1426" r44="1"></containerEntry>
          <containerEntry r11="0.16788805" r12="0" r13="0.9858057" r14="0" r21="0" r22="1" r23="0" r24="0" r31="-0.9858057" r32="0" r33="0.16788805" r34="0" r41="314.14352" r42="274.43243" r43="2292.2395" r44="1"></containerEntry>
        </property>
        <property name="colors" type="UInt32" container="DynamicArray" arraySize="5">
          <containerEntry>4294967295</containerEntry>
          <containerEntry>4294967295</containerEntry>
          <containerEntry>4294967295</containerEntry>
          <containerEntry>4294967295</containerEntry>
          <containerEntry>4294967295</containerEntry>
        </property>
      </staticProperties>
      <dynamicProperties></dynamicProperties>
    </entity>
    <entity class="StaticModelArray" classVersion="4" classID="0xD0" addr="0x32714A0" id="0x0">
      <staticProperties>
        <property name="name" type="String" container="StaticArray" arraySize="1">
          <containerEntry>StaticModelArray0006</containerEntry>
        </property>
        <property name="dataSet" type="EntityHandle" container="StaticArray" arraySize="1">
          <containerEntry>0x335B760</containerEntry>
        </property>
        <property name="modelFile" type="FilePtr" container="StaticArray" arraySize="1">
          <containerEntry>/Assets/tpp/environ/object/afghanistan/cliff/afgh_clff029/scenes/afgh_clff029.fmdl</containerEntry>
        </property>
        <property name="geomFile" type="FilePtr" container="StaticArray" arraySize="1">
          <containerEntry>/Assets/tpp/environ/object/afghanistan/cliff/afgh_clff029/scenes/afgh_clff029.geom</containerEntry>
        </property>
        <property name="isVisibleGeom" type="Bool" container="StaticArray" arraySize="1">
          <containerEntry>false</containerEntry>
        </property>
        <property name="lodFarSize" type="Float" container="StaticArray" arraySize="1">
          <containerEntry>-1</containerEntry>
        </property>
        <property name="lodNearSize" type="Float" container="StaticArray" arraySize="1">
          <containerEntry>-1</containerEntry>
        </property>
        <property name="lodPolygonSize" type="Float" container="StaticArray" arraySize="1">
          <containerEntry>-1</containerEntry>
        </property>
        <property name="drawRejectionLevel" type="Int32" container="StaticArray" arraySize="1">
          <containerEntry>8</containerEntry>
        </property>
        <property name="drawMode" type="Int32" container="StaticArray" arraySize="1">
          <containerEntry>0</containerEntry>
        </property>
        <property name="rejectFarRangeShadowCast" type="Int32" container="StaticArray" arraySize="1">
          <containerEntry>2</containerEntry>
        </property>
        <property name="parentLocator" type="EntityLink" container="StaticArray" arraySize="1">
          <containerEntry packagePathHash="0xB8A0BF169F98" archivePathHash="0xB8A0BF169F98" nameInArchiveHash="0xB8A0BF169F98">0x0</containerEntry>
        </property>
        <property name="transforms" type="Matrix4" container="DynamicArray" arraySize="5">
          <containerEntry r11="0.12454797" r12="0.031337544" r13="0.9917169" r14="0" r21="0.025722004" r22="0.9990632" r23="-0.034799956" r24="0" r31="-0.99187845" r32="0.029843204" r33="0.12362522" r34="0" r41="311.12958" r42="269.80096" r43="2273.206" r44="1"></containerEntry>
          <containerEntry r11="-0.5536675" r12="0.043220613" r13="0.8316141" r14="0" r21="0.025720779" r22="0.9990633" r23="-0.034798976" r24="0" r31="-0.8323391" r32="0.0021226741" r33="-0.5542605" r34="0" r41="306.38303" r42="270.4363" r43="2282.6326" r44="1"></containerEntry>
          <containerEntry r11="0.4475165" r12="0.019620769" r13="0.89406" r14="0" r21="0.02572031" r22="0.9990633" r23="-0.03479926" r24="0" r31="-0.8939053" r32="0.038568746" r33="0.4465927" r34="0" r41="306.5034" r42="271.0433" r43="2304.3384" r44="1"></containerEntry>
          <containerEntry r11="-0.4617346" r12="0.014264032" r13="0.88690037" r14="0" r21="0.011855086" r22="0.9998806" r23="-0.0099090915" r24="0" r31="-0.8869359" r32="0.005938903" r33="-0.46184862" r34="0" r41="312.7086" r42="269.61853" r43="2256.7803" r44="1"></containerEntry>
          <containerEntry r11="-0.9676015" r12="-0.016586298" r13="0.25192156" r14="0" r21="-0.015768373" r22="0.9998618" r23="0.0052652927" r24="0" r31="-0.25197408" r32="0.0011223243" r33="-0.96772933" r34="0" r41="326.14703" r42="269.4631" r43="2242.139" r44="1"></containerEntry>
        </property>
        <property name="colors" type="UInt32" container="DynamicArray" arraySize="5">
          <containerEntry>4294967295</containerEntry>
          <containerEntry>4294967295</containerEntry>
          <containerEntry>4294967295</containerEntry>
