<fox formatVersion="2" fileVersion="0">
  <entities>
    <entity class="DataSet" classVersion="0" classID="0xE8" addr="0x32F46F0" id="0x2CB55B9">
      <staticProperties>
        <property name="name" type="String" container="StaticArray" arraySize="1">
          <containerEntry hash="0xB8A0BF169F98"></containerEntry>
        </property>
        <property name="dataSet" type="EntityHandle" container="StaticArray" arraySize="1">
          <containerEntry>0x0</containerEntry>
        </property>
        <property name="dataList" type="EntityPtr" container="StringMap" arraySize="7">
          <containerEntry key="StaticModelArray0000">
            <data>0x317FA50</data>
          </containerEntry>
          <containerEntry key="StaticModelArray0001">
            <data>0x317FE40</data>
          </containerEntry>
          <containerEntry key="StaticModelArray0002">
            <data>0x317FDD0</data>
          </containerEntry>
          <containerEntry key="StaticModelArray0003">
            <data>0x317F900</data>
          </containerEntry>
          <containerEntry key="StaticModelArray0004">
            <data>0x317FAC0</data>
          </containerEntry>
          <containerEntry key="StaticModelArray0005">
            <data>0x317FB30</data>
          </containerEntry>
          <containerEntry key="TexturePackLoadConditioner0000">
            <data>0x32F0710</data>
          </containerEntry>
        </property>
      </staticProperties>
      <dynamicProperties></dynamicProperties>
    </entity>
    <entity class="StaticModelArray" classVersion="4" classID="0xD0" addr="0x317FA50" id="0x0">
      <staticProperties>
        <property name="name" type="String" container="StaticArray" arraySize="1">
          <containerEntry>StaticModelArray0000</containerEntry>
        </property>
        <property name="dataSet" type="EntityHandle" container="StaticArray" arraySize="1">
          <containerEntry>0x32F46F0</containerEntry>
        </property>
        <property name="modelFile" type="FilePtr" container="StaticArray" arraySize="1">
          <containerEntry>/Assets/tpp/environ/object/middle_africa/tree/mafr_tree038/scenes/mafr_tree038.fmdl</containerEntry>
        </property>
        <property name="geomFile" type="FilePtr" container="StaticArray" arraySize="1">
          <containerEntry>/Assets/tpp/environ/object/middle_africa/tree/mafr_tree038/scenes/mafr_tree038.geom</containerEntry>
        </property>
        <property name="isVisibleGeom" type="Bool" container="StaticArray" arraySize="1">
          <containerEntry>false</containerEntry>
        </property>
        <property name="lodFarSize" type="Float" container="StaticArray" arraySize="1">
          <containerEntry>-1</containerEntry>
        </property>
        <property name="lodNearSize" type="Float" container="StaticArray" arraySize="1">
          <containerEntry>-1</containerEntry>
        </property>
        <property name="lodPolygonSize" type="Float" container="StaticArray" arraySize="1">
          <containerEntry>-1</containerEntry>
        </property>
        <property name="drawRejectionLevel" type="Int32" container="StaticArray" arraySize="1">
          <containerEntry>8</containerEntry>
        </property>
        <property name="drawMode" type="Int32" container="StaticArray" arraySize="1">
          <containerEntry>0</containerEntry>
        </property>
        <property name="rejectFarRangeShadowCast" type="Int32" container="StaticArray" arraySize="1">
          <containerEntry>2</containerEntry>
        </property>
        <property name="parentLocator" type="EntityLink" container="StaticArray" arraySize="1">
          <containerEntry packagePathHash="0xB8A0BF169F98" archivePathHash="0xB8A0BF169F98" nameInArchiveHash="0xB8A0BF169F98">0x0</containerEntry>
        </property>
        <property name="transforms" type="Matrix4" container="DynamicArray" arraySize="5">
          <containerEntry r11="0.11159257" r12="0" r13="-0.576029" r14="0" r21="0" r22="0.586739" r23="0" r24="0" r31="0.576029" r32="0" r33="0.11159257" r34="0" r41="-505.71436" r42="-3.628258" r43="182.70074" r44="1"></containerEntry>
          <containerEntry r11="-0.6505094" r12="0" r13="-0.46884298" r14="0" r21="0" r22="0.801858" r23="0" r24="0" r31="0.46884298" r32="0" r33="-0.6505094" r34="0" r41="-503.41257" r42="-5.962457" r43="175.14926" r44="1"></containerEntry>
          <containerEntry r11="-0.47229886" r12="0" r13="-0.7570991" r14="0" r21="0" r22="0.892336" r23="0" r24="0" r31="0.7570991" r32="0" r33="-0.47229886" r34="0" r41="-483.22644" r42="-3.763613" r43="229.80865" r44="1"></containerEntry>
          <containerEntry r11="0.2506725" r12="0" r13="-0.6982386" r14="0" r21="0" r22="0.741872" r23="0" r24="0" r31="0.6982386" r32="0" r33="0.2506725" r34="0" r41="-490.25052" r42="-4.386517" r43="210.96439" r44="1"></containerEntry>
          <containerEntry r11="0.19560072" r12="0" r13="-0.5195029" r14="0" r21="0" r22="0.555106" r23="0" r24="0" r31="0.5195029" r32="0" r33="0.19560072" r34="0" r41="-500.7409" r42="-5.847501" r43="192.03433" r44="1"></containerEntry>
        </property>
        <property name="colors" type="UInt32" container="DynamicArray" arraySize="5">
          <containerEntry>4294967295</containerEntry>
          <containerEntry>4294967295</containerEntry>
          <containerEntry>4294967295</containerEntry>
          <containerEntry>4294967295</containerEntry>
          <containerEntry>4294967295</containerEntry>
        </property>
      </staticProperties>
      <dynamicProperties></dynamicProperties>
    </entity>
    <entity class="StaticModelArray" classVersion="4" classID="0xD0" addr="0x317FE40" id="0x0">
      <staticProperties>
        <property name="name" type="String" container="StaticArray" arraySize="1">
          <containerEntry>StaticModelArray0001</containerEntry>
        </property>
        <property name="dataSet" type="EntityHandle" container="StaticArray" arraySize="1">
          <containerEntry>0x32F46F0</containerEntry>
        </property>
        <property name="modelFile" type="FilePtr" container="StaticArray" arraySize="1">
          <containerEntry>/Assets/tpp/environ/object/middle_africa/mud/mafr_mudd003/scenes/mafr_mudd003_rock001.fmdl</containerEntry>
        </property>
        <property name="geomFile" type="FilePtr" container="StaticArray" arraySize="1">
          <containerEntry>/Assets/tpp/environ/object/middle_africa/mud/mafr_mudd003/scenes/mafr_mudd003_rock001.geom</containerEntry>
        </property>
        <property name="isVisibleGeom" type="Bool" container="StaticArray" arraySize="1">
          <containerEntry>false</containerEntry>
        </property>
        <property name="lodFarSize" type="Float" container="StaticArray" arraySize="1">
          <containerEntry>-1</containerEntry>
        </property>
        <property name="lodNearSize" type="Float" container="StaticArray" arraySize="1">
          <containerEntry>-1</containerEntry>
        </property>
        <property name="lodPolygonSize" type="Float" container="StaticArray" arraySize="1">
          <containerEntry>-1</containerEntry>
        </property>
        <property name="drawRejectionLevel" type="Int32" container="StaticArray" arraySize="1">
          <containerEntry>8</containerEntry>
        </property>
        <property name="drawMode" type="Int32" container="StaticArray" arraySize="1">
          <containerEntry>0</containerEntry>
        </property>
        <property name="rejectFarRangeShadowCast" type="Int32" container="StaticArray" arraySize="1">
          <containerEntry>2</containerEntry>
        </property>
        <property name="parentLocator" type="EntityLink" container="StaticArray" arraySize="1">
          <containerEntry packagePathHash="0xB8A0BF169F98" archivePathHash="0xB8A0BF169F98" nameInArchiveHash="0xB8A0BF169F98">0x0</containerEntry>
        </property>
        <property name="transforms" type="Matrix4" container="DynamicArray" arraySize="2">
          <containerEntry r11="-0.42376053" r12="0" r13="-0.90577453" r14="0" r21="0" r22="1" r23="0" r24="0" r31="0.90577453" r32="0" r33="-0.42376053" r34="0" r41="-396.30823" r42="-7.693734" r43="219.58226" r44="1"></containerEntry>
          <containerEntry r11="-0.5989797" r12="0" r13="-0.800765" r14="0" r21="0" r22="1" r23="0" r24="0" r31="0.800765" r32="0" r33="-0.5989797" r34="0" r41="-429.7749" r42="-7.4260635" r43="210.34662" r44="1"></containerEntry>
        </property>
        <property name="colors" type="UInt32" container="DynamicArray" arraySize="2">
          <containerEntry>4294967295</containerEntry>
          <containerEntry>4294967295</containerEntry>
        </property>
      </staticProperties>
      <dynamicProperties></dynamicProperties>
    </entity>
    <entity class="StaticModelArray" classVersion="4" classID="0xD0" addr="0x317FDD0" id="0x0">
      <staticProperties>
        <property name="name" type="String" container="StaticArray" arraySize="1">
          <containerEntry>StaticModelArray0002</containerEntry>
        </property>
        <property name="dataSet" type="EntityHandle" container="StaticArray" arraySize="1">
          <containerEntry>0x32F46F0</containerEntry>
        </property>
        <property name="modelFile" type="FilePtr" container="StaticArray" arraySize="1">
          <containerEntry>/Assets/tpp/environ/object/middle_africa/rock/mafr_rock002/scenes/mafr_rock002.fmdl</containerEntry>
        </property>
        <property name="geomFile" type="FilePtr" container="StaticArray" arraySize="1">
          <containerEntry>/Assets/tpp/environ/object/middle_africa/rock/mafr_rock002/scenes/mafr_rock002.geom</containerEntry>
        </property>
        <property name="isVisibleGeom" type="Bool" container="StaticArray" arraySize="1">
          <containerEntry>false</containerEntry>
        </property>
        <property name="lodFarSize" type="Float" container="StaticArray" arraySize="1">
          <containerEntry>-1</containerEntry>
        </property>
        <property name="lodNearSize" type="Float" container="StaticArray" arraySize="1">
          <containerEntry>-1</containerEntry>
        </property>
        <property name="lodPolygonSize" type="Float" container="StaticArray" arraySize="1">
          <containerEntry>-1</containerEntry>
        </property>
        <property name="drawRejectionLevel" type="Int32" container="StaticArray" arraySize="1">
          <containerEntry>8</containerEntry>
        </property>
        <property name="drawMode" type="Int32" container="StaticArray" arraySize="1">
          <containerEntry>0</containerEntry>
        </property>
        <property name="rejectFarRangeShadowCast" type="Int32" container="StaticArray" arraySize="1">
          <containerEntry>2</containerEntry>
        </property>
        <property name="parentLocator" type="EntityLink" container="StaticArray" arraySize="1">
          <containerEntry packagePathHash="0xB8A0BF169F98" archivePathHash="0xB8A0BF169F98" nameInArchiveHash="0xB8A0BF169F98">0x0</containerEntry>
        </property>
        <property name="transforms" type="Matrix4" container="DynamicArray" arraySize="3">
          <containerEntry r11="0.034061193" r12="0" r13="0.9994192" r14="0" r21="0" r22="1" r23="0" r24="0" r31="-0.9994192" r32="0" r33="0.034061193" r34="0" r41="-406.2442" r42="-3.5159283" r43="186.42522" r44="1"></containerEntry>
          <containerEntry r11="0.014891803" r12="0" r13="0.99988854" r14="0" r21="0" r22="1" r23="0" r24="0" r31="-0.99988854" r32="0" r33="0.014891803" r34="0" r41="-466.22574" r42="-3.2928503" r43="186.91795" r44="1"></containerEntry>
          <containerEntry r11="0.4873759" r12="-0.017306052" r13="-0.8730206" r14="0" r21="0.014256764" r22="0.99982804" r23="-0.011860741" r24="0" r31="0.87307566" r32="-0.006665813" r33="0.4875388" r34="0" r41="-443.05496" r42="-3.5732193" r43="157.93367" r44="1"></containerEntry>
        </property>
        <property name="colors" type="UInt32" container="DynamicArray" arraySize="3">
          <containerEntry>4294967295</containerEntry>
          <containerEntry>4294967295</containerEntry>
          <containerEntry>4294967295</containerEntry>
        </property>
      </staticProperties>
      <dynamicProperties></dynamicProperties>
    </entity>
    <entity class="StaticModelArray" classVersion="4" classID="0xD0" addr="0x317F900" id="0x0">
      <staticProperties>
        <property name="name" type="String" container="StaticArray" arraySize="1">
          <containerEntry>StaticModelArray0003</containerEntry>
        </property>
        <property name="dataSet" type="EntityHandle" container="StaticArray" arraySize="1">
          <containerEntry>0x32F46F0</containerEntry>
        </property>
        <property name="modelFile" type="FilePtr" container="StaticArray" arraySize="1">
          <containerEntry>/Assets/tpp/environ/object/middle_africa/cliff/mafr_clff004/scenes/mafr_clff004_rock001.fmdl</containerEntry>
        </property>
        <property name="geomFile" type="FilePtr" container="StaticArray" arraySize="1">
          <containerEntry>/Assets/tpp/environ/object/middle_africa/cliff/mafr_clff004/scenes/mafr_clff004_rock001.geom</containerEntry>
        </property>
        <property name="isVisibleGeom" type="Bool" container="StaticArray" arraySize="1">
          <containerEntry>false</containerEntry>
        </property>
        <property name="lodFarSize" type="Float" container="StaticArray" arraySize="1">
          <containerEntry>-1</containerEntry>
        </property>
        <property name="lodNearSize" type="Float" container="StaticArray" arraySize="1">
          <containerEntry>-1</containerEntry>
        </property>
        <property name="lodPolygonSize" type="Float" container="StaticArray" arraySize="1">
          <containerEntry>-1</containerEntry>
        </property>
        <property name="drawRejectionLevel" type="Int32" container="StaticArray" arraySize="1">
          <containerEntry>8</containerEntry>
        </property>
        <property name="drawMode" type="Int32" container="StaticArray" arraySize="1">
          <containerEntry>0</containerEntry>
        </property>
        <property name="rejectFarRangeShadowCast" type="Int32" container="StaticArray" arraySize="1">
          <containerEntry>2</containerEntry>
        </property>
        <property name="parentLocator" type="EntityLink" container="StaticArray" arraySize="1">
          <containerEntry packagePathHash="0xB8A0BF169F98" archivePathHash="0xB8A0BF169F98" nameInArchiveHash="0xB8A0BF169F98">0x0</containerEntry>
        </property>
        <property name="transforms" type="Matrix4" container="DynamicArray" arraySize="2">
          <containerEntry r11="0.98944396" r12="-0.14490841" r13="-0.0014843848" r14="0" r21="0.14490841" r22="0.9892352" r23="0.020376934" r24="0" r31="-0.0014843848" r32="-0.020376934" r33="0.99979126" r34="0" r41="-402.48523" r42="-3.417036" r43="178.5269" r44="1"></containerEntry>
          <containerEntry r11="0.98944396" r12="-0.14490841" r13="-0.0014843848" r14="0" r21="0.14490841" r22="0.9892352" r23="0.020376934" r24="0" r31="-0.0014843848" r32="-0.020376934" r33="0.99979126" r34="0" r41="-465.03333" r42="-2.6356683" r43="194.15286" r44="1"></containerEntry>
        </property>
        <property name="colors" type="UInt32" container="DynamicArray" arraySize="2">
          <containerEntry>4294967295</containerEntry>
          <containerEntry>4294967295</containerEntry>
        </property>
      </staticProperties>
      <dynamicProperties></dynamicProperties>
    </entity>
    <entity class="StaticModelArray" classVersion="4" classID="0xD0" addr="0x317FAC0" id="0x0">
      <staticProperties>
        <property name="name" type="String" container="StaticArray" arraySize="1">
          <containerEntry>StaticModelArray0004</containerEntry>
        </property>
        <property name="dataSet" type="EntityHandle" container="StaticArray" arraySize="1">
          <containerEntry>0x32F46F0</containerEntry>
        </property>
        <property name="modelFile" type="FilePtr" container="StaticArray" arraySize="1">
          <containerEntry>/Assets/tpp/environ/object/middle_africa/mud/mafr_mudd003/scenes/mafr_mudd003.fmdl</containerEntry>
        </property>
        <property name="geomFile" type="FilePtr" container="StaticArray" arraySize="1">
          <containerEntry>/Assets/tpp/environ/object/middle_africa/mud/mafr_mudd003/scenes/mafr_mudd003.geom</containerEntry>
        </property>
        <property name="isVisibleGeom" type="Bool" container="StaticArray" arraySize="1">
          <containerEntry>false</containerEntry>
        </property>
        <property name="lodFarSize" type="Float" container="StaticArray" arraySize="1">
          <containerEntry>-1</containerEntry>
        </property>
        <property name="lodNearSize" type="Float" container="StaticArray" arraySize="1">
          <containerEntry>-1</containerEntry>
        </property>
        <property name="lodPolygonSize" type="Float" container="StaticArray" arraySize="1">
          <containerEntry>-1</containerEntry>
        </property>
        <property name="drawRejectionLevel" type="Int32" container="StaticArray" arraySize="1">
          <containerEntry>8</containerEntry>
        </property>
        <property name="drawMode" type="Int32" container="StaticArray" arraySize="1">
          <containerEntry>0</containerEntry>
        </property>
        <property name="rejectFarRangeShadowCast" type="Int32" container="StaticArray" arraySize="1">
          <containerEntry>2</containerEntry>
        </property>
        <property name="parentLocator" type="EntityLink" container="StaticArray" arraySize="1">
          <containerEntry packagePathHash="0xB8A0BF169F98" archivePathHash="0xB8A0BF169F98" nameInArchiveHash="0xB8A0BF169F98">0x0</containerEntry>
        </property>
        <property name="transforms" type="Matrix4" container="DynamicArray" arraySize="51">
          <containerEntry r11="0.26962766" r12="0.0030168176" r13="0.9629598" r14="0" r21="-0.0033890682" r22="0.99999183" r23="-0.0021838984" r24="0" r31="-0.96295863" r32="-0.0026746974" r33="0.26963568" r34="0" r41="-394.36002" r42="-4.0333633" r43="250.42078" r44="1"></containerEntry>
          <containerEntry r11="0.37443197" r12="0" r13="0.9272545" r14="0" r21="0" r22="1" r23="0" r24="0" r31="-0.9272545" r32="0" r33="0.37443197" r34="0" r41="-441.9674" r42="-3.9933963" r43="245.72404" r44="1"></containerEntry>
          <containerEntry r11="0.998498" r12="0" r13="-0.05478739" r14="0" r21="0" r22="1" r23="0" r24="0" r31="0.05478739" r32="0" r33="0.998498" r34="0" r41="-411.10687" r42="-3.9681172" r43="237.5258" r44="1"></containerEntry>
          <containerEntry r11="0.72016275" r12="0" r13="0.6938054" r14="0" r21="0" r22="1" r23="0" r24="0" r31="-0.6938054" r32="0" r33="0.72016275" r34="0" r41="-421.4626" r42="-4.096797" r43="218.3115" r44="1"></containerEntry>
          <containerEntry r11="0.38698107" r12="0" r13="-0.9220879" r14="0" r21="0" r22="1" r23="0" r24="0" r31="0.9220879" r32="0" r33="0.38698107" r34="0" r41="-448.23364" r42="-4.077774" r43="209.25824" r44="1"></containerEntry>
          <containerEntry r11="-0.24131763" r12="0" r13="-0.9704465" r14="0" r21="0" r22="1" r23="0" r24="0" r31="0.9704465" r32="0" r33="-0.24131763" r34="0" r41="-458.45404" r42="-3.9611502" r43="182.72371" r44="1"></containerEntry>
          <containerEntry r11="-0.29828238" r12="0" r13="-0.9544771" r14="0" r21="0" r22="1" r23="0" r24="0" r31="0.9544771" r32="0" r33="-0.29828238" r34="0" r41="-435.3982" r42="-4.096797" r43="229.36961" r44="1"></containerEntry>
          <containerEntry r11="0.72016275" r12="0" r13="0.6938054" r14="0" r21="0" r22="1" r23="0" r24="0" r31="-0.6938054" r32="0" r33="0.72016275" r34="0" r41="-414.63385" r42="-4.096797" r43="156.82028" r44="1"></containerEntry>
          <containerEntry r11="-0.10848904" r12="0" r13="-0.9940973" r14="0" r21="0" r22="1" r23="0" r24="0" r31="0.9940973" r32="0" r33="-0.10848904" r34="0" r41="-428.20947" r42="-4.096797" r43="152.61612" r44="1"></containerEntry>
          <containerEntry r11="0.10857248" r12="0" r13="-0.9940885" r14="0" r21="0" r22="1" r23="0" r24="0" r31="0.9940885" r32="0" r33="0.10857248" r34="0" r41="-420.0323" r42="-4.096797" r43="183.94373" r44="1"></containerEntry>
          <containerEntry r11="0.6954708" r12="0" r13="-0.7185548" r14="0" r21="0" r22="1" r23="0" r24="0" r31="0.7185548" r32="0" r33="0.6954708" r34="0" r41="-423.94888" r42="-4.096797" r43="173.53285" r44="1"></containerEntry>
          <containerEntry r11="0.72016275" r12="0" r13="0.6938054" r14="0" r21="0" r22="1" r23="0" r24="0" r31="-0.6938054" r32="0" r33="0.72016275" r34="0" r41="-421.4567" r42="-4.096797" r43="238.79417" r44="1"></containerEntry>
          <containerEntry r11="0.46142328" r12="0" r13="-0.8871804" r14="0" r21="0" r22="1" r23="0" r24="0" r31="0.8871804" r32="0" r33="0.46142328" r34="0" r41="-432.57965" r42="-4.096797" r43="247.99011" r44="1"></containerEntry>
          <containerEntry r11="0.6954708" r12="0" r13="-0.7185548" r14="0" r21="0" r22="1" r23="0" r24="0" r31="0.7185548" r32="0" r33="0.6954708" r34="0" r41="-454.43707" r42="-4.096797" r43="160.70195" r44="1"></containerEntry>
          <containerEntry r11="0.73888993" r12="0" r13="0.6738259" r14="0" r21="0" r22="1" r23="0" r24="0" r31="-0.6738259" r32="0" r33="0.73888993" r34="0" r41="-437.03885" r42="-4.096797" r43="147.2735" r44="1"></containerEntry>
          <containerEntry r11="0.73888993" r12="0" r13="0.6738259" r14="0" r21="0" r22="1" r23="0" r24="0" r31="-0.6738259" r32="0" r33="0.73888993" r34="0" r41="-436.26807" r42="-4.096797" r43="162.4792" r44="1"></containerEntry>
          <containerEntry r11="0.083897054" r12="0" r13="-0.9964751" r14="0" r21="0" r22="1" r23="0" r24="0" r31="0.9964751" r32="0" r33="0.083897054" r34="0" r41="-427.14355" r42="-4.096797" r43="237.84038" r44="1"></containerEntry>
          <containerEntry r11="0.25354123" r12="0" r13="-0.9673252" r14="0" r21="0" r22="1" r23="0" r24="0" r31="0.9673252" r32="0" r33="0.25354123" r34="0" r41="-472.49292" r42="-4.096797" r43="185.51756" r44="1"></containerEntry>
          <containerEntry r11="0.10857248" r12="0" r13="-0.9940885" r14="0" r21="0" r22="1" r23="0" r24="0" r31="0.9940885" r32="0" r33="0.10857248" r34="0" r41="-418.8526" r42="-4.096797" r43="204.49637" r44="1"></containerEntry>
          <containerEntry r11="0.23266995" r12="0" r13="-0.9725557" r14="0" r21="0" r22="1" r23="0" r24="0" r31="0.9725557" r32="0" r33="0.23266995" r34="0" r41="-438.50784" r42="-4.113811" r43="190.34279" r44="1"></containerEntry>
          <containerEntry r11="-0.22393656" r12="0" r13="0.97460383" r14="0" r21="0" r22="1" r23="0" r24="0" r31="-0.97460383" r32="0" r33="-0.22393656" r34="0" r41="-436.56506" r42="-4.096797" r43="235.73941" r44="1"></containerEntry>
          <containerEntry r11="-0.64291525" r12="0" r13="-0.76593596" r14="0" r21="0" r22="1" r23="0" r24="0" r31="0.76593596" r32="0" r33="-0.64291525" r34="0" r41="-464.76492" r42="-4.0482903" r43="203.433" r44="1"></containerEntry>
          <containerEntry r11="-0.64291525" r12="0" r13="-0.76593596" r14="0" r21="0" r22="1" r23="0" r24="0" r31="0.76593596" r32="0" r33="-0.64291525" r34="0" r41="-474.05923" r42="-4.0482903" r43="190.1576" r44="1"></containerEntry>
          <containerEntry r11="0.6141048" r12="0" r13="0.78922457" r14="0" r21="0" r22="1" r23="0" r24="0" r31="-0.78922457" r32="0" r33="0.6141048" r34="0" r41="-419.55084" r42="-4.096797" r43="197.82053" r44="1"></containerEntry>
          <containerEntry r11="0.9167639" r12="0" r13="-0.39942956" r14="0" r21="0" r22="1" r23="0" r24="0" r31="0.39942956" r32="0" r33="0.9167639" r34="0" r41="-442.65976" r42="-4.077774" r43="205.08826" r44="1"></containerEntry>
          <containerEntry r11="-0.8740325" r12="0" r13="-0.48586428" r14="0" r21="0" r22="1" r23="0" r24="0" r31="0.48586428" r32="0" r33="-0.8740325" r34="0" r41="-449.04773" r42="-3.9933963" r43="231.12" r44="1"></containerEntry>
          <containerEntry r11="0.6311282" r12="0" r13="-0.77567863" r14="0" r21="0" r22="1" r23="0" r24="0" r31="0.77567863" r32="0" r33="0.6311282" r34="0" r41="-449.9541" r42="-3.9933963" r43="215.71617" r44="1"></containerEntry>
          <containerEntry r11="0.36103004" r12="0" r13="0.93255377" r14="0" r21="0" r22="1" r23="0" r24="0" r31="-0.93255377" r32="0" r33="0.36103004" r34="0" r41="-466.3616" r42="-4.199406" r43="228.05415" r44="1"></containerEntry>
          <containerEntry r11="-0.22935903" r12="0" r13="-0.9733421" r14="0" r21="0" r22="1" r23="0" r24="0" r31="0.9733421" r32="0" r33="-0.22935903" r34="0" r41="-490.46536" r42="-4.126924" r43="179.0309" r44="1"></containerEntry>
          <containerEntry r11="0.3067869" r12="0" r13="0.9517787" r14="0" r21="0" r22="1" r23="0" r24="0" r31="-0.9517787" r32="0" r33="0.3067869" r34="0" r41="-490.72537" r42="-4.126924" r43="185.4229" r44="1"></containerEntry>
          <containerEntry r11="-0.17923331" r12="0" r13="0.9838071" r14="0" r21="0" r22="1" r23="0" r24="0" r31="-0.9838071" r32="0" r33="-0.17923331" r34="0" r41="-491.99173" r42="-4.1166654" r43="192.16447" r44="1"></containerEntry>
          <containerEntry r11="0.45250672" r12="0" r13="-0.89176095" r14="0" r21="0" r22="1" r23="0" r24="0" r31="0.89176095" r32="0" r33="0.45250672" r34="0" r41="-488.41913" r42="-4.126924" r43="174.87009" r44="1"></containerEntry>
          <containerEntry r11="-0.9500321" r12="0" r13="0.31215596" r14="0" r21="0" r22="1" r23="0" r24="0" r31="-0.31215596" r32="0" r33="-0.9500321" r34="0" r41="-477.88226" r42="-4.092017" r43="167.11717" r44="1"></containerEntry>
          <containerEntry r11="0.68586564" r12="0" r13="-0.72772837" r14="0" r21="0" r22="1" r23="0" r24="0" r31="0.72772837" r32="0" r33="0.68586564" r34="0" r41="-472.94904" r42="-4.092017" r43="166.13145" r44="1"></containerEntry>
          <containerEntry r11="-0.5772904" r12="0" r13="-0.8165382" r14="0" r21="0" r22="1" r23="0" r24="0" r31="0.8165382" r32="0" r33="-0.5772904" r34="0" r41="-465.65436" r42="-4.092017" r43="156.86403" r44="1"></containerEntry>
          <containerEntry r11="-0.763766" r12="0.0020485315" r13="0.64548993" r14="0" r21="0.01702866" r22="0.99971086" r23="0.01697621" r24="0" r31="-0.64526856" r32="0.023957679" r33="-0.7635801" r34="0" r41="-455.7432" r42="-4.1454372" r43="150.19844" r44="1"></containerEntry>
          <containerEntry r11="-0.39071897" r12="-0.008974178" r13="0.9204659" r14="0" r21="0.017028676" r22="0.99971086" r23="0.016975114" r24="0" r31="-0.92035216" r32="0.022306824" r33="-0.39045322" r34="0" r41="-451.14984" r42="-4.136166" r43="145.61238" r44="1"></containerEntry>
          <containerEntry r11="-0.30380997" r12="-0.01100178" r13="0.95266944" r14="0" r21="0.017027609" r22="0.9997109" r23="0.016975202" r24="0" r31="-0.95258075" r32="0.021378908" r33="-0.3035348" r34="0" r41="-439.73868" r42="-4.1328883" r43="130.83992" r44="1"></containerEntry>
          <containerEntry r11="-0.13318495" r12="0.019094253" r13="-0.9909078" r14="0" r21="0.017027417" r22="0.9997109" r23="0.016975299" r24="0" r31="0.99094546" r32="-0.014611748" r33="-0.13347155" r34="0" r41="-444.2426" r42="-4.133974" r43="136.11526" r44="1"></containerEntry>
          <containerEntry r11="-0.64291525" r12="0" r13="-0.76593596" r14="0" r21="0" r22="1" r23="0" r24="0" r31="0.76593596" r32="0" r33="-0.64291525" r34="0" r41="-484.0529" r42="-4.229626" r43="202.43428" r44="1"></containerEntry>
          <containerEntry r11="-0.64291525" r12="0" r13="-0.76593596" r14="0" r21="0" r22="1" r23="0" r24="0" r31="0.76593596" r32="0" r33="-0.64291525" r34="0" r41="-480.30313" r42="-4.229626" r43="205.41226" r44="1"></containerEntry>
          <containerEntry r11="-0.64291525" r12="0" r13="-0.76593596" r14="0" r21="0" r22="1" r23="0" r24="0" r31="0.76593596" r32="0" r33="-0.64291525" r34="0" r41="-474.38684" r42="-4.229626" r43="211.97716" r44="1"></containerEntry>
          <containerEntry r11="0.6144228" r12="0" r13="0.78897655" r14="0" r21="0" r22="1" r23="0" r24="0" r31="-0.78897655" r32="0" r33="0.6144228" r34="0" r41="-470.63995" r42="-4.229626" r43="218.60092" r44="1"></containerEntry>
          <containerEntry r11="0.36103004" r12="0" r13="0.93255377" r14="0" r21="0" r22="1" r23="0" r24="0" r31="-0.93255377" r32="0" r33="0.36103004" r34="0" r41="-462.6097" r42="-4.1101403" r43="242.87216" r44="1"></containerEntry>
          <containerEntry r11="0.36103004" r12="0" r13="0.93255377" r14="0" r21="0" r22="1" r23="0" r24="0" r31="-0.93255377" r32="0" r33="0.36103004" r34="0" r41="-461.79614" r42="-4.129741" r43="247.44101" r44="1"></containerEntry>
          <containerEntry r11="0.77622354" r12="0" r13="0.63045794" r14="0" r21="0" r22="1" r23="0" r24="0" r31="-0.63045794" r32="0" r33="0.77622354" r34="0" r41="-446.52762" r42="-3.9933963" r43="238.45117" r44="1"></containerEntry>
          <containerEntry r11="0.77622354" r12="0" r13="0.63045794" r14="0" r21="0" r22="1" r23="0" r24="0" r31="-0.63045794" r32="0" r33="0.77622354" r34="0" r41="-443.87076" r42="-3.9933963" r43="243.60104" r44="1"></containerEntry>
          <containerEntry r11="-0.06718457" r12="0" r13="0.99773985" r14="0" r21="0" r22="1" r23="0" r24="0" r31="-0.99773985" r32="0" r33="-0.06718457" r34="0" r41="-455.25757" r42="-4.004189" r43="177.80873" r44="1"></containerEntry>
          <containerEntry r11="-0.6640316" r12="0" r13="0.747705" r14="0" r21="0" r22="1" r23="0" r24="0" r31="-0.747705" r32="0" r33="-0.6640316" r34="0" r41="-441.33978" r42="-4.096797" r43="164.72662" r44="1"></containerEntry>
          <containerEntry r11="0.56822306" r12="0" r13="-0.82287484" r14="0" r21="0" r22="1" r23="0" r24="0" r31="0.82287484" r32="0" r33="0.56822306" r34="0" r41="-446.45065" r42="-4.096797" r43="169.03645" r44="1"></containerEntry>
          <containerEntry r11="-0.12671673" r12="0" r13="0.9919395" r14="0" r21="0" r22="1" r23="0" r24="0" r31="-0.9919395" r32="0" r33="-0.12671673" r34="0" r41="-437.23285" r42="-4.10293" r43="217.93178" r44="1"></containerEntry>
        </property>
        <property name="colors" type="UInt32" container="DynamicArray" arraySize="51">
          <containerEntry>4294967295</containerEntry>
          <containerEntry>4294967295</containerEntry>
          <containerEntry>4294967295</containerEntry>
          <containerEntry>4294967295</containerEntry>
          <containerEntry>4294967295</containerEntry>
          <containerEntry>4294967295</containerEntry>
          <containerEntry>4294967295</containerEntry>
          <containerEntry>4294967295</containerEntry>
          <containerEntry>4294967295</containerEntry>
          <containerEntry>4294967295</containerEntry>
          <containerEntry>4294967295</containerEntry>
          <containerEntry>4294967295</containerEntry>
          <containerEntry>4294967295</containerEntry>
          <containerEntry>4294967295</containerEntry>
          <containerEntry>4294967295</containerEntry>
          <containerEntry>4294967295</containerEntry>
          <containerEntry>4294967295</containerEntry>
          <containerEntry>4294967295</containerEntry>
          <containerEntry>4294967295</containerEntry>
          <containerEntry>4294967295</containerEntry>
          <containerEntry>4294967295</containerEntry>
          <containerEntry>4294967295</containerEntry>
          <containerEntry>4294967295</containerEntry>
          <containerEntry>4294967295</containerEntry>
          <containerEntry>4294967295</containerEntry>
          <containerEntry>4294967295</containerEntry>
          <containerEntry>4294967295</containerEntry>
          <containerEntry>4294967295</containerEntry>
          <containerEntry>4294967295</containerEntry>
          <containerEntry>4294967295</containerEntry>
          <containerEntry>4294967295</containerEntry>
          <containerEntry>4294967295</containerEntry>
          <containerEntry>4294967295</containerEntry>
          <containerEntry>4294967295</containerEntry>
          <containerEntry>4294967295</containerEntry>
          <containerEntry>4294967295</containerEntry>
          <containerEntry>4294967295</containerEntry>
          <containerEntry>4294967295</containerEntry>
          <containerEntry>4294967295</containerEntry>
          <containerEntry>4294967295</containerEntry>
          <containerEntry>4294967295</containerEntry>
          <containerEntry>4294967295</containerEntry>
          <containerEntry>4294967295</containerEntry>
          <containerEntry>4294967295</containerEntry>
          <containerEntry>4294967295</containerEntry>
          <containerEntry>4294967295</containerEntry>
          <containerEntry>4294967295</containerEntry>
          <containerEntry>4294967295</containerEntry>
          <containerEntry>4294967295</containerEntry>
          <containerEntry>4294967295</containerEntry>
          <containerEntry>4294967295</containerEntry>
        </property>
      </staticProperties>
      <dynamicProperties></dynamicProperties>
    </entity>
    <entity class="StaticModelArray" classVersion="4" classID="0xD0" addr="0x317FB30" id="0x0">
      <staticProperties>
        <property name="name" type="String" container="StaticArray" arraySize="1">
          <containerEntry>StaticModelArray0005</containerEntry>
        </property>
        <property name="dataSet" type="EntityHandle" container="StaticArray" arraySize="1">
          <containerEntry>0x32F46F0</containerEntry>
        </property>
        <property name="modelFile" type="FilePtr" container="StaticArray" arraySize="1">
          <containerEntry>/Assets/tpp/environ/object/middle_africa/mud/mafr_mudd003/scenes/mafr_mudd003_grnd001.fmdl</containerEntry>
        </property>
        <property name="geomFile" type="FilePtr" container="StaticArray" arraySize="1">
          <containerEntry>/Assets/tpp/environ/object/middle_africa/mud/mafr_mudd003/scenes/mafr_mudd003_grnd001.geom</containerEntry>
        </property>
        <property name="isVisibleGeom" type="Bool" container="StaticArray" arraySize="1">
          <containerEntry>false</containerEntry>
        </property>
        <property name="lodFarSize" type="Float" container="StaticArray" arraySize="1">
          <containerEntry>-1</containerEntry>
        </property>
        <property name="lodNearSize" type="Float" container="StaticArray" arraySize="1">
          <containerEntry>-1</containerEntry>
        </property>
        <property name="lodPolygonSize" type="Float" container="StaticArray" arraySize="1">
          <containerEntry>-1</containerEntry>
        </property>
        <property name="drawRejectionLevel" type="Int32" container="StaticArray" arraySize="1">
          <containerEntry>8</containerEntry>
        </property>
        <property name="drawMode" type="Int32" container="StaticArray" arraySize="1">
          <containerEntry>0</containerEntry>
        </property>
        <property name="rejectFarRangeShadowCast" type="Int32" container="StaticArray" arraySize="1">
          <containerEntry>2</containerEntry>
        </property>
        <property name="parentLocator" type="EntityLink" container="StaticArray" arraySize="1">
          <containerEntry packagePathHash="0xB8A0BF169F98" archivePathHash="0xB8A0BF169F98" nameInArchiveHash="0xB8A0BF169F98">0x0</containerEntry>
        </property>
        <property name="transforms" type="Matrix4" container="DynamicArray" arraySize="26">
          <containerEntry r11="-0.924981" r12="0" r13="0.38001198" r14="0" r21="0" r22="1" r23="0" r24="0" r31="-0.38001198" r32="0" r33="-0.924981" r34="0" r41="-417.84772" r42="-3.9207702" r43="161.20738" r44="1"></containerEntry>
          <containerEntry r11="0.988486" r12="0" r13="-0.1513125" r14="0" r21="0" r22="1" r23="0" r24="0" r31="0.1513125" r32="0" r33="0.988486" r34="0" r41="-423.78995" r42="-3.9207702" r43="141.60672" r44="1"></containerEntry>
          <containerEntry r11="0.9519444" r12="0" r13="-0.3062708" r14="0" r21="0" r22="1" r23="0" r24="0" r31="0.3062708" r32="0" r33="0.9519444" r34="0" r41="-413.01913" r42="-3.9207702" r43="146.73488" r44="1"></containerEntry>
          <containerEntry r11="0.69010925" r12="0" r13="-0.7237056" r14="0" r21="0" r22="1" r23="0" r24="0" r31="0.7237056" r32="0" r33="0.69010925" r34="0" r41="-418.2661" r42="-3.9207702" r43="174.86775" r44="1"></containerEntry>
          <containerEntry r11="-0.4676504" r12="0" r13="0.883913" r14="0" r21="0" r22="1" r23="0" r24="0" r31="-0.883913" r32="0" r33="-0.4676504" r34="0" r41="-403.12357" r42="-3.7919784" r43="197.41019" r44="1"></containerEntry>
          <containerEntry r11="0.45704925" r12="0" r13="-0.8894419" r14="0" r21="0" r22="1" r23="0" r24="0" r31="0.8894419" r32="0" r33="0.45704925" r34="0" r41="-401.13358" r42="-3.9207702" r43="182.03519" r44="1"></containerEntry>
          <containerEntry r11="-0.714252" r12="0" r13="0.6998872" r14="0" r21="0" r22="1" r23="0" r24="0" r31="-0.6998872" r32="0" r33="-0.714252" r34="0" r41="-398.37436" r42="-3.9207702" r43="176.57353" r44="1"></containerEntry>
          <containerEntry r11="-0.025715828" r12="0" r13="0.99966985" r14="0" r21="0" r22="1" r23="0" r24="0" r31="-0.99966985" r32="0" r33="-0.025715828" r34="0" r41="-405.76678" r42="-3.9207702" r43="223.62158" r44="1"></containerEntry>
          <containerEntry r11="-0.45767915" r12="0" r13="0.88911635" r14="0" r21="0" r22="1" r23="0" r24="0" r31="-0.88911635" r32="0" r33="-0.45767915" r34="0" r41="-402.07968" r42="-3.9207702" r43="232.54063" r44="1"></containerEntry>
          <containerEntry r11="0.41768962" r12="0" r13="-0.90858954" r14="0" r21="0" r22="1" r23="0" r24="0" r31="0.90858954" r32="0" r33="0.41768962" r34="0" r41="-394.82858" r42="-3.9207702" r43="225.36066" r44="1"></containerEntry>
          <containerEntry r11="-0.22135937" r12="0" r13="-0.9751918" r14="0" r21="0" r22="1" r23="0" r24="0" r31="0.9751918" r32="0" r33="-0.22135937" r34="0" r41="-390.2226" r42="-3.9207702" r43="236.30975" r44="1"></containerEntry>
          <containerEntry r11="0.530031" r12="0.0066525713" r13="-0.8479517" r14="0" r21="-0.009496966" r22="0.9999531" r23="0.0019088048" r24="0" r31="0.84792465" r32="0.007041251" r33="0.53006935" r34="0" r41="-396.62625" r42="-3.9207702" r43="213.4643" r44="1"></containerEntry>
          <containerEntry r11="0.530031" r12="0.0066525713" r13="-0.8479517" r14="0" r21="-0.009496966" r22="0.9999531" r23="0.0019088048" r24="0" r31="0.84792465" r32="0.007041251" r33="0.53006935" r34="0" r41="-394.54288" r42="-3.9207702" r43="202.87163" r44="1"></containerEntry>
          <containerEntry r11="0.8889139" r12="0.0093173245" r13="-0.45797962" r14="0" r21="-0.009497344" r22="0.9999531" r23="0.0019096199" r24="0" r31="0.45797592" r32="0.0026520996" r33="0.8889607" r34="0" r41="-391.28308" r42="-3.9207702" r43="183.62683" r44="1"></containerEntry>
          <containerEntry r11="0.87775666" r12="0" r13="-0.4791066" r14="0" r21="0" r22="1" r23="0" r24="0" r31="0.4791066" r32="0" r33="0.87775666" r34="0" r41="-386.27365" r42="-3.9207702" r43="141.21338" r44="1"></containerEntry>
          <containerEntry r11="0.8889139" r12="0.0093173245" r13="-0.45797962" r14="0" r21="-0.009497344" r22="0.9999531" r23="0.0019096199" r24="0" r31="0.45797592" r32="0.0026520996" r33="0.8889607" r34="0" r41="-385.25934" r42="-3.9207702" r43="171.52313" r44="1"></containerEntry>
          <containerEntry r11="0.8889139" r12="0.0093173245" r13="-0.45797962" r14="0" r21="-0.009497344" r22="0.9999531" r23="0.0019096199" r24="0" r31="0.45797592" r32="0.0026520996" r33="0.8889607" r34="0" r41="-382.6662" r42="-3.9207702" r43="161.4477" r44="1"></containerEntry>
          <containerEntry r11="-0.61096215" r12="0" r13="0.7916598" r14="0" r21="0" r22="1" r23="0" r24="0" r31="-0.7916598" r32="0" r33="-0.61096215" r34="0" r41="-401.98935" r42="-3.7919784" r43="193.71562" r44="1"></containerEntry>
