<fox formatVersion="2" fileVersion="0">
  <entities>
    <entity class="DataSet" classVersion="0" classID="0xE8" addr="0x3351C10" id="0xAD399D">
      <staticProperties>
        <property name="name" type="String" container="StaticArray" arraySize="1">
          <containerEntry hash="0xB8A0BF169F98"></containerEntry>
        </property>
        <property name="dataSet" type="EntityHandle" container="StaticArray" arraySize="1">
          <containerEntry>0x0</containerEntry>
        </property>
        <property name="dataList" type="EntityPtr" container="StringMap" arraySize="6">
          <containerEntry key="StaticModelArray0000">
            <data>0x317AE30</data>
          </containerEntry>
          <containerEntry key="StaticModelArray0001">
            <data>0x317AEA0</data>
          </containerEntry>
          <containerEntry key="StaticModelArray0002">
            <data>0x317AF80</data>
          </containerEntry>
          <containerEntry key="StaticModelArray0003">
            <data>0x317AF10</data>
          </containerEntry>
          <containerEntry key="StaticModelArray0004">
            <data>0x33520E0</data>
          </containerEntry>
          <containerEntry key="TexturePackLoadConditioner0000">
            <data>0x317B760</data>
          </containerEntry>
        </property>
      </staticProperties>
      <dynamicProperties></dynamicProperties>
    </entity>
    <entity class="StaticModelArray" classVersion="4" classID="0xD0" addr="0x317AE30" id="0x0">
      <staticProperties>
        <property name="name" type="String" container="StaticArray" arraySize="1">
          <containerEntry>StaticModelArray0000</containerEntry>
        </property>
        <property name="dataSet" type="EntityHandle" container="StaticArray" arraySize="1">
          <containerEntry>0x3351C10</containerEntry>
        </property>
        <property name="modelFile" type="FilePtr" container="StaticArray" arraySize="1">
          <containerEntry>/Assets/tpp/environ/object/middle_africa/cliff/mafr_clff003/scenes/mafr_clff003_vrtn001.fmdl</containerEntry>
        </property>
        <property name="geomFile" type="FilePtr" container="StaticArray" arraySize="1">
          <containerEntry>/Assets/tpp/environ/object/middle_africa/cliff/mafr_clff003/scenes/mafr_clff003_vrtn001.geom</containerEntry>
        </property>
        <property name="isVisibleGeom" type="Bool" container="StaticArray" arraySize="1">
          <containerEntry>false</containerEntry>
        </property>
        <property name="lodFarSize" type="Float" container="StaticArray" arraySize="1">
          <containerEntry>-1</containerEntry>
        </property>
        <property name="lodNearSize" type="Float" container="StaticArray" arraySize="1">
          <containerEntry>-1</containerEntry>
        </property>
        <property name="lodPolygonSize" type="Float" container="StaticArray" arraySize="1">
          <containerEntry>-1</containerEntry>
        </property>
        <property name="drawRejectionLevel" type="Int32" container="StaticArray" arraySize="1">
          <containerEntry>8</containerEntry>
        </property>
        <property name="drawMode" type="Int32" container="StaticArray" arraySize="1">
          <containerEntry>0</containerEntry>
        </property>
        <property name="rejectFarRangeShadowCast" type="Int32" container="StaticArray" arraySize="1">
          <containerEntry>2</containerEntry>
        </property>
        <property name="parentLocator" type="EntityLink" container="StaticArray" arraySize="1">
          <containerEntry packagePathHash="0xB8A0BF169F98" archivePathHash="0xB8A0BF169F98" nameInArchiveHash="0xB8A0BF169F98">0x0</containerEntry>
        </property>
        <property name="transforms" type="Matrix4" container="DynamicArray" arraySize="5">
          <containerEntry r11="-0.38028264" r12="0.11813395" r13="0.63555527" r14="0" r21="0.45387357" r22="0.5738501" r23="0.16490905" r24="0" r31="-0.46030954" r32="0.46823135" r33="-0.36245763" r34="0" r41="2242.9106" r42="-8.24547" r43="1145.0286" r44="1"></containerEntry>
          <containerEntry r11="-0.32935607" r12="-0.04557033" r13="-0.6722695" r14="0" r21="-0.3439257" r22="0.6548377" r23="0.124106705" r24="0" r31="0.5794291" r32="0.3627819" r33="-0.30846334" r34="0" r41="2220.1184" r42="-5.000975" r43="1145.6282" r44="1"></containerEntry>
          <containerEntry r11="0.8794005" r12="-0.0015724674" r13="-0.47608033" r14="0" r21="0.072682336" r22="0.98871565" r23="0.13099095" r24="0" r31="0.4705021" r32="-0.14979613" r33="0.86959136" r34="0" r41="2195.4592" r42="13.839568" r43="1126.2224" r44="1"></containerEntry>
          <containerEntry r11="0.47320133" r12="0.76799953" r13="-0.43157503" r14="0" r21="-0.12463659" r22="0.5433314" r23="0.83021474" r24="0" r31="0.87209284" r32="-0.33906862" r33="0.35282612" r34="0" r41="2190.608" r42="8.860666" r43="1130.2736" r44="1"></containerEntry>
          <containerEntry r11="-0.907776" r12="0.16040587" r13="0.3875658" r14="0" r21="0.31646514" r22="-0.3445146" r23="0.8838301" r24="0" r31="0.27529454" r32="0.92497337" r33="0.2619828" r34="0" r41="2200.4321" r42="10.854192" r43="1124.3872" r44="1"></containerEntry>
        </property>
        <property name="colors" type="UInt32" container="DynamicArray" arraySize="5">
          <containerEntry>4294967295</containerEntry>
          <containerEntry>4294967295</containerEntry>
          <containerEntry>4294967295</containerEntry>
          <containerEntry>4294967295</containerEntry>
          <containerEntry>4294967295</containerEntry>
        </property>
      </staticProperties>
      <dynamicProperties></dynamicProperties>
    </entity>
    <entity class="StaticModelArray" classVersion="4" classID="0xD0" addr="0x317AEA0" id="0x0">
      <staticProperties>
        <property name="name" type="String" container="StaticArray" arraySize="1">
          <containerEntry>StaticModelArray0001</containerEntry>
        </property>
        <property name="dataSet" type="EntityHandle" container="StaticArray" arraySize="1">
          <containerEntry>0x3351C10</containerEntry>
        </property>
        <property name="modelFile" type="FilePtr" container="StaticArray" arraySize="1">
          <containerEntry>/Assets/tpp/environ/object/middle_africa/cliff/mafr_clff015/scenes/mafr_clff015_wall002.fmdl</containerEntry>
        </property>
        <property name="geomFile" type="FilePtr" container="StaticArray" arraySize="1">
          <containerEntry>/Assets/tpp/environ/object/middle_africa/cliff/mafr_clff015/scenes/mafr_clff015_wall002.geom</containerEntry>
        </property>
        <property name="isVisibleGeom" type="Bool" container="StaticArray" arraySize="1">
          <containerEntry>false</containerEntry>
        </property>
        <property name="lodFarSize" type="Float" container="StaticArray" arraySize="1">
          <containerEntry>-1</containerEntry>
        </property>
        <property name="lodNearSize" type="Float" container="StaticArray" arraySize="1">
          <containerEntry>-1</containerEntry>
        </property>
        <property name="lodPolygonSize" type="Float" container="StaticArray" arraySize="1">
          <containerEntry>-1</containerEntry>
        </property>
        <property name="drawRejectionLevel" type="Int32" container="StaticArray" arraySize="1">
          <containerEntry>8</containerEntry>
        </property>
        <property name="drawMode" type="Int32" container="StaticArray" arraySize="1">
          <containerEntry>0</containerEntry>
        </property>
        <property name="rejectFarRangeShadowCast" type="Int32" container="StaticArray" arraySize="1">
          <containerEntry>2</containerEntry>
        </property>
        <property name="parentLocator" type="EntityLink" container="StaticArray" arraySize="1">
          <containerEntry packagePathHash="0xB8A0BF169F98" archivePathHash="0xB8A0BF169F98" nameInArchiveHash="0xB8A0BF169F98">0x0</containerEntry>
        </property>
        <property name="transforms" type="Matrix4" container="DynamicArray" arraySize="5">
          <containerEntry r11="-0.7357204" r12="-0.03574734" r13="0.6763386" r14="0" r21="-0.020889925" r22="0.99932873" r23="0.030094605" r24="0" r31="-0.6769604" r32="0.00801259" r33="-0.73597324" r34="0" r41="2205.411" r42="2.491931" r43="1094.6471" r44="1"></containerEntry>
          <containerEntry r11="-0.79221475" r12="0.011633437" r13="0.6101256" r14="0" r21="-0.0037770392" r22="0.9997057" r23="-0.023965923" r24="0" r31="-0.6102248" r32="-0.021290718" r33="-0.7919376" r34="0" r41="2258.773" r42="0.280733" r43="1042.3273" r44="1"></containerEntry>
          <containerEntry r11="0.9523441" r12="0" r13="-0.3050256" r14="0" r21="0" r22="1" r23="0" r24="0" r31="0.3050256" r32="0" r33="0.9523441" r34="0" r41="2307.8245" r42="-10.48061" r43="1070.529" r44="1"></containerEntry>
          <containerEntry r11="0.5594287" r12="0" r13="-0.82887906" r14="0" r21="0" r22="1" r23="0" r24="0" r31="0.82887906" r32="0" r33="0.5594287" r34="0" r41="2268.681" r42="-11.470557" r43="1100.7356" r44="1"></containerEntry>
          <containerEntry r11="-0.98557156" r12="0.117620274" r13="0.12171363" r14="0" r21="0.11965473" r22="0.99276996" r23="0.009517582" r24="0" r31="-0.11971418" r32="0.02394387" r33="-0.9925197" r34="0" r41="2226.116" r42="-8.295937" r43="1117.8182" r44="1"></containerEntry>
        </property>
        <property name="colors" type="UInt32" container="DynamicArray" arraySize="5">
          <containerEntry>4294967295</containerEntry>
          <containerEntry>4294967295</containerEntry>
          <containerEntry>4294967295</containerEntry>
          <containerEntry>4294967295</containerEntry>
          <containerEntry>4294967295</containerEntry>
        </property>
      </staticProperties>
      <dynamicProperties></dynamicProperties>
    </entity>
    <entity class="StaticModelArray" classVersion="4" classID="0xD0" addr="0x317AF80" id="0x0">
      <staticProperties>
        <property name="name" type="String" container="StaticArray" arraySize="1">
          <containerEntry>StaticModelArray0002</containerEntry>
        </property>
        <property name="dataSet" type="EntityHandle" container="StaticArray" arraySize="1">
          <containerEntry>0x3351C10</containerEntry>
        </property>
        <property name="modelFile" type="FilePtr" container="StaticArray" arraySize="1">
          <containerEntry>/Assets/tpp/environ/object/middle_africa/rock/mafr_rock010/scenes/mafr_rock010.fmdl</containerEntry>
        </property>
        <property name="geomFile" type="FilePtr" container="StaticArray" arraySize="1">
          <containerEntry>/Assets/tpp/environ/object/middle_africa/rock/mafr_rock010/scenes/mafr_rock010.geom</containerEntry>
        </property>
        <property name="isVisibleGeom" type="Bool" container="StaticArray" arraySize="1">
          <containerEntry>false</containerEntry>
        </property>
        <property name="lodFarSize" type="Float" container="StaticArray" arraySize="1">
          <containerEntry>-1</containerEntry>
        </property>
        <property name="lodNearSize" type="Float" container="StaticArray" arraySize="1">
          <containerEntry>-1</containerEntry>
        </property>
        <property name="lodPolygonSize" type="Float" container="StaticArray" arraySize="1">
          <containerEntry>-1</containerEntry>
        </property>
        <property name="drawRejectionLevel" type="Int32" container="StaticArray" arraySize="1">
          <containerEntry>8</containerEntry>
        </property>
        <property name="drawMode" type="Int32" container="StaticArray" arraySize="1">
          <containerEntry>0</containerEntry>
        </property>
        <property name="rejectFarRangeShadowCast" type="Int32" container="StaticArray" arraySize="1">
          <containerEntry>2</containerEntry>
        </property>
        <property name="parentLocator" type="EntityLink" container="StaticArray" arraySize="1">
          <containerEntry packagePathHash="0xB8A0BF169F98" archivePathHash="0xB8A0BF169F98" nameInArchiveHash="0xB8A0BF169F98">0x0</containerEntry>
        </property>
        <property name="transforms" type="Matrix4" container="DynamicArray" arraySize="17">
          <containerEntry r11="0.9905628" r12="-0.13022341" r13="-0.042745244" r14="0" r21="0.13022341" r22="0.79695034" r23="0.5898405" r24="0" r31="-0.042745244" r32="-0.5898405" r33="0.80638754" r34="0" r41="2190.5762" r42="2.820813" r43="1137.6262" r44="1"></containerEntry>
          <containerEntry r11="-0.9365788" r12="-0.0019181613" r13="-0.35044253" r14="0" r21="0.054957286" r22="0.98680854" r23="-0.15227826" r24="0" r31="0.34611177" r32="-0.16188048" r33="-0.92411846" r34="0" r41="2217.291" r42="-2.717782" r43="1144.2421" r44="1"></containerEntry>
          <containerEntry r11="-0.32257253" r12="0.6860297" r13="-0.65215564" r14="0" r21="0.20067213" r22="0.72289085" r23="0.6611799" r24="0" r31="0.92502666" r32="0.08240992" r33="-0.37085152" r34="0" r41="2184.7297" r42="4.917275" r43="1137.3297" r44="1"></containerEntry>
          <containerEntry r11="0.9965254" r12="-0.08311683" r13="0.00536076" r14="0" r21="0.08311683" r22="0.9882546" r23="-0.12823574" r24="0" r31="0.00536076" r32="0.12823574" r33="0.9917292" r34="0" r41="2292.5989" r42="-7.590856" r43="1142.248" r44="1"></containerEntry>
          <containerEntry r11="0.06592198" r12="-0.10785948" r13="-0.99197686" r14="0" r21="-0.026160344" r22="0.99361205" r23="-0.10977559" r24="0" r31="0.9974805" r32="0.033186976" r33="0.06267923" r34="0" r41="2300.8657" r42="-8.090657" r43="1139.5714" r44="1"></containerEntry>
          <containerEntry r11="0.7272839" r12="-0.35235897" r13="-0.5889826" r14="0" r21="0.22739187" r22="0.93339294" r23="-0.27761555" r24="0" r31="0.64757264" r32="0.067975186" r33="0.7589654" r34="0" r41="2217.5774" r42="-2.258353" r43="1148.6525" r44="1"></containerEntry>
          <containerEntry r11="0.9903806" r12="-0.10009795" r13="0.09553355" r14="0" r21="0.13203534" r22="0.9135011" r23="-0.41164187" r24="0" r31="-0.045581013" r32="0.4158764" r33="0.9082779" r34="0" r41="2195.609" r42="2.5154757" r43="1146.4174" r44="1"></containerEntry>
          <containerEntry r11="-0.6557536" r12="-0.10903326" r13="-0.74705577" r14="0" r21="-0.48837343" r22="0.81586206" r23="0.3096124" r24="0" r31="0.57573605" r32="0.5678734" r33="-0.5882529" r34="0" r41="2296.8867" r42="-9.520288" r43="1110.1935" r44="1"></containerEntry>
          <containerEntry r11="0.7623304" r12="0.0011730641" r13="0.64718646" r14="0" r21="0.23321483" r22="0.9323174" r23="-0.27639648" r24="0" r31="-0.6037074" r32="0.36163905" r33="0.7104603" r34="0" r41="2260.6675" r42="-8.243782" r43="1142.2367" r44="1"></containerEntry>
          <containerEntry r11="0.88717794" r12="0.035870288" r13="0.46003044" r14="0" r21="0.12167446" r22="0.943502" r23="-0.30821902" r24="0" r31="-0.44509548" r32="0.32941914" r33="0.8326897" r34="0" r41="2208.594" r42="-0.369654" r43="1146.0062" r44="1"></containerEntry>
          <containerEntry r11="-0.91234136" r12="0.042510044" r13="0.4072076" r14="0" r21="0.117264345" r22="0.98005885" r23="0.16041721" r24="0" r31="-0.39226806" r32="0.19410695" r33="-0.899133" r34="0" r41="2207.3118" r42="-0.369654" r43="1148.2716" r44="1"></containerEntry>
          <containerEntry r11="0.71775526" r12="-0.2645771" r13="0.64406997" r14="0" r21="0.29811728" r22="0.9526958" r23="0.059133735" r24="0" r31="-0.6292482" r32="0.1495649" r33="0.76267743" r34="0" r41="2274.2393" r42="-8.020566" r43="1109.9248" r44="1"></containerEntry>
          <containerEntry r11="-0.72524714" r12="-0.2990177" r13="0.62016344" r14="0" r21="-0.059583962" r22="0.924643" r23="0.37614486" r24="0" r31="-0.6859038" r32="0.23584661" r33="-0.6884113" r34="0" r41="2283.1182" r42="-8.825234" r43="1117.1731" r44="1"></containerEntry>
          <containerEntry r11="-0.60734963" r12="0.38131052" r13="0.69694114" r14="0" r21="0.71045166" r22="0.65327555" r23="0.26170403" r24="0" r31="-0.35550392" r32="0.65408933" r33="-0.66766924" r34="0" r41="2277.9329" r42="-6.11664" r43="1098.0955" r44="1"></containerEntry>
          <containerEntry r11="0.7954355" r12="-0.114971876" r13="-0.5950321" r14="0" r21="0.27251685" r22="0.94483095" r23="0.18173866" r24="0" r31="0.54130983" r32="-0.30671784" r33="0.7828839" r34="0" r41="2280.8137" r42="-7.304404" r43="1093.2604" r44="1"></containerEntry>
          <containerEntry r11="-0.705923" r12="-0.018344745" r13="0.7080479" r14="0" r21="-0.21023776" r22="0.96003824" r23="-0.1847337" r24="0" r31="-0.6763641" r32="-0.27926677" r33="-0.6815698" r34="0" r41="2292.5508" r42="-9.224091" r43="1096.1993" r44="1"></containerEntry>
          <containerEntry r11="0.67646384" r12="0.13839735" r13="-0.72335476" r14="0" r21="0.055161003" r22="0.9699048" r23="0.23715395" r24="0" r31="0.73440665" r32="-0.20032698" r33="0.64847136" r34="0" r41="2299.513" r42="-9.369673" r43="1084.6638" r44="1"></containerEntry>
        </property>
        <property name="colors" type="UInt32" container="DynamicArray" arraySize="17">
          <containerEntry>4294967295</containerEntry>
          <containerEntry>4294967295</containerEntry>
          <containerEntry>4294967295</containerEntry>
          <containerEntry>4294967295</containerEntry>
          <containerEntry>4294967295</containerEntry>
          <containerEntry>4294967295</containerEntry>
          <containerEntry>4294967295</containerEntry>
          <containerEntry>4294967295</containerEntry>
          <containerEntry>4294967295</containerEntry>
          <containerEntry>4294967295</containerEntry>
          <containerEntry>4294967295</containerEntry>
          <containerEntry>4294967295</containerEntry>
          <containerEntry>4294967295</containerEntry>
          <containerEntry>4294967295</containerEntry>
          <containerEntry>4294967295</containerEntry>
          <containerEntry>4294967295</containerEntry>
          <containerEntry>4294967295</containerEntry>
        </property>
      </staticProperties>
      <dynamicProperties></dynamicProperties>
    </entity>
    <entity class="StaticModelArray" classVersion="4" classID="0xD0" addr="0x317AF10" id="0x0">
      <staticProperties>
        <property name="name" type="String" container="StaticArray" arraySize="1">
          <containerEntry>StaticModelArray0003</containerEntry>
        </property>
        <property name="dataSet" type="EntityHandle" container="StaticArray" arraySize="1">
          <containerEntry>0x3351C10</containerEntry>
        </property>
        <property name="modelFile" type="FilePtr" container="StaticArray" arraySize="1">
          <containerEntry>/Assets/tpp/environ/object/middle_africa/rock/mafr_rock002/scenes/mafr_rock002.fmdl</containerEntry>
        </property>
        <property name="geomFile" type="FilePtr" container="StaticArray" arraySize="1">
          <containerEntry>/Assets/tpp/environ/object/middle_africa/rock/mafr_rock002/scenes/mafr_rock002.geom</containerEntry>
        </property>
        <property name="isVisibleGeom" type="Bool" container="StaticArray" arraySize="1">
          <containerEntry>false</containerEntry>
        </property>
        <property name="lodFarSize" type="Float" container="StaticArray" arraySize="1">
          <containerEntry>-1</containerEntry>
        </property>
        <property name="lodNearSize" type="Float" container="StaticArray" arraySize="1">
          <containerEntry>-1</containerEntry>
        </property>
        <property name="lodPolygonSize" type="Float" container="StaticArray" arraySize="1">
          <containerEntry>-1</containerEntry>
        </property>
        <property name="drawRejectionLevel" type="Int32" container="StaticArray" arraySize="1">
          <containerEntry>8</containerEntry>
        </property>
        <property name="drawMode" type="Int32" container="StaticArray" arraySize="1">
          <containerEntry>0</containerEntry>
        </property>
        <property name="rejectFarRangeShadowCast" type="Int32" container="StaticArray" arraySize="1">
          <containerEntry>2</containerEntry>
        </property>
        <property name="parentLocator" type="EntityLink" container="StaticArray" arraySize="1">
          <containerEntry packagePathHash="0xB8A0BF169F98" archivePathHash="0xB8A0BF169F98" nameInArchiveHash="0xB8A0BF169F98">0x0</containerEntry>
        </property>
        <property name="transforms" type="Matrix4" container="DynamicArray" arraySize="11">
          <containerEntry r11="0.3174832" r12="-0.04187676" r13="0.94733846" r14="0" r21="0.162214" r22="0.9866971" r23="-0.010746419" r24="0" r31="-0.9342861" r32="0.15708344" r33="0.32005274" r34="0" r41="2194.711" r42="2.963077" r43="1142.5236" r44="1"></containerEntry>
          <containerEntry r11="0.17388816" r12="0.02568734" r13="-0.9844272" r14="0" r21="-0.01110078" r22="0.9996473" r23="0.02412364" r24="0" r31="0.9846997" r32="0.006733134" r33="0.17411196" r34="0" r41="2290.8176" r42="-6.592603" r43="1137.8364" r44="1"></containerEntry>
          <containerEntry r11="-0.03132545" r12="0.025686946" r13="0.9991766" r14="0" r21="0.007536526" r22="0.9996474" r23="-0.025462754" r24="0" r31="-0.99947834" r32="0.0067326813" r33="-0.031507965" r34="0" r41="2280.14" r42="-7.656342" r43="1137.8364" r44="1"></containerEntry>
          <containerEntry r11="-0.19189267" r12="-0.033698544" r13="-0.98083717" r14="0" r21="0.06443408" r22="0.9968214" r23="-0.046853714" r24="0" r31="0.9792984" r32="-0.07219023" r33="-0.18911141" r34="0" r41="2198.468" r42="2.963077" r43="1145.6185" r44="1"></containerEntry>
          <containerEntry r11="-0.078308165" r12="-0.07937822" r13="-0.9937633" r14="0" r21="-0.057305127" r22="0.99553525" r23="-0.0750043" r24="0" r31="0.99528015" r32="0.051074304" r33="-0.08250733" r34="0" r41="2239.6204" r42="-5.008612" r43="1140.4421" r44="1"></containerEntry>
          <containerEntry r11="0.28095913" r12="0.026999524" r13="-0.9593379" r14="0" r21="-0.00037765037" r22="0.9996072" r23="0.028022263" r24="0" r31="0.9597177" r32="-0.007510821" r33="0.28085896" r34="0" r41="2269.1138" r42="-7.489261" r43="1113.4236" r44="1"></containerEntry>
          <containerEntry r11="-0.9809752" r12="-0.00175057" r13="-0.19411552" r14="0" r21="0.020140974" r22="0.99364483" r23="-0.11074457" r24="0" r31="0.19307575" r32="-0.11254734" r33="-0.97470564" r34="0" r41="2261.047" r42="-6.943885" r43="1139.2032" r44="1"></containerEntry>
          <containerEntry r11="0.7023271" r12="-0.043719962" r13="-0.7105104" r14="0" r21="0.108982444" r22="0.9929495" r23="0.046627875" r24="0" r31="0.70346236" r32="-0.1101812" r33="0.7021401" r34="0" r41="2199.6135" r42="19.065615" r43="1120.6683" r44="1"></containerEntry>
          <containerEntry r11="0.82265884" r12="-0.038800888" r13="0.5672059" r14="0" r21="0.10739185" r22="0.99031335" r23="-0.0880135" r24="0" r31="-0.55829656" r32="0.13331841" r33="0.81885695" r34="0" r41="2296.7332" r42="-8.78373" r43="1114.2542" r44="1"></containerEntry>
          <containerEntry r11="-0.73875624" r12="0.05049704" r13="-0.6720727" r14="0" r21="0.1569387" r22="0.9826663" r23="-0.09867669" r24="0" r31="0.65544033" r32="-0.17837253" r33="-0.73387575" r34="0" r41="2275.7566" r42="-7.032634" r43="1144.9103" r44="1"></containerEntry>
          <containerEntry r11="-0.014002454" r12="0.013680773" r13="-0.99980515" r14="0" r21="0.10934068" r22="0.99393106" r23="0.01206892" r24="0" r31="0.9939025" r32="-0.1091505" r33="-0.015413312" r34="0" r41="2293.0237" r42="-8.086781" r43="1104.0575" r44="1"></containerEntry>
        </property>
        <property name="colors" type="UInt32" container="DynamicArray" arraySize="11">
          <containerEntry>4294967295</containerEntry>
          <containerEntry>4294967295</containerEntry>
          <containerEntry>4294967295</containerEntry>
          <containerEntry>4294967295</containerEntry>
          <containerEntry>4294967295</containerEntry>
          <containerEntry>4294967295</containerEntry>
          <containerEntry>4294967295</containerEntry>
          <containerEntry>4294967295</containerEntry>
          <containerEntry>4294967295</containerEntry>
          <containerEntry>4294967295</containerEntry>
          <containerEntry>4294967295</containerEntry>
        </property>
      </staticProperties>
      <dynamicProperties></dynamicProperties>
    </entity>
    <entity class="StaticModelArray" classVersion="4" classID="0xD0" addr="0x33520E0" id="0x0">
      <staticProperties>
        <property name="name" type="String" container="StaticArray" arraySize="1">
          <containerEntry>StaticModelArray0004</containerEntry>
        </property>
        <property name="dataSet" type="EntityHandle" container="StaticArray" arraySize="1">
          <containerEntry>0x3351C10</containerEntry>
        </property>
        <property name="modelFile" type="FilePtr" container="StaticArray" arraySize="1">
          <containerEntry>/Assets/tpp/environ/object/middle_africa/rock/mafr_rock007/scenes/mafr_rock007.fmdl</containerEntry>
        </property>
        <property name="geomFile" type="FilePtr" container="StaticArray" arraySize="1">
          <containerEntry>/Assets/tpp/environ/object/middle_africa/rock/mafr_rock007/scenes/mafr_rock007.geom</containerEntry>
        </property>
        <property name="isVisibleGeom" type="Bool" container="StaticArray" arraySize="1">
          <containerEntry>false</containerEntry>
        </property>
        <property name="lodFarSize" type="Float" container="StaticArray" arraySize="1">
          <containerEntry>-1</containerEntry>
        </property>
        <property name="lodNearSize" type="Float" container="StaticArray" arraySize="1">
          <containerEntry>-1</containerEntry>
        </property>
        <property name="lodPolygonSize" type="Float" container="StaticArray" arraySize="1">
          <containerEntry>-1</containerEntry>
        </property>
        <property name="drawRejectionLevel" type="Int32" container="StaticArray" arraySize="1">
          <containerEntry>8</containerEntry>
        </property>
        <property name="drawMode" type="Int32" container="StaticArray" arraySize="1">
          <containerEntry>0</containerEntry>
        </property>
        <property name="rejectFarRangeShadowCast" type="Int32" container="StaticArray" arraySize="1">
          <containerEntry>2</containerEntry>
        </property>
        <property name="parentLocator" type="EntityLink" container="StaticArray" arraySize="1">
          <containerEntry packagePathHash="0xB8A0BF169F98" archivePathHash="0xB8A0BF169F98" nameInArchiveHash="0xB8A0BF169F98">0x0</containerEntry>
        </property>
        <property name="transforms" type="Matrix4" container="DynamicArray" arraySize="22">
          <containerEntry r11="0.9984652" r12="0.011810628" r13="0.054109305" r14="0" r21="-0.012970439" r22="0.9996925" r23="0.021133836" r24="0" r31="-0.053843066" r32="-0.021803219" r33="0.99831134" r34="0" r41="2182.8665" r42="5.633496" r43="1144.9106" r44="1"></containerEntry>
          <containerEntry r11="-0.4239622" r12="0.012392993" r13="-0.26476797" r14="0" r21="0.036230177" r22="0.49747494" r23="-0.03472865" r24="0" r31="0.26257005" r32="-0.048632484" r33="-0.42271912" r34="0" r41="2257.5144" r42="-6.139107" r43="1143.5967" r44="1"></containerEntry>
          <containerEntry r11="0.19091901" r12="0.04786298" r13="-0.72371095" r14="0" r21="-0.27948397" r22="-0.6857149" r23="-0.11907908" r24="0" r31="-0.66928107" r32="0.30000043" r33="-0.15671678" r34="0" r41="2228.3015" r42="-3.856133" r43="1145.385" r44="1"></containerEntry>
          <containerEntry r11="-0.20074253" r12="0.017123684" r13="-0.4576113" r14="0" r21="0.021744218" r22="0.49944314" r23="0.009150311" r24="0" r31="0.457415" r32="-0.016227096" r33="-0.20126364" r34="0" r41="2226.1423" r42="-3.423292" r43="1144.0428" r44="1"></containerEntry>
          <containerEntry r11="0.046171922" r12="0.28138518" r13="0.41072005" r14="0" r21="0.019985482" r22="0.41110206" r23="-0.28389394" r24="0" r31="-0.4974607" r32="0.042632803" r33="0.026715321" r34="0" r41="2234.6926" r42="-4.228172" r43="1143.9188" r44="1"></containerEntry>
          <containerEntry r11="-0.510804" r12="0.5459219" r13="0.059538312" r14="0" r21="0.054228455" r22="0.13106063" r23="-0.7364649" r24="0" r31="-0.54647493" r32="-0.4972831" r33="-0.12873244" r34="0" r41="2233.6587" r42="-4.388578" r43="1145.385" r44="1"></containerEntry>
          <containerEntry r11="0.37887782" r12="-0.068470046" r13="0.31900385" r14="0" r21="-0.015572589" r22="-0.4921038" r23="-0.0871283" r24="0" r31="0.32589605" r32="0.0560863" r33="-0.37502542" r34="0" r41="2231.708" r42="-4.001888" r43="1140.065" r44="1"></containerEntry>
          <containerEntry r11="-0.48174012" r12="0.07606113" r13="-0.11018411" r14="0" r21="-0.10290864" r22="-0.47357836" r23="0.12301522" r24="0" r31="-0.08564804" r32="0.14120013" r33="0.47193742" r34="0" r41="2217.7996" r42="0.180772" r43="1146.2512" r44="1"></containerEntry>
          <containerEntry r11="0.28146237" r12="-0.04250735" r13="-0.6938803" r14="0" r21="0.22049524" r22="0.71540266" r23="0.045614228" r24="0" r31="0.65928644" r32="-0.2211152" r33="0.28097558" r34="0" r41="2219.526" r42="-0.667939" r43="1149.3302" r44="1"></containerEntry>
          <containerEntry r11="-0.33575252" r12="-0.041644834" r13="0.36815074" r14="0" r21="0.054863907" r22="-0.49694127" r23="-0.0061777215" r24="0" r31="0.36641398" r32="0.036248043" r33="0.3382701" r34="0" r41="2292.33" r42="-5.162494" r43="1139.3391" r44="1"></containerEntry>
          <containerEntry r11="0.86925834" r12="-0.39891386" r13="-0.2919893" r14="0" r21="0.45543152" r22="0.87593263" r23="0.15913585" r24="0" r31="0.19228148" r32="-0.27131125" r33="0.9430896" r34="0" r41="2288.0393" r42="-6.310637" r43="1148.8153" r44="1"></containerEntry>
          <containerEntry r11="-0.81240267" r12="-0.06202919" r13="-0.5797883" r14="0" r21="-0.07367339" r22="0.9972764" r23="-0.0034629796" r24="0" r31="0.578424" r32="0.039901637" r33="-0.8147599" r34="0" r41="2276.4758" r42="-6.692828" r43="1140.8527" r44="1"></containerEntry>
          <containerEntry r11="0.2129378" r12="-0.08351992" r13="0.71427023" r14="0" r21="0.110801406" r22="-0.73221934" r23="-0.118650764" r24="0" r31="0.7105495" r32="0.13920984" r33="-0.19555078" r34="0" r41="2283.186" r42="-7.033803" r43="1110.0063" r44="1"></containerEntry>
          <containerEntry r11="0.65532357" r12="-0.040107574" r13="0.36254978" r14="0" r21="-0.013174644" r22="0.7423634" r23="0.10593864" r24="0" r31="-0.36452353" r32="-0.09893407" r33="0.6479464" r34="0" r41="2284.97" r42="-7.033803" r43="1120.8765" r44="1"></containerEntry>
          <containerEntry r11="0.37478244" r12="-0.23822862" r13="0.22974978" r14="0" r21="0.06214208" r22="0.3915697" r23="0.3046494" r24="0" r31="-0.32507876" r32="-0.19979997" r33="0.32311505" r34="0" r41="2273.2183" r42="-7.288309" r43="1120.8427" r44="1"></containerEntry>
          <containerEntry r11="0.7087256" r12="-0.15347086" r13="0.19145407" r14="0" r21="0.050561413" r22="0.6639761" r23="0.34507814" r24="0" r31="-0.24010728" r32="-0.3131806" r33="0.6377821" r34="0" r41="2273.4329" r42="-6.639928" r43="1126.8099" r44="1"></containerEntry>
          <containerEntry r11="-0.20074253" r12="0.017123684" r13="-0.4576113" r14="0" r21="0.021744218" r22="0.49944314" r23="0.009150311" r24="0" r31="0.457415" r32="-0.016227096" r33="-0.20126364" r34="0" r41="2269.3325" r42="-6.607372" r43="1125.1201" r44="1"></containerEntry>
          <containerEntry r11="-0.35757664" r12="-0.03644209" r13="0.6582589" r14="0" r21="-0.07591557" r22="0.746148" r23="6.87344e-05" r24="0" r31="-0.6548814" r32="-0.06659694" r33="-0.3594288" r34="0" r41="2273.4329" r42="-6.639928" r43="1129.3857" r44="1"></containerEntry>
          <containerEntry r11="-0.2239991" r12="0.018303506" r13="-0.71553457" r14="0" r21="-0.70857435" r22="0.10036379" r23="0.22438739" r24="0" r31="0.10122791" r32="0.7430292" r33="-0.01268287" r34="0" r41="2282.574" r42="-7.033803" r43="1103.9822" r44="1"></containerEntry>
          <containerEntry r11="-0.15741436" r12="0.22858602" r13="0.9607123" r14="0" r21="-0.028209649" r22="0.9714037" r23="-0.23575199" r24="0" r31="-0.9871291" r32="-0.064212255" r33="-0.14646453" r34="0" r41="2285.0017" r42="-7.676435" r43="1103.3958" r44="1"></containerEntry>
          <containerEntry r11="-0.584825" r12="-0.1701527" r13="-0.43763626" r14="0" r21="0.010774327" r22="-0.70370173" r23="0.25920108" r24="0" r31="-0.46942657" r32="0.19582991" r33="0.5511706" r34="0" r41="2294.2722" r42="-7.311043" r43="1097.975" r44="1"></containerEntry>
          <containerEntry r11="0.1405846" r12="-0.024688516" r13="0.73629236" r14="0" r21="-0.2263248" r22="0.71188265" r23="0.06708356" r24="0" r31="-0.70107996" r32="-0.23476282" r33="0.12598948" r34="0" r41="2302.2373" r42="-7.16964" r43="1097.2651" r44="1"></containerEntry>
        </property>
        <property name="colors" type="UInt32" container="DynamicArray" arraySize="22">
          <containerEntry>4294967295</containerEntry>
          <containerEntry>4294967295</containerEntry>
          <containerEntry>4294967295</containerEntry>
          <containerEntry>4294967295</containerEntry>
          <containerEntry>4294967295</containerEntry>
          <containerEntry>4294967295</containerEntry>
          <containerEntry>4294967295</containerEntry>
          <containerEntry>4294967295</containerEntry>
          <containerEntry>4294967295</containerEntry>
          <containerEntry>4294967295</containerEntry>
          <containerEntry>4294967295</containerEntry>
          <containerEntry>4294967295</containerEntry>
          <containerEntry>4294967295</containerEntry>
          <containerEntry>4294967295</containerEntry>
          <containerEntry>4294967295</containerEntry>
          <containerEntry>4294967295</containerEntry>
          <containerEntry>4294967295</containerEntry>
          <containerEntry>4294967295</containerEntry>
          <containerEntry>4294967295</containerEntry>
          <containerEntry>4294967295</containerEntry>
          <containerEntry>4294967295</containerEntry>
          <containerEntry>4294967295</containerEntry>
        </property>
      </staticProperties>
      <dynamicProperties></dynamicProperties>
    </entity>
    <entity class="TexturePackLoadConditioner" classVersion="0" classID="0x48" addr="0x317B760" id="0x0">
      <staticProperties>
        <property name="name" type="String" container="StaticArray" arraySize="1">
          <containerEntry>TexturePackLoadConditioner0000</containerEntry>
        </property>
        <property name="dataSet" type="EntityHandle" container="StaticArray" arraySize="1">
          <containerEntry>0x3351C10</containerEntry>
        </property>
        <property name="texturePackPath" type="Path" container="StaticArray" arraySize="1">
          <containerEntry hash="0xB8A0BF169F98"></containerEntry>
        </property>
      </staticProperties>
      <dynamicProperties></dynamicProperties>
    </entity>
  </entities>
</fox>