<fox formatVersion="2" fileVersion="0">
  <entities>
    <entity class="DataSet" classVersion="0" classID="0xE8" addr="0x2F54610" id="0x1188F0F">
      <staticProperties>
        <property name="name" type="String" container="StaticArray" arraySize="1">
          <containerEntry hash="0xB8A0BF169F98"></containerEntry>
        </property>
        <property name="dataSet" type="EntityHandle" container="StaticArray" arraySize="1">
          <containerEntry>0x0</containerEntry>
        </property>
        <property name="dataList" type="EntityPtr" container="StringMap" arraySize="11">
          <containerEntry key="mafr_rock011_0000">
            <data>0x2D74B50</data>
          </containerEntry>
          <containerEntry key="cm_mafr_dc_grbg003_">
            <data>0x2D7A500</data>
          </containerEntry>
          <containerEntry key="cm_mafr_dc_grnd006_">
            <data>0x2D7A650</data>
          </containerEntry>
          <containerEntry key="StaticModelArray0000">
            <data>0x2D7F0B0</data>
          </containerEntry>
          <containerEntry key="StaticModelArray0001">
            <data>0x2D7F120</data>
          </containerEntry>
          <containerEntry key="StaticModelArray0002">
            <data>0x2D7F200</data>
          </containerEntry>
          <containerEntry key="StaticModelArray0003">
            <data>0x2D7F190</data>
          </containerEntry>
          <containerEntry key="StaticModelArray0004">
            <data>0x2D7EB70</data>
          </containerEntry>
          <containerEntry key="DecalArray0000">
            <data>0x2D7ECC0</data>
          </containerEntry>
          <containerEntry key="DecalArray0001">
            <data>0x2D7F3C0</data>
          </containerEntry>
          <containerEntry key="TexturePackLoadConditioner0000">
            <data>0x2D7FB30</data>
          </containerEntry>
        </property>
      </staticProperties>
      <dynamicProperties></dynamicProperties>
    </entity>
    <entity class="StaticModel" classVersion="9" classID="0x160" addr="0x2D74B50" id="0x1188F33">
      <staticProperties>
        <property name="name" type="String" container="StaticArray" arraySize="1">
          <containerEntry>mafr_rock011_0000</containerEntry>
        </property>
        <property name="dataSet" type="EntityHandle" container="StaticArray" arraySize="1">
          <containerEntry>0x2F54610</containerEntry>
        </property>
        <property name="parent" type="EntityHandle" container="StaticArray" arraySize="1">
          <containerEntry>0x0</containerEntry>
        </property>
        <property name="transform" type="EntityPtr" container="StaticArray" arraySize="1">
          <containerEntry>0x2D74BC0</containerEntry>
        </property>
        <property name="shearTransform" type="EntityPtr" container="StaticArray" arraySize="1">
          <containerEntry>0x0</containerEntry>
        </property>
        <property name="pivotTransform" type="EntityPtr" container="StaticArray" arraySize="1">
          <containerEntry>0x0</containerEntry>
        </property>
        <property name="children" type="EntityHandle" container="List"></property>
        <property name="flags" type="UInt32" container="StaticArray" arraySize="1">
          <containerEntry>2147483655</containerEntry>
        </property>
        <property name="modelFile" type="FilePtr" container="StaticArray" arraySize="1">
          <containerEntry>/Assets/tpp/environ/object/middle_africa/rock/mafr_rock011/scenes/mafr_rock011.fmdl</containerEntry>
        </property>
        <property name="geomFile" type="FilePtr" container="StaticArray" arraySize="1">
          <containerEntry>/Assets/tpp/environ/object/middle_africa/rock/mafr_rock011/scenes/mafr_rock011.geom</containerEntry>
        </property>
        <property name="isVisibleGeom" type="Bool" container="StaticArray" arraySize="1">
          <containerEntry>false</containerEntry>
        </property>
        <property name="isIsolated" type="Bool" container="StaticArray" arraySize="1">
          <containerEntry>false</containerEntry>
        </property>
        <property name="lodFarSize" type="Float" container="StaticArray" arraySize="1">
          <containerEntry>-1</containerEntry>
        </property>
        <property name="lodNearSize" type="Float" container="StaticArray" arraySize="1">
          <containerEntry>-1</containerEntry>
        </property>
        <property name="lodPolygonSize" type="Float" container="StaticArray" arraySize="1">
          <containerEntry>-1</containerEntry>
        </property>
        <property name="color" type="Color" container="StaticArray" arraySize="1">
          <containerEntry r="1" g="1" b="1" a="1"></containerEntry>
        </property>
        <property name="drawRejectionLevel" type="Int32" container="StaticArray" arraySize="1">
          <containerEntry>8</containerEntry>
        </property>
        <property name="drawMode" type="Int32" container="StaticArray" arraySize="1">
          <containerEntry>0</containerEntry>
        </property>
        <property name="rejectFarRangeShadowCast" type="Int32" container="StaticArray" arraySize="1">
          <containerEntry>2</containerEntry>
        </property>
      </staticProperties>
      <dynamicProperties></dynamicProperties>
    </entity>
    <entity class="TransformEntity" classVersion="0" classID="0x50" addr="0x2D74BC0" id="0x1188F36">
      <staticProperties>
        <property name="owner" type="EntityHandle" container="StaticArray" arraySize="1">
          <containerEntry>0x2D74B50</containerEntry>
        </property>
        <property name="transform_scale" type="Vector3" container="StaticArray" arraySize="1">
          <containerEntry x="1" y="1" z="1" w="0"></containerEntry>
        </property>
        <property name="transform_rotation_quat" type="Quat" container="StaticArray" arraySize="1">
          <containerEntry x="-0.069476" y="0.775846" z="-0.048372" w="0.625216"></containerEntry>
        </property>
        <property name="transform_translation" type="Vector3" container="StaticArray" arraySize="1">
          <containerEntry x="2478.6445" y="60.183456" z="24.304771" w="0"></containerEntry>
        </property>
      </staticProperties>
      <dynamicProperties></dynamicProperties>
    </entity>
    <entity class="Material" classVersion="6" classID="0xB0" addr="0x2D7A500" id="0x1189146">
      <staticProperties>
        <property name="name" type="String" container="StaticArray" arraySize="1">
          <containerEntry>cm_mafr_dc_grbg003_</containerEntry>
        </property>
        <property name="dataSet" type="EntityHandle" container="StaticArray" arraySize="1">
          <containerEntry>0x2F54610</containerEntry>
        </property>
        <property name="materialName" type="String" container="StaticArray" arraySize="1">
          <containerEntry hash="0xB8A0BF169F98"></containerEntry>
        </property>
        <property name="shader" type="Path" container="StaticArray" arraySize="1">
          <containerEntry hash="0xB8A0BF169F98"></containerEntry>
        </property>
        <property name="diffuseTexture" type="Path" container="StaticArray" arraySize="1">
          <containerEntry>/Assets/tpp/common_source/fmtr/decal/middle_africa/cm_mafr_dc_grbg003/sourceimages/cm_mafr_dc_grbg003_bsm_alp.ftex</containerEntry>
        </property>
        <property name="srmTexture" type="Path" container="StaticArray" arraySize="1">
          <containerEntry>/Assets/tpp/common_source/fmtr/decal/middle_africa/cm_mafr_dc_grbg003/sourceimages/cm_mafr_dc_grbg003_srm.ftex</containerEntry>
        </property>
        <property name="normalTexture" type="Path" container="StaticArray" arraySize="1">
          <containerEntry>/Assets/tpp/common_source/fmtr/decal/middle_africa/cm_mafr_dc_grbg003/sourceimages/cm_mafr_dc_grbg003_nrm.ftex</containerEntry>
        </property>
        <property name="materialMapTexture" type="Path" container="StaticArray" arraySize="1">
          <containerEntry hash="0xB8A0BF169F98"></containerEntry>
        </property>
        <property name="materialIndex" type="UInt8" container="StaticArray" arraySize="1">
          <containerEntry>21</containerEntry>
        </property>
        <property name="diffuseColor" type="Color" container="StaticArray" arraySize="1">
          <containerEntry r="1" g="1" b="1" a="1"></containerEntry>
        </property>
        <property name="specularColor" type="Color" container="StaticArray" arraySize="1">
          <containerEntry r="0" g="0" b="0" a="0"></containerEntry>
        </property>
        <property name="fmtrPath" type="Path" container="StaticArray" arraySize="1">
          <containerEntry hash="0xB8A0BF169F98"></containerEntry>
        </property>
        <property name="residentFlag" type="Bool" container="StaticArray" arraySize="1">
          <containerEntry>false</containerEntry>
        </property>
      </staticProperties>
      <dynamicProperties></dynamicProperties>
    </entity>
    <entity class="Material" classVersion="6" classID="0xB0" addr="0x2D7A650" id="0x1189148">
      <staticProperties>
        <property name="name" type="String" container="StaticArray" arraySize="1">
          <containerEntry>cm_mafr_dc_grnd006_</containerEntry>
        </property>
        <property name="dataSet" type="EntityHandle" container="StaticArray" arraySize="1">
          <containerEntry>0x2F54610</containerEntry>
        </property>
        <property name="materialName" type="String" container="StaticArray" arraySize="1">
          <containerEntry hash="0xB8A0BF169F98"></containerEntry>
        </property>
        <property name="shader" type="Path" container="StaticArray" arraySize="1">
          <containerEntry hash="0xB8A0BF169F98"></containerEntry>
        </property>
        <property name="diffuseTexture" type="Path" container="StaticArray" arraySize="1">
          <containerEntry>/Assets/tpp/common_source/fmtr/decal/middle_africa/cm_mafr_dc_grnd006/sourceimages/cm_mafr_dc_grnd006_bsm_alp.ftex</containerEntry>
        </property>
        <property name="srmTexture" type="Path" container="StaticArray" arraySize="1">
          <containerEntry>/Assets/tpp/common_source/fmtr/decal/middle_africa/cm_mafr_dc_grnd006/sourceimages/cm_mafr_dc_grnd006_srm.ftex</containerEntry>
        </property>
        <property name="normalTexture" type="Path" container="StaticArray" arraySize="1">
          <containerEntry>/Assets/tpp/common_source/fmtr/decal/middle_africa/cm_mafr_dc_grnd006/sourceimages/cm_mafr_dc_grnd006_nrm.ftex</containerEntry>
        </property>
        <property name="materialMapTexture" type="Path" container="StaticArray" arraySize="1">
          <containerEntry hash="0xB8A0BF169F98"></containerEntry>
        </property>
        <property name="materialIndex" type="UInt8" container="StaticArray" arraySize="1">
          <containerEntry>21</containerEntry>
        </property>
        <property name="diffuseColor" type="Color" container="StaticArray" arraySize="1">
          <containerEntry r="1" g="1" b="1" a="1"></containerEntry>
        </property>
        <property name="specularColor" type="Color" container="StaticArray" arraySize="1">
          <containerEntry r="0" g="0" b="0" a="0"></containerEntry>
        </property>
        <property name="fmtrPath" type="Path" container="StaticArray" arraySize="1">
          <containerEntry hash="0xB8A0BF169F98"></containerEntry>
        </property>
        <property name="residentFlag" type="Bool" container="StaticArray" arraySize="1">
          <containerEntry>false</containerEntry>
        </property>
      </staticProperties>
      <dynamicProperties></dynamicProperties>
    </entity>
    <entity class="StaticModelArray" classVersion="4" classID="0xD0" addr="0x2D7F0B0" id="0x0">
      <staticProperties>
        <property name="name" type="String" container="StaticArray" arraySize="1">
          <containerEntry>StaticModelArray0000</containerEntry>
        </property>
        <property name="dataSet" type="EntityHandle" container="StaticArray" arraySize="1">
          <containerEntry>0x2F54610</containerEntry>
        </property>
        <property name="modelFile" type="FilePtr" container="StaticArray" arraySize="1">
          <containerEntry>/Assets/tpp/environ/object/middle_africa/tree/mafr_tree032/scenes/mafr_tree032.fmdl</containerEntry>
        </property>
        <property name="geomFile" type="FilePtr" container="StaticArray" arraySize="1">
          <containerEntry>/Assets/tpp/environ/object/middle_africa/tree/mafr_tree032/scenes/mafr_tree032.geom</containerEntry>
        </property>
        <property name="isVisibleGeom" type="Bool" container="StaticArray" arraySize="1">
          <containerEntry>false</containerEntry>
        </property>
        <property name="lodFarSize" type="Float" container="StaticArray" arraySize="1">
          <containerEntry>-1</containerEntry>
        </property>
        <property name="lodNearSize" type="Float" container="StaticArray" arraySize="1">
          <containerEntry>-1</containerEntry>
        </property>
        <property name="lodPolygonSize" type="Float" container="StaticArray" arraySize="1">
          <containerEntry>-1</containerEntry>
        </property>
        <property name="drawRejectionLevel" type="Int32" container="StaticArray" arraySize="1">
          <containerEntry>8</containerEntry>
        </property>
        <property name="drawMode" type="Int32" container="StaticArray" arraySize="1">
          <containerEntry>0</containerEntry>
        </property>
        <property name="rejectFarRangeShadowCast" type="Int32" container="StaticArray" arraySize="1">
          <containerEntry>2</containerEntry>
        </property>
        <property name="parentLocator" type="EntityLink" container="StaticArray" arraySize="1">
          <containerEntry packagePathHash="0xB8A0BF169F98" archivePathHash="0xB8A0BF169F98" nameInArchiveHash="0xB8A0BF169F98">0x0</containerEntry>
        </property>
        <property name="transforms" type="Matrix4" container="DynamicArray" arraySize="7">
          <containerEntry r11="0.36343238" r12="0" r13="0.580639" r14="0" r21="0" r22="0.685" r23="0" r24="0" r31="-0.580639" r32="0" r33="0.36343238" r34="0" r41="2515.7556" r42="75.647545" r43="56.60346" r44="1"></containerEntry>
          <containerEntry r11="0.75559247" r12="0" r13="0.21285003" r14="0" r21="0" r22="0.785" r23="0" r24="0" r31="-0.21285003" r32="0" r33="0.75559247" r34="0" r41="2511.2773" r42="87.721115" r43="32.05265" r44="1"></containerEntry>
          <containerEntry r11="0.49973863" r12="0" r13="0.48299703" r14="0" r21="0" r22="0.695" r23="0" r24="0" r31="-0.48299703" r32="0" r33="0.49973863" r34="0" r41="2496.6277" r42="86.917564" r43="32.590973" r44="1"></containerEntry>
          <containerEntry r11="0.49973863" r12="0" r13="0.48299703" r14="0" r21="0" r22="0.695" r23="0" r24="0" r31="-0.48299703" r32="0" r33="0.49973863" r34="0" r41="2486.936" r42="74.88716" r43="13.334" r44="1"></containerEntry>
          <containerEntry r11="-0.7604159" r12="0" r13="0.6494404" r14="0" r21="0" r22="1" r23="0" r24="0" r31="-0.6494404" r32="0" r33="-0.7604159" r34="0" r41="2502.0793" r42="87.41398" r43="17.036676" r44="1"></containerEntry>
          <containerEntry r11="0.22135326" r12="0" r13="-0.44833317" r14="0" r21="0" r22="0.5" r23="0" r24="0" r31="0.44833317" r32="0" r33="0.22135326" r34="0" r41="2493.468" r42="86.060165" r43="20.535969" r44="1"></containerEntry>
          <containerEntry r11="-0.7604159" r12="0" r13="0.6494404" r14="0" r21="0" r22="1" r23="0" r24="0" r31="-0.6494404" r32="0" r33="-0.7604159" r34="0" r41="2502.0793" r42="87.41398" r43="17.036676" r44="1"></containerEntry>
        </property>
        <property name="colors" type="UInt32" container="DynamicArray" arraySize="7">
          <containerEntry>4294967295</containerEntry>
          <containerEntry>4294967295</containerEntry>
          <containerEntry>4294967295</containerEntry>
          <containerEntry>4294967295</containerEntry>
          <containerEntry>4294967295</containerEntry>
          <containerEntry>4294967295</containerEntry>
          <containerEntry>4294967295</containerEntry>
        </property>
      </staticProperties>
      <dynamicProperties></dynamicProperties>
    </entity>
    <entity class="StaticModelArray" classVersion="4" classID="0xD0" addr="0x2D7F120" id="0x0">
      <staticProperties>
        <property name="name" type="String" container="StaticArray" arraySize="1">
          <containerEntry>StaticModelArray0001</containerEntry>
        </property>
        <property name="dataSet" type="EntityHandle" container="StaticArray" arraySize="1">
          <containerEntry>0x2F54610</containerEntry>
        </property>
        <property name="modelFile" type="FilePtr" container="StaticArray" arraySize="1">
          <containerEntry>/Assets/tpp/environ/object/middle_africa/tree/mafr_tree010/scenes/mafr_tree010_dead004.fmdl</containerEntry>
        </property>
        <property name="geomFile" type="FilePtr" container="StaticArray" arraySize="1">
          <containerEntry>/Assets/tpp/environ/object/middle_africa/tree/mafr_tree010/scenes/mafr_tree010_dead004.geom</containerEntry>
        </property>
        <property name="isVisibleGeom" type="Bool" container="StaticArray" arraySize="1">
          <containerEntry>false</containerEntry>
        </property>
        <property name="lodFarSize" type="Float" container="StaticArray" arraySize="1">
          <containerEntry>-1</containerEntry>
        </property>
        <property name="lodNearSize" type="Float" container="StaticArray" arraySize="1">
          <containerEntry>-1</containerEntry>
        </property>
        <property name="lodPolygonSize" type="Float" container="StaticArray" arraySize="1">
          <containerEntry>-1</containerEntry>
        </property>
        <property name="drawRejectionLevel" type="Int32" container="StaticArray" arraySize="1">
          <containerEntry>8</containerEntry>
        </property>
        <property name="drawMode" type="Int32" container="StaticArray" arraySize="1">
          <containerEntry>0</containerEntry>
        </property>
        <property name="rejectFarRangeShadowCast" type="Int32" container="StaticArray" arraySize="1">
          <containerEntry>2</containerEntry>
        </property>
        <property name="parentLocator" type="EntityLink" container="StaticArray" arraySize="1">
          <containerEntry packagePathHash="0xB8A0BF169F98" archivePathHash="0xB8A0BF169F98" nameInArchiveHash="0xB8A0BF169F98">0x0</containerEntry>
        </property>
        <property name="transforms" type="Matrix4" container="DynamicArray" arraySize="3">
          <containerEntry r11="0.8751358" r12="0.133895" r13="0.46497425" r14="0" r21="-0.11494026" r22="0.99097097" r23="-0.06903108" r24="0" r31="-0.47001886" r32="0.0069672037" r33="0.88262415" r34="0" r41="2458.71" r42="61.12424" r43="33.58555" r44="1"></containerEntry>
          <containerEntry r11="-0.20809366" r12="0.043929134" r13="0.97711515" r14="0" r21="0.026246302" r22="0.998882" r23="-0.039317966" r24="0" r31="-0.9777499" r32="0.01746379" r33="-0.209014" r34="0" r41="2488.8213" r42="63.831112" r43="95.71118" r44="1"></containerEntry>
          <containerEntry r11="-0.9970478" r12="0.028991066" r13="0.070975386" r14="0" r21="0.03753198" r22="0.99180514" r23="0.12212237" r24="0" r31="-0.0668533" r32="0.12442567" r33="-0.98996526" r34="0" r41="2502.4893" r42="63.931107" r43="83.42493" r44="1"></containerEntry>
        </property>
        <property name="colors" type="UInt32" container="DynamicArray" arraySize="3">
          <containerEntry>4294967295</containerEntry>
          <containerEntry>4294967295</containerEntry>
          <containerEntry>4294967295</containerEntry>
        </property>
      </staticProperties>
      <dynamicProperties></dynamicProperties>
    </entity>
    <entity class="StaticModelArray" classVersion="4" classID="0xD0" addr="0x2D7F200" id="0x0">
      <staticProperties>
        <property name="name" type="String" container="StaticArray" arraySize="1">
          <containerEntry>StaticModelArray0002</containerEntry>
        </property>
        <property name="dataSet" type="EntityHandle" container="StaticArray" arraySize="1">
          <containerEntry>0x2F54610</containerEntry>
        </property>
        <property name="modelFile" type="FilePtr" container="StaticArray" arraySize="1">
          <containerEntry>/Assets/tpp/environ/object/middle_africa/rock/mafr_rock002/scenes/mafr_rock002.fmdl</containerEntry>
        </property>
        <property name="geomFile" type="FilePtr" container="StaticArray" arraySize="1">
          <containerEntry>/Assets/tpp/environ/object/middle_africa/rock/mafr_rock002/scenes/mafr_rock002.geom</containerEntry>
        </property>
        <property name="isVisibleGeom" type="Bool" container="StaticArray" arraySize="1">
          <containerEntry>false</containerEntry>
        </property>
        <property name="lodFarSize" type="Float" container="StaticArray" arraySize="1">
          <containerEntry>-1</containerEntry>
        </property>
        <property name="lodNearSize" type="Float" container="StaticArray" arraySize="1">
          <containerEntry>-1</containerEntry>
        </property>
        <property name="lodPolygonSize" type="Float" container="StaticArray" arraySize="1">
          <containerEntry>-1</containerEntry>
        </property>
        <property name="drawRejectionLevel" type="Int32" container="StaticArray" arraySize="1">
          <containerEntry>8</containerEntry>
        </property>
        <property name="drawMode" type="Int32" container="StaticArray" arraySize="1">
          <containerEntry>0</containerEntry>
        </property>
        <property name="rejectFarRangeShadowCast" type="Int32" container="StaticArray" arraySize="1">
          <containerEntry>2</containerEntry>
        </property>
        <property name="parentLocator" type="EntityLink" container="StaticArray" arraySize="1">
          <containerEntry packagePathHash="0xB8A0BF169F98" archivePathHash="0xB8A0BF169F98" nameInArchiveHash="0xB8A0BF169F98">0x0</containerEntry>
        </property>
        <property name="transforms" type="Matrix4" container="DynamicArray" arraySize="21">
          <containerEntry r11="-0.78100675" r12="0.06797683" r13="-0.62081075" r14="0" r21="-0.047459178" r22="0.984724" r23="0.16752988" r24="0" r31="0.62271535" r32="0.16030529" r33="-0.76584995" r34="0" r41="2443.2722" r42="64.37369" r43="116.69537" r44="1"></containerEntry>
          <containerEntry r11="-0.43156052" r12="0" r13="-0.90208465" r14="0" r21="0" r22="1" r23="0" r24="0" r31="0.90208465" r32="0" r33="-0.43156052" r34="0" r41="2500.8406" r42="65.0932" r43="66.36309" r44="1"></containerEntry>
          <containerEntry r11="-4.0375004" r12="0" r13="-4.4383116" r14="0" r21="0" r22="6" r23="0" r24="0" r31="4.4383116" r32="0" r33="-4.0375004" r34="0" r41="2514.9082" r42="82.22593" r43="16.039148" r44="1"></containerEntry>
          <containerEntry r11="0.6395859" r12="0" r13="-0.7687195" r14="0" r21="0" r22="1" r23="0" r24="0" r31="0.7687195" r32="0" r33="0.6395859" r34="0" r41="2444.2695" r42="60.465614" r43="45.36033" r44="1"></containerEntry>
          <containerEntry r11="0.9949049" r12="0.094488084" r13="0.03516072" r14="0" r21="-0.09450266" r22="0.99552387" r23="-0.0012511072" r24="0" r31="-0.035121586" r32="-0.0020780535" r33="0.99938184" r34="0" r41="2443.9727" r42="63.59535" r43="76.27242" r44="1"></containerEntry>
          <containerEntry r11="0.2544876" r12="0.1162564" r13="0.96006316" r14="0" r21="0.10604453" r22="0.9834068" r23="-0.14719288" r24="0" r31="-0.96124476" r32="0.1392682" r33="0.2379365" r34="0" r41="2475.4238" r42="58.55702" r43="4.351648" r44="1"></containerEntry>
          <containerEntry r11="0.5944148" r12="0" r13="0.80415887" r14="0" r21="0" r22="1" r23="0" r24="0" r31="-0.80415887" r32="0" r33="0.5944148" r34="0" r41="2487.9895" r42="64.35301" r43="47.349663" r44="1"></containerEntry>
          <containerEntry r11="-0.99514157" r12="0.021303266" r13="-0.096092574" r14="0" r21="0.0018931469" r22="0.98025817" r23="0.19771264" r24="0" r31="0.098407455" r32="0.19657071" r33="-0.97553587" r34="0" r41="2453.9148" r42="58.165142" r43="11.984821" r44="1"></containerEntry>
          <containerEntry r11="0.38561407" r12="0.06739203" r13="0.9201895" r14="0" r21="-0.04087852" r22="0.99759746" r23="-0.055930607" r24="0" r31="-0.92174804" r32="-0.016048435" r33="0.3874425" r34="0" r41="2461.271" r42="58.47873" r43="17.596157" r44="1"></containerEntry>
          <containerEntry r11="-0.9953706" r12="0" r13="-0.0960926" r14="0" r21="0" r22="1" r23="0" r24="0" r31="0.0960926" r32="0" r33="-0.9953706" r34="0" r41="2447.255" r42="58.46514" r43="13.054821" r44="1"></containerEntry>
          <containerEntry r11="0.76337343" r12="0" r13="-0.64595765" r14="0" r21="0" r22="1" r23="0" r24="0" r31="0.64595765" r32="0" r33="0.76337343" r34="0" r41="2478.5984" r42="62.4408" r43="102.36687" r44="1"></containerEntry>
          <containerEntry r11="0.86559755" r12="0" r13="0.50074035" r14="0" r21="0" r22="1" r23="0" r24="0" r31="-0.50074035" r32="0" r33="0.86559755" r34="0" r41="2495.8196" r42="62.990105" r43="107.523285" r44="1"></containerEntry>
          <containerEntry r11="0.21155351" r12="0" r13="0.97736686" r14="0" r21="0" r22="1" r23="0" r24="0" r31="-0.97736686" r32="0" r33="0.21155351" r34="0" r41="2501.366" r42="62.53929" r43="114.573494" r44="1"></containerEntry>
          <containerEntry r11="-0.33197996" r12="0" r13="-0.9432872" r14="0" r21="0" r22="1" r23="0" r24="0" r31="0.9432872" r32="0" r33="-0.33197996" r34="0" r41="2504.8284" r42="63.088478" r43="123.419716" r44="1"></containerEntry>
          <containerEntry r11="0.82984555" r12="0" r13="-0.55799323" r14="0" r21="0" r22="1" r23="0" r24="0" r31="0.55799323" r32="0" r33="0.82984555" r34="0" r41="2465.4744" r42="56.74262" r43="3.145961" r44="1"></containerEntry>
          <containerEntry r11="-0.68455714" r12="0" r13="0.728963" r14="0" r21="0" r22="1" r23="0" r24="0" r31="-0.728963" r32="0" r33="-0.68455714" r34="0" r41="2555.5798" r42="64.368866" r43="125.638275" r44="1"></containerEntry>
          <containerEntry r11="0.7963115" r12="0.050486825" r13="0.6027763" r14="0" r21="-0.0851047" r22="0.99594957" r23="0.029011644" r24="0" r31="-0.59887004" r32="-0.07440138" r33="0.7973828" r34="0" r41="2528.4456" r42="67.99966" r43="65.80937" r44="1"></containerEntry>
          <containerEntry r11="0.9396705" r12="-0.0115013635" r13="0.34188744" r14="0" r21="-0.03859703" r22="0.9894878" r23="0.13937025" r24="0" r31="-0.3398964" r32="-0.14415796" r33="0.9293486" r34="0" r41="2517.4248" r42="66.05726" r43="64.646736" r44="1"></containerEntry>
          <containerEntry r11="1.000002" r12="0" r13="0" r14="0" r21="0" r22="0.9909957" r23="-0.13389352" r24="0" r31="0" r32="0.13389379" r33="0.99099773" r34="0" r41="2495.5186" r42="63.010113" r43="84.11176" r44="1"></containerEntry>
          <containerEntry r11="0.9445757" r12="-0.03245242" r13="-0.3266855" r14="0" r21="0.021618886" r22="0.999091" r23="-0.036739416" r24="0" r31="0.3275808" r32="0.027640576" r33="0.9444187" r34="0" r41="2452.9695" r42="62.38086" r43="125.74105" r44="1"></containerEntry>
          <containerEntry r11="-0.85483813" r12="0" r13="0.5188938" r14="0" r21="0" r22="1" r23="0" r24="0" r31="-0.5188938" r32="0" r33="-0.85483813" r34="0" r41="2452.9668" r42="61.731266" r43="61.75739" r44="1"></containerEntry>
        </property>
        <property name="colors" type="UInt32" container="DynamicArray" arraySize="21">
          <containerEntry>4294967295</containerEntry>
          <containerEntry>4294967295</containerEntry>
          <containerEntry>4294967295</containerEntry>
          <containerEntry>4294967295</containerEntry>
          <containerEntry>4294967295</containerEntry>
          <containerEntry>4294967295</containerEntry>
          <containerEntry>4294967295</containerEntry>
          <containerEntry>4294967295</containerEntry>
          <containerEntry>4294967295</containerEntry>
          <containerEntry>4294967295</containerEntry>
          <containerEntry>4294967295</containerEntry>
          <containerEntry>4294967295</containerEntry>
          <containerEntry>4294967295</containerEntry>
          <containerEntry>4294967295</containerEntry>
          <containerEntry>4294967295</containerEntry>
          <containerEntry>4294967295</containerEntry>
          <containerEntry>4294967295</containerEntry>
          <containerEntry>4294967295</containerEntry>
          <containerEntry>4294967295</containerEntry>
          <containerEntry>4294967295</containerEntry>
          <containerEntry>4294967295</containerEntry>
        </property>
      </staticProperties>
      <dynamicProperties></dynamicProperties>
    </entity>
    <entity class="StaticModelArray" classVersion="4" classID="0xD0" addr="0x2D7F190" id="0x0">
      <staticProperties>
        <property name="name" type="String" container="StaticArray" arraySize="1">
          <containerEntry>StaticModelArray0003</containerEntry>
        </property>
        <property name="dataSet" type="EntityHandle" container="StaticArray" arraySize="1">
          <containerEntry>0x2F54610</containerEntry>
        </property>
        <property name="modelFile" type="FilePtr" container="StaticArray" arraySize="1">
          <containerEntry>/Assets/tpp/environ/object/middle_africa/rock/mafr_rock010/scenes/mafr_rock010.fmdl</containerEntry>
        </property>
        <property name="geomFile" type="FilePtr" container="StaticArray" arraySize="1">
          <containerEntry>/Assets/tpp/environ/object/middle_africa/rock/mafr_rock010/scenes/mafr_rock010.geom</containerEntry>
        </property>
        <property name="isVisibleGeom" type="Bool" container="StaticArray" arraySize="1">
          <containerEntry>false</containerEntry>
        </property>
        <property name="lodFarSize" type="Float" container="StaticArray" arraySize="1">
          <containerEntry>-1</containerEntry>
        </property>
        <property name="lodNearSize" type="Float" container="StaticArray" arraySize="1">
          <containerEntry>-1</containerEntry>
        </property>
        <property name="lodPolygonSize" type="Float" container="StaticArray" arraySize="1">
          <containerEntry>-1</containerEntry>
        </property>
        <property name="drawRejectionLevel" type="Int32" container="StaticArray" arraySize="1">
          <containerEntry>8</containerEntry>
        </property>
        <property name="drawMode" type="Int32" container="StaticArray" arraySize="1">
          <containerEntry>0</containerEntry>
        </property>
        <property name="rejectFarRangeShadowCast" type="Int32" container="StaticArray" arraySize="1">
          <containerEntry>2</containerEntry>
        </property>
        <property name="parentLocator" type="EntityLink" container="StaticArray" arraySize="1">
          <containerEntry packagePathHash="0xB8A0BF169F98" archivePathHash="0xB8A0BF169F98" nameInArchiveHash="0xB8A0BF169F98">0x0</containerEntry>
        </property>
        <property name="transforms" type="Matrix4" container="DynamicArray" arraySize="27">
          <containerEntry r11="1" r12="0" r13="0" r14="0" r21="0" r22="1" r23="0" r24="0" r31="0" r32="0" r33="1" r34="0" r41="2476.9597" r42="61.181175" r43="100.79833" r44="1"></containerEntry>
          <containerEntry r11="-0.1391785" r12="-0.13250065" r13="0.9813628" r14="0" r21="-0.1258114" r22="0.98534334" r23="0.11519532" r24="0" r31="-0.9822428" r32="-0.107433915" r33="-0.15380871" r34="0" r41="2501.7593" r42="63.703705" r43="49.27907" r44="1"></containerEntry>
          <containerEntry r11="-0.3365615" r12="0.004315408" r13="0.94165176" r14="0" r21="0.024595702" r22="0.9996886" r23="0.0042095156" r24="0" r31="-0.9413404" r32="0.024577346" r33="-0.3365628" r34="0" r41="2489.6125" r42="61.193344" r43="69.11682" r44="1"></containerEntry>
          <containerEntry r11="-0.3365615" r12="0.004315408" r13="0.94165176" r14="0" r21="0.024595702" r22="0.9996886" r23="0.0042095156" r24="0" r31="-0.9413404" r32="0.024577346" r33="-0.3365628" r34="0" r41="2451.0476" r42="58.971848" r43="41.805256" r44="1"></containerEntry>
          <containerEntry r11="-0.7454481" r12="0" r13="-0.6665626" r14="0" r21="0" r22="1" r23="0" r24="0" r31="0.6665626" r32="0" r33="-0.7454481" r34="0" r41="2517.9294" r42="63.088375" r43="76.91585" r44="1"></containerEntry>
          <containerEntry r11="0.8476425" r12="0" r13="0.5305677" r14="0" r21="0" r22="1" r23="0" r24="0" r31="-0.5305677" r32="0" r33="0.8476425" r34="0" r41="2469.8186" r42="57.772305" r43="22.339478" r44="1"></containerEntry>
          <containerEntry r11="0.9193041" r12="0" r13="-0.3935478" r14="0" r21="0" r22="1" r23="0" r24="0" r31="0.3935478" r32="0" r33="0.9193041" r34="0" r41="2458.6997" r42="54.975155" r43="6.333721" r44="1"></containerEntry>
          <containerEntry r11="-0.3365615" r12="0.004315408" r13="0.94165176" r14="0" r21="0.024595702" r22="0.9996886" r23="0.0042095156" r24="0" r31="-0.9413404" r32="0.024577346" r33="-0.3365628" r34="0" r41="2451.0647" r42="61.62407" r43="109.46053" r44="1"></containerEntry>
          <containerEntry r11="0.4237637" r12="-0.014239771" r13="0.9056607" r14="0" r21="0.024594834" r22="0.9996886" r23="0.004210121" r24="0" r31="-0.9054386" r32="0.020490482" r33="0.42398196" r34="0" r41="2439.4841" r42="62.956703" r43="120.85226" r44="1"></containerEntry>
          <containerEntry r11="1" r12="0" r13="0" r14="0" r21="0" r22="1" r23="0" r24="0" r31="0" r32="0" r33="1" r34="0" r41="2451.249" r42="61.881493" r43="115.88283" r44="1"></containerEntry>
          <containerEntry r11="0.13554013" r12="0" r13="0.9907716" r14="0" r21="0" r22="1" r23="0" r24="0" r31="-0.9907716" r32="0" r33="0.13554013" r34="0" r41="2476.9597" r42="61.181175" r43="84.14833" r44="1"></containerEntry>
          <containerEntry r11="-0.9632584" r12="0" r13="0.26857847" r14="0" r21="0" r22="1" r23="0" r24="0" r31="-0.2685782" r32="0" r33="-0.96325743" r34="0" r41="2480.2961" r42="61.481174" r43="81.89159" r44="1"></containerEntry>
          <containerEntry r11="0.13554013" r12="0" r13="0.9907716" r14="0" r21="0" r22="1" r23="0" r24="0" r31="-0.9907716" r32="0" r33="0.13554013" r34="0" r41="2552.0662" r42="62.749123" r43="102.5394" r44="1"></containerEntry>
          <containerEntry r11="-0.5663651" r12="0" r13="0.82415515" r14="0" r21="0" r22="1" r23="0" r24="0" r31="-0.82415515" r32="0" r33="-0.5663651" r34="0" r41="2555.8086" r42="63.788227" r43="100.72825" r44="1"></containerEntry>
          <containerEntry r11="-0.85289705" r12="0" r13="0.5220758" r14="0" r21="0" r22="1" r23="0" r24="0" r31="-0.5220758" r32="0" r33="-0.85289705" r34="0" r41="2555.0662" r42="62.749123" r43="103.2894" r44="1"></containerEntry>
          <containerEntry r11="-0.8206838" r12="0" r13="-0.5713782" r14="0" r21="0" r22="1" r23="0" r24="0" r31="0.5713782" r32="0" r33="-0.8206838" r34="0" r41="2556.2844" r42="62.52912" r43="117.86817" r44="1"></containerEntry>
          <containerEntry r11="-0.77303517" r12="0.026005033" r13="-0.6338308" r14="0" r21="0.01234775" r22="0.99958694" r23="0.025951812" r24="0" r31="0.63424385" r32="0.012235267" r33="-0.77303696" r34="0" r41="2529.198" r42="65.37033" r43="76.61014" r44="1"></containerEntry>
          <containerEntry r11="-0.72897863" r12="0" r13="0.68453926" r14="0" r21="0" r22="1" r23="0" r24="0" r31="-0.68453926" r32="0" r33="-0.72897863" r34="0" r41="2529.8271" r42="65.48076" r43="80.57087" r44="1"></containerEntry>
          <containerEntry r11="-0.5663651" r12="0" r13="0.82415515" r14="0" r21="0" r22="1" r23="0" r24="0" r31="-0.82415515" r32="0" r33="-0.5663651" r34="0" r41="2509.3445" r42="62.016907" r43="89.64962" r44="1"></containerEntry>
          <containerEntry r11="-0.5663651" r12="0" r13="0.82415515" r14="0" r21="0" r22="1" r23="0" r24="0" r31="-0.82415515" r32="0" r33="-0.5663651" r34="0" r41="2495.4973" r42="61.95968" r43="80.97424" r44="1"></containerEntry>
          <containerEntry r11="-0.9632584" r12="0" r13="0.26857847" r14="0" r21="0" r22="1" r23="0" r24="0" r31="-0.2685782" r32="0" r33="-0.96325743" r34="0" r41="2449.201" r42="59.761734" r43="60.645493" r44="1"></containerEntry>
          <containerEntry r11="0.9740928" r12="0.08739573" r13="0.2085792" r14="0" r21="-0.08524087" r22="0.99617314" r23="-0.01931525" r24="0" r31="-0.20946907" r32="0.0010353792" r33="0.97781473" r34="0" r41="2455.9575" r42="59.181847" r43="47.225258" r44="1"></containerEntry>
          <containerEntry r11="-0.3365615" r12="0.004315408" r13="0.94165176" r14="0" r21="0.024595702" r22="0.9996886" r23="0.0042095156" r24="0" r31="-0.9413404" r32="0.024577346" r33="-0.3365628" r34="0" r41="2461.5813" r42="60.638836" r43="62.942924" r44="1"></containerEntry>
          <containerEntry r11="-0.3365615" r12="0.004315408" r13="0.94165176" r14="0" r21="0.024595702" r22="0.9996886" r23="0.0042095156" r24="0" r31="-0.9413404" r32="0.024577346" r33="-0.3365628" r34="0" r41="2458.3528" r42="61.159927" r43="71.48905" r44="1"></containerEntry>
          <containerEntry r11="-0.9979459" r12="0.012795923" r13="-0.062799394" r14="0" r21="0.012034861" r22="0.9998497" r23="0.012482286" r24="0" r31="0.06294967" r32="0.011700843" r33="-0.99794984" r34="0" r41="2451.0476" r42="58.061848" r43="25.015257" r44="1"></containerEntry>
          <containerEntry r11="-0.3365615" r12="0.004315408" r13="0.94165176" r14="0" r21="0.024595702" r22="0.9996886" r23="0.0042095156" r24="0" r31="-0.9413404" r32="0.024577346" r33="-0.3365628" r34="0" r41="2442.1028" r42="60.815212" r43="92.99558" r44="1"></containerEntry>
          <containerEntry r11="-0.9145179" r12="0.024199586" r13="-0.40381944" r14="0" r21="0.024594977" r22="0.9996886" r23="0.004208539" r24="0" r31="0.40379554" r32="-0.006083146" r33="-0.9148283" r34="0" r41="2437.7937" r42="61.34437" r43="103.3409" r44="1"></containerEntry>
        </property>
        <property name="colors" type="UInt32" container="DynamicArray" arraySize="27">
          <containerEntry>4294967295</containerEntry>
          <containerEntry>4294967295</containerEntry>
          <containerEntry>4294967295</containerEntry>
          <containerEntry>4294967295</containerEntry>
          <containerEntry>4294967295</containerEntry>
          <containerEntry>4294967295</containerEntry>
          <containerEntry>4294967295</containerEntry>
          <containerEntry>4294967295</containerEntry>
          <containerEntry>4294967295</containerEntry>
          <containerEntry>4294967295</containerEntry>
          <containerEntry>4294967295</containerEntry>
          <containerEntry>4294967295</containerEntry>
          <containerEntry>4294967295</containerEntry>
          <containerEntry>4294967295</containerEntry>
          <containerEntry>4294967295</containerEntry>
          <containerEntry>4294967295</containerEntry>
          <containerEntry>4294967295</containerEntry>
          <containerEntry>4294967295</containerEntry>
          <containerEntry>4294967295</containerEntry>
          <containerEntry>4294967295</containerEntry>
          <containerEntry>4294967295</containerEntry>
          <containerEntry>4294967295</containerEntry>
          <containerEntry>4294967295</containerEntry>
          <containerEntry>4294967295</containerEntry>
          <containerEntry>4294967295</containerEntry>
          <containerEntry>4294967295</containerEntry>
          <containerEntry>4294967295</containerEntry>
        </property>
      </staticProperties>
      <dynamicProperties></dynamicProperties>
    </entity>
    <entity class="StaticModelArray" classVersion="4" classID="0xD0" addr="0x2D7EB70" id="0x0">
      <staticProperties>
        <property name="name" type="String" container="StaticArray" arraySize="1">
          <containerEntry>StaticModelArray0004</containerEntry>
        </property>
