<fox formatVersion="2" fileVersion="0">
  <entities>
    <entity class="DataSet" classVersion="0" classID="0xE8" addr="0x2F544C0" id="0xFD1E82">
      <staticProperties>
        <property name="name" type="String" container="StaticArray" arraySize="1">
          <containerEntry hash="0xB8A0BF169F98"></containerEntry>
        </property>
        <property name="dataSet" type="EntityHandle" container="StaticArray" arraySize="1">
          <containerEntry>0x0</containerEntry>
        </property>
        <property name="dataList" type="EntityPtr" container="StringMap" arraySize="6">
          <containerEntry key="StaticModelArray0000">
            <data>0x2D7C800</data>
          </containerEntry>
          <containerEntry key="StaticModelArray0001">
            <data>0x2D7C870</data>
          </containerEntry>
          <containerEntry key="StaticModelArray0002">
            <data>0x2D7C950</data>
          </containerEntry>
          <containerEntry key="StaticModelArray0003">
            <data>0x2D7C8E0</data>
          </containerEntry>
          <containerEntry key="StaticModelArray0004">
            <data>0x2D7C9C0</data>
          </containerEntry>
          <containerEntry key="TexturePackLoadConditioner0000">
            <data>0x2D7CF00</data>
          </containerEntry>
        </property>
      </staticProperties>
      <dynamicProperties></dynamicProperties>
    </entity>
    <entity class="StaticModelArray" classVersion="4" classID="0xD0" addr="0x2D7C800" id="0x0">
      <staticProperties>
        <property name="name" type="String" container="StaticArray" arraySize="1">
          <containerEntry>StaticModelArray0000</containerEntry>
        </property>
        <property name="dataSet" type="EntityHandle" container="StaticArray" arraySize="1">
          <containerEntry>0x2F544C0</containerEntry>
        </property>
        <property name="modelFile" type="FilePtr" container="StaticArray" arraySize="1">
          <containerEntry>/Assets/tpp/environ/object/middle_africa/clod/mafr_clod005/scenes/mafr_clod005.fmdl</containerEntry>
        </property>
        <property name="geomFile" type="FilePtr" container="StaticArray" arraySize="1">
          <containerEntry>/Assets/tpp/environ/object/middle_africa/clod/mafr_clod005/scenes/mafr_clod005.geom</containerEntry>
        </property>
        <property name="isVisibleGeom" type="Bool" container="StaticArray" arraySize="1">
          <containerEntry>false</containerEntry>
        </property>
        <property name="lodFarSize" type="Float" container="StaticArray" arraySize="1">
          <containerEntry>-1</containerEntry>
        </property>
        <property name="lodNearSize" type="Float" container="StaticArray" arraySize="1">
          <containerEntry>-1</containerEntry>
        </property>
        <property name="lodPolygonSize" type="Float" container="StaticArray" arraySize="1">
          <containerEntry>-1</containerEntry>
        </property>
        <property name="drawRejectionLevel" type="Int32" container="StaticArray" arraySize="1">
          <containerEntry>8</containerEntry>
        </property>
        <property name="drawMode" type="Int32" container="StaticArray" arraySize="1">
          <containerEntry>0</containerEntry>
        </property>
        <property name="rejectFarRangeShadowCast" type="Int32" container="StaticArray" arraySize="1">
          <containerEntry>2</containerEntry>
        </property>
        <property name="parentLocator" type="EntityLink" container="StaticArray" arraySize="1">
          <containerEntry packagePathHash="0xB8A0BF169F98" archivePathHash="0xB8A0BF169F98" nameInArchiveHash="0xB8A0BF169F98">0x0</containerEntry>
        </property>
        <property name="transforms" type="Matrix4" container="DynamicArray" arraySize="2">
          <containerEntry r11="-0.2889403" r12="0" r13="0.95734835" r14="0" r21="0" r22="1" r23="0" r24="0" r31="-0.95734835" r32="0" r33="-0.2889403" r34="0" r41="1192.7571" r42="17.989527" r43="-235.95183" r44="1"></containerEntry>
          <containerEntry r11="0.8592063" r12="0" r13="0.51162905" r14="0" r21="0" r22="1" r23="0" r24="0" r31="-0.51162905" r32="0" r33="0.8592063" r34="0" r41="1252.0192" r42="17.989527" r43="-142.39613" r44="1"></containerEntry>
        </property>
        <property name="colors" type="UInt32" container="DynamicArray" arraySize="2">
          <containerEntry>4294967295</containerEntry>
          <containerEntry>4294967295</containerEntry>
        </property>
      </staticProperties>
      <dynamicProperties></dynamicProperties>
    </entity>
    <entity class="StaticModelArray" classVersion="4" classID="0xD0" addr="0x2D7C870" id="0x0">
      <staticProperties>
        <property name="name" type="String" container="StaticArray" arraySize="1">
          <containerEntry>StaticModelArray0001</containerEntry>
        </property>
        <property name="dataSet" type="EntityHandle" container="StaticArray" arraySize="1">
          <containerEntry>0x2F544C0</containerEntry>
        </property>
        <property name="modelFile" type="FilePtr" container="StaticArray" arraySize="1">
          <containerEntry>/Assets/tpp/environ/object/middle_africa/rock/mafr_rock010/scenes/mafr_rock010.fmdl</containerEntry>
        </property>
        <property name="geomFile" type="FilePtr" container="StaticArray" arraySize="1">
          <containerEntry>/Assets/tpp/environ/object/middle_africa/rock/mafr_rock010/scenes/mafr_rock010.geom</containerEntry>
        </property>
        <property name="isVisibleGeom" type="Bool" container="StaticArray" arraySize="1">
          <containerEntry>false</containerEntry>
        </property>
        <property name="lodFarSize" type="Float" container="StaticArray" arraySize="1">
          <containerEntry>-1</containerEntry>
        </property>
        <property name="lodNearSize" type="Float" container="StaticArray" arraySize="1">
          <containerEntry>-1</containerEntry>
        </property>
        <property name="lodPolygonSize" type="Float" container="StaticArray" arraySize="1">
          <containerEntry>-1</containerEntry>
        </property>
        <property name="drawRejectionLevel" type="Int32" container="StaticArray" arraySize="1">
          <containerEntry>8</containerEntry>
        </property>
        <property name="drawMode" type="Int32" container="StaticArray" arraySize="1">
          <containerEntry>0</containerEntry>
        </property>
        <property name="rejectFarRangeShadowCast" type="Int32" container="StaticArray" arraySize="1">
          <containerEntry>2</containerEntry>
        </property>
        <property name="parentLocator" type="EntityLink" container="StaticArray" arraySize="1">
          <containerEntry packagePathHash="0xB8A0BF169F98" archivePathHash="0xB8A0BF169F98" nameInArchiveHash="0xB8A0BF169F98">0x0</containerEntry>
        </property>
        <property name="transforms" type="Matrix4" container="DynamicArray" arraySize="8">
          <containerEntry r11="0.10633761" r12="0.00035798177" r13="-0.9943289" r14="0" r21="0.024765987" r22="0.99968874" r23="0.003008456" r24="0" r31="0.9940205" r32="-0.024945475" r33="0.106295645" r34="0" r41="1152.8157" r42="18.657543" r43="-246.18369" r44="1"></containerEntry>
          <containerEntry r11="0.31932265" r12="-0.010762097" r13="0.9475835" r14="0" r21="0.024765557" r22="0.99968874" r23="0.0030082539" r24="0" r31="-0.947321" r32="0.02250688" r33="0.31948978" r34="0" r41="1152.5535" r42="18.442112" r43="-241.9982" r44="1"></containerEntry>
          <containerEntry r11="0.95255893" r12="-0.022684917" r13="-0.30350733" r14="0" r21="0.02476577" r22="0.99968874" r23="0.0030081614" r24="0" r31="0.3033446" r32="-0.010382054" r33="0.9528243" r34="0" r41="1173.2075" r42="18.12257" r43="-236.28342" r44="1"></containerEntry>
          <containerEntry r11="0.95255893" r12="-0.022684917" r13="-0.30350733" r14="0" r21="0.02476577" r22="0.99968874" r23="0.0030081614" r24="0" r31="0.3033446" r32="-0.010382054" r33="0.9528243" r34="0" r41="1202.277" r42="17.88215" r43="-197.68063" r44="1"></containerEntry>
          <containerEntry r11="-0.99230945" r12="0.024218738" r13="0.12137108" r14="0" r21="0.024766684" r22="0.99968874" r23="0.0030078944" r24="0" r31="-0.12126046" r32="0.0059907315" r33="-0.99260044" r34="0" r41="1204.3362" r42="17.006874" r43="-200.92897" r44="1"></containerEntry>
          <containerEntry r11="0.95255893" r12="-0.022684917" r13="-0.30350733" r14="0" r21="0.02476577" r22="0.99968874" r23="0.0030081614" r24="0" r31="0.3033446" r32="-0.010382054" r33="0.9528243" r34="0" r41="1277.8307" r42="17.690783" r43="-217.8684" r44="1"></containerEntry>
          <containerEntry r11="-0.08102085" r12="0.0050061587" r13="-0.9966984" r14="0" r21="0.0247648" r22="0.9996888" r23="0.0030080248" r24="0" r31="0.9964032" r32="-0.024439352" r33="-0.0811196" r34="0" r41="1277.8307" r42="16.849854" r43="-220.71353" r44="1"></containerEntry>
          <containerEntry r11="-0.15814883" r12="0.00094698183" r13="0.98741364" r14="0" r21="0.024765825" r22="0.99968874" r23="0.0030078841" r24="0" r31="-0.98710346" r32="0.024929836" r33="-0.15812308" r34="0" r41="1258.8143" r42="17.297901" r43="-217.8684" r44="1"></containerEntry>
        </property>
        <property name="colors" type="UInt32" container="DynamicArray" arraySize="8">
          <containerEntry>4294967295</containerEntry>
          <containerEntry>4294967295</containerEntry>
          <containerEntry>4294967295</containerEntry>
          <containerEntry>4294967295</containerEntry>
          <containerEntry>4294967295</containerEntry>
          <containerEntry>4294967295</containerEntry>
          <containerEntry>4294967295</containerEntry>
          <containerEntry>4294967295</containerEntry>
        </property>
      </staticProperties>
      <dynamicProperties></dynamicProperties>
    </entity>
    <entity class="StaticModelArray" classVersion="4" classID="0xD0" addr="0x2D7C950" id="0x0">
      <staticProperties>
        <property name="name" type="String" container="StaticArray" arraySize="1">
          <containerEntry>StaticModelArray0002</containerEntry>
        </property>
        <property name="dataSet" type="EntityHandle" container="StaticArray" arraySize="1">
          <containerEntry>0x2F544C0</containerEntry>
        </property>
        <property name="modelFile" type="FilePtr" container="StaticArray" arraySize="1">
          <containerEntry>/Assets/tpp/environ/object/middle_africa/rock/mafr_rock011/scenes/mafr_rock011.fmdl</containerEntry>
        </property>
        <property name="geomFile" type="FilePtr" container="StaticArray" arraySize="1">
          <containerEntry>/Assets/tpp/environ/object/middle_africa/rock/mafr_rock011/scenes/mafr_rock011.geom</containerEntry>
        </property>
        <property name="isVisibleGeom" type="Bool" container="StaticArray" arraySize="1">
          <containerEntry>false</containerEntry>
        </property>
        <property name="lodFarSize" type="Float" container="StaticArray" arraySize="1">
          <containerEntry>-1</containerEntry>
        </property>
        <property name="lodNearSize" type="Float" container="StaticArray" arraySize="1">
          <containerEntry>-1</containerEntry>
        </property>
        <property name="lodPolygonSize" type="Float" container="StaticArray" arraySize="1">
          <containerEntry>-1</containerEntry>
        </property>
        <property name="drawRejectionLevel" type="Int32" container="StaticArray" arraySize="1">
          <containerEntry>8</containerEntry>
        </property>
        <property name="drawMode" type="Int32" container="StaticArray" arraySize="1">
          <containerEntry>0</containerEntry>
        </property>
        <property name="rejectFarRangeShadowCast" type="Int32" container="StaticArray" arraySize="1">
          <containerEntry>2</containerEntry>
        </property>
        <property name="parentLocator" type="EntityLink" container="StaticArray" arraySize="1">
          <containerEntry packagePathHash="0xB8A0BF169F98" archivePathHash="0xB8A0BF169F98" nameInArchiveHash="0xB8A0BF169F98">0x0</containerEntry>
        </property>
        <property name="transforms" type="Matrix4" container="DynamicArray" arraySize="7">
          <containerEntry r11="-0.08636345" r12="0.03171435" r13="-0.9957587" r14="0" r21="0.6727904" r22="0.73901355" r23="-0.034814864" r24="0" r31="0.734775" r32="-0.6729437" r33="-0.08516085" r34="0" r41="1157.9579" r42="16.240793" r43="-237.40387" r44="1"></containerEntry>
          <containerEntry r11="0.23223421" r12="0.010255903" r13="0.9726056" r14="0" r21="-0.5643232" r22="0.8158597" r23="0.12614323" r24="0" r31="-0.79221594" r32="-0.57815886" r33="0.1952582" r34="0" r41="1174.165" r42="15.608325" r43="-245.95335" r44="1"></containerEntry>
          <containerEntry r11="-0.1568051" r12="0.03943193" r13="-0.9868411" r14="0" r21="0.7308548" r22="0.67669296" r23="-0.08909142" r24="0" r31="0.66427517" r32="-0.7352083" r33="-0.13492763" r34="0" r41="1172.5995" r42="16.00226" r43="-235.10864" r44="1"></containerEntry>
          <containerEntry r11="-0.99895066" r12="0.045491494" r13="0.004735454" r14="0" r21="0.038799673" r22="0.8976951" r23="-0.43890524" r24="0" r31="-0.024217475" r32="-0.43826216" r33="-0.89851785" r34="0" r41="1202.1565" r42="14.716387" r43="-192.17224" r44="1"></containerEntry>
          <containerEntry r11="-0.08550955" r12="0.017916411" r13="-0.99617475" r14="0" r21="0.6812475" r22="0.73064744" r23="-0.04533696" r24="0" r31="0.7270399" r32="-0.6825193" r33="-0.074682474" r34="0" r41="1215.8062" r42="15.673111" r43="-210.32182" r44="1"></containerEntry>
          <containerEntry r11="-0.7020886" r12="0.08355751" r13="0.70716923" r14="0" r21="-0.18289307" r22="0.9386177" r23="-0.29248407" r24="0" r31="-0.6882008" r32="-0.33468637" r33="-0.6437106" r34="0" r41="1248.6294" r42="14.778972" r43="-199.56287" r44="1"></containerEntry>
          <containerEntry r11="0.8619595" r12="-0.00083202124" r13="-0.5069762" r14="0" r21="0.3016458" r22="0.80457443" r23="0.51153636" r24="0" r31="0.4074744" r32="-0.593851" r33="0.6937616" r34="0" r41="1262.1886" r42="14.945326" r43="-222.07666" r44="1"></containerEntry>
        </property>
        <property name="colors" type="UInt32" container="DynamicArray" arraySize="7">
          <containerEntry>4294967295</containerEntry>
          <containerEntry>4294967295</containerEntry>
          <containerEntry>4294967295</containerEntry>
          <containerEntry>4294967295</containerEntry>
          <containerEntry>4294967295</containerEntry>
          <containerEntry>4294967295</containerEntry>
          <containerEntry>4294967295</containerEntry>
        </property>
      </staticProperties>
      <dynamicProperties></dynamicProperties>
    </entity>
    <entity class="StaticModelArray" classVersion="4" classID="0xD0" addr="0x2D7C8E0" id="0x0">
      <staticProperties>
        <property name="name" type="String" container="StaticArray" arraySize="1">
          <containerEntry>StaticModelArray0003</containerEntry>
        </property>
        <property name="dataSet" type="EntityHandle" container="StaticArray" arraySize="1">
          <containerEntry>0x2F544C0</containerEntry>
        </property>
        <property name="modelFile" type="FilePtr" container="StaticArray" arraySize="1">
          <containerEntry>/Assets/tpp/environ/object/middle_africa/cliff/mafr_clff003/scenes/mafr_clff003_vrtn001.fmdl</containerEntry>
        </property>
        <property name="geomFile" type="FilePtr" container="StaticArray" arraySize="1">
          <containerEntry>/Assets/tpp/environ/object/middle_africa/cliff/mafr_clff003/scenes/mafr_clff003_vrtn001.geom</containerEntry>
        </property>
        <property name="isVisibleGeom" type="Bool" container="StaticArray" arraySize="1">
          <containerEntry>false</containerEntry>
        </property>
        <property name="lodFarSize" type="Float" container="StaticArray" arraySize="1">
          <containerEntry>-1</containerEntry>
        </property>
        <property name="lodNearSize" type="Float" container="StaticArray" arraySize="1">
          <containerEntry>-1</containerEntry>
        </property>
        <property name="lodPolygonSize" type="Float" container="StaticArray" arraySize="1">
          <containerEntry>-1</containerEntry>
        </property>
        <property name="drawRejectionLevel" type="Int32" container="StaticArray" arraySize="1">
          <containerEntry>8</containerEntry>
        </property>
        <property name="drawMode" type="Int32" container="StaticArray" arraySize="1">
          <containerEntry>0</containerEntry>
        </property>
        <property name="rejectFarRangeShadowCast" type="Int32" container="StaticArray" arraySize="1">
          <containerEntry>2</containerEntry>
        </property>
        <property name="parentLocator" type="EntityLink" container="StaticArray" arraySize="1">
          <containerEntry packagePathHash="0xB8A0BF169F98" archivePathHash="0xB8A0BF169F98" nameInArchiveHash="0xB8A0BF169F98">0x0</containerEntry>
        </property>
        <property name="transforms" type="Matrix4" container="DynamicArray" arraySize="9">
          <containerEntry r11="0.9946433" r12="-0.032026213" r13="-0.09828017" r14="0" r21="-0.012745933" r22="0.90553594" r23="-0.42407712" r24="0" r31="0.10257783" r32="0.42305812" r33="0.9002771" r34="0" r41="1171.3148" r42="14.716383" r43="-199.01146" r44="1"></containerEntry>
          <containerEntry r11="-0.89116657" r12="-0.035202373" r13="0.22576527" r14="0" r21="0.09087243" r22="0.7794324" r23="0.4802357" r24="0" r31="-0.20964582" r32="0.48748833" r33="-0.75152624" r34="0" r41="1171.3148" r42="15.809662" r43="-203.61208" r44="1"></containerEntry>
          <containerEntry r11="-0.85031164" r12="-0.04856646" r13="-0.34784386" r14="0" r21="-0.2419193" r22="0.7415389" r23="0.48784587" r24="0" r31="0.25461563" r32="0.5423651" r33="-0.69813776" r34="0" r41="1178.3151" r42="15.460893" r43="-208.81645" r44="1"></containerEntry>
          <containerEntry r11="0.99464333" r12="-0.03202702" r13="-0.09827944" r14="0" r21="-0.023582574" r22="0.8554039" r23="-0.5174233" r24="0" r31="0.100640155" r32="0.5169693" r33="0.85006654" r34="0" r41="1196.0989" r42="12.801952" r43="-161.46826" r44="1"></containerEntry>
          <containerEntry r11="0.9849731" r12="-0.123310186" r13="0.12092367" r14="0" r21="0.16743994" r22="0.8534104" r23="-0.4936124" r24="0" r31="-0.042329714" r32="0.5064424" r33="0.8612334" r34="0" r41="1212.9564" r42="11.674932" r43="-161.98695" r44="1"></containerEntry>
          <containerEntry r11="-0.97848225" r12="-0.13226907" r13="-0.15829413" r14="0" r21="-0.19816567" r22="0.8158617" r23="0.5432295" r24="0" r31="0.057293132" r32="0.56291455" r33="-0.8245156" r34="0" r41="1218.9733" r42="11.267617" r43="-150.42332" r44="1"></containerEntry>
          <containerEntry r11="0.88845706" r12="-0.0356976" r13="-0.45756832" r14="0" r21="-0.26760632" r22="0.76966727" r23="-0.5796525" r24="0" r31="0.3728672" r32="0.6374448" r33="0.67426354" r34="0" r41="1222.3677" r42="13.122634" r43="-135.97246" r44="1"></containerEntry>
          <containerEntry r11="-0.9137955" r12="0.009497464" r13="-0.40603408" r14="0" r21="-0.25957274" r22="0.7552467" r23="0.6018483" r24="0" r31="0.31237134" r32="0.65536946" r33="-0.6876728" r34="0" r41="1273.9613" r42="12.438851" r43="-180.01201" r44="1"></containerEntry>
          <containerEntry r11="-0.97117686" r12="-0.09437725" r13="-0.2188278" r14="0" r21="-0.20071885" r22="0.81895137" r23="0.53761375" r24="0" r31="0.12847029" r32="0.5660473" r33="-0.8142879" r34="0" r41="1273.1073" r42="12.735794" r43="-150.13794" r44="1"></containerEntry>
        </property>
        <property name="colors" type="UInt32" container="DynamicArray" arraySize="9">
          <containerEntry>4294967295</containerEntry>
          <containerEntry>4294967295</containerEntry>
          <containerEntry>4294967295</containerEntry>
          <containerEntry>4294967295</containerEntry>
          <containerEntry>4294967295</containerEntry>
          <containerEntry>4294967295</containerEntry>
          <containerEntry>4294967295</containerEntry>
          <containerEntry>4294967295</containerEntry>
          <containerEntry>4294967295</containerEntry>
        </property>
      </staticProperties>
      <dynamicProperties></dynamicProperties>
    </entity>
    <entity class="StaticModelArray" classVersion="4" classID="0xD0" addr="0x2D7C9C0" id="0x0">
      <staticProperties>
        <property name="name" type="String" container="StaticArray" arraySize="1">
          <containerEntry>StaticModelArray0004</containerEntry>
        </property>
        <property name="dataSet" type="EntityHandle" container="StaticArray" arraySize="1">
          <containerEntry>0x2F544C0</containerEntry>
        </property>
        <property name="modelFile" type="FilePtr" container="StaticArray" arraySize="1">
          <containerEntry>/Assets/tpp/environ/object/middle_africa/rock/mafr_rock002/scenes/mafr_rock002.fmdl</containerEntry>
        </property>
        <property name="geomFile" type="FilePtr" container="StaticArray" arraySize="1">
          <containerEntry>/Assets/tpp/environ/object/middle_africa/rock/mafr_rock002/scenes/mafr_rock002.geom</containerEntry>
        </property>
        <property name="isVisibleGeom" type="Bool" container="StaticArray" arraySize="1">
          <containerEntry>false</containerEntry>
        </property>
        <property name="lodFarSize" type="Float" container="StaticArray" arraySize="1">
          <containerEntry>-1</containerEntry>
        </property>
        <property name="lodNearSize" type="Float" container="StaticArray" arraySize="1">
          <containerEntry>-1</containerEntry>
        </property>
        <property name="lodPolygonSize" type="Float" container="StaticArray" arraySize="1">
          <containerEntry>-1</containerEntry>
        </property>
        <property name="drawRejectionLevel" type="Int32" container="StaticArray" arraySize="1">
          <containerEntry>8</containerEntry>
        </property>
        <property name="drawMode" type="Int32" container="StaticArray" arraySize="1">
          <containerEntry>0</containerEntry>
        </property>
        <property name="rejectFarRangeShadowCast" type="Int32" container="StaticArray" arraySize="1">
          <containerEntry>2</containerEntry>
        </property>
        <property name="parentLocator" type="EntityLink" container="StaticArray" arraySize="1">
          <containerEntry packagePathHash="0xB8A0BF169F98" archivePathHash="0xB8A0BF169F98" nameInArchiveHash="0xB8A0BF169F98">0x0</containerEntry>
        </property>
        <property name="transforms" type="Matrix4" container="DynamicArray" arraySize="2">
          <containerEntry r11="0.82784224" r12="0" r13="-0.5609608" r14="0" r21="0" r22="1" r23="0" r24="0" r31="0.5609608" r32="0" r33="0.82784224" r34="0" r41="1245.0933" r42="19.628641" r43="-205.14775" r44="1"></containerEntry>
          <containerEntry r11="-0.48976243" r12="0" r13="-0.87185615" r14="0" r21="0" r22="1" r23="0" r24="0" r31="0.87185615" r32="0" r33="-0.48976243" r34="0" r41="1222.4265" r42="17.706228" r43="-212.88582" r44="1"></containerEntry>
        </property>
        <property name="colors" type="UInt32" container="DynamicArray" arraySize="2">
          <containerEntry>4294967295</containerEntry>
          <containerEntry>4294967295</containerEntry>
        </property>
      </staticProperties>
      <dynamicProperties></dynamicProperties>
    </entity>
    <entity class="TexturePackLoadConditioner" classVersion="0" classID="0x48" addr="0x2D7CF00" id="0x0">
      <staticProperties>
        <property name="name" type="String" container="StaticArray" arraySize="1">
          <containerEntry>TexturePackLoadConditioner0000</containerEntry>
        </property>
        <property name="dataSet" type="EntityHandle" container="StaticArray" arraySize="1">
          <containerEntry>0x2F544C0</containerEntry>
        </property>
        <property name="texturePackPath" type="Path" container="StaticArray" arraySize="1">
          <containerEntry hash="0xB8A0BF169F98"></containerEntry>
        </property>
      </staticProperties>
      <dynamicProperties></dynamicProperties>
    </entity>
  </entities>
</fox>