<fox formatVersion="2" fileVersion="0">
  <entities>
    <entity class="DataSet" classVersion="0" classID="0xE8" addr="0x2EF1970" id="0x122AFCB">
      <staticProperties>
        <property name="name" type="String" container="StaticArray" arraySize="1">
          <containerEntry hash="0xB8A0BF169F98"></containerEntry>
        </property>
        <property name="dataSet" type="EntityHandle" container="StaticArray" arraySize="1">
          <containerEntry>0x0</containerEntry>
        </property>
        <property name="dataList" type="EntityPtr" container="StringMap" arraySize="4">
          <containerEntry key="StaticModelArray0000">
            <data>0x2D770F0</data>
          </containerEntry>
          <containerEntry key="StaticModelArray0001">
            <data>0x2D77160</data>
          </containerEntry>
          <containerEntry key="StaticModelArray0002">
            <data>0x2D771D0</data>
          </containerEntry>
          <containerEntry key="TexturePackLoadConditioner0000">
            <data>0x2D777F0</data>
          </containerEntry>
        </property>
      </staticProperties>
      <dynamicProperties></dynamicProperties>
    </entity>
    <entity class="StaticModelArray" classVersion="4" classID="0xD0" addr="0x2D770F0" id="0x0">
      <staticProperties>
        <property name="name" type="String" container="StaticArray" arraySize="1">
          <containerEntry>StaticModelArray0000</containerEntry>
        </property>
        <property name="dataSet" type="EntityHandle" container="StaticArray" arraySize="1">
          <containerEntry>0x2EF1970</containerEntry>
        </property>
        <property name="modelFile" type="FilePtr" container="StaticArray" arraySize="1">
          <containerEntry>/Assets/tpp/environ/object/middle_africa/tree/mafr_tree031/scenes/mafr_tree031_vrtn005.fmdl</containerEntry>
        </property>
        <property name="geomFile" type="FilePtr" container="StaticArray" arraySize="1">
          <containerEntry>/Assets/tpp/environ/object/middle_africa/tree/mafr_tree031/scenes/mafr_tree031_vrtn005.geom</containerEntry>
        </property>
        <property name="isVisibleGeom" type="Bool" container="StaticArray" arraySize="1">
          <containerEntry>false</containerEntry>
        </property>
        <property name="lodFarSize" type="Float" container="StaticArray" arraySize="1">
          <containerEntry>-1</containerEntry>
        </property>
        <property name="lodNearSize" type="Float" container="StaticArray" arraySize="1">
          <containerEntry>-1</containerEntry>
        </property>
        <property name="lodPolygonSize" type="Float" container="StaticArray" arraySize="1">
          <containerEntry>-1</containerEntry>
        </property>
        <property name="drawRejectionLevel" type="Int32" container="StaticArray" arraySize="1">
          <containerEntry>7</containerEntry>
        </property>
        <property name="drawMode" type="Int32" container="StaticArray" arraySize="1">
          <containerEntry>0</containerEntry>
        </property>
        <property name="rejectFarRangeShadowCast" type="Int32" container="StaticArray" arraySize="1">
          <containerEntry>2</containerEntry>
        </property>
        <property name="parentLocator" type="EntityLink" container="StaticArray" arraySize="1">
          <containerEntry packagePathHash="0xB8A0BF169F98" archivePathHash="0xB8A0BF169F98" nameInArchiveHash="0xB8A0BF169F98">0x0</containerEntry>
        </property>
        <property name="transforms" type="Matrix4" container="DynamicArray" arraySize="7">
          <containerEntry r11="0.75251424" r12="0.071966305" r13="-0.65463233" r14="0" r21="-6.221235e-07" r22="0.9940115" r23="0.10927496" r24="0" r31="0.65857625" r32="-0.082230575" r33="0.7480079" r34="0" r41="2913.879" r42="82.02892" r43="576.9268" r44="1"></containerEntry>
          <containerEntry r11="1" r12="0" r13="0" r14="0" r21="0" r22="0.99401164" r23="0.10927407" r24="0" r31="0" r32="-0.10927407" r33="0.99401164" r34="0" r41="2930.7507" r42="72.05815" r43="597.5557" r44="1"></containerEntry>
          <containerEntry r11="0.8151497" r12="0" r13="-0.57925016" r14="0" r21="0" r22="1" r23="0" r24="0" r31="0.57925016" r32="0" r33="0.8151497" r34="0" r41="2830.657" r42="46.887096" r43="624.95483" r44="1"></containerEntry>
          <containerEntry r11="0.6786883" r12="0" r13="-0.73442626" r14="0" r21="0" r22="1" r23="0" r24="0" r31="0.73442626" r32="0" r33="0.6786883" r34="0" r41="2977.5532" r42="97.29754" r43="550.34515" r44="1"></containerEntry>
          <containerEntry r11="0.8649019" r12="0" r13="-0.50194097" r14="0" r21="0" r22="1" r23="0" r24="0" r31="0.50194097" r32="0" r33="0.8649019" r34="0" r41="3001.6426" r42="104.91584" r43="568.9797" r44="1"></containerEntry>
          <containerEntry r11="0.88383895" r12="0" r13="-0.4677911" r14="0" r21="0" r22="1" r23="0" r24="0" r31="0.4677911" r32="0" r33="0.88383895" r34="0" r41="2955.6836" r42="97.282265" r43="525.5461" r44="1"></containerEntry>
          <containerEntry r11="0.9943818" r12="0" r13="0.10585296" r14="0" r21="0" r22="1" r23="0" r24="0" r31="-0.10585296" r32="0" r33="0.9943818" r34="0" r41="2943.1448" r42="88.21964" r43="553.9958" r44="1"></containerEntry>
        </property>
        <property name="colors" type="UInt32" container="DynamicArray" arraySize="7">
          <containerEntry>4294967295</containerEntry>
          <containerEntry>4294967295</containerEntry>
          <containerEntry>4294967295</containerEntry>
          <containerEntry>4294967295</containerEntry>
          <containerEntry>4294967295</containerEntry>
          <containerEntry>4294967295</containerEntry>
          <containerEntry>4294967295</containerEntry>
        </property>
      </staticProperties>
      <dynamicProperties></dynamicProperties>
    </entity>
    <entity class="StaticModelArray" classVersion="4" classID="0xD0" addr="0x2D77160" id="0x0">
      <staticProperties>
        <property name="name" type="String" container="StaticArray" arraySize="1">
          <containerEntry>StaticModelArray0001</containerEntry>
        </property>
        <property name="dataSet" type="EntityHandle" container="StaticArray" arraySize="1">
          <containerEntry>0x2EF1970</containerEntry>
        </property>
        <property name="modelFile" type="FilePtr" container="StaticArray" arraySize="1">
          <containerEntry>/Assets/tpp/environ/object/middle_africa/tree/mafr_tree031/scenes/mafr_tree031_vrtn009.fmdl</containerEntry>
        </property>
        <property name="geomFile" type="FilePtr" container="StaticArray" arraySize="1">
          <containerEntry>/Assets/tpp/environ/object/middle_africa/tree/mafr_tree031/scenes/mafr_tree031_vrtn009.geom</containerEntry>
        </property>
        <property name="isVisibleGeom" type="Bool" container="StaticArray" arraySize="1">
          <containerEntry>false</containerEntry>
        </property>
        <property name="lodFarSize" type="Float" container="StaticArray" arraySize="1">
          <containerEntry>-1</containerEntry>
        </property>
        <property name="lodNearSize" type="Float" container="StaticArray" arraySize="1">
          <containerEntry>-1</containerEntry>
        </property>
        <property name="lodPolygonSize" type="Float" container="StaticArray" arraySize="1">
          <containerEntry>-1</containerEntry>
        </property>
        <property name="drawRejectionLevel" type="Int32" container="StaticArray" arraySize="1">
          <containerEntry>7</containerEntry>
        </property>
        <property name="drawMode" type="Int32" container="StaticArray" arraySize="1">
          <containerEntry>0</containerEntry>
        </property>
        <property name="rejectFarRangeShadowCast" type="Int32" container="StaticArray" arraySize="1">
          <containerEntry>2</containerEntry>
        </property>
        <property name="parentLocator" type="EntityLink" container="StaticArray" arraySize="1">
          <containerEntry packagePathHash="0xB8A0BF169F98" archivePathHash="0xB8A0BF169F98" nameInArchiveHash="0xB8A0BF169F98">0x0</containerEntry>
        </property>
        <property name="transforms" type="Matrix4" container="DynamicArray" arraySize="10">
          <containerEntry r11="0.4966032" r12="0.062765874" r13="-1.1070998" r14="0" r21="-0.036652528" r22="1.2133183" r23="0.052346874" r24="0" r31="1.1082716" r32="0.01200199" r33="0.49780932" r34="0" r41="2865.5654" r42="63.93337" r43="544.6436" r44="1"></containerEntry>
          <containerEntry r11="-0.1285027" r12="-0.16255242" r13="0.9782948" r14="0" r21="-0.0065344125" r22="0.9865924" r23="0.16307274" r24="0" r31="-0.99168605" r32="0.014562793" r33="-0.12784193" r34="0" r41="2929.8025" r42="88.07677" r43="520.7297" r44="1"></containerEntry>
          <containerEntry r11="0.6428503" r12="0.052390855" r13="-0.76419854" r14="0" r21="-0.030166697" r22="0.99861586" r23="0.043085255" r24="0" r31="0.765398" r32="-0.004644064" r33="0.643541" r34="0" r41="2885.4941" r42="57.20408" r43="621.7216" r44="1"></containerEntry>
          <containerEntry r11="0.24197446" r12="-0.04402349" r13="1.189846" r14="0" r21="-0.03665186" r22="1.2133185" r23="0.052345738" r24="0" r31="-1.1900959" r32="-0.046318028" r33="0.24031156" r34="0" r41="3064.7036" r42="126.68998" r43="516.5328" r44="1"></containerEntry>
          <containerEntry r11="0.6280202" r12="-0.18534584" r13="1.0234541" r14="0" r21="-0.043534268" r22="1.1898212" r23="0.2421886" r24="0" r31="-1.0391902" r32="-0.16185571" r33="0.60836446" r34="0" r41="3030.4395" r42="84.4697" r43="624.08154" r44="1"></containerEntry>
          <containerEntry r11="0.21881257" r12="-0.23068795" r13="1.1726565" r14="0" r21="-0.04353382" r22="1.1898214" r23="0.24218777" r24="0" r31="-1.1943388" r32="-0.08563283" r33="0.20601247" r34="0" r41="3077.4753" r42="113.651146" r43="597.71265" r44="1"></containerEntry>
          <containerEntry r11="0.42409575" r12="-0.18053907" r13="0.9844696" r14="0" r21="-0.039729007" r22="1.0653206" r23="0.21248078" r24="0" r31="-1.0000982" r32="-0.11887823" r33="0.4090276" r34="0" r41="3070.9148" r42="97.18571" r43="637.2801" r44="1"></containerEntry>
          <containerEntry r11="-0.98648924" r12="-0.02280084" r13="-0.16221666" r14="0" r21="-0.03016555" r22="0.998616" r23="0.043082945" r24="0" r31="0.16100982" r32="0.047394328" r33="-0.98581177" r34="0" r41="2861.544" r42="53.444202" r43="594.85486" r44="1"></containerEntry>
          <containerEntry r11="0.81056136" r12="0.06343925" r13="-0.90287894" r14="0" r21="-0.036652237" r22="1.2133183" r23="0.05234712" r24="0" r31="0.90436256" r32="-0.007685596" r33="0.81135327" r34="0" r41="2887.751" r42="77.775734" r43="505.34323" r44="1"></containerEntry>
          <containerEntry r11="0.34973118" r12="-0.012738946" r13="0.93676215" r14="0" r21="0.04120777" r22="0.99914896" r23="-0.0017971769" r24="0" r31="-0.9359421" r32="0.03923042" r33="0.34995848" r34="0" r41="2967.9424" r42="104.30146" r43="491.7218" r44="1"></containerEntry>
        </property>
        <property name="colors" type="UInt32" container="DynamicArray" arraySize="10">
          <containerEntry>4294967295</containerEntry>
          <containerEntry>4294967295</containerEntry>
          <containerEntry>4294967295</containerEntry>
          <containerEntry>4294967295</containerEntry>
          <containerEntry>4294967295</containerEntry>
          <containerEntry>4294967295</containerEntry>
          <containerEntry>4294967295</containerEntry>
          <containerEntry>4294967295</containerEntry>
          <containerEntry>4294967295</containerEntry>
          <containerEntry>4294967295</containerEntry>
        </property>
      </staticProperties>
      <dynamicProperties></dynamicProperties>
    </entity>
    <entity class="StaticModelArray" classVersion="4" classID="0xD0" addr="0x2D771D0" id="0x0">
      <staticProperties>
        <property name="name" type="String" container="StaticArray" arraySize="1">
          <containerEntry>StaticModelArray0002</containerEntry>
        </property>
        <property name="dataSet" type="EntityHandle" container="StaticArray" arraySize="1">
          <containerEntry>0x2EF1970</containerEntry>
        </property>
        <property name="modelFile" type="FilePtr" container="StaticArray" arraySize="1">
          <containerEntry>/Assets/tpp/environ/object/middle_africa/tree/mafr_tree031/scenes/mafr_tree031_vrtn001.fmdl</containerEntry>
        </property>
        <property name="geomFile" type="FilePtr" container="StaticArray" arraySize="1">
          <containerEntry>/Assets/tpp/environ/object/middle_africa/tree/mafr_tree031/scenes/mafr_tree031_vrtn001.geom</containerEntry>
        </property>
        <property name="isVisibleGeom" type="Bool" container="StaticArray" arraySize="1">
          <containerEntry>false</containerEntry>
        </property>
        <property name="lodFarSize" type="Float" container="StaticArray" arraySize="1">
          <containerEntry>-1</containerEntry>
        </property>
        <property name="lodNearSize" type="Float" container="StaticArray" arraySize="1">
          <containerEntry>-1</containerEntry>
        </property>
        <property name="lodPolygonSize" type="Float" container="StaticArray" arraySize="1">
          <containerEntry>-1</containerEntry>
        </property>
        <property name="drawRejectionLevel" type="Int32" container="StaticArray" arraySize="1">
          <containerEntry>7</containerEntry>
        </property>
        <property name="drawMode" type="Int32" container="StaticArray" arraySize="1">
          <containerEntry>0</containerEntry>
        </property>
        <property name="rejectFarRangeShadowCast" type="Int32" container="StaticArray" arraySize="1">
          <containerEntry>2</containerEntry>
        </property>
        <property name="parentLocator" type="EntityLink" container="StaticArray" arraySize="1">
          <containerEntry packagePathHash="0xB8A0BF169F98" archivePathHash="0xB8A0BF169F98" nameInArchiveHash="0xB8A0BF169F98">0x0</containerEntry>
        </property>
        <property name="transforms" type="Matrix4" container="DynamicArray" arraySize="7">
          <containerEntry r11="-0.988381" r12="0.0014677289" r13="-0.15199655" r14="0" r21="-0.014531406" r22="0.9944612" r23="0.10409547" r24="0" r31="0.15130746" r32="0.105094485" r33="-0.98288524" r34="0" r41="2928.6082" r42="60.273136" r43="629.7128" r44="1"></containerEntry>
          <containerEntry r11="0.47963065" r12="0" r13="-0.8774703" r14="0" r21="0" r22="1" r23="0" r24="0" r31="0.8774703" r32="0" r33="0.47963065" r34="0" r41="2828.6904" r42="51.17968" r43="561.1912" r44="1"></containerEntry>
          <containerEntry r11="0.39115268" r12="0" r13="-0.9203256" r14="0" r21="0" r22="1" r23="0" r24="0" r31="0.9203256" r32="0" r33="0.39115268" r34="0" r41="3018.7517" r42="101.86006" r43="589.0522" r44="1"></containerEntry>
          <containerEntry r11="0.9756896" r12="-5.476177e-07" r13="0.21915692" r14="0" r21="-0.044304907" r22="0.9793519" r23="0.19724852" r24="0" r31="-0.21463186" r32="-0.20216307" r33="0.95554346" r34="0" r41="2961.8489" r42="84.92178" r43="589.36865" r44="1"></containerEntry>
          <containerEntry r11="-0.98993945" r12="-5.196775e-07" r13="-0.14147331" r14="0" r21="-0.025513582" r22="0.98360467" r23="0.17852421" r24="0" r31="0.13915372" r32="0.18033795" r33="-0.973709" r34="0" r41="2969.5796" r42="67.978546" r43="625.67365" r44="1"></containerEntry>
          <containerEntry r11="-1.0291246" r12="0" r13="-0.31068173" r14="0" r21="0" r22="1.075" r23="0" r24="0" r31="0.31068173" r32="0" r33="-1.0291246" r34="0" r41="3041.6653" r42="114.704216" r43="554.9757" r44="1"></containerEntry>
          <containerEntry r11="0.61947656" r12="0" r13="0.7850155" r14="0" r21="0" r22="1" r23="0" r24="0" r31="-0.7850155" r32="0" r33="0.61947656" r34="0" r41="3008.2507" r42="67.67467" r43="644.7365" r44="1"></containerEntry>
        </property>
        <property name="colors" type="UInt32" container="DynamicArray" arraySize="7">
          <containerEntry>4294967295</containerEntry>
          <containerEntry>4294967295</containerEntry>
          <containerEntry>4294967295</containerEntry>
          <containerEntry>4294967295</containerEntry>
          <containerEntry>4294967295</containerEntry>
          <containerEntry>4294967295</containerEntry>
          <containerEntry>4294967295</containerEntry>
        </property>
      </staticProperties>
      <dynamicProperties></dynamicProperties>
    </entity>
    <entity class="TexturePackLoadConditioner" classVersion="0" classID="0x48" addr="0x2D777F0" id="0x0">
      <staticProperties>
        <property name="name" type="String" container="StaticArray" arraySize="1">
          <containerEntry>TexturePackLoadConditioner0000</containerEntry>
        </property>
        <property name="dataSet" type="EntityHandle" container="StaticArray" arraySize="1">
          <containerEntry>0x2EF1970</containerEntry>
        </property>
        <property name="texturePackPath" type="Path" container="StaticArray" arraySize="1">
          <containerEntry hash="0xB8A0BF169F98"></containerEntry>
        </property>
      </staticProperties>
      <dynamicProperties></dynamicProperties>
    </entity>
  </entities>
</fox>