<fox formatVersion="2" fileVersion="0">
  <entities>
    <entity class="DataSet" classVersion="0" classID="0xE8" addr="0x2EF46F0" id="0x4F52D">
      <staticProperties>
        <property name="name" type="String" container="StaticArray" arraySize="1">
          <containerEntry hash="0xB8A0BF169F98"></containerEntry>
        </property>
        <property name="dataSet" type="EntityHandle" container="StaticArray" arraySize="1">
          <containerEntry>0x0</containerEntry>
        </property>
        <property name="dataList" type="EntityPtr" container="StringMap" arraySize="8">
          <containerEntry key="StaticModelArray0000">
            <data>0x2D7C640</data>
          </containerEntry>
          <containerEntry key="StaticModelArray0001">
            <data>0x2D7C720</data>
          </containerEntry>
          <containerEntry key="StaticModelArray0002">
            <data>0x2D7C790</data>
          </containerEntry>
          <containerEntry key="StaticModelArray0003">
            <data>0x2D7C6B0</data>
          </containerEntry>
          <containerEntry key="StaticModelArray0004">
            <data>0x2D7C800</data>
          </containerEntry>
          <containerEntry key="StaticModelArray0005">
            <data>0x2D7C870</data>
          </containerEntry>
          <containerEntry key="StaticModelArray0006">
            <data>0x2D7C100</data>
          </containerEntry>
          <containerEntry key="TexturePackLoadConditioner0000">
            <data>0x2D7CD40</data>
          </containerEntry>
        </property>
      </staticProperties>
      <dynamicProperties></dynamicProperties>
    </entity>
    <entity class="StaticModelArray" classVersion="4" classID="0xD0" addr="0x2D7C640" id="0x0">
      <staticProperties>
        <property name="name" type="String" container="StaticArray" arraySize="1">
          <containerEntry>StaticModelArray0000</containerEntry>
        </property>
        <property name="dataSet" type="EntityHandle" container="StaticArray" arraySize="1">
          <containerEntry>0x2EF46F0</containerEntry>
        </property>
        <property name="modelFile" type="FilePtr" container="StaticArray" arraySize="1">
          <containerEntry>/Assets/tpp/environ/object/middle_africa/cliff/mafr_clff004/scenes/mafr_clff004_rock001.fmdl</containerEntry>
        </property>
        <property name="geomFile" type="FilePtr" container="StaticArray" arraySize="1">
          <containerEntry>/Assets/tpp/environ/object/middle_africa/cliff/mafr_clff004/scenes/mafr_clff004_rock001.geom</containerEntry>
        </property>
        <property name="isVisibleGeom" type="Bool" container="StaticArray" arraySize="1">
          <containerEntry>false</containerEntry>
        </property>
        <property name="lodFarSize" type="Float" container="StaticArray" arraySize="1">
          <containerEntry>-1</containerEntry>
        </property>
        <property name="lodNearSize" type="Float" container="StaticArray" arraySize="1">
          <containerEntry>-1</containerEntry>
        </property>
        <property name="lodPolygonSize" type="Float" container="StaticArray" arraySize="1">
          <containerEntry>-1</containerEntry>
        </property>
        <property name="drawRejectionLevel" type="Int32" container="StaticArray" arraySize="1">
          <containerEntry>8</containerEntry>
        </property>
        <property name="drawMode" type="Int32" container="StaticArray" arraySize="1">
          <containerEntry>0</containerEntry>
        </property>
        <property name="rejectFarRangeShadowCast" type="Int32" container="StaticArray" arraySize="1">
          <containerEntry>2</containerEntry>
        </property>
        <property name="parentLocator" type="EntityLink" container="StaticArray" arraySize="1">
          <containerEntry packagePathHash="0xB8A0BF169F98" archivePathHash="0xB8A0BF169F98" nameInArchiveHash="0xB8A0BF169F98">0x0</containerEntry>
        </property>
        <property name="transforms" type="Matrix4" container="DynamicArray" arraySize="11">
          <containerEntry r11="0.999859" r12="-0.016785232" r13="0.0005238217" r14="0" r21="0.016785232" r22="0.99791324" r23="-0.06234944" r24="0" r31="0.0005238217" r32="0.06234944" r33="0.99805427" r34="0" r41="2415.1123" r42="-11.854078" r43="1881.5099" r44="1"></containerEntry>
          <containerEntry r11="0.5828504" r12="0.28417456" r13="0.7612686" r14="0" r21="0.02237022" r22="0.930888" r23="-0.36461908" r24="0" r31="-0.81227124" r32="0.22954805" r33="0.5362114" r34="0" r41="2415.219" r42="-9.815574" r43="1889.1764" r44="1"></containerEntry>
          <containerEntry r11="0.99873316" r12="-0.050293665" r13="-0.0016287722" r14="0" r21="0.050293665" r22="0.9966391" r23="0.06466157" r24="0" r31="-0.0016287722" r32="-0.06466157" r33="0.9979059" r34="0" r41="2413.2644" r42="-7.32411" r43="1908.0745" r44="1"></containerEntry>
          <containerEntry r11="-0.81087416" r12="-0.11047983" r13="-0.574698" r14="0" r21="-0.14262596" r22="0.98971575" r23="0.010976262" r24="0" r31="0.567575" r32="0.0908672" r33="-0.81829226" r34="0" r41="2415.2969" r42="-6.246607" r43="1898.7861" r44="1"></containerEntry>
          <containerEntry r11="-0.9992733" r12="0.011394741" r13="-0.0363378" r14="0" r21="0.012012156" r22="0.99978644" r23="-0.01681814" r24="0" r31="0.0361384" r32="-0.017242435" r33="-0.9991967" r34="0" r41="2379.363" r42="-11.959883" r43="1869.2982" r44="1"></containerEntry>
          <containerEntry r11="0.8066182" r12="-0.021046927" r13="-0.59069806" r14="0" r21="0.01201172" r22="0.99974316" r23="-0.01921904" r24="0" r31="0.5909508" r32="0.008407129" r33="0.8066638" r34="0" r41="2379.8818" r42="-11.99379" r43="1867.5406" r44="1"></containerEntry>
          <containerEntry r11="-0.55827606" r12="0.022738183" r13="0.8293429" r14="0" r21="0.01405173" r22="0.9997401" r23="-0.017951006" r24="0" r31="-0.82953554" r32="0.0016320909" r33="-0.55845046" r34="0" r41="2379.6675" r42="-11.973319" r43="1864.8917" r44="1"></containerEntry>
          <containerEntry r11="-0.0759755" r12="-0.018251598" r13="-0.99694335" r14="0" r21="0.012011899" r22="0.99974316" r23="-0.019218266" r24="0" r31="0.997038" r32="-0.013435277" r33="-0.07573676" r34="0" r41="2378.4487" r42="-11.978876" r43="1863.5228" r44="1"></containerEntry>
          <containerEntry r11="-0.71854395" r12="0.021163294" r13="0.69516027" r14="0" r21="0.014380003" r22="0.99977535" r23="-0.015573196" r24="0" r31="-0.6953337" r32="-0.0011936219" r33="-0.7186868" r34="0" r41="2369.3613" r42="-11.935038" r43="1851.8854" r44="1"></containerEntry>
          <containerEntry r11="0.9948444" r12="-0.015781067" r13="-0.100168" r14="0" r21="0.014051277" r22="0.9997401" r23="-0.017951155" r24="0" r31="0.10042525" r32="0.016451117" r33="0.99480754" r34="0" r41="2369.6355" r42="-11.973319" r43="1850.0739" r44="1"></containerEntry>
          <containerEntry r11="-0.9745058" r12="0.017711842" r13="0.22364236" r14="0" r21="0.014050684" r22="0.9997401" r23="-0.017951481" r24="0" r31="-0.22390221" r32="-0.0143515505" r33="-0.9745014" r34="0" r41="2324.4202" r42="-12.000613" r43="1828.0931" r44="1"></containerEntry>
        </property>
        <property name="colors" type="UInt32" container="DynamicArray" arraySize="11">
          <containerEntry>4294967295</containerEntry>
          <containerEntry>4294967295</containerEntry>
          <containerEntry>4294967295</containerEntry>
          <containerEntry>4294967295</containerEntry>
          <containerEntry>4294967295</containerEntry>
          <containerEntry>4294967295</containerEntry>
          <containerEntry>4294967295</containerEntry>
          <containerEntry>4294967295</containerEntry>
          <containerEntry>4294967295</containerEntry>
          <containerEntry>4294967295</containerEntry>
          <containerEntry>4294967295</containerEntry>
        </property>
      </staticProperties>
      <dynamicProperties></dynamicProperties>
    </entity>
    <entity class="StaticModelArray" classVersion="4" classID="0xD0" addr="0x2D7C720" id="0x0">
      <staticProperties>
        <property name="name" type="String" container="StaticArray" arraySize="1">
          <containerEntry>StaticModelArray0001</containerEntry>
        </property>
        <property name="dataSet" type="EntityHandle" container="StaticArray" arraySize="1">
          <containerEntry>0x2EF46F0</containerEntry>
        </property>
        <property name="modelFile" type="FilePtr" container="StaticArray" arraySize="1">
          <containerEntry>/Assets/tpp/environ/object/middle_africa/mud/mafr_mudd003/scenes/mafr_mudd003_grnd001.fmdl</containerEntry>
        </property>
        <property name="geomFile" type="FilePtr" container="StaticArray" arraySize="1">
          <containerEntry>/Assets/tpp/environ/object/middle_africa/mud/mafr_mudd003/scenes/mafr_mudd003_grnd001.geom</containerEntry>
        </property>
        <property name="isVisibleGeom" type="Bool" container="StaticArray" arraySize="1">
          <containerEntry>false</containerEntry>
        </property>
        <property name="lodFarSize" type="Float" container="StaticArray" arraySize="1">
          <containerEntry>-1</containerEntry>
        </property>
        <property name="lodNearSize" type="Float" container="StaticArray" arraySize="1">
          <containerEntry>-1</containerEntry>
        </property>
        <property name="lodPolygonSize" type="Float" container="StaticArray" arraySize="1">
          <containerEntry>-1</containerEntry>
        </property>
        <property name="drawRejectionLevel" type="Int32" container="StaticArray" arraySize="1">
          <containerEntry>8</containerEntry>
        </property>
        <property name="drawMode" type="Int32" container="StaticArray" arraySize="1">
          <containerEntry>0</containerEntry>
        </property>
        <property name="rejectFarRangeShadowCast" type="Int32" container="StaticArray" arraySize="1">
          <containerEntry>2</containerEntry>
        </property>
        <property name="parentLocator" type="EntityLink" container="StaticArray" arraySize="1">
          <containerEntry packagePathHash="0xB8A0BF169F98" archivePathHash="0xB8A0BF169F98" nameInArchiveHash="0xB8A0BF169F98">0x0</containerEntry>
        </property>
        <property name="transforms" type="Matrix4" container="DynamicArray" arraySize="3">
          <containerEntry r11="0.45844883" r12="0" r13="0.8887204" r14="0" r21="0" r22="1" r23="0" r24="0" r31="-0.8887204" r32="0" r33="0.45844883" r34="0" r41="2317.7786" r42="-12.136314" r43="1830.641" r44="1"></containerEntry>
          <containerEntry r11="-0.8875389" r12="0" r13="0.46072927" r14="0" r21="0" r22="1" r23="0" r24="0" r31="-0.46072927" r32="0" r33="-0.8875389" r34="0" r41="2342.2346" r42="-12.136314" r43="1828.112" r44="1"></containerEntry>
          <containerEntry r11="-0.66736436" r12="0" r13="-0.7447298" r14="0" r21="0" r22="1" r23="0" r24="0" r31="0.7447298" r32="0" r33="-0.66736436" r34="0" r41="2338.2415" r42="-12.136314" r43="1829.2654" r44="1"></containerEntry>
        </property>
        <property name="colors" type="UInt32" container="DynamicArray" arraySize="3">
          <containerEntry>4294967295</containerEntry>
          <containerEntry>4294967295</containerEntry>
          <containerEntry>4294967295</containerEntry>
        </property>
      </staticProperties>
      <dynamicProperties></dynamicProperties>
    </entity>
    <entity class="StaticModelArray" classVersion="4" classID="0xD0" addr="0x2D7C790" id="0x0">
      <staticProperties>
        <property name="name" type="String" container="StaticArray" arraySize="1">
          <containerEntry>StaticModelArray0002</containerEntry>
        </property>
        <property name="dataSet" type="EntityHandle" container="StaticArray" arraySize="1">
          <containerEntry>0x2EF46F0</containerEntry>
        </property>
        <property name="modelFile" type="FilePtr" container="StaticArray" arraySize="1">
          <containerEntry>/Assets/tpp/environ/object/middle_africa/tree/mafr_tree010/scenes/mafr_tree010_dead004.fmdl</containerEntry>
        </property>
        <property name="geomFile" type="FilePtr" container="StaticArray" arraySize="1">
          <containerEntry>/Assets/tpp/environ/object/middle_africa/tree/mafr_tree010/scenes/mafr_tree010_dead004.geom</containerEntry>
        </property>
        <property name="isVisibleGeom" type="Bool" container="StaticArray" arraySize="1">
          <containerEntry>false</containerEntry>
        </property>
        <property name="lodFarSize" type="Float" container="StaticArray" arraySize="1">
          <containerEntry>-1</containerEntry>
        </property>
        <property name="lodNearSize" type="Float" container="StaticArray" arraySize="1">
          <containerEntry>-1</containerEntry>
        </property>
        <property name="lodPolygonSize" type="Float" container="StaticArray" arraySize="1">
          <containerEntry>-1</containerEntry>
        </property>
        <property name="drawRejectionLevel" type="Int32" container="StaticArray" arraySize="1">
          <containerEntry>8</containerEntry>
        </property>
        <property name="drawMode" type="Int32" container="StaticArray" arraySize="1">
          <containerEntry>0</containerEntry>
        </property>
        <property name="rejectFarRangeShadowCast" type="Int32" container="StaticArray" arraySize="1">
          <containerEntry>2</containerEntry>
        </property>
        <property name="parentLocator" type="EntityLink" container="StaticArray" arraySize="1">
          <containerEntry packagePathHash="0xB8A0BF169F98" archivePathHash="0xB8A0BF169F98" nameInArchiveHash="0xB8A0BF169F98">0x0</containerEntry>
        </property>
        <property name="transforms" type="Matrix4" container="DynamicArray" arraySize="3">
          <containerEntry r11="-0.89405835" r12="0.10976963" r13="0.43428975" r14="0" r21="0.10165647" r22="0.9939348" r23="-0.04194641" r24="0" r31="-0.43626016" r32="0.0066457987" r33="-0.8997945" r34="0" r41="2381.0322" r42="-11.955158" r43="1869.8363" r44="1"></containerEntry>
          <containerEntry r11="1" r12="0" r13="0" r14="0" r21="0" r22="1" r23="0" r24="0" r31="0" r32="0" r33="1" r34="0" r41="2371.2397" r42="-12.143167" r43="1849.9116" r44="1"></containerEntry>
          <containerEntry r11="-0.9977366" r12="0" r13="-0.06722793" r14="0" r21="0" r22="1" r23="0" r24="0" r31="0.06722793" r32="0" r33="-0.9977366" r34="0" r41="2371.082" r42="-12.105586" r43="1851.8667" r44="1"></containerEntry>
        </property>
        <property name="colors" type="UInt32" container="DynamicArray" arraySize="3">
          <containerEntry>4294967295</containerEntry>
          <containerEntry>4294967295</containerEntry>
          <containerEntry>4294967295</containerEntry>
        </property>
      </staticProperties>
      <dynamicProperties></dynamicProperties>
    </entity>
    <entity class="StaticModelArray" classVersion="4" classID="0xD0" addr="0x2D7C6B0" id="0x0">
      <staticProperties>
        <property name="name" type="String" container="StaticArray" arraySize="1">
          <containerEntry>StaticModelArray0003</containerEntry>
        </property>
        <property name="dataSet" type="EntityHandle" container="StaticArray" arraySize="1">
          <containerEntry>0x2EF46F0</containerEntry>
        </property>
        <property name="modelFile" type="FilePtr" container="StaticArray" arraySize="1">
          <containerEntry>/Assets/tpp/environ/object/middle_africa/rock/mafr_rock002/scenes/mafr_rock002.fmdl</containerEntry>
        </property>
        <property name="geomFile" type="FilePtr" container="StaticArray" arraySize="1">
          <containerEntry>/Assets/tpp/environ/object/middle_africa/rock/mafr_rock002/scenes/mafr_rock002.geom</containerEntry>
        </property>
        <property name="isVisibleGeom" type="Bool" container="StaticArray" arraySize="1">
          <containerEntry>false</containerEntry>
        </property>
        <property name="lodFarSize" type="Float" container="StaticArray" arraySize="1">
          <containerEntry>-1</containerEntry>
        </property>
        <property name="lodNearSize" type="Float" container="StaticArray" arraySize="1">
          <containerEntry>-1</containerEntry>
        </property>
        <property name="lodPolygonSize" type="Float" container="StaticArray" arraySize="1">
          <containerEntry>-1</containerEntry>
        </property>
        <property name="drawRejectionLevel" type="Int32" container="StaticArray" arraySize="1">
          <containerEntry>8</containerEntry>
        </property>
        <property name="drawMode" type="Int32" container="StaticArray" arraySize="1">
          <containerEntry>0</containerEntry>
        </property>
        <property name="rejectFarRangeShadowCast" type="Int32" container="StaticArray" arraySize="1">
          <containerEntry>2</containerEntry>
        </property>
        <property name="parentLocator" type="EntityLink" container="StaticArray" arraySize="1">
          <containerEntry packagePathHash="0xB8A0BF169F98" archivePathHash="0xB8A0BF169F98" nameInArchiveHash="0xB8A0BF169F98">0x0</containerEntry>
        </property>
        <property name="transforms" type="Matrix4" container="DynamicArray" arraySize="6">
          <containerEntry r11="-0.98914486" r12="-0.0112708425" r13="0.14651312" r14="0" r21="-0.019194908" r22="0.99842143" r23="-0.05278359" r24="0" r31="-0.14568694" r32="-0.055022907" r33="-0.9877998" r34="0" r41="2412.4536" r42="-7.280823" r43="1896.8348" r44="1"></containerEntry>
          <containerEntry r11="0.9779751" r12="0.0077742194" r13="-0.20857693" r14="0" r21="-0.019193836" r22="0.9984216" r23="-0.052782096" r24="0" r31="0.20783736" r32="0.055622965" r33="0.9765806" r34="0" r41="2424.2493" r42="-8.267412" r43="1907.2543" r44="1"></containerEntry>
          <containerEntry r11="0.3821489" r12="0.056109976" r13="0.92239493" r14="0" r21="-0.019194815" r22="0.99842155" r23="-0.052782256" r24="0" r31="-0.92390054" r32="0.0024654157" r33="0.38262272" r34="0" r41="2422.6072" r42="-7.1520925" r43="1901.7178" r44="1"></containerEntry>
          <containerEntry r11="-0.4817777" r12="0.03702373" r13="0.8755123" r14="0" r21="-0.019194746" r22="0.99842143" r23="-0.05278384" r24="0" r31="-0.8760845" r32="-0.04223524" r33="-0.48030657" r34="0" r41="2406.4375" r42="-9.52851" r43="1895.9216" r44="1"></containerEntry>
          <containerEntry r11="0.8471112" r12="0.044281222" r13="0.52956736" r14="0" r21="-0.019193547" r22="0.99842155" r23="-0.052783158" r24="0" r31="-0.53106827" r32="0.034548886" r33="0.8466232" r34="0" r41="2419.736" r42="-9.069979" r43="1895.0541" r44="1"></containerEntry>
          <containerEntry r11="-0.72237206" r12="-0.05034978" r13="-0.6896712" r14="0" r21="-0.019195491" r22="0.99842143" r23="-0.05278467" r24="0" r31="0.69124025" r32="-0.02489153" r33="-0.72219825" r34="0" r41="2411.2397" r42="-7.8177795" r43="1910.4784" r44="1"></containerEntry>
        </property>
        <property name="colors" type="UInt32" container="DynamicArray" arraySize="6">
          <containerEntry>4294967295</containerEntry>
          <containerEntry>4294967295</containerEntry>
          <containerEntry>4294967295</containerEntry>
          <containerEntry>4294967295</containerEntry>
          <containerEntry>4294967295</containerEntry>
          <containerEntry>4294967295</containerEntry>
        </property>
      </staticProperties>
      <dynamicProperties></dynamicProperties>
    </entity>
    <entity class="StaticModelArray" classVersion="4" classID="0xD0" addr="0x2D7C800" id="0x0">
      <staticProperties>
        <property name="name" type="String" container="StaticArray" arraySize="1">
          <containerEntry>StaticModelArray0004</containerEntry>
        </property>
        <property name="dataSet" type="EntityHandle" container="StaticArray" arraySize="1">
          <containerEntry>0x2EF46F0</containerEntry>
        </property>
        <property name="modelFile" type="FilePtr" container="StaticArray" arraySize="1">
          <containerEntry>/Assets/tpp/environ/object/middle_africa/mud/mafr_mudd003/scenes/mafr_mudd003_rock001.fmdl</containerEntry>
        </property>
        <property name="geomFile" type="FilePtr" container="StaticArray" arraySize="1">
          <containerEntry>/Assets/tpp/environ/object/middle_africa/mud/mafr_mudd003/scenes/mafr_mudd003_rock001.geom</containerEntry>
        </property>
        <property name="isVisibleGeom" type="Bool" container="StaticArray" arraySize="1">
          <containerEntry>false</containerEntry>
        </property>
        <property name="lodFarSize" type="Float" container="StaticArray" arraySize="1">
          <containerEntry>-1</containerEntry>
        </property>
        <property name="lodNearSize" type="Float" container="StaticArray" arraySize="1">
          <containerEntry>-1</containerEntry>
        </property>
        <property name="lodPolygonSize" type="Float" container="StaticArray" arraySize="1">
          <containerEntry>-1</containerEntry>
        </property>
        <property name="drawRejectionLevel" type="Int32" container="StaticArray" arraySize="1">
          <containerEntry>8</containerEntry>
        </property>
        <property name="drawMode" type="Int32" container="StaticArray" arraySize="1">
          <containerEntry>0</containerEntry>
        </property>
        <property name="rejectFarRangeShadowCast" type="Int32" container="StaticArray" arraySize="1">
          <containerEntry>2</containerEntry>
        </property>
        <property name="parentLocator" type="EntityLink" container="StaticArray" arraySize="1">
          <containerEntry packagePathHash="0xB8A0BF169F98" archivePathHash="0xB8A0BF169F98" nameInArchiveHash="0xB8A0BF169F98">0x0</containerEntry>
        </property>
        <property name="transforms" type="Matrix4" container="DynamicArray" arraySize="5">
          <containerEntry r11="-0.9187688" r12="0.030809075" r13="0.39359143" r14="0" r21="0.035261787" r22="0.99936974" r23="0.0040849014" r24="0" r31="-0.39321753" r32="0.01763182" r33="-0.9192762" r34="0" r41="2426.6191" r42="-13.777806" r43="1881.8171" r44="1"></containerEntry>
          <containerEntry r11="0.7286905" r12="-0.11928722" r13="-0.6743743" r14="0" r21="-0.08408566" r22="0.9616791" r23="-0.26096547" r24="0" r31="0.67966145" r32="0.24686825" r33="0.69073606" r34="0" r41="2377.0867" r42="-15.631193" r43="1857.9924" r44="1"></containerEntry>
          <containerEntry r11="-0.6319512" r12="-0.19007204" r13="0.7513405" r14="0" r21="0.31663007" r22="0.82154083" r23="0.47414798" r24="0" r31="-0.7073792" r32="0.53753465" r33="-0.4589914" r34="0" r41="2321.6777" r42="-15.631872" r43="1824.3307" r44="1"></containerEntry>
          <containerEntry r11="-0.6123056" r12="-0.09798274" r13="-0.78452516" r14="0" r21="-0.04366914" r22="0.99496734" r23="-0.09018284" r24="0" r31="0.78941333" r32="-0.020959962" r33="-0.6135029" r34="0" r41="2322.123" r42="-15.646377" r43="1818.189" r44="1"></containerEntry>
          <containerEntry r11="-0.9989269" r12="-0.008550998" r13="0.045483876" r14="0" r21="-0.030774679" r22="0.8567509" r23="-0.5148113" r24="0" r31="-0.03456619" r32="-0.51565945" r33="-0.8560944" r34="0" r41="2332.7117" r42="-16.42294" r43="1822.1534" r44="1"></containerEntry>
        </property>
        <property name="colors" type="UInt32" container="DynamicArray" arraySize="5">
          <containerEntry>4294967295</containerEntry>
          <containerEntry>4294967295</containerEntry>
          <containerEntry>4294967295</containerEntry>
          <containerEntry>4294967295</containerEntry>
          <containerEntry>4294967295</containerEntry>
        </property>
      </staticProperties>
      <dynamicProperties></dynamicProperties>
    </entity>
    <entity class="StaticModelArray" classVersion="4" classID="0xD0" addr="0x2D7C870" id="0x0">
      <staticProperties>
        <property name="name" type="String" container="StaticArray" arraySize="1">
          <containerEntry>StaticModelArray0005</containerEntry>
        </property>
        <property name="dataSet" type="EntityHandle" container="StaticArray" arraySize="1">
          <containerEntry>0x2EF46F0</containerEntry>
        </property>
        <property name="modelFile" type="FilePtr" container="StaticArray" arraySize="1">
          <containerEntry>/Assets/tpp/environ/object/middle_africa/mud/mafr_mudd003/scenes/mafr_mudd003.fmdl</containerEntry>
        </property>
        <property name="geomFile" type="FilePtr" container="StaticArray" arraySize="1">
          <containerEntry>/Assets/tpp/environ/object/middle_africa/mud/mafr_mudd003/scenes/mafr_mudd003.geom</containerEntry>
        </property>
        <property name="isVisibleGeom" type="Bool" container="StaticArray" arraySize="1">
          <containerEntry>false</containerEntry>
        </property>
        <property name="lodFarSize" type="Float" container="StaticArray" arraySize="1">
          <containerEntry>-1</containerEntry>
        </property>
        <property name="lodNearSize" type="Float" container="StaticArray" arraySize="1">
          <containerEntry>-1</containerEntry>
        </property>
        <property name="lodPolygonSize" type="Float" container="StaticArray" arraySize="1">
          <containerEntry>-1</containerEntry>
        </property>
        <property name="drawRejectionLevel" type="Int32" container="StaticArray" arraySize="1">
          <containerEntry>8</containerEntry>
        </property>
        <property name="drawMode" type="Int32" container="StaticArray" arraySize="1">
          <containerEntry>0</containerEntry>
        </property>
        <property name="rejectFarRangeShadowCast" type="Int32" container="StaticArray" arraySize="1">
          <containerEntry>2</containerEntry>
        </property>
        <property name="parentLocator" type="EntityLink" container="StaticArray" arraySize="1">
          <containerEntry packagePathHash="0xB8A0BF169F98" archivePathHash="0xB8A0BF169F98" nameInArchiveHash="0xB8A0BF169F98">0x0</containerEntry>
        </property>
        <property name="transforms" type="Matrix4" container="DynamicArray" arraySize="3">
          <containerEntry r11="-0.93878376" r12="0" r13="0.34450546" r14="0" r21="0" r22="1" r23="0" r24="0" r31="-0.34450546" r32="0" r33="-0.93878376" r34="0" r41="2337.439" r42="-12.24877" r43="1844.4652" r44="1"></containerEntry>
          <containerEntry r11="-0.91649044" r12="0" r13="-0.4000588" r14="0" r21="0" r22="1" r23="0" r24="0" r31="0.4000588" r32="0" r33="-0.91649044" r34="0" r41="2347.9958" r42="-12.24877" r43="1846.5781" r44="1"></containerEntry>
          <containerEntry r11="-0.9350245" r12="0" r13="-0.35458195" r14="0" r21="0" r22="1" r23="0" r24="0" r31="0.35458195" r32="0" r33="-0.9350245" r34="0" r41="2310.0337" r42="-12.24877" r43="1823.3401" r44="1"></containerEntry>
        </property>
        <property name="colors" type="UInt32" container="DynamicArray" arraySize="3">
          <containerEntry>4294967295</containerEntry>
          <containerEntry>4294967295</containerEntry>
          <containerEntry>4294967295</containerEntry>
        </property>
      </staticProperties>
      <dynamicProperties></dynamicProperties>
    </entity>
    <entity class="StaticModelArray" classVersion="4" classID="0xD0" addr="0x2D7C100" id="0x0">
      <staticProperties>
        <property name="name" type="String" container="StaticArray" arraySize="1">
          <containerEntry>StaticModelArray0006</containerEntry>
        </property>
        <property name="dataSet" type="EntityHandle" container="StaticArray" arraySize="1">
          <containerEntry>0x2EF46F0</containerEntry>
        </property>
        <property name="modelFile" type="FilePtr" container="StaticArray" arraySize="1">
          <containerEntry>/Assets/tpp/environ/object/middle_africa/rock/mafr_rock010/scenes/mafr_rock010.fmdl</containerEntry>
        </property>
        <property name="geomFile" type="FilePtr" container="StaticArray" arraySize="1">
          <containerEntry>/Assets/tpp/environ/object/middle_africa/rock/mafr_rock010/scenes/mafr_rock010.geom</containerEntry>
        </property>
        <property name="isVisibleGeom" type="Bool" container="StaticArray" arraySize="1">
          <containerEntry>false</containerEntry>
        </property>
        <property name="lodFarSize" type="Float" container="StaticArray" arraySize="1">
          <containerEntry>-1</containerEntry>
        </property>
        <property name="lodNearSize" type="Float" container="StaticArray" arraySize="1">
          <containerEntry>-1</containerEntry>
        </property>
        <property name="lodPolygonSize" type="Float" container="StaticArray" arraySize="1">
          <containerEntry>-1</containerEntry>
        </property>
        <property name="drawRejectionLevel" type="Int32" container="StaticArray" arraySize="1">
          <containerEntry>8</containerEntry>
        </property>
        <property name="drawMode" type="Int32" container="StaticArray" arraySize="1">
          <containerEntry>0</containerEntry>
        </property>
        <property name="rejectFarRangeShadowCast" type="Int32" container="StaticArray" arraySize="1">
          <containerEntry>2</containerEntry>
        </property>
        <property name="parentLocator" type="EntityLink" container="StaticArray" arraySize="1">
          <containerEntry packagePathHash="0xB8A0BF169F98" archivePathHash="0xB8A0BF169F98" nameInArchiveHash="0xB8A0BF169F98">0x0</containerEntry>
        </property>
        <property name="transforms" type="Matrix4" container="DynamicArray" arraySize="4">
          <containerEntry r11="0.9530258" r12="-0.03498087" r13="-0.30085894" r14="0" r21="0.022982545" r22="0.9987965" r23="-0.043328635" r24="0" r31="0.30201283" r32="0.034378834" r33="0.95268375" r34="0" r41="2413.7173" r42="-9.364318" r43="1893.4937" r44="1"></containerEntry>
          <containerEntry r11="-0.6303779" r12="-0.019161839" r13="-0.77604777" r14="0" r21="0.02298147" r22="0.99879646" r23="-0.043329537" r24="0" r31="0.7759448" r32="-0.045148756" r33="-0.62917954" r34="0" r41="2419.034" r42="-7.548544" r43="1898.883" r44="1"></containerEntry>
          <containerEntry r11="-0.36917937" r12="0.07033555" r13="0.9266894" r14="0" r21="0.021573287" r22="0.99751186" r23="-0.067116335" r24="0" r31="-0.9291053" r32="-0.004786346" r33="-0.36977857" r34="0" r41="2427.4365" r42="-10.173162" r43="1902.8118" r44="1"></containerEntry>
          <containerEntry r11="-0.49620607" r12="-0.047594797" r13="-0.86689687" r14="0" r21="0.021574216" r22="0.997512" r23="-0.06711481" r24="0" r31="0.86793524" r32="-0.05200553" r33="-0.49394518" r34="0" r41="2426.6091" r42="-10.638936" r43="1897.8403" r44="1"></containerEntry>
        </property>
        <property name="colors" type="UInt32" container="DynamicArray" arraySize="4">
          <containerEntry>4294967295</containerEntry>
          <containerEntry>4294967295</containerEntry>
          <containerEntry>4294967295</containerEntry>
          <containerEntry>4294967295</containerEntry>
        </property>
      </staticProperties>
      <dynamicProperties></dynamicProperties>
    </entity>
    <entity class="TexturePackLoadConditioner" classVersion="0" classID="0x48" addr="0x2D7CD40" id="0x0">
      <staticProperties>
        <property name="name" type="String" container="StaticArray" arraySize="1">
          <containerEntry>TexturePackLoadConditioner0000</containerEntry>
        </property>
        <property name="dataSet" type="EntityHandle" container="StaticArray" arraySize="1">
          <containerEntry>0x2EF46F0</containerEntry>
        </property>
        <property name="texturePackPath" type="Path" container="StaticArray" arraySize="1">
          <containerEntry hash="0xB8A0BF169F98"></containerEntry>
        </property>
      </staticProperties>
      <dynamicProperties></dynamicProperties>
    </entity>
  </entities>
</fox>