<fox formatVersion="2" fileVersion="0">
  <entities>
    <entity class="DataSet" classVersion="0" classID="0xE8" addr="0x2F83C00" id="0x1208D">
      <staticProperties>
        <property name="name" type="String" container="StaticArray" arraySize="1">
          <containerEntry hash="0xB8A0BF169F98"></containerEntry>
        </property>
        <property name="dataSet" type="EntityHandle" container="StaticArray" arraySize="1">
          <containerEntry>0x0</containerEntry>
        </property>
        <property name="dataList" type="EntityPtr" container="StringMap" arraySize="35">
          <containerEntry key="mafr_tree031_vrtn009_0017">
            <data>0x2F839D0</data>
          </containerEntry>
          <containerEntry key="mafr_rock009_0001">
            <data>0x2F82D90</data>
          </containerEntry>
          <containerEntry key="cm_mafr_rock002_vrtn001">
            <data>0x2D7E860</data>
          </containerEntry>
          <containerEntry key="StaticModelArray0000">
            <data>0x2EB0A20</data>
          </containerEntry>
          <containerEntry key="StaticModelArray0001">
            <data>0x2EB0A90</data>
          </containerEntry>
          <containerEntry key="StaticModelArray0002">
            <data>0x2EB0B00</data>
          </containerEntry>
          <containerEntry key="StaticModelArray0003">
            <data>0x2EB0BE0</data>
          </containerEntry>
          <containerEntry key="StaticModelArray0004">
            <data>0x2EB0C50</data>
          </containerEntry>
          <containerEntry key="StaticModelArray0005">
            <data>0x2EB0B70</data>
          </containerEntry>
          <containerEntry key="mafr_clff013_0010">
            <data>0x2D7AE30</data>
          </containerEntry>
          <containerEntry key="StaticModelArray0006">
            <data>0x2D7AC00</data>
          </containerEntry>
          <containerEntry key="StaticModelArray0007">
            <data>0x2D7B6F0</data>
          </containerEntry>
          <containerEntry key="mafr_rock010_0053">
            <data>0x2D7B530</data>
          </containerEntry>
          <containerEntry key="mafr_rock010_0025">
            <data>0x2D7AAB0</data>
          </containerEntry>
          <containerEntry key="mafr_rock010_0026">
            <data>0x2D7AC70</data>
          </containerEntry>
          <containerEntry key="StaticModelArray0008">
            <data>0x2D7ADC0</data>
          </containerEntry>
          <containerEntry key="mafr_rock007_0008">
            <data>0x2D7AF80</data>
          </containerEntry>
          <containerEntry key="StaticModelArray0009">
            <data>0x2D7AFF0</data>
          </containerEntry>
          <containerEntry key="StaticModelArray0010">
            <data>0x2D7B140</data>
          </containerEntry>
          <containerEntry key="StaticModelArray0011">
            <data>0x2D7B1B0</data>
          </containerEntry>
          <containerEntry key="mafr_rock011_0034">
            <data>0x2D7B300</data>
          </containerEntry>
          <containerEntry key="mafr_rock011_0007">
            <data>0x2D7B370</data>
          </containerEntry>
          <containerEntry key="StaticModelArray0012">
            <data>0x2D7B4C0</data>
          </containerEntry>
          <containerEntry key="mafr_rock010_0044_lod3">
            <data>0x2D7B680</data>
          </containerEntry>
          <containerEntry key="StaticModelArray0013">
            <data>0x2D7B840</data>
          </containerEntry>
          <containerEntry key="StaticModelArray0014">
            <data>0x2D7BD80</data>
          </containerEntry>
          <containerEntry key="StaticModelArray0015">
            <data>0x2EB0550</data>
          </containerEntry>
          <containerEntry key="mafr_rock012_0066">
            <data>0x2EB05C0</data>
          </containerEntry>
          <containerEntry key="mafr_rock012_0055">
            <data>0x2EB0630</data>
          </containerEntry>
          <containerEntry key="DecalArray0000">
            <data>0x2EB0DA0</data>
          </containerEntry>
          <containerEntry key="DecalArray0001">
            <data>0x2EB0E10</data>
          </containerEntry>
          <containerEntry key="DecalArray0002">
            <data>0x2EB0E80</data>
          </containerEntry>
          <containerEntry key="DecalArray0003">
            <data>0x2EB0EF0</data>
          </containerEntry>
          <containerEntry key="DecalArray0004">
            <data>0x2EB0F60</data>
          </containerEntry>
          <containerEntry key="TexturePackLoadConditioner0000">
            <data>0x2EB10B0</data>
          </containerEntry>
        </property>
      </staticProperties>
      <dynamicProperties></dynamicProperties>
    </entity>
    <entity class="StaticModel" classVersion="9" classID="0x160" addr="0x2F839D0" id="0x12098">
      <staticProperties>
        <property name="name" type="String" container="StaticArray" arraySize="1">
          <containerEntry>mafr_tree031_vrtn009_0017</containerEntry>
        </property>
        <property name="dataSet" type="EntityHandle" container="StaticArray" arraySize="1">
          <containerEntry>0x2F83C00</containerEntry>
        </property>
        <property name="parent" type="EntityHandle" container="StaticArray" arraySize="1">
          <containerEntry>0x0</containerEntry>
        </property>
        <property name="transform" type="EntityPtr" container="StaticArray" arraySize="1">
          <containerEntry>0x2F83960</containerEntry>
        </property>
        <property name="shearTransform" type="EntityPtr" container="StaticArray" arraySize="1">
          <containerEntry>0x0</containerEntry>
        </property>
        <property name="pivotTransform" type="EntityPtr" container="StaticArray" arraySize="1">
          <containerEntry>0x0</containerEntry>
        </property>
        <property name="children" type="EntityHandle" container="List"></property>
        <property name="flags" type="UInt32" container="StaticArray" arraySize="1">
          <containerEntry>2147483655</containerEntry>
        </property>
        <property name="modelFile" type="FilePtr" container="StaticArray" arraySize="1">
          <containerEntry>/Assets/tpp/environ/object/middle_africa/tree/mafr_tree031/scenes/mafr_tree031_vrtn009.fmdl</containerEntry>
        </property>
        <property name="geomFile" type="FilePtr" container="StaticArray" arraySize="1">
          <containerEntry>/Assets/tpp/environ/object/middle_africa/tree/mafr_tree031/scenes/mafr_tree031_vrtn009.geom</containerEntry>
        </property>
        <property name="isVisibleGeom" type="Bool" container="StaticArray" arraySize="1">
          <containerEntry>false</containerEntry>
        </property>
        <property name="isIsolated" type="Bool" container="StaticArray" arraySize="1">
          <containerEntry>false</containerEntry>
        </property>
        <property name="lodFarSize" type="Float" container="StaticArray" arraySize="1">
          <containerEntry>50</containerEntry>
        </property>
        <property name="lodNearSize" type="Float" container="StaticArray" arraySize="1">
          <containerEntry>400</containerEntry>
        </property>
        <property name="lodPolygonSize" type="Float" container="StaticArray" arraySize="1">
          <containerEntry>-1</containerEntry>
        </property>
        <property name="color" type="Color" container="StaticArray" arraySize="1">
          <containerEntry r="1" g="1" b="1" a="1"></containerEntry>
        </property>
        <property name="drawRejectionLevel" type="Int32" container="StaticArray" arraySize="1">
          <containerEntry>7</containerEntry>
        </property>
        <property name="drawMode" type="Int32" container="StaticArray" arraySize="1">
          <containerEntry>0</containerEntry>
        </property>
        <property name="rejectFarRangeShadowCast" type="Int32" container="StaticArray" arraySize="1">
          <containerEntry>2</containerEntry>
        </property>
      </staticProperties>
      <dynamicProperties></dynamicProperties>
    </entity>
    <entity class="TransformEntity" classVersion="0" classID="0x50" addr="0x2F83960" id="0x1209B">
      <staticProperties>
        <property name="owner" type="EntityHandle" container="StaticArray" arraySize="1">
          <containerEntry>0x2F839D0</containerEntry>
        </property>
        <property name="transform_scale" type="Vector3" container="StaticArray" arraySize="1">
          <containerEntry x="0.999999" y="1" z="0.999999" w="0"></containerEntry>
        </property>
        <property name="transform_rotation_quat" type="Quat" container="StaticArray" arraySize="1">
          <containerEntry x="0" y="-0.853299" z="0" w="0.521422"></containerEntry>
        </property>
        <property name="transform_translation" type="Vector3" container="StaticArray" arraySize="1">
          <containerEntry x="2480.1023" y="125.01216" z="-1930.2759" w="0"></containerEntry>
        </property>
      </staticProperties>
      <dynamicProperties></dynamicProperties>
    </entity>
    <entity class="StaticModel" classVersion="9" classID="0x160" addr="0x2F82D90" id="0x120D7">
      <staticProperties>
        <property name="name" type="String" container="StaticArray" arraySize="1">
          <containerEntry>mafr_rock009_0001</containerEntry>
        </property>
        <property name="dataSet" type="EntityHandle" container="StaticArray" arraySize="1">
          <containerEntry>0x2F83C00</containerEntry>
        </property>
        <property name="parent" type="EntityHandle" container="StaticArray" arraySize="1">
          <containerEntry>0x0</containerEntry>
        </property>
        <property name="transform" type="EntityPtr" container="StaticArray" arraySize="1">
          <containerEntry>0x2F82D20</containerEntry>
        </property>
        <property name="shearTransform" type="EntityPtr" container="StaticArray" arraySize="1">
          <containerEntry>0x0</containerEntry>
        </property>
        <property name="pivotTransform" type="EntityPtr" container="StaticArray" arraySize="1">
          <containerEntry>0x0</containerEntry>
        </property>
        <property name="children" type="EntityHandle" container="List"></property>
        <property name="flags" type="UInt32" container="StaticArray" arraySize="1">
          <containerEntry>7</containerEntry>
        </property>
        <property name="modelFile" type="FilePtr" container="StaticArray" arraySize="1">
          <containerEntry>/Assets/tpp/environ/object/middle_africa/rock/mafr_rock009/scenes/mafr_rock009.fmdl</containerEntry>
        </property>
        <property name="geomFile" type="FilePtr" container="StaticArray" arraySize="1">
          <containerEntry>/Assets/tpp/environ/object/middle_africa/rock/mafr_rock009/scenes/mafr_rock009.geom</containerEntry>
        </property>
        <property name="isVisibleGeom" type="Bool" container="StaticArray" arraySize="1">
          <containerEntry>false</containerEntry>
        </property>
        <property name="isIsolated" type="Bool" container="StaticArray" arraySize="1">
          <containerEntry>false</containerEntry>
        </property>
        <property name="lodFarSize" type="Float" container="StaticArray" arraySize="1">
          <containerEntry>-1</containerEntry>
        </property>
        <property name="lodNearSize" type="Float" container="StaticArray" arraySize="1">
          <containerEntry>-1</containerEntry>
        </property>
        <property name="lodPolygonSize" type="Float" container="StaticArray" arraySize="1">
          <containerEntry>-1</containerEntry>
        </property>
        <property name="color" type="Color" container="StaticArray" arraySize="1">
          <containerEntry r="1" g="1" b="1" a="1"></containerEntry>
        </property>
        <property name="drawRejectionLevel" type="Int32" container="StaticArray" arraySize="1">
          <containerEntry>8</containerEntry>
        </property>
        <property name="drawMode" type="Int32" container="StaticArray" arraySize="1">
          <containerEntry>2</containerEntry>
        </property>
        <property name="rejectFarRangeShadowCast" type="Int32" container="StaticArray" arraySize="1">
          <containerEntry>2</containerEntry>
        </property>
      </staticProperties>
      <dynamicProperties></dynamicProperties>
    </entity>
    <entity class="TransformEntity" classVersion="0" classID="0x50" addr="0x2F82D20" id="0x120DA">
      <staticProperties>
        <property name="owner" type="EntityHandle" container="StaticArray" arraySize="1">
          <containerEntry>0x2F82D90</containerEntry>
        </property>
        <property name="transform_scale" type="Vector3" container="StaticArray" arraySize="1">
          <containerEntry x="1" y="1" z="1" w="0"></containerEntry>
        </property>
        <property name="transform_rotation_quat" type="Quat" container="StaticArray" arraySize="1">
          <containerEntry x="0.130329" y="0.6337" z="-0.004455" w="0.762508"></containerEntry>
        </property>
        <property name="transform_translation" type="Vector3" container="StaticArray" arraySize="1">
          <containerEntry x="2507.3027" y="121.274345" z="-2013.6936" w="0"></containerEntry>
        </property>
      </staticProperties>
      <dynamicProperties></dynamicProperties>
    </entity>
    <entity class="Material" classVersion="6" classID="0xB0" addr="0x2D7E860" id="0x123F4">
      <staticProperties>
        <property name="name" type="String" container="StaticArray" arraySize="1">
          <containerEntry>cm_mafr_rock002_vrtn001</containerEntry>
        </property>
        <property name="dataSet" type="EntityHandle" container="StaticArray" arraySize="1">
          <containerEntry>0x2F83C00</containerEntry>
        </property>
        <property name="materialName" type="String" container="StaticArray" arraySize="1">
          <containerEntry hash="0xB8A0BF169F98"></containerEntry>
        </property>
        <property name="shader" type="Path" container="StaticArray" arraySize="1">
          <containerEntry hash="0xB8A0BF169F98"></containerEntry>
        </property>
        <property name="diffuseTexture" type="Path" container="StaticArray" arraySize="1">
          <containerEntry>/Assets/tpp/common_source/environ/middle_africa/cm_mafr_rock002/sourceimages/cm_mafr_rock002_v1_bsm_alp.ftex</containerEntry>
        </property>
        <property name="srmTexture" type="Path" container="StaticArray" arraySize="1">
          <containerEntry>/Assets/tpp/common_source/environ/middle_africa/cm_mafr_rock002/sourceimages/cm_mafr_rock002_srm.ftex</containerEntry>
        </property>
        <property name="normalTexture" type="Path" container="StaticArray" arraySize="1">
          <containerEntry>/Assets/tpp/common_source/environ/middle_africa/cm_mafr_rock002/sourceimages/cm_mafr_rock002_nrm.ftex</containerEntry>
        </property>
        <property name="materialMapTexture" type="Path" container="StaticArray" arraySize="1">
          <containerEntry hash="0xB8A0BF169F98"></containerEntry>
        </property>
        <property name="materialIndex" type="UInt8" container="StaticArray" arraySize="1">
          <containerEntry>42</containerEntry>
        </property>
        <property name="diffuseColor" type="Color" container="StaticArray" arraySize="1">
          <containerEntry r="1" g="1" b="1" a="1"></containerEntry>
        </property>
        <property name="specularColor" type="Color" container="StaticArray" arraySize="1">
          <containerEntry r="0" g="0" b="0" a="0"></containerEntry>
        </property>
        <property name="fmtrPath" type="Path" container="StaticArray" arraySize="1">
          <containerEntry hash="0xB8A0BF169F98"></containerEntry>
        </property>
        <property name="residentFlag" type="Bool" container="StaticArray" arraySize="1">
          <containerEntry>false</containerEntry>
        </property>
      </staticProperties>
      <dynamicProperties></dynamicProperties>
    </entity>
    <entity class="StaticModelArray" classVersion="4" classID="0xD0" addr="0x2EB0A20" id="0x0">
      <staticProperties>
        <property name="name" type="String" container="StaticArray" arraySize="1">
          <containerEntry>StaticModelArray0000</containerEntry>
        </property>
        <property name="dataSet" type="EntityHandle" container="StaticArray" arraySize="1">
          <containerEntry>0x2F83C00</containerEntry>
        </property>
        <property name="modelFile" type="FilePtr" container="StaticArray" arraySize="1">
          <containerEntry>/Assets/tpp/environ/object/middle_africa/rock/mafr_rock011/scenes/mafr_rock011.fmdl</containerEntry>
        </property>
        <property name="geomFile" type="FilePtr" container="StaticArray" arraySize="1">
          <containerEntry>/Assets/tpp/environ/object/middle_africa/rock/mafr_rock011/scenes/mafr_rock011.geom</containerEntry>
        </property>
        <property name="isVisibleGeom" type="Bool" container="StaticArray" arraySize="1">
          <containerEntry>false</containerEntry>
        </property>
        <property name="lodFarSize" type="Float" container="StaticArray" arraySize="1">
          <containerEntry>-1</containerEntry>
        </property>
        <property name="lodNearSize" type="Float" container="StaticArray" arraySize="1">
          <containerEntry>-1</containerEntry>
        </property>
        <property name="lodPolygonSize" type="Float" container="StaticArray" arraySize="1">
          <containerEntry>-1</containerEntry>
        </property>
        <property name="drawRejectionLevel" type="Int32" container="StaticArray" arraySize="1">
          <containerEntry>3</containerEntry>
        </property>
        <property name="drawMode" type="Int32" container="StaticArray" arraySize="1">
          <containerEntry>2</containerEntry>
        </property>
        <property name="rejectFarRangeShadowCast" type="Int32" container="StaticArray" arraySize="1">
          <containerEntry>2</containerEntry>
        </property>
        <property name="parentLocator" type="EntityLink" container="StaticArray" arraySize="1">
          <containerEntry packagePathHash="0xB8A0BF169F98" archivePathHash="0xB8A0BF169F98" nameInArchiveHash="0xB8A0BF169F98">0x0</containerEntry>
        </property>
        <property name="transforms" type="Matrix4" container="DynamicArray" arraySize="4">
          <containerEntry r11="0.20886248" r12="0.14759636" r13="0.96673983" r14="0" r21="-0.3852707" r22="0.92101765" r23="-0.057379603" r24="0" r31="-0.89885324" r32="-0.36047363" r33="0.24923104" r34="0" r41="2552.101" r42="113.69746" r43="-1933.8456" r44="1"></containerEntry>
          <containerEntry r11="0.06720002" r12="-0.03204745" r13="0.99722195" r14="0" r21="-0.4321151" r22="0.89994854" r23="0.05803907" r24="0" r31="-0.8993082" r32="-0.434816" r33="0.046628594" r34="0" r41="2551.076" r42="114.566925" r43="-1926.7815" r44="1"></containerEntry>
          <containerEntry r11="-0.38751736" r12="0.06364976" r13="0.91965646" r14="0" r21="-0.36814034" r22="0.9039273" r23="-0.21768644" r24="0" r31="-0.8451579" r32="-0.42292246" r33="-0.32685483" r34="0" r41="2556.4333" r42="112.87021" r43="-1922.7292" r44="1"></containerEntry>
          <containerEntry r11="0.5082419" r12="0.019495554" r13="1.0868815" r14="0" r21="-0.31551725" r22="1.1508023" r23="0.12689823" r24="0" r31="-1.0402597" r32="-0.3395208" r33="0.49253094" r34="0" r41="2555.4404" r42="111.316414" r43="-1948.7594" r44="1"></containerEntry>
        </property>
        <property name="colors" type="UInt32" container="DynamicArray" arraySize="4">
          <containerEntry>4294967295</containerEntry>
          <containerEntry>4294967295</containerEntry>
          <containerEntry>4294967295</containerEntry>
          <containerEntry>4294967295</containerEntry>
        </property>
      </staticProperties>
      <dynamicProperties></dynamicProperties>
    </entity>
    <entity class="StaticModelArray" classVersion="4" classID="0xD0" addr="0x2EB0A90" id="0x0">
      <staticProperties>
        <property name="name" type="String" container="StaticArray" arraySize="1">
          <containerEntry>StaticModelArray0001</containerEntry>
        </property>
        <property name="dataSet" type="EntityHandle" container="StaticArray" arraySize="1">
          <containerEntry>0x2F83C00</containerEntry>
        </property>
        <property name="modelFile" type="FilePtr" container="StaticArray" arraySize="1">
          <containerEntry>/Assets/tpp/environ/object/middle_africa/tree/mafr_tree038/scenes/mafr_tree038.fmdl</containerEntry>
        </property>
        <property name="geomFile" type="FilePtr" container="StaticArray" arraySize="1">
          <containerEntry>/Assets/tpp/environ/object/middle_africa/tree/mafr_tree038/scenes/mafr_tree038.geom</containerEntry>
        </property>
        <property name="isVisibleGeom" type="Bool" container="StaticArray" arraySize="1">
          <containerEntry>false</containerEntry>
        </property>
        <property name="lodFarSize" type="Float" container="StaticArray" arraySize="1">
          <containerEntry>-1</containerEntry>
        </property>
        <property name="lodNearSize" type="Float" container="StaticArray" arraySize="1">
          <containerEntry>-1</containerEntry>
        </property>
        <property name="lodPolygonSize" type="Float" container="StaticArray" arraySize="1">
          <containerEntry>-1</containerEntry>
        </property>
        <property name="drawRejectionLevel" type="Int32" container="StaticArray" arraySize="1">
          <containerEntry>8</containerEntry>
        </property>
        <property name="drawMode" type="Int32" container="StaticArray" arraySize="1">
          <containerEntry>2</containerEntry>
        </property>
        <property name="rejectFarRangeShadowCast" type="Int32" container="StaticArray" arraySize="1">
          <containerEntry>2</containerEntry>
        </property>
        <property name="parentLocator" type="EntityLink" container="StaticArray" arraySize="1">
          <containerEntry packagePathHash="0xB8A0BF169F98" archivePathHash="0xB8A0BF169F98" nameInArchiveHash="0xB8A0BF169F98">0x0</containerEntry>
        </property>
        <property name="transforms" type="Matrix4" container="DynamicArray" arraySize="2">
          <containerEntry r11="-0.8085231" r12="0.040149815" r13="-0.58709276" r14="0" r21="0.03105726" r22="0.9991907" r23="0.025561143" r24="0" r31="0.58764386" r32="0.0024332968" r33="-0.8091157" r34="0" r41="2469.6848" r42="127.98597" r43="-1962.5839" r44="1"></containerEntry>
          <containerEntry r11="-0.5870963" r12="0.04015046" r13="0.8085295" r14="0" r21="0.02556054" r22="0.9991907" r23="-0.031058252" r24="0" r31="-0.8091222" r32="0.0024322872" r33="-0.5876474" r34="0" r41="2494.3162" r42="132.42868" r43="-2009.5133" r44="1"></containerEntry>
        </property>
        <property name="colors" type="UInt32" container="DynamicArray" arraySize="2">
          <containerEntry>4294967295</containerEntry>
          <containerEntry>4294967295</containerEntry>
        </property>
      </staticProperties>
      <dynamicProperties></dynamicProperties>
    </entity>
    <entity class="StaticModelArray" classVersion="4" classID="0xD0" addr="0x2EB0B00" id="0x0">
      <staticProperties>
        <property name="name" type="String" container="StaticArray" arraySize="1">
          <containerEntry>StaticModelArray0002</containerEntry>
        </property>
        <property name="dataSet" type="EntityHandle" container="StaticArray" arraySize="1">
          <containerEntry>0x2F83C00</containerEntry>
        </property>
        <property name="modelFile" type="FilePtr" container="StaticArray" arraySize="1">
          <containerEntry>/Assets/tpp/environ/object/middle_africa/tree/mafr_tree025/scenes/mafr_tree025_vrtn004.fmdl</containerEntry>
        </property>
        <property name="geomFile" type="FilePtr" container="StaticArray" arraySize="1">
          <containerEntry>/Assets/tpp/environ/object/middle_africa/tree/mafr_tree025/scenes/mafr_tree025_vrtn004.geom</containerEntry>
        </property>
        <property name="isVisibleGeom" type="Bool" container="StaticArray" arraySize="1">
          <containerEntry>false</containerEntry>
        </property>
        <property name="lodFarSize" type="Float" container="StaticArray" arraySize="1">
          <containerEntry>-1</containerEntry>
        </property>
        <property name="lodNearSize" type="Float" container="StaticArray" arraySize="1">
          <containerEntry>-1</containerEntry>
        </property>
        <property name="lodPolygonSize" type="Float" container="StaticArray" arraySize="1">
          <containerEntry>-1</containerEntry>
        </property>
        <property name="drawRejectionLevel" type="Int32" container="StaticArray" arraySize="1">
          <containerEntry>4</containerEntry>
        </property>
        <property name="drawMode" type="Int32" container="StaticArray" arraySize="1">
          <containerEntry>2</containerEntry>
        </property>
        <property name="rejectFarRangeShadowCast" type="Int32" container="StaticArray" arraySize="1">
          <containerEntry>2</containerEntry>
        </property>
        <property name="parentLocator" type="EntityLink" container="StaticArray" arraySize="1">
          <containerEntry packagePathHash="0xB8A0BF169F98" archivePathHash="0xB8A0BF169F98" nameInArchiveHash="0xB8A0BF169F98">0x0</containerEntry>
        </property>
        <property name="transforms" type="Matrix4" container="DynamicArray" arraySize="6">
          <containerEntry r11="-0.7735979" r12="0" r13="0.63362485" r14="0" r21="0" r22="1" r23="0" r24="0" r31="-0.63362485" r32="0" r33="-0.7735979" r34="0" r41="2535.088" r42="119.06752" r43="-1971.294" r44="1"></containerEntry>
          <containerEntry r11="0.38736668" r12="0" r13="-0.9218895" r14="0" r21="0" r22="1" r23="0" r24="0" r31="0.9218895" r32="0" r33="0.38736668" r34="0" r41="2543.6772" r42="117.99013" r43="-1955.0038" r44="1"></containerEntry>
          <containerEntry r11="0.8801061" r12="0" r13="0.4747076" r14="0" r21="0" r22="1" r23="0" r24="0" r31="-0.4747076" r32="0" r33="0.8801061" r34="0" r41="2553.9673" r42="110.782036" r43="-2044.5939" r44="1"></containerEntry>
          <containerEntry r11="-0.064447574" r12="0" r13="-0.99790657" r14="0" r21="0" r22="1" r23="0" r24="0" r31="0.99790657" r32="0" r33="-0.064447574" r34="0" r41="2523.014" r42="116.48749" r43="-2036.1613" r44="1"></containerEntry>
          <containerEntry r11="-0.39546335" r12="0.04850778" r13="-0.9171917" r14="0" r21="-0.0033629555" r22="0.9985212" r23="0.05425909" r24="0" r31="0.91846734" r32="0.024541935" r33="-0.39471543" r34="0" r41="2525.3064" r42="114.97783" r43="-2023.5315" r44="1"></containerEntry>
          <containerEntry r11="0.81552047" r12="0" r13="-0.57872295" r14="0" r21="0" r22="1" r23="0" r24="0" r31="0.57872295" r32="0" r33="0.81552047" r34="0" r41="2541.4897" r42="111.7454" r43="-2023.7423" r44="1"></containerEntry>
        </property>
        <property name="colors" type="UInt32" container="DynamicArray" arraySize="6">
          <containerEntry>4294967295</containerEntry>
          <containerEntry>4294967295</containerEntry>
          <containerEntry>4294967295</containerEntry>
          <containerEntry>4294967295</containerEntry>
          <containerEntry>4294967295</containerEntry>
          <containerEntry>4294967295</containerEntry>
        </property>
      </staticProperties>
      <dynamicProperties></dynamicProperties>
    </entity>
    <entity class="StaticModelArray" classVersion="4" classID="0xD0" addr="0x2EB0BE0" id="0x0">
      <staticProperties>
        <property name="name" type="String" container="StaticArray" arraySize="1">
          <containerEntry>StaticModelArray0003</containerEntry>
        </property>
        <property name="dataSet" type="EntityHandle" container="StaticArray" arraySize="1">
          <containerEntry>0x2F83C00</containerEntry>
        </property>
        <property name="modelFile" type="FilePtr" container="StaticArray" arraySize="1">
          <containerEntry>/Assets/tpp/environ/object/middle_africa/tree/mafr_tree023/scenes/mafr_tree023_vrtn003.fmdl</containerEntry>
        </property>
        <property name="geomFile" type="FilePtr" container="StaticArray" arraySize="1">
          <containerEntry>/Assets/tpp/environ/object/middle_africa/tree/mafr_tree023/scenes/mafr_tree023_vrtn003.geom</containerEntry>
        </property>
        <property name="isVisibleGeom" type="Bool" container="StaticArray" arraySize="1">
          <containerEntry>false</containerEntry>
        </property>
        <property name="lodFarSize" type="Float" container="StaticArray" arraySize="1">
          <containerEntry>-1</containerEntry>
        </property>
        <property name="lodNearSize" type="Float" container="StaticArray" arraySize="1">
          <containerEntry>-1</containerEntry>
        </property>
        <property name="lodPolygonSize" type="Float" container="StaticArray" arraySize="1">
          <containerEntry>-1</containerEntry>
        </property>
        <property name="drawRejectionLevel" type="Int32" container="StaticArray" arraySize="1">
          <containerEntry>4</containerEntry>
        </property>
        <property name="drawMode" type="Int32" container="StaticArray" arraySize="1">
          <containerEntry>0</containerEntry>
        </property>
        <property name="rejectFarRangeShadowCast" type="Int32" container="StaticArray" arraySize="1">
          <containerEntry>2</containerEntry>
        </property>
        <property name="parentLocator" type="EntityLink" container="StaticArray" arraySize="1">
          <containerEntry packagePathHash="0xB8A0BF169F98" archivePathHash="0xB8A0BF169F98" nameInArchiveHash="0xB8A0BF169F98">0x0</containerEntry>
        </property>
        <property name="transforms" type="Matrix4" container="DynamicArray" arraySize="2">
          <containerEntry r11="-0.63896346" r12="4.1164458e-07" r13="-0.769238" r14="0" r21="-0.058708437" r22="0.99708337" r23="0.048766352" r24="0" r31="0.76699436" r32="0.076320626" r33="-0.6370998" r34="0" r41="2554.7915" r42="116.32541" r43="-1940.7706" r44="1"></containerEntry>
          <containerEntry r11="-0.9650103" r12="0" r13="-0.2622078" r14="0" r21="0" r22="1" r23="0" r24="0" r31="0.2622078" r32="0" r33="-0.9650103" r34="0" r41="2552.9136" r42="116.32541" r43="-1947.127" r44="1"></containerEntry>
        </property>
        <property name="colors" type="UInt32" container="DynamicArray" arraySize="2">
          <containerEntry>4294967295</containerEntry>
          <containerEntry>4294967295</containerEntry>
        </property>
      </staticProperties>
      <dynamicProperties></dynamicProperties>
    </entity>
    <entity class="StaticModelArray" classVersion="4" classID="0xD0" addr="0x2EB0C50" id="0x0">
      <staticProperties>
        <property name="name" type="String" container="StaticArray" arraySize="1">
          <containerEntry>StaticModelArray0004</containerEntry>
        </property>
        <property name="dataSet" type="EntityHandle" container="StaticArray" arraySize="1">
          <containerEntry>0x2F83C00</containerEntry>
        </property>
        <property name="modelFile" type="FilePtr" container="StaticArray" arraySize="1">
          <containerEntry>/Assets/tpp/environ/object/middle_africa/tree/mafr_tree016/scenes/mafr_tree016_vrtn004.fmdl</containerEntry>
        </property>
        <property name="geomFile" type="FilePtr" container="StaticArray" arraySize="1">
          <containerEntry>/Assets/tpp/environ/object/middle_africa/tree/mafr_tree016/scenes/mafr_tree016_vrtn004.geom</containerEntry>
        </property>
        <property name="isVisibleGeom" type="Bool" container="StaticArray" arraySize="1">
          <containerEntry>false</containerEntry>
        </property>
        <property name="lodFarSize" type="Float" container="StaticArray" arraySize="1">
          <containerEntry>-1</containerEntry>
        </property>
        <property name="lodNearSize" type="Float" container="StaticArray" arraySize="1">
          <containerEntry>-1</containerEntry>
        </property>
        <property name="lodPolygonSize" type="Float" container="StaticArray" arraySize="1">
          <containerEntry>-1</containerEntry>
        </property>
        <property name="drawRejectionLevel" type="Int32" container="StaticArray" arraySize="1">
          <containerEntry>2</containerEntry>
        </property>
        <property name="drawMode" type="Int32" container="StaticArray" arraySize="1">
          <containerEntry>0</containerEntry>
        </property>
        <property name="rejectFarRangeShadowCast" type="Int32" container="StaticArray" arraySize="1">
          <containerEntry>2</containerEntry>
        </property>
        <property name="parentLocator" type="EntityLink" container="StaticArray" arraySize="1">
          <containerEntry packagePathHash="0xB8A0BF169F98" archivePathHash="0xB8A0BF169F98" nameInArchiveHash="0xB8A0BF169F98">0x0</containerEntry>
        </property>
        <property name="transforms" type="Matrix4" container="DynamicArray" arraySize="18">
          <containerEntry r11="-0.95940155" r12="-0.002858185" r13="0.28202656" r14="0" r21="-0.007051402" r22="0.9998792" r23="-0.013854335" r24="0" r31="-0.2819529" r32="-0.015280564" r33="-0.95930576" r34="0" r41="2546.7483" r42="118.30111" r43="-1937.4603" r44="1"></containerEntry>
          <containerEntry r11="-0.6798749" r12="0" r13="0.7333278" r14="0" r21="0" r22="1" r23="0" r24="0" r31="-0.7333278" r32="0" r33="-0.6798749" r34="0" r41="2551.938" r42="111.38271" r43="-2045.146" r44="1"></containerEntry>
          <containerEntry r11="-0.67389333" r12="0.0054832594" r13="0.7388086" r14="0" r21="-0.028907996" r22="0.99901104" r23="-0.033782415" r24="0" r31="-0.7382632" r32="-0.04412321" r33="-0.6730684" r34="0" r41="2531.998" r42="117.85568" r43="-1991.2753" r44="1"></containerEntry>
          <containerEntry r11="-0.72290564" r12="-0.044236038" r13="-0.6895356" r14="0" r21="-0.02890849" r22="0.99901104" r23="-0.033782504" r24="0" r31="0.6903482" r32="-0.0044881" r33="-0.7234695" r34="0" r41="2544.6824" r42="118.62702" r43="-1953.6653" r44="1"></containerEntry>
          <containerEntry r11="-0.92549384" r12="0" r13="-0.37876633" r14="0" r21="0" r22="1" r23="0" r24="0" r31="0.37876633" r32="0" r33="-0.92549384" r34="0" r41="2526.5876" r42="115.78726" r43="-2023.4597" r44="1"></containerEntry>
          <containerEntry r11="0.98562676" r12="0" r13="-0.16893764" r14="0" r21="0" r22="1" r23="0" r24="0" r31="0.16893764" r32="0" r33="0.98562676" r34="0" r41="2530.7576" r42="120.56455" r43="-1977.8696" r44="1"></containerEntry>
          <containerEntry r11="-0.45329136" r12="0.015286011" r13="0.89122814" r14="0" r21="0.009468539" r22="0.99987906" r23="-0.012333721" r24="0" r31="-0.89130896" r32="0.0028478606" r33="-0.45338133" r34="0" r41="2552.52" r42="116.1016" r43="-1976.9624" r44="1"></containerEntry>
          <containerEntry r11="-0.29089257" r12="0" r13="0.956753" r14="0" r21="0" r22="1" r23="0" r24="0" r31="-0.956753" r32="0" r33="-0.29089257" r34="0" r41="2535.5022" r42="119.7808" r43="-1972.1123" r44="1"></containerEntry>
          <containerEntry r11="0.32673958" r12="0" r13="-0.9451119" r14="0" r21="0" r22="1" r23="0" r24="0" r31="0.9451119" r32="0" r33="0.32673958" r34="0" r41="2535.7" r42="113.31058" r43="-2015.4476" r44="1"></containerEntry>
          <containerEntry r11="0.99630594" r12="0" r13="-0.08587458" r14="0" r21="0" r22="1" r23="0" r24="0" r31="0.08587458" r32="0" r33="0.99630594" r34="0" r41="2553.92" r42="117.22133" r43="-1968.6324" r44="1"></containerEntry>
          <containerEntry r11="-0.2986172" r12="0.0064789047" r13="-0.95434934" r14="0" r21="-0.036028203" r22="0.9991876" r23="0.018056616" r24="0" r31="0.95369107" r32="0.03977558" r33="-0.29814124" r34="0" r41="2545.4712" r42="113.54726" r43="-2041.3104" r44="1"></containerEntry>
          <containerEntry r11="-0.9314618" r12="0.015318091" r13="0.36350986" r14="0" r21="0.013294533" r22="0.99987906" r23="-0.008068277" r24="0" r31="-0.3635895" r32="-0.0026825955" r33="-0.9315528" r34="0" r41="2529.648" r42="121.18947" r43="-1973.7147" r44="1"></containerEntry>
          <containerEntry r11="-0.9979855" r12="0" r13="0.06338592" r14="0" r21="0" r22="1" r23="0" r24="0" r31="-0.06338592" r32="0" r33="-0.9979855" r34="0" r41="2542.7495" r42="112.239716" r43="-2024.1959" r44="1"></containerEntry>
          <containerEntry r11="0.9106607" r12="0" r13="0.41315514" r14="0" r21="0" r22="1" r23="0" r24="0" r31="-0.41315514" r32="0" r33="0.9106607" r34="0" r41="2531.1267" r42="115.80347" r43="-2041.8412" r44="1"></containerEntry>
          <containerEntry r11="0.91279674" r12="0" r13="0.40841398" r14="0" r21="0" r22="1" r23="0" r24="0" r31="-0.40841398" r32="0" r33="0.91279674" r34="0" r41="2524.7556" r42="117.09037" r43="-2035.0758" r44="1"></containerEntry>
          <containerEntry r11="0.97952825" r12="0.0014876535" r13="-0.20128657" r14="0" r21="-0.0071588918" r22="0.99959755" r23="-0.027449837" r24="0" r31="0.20116474" r32="0.02832888" r33="0.97914463" r34="0" r41="2549.7642" r42="113.05723" r43="-2018.4796" r44="1"></containerEntry>
          <containerEntry r11="-0.20275283" r12="0.07854378" r13="1.0374582" r14="0" r21="0.054680344" r22="1.0563189" r23="-0.069285244" r24="0" r31="-1.0389893" r32="0.040264867" r33="-0.20610046" r34="0" r41="2527.249" r42="116.33379" r43="-2039.6227" r44="1"></containerEntry>
          <containerEntry r11="1.0420177" r12="-0.18298255" r13="0.06569965" r14="0" r21="0.1754425" r22="1.039347" r23="0.112149484" r24="0" r31="-0.083779395" r32="-0.09937285" r33="1.0520009" r34="0" r41="2521.8662" r42="118.64637" r43="-2042.0247" r44="1"></containerEntry>
        </property>
        <property name="colors" type="UInt32" container="DynamicArray" arraySize="18">
          <containerEntry>4294967295</containerEntry>
          <containerEntry>4294967295</containerEntry>
          <containerEntry>4294967295</containerEntry>
          <containerEntry>4294967295</containerEntry>
          <containerEntry>4294967295</containerEntry>
          <containerEntry>4294967295</containerEntry>
          <containerEntry>4294967295</containerEntry>
          <containerEntry>4294967295</containerEntry>
          <containerEntry>4294967295</containerEntry>
          <containerEntry>4294967295</containerEntry>
          <containerEntry>4294967295</containerEntry>
          <containerEntry>4294967295</containerEntry>
          <containerEntry>4294967295</containerEntry>
          <containerEntry>4294967295</containerEntry>
          <containerEntry>4294967295</containerEntry>
          <containerEntry>4294967295</containerEntry>
          <containerEntry>4294967295</containerEntry>
          <containerEntry>4294967295</containerEntry>
        </property>
      </staticProperties>
      <dynamicProperties></dynamicProperties>
    </entity>
    <entity class="StaticModelArray" classVersion="4" classID="0xD0" addr="0x2EB0B70" id="0x0">
      <staticProperties>
        <property name="name" type="String" container="StaticArray" arraySize="1">
          <containerEntry>StaticModelArray0005</containerEntry>
        </property>
        <property name="dataSet" type="EntityHandle" container="StaticArray" arraySize="1">
          <containerEntry>0x2F83C00</containerEntry>
        </property>
        <property name="modelFile" type="FilePtr" container="StaticArray" arraySize="1">
          <containerEntry>/Assets/tpp/environ/object/middle_africa/cliff/mafr_clff013/scenes/mafr_clff013.fmdl</containerEntry>
        </property>
        <property name="geomFile" type="FilePtr" container="StaticArray" arraySize="1">
