<fox formatVersion="2" fileVersion="0">
  <entities>
    <entity class="DataSet" classVersion="0" classID="0xE8" addr="0x3352D20" id="0x3B1EF3">
      <staticProperties>
        <property name="name" type="String" container="StaticArray" arraySize="1">
          <containerEntry hash="0xB8A0BF169F98"></containerEntry>
        </property>
        <property name="dataSet" type="EntityHandle" container="StaticArray" arraySize="1">
          <containerEntry>0x0</containerEntry>
        </property>
        <property name="dataList" type="EntityPtr" container="StringMap" arraySize="10">
          <containerEntry key="afgh_clff027_vrtn006_0003">
            <data>0x3353340</data>
          </containerEntry>
          <containerEntry key="StaticModelArray0000">
            <data>0x317B920</data>
          </containerEntry>
          <containerEntry key="StaticModelArray0001">
            <data>0x317B990</data>
          </containerEntry>
          <containerEntry key="StaticModelArray0002">
            <data>0x317B300</data>
          </containerEntry>
          <containerEntry key="StaticModelArray0003">
            <data>0x317B8B0</data>
          </containerEntry>
          <containerEntry key="StaticModelArray0004">
            <data>0x317B7D0</data>
          </containerEntry>
          <containerEntry key="StaticModelArray0005">
            <data>0x317B6F0</data>
          </containerEntry>
          <containerEntry key="StaticModelArray0006">
            <data>0x317B450</data>
          </containerEntry>
          <containerEntry key="StaticModelArray0007">
            <data>0x31789E0</data>
          </containerEntry>
          <containerEntry key="TexturePackLoadConditioner0000">
            <data>0x317BED0</data>
          </containerEntry>
        </property>
      </staticProperties>
      <dynamicProperties></dynamicProperties>
    </entity>
    <entity class="StaticModel" classVersion="9" classID="0x160" addr="0x3353340" id="0x3B1F17">
      <staticProperties>
        <property name="name" type="String" container="StaticArray" arraySize="1">
          <containerEntry>afgh_clff027_vrtn006_0003</containerEntry>
        </property>
        <property name="dataSet" type="EntityHandle" container="StaticArray" arraySize="1">
          <containerEntry>0x3352D20</containerEntry>
        </property>
        <property name="parent" type="EntityHandle" container="StaticArray" arraySize="1">
          <containerEntry>0x0</containerEntry>
        </property>
        <property name="transform" type="EntityPtr" container="StaticArray" arraySize="1">
          <containerEntry>0x33533B0</containerEntry>
        </property>
        <property name="shearTransform" type="EntityPtr" container="StaticArray" arraySize="1">
          <containerEntry>0x0</containerEntry>
        </property>
        <property name="pivotTransform" type="EntityPtr" container="StaticArray" arraySize="1">
          <containerEntry>0x0</containerEntry>
        </property>
        <property name="children" type="EntityHandle" container="List"></property>
        <property name="flags" type="UInt32" container="StaticArray" arraySize="1">
          <containerEntry>3221225479</containerEntry>
        </property>
        <property name="modelFile" type="FilePtr" container="StaticArray" arraySize="1">
          <containerEntry>/Assets/tpp/environ/object/afghanistan/cliff/afgh_clff027/scenes/afgh_clff027_vrtn006.fmdl</containerEntry>
        </property>
        <property name="geomFile" type="FilePtr" container="StaticArray" arraySize="1">
          <containerEntry>/Assets/tpp/environ/object/afghanistan/cliff/afgh_clff027/scenes/afgh_clff027_vrtn006.geom</containerEntry>
        </property>
        <property name="isVisibleGeom" type="Bool" container="StaticArray" arraySize="1">
          <containerEntry>false</containerEntry>
        </property>
        <property name="isIsolated" type="Bool" container="StaticArray" arraySize="1">
          <containerEntry>false</containerEntry>
        </property>
        <property name="lodFarSize" type="Float" container="StaticArray" arraySize="1">
          <containerEntry>-1</containerEntry>
        </property>
        <property name="lodNearSize" type="Float" container="StaticArray" arraySize="1">
          <containerEntry>-1</containerEntry>
        </property>
        <property name="lodPolygonSize" type="Float" container="StaticArray" arraySize="1">
          <containerEntry>-1</containerEntry>
        </property>
        <property name="color" type="Color" container="StaticArray" arraySize="1">
          <containerEntry r="1" g="1" b="1" a="1"></containerEntry>
        </property>
        <property name="drawRejectionLevel" type="Int32" container="StaticArray" arraySize="1">
          <containerEntry>8</containerEntry>
        </property>
        <property name="drawMode" type="Int32" container="StaticArray" arraySize="1">
          <containerEntry>0</containerEntry>
        </property>
        <property name="rejectFarRangeShadowCast" type="Int32" container="StaticArray" arraySize="1">
          <containerEntry>2</containerEntry>
        </property>
      </staticProperties>
      <dynamicProperties></dynamicProperties>
    </entity>
    <entity class="TransformEntity" classVersion="0" classID="0x50" addr="0x33533B0" id="0x3B1F1A">
      <staticProperties>
        <property name="owner" type="EntityHandle" container="StaticArray" arraySize="1">
          <containerEntry>0x3353340</containerEntry>
        </property>
        <property name="transform_scale" type="Vector3" container="StaticArray" arraySize="1">
          <containerEntry x="1" y="1" z="1" w="0"></containerEntry>
        </property>
        <property name="transform_rotation_quat" type="Quat" container="StaticArray" arraySize="1">
          <containerEntry x="-0.069735" y="0.797076" z="0.05228" w="0.597556"></containerEntry>
        </property>
        <property name="transform_translation" type="Vector3" container="StaticArray" arraySize="1">
          <containerEntry x="-579.8288" y="304.49106" z="1998.7412" w="0"></containerEntry>
        </property>
      </staticProperties>
      <dynamicProperties></dynamicProperties>
    </entity>
    <entity class="StaticModelArray" classVersion="4" classID="0xD0" addr="0x317B920" id="0x0">
      <staticProperties>
        <property name="name" type="String" container="StaticArray" arraySize="1">
          <containerEntry>StaticModelArray0000</containerEntry>
        </property>
        <property name="dataSet" type="EntityHandle" container="StaticArray" arraySize="1">
          <containerEntry>0x3352D20</containerEntry>
        </property>
        <property name="modelFile" type="FilePtr" container="StaticArray" arraySize="1">
          <containerEntry>/Assets/tpp/environ/object/afghanistan/clod/afgh_clod002/scenes/afgh_clod002.fmdl</containerEntry>
        </property>
        <property name="geomFile" type="FilePtr" container="StaticArray" arraySize="1">
          <containerEntry>/Assets/tpp/environ/object/afghanistan/clod/afgh_clod002/scenes/afgh_clod002.geom</containerEntry>
        </property>
        <property name="isVisibleGeom" type="Bool" container="StaticArray" arraySize="1">
          <containerEntry>false</containerEntry>
        </property>
        <property name="lodFarSize" type="Float" container="StaticArray" arraySize="1">
          <containerEntry>-1</containerEntry>
        </property>
        <property name="lodNearSize" type="Float" container="StaticArray" arraySize="1">
          <containerEntry>-1</containerEntry>
        </property>
        <property name="lodPolygonSize" type="Float" container="StaticArray" arraySize="1">
          <containerEntry>-1</containerEntry>
        </property>
        <property name="drawRejectionLevel" type="Int32" container="StaticArray" arraySize="1">
          <containerEntry>8</containerEntry>
        </property>
        <property name="drawMode" type="Int32" container="StaticArray" arraySize="1">
          <containerEntry>0</containerEntry>
        </property>
        <property name="rejectFarRangeShadowCast" type="Int32" container="StaticArray" arraySize="1">
          <containerEntry>2</containerEntry>
        </property>
        <property name="parentLocator" type="EntityLink" container="StaticArray" arraySize="1">
          <containerEntry packagePathHash="0xB8A0BF169F98" archivePathHash="0xB8A0BF169F98" nameInArchiveHash="0xB8A0BF169F98">0x0</containerEntry>
        </property>
        <property name="transforms" type="Matrix4" container="DynamicArray" arraySize="3">
          <containerEntry r11="0.8562056" r12="0.002711296" r13="0.51662767" r14="0" r21="0.039312515" r22="0.99674505" r23="-0.07038336" r24="0" r31="-0.51513696" r32="0.08057258" r33="0.8533121" r34="0" r41="-560" r42="274.19376" r43="1944" r44="1"></containerEntry>
          <containerEntry r11="-0.95062864" r12="0.09223534" r13="0.29629424" r14="0" r21="0.013724308" r22="0.9663688" r23="-0.2567935" r24="0" r31="-0.310015" r32="-0.24004978" r33="-0.91992354" r34="0" r41="-536" r42="274.9187" r43="1974" r44="1"></containerEntry>
          <containerEntry r11="-0.44298106" r12="0.054823395" r13="0.89485085" r14="0" r21="0.1065944" r22="0.9942692" r23="-0.0081462525" r24="0" r31="-0.89016926" r32="0.09177758" r33="-0.44628632" r34="0" r41="-540" r42="273.8988" r43="1958" r44="1"></containerEntry>
        </property>
        <property name="colors" type="UInt32" container="DynamicArray" arraySize="3">
          <containerEntry>4294967295</containerEntry>
          <containerEntry>4294967295</containerEntry>
          <containerEntry>4294967295</containerEntry>
        </property>
      </staticProperties>
      <dynamicProperties></dynamicProperties>
    </entity>
    <entity class="StaticModelArray" classVersion="4" classID="0xD0" addr="0x317B990" id="0x0">
      <staticProperties>
        <property name="name" type="String" container="StaticArray" arraySize="1">
          <containerEntry>StaticModelArray0001</containerEntry>
        </property>
        <property name="dataSet" type="EntityHandle" container="StaticArray" arraySize="1">
          <containerEntry>0x3352D20</containerEntry>
        </property>
        <property name="modelFile" type="FilePtr" container="StaticArray" arraySize="1">
          <containerEntry>/Assets/tpp/environ/object/middle_africa/rock/mafr_rock010/scenes/mafr_rock010_vrtn001.fmdl</containerEntry>
        </property>
        <property name="geomFile" type="FilePtr" container="StaticArray" arraySize="1">
          <containerEntry>/Assets/tpp/environ/object/middle_africa/rock/mafr_rock010/scenes/mafr_rock010_vrtn001.geom</containerEntry>
        </property>
        <property name="isVisibleGeom" type="Bool" container="StaticArray" arraySize="1">
          <containerEntry>false</containerEntry>
        </property>
        <property name="lodFarSize" type="Float" container="StaticArray" arraySize="1">
          <containerEntry>-1</containerEntry>
        </property>
        <property name="lodNearSize" type="Float" container="StaticArray" arraySize="1">
          <containerEntry>-1</containerEntry>
        </property>
        <property name="lodPolygonSize" type="Float" container="StaticArray" arraySize="1">
          <containerEntry>-1</containerEntry>
        </property>
        <property name="drawRejectionLevel" type="Int32" container="StaticArray" arraySize="1">
          <containerEntry>8</containerEntry>
        </property>
        <property name="drawMode" type="Int32" container="StaticArray" arraySize="1">
          <containerEntry>0</containerEntry>
        </property>
        <property name="rejectFarRangeShadowCast" type="Int32" container="StaticArray" arraySize="1">
          <containerEntry>2</containerEntry>
        </property>
        <property name="parentLocator" type="EntityLink" container="StaticArray" arraySize="1">
          <containerEntry packagePathHash="0xB8A0BF169F98" archivePathHash="0xB8A0BF169F98" nameInArchiveHash="0xB8A0BF169F98">0x0</containerEntry>
        </property>
        <property name="transforms" type="Matrix4" container="DynamicArray" arraySize="17">
          <containerEntry r11="0.61409277" r12="-0.3173503" r13="-0.7226178" r14="0" r21="0.2785345" r22="0.94382596" r23="-0.1777943" r24="0" r31="0.73844856" r32="-0.09209265" r33="0.66798997" r34="0" r41="-566.5657" r42="276.2905" r43="1953.1974" r44="1"></containerEntry>
          <containerEntry r11="0.6254532" r12="-0.19054967" r13="-0.7566349" r14="0" r21="0.04509276" r22="0.97692823" r23="-0.20875248" r24="0" r31="0.7789559" r32="0.09644574" r33="0.6196153" r34="0" r41="-546.7147" r42="282.35822" r43="2010.7863" r44="1"></containerEntry>
          <containerEntry r11="-0.984738" r12="0.078622244" r13="0.15522365" r14="0" r21="0.04509283" r22="0.9769284" r23="-0.20875174" r24="0" r31="-0.16805498" r32="-0.19856787" r33="-0.9655637" r34="0" r41="-553.0987" r42="283.01688" r43="2010.7863" r44="1"></containerEntry>
          <containerEntry r11="0.20626225" r12="-0.2977829" r13="-0.9320803" r14="0" r21="0.10568647" r22="0.95377463" r23="-0.28132522" r24="0" r31="0.9727686" r32="-0.040483013" r33="0.22819966" r34="0" r41="-536" r42="284.38464" r43="2021.6217" r44="1"></containerEntry>
          <containerEntry r11="-0.9386123" r12="0.0022640564" r13="-0.34493595" r14="0" r21="0.10568608" r22="0.95377445" r23="-0.281326" r24="0" r31="0.32835406" r32="-0.3005141" r33="-0.89546317" r34="0" r41="-534.1987" r42="284.75946" r43="2025.0583" r44="1"></containerEntry>
          <containerEntry r11="0.5064511" r12="0.012953401" r13="0.862169" r14="0" r21="0.2785347" r22="0.9438258" r23="-0.17779432" r24="0" r31="-0.8160403" r32="0.33018875" r33="0.4743937" r34="0" r41="-570.98126" r42="278.0622" r43="1955.8845" r44="1"></containerEntry>
          <containerEntry r11="-0.57659787" r12="0.016285911" r13="-0.8168596" r14="0" r21="0.278535" r22="0.94382584" r23="-0.17779382" r24="0" r31="0.7680775" r32="-0.33004117" r33="-0.5487439" r34="0" r41="-576.732" r42="277.5086" r43="1935.7242" r44="1"></containerEntry>
          <containerEntry r11="-0.9409445" r12="0.23583947" r13="0.24288574" r14="0" r21="0.20560195" r22="0.9680624" r23="-0.14346741" r24="0" r31="-0.2689639" r32="-0.08505765" r33="-0.959382" r34="0" r41="-587.95557" r42="282.68845" r43="1943.0802" r44="1"></containerEntry>
          <containerEntry r11="-0.9950467" r12="0.09588141" r13="0.025946116" r14="0" r21="0.09723251" r22="0.99362177" r23="0.057110697" r24="0" r31="-0.020304749" r32="0.05935107" r33="-0.9980228" r34="0" r41="-580.1902" r42="278.4701" r43="1932.0049" r44="1"></containerEntry>
          <containerEntry r11="0.69534665" r12="0.10618705" r13="1.2277763" r14="0" r21="0.1692407" r22="1.3881524" r23="-0.21590526" r24="0" r31="-1.2206835" r32="0.25294626" r33="0.669453" r34="0" r41="-610.03937" r42="299.05054" r43="1964.7333" r44="1"></containerEntry>
          <containerEntry r11="-0.18720908" r12="0.07707663" r13="0.9792897" r14="0" r21="0.1019724" r22="0.9930559" r23="-0.05866596" r24="0" r31="-0.97701114" r32="0.08887777" r33="-0.19376874" r34="0" r41="-594.70276" r42="304.02643" r43="2013.5625" r44="1"></containerEntry>
          <containerEntry r11="-0.8702486" r12="0.058296468" r13="0.489145" r14="0" r21="0.1281707" r22="0.98556894" r23="0.11057148" r24="0" r31="-0.4756402" r32="0.15891917" r33="-0.8651619" r34="0" r41="-616.92926" r42="304.58762" r43="2003.2063" r44="1"></containerEntry>
          <containerEntry r11="0.7682668" r12="-0.08869743" r13="-0.6339543" r14="0" r21="0.056375176" r22="0.99588084" r23="-0.0710159" r24="0" r31="0.6376418" r32="0.018819772" r33="0.7701025" r34="0" r41="-620.38104" r42="304.6878" r43="1992.6846" r44="1"></containerEntry>
          <containerEntry r11="-1.6051036" r12="-0.0024164105" r13="0.17845657" r14="0" r21="-0.0031048614" r22="1.6149857" r23="-0.006058442" r24="0" r31="-0.17844592" r32="-0.00636442" r33="-1.6050941" r34="0" r41="-607.13336" r42="301.5922" r43="2032.2562" r44="1"></containerEntry>
          <containerEntry r11="-0.9838205" r12="-0.14144598" r13="0.109937176" r14="0" r21="-0.14101197" r22="0.98993814" r23="0.011752395" r24="0" r31="-0.11049333" r32="-0.0039402023" r33="-0.993867" r34="0" r41="-573.1874" r42="303.17462" r43="2037.0735" r44="1"></containerEntry>
          <containerEntry r11="-0.8793092" r12="-0.11275129" r13="0.46270654" r14="0" r21="-0.15464972" r22="0.9865199" r23="-0.05349807" r24="0" r31="-0.45043716" r32="-0.11859901" r33="-0.8848929" r34="0" r41="-621.2383" r42="299.67313" r43="1954.8213" r44="1"></containerEntry>
          <containerEntry r11="-0.24310265" r12="0.03240061" r13="1.393575" r14="0" r21="0.97685456" r22="1.0131173" r23="0.1468581" r24="0" r31="-0.99441254" r32="0.9873006" r33="-0.1964232" r34="0" r41="-581.5007" r42="292.83603" r43="1978.454" r44="1"></containerEntry>
        </property>
        <property name="colors" type="UInt32" container="DynamicArray" arraySize="17">
          <containerEntry>4294967295</containerEntry>
          <containerEntry>4294967295</containerEntry>
          <containerEntry>4294967295</containerEntry>
          <containerEntry>4294967295</containerEntry>
          <containerEntry>4294967295</containerEntry>
          <containerEntry>4294967295</containerEntry>
          <containerEntry>4294967295</containerEntry>
          <containerEntry>4294967295</containerEntry>
          <containerEntry>4294967295</containerEntry>
          <containerEntry>4294967295</containerEntry>
          <containerEntry>4294967295</containerEntry>
          <containerEntry>4294967295</containerEntry>
          <containerEntry>4294967295</containerEntry>
          <containerEntry>4294967295</containerEntry>
          <containerEntry>4294967295</containerEntry>
          <containerEntry>4294967295</containerEntry>
          <containerEntry>4294967295</containerEntry>
        </property>
      </staticProperties>
      <dynamicProperties></dynamicProperties>
    </entity>
    <entity class="StaticModelArray" classVersion="4" classID="0xD0" addr="0x317B300" id="0x0">
      <staticProperties>
        <property name="name" type="String" container="StaticArray" arraySize="1">
          <containerEntry>StaticModelArray0002</containerEntry>
        </property>
        <property name="dataSet" type="EntityHandle" container="StaticArray" arraySize="1">
          <containerEntry>0x3352D20</containerEntry>
        </property>
        <property name="modelFile" type="FilePtr" container="StaticArray" arraySize="1">
          <containerEntry>/Assets/tpp/environ/object/afghanistan/cliff/afgh_clff027/scenes/afgh_clff027_vrtn007.fmdl</containerEntry>
        </property>
        <property name="geomFile" type="FilePtr" container="StaticArray" arraySize="1">
          <containerEntry>/Assets/tpp/environ/object/afghanistan/cliff/afgh_clff027/scenes/afgh_clff027_vrtn007.geom</containerEntry>
        </property>
        <property name="isVisibleGeom" type="Bool" container="StaticArray" arraySize="1">
          <containerEntry>false</containerEntry>
        </property>
        <property name="lodFarSize" type="Float" container="StaticArray" arraySize="1">
          <containerEntry>-1</containerEntry>
        </property>
        <property name="lodNearSize" type="Float" container="StaticArray" arraySize="1">
          <containerEntry>-1</containerEntry>
        </property>
        <property name="lodPolygonSize" type="Float" container="StaticArray" arraySize="1">
          <containerEntry>-1</containerEntry>
        </property>
        <property name="drawRejectionLevel" type="Int32" container="StaticArray" arraySize="1">
          <containerEntry>8</containerEntry>
        </property>
        <property name="drawMode" type="Int32" container="StaticArray" arraySize="1">
          <containerEntry>0</containerEntry>
        </property>
        <property name="rejectFarRangeShadowCast" type="Int32" container="StaticArray" arraySize="1">
          <containerEntry>2</containerEntry>
        </property>
        <property name="parentLocator" type="EntityLink" container="StaticArray" arraySize="1">
          <containerEntry packagePathHash="0xB8A0BF169F98" archivePathHash="0xB8A0BF169F98" nameInArchiveHash="0xB8A0BF169F98">0x0</containerEntry>
        </property>
        <property name="transforms" type="Matrix4" container="DynamicArray" arraySize="6">
          <containerEntry r11="-0.9659264" r12="0" r13="-0.25881872" r14="0" r21="0" r22="1" r23="0" r24="0" r31="0.25881872" r32="0" r33="-0.9659264" r34="0" r41="-530.8923" r42="283.67874" r43="2002.4132" r44="1"></containerEntry>
          <containerEntry r11="-0.86602604" r12="0" r13="-0.5" r14="0" r21="0" r22="1" r23="0" r24="0" r31="0.5" r32="0" r33="-0.86602604" r34="0" r41="-568.2503" r42="285.13596" r43="1978.0803" r44="1"></containerEntry>
          <containerEntry r11="-0.57357705" r12="0" r13="0.81915283" r14="0" r21="0" r22="1" r23="0" r24="0" r31="-0.81915283" r32="0" r33="-0.57357705" r34="0" r41="-630.26447" r42="307.78268" r43="1978.7081" r44="1"></containerEntry>
          <containerEntry r11="-0.98480904" r12="0" r13="0.17365074" r14="0" r21="0" r22="1" r23="0" r24="0" r31="-0.17365074" r32="0" r33="-0.98480904" r34="0" r41="-641.1887" r42="292.9261" r43="1879.6765" r44="1"></containerEntry>
          <containerEntry r11="0.90630573" r12="0" r13="-0.42262292" r14="0" r21="0" r22="1" r23="0" r24="0" r31="0.42262292" r32="0" r33="0.90630573" r34="0" r41="-663.62634" r42="289.27493" r43="1894.538" r44="1"></containerEntry>
          <containerEntry r11="0.91424155" r12="0" r13="-0.4051698" r14="0" r21="0" r22="1" r23="0" r24="0" r31="0.4051698" r32="0" r33="0.91424155" r34="0" r41="-599.3598" r42="305.02994" r43="1984.3169" r44="1"></containerEntry>
        </property>
        <property name="colors" type="UInt32" container="DynamicArray" arraySize="6">
          <containerEntry>4294967295</containerEntry>
          <containerEntry>4294967295</containerEntry>
          <containerEntry>4294967295</containerEntry>
          <containerEntry>4294967295</containerEntry>
          <containerEntry>4294967295</containerEntry>
          <containerEntry>4294967295</containerEntry>
        </property>
      </staticProperties>
      <dynamicProperties></dynamicProperties>
    </entity>
    <entity class="StaticModelArray" classVersion="4" classID="0xD0" addr="0x317B8B0" id="0x0">
      <staticProperties>
        <property name="name" type="String" container="StaticArray" arraySize="1">
          <containerEntry>StaticModelArray0003</containerEntry>
        </property>
        <property name="dataSet" type="EntityHandle" container="StaticArray" arraySize="1">
          <containerEntry>0x3352D20</containerEntry>
        </property>
        <property name="modelFile" type="FilePtr" container="StaticArray" arraySize="1">
          <containerEntry>/Assets/tpp/environ/object/afghanistan/cliff/afgh_clff027/scenes/afgh_clff027_vrtn003.fmdl</containerEntry>
        </property>
        <property name="geomFile" type="FilePtr" container="StaticArray" arraySize="1">
          <containerEntry>/Assets/tpp/environ/object/afghanistan/cliff/afgh_clff027/scenes/afgh_clff027_vrtn003.geom</containerEntry>
        </property>
        <property name="isVisibleGeom" type="Bool" container="StaticArray" arraySize="1">
          <containerEntry>false</containerEntry>
        </property>
        <property name="lodFarSize" type="Float" container="StaticArray" arraySize="1">
          <containerEntry>-1</containerEntry>
        </property>
        <property name="lodNearSize" type="Float" container="StaticArray" arraySize="1">
          <containerEntry>-1</containerEntry>
        </property>
        <property name="lodPolygonSize" type="Float" container="StaticArray" arraySize="1">
          <containerEntry>-1</containerEntry>
        </property>
        <property name="drawRejectionLevel" type="Int32" container="StaticArray" arraySize="1">
          <containerEntry>8</containerEntry>
        </property>
        <property name="drawMode" type="Int32" container="StaticArray" arraySize="1">
          <containerEntry>0</containerEntry>
        </property>
        <property name="rejectFarRangeShadowCast" type="Int32" container="StaticArray" arraySize="1">
          <containerEntry>2</containerEntry>
        </property>
        <property name="parentLocator" type="EntityLink" container="StaticArray" arraySize="1">
          <containerEntry packagePathHash="0xB8A0BF169F98" archivePathHash="0xB8A0BF169F98" nameInArchiveHash="0xB8A0BF169F98">0x0</containerEntry>
        </property>
        <property name="transforms" type="Matrix4" container="DynamicArray" arraySize="2">
          <containerEntry r11="-0.4479068" r12="-0.013870884" r13="-0.89397174" r14="0" r21="0.09256421" r22="0.99378717" r23="-0.06179713" r24="0" r31="0.8892749" r32="-0.11042924" r33="-0.4438401" r34="0" r41="-584.59247" r42="295.7178" r43="1954.3114" r44="1"></containerEntry>
          <containerEntry r11="-0.98376477" r12="0.0816948" r13="-0.15978983" r14="0" r21="0.09256446" r22="0.9937872" r23="-0.06179627" r24="0" r31="0.15374866" r32="-0.07558385" r33="-0.9852149" r34="0" r41="-544.7683" r42="305.6967" r43="2041.9897" r44="1"></containerEntry>
        </property>
        <property name="colors" type="UInt32" container="DynamicArray" arraySize="2">
          <containerEntry>4294967295</containerEntry>
          <containerEntry>4294967295</containerEntry>
        </property>
      </staticProperties>
      <dynamicProperties></dynamicProperties>
    </entity>
    <entity class="StaticModelArray" classVersion="4" classID="0xD0" addr="0x317B7D0" id="0x0">
      <staticProperties>
        <property name="name" type="String" container="StaticArray" arraySize="1">
          <containerEntry>StaticModelArray0004</containerEntry>
        </property>
        <property name="dataSet" type="EntityHandle" container="StaticArray" arraySize="1">
          <containerEntry>0x3352D20</containerEntry>
        </property>
        <property name="modelFile" type="FilePtr" container="StaticArray" arraySize="1">
          <containerEntry>/Assets/tpp/environ/object/afghanistan/rock/afgh_rock006/scenes/afgh_rock006.fmdl</containerEntry>
        </property>
        <property name="geomFile" type="FilePtr" container="StaticArray" arraySize="1">
          <containerEntry>/Assets/tpp/environ/object/afghanistan/rock/afgh_rock006/scenes/afgh_rock006.geom</containerEntry>
        </property>
        <property name="isVisibleGeom" type="Bool" container="StaticArray" arraySize="1">
          <containerEntry>false</containerEntry>
        </property>
        <property name="lodFarSize" type="Float" container="StaticArray" arraySize="1">
          <containerEntry>-1</containerEntry>
        </property>
        <property name="lodNearSize" type="Float" container="StaticArray" arraySize="1">
          <containerEntry>-1</containerEntry>
        </property>
        <property name="lodPolygonSize" type="Float" container="StaticArray" arraySize="1">
          <containerEntry>-1</containerEntry>
        </property>
        <property name="drawRejectionLevel" type="Int32" container="StaticArray" arraySize="1">
          <containerEntry>8</containerEntry>
        </property>
        <property name="drawMode" type="Int32" container="StaticArray" arraySize="1">
          <containerEntry>0</containerEntry>
        </property>
        <property name="rejectFarRangeShadowCast" type="Int32" container="StaticArray" arraySize="1">
          <containerEntry>2</containerEntry>
        </property>
        <property name="parentLocator" type="EntityLink" container="StaticArray" arraySize="1">
          <containerEntry packagePathHash="0xB8A0BF169F98" archivePathHash="0xB8A0BF169F98" nameInArchiveHash="0xB8A0BF169F98">0x0</containerEntry>
        </property>
        <property name="transforms" type="Matrix4" container="DynamicArray" arraySize="5">
          <containerEntry r11="0.41558737" r12="-0.10903903" r13="0.9029941" r14="0" r21="-0.2895737" r22="0.9252686" r23="0.24500026" r24="0" r31="-0.86222667" r32="-0.3633023" r33="0.3529551" r34="0" r41="-573.5292" r42="278.6073" r43="1946" r44="1"></containerEntry>
          <containerEntry r11="0.99194115" r12="0.036239117" r13="-0.12140617" r14="0" r21="-0.02041752" r22="0.99141955" r23="0.1291136" r24="0" r31="0.12504342" r32="-0.12559427" r33="0.98416984" r34="0" r41="-579.0376" r42="281.6511" r43="1948" r44="1"></containerEntry>
          <containerEntry r11="-0.6255554" r12="0.17126757" r13="0.7611466" r14="0" r21="0.078786395" r22="0.98448753" r23="-0.1567704" r24="0" r31="-0.776189" r32="-0.03810079" r33="-0.62934506" r34="0" r41="-560.40155" r42="275.2608" r43="1957.5012" r44="1"></containerEntry>
          <containerEntry r11="-0.29983824" r12="-0.060043767" r13="0.9520979" r14="0" r21="-0.49519384" r22="0.86282885" r23="-0.101534575" r24="0" r31="-0.81540096" r32="-0.50191724" r33="-0.2884423" r34="0" r41="-557.13354" r42="285.9408" r43="2019.1752" r44="1"></containerEntry>
          <containerEntry r11="1.4537096" r12="-0.2092307" r13="-0.85612583" r14="0" r21="-0.16875638" r22="-1.6869261" r23="0.12572187" r24="0" r31="-0.8650145" r32="-0.022521446" r33="-1.4632999" r34="0" r41="-600.4212" r42="295.61987" r43="1940.4432" r44="1"></containerEntry>
        </property>
        <property name="colors" type="UInt32" container="DynamicArray" arraySize="5">
          <containerEntry>4294967295</containerEntry>
          <containerEntry>4294967295</containerEntry>
          <containerEntry>4294967295</containerEntry>
          <containerEntry>4294967295</containerEntry>
          <containerEntry>4294967295</containerEntry>
        </property>
      </staticProperties>
      <dynamicProperties></dynamicProperties>
    </entity>
    <entity class="StaticModelArray" classVersion="4" classID="0xD0" addr="0x317B6F0" id="0x0">
      <staticProperties>
        <property name="name" type="String" container="StaticArray" arraySize="1">
          <containerEntry>StaticModelArray0005</containerEntry>
        </property>
        <property name="dataSet" type="EntityHandle" container="StaticArray" arraySize="1">
          <containerEntry>0x3352D20</containerEntry>
        </property>
        <property name="modelFile" type="FilePtr" container="StaticArray" arraySize="1">
          <containerEntry>/Assets/tpp/environ/object/afghanistan/cliff/afgh_clff027/scenes/afgh_clff027_vrtn004.fmdl</containerEntry>
        </property>
        <property name="geomFile" type="FilePtr" container="StaticArray" arraySize="1">
          <containerEntry>/Assets/tpp/environ/object/afghanistan/cliff/afgh_clff027/scenes/afgh_clff027_vrtn004.geom</containerEntry>
        </property>
        <property name="isVisibleGeom" type="Bool" container="StaticArray" arraySize="1">
          <containerEntry>false</containerEntry>
        </property>
        <property name="lodFarSize" type="Float" container="StaticArray" arraySize="1">
          <containerEntry>-1</containerEntry>
        </property>
        <property name="lodNearSize" type="Float" container="StaticArray" arraySize="1">
          <containerEntry>-1</containerEntry>
        </property>
        <property name="lodPolygonSize" type="Float" container="StaticArray" arraySize="1">
          <containerEntry>-1</containerEntry>
        </property>
        <property name="drawRejectionLevel" type="Int32" container="StaticArray" arraySize="1">
          <containerEntry>8</containerEntry>
        </property>
        <property name="drawMode" type="Int32" container="StaticArray" arraySize="1">
          <containerEntry>0</containerEntry>
        </property>
        <property name="rejectFarRangeShadowCast" type="Int32" container="StaticArray" arraySize="1">
          <containerEntry>2</containerEntry>
        </property>
        <property name="parentLocator" type="EntityLink" container="StaticArray" arraySize="1">
          <containerEntry packagePathHash="0xB8A0BF169F98" archivePathHash="0xB8A0BF169F98" nameInArchiveHash="0xB8A0BF169F98">0x0</containerEntry>
        </property>
        <property name="transforms" type="Matrix4" container="DynamicArray" arraySize="2">
          <containerEntry r11="-0.8191483" r12="0" r13="0.5735762" r14="0" r21="0" r22="1" r23="0" r24="0" r31="-0.5735762" r32="0" r33="-0.8191483" r34="0" r41="-525.1415" r42="305.25467" r43="2050.3027" r44="1"></containerEntry>
          <containerEntry r11="-0.68893456" r12="0" r13="-0.7248155" r14="0" r21="0" r22="1" r23="0" r24="0" r31="0.7248155" r32="0" r33="-0.68893456" r34="0" r41="-564.44794" r42="303.81174" r43="2025.6029" r44="1"></containerEntry>
        </property>
        <property name="colors" type="UInt32" container="DynamicArray" arraySize="2">
          <containerEntry>4294967295</containerEntry>
          <containerEntry>4294967295</containerEntry>
        </property>
      </staticProperties>
      <dynamicProperties></dynamicProperties>
    </entity>
    <entity class="StaticModelArray" classVersion="4" classID="0xD0" addr="0x317B450" id="0x0">
      <staticProperties>
        <property name="name" type="String" container="StaticArray" arraySize="1">
          <containerEntry>StaticModelArray0006</containerEntry>
        </property>
        <property name="dataSet" type="EntityHandle" container="StaticArray" arraySize="1">
          <containerEntry>0x3352D20</containerEntry>
        </property>
        <property name="modelFile" type="FilePtr" container="StaticArray" arraySize="1">
          <containerEntry>/Assets/tpp/environ/object/afghanistan/rock/afgh_rock001/scenes/afgh_rock001_vrtn001.fmdl</containerEntry>
        </property>
        <property name="geomFile" type="FilePtr" container="StaticArray" arraySize="1">
          <containerEntry>/Assets/tpp/environ/object/afghanistan/rock/afgh_rock001/scenes/afgh_rock001_vrtn001.geom</containerEntry>
        </property>
        <property name="isVisibleGeom" type="Bool" container="StaticArray" arraySize="1">
          <containerEntry>false</containerEntry>
        </property>
        <property name="lodFarSize" type="Float" container="StaticArray" arraySize="1">
          <containerEntry>-1</containerEntry>
        </property>
        <property name="lodNearSize" type="Float" container="StaticArray" arraySize="1">
          <containerEntry>-1</containerEntry>
        </property>
        <property name="lodPolygonSize" type="Float" container="StaticArray" arraySize="1">
          <containerEntry>-1</containerEntry>
        </property>
        <property name="drawRejectionLevel" type="Int32" container="StaticArray" arraySize="1">
          <containerEntry>8</containerEntry>
        </property>
        <property name="drawMode" type="Int32" container="StaticArray" arraySize="1">
          <containerEntry>0</containerEntry>
        </property>
        <property name="rejectFarRangeShadowCast" type="Int32" container="StaticArray" arraySize="1">
          <containerEntry>2</containerEntry>
        </property>
        <property name="parentLocator" type="EntityLink" container="StaticArray" arraySize="1">
          <containerEntry packagePathHash="0xB8A0BF169F98" archivePathHash="0xB8A0BF169F98" nameInArchiveHash="0xB8A0BF169F98">0x0</containerEntry>
        </property>
        <property name="transforms" type="Matrix4" container="DynamicArray" arraySize="16">
          <containerEntry r11="0.53440475" r12="0.84446025" r13="-0.03598714" r14="0" r21="-0.5690038" r22="0.39091843" r23="0.7234729" r24="0" r31="0.62501425" r32="-0.36614925" r33="0.68941253" r34="0" r41="-522" r42="282.82776" r43="2024" r44="1"></containerEntry>
          <containerEntry r11="0.25016022" r12="0.95490897" r13="-0.15988427" r14="0" r21="-0.9640125" r22="0.2303137" r23="-0.13277677" r24="0" r31="-0.08996715" r32="0.1873461" r33="0.9781652" r34="0" r41="-541.84607" r42="285.06042" r43="2020.4088" r44="1"></containerEntry>
          <containerEntry r11="-0.59657717" r12="0.1413115" r13="-0.79000986" r14="0" r21="0.43882188" r22="0.8816291" r23="-0.17367989" r24="0" r31="0.67195225" r32="-0.45028925" r33="-0.5879699" r34="0" r41="-546" r42="280.17606" r43="1996" r44="1"></containerEntry>
          <containerEntry r11="0.7672092" r12="-0.42285374" r13="-0.482269" r14="0" r21="0.17867014" r22="0.8630409" r23="-0.47247902" r24="0" r31="0.61600786" r32="0.27632257" r33="0.7376846" r34="0" r41="-555.0834" r42="282.72467" r43="2006" r44="1"></containerEntry>
          <containerEntry r11="-0.59657717" r12="0.1413115" r13="-0.79000986" r14="0" r21="0.43882188" r22="0.8816291" r23="-0.17367989" r24="0" r31="0.67195225" r32="-0.45028925" r33="-0.5879699" r34="0" r41="-520" r42="273.85095" r43="1982" r44="1"></containerEntry>
          <containerEntry r11="0.67517513" r12="-0.45104828" r13="-0.5836882" r14="0" r21="0.43882236" r22="0.8816288" r23="-0.1736803" r24="0" r31="0.59293455" r32="-0.13887179" r33="0.79318464" r34="0" r41="-554" r42="274.10645" r43="1958" r44="1"></containerEntry>
          <containerEntry r11="-0.38408202" r12="0.009294242" r13="-0.9232493" r14="0" r21="-0.34059533" r22="0.92799956" r23="0.1510342" r24="0" r31="0.85817856" r32="0.37246493" r33="-0.3532622" r34="0" r41="-566" r42="277.30258" r43="1962" r44="1"></containerEntry>
          <containerEntry r11="-0.9416235" r12="-0.33633947" r13="0.014434488" r14="0" r21="-0.3337711" r22="0.9383161" r23="0.09032883" r24="0" r31="-0.04392536" r32="0.08023848" r33="-0.9958009" r34="0" r41="-578.53864" r42="281.24698" r43="1950.5342" r44="1"></containerEntry>
          <containerEntry r11="0.75401545" r12="-0.6550457" r13="-0.048728287" r14="0" r21="0.6307836" r22="0.7427849" r23="-0.22445735" r24="0" r31="0.18322484" r32="0.13850707" r33="0.97326475" r34="0" r41="-580.299" r42="281.15347" r43="1938.2521" r44="1"></containerEntry>
          <containerEntry r11="0.2705268" r12="-0.05712138" r13="0.9610143" r14="0" r21="0.46332735" r22="0.88275135" r23="-0.0779566" r24="0" r31="-0.8438833" r32="0.4663546" r33="0.2652741" r34="0" r41="-574" r42="279.812" r43="1946" r44="1"></containerEntry>
          <containerEntry r11="0.67517465" r12="-0.45104823" r13="-0.58368844" r14="0" r21="-0.19202855" r22="0.6565217" r23="-0.729453" r24="0" r31="0.7122231" r32="0.6045926" r33="0.3566528" r34="0" r41="-538.86914" r42="274.80994" r43="1970" r44="1"></containerEntry>
          <containerEntry r11="0.67517513" r12="-0.45104828" r13="-0.5836882" r14="0" r21="0.43882236" r22="0.8816288" r23="-0.1736803" r24="0" r31="0.59293455" r32="-0.13887179" r33="0.79318464" r34="0" r41="-546.209" r42="277.08087" r43="1982.2056" r44="1"></containerEntry>
          <containerEntry r11="0.67517614" r12="-0.45104736" r13="-0.5836876" r14="0" r21="-0.7376279" r22="-0.40604138" r23="-0.5394682" r24="0" r31="0.0063224435" r32="0.79478127" r33="-0.6068542" r34="0" r41="-544" r42="276.37558" r43="1978" r44="1"></containerEntry>
          <containerEntry r11="0.67517513" r12="-0.45104828" r13="-0.5836882" r14="0" r21="0.43882236" r22="0.8816288" r23="-0.1736803" r24="0" r31="0.59293455" r32="-0.13887179" r33="0.79318464" r34="0" r41="-556" r42="281.1028" r43="1992" r44="1"></containerEntry>
          <containerEntry r11="-0.63331056" r12="-0.073455624" r13="-0.77039623" r14="0" r21="0.15327147" r22="-0.9876643" r23="-0.03182677" r24="0" r31="-0.7585604" r32="-0.13823658" r33="0.6367685" r34="0" r41="-629.1218" r42="297.63165" r43="1942.7325" r44="1"></containerEntry>
          <containerEntry r11="0.22209978" r12="-0.14635824" r13="-0.96397537" r14="0" r21="0.085252956" r22="-0.98196495" r23="0.16873193" r24="0" r31="-0.9712884" r32="-0.11965698" r33="-0.20561422" r34="0" r41="-602.96643" r42="302.8455" r43="1984.6343" r44="1"></containerEntry>
        </property>
        <property name="colors" type="UInt32" container="DynamicArray" arraySize="16">
          <containerEntry>4294967295</containerEntry>
