<fox formatVersion="2" fileVersion="0">
  <entities>
    <entity class="DataSet" classVersion="0" classID="0xE8" addr="0x33532D0" id="0x6B7D83">
      <staticProperties>
        <property name="name" type="String" container="StaticArray" arraySize="1">
          <containerEntry hash="0xB8A0BF169F98"></containerEntry>
        </property>
        <property name="dataSet" type="EntityHandle" container="StaticArray" arraySize="1">
          <containerEntry>0x0</containerEntry>
        </property>
        <property name="dataList" type="EntityPtr" container="StringMap" arraySize="10">
          <containerEntry key="afgh_clff013_0007">
            <data>0x3351C80</data>
          </containerEntry>
          <containerEntry key="StaticModelArray0000">
            <data>0x317C020</data>
          </containerEntry>
          <containerEntry key="StaticModelArray0001">
            <data>0x317C090</data>
          </containerEntry>
          <containerEntry key="StaticModelArray0002">
            <data>0x317C100</data>
          </containerEntry>
          <containerEntry key="StaticModelArray0003">
            <data>0x317C1E0</data>
          </containerEntry>
          <containerEntry key="StaticModelArray0004">
            <data>0x317C170</data>
          </containerEntry>
          <containerEntry key="StaticModelArray0005">
            <data>0x317BD10</data>
          </containerEntry>
          <containerEntry key="StaticModelArray0006">
            <data>0x33537A0</data>
          </containerEntry>
          <containerEntry key="StaticModelArray0007">
            <data>0x317BE60</data>
          </containerEntry>
          <containerEntry key="TexturePackLoadConditioner0000">
            <data>0x317BF40</data>
          </containerEntry>
        </property>
      </staticProperties>
      <dynamicProperties></dynamicProperties>
    </entity>
    <entity class="StaticModel" classVersion="9" classID="0x160" addr="0x3351C80" id="0x6B7E09">
      <staticProperties>
        <property name="name" type="String" container="StaticArray" arraySize="1">
          <containerEntry>afgh_clff013_0007</containerEntry>
        </property>
        <property name="dataSet" type="EntityHandle" container="StaticArray" arraySize="1">
          <containerEntry>0x33532D0</containerEntry>
        </property>
        <property name="parent" type="EntityHandle" container="StaticArray" arraySize="1">
          <containerEntry>0x0</containerEntry>
        </property>
        <property name="transform" type="EntityPtr" container="StaticArray" arraySize="1">
          <containerEntry>0x3351C10</containerEntry>
        </property>
        <property name="shearTransform" type="EntityPtr" container="StaticArray" arraySize="1">
          <containerEntry>0x0</containerEntry>
        </property>
        <property name="pivotTransform" type="EntityPtr" container="StaticArray" arraySize="1">
          <containerEntry>0x0</containerEntry>
        </property>
        <property name="children" type="EntityHandle" container="List"></property>
        <property name="flags" type="UInt32" container="StaticArray" arraySize="1">
          <containerEntry>3221225479</containerEntry>
        </property>
        <property name="modelFile" type="FilePtr" container="StaticArray" arraySize="1">
          <containerEntry>/Assets/tpp/environ/object/afghanistan/cliff/afgh_clff013/scenes/afgh_clff013.fmdl</containerEntry>
        </property>
        <property name="geomFile" type="FilePtr" container="StaticArray" arraySize="1">
          <containerEntry>/Assets/tpp/environ/object/afghanistan/cliff/afgh_clff013/scenes/afgh_clff013.geom</containerEntry>
        </property>
        <property name="isVisibleGeom" type="Bool" container="StaticArray" arraySize="1">
          <containerEntry>false</containerEntry>
        </property>
        <property name="isIsolated" type="Bool" container="StaticArray" arraySize="1">
          <containerEntry>false</containerEntry>
        </property>
        <property name="lodFarSize" type="Float" container="StaticArray" arraySize="1">
          <containerEntry>50</containerEntry>
        </property>
        <property name="lodNearSize" type="Float" container="StaticArray" arraySize="1">
          <containerEntry>400</containerEntry>
        </property>
        <property name="lodPolygonSize" type="Float" container="StaticArray" arraySize="1">
          <containerEntry>-1</containerEntry>
        </property>
        <property name="color" type="Color" container="StaticArray" arraySize="1">
          <containerEntry r="1" g="1" b="1" a="1"></containerEntry>
        </property>
        <property name="drawRejectionLevel" type="Int32" container="StaticArray" arraySize="1">
          <containerEntry>7</containerEntry>
        </property>
        <property name="drawMode" type="Int32" container="StaticArray" arraySize="1">
          <containerEntry>0</containerEntry>
        </property>
        <property name="rejectFarRangeShadowCast" type="Int32" container="StaticArray" arraySize="1">
          <containerEntry>2</containerEntry>
        </property>
      </staticProperties>
      <dynamicProperties></dynamicProperties>
    </entity>
    <entity class="TransformEntity" classVersion="0" classID="0x50" addr="0x3351C10" id="0x6B7E0C">
      <staticProperties>
        <property name="owner" type="EntityHandle" container="StaticArray" arraySize="1">
          <containerEntry>0x3351C80</containerEntry>
        </property>
        <property name="transform_scale" type="Vector3" container="StaticArray" arraySize="1">
          <containerEntry x="1" y="1" z="1" w="0"></containerEntry>
        </property>
        <property name="transform_rotation_quat" type="Quat" container="StaticArray" arraySize="1">
          <containerEntry x="0" y="0.91539" z="0" w="-0.402568"></containerEntry>
        </property>
        <property name="transform_translation" type="Vector3" container="StaticArray" arraySize="1">
          <containerEntry x="-378.71692" y="319.713" z="503.99863" w="0"></containerEntry>
        </property>
      </staticProperties>
      <dynamicProperties></dynamicProperties>
    </entity>
    <entity class="StaticModelArray" classVersion="4" classID="0xD0" addr="0x317C020" id="0x0">
      <staticProperties>
        <property name="name" type="String" container="StaticArray" arraySize="1">
          <containerEntry>StaticModelArray0000</containerEntry>
        </property>
        <property name="dataSet" type="EntityHandle" container="StaticArray" arraySize="1">
          <containerEntry>0x33532D0</containerEntry>
        </property>
        <property name="modelFile" type="FilePtr" container="StaticArray" arraySize="1">
          <containerEntry>/Assets/tpp/environ/object/afghanistan/cliff/afgh_clff035/scenes/afgh_clff035_vrtn003.fmdl</containerEntry>
        </property>
        <property name="geomFile" type="FilePtr" container="StaticArray" arraySize="1">
          <containerEntry>/Assets/tpp/environ/object/afghanistan/cliff/afgh_clff035/scenes/afgh_clff035_vrtn003.geom</containerEntry>
        </property>
        <property name="isVisibleGeom" type="Bool" container="StaticArray" arraySize="1">
          <containerEntry>false</containerEntry>
        </property>
        <property name="lodFarSize" type="Float" container="StaticArray" arraySize="1">
          <containerEntry>-1</containerEntry>
        </property>
        <property name="lodNearSize" type="Float" container="StaticArray" arraySize="1">
          <containerEntry>-1</containerEntry>
        </property>
        <property name="lodPolygonSize" type="Float" container="StaticArray" arraySize="1">
          <containerEntry>-1</containerEntry>
        </property>
        <property name="drawRejectionLevel" type="Int32" container="StaticArray" arraySize="1">
          <containerEntry>8</containerEntry>
        </property>
        <property name="drawMode" type="Int32" container="StaticArray" arraySize="1">
          <containerEntry>0</containerEntry>
        </property>
        <property name="rejectFarRangeShadowCast" type="Int32" container="StaticArray" arraySize="1">
          <containerEntry>2</containerEntry>
        </property>
        <property name="parentLocator" type="EntityLink" container="StaticArray" arraySize="1">
          <containerEntry packagePathHash="0xB8A0BF169F98" archivePathHash="0xB8A0BF169F98" nameInArchiveHash="0xB8A0BF169F98">0x0</containerEntry>
        </property>
        <property name="transforms" type="Matrix4" container="DynamicArray" arraySize="5">
          <containerEntry r11="-0.29491532" r12="-0.1868073" r13="-0.9370828" r14="0" r21="0.10616961" r22="0.96822417" r23="-0.22642852" r24="0" r31="0.9496048" r32="-0.16626753" r33="-0.26571083" r34="0" r41="-256.56134" r42="357.1119" r43="434.27722" r44="1"></containerEntry>
          <containerEntry r11="0.35658163" r12="-0.028058728" r13="0.9338421" r14="0" r21="0.013916476" r22="0.99959755" r23="0.02472052" r24="0" r31="-0.93415993" r32="0.0041809333" r33="0.35682863" r34="0" r41="-367.94174" r42="349.97775" r43="458.93082" r44="1"></containerEntry>
          <containerEntry r11="0.8113894" r12="-0.02573685" r13="0.583939" r14="0" r21="0.013915713" r22="0.99959755" r23="0.024720777" r24="0" r31="-0.5843403" r32="-0.011932243" r33="0.8114209" r34="0" r41="-350.8826" r42="350.3233" r43="481.67838" r44="1"></containerEntry>
          <containerEntry r11="0.20627806" r12="-0.04298589" r13="0.9775477" r14="0" r21="0.02989666" r22="0.998845" r23="0.037613712" r24="0" r31="-0.9780355" r32="0.021466602" r33="0.20732492" r34="0" r41="-371.75916" r42="349.98358" r43="441.1751" r44="1"></containerEntry>
          <containerEntry r11="-0.3476114" r12="-0.013558542" r13="0.9375391" r14="0" r21="0.06801507" r22="0.9968967" r23="0.039634965" r24="0" r31="-0.9351671" r32="0.07754448" r33="-0.34561044" r34="0" r41="-371.7825" r42="349.98358" r43="414.7358" r44="1"></containerEntry>
        </property>
        <property name="colors" type="UInt32" container="DynamicArray" arraySize="5">
          <containerEntry>4294967295</containerEntry>
          <containerEntry>4294967295</containerEntry>
          <containerEntry>4294967295</containerEntry>
          <containerEntry>4294967295</containerEntry>
          <containerEntry>4294967295</containerEntry>
        </property>
      </staticProperties>
      <dynamicProperties></dynamicProperties>
    </entity>
    <entity class="StaticModelArray" classVersion="4" classID="0xD0" addr="0x317C090" id="0x0">
      <staticProperties>
        <property name="name" type="String" container="StaticArray" arraySize="1">
          <containerEntry>StaticModelArray0001</containerEntry>
        </property>
        <property name="dataSet" type="EntityHandle" container="StaticArray" arraySize="1">
          <containerEntry>0x33532D0</containerEntry>
        </property>
        <property name="modelFile" type="FilePtr" container="StaticArray" arraySize="1">
          <containerEntry>/Assets/tpp/environ/object/afghanistan/tree/afgh_tree011/scenes/afgh_tree011_vrtn001.fmdl</containerEntry>
        </property>
        <property name="geomFile" type="FilePtr" container="StaticArray" arraySize="1">
          <containerEntry>/Assets/tpp/environ/object/afghanistan/tree/afgh_tree011/scenes/afgh_tree011_vrtn001.geom</containerEntry>
        </property>
        <property name="isVisibleGeom" type="Bool" container="StaticArray" arraySize="1">
          <containerEntry>false</containerEntry>
        </property>
        <property name="lodFarSize" type="Float" container="StaticArray" arraySize="1">
          <containerEntry>-1</containerEntry>
        </property>
        <property name="lodNearSize" type="Float" container="StaticArray" arraySize="1">
          <containerEntry>-1</containerEntry>
        </property>
        <property name="lodPolygonSize" type="Float" container="StaticArray" arraySize="1">
          <containerEntry>-1</containerEntry>
        </property>
        <property name="drawRejectionLevel" type="Int32" container="StaticArray" arraySize="1">
          <containerEntry>8</containerEntry>
        </property>
        <property name="drawMode" type="Int32" container="StaticArray" arraySize="1">
          <containerEntry>0</containerEntry>
        </property>
        <property name="rejectFarRangeShadowCast" type="Int32" container="StaticArray" arraySize="1">
          <containerEntry>2</containerEntry>
        </property>
        <property name="parentLocator" type="EntityLink" container="StaticArray" arraySize="1">
          <containerEntry packagePathHash="0xB8A0BF169F98" archivePathHash="0xB8A0BF169F98" nameInArchiveHash="0xB8A0BF169F98">0x0</containerEntry>
        </property>
        <property name="transforms" type="Matrix4" container="DynamicArray" arraySize="2">
          <containerEntry r11="-0.9797154" r12="0" r13="0.7601033" r14="0" r21="0" r22="1.24" r23="0" r24="0" r31="-0.7601033" r32="0" r33="-0.9797154" r34="0" r41="-320.43073" r42="359.65442" r43="444.43842" r44="1"></containerEntry>
          <containerEntry r11="1.1005857" r12="0" r13="0.5712367" r14="0" r21="0" r22="1.24" r23="0" r24="0" r31="-0.5712367" r32="0" r33="1.1005857" r34="0" r41="-312.54843" r42="359.65442" r43="412.41864" r44="1"></containerEntry>
        </property>
        <property name="colors" type="UInt32" container="DynamicArray" arraySize="2">
          <containerEntry>4294967295</containerEntry>
          <containerEntry>4294967295</containerEntry>
        </property>
      </staticProperties>
      <dynamicProperties></dynamicProperties>
    </entity>
    <entity class="StaticModelArray" classVersion="4" classID="0xD0" addr="0x317C100" id="0x0">
      <staticProperties>
        <property name="name" type="String" container="StaticArray" arraySize="1">
          <containerEntry>StaticModelArray0002</containerEntry>
        </property>
        <property name="dataSet" type="EntityHandle" container="StaticArray" arraySize="1">
          <containerEntry>0x33532D0</containerEntry>
        </property>
        <property name="modelFile" type="FilePtr" container="StaticArray" arraySize="1">
          <containerEntry>/Assets/tpp/environ/object/afghanistan/tree/afgh_tree011/scenes/afgh_tree011_vrtn002.fmdl</containerEntry>
        </property>
        <property name="geomFile" type="FilePtr" container="StaticArray" arraySize="1">
          <containerEntry>/Assets/tpp/environ/object/afghanistan/tree/afgh_tree011/scenes/afgh_tree011_vrtn002.geom</containerEntry>
        </property>
        <property name="isVisibleGeom" type="Bool" container="StaticArray" arraySize="1">
          <containerEntry>false</containerEntry>
        </property>
        <property name="lodFarSize" type="Float" container="StaticArray" arraySize="1">
          <containerEntry>-1</containerEntry>
        </property>
        <property name="lodNearSize" type="Float" container="StaticArray" arraySize="1">
          <containerEntry>-1</containerEntry>
        </property>
        <property name="lodPolygonSize" type="Float" container="StaticArray" arraySize="1">
          <containerEntry>-1</containerEntry>
        </property>
        <property name="drawRejectionLevel" type="Int32" container="StaticArray" arraySize="1">
          <containerEntry>8</containerEntry>
        </property>
        <property name="drawMode" type="Int32" container="StaticArray" arraySize="1">
          <containerEntry>0</containerEntry>
        </property>
        <property name="rejectFarRangeShadowCast" type="Int32" container="StaticArray" arraySize="1">
          <containerEntry>2</containerEntry>
        </property>
        <property name="parentLocator" type="EntityLink" container="StaticArray" arraySize="1">
          <containerEntry packagePathHash="0xB8A0BF169F98" archivePathHash="0xB8A0BF169F98" nameInArchiveHash="0xB8A0BF169F98">0x0</containerEntry>
        </property>
        <property name="transforms" type="Matrix4" container="DynamicArray" arraySize="3">
          <containerEntry r11="1" r12="0" r13="0" r14="0" r21="0" r22="1" r23="0" r24="0" r31="0" r32="0" r33="1" r34="0" r41="-313.63605" r42="361.74164" r43="395.4435" r44="1"></containerEntry>
          <containerEntry r11="0.43752658" r12="0.12936029" r13="-0.8898521" r14="0" r21="-0.14946982" r22="0.98629326" r23="0.06988819" r24="0" r31="0.8866959" r32="0.102428034" r33="0.45086497" r34="0" r41="-272" r42="365.5065" r43="486" r44="1"></containerEntry>
          <containerEntry r11="0.9875608" r12="0.14778851" r13="-0.053685308" r14="0" r21="-0.14729019" r22="0.989006" r23="0.013144857" r24="0" r31="0.05503775" r32="-0.005074012" r33="0.9984714" r34="0" r41="-276" r42="366.61606" r43="500" r44="1"></containerEntry>
        </property>
        <property name="colors" type="UInt32" container="DynamicArray" arraySize="3">
          <containerEntry>4294967295</containerEntry>
          <containerEntry>4294967295</containerEntry>
          <containerEntry>4294967295</containerEntry>
        </property>
      </staticProperties>
      <dynamicProperties></dynamicProperties>
    </entity>
    <entity class="StaticModelArray" classVersion="4" classID="0xD0" addr="0x317C1E0" id="0x0">
      <staticProperties>
        <property name="name" type="String" container="StaticArray" arraySize="1">
          <containerEntry>StaticModelArray0003</containerEntry>
        </property>
        <property name="dataSet" type="EntityHandle" container="StaticArray" arraySize="1">
          <containerEntry>0x33532D0</containerEntry>
        </property>
        <property name="modelFile" type="FilePtr" container="StaticArray" arraySize="1">
          <containerEntry>/Assets/tpp/environ/object/afghanistan/tree/afgh_tree011/scenes/afgh_tree011_vrtn003.fmdl</containerEntry>
        </property>
        <property name="geomFile" type="FilePtr" container="StaticArray" arraySize="1">
          <containerEntry>/Assets/tpp/environ/object/afghanistan/tree/afgh_tree011/scenes/afgh_tree011_vrtn003.geom</containerEntry>
        </property>
        <property name="isVisibleGeom" type="Bool" container="StaticArray" arraySize="1">
          <containerEntry>false</containerEntry>
        </property>
        <property name="lodFarSize" type="Float" container="StaticArray" arraySize="1">
          <containerEntry>-1</containerEntry>
        </property>
        <property name="lodNearSize" type="Float" container="StaticArray" arraySize="1">
          <containerEntry>-1</containerEntry>
        </property>
        <property name="lodPolygonSize" type="Float" container="StaticArray" arraySize="1">
          <containerEntry>-1</containerEntry>
        </property>
        <property name="drawRejectionLevel" type="Int32" container="StaticArray" arraySize="1">
          <containerEntry>8</containerEntry>
        </property>
        <property name="drawMode" type="Int32" container="StaticArray" arraySize="1">
          <containerEntry>0</containerEntry>
        </property>
        <property name="rejectFarRangeShadowCast" type="Int32" container="StaticArray" arraySize="1">
          <containerEntry>2</containerEntry>
        </property>
        <property name="parentLocator" type="EntityLink" container="StaticArray" arraySize="1">
          <containerEntry packagePathHash="0xB8A0BF169F98" archivePathHash="0xB8A0BF169F98" nameInArchiveHash="0xB8A0BF169F98">0x0</containerEntry>
        </property>
        <property name="transforms" type="Matrix4" container="DynamicArray" arraySize="9">
          <containerEntry r11="0.8524658" r12="0" r13="-0.522783" r14="0" r21="0" r22="1" r23="0" r24="0" r31="0.522783" r32="0" r33="0.8524658" r34="0" r41="-322" r42="363.96976" r43="426" r44="1"></containerEntry>
          <containerEntry r11="0.8524658" r12="0" r13="-0.522783" r14="0" r21="0" r22="1" r23="0" r24="0" r31="0.522783" r32="0" r33="0.8524658" r34="0" r41="-309.39624" r42="368.8739" r43="469.5512" r44="1"></containerEntry>
          <containerEntry r11="0.78039587" r12="0" r13="0.35621473" r14="0" r21="0" r22="0.85785" r23="0" r24="0" r31="-0.35621473" r32="0" r33="0.78039587" r34="0" r41="-290" r42="366.25284" r43="408.74597" r44="1"></containerEntry>
          <containerEntry r11="0.3031509" r12="0" r13="-0.9529435" r14="0" r21="0" r22="1" r23="0" r24="0" r31="0.9529435" r32="0" r33="0.3031509" r34="0" r41="-284" r42="364.8707" r43="492" r44="1"></containerEntry>
          <containerEntry r11="0.3031509" r12="0" r13="-0.9529435" r14="0" r21="0" r22="1" r23="0" r24="0" r31="0.9529435" r32="0" r33="0.3031509" r34="0" r41="-320.8233" r42="366.2506" r43="458.73462" r44="1"></containerEntry>
          <containerEntry r11="-0.9572469" r12="0" r13="-0.2892737" r14="0" r21="0" r22="1" r23="0" r24="0" r31="0.2892737" r32="0" r33="-0.9572469" r34="0" r41="-311.88492" r42="369.18222" r43="460.54016" r44="1"></containerEntry>
          <containerEntry r11="-0.076182365" r12="0" r13="-0.9970942" r14="0" r21="0" r22="1" r23="0" r24="0" r31="0.9970942" r32="0" r33="-0.076182365" r34="0" r41="-315.91595" r42="366.52347" r43="471.63354" r44="1"></containerEntry>
          <containerEntry r11="-0.076182365" r12="0" r13="-0.9970942" r14="0" r21="0" r22="1" r23="0" r24="0" r31="0.9970942" r32="0" r33="-0.076182365" r34="0" r41="-326.56702" r42="363.80322" r43="443.07913" r44="1"></containerEntry>
          <containerEntry r11="0.3031509" r12="0" r13="-0.9529435" r14="0" r21="0" r22="1" r23="0" r24="0" r31="0.9529435" r32="0" r33="0.3031509" r34="0" r41="-316.43896" r42="367.18228" r43="411.14124" r44="1"></containerEntry>
        </property>
        <property name="colors" type="UInt32" container="DynamicArray" arraySize="9">
          <containerEntry>4294967295</containerEntry>
          <containerEntry>4294967295</containerEntry>
          <containerEntry>4294967295</containerEntry>
          <containerEntry>4294967295</containerEntry>
          <containerEntry>4294967295</containerEntry>
          <containerEntry>4294967295</containerEntry>
          <containerEntry>4294967295</containerEntry>
          <containerEntry>4294967295</containerEntry>
          <containerEntry>4294967295</containerEntry>
        </property>
      </staticProperties>
      <dynamicProperties></dynamicProperties>
    </entity>
    <entity class="StaticModelArray" classVersion="4" classID="0xD0" addr="0x317C170" id="0x0">
      <staticProperties>
        <property name="name" type="String" container="StaticArray" arraySize="1">
          <containerEntry>StaticModelArray0004</containerEntry>
        </property>
        <property name="dataSet" type="EntityHandle" container="StaticArray" arraySize="1">
          <containerEntry>0x33532D0</containerEntry>
        </property>
        <property name="modelFile" type="FilePtr" container="StaticArray" arraySize="1">
          <containerEntry>/Assets/tpp/environ/object/afghanistan/cliff/afgh_clff022/scenes/afgh_clff022_vrtn002.fmdl</containerEntry>
        </property>
        <property name="geomFile" type="FilePtr" container="StaticArray" arraySize="1">
          <containerEntry>/Assets/tpp/environ/object/afghanistan/cliff/afgh_clff022/scenes/afgh_clff022_vrtn002.geom</containerEntry>
        </property>
        <property name="isVisibleGeom" type="Bool" container="StaticArray" arraySize="1">
          <containerEntry>false</containerEntry>
        </property>
        <property name="lodFarSize" type="Float" container="StaticArray" arraySize="1">
          <containerEntry>-1</containerEntry>
        </property>
        <property name="lodNearSize" type="Float" container="StaticArray" arraySize="1">
          <containerEntry>-1</containerEntry>
        </property>
        <property name="lodPolygonSize" type="Float" container="StaticArray" arraySize="1">
          <containerEntry>-1</containerEntry>
        </property>
        <property name="drawRejectionLevel" type="Int32" container="StaticArray" arraySize="1">
          <containerEntry>8</containerEntry>
        </property>
        <property name="drawMode" type="Int32" container="StaticArray" arraySize="1">
          <containerEntry>0</containerEntry>
        </property>
        <property name="rejectFarRangeShadowCast" type="Int32" container="StaticArray" arraySize="1">
          <containerEntry>2</containerEntry>
        </property>
        <property name="parentLocator" type="EntityLink" container="StaticArray" arraySize="1">
          <containerEntry packagePathHash="0xB8A0BF169F98" archivePathHash="0xB8A0BF169F98" nameInArchiveHash="0xB8A0BF169F98">0x0</containerEntry>
        </property>
        <property name="transforms" type="Matrix4" container="DynamicArray" arraySize="5">
          <containerEntry r11="-0.21213078" r12="0.079174936" r13="-0.97402763" r14="0" r21="-0.028406551" r22="0.9957918" r23="0.0871306" r24="0" r31="0.97682726" r32="0.04615196" r33="-0.20898902" r34="0" r41="-277.13177" r42="358.35358" r43="390.47183" r44="1"></containerEntry>
          <containerEntry r11="0.21399201" r12="0.017808218" r13="-0.97667176" r14="0" r21="-0.0014067898" r22="0.99983835" r23="0.017922368" r24="0" r31="0.97683305" r32="-0.0024612462" r33="0.21398246" r34="0" r41="-272.32593" r42="354.4971" r43="414.42615" r44="1"></containerEntry>
          <containerEntry r11="0.6619981" r12="-0.0125016365" r13="0.74940103" r14="0" r21="-0.0014062249" r22="0.9998384" r23="0.017921682" r24="0" r31="-0.749504" r32="-0.012917943" r33="0.6618736" r34="0" r41="-365.14212" r42="337.05972" r43="468.92407" r44="1"></containerEntry>
          <containerEntry r11="0.3629135" r12="0.025327211" r13="1.4552152" r14="0" r21="0.18383145" r22="1.486964" r23="-0.0717251" r24="0" r31="-1.4437792" r32="0.19569625" r33="0.35665557" r34="0" r41="-347.83905" r42="365.92776" r43="438.93854" r44="1"></containerEntry>
          <containerEntry r11="1.3339303" r12="-0.0537321" r13="0.68391675" r14="0" r21="0.115662545" r22="1.4916002" r23="-0.108403295" r24="0" r31="-0.6762037" r32="0.14913738" r33="1.3306036" r34="0" r41="-309.03735" r42="364.68317" r43="482.87427" r44="1"></containerEntry>
        </property>
        <property name="colors" type="UInt32" container="DynamicArray" arraySize="5">
          <containerEntry>4294967295</containerEntry>
          <containerEntry>4294967295</containerEntry>
          <containerEntry>4294967295</containerEntry>
          <containerEntry>4294967295</containerEntry>
          <containerEntry>4294967295</containerEntry>
        </property>
      </staticProperties>
      <dynamicProperties></dynamicProperties>
    </entity>
    <entity class="StaticModelArray" classVersion="4" classID="0xD0" addr="0x317BD10" id="0x0">
      <staticProperties>
        <property name="name" type="String" container="StaticArray" arraySize="1">
          <containerEntry>StaticModelArray0005</containerEntry>
        </property>
        <property name="dataSet" type="EntityHandle" container="StaticArray" arraySize="1">
          <containerEntry>0x33532D0</containerEntry>
        </property>
        <property name="modelFile" type="FilePtr" container="StaticArray" arraySize="1">
          <containerEntry>/Assets/tpp/environ/object/afghanistan/rock/afgh_rock010/scenes/afgh_rock010.fmdl</containerEntry>
        </property>
        <property name="geomFile" type="FilePtr" container="StaticArray" arraySize="1">
          <containerEntry>/Assets/tpp/environ/object/afghanistan/rock/afgh_rock010/scenes/afgh_rock010.geom</containerEntry>
        </property>
        <property name="isVisibleGeom" type="Bool" container="StaticArray" arraySize="1">
          <containerEntry>false</containerEntry>
        </property>
        <property name="lodFarSize" type="Float" container="StaticArray" arraySize="1">
          <containerEntry>-1</containerEntry>
        </property>
        <property name="lodNearSize" type="Float" container="StaticArray" arraySize="1">
          <containerEntry>-1</containerEntry>
        </property>
        <property name="lodPolygonSize" type="Float" container="StaticArray" arraySize="1">
          <containerEntry>-1</containerEntry>
        </property>
        <property name="drawRejectionLevel" type="Int32" container="StaticArray" arraySize="1">
          <containerEntry>8</containerEntry>
        </property>
        <property name="drawMode" type="Int32" container="StaticArray" arraySize="1">
          <containerEntry>0</containerEntry>
        </property>
        <property name="rejectFarRangeShadowCast" type="Int32" container="StaticArray" arraySize="1">
          <containerEntry>2</containerEntry>
        </property>
        <property name="parentLocator" type="EntityLink" container="StaticArray" arraySize="1">
          <containerEntry packagePathHash="0xB8A0BF169F98" archivePathHash="0xB8A0BF169F98" nameInArchiveHash="0xB8A0BF169F98">0x0</containerEntry>
        </property>
        <property name="transforms" type="Matrix4" container="DynamicArray" arraySize="17">
          <containerEntry r11="-0.9638592" r12="0.2148482" r13="-0.15751341" r14="0" r21="0.20847134" r22="0.9764156" r23="0.05614485" r24="0" r31="0.16586119" r32="0.021278799" r33="-0.9859168" r34="0" r41="-296.67566" r42="365.75226" r43="438.5753" r44="1"></containerEntry>
          <containerEntry r11="0.73264885" r12="-0.67989624" r13="-0.031082831" r14="0" r21="0.6678668" r22="0.72697973" r23="-0.15954201" r24="0" r31="0.13106874" r32="0.096128985" r33="0.98670167" r34="0" r41="-283.6684" r42="361.35712" r43="395.48264" r44="1"></containerEntry>
          <containerEntry r11="-0.96850085" r12="0.17181905" r13="0.18020919" r14="0" r21="0.17850225" r22="0.9837062" r23="0.021424567" r24="0" r31="-0.17359173" r32="0.052917622" r33="-0.9833904" r34="0" r41="-274.1742" r42="362.94278" r43="455.72903" r44="1"></containerEntry>
          <containerEntry r11="0.7096807" r12="0.1732295" r13="1.310093" r14="0" r21="-0.29864073" r22="1.4696103" r23="-0.0325476" r24="0" r31="-1.2873096" r32="-0.24543262" r33="0.72979164" r34="0" r41="-359.45758" r42="349.2874" r43="459.11304" r44="1"></containerEntry>
          <containerEntry r11="0.5595372" r12="0.30791402" r13="-1.357243" r14="0" r21="-0.6992755" r22="1.3269707" r23="0.012762621" r24="0" r31="1.203301" r32="0.6279634" r33="0.6385373" r34="0" r41="-364.88724" r42="345.13367" r43="453.06128" r44="1"></containerEntry>
          <containerEntry r11="0.26853046" r12="-0.058064945" r13="1.4746251" r14="0" r21="0.1386627" r22="1.4932003" r23="0.033545785" r24="0" r31="-1.4692391" r32="0.13031165" r33="0.2726808" r34="0" r41="-375.9751" r42="336.98782" r43="452.98392" r44="1"></containerEntry>
          <containerEntry r11="0.9433247" r12="0.47529948" r13="-1.0650011" r14="0" r21="-0.25721478" r22="1.4208374" r23="0.40627748" r24="0" r31="1.1375313" r32="-0.07287808" r33="0.97504354" r34="0" r41="-341.31967" r42="340.79318" r43="494.05814" r44="1"></containerEntry>
          <containerEntry r11="-1.3076346" r12="-0.7060895" r13="0.20377183" r14="0" r21="-0.6601951" r22="1.3113546" r23="0.30739373" r24="0" r31="-0.32284316" r32="0.17828673" r33="-1.453953" r34="0" r41="-352.91098" r42="338.67032" r43="487.3217" r44="1"></containerEntry>
          <containerEntry r11="0.8147762" r12="-0.41598487" r13="1.1887372" r14="0" r21="-0.06386258" r22="1.4003468" r23="0.5338074" r24="0" r31="-1.2578001" r32="-0.34056622" r33="0.74293554" r34="0" r41="-342.10312" r42="347.45587" r43="482.16968" r44="1"></containerEntry>
          <containerEntry r11="-0.33114552" r12="-0.6727811" r13="1.299118" r14="0" r21="-0.47509477" r22="1.3092445" r23="0.5569234" r24="0" r31="-1.3837004" r32="-0.28852096" r33="-0.5021235" r34="0" r41="-353.7119" r42="347.13098" r43="471.26288" r44="1"></containerEntry>
          <containerEntry r11="-1.4878237" r12="-0.1863233" r13="0.04075678" r14="0" r21="-0.18924741" r22="1.4820418" r23="-0.13318199" r24="0" r31="-0.023725558" r32="-0.13724306" r33="-1.4935188" r34="0" r41="-383.91745" r42="333.92297" r43="444.93524" r44="1"></containerEntry>
          <containerEntry r11="-0.6954758" r12="-0.2996434" r13="-1.2948077" r14="0" r21="0.057412695" r22="1.4532404" r23="-0.36714563" r24="0" r31="1.3277866" r32="-0.21978623" r33="-0.6623268" r34="0" r41="-376.00015" r42="336.5322" r43="430.2183" r44="1"></containerEntry>
          <containerEntry r11="0.5679686" r12="0.11002759" r13="-1.3839464" r14="0" r21="-0.0050031077" r22="1.4954343" r23="0.11683801" r24="0" r31="1.3883042" r32="-0.039624248" r33="0.5666068" r34="0" r41="-392.80798" r42="335.9344" r43="432.2352" r44="1"></containerEntry>
          <containerEntry r11="1.1628697" r12="0.60579026" r13="0.7285274" r14="0" r21="-0.69927454" r22="1.3269712" r23="0.012764219" r24="0" r31="-0.639335" r32="-0.34952253" r33="1.3111387" r34="0" r41="-370.70883" r42="345.02567" r43="425.80505" r44="1"></containerEntry>
          <containerEntry r11="-0.38684446" r12="-0.31877112" r13="1.4137659" r14="0" r21="-0.7102821" r22="1.3171804" r23="0.10264056" r24="0" r31="-1.263269" r32="-0.6429781" r33="-0.49064085" r34="0" r41="-365.58463" r42="323.92838" r43="501.92737" r44="1"></containerEntry>
          <containerEntry r11="1.3792874" r12="0.5895159" r13="-0.0060990294" r14="0" r21="-0.5895159" r22="1.3789792" r23="-0.029785406" r24="0" r31="-0.0060990294" r32="0.029785406" r33="1.4996918" r34="0" r41="-292.60422" r42="357.47577" r43="515.5262" r44="1"></containerEntry>
          <containerEntry r11="-0.32222015" r12="0.26490828" r13="-1.440831" r14="0" r21="-0.03909866" r22="1.4731917" r23="0.27960175" r24="0" r31="1.4644594" r32="0.09761886" r33="-0.30955634" r34="0" r41="-323.6959" r42="343.47964" r43="498.13785" r44="1"></containerEntry>
        </property>
        <property name="colors" type="UInt32" container="DynamicArray" arraySize="17">
          <containerEntry>4294967295</containerEntry>
          <containerEntry>4294967295</containerEntry>
          <containerEntry>4294967295</containerEntry>
          <containerEntry>4294967295</containerEntry>
          <containerEntry>4294967295</containerEntry>
          <containerEntry>4294967295</containerEntry>
          <containerEntry>4294967295</containerEntry>
          <containerEntry>4294967295</containerEntry>
          <containerEntry>4294967295</containerEntry>
          <containerEntry>4294967295</containerEntry>
          <containerEntry>4294967295</containerEntry>
          <containerEntry>4294967295</containerEntry>
          <containerEntry>4294967295</containerEntry>
          <containerEntry>4294967295</containerEntry>
          <containerEntry>4294967295</containerEntry>
          <containerEntry>4294967295</containerEntry>
          <containerEntry>4294967295</containerEntry>
        </property>
      </staticProperties>
      <dynamicProperties></dynamicProperties>
    </entity>
    <entity class="StaticModelArray" classVersion="4" classID="0xD0" addr="0x33537A0" id="0x0">
      <staticProperties>
        <property name="name" type="String" container="StaticArray" arraySize="1">
          <containerEntry>StaticModelArray0006</containerEntry>
        </property>
        <property name="dataSet" type="EntityHandle" container="StaticArray" arraySize="1">
          <containerEntry>0x33532D0</containerEntry>
        </property>
        <property name="modelFile" type="FilePtr" container="StaticArray" arraySize="1">
          <containerEntry>/Assets/tpp/environ/object/afghanistan/rock/afgh_rock009/scenes/afgh_rock009_rock001.fmdl</containerEntry>
        </property>
        <property name="geomFile" type="FilePtr" container="StaticArray" arraySize="1">
          <containerEntry>/Assets/tpp/environ/object/afghanistan/rock/afgh_rock009/scenes/afgh_rock009_rock001.geom</containerEntry>
        </property>
        <property name="isVisibleGeom" type="Bool" container="StaticArray" arraySize="1">
          <containerEntry>false</containerEntry>
        </property>
        <property name="lodFarSize" type="Float" container="StaticArray" arraySize="1">
          <containerEntry>-1</containerEntry>
        </property>
        <property name="lodNearSize" type="Float" container="StaticArray" arraySize="1">
          <containerEntry>-1</containerEntry>
        </property>
        <property name="lodPolygonSize" type="Float" container="StaticArray" arraySize="1">
          <containerEntry>-1</containerEntry>
        </property>
        <property name="drawRejectionLevel" type="Int32" container="StaticArray" arraySize="1">
          <containerEntry>8</containerEntry>
        </property>
        <property name="drawMode" type="Int32" container="StaticArray" arraySize="1">
          <containerEntry>0</containerEntry>
        </property>
        <property name="rejectFarRangeShadowCast" type="Int32" container="StaticArray" arraySize="1">
          <containerEntry>2</containerEntry>
        </property>
        <property name="parentLocator" type="EntityLink" container="StaticArray" arraySize="1">
          <containerEntry packagePathHash="0xB8A0BF169F98" archivePathHash="0xB8A0BF169F98" nameInArchiveHash="0xB8A0BF169F98">0x0</containerEntry>
        </property>
        <property name="transforms" type="Matrix4" container="DynamicArray" arraySize="11">
          <containerEntry r11="0.19383168" r12="0.6929888" r13="0.6944017" r14="0" r21="0.22376335" r22="-0.720396" r23="0.6564717" r24="0" r31="0.9551739" r32="0.028137475" r33="-0.2946995" r34="0" r41="-262.41086" r42="343.16443" r43="385.7607" r44="1"></containerEntry>
          <containerEntry r11="0.63373184" r12="-0.60416645" r13="0.48308048" r14="0" r21="0.710417" r22="0.20745504" r23="-0.67251015" r24="0" r31="0.30609068" r32="0.76937973" r33="0.56068105" r34="0" r41="-365.27426" r42="339.12604" r43="463.72903" r44="1"></containerEntry>
          <containerEntry r11="-0.70517266" r12="-0.21437976" r13="0.6758486" r14="0" r21="0.566841" r22="-0.7430626" r23="0.35573548" r24="0" r31="0.42593586" r32="0.63395405" r33="0.64550805" r34="0" r41="-381.30853" r42="340.06467" r43="426.5977" r44="1"></containerEntry>
          <containerEntry r11="0.43891793" r12="0.40856773" r13="-0.80026466" r14="0" r21="-0.84478337" r22="0.4910472" r23="-0.21263531" r24="0" r31="0.30609185" r32="0.76937973" r33="0.5606806" r34="0" r41="-332.35876" r42="346.71658" r43="506.33737" r44="1"></containerEntry>
          <containerEntry r11="-0.044832837" r12="0.99773914" r13="-0.050050564" r14="0" r21="0.9982974" r22="0.04661709" r23="0.03503775" r24="0" r31="0.037291735" r32="-0.048394516" r33="-0.9981304" r34="0" r41="-262.06992" r42="348.21152" r43="415.20798" r44="1"></containerEntry>
          <containerEntry r11="-0.031462014" r12="-0.07531172" r13="0.9966621" r14="0" r21="0.8689311" r22="-0.49482834" r23="-0.009960145" r24="0" r31="0.49392897" r32="0.8657186" r33="0.08101137" r34="0" r41="-266" r42="358.80383" r43="432" r44="1"></containerEntry>
          <containerEntry r11="0.17971753" r12="0.9573278" r13="0.22632347" r14="0" r21="0.97775537" r22="-0.19912338" r23="0.06587923" r24="0" r31="0.10813491" r32="0.20944983" r33="-0.9718182" r34="0" r41="-258.1887" r42="344.16406" r43="400.18637" r44="1"></containerEntry>
          <containerEntry r11="-0.46245998" r12="-0.6727124" r13="-0.57756764" r14="0" r21="0.7065167" r22="0.113971844" r23="-0.69845676" r24="0" r31="0.5356869" r32="-0.7310716" r33="0.4225778" r34="0" r41="-261.91187" r42="348.2529" r43="419.98035" r44="1"></containerEntry>
          <containerEntry r11="0.67266536" r12="0.7398687" r13="-0.010740995" r14="0" r21="0.73900634" r22="-0.6710073" r23="0.060144477" r24="0" r31="0.03729174" r32="-0.048394762" r33="-0.9981309" r34="0" r41="-278.4627" r42="361.53104" r43="402.41364" r44="1"></containerEntry>
          <containerEntry r11="0.013829291" r12="-0.06544301" r13="-0.99775887" r14="0" r21="0.99942803" r22="0.031649113" r23="0.011774987" r24="0" r31="0.030805975" r32="-0.9973526" r33="0.06584498" r34="0" r41="-272.79553" r42="358.62137" r43="427.95825" r44="1"></containerEntry>
