<fox formatVersion="2" fileVersion="0">
  <entities>
    <entity class="DataSet" classVersion="0" classID="0xE8" addr="0x32F46F0" id="0x1649860">
      <staticProperties>
        <property name="name" type="String" container="StaticArray" arraySize="1">
          <containerEntry hash="0xB8A0BF169F98"></containerEntry>
        </property>
        <property name="dataSet" type="EntityHandle" container="StaticArray" arraySize="1">
          <containerEntry>0x0</containerEntry>
        </property>
        <property name="dataList" type="EntityPtr" container="StringMap" arraySize="8">
          <containerEntry key="StaticModelArray0000">
            <data>0x317DB40</data>
          </containerEntry>
          <containerEntry key="StaticModelArray0001">
            <data>0x317DBB0</data>
          </containerEntry>
          <containerEntry key="StaticModelArray0002">
            <data>0x317DC90</data>
          </containerEntry>
          <containerEntry key="StaticModelArray0003">
            <data>0x317DC20</data>
          </containerEntry>
          <containerEntry key="StaticModelArray0004">
            <data>0x317DD00</data>
          </containerEntry>
          <containerEntry key="StaticModelArray0005">
            <data>0x317D6E0</data>
          </containerEntry>
          <containerEntry key="StaticModelArray0006">
            <data>0x317D520</data>
          </containerEntry>
          <containerEntry key="TexturePackLoadConditioner0000">
            <data>0x317E1D0</data>
          </containerEntry>
        </property>
      </staticProperties>
      <dynamicProperties></dynamicProperties>
    </entity>
    <entity class="StaticModelArray" classVersion="4" classID="0xD0" addr="0x317DB40" id="0x0">
      <staticProperties>
        <property name="name" type="String" container="StaticArray" arraySize="1">
          <containerEntry>StaticModelArray0000</containerEntry>
        </property>
        <property name="dataSet" type="EntityHandle" container="StaticArray" arraySize="1">
          <containerEntry>0x32F46F0</containerEntry>
        </property>
        <property name="modelFile" type="FilePtr" container="StaticArray" arraySize="1">
          <containerEntry>/Assets/tpp/environ/object/middle_africa/clod/mafr_clod005/scenes/mafr_clod005.fmdl</containerEntry>
        </property>
        <property name="geomFile" type="FilePtr" container="StaticArray" arraySize="1">
          <containerEntry>/Assets/tpp/environ/object/middle_africa/clod/mafr_clod005/scenes/mafr_clod005.geom</containerEntry>
        </property>
        <property name="isVisibleGeom" type="Bool" container="StaticArray" arraySize="1">
          <containerEntry>false</containerEntry>
        </property>
        <property name="lodFarSize" type="Float" container="StaticArray" arraySize="1">
          <containerEntry>-1</containerEntry>
        </property>
        <property name="lodNearSize" type="Float" container="StaticArray" arraySize="1">
          <containerEntry>-1</containerEntry>
        </property>
        <property name="lodPolygonSize" type="Float" container="StaticArray" arraySize="1">
          <containerEntry>-1</containerEntry>
        </property>
        <property name="drawRejectionLevel" type="Int32" container="StaticArray" arraySize="1">
          <containerEntry>8</containerEntry>
        </property>
        <property name="drawMode" type="Int32" container="StaticArray" arraySize="1">
          <containerEntry>0</containerEntry>
        </property>
        <property name="rejectFarRangeShadowCast" type="Int32" container="StaticArray" arraySize="1">
          <containerEntry>2</containerEntry>
        </property>
        <property name="parentLocator" type="EntityLink" container="StaticArray" arraySize="1">
          <containerEntry packagePathHash="0xB8A0BF169F98" archivePathHash="0xB8A0BF169F98" nameInArchiveHash="0xB8A0BF169F98">0x0</containerEntry>
        </property>
        <property name="transforms" type="Matrix4" container="DynamicArray" arraySize="5">
          <containerEntry r11="-0.43966037" r12="-0.019770611" r13="-0.8979462" r14="0" r21="-0.104331404" r22="0.994114" r23="0.029195707" r24="0" r31="0.8920836" r32="0.106520206" r33="-0.4391352" r34="0" r41="1607.4845" r42="-11.232025" r43="787.866" r44="1"></containerEntry>
          <containerEntry r11="-0.94011885" r12="0.11845201" r13="0.31959492" r14="0" r21="0.1515064" r22="0.9851699" r23="0.08053632" r24="0" r31="-0.30531555" r32="0.12413463" r33="-0.94412297" r34="0" r41="1632.5856" r42="-16.282356" r43="876.8233" r44="1"></containerEntry>
          <containerEntry r11="-0.59785974" r12="-0.01847927" r13="0.8013865" r14="0" r21="0.035973914" r22="0.9981085" r23="0.049853206" r24="0" r31="-0.80079186" r32="0.058634296" r33="-0.5960641" r34="0" r41="1618.5247" r42="-11.656886" r43="815.2912" r44="1"></containerEntry>
          <containerEntry r11="0.33544648" r12="-0.03453275" r13="-0.9414248" r14="0" r21="0.069252774" r22="0.99752796" r23="-0.011914762" r24="0" r31="0.939509" r32="-0.06119965" r33="0.3370087" r34="0" r41="1665.5723" r42="-8.008304" r43="790.4917" r44="1"></containerEntry>
          <containerEntry r11="-0.7183078" r12="-0.00519228" r13="-0.695706" r14="0" r21="-0.02122648" r22="0.9996702" r23="0.014455213" r24="0" r31="0.69540155" r32="0.025150683" r33="-0.71818113" r34="0" r41="1648.9045" r42="-12.132035" r43="832.5159" r44="1"></containerEntry>
        </property>
        <property name="colors" type="UInt32" container="DynamicArray" arraySize="5">
          <containerEntry>4294967295</containerEntry>
          <containerEntry>4294967295</containerEntry>
          <containerEntry>4294967295</containerEntry>
          <containerEntry>4294967295</containerEntry>
          <containerEntry>4294967295</containerEntry>
        </property>
      </staticProperties>
      <dynamicProperties></dynamicProperties>
    </entity>
    <entity class="StaticModelArray" classVersion="4" classID="0xD0" addr="0x317DBB0" id="0x0">
      <staticProperties>
        <property name="name" type="String" container="StaticArray" arraySize="1">
          <containerEntry>StaticModelArray0001</containerEntry>
        </property>
        <property name="dataSet" type="EntityHandle" container="StaticArray" arraySize="1">
          <containerEntry>0x32F46F0</containerEntry>
        </property>
        <property name="modelFile" type="FilePtr" container="StaticArray" arraySize="1">
          <containerEntry>/Assets/tpp/environ/object/middle_africa/tree/mafr_tree038/scenes/mafr_tree038.fmdl</containerEntry>
        </property>
        <property name="geomFile" type="FilePtr" container="StaticArray" arraySize="1">
          <containerEntry>/Assets/tpp/environ/object/middle_africa/tree/mafr_tree038/scenes/mafr_tree038.geom</containerEntry>
        </property>
        <property name="isVisibleGeom" type="Bool" container="StaticArray" arraySize="1">
          <containerEntry>false</containerEntry>
        </property>
        <property name="lodFarSize" type="Float" container="StaticArray" arraySize="1">
          <containerEntry>-1</containerEntry>
        </property>
        <property name="lodNearSize" type="Float" container="StaticArray" arraySize="1">
          <containerEntry>-1</containerEntry>
        </property>
        <property name="lodPolygonSize" type="Float" container="StaticArray" arraySize="1">
          <containerEntry>-1</containerEntry>
        </property>
        <property name="drawRejectionLevel" type="Int32" container="StaticArray" arraySize="1">
          <containerEntry>8</containerEntry>
        </property>
        <property name="drawMode" type="Int32" container="StaticArray" arraySize="1">
          <containerEntry>0</containerEntry>
        </property>
        <property name="rejectFarRangeShadowCast" type="Int32" container="StaticArray" arraySize="1">
          <containerEntry>2</containerEntry>
        </property>
        <property name="parentLocator" type="EntityLink" container="StaticArray" arraySize="1">
          <containerEntry packagePathHash="0xB8A0BF169F98" archivePathHash="0xB8A0BF169F98" nameInArchiveHash="0xB8A0BF169F98">0x0</containerEntry>
        </property>
        <property name="transforms" type="Matrix4" container="DynamicArray" arraySize="5">
          <containerEntry r11="0.11612479" r12="-0.041525517" r13="0.79043764" r14="0" r21="-0.035851683" r22="0.79780245" r23="0.04717954" r24="0" r31="-0.7907153" r32="-0.04227155" r33="0.113944866" r34="0" r41="1628.3616" r42="-6.603562" r43="782.1583" r44="1"></containerEntry>
          <containerEntry r11="0.11612479" r12="-0.041525517" r13="0.79043764" r14="0" r21="-0.035851683" r22="0.79780245" r23="0.04717954" r24="0" r31="-0.7907153" r32="-0.04227155" r33="0.113944866" r34="0" r41="1659.1818" r42="-6.337031" r43="816.0227" r44="1"></containerEntry>
          <containerEntry r11="-0.76790565" r12="0.0751917" r13="0.21134916" r14="0" r21="0.06255426" r22="0.79559845" r23="-0.055768788" r24="0" r31="-0.21542802" r32="-0.03700542" r33="-0.76956004" r34="0" r41="1606.543" r42="-11.80573" r43="892.5675" r44="1"></containerEntry>
          <containerEntry r11="0.11612479" r12="-0.041525517" r13="0.79043764" r14="0" r21="-0.035851683" r22="0.79780245" r23="0.04717954" r24="0" r31="-0.7907153" r32="-0.04227155" r33="0.113944866" r34="0" r41="1593.9818" r42="-10.209058" r43="795.65686" r44="1"></containerEntry>
          <containerEntry r11="0.8" r12="0" r13="0" r14="0" r21="0" r22="0.8" r23="0" r24="0" r31="0" r32="0" r33="0.8" r34="0" r41="1621.2587" r42="-14.541252" r43="873.72565" r44="1"></containerEntry>
        </property>
        <property name="colors" type="UInt32" container="DynamicArray" arraySize="5">
          <containerEntry>4294967295</containerEntry>
          <containerEntry>4294967295</containerEntry>
          <containerEntry>4294967295</containerEntry>
          <containerEntry>4294967295</containerEntry>
          <containerEntry>4294967295</containerEntry>
        </property>
      </staticProperties>
      <dynamicProperties></dynamicProperties>
    </entity>
    <entity class="StaticModelArray" classVersion="4" classID="0xD0" addr="0x317DC90" id="0x0">
      <staticProperties>
        <property name="name" type="String" container="StaticArray" arraySize="1">
          <containerEntry>StaticModelArray0002</containerEntry>
        </property>
        <property name="dataSet" type="EntityHandle" container="StaticArray" arraySize="1">
          <containerEntry>0x32F46F0</containerEntry>
        </property>
        <property name="modelFile" type="FilePtr" container="StaticArray" arraySize="1">
          <containerEntry>/Assets/tpp/environ/object/middle_africa/rock/mafr_rock001/scenes/mafr_rock001_vrtn003.fmdl</containerEntry>
        </property>
        <property name="geomFile" type="FilePtr" container="StaticArray" arraySize="1">
          <containerEntry>/Assets/tpp/environ/object/middle_africa/rock/mafr_rock001/scenes/mafr_rock001_vrtn003.geom</containerEntry>
        </property>
        <property name="isVisibleGeom" type="Bool" container="StaticArray" arraySize="1">
          <containerEntry>false</containerEntry>
        </property>
        <property name="lodFarSize" type="Float" container="StaticArray" arraySize="1">
          <containerEntry>-1</containerEntry>
        </property>
        <property name="lodNearSize" type="Float" container="StaticArray" arraySize="1">
          <containerEntry>-1</containerEntry>
        </property>
        <property name="lodPolygonSize" type="Float" container="StaticArray" arraySize="1">
          <containerEntry>-1</containerEntry>
        </property>
        <property name="drawRejectionLevel" type="Int32" container="StaticArray" arraySize="1">
          <containerEntry>8</containerEntry>
        </property>
        <property name="drawMode" type="Int32" container="StaticArray" arraySize="1">
          <containerEntry>0</containerEntry>
        </property>
        <property name="rejectFarRangeShadowCast" type="Int32" container="StaticArray" arraySize="1">
          <containerEntry>2</containerEntry>
        </property>
        <property name="parentLocator" type="EntityLink" container="StaticArray" arraySize="1">
          <containerEntry packagePathHash="0xB8A0BF169F98" archivePathHash="0xB8A0BF169F98" nameInArchiveHash="0xB8A0BF169F98">0x0</containerEntry>
        </property>
        <property name="transforms" type="Matrix4" container="DynamicArray" arraySize="9">
          <containerEntry r11="0.9853785" r12="0.17019653" r13="0.007895537" r14="0" r21="-0.16742387" r22="0.95864993" r23="0.23012938" r24="0" r31="0.031598195" r32="-0.22808643" r33="0.973128" r34="0" r41="1641.345" r42="-11.176093" r43="844.84436" r44="1"></containerEntry>
          <containerEntry r11="-0.56847245" r12="-0.03370101" r13="0.8220089" r14="0" r21="0.061634496" r22="0.9946081" r23="0.0834016" r24="0" r31="-0.8203874" r32="0.09807589" r33="-0.5633302" r34="0" r41="1593.654" r42="-14.138705" r43="842.82404" r44="1"></containerEntry>
          <containerEntry r11="0.6036969" r12="-0.03775951" r13="0.79631853" r14="0" r21="-0.1008427" r22="0.98723716" r23="0.123262" r24="0" r31="-0.7908095" r32="-0.15471585" r33="0.5921842" r34="0" r41="1603.8545" r42="-13.476073" r43="839.3215" r44="1"></containerEntry>
          <containerEntry r11="-0.89658767" r12="-0.097996995" r13="-0.43188664" r14="0" r21="-0.096884355" r22="0.99499065" r23="-0.024637751" r24="0" r31="0.43213758" r32="0.019753154" r33="-0.9015907" r34="0" r41="1588.9326" r42="-15.253757" r43="823.13165" r44="1"></containerEntry>
          <containerEntry r11="-0.5053112" r12="-0.09315203" r13="-0.85789376" r14="0" r21="-0.27082688" r22="0.9610459" r23="0.055168435" r24="0" r31="0.81933624" r32="0.26021808" r33="-0.5108553" r34="0" r41="1580.1459" r42="-17.051271" r43="787.5701" r44="1"></containerEntry>
          <containerEntry r11="-0.21046643" r12="0.0414672" r13="0.9767207" r14="0" r21="0.079061136" r22="0.99654937" r23="-0.025272684" r24="0" r31="-0.9743984" r32="0.07190162" r33="-0.2130186" r34="0" r41="1573.6431" r42="-17.296234" r43="774.4834" r44="1"></containerEntry>
          <containerEntry r11="-0.21046643" r12="0.0414672" r13="0.9767207" r14="0" r21="0.079061136" r22="0.99654937" r23="-0.025272684" r24="0" r31="-0.9743984" r32="0.07190162" r33="-0.2130186" r34="0" r41="1547.3058" r42="-15.004134" r43="774.4834" r44="1"></containerEntry>
          <containerEntry r11="-0.99585146" r12="0.04146659" r13="-0.08099545" r14="0" r21="0.035389293" r22="0.9965494" r23="0.07507859" r24="0" r31="0.08382922" r32="0.071900755" r33="-0.99388266" r34="0" r41="1543.9346" r42="-14.575149" r43="785.0528" r44="1"></containerEntry>
          <containerEntry r11="-0.99585146" r12="0.04146659" r13="-0.08099545" r14="0" r21="0.035389293" r22="0.9965494" r23="0.07507859" r24="0" r31="0.08382922" r32="0.071900755" r33="-0.99388266" r34="0" r41="1553.0566" r42="-16.459194" r43="811.49146" r44="1"></containerEntry>
        </property>
        <property name="colors" type="UInt32" container="DynamicArray" arraySize="9">
          <containerEntry>4294967295</containerEntry>
          <containerEntry>4294967295</containerEntry>
          <containerEntry>4294967295</containerEntry>
          <containerEntry>4294967295</containerEntry>
          <containerEntry>4294967295</containerEntry>
          <containerEntry>4294967295</containerEntry>
          <containerEntry>4294967295</containerEntry>
          <containerEntry>4294967295</containerEntry>
          <containerEntry>4294967295</containerEntry>
        </property>
      </staticProperties>
      <dynamicProperties></dynamicProperties>
    </entity>
    <entity class="StaticModelArray" classVersion="4" classID="0xD0" addr="0x317DC20" id="0x0">
      <staticProperties>
        <property name="name" type="String" container="StaticArray" arraySize="1">
          <containerEntry>StaticModelArray0003</containerEntry>
        </property>
        <property name="dataSet" type="EntityHandle" container="StaticArray" arraySize="1">
          <containerEntry>0x32F46F0</containerEntry>
        </property>
        <property name="modelFile" type="FilePtr" container="StaticArray" arraySize="1">
          <containerEntry>/Assets/tpp/environ/object/middle_africa/rock/mafr_rock002/scenes/mafr_rock002.fmdl</containerEntry>
        </property>
        <property name="geomFile" type="FilePtr" container="StaticArray" arraySize="1">
          <containerEntry>/Assets/tpp/environ/object/middle_africa/rock/mafr_rock002/scenes/mafr_rock002.geom</containerEntry>
        </property>
        <property name="isVisibleGeom" type="Bool" container="StaticArray" arraySize="1">
          <containerEntry>false</containerEntry>
        </property>
        <property name="lodFarSize" type="Float" container="StaticArray" arraySize="1">
          <containerEntry>-1</containerEntry>
        </property>
        <property name="lodNearSize" type="Float" container="StaticArray" arraySize="1">
          <containerEntry>-1</containerEntry>
        </property>
        <property name="lodPolygonSize" type="Float" container="StaticArray" arraySize="1">
          <containerEntry>-1</containerEntry>
        </property>
        <property name="drawRejectionLevel" type="Int32" container="StaticArray" arraySize="1">
          <containerEntry>8</containerEntry>
        </property>
        <property name="drawMode" type="Int32" container="StaticArray" arraySize="1">
          <containerEntry>0</containerEntry>
        </property>
        <property name="rejectFarRangeShadowCast" type="Int32" container="StaticArray" arraySize="1">
          <containerEntry>2</containerEntry>
        </property>
        <property name="parentLocator" type="EntityLink" container="StaticArray" arraySize="1">
          <containerEntry packagePathHash="0xB8A0BF169F98" archivePathHash="0xB8A0BF169F98" nameInArchiveHash="0xB8A0BF169F98">0x0</containerEntry>
        </property>
        <property name="transforms" type="Matrix4" container="DynamicArray" arraySize="5">
          <containerEntry r11="0.92940456" r12="0.13360797" r13="-0.3440295" r14="0" r21="-0.054075256" r22="0.97140884" r23="0.23117279" r24="0" r31="0.36507976" r32="-0.19624959" r33="0.91005665" r34="0" r41="1657.7627" r42="-15.767179" r43="876.91693" r44="1"></containerEntry>
          <containerEntry r11="-0.706165" r12="0.017923757" r13="0.70782214" r14="0" r21="0.16722652" r22="0.97562003" r23="0.14212978" r24="0" r31="-0.688018" r32="0.21873346" r33="-0.6919461" r34="0" r41="1649.9105" r42="-15.90334" r43="884.4533" r44="1"></containerEntry>
          <containerEntry r11="0.9046454" r12="-0.022342872" r13="-0.42557886" r14="0" r21="0.095729604" r22="0.9837578" r23="0.15184325" r24="0" r31="0.41527387" r32="-0.17810482" r33="0.8920908" r34="0" r41="1630.6031" r42="-12.756986" r43="889.48865" r44="1"></containerEntry>
          <containerEntry r11="0.99469906" r12="-0.04890189" r13="0.09045611" r14="0" r21="0.03570686" r22="0.989204" r23="0.14212826" r24="0" r31="-0.096429884" r32="-0.13814494" r33="0.98570645" r34="0" r41="1654.1233" r42="-10.785214" r43="856.91644" r44="1"></containerEntry>
          <containerEntry r11="-0.091561325" r12="0.06554894" r13="0.9936398" r14="0" r21="0.19983025" r22="0.978743" r23="-0.04615242" r24="0" r31="-0.97554326" r32="0.1943335" r33="-0.102713645" r34="0" r41="1647.9647" r42="-15.176711" r43="874.8198" r44="1"></containerEntry>
        </property>
        <property name="colors" type="UInt32" container="DynamicArray" arraySize="5">
          <containerEntry>4294967295</containerEntry>
          <containerEntry>4294967295</containerEntry>
          <containerEntry>4294967295</containerEntry>
          <containerEntry>4294967295</containerEntry>
          <containerEntry>4294967295</containerEntry>
        </property>
      </staticProperties>
      <dynamicProperties></dynamicProperties>
    </entity>
    <entity class="StaticModelArray" classVersion="4" classID="0xD0" addr="0x317DD00" id="0x0">
      <staticProperties>
        <property name="name" type="String" container="StaticArray" arraySize="1">
          <containerEntry>StaticModelArray0004</containerEntry>
        </property>
        <property name="dataSet" type="EntityHandle" container="StaticArray" arraySize="1">
          <containerEntry>0x32F46F0</containerEntry>
        </property>
        <property name="modelFile" type="FilePtr" container="StaticArray" arraySize="1">
          <containerEntry>/Assets/tpp/environ/object/middle_africa/rock/mafr_rock001/scenes/mafr_rock001.fmdl</containerEntry>
        </property>
        <property name="geomFile" type="FilePtr" container="StaticArray" arraySize="1">
          <containerEntry>/Assets/tpp/environ/object/middle_africa/rock/mafr_rock001/scenes/mafr_rock001.geom</containerEntry>
        </property>
        <property name="isVisibleGeom" type="Bool" container="StaticArray" arraySize="1">
          <containerEntry>false</containerEntry>
        </property>
        <property name="lodFarSize" type="Float" container="StaticArray" arraySize="1">
          <containerEntry>-1</containerEntry>
        </property>
        <property name="lodNearSize" type="Float" container="StaticArray" arraySize="1">
          <containerEntry>-1</containerEntry>
        </property>
        <property name="lodPolygonSize" type="Float" container="StaticArray" arraySize="1">
          <containerEntry>-1</containerEntry>
        </property>
        <property name="drawRejectionLevel" type="Int32" container="StaticArray" arraySize="1">
          <containerEntry>8</containerEntry>
        </property>
        <property name="drawMode" type="Int32" container="StaticArray" arraySize="1">
          <containerEntry>0</containerEntry>
        </property>
        <property name="rejectFarRangeShadowCast" type="Int32" container="StaticArray" arraySize="1">
          <containerEntry>2</containerEntry>
        </property>
        <property name="parentLocator" type="EntityLink" container="StaticArray" arraySize="1">
          <containerEntry packagePathHash="0xB8A0BF169F98" archivePathHash="0xB8A0BF169F98" nameInArchiveHash="0xB8A0BF169F98">0x0</containerEntry>
        </property>
        <property name="transforms" type="Matrix4" container="DynamicArray" arraySize="3">
          <containerEntry r11="1" r12="0" r13="0" r14="0" r21="0" r22="1" r23="0" r24="0" r31="0" r32="0" r33="1" r34="0" r41="1611.15" r42="-12.874835" r43="840.5196" r44="1"></containerEntry>
          <containerEntry r11="0.19364093" r12="8.940697e-08" r13="0.981072" r14="0" r21="0.081522234" r22="0.9965416" r23="-0.016090654" r24="0" r31="-0.9776791" r32="0.08309503" r33="0.19297123" r34="0" r41="1584.908" r42="-16.882315" r43="811.9622" r44="1"></containerEntry>
          <containerEntry r11="-0.806871" r12="0.020142183" r13="-0.5903785" r14="0" r21="-0.1639219" r22="0.95253426" r23="0.2565307" r24="0" r31="0.56752276" r32="0.30376416" r33="-0.76527035" r34="0" r41="1569.3574" r42="-17.483349" r43="772.47314" r44="1"></containerEntry>
        </property>
        <property name="colors" type="UInt32" container="DynamicArray" arraySize="3">
          <containerEntry>4294967295</containerEntry>
          <containerEntry>4294967295</containerEntry>
          <containerEntry>4294967295</containerEntry>
        </property>
      </staticProperties>
      <dynamicProperties></dynamicProperties>
    </entity>
    <entity class="StaticModelArray" classVersion="4" classID="0xD0" addr="0x317D6E0" id="0x0">
      <staticProperties>
        <property name="name" type="String" container="StaticArray" arraySize="1">
          <containerEntry>StaticModelArray0005</containerEntry>
        </property>
        <property name="dataSet" type="EntityHandle" container="StaticArray" arraySize="1">
          <containerEntry>0x32F46F0</containerEntry>
        </property>
        <property name="modelFile" type="FilePtr" container="StaticArray" arraySize="1">
          <containerEntry>/Assets/tpp/environ/object/middle_africa/rock/mafr_rock001/scenes/mafr_rock001_vrtn001.fmdl</containerEntry>
        </property>
        <property name="geomFile" type="FilePtr" container="StaticArray" arraySize="1">
          <containerEntry>/Assets/tpp/environ/object/middle_africa/rock/mafr_rock001/scenes/mafr_rock001_vrtn001.geom</containerEntry>
        </property>
        <property name="isVisibleGeom" type="Bool" container="StaticArray" arraySize="1">
          <containerEntry>false</containerEntry>
        </property>
        <property name="lodFarSize" type="Float" container="StaticArray" arraySize="1">
          <containerEntry>-1</containerEntry>
        </property>
        <property name="lodNearSize" type="Float" container="StaticArray" arraySize="1">
          <containerEntry>-1</containerEntry>
        </property>
        <property name="lodPolygonSize" type="Float" container="StaticArray" arraySize="1">
          <containerEntry>-1</containerEntry>
        </property>
        <property name="drawRejectionLevel" type="Int32" container="StaticArray" arraySize="1">
          <containerEntry>8</containerEntry>
        </property>
        <property name="drawMode" type="Int32" container="StaticArray" arraySize="1">
          <containerEntry>0</containerEntry>
        </property>
        <property name="rejectFarRangeShadowCast" type="Int32" container="StaticArray" arraySize="1">
          <containerEntry>2</containerEntry>
        </property>
        <property name="parentLocator" type="EntityLink" container="StaticArray" arraySize="1">
          <containerEntry packagePathHash="0xB8A0BF169F98" archivePathHash="0xB8A0BF169F98" nameInArchiveHash="0xB8A0BF169F98">0x0</containerEntry>
        </property>
        <property name="transforms" type="Matrix4" container="DynamicArray" arraySize="8">
          <containerEntry r11="1" r12="0" r13="0" r14="0" r21="0" r22="1" r23="0" r24="0" r31="0" r32="0" r33="1" r34="0" r41="1617.9587" r42="-17.149498" r43="864.11096" r44="1"></containerEntry>
          <containerEntry r11="0.5403069" r12="0.043629847" r13="0.8403363" r14="0" r21="0.26691" r22="0.9381983" r23="-0.22032472" r24="0" r31="-0.7980149" r32="0.3433371" r33="0.49526978" r34="0" r41="1602.3403" r42="-16.68122" r43="855.13654" r44="1"></containerEntry>
          <containerEntry r11="0.97941667" r12="-0.2013332" r13="0.014416952" r14="0" r21="0.18383431" r22="0.8602338" r23="-0.47560722" r24="0" r31="0.08335376" r32="0.46846795" r33="0.8795393" r34="0" r41="1543.8619" r42="-16.93973" r43="817.36536" r44="1"></containerEntry>
          <containerEntry r11="-0.5904922" r12="-0.021673514" r13="0.8067516" r14="0" r21="0.0631723" r22="0.99533087" r23="0.07297796" r24="0" r31="-0.8045664" r32="0.09405734" r33="-0.58636594" r34="0" r41="1581.4894" r42="-17.365154" r43="815.9043" r44="1"></containerEntry>
          <containerEntry r11="-0.8061484" r12="0.060361687" r13="0.5886218" r14="0" r21="0.16037038" r22="0.9798383" r23="0.11915627" r24="0" r31="-0.56956166" r32="0.19045562" r33="-0.79957527" r34="0" r41="1581.833" r42="-18.619925" r43="793.5439" r44="1"></containerEntry>
          <containerEntry r11="0.8718696" r12="0.29822347" r13="-0.38846594" r14="0" r21="-0.42080608" r22="0.861968" r23="-0.28272453" r24="0" r31="0.25052994" r32="0.40996793" r33="0.8770181" r34="0" r41="1577.5182" r42="-19.445263" r43="775.2714" r44="1"></containerEntry>
          <containerEntry r11="-0.82881844" r12="-0.27157208" r13="0.48918793" r14="0" r21="-0.13858175" r22="0.9467049" r23="0.29076576" r24="0" r31="-0.5420805" r32="0.17319998" r33="-0.8222814" r34="0" r41="1567.7316" r42="-18.241186" r43="769.664" r44="1"></containerEntry>
          <containerEntry r11="0.8810702" r12="0.26344028" r13="0.3928289" r14="0" r21="-0.28561416" r22="0.95834243" r23="-0.0020871125" r24="0" r31="-0.37701443" r32="-0.11035858" r33="0.91960925" r34="0" r41="1586.9055" r42="-14.336468" r43="892.78516" r44="1"></containerEntry>
        </property>
        <property name="colors" type="UInt32" container="DynamicArray" arraySize="8">
          <containerEntry>4294967295</containerEntry>
          <containerEntry>4294967295</containerEntry>
          <containerEntry>4294967295</containerEntry>
          <containerEntry>4294967295</containerEntry>
          <containerEntry>4294967295</containerEntry>
          <containerEntry>4294967295</containerEntry>
          <containerEntry>4294967295</containerEntry>
          <containerEntry>4294967295</containerEntry>
        </property>
      </staticProperties>
      <dynamicProperties></dynamicProperties>
    </entity>
    <entity class="StaticModelArray" classVersion="4" classID="0xD0" addr="0x317D520" id="0x0">
      <staticProperties>
        <property name="name" type="String" container="StaticArray" arraySize="1">
          <containerEntry>StaticModelArray0006</containerEntry>
        </property>
        <property name="dataSet" type="EntityHandle" container="StaticArray" arraySize="1">
          <containerEntry>0x32F46F0</containerEntry>
        </property>
        <property name="modelFile" type="FilePtr" container="StaticArray" arraySize="1">
          <containerEntry>/Assets/tpp/environ/object/middle_africa/cliff/mafr_clff003/scenes/mafr_clff003_vrtn001.fmdl</containerEntry>
        </property>
        <property name="geomFile" type="FilePtr" container="StaticArray" arraySize="1">
          <containerEntry>/Assets/tpp/environ/object/middle_africa/cliff/mafr_clff003/scenes/mafr_clff003_vrtn001.geom</containerEntry>
        </property>
        <property name="isVisibleGeom" type="Bool" container="StaticArray" arraySize="1">
          <containerEntry>false</containerEntry>
        </property>
        <property name="lodFarSize" type="Float" container="StaticArray" arraySize="1">
          <containerEntry>-1</containerEntry>
        </property>
        <property name="lodNearSize" type="Float" container="StaticArray" arraySize="1">
          <containerEntry>-1</containerEntry>
        </property>
        <property name="lodPolygonSize" type="Float" container="StaticArray" arraySize="1">
          <containerEntry>-1</containerEntry>
        </property>
        <property name="drawRejectionLevel" type="Int32" container="StaticArray" arraySize="1">
          <containerEntry>8</containerEntry>
        </property>
        <property name="drawMode" type="Int32" container="StaticArray" arraySize="1">
          <containerEntry>0</containerEntry>
        </property>
        <property name="rejectFarRangeShadowCast" type="Int32" container="StaticArray" arraySize="1">
          <containerEntry>2</containerEntry>
        </property>
        <property name="parentLocator" type="EntityLink" container="StaticArray" arraySize="1">
          <containerEntry packagePathHash="0xB8A0BF169F98" archivePathHash="0xB8A0BF169F98" nameInArchiveHash="0xB8A0BF169F98">0x0</containerEntry>
        </property>
        <property name="transforms" type="Matrix4" container="DynamicArray" arraySize="8">
          <containerEntry r11="0.42428315" r12="0.10231057" r13="0.8997319" r14="0" r21="0.49773106" r22="0.8036919" r23="-0.3261034" r24="0" r31="-0.75647116" r32="0.58618444" r33="0.29006976" r34="0" r41="1660.7573" r42="-7.699767" r43="774.31995" r44="1"></containerEntry>
          <containerEntry r11="-0.82558304" r12="0.06483264" r13="0.5605415" r14="0" r21="0.42166233" r22="0.7310134" r23="0.53648853" r24="0" r31="-0.37498128" r32="0.6792759" r33="-0.6308494" r34="0" r41="1656.989" r42="-7.287251" r43="788.76483" r44="1"></containerEntry>
          <containerEntry r11="-0.99787164" r12="-0.059788093" r13="-0.02592115" r14="0" r21="-0.057173215" r22="0.61238074" r23="0.7884922" r24="0" r31="-0.031268917" r32="0.78829825" r33="-0.61449456" r34="0" r41="1611.4366" r42="-13.443069" r43="835.04645" r44="1"></containerEntry>
          <containerEntry r11="-0.46520817" r12="-0.05978769" r13="-0.8831756" r14="0" r21="-0.7644093" r22="0.5302516" r23="0.36675495" r24="0" r31="0.44637668" r32="0.8457282" r33="-0.29237795" r34="0" r41="1618.4512" r42="-13.09459" r43="826.5741" r44="1"></containerEntry>
          <containerEntry r11="0.17693263" r12="-0.0597876" r13="-0.9824033" r14="0" r21="-0.82819986" r22="0.53025126" r23="-0.18142837" r24="0" r31="0.53176665" r32="0.84572846" r33="0.044303477" r34="0" r41="1627.1263" r42="-10.987433" r43="804.2938" r44="1"></containerEntry>
          <containerEntry r11="0.17693263" r12="-0.0597876" r13="-0.9824033" r14="0" r21="-0.82819986" r22="0.53025126" r23="-0.18142837" r24="0" r31="0.53176665" r32="0.84572846" r33="0.044303477" r34="0" r41="1603.4186" r42="-12.326357" r43="794.8385" r44="1"></containerEntry>
          <containerEntry r11="-0.46520817" r12="-0.05978769" r13="-0.8831756" r14="0" r21="-0.7644093" r22="0.5302516" r23="0.36675495" r24="0" r31="0.44637668" r32="0.8457282" r33="-0.29237795" r34="0" r41="1593.5596" r42="-13.677873" r43="793.34576" r44="1"></containerEntry>
          <containerEntry r11="-0.8681549" r12="-0.10135821" r13="0.48582345" r14="0" r21="0.3028659" r22="0.6672934" r23="0.6804337" r24="0" r31="-0.39315414" r32="0.7378647" r33="-0.5486145" r34="0" r41="1611.4171" r42="-12.071764" r43="800.6521" r44="1"></containerEntry>
        </property>
        <property name="colors" type="UInt32" container="DynamicArray" arraySize="8">
          <containerEntry>4294967295</containerEntry>
          <containerEntry>4294967295</containerEntry>
          <containerEntry>4294967295</containerEntry>
          <containerEntry>4294967295</containerEntry>
          <containerEntry>4294967295</containerEntry>
          <containerEntry>4294967295</containerEntry>
          <containerEntry>4294967295</containerEntry>
          <containerEntry>4294967295</containerEntry>
        </property>
      </staticProperties>
      <dynamicProperties></dynamicProperties>
    </entity>
    <entity class="TexturePackLoadConditioner" classVersion="0" classID="0x48" addr="0x317E1D0" id="0x0">
      <staticProperties>
        <property name="name" type="String" container="StaticArray" arraySize="1">
          <containerEntry>TexturePackLoadConditioner0000</containerEntry>
        </property>
        <property name="dataSet" type="EntityHandle" container="StaticArray" arraySize="1">
          <containerEntry>0x32F46F0</containerEntry>
        </property>
        <property name="texturePackPath" type="Path" container="StaticArray" arraySize="1">
          <containerEntry hash="0xB8A0BF169F98"></containerEntry>
        </property>
      </staticProperties>
      <dynamicProperties></dynamicProperties>
    </entity>
  </entities>
</fox>