<fox formatVersion="2" fileVersion="0">
  <entities>
    <entity class="DataSet" classVersion="0" classID="0xE8" addr="0x3353C70" id="0x2E4037">
      <staticProperties>
        <property name="name" type="String" container="StaticArray" arraySize="1">
          <containerEntry hash="0xB8A0BF169F98"></containerEntry>
        </property>
        <property name="dataSet" type="EntityHandle" container="StaticArray" arraySize="1">
          <containerEntry>0x0</containerEntry>
        </property>
        <property name="dataList" type="EntityPtr" container="StringMap" arraySize="13">
          <containerEntry key="afgh_clff022_vrtn001_0001">
            <data>0x3175480</data>
          </containerEntry>
          <containerEntry key="afgh_clff035_vrtn003_0000">
            <data>0x3179C40</data>
          </containerEntry>
          <containerEntry key="StaticModelArray0000">
            <data>0x317D050</data>
          </containerEntry>
          <containerEntry key="StaticModelArray0001">
            <data>0x317C9C0</data>
          </containerEntry>
          <containerEntry key="StaticModelArray0002">
            <data>0x317CE20</data>
          </containerEntry>
          <containerEntry key="StaticModelArray0003">
            <data>0x317C950</data>
          </containerEntry>
          <containerEntry key="StaticModelArray0004">
            <data>0x317C640</data>
          </containerEntry>
          <containerEntry key="StaticModelArray0005">
            <data>0x317CC60</data>
          </containerEntry>
          <containerEntry key="StaticModelArray0006">
            <data>0x317C6B0</data>
          </containerEntry>
          <containerEntry key="StaticModelArray0007">
            <data>0x317CF00</data>
          </containerEntry>
          <containerEntry key="StaticModelArray0008">
            <data>0x317CF70</data>
          </containerEntry>
          <containerEntry key="StaticModelArray0009">
            <data>0x31766E0</data>
          </containerEntry>
          <containerEntry key="TexturePackLoadConditioner0000">
            <data>0x317D590</data>
          </containerEntry>
        </property>
      </staticProperties>
      <dynamicProperties></dynamicProperties>
    </entity>
    <entity class="StaticModel" classVersion="9" classID="0x160" addr="0x3175480" id="0x2E40EA">
      <staticProperties>
        <property name="name" type="String" container="StaticArray" arraySize="1">
          <containerEntry>afgh_clff022_vrtn001_0001</containerEntry>
        </property>
        <property name="dataSet" type="EntityHandle" container="StaticArray" arraySize="1">
          <containerEntry>0x3353C70</containerEntry>
        </property>
        <property name="parent" type="EntityHandle" container="StaticArray" arraySize="1">
          <containerEntry>0x0</containerEntry>
        </property>
        <property name="transform" type="EntityPtr" container="StaticArray" arraySize="1">
          <containerEntry>0x31754F0</containerEntry>
        </property>
        <property name="shearTransform" type="EntityPtr" container="StaticArray" arraySize="1">
          <containerEntry>0x0</containerEntry>
        </property>
        <property name="pivotTransform" type="EntityPtr" container="StaticArray" arraySize="1">
          <containerEntry>0x0</containerEntry>
        </property>
        <property name="children" type="EntityHandle" container="List"></property>
        <property name="flags" type="UInt32" container="StaticArray" arraySize="1">
          <containerEntry>3221225479</containerEntry>
        </property>
        <property name="modelFile" type="FilePtr" container="StaticArray" arraySize="1">
          <containerEntry>/Assets/tpp/environ/object/afghanistan/cliff/afgh_clff022/scenes/afgh_clff022_vrtn001.fmdl</containerEntry>
        </property>
        <property name="geomFile" type="FilePtr" container="StaticArray" arraySize="1">
          <containerEntry>/Assets/tpp/environ/object/afghanistan/cliff/afgh_clff022/scenes/afgh_clff022_vrtn001.geom</containerEntry>
        </property>
        <property name="isVisibleGeom" type="Bool" container="StaticArray" arraySize="1">
          <containerEntry>false</containerEntry>
        </property>
        <property name="isIsolated" type="Bool" container="StaticArray" arraySize="1">
          <containerEntry>false</containerEntry>
        </property>
        <property name="lodFarSize" type="Float" container="StaticArray" arraySize="1">
          <containerEntry>-1</containerEntry>
        </property>
        <property name="lodNearSize" type="Float" container="StaticArray" arraySize="1">
          <containerEntry>-1</containerEntry>
        </property>
        <property name="lodPolygonSize" type="Float" container="StaticArray" arraySize="1">
          <containerEntry>-1</containerEntry>
        </property>
        <property name="color" type="Color" container="StaticArray" arraySize="1">
          <containerEntry r="1" g="1" b="1" a="1"></containerEntry>
        </property>
        <property name="drawRejectionLevel" type="Int32" container="StaticArray" arraySize="1">
          <containerEntry>8</containerEntry>
        </property>
        <property name="drawMode" type="Int32" container="StaticArray" arraySize="1">
          <containerEntry>0</containerEntry>
        </property>
        <property name="rejectFarRangeShadowCast" type="Int32" container="StaticArray" arraySize="1">
          <containerEntry>2</containerEntry>
        </property>
      </staticProperties>
      <dynamicProperties></dynamicProperties>
    </entity>
    <entity class="TransformEntity" classVersion="0" classID="0x50" addr="0x31754F0" id="0x2E40ED">
      <staticProperties>
        <property name="owner" type="EntityHandle" container="StaticArray" arraySize="1">
          <containerEntry>0x3175480</containerEntry>
        </property>
        <property name="transform_scale" type="Vector3" container="StaticArray" arraySize="1">
          <containerEntry x="1" y="1" z="1" w="0"></containerEntry>
        </property>
        <property name="transform_rotation_quat" type="Quat" container="StaticArray" arraySize="1">
          <containerEntry x="0" y="-0.636938" z="0" w="0.770915"></containerEntry>
        </property>
        <property name="transform_translation" type="Vector3" container="StaticArray" arraySize="1">
          <containerEntry x="-1328.7017" y="436.96533" z="-1038.4573" w="0"></containerEntry>
        </property>
      </staticProperties>
      <dynamicProperties></dynamicProperties>
    </entity>
    <entity class="StaticModel" classVersion="9" classID="0x160" addr="0x3179C40" id="0x2E4263">
      <staticProperties>
        <property name="name" type="String" container="StaticArray" arraySize="1">
          <containerEntry>afgh_clff035_vrtn003_0000</containerEntry>
        </property>
        <property name="dataSet" type="EntityHandle" container="StaticArray" arraySize="1">
          <containerEntry>0x3353C70</containerEntry>
        </property>
        <property name="parent" type="EntityHandle" container="StaticArray" arraySize="1">
          <containerEntry>0x0</containerEntry>
        </property>
        <property name="transform" type="EntityPtr" container="StaticArray" arraySize="1">
          <containerEntry>0x3179CB0</containerEntry>
        </property>
        <property name="shearTransform" type="EntityPtr" container="StaticArray" arraySize="1">
          <containerEntry>0x0</containerEntry>
        </property>
        <property name="pivotTransform" type="EntityPtr" container="StaticArray" arraySize="1">
          <containerEntry>0x0</containerEntry>
        </property>
        <property name="children" type="EntityHandle" container="List"></property>
        <property name="flags" type="UInt32" container="StaticArray" arraySize="1">
          <containerEntry>7</containerEntry>
        </property>
        <property name="modelFile" type="FilePtr" container="StaticArray" arraySize="1">
          <containerEntry>/Assets/tpp/environ/object/afghanistan/cliff/afgh_clff035/scenes/afgh_clff035_vrtn003.fmdl</containerEntry>
        </property>
        <property name="geomFile" type="FilePtr" container="StaticArray" arraySize="1">
          <containerEntry>/Assets/tpp/environ/object/afghanistan/cliff/afgh_clff035/scenes/afgh_clff035_vrtn003.geom</containerEntry>
        </property>
        <property name="isVisibleGeom" type="Bool" container="StaticArray" arraySize="1">
          <containerEntry>false</containerEntry>
        </property>
        <property name="isIsolated" type="Bool" container="StaticArray" arraySize="1">
          <containerEntry>false</containerEntry>
        </property>
        <property name="lodFarSize" type="Float" container="StaticArray" arraySize="1">
          <containerEntry>-1</containerEntry>
        </property>
        <property name="lodNearSize" type="Float" container="StaticArray" arraySize="1">
          <containerEntry>-1</containerEntry>
        </property>
        <property name="lodPolygonSize" type="Float" container="StaticArray" arraySize="1">
          <containerEntry>-1</containerEntry>
        </property>
        <property name="color" type="Color" container="StaticArray" arraySize="1">
          <containerEntry r="1" g="1" b="1" a="1"></containerEntry>
        </property>
        <property name="drawRejectionLevel" type="Int32" container="StaticArray" arraySize="1">
          <containerEntry>8</containerEntry>
        </property>
        <property name="drawMode" type="Int32" container="StaticArray" arraySize="1">
          <containerEntry>0</containerEntry>
        </property>
        <property name="rejectFarRangeShadowCast" type="Int32" container="StaticArray" arraySize="1">
          <containerEntry>2</containerEntry>
        </property>
      </staticProperties>
      <dynamicProperties></dynamicProperties>
    </entity>
    <entity class="TransformEntity" classVersion="0" classID="0x50" addr="0x3179CB0" id="0x2E4266">
      <staticProperties>
        <property name="owner" type="EntityHandle" container="StaticArray" arraySize="1">
          <containerEntry>0x3179C40</containerEntry>
        </property>
        <property name="transform_scale" type="Vector3" container="StaticArray" arraySize="1">
          <containerEntry x="1" y="1" z="1" w="0"></containerEntry>
        </property>
        <property name="transform_rotation_quat" type="Quat" container="StaticArray" arraySize="1">
          <containerEntry x="0" y="-0.454676" z="0" w="0.890657"></containerEntry>
        </property>
        <property name="transform_translation" type="Vector3" container="StaticArray" arraySize="1">
          <containerEntry x="-1349.1467" y="429.35254" z="-1054.4573" w="0"></containerEntry>
        </property>
      </staticProperties>
      <dynamicProperties></dynamicProperties>
    </entity>
    <entity class="StaticModelArray" classVersion="4" classID="0xD0" addr="0x317D050" id="0x0">
      <staticProperties>
        <property name="name" type="String" container="StaticArray" arraySize="1">
          <containerEntry>StaticModelArray0000</containerEntry>
        </property>
        <property name="dataSet" type="EntityHandle" container="StaticArray" arraySize="1">
          <containerEntry>0x3353C70</containerEntry>
        </property>
        <property name="modelFile" type="FilePtr" container="StaticArray" arraySize="1">
          <containerEntry>/Assets/tpp/environ/object/afghanistan/tree/afgh_tree011/scenes/afgh_tree011_vrtn001.fmdl</containerEntry>
        </property>
        <property name="geomFile" type="FilePtr" container="StaticArray" arraySize="1">
          <containerEntry>/Assets/tpp/environ/object/afghanistan/tree/afgh_tree011/scenes/afgh_tree011_vrtn001.geom</containerEntry>
        </property>
        <property name="isVisibleGeom" type="Bool" container="StaticArray" arraySize="1">
          <containerEntry>false</containerEntry>
        </property>
        <property name="lodFarSize" type="Float" container="StaticArray" arraySize="1">
          <containerEntry>-1</containerEntry>
        </property>
        <property name="lodNearSize" type="Float" container="StaticArray" arraySize="1">
          <containerEntry>-1</containerEntry>
        </property>
        <property name="lodPolygonSize" type="Float" container="StaticArray" arraySize="1">
          <containerEntry>-1</containerEntry>
        </property>
        <property name="drawRejectionLevel" type="Int32" container="StaticArray" arraySize="1">
          <containerEntry>8</containerEntry>
        </property>
        <property name="drawMode" type="Int32" container="StaticArray" arraySize="1">
          <containerEntry>0</containerEntry>
        </property>
        <property name="rejectFarRangeShadowCast" type="Int32" container="StaticArray" arraySize="1">
          <containerEntry>2</containerEntry>
        </property>
        <property name="parentLocator" type="EntityLink" container="StaticArray" arraySize="1">
          <containerEntry packagePathHash="0xB8A0BF169F98" archivePathHash="0xB8A0BF169F98" nameInArchiveHash="0xB8A0BF169F98">0x0</containerEntry>
        </property>
        <property name="transforms" type="Matrix4" container="DynamicArray" arraySize="4">
          <containerEntry r11="0.7304195" r12="0" r13="-0.8490504" r14="0" r21="0" r22="1.12" r23="0" r24="0" r31="0.8490504" r32="0" r33="0.7304195" r34="0" r41="-1356.5906" r42="435.51306" r43="-1141.8048" r44="1"></containerEntry>
          <containerEntry r11="-1.1184771" r12="0" r13="-0.058352318" r14="0" r21="0" r22="1.12" r23="0" r24="0" r31="0.058352318" r32="0" r33="-1.1184771" r34="0" r41="-1363.7406" r42="431.61166" r43="-1108.8014" r44="1"></containerEntry>
          <containerEntry r11="0.6760099" r12="0" r13="-0.3588511" r14="0" r21="0" r22="0.765352" r23="0" r24="0" r31="0.3588511" r32="0" r33="0.6760099" r34="0" r41="-1388.093" r42="428.97836" r43="-1118.2966" r44="1"></containerEntry>
          <containerEntry r11="0.63693416" r12="0" r13="-0.33810827" r14="0" r21="0" r22="0.721112" r23="0" r24="0" r31="0.33810827" r32="0" r33="0.63693416" r34="0" r41="-1388.5101" r42="433.0018" r43="-1134.597" r44="1"></containerEntry>
        </property>
        <property name="colors" type="UInt32" container="DynamicArray" arraySize="4">
          <containerEntry>4294967295</containerEntry>
          <containerEntry>4294967295</containerEntry>
          <containerEntry>4294967295</containerEntry>
          <containerEntry>4294967295</containerEntry>
        </property>
      </staticProperties>
      <dynamicProperties></dynamicProperties>
    </entity>
    <entity class="StaticModelArray" classVersion="4" classID="0xD0" addr="0x317C9C0" id="0x0">
      <staticProperties>
        <property name="name" type="String" container="StaticArray" arraySize="1">
          <containerEntry>StaticModelArray0001</containerEntry>
        </property>
        <property name="dataSet" type="EntityHandle" container="StaticArray" arraySize="1">
          <containerEntry>0x3353C70</containerEntry>
        </property>
        <property name="modelFile" type="FilePtr" container="StaticArray" arraySize="1">
          <containerEntry>/Assets/tpp/environ/object/afghanistan/cliff/afgh_clff022/scenes/afgh_clff022_vrtn003.fmdl</containerEntry>
        </property>
        <property name="geomFile" type="FilePtr" container="StaticArray" arraySize="1">
          <containerEntry>/Assets/tpp/environ/object/afghanistan/cliff/afgh_clff022/scenes/afgh_clff022_vrtn003.geom</containerEntry>
        </property>
        <property name="isVisibleGeom" type="Bool" container="StaticArray" arraySize="1">
          <containerEntry>false</containerEntry>
        </property>
        <property name="lodFarSize" type="Float" container="StaticArray" arraySize="1">
          <containerEntry>-1</containerEntry>
        </property>
        <property name="lodNearSize" type="Float" container="StaticArray" arraySize="1">
          <containerEntry>-1</containerEntry>
        </property>
        <property name="lodPolygonSize" type="Float" container="StaticArray" arraySize="1">
          <containerEntry>-1</containerEntry>
        </property>
        <property name="drawRejectionLevel" type="Int32" container="StaticArray" arraySize="1">
          <containerEntry>8</containerEntry>
        </property>
        <property name="drawMode" type="Int32" container="StaticArray" arraySize="1">
          <containerEntry>0</containerEntry>
        </property>
        <property name="rejectFarRangeShadowCast" type="Int32" container="StaticArray" arraySize="1">
          <containerEntry>2</containerEntry>
        </property>
        <property name="parentLocator" type="EntityLink" container="StaticArray" arraySize="1">
          <containerEntry packagePathHash="0xB8A0BF169F98" archivePathHash="0xB8A0BF169F98" nameInArchiveHash="0xB8A0BF169F98">0x0</containerEntry>
        </property>
        <property name="transforms" type="Matrix4" container="DynamicArray" arraySize="2">
          <containerEntry r11="0.9186796" r12="-0.062387142" r13="0.39004803" r14="0" r21="0.057100188" r22="0.9980517" r23="0.025147706" r24="0" r31="-0.390857" r32="-0.0008308542" r33="0.92045206" r34="0" r41="-1320.0908" r42="442.24985" r43="-1051.511" r44="1"></containerEntry>
          <containerEntry r11="-0.45758635" r12="-0.023835389" r13="0.8888447" r14="0" r21="-0.068484604" r22="0.99761593" r23="-0.008504422" r24="0" r31="-0.8865229" r32="-0.06476373" r33="-0.4581278" r34="0" r41="-1335.3522" r42="448.78738" r43="-1111.3939" r44="1"></containerEntry>
        </property>
        <property name="colors" type="UInt32" container="DynamicArray" arraySize="2">
          <containerEntry>4294967295</containerEntry>
          <containerEntry>4294967295</containerEntry>
        </property>
      </staticProperties>
      <dynamicProperties></dynamicProperties>
    </entity>
    <entity class="StaticModelArray" classVersion="4" classID="0xD0" addr="0x317CE20" id="0x0">
      <staticProperties>
        <property name="name" type="String" container="StaticArray" arraySize="1">
          <containerEntry>StaticModelArray0002</containerEntry>
        </property>
        <property name="dataSet" type="EntityHandle" container="StaticArray" arraySize="1">
          <containerEntry>0x3353C70</containerEntry>
        </property>
        <property name="modelFile" type="FilePtr" container="StaticArray" arraySize="1">
          <containerEntry>/Assets/tpp/environ/object/afghanistan/rock/afgh_rock010/scenes/afgh_rock010.fmdl</containerEntry>
        </property>
        <property name="geomFile" type="FilePtr" container="StaticArray" arraySize="1">
          <containerEntry>/Assets/tpp/environ/object/afghanistan/rock/afgh_rock010/scenes/afgh_rock010.geom</containerEntry>
        </property>
        <property name="isVisibleGeom" type="Bool" container="StaticArray" arraySize="1">
          <containerEntry>false</containerEntry>
        </property>
        <property name="lodFarSize" type="Float" container="StaticArray" arraySize="1">
          <containerEntry>-1</containerEntry>
        </property>
        <property name="lodNearSize" type="Float" container="StaticArray" arraySize="1">
          <containerEntry>-1</containerEntry>
        </property>
        <property name="lodPolygonSize" type="Float" container="StaticArray" arraySize="1">
          <containerEntry>-1</containerEntry>
        </property>
        <property name="drawRejectionLevel" type="Int32" container="StaticArray" arraySize="1">
          <containerEntry>8</containerEntry>
        </property>
        <property name="drawMode" type="Int32" container="StaticArray" arraySize="1">
          <containerEntry>0</containerEntry>
        </property>
        <property name="rejectFarRangeShadowCast" type="Int32" container="StaticArray" arraySize="1">
          <containerEntry>2</containerEntry>
        </property>
        <property name="parentLocator" type="EntityLink" container="StaticArray" arraySize="1">
          <containerEntry packagePathHash="0xB8A0BF169F98" archivePathHash="0xB8A0BF169F98" nameInArchiveHash="0xB8A0BF169F98">0x0</containerEntry>
        </property>
        <property name="transforms" type="Matrix4" container="DynamicArray" arraySize="10">
          <containerEntry r11="0.80312836" r12="0.0014547557" r13="0.5958041" r14="0" r21="-0.20935433" r22="0.93691915" r23="0.2799164" r24="0" r31="-0.55781305" r32="-0.34954304" r33="0.75277096" r34="0" r41="-1373.3041" r42="414.6461" r43="-1029.8687" r44="1"></containerEntry>
          <containerEntry r11="-0.92666835" r12="0.001486782" r13="-0.37587577" r14="0" r21="-0.11837573" r22="0.9479529" r23="0.29558828" r24="0" r31="0.35675198" r32="0.31840703" r33="-0.8782619" r34="0" r41="-1370.5635" r42="414.50937" r43="-1027.4995" r44="1"></containerEntry>
          <containerEntry r11="0.52135575" r12="0.26096314" r13="-0.8124569" r14="0" r21="0.12814824" r22="0.9173511" r23="0.37688836" r24="0" r31="0.8436622" r32="-0.30060783" r33="0.44482434" r34="0" r41="-1352.2644" r42="428.05417" r43="-1070.0967" r44="1"></containerEntry>
          <containerEntry r11="0.99332565" r12="0.04937405" r13="0.10424152" r14="0" r21="-0.07841169" r22="0.95185715" r23="0.29634365" r24="0" r31="-0.08459136" r32="-0.3025395" r33="0.9493756" r34="0" r41="-1396.2347" r42="417.3138" r43="-1063.5874" r44="1"></containerEntry>
          <containerEntry r11="0.8656368" r12="0.31071714" r13="-0.39259112" r14="0" r21="-0.13559729" r22="0.9003163" r23="0.4135746" r24="0" r31="0.4819609" r32="-0.30477116" r33="0.8214794" r34="0" r41="-1366.6133" r42="420.1881" r43="-1060.0236" r44="1"></containerEntry>
          <containerEntry r11="0.99332565" r12="0.04937405" r13="0.10424152" r14="0" r21="-0.07841169" r22="0.95185715" r23="0.29634365" r24="0" r31="-0.08459136" r32="-0.3025395" r33="0.9493756" r34="0" r41="-1403.431" r42="430.12326" r43="-1132.3252" r44="1"></containerEntry>
          <containerEntry r11="0.9859123" r12="0.10132484" r13="0.13307926" r14="0" r21="-0.108554885" r22="0.99291986" r23="0.04822807" r24="0" r31="-0.12725034" r32="-0.061995044" r33="0.9899313" r34="0" r41="-1333.8668" r42="441.55487" r43="-1122.9694" r44="1"></containerEntry>
          <containerEntry r11="0.4971567" r12="0.05881662" r13="-0.8656652" r14="0" r21="0.038167097" r22="0.9952516" r23="0.089540854" r24="0" r31="0.86682117" r32="-0.077555776" r33="0.49255115" r34="0" r41="-1369.7114" r42="430.1513" r43="-1088.8483" r44="1"></containerEntry>
          <containerEntry r11="0.52135617" r12="0.26096255" r13="-0.8124565" r14="0" r21="-0.2308358" r22="0.95972437" r23="0.1601371" r24="0" r31="0.82152414" r32="0.10405575" r33="0.5605978" r34="0" r41="-1308.5442" r42="445.00024" r43="-1070.0967" r44="1"></containerEntry>
          <containerEntry r11="-0.43904102" r12="-0.1665889" r13="-0.8828877" r14="0" r21="-0.4053799" r22="0.9136822" r23="0.029187396" r24="0" r31="0.80181646" r32="0.37071943" r33="-0.46867573" r34="0" r41="-1328.7285" r42="443.61304" r43="-1102.7173" r44="1"></containerEntry>
        </property>
        <property name="colors" type="UInt32" container="DynamicArray" arraySize="10">
          <containerEntry>4294967295</containerEntry>
          <containerEntry>4294967295</containerEntry>
          <containerEntry>4294967295</containerEntry>
          <containerEntry>4294967295</containerEntry>
          <containerEntry>4294967295</containerEntry>
          <containerEntry>4294967295</containerEntry>
          <containerEntry>4294967295</containerEntry>
          <containerEntry>4294967295</containerEntry>
          <containerEntry>4294967295</containerEntry>
          <containerEntry>4294967295</containerEntry>
        </property>
      </staticProperties>
      <dynamicProperties></dynamicProperties>
    </entity>
    <entity class="StaticModelArray" classVersion="4" classID="0xD0" addr="0x317C950" id="0x0">
      <staticProperties>
        <property name="name" type="String" container="StaticArray" arraySize="1">
          <containerEntry>StaticModelArray0003</containerEntry>
        </property>
        <property name="dataSet" type="EntityHandle" container="StaticArray" arraySize="1">
          <containerEntry>0x3353C70</containerEntry>
        </property>
        <property name="modelFile" type="FilePtr" container="StaticArray" arraySize="1">
          <containerEntry>/Assets/tpp/environ/object/afghanistan/cliff/afgh_clff022/scenes/afgh_clff022_vrtn004.fmdl</containerEntry>
        </property>
        <property name="geomFile" type="FilePtr" container="StaticArray" arraySize="1">
          <containerEntry>/Assets/tpp/environ/object/afghanistan/cliff/afgh_clff022/scenes/afgh_clff022_vrtn004.geom</containerEntry>
        </property>
        <property name="isVisibleGeom" type="Bool" container="StaticArray" arraySize="1">
          <containerEntry>false</containerEntry>
        </property>
        <property name="lodFarSize" type="Float" container="StaticArray" arraySize="1">
          <containerEntry>-1</containerEntry>
        </property>
        <property name="lodNearSize" type="Float" container="StaticArray" arraySize="1">
          <containerEntry>-1</containerEntry>
        </property>
        <property name="lodPolygonSize" type="Float" container="StaticArray" arraySize="1">
          <containerEntry>-1</containerEntry>
        </property>
        <property name="drawRejectionLevel" type="Int32" container="StaticArray" arraySize="1">
          <containerEntry>8</containerEntry>
        </property>
        <property name="drawMode" type="Int32" container="StaticArray" arraySize="1">
          <containerEntry>0</containerEntry>
        </property>
        <property name="rejectFarRangeShadowCast" type="Int32" container="StaticArray" arraySize="1">
          <containerEntry>2</containerEntry>
        </property>
        <property name="parentLocator" type="EntityLink" container="StaticArray" arraySize="1">
          <containerEntry packagePathHash="0xB8A0BF169F98" archivePathHash="0xB8A0BF169F98" nameInArchiveHash="0xB8A0BF169F98">0x0</containerEntry>
        </property>
        <property name="transforms" type="Matrix4" container="DynamicArray" arraySize="2">
          <containerEntry r11="0.42842287" r12="0" r13="0.90357804" r14="0" r21="0" r22="1" r23="0" r24="0" r31="-0.90357804" r32="0" r33="0.42842287" r34="0" r41="-1319.1023" r42="444.2781" r43="-1072.8715" r44="1"></containerEntry>
          <containerEntry r11="0.91625315" r12="0" r13="0.40059966" r14="0" r21="0" r22="1" r23="0" r24="0" r31="-0.40059966" r32="0" r33="0.91625315" r34="0" r41="-1375.2783" r42="428.54233" r43="-1075.046" r44="1"></containerEntry>
        </property>
        <property name="colors" type="UInt32" container="DynamicArray" arraySize="2">
          <containerEntry>4294967295</containerEntry>
          <containerEntry>4294967295</containerEntry>
        </property>
      </staticProperties>
      <dynamicProperties></dynamicProperties>
    </entity>
    <entity class="StaticModelArray" classVersion="4" classID="0xD0" addr="0x317C640" id="0x0">
      <staticProperties>
        <property name="name" type="String" container="StaticArray" arraySize="1">
          <containerEntry>StaticModelArray0004</containerEntry>
        </property>
        <property name="dataSet" type="EntityHandle" container="StaticArray" arraySize="1">
          <containerEntry>0x3353C70</containerEntry>
        </property>
        <property name="modelFile" type="FilePtr" container="StaticArray" arraySize="1">
          <containerEntry>/Assets/tpp/environ/object/afghanistan/cliff/afgh_clff022/scenes/afgh_clff022_vrtn002.fmdl</containerEntry>
        </property>
        <property name="geomFile" type="FilePtr" container="StaticArray" arraySize="1">
          <containerEntry>/Assets/tpp/environ/object/afghanistan/cliff/afgh_clff022/scenes/afgh_clff022_vrtn002.geom</containerEntry>
        </property>
        <property name="isVisibleGeom" type="Bool" container="StaticArray" arraySize="1">
          <containerEntry>false</containerEntry>
        </property>
        <property name="lodFarSize" type="Float" container="StaticArray" arraySize="1">
          <containerEntry>-1</containerEntry>
        </property>
        <property name="lodNearSize" type="Float" container="StaticArray" arraySize="1">
          <containerEntry>-1</containerEntry>
        </property>
        <property name="lodPolygonSize" type="Float" container="StaticArray" arraySize="1">
          <containerEntry>-1</containerEntry>
        </property>
        <property name="drawRejectionLevel" type="Int32" container="StaticArray" arraySize="1">
          <containerEntry>8</containerEntry>
        </property>
        <property name="drawMode" type="Int32" container="StaticArray" arraySize="1">
          <containerEntry>0</containerEntry>
        </property>
        <property name="rejectFarRangeShadowCast" type="Int32" container="StaticArray" arraySize="1">
          <containerEntry>2</containerEntry>
        </property>
        <property name="parentLocator" type="EntityLink" container="StaticArray" arraySize="1">
          <containerEntry packagePathHash="0xB8A0BF169F98" archivePathHash="0xB8A0BF169F98" nameInArchiveHash="0xB8A0BF169F98">0x0</containerEntry>
        </property>
        <property name="transforms" type="Matrix4" container="DynamicArray" arraySize="4">
          <containerEntry r11="0.4077493" r12="-6.6209323e-06" r13="0.9130935" r14="0" r21="9.084374e-08" r22="1" r23="7.210528e-06" r24="0" r31="-0.9130935" r32="-2.8571362e-06" r33="0.4077493" r34="0" r41="-1328.8242" r42="442.12155" r43="-1095.152" r44="1"></containerEntry>
          <containerEntry r11="-0.5611403" r12="0.021062493" r13="0.8274504" r14="0" r21="0.018603014" r22="0.9997446" r23="-0.012832419" r24="0" r31="-0.8275093" r32="0.008192278" r33="-0.5613888" r34="0" r41="-1316.6453" r42="448.72757" r43="-1135.6012" r44="1"></containerEntry>
          <containerEntry r11="0.6784312" r12="-0.004973685" r13="0.73464495" r14="0" r21="-0.022592425" r22="0.9993629" r23="0.0276295" r24="0" r31="-0.73431426" r32="-0.03534214" r33="0.6778866" r34="0" r41="-1313.8801" r42="450.45282" r43="-1099.2849" r44="1"></containerEntry>
          <containerEntry r11="0.77990484" r12="0.00032771812" r13="0.6258959" r14="0" r21="-0.0225926" r22="0.99936295" r23="0.027628448" r24="0" r31="-0.6254881" r32="-0.035688188" r33="0.77941537" r34="0" r41="-1291.973" r42="450.45282" r43="-1071.7343" r44="1"></containerEntry>
        </property>
        <property name="colors" type="UInt32" container="DynamicArray" arraySize="4">
          <containerEntry>4294967295</containerEntry>
          <containerEntry>4294967295</containerEntry>
          <containerEntry>4294967295</containerEntry>
          <containerEntry>4294967295</containerEntry>
        </property>
      </staticProperties>
      <dynamicProperties></dynamicProperties>
    </entity>
    <entity class="StaticModelArray" classVersion="4" classID="0xD0" addr="0x317CC60" id="0x0">
      <staticProperties>
        <property name="name" type="String" container="StaticArray" arraySize="1">
          <containerEntry>StaticModelArray0005</containerEntry>
        </property>
        <property name="dataSet" type="EntityHandle" container="StaticArray" arraySize="1">
          <containerEntry>0x3353C70</containerEntry>
        </property>
        <property name="modelFile" type="FilePtr" container="StaticArray" arraySize="1">
          <containerEntry>/Assets/tpp/environ/object/afghanistan/cliff/afgh_clff007/scenes/afgh_clff007.fmdl</containerEntry>
        </property>
        <property name="geomFile" type="FilePtr" container="StaticArray" arraySize="1">
          <containerEntry>/Assets/tpp/environ/object/afghanistan/cliff/afgh_clff007/scenes/afgh_clff007.geom</containerEntry>
        </property>
        <property name="isVisibleGeom" type="Bool" container="StaticArray" arraySize="1">
          <containerEntry>false</containerEntry>
        </property>
        <property name="lodFarSize" type="Float" container="StaticArray" arraySize="1">
          <containerEntry>-1</containerEntry>
        </property>
        <property name="lodNearSize" type="Float" container="StaticArray" arraySize="1">
          <containerEntry>-1</containerEntry>
        </property>
        <property name="lodPolygonSize" type="Float" container="StaticArray" arraySize="1">
          <containerEntry>-1</containerEntry>
        </property>
        <property name="drawRejectionLevel" type="Int32" container="StaticArray" arraySize="1">
          <containerEntry>8</containerEntry>
        </property>
        <property name="drawMode" type="Int32" container="StaticArray" arraySize="1">
          <containerEntry>0</containerEntry>
        </property>
        <property name="rejectFarRangeShadowCast" type="Int32" container="StaticArray" arraySize="1">
          <containerEntry>2</containerEntry>
        </property>
        <property name="parentLocator" type="EntityLink" container="StaticArray" arraySize="1">
          <containerEntry packagePathHash="0xB8A0BF169F98" archivePathHash="0xB8A0BF169F98" nameInArchiveHash="0xB8A0BF169F98">0x0</containerEntry>
        </property>
        <property name="transforms" type="Matrix4" container="DynamicArray" arraySize="2">
          <containerEntry r11="0.8960369" r12="0.021190451" r13="0.44347328" r14="0" r21="-0.059392408" r22="0.99560356" r23="0.07242933" r24="0" r31="-0.4399888" r32="-0.09123832" r33="0.89335614" r34="0" r41="-1393.2369" r42="414.8708" r43="-1050.2688" r44="1"></containerEntry>
          <containerEntry r11="0.7264154" r12="-0.027587596" r13="0.68670195" r14="0" r21="-0.104926124" r22="0.9830282" r23="0.15048642" r24="0" r31="-0.6791989" r32="-0.18136863" r33="0.71119213" r34="0" r41="-1401.5187" r42="414.7297" r43="-1054.7648" r44="1"></containerEntry>
        </property>
        <property name="colors" type="UInt32" container="DynamicArray" arraySize="2">
          <containerEntry>4294967295</containerEntry>
          <containerEntry>4294967295</containerEntry>
        </property>
      </staticProperties>
      <dynamicProperties></dynamicProperties>
    </entity>
    <entity class="StaticModelArray" classVersion="4" classID="0xD0" addr="0x317C6B0" id="0x0">
      <staticProperties>
        <property name="name" type="String" container="StaticArray" arraySize="1">
          <containerEntry>StaticModelArray0006</containerEntry>
        </property>
        <property name="dataSet" type="EntityHandle" container="StaticArray" arraySize="1">
          <containerEntry>0x3353C70</containerEntry>
        </property>
        <property name="modelFile" type="FilePtr" container="StaticArray" arraySize="1">
          <containerEntry>/Assets/tpp/environ/object/afghanistan/rock/afgh_rock011/scenes/afgh_rock011.fmdl</containerEntry>
        </property>
        <property name="geomFile" type="FilePtr" container="StaticArray" arraySize="1">
          <containerEntry>/Assets/tpp/environ/object/afghanistan/rock/afgh_rock011/scenes/afgh_rock011.geom</containerEntry>
        </property>
        <property name="isVisibleGeom" type="Bool" container="StaticArray" arraySize="1">
          <containerEntry>false</containerEntry>
        </property>
        <property name="lodFarSize" type="Float" container="StaticArray" arraySize="1">
          <containerEntry>-1</containerEntry>
        </property>
        <property name="lodNearSize" type="Float" container="StaticArray" arraySize="1">
          <containerEntry>-1</containerEntry>
        </property>
        <property name="lodPolygonSize" type="Float" container="StaticArray" arraySize="1">
          <containerEntry>-1</containerEntry>
        </property>
        <property name="drawRejectionLevel" type="Int32" container="StaticArray" arraySize="1">
          <containerEntry>8</containerEntry>
        </property>
        <property name="drawMode" type="Int32" container="StaticArray" arraySize="1">
          <containerEntry>0</containerEntry>
        </property>
        <property name="rejectFarRangeShadowCast" type="Int32" container="StaticArray" arraySize="1">
          <containerEntry>2</containerEntry>
        </property>
        <property name="parentLocator" type="EntityLink" container="StaticArray" arraySize="1">
          <containerEntry packagePathHash="0xB8A0BF169F98" archivePathHash="0xB8A0BF169F98" nameInArchiveHash="0xB8A0BF169F98">0x0</containerEntry>
        </property>
        <property name="transforms" type="Matrix4" container="DynamicArray" arraySize="11">
          <containerEntry r11="-0.13279144" r12="-0.396882" r13="0.908212" r14="0" r21="-0.102041945" r22="0.91693324" r23="0.38577285" r24="0" r31="-0.98587614" r32="-0.041448087" r33="-0.16225946" r34="0" r41="-1379.1918" r42="418.57974" r43="-1058.1241" r44="1"></containerEntry>
          <containerEntry r11="-0.30058104" r12="0.23571566" r13="-0.924169" r14="0" r21="-0.12499598" r22="0.95088524" r23="0.28318408" r24="0" r31="0.94552964" r32="0.20063733" r33="-0.25635457" r34="0" r41="-1401.6627" r42="418.88147" r43="-1066.7577" r44="1"></containerEntry>
          <containerEntry r11="-0.87538725" r12="-0.07291631" r13="-0.47788525" r14="0" r21="-0.11708731" r22="0.991105" r23="0.063256465" r24="0" r31="0.46902204" r32="0.11132849" r33="-0.8761382" r34="0" r41="-1383.6315" r42="429.14746" r43="-1083.1864" r44="1"></containerEntry>
          <containerEntry r11="-0.51440436" r12="-0.08168489" r13="-1.1363142" r14="0" r21="-0.29587013" r22="1.2135814" r23="0.046700295" r24="0" r31="1.1001561" r32="0.28817984" r33="-0.51875174" r34="0" r41="-1315.5249" r42="437.76028" r43="-1025.5858" r44="1"></containerEntry>
          <containerEntry r11="-0.81436765" r12="-0.025087686" r13="-0.5797985" r14="0" r21="-0.07562077" r22="0.99513453" r23="0.06315599" r24="0" r31="0.57539314" r32="0.09527742" r33="-0.81230253" r34="0" r41="-1332.1599" r42="430.3722" r43="-1050.4132" r44="1"></containerEntry>
          <containerEntry r11="0.88421226" r12="0.2762876" r13="-0.3766079" r14="0" r21="-0.28056404" r22="0.95879495" r23="0.04467515" r24="0" r31="0.37343293" r32="0.06616046" r33="0.92529476" r34="0" r41="-1402.3416" r42="432.85947" r43="-1135.2821" r44="1"></containerEntry>
          <containerEntry r11="-0.54257226" r12="-0.4111304" r13="0.7325198" r14="0" r21="-0.31063423" r22="0.9084238" r23="0.2797722" r24="0" r31="-0.78046125" r32="-0.07574898" r33="-0.62059677" r34="0" r41="-1346.9188" r42="433.9749" r43="-1104.8641" r44="1"></containerEntry>
          <containerEntry r11="-0.7401925" r12="-0.08378794" r13="-0.6671538" r14="0" r21="-0.077769555" r22="0.99621487" r23="-0.03883111" r24="0" r31="0.667882" r32="0.023141753" r33="-0.7439069" r34="0" r41="-1362.077" r42="430.35858" r43="-1089.5193" r44="1"></containerEntry>
          <containerEntry r11="-1.4245548" r12="-0.025831942" r13="-0.63525337" r14="0" r21="0.06505931" r22="1.5446064" r23="-0.20870559" r24="0" r31="0.6324408" r32="-0.21707937" r33="-1.4094204" r34="0" r41="-1317.8864" r42="448.4324" r43="-1127.8201" r44="1"></containerEntry>
          <containerEntry r11="-0.86822003" r12="-0.5211242" r13="1.1981621" r14="0" r21="-0.4550829" r22="1.4691055" r23="0.30920088" r24="0" r31="-1.2247704" r32="-0.17645162" r33="-0.96424633" r34="0" r41="-1299.5574" r42="445.68826" r43="-1064.3419" r44="1"></containerEntry>
          <containerEntry r11="-1.1436983" r12="-0.16550596" r13="0.6652843" r14="0" r21="-0.19693649" r22="1.3187733" r23="-0.010480099" r24="0" r31="-0.6566669" r32="-0.10724548" r33="-1.155564" r34="0" r41="-1318.3062" r42="450.1086" r43="-1111.6108" r44="1"></containerEntry>
        </property>
        <property name="colors" type="UInt32" container="DynamicArray" arraySize="11">
          <containerEntry>4294967295</containerEntry>
          <containerEntry>4294967295</containerEntry>
