<fox formatVersion="2" fileVersion="0">
  <entities>
    <entity class="DataSet" classVersion="0" classID="0xE8" addr="0x330B840" id="0x9C386">
      <staticProperties>
        <property name="name" type="String" container="StaticArray" arraySize="1">
          <containerEntry hash="0xB8A0BF169F98"></containerEntry>
        </property>
        <property name="dataSet" type="EntityHandle" container="StaticArray" arraySize="1">
          <containerEntry>0x0</containerEntry>
        </property>
        <property name="dataList" type="EntityPtr" container="StringMap" arraySize="13">
          <containerEntry key="afgh_rock009_rock002_0000">
            <data>0x3309850</data>
          </containerEntry>
          <containerEntry key="mafr_rock010_vrtn001_0017">
            <data>0x3176830</data>
          </containerEntry>
          <containerEntry key="afgh_tree012_vrtn001_br_gim_i0000|TppSharedGimmick_afgh_tree012_vrtn001_br">
            <data>0x3178C10</data>
          </containerEntry>
          <containerEntry key="StaticModelArray0000">
            <data>0x317AEA0</data>
          </containerEntry>
          <containerEntry key="StaticModelArray0001">
            <data>0x317AF10</data>
          </containerEntry>
          <containerEntry key="StaticModelArray0002">
            <data>0x317AF80</data>
          </containerEntry>
          <containerEntry key="StaticModelArray0003">
            <data>0x317AAB0</data>
          </containerEntry>
          <containerEntry key="StaticModelArray0004">
            <data>0x317AE30</data>
          </containerEntry>
          <containerEntry key="StaticModelArray0005">
            <data>0x317A500</data>
          </containerEntry>
          <containerEntry key="StaticModelArray0006">
            <data>0x317A570</data>
          </containerEntry>
          <containerEntry key="StaticModelArray0007">
            <data>0x317A650</data>
          </containerEntry>
          <containerEntry key="StaticModelArray0008">
            <data>0x317A730</data>
          </containerEntry>
          <containerEntry key="TexturePackLoadConditioner0000">
            <data>0x317B370</data>
          </containerEntry>
        </property>
      </staticProperties>
      <dynamicProperties></dynamicProperties>
    </entity>
    <entity class="StaticModel" classVersion="9" classID="0x160" addr="0x3309850" id="0x9C42F">
      <staticProperties>
        <property name="name" type="String" container="StaticArray" arraySize="1">
          <containerEntry>afgh_rock009_rock002_0000</containerEntry>
        </property>
        <property name="dataSet" type="EntityHandle" container="StaticArray" arraySize="1">
          <containerEntry>0x330B840</containerEntry>
        </property>
        <property name="parent" type="EntityHandle" container="StaticArray" arraySize="1">
          <containerEntry>0x0</containerEntry>
        </property>
        <property name="transform" type="EntityPtr" container="StaticArray" arraySize="1">
          <containerEntry>0x33097E0</containerEntry>
        </property>
        <property name="shearTransform" type="EntityPtr" container="StaticArray" arraySize="1">
          <containerEntry>0x0</containerEntry>
        </property>
        <property name="pivotTransform" type="EntityPtr" container="StaticArray" arraySize="1">
          <containerEntry>0x0</containerEntry>
        </property>
        <property name="children" type="EntityHandle" container="List"></property>
        <property name="flags" type="UInt32" container="StaticArray" arraySize="1">
          <containerEntry>3221225479</containerEntry>
        </property>
        <property name="modelFile" type="FilePtr" container="StaticArray" arraySize="1">
          <containerEntry>/Assets/tpp/environ/object/afghanistan/rock/afgh_rock009/scenes/afgh_rock009_rock002.fmdl</containerEntry>
        </property>
        <property name="geomFile" type="FilePtr" container="StaticArray" arraySize="1">
          <containerEntry>/Assets/tpp/environ/object/afghanistan/rock/afgh_rock009/scenes/afgh_rock009_rock002.geom</containerEntry>
        </property>
        <property name="isVisibleGeom" type="Bool" container="StaticArray" arraySize="1">
          <containerEntry>false</containerEntry>
        </property>
        <property name="isIsolated" type="Bool" container="StaticArray" arraySize="1">
          <containerEntry>false</containerEntry>
        </property>
        <property name="lodFarSize" type="Float" container="StaticArray" arraySize="1">
          <containerEntry>-1</containerEntry>
        </property>
        <property name="lodNearSize" type="Float" container="StaticArray" arraySize="1">
          <containerEntry>-1</containerEntry>
        </property>
        <property name="lodPolygonSize" type="Float" container="StaticArray" arraySize="1">
          <containerEntry>-1</containerEntry>
        </property>
        <property name="color" type="Color" container="StaticArray" arraySize="1">
          <containerEntry r="1" g="1" b="1" a="1"></containerEntry>
        </property>
        <property name="drawRejectionLevel" type="Int32" container="StaticArray" arraySize="1">
          <containerEntry>8</containerEntry>
        </property>
        <property name="drawMode" type="Int32" container="StaticArray" arraySize="1">
          <containerEntry>0</containerEntry>
        </property>
        <property name="rejectFarRangeShadowCast" type="Int32" container="StaticArray" arraySize="1">
          <containerEntry>2</containerEntry>
        </property>
      </staticProperties>
      <dynamicProperties></dynamicProperties>
    </entity>
    <entity class="TransformEntity" classVersion="0" classID="0x50" addr="0x33097E0" id="0x9C432">
      <staticProperties>
        <property name="owner" type="EntityHandle" container="StaticArray" arraySize="1">
          <containerEntry>0x3309850</containerEntry>
        </property>
        <property name="transform_scale" type="Vector3" container="StaticArray" arraySize="1">
          <containerEntry x="1" y="1" z="1" w="0"></containerEntry>
        </property>
        <property name="transform_rotation_quat" type="Quat" container="StaticArray" arraySize="1">
          <containerEntry x="-0.07229" y="0.385066" z="-0.059922" w="0.9181"></containerEntry>
        </property>
        <property name="transform_translation" type="Vector3" container="StaticArray" arraySize="1">
          <containerEntry x="141.17166" y="274.34995" z="2285.8013" w="0"></containerEntry>
        </property>
      </staticProperties>
      <dynamicProperties></dynamicProperties>
    </entity>
    <entity class="StaticModel" classVersion="9" classID="0x160" addr="0x3176830" id="0x9C525">
      <staticProperties>
        <property name="name" type="String" container="StaticArray" arraySize="1">
          <containerEntry>mafr_rock010_vrtn001_0017</containerEntry>
        </property>
        <property name="dataSet" type="EntityHandle" container="StaticArray" arraySize="1">
          <containerEntry>0x330B840</containerEntry>
        </property>
        <property name="parent" type="EntityHandle" container="StaticArray" arraySize="1">
          <containerEntry>0x0</containerEntry>
        </property>
        <property name="transform" type="EntityPtr" container="StaticArray" arraySize="1">
          <containerEntry>0x31768A0</containerEntry>
        </property>
        <property name="shearTransform" type="EntityPtr" container="StaticArray" arraySize="1">
          <containerEntry>0x0</containerEntry>
        </property>
        <property name="pivotTransform" type="EntityPtr" container="StaticArray" arraySize="1">
          <containerEntry>0x0</containerEntry>
        </property>
        <property name="children" type="EntityHandle" container="List"></property>
        <property name="flags" type="UInt32" container="StaticArray" arraySize="1">
          <containerEntry>3221225479</containerEntry>
        </property>
        <property name="modelFile" type="FilePtr" container="StaticArray" arraySize="1">
          <containerEntry>/Assets/tpp/environ/object/middle_africa/rock/mafr_rock010/scenes/mafr_rock010_vrtn001.fmdl</containerEntry>
        </property>
        <property name="geomFile" type="FilePtr" container="StaticArray" arraySize="1">
          <containerEntry>/Assets/tpp/environ/object/middle_africa/rock/mafr_rock010/scenes/mafr_rock010_vrtn001.geom</containerEntry>
        </property>
        <property name="isVisibleGeom" type="Bool" container="StaticArray" arraySize="1">
          <containerEntry>false</containerEntry>
        </property>
        <property name="isIsolated" type="Bool" container="StaticArray" arraySize="1">
          <containerEntry>false</containerEntry>
        </property>
        <property name="lodFarSize" type="Float" container="StaticArray" arraySize="1">
          <containerEntry>-1</containerEntry>
        </property>
        <property name="lodNearSize" type="Float" container="StaticArray" arraySize="1">
          <containerEntry>-1</containerEntry>
        </property>
        <property name="lodPolygonSize" type="Float" container="StaticArray" arraySize="1">
          <containerEntry>-1</containerEntry>
        </property>
        <property name="color" type="Color" container="StaticArray" arraySize="1">
          <containerEntry r="1" g="1" b="1" a="1"></containerEntry>
        </property>
        <property name="drawRejectionLevel" type="Int32" container="StaticArray" arraySize="1">
          <containerEntry>6</containerEntry>
        </property>
        <property name="drawMode" type="Int32" container="StaticArray" arraySize="1">
          <containerEntry>0</containerEntry>
        </property>
        <property name="rejectFarRangeShadowCast" type="Int32" container="StaticArray" arraySize="1">
          <containerEntry>2</containerEntry>
        </property>
      </staticProperties>
      <dynamicProperties></dynamicProperties>
    </entity>
    <entity class="TransformEntity" classVersion="0" classID="0x50" addr="0x31768A0" id="0x9C528">
      <staticProperties>
        <property name="owner" type="EntityHandle" container="StaticArray" arraySize="1">
          <containerEntry>0x3176830</containerEntry>
        </property>
        <property name="transform_scale" type="Vector3" container="StaticArray" arraySize="1">
          <containerEntry x="1" y="1" z="1" w="0"></containerEntry>
        </property>
        <property name="transform_rotation_quat" type="Quat" container="StaticArray" arraySize="1">
          <containerEntry x="-0.01603" y="0.664437" z="-0.071675" w="0.743725"></containerEntry>
        </property>
        <property name="transform_translation" type="Vector3" container="StaticArray" arraySize="1">
          <containerEntry x="309.39362" y="270.96942" z="2226.7654" w="0"></containerEntry>
        </property>
      </staticProperties>
      <dynamicProperties></dynamicProperties>
    </entity>
    <entity class="TppSharedGimmickData" classVersion="1" classID="0xF0" addr="0x3178C10" id="0x1432C5">
      <staticProperties>
        <property name="name" type="String" container="StaticArray" arraySize="1">
          <containerEntry>afgh_tree012_vrtn001_br_gim_i0000|TppSharedGimmick_afgh_tree012_vrtn001_br</containerEntry>
        </property>
        <property name="dataSet" type="EntityHandle" container="StaticArray" arraySize="1">
          <containerEntry>0x330B840</containerEntry>
        </property>
        <property name="modelFile" type="FilePtr" container="StaticArray" arraySize="1">
          <containerEntry>/Assets/tpp/environ/object/afghanistan/tree/afgh_tree012/scenes/afgh_tree012_vrtn001_br.fmdl</containerEntry>
        </property>
        <property name="geomFile" type="FilePtr" container="StaticArray" arraySize="1">
          <containerEntry>/Assets/tpp/environ/object/afghanistan/tree/afgh_tree012/scenes/afgh_tree012_vrtn001_br.geom</containerEntry>
        </property>
        <property name="breakedModelFile" type="FilePtr" container="StaticArray" arraySize="1">
          <containerEntry hash="0xB8A0BF169F98"></containerEntry>
        </property>
        <property name="breakedGeomFile" type="FilePtr" container="StaticArray" arraySize="1">
          <containerEntry hash="0xB8A0BF169F98"></containerEntry>
        </property>
        <property name="partsFile" type="FilePtr" container="StaticArray" arraySize="1">
          <containerEntry>/Assets/tpp/parts/environ/object/afghanistan/tree/afgh_tree012/afgh_tree012_vrtn001_br.parts</containerEntry>
        </property>
        <property name="numDynamicGimmick" type="UInt32" container="StaticArray" arraySize="1">
          <containerEntry>2</containerEntry>
        </property>
        <property name="locaterFile" type="FilePtr" container="StaticArray" arraySize="1">
          <containerEntry>/Assets/tpp/level/location/afgh/block_small/134/134_150/lba/afgh_tree012_vrtn001_br.lba</containerEntry>
        </property>
        <property name="flags1" type="UInt32" container="StaticArray" arraySize="1">
          <containerEntry>270</containerEntry>
        </property>
        <property name="flags2" type="UInt32" container="StaticArray" arraySize="1">
          <containerEntry>0</containerEntry>
        </property>
      </staticProperties>
      <dynamicProperties></dynamicProperties>
    </entity>
    <entity class="StaticModelArray" classVersion="4" classID="0xD0" addr="0x317AEA0" id="0x0">
      <staticProperties>
        <property name="name" type="String" container="StaticArray" arraySize="1">
          <containerEntry>StaticModelArray0000</containerEntry>
        </property>
        <property name="dataSet" type="EntityHandle" container="StaticArray" arraySize="1">
          <containerEntry>0x330B840</containerEntry>
        </property>
        <property name="modelFile" type="FilePtr" container="StaticArray" arraySize="1">
          <containerEntry hash="0xB8A0BF169F98"></containerEntry>
        </property>
        <property name="geomFile" type="FilePtr" container="StaticArray" arraySize="1">
          <containerEntry>/Assets/tpp/environ/object/afghanistan/tree/afgh_tree012/scenes/afgh_tree012_vrtn001_br_pc.geom</containerEntry>
        </property>
        <property name="isVisibleGeom" type="Bool" container="StaticArray" arraySize="1">
          <containerEntry>false</containerEntry>
        </property>
        <property name="lodFarSize" type="Float" container="StaticArray" arraySize="1">
          <containerEntry>-1</containerEntry>
        </property>
        <property name="lodNearSize" type="Float" container="StaticArray" arraySize="1">
          <containerEntry>-1</containerEntry>
        </property>
        <property name="lodPolygonSize" type="Float" container="StaticArray" arraySize="1">
          <containerEntry>-1</containerEntry>
        </property>
        <property name="drawRejectionLevel" type="Int32" container="StaticArray" arraySize="1">
          <containerEntry>8</containerEntry>
        </property>
        <property name="drawMode" type="Int32" container="StaticArray" arraySize="1">
          <containerEntry>0</containerEntry>
        </property>
        <property name="rejectFarRangeShadowCast" type="Int32" container="StaticArray" arraySize="1">
          <containerEntry>2</containerEntry>
        </property>
        <property name="parentLocator" type="EntityLink" container="StaticArray" arraySize="1">
          <containerEntry packagePathHash="0xB8A0BF169F98" archivePathHash="0xB8A0BF169F98" nameInArchiveHash="0xB8A0BF169F98">0x0</containerEntry>
        </property>
        <property name="transforms" type="Matrix4" container="DynamicArray" arraySize="2">
          <containerEntry r11="1" r12="0" r13="0" r14="0" r21="0" r22="1" r23="0" r24="0" r31="0" r32="0" r33="1" r34="0" r41="164" r42="274.80927" r43="2277.144" r44="1"></containerEntry>
          <containerEntry r11="0.500002" r12="0" r13="-0.86602426" r14="0" r21="0" r22="1" r23="0" r24="0" r31="0.86602426" r32="0" r33="0.500002" r34="0" r41="153.48712" r42="272.62103" r43="2266.1687" r44="1"></containerEntry>
        </property>
        <property name="colors" type="UInt32" container="DynamicArray" arraySize="2">
          <containerEntry>4294967295</containerEntry>
          <containerEntry>4294967295</containerEntry>
        </property>
      </staticProperties>
      <dynamicProperties></dynamicProperties>
    </entity>
    <entity class="StaticModelArray" classVersion="4" classID="0xD0" addr="0x317AF10" id="0x0">
      <staticProperties>
        <property name="name" type="String" container="StaticArray" arraySize="1">
          <containerEntry>StaticModelArray0001</containerEntry>
        </property>
        <property name="dataSet" type="EntityHandle" container="StaticArray" arraySize="1">
          <containerEntry>0x330B840</containerEntry>
        </property>
        <property name="modelFile" type="FilePtr" container="StaticArray" arraySize="1">
          <containerEntry>/Assets/tpp/environ/object/afghanistan/pole/afgh_pole002/scenes/afgh_pole002.fmdl</containerEntry>
        </property>
        <property name="geomFile" type="FilePtr" container="StaticArray" arraySize="1">
          <containerEntry>/Assets/tpp/environ/object/afghanistan/pole/afgh_pole002/scenes/afgh_pole002.geom</containerEntry>
        </property>
        <property name="isVisibleGeom" type="Bool" container="StaticArray" arraySize="1">
          <containerEntry>false</containerEntry>
        </property>
        <property name="lodFarSize" type="Float" container="StaticArray" arraySize="1">
          <containerEntry>-1</containerEntry>
        </property>
        <property name="lodNearSize" type="Float" container="StaticArray" arraySize="1">
          <containerEntry>-1</containerEntry>
        </property>
        <property name="lodPolygonSize" type="Float" container="StaticArray" arraySize="1">
          <containerEntry>-1</containerEntry>
        </property>
        <property name="drawRejectionLevel" type="Int32" container="StaticArray" arraySize="1">
          <containerEntry>6</containerEntry>
        </property>
        <property name="drawMode" type="Int32" container="StaticArray" arraySize="1">
          <containerEntry>0</containerEntry>
        </property>
        <property name="rejectFarRangeShadowCast" type="Int32" container="StaticArray" arraySize="1">
          <containerEntry>2</containerEntry>
        </property>
        <property name="parentLocator" type="EntityLink" container="StaticArray" arraySize="1">
          <containerEntry packagePathHash="0xB8A0BF169F98" archivePathHash="0xB8A0BF169F98" nameInArchiveHash="0xB8A0BF169F98">0x0</containerEntry>
        </property>
        <property name="transforms" type="Matrix4" container="DynamicArray" arraySize="3">
          <containerEntry r11="0.9463267" r12="0" r13="-0.3232116" r14="0" r21="0" r22="1" r23="0" r24="0" r31="0.3232116" r32="0" r33="0.9463267" r34="0" r41="212.07652" r42="273.51984" r43="2292.7139" r44="1"></containerEntry>
          <containerEntry r11="1" r12="0" r13="0" r14="0" r21="0" r22="1" r23="0" r24="0" r31="0" r32="0" r33="1" r34="0" r41="234.79884" r42="273.60846" r43="2275.121" r44="1"></containerEntry>
          <containerEntry r11="1" r12="0" r13="0" r14="0" r21="0" r22="1" r23="0" r24="0" r31="0" r32="0" r33="1" r34="0" r41="237.70439" r42="273.66132" r43="2285.7124" r44="1"></containerEntry>
        </property>
        <property name="colors" type="UInt32" container="DynamicArray" arraySize="3">
          <containerEntry>4294967295</containerEntry>
          <containerEntry>4294967295</containerEntry>
          <containerEntry>4294967295</containerEntry>
        </property>
      </staticProperties>
      <dynamicProperties></dynamicProperties>
    </entity>
    <entity class="StaticModelArray" classVersion="4" classID="0xD0" addr="0x317AF80" id="0x0">
      <staticProperties>
        <property name="name" type="String" container="StaticArray" arraySize="1">
          <containerEntry>StaticModelArray0002</containerEntry>
        </property>
        <property name="dataSet" type="EntityHandle" container="StaticArray" arraySize="1">
          <containerEntry>0x330B840</containerEntry>
        </property>
        <property name="modelFile" type="FilePtr" container="StaticArray" arraySize="1">
          <containerEntry>/Assets/tpp/environ/object/middle_africa/rock/mafr_rock010/scenes/mafr_rock010_vrtn001.fmdl</containerEntry>
        </property>
        <property name="geomFile" type="FilePtr" container="StaticArray" arraySize="1">
          <containerEntry>/Assets/tpp/environ/object/middle_africa/rock/mafr_rock010/scenes/mafr_rock010_vrtn001.geom</containerEntry>
        </property>
        <property name="isVisibleGeom" type="Bool" container="StaticArray" arraySize="1">
          <containerEntry>false</containerEntry>
        </property>
        <property name="lodFarSize" type="Float" container="StaticArray" arraySize="1">
          <containerEntry>-1</containerEntry>
        </property>
        <property name="lodNearSize" type="Float" container="StaticArray" arraySize="1">
          <containerEntry>-1</containerEntry>
        </property>
        <property name="lodPolygonSize" type="Float" container="StaticArray" arraySize="1">
          <containerEntry>-1</containerEntry>
        </property>
        <property name="drawRejectionLevel" type="Int32" container="StaticArray" arraySize="1">
          <containerEntry>8</containerEntry>
        </property>
        <property name="drawMode" type="Int32" container="StaticArray" arraySize="1">
          <containerEntry>0</containerEntry>
        </property>
        <property name="rejectFarRangeShadowCast" type="Int32" container="StaticArray" arraySize="1">
          <containerEntry>2</containerEntry>
        </property>
        <property name="parentLocator" type="EntityLink" container="StaticArray" arraySize="1">
          <containerEntry packagePathHash="0xB8A0BF169F98" archivePathHash="0xB8A0BF169F98" nameInArchiveHash="0xB8A0BF169F98">0x0</containerEntry>
        </property>
        <property name="transforms" type="Matrix4" container="DynamicArray" arraySize="24">
          <containerEntry r11="-0.7071122" r12="0" r13="0.70710343" r14="0" r21="0" r22="1" r23="0" r24="0" r31="-0.70710343" r32="0" r33="-0.7071122" r34="0" r41="141.51114" r42="272.524" r43="2259.1377" r44="1"></containerEntry>
          <containerEntry r11="-0.76088196" r12="0.2090619" r13="-0.6142741" r14="0" r21="0.179074" r22="0.9775664" r23="0.11088799" r24="0" r31="0.62367624" r32="-0.025627386" r33="-0.78125024" r34="0" r41="226.47633" r42="267.53525" r43="2268.5413" r44="1"></containerEntry>
          <containerEntry r11="-0.13772926" r12="0.056460097" r13="0.9888582" r14="0" r21="0.017358689" r22="0.99835825" r23="-0.054584704" r24="0" r31="-0.9903166" r32="0.009647332" r33="-0.13848323" r34="0" r41="240.46849" r42="268.33142" r43="2265.1978" r44="1"></containerEntry>
          <containerEntry r11="0.99795306" r12="0.05916176" r13="0.024280313" r14="0" r21="-0.059747927" r22="0.9979208" r23="0.02417068" r24="0" r31="-0.022799846" r32="-0.025571907" r33="0.99941295" r34="0" r41="207.934" r42="268.6001" r43="2264.8447" r44="1"></containerEntry>
          <containerEntry r11="0.4314258" r12="-0.030034628" r13="0.9016469" r14="0" r21="0.08377905" r22="0.9964605" r23="-0.0068940595" r24="0" r31="-0.8982485" r32="0.07851356" r33="0.43241507" r34="0" r41="245.9647" r42="268.2361" r43="2263.722" r44="1"></containerEntry>
          <containerEntry r11="-0.16660938" r12="0.3972926" r13="0.9024359" r14="0" r21="-0.31432992" r22="0.84608084" r23="-0.4305144" r24="0" r31="-0.934574" r32="-0.35539347" r33="-0.016082823" r34="0" r41="241.25122" r42="266.49667" r43="2254.5693" r44="1"></containerEntry>
          <containerEntry r11="0.65758115" r12="0.12141171" r13="0.7435355" r14="0" r21="-0.06722209" r22="0.99244815" r23="-0.10260539" r24="0" r31="-0.7503779" r32="0.017489206" r33="0.66077673" r34="0" r41="236.1053" r42="268.15717" r43="2254.7976" r44="1"></containerEntry>
          <containerEntry r11="-0.08655237" r12="-0.028531935" r13="-0.995834" r14="0" r21="0.022280645" r22="0.9992843" r23="-0.030567273" r24="0" r31="0.9959935" r32="-0.024833728" r33="-0.08585471" r34="0" r41="222.11017" r42="268.64032" r43="2261.1711" r44="1"></containerEntry>
          <containerEntry r11="-0.08655237" r12="-0.028531935" r13="-0.995834" r14="0" r21="0.022280645" r22="0.9992843" r23="-0.030567273" r24="0" r31="0.9959935" r32="-0.024833728" r33="-0.08585471" r34="0" r41="211.12157" r42="270.0215" r43="2281.3516" r44="1"></containerEntry>
          <containerEntry r11="-0.08655237" r12="-0.028531935" r13="-0.995834" r14="0" r21="0.022280645" r22="0.9992843" r23="-0.030567273" r24="0" r31="0.9959935" r32="-0.024833728" r33="-0.08585471" r34="0" r41="243.30681" r42="269.9158" r43="2273.7334" r44="1"></containerEntry>
          <containerEntry r11="0.663857" r12="-0.037648477" r13="-0.7469097" r14="0" r21="0.02228057" r22="0.9992843" r23="-0.030566435" r24="0" r31="0.747526" r32="0.003650074" r33="0.66422075" r34="0" r41="244.68655" r42="270.0187" r43="2278.24" r44="1"></containerEntry>
          <containerEntry r11="-0.4042453" r12="0.018639192" r13="-0.9144539" r14="0" r21="0.3644486" r22="0.9202783" r23="-0.14235276" r24="0" r31="0.8388985" r32="-0.39081925" r33="-0.37881076" r34="0" r41="248.10817" r42="269.91403" r43="2284.8904" r44="1"></containerEntry>
          <containerEntry r11="0.663857" r12="-0.037648477" r13="-0.7469097" r14="0" r21="0.02228057" r22="0.9992843" r23="-0.030566435" r24="0" r31="0.747526" r32="0.003650074" r33="0.66422075" r34="0" r41="214.71338" r42="270.3846" r43="2292.7024" r44="1"></containerEntry>
          <containerEntry r11="0.29007638" r12="0.073229074" r13="-0.95419675" r14="0" r21="-0.1736924" r22="0.984537" r23="0.022755034" r24="0" r31="0.9411083" r32="0.15913627" r33="0.29831028" r34="0" r41="310.07935" r42="269.84995" r43="2239.6248" r44="1"></containerEntry>
          <containerEntry r11="0.24746853" r12="-0.07555679" r13="0.96594334" r14="0" r21="-0.07060488" r22="0.99289787" r23="0.09575331" r24="0" r31="-0.9663179" r32="-0.091896236" r33="0.2403763" r34="0" r41="316.52753" r42="270.83826" r43="2231.6802" r44="1"></containerEntry>
          <containerEntry r11="0.9911385" r12="-0.026177809" r13="-0.1302271" r14="0" r21="0.049617447" r22="0.9823861" r23="0.18015444" r24="0" r31="0.12321723" r32="-0.18501955" r33="0.9749796" r34="0" r41="309.6496" r42="271.27173" r43="2230.5256" r44="1"></containerEntry>
          <containerEntry r11="0.99593616" r12="0.088551246" r13="-0.016426148" r14="0" r21="-0.08771574" r22="0.9950807" r23="0.046046235" r24="0" r31="0.02042281" r32="-0.044418275" r33="0.9988042" r34="0" r41="279.04248" r42="270.40567" r43="2232.8113" r44="1"></containerEntry>
          <containerEntry r11="0.9449866" r12="-0.10456689" r13="0.30994493" r14="0" r21="0.04961614" r22="0.9823859" r23="0.18015571" r24="0" r31="-0.3233239" r32="-0.15486641" r33="0.93352973" r34="0" r41="287.70404" r42="269.12173" r43="2235.0876" r44="1"></containerEntry>
          <containerEntry r11="0.89729434" r12="0.013840045" r13="-0.44121477" r14="0" r21="-0.011261341" r22="0.99990076" r23="0.008462826" r24="0" r31="0.44128814" r32="-0.0026249518" r33="0.89736116" r34="0" r41="284.35104" r42="270.51315" r43="2231.9167" r44="1"></containerEntry>
          <containerEntry r11="-0.68871576" r12="-0.013891" r13="0.7248897" r14="0" r21="-0.011260802" r22="0.9999008" r23="0.008462029" r24="0" r31="-0.72493535" r32="-0.002334884" r33="-0.68880385" r34="0" r41="287.81577" r42="270.17523" r43="2228.2715" r44="1"></containerEntry>
          <containerEntry r11="-0.55560815" r12="0.014466778" r13="-0.8313097" r14="0" r21="0.032699637" r22="0.9994553" r23="-0.004462244" r24="0" r31="0.8307923" r32="-0.029662943" r33="-0.55577856" r34="0" r41="278.05997" r42="269.99725" r43="2228.0195" r44="1"></containerEntry>
          <containerEntry r11="-0.8972864" r12="-0.013840045" r13="0.44121477" r14="0" r21="-0.011261341" r22="0.99990076" r23="0.008462826" r24="0" r31="-0.44128814" r32="0.0026249518" r33="-0.89735323" r34="0" r41="284.38983" r42="270.54077" r43="2228.7058" r44="1"></containerEntry>
          <containerEntry r11="-0.8736287" r12="-0.005722085" r13="-0.48654345" r14="0" r21="-0.0112622045" r22="0.99990076" r23="0.008462839" r24="0" r31="0.48644677" r32="0.01287302" r33="-0.87360644" r34="0" r41="280.9681" r42="270.10983" r43="2229.5059" r44="1"></containerEntry>
          <containerEntry r11="-0.9676366" r12="0.2498298" r13="0.035420336" r14="0" r21="0.25232384" r22="0.957217" r23="0.14166203" r24="0" r31="0.0014865436" r32="0.1460155" r33="-0.9892762" r34="0" r41="320.3913" r42="270.35657" r43="2232.4473" r44="1"></containerEntry>
        </property>
        <property name="colors" type="UInt32" container="DynamicArray" arraySize="24">
          <containerEntry>4294967295</containerEntry>
          <containerEntry>4294967295</containerEntry>
          <containerEntry>4294967295</containerEntry>
          <containerEntry>4294967295</containerEntry>
          <containerEntry>4294967295</containerEntry>
          <containerEntry>4294967295</containerEntry>
          <containerEntry>4294967295</containerEntry>
          <containerEntry>4294967295</containerEntry>
          <containerEntry>4294967295</containerEntry>
          <containerEntry>4294967295</containerEntry>
          <containerEntry>4294967295</containerEntry>
          <containerEntry>4294967295</containerEntry>
          <containerEntry>4294967295</containerEntry>
          <containerEntry>4294967295</containerEntry>
          <containerEntry>4294967295</containerEntry>
          <containerEntry>4294967295</containerEntry>
          <containerEntry>4294967295</containerEntry>
          <containerEntry>4294967295</containerEntry>
          <containerEntry>4294967295</containerEntry>
          <containerEntry>4294967295</containerEntry>
          <containerEntry>4294967295</containerEntry>
          <containerEntry>4294967295</containerEntry>
          <containerEntry>4294967295</containerEntry>
          <containerEntry>4294967295</containerEntry>
        </property>
      </staticProperties>
      <dynamicProperties></dynamicProperties>
    </entity>
    <entity class="StaticModelArray" classVersion="4" classID="0xD0" addr="0x317AAB0" id="0x0">
      <staticProperties>
        <property name="name" type="String" container="StaticArray" arraySize="1">
          <containerEntry>StaticModelArray0003</containerEntry>
        </property>
        <property name="dataSet" type="EntityHandle" container="StaticArray" arraySize="1">
          <containerEntry>0x330B840</containerEntry>
        </property>
        <property name="modelFile" type="FilePtr" container="StaticArray" arraySize="1">
          <containerEntry>/Assets/tpp/environ/object/afghanistan/sandbag/afgh_sndb002/scenes/afgh_sndb002.fmdl</containerEntry>
        </property>
        <property name="geomFile" type="FilePtr" container="StaticArray" arraySize="1">
          <containerEntry>/Assets/tpp/environ/object/afghanistan/sandbag/afgh_sndb002/scenes/afgh_sndb002.geom</containerEntry>
        </property>
        <property name="isVisibleGeom" type="Bool" container="StaticArray" arraySize="1">
          <containerEntry>false</containerEntry>
        </property>
        <property name="lodFarSize" type="Float" container="StaticArray" arraySize="1">
          <containerEntry>-1</containerEntry>
        </property>
        <property name="lodNearSize" type="Float" container="StaticArray" arraySize="1">
          <containerEntry>-1</containerEntry>
        </property>
        <property name="lodPolygonSize" type="Float" container="StaticArray" arraySize="1">
          <containerEntry>-1</containerEntry>
        </property>
        <property name="drawRejectionLevel" type="Int32" container="StaticArray" arraySize="1">
          <containerEntry>8</containerEntry>
        </property>
        <property name="drawMode" type="Int32" container="StaticArray" arraySize="1">
          <containerEntry>0</containerEntry>
        </property>
        <property name="rejectFarRangeShadowCast" type="Int32" container="StaticArray" arraySize="1">
          <containerEntry>2</containerEntry>
        </property>
        <property name="parentLocator" type="EntityLink" container="StaticArray" arraySize="1">
          <containerEntry packagePathHash="0xB8A0BF169F98" archivePathHash="0xB8A0BF169F98" nameInArchiveHash="0xB8A0BF169F98">0x0</containerEntry>
        </property>
        <property name="transforms" type="Matrix4" container="DynamicArray" arraySize="14">
          <containerEntry r11="0.9547123" r12="0.040860143" r13="-0.29471156" r14="0" r21="-0.039189506" r22="0.99916476" r23="0.011575095" r24="0" r31="0.29493836" r32="0.00049872044" r33="0.95551616" r34="0" r41="210.52846" r42="273.587" r43="2293.6565" r44="1"></containerEntry>
          <containerEntry r11="0.9978629" r12="0" r13="-0.06534309" r14="0" r21="0" r22="1" r23="0" r24="0" r31="0.06534309" r32="0" r33="0.9978629" r34="0" r41="180.31242" r42="273.23575" r43="2300.311" r44="1"></containerEntry>
          <containerEntry r11="1" r12="0" r13="0" r14="0" r21="0" r22="1" r23="0" r24="0" r31="0" r32="0" r33="1" r34="0" r41="175.99678" r42="273.26575" r43="2300.4587" r44="1"></containerEntry>
          <containerEntry r11="0.9994121" r12="-0.03428496" r13="0" r14="0" r21="0.03428496" r22="0.9994121" r23="0" r24="0" r31="0" r32="0" r33="1" r34="0" r41="159.19829" r42="273.2793" r43="2300.4624" r44="1"></containerEntry>
          <containerEntry r11="1" r12="0" r13="0" r14="0" r21="0" r22="1" r23="0" r24="0" r31="0" r32="0" r33="1" r34="0" r41="154.8786" r42="273.35843" r43="2300.4734" r44="1"></containerEntry>
          <containerEntry r11="0.9547123" r12="0.040860143" r13="-0.29471156" r14="0" r21="-0.039189506" r22="0.99916476" r23="0.011575095" r24="0" r31="0.29493836" r32="0.00049872044" r33="0.95551616" r34="0" r41="206.79164" r42="273.58203" r43="2281.4353" r44="1"></containerEntry>
          <containerEntry r11="-0.28609914" r12="-0.0001215972" r13="-0.95819914" r14="0" r21="-0.03918917" r22="0.99916476" r23="0.011574334" r24="0" r31="0.95739746" r32="0.04086247" r33="-0.28586495" r34="0" r41="203.21529" r42="273.4467" r43="2281.0095" r44="1"></containerEntry>
          <containerEntry r11="-0.31948462" r12="-0.0015522558" r13="-0.9475898" r14="0" r21="-0.039188422" r22="0.9991648" r23="0.011575844" r24="0" r31="0.9467804" r32="0.04083287" r33="-0.3192786" r34="0" r41="201.94603" r42="273.4447" r43="2276.8843" r44="1"></containerEntry>
          <containerEntry r11="-5.9604645e-07" r12="0" r13="1.0000006" r14="0" r21="0" r22="1" r23="0" r24="0" r31="-1.0000006" r32="0" r33="-5.9604645e-07" r34="0" r41="152.33435" r42="273.3619" r43="2302.56" r44="1"></containerEntry>
          <containerEntry r11="0.97786194" r12="-0.008346403" r13="-0.20908457" r14="0" r21="0.010913737" r22="0.9998785" r23="0.011128212" r24="0" r31="0.20896628" r32="-0.01316375" r33="0.9778342" r34="0" r41="184.51633" r42="273.184" r43="2299.737" r44="1"></containerEntry>
          <containerEntry r11="0.96969634" r12="0.017533254" r13="-0.24368355" r14="0" r21="-0.018268354" r22="0.99983287" r23="-0.0007568465" r24="0" r31="0.24362954" r32="0.0051856088" r33="0.96985453" r34="0" r41="188.75659" r42="273.25775" r43="2298.7178" r44="1"></containerEntry>
          <containerEntry r11="1" r12="0" r13="0" r14="0" r21="0" r22="1" r23="0" r24="0" r31="0" r32="0" r33="1" r34="0" r41="171.81244" r42="273.2373" r43="2300.4587" r44="1"></containerEntry>
          <containerEntry r11="1" r12="0" r13="0" r14="0" r21="0" r22="1" r23="0" r24="0" r31="0" r32="0" r33="1" r34="0" r41="167.66531" r42="273.25992" r43="2300.4587" r44="1"></containerEntry>
          <containerEntry r11="1" r12="0" r13="0" r14="0" r21="0" r22="1" r23="0" r24="0" r31="0" r32="0" r33="1" r34="0" r41="163.51819" r42="273.25574" r43="2300.4587" r44="1"></containerEntry>
        </property>
        <property name="colors" type="UInt32" container="DynamicArray" arraySize="14">
          <containerEntry>4294967295</containerEntry>
          <containerEntry>4294967295</containerEntry>
          <containerEntry>4294967295</containerEntry>
          <containerEntry>4294967295</containerEntry>
          <containerEntry>4294967295</containerEntry>
          <containerEntry>4294967295</containerEntry>
          <containerEntry>4294967295</containerEntry>
          <containerEntry>4294967295</containerEntry>
          <containerEntry>4294967295</containerEntry>
          <containerEntry>4294967295</containerEntry>
          <containerEntry>4294967295</containerEntry>
          <containerEntry>4294967295</containerEntry>
          <containerEntry>4294967295</containerEntry>
          <containerEntry>4294967295</containerEntry>
        </property>
      </staticProperties>
      <dynamicProperties></dynamicProperties>
    </entity>
    <entity class="StaticModelArray" classVersion="4" classID="0xD0" addr="0x317AE30" id="0x0">
      <staticProperties>
        <property name="name" type="String" container="StaticArray" arraySize="1">
          <containerEntry>StaticModelArray0004</containerEntry>
        </property>
        <property name="dataSet" type="EntityHandle" container="StaticArray" arraySize="1">
          <containerEntry>0x330B840</containerEntry>
        </property>
        <property name="modelFile" type="FilePtr" container="StaticArray" arraySize="1">
          <containerEntry>/Assets/tpp/environ/object/afghanistan/ground/afgh_grnd003/scenes/afgh_grnd003.fmdl</containerEntry>
        </property>
        <property name="geomFile" type="FilePtr" container="StaticArray" arraySize="1">
          <containerEntry>/Assets/tpp/environ/object/afghanistan/ground/afgh_grnd003/scenes/afgh_grnd003.geom</containerEntry>
        </property>
        <property name="isVisibleGeom" type="Bool" container="StaticArray" arraySize="1">
          <containerEntry>false</containerEntry>
        </property>
        <property name="lodFarSize" type="Float" container="StaticArray" arraySize="1">
          <containerEntry>-1</containerEntry>
        </property>
        <property name="lodNearSize" type="Float" container="StaticArray" arraySize="1">
          <containerEntry>-1</containerEntry>
        </property>
        <property name="lodPolygonSize" type="Float" container="StaticArray" arraySize="1">
          <containerEntry>-1</containerEntry>
        </property>
        <property name="drawRejectionLevel" type="Int32" container="StaticArray" arraySize="1">
          <containerEntry>8</containerEntry>
        </property>
        <property name="drawMode" type="Int32" container="StaticArray" arraySize="1">
          <containerEntry>0</containerEntry>
        </property>
        <property name="rejectFarRangeShadowCast" type="Int32" container="StaticArray" arraySize="1">
          <containerEntry>2</containerEntry>
        </property>
        <property name="parentLocator" type="EntityLink" container="StaticArray" arraySize="1">
          <containerEntry packagePathHash="0xB8A0BF169F98" archivePathHash="0xB8A0BF169F98" nameInArchiveHash="0xB8A0BF169F98">0x0</containerEntry>
        </property>
        <property name="transforms" type="Matrix4" container="DynamicArray" arraySize="9">
          <containerEntry r11="0.93716615" r12="3.7625432e-07" r13="0.34888345" r14="0" r21="-0.043876953" r22="0.9920603" r23="0.1178607" r24="0" r31="-0.34611338" r32="-0.125763" r33="0.92972535" r34="0" r41="239.53194" r42="272.4135" r43="2190.1902" r44="1"></containerEntry>
