<fox formatVersion="2" fileVersion="0">
  <entities>
    <entity class="DataSet" classVersion="0" classID="0xE8" addr="0x2F54530" id="0x4FC64B1">
      <staticProperties>
        <property name="name" type="String" container="StaticArray" arraySize="1">
          <containerEntry hash="0xB8A0BF169F98"></containerEntry>
        </property>
        <property name="dataSet" type="EntityHandle" container="StaticArray" arraySize="1">
          <containerEntry>0x0</containerEntry>
        </property>
        <property name="dataList" type="EntityPtr" container="StringMap" arraySize="6">
          <containerEntry key="StaticModelArray0000">
            <data>0x2D7CC60</data>
          </containerEntry>
          <containerEntry key="StaticModelArray0001">
            <data>0x2D7CCD0</data>
          </containerEntry>
          <containerEntry key="StaticModelArray0002">
            <data>0x2F54A00</data>
          </containerEntry>
          <containerEntry key="StaticModelArray0003">
            <data>0x2F54A70</data>
          </containerEntry>
          <containerEntry key="StaticModelArray0004">
            <data>0x2D7C870</data>
          </containerEntry>
          <containerEntry key="TexturePackLoadConditioner0000">
            <data>0x2D7CFE0</data>
          </containerEntry>
        </property>
      </staticProperties>
      <dynamicProperties></dynamicProperties>
    </entity>
    <entity class="StaticModelArray" classVersion="4" classID="0xD0" addr="0x2D7CC60" id="0x0">
      <staticProperties>
        <property name="name" type="String" container="StaticArray" arraySize="1">
          <containerEntry>StaticModelArray0000</containerEntry>
        </property>
        <property name="dataSet" type="EntityHandle" container="StaticArray" arraySize="1">
          <containerEntry>0x2F54530</containerEntry>
        </property>
        <property name="modelFile" type="FilePtr" container="StaticArray" arraySize="1">
          <containerEntry>/Assets/tpp/environ/object/middle_africa/rock/mafr_rock001/scenes/mafr_rock001_vrtn003.fmdl</containerEntry>
        </property>
        <property name="geomFile" type="FilePtr" container="StaticArray" arraySize="1">
          <containerEntry>/Assets/tpp/environ/object/middle_africa/rock/mafr_rock001/scenes/mafr_rock001_vrtn003.geom</containerEntry>
        </property>
        <property name="isVisibleGeom" type="Bool" container="StaticArray" arraySize="1">
          <containerEntry>false</containerEntry>
        </property>
        <property name="lodFarSize" type="Float" container="StaticArray" arraySize="1">
          <containerEntry>-1</containerEntry>
        </property>
        <property name="lodNearSize" type="Float" container="StaticArray" arraySize="1">
          <containerEntry>-1</containerEntry>
        </property>
        <property name="lodPolygonSize" type="Float" container="StaticArray" arraySize="1">
          <containerEntry>-1</containerEntry>
        </property>
        <property name="drawRejectionLevel" type="Int32" container="StaticArray" arraySize="1">
          <containerEntry>8</containerEntry>
        </property>
        <property name="drawMode" type="Int32" container="StaticArray" arraySize="1">
          <containerEntry>0</containerEntry>
        </property>
        <property name="rejectFarRangeShadowCast" type="Int32" container="StaticArray" arraySize="1">
          <containerEntry>2</containerEntry>
        </property>
        <property name="parentLocator" type="EntityLink" container="StaticArray" arraySize="1">
          <containerEntry packagePathHash="0xB8A0BF169F98" archivePathHash="0xB8A0BF169F98" nameInArchiveHash="0xB8A0BF169F98">0x0</containerEntry>
        </property>
        <property name="transforms" type="Matrix4" container="DynamicArray" arraySize="4">
          <containerEntry r11="0.62339604" r12="0.045589488" r13="-0.7805755" r14="0" r21="-0.13453718" r22="0.98966414" r23="-0.04964487" r24="0" r31="0.77024436" r32="0.13596493" r33="0.6230862" r34="0" r41="2060.2944" r42="-11.935019" r43="1701.3143" r44="1"></containerEntry>
          <containerEntry r11="-0.4885724" r12="-0.022663211" r13="0.8722272" r14="0" r21="-0.079865806" r22="0.9966275" r23="-0.018840907" r24="0" r31="-0.8688587" r32="-0.07886638" r33="-0.48873472" r34="0" r41="2068.6367" r42="-10.461746" r43="1702.84" r44="1"></containerEntry>
          <containerEntry r11="-0.5236754" r12="0.06645189" r13="-0.84932107" r14="0" r21="-0.009579989" r22="1.0611957" r23="0.088936" r24="0" r31="0.8518693" r32="0.051373027" r33="-0.52122706" r34="0" r41="2050.8684" r42="-12.08567" r43="1684.2028" r44="1"></containerEntry>
          <containerEntry r11="0.31760234" r12="0.108895734" r13="0.9419504" r14="0" r21="-0.13700499" r22="0.98823005" r23="-0.068051286" r24="0" r31="-0.9382742" r32="-0.107438646" r33="0.3287834" r34="0" r41="2062.8281" r42="-11.259627" r43="1687.0361" r44="1"></containerEntry>
        </property>
        <property name="colors" type="UInt32" container="DynamicArray" arraySize="4">
          <containerEntry>4294967295</containerEntry>
          <containerEntry>4294967295</containerEntry>
          <containerEntry>4294967295</containerEntry>
          <containerEntry>4294967295</containerEntry>
        </property>
      </staticProperties>
      <dynamicProperties></dynamicProperties>
    </entity>
    <entity class="StaticModelArray" classVersion="4" classID="0xD0" addr="0x2D7CCD0" id="0x0">
      <staticProperties>
        <property name="name" type="String" container="StaticArray" arraySize="1">
          <containerEntry>StaticModelArray0001</containerEntry>
        </property>
        <property name="dataSet" type="EntityHandle" container="StaticArray" arraySize="1">
          <containerEntry>0x2F54530</containerEntry>
        </property>
        <property name="modelFile" type="FilePtr" container="StaticArray" arraySize="1">
          <containerEntry>/Assets/tpp/environ/object/middle_africa/cliff/mafr_clff003/scenes/mafr_clff003_vrtn001.fmdl</containerEntry>
        </property>
        <property name="geomFile" type="FilePtr" container="StaticArray" arraySize="1">
          <containerEntry>/Assets/tpp/environ/object/middle_africa/cliff/mafr_clff003/scenes/mafr_clff003_vrtn001.geom</containerEntry>
        </property>
        <property name="isVisibleGeom" type="Bool" container="StaticArray" arraySize="1">
          <containerEntry>false</containerEntry>
        </property>
        <property name="lodFarSize" type="Float" container="StaticArray" arraySize="1">
          <containerEntry>-1</containerEntry>
        </property>
        <property name="lodNearSize" type="Float" container="StaticArray" arraySize="1">
          <containerEntry>-1</containerEntry>
        </property>
        <property name="lodPolygonSize" type="Float" container="StaticArray" arraySize="1">
          <containerEntry>-1</containerEntry>
        </property>
        <property name="drawRejectionLevel" type="Int32" container="StaticArray" arraySize="1">
          <containerEntry>8</containerEntry>
        </property>
        <property name="drawMode" type="Int32" container="StaticArray" arraySize="1">
          <containerEntry>0</containerEntry>
        </property>
        <property name="rejectFarRangeShadowCast" type="Int32" container="StaticArray" arraySize="1">
          <containerEntry>2</containerEntry>
        </property>
        <property name="parentLocator" type="EntityLink" container="StaticArray" arraySize="1">
          <containerEntry packagePathHash="0xB8A0BF169F98" archivePathHash="0xB8A0BF169F98" nameInArchiveHash="0xB8A0BF169F98">0x0</containerEntry>
        </property>
        <property name="transforms" type="Matrix4" container="DynamicArray" arraySize="26">
          <containerEntry r11="0.6395529" r12="-0.08477156" r13="0.76405674" r14="0" r21="0.3209607" r22="0.93257487" r23="-0.16518992" r24="0" r31="-0.69853646" r32="0.35088068" r33="0.6236395" r34="0" r41="2095.5564" r42="-14.410756" r43="1776.4554" r44="1"></containerEntry>
          <containerEntry r11="0.07985847" r12="-0.17556407" r13="0.9812195" r14="0" r21="0.4487602" r22="0.8853014" r23="0.12187998" r24="0" r31="-0.8900723" r32="0.43060154" r33="0.14948583" r34="0" r41="2112.8708" r42="-10.52527" r43="1750.4697" r44="1"></containerEntry>
          <containerEntry r11="0.6015654" r12="-0.12537128" r13="-0.5122499" r14="0" r21="-0.09891619" r22="0.7364504" r23="-0.29640535" r24="0" r31="0.5180091" r32="0.2862212" r33="0.53827727" r34="0" r41="2072.7546" r42="-14.907523" r43="1781.8239" r44="1"></containerEntry>
          <containerEntry r11="0.6897937" r12="-0.11870275" r13="0.38741928" r14="0" r21="0.36352935" r22="0.5191455" r23="-0.48819327" r24="0" r31="-0.17897056" r32="0.59698904" r33="0.5015694" r34="0" r41="2066.5466" r42="-14.752733" r43="1786.4545" r44="1"></containerEntry>
          <containerEntry r11="0.70549273" r12="-0.020085886" r13="0.7084303" r14="0" r21="0.39039713" r22="0.84528244" r23="-0.36480954" r24="0" r31="-0.5914955" r32="0.53394055" r33="0.60418236" r34="0" r41="2092.9539" r42="-11.114746" r43="1734.6727" r44="1"></containerEntry>
          <containerEntry r11="-0.27934468" r12="-0.03491001" r13="0.95954794" r14="0" r21="0.5327638" r22="0.8257615" r23="0.18514457" r24="0" r31="-0.7988202" r32="0.56293607" r33="-0.21207184" r34="0" r41="2089.1296" r42="-11.871966" r43="1740.7094" r44="1"></containerEntry>
          <containerEntry r11="-0.10411294" r12="-0.047537416" r13="-0.99342114" r14="0" r21="-0.764079" r22="0.6432322" r23="0.049302816" r24="0" r31="0.6366543" r32="0.7641908" r33="-0.10328865" r34="0" r41="2070.6106" r42="-13.409611" r43="1745.7343" r44="1"></containerEntry>
          <containerEntry r11="0.6450222" r12="-0.012633584" r13="0.7640577" r14="0" r21="0.2145302" r22="0.96264684" r23="-0.16518956" r24="0" r31="-0.7334307" r32="0.27046475" r33="0.623639" r34="0" r41="2125.1562" r42="-11.500065" r43="1777.8167" r44="1"></containerEntry>
          <containerEntry r11="-0.9730763" r12="-0.05392914" r13="0.22403504" r14="0" r21="0.08648585" r22="0.81568444" r23="0.5719939" r24="0" r31="-0.21358897" r32="0.5759761" r33="-0.78905696" r34="0" r41="2122.5967" r42="-5.353736" r43="1685.2068" r44="1"></containerEntry>
          <containerEntry r11="-0.45062983" r12="-0.08855966" r13="-0.59294313" r14="0" r21="-0.5103861" r22="0.4458344" r23="0.32130298" r24="0" r31="0.31453198" r32="0.59656245" r33="-0.32813922" r34="0" r41="2113.4707" r42="-5.845356" r43="1695.2845" r44="1"></containerEntry>
          <containerEntry r11="0.4597177" r12="0.045234643" r13="0.8869086" r14="0" r21="0.23052436" r22="0.9583894" r23="-0.1683678" r24="0" r31="-0.8576197" r32="0.2818564" r33="0.43016094" r34="0" r41="2142.046" r42="-1.396567" r43="1712.8853" r44="1"></containerEntry>
          <containerEntry r11="-0.31405377" r12="-0.13424282" r13="0.66771245" r14="0" r21="0.21754473" r22="0.6769967" r23="0.23843054" r24="0" r31="-0.6453955" r32="0.29351956" r33="-0.24454522" r34="0" r41="2138.9902" r42="-1.995935" r43="1704.34" r44="1"></containerEntry>
          <containerEntry r11="0.42493415" r12="-0.015392594" r13="0.61781174" r14="0" r21="0.4041253" r22="0.5741682" r23="-0.2636516" r24="0" r31="-0.46755862" r32="0.48227844" r33="0.33360603" r34="0" r41="2071.6758" r42="-13.215396" r43="1697.7487" r44="1"></containerEntry>
          <containerEntry r11="0.24674158" r12="-0.042237252" r13="0.9681559" r14="0" r21="0.57546794" r22="0.8102124" r23="-0.11131227" r24="0" r31="-0.7797093" r32="0.58461076" r33="0.22422022" r34="0" r41="2072.667" r42="-13.991068" r43="1689.9642" r44="1"></containerEntry>
          <containerEntry r11="0.19066508" r12="0.05007294" r13="0.9803726" r14="0" r21="0.5745381" r22="0.80408645" r23="-0.1528029" r24="0" r31="-0.79595464" r32="0.59239805" r33="0.12454313" r34="0" r41="2082.2317" r42="-11.964438" r43="1716.1587" r44="1"></containerEntry>
          <containerEntry r11="0.019085197" r12="-0.10740037" r13="0.74202096" r14="0" r21="0.36064434" r22="0.6520674" r23="0.08510585" r24="0" r31="-0.657317" r32="0.35464418" r33="0.06823835" r34="0" r41="2128.0862" r42="-5.683" r43="1734.8041" r44="1"></containerEntry>
          <containerEntry r11="0.7287995" r12="-0.07035315" r13="0.68110144" r14="0" r21="0.5581709" r22="0.6371926" r23="-0.5314391" r24="0" r31="-0.39660308" r32="0.7674847" r33="0.5036553" r34="0" r41="2167.7761" r42="4.235295" r43="1697.3225" r44="1"></containerEntry>
          <containerEntry r11="-0.1865813" r12="-0.07367286" r13="0.97966415" r14="0" r21="0.38599977" r22="0.9114936" r23="0.14206403" r24="0" r31="-0.90342337" r32="0.40466076" r33="-0.14162898" r34="0" r41="2156.2554" r42="2.320088" r43="1696.0599" r44="1"></containerEntry>
          <containerEntry r11="0.6777445" r12="0.11884059" r13="-0.2983935" r14="0" r21="-0.28403383" r22="0.5470674" r23="-0.4272472" r24="0" r31="0.14995512" r32="0.49909142" r33="0.5393693" r34="0" r41="2057.7815" r42="-13.248462" r43="1733.0479" r44="1"></containerEntry>
          <containerEntry r11="0.3353873" r12="-0.10608635" r13="0.66238713" r14="0" r21="0.39229596" r22="0.63174844" r23="-0.09745012" r24="0" r31="-0.5441644" r32="0.39004916" r33="0.33799773" r34="0" r41="2060.9717" r42="-12.477092" r43="1731.9757" r44="1"></containerEntry>
          <containerEntry r11="-0.5438003" r12="-0.14157313" r13="0.49671328" r14="0" r21="0.19309923" r22="0.6132432" r23="0.38619155" r24="0" r31="-0.47904047" r32="0.4079072" r33="-0.40819028" r34="0" r41="2057.6748" r42="-14.697779" r43="1707.0348" r44="1"></containerEntry>
          <containerEntry r11="0.025314137" r12="-0.10859421" r13="0.993758" r14="0" r21="0.6610886" r22="0.7474984" r23="0.06484711" r24="0" r31="-0.7498731" r32="0.65532476" r33="0.090714514" r34="0" r41="2057.339" r42="-15.795767" r43="1673.7411" r44="1"></containerEntry>
          <containerEntry r11="0.43021318" r12="0.14487936" r13="-0.59701246" r14="0" r21="-0.47135603" r22="0.5452832" r23="-0.2073356" r24="0" r31="0.39400178" r32="0.4941402" r33="0.40383804" r34="0" r41="2160.5708" r42="2.344257" r43="1728.2465" r44="1"></containerEntry>
          <containerEntry r11="0.39547932" r12="-0.06266557" r13="0.6341659" r14="0" r21="0.34137654" r22="0.6510711" r23="-0.14855191" r24="0" r31="-0.5381035" r32="0.36698586" r33="0.37183738" r34="0" r41="2159.284" r42="-0.00089" r43="1743.6841" r44="1"></containerEntry>
          <containerEntry r11="-0.71116376" r12="-0.08221805" r13="-0.22355497" r14="0" r21="-0.21612096" r22="0.5186642" r23="0.49676728" r24="0" r31="0.10014175" r32="0.53546816" r33="-0.5154971" r34="0" r41="2170.4097" r42="2.658826" r43="1732.4612" r44="1"></containerEntry>
          <containerEntry r11="0.6992287" r12="0.03641956" r13="-0.26879802" r14="0" r21="-0.2090764" r22="0.54586476" r23="-0.46991158" r24="0" r31="0.1728173" r32="0.5130335" r33="0.5190652" r34="0" r41="2121.8801" r42="-5.515798" r43="1677.142" r44="1"></containerEntry>
        </property>
        <property name="colors" type="UInt32" container="DynamicArray" arraySize="26">
          <containerEntry>4294967295</containerEntry>
          <containerEntry>4294967295</containerEntry>
          <containerEntry>4294967295</containerEntry>
          <containerEntry>4294967295</containerEntry>
          <containerEntry>4294967295</containerEntry>
          <containerEntry>4294967295</containerEntry>
          <containerEntry>4294967295</containerEntry>
          <containerEntry>4294967295</containerEntry>
          <containerEntry>4294967295</containerEntry>
          <containerEntry>4294967295</containerEntry>
          <containerEntry>4294967295</containerEntry>
          <containerEntry>4294967295</containerEntry>
          <containerEntry>4294967295</containerEntry>
          <containerEntry>4294967295</containerEntry>
          <containerEntry>4294967295</containerEntry>
          <containerEntry>4294967295</containerEntry>
          <containerEntry>4294967295</containerEntry>
          <containerEntry>4294967295</containerEntry>
          <containerEntry>4294967295</containerEntry>
          <containerEntry>4294967295</containerEntry>
          <containerEntry>4294967295</containerEntry>
          <containerEntry>4294967295</containerEntry>
          <containerEntry>4294967295</containerEntry>
          <containerEntry>4294967295</containerEntry>
          <containerEntry>4294967295</containerEntry>
          <containerEntry>4294967295</containerEntry>
        </property>
      </staticProperties>
      <dynamicProperties></dynamicProperties>
    </entity>
    <entity class="StaticModelArray" classVersion="4" classID="0xD0" addr="0x2F54A00" id="0x0">
      <staticProperties>
        <property name="name" type="String" container="StaticArray" arraySize="1">
          <containerEntry>StaticModelArray0002</containerEntry>
        </property>
        <property name="dataSet" type="EntityHandle" container="StaticArray" arraySize="1">
          <containerEntry>0x2F54530</containerEntry>
        </property>
        <property name="modelFile" type="FilePtr" container="StaticArray" arraySize="1">
          <containerEntry>/Assets/tpp/environ/object/middle_africa/rock/mafr_rock001/scenes/mafr_rock001.fmdl</containerEntry>
        </property>
        <property name="geomFile" type="FilePtr" container="StaticArray" arraySize="1">
          <containerEntry>/Assets/tpp/environ/object/middle_africa/rock/mafr_rock001/scenes/mafr_rock001.geom</containerEntry>
        </property>
        <property name="isVisibleGeom" type="Bool" container="StaticArray" arraySize="1">
          <containerEntry>false</containerEntry>
        </property>
        <property name="lodFarSize" type="Float" container="StaticArray" arraySize="1">
          <containerEntry>-1</containerEntry>
        </property>
        <property name="lodNearSize" type="Float" container="StaticArray" arraySize="1">
          <containerEntry>-1</containerEntry>
        </property>
        <property name="lodPolygonSize" type="Float" container="StaticArray" arraySize="1">
          <containerEntry>-1</containerEntry>
        </property>
        <property name="drawRejectionLevel" type="Int32" container="StaticArray" arraySize="1">
          <containerEntry>8</containerEntry>
        </property>
        <property name="drawMode" type="Int32" container="StaticArray" arraySize="1">
          <containerEntry>0</containerEntry>
        </property>
        <property name="rejectFarRangeShadowCast" type="Int32" container="StaticArray" arraySize="1">
          <containerEntry>2</containerEntry>
        </property>
        <property name="parentLocator" type="EntityLink" container="StaticArray" arraySize="1">
          <containerEntry packagePathHash="0xB8A0BF169F98" archivePathHash="0xB8A0BF169F98" nameInArchiveHash="0xB8A0BF169F98">0x0</containerEntry>
        </property>
        <property name="transforms" type="Matrix4" container="DynamicArray" arraySize="3">
          <containerEntry r11="-0.76927596" r12="-0.10078309" r13="0.6309134" r14="0" r21="-0.2488659" r22="0.956756" r23="-0.15061069" r24="0" r31="-0.588451" r32="-0.27287465" r33="-0.7610908" r34="0" r41="2067.5266" r42="-10.607351" r43="1692.9624" r44="1"></containerEntry>
          <containerEntry r11="0.45671803" r12="-0.0560179" r13="-0.88784516" r14="0" r21="-0.07336493" r22="0.9922442" r23="-0.10034446" r24="0" r31="0.88658035" r32="0.11096584" r33="0.44906604" r34="0" r41="2064.0234" r42="-10.431698" r43="1696.1188" r44="1"></containerEntry>
          <containerEntry r11="-0.712445" r12="0.079776585" r13="0.22035089" r14="0" r21="0.116634026" r22="0.7323675" r23="0.111956805" r24="0" r31="-0.20326169" r32="0.14061835" r33="-0.70810163" r34="0" r41="2059.144" r42="-11.732744" r43="1681.2032" r44="1"></containerEntry>
        </property>
        <property name="colors" type="UInt32" container="DynamicArray" arraySize="3">
          <containerEntry>4294967295</containerEntry>
          <containerEntry>4294967295</containerEntry>
          <containerEntry>4294967295</containerEntry>
        </property>
      </staticProperties>
      <dynamicProperties></dynamicProperties>
    </entity>
    <entity class="StaticModelArray" classVersion="4" classID="0xD0" addr="0x2F54A70" id="0x0">
      <staticProperties>
        <property name="name" type="String" container="StaticArray" arraySize="1">
          <containerEntry>StaticModelArray0003</containerEntry>
        </property>
        <property name="dataSet" type="EntityHandle" container="StaticArray" arraySize="1">
          <containerEntry>0x2F54530</containerEntry>
        </property>
        <property name="modelFile" type="FilePtr" container="StaticArray" arraySize="1">
          <containerEntry>/Assets/tpp/environ/object/middle_africa/rock/mafr_rock002/scenes/mafr_rock002.fmdl</containerEntry>
        </property>
        <property name="geomFile" type="FilePtr" container="StaticArray" arraySize="1">
          <containerEntry>/Assets/tpp/environ/object/middle_africa/rock/mafr_rock002/scenes/mafr_rock002.geom</containerEntry>
        </property>
        <property name="isVisibleGeom" type="Bool" container="StaticArray" arraySize="1">
          <containerEntry>false</containerEntry>
        </property>
        <property name="lodFarSize" type="Float" container="StaticArray" arraySize="1">
          <containerEntry>-1</containerEntry>
        </property>
        <property name="lodNearSize" type="Float" container="StaticArray" arraySize="1">
          <containerEntry>-1</containerEntry>
        </property>
        <property name="lodPolygonSize" type="Float" container="StaticArray" arraySize="1">
          <containerEntry>-1</containerEntry>
        </property>
        <property name="drawRejectionLevel" type="Int32" container="StaticArray" arraySize="1">
          <containerEntry>8</containerEntry>
        </property>
        <property name="drawMode" type="Int32" container="StaticArray" arraySize="1">
          <containerEntry>0</containerEntry>
        </property>
        <property name="rejectFarRangeShadowCast" type="Int32" container="StaticArray" arraySize="1">
          <containerEntry>2</containerEntry>
        </property>
        <property name="parentLocator" type="EntityLink" container="StaticArray" arraySize="1">
          <containerEntry packagePathHash="0xB8A0BF169F98" archivePathHash="0xB8A0BF169F98" nameInArchiveHash="0xB8A0BF169F98">0x0</containerEntry>
        </property>
        <property name="transforms" type="Matrix4" container="DynamicArray" arraySize="8">
          <containerEntry r11="-0.61408114" r12="0.03968439" r13="0.78824323" r14="0" r21="-0.021957219" r22="0.99748945" r23="-0.06732473" r24="0" r31="-0.7889361" r32="-0.058650553" r33="-0.6116681" r34="0" r41="2113.8667" r42="-2.370264" r43="1687.6902" r44="1"></containerEntry>
          <containerEntry r11="-0.47709358" r12="0.008055519" r13="-0.8788127" r14="0" r21="-0.08179052" r22="0.9952112" r23="0.053525396" r24="0" r31="0.8750354" r32="0.097415425" r33="-0.47415" r34="0" r41="2132.341" r42="-1.564605" r43="1739.6633" r44="1"></containerEntry>
          <containerEntry r11="0.9780912" r12="0.0698356" r13="0.1961136" r14="0" r21="-0.08179037" r22="0.9952111" r23="0.053526364" r24="0" r31="-0.1914364" r32="-0.06839389" r33="0.9791191" r34="0" r41="2140.688" r42="0.110456" r43="1742.4025" r44="1"></containerEntry>
          <containerEntry r11="0.22487864" r12="-0.033893116" r13="0.9737957" r14="0" r21="-0.08179023" r22="0.9952112" r23="0.053526092" r24="0" r31="-0.9709465" r32="-0.091683924" r33="0.22102964" r34="0" r41="2133.2822" r42="-0.441281" r43="1735.34" r44="1"></containerEntry>
          <containerEntry r11="0.39268798" r12="0.081541196" r13="-0.91604835" r14="0" r21="-0.081791475" r22="0.9952111" r23="0.053525746" r24="0" r31="0.91602606" r32="0.053906262" r33="0.39747685" r34="0" r41="2143.79" r42="2.452619" r43="1702.7617" r44="1"></containerEntry>
          <containerEntry r11="-0.6097124" r12="-0.048943218" r13="0.791107" r14="0" r21="-0.07633581" r22="0.99707806" r23="0.0028531216" r24="0" r31="-0.7889351" r32="-0.058650296" r33="-0.611667" r34="0" r41="2059.1135" r42="-9.950059" r43="1727.2507" r44="1"></containerEntry>
          <containerEntry r11="0.21093561" r12="0.05846516" r13="-0.97574776" r14="0" r21="-0.0944087" r22="0.9947616" r23="0.03919542" r24="0" r31="0.972928" r32="0.0838517" r33="0.21535027" r34="0" r41="2159.334" r42="5.251799" r43="1723.4805" r44="1"></containerEntry>
          <containerEntry r11="0.9320228" r12="0.07600632" r13="0.35433877" r14="0" r21="-0.15240869" r22="0.9692963" r23="0.19296634" r24="0" r31="-0.3287925" r32="-0.23385349" r33="0.91499037" r34="0" r41="2169.2134" r42="4.673645" r43="1735.6569" r44="1"></containerEntry>
        </property>
        <property name="colors" type="UInt32" container="DynamicArray" arraySize="8">
          <containerEntry>4294967295</containerEntry>
          <containerEntry>4294967295</containerEntry>
          <containerEntry>4294967295</containerEntry>
          <containerEntry>4294967295</containerEntry>
          <containerEntry>4294967295</containerEntry>
          <containerEntry>4294967295</containerEntry>
          <containerEntry>4294967295</containerEntry>
          <containerEntry>4294967295</containerEntry>
        </property>
      </staticProperties>
      <dynamicProperties></dynamicProperties>
    </entity>
    <entity class="StaticModelArray" classVersion="4" classID="0xD0" addr="0x2D7C870" id="0x0">
      <staticProperties>
        <property name="name" type="String" container="StaticArray" arraySize="1">
          <containerEntry>StaticModelArray0004</containerEntry>
        </property>
        <property name="dataSet" type="EntityHandle" container="StaticArray" arraySize="1">
          <containerEntry>0x2F54530</containerEntry>
        </property>
        <property name="modelFile" type="FilePtr" container="StaticArray" arraySize="1">
          <containerEntry>/Assets/tpp/environ/object/middle_africa/rock/mafr_rock007/scenes/mafr_rock007.fmdl</containerEntry>
        </property>
        <property name="geomFile" type="FilePtr" container="StaticArray" arraySize="1">
          <containerEntry>/Assets/tpp/environ/object/middle_africa/rock/mafr_rock007/scenes/mafr_rock007.geom</containerEntry>
        </property>
        <property name="isVisibleGeom" type="Bool" container="StaticArray" arraySize="1">
          <containerEntry>false</containerEntry>
        </property>
        <property name="lodFarSize" type="Float" container="StaticArray" arraySize="1">
          <containerEntry>-1</containerEntry>
        </property>
        <property name="lodNearSize" type="Float" container="StaticArray" arraySize="1">
          <containerEntry>-1</containerEntry>
        </property>
        <property name="lodPolygonSize" type="Float" container="StaticArray" arraySize="1">
          <containerEntry>-1</containerEntry>
        </property>
        <property name="drawRejectionLevel" type="Int32" container="StaticArray" arraySize="1">
          <containerEntry>8</containerEntry>
        </property>
        <property name="drawMode" type="Int32" container="StaticArray" arraySize="1">
          <containerEntry>0</containerEntry>
        </property>
        <property name="rejectFarRangeShadowCast" type="Int32" container="StaticArray" arraySize="1">
          <containerEntry>2</containerEntry>
        </property>
        <property name="parentLocator" type="EntityLink" container="StaticArray" arraySize="1">
          <containerEntry packagePathHash="0xB8A0BF169F98" archivePathHash="0xB8A0BF169F98" nameInArchiveHash="0xB8A0BF169F98">0x0</containerEntry>
        </property>
        <property name="transforms" type="Matrix4" container="DynamicArray" arraySize="7">
          <containerEntry r11="-0.803847" r12="-0.0015595965" r13="0.59482706" r14="0" r21="0.020109842" r22="-0.9994916" r23="0.024555834" r24="0" r31="0.5944891" r32="0.03170114" r33="0.80347794" r34="0" r41="2143.2358" r42="3.482484" r43="1706.9827" r44="1"></containerEntry>
          <containerEntry r11="0.2107386" r12="-0.24867335" r13="-0.94538283" r14="0" r21="0.008203" r22="-0.96661615" r23="0.25608745" r24="0" r31="-0.977507" r32="-0.061722226" r33="-0.20166142" r34="0" r41="2129.9204" r42="-1.373932" r43="1728.4994" r44="1"></containerEntry>
          <containerEntry r11="0.07645738" r12="-0.12688065" r13="0.98896575" r14="0" r21="0.20302916" r22="-0.96910584" r23="-0.14002888" r24="0" r31="0.97618186" r32="0.2114952" r33="-0.04833248" r34="0" r41="2127.9312" r42="-1.879908" r43="1730.8553" r44="1"></containerEntry>
          <containerEntry r11="-0.3867093" r12="-0.109917015" r13="-0.91562366" r14="0" r21="-0.07746978" r22="0.993234" r23="-0.08651429" r24="0" r31="0.9189379" r32="0.037477158" r33="-0.39260805" r34="0" r41="2135.4207" r42="2.056428" r43="1690.9253" r44="1"></containerEntry>
          <containerEntry r11="0.9904876" r12="0.03720263" r13="-0.1324475" r14="0" r21="-0.045640614" r22="0.99707836" r23="-0.06125086" r24="0" r31="0.12978183" r32="0.0667132" r33="0.9892917" r34="0" r41="2172.9717" r42="7.745319" r43="1722.0414" r44="1"></containerEntry>
          <containerEntry r11="0.8486084" r12="0.055010922" r13="-0.5261442" r14="0" r21="0.30497253" r22="-0.86354274" r23="0.40159705" r24="0" r31="-0.43225783" r32="-0.50126064" r33="-0.74959016" r34="0" r41="2170.8826" r42="7.416392" r43="1719.689" r44="1"></containerEntry>
          <containerEntry r11="-0.8885717" r12="-0.11217392" r13="0.4448108" r14="0" r21="0.109790154" r22="-0.99345523" r23="-0.031211803" r24="0" r31="0.44540185" r32="0.021101942" r33="0.89507526" r34="0" r41="2168.4827" r42="7.092163" r43="1712.2101" r44="1"></containerEntry>
        </property>
        <property name="colors" type="UInt32" container="DynamicArray" arraySize="7">
          <containerEntry>4294967295</containerEntry>
          <containerEntry>4294967295</containerEntry>
          <containerEntry>4294967295</containerEntry>
          <containerEntry>4294967295</containerEntry>
          <containerEntry>4294967295</containerEntry>
          <containerEntry>4294967295</containerEntry>
          <containerEntry>4294967295</containerEntry>
        </property>
      </staticProperties>
      <dynamicProperties></dynamicProperties>
    </entity>
    <entity class="TexturePackLoadConditioner" classVersion="0" classID="0x48" addr="0x2D7CFE0" id="0x0">
      <staticProperties>
        <property name="name" type="String" container="StaticArray" arraySize="1">
          <containerEntry>TexturePackLoadConditioner0000</containerEntry>
        </property>
        <property name="dataSet" type="EntityHandle" container="StaticArray" arraySize="1">
          <containerEntry>0x2F54530</containerEntry>
        </property>
        <property name="texturePackPath" type="Path" container="StaticArray" arraySize="1">
          <containerEntry hash="0xB8A0BF169F98"></containerEntry>
        </property>
      </staticProperties>
      <dynamicProperties></dynamicProperties>
    </entity>
  </entities>
</fox>