<fox formatVersion="2" fileVersion="0">
  <entities>
    <entity class="DataSet" classVersion="0" classID="0xE8" addr="0x3353810" id="0x167E7B3">
      <staticProperties>
        <property name="name" type="String" container="StaticArray" arraySize="1">
          <containerEntry hash="0xB8A0BF169F98"></containerEntry>
        </property>
        <property name="dataSet" type="EntityHandle" container="StaticArray" arraySize="1">
          <containerEntry>0x0</containerEntry>
        </property>
        <property name="dataList" type="EntityPtr" container="StringMap" arraySize="14">
          <containerEntry key="afgh_clff013_0008">
            <data>0x3177160</data>
          </containerEntry>
          <containerEntry key="StaticModelArray0000">
            <data>0x317BB50</data>
          </containerEntry>
          <containerEntry key="StaticModelArray0001">
            <data>0x317BBC0</data>
          </containerEntry>
          <containerEntry key="StaticModelArray0002">
            <data>0x317B4C0</data>
          </containerEntry>
          <containerEntry key="StaticModelArray0003">
            <data>0x317BAE0</data>
          </containerEntry>
          <containerEntry key="StaticModelArray0004">
            <data>0x317B530</data>
          </containerEntry>
          <containerEntry key="StaticModelArray0005">
            <data>0x317BA00</data>
          </containerEntry>
          <containerEntry key="StaticModelArray0006">
            <data>0x317B840</data>
          </containerEntry>
          <containerEntry key="StaticModelArray0007">
            <data>0x317B920</data>
          </containerEntry>
          <containerEntry key="StaticModelArray0008">
            <data>0x317B1B0</data>
          </containerEntry>
          <containerEntry key="StaticModelArray0009">
            <data>0x31786D0</data>
          </containerEntry>
          <containerEntry key="StaticModelArray0010">
            <data>0x317B060</data>
          </containerEntry>
          <containerEntry key="StaticModelArray0011">
            <data>0x317B0D0</data>
          </containerEntry>
          <containerEntry key="TexturePackLoadConditioner0000">
            <data>0x317BFB0</data>
          </containerEntry>
        </property>
      </staticProperties>
      <dynamicProperties></dynamicProperties>
    </entity>
    <entity class="StaticModel" classVersion="9" classID="0x160" addr="0x3177160" id="0x167E90C">
      <staticProperties>
        <property name="name" type="String" container="StaticArray" arraySize="1">
          <containerEntry>afgh_clff013_0008</containerEntry>
        </property>
        <property name="dataSet" type="EntityHandle" container="StaticArray" arraySize="1">
          <containerEntry>0x3353810</containerEntry>
        </property>
        <property name="parent" type="EntityHandle" container="StaticArray" arraySize="1">
          <containerEntry>0x0</containerEntry>
        </property>
        <property name="transform" type="EntityPtr" container="StaticArray" arraySize="1">
          <containerEntry>0x31771D0</containerEntry>
        </property>
        <property name="shearTransform" type="EntityPtr" container="StaticArray" arraySize="1">
          <containerEntry>0x0</containerEntry>
        </property>
        <property name="pivotTransform" type="EntityPtr" container="StaticArray" arraySize="1">
          <containerEntry>0x0</containerEntry>
        </property>
        <property name="children" type="EntityHandle" container="List"></property>
        <property name="flags" type="UInt32" container="StaticArray" arraySize="1">
          <containerEntry>3221225479</containerEntry>
        </property>
        <property name="modelFile" type="FilePtr" container="StaticArray" arraySize="1">
          <containerEntry>/Assets/tpp/environ/object/afghanistan/cliff/afgh_clff013/scenes/afgh_clff013.fmdl</containerEntry>
        </property>
        <property name="geomFile" type="FilePtr" container="StaticArray" arraySize="1">
          <containerEntry>/Assets/tpp/environ/object/afghanistan/cliff/afgh_clff013/scenes/afgh_clff013.geom</containerEntry>
        </property>
        <property name="isVisibleGeom" type="Bool" container="StaticArray" arraySize="1">
          <containerEntry>false</containerEntry>
        </property>
        <property name="isIsolated" type="Bool" container="StaticArray" arraySize="1">
          <containerEntry>false</containerEntry>
        </property>
        <property name="lodFarSize" type="Float" container="StaticArray" arraySize="1">
          <containerEntry>50</containerEntry>
        </property>
        <property name="lodNearSize" type="Float" container="StaticArray" arraySize="1">
          <containerEntry>400</containerEntry>
        </property>
        <property name="lodPolygonSize" type="Float" container="StaticArray" arraySize="1">
          <containerEntry>-1</containerEntry>
        </property>
        <property name="color" type="Color" container="StaticArray" arraySize="1">
          <containerEntry r="1" g="1" b="1" a="1"></containerEntry>
        </property>
        <property name="drawRejectionLevel" type="Int32" container="StaticArray" arraySize="1">
          <containerEntry>5</containerEntry>
        </property>
        <property name="drawMode" type="Int32" container="StaticArray" arraySize="1">
          <containerEntry>0</containerEntry>
        </property>
        <property name="rejectFarRangeShadowCast" type="Int32" container="StaticArray" arraySize="1">
          <containerEntry>2</containerEntry>
        </property>
      </staticProperties>
      <dynamicProperties></dynamicProperties>
    </entity>
    <entity class="TransformEntity" classVersion="0" classID="0x50" addr="0x31771D0" id="0x167E90F">
      <staticProperties>
        <property name="owner" type="EntityHandle" container="StaticArray" arraySize="1">
          <containerEntry>0x3177160</containerEntry>
        </property>
        <property name="transform_scale" type="Vector3" container="StaticArray" arraySize="1">
          <containerEntry x="1" y="1" z="1" w="0"></containerEntry>
        </property>
        <property name="transform_rotation_quat" type="Quat" container="StaticArray" arraySize="1">
          <containerEntry x="0.050331" y="-0.989859" z="0.003287" w="0.132793"></containerEntry>
        </property>
        <property name="transform_translation" type="Vector3" container="StaticArray" arraySize="1">
          <containerEntry x="1101.1913" y="339.9933" z="-260.34152" w="0"></containerEntry>
        </property>
      </staticProperties>
      <dynamicProperties></dynamicProperties>
    </entity>
    <entity class="StaticModelArray" classVersion="4" classID="0xD0" addr="0x317BB50" id="0x0">
      <staticProperties>
        <property name="name" type="String" container="StaticArray" arraySize="1">
          <containerEntry>StaticModelArray0000</containerEntry>
        </property>
        <property name="dataSet" type="EntityHandle" container="StaticArray" arraySize="1">
          <containerEntry>0x3353810</containerEntry>
        </property>
        <property name="modelFile" type="FilePtr" container="StaticArray" arraySize="1">
          <containerEntry>/Assets/tpp/environ/object/afghanistan/rock/afgh_rock001/scenes/afgh_rock001.fmdl</containerEntry>
        </property>
        <property name="geomFile" type="FilePtr" container="StaticArray" arraySize="1">
          <containerEntry>/Assets/tpp/environ/object/afghanistan/rock/afgh_rock001/scenes/afgh_rock001.geom</containerEntry>
        </property>
        <property name="isVisibleGeom" type="Bool" container="StaticArray" arraySize="1">
          <containerEntry>false</containerEntry>
        </property>
        <property name="lodFarSize" type="Float" container="StaticArray" arraySize="1">
          <containerEntry>-1</containerEntry>
        </property>
        <property name="lodNearSize" type="Float" container="StaticArray" arraySize="1">
          <containerEntry>-1</containerEntry>
        </property>
        <property name="lodPolygonSize" type="Float" container="StaticArray" arraySize="1">
          <containerEntry>-1</containerEntry>
        </property>
        <property name="drawRejectionLevel" type="Int32" container="StaticArray" arraySize="1">
          <containerEntry>8</containerEntry>
        </property>
        <property name="drawMode" type="Int32" container="StaticArray" arraySize="1">
          <containerEntry>0</containerEntry>
        </property>
        <property name="rejectFarRangeShadowCast" type="Int32" container="StaticArray" arraySize="1">
          <containerEntry>2</containerEntry>
        </property>
        <property name="parentLocator" type="EntityLink" container="StaticArray" arraySize="1">
          <containerEntry packagePathHash="0xB8A0BF169F98" archivePathHash="0xB8A0BF169F98" nameInArchiveHash="0xB8A0BF169F98">0x0</containerEntry>
        </property>
        <property name="transforms" type="Matrix4" container="DynamicArray" arraySize="2">
          <containerEntry r11="1" r12="0" r13="0" r14="0" r21="0" r22="1" r23="0" r24="0" r31="0" r32="0" r33="1" r34="0" r41="1060.832" r42="357.5446" r43="-399.35577" r44="1"></containerEntry>
          <containerEntry r11="1" r12="0" r13="0" r14="0" r21="0" r22="1" r23="0" r24="0" r31="0" r32="0" r33="1" r34="0" r41="1075.1451" r42="342.1795" r43="-332.22638" r44="1"></containerEntry>
        </property>
        <property name="colors" type="UInt32" container="DynamicArray" arraySize="2">
          <containerEntry>4294967295</containerEntry>
          <containerEntry>4294967295</containerEntry>
        </property>
      </staticProperties>
      <dynamicProperties></dynamicProperties>
    </entity>
    <entity class="StaticModelArray" classVersion="4" classID="0xD0" addr="0x317BBC0" id="0x0">
      <staticProperties>
        <property name="name" type="String" container="StaticArray" arraySize="1">
          <containerEntry>StaticModelArray0001</containerEntry>
        </property>
        <property name="dataSet" type="EntityHandle" container="StaticArray" arraySize="1">
          <containerEntry>0x3353810</containerEntry>
        </property>
        <property name="modelFile" type="FilePtr" container="StaticArray" arraySize="1">
          <containerEntry>/Assets/tpp/environ/object/afghanistan/rock/afgh_rock009/scenes/afgh_rock009_rock001.fmdl</containerEntry>
        </property>
        <property name="geomFile" type="FilePtr" container="StaticArray" arraySize="1">
          <containerEntry>/Assets/tpp/environ/object/afghanistan/rock/afgh_rock009/scenes/afgh_rock009_rock001.geom</containerEntry>
        </property>
        <property name="isVisibleGeom" type="Bool" container="StaticArray" arraySize="1">
          <containerEntry>false</containerEntry>
        </property>
        <property name="lodFarSize" type="Float" container="StaticArray" arraySize="1">
          <containerEntry>-1</containerEntry>
        </property>
        <property name="lodNearSize" type="Float" container="StaticArray" arraySize="1">
          <containerEntry>-1</containerEntry>
        </property>
        <property name="lodPolygonSize" type="Float" container="StaticArray" arraySize="1">
          <containerEntry>-1</containerEntry>
        </property>
        <property name="drawRejectionLevel" type="Int32" container="StaticArray" arraySize="1">
          <containerEntry>8</containerEntry>
        </property>
        <property name="drawMode" type="Int32" container="StaticArray" arraySize="1">
          <containerEntry>0</containerEntry>
        </property>
        <property name="rejectFarRangeShadowCast" type="Int32" container="StaticArray" arraySize="1">
          <containerEntry>2</containerEntry>
        </property>
        <property name="parentLocator" type="EntityLink" container="StaticArray" arraySize="1">
          <containerEntry packagePathHash="0xB8A0BF169F98" archivePathHash="0xB8A0BF169F98" nameInArchiveHash="0xB8A0BF169F98">0x0</containerEntry>
        </property>
        <property name="transforms" type="Matrix4" container="DynamicArray" arraySize="10">
          <containerEntry r11="-0.36401623" r12="-0.9021219" r13="0.23166221" r14="0" r21="-0.7113011" r22="0.4298339" r23="0.5561414" r24="0" r31="-0.6012837" r32="0.037663102" r33="-0.7981468" r34="0" r41="1109.0447" r42="344.5261" r43="-324.56137" r44="1"></containerEntry>
          <containerEntry r11="0.20260559" r12="0.7289023" r13="0.65395075" r14="0" r21="0.96098167" r22="-0.019567847" r23="-0.27591717" r24="0" r31="-0.18831998" r32="0.68433726" r33="-0.70442617" r34="0" r41="1106.9725" r42="342.7646" r43="-282.9369" r44="1"></containerEntry>
          <containerEntry r11="0.09896086" r12="0.9557945" r13="0.2768826" r14="0" r21="0.96098226" r22="-0.019568205" r23="-0.27591762" r24="0" r31="-0.25830245" r32="0.29338428" r33="-0.92043805" r34="0" r41="1090.4132" r42="342.34406" r43="-324.56137" r44="1"></containerEntry>
          <containerEntry r11="-0.43217635" r12="-0.85550064" r13="0.2852081" r14="0" r21="-0.672074" r22="0.5164306" r23="0.5306755" r24="0" r31="-0.60128325" r32="0.03766413" r33="-0.7981489" r34="0" r41="1112.8446" r42="349.4364" r43="-360.87488" r44="1"></containerEntry>
          <containerEntry r11="0.7589152" r12="3.9860606e-07" r13="-0.65118915" r14="0" r21="0.10266265" r22="0.9874943" r23="0.11964659" r24="0" r31="0.6430456" r32="-0.15765445" r33="0.7494244" r34="0" r41="1045.6847" r42="353.64844" r43="-373.10956" r44="1"></containerEntry>
          <containerEntry r11="-0.9922533" r12="-0.095352195" r13="-0.07956502" r14="0" r21="-0.08943076" r22="0.99316984" r23="-0.07493832" r24="0" r31="0.08616713" r32="-0.067242615" r33="-0.9940035" r34="0" r41="1073.6997" r42="345.66116" r43="-360.49823" r44="1"></containerEntry>
          <containerEntry r11="0.20260559" r12="0.7289023" r13="0.65395075" r14="0" r21="0.96098167" r22="-0.019567847" r23="-0.27591717" r24="0" r31="-0.18831998" r32="0.68433726" r33="-0.70442617" r34="0" r41="1067.4366" r42="342.7646" r43="-344.16397" r44="1"></containerEntry>
          <containerEntry r11="0.20319891" r12="-0.62685144" r13="0.75217617" r14="0" r21="0.96098316" r22="-0.019569695" r23="-0.2759172" r24="0" r31="0.18767801" r32="0.7788943" r33="0.5984158" r34="0" r41="1098.542" r42="344.88138" r43="-260.81677" r44="1"></containerEntry>
          <containerEntry r11="0.8036225" r12="0.018886998" r13="0.5948395" r14="0" r21="-0.037256457" r22="0.99913245" r23="0.01860924" r24="0" r31="-0.593972" r32="-0.037116423" r33="0.803629" r34="0" r41="1081.8557" r42="340.3031" r43="-323.50455" r44="1"></containerEntry>
          <containerEntry r11="0.20260559" r12="0.7289023" r13="0.65395075" r14="0" r21="0.96098167" r22="-0.019567847" r23="-0.27591717" r24="0" r31="-0.18831998" r32="0.68433726" r33="-0.70442617" r34="0" r41="1044" r42="360.39325" r43="-340" r44="1"></containerEntry>
        </property>
        <property name="colors" type="UInt32" container="DynamicArray" arraySize="10">
          <containerEntry>4294967295</containerEntry>
          <containerEntry>4294967295</containerEntry>
          <containerEntry>4294967295</containerEntry>
          <containerEntry>4294967295</containerEntry>
          <containerEntry>4294967295</containerEntry>
          <containerEntry>4294967295</containerEntry>
          <containerEntry>4294967295</containerEntry>
          <containerEntry>4294967295</containerEntry>
          <containerEntry>4294967295</containerEntry>
          <containerEntry>4294967295</containerEntry>
        </property>
      </staticProperties>
      <dynamicProperties></dynamicProperties>
    </entity>
    <entity class="StaticModelArray" classVersion="4" classID="0xD0" addr="0x317B4C0" id="0x0">
      <staticProperties>
        <property name="name" type="String" container="StaticArray" arraySize="1">
          <containerEntry>StaticModelArray0002</containerEntry>
        </property>
        <property name="dataSet" type="EntityHandle" container="StaticArray" arraySize="1">
          <containerEntry>0x3353810</containerEntry>
        </property>
        <property name="modelFile" type="FilePtr" container="StaticArray" arraySize="1">
          <containerEntry>/Assets/tpp/environ/object/afghanistan/cliff/afgh_clff022/scenes/afgh_clff022_vrtn004.fmdl</containerEntry>
        </property>
        <property name="geomFile" type="FilePtr" container="StaticArray" arraySize="1">
          <containerEntry>/Assets/tpp/environ/object/afghanistan/cliff/afgh_clff022/scenes/afgh_clff022_vrtn004.geom</containerEntry>
        </property>
        <property name="isVisibleGeom" type="Bool" container="StaticArray" arraySize="1">
          <containerEntry>false</containerEntry>
        </property>
        <property name="lodFarSize" type="Float" container="StaticArray" arraySize="1">
          <containerEntry>-1</containerEntry>
        </property>
        <property name="lodNearSize" type="Float" container="StaticArray" arraySize="1">
          <containerEntry>-1</containerEntry>
        </property>
        <property name="lodPolygonSize" type="Float" container="StaticArray" arraySize="1">
          <containerEntry>-1</containerEntry>
        </property>
        <property name="drawRejectionLevel" type="Int32" container="StaticArray" arraySize="1">
          <containerEntry>8</containerEntry>
        </property>
        <property name="drawMode" type="Int32" container="StaticArray" arraySize="1">
          <containerEntry>0</containerEntry>
        </property>
        <property name="rejectFarRangeShadowCast" type="Int32" container="StaticArray" arraySize="1">
          <containerEntry>2</containerEntry>
        </property>
        <property name="parentLocator" type="EntityLink" container="StaticArray" arraySize="1">
          <containerEntry packagePathHash="0xB8A0BF169F98" archivePathHash="0xB8A0BF169F98" nameInArchiveHash="0xB8A0BF169F98">0x0</containerEntry>
        </property>
        <property name="transforms" type="Matrix4" container="DynamicArray" arraySize="6">
          <containerEntry r11="-0.43584812" r12="0" r13="0.9000164" r14="0" r21="0" r22="1" r23="0" r24="0" r31="-0.9000164" r32="0" r33="-0.43584812" r34="0" r41="1137.1003" r42="362.64587" r43="-295.56177" r44="1"></containerEntry>
          <containerEntry r11="-0.7196174" r12="-0.0006323252" r13="0.6943717" r14="0" r21="0.026086427" r22="0.999269" r23="0.027944827" r24="0" r31="-0.69388175" r32="0.03822323" r33="-0.7190749" r34="0" r41="1118.2385" r42="358.2258" r43="-263.46893" r44="1"></containerEntry>
          <containerEntry r11="-0.19983855" r12="0.07815285" r13="-0.9767062" r14="0" r21="0.026243791" r22="0.9968832" r23="0.074397676" r24="0" r31="0.9794765" r32="-0.010764904" r33="-0.20126677" r34="0" r41="1054.8348" r42="356.3379" r43="-328.5954" r44="1"></containerEntry>
          <containerEntry r11="0.11540923" r12="0.044867728" r13="-0.9923045" r14="0" r21="0.014668903" r22="0.9987934" r23="0.046867207" r24="0" r31="0.99321" r32="-0.019964939" r33="0.114611804" r34="0" r41="1060.4832" r42="351.78223" r43="-297.54932" r44="1"></containerEntry>
          <containerEntry r11="0.89408827" r12="0.010526784" r13="-0.44776702" r14="0" r21="0.0056578764" r22="0.9993785" r23="0.034792375" r24="0" r31="0.447855" r32="-0.033640865" r33="0.8934731" r34="0" r41="1042.2657" r42="349.09323" r43="-266.4289" r44="1"></containerEntry>
          <containerEntry r11="0.8826008" r12="0" r13="0.47012305" r14="0" r21="0" r22="1" r23="0" r24="0" r31="-0.47012305" r32="0" r33="0.8826008" r34="0" r41="1119.2809" r42="379.97897" r43="-403.9796" r44="1"></containerEntry>
        </property>
        <property name="colors" type="UInt32" container="DynamicArray" arraySize="6">
          <containerEntry>4294967295</containerEntry>
          <containerEntry>4294967295</containerEntry>
          <containerEntry>4294967295</containerEntry>
          <containerEntry>4294967295</containerEntry>
          <containerEntry>4294967295</containerEntry>
          <containerEntry>4294967295</containerEntry>
        </property>
      </staticProperties>
      <dynamicProperties></dynamicProperties>
    </entity>
    <entity class="StaticModelArray" classVersion="4" classID="0xD0" addr="0x317BAE0" id="0x0">
      <staticProperties>
        <property name="name" type="String" container="StaticArray" arraySize="1">
          <containerEntry>StaticModelArray0003</containerEntry>
        </property>
        <property name="dataSet" type="EntityHandle" container="StaticArray" arraySize="1">
          <containerEntry>0x3353810</containerEntry>
        </property>
        <property name="modelFile" type="FilePtr" container="StaticArray" arraySize="1">
          <containerEntry>/Assets/tpp/environ/object/afghanistan/cliff/afgh_clff022/scenes/afgh_clff022_vrtn003.fmdl</containerEntry>
        </property>
        <property name="geomFile" type="FilePtr" container="StaticArray" arraySize="1">
          <containerEntry>/Assets/tpp/environ/object/afghanistan/cliff/afgh_clff022/scenes/afgh_clff022_vrtn003.geom</containerEntry>
        </property>
        <property name="isVisibleGeom" type="Bool" container="StaticArray" arraySize="1">
          <containerEntry>false</containerEntry>
        </property>
        <property name="lodFarSize" type="Float" container="StaticArray" arraySize="1">
          <containerEntry>-1</containerEntry>
        </property>
        <property name="lodNearSize" type="Float" container="StaticArray" arraySize="1">
          <containerEntry>-1</containerEntry>
        </property>
        <property name="lodPolygonSize" type="Float" container="StaticArray" arraySize="1">
          <containerEntry>-1</containerEntry>
        </property>
        <property name="drawRejectionLevel" type="Int32" container="StaticArray" arraySize="1">
          <containerEntry>8</containerEntry>
        </property>
        <property name="drawMode" type="Int32" container="StaticArray" arraySize="1">
          <containerEntry>0</containerEntry>
        </property>
        <property name="rejectFarRangeShadowCast" type="Int32" container="StaticArray" arraySize="1">
          <containerEntry>2</containerEntry>
        </property>
        <property name="parentLocator" type="EntityLink" container="StaticArray" arraySize="1">
          <containerEntry packagePathHash="0xB8A0BF169F98" archivePathHash="0xB8A0BF169F98" nameInArchiveHash="0xB8A0BF169F98">0x0</containerEntry>
        </property>
        <property name="transforms" type="Matrix4" container="DynamicArray" arraySize="2">
          <containerEntry r11="0.9310377" r12="0" r13="-0.36492294" r14="0" r21="0" r22="1" r23="0" r24="0" r31="0.36492294" r32="0" r33="0.9310377" r34="0" r41="1051.514" r42="360.67426" r43="-353.63123" r44="1"></containerEntry>
          <containerEntry r11="0.17345178" r12="0" r13="0.98484194" r14="0" r21="0" r22="1" r23="0" r24="0" r31="-0.98484194" r32="0" r33="0.17345178" r34="0" r41="1024.4061" r42="346.63254" r43="-261.71622" r44="1"></containerEntry>
        </property>
        <property name="colors" type="UInt32" container="DynamicArray" arraySize="2">
          <containerEntry>4294967295</containerEntry>
          <containerEntry>4294967295</containerEntry>
        </property>
      </staticProperties>
      <dynamicProperties></dynamicProperties>
    </entity>
    <entity class="StaticModelArray" classVersion="4" classID="0xD0" addr="0x317B530" id="0x0">
      <staticProperties>
        <property name="name" type="String" container="StaticArray" arraySize="1">
          <containerEntry>StaticModelArray0004</containerEntry>
        </property>
        <property name="dataSet" type="EntityHandle" container="StaticArray" arraySize="1">
          <containerEntry>0x3353810</containerEntry>
        </property>
        <property name="modelFile" type="FilePtr" container="StaticArray" arraySize="1">
          <containerEntry>/Assets/tpp/environ/object/afghanistan/cliff/afgh_clff013/scenes/afgh_clff013.fmdl</containerEntry>
        </property>
        <property name="geomFile" type="FilePtr" container="StaticArray" arraySize="1">
          <containerEntry>/Assets/tpp/environ/object/afghanistan/cliff/afgh_clff013/scenes/afgh_clff013.geom</containerEntry>
        </property>
        <property name="isVisibleGeom" type="Bool" container="StaticArray" arraySize="1">
          <containerEntry>false</containerEntry>
        </property>
        <property name="lodFarSize" type="Float" container="StaticArray" arraySize="1">
          <containerEntry>-1</containerEntry>
        </property>
        <property name="lodNearSize" type="Float" container="StaticArray" arraySize="1">
          <containerEntry>-1</containerEntry>
        </property>
        <property name="lodPolygonSize" type="Float" container="StaticArray" arraySize="1">
          <containerEntry>-1</containerEntry>
        </property>
        <property name="drawRejectionLevel" type="Int32" container="StaticArray" arraySize="1">
          <containerEntry>8</containerEntry>
        </property>
        <property name="drawMode" type="Int32" container="StaticArray" arraySize="1">
          <containerEntry>0</containerEntry>
        </property>
        <property name="rejectFarRangeShadowCast" type="Int32" container="StaticArray" arraySize="1">
          <containerEntry>2</containerEntry>
        </property>
        <property name="parentLocator" type="EntityLink" container="StaticArray" arraySize="1">
          <containerEntry packagePathHash="0xB8A0BF169F98" archivePathHash="0xB8A0BF169F98" nameInArchiveHash="0xB8A0BF169F98">0x0</containerEntry>
        </property>
        <property name="transforms" type="Matrix4" container="DynamicArray" arraySize="4">
          <containerEntry r11="0.3862517" r12="-0.09009895" r13="0.9179821" r14="0" r21="0.07489514" r22="0.9949953" r23="0.06614469" r24="0" r31="-0.9193474" r32="0.04320396" r33="0.3910666" r34="0" r41="1083.2865" r42="341.60736" r43="-352.49567" r44="1"></containerEntry>
          <containerEntry r11="0.080934584" r12="-0.049624514" r13="0.99548304" r14="0" r21="0.064884305" r22="0.99690366" r23="0.044420123" r24="0" r31="-0.99460495" r32="0.060996123" r33="0.08390385" r34="0" r41="1090.9119" r42="339.58768" r43="-333.74475" r44="1"></containerEntry>
          <containerEntry r11="-0.1882157" r12="-0.0953663" r13="0.9774863" r14="0" r21="0.051271424" r22="0.9929632" r23="0.10674861" r24="0" r31="-0.9807882" r32="0.07020892" r33="-0.18200171" r34="0" r41="1093.1262" r42="338.08597" r43="-316.489" r44="1"></containerEntry>
          <containerEntry r11="-0.27182606" r12="-0.10939588" r13="0.9561073" r14="0" r21="0.043634225" r22="0.99109495" r23="0.12580447" r24="0" r31="-0.9613556" r32="0.0759161" r33="-0.26463205" r34="0" r41="1091.2053" r42="335.91736" r43="-300.6759" r44="1"></containerEntry>
        </property>
        <property name="colors" type="UInt32" container="DynamicArray" arraySize="4">
          <containerEntry>4294967295</containerEntry>
          <containerEntry>4294967295</containerEntry>
          <containerEntry>4294967295</containerEntry>
          <containerEntry>4294967295</containerEntry>
        </property>
      </staticProperties>
      <dynamicProperties></dynamicProperties>
    </entity>
    <entity class="StaticModelArray" classVersion="4" classID="0xD0" addr="0x317BA00" id="0x0">
      <staticProperties>
        <property name="name" type="String" container="StaticArray" arraySize="1">
          <containerEntry>StaticModelArray0005</containerEntry>
        </property>
        <property name="dataSet" type="EntityHandle" container="StaticArray" arraySize="1">
          <containerEntry>0x3353810</containerEntry>
        </property>
        <property name="modelFile" type="FilePtr" container="StaticArray" arraySize="1">
          <containerEntry>/Assets/tpp/environ/object/afghanistan/cliff/afgh_clff022/scenes/afgh_clff022_vrtn001.fmdl</containerEntry>
        </property>
        <property name="geomFile" type="FilePtr" container="StaticArray" arraySize="1">
          <containerEntry>/Assets/tpp/environ/object/afghanistan/cliff/afgh_clff022/scenes/afgh_clff022_vrtn001.geom</containerEntry>
        </property>
        <property name="isVisibleGeom" type="Bool" container="StaticArray" arraySize="1">
          <containerEntry>false</containerEntry>
        </property>
        <property name="lodFarSize" type="Float" container="StaticArray" arraySize="1">
          <containerEntry>-1</containerEntry>
        </property>
        <property name="lodNearSize" type="Float" container="StaticArray" arraySize="1">
          <containerEntry>-1</containerEntry>
        </property>
        <property name="lodPolygonSize" type="Float" container="StaticArray" arraySize="1">
          <containerEntry>-1</containerEntry>
        </property>
        <property name="drawRejectionLevel" type="Int32" container="StaticArray" arraySize="1">
          <containerEntry>8</containerEntry>
        </property>
        <property name="drawMode" type="Int32" container="StaticArray" arraySize="1">
          <containerEntry>0</containerEntry>
        </property>
        <property name="rejectFarRangeShadowCast" type="Int32" container="StaticArray" arraySize="1">
          <containerEntry>2</containerEntry>
        </property>
        <property name="parentLocator" type="EntityLink" container="StaticArray" arraySize="1">
          <containerEntry packagePathHash="0xB8A0BF169F98" archivePathHash="0xB8A0BF169F98" nameInArchiveHash="0xB8A0BF169F98">0x0</containerEntry>
        </property>
        <property name="transforms" type="Matrix4" container="DynamicArray" arraySize="4">
          <containerEntry r11="0.9786041" r12="0" r13="-0.20575261" r14="0" r21="0" r22="1" r23="0" r24="0" r31="0.20575261" r32="0" r33="0.9786041" r34="0" r41="1134.5969" r42="366.3858" r43="-358.48172" r44="1"></containerEntry>
          <containerEntry r11="0.69569707" r12="0" r13="-0.7183354" r14="0" r21="0" r22="1" r23="0" r24="0" r31="0.7183354" r32="0" r33="0.69569707" r34="0" r41="1127.015" r42="376.57407" r43="-385.56888" r44="1"></containerEntry>
          <containerEntry r11="0.9786041" r12="0" r13="-0.20575261" r14="0" r21="0" r22="1" r23="0" r24="0" r31="0.20575261" r32="0" r33="0.9786041" r34="0" r41="1144.44" r42="364.44128" r43="-316.1837" r44="1"></containerEntry>
          <containerEntry r11="0.9433078" r12="0" r13="0.33191925" r14="0" r21="0" r22="1" r23="0" r24="0" r31="-0.33191925" r32="0" r33="0.9433078" r34="0" r41="1126.4492" r42="361.3957" r43="-276.66446" r44="1"></containerEntry>
        </property>
        <property name="colors" type="UInt32" container="DynamicArray" arraySize="4">
          <containerEntry>4294967295</containerEntry>
          <containerEntry>4294967295</containerEntry>
          <containerEntry>4294967295</containerEntry>
          <containerEntry>4294967295</containerEntry>
        </property>
      </staticProperties>
      <dynamicProperties></dynamicProperties>
    </entity>
    <entity class="StaticModelArray" classVersion="4" classID="0xD0" addr="0x317B840" id="0x0">
      <staticProperties>
        <property name="name" type="String" container="StaticArray" arraySize="1">
          <containerEntry>StaticModelArray0006</containerEntry>
        </property>
        <property name="dataSet" type="EntityHandle" container="StaticArray" arraySize="1">
          <containerEntry>0x3353810</containerEntry>
        </property>
        <property name="modelFile" type="FilePtr" container="StaticArray" arraySize="1">
          <containerEntry>/Assets/tpp/environ/object/afghanistan/cliff/afgh_clff022/scenes/afgh_clff022_vrtn002.fmdl</containerEntry>
        </property>
        <property name="geomFile" type="FilePtr" container="StaticArray" arraySize="1">
          <containerEntry>/Assets/tpp/environ/object/afghanistan/cliff/afgh_clff022/scenes/afgh_clff022_vrtn002.geom</containerEntry>
        </property>
        <property name="isVisibleGeom" type="Bool" container="StaticArray" arraySize="1">
          <containerEntry>false</containerEntry>
        </property>
        <property name="lodFarSize" type="Float" container="StaticArray" arraySize="1">
          <containerEntry>-1</containerEntry>
        </property>
        <property name="lodNearSize" type="Float" container="StaticArray" arraySize="1">
          <containerEntry>-1</containerEntry>
        </property>
        <property name="lodPolygonSize" type="Float" container="StaticArray" arraySize="1">
          <containerEntry>-1</containerEntry>
        </property>
        <property name="drawRejectionLevel" type="Int32" container="StaticArray" arraySize="1">
          <containerEntry>8</containerEntry>
        </property>
        <property name="drawMode" type="Int32" container="StaticArray" arraySize="1">
          <containerEntry>0</containerEntry>
        </property>
        <property name="rejectFarRangeShadowCast" type="Int32" container="StaticArray" arraySize="1">
          <containerEntry>2</containerEntry>
        </property>
        <property name="parentLocator" type="EntityLink" container="StaticArray" arraySize="1">
          <containerEntry packagePathHash="0xB8A0BF169F98" archivePathHash="0xB8A0BF169F98" nameInArchiveHash="0xB8A0BF169F98">0x0</containerEntry>
        </property>
        <property name="transforms" type="Matrix4" container="DynamicArray" arraySize="3">
          <containerEntry r11="0.1631856" r12="0" r13="0.986595" r14="0" r21="0" r22="1" r23="0" r24="0" r31="-0.986595" r32="0" r33="0.1631856" r34="0" r41="1143.7307" r42="361.55353" r43="-332.33978" r44="1"></containerEntry>
          <containerEntry r11="0.87319756" r12="0" r13="0.4873663" r14="0" r21="0" r22="1" r23="0" r24="0" r31="-0.4873663" r32="0" r33="0.87319756" r34="0" r41="1120.9734" r42="364.22232" r43="-377.8615" r44="1"></containerEntry>
          <containerEntry r11="-0.7204308" r12="0.05219214" r13="-0.69155866" r14="0" r21="0.0410609" r22="0.998625" r23="0.032591283" r24="0" r31="0.6923087" r32="-0.004916236" r33="-0.72158325" r34="0" r41="1036.2173" r42="361.0782" r43="-367.43158" r44="1"></containerEntry>
        </property>
        <property name="colors" type="UInt32" container="DynamicArray" arraySize="3">
          <containerEntry>4294967295</containerEntry>
          <containerEntry>4294967295</containerEntry>
          <containerEntry>4294967295</containerEntry>
        </property>
      </staticProperties>
      <dynamicProperties></dynamicProperties>
    </entity>
    <entity class="StaticModelArray" classVersion="4" classID="0xD0" addr="0x317B920" id="0x0">
      <staticProperties>
        <property name="name" type="String" container="StaticArray" arraySize="1">
          <containerEntry>StaticModelArray0007</containerEntry>
        </property>
        <property name="dataSet" type="EntityHandle" container="StaticArray" arraySize="1">
          <containerEntry>0x3353810</containerEntry>
        </property>
        <property name="modelFile" type="FilePtr" container="StaticArray" arraySize="1">
          <containerEntry>/Assets/tpp/environ/object/afghanistan/cliff/afgh_clff025/scenes/afgh_clff025.fmdl</containerEntry>
        </property>
        <property name="geomFile" type="FilePtr" container="StaticArray" arraySize="1">
          <containerEntry>/Assets/tpp/environ/object/afghanistan/cliff/afgh_clff025/scenes/afgh_clff025.geom</containerEntry>
        </property>
        <property name="isVisibleGeom" type="Bool" container="StaticArray" arraySize="1">
          <containerEntry>false</containerEntry>
        </property>
        <property name="lodFarSize" type="Float" container="StaticArray" arraySize="1">
          <containerEntry>-1</containerEntry>
        </property>
        <property name="lodNearSize" type="Float" container="StaticArray" arraySize="1">
          <containerEntry>-1</containerEntry>
        </property>
        <property name="lodPolygonSize" type="Float" container="StaticArray" arraySize="1">
          <containerEntry>-1</containerEntry>
        </property>
        <property name="drawRejectionLevel" type="Int32" container="StaticArray" arraySize="1">
          <containerEntry>8</containerEntry>
        </property>
        <property name="drawMode" type="Int32" container="StaticArray" arraySize="1">
          <containerEntry>0</containerEntry>
        </property>
        <property name="rejectFarRangeShadowCast" type="Int32" container="StaticArray" arraySize="1">
          <containerEntry>2</containerEntry>
        </property>
        <property name="parentLocator" type="EntityLink" container="StaticArray" arraySize="1">
          <containerEntry packagePathHash="0xB8A0BF169F98" archivePathHash="0xB8A0BF169F98" nameInArchiveHash="0xB8A0BF169F98">0x0</containerEntry>
        </property>
        <property name="transforms" type="Matrix4" container="DynamicArray" arraySize="6">
          <containerEntry r11="0.20491745" r12="-0.043604508" r13="0.97780454" r14="0" r21="0.055266626" r22="0.9979288" r23="0.032919813" r24="0" r31="-0.9772148" r32="0.047294404" r33="0.20690292" r34="0" r41="1125.6003" r42="348.27817" r43="-339.5273" r44="1"></containerEntry>
          <containerEntry r11="-0.22393923" r12="-0.08137763" r13="0.9711946" r14="0" r21="0.041548066" r22="0.9948048" r23="0.09293601" r24="0" r31="-0.97371197" r32="0.061163906" r33="-0.21939468" r34="0" r41="1130.5573" r42="349.91022" r43="-320.60535" r44="1"></containerEntry>
          <containerEntry r11="-0.08415792" r12="-0.028196719" r13="0.99604887" r14="0" r21="0.055267315" r22="0.99792874" r23="0.032919683" r24="0" r31="-0.994914" r32="0.057819776" r33="-0.08242524" r34="0" r41="1130.5573" r42="350.4394" r43="-332.79434" r44="1"></containerEntry>
          <containerEntry r11="0.20491745" r12="-0.043604508" r13="0.97780454" r14="0" r21="0.055266626" r22="0.9979288" r23="0.032919813" r24="0" r31="-0.9772148" r32="0.047294404" r33="0.20690292" r34="0" r41="1124.4604" r42="350.24387" r43="-353.64117" r44="1"></containerEntry>
          <containerEntry r11="-0.24597484" r12="0.01138076" r13="-0.96920556" r14="0" r21="0.052928872" r22="0.99859685" r23="-0.0017071404" r24="0" r31="0.9678262" r32="-0.051719032" r33="-0.24623203" r34="0" r41="1066.0807" r42="343.17825" r43="-333.88535" r44="1"></containerEntry>
          <containerEntry r11="0.49479973" r12="-0.027710933" r13="-0.86856335" r14="0" r21="0.05293001" r22="0.9985967" r23="-0.0017066896" r24="0" r31="0.8673919" r32="-0.045128737" r33="0.49557215" r34="0" r41="1067.7955" r42="344.16705" r43="-353.33524" r44="1"></containerEntry>
        </property>
        <property name="colors" type="UInt32" container="DynamicArray" arraySize="6">
          <containerEntry>4294967295</containerEntry>
          <containerEntry>4294967295</containerEntry>
          <containerEntry>4294967295</containerEntry>
          <containerEntry>4294967295</containerEntry>
          <containerEntry>4294967295</containerEntry>
          <containerEntry>4294967295</containerEntry>
        </property>
      </staticProperties>
      <dynamicProperties></dynamicProperties>
    </entity>
    <entity class="StaticModelArray" classVersion="4" classID="0xD0" addr="0x317B1B0" id="0x0">
      <staticProperties>
        <property name="name" type="String" container="StaticArray" arraySize="1">
          <containerEntry>StaticModelArray0008</containerEntry>
        </property>
        <property name="dataSet" type="EntityHandle" container="StaticArray" arraySize="1">
          <containerEntry>0x3353810</containerEntry>
        </property>
        <property name="modelFile" type="FilePtr" container="StaticArray" arraySize="1">
          <containerEntry>/Assets/tpp/environ/object/afghanistan/rock/afgh_rock010/scenes/afgh_rock010.fmdl</containerEntry>
        </property>
        <property name="geomFile" type="FilePtr" container="StaticArray" arraySize="1">
