<fox formatVersion="2" fileVersion="0">
  <entities>
    <entity class="DataSet" classVersion="0" classID="0xE8" addr="0x2EF4760" id="0x175E8">
      <staticProperties>
        <property name="name" type="String" container="StaticArray" arraySize="1">
          <containerEntry hash="0xB8A0BF169F98"></containerEntry>
        </property>
        <property name="dataSet" type="EntityHandle" container="StaticArray" arraySize="1">
          <containerEntry>0x0</containerEntry>
        </property>
        <property name="dataList" type="EntityPtr" container="StringMap" arraySize="13">
          <containerEntry key="cm_mafr_dc_grbg003">
            <data>0x2D77780</data>
          </containerEntry>
          <containerEntry key="cm_mafr_dc_grnd006">
            <data>0x2D778D0</data>
          </containerEntry>
          <containerEntry key="StaticModelArray0000">
            <data>0x2D7BF40</data>
          </containerEntry>
          <containerEntry key="StaticModelArray0001">
            <data>0x2D7BFB0</data>
          </containerEntry>
          <containerEntry key="StaticModelArray0002">
            <data>0x2D7C020</data>
          </containerEntry>
          <containerEntry key="StaticModelArray0003">
            <data>0x2D7BD10</data>
          </containerEntry>
          <containerEntry key="StaticModelArray0004">
            <data>0x2D7BDF0</data>
          </containerEntry>
          <containerEntry key="StaticModelArray0005">
            <data>0x2D7B7D0</data>
          </containerEntry>
          <containerEntry key="StaticModelArray0006">
            <data>0x2D7B840</data>
          </containerEntry>
          <containerEntry key="StaticModelArray0007">
            <data>0x2D7B920</data>
          </containerEntry>
          <containerEntry key="DecalArray0000">
            <data>0x2D7BAE0</data>
          </containerEntry>
          <containerEntry key="DecalArray0001">
            <data>0x2D7C170</data>
          </containerEntry>
          <containerEntry key="TexturePackLoadConditioner0000">
            <data>0x2D7C410</data>
          </containerEntry>
        </property>
      </staticProperties>
      <dynamicProperties></dynamicProperties>
    </entity>
    <entity class="Material" classVersion="6" classID="0xB0" addr="0x2D77780" id="0x177ED">
      <staticProperties>
        <property name="name" type="String" container="StaticArray" arraySize="1">
          <containerEntry>cm_mafr_dc_grbg003</containerEntry>
        </property>
        <property name="dataSet" type="EntityHandle" container="StaticArray" arraySize="1">
          <containerEntry>0x2EF4760</containerEntry>
        </property>
        <property name="materialName" type="String" container="StaticArray" arraySize="1">
          <containerEntry hash="0xB8A0BF169F98"></containerEntry>
        </property>
        <property name="shader" type="Path" container="StaticArray" arraySize="1">
          <containerEntry hash="0xB8A0BF169F98"></containerEntry>
        </property>
        <property name="diffuseTexture" type="Path" container="StaticArray" arraySize="1">
          <containerEntry>/Assets/tpp/common_source/fmtr/decal/middle_africa/cm_mafr_dc_grbg003/sourceimages/cm_mafr_dc_grbg003_bsm_alp.ftex</containerEntry>
        </property>
        <property name="srmTexture" type="Path" container="StaticArray" arraySize="1">
          <containerEntry>/Assets/tpp/common_source/fmtr/decal/middle_africa/cm_mafr_dc_grbg003/sourceimages/cm_mafr_dc_grbg003_srm.ftex</containerEntry>
        </property>
        <property name="normalTexture" type="Path" container="StaticArray" arraySize="1">
          <containerEntry>/Assets/tpp/common_source/fmtr/decal/middle_africa/cm_mafr_dc_grbg003/sourceimages/cm_mafr_dc_grbg003_nrm.ftex</containerEntry>
        </property>
        <property name="materialMapTexture" type="Path" container="StaticArray" arraySize="1">
          <containerEntry hash="0xB8A0BF169F98"></containerEntry>
        </property>
        <property name="materialIndex" type="UInt8" container="StaticArray" arraySize="1">
          <containerEntry>21</containerEntry>
        </property>
        <property name="diffuseColor" type="Color" container="StaticArray" arraySize="1">
          <containerEntry r="1" g="1" b="1" a="1"></containerEntry>
        </property>
        <property name="specularColor" type="Color" container="StaticArray" arraySize="1">
          <containerEntry r="0" g="0" b="0" a="0"></containerEntry>
        </property>
        <property name="fmtrPath" type="Path" container="StaticArray" arraySize="1">
          <containerEntry hash="0xB8A0BF169F98"></containerEntry>
        </property>
        <property name="residentFlag" type="Bool" container="StaticArray" arraySize="1">
          <containerEntry>false</containerEntry>
        </property>
      </staticProperties>
      <dynamicProperties></dynamicProperties>
    </entity>
    <entity class="Material" classVersion="6" classID="0xB0" addr="0x2D778D0" id="0x177EF">
      <staticProperties>
        <property name="name" type="String" container="StaticArray" arraySize="1">
          <containerEntry>cm_mafr_dc_grnd006</containerEntry>
        </property>
        <property name="dataSet" type="EntityHandle" container="StaticArray" arraySize="1">
          <containerEntry>0x2EF4760</containerEntry>
        </property>
        <property name="materialName" type="String" container="StaticArray" arraySize="1">
          <containerEntry hash="0xB8A0BF169F98"></containerEntry>
        </property>
        <property name="shader" type="Path" container="StaticArray" arraySize="1">
          <containerEntry hash="0xB8A0BF169F98"></containerEntry>
        </property>
        <property name="diffuseTexture" type="Path" container="StaticArray" arraySize="1">
          <containerEntry>/Assets/tpp/common_source/fmtr/decal/middle_africa/cm_mafr_dc_grnd006/sourceimages/cm_mafr_dc_grnd006_bsm_alp.ftex</containerEntry>
        </property>
        <property name="srmTexture" type="Path" container="StaticArray" arraySize="1">
          <containerEntry>/Assets/tpp/common_source/fmtr/decal/middle_africa/cm_mafr_dc_grnd006/sourceimages/cm_mafr_dc_grnd006_srm.ftex</containerEntry>
        </property>
        <property name="normalTexture" type="Path" container="StaticArray" arraySize="1">
          <containerEntry>/Assets/tpp/common_source/fmtr/decal/middle_africa/cm_mafr_dc_grnd006/sourceimages/cm_mafr_dc_grnd006_nrm.ftex</containerEntry>
        </property>
        <property name="materialMapTexture" type="Path" container="StaticArray" arraySize="1">
          <containerEntry hash="0xB8A0BF169F98"></containerEntry>
        </property>
        <property name="materialIndex" type="UInt8" container="StaticArray" arraySize="1">
          <containerEntry>21</containerEntry>
        </property>
        <property name="diffuseColor" type="Color" container="StaticArray" arraySize="1">
          <containerEntry r="1" g="1" b="1" a="1"></containerEntry>
        </property>
        <property name="specularColor" type="Color" container="StaticArray" arraySize="1">
          <containerEntry r="0" g="0" b="0" a="0"></containerEntry>
        </property>
        <property name="fmtrPath" type="Path" container="StaticArray" arraySize="1">
          <containerEntry hash="0xB8A0BF169F98"></containerEntry>
        </property>
        <property name="residentFlag" type="Bool" container="StaticArray" arraySize="1">
          <containerEntry>false</containerEntry>
        </property>
      </staticProperties>
      <dynamicProperties></dynamicProperties>
    </entity>
    <entity class="StaticModelArray" classVersion="4" classID="0xD0" addr="0x2D7BF40" id="0x0">
      <staticProperties>
        <property name="name" type="String" container="StaticArray" arraySize="1">
          <containerEntry>StaticModelArray0000</containerEntry>
        </property>
        <property name="dataSet" type="EntityHandle" container="StaticArray" arraySize="1">
          <containerEntry>0x2EF4760</containerEntry>
        </property>
        <property name="modelFile" type="FilePtr" container="StaticArray" arraySize="1">
          <containerEntry>/Assets/tpp/environ/object/middle_africa/tree/mafr_tree031/scenes/mafr_tree031_vrtn007.fmdl</containerEntry>
        </property>
        <property name="geomFile" type="FilePtr" container="StaticArray" arraySize="1">
          <containerEntry>/Assets/tpp/environ/object/middle_africa/tree/mafr_tree031/scenes/mafr_tree031_vrtn007.geom</containerEntry>
        </property>
        <property name="isVisibleGeom" type="Bool" container="StaticArray" arraySize="1">
          <containerEntry>false</containerEntry>
        </property>
        <property name="lodFarSize" type="Float" container="StaticArray" arraySize="1">
          <containerEntry>-1</containerEntry>
        </property>
        <property name="lodNearSize" type="Float" container="StaticArray" arraySize="1">
          <containerEntry>-1</containerEntry>
        </property>
        <property name="lodPolygonSize" type="Float" container="StaticArray" arraySize="1">
          <containerEntry>-1</containerEntry>
        </property>
        <property name="drawRejectionLevel" type="Int32" container="StaticArray" arraySize="1">
          <containerEntry>8</containerEntry>
        </property>
        <property name="drawMode" type="Int32" container="StaticArray" arraySize="1">
          <containerEntry>0</containerEntry>
        </property>
        <property name="rejectFarRangeShadowCast" type="Int32" container="StaticArray" arraySize="1">
          <containerEntry>2</containerEntry>
        </property>
        <property name="parentLocator" type="EntityLink" container="StaticArray" arraySize="1">
          <containerEntry packagePathHash="0xB8A0BF169F98" archivePathHash="0xB8A0BF169F98" nameInArchiveHash="0xB8A0BF169F98">0x0</containerEntry>
        </property>
        <property name="transforms" type="Matrix4" container="DynamicArray" arraySize="2">
          <containerEntry r11="0.018501401" r12="0" r13="0.99982876" r14="0" r21="0" r22="1" r23="0" r24="0" r31="-0.99982876" r32="0" r33="0.018501401" r34="0" r41="2177.066" r42="94.88248" r43="-271.09607" r44="1"></containerEntry>
          <containerEntry r11="0.018501401" r12="0" r13="0.99982876" r14="0" r21="0" r22="1" r23="0" r24="0" r31="-0.99982876" r32="0" r33="0.018501401" r34="0" r41="2172.183" r42="96.21989" r43="-289.98224" r44="1"></containerEntry>
        </property>
        <property name="colors" type="UInt32" container="DynamicArray" arraySize="2">
          <containerEntry>4294967295</containerEntry>
          <containerEntry>4294967295</containerEntry>
        </property>
      </staticProperties>
      <dynamicProperties></dynamicProperties>
    </entity>
    <entity class="StaticModelArray" classVersion="4" classID="0xD0" addr="0x2D7BFB0" id="0x0">
      <staticProperties>
        <property name="name" type="String" container="StaticArray" arraySize="1">
          <containerEntry>StaticModelArray0001</containerEntry>
        </property>
        <property name="dataSet" type="EntityHandle" container="StaticArray" arraySize="1">
          <containerEntry>0x2EF4760</containerEntry>
        </property>
        <property name="modelFile" type="FilePtr" container="StaticArray" arraySize="1">
          <containerEntry>/Assets/tpp/environ/object/middle_africa/tree/mafr_tree038/scenes/mafr_tree038.fmdl</containerEntry>
        </property>
        <property name="geomFile" type="FilePtr" container="StaticArray" arraySize="1">
          <containerEntry>/Assets/tpp/environ/object/middle_africa/tree/mafr_tree038/scenes/mafr_tree038.geom</containerEntry>
        </property>
        <property name="isVisibleGeom" type="Bool" container="StaticArray" arraySize="1">
          <containerEntry>false</containerEntry>
        </property>
        <property name="lodFarSize" type="Float" container="StaticArray" arraySize="1">
          <containerEntry>-1</containerEntry>
        </property>
        <property name="lodNearSize" type="Float" container="StaticArray" arraySize="1">
          <containerEntry>-1</containerEntry>
        </property>
        <property name="lodPolygonSize" type="Float" container="StaticArray" arraySize="1">
          <containerEntry>-1</containerEntry>
        </property>
        <property name="drawRejectionLevel" type="Int32" container="StaticArray" arraySize="1">
          <containerEntry>8</containerEntry>
        </property>
        <property name="drawMode" type="Int32" container="StaticArray" arraySize="1">
          <containerEntry>0</containerEntry>
        </property>
        <property name="rejectFarRangeShadowCast" type="Int32" container="StaticArray" arraySize="1">
          <containerEntry>2</containerEntry>
        </property>
        <property name="parentLocator" type="EntityLink" container="StaticArray" arraySize="1">
          <containerEntry packagePathHash="0xB8A0BF169F98" archivePathHash="0xB8A0BF169F98" nameInArchiveHash="0xB8A0BF169F98">0x0</containerEntry>
        </property>
        <property name="transforms" type="Matrix4" container="DynamicArray" arraySize="7">
          <containerEntry r11="1" r12="0" r13="0" r14="0" r21="0" r22="1" r23="0" r24="0" r31="0" r32="0" r33="1" r34="0" r41="2195.3347" r42="90.63216" r43="-285.53366" r44="1"></containerEntry>
          <containerEntry r11="1" r12="0" r13="0" r14="0" r21="0" r22="1" r23="0" r24="0" r31="0" r32="0" r33="1" r34="0" r41="2195.0771" r42="92.41364" r43="-262.91928" r44="1"></containerEntry>
          <containerEntry r11="0.68335116" r12="0" r13="-0.73008996" r14="0" r21="0" r22="1" r23="0" r24="0" r31="0.73008996" r32="0" r33="0.68335116" r34="0" r41="2217.756" r42="91.37835" r43="-271.60828" r44="1"></containerEntry>
          <containerEntry r11="-0.06606293" r12="0" r13="-0.9978155" r14="0" r21="0" r22="1" r23="0" r24="0" r31="0.9978155" r32="0" r33="-0.06606293" r34="0" r41="2205.8018" r42="87.392395" r43="-344.8411" r44="1"></containerEntry>
          <containerEntry r11="-0.7736392" r12="0" r13="-0.6336265" r14="0" r21="0" r22="1" r23="0" r24="0" r31="0.6336265" r32="0" r33="-0.7736392" r34="0" r41="2194.67" r42="93.62227" r43="-374.74594" r44="1"></containerEntry>
          <containerEntry r11="-0.9912696" r12="0" r13="0.13183731" r14="0" r21="0" r22="1" r23="0" r24="0" r31="-0.13183731" r32="0" r33="-0.9912696" r34="0" r41="2171.5593" r42="103.644585" r43="-346.1994" r44="1"></containerEntry>
          <containerEntry r11="-0.5811303" r12="0" r13="0.81380516" r14="0" r21="0" r22="1" r23="0" r24="0" r31="-0.81380516" r32="0" r33="-0.5811303" r34="0" r41="2213.7358" r42="89.633736" r43="-374.83188" r44="1"></containerEntry>
        </property>
        <property name="colors" type="UInt32" container="DynamicArray" arraySize="7">
          <containerEntry>4294967295</containerEntry>
          <containerEntry>4294967295</containerEntry>
          <containerEntry>4294967295</containerEntry>
          <containerEntry>4294967295</containerEntry>
          <containerEntry>4294967295</containerEntry>
          <containerEntry>4294967295</containerEntry>
          <containerEntry>4294967295</containerEntry>
        </property>
      </staticProperties>
      <dynamicProperties></dynamicProperties>
    </entity>
    <entity class="StaticModelArray" classVersion="4" classID="0xD0" addr="0x2D7C020" id="0x0">
      <staticProperties>
        <property name="name" type="String" container="StaticArray" arraySize="1">
          <containerEntry>StaticModelArray0002</containerEntry>
        </property>
        <property name="dataSet" type="EntityHandle" container="StaticArray" arraySize="1">
          <containerEntry>0x2EF4760</containerEntry>
        </property>
        <property name="modelFile" type="FilePtr" container="StaticArray" arraySize="1">
          <containerEntry>/Assets/tpp/environ/object/middle_africa/tree/mafr_tree032/scenes/mafr_tree032.fmdl</containerEntry>
        </property>
        <property name="geomFile" type="FilePtr" container="StaticArray" arraySize="1">
          <containerEntry>/Assets/tpp/environ/object/middle_africa/tree/mafr_tree032/scenes/mafr_tree032.geom</containerEntry>
        </property>
        <property name="isVisibleGeom" type="Bool" container="StaticArray" arraySize="1">
          <containerEntry>false</containerEntry>
        </property>
        <property name="lodFarSize" type="Float" container="StaticArray" arraySize="1">
          <containerEntry>-1</containerEntry>
        </property>
        <property name="lodNearSize" type="Float" container="StaticArray" arraySize="1">
          <containerEntry>-1</containerEntry>
        </property>
        <property name="lodPolygonSize" type="Float" container="StaticArray" arraySize="1">
          <containerEntry>-1</containerEntry>
        </property>
        <property name="drawRejectionLevel" type="Int32" container="StaticArray" arraySize="1">
          <containerEntry>8</containerEntry>
        </property>
        <property name="drawMode" type="Int32" container="StaticArray" arraySize="1">
          <containerEntry>0</containerEntry>
        </property>
        <property name="rejectFarRangeShadowCast" type="Int32" container="StaticArray" arraySize="1">
          <containerEntry>2</containerEntry>
        </property>
        <property name="parentLocator" type="EntityLink" container="StaticArray" arraySize="1">
          <containerEntry packagePathHash="0xB8A0BF169F98" archivePathHash="0xB8A0BF169F98" nameInArchiveHash="0xB8A0BF169F98">0x0</containerEntry>
        </property>
        <property name="transforms" type="Matrix4" container="DynamicArray" arraySize="25">
          <containerEntry r11="0.26269644" r12="0" r13="-0.96487826" r14="0" r21="0" r22="1" r23="0" r24="0" r31="0.96487826" r32="0" r33="0.26269644" r34="0" r41="2178.329" r42="104.45663" r43="-356.47156" r44="1"></containerEntry>
          <containerEntry r11="-0.5164529" r12="0" r13="-0.8563143" r14="0" r21="0" r22="1" r23="0" r24="0" r31="0.8563143" r32="0" r33="-0.5164529" r34="0" r41="2177.1272" r42="105.76909" r43="-374.2014" r44="1"></containerEntry>
          <containerEntry r11="1" r12="0" r13="0" r14="0" r21="0" r22="1" r23="0" r24="0" r31="0" r32="0" r33="1" r34="0" r41="2200.089" r42="89.73891" r43="-337.6375" r44="1"></containerEntry>
          <containerEntry r11="0.22092092" r12="0" r13="0.9752921" r14="0" r21="0" r22="1" r23="0" r24="0" r31="-0.9752921" r32="0" r33="0.22092092" r34="0" r41="2219.4575" r42="90.27332" r43="-354.49997" r44="1"></containerEntry>
          <containerEntry r11="0.9100908" r12="0" r13="0.4144088" r14="0" r21="0" r22="1" r23="0" r24="0" r31="-0.4144088" r32="0" r33="0.9100908" r34="0" r41="2223.179" r42="86.59085" r43="-322.19913" r44="1"></containerEntry>
          <containerEntry r11="0.76148194" r12="0" r13="0.6481861" r14="0" r21="0" r22="1" r23="0" r24="0" r31="-0.6481861" r32="0" r33="0.76148194" r34="0" r41="2254.2847" r42="87.32339" r43="-289.81998" r44="1"></containerEntry>
          <containerEntry r11="0.38480774" r12="0" r13="0.5238542" r14="0" r21="0" r22="0.65" r23="0" r24="0" r31="-0.5238542" r32="0" r33="0.38480774" r34="0" r41="2263.5342" r42="84.132195" r43="-298.65662" r44="1"></containerEntry>
          <containerEntry r11="0.09704429" r12="0" r13="0.9952803" r14="0" r21="0" r22="1" r23="0" r24="0" r31="-0.9952803" r32="0" r33="0.09704429" r34="0" r41="2267.4192" r42="82.85424" r43="-282.62772" r44="1"></containerEntry>
          <containerEntry r11="0.16268046" r12="0" r13="0.6705481" r14="0" r21="0" r22="0.69" r23="0" r24="0" r31="-0.6705481" r32="0" r33="0.16268046" r34="0" r41="2232.1663" r42="87.38067" r43="-319.05438" r44="1"></containerEntry>
          <containerEntry r11="0.59" r12="0" r13="0" r14="0" r21="0" r22="0.59" r23="0" r24="0" r31="0" r32="0" r33="0.59" r34="0" r41="2250.349" r42="84.46553" r43="-315.50552" r44="1"></containerEntry>
          <containerEntry r11="0.39595002" r12="0" r13="0.918272" r14="0" r21="0" r22="1" r23="0" r24="0" r31="-0.918272" r32="0" r33="0.39595002" r34="0" r41="2271.2112" r42="83.74621" r43="-261.02228" r44="1"></containerEntry>
          <containerEntry r11="0.07611364" r12="0" r13="0.9970984" r14="0" r21="0" r22="1" r23="0" r24="0" r31="-0.9970984" r32="0" r33="0.07611364" r34="0" r41="2201.24" r42="90.096985" r43="-322.5296" r44="1"></containerEntry>
          <containerEntry r11="0.7276293" r12="0" r13="-0.68597037" r14="0" r21="0" r22="1" r23="0" r24="0" r31="0.68597037" r32="0" r33="0.7276293" r34="0" r41="2187.5017" r42="94.080345" r43="-326.24933" r44="1"></containerEntry>
          <containerEntry r11="0.5482863" r12="0" r13="-0.83629066" r14="0" r21="0" r22="1" r23="0" r24="0" r31="0.83629066" r32="0" r33="0.5482863" r34="0" r41="2190.0652" r42="93.26988" r43="-293.71558" r44="1"></containerEntry>
          <containerEntry r11="0.56938946" r12="0" r13="0.8220679" r14="0" r21="0" r22="1" r23="0" r24="0" r31="-0.8220679" r32="0" r33="0.56938946" r34="0" r41="2216.9678" r42="89.078285" r43="-258.51456" r44="1"></containerEntry>
          <containerEntry r11="-0.22128749" r12="0" r13="0.97520834" r14="0" r21="0" r22="1" r23="0" r24="0" r31="-0.97520834" r32="0" r33="-0.22128749" r34="0" r41="2207.901" r42="89.146614" r43="-302.95853" r44="1"></containerEntry>
          <containerEntry r11="-0.86843294" r12="0" r13="0.49580625" r14="0" r21="0" r22="1" r23="0" r24="0" r31="-0.49580625" r32="0" r33="-0.86843294" r34="0" r41="2193.9094" r42="90.20305" r43="-271.54337" r44="1"></containerEntry>
          <containerEntry r11="-0.56082296" r12="0" r13="-0.82793623" r14="0" r21="0" r22="1" r23="0" r24="0" r31="0.82793623" r32="0" r33="-0.56082296" r34="0" r41="2239.2583" r42="86.629906" r43="-267.79797" r44="1"></containerEntry>
          <containerEntry r11="-0.5446985" r12="0" r13="-0.83863264" r14="0" r21="0" r22="1" r23="0" r24="0" r31="0.83863264" r32="0" r33="-0.5446985" r34="0" r41="2186.104" r42="93.26988" r43="-300.7867" r44="1"></containerEntry>
          <containerEntry r11="0.48595476" r12="0" r13="0.8739836" r14="0" r21="0" r22="1" r23="0" r24="0" r31="-0.8739836" r32="0" r33="0.48595476" r34="0" r41="2216.162" r42="87.19661" r43="-294.22073" r44="1"></containerEntry>
          <containerEntry r11="-0.22128749" r12="0" r13="0.97520834" r14="0" r21="0" r22="1" r23="0" r24="0" r31="-0.97520834" r32="0" r33="-0.22128749" r34="0" r41="2204.5156" r42="90.75321" r43="-265.3756" r44="1"></containerEntry>
          <containerEntry r11="-0.22128749" r12="0" r13="0.97520834" r14="0" r21="0" r22="1" r23="0" r24="0" r31="-0.97520834" r32="0" r33="-0.22128749" r34="0" r41="2228.253" r42="87.00895" r43="-276.51443" r44="1"></containerEntry>
          <containerEntry r11="-1.089397" r12="0" r13="-1.6772653" r14="0" r21="0" r22="1.5" r23="0" r24="0" r31="1.6772653" r32="0" r33="-1.089397" r34="0" r41="2176.6067" r42="94.7713" r43="-290.4619" r44="1"></containerEntry>
          <containerEntry r11="-0.22128749" r12="0" r13="0.97520834" r14="0" r21="0" r22="0.752906" r23="0" r24="0" r31="-0.97520834" r32="0" r33="-0.22128749" r34="0" r41="2196.5347" r42="91.36339" r43="-290.3681" r44="1"></containerEntry>
          <containerEntry r11="0.61370224" r12="-0.14257972" r13="0.77655643" r14="0" r21="0.059831306" r22="0.66987836" r23="0.07570916" r24="0" r31="-0.7845722" r32="-6.183982e-07" r33="0.62003684" r34="0" r41="2194.2117" r42="91.284515" r43="-306.85437" r44="1"></containerEntry>
        </property>
        <property name="colors" type="UInt32" container="DynamicArray" arraySize="25">
          <containerEntry>4294967295</containerEntry>
          <containerEntry>4294967295</containerEntry>
          <containerEntry>4294967295</containerEntry>
          <containerEntry>4294967295</containerEntry>
          <containerEntry>4294967295</containerEntry>
          <containerEntry>4294967295</containerEntry>
          <containerEntry>4294967295</containerEntry>
          <containerEntry>4294967295</containerEntry>
          <containerEntry>4294967295</containerEntry>
          <containerEntry>4294967295</containerEntry>
          <containerEntry>4294967295</containerEntry>
          <containerEntry>4294967295</containerEntry>
          <containerEntry>4294967295</containerEntry>
          <containerEntry>4294967295</containerEntry>
          <containerEntry>4294967295</containerEntry>
          <containerEntry>4294967295</containerEntry>
          <containerEntry>4294967295</containerEntry>
          <containerEntry>4294967295</containerEntry>
          <containerEntry>4294967295</containerEntry>
          <containerEntry>4294967295</containerEntry>
          <containerEntry>4294967295</containerEntry>
          <containerEntry>4294967295</containerEntry>
          <containerEntry>4294967295</containerEntry>
          <containerEntry>4294967295</containerEntry>
          <containerEntry>4294967295</containerEntry>
        </property>
      </staticProperties>
      <dynamicProperties></dynamicProperties>
    </entity>
    <entity class="StaticModelArray" classVersion="4" classID="0xD0" addr="0x2D7BD10" id="0x0">
      <staticProperties>
        <property name="name" type="String" container="StaticArray" arraySize="1">
          <containerEntry>StaticModelArray0003</containerEntry>
        </property>
        <property name="dataSet" type="EntityHandle" container="StaticArray" arraySize="1">
          <containerEntry>0x2EF4760</containerEntry>
        </property>
        <property name="modelFile" type="FilePtr" container="StaticArray" arraySize="1">
          <containerEntry>/Assets/tpp/environ/object/middle_africa/tree/mafr_tree031/scenes/mafr_tree031_vrtn008.fmdl</containerEntry>
        </property>
        <property name="geomFile" type="FilePtr" container="StaticArray" arraySize="1">
          <containerEntry>/Assets/tpp/environ/object/middle_africa/tree/mafr_tree031/scenes/mafr_tree031_vrtn008.geom</containerEntry>
        </property>
        <property name="isVisibleGeom" type="Bool" container="StaticArray" arraySize="1">
          <containerEntry>false</containerEntry>
        </property>
        <property name="lodFarSize" type="Float" container="StaticArray" arraySize="1">
          <containerEntry>-1</containerEntry>
        </property>
        <property name="lodNearSize" type="Float" container="StaticArray" arraySize="1">
          <containerEntry>-1</containerEntry>
        </property>
        <property name="lodPolygonSize" type="Float" container="StaticArray" arraySize="1">
          <containerEntry>-1</containerEntry>
        </property>
        <property name="drawRejectionLevel" type="Int32" container="StaticArray" arraySize="1">
          <containerEntry>8</containerEntry>
        </property>
        <property name="drawMode" type="Int32" container="StaticArray" arraySize="1">
          <containerEntry>0</containerEntry>
        </property>
        <property name="rejectFarRangeShadowCast" type="Int32" container="StaticArray" arraySize="1">
          <containerEntry>2</containerEntry>
        </property>
        <property name="parentLocator" type="EntityLink" container="StaticArray" arraySize="1">
          <containerEntry packagePathHash="0xB8A0BF169F98" archivePathHash="0xB8A0BF169F98" nameInArchiveHash="0xB8A0BF169F98">0x0</containerEntry>
        </property>
        <property name="transforms" type="Matrix4" container="DynamicArray" arraySize="2">
          <containerEntry r11="-0.18003511" r12="0" r13="0.98366064" r14="0" r21="0" r22="1" r23="0" r24="0" r31="-0.98366064" r32="0" r33="-0.18003511" r34="0" r41="2181.7" r42="95.68578" r43="-308.50763" r44="1"></containerEntry>
          <containerEntry r11="0.4004568" r12="0" r13="0.91631615" r14="0" r21="0" r22="1" r23="0" r24="0" r31="-0.91631615" r32="0" r33="0.4004568" r34="0" r41="2185.8337" r42="93.41919" r43="-259.60608" r44="1"></containerEntry>
        </property>
        <property name="colors" type="UInt32" container="DynamicArray" arraySize="2">
          <containerEntry>4294967295</containerEntry>
          <containerEntry>4294967295</containerEntry>
        </property>
      </staticProperties>
      <dynamicProperties></dynamicProperties>
    </entity>
    <entity class="StaticModelArray" classVersion="4" classID="0xD0" addr="0x2D7BDF0" id="0x0">
      <staticProperties>
        <property name="name" type="String" container="StaticArray" arraySize="1">
          <containerEntry>StaticModelArray0004</containerEntry>
        </property>
        <property name="dataSet" type="EntityHandle" container="StaticArray" arraySize="1">
          <containerEntry>0x2EF4760</containerEntry>
        </property>
        <property name="modelFile" type="FilePtr" container="StaticArray" arraySize="1">
          <containerEntry>/Assets/tpp/environ/object/middle_africa/rock/mafr_rock002/scenes/mafr_rock002.fmdl</containerEntry>
        </property>
        <property name="geomFile" type="FilePtr" container="StaticArray" arraySize="1">
          <containerEntry>/Assets/tpp/environ/object/middle_africa/rock/mafr_rock002/scenes/mafr_rock002.geom</containerEntry>
        </property>
        <property name="isVisibleGeom" type="Bool" container="StaticArray" arraySize="1">
          <containerEntry>false</containerEntry>
        </property>
        <property name="lodFarSize" type="Float" container="StaticArray" arraySize="1">
          <containerEntry>-1</containerEntry>
        </property>
        <property name="lodNearSize" type="Float" container="StaticArray" arraySize="1">
          <containerEntry>-1</containerEntry>
        </property>
        <property name="lodPolygonSize" type="Float" container="StaticArray" arraySize="1">
          <containerEntry>-1</containerEntry>
        </property>
        <property name="drawRejectionLevel" type="Int32" container="StaticArray" arraySize="1">
          <containerEntry>8</containerEntry>
        </property>
        <property name="drawMode" type="Int32" container="StaticArray" arraySize="1">
          <containerEntry>0</containerEntry>
        </property>
        <property name="rejectFarRangeShadowCast" type="Int32" container="StaticArray" arraySize="1">
          <containerEntry>2</containerEntry>
        </property>
        <property name="parentLocator" type="EntityLink" container="StaticArray" arraySize="1">
          <containerEntry packagePathHash="0xB8A0BF169F98" archivePathHash="0xB8A0BF169F98" nameInArchiveHash="0xB8A0BF169F98">0x0</containerEntry>
        </property>
        <property name="transforms" type="Matrix4" container="DynamicArray" arraySize="19">
          <containerEntry r11="-0.16011786" r12="0" r13="-0.9870985" r14="0" r21="0" r22="1" r23="0" r24="0" r31="0.9870985" r32="0" r33="-0.16011786" r34="0" r41="2293.9087" r42="75.02906" r43="-266.44275" r44="1"></containerEntry>
          <containerEntry r11="-0.42123356" r12="-0.16694923" r13="-0.8914514" r14="0" r21="0.009924471" r22="0.9820044" r23="-0.1885971" r24="0" r31="0.90689534" r32="-0.088291064" r33="-0.41199625" r34="0" r41="2274.3088" r42="73.53501" r43="-296.16504" r44="1"></containerEntry>
          <containerEntry r11="-0.97216743" r12="0" r13="0.23428623" r14="0" r21="0" r22="1" r23="0" r24="0" r31="-0.23428623" r32="0" r33="-0.97216743" r34="0" r41="2257.7454" r42="69.54071" r43="-315.57397" r44="1"></containerEntry>
          <containerEntry r11="-0.937131" r12="0.0021920502" r13="-0.34896493" r14="0" r21="0.0087355515" r22="0.9998143" r23="-0.01717859" r24="0" r31="0.34886247" r32="-0.01914703" r33="-0.93697613" r34="0" r41="2262.865" r42="71.15947" r43="-303.84402" r44="1"></containerEntry>
          <containerEntry r11="-0.15021808" r12="-0.051283985" r13="0.9873222" r14="0" r21="0.24252501" r22="0.9662284" r23="0.08708774" r24="0" r31="-0.95844495" r32="0.2525324" r33="-0.13270736" r34="0" r41="2228.8857" r42="83.83342" r43="-330.6745" r44="1"></containerEntry>
          <containerEntry r11="-0.19144905" r12="-0.03181514" r13="-0.9809865" r14="0" r21="0.17882405" r22="0.9816152" r23="-0.06673482" r24="0" r31="0.9650744" r32="-0.18820035" r33="-0.18224001" r34="0" r41="2235.4421" r42="76.85089" r43="-371.05182" r44="1"></containerEntry>
          <containerEntry r11="0.925906" r12="-0.22501266" r13="-0.30342627" r14="0" r21="0.22502813" r22="0.9737089" r23="-0.03540218" r24="0" r31="0.30341482" r32="-0.03550031" r33="0.9521971" r34="0" r41="2257.7927" r42="71.05481" r43="-331.65955" r44="1"></containerEntry>
          <containerEntry r11="0.76078904" r12="-0.12493993" r13="-2.8992398" r14="0" r21="0.3261829" r22="2.981906" r23="-0.042908706" r24="0" r31="2.8835406" r32="-0.30434594" r33="0.76978487" r34="0" r41="2208.42" r42="89.23564" r43="-333.77686" r44="1"></containerEntry>
          <containerEntry r11="-0.6269138" r12="0.09545687" r13="-0.77321863" r14="0" r21="-0.09736498" r22="0.9750854" r23="0.19932015" r24="0" r31="0.7729807" r32="0.20024098" r33="-0.60200036" r34="0" r41="2283.3394" r42="70.49595" r43="-337.58765" r44="1"></containerEntry>
          <containerEntry r11="-0.13689376" r12="-0.07418206" r13="-0.98780423" r14="0" r21="-0.20290974" r22="0.9781474" r23="-0.045336835" r24="0" r31="0.9695813" r32="0.19422877" r33="-0.14895451" r34="0" r41="2252.0925" r42="72.132805" r43="-363.89352" r44="1"></containerEntry>
          <containerEntry r11="-0.48480126" r12="0.080372386" r13="-0.87092435" r14="0" r21="0.2250252" r22="0.9737096" r23="-0.035402656" r24="0" r31="0.84518194" r32="-0.2131431" r33="-0.49014145" r34="0" r41="2247.2634" r42="73.07238" r43="-324.20145" r44="1"></containerEntry>
          <containerEntry r11="0.28603435" r12="0.05412537" r13="-0.9566893" r14="0" r21="0.014890639" r22="0.9980318" r23="0.060916387" r24="0" r31="0.9581035" r32="-0.031669885" r33="0.2846654" r34="0" r41="2239.5688" r42="74.39432" r43="-350.70123" r44="1"></containerEntry>
          <containerEntry r11="-1.6628449" r12="0" r13="-1.1112804" r14="0" r21="0" r22="2" r23="0" r24="0" r31="1.1112804" r32="0" r33="-1.6628449" r34="0" r41="2258.5295" r42="84.93296" r43="-273.24557" r44="1"></containerEntry>
          <containerEntry r11="-0.83274317" r12="0" r13="-0.55365795" r14="0" r21="0" r22="1" r23="0" r24="0" r31="0.55365795" r32="0" r33="-0.83274317" r34="0" r41="2294.1006" r42="71.39755" r43="-302.70728" r44="1"></containerEntry>
          <containerEntry r11="-0.97964823" r12="-0.06397182" r13="0.19024847" r14="0" r21="-0.06209628" r22="0.99794495" r23="0.015809666" r24="0" r31="-0.19086887" r32="0.0036742003" r33="-0.98160744" r34="0" r41="2298.0557" r42="70.762474" r43="-328.11676" r44="1"></containerEntry>
          <containerEntry r11="-2.4942675" r12="0" r13="-1.6669207" r14="0" r21="0" r22="3" r23="0" r24="0" r31="1.6669207" r32="0" r33="-2.4942675" r34="0" r41="2215.3464" r42="88.286316" r43="-310.29877" r44="1"></containerEntry>
          <containerEntry r11="-2.4942675" r12="0" r13="-1.6669207" r14="0" r21="0" r22="3" r23="0" r24="0" r31="1.6669207" r32="0" r33="-2.4942675" r34="0" r41="2235.2896" r42="87.82296" r43="-288.48557" r44="1"></containerEntry>
          <containerEntry r11="-1.5665617" r12="0.11842883" r13="-3.6785634" r14="0" r21="0.53529286" r22="3.9627495" r23="-0.100383535" r24="0" r31="3.6413343" r32="-0.5315919" r33="-1.5678215" r34="0" r41="2190.23" r42="94.55954" r43="-364.946" r44="1"></containerEntry>
          <containerEntry r11="-0.53724813" r12="0.0651519" r13="-0.8409045" r14="0" r21="0.18741369" r22="0.98130816" r23="-0.043707125" r24="0" r31="0.8223388" r32="-0.18107855" r33="-0.5394164" r34="0" r41="2296.0718" r42="76.23851" r43="-258.0115" r44="1"></containerEntry>
        </property>
        <property name="colors" type="UInt32" container="DynamicArray" arraySize="19">
          <containerEntry>4294967295</containerEntry>
          <containerEntry>4294967295</containerEntry>
          <containerEntry>4294967295</containerEntry>
          <containerEntry>4294967295</containerEntry>
          <containerEntry>4294967295</containerEntry>
          <containerEntry>4294967295</containerEntry>
          <containerEntry>4294967295</containerEntry>
          <containerEntry>4294967295</containerEntry>
          <containerEntry>4294967295</containerEntry>
          <containerEntry>4294967295</containerEntry>
          <containerEntry>4294967295</containerEntry>
          <containerEntry>4294967295</containerEntry>
          <containerEntry>4294967295</containerEntry>
          <containerEntry>4294967295</containerEntry>
          <containerEntry>4294967295</containerEntry>
          <containerEntry>4294967295</containerEntry>
          <containerEntry>4294967295</containerEntry>
          <containerEntry>4294967295</containerEntry>
          <containerEntry>4294967295</containerEntry>
        </property>
      </staticProperties>
      <dynamicProperties></dynamicProperties>
    </entity>
    <entity class="StaticModelArray" classVersion="4" classID="0xD0" addr="0x2D7B7D0" id="0x0">
      <staticProperties>
        <property name="name" type="String" container="StaticArray" arraySize="1">
          <containerEntry>StaticModelArray0005</containerEntry>
        </property>
        <property name="dataSet" type="EntityHandle" container="StaticArray" arraySize="1">
          <containerEntry>0x2EF4760</containerEntry>
        </property>
        <property name="modelFile" type="FilePtr" container="StaticArray" arraySize="1">
          <containerEntry>/Assets/tpp/environ/object/middle_africa/rock/mafr_rock010/scenes/mafr_rock010.fmdl</containerEntry>
        </property>
        <property name="geomFile" type="FilePtr" container="StaticArray" arraySize="1">
          <containerEntry>/Assets/tpp/environ/object/middle_africa/rock/mafr_rock010/scenes/mafr_rock010.geom</containerEntry>
        </property>
        <property name="isVisibleGeom" type="Bool" container="StaticArray" arraySize="1">
          <containerEntry>false</containerEntry>
        </property>
        <property name="lodFarSize" type="Float" container="StaticArray" arraySize="1">
          <containerEntry>-1</containerEntry>
        </property>
        <property name="lodNearSize" type="Float" container="StaticArray" arraySize="1">
          <containerEntry>-1</containerEntry>
        </property>
        <property name="lodPolygonSize" type="Float" container="StaticArray" arraySize="1">
          <containerEntry>-1</containerEntry>
        </property>
        <property name="drawRejectionLevel" type="Int32" container="StaticArray" arraySize="1">
          <containerEntry>8</containerEntry>
        </property>
        <property name="drawMode" type="Int32" container="StaticArray" arraySize="1">
          <containerEntry>0</containerEntry>
        </property>
        <property name="rejectFarRangeShadowCast" type="Int32" container="StaticArray" arraySize="1">
          <containerEntry>2</containerEntry>
        </property>
        <property name="parentLocator" type="EntityLink" container="StaticArray" arraySize="1">
          <containerEntry packagePathHash="0xB8A0BF169F98" archivePathHash="0xB8A0BF169F98" nameInArchiveHash="0xB8A0BF169F98">0x0</containerEntry>
        </property>
        <property name="transforms" type="Matrix4" container="DynamicArray" arraySize="8">
          <containerEntry r11="1" r12="0" r13="0" r14="0" r21="0" r22="1" r23="0" r24="0" r31="0" r32="0" r33="1" r34="0" r41="2264.6787" r42="68.26433" r43="-325.83212" r44="1"></containerEntry>
          <containerEntry r11="0.06466824" r12="0" r13="0.9979064" r14="0" r21="0" r22="1" r23="0" r24="0" r31="-0.9979064" r32="0" r33="0.06466824" r34="0" r41="2293.2202" r42="70.205414" r43="-351.02856" r44="1"></containerEntry>
          <containerEntry r11="-0.9916356" r12="0" r13="0.12906516" r14="0" r21="0" r22="1" r23="0" r24="0" r31="-0.12906516" r32="0" r33="-0.9916356" r34="0" r41="2278.0044" r42="68.67326" r43="-347.33026" r44="1"></containerEntry>
