<fox formatVersion="2" fileVersion="0">
  <entities>
    <entity class="DataSet" classVersion="0" classID="0xE8" addr="0x3352EE0" id="0xEE966F">
      <staticProperties>
        <property name="name" type="String" container="StaticArray" arraySize="1">
          <containerEntry hash="0xB8A0BF169F98"></containerEntry>
        </property>
        <property name="dataSet" type="EntityHandle" container="StaticArray" arraySize="1">
          <containerEntry>0x0</containerEntry>
        </property>
        <property name="dataList" type="EntityPtr" container="StringMap" arraySize="13">
          <containerEntry key="afgh_tree011_vrtn003_0000">
            <data>0x317B060</data>
          </containerEntry>
          <containerEntry key="afgh_tree011_vrtn001_0000">
            <data>0x317B220</data>
          </containerEntry>
          <containerEntry key="StaticModelArray0000">
            <data>0x3350710</data>
          </containerEntry>
          <containerEntry key="StaticModelArray0001">
            <data>0x3350780</data>
          </containerEntry>
          <containerEntry key="StaticModelArray0002">
            <data>0x33507F0</data>
          </containerEntry>
          <containerEntry key="StaticModelArray0003">
            <data>0x33508D0</data>
          </containerEntry>
          <containerEntry key="StaticModelArray0004">
            <data>0x3350860</data>
          </containerEntry>
          <containerEntry key="StaticModelArray0005">
            <data>0x3350940</data>
          </containerEntry>
          <containerEntry key="StaticModelArray0006">
            <data>0x33509B0</data>
          </containerEntry>
          <containerEntry key="StaticModelArray0007">
            <data>0x3350550</data>
          </containerEntry>
          <containerEntry key="StaticModelArray0008">
            <data>0x3350630</data>
          </containerEntry>
          <containerEntry key="StaticModelArray0009">
            <data>0x317FEB0</data>
          </containerEntry>
          <containerEntry key="TexturePackLoadConditioner0000">
            <data>0x3350EF0</data>
          </containerEntry>
        </property>
      </staticProperties>
      <dynamicProperties></dynamicProperties>
    </entity>
    <entity class="StaticModel" classVersion="9" classID="0x160" addr="0x317B060" id="0xEE98EC">
      <staticProperties>
        <property name="name" type="String" container="StaticArray" arraySize="1">
          <containerEntry>afgh_tree011_vrtn003_0000</containerEntry>
        </property>
        <property name="dataSet" type="EntityHandle" container="StaticArray" arraySize="1">
          <containerEntry>0x3352EE0</containerEntry>
        </property>
        <property name="parent" type="EntityHandle" container="StaticArray" arraySize="1">
          <containerEntry>0x0</containerEntry>
        </property>
        <property name="transform" type="EntityPtr" container="StaticArray" arraySize="1">
          <containerEntry>0x317B0D0</containerEntry>
        </property>
        <property name="shearTransform" type="EntityPtr" container="StaticArray" arraySize="1">
          <containerEntry>0x0</containerEntry>
        </property>
        <property name="pivotTransform" type="EntityPtr" container="StaticArray" arraySize="1">
          <containerEntry>0x0</containerEntry>
        </property>
        <property name="children" type="EntityHandle" container="List"></property>
        <property name="flags" type="UInt32" container="StaticArray" arraySize="1">
          <containerEntry>7</containerEntry>
        </property>
        <property name="modelFile" type="FilePtr" container="StaticArray" arraySize="1">
          <containerEntry>/Assets/tpp/environ/object/afghanistan/tree/afgh_tree011/scenes/afgh_tree011_vrtn003.fmdl</containerEntry>
        </property>
        <property name="geomFile" type="FilePtr" container="StaticArray" arraySize="1">
          <containerEntry>/Assets/tpp/environ/object/afghanistan/tree/afgh_tree011/scenes/afgh_tree011_vrtn003.geom</containerEntry>
        </property>
        <property name="isVisibleGeom" type="Bool" container="StaticArray" arraySize="1">
          <containerEntry>false</containerEntry>
        </property>
        <property name="isIsolated" type="Bool" container="StaticArray" arraySize="1">
          <containerEntry>false</containerEntry>
        </property>
        <property name="lodFarSize" type="Float" container="StaticArray" arraySize="1">
          <containerEntry>-1</containerEntry>
        </property>
        <property name="lodNearSize" type="Float" container="StaticArray" arraySize="1">
          <containerEntry>-1</containerEntry>
        </property>
        <property name="lodPolygonSize" type="Float" container="StaticArray" arraySize="1">
          <containerEntry>-1</containerEntry>
        </property>
        <property name="color" type="Color" container="StaticArray" arraySize="1">
          <containerEntry r="1" g="1" b="1" a="1"></containerEntry>
        </property>
        <property name="drawRejectionLevel" type="Int32" container="StaticArray" arraySize="1">
          <containerEntry>8</containerEntry>
        </property>
        <property name="drawMode" type="Int32" container="StaticArray" arraySize="1">
          <containerEntry>0</containerEntry>
        </property>
        <property name="rejectFarRangeShadowCast" type="Int32" container="StaticArray" arraySize="1">
          <containerEntry>2</containerEntry>
        </property>
      </staticProperties>
      <dynamicProperties></dynamicProperties>
    </entity>
    <entity class="TransformEntity" classVersion="0" classID="0x50" addr="0x317B0D0" id="0xEE98EF">
      <staticProperties>
        <property name="owner" type="EntityHandle" container="StaticArray" arraySize="1">
          <containerEntry>0x317B060</containerEntry>
        </property>
        <property name="transform_scale" type="Vector3" container="StaticArray" arraySize="1">
          <containerEntry x="0.972089" y="0.810544" z="0.972089" w="0"></containerEntry>
        </property>
        <property name="transform_rotation_quat" type="Quat" container="StaticArray" arraySize="1">
          <containerEntry x="0" y="0.498978" z="0" w="0.866614"></containerEntry>
        </property>
        <property name="transform_translation" type="Vector3" container="StaticArray" arraySize="1">
          <containerEntry x="512.42596" y="356.70407" z="1519.4885" w="0"></containerEntry>
        </property>
      </staticProperties>
      <dynamicProperties></dynamicProperties>
    </entity>
    <entity class="StaticModel" classVersion="9" classID="0x160" addr="0x317B220" id="0xEE98F5">
      <staticProperties>
        <property name="name" type="String" container="StaticArray" arraySize="1">
          <containerEntry>afgh_tree011_vrtn001_0000</containerEntry>
        </property>
        <property name="dataSet" type="EntityHandle" container="StaticArray" arraySize="1">
          <containerEntry>0x3352EE0</containerEntry>
        </property>
        <property name="parent" type="EntityHandle" container="StaticArray" arraySize="1">
          <containerEntry>0x0</containerEntry>
        </property>
        <property name="transform" type="EntityPtr" container="StaticArray" arraySize="1">
          <containerEntry>0x317B290</containerEntry>
        </property>
        <property name="shearTransform" type="EntityPtr" container="StaticArray" arraySize="1">
          <containerEntry>0x0</containerEntry>
        </property>
        <property name="pivotTransform" type="EntityPtr" container="StaticArray" arraySize="1">
          <containerEntry>0x0</containerEntry>
        </property>
        <property name="children" type="EntityHandle" container="List"></property>
        <property name="flags" type="UInt32" container="StaticArray" arraySize="1">
          <containerEntry>7</containerEntry>
        </property>
        <property name="modelFile" type="FilePtr" container="StaticArray" arraySize="1">
          <containerEntry>/Assets/tpp/environ/object/afghanistan/tree/afgh_tree011/scenes/afgh_tree011_vrtn001.fmdl</containerEntry>
        </property>
        <property name="geomFile" type="FilePtr" container="StaticArray" arraySize="1">
          <containerEntry>/Assets/tpp/environ/object/afghanistan/tree/afgh_tree011/scenes/afgh_tree011_vrtn001.geom</containerEntry>
        </property>
        <property name="isVisibleGeom" type="Bool" container="StaticArray" arraySize="1">
          <containerEntry>false</containerEntry>
        </property>
        <property name="isIsolated" type="Bool" container="StaticArray" arraySize="1">
          <containerEntry>false</containerEntry>
        </property>
        <property name="lodFarSize" type="Float" container="StaticArray" arraySize="1">
          <containerEntry>-1</containerEntry>
        </property>
        <property name="lodNearSize" type="Float" container="StaticArray" arraySize="1">
          <containerEntry>-1</containerEntry>
        </property>
        <property name="lodPolygonSize" type="Float" container="StaticArray" arraySize="1">
          <containerEntry>-1</containerEntry>
        </property>
        <property name="color" type="Color" container="StaticArray" arraySize="1">
          <containerEntry r="1" g="1" b="1" a="1"></containerEntry>
        </property>
        <property name="drawRejectionLevel" type="Int32" container="StaticArray" arraySize="1">
          <containerEntry>8</containerEntry>
        </property>
        <property name="drawMode" type="Int32" container="StaticArray" arraySize="1">
          <containerEntry>0</containerEntry>
        </property>
        <property name="rejectFarRangeShadowCast" type="Int32" container="StaticArray" arraySize="1">
          <containerEntry>2</containerEntry>
        </property>
      </staticProperties>
      <dynamicProperties></dynamicProperties>
    </entity>
    <entity class="TransformEntity" classVersion="0" classID="0x50" addr="0x317B290" id="0xEE98F8">
      <staticProperties>
        <property name="owner" type="EntityHandle" container="StaticArray" arraySize="1">
          <containerEntry>0x317B220</containerEntry>
        </property>
        <property name="transform_scale" type="Vector3" container="StaticArray" arraySize="1">
          <containerEntry x="0.541429" y="0.541429" z="0.541429" w="0"></containerEntry>
        </property>
        <property name="transform_rotation_quat" type="Quat" container="StaticArray" arraySize="1">
          <containerEntry x="0" y="-0.169418" z="0" w="-0.985544"></containerEntry>
        </property>
        <property name="transform_translation" type="Vector3" container="StaticArray" arraySize="1">
          <containerEntry x="521.9638" y="356.7362" z="1535.1046" w="0"></containerEntry>
        </property>
      </staticProperties>
      <dynamicProperties></dynamicProperties>
    </entity>
    <entity class="StaticModelArray" classVersion="4" classID="0xD0" addr="0x3350710" id="0x0">
      <staticProperties>
        <property name="name" type="String" container="StaticArray" arraySize="1">
          <containerEntry>StaticModelArray0000</containerEntry>
        </property>
        <property name="dataSet" type="EntityHandle" container="StaticArray" arraySize="1">
          <containerEntry>0x3352EE0</containerEntry>
        </property>
        <property name="modelFile" type="FilePtr" container="StaticArray" arraySize="1">
          <containerEntry>/Assets/tpp/environ/object/afghanistan/cliff/afgh_clff022/scenes/afgh_clff022_vrtn003.fmdl</containerEntry>
        </property>
        <property name="geomFile" type="FilePtr" container="StaticArray" arraySize="1">
          <containerEntry>/Assets/tpp/environ/object/afghanistan/cliff/afgh_clff022/scenes/afgh_clff022_vrtn003.geom</containerEntry>
        </property>
        <property name="isVisibleGeom" type="Bool" container="StaticArray" arraySize="1">
          <containerEntry>false</containerEntry>
        </property>
        <property name="lodFarSize" type="Float" container="StaticArray" arraySize="1">
          <containerEntry>-1</containerEntry>
        </property>
        <property name="lodNearSize" type="Float" container="StaticArray" arraySize="1">
          <containerEntry>-1</containerEntry>
        </property>
        <property name="lodPolygonSize" type="Float" container="StaticArray" arraySize="1">
          <containerEntry>-1</containerEntry>
        </property>
        <property name="drawRejectionLevel" type="Int32" container="StaticArray" arraySize="1">
          <containerEntry>8</containerEntry>
        </property>
        <property name="drawMode" type="Int32" container="StaticArray" arraySize="1">
          <containerEntry>0</containerEntry>
        </property>
        <property name="rejectFarRangeShadowCast" type="Int32" container="StaticArray" arraySize="1">
          <containerEntry>2</containerEntry>
        </property>
        <property name="parentLocator" type="EntityLink" container="StaticArray" arraySize="1">
          <containerEntry packagePathHash="0xB8A0BF169F98" archivePathHash="0xB8A0BF169F98" nameInArchiveHash="0xB8A0BF169F98">0x0</containerEntry>
        </property>
        <property name="transforms" type="Matrix4" container="DynamicArray" arraySize="3">
          <containerEntry r11="0.30870253" r12="0" r13="0.9511589" r14="0" r21="0" r22="1" r23="0" r24="0" r31="-0.9511589" r32="0" r33="0.30870253" r34="0" r41="622.748" r42="345.81885" r43="1503.5723" r44="1"></containerEntry>
          <containerEntry r11="-0.2588339" r12="0" r13="0.96592134" r14="0" r21="0" r22="1" r23="0" r24="0" r31="-0.96592134" r32="0" r33="-0.2588339" r34="0" r41="611.2803" r42="348.6695" r43="1494.7944" r44="1"></containerEntry>
          <containerEntry r11="-0.8660184" r12="0" r13="-0.5000144" r14="0" r21="0" r22="1" r23="0" r24="0" r31="0.5000144" r32="0" r33="-0.8660184" r34="0" r41="570.6486" r42="351.6245" r43="1470.3032" r44="1"></containerEntry>
        </property>
        <property name="colors" type="UInt32" container="DynamicArray" arraySize="3">
          <containerEntry>4294967295</containerEntry>
          <containerEntry>4294967295</containerEntry>
          <containerEntry>4294967295</containerEntry>
        </property>
      </staticProperties>
      <dynamicProperties></dynamicProperties>
    </entity>
    <entity class="StaticModelArray" classVersion="4" classID="0xD0" addr="0x3350780" id="0x0">
      <staticProperties>
        <property name="name" type="String" container="StaticArray" arraySize="1">
          <containerEntry>StaticModelArray0001</containerEntry>
        </property>
        <property name="dataSet" type="EntityHandle" container="StaticArray" arraySize="1">
          <containerEntry>0x3352EE0</containerEntry>
        </property>
        <property name="modelFile" type="FilePtr" container="StaticArray" arraySize="1">
          <containerEntry>/Assets/tpp/environ/object/afghanistan/cliff/afgh_clff022/scenes/afgh_clff022_vrtn001.fmdl</containerEntry>
        </property>
        <property name="geomFile" type="FilePtr" container="StaticArray" arraySize="1">
          <containerEntry>/Assets/tpp/environ/object/afghanistan/cliff/afgh_clff022/scenes/afgh_clff022_vrtn001.geom</containerEntry>
        </property>
        <property name="isVisibleGeom" type="Bool" container="StaticArray" arraySize="1">
          <containerEntry>false</containerEntry>
        </property>
        <property name="lodFarSize" type="Float" container="StaticArray" arraySize="1">
          <containerEntry>-1</containerEntry>
        </property>
        <property name="lodNearSize" type="Float" container="StaticArray" arraySize="1">
          <containerEntry>-1</containerEntry>
        </property>
        <property name="lodPolygonSize" type="Float" container="StaticArray" arraySize="1">
          <containerEntry>-1</containerEntry>
        </property>
        <property name="drawRejectionLevel" type="Int32" container="StaticArray" arraySize="1">
          <containerEntry>8</containerEntry>
        </property>
        <property name="drawMode" type="Int32" container="StaticArray" arraySize="1">
          <containerEntry>0</containerEntry>
        </property>
        <property name="rejectFarRangeShadowCast" type="Int32" container="StaticArray" arraySize="1">
          <containerEntry>2</containerEntry>
        </property>
        <property name="parentLocator" type="EntityLink" container="StaticArray" arraySize="1">
          <containerEntry packagePathHash="0xB8A0BF169F98" archivePathHash="0xB8A0BF169F98" nameInArchiveHash="0xB8A0BF169F98">0x0</containerEntry>
        </property>
        <property name="transforms" type="Matrix4" container="DynamicArray" arraySize="2">
          <containerEntry r11="1.092437" r12="0" r13="-0.47189143" r14="0" r21="0" r22="1.19" r23="0" r24="0" r31="0.47189143" r32="0" r33="1.092437" r34="0" r41="605.75464" r42="348.93283" r43="1434.0547" r44="1"></containerEntry>
          <containerEntry r11="1.092437" r12="0" r13="-0.47189143" r14="0" r21="0" r22="1.19" r23="0" r24="0" r31="0.47189143" r32="0" r33="1.092437" r34="0" r41="600.14496" r42="348.93283" r43="1425.4879" r44="1"></containerEntry>
        </property>
        <property name="colors" type="UInt32" container="DynamicArray" arraySize="2">
          <containerEntry>4294967295</containerEntry>
          <containerEntry>4294967295</containerEntry>
        </property>
      </staticProperties>
      <dynamicProperties></dynamicProperties>
    </entity>
    <entity class="StaticModelArray" classVersion="4" classID="0xD0" addr="0x33507F0" id="0x0">
      <staticProperties>
        <property name="name" type="String" container="StaticArray" arraySize="1">
          <containerEntry>StaticModelArray0002</containerEntry>
        </property>
        <property name="dataSet" type="EntityHandle" container="StaticArray" arraySize="1">
          <containerEntry>0x3352EE0</containerEntry>
        </property>
        <property name="modelFile" type="FilePtr" container="StaticArray" arraySize="1">
          <containerEntry>/Assets/tpp/environ/object/afghanistan/rock/afgh_rock010/scenes/afgh_rock010.fmdl</containerEntry>
        </property>
        <property name="geomFile" type="FilePtr" container="StaticArray" arraySize="1">
          <containerEntry>/Assets/tpp/environ/object/afghanistan/rock/afgh_rock010/scenes/afgh_rock010.geom</containerEntry>
        </property>
        <property name="isVisibleGeom" type="Bool" container="StaticArray" arraySize="1">
          <containerEntry>false</containerEntry>
        </property>
        <property name="lodFarSize" type="Float" container="StaticArray" arraySize="1">
          <containerEntry>-1</containerEntry>
        </property>
        <property name="lodNearSize" type="Float" container="StaticArray" arraySize="1">
          <containerEntry>-1</containerEntry>
        </property>
        <property name="lodPolygonSize" type="Float" container="StaticArray" arraySize="1">
          <containerEntry>-1</containerEntry>
        </property>
        <property name="drawRejectionLevel" type="Int32" container="StaticArray" arraySize="1">
          <containerEntry>8</containerEntry>
        </property>
        <property name="drawMode" type="Int32" container="StaticArray" arraySize="1">
          <containerEntry>0</containerEntry>
        </property>
        <property name="rejectFarRangeShadowCast" type="Int32" container="StaticArray" arraySize="1">
          <containerEntry>2</containerEntry>
        </property>
        <property name="parentLocator" type="EntityLink" container="StaticArray" arraySize="1">
          <containerEntry packagePathHash="0xB8A0BF169F98" archivePathHash="0xB8A0BF169F98" nameInArchiveHash="0xB8A0BF169F98">0x0</containerEntry>
        </property>
        <property name="transforms" type="Matrix4" container="DynamicArray" arraySize="6">
          <containerEntry r11="-0.9761506" r12="0.19370568" r13="-0.097995766" r14="0" r21="0.2056942" r22="0.9696304" r23="-0.13231298" r24="0" r31="0.06938986" r32="-0.14931491" r33="-0.98634934" r34="0" r41="608.3987" r42="352.66373" r43="1519.8822" r44="1"></containerEntry>
          <containerEntry r11="-1.2277917" r12="-0.1736725" r13="-0.6605977" r14="0" r21="-0.11487919" r22="1.3919736" r23="-0.15243733" r24="0" r31="0.6733158" r32="-0.07919745" r33="-1.2306086" r34="0" r41="574.98267" r42="346.81747" r43="1476.9707" r44="1"></containerEntry>
          <containerEntry r11="-0.67734134" r12="-0.020318799" r13="-0.7353881" r14="0" r21="0.05361872" r22="0.9955964" r23="-0.076894775" r24="0" r31="0.73371214" r32="-0.09151459" r33="-0.67326915" r34="0" r41="536.7314" r42="356.4039" r43="1434.1938" r44="1"></containerEntry>
          <containerEntry r11="0.31646216" r12="-0.35173512" r13="-0.8809837" r14="0" r21="0.2933483" r22="0.9194803" r23="-0.2617299" r24="0" r31="0.90210676" r32="-0.17560807" r33="0.39416182" r34="0" r41="547.1184" r42="353.94684" r43="1486.2065" r44="1"></containerEntry>
          <containerEntry r11="-0.2742553" r12="0.087161176" r13="-0.95769966" r14="0" r21="0.09217521" r22="0.9936813" r23="0.06403992" r24="0" r31="0.9572301" r32="-0.07071287" r33="-0.2805565" r34="0" r41="630.8495" r42="345.46024" r43="1422.1317" r44="1"></containerEntry>
          <containerEntry r11="0.13304426" r12="-0.020317912" r13="0.99090165" r14="0" r21="-0.08802656" r22="0.99559647" r23="0.03223312" r24="0" r31="-0.98719305" r32="-0.0915141" r33="0.13066989" r34="0" r41="536.92914" r42="356.4039" r43="1423.8383" r44="1"></containerEntry>
        </property>
        <property name="colors" type="UInt32" container="DynamicArray" arraySize="6">
          <containerEntry>4294967295</containerEntry>
          <containerEntry>4294967295</containerEntry>
          <containerEntry>4294967295</containerEntry>
          <containerEntry>4294967295</containerEntry>
          <containerEntry>4294967295</containerEntry>
          <containerEntry>4294967295</containerEntry>
        </property>
      </staticProperties>
      <dynamicProperties></dynamicProperties>
    </entity>
    <entity class="StaticModelArray" classVersion="4" classID="0xD0" addr="0x33508D0" id="0x0">
      <staticProperties>
        <property name="name" type="String" container="StaticArray" arraySize="1">
          <containerEntry>StaticModelArray0003</containerEntry>
        </property>
        <property name="dataSet" type="EntityHandle" container="StaticArray" arraySize="1">
          <containerEntry>0x3352EE0</containerEntry>
        </property>
        <property name="modelFile" type="FilePtr" container="StaticArray" arraySize="1">
          <containerEntry>/Assets/tpp/environ/object/afghanistan/cliff/afgh_clff022/scenes/afgh_clff022_vrtn004.fmdl</containerEntry>
        </property>
        <property name="geomFile" type="FilePtr" container="StaticArray" arraySize="1">
          <containerEntry>/Assets/tpp/environ/object/afghanistan/cliff/afgh_clff022/scenes/afgh_clff022_vrtn004.geom</containerEntry>
        </property>
        <property name="isVisibleGeom" type="Bool" container="StaticArray" arraySize="1">
          <containerEntry>false</containerEntry>
        </property>
        <property name="lodFarSize" type="Float" container="StaticArray" arraySize="1">
          <containerEntry>-1</containerEntry>
        </property>
        <property name="lodNearSize" type="Float" container="StaticArray" arraySize="1">
          <containerEntry>-1</containerEntry>
        </property>
        <property name="lodPolygonSize" type="Float" container="StaticArray" arraySize="1">
          <containerEntry>-1</containerEntry>
        </property>
        <property name="drawRejectionLevel" type="Int32" container="StaticArray" arraySize="1">
          <containerEntry>8</containerEntry>
        </property>
        <property name="drawMode" type="Int32" container="StaticArray" arraySize="1">
          <containerEntry>0</containerEntry>
        </property>
        <property name="rejectFarRangeShadowCast" type="Int32" container="StaticArray" arraySize="1">
          <containerEntry>2</containerEntry>
        </property>
        <property name="parentLocator" type="EntityLink" container="StaticArray" arraySize="1">
          <containerEntry packagePathHash="0xB8A0BF169F98" archivePathHash="0xB8A0BF169F98" nameInArchiveHash="0xB8A0BF169F98">0x0</containerEntry>
        </property>
        <property name="transforms" type="Matrix4" container="DynamicArray" arraySize="4">
          <containerEntry r11="-0.5967891" r12="0.059736263" r13="-0.800171" r14="0" r21="0.035714056" r22="0.9982142" r23="0.04788459" r24="0" r31="0.8016025" r32="-3.7066602e-07" r33="-0.5978568" r34="0" r41="557.9151" r42="353.57056" r43="1455.1224" r44="1"></containerEntry>
          <containerEntry r11="-0.07390853" r12="0.008592226" r13="-0.99722666" r14="0" r21="0.01708385" r22="0.999827" r23="0.0073484695" r24="0" r31="0.99711734" r32="-0.01649336" r33="-0.074042544" r34="0" r41="544.24945" r42="356.17896" r43="1433.654" r44="1"></containerEntry>
          <containerEntry r11="0.8725448" r12="-0.0024218964" r13="-0.4885279" r14="0" r21="0.011120256" r22="0.9998271" r23="0.014904855" r24="0" r31="0.4884073" r32="-0.018437712" r33="0.8724209" r34="0" r41="629.0479" r42="345.57617" r43="1428.3096" r44="1"></containerEntry>
          <containerEntry r11="-0.9133252" r12="-0.0057279756" r13="-0.40719014" r14="0" r21="-0.0019401743" r22="0.99995095" r23="-0.009714595" r24="0" r31="0.4072258" r32="-0.0080825575" r33="-0.9132915" r34="0" r41="590.2307" r42="348.03278" r43="1481.9481" r44="1"></containerEntry>
        </property>
        <property name="colors" type="UInt32" container="DynamicArray" arraySize="4">
          <containerEntry>4294967295</containerEntry>
          <containerEntry>4294967295</containerEntry>
          <containerEntry>4294967295</containerEntry>
          <containerEntry>4294967295</containerEntry>
        </property>
      </staticProperties>
      <dynamicProperties></dynamicProperties>
    </entity>
    <entity class="StaticModelArray" classVersion="4" classID="0xD0" addr="0x3350860" id="0x0">
      <staticProperties>
        <property name="name" type="String" container="StaticArray" arraySize="1">
          <containerEntry>StaticModelArray0004</containerEntry>
        </property>
        <property name="dataSet" type="EntityHandle" container="StaticArray" arraySize="1">
          <containerEntry>0x3352EE0</containerEntry>
        </property>
        <property name="modelFile" type="FilePtr" container="StaticArray" arraySize="1">
          <containerEntry>/Assets/tpp/environ/object/afghanistan/rock/afgh_rock010/scenes/afgh_rock010_vrtn001.fmdl</containerEntry>
        </property>
        <property name="geomFile" type="FilePtr" container="StaticArray" arraySize="1">
          <containerEntry>/Assets/tpp/environ/object/afghanistan/rock/afgh_rock010/scenes/afgh_rock010_vrtn001.geom</containerEntry>
        </property>
        <property name="isVisibleGeom" type="Bool" container="StaticArray" arraySize="1">
          <containerEntry>false</containerEntry>
        </property>
        <property name="lodFarSize" type="Float" container="StaticArray" arraySize="1">
          <containerEntry>-1</containerEntry>
        </property>
        <property name="lodNearSize" type="Float" container="StaticArray" arraySize="1">
          <containerEntry>-1</containerEntry>
        </property>
        <property name="lodPolygonSize" type="Float" container="StaticArray" arraySize="1">
          <containerEntry>-1</containerEntry>
        </property>
        <property name="drawRejectionLevel" type="Int32" container="StaticArray" arraySize="1">
          <containerEntry>8</containerEntry>
        </property>
        <property name="drawMode" type="Int32" container="StaticArray" arraySize="1">
          <containerEntry>0</containerEntry>
        </property>
        <property name="rejectFarRangeShadowCast" type="Int32" container="StaticArray" arraySize="1">
          <containerEntry>2</containerEntry>
        </property>
        <property name="parentLocator" type="EntityLink" container="StaticArray" arraySize="1">
          <containerEntry packagePathHash="0xB8A0BF169F98" archivePathHash="0xB8A0BF169F98" nameInArchiveHash="0xB8A0BF169F98">0x0</containerEntry>
        </property>
        <property name="transforms" type="Matrix4" container="DynamicArray" arraySize="9">
          <containerEntry r11="-0.9676355" r12="-0.18413122" r13="-0.17255649" r14="0" r21="-0.17884628" r22="0.98280925" r23="-0.0458258" r24="0" r31="0.17802808" r32="-0.013481637" r33="-0.9839324" r34="0" r41="555.77374" r42="344.35443" r43="1430.2688" r44="1"></containerEntry>
          <containerEntry r11="0.9999426" r12="0.0004714101" r13="0.010702127" r14="0" r21="-0.00016051404" r22="0.9995785" r23="-0.029032208" r24="0" r31="-0.010711302" r32="0.029028825" r33="0.9995212" r34="0" r41="555.6816" r42="343.56213" r43="1419.1401" r44="1"></containerEntry>
          <containerEntry r11="0.6153243" r12="-0.78780365" r13="0.027219623" r14="0" r21="0.14366183" r22="0.1460281" r23="0.978793" r24="0" r31="-0.7750721" r32="-0.5983645" r33="0.20303224" r34="0" r41="567.3684" r42="339.7806" r43="1411.8162" r44="1"></containerEntry>
          <containerEntry r11="-0.971167" r12="-0.046256755" r13="0.2338685" r14="0" r21="-0.047424242" r22="0.99887466" r23="0.00063252356" r24="0" r31="-0.23363458" r32="-0.01047674" r33="-0.9722678" r34="0" r41="595.2822" r42="341.3632" r43="1409.1624" r44="1"></containerEntry>
          <containerEntry r11="-0.56062347" r12="-0.66800445" r13="-0.48935872" r14="0" r21="0.13077849" r22="0.51212037" r23="-0.8488992" r24="0" r31="0.817679" r32="-0.53991014" r33="-0.19974625" r34="0" r41="633.9798" r42="338.5576" r43="1504.7839" r44="1"></containerEntry>
          <containerEntry r11="-0.8311371" r12="-0.5359407" r13="-0.14825276" r14="0" r21="-0.47623056" r22="0.82368535" r23="-0.3078099" r24="0" r31="0.28708148" r32="-0.18522969" r33="-0.93982685" r34="0" r41="529.23035" r42="359.49936" r43="1460.369" r44="1"></containerEntry>
          <containerEntry r11="-0.1981505" r12="-0.44157678" r13="-0.87506795" r14="0" r21="-0.21315606" r22="0.8908183" r23="-0.40125686" r24="0" r31="0.95671237" r32="0.107016504" r33="-0.2706408" r34="0" r41="556.33136" r42="354.16986" r43="1459.9742" r44="1"></containerEntry>
          <containerEntry r11="0.17721549" r12="-0.9752454" r13="-0.13224995" r14="0" r21="-0.98089594" r22="-0.1640681" r23="-0.10451457" r24="0" r31="0.08022932" r32="0.14824507" r33="-0.98568964" r34="0" r41="597.67224" r42="353.92328" r43="1514.3118" r44="1"></containerEntry>
          <containerEntry r11="0.069189474" r12="-0.7481841" r13="-0.6598718" r14="0" r21="-0.008002311" r22="0.66102076" r23="-0.7503243" r24="0" r31="0.99757016" r32="0.057194114" r33="0.039748847" r34="0" r41="622.0656" r42="345.69064" r43="1511.0984" r44="1"></containerEntry>
        </property>
        <property name="colors" type="UInt32" container="DynamicArray" arraySize="9">
          <containerEntry>4294967295</containerEntry>
          <containerEntry>4294967295</containerEntry>
          <containerEntry>4294967295</containerEntry>
          <containerEntry>4294967295</containerEntry>
          <containerEntry>4294967295</containerEntry>
          <containerEntry>4294967295</containerEntry>
          <containerEntry>4294967295</containerEntry>
          <containerEntry>4294967295</containerEntry>
          <containerEntry>4294967295</containerEntry>
        </property>
      </staticProperties>
      <dynamicProperties></dynamicProperties>
    </entity>
    <entity class="StaticModelArray" classVersion="4" classID="0xD0" addr="0x3350940" id="0x0">
      <staticProperties>
        <property name="name" type="String" container="StaticArray" arraySize="1">
          <containerEntry>StaticModelArray0005</containerEntry>
        </property>
        <property name="dataSet" type="EntityHandle" container="StaticArray" arraySize="1">
          <containerEntry>0x3352EE0</containerEntry>
        </property>
        <property name="modelFile" type="FilePtr" container="StaticArray" arraySize="1">
          <containerEntry>/Assets/tpp/environ/object/afghanistan/cliff/afgh_clff025/scenes/afgh_clff025.fmdl</containerEntry>
        </property>
        <property name="geomFile" type="FilePtr" container="StaticArray" arraySize="1">
          <containerEntry>/Assets/tpp/environ/object/afghanistan/cliff/afgh_clff025/scenes/afgh_clff025.geom</containerEntry>
        </property>
        <property name="isVisibleGeom" type="Bool" container="StaticArray" arraySize="1">
          <containerEntry>false</containerEntry>
        </property>
        <property name="lodFarSize" type="Float" container="StaticArray" arraySize="1">
          <containerEntry>-1</containerEntry>
        </property>
        <property name="lodNearSize" type="Float" container="StaticArray" arraySize="1">
          <containerEntry>-1</containerEntry>
        </property>
        <property name="lodPolygonSize" type="Float" container="StaticArray" arraySize="1">
          <containerEntry>-1</containerEntry>
        </property>
        <property name="drawRejectionLevel" type="Int32" container="StaticArray" arraySize="1">
          <containerEntry>8</containerEntry>
        </property>
        <property name="drawMode" type="Int32" container="StaticArray" arraySize="1">
          <containerEntry>0</containerEntry>
        </property>
        <property name="rejectFarRangeShadowCast" type="Int32" container="StaticArray" arraySize="1">
          <containerEntry>2</containerEntry>
        </property>
        <property name="parentLocator" type="EntityLink" container="StaticArray" arraySize="1">
          <containerEntry packagePathHash="0xB8A0BF169F98" archivePathHash="0xB8A0BF169F98" nameInArchiveHash="0xB8A0BF169F98">0x0</containerEntry>
        </property>
        <property name="transforms" type="Matrix4" container="DynamicArray" arraySize="11">
          <containerEntry r11="-0.96093065" r12="0.022464577" r13="-0.27585915" r14="0" r21="0.0062225396" r22="0.99820215" r23="0.05961265" r24="0" r31="0.27670237" r32="0.05556735" r33="-0.95934284" r34="0" r41="634.73706" r42="329.5455" r43="1476.8186" r44="1"></containerEntry>
          <containerEntry r11="0.76560783" r12="-0.3490249" r13="0.5403943" r14="0" r21="0.30220842" r22="0.9366971" r23="0.1768291" r24="0" r31="-0.5679035" r32="0.027930066" r33="0.822621" r34="0" r41="589.5305" r42="336.80682" r43="1447.5159" r44="1"></containerEntry>
          <containerEntry r11="-0.96432084" r12="0.19284755" r13="-0.18135388" r14="0" r21="0.1799154" r22="0.97996795" r23="0.08540034" r24="0" r31="0.19419025" r32="0.049725175" r33="-0.9796998" r34="0" r41="581.77466" r42="336.86215" r43="1459.1392" r44="1"></containerEntry>
          <containerEntry r11="-0.8596988" r12="0.14148368" r13="-0.49081495" r14="0" r21="0.120585516" r22="0.9899301" r23="0.07414537" r24="0" r31="0.49636284" r32="0.0045575276" r33="-0.8681026" r34="0" r41="593.0081" r42="334.464" r43="1461.7408" r44="1"></containerEntry>
          <containerEntry r11="0.986041" r12="-0.12677976" r13="0.10793485" r14="0" r21="0.12842494" r22="0.9916836" r23="-0.008401793" r24="0" r31="-0.10597204" r32="0.022146083" r33="0.99412245" r34="0" r41="622.6464" r42="330.30887" r43="1455.4362" r44="1"></containerEntry>
          <containerEntry r11="-0.89078754" r12="0.0814403" r13="-0.44705647" r14="0" r21="0.05002175" r22="0.99540406" r23="0.08166097" r24="0" r31="0.45165235" r32="0.050380226" r33="-0.89076734" r34="0" r41="623.88885" r42="330.48956" r43="1475.4775" r44="1"></containerEntry>
          <containerEntry r11="0.9029146" r12="-0.22543353" r13="0.36595714" r14="0" r21="0.20623153" r22="0.97423357" r23="0.09130961" r24="0" r31="-0.37711197" r32="-0.0069726743" r33="0.92614126" r34="0" r41="610.53" r42="332.27518" r43="1452.824" r44="1"></containerEntry>
          <containerEntry r11="0.993898" r12="-0.10926676" r13="0.015086649" r14="0" r21="0.10816209" r22="0.9922638" r23="0.060938977" r24="0" r31="-0.02162855" r32="-0.058935322" r33="0.9980275" r34="0" r41="634.8756" r42="328.6302" r43="1454.6234" r44="1"></containerEntry>
          <containerEntry r11="-0.86703444" r12="0.05241283" r13="-0.49547803" r14="0" r21="0.02266875" r22="0.9975715" r23="0.0658573" r24="0" r31="0.49772656" r32="0.04586885" r33="-0.86611694" r34="0" r41="601.7661" r42="332.51318" r43="1466.6796" r44="1"></containerEntry>
          <containerEntry r11="-0.86703575" r12="0.052411962" r13="-0.49547854" r14="0" r21="0.043240357" r22="0.99861515" r23="0.029967733" r24="0" r31="0.496363" r32="0.004558458" r33="-0.86810136" r34="0" r41="612.826" r42="331.59027" r43="1472.6301" r44="1"></containerEntry>
          <containerEntry r11="0.909229" r12="-0.19315821" r13="0.36877146" r14="0" r21="0.17631999" r22="0.9811428" r23="0.079183295" r24="0" r31="-0.37711236" r32="-0.006973844" r33="0.92614114" r34="0" r41="600.52045" r42="333.59464" r43="1451.7462" r44="1"></containerEntry>
        </property>
        <property name="colors" type="UInt32" container="DynamicArray" arraySize="11">
          <containerEntry>4294967295</containerEntry>
          <containerEntry>4294967295</containerEntry>
          <containerEntry>4294967295</containerEntry>
          <containerEntry>4294967295</containerEntry>
          <containerEntry>4294967295</containerEntry>
          <containerEntry>4294967295</containerEntry>
          <containerEntry>4294967295</containerEntry>
          <containerEntry>4294967295</containerEntry>
          <containerEntry>4294967295</containerEntry>
          <containerEntry>4294967295</containerEntry>
          <containerEntry>4294967295</containerEntry>
        </property>
      </staticProperties>
      <dynamicProperties></dynamicProperties>
    </entity>
    <entity class="StaticModelArray" classVersion="4" classID="0xD0" addr="0x33509B0" id="0x0">
      <staticProperties>
        <property name="name" type="String" container="StaticArray" arraySize="1">
          <containerEntry>StaticModelArray0006</containerEntry>
        </property>
        <property name="dataSet" type="EntityHandle" container="StaticArray" arraySize="1">
          <containerEntry>0x3352EE0</containerEntry>
        </property>
        <property name="modelFile" type="FilePtr" container="StaticArray" arraySize="1">
          <containerEntry>/Assets/tpp/environ/object/afghanistan/rock/afgh_rock011/scenes/afgh_rock011.fmdl</containerEntry>
        </property>
        <property name="geomFile" type="FilePtr" container="StaticArray" arraySize="1">
          <containerEntry>/Assets/tpp/environ/object/afghanistan/rock/afgh_rock011/scenes/afgh_rock011.geom</containerEntry>
        </property>
        <property name="isVisibleGeom" type="Bool" container="StaticArray" arraySize="1">
          <containerEntry>false</containerEntry>
        </property>
        <property name="lodFarSize" type="Float" container="StaticArray" arraySize="1">
          <containerEntry>-1</containerEntry>
        </property>
        <property name="lodNearSize" type="Float" container="StaticArray" arraySize="1">
          <containerEntry>-1</containerEntry>
        </property>
        <property name="lodPolygonSize" type="Float" container="StaticArray" arraySize="1">
          <containerEntry>-1</containerEntry>
        </property>
        <property name="drawRejectionLevel" type="Int32" container="StaticArray" arraySize="1">
          <containerEntry>8</containerEntry>
        </property>
        <property name="drawMode" type="Int32" container="StaticArray" arraySize="1">
          <containerEntry>0</containerEntry>
        </property>
        <property name="rejectFarRangeShadowCast" type="Int32" container="StaticArray" arraySize="1">
          <containerEntry>2</containerEntry>
        </property>
