<fox formatVersion="2" fileVersion="0">
  <entities>
    <entity class="DataSet" classVersion="0" classID="0xE8" addr="0x3303260" id="0x1C17C6">
      <staticProperties>
        <property name="name" type="String" container="StaticArray" arraySize="1">
          <containerEntry hash="0xB8A0BF169F98"></containerEntry>
        </property>
        <property name="dataSet" type="EntityHandle" container="StaticArray" arraySize="1">
          <containerEntry>0x0</containerEntry>
        </property>
        <property name="dataList" type="EntityPtr" container="StringMap" arraySize="17">
          <containerEntry key="StaticModelArray0000">
            <data>0x33001D0</data>
          </containerEntry>
          <containerEntry key="StaticModelArray0001">
            <data>0x3300240</data>
          </containerEntry>
          <containerEntry key="StaticModelArray0002">
            <data>0x33002B0</data>
          </containerEntry>
          <containerEntry key="StaticModelArray0003">
            <data>0x3300320</data>
          </containerEntry>
          <containerEntry key="StaticModelArray0004">
            <data>0x3300390</data>
          </containerEntry>
          <containerEntry key="StaticModelArray0005">
            <data>0x3300470</data>
          </containerEntry>
          <containerEntry key="StaticModelArray0006">
            <data>0x3300400</data>
          </containerEntry>
          <containerEntry key="StaticModelArray0007">
            <data>0x33004E0</data>
          </containerEntry>
          <containerEntry key="StaticModelArray0008">
            <data>0x3300550</data>
          </containerEntry>
          <containerEntry key="StaticModelArray0009">
            <data>0x317F5F0</data>
          </containerEntry>
          <containerEntry key="StaticModelArray0010">
            <data>0x317F6D0</data>
          </containerEntry>
          <containerEntry key="StaticModelArray0011">
            <data>0x33000F0</data>
          </containerEntry>
          <containerEntry key="StaticModelArray0012">
            <data>0x317FA50</data>
          </containerEntry>
          <containerEntry key="StaticModelArray0013">
            <data>0x3177320</data>
          </containerEntry>
          <containerEntry key="StaticModelArray0014">
            <data>0x317F4A0</data>
          </containerEntry>
          <containerEntry key="StaticModelArray0015">
            <data>0x317F580</data>
          </containerEntry>
          <containerEntry key="TexturePackLoadConditioner0000">
            <data>0x33007F0</data>
          </containerEntry>
        </property>
      </staticProperties>
      <dynamicProperties></dynamicProperties>
    </entity>
    <entity class="StaticModelArray" classVersion="4" classID="0xD0" addr="0x33001D0" id="0x0">
      <staticProperties>
        <property name="name" type="String" container="StaticArray" arraySize="1">
          <containerEntry>StaticModelArray0000</containerEntry>
        </property>
        <property name="dataSet" type="EntityHandle" container="StaticArray" arraySize="1">
          <containerEntry>0x3303260</containerEntry>
        </property>
        <property name="modelFile" type="FilePtr" container="StaticArray" arraySize="1">
          <containerEntry>/Assets/tpp/environ/object/afghanistan/tree/afgh_tree011/scenes/afgh_tree011_vrtn002.fmdl</containerEntry>
        </property>
        <property name="geomFile" type="FilePtr" container="StaticArray" arraySize="1">
          <containerEntry>/Assets/tpp/environ/object/afghanistan/tree/afgh_tree011/scenes/afgh_tree011_vrtn002.geom</containerEntry>
        </property>
        <property name="isVisibleGeom" type="Bool" container="StaticArray" arraySize="1">
          <containerEntry>false</containerEntry>
        </property>
        <property name="lodFarSize" type="Float" container="StaticArray" arraySize="1">
          <containerEntry>-1</containerEntry>
        </property>
        <property name="lodNearSize" type="Float" container="StaticArray" arraySize="1">
          <containerEntry>-1</containerEntry>
        </property>
        <property name="lodPolygonSize" type="Float" container="StaticArray" arraySize="1">
          <containerEntry>-1</containerEntry>
        </property>
        <property name="drawRejectionLevel" type="Int32" container="StaticArray" arraySize="1">
          <containerEntry>8</containerEntry>
        </property>
        <property name="drawMode" type="Int32" container="StaticArray" arraySize="1">
          <containerEntry>0</containerEntry>
        </property>
        <property name="rejectFarRangeShadowCast" type="Int32" container="StaticArray" arraySize="1">
          <containerEntry>2</containerEntry>
        </property>
        <property name="parentLocator" type="EntityLink" container="StaticArray" arraySize="1">
          <containerEntry packagePathHash="0xB8A0BF169F98" archivePathHash="0xB8A0BF169F98" nameInArchiveHash="0xB8A0BF169F98">0x0</containerEntry>
        </property>
        <property name="transforms" type="Matrix4" container="DynamicArray" arraySize="2">
          <containerEntry r11="0.9534524" r12="0" r13="-0.013641132" r14="0" r21="0" r22="0.95355" r23="0" r24="0" r31="0.013641132" r32="0" r33="0.9534524" r34="0" r41="1263.8014" r42="358.88696" r43="1193.5428" r44="1"></containerEntry>
          <containerEntry r11="0.52118224" r12="0" r13="0.5462543" r14="0" r21="0" r22="0.755" r23="0" r24="0" r31="-0.5462543" r32="0" r33="0.52118224" r34="0" r41="1248.1155" r42="360.5188" r43="1180.9216" r44="1"></containerEntry>
        </property>
        <property name="colors" type="UInt32" container="DynamicArray" arraySize="2">
          <containerEntry>4294967295</containerEntry>
          <containerEntry>4294967295</containerEntry>
        </property>
      </staticProperties>
      <dynamicProperties></dynamicProperties>
    </entity>
    <entity class="StaticModelArray" classVersion="4" classID="0xD0" addr="0x3300240" id="0x0">
      <staticProperties>
        <property name="name" type="String" container="StaticArray" arraySize="1">
          <containerEntry>StaticModelArray0001</containerEntry>
        </property>
        <property name="dataSet" type="EntityHandle" container="StaticArray" arraySize="1">
          <containerEntry>0x3303260</containerEntry>
        </property>
        <property name="modelFile" type="FilePtr" container="StaticArray" arraySize="1">
          <containerEntry>/Assets/tpp/environ/object/afghanistan/cliff/afgh_clff030/scenes/afgh_clff030_vrtn011.fmdl</containerEntry>
        </property>
        <property name="geomFile" type="FilePtr" container="StaticArray" arraySize="1">
          <containerEntry>/Assets/tpp/environ/object/afghanistan/cliff/afgh_clff030/scenes/afgh_clff030_vrtn011.geom</containerEntry>
        </property>
        <property name="isVisibleGeom" type="Bool" container="StaticArray" arraySize="1">
          <containerEntry>false</containerEntry>
        </property>
        <property name="lodFarSize" type="Float" container="StaticArray" arraySize="1">
          <containerEntry>-1</containerEntry>
        </property>
        <property name="lodNearSize" type="Float" container="StaticArray" arraySize="1">
          <containerEntry>-1</containerEntry>
        </property>
        <property name="lodPolygonSize" type="Float" container="StaticArray" arraySize="1">
          <containerEntry>-1</containerEntry>
        </property>
        <property name="drawRejectionLevel" type="Int32" container="StaticArray" arraySize="1">
          <containerEntry>8</containerEntry>
        </property>
        <property name="drawMode" type="Int32" container="StaticArray" arraySize="1">
          <containerEntry>0</containerEntry>
        </property>
        <property name="rejectFarRangeShadowCast" type="Int32" container="StaticArray" arraySize="1">
          <containerEntry>2</containerEntry>
        </property>
        <property name="parentLocator" type="EntityLink" container="StaticArray" arraySize="1">
          <containerEntry packagePathHash="0xB8A0BF169F98" archivePathHash="0xB8A0BF169F98" nameInArchiveHash="0xB8A0BF169F98">0x0</containerEntry>
        </property>
        <property name="transforms" type="Matrix4" container="DynamicArray" arraySize="3">
          <containerEntry r11="0.24450001" r12="0.11699338" r13="-0.9625658" r14="0" r21="0.17870612" r22="0.9702528" r23="0.1633207" r24="0" r31="0.9530395" r32="-0.21194829" r33="0.21631938" r34="0" r41="1242.8818" r42="333.68793" r43="1245.2189" r44="1"></containerEntry>
          <containerEntry r11="0.35127932" r12="0.23850314" r13="-0.90538377" r14="0" r21="-0.035081074" r22="0.9696841" r23="0.24183068" r24="0" r31="0.9356136" r32="-0.05318839" r33="0.34899694" r34="0" r41="1230.8145" r42="333.26028" r43="1251.6628" r44="1"></containerEntry>
          <containerEntry r11="0.97419345" r12="-0.033462636" r13="0.22322029" r14="0" r21="-0.0061633606" r22="0.98463714" r23="0.17450407" r24="0" r31="-0.22563037" r32="-0.17137653" r33="0.95902085" r34="0" r41="1172" r42="322.86462" r43="1241.61" r44="1"></containerEntry>
        </property>
        <property name="colors" type="UInt32" container="DynamicArray" arraySize="3">
          <containerEntry>4294967295</containerEntry>
          <containerEntry>4294967295</containerEntry>
          <containerEntry>4294967295</containerEntry>
        </property>
      </staticProperties>
      <dynamicProperties></dynamicProperties>
    </entity>
    <entity class="StaticModelArray" classVersion="4" classID="0xD0" addr="0x33002B0" id="0x0">
      <staticProperties>
        <property name="name" type="String" container="StaticArray" arraySize="1">
          <containerEntry>StaticModelArray0002</containerEntry>
        </property>
        <property name="dataSet" type="EntityHandle" container="StaticArray" arraySize="1">
          <containerEntry>0x3303260</containerEntry>
        </property>
        <property name="modelFile" type="FilePtr" container="StaticArray" arraySize="1">
          <containerEntry>/Assets/tpp/environ/object/afghanistan/cliff/afgh_clff007/scenes/afgh_clff007.fmdl</containerEntry>
        </property>
        <property name="geomFile" type="FilePtr" container="StaticArray" arraySize="1">
          <containerEntry>/Assets/tpp/environ/object/afghanistan/cliff/afgh_clff007/scenes/afgh_clff007.geom</containerEntry>
        </property>
        <property name="isVisibleGeom" type="Bool" container="StaticArray" arraySize="1">
          <containerEntry>false</containerEntry>
        </property>
        <property name="lodFarSize" type="Float" container="StaticArray" arraySize="1">
          <containerEntry>-1</containerEntry>
        </property>
        <property name="lodNearSize" type="Float" container="StaticArray" arraySize="1">
          <containerEntry>-1</containerEntry>
        </property>
        <property name="lodPolygonSize" type="Float" container="StaticArray" arraySize="1">
          <containerEntry>-1</containerEntry>
        </property>
        <property name="drawRejectionLevel" type="Int32" container="StaticArray" arraySize="1">
          <containerEntry>8</containerEntry>
        </property>
        <property name="drawMode" type="Int32" container="StaticArray" arraySize="1">
          <containerEntry>0</containerEntry>
        </property>
        <property name="rejectFarRangeShadowCast" type="Int32" container="StaticArray" arraySize="1">
          <containerEntry>2</containerEntry>
        </property>
        <property name="parentLocator" type="EntityLink" container="StaticArray" arraySize="1">
          <containerEntry packagePathHash="0xB8A0BF169F98" archivePathHash="0xB8A0BF169F98" nameInArchiveHash="0xB8A0BF169F98">0x0</containerEntry>
        </property>
        <property name="transforms" type="Matrix4" container="DynamicArray" arraySize="2">
          <containerEntry r11="0.87362725" r12="0" r13="0.48659557" r14="0" r21="0" r22="1" r23="0" r24="0" r31="-0.48659557" r32="0" r33="0.87362725" r34="0" r41="1204.0775" r42="318.57422" r43="1269.2838" r44="1"></containerEntry>
          <containerEntry r11="0.97081083" r12="0.09045511" r13="0.22213537" r14="0" r21="-0.08817641" r22="0.9959006" r23="-0.02017545" r24="0" r31="-0.2230497" r32="-5.867332e-07" r33="0.974807" r34="0" r41="1214.619" r42="318.9897" r43="1272.689" r44="1"></containerEntry>
        </property>
        <property name="colors" type="UInt32" container="DynamicArray" arraySize="2">
          <containerEntry>4294967295</containerEntry>
          <containerEntry>4294967295</containerEntry>
        </property>
      </staticProperties>
      <dynamicProperties></dynamicProperties>
    </entity>
    <entity class="StaticModelArray" classVersion="4" classID="0xD0" addr="0x3300320" id="0x0">
      <staticProperties>
        <property name="name" type="String" container="StaticArray" arraySize="1">
          <containerEntry>StaticModelArray0003</containerEntry>
        </property>
        <property name="dataSet" type="EntityHandle" container="StaticArray" arraySize="1">
          <containerEntry>0x3303260</containerEntry>
        </property>
        <property name="modelFile" type="FilePtr" container="StaticArray" arraySize="1">
          <containerEntry>/Assets/tpp/environ/object/afghanistan/cliff/afgh_clff035/scenes/afgh_clff035_vrtn003.fmdl</containerEntry>
        </property>
        <property name="geomFile" type="FilePtr" container="StaticArray" arraySize="1">
          <containerEntry>/Assets/tpp/environ/object/afghanistan/cliff/afgh_clff035/scenes/afgh_clff035_vrtn003.geom</containerEntry>
        </property>
        <property name="isVisibleGeom" type="Bool" container="StaticArray" arraySize="1">
          <containerEntry>false</containerEntry>
        </property>
        <property name="lodFarSize" type="Float" container="StaticArray" arraySize="1">
          <containerEntry>-1</containerEntry>
        </property>
        <property name="lodNearSize" type="Float" container="StaticArray" arraySize="1">
          <containerEntry>-1</containerEntry>
        </property>
        <property name="lodPolygonSize" type="Float" container="StaticArray" arraySize="1">
          <containerEntry>-1</containerEntry>
        </property>
        <property name="drawRejectionLevel" type="Int32" container="StaticArray" arraySize="1">
          <containerEntry>8</containerEntry>
        </property>
        <property name="drawMode" type="Int32" container="StaticArray" arraySize="1">
          <containerEntry>0</containerEntry>
        </property>
        <property name="rejectFarRangeShadowCast" type="Int32" container="StaticArray" arraySize="1">
          <containerEntry>2</containerEntry>
        </property>
        <property name="parentLocator" type="EntityLink" container="StaticArray" arraySize="1">
          <containerEntry packagePathHash="0xB8A0BF169F98" archivePathHash="0xB8A0BF169F98" nameInArchiveHash="0xB8A0BF169F98">0x0</containerEntry>
        </property>
        <property name="transforms" type="Matrix4" container="DynamicArray" arraySize="2">
          <containerEntry r11="0.9677633" r12="0" r13="0.2518613" r14="0" r21="0" r22="1" r23="0" r24="0" r31="-0.2518613" r32="0" r33="0.9677633" r34="0" r41="1221.9944" r42="330.62198" r43="1265.8354" r44="1"></containerEntry>
          <containerEntry r11="0.7101092" r12="0.039696448" r13="0.70297176" r14="0" r21="-0.028210653" r22="0.9992118" r23="-0.02792789" r24="0" r31="-0.7035263" r32="5.690381e-07" r33="0.71066934" r34="0" r41="1195.9678" r42="328.38724" r43="1251.386" r44="1"></containerEntry>
        </property>
        <property name="colors" type="UInt32" container="DynamicArray" arraySize="2">
          <containerEntry>4294967295</containerEntry>
          <containerEntry>4294967295</containerEntry>
        </property>
      </staticProperties>
      <dynamicProperties></dynamicProperties>
    </entity>
    <entity class="StaticModelArray" classVersion="4" classID="0xD0" addr="0x3300390" id="0x0">
      <staticProperties>
        <property name="name" type="String" container="StaticArray" arraySize="1">
          <containerEntry>StaticModelArray0004</containerEntry>
        </property>
        <property name="dataSet" type="EntityHandle" container="StaticArray" arraySize="1">
          <containerEntry>0x3303260</containerEntry>
        </property>
        <property name="modelFile" type="FilePtr" container="StaticArray" arraySize="1">
          <containerEntry>/Assets/tpp/environ/object/afghanistan/rock/afgh_rock001/scenes/afgh_rock001.fmdl</containerEntry>
        </property>
        <property name="geomFile" type="FilePtr" container="StaticArray" arraySize="1">
          <containerEntry>/Assets/tpp/environ/object/afghanistan/rock/afgh_rock001/scenes/afgh_rock001.geom</containerEntry>
        </property>
        <property name="isVisibleGeom" type="Bool" container="StaticArray" arraySize="1">
          <containerEntry>false</containerEntry>
        </property>
        <property name="lodFarSize" type="Float" container="StaticArray" arraySize="1">
          <containerEntry>50</containerEntry>
        </property>
        <property name="lodNearSize" type="Float" container="StaticArray" arraySize="1">
          <containerEntry>400</containerEntry>
        </property>
        <property name="lodPolygonSize" type="Float" container="StaticArray" arraySize="1">
          <containerEntry>-1</containerEntry>
        </property>
        <property name="drawRejectionLevel" type="Int32" container="StaticArray" arraySize="1">
          <containerEntry>8</containerEntry>
        </property>
        <property name="drawMode" type="Int32" container="StaticArray" arraySize="1">
          <containerEntry>0</containerEntry>
        </property>
        <property name="rejectFarRangeShadowCast" type="Int32" container="StaticArray" arraySize="1">
          <containerEntry>2</containerEntry>
        </property>
        <property name="parentLocator" type="EntityLink" container="StaticArray" arraySize="1">
          <containerEntry packagePathHash="0xB8A0BF169F98" archivePathHash="0xB8A0BF169F98" nameInArchiveHash="0xB8A0BF169F98">0x0</containerEntry>
        </property>
        <property name="transforms" type="Matrix4" container="DynamicArray" arraySize="3">
          <containerEntry r11="0.17430463" r12="0.9812521" r13="0.082252175" r14="0" r21="0.054941267" r22="-0.09309423" r23="0.9941424" r24="0" r31="0.98315954" r32="-0.16876623" r33="-0.07013962" r34="0" r41="1189.5922" r42="345.29337" r43="1176.1562" r44="1"></containerEntry>
          <containerEntry r11="-0.119568184" r12="0.3465303" r13="-0.93038845" r14="0" r21="-0.22602369" r22="0.90300214" r23="0.36537746" r24="0" r31="0.96675706" r32="0.25397667" r33="-0.029646456" r34="0" r41="1160.1366" r42="342.64072" r43="1160.2932" r44="1"></containerEntry>
          <containerEntry r11="0.6175557" r12="0.20909297" r13="0.7582255" r14="0" r21="0.038433887" r22="0.95484227" r23="-0.294617" r24="0" r31="-0.7855881" r32="0.21108401" r33="0.581632" r34="0" r41="1264.993" r42="357.40982" r43="1150.776" r44="1"></containerEntry>
        </property>
        <property name="colors" type="UInt32" container="DynamicArray" arraySize="3">
          <containerEntry>4294967295</containerEntry>
          <containerEntry>4294967295</containerEntry>
          <containerEntry>4294967295</containerEntry>
        </property>
      </staticProperties>
      <dynamicProperties></dynamicProperties>
    </entity>
    <entity class="StaticModelArray" classVersion="4" classID="0xD0" addr="0x3300470" id="0x0">
      <staticProperties>
        <property name="name" type="String" container="StaticArray" arraySize="1">
          <containerEntry>StaticModelArray0005</containerEntry>
        </property>
        <property name="dataSet" type="EntityHandle" container="StaticArray" arraySize="1">
          <containerEntry>0x3303260</containerEntry>
        </property>
        <property name="modelFile" type="FilePtr" container="StaticArray" arraySize="1">
          <containerEntry>/Assets/tpp/environ/object/afghanistan/rock/afgh_rock001/scenes/afgh_rock001.fmdl</containerEntry>
        </property>
        <property name="geomFile" type="FilePtr" container="StaticArray" arraySize="1">
          <containerEntry>/Assets/tpp/environ/object/afghanistan/rock/afgh_rock001/scenes/afgh_rock001.geom</containerEntry>
        </property>
        <property name="isVisibleGeom" type="Bool" container="StaticArray" arraySize="1">
          <containerEntry>false</containerEntry>
        </property>
        <property name="lodFarSize" type="Float" container="StaticArray" arraySize="1">
          <containerEntry>-1</containerEntry>
        </property>
        <property name="lodNearSize" type="Float" container="StaticArray" arraySize="1">
          <containerEntry>-1</containerEntry>
        </property>
        <property name="lodPolygonSize" type="Float" container="StaticArray" arraySize="1">
          <containerEntry>-1</containerEntry>
        </property>
        <property name="drawRejectionLevel" type="Int32" container="StaticArray" arraySize="1">
          <containerEntry>8</containerEntry>
        </property>
        <property name="drawMode" type="Int32" container="StaticArray" arraySize="1">
          <containerEntry>0</containerEntry>
        </property>
        <property name="rejectFarRangeShadowCast" type="Int32" container="StaticArray" arraySize="1">
          <containerEntry>2</containerEntry>
        </property>
        <property name="parentLocator" type="EntityLink" container="StaticArray" arraySize="1">
          <containerEntry packagePathHash="0xB8A0BF169F98" archivePathHash="0xB8A0BF169F98" nameInArchiveHash="0xB8A0BF169F98">0x0</containerEntry>
        </property>
        <property name="transforms" type="Matrix4" container="DynamicArray" arraySize="4">
          <containerEntry r11="1" r12="0" r13="0" r14="0" r21="0" r22="1" r23="0" r24="0" r31="0" r32="0" r33="1" r34="0" r41="1187.0706" r42="329.25235" r43="1219.3992" r44="1"></containerEntry>
          <containerEntry r11="1" r12="0" r13="0" r14="0" r21="0" r22="1" r23="0" r24="0" r31="0" r32="0" r33="1" r34="0" r41="1178.6353" r42="315.34912" r43="1270.531" r44="1"></containerEntry>
          <containerEntry r11="1" r12="0" r13="0" r14="0" r21="0" r22="1" r23="0" r24="0" r31="0" r32="0" r33="1" r34="0" r41="1210.9452" r42="320.35696" r43="1271.3058" r44="1"></containerEntry>
          <containerEntry r11="1" r12="0" r13="0" r14="0" r21="0" r22="1" r23="0" r24="0" r31="0" r32="0" r33="1" r34="0" r41="1202" r42="329.6223" r43="1248" r44="1"></containerEntry>
        </property>
        <property name="colors" type="UInt32" container="DynamicArray" arraySize="4">
          <containerEntry>4294967295</containerEntry>
          <containerEntry>4294967295</containerEntry>
          <containerEntry>4294967295</containerEntry>
          <containerEntry>4294967295</containerEntry>
        </property>
      </staticProperties>
      <dynamicProperties></dynamicProperties>
    </entity>
    <entity class="StaticModelArray" classVersion="4" classID="0xD0" addr="0x3300400" id="0x0">
      <staticProperties>
        <property name="name" type="String" container="StaticArray" arraySize="1">
          <containerEntry>StaticModelArray0006</containerEntry>
        </property>
        <property name="dataSet" type="EntityHandle" container="StaticArray" arraySize="1">
          <containerEntry>0x3303260</containerEntry>
        </property>
        <property name="modelFile" type="FilePtr" container="StaticArray" arraySize="1">
          <containerEntry>/Assets/tpp/environ/object/afghanistan/cliff/afgh_clff022/scenes/afgh_clff022_vrtn004.fmdl</containerEntry>
        </property>
        <property name="geomFile" type="FilePtr" container="StaticArray" arraySize="1">
          <containerEntry>/Assets/tpp/environ/object/afghanistan/cliff/afgh_clff022/scenes/afgh_clff022_vrtn004.geom</containerEntry>
        </property>
        <property name="isVisibleGeom" type="Bool" container="StaticArray" arraySize="1">
          <containerEntry>false</containerEntry>
        </property>
        <property name="lodFarSize" type="Float" container="StaticArray" arraySize="1">
          <containerEntry>-1</containerEntry>
        </property>
        <property name="lodNearSize" type="Float" container="StaticArray" arraySize="1">
          <containerEntry>-1</containerEntry>
        </property>
        <property name="lodPolygonSize" type="Float" container="StaticArray" arraySize="1">
          <containerEntry>-1</containerEntry>
        </property>
        <property name="drawRejectionLevel" type="Int32" container="StaticArray" arraySize="1">
          <containerEntry>8</containerEntry>
        </property>
        <property name="drawMode" type="Int32" container="StaticArray" arraySize="1">
          <containerEntry>0</containerEntry>
        </property>
        <property name="rejectFarRangeShadowCast" type="Int32" container="StaticArray" arraySize="1">
          <containerEntry>2</containerEntry>
        </property>
        <property name="parentLocator" type="EntityLink" container="StaticArray" arraySize="1">
          <containerEntry packagePathHash="0xB8A0BF169F98" archivePathHash="0xB8A0BF169F98" nameInArchiveHash="0xB8A0BF169F98">0x0</containerEntry>
        </property>
        <property name="transforms" type="Matrix4" container="DynamicArray" arraySize="3">
          <containerEntry r11="0.73499095" r12="0.14335988" r13="-0.66274863" r14="0" r21="-0.047080595" r22="0.98582554" r23="0.16103229" r24="0" r31="0.67644006" r32="-0.08715459" r33="0.7313223" r34="0" r41="1241.0323" r42="344.74097" r43="1226.971" r44="1"></containerEntry>
          <containerEntry r11="0.17364731" r12="-0.171009" r13="0.96984774" r14="0" r21="-7.301569e-07" r22="0.98480797" r23="0.17364722" r24="0" r31="-0.984809" r32="-0.03015428" r33="0.17100912" r34="0" r41="1210.977" r42="345.03253" r43="1217.6937" r44="1"></containerEntry>
          <containerEntry r11="0.939692" r12="0" r13="0.3420215" r14="0" r21="0" r22="1" r23="0" r24="0" r31="-0.3420215" r32="0" r33="0.939692" r34="0" r41="1273.4188" r42="349.67438" r43="1233.4471" r44="1"></containerEntry>
        </property>
        <property name="colors" type="UInt32" container="DynamicArray" arraySize="3">
          <containerEntry>4294967295</containerEntry>
          <containerEntry>4294967295</containerEntry>
          <containerEntry>4294967295</containerEntry>
        </property>
      </staticProperties>
      <dynamicProperties></dynamicProperties>
    </entity>
    <entity class="StaticModelArray" classVersion="4" classID="0xD0" addr="0x33004E0" id="0x0">
      <staticProperties>
        <property name="name" type="String" container="StaticArray" arraySize="1">
          <containerEntry>StaticModelArray0007</containerEntry>
        </property>
        <property name="dataSet" type="EntityHandle" container="StaticArray" arraySize="1">
          <containerEntry>0x3303260</containerEntry>
        </property>
        <property name="modelFile" type="FilePtr" container="StaticArray" arraySize="1">
          <containerEntry>/Assets/tpp/environ/object/afghanistan/rock/afgh_rock009/scenes/afgh_rock009_rock002.fmdl</containerEntry>
        </property>
        <property name="geomFile" type="FilePtr" container="StaticArray" arraySize="1">
          <containerEntry>/Assets/tpp/environ/object/afghanistan/rock/afgh_rock009/scenes/afgh_rock009_rock002.geom</containerEntry>
        </property>
        <property name="isVisibleGeom" type="Bool" container="StaticArray" arraySize="1">
          <containerEntry>false</containerEntry>
        </property>
        <property name="lodFarSize" type="Float" container="StaticArray" arraySize="1">
          <containerEntry>-1</containerEntry>
        </property>
        <property name="lodNearSize" type="Float" container="StaticArray" arraySize="1">
          <containerEntry>-1</containerEntry>
        </property>
        <property name="lodPolygonSize" type="Float" container="StaticArray" arraySize="1">
          <containerEntry>-1</containerEntry>
        </property>
        <property name="drawRejectionLevel" type="Int32" container="StaticArray" arraySize="1">
          <containerEntry>8</containerEntry>
        </property>
        <property name="drawMode" type="Int32" container="StaticArray" arraySize="1">
          <containerEntry>0</containerEntry>
        </property>
        <property name="rejectFarRangeShadowCast" type="Int32" container="StaticArray" arraySize="1">
          <containerEntry>2</containerEntry>
        </property>
        <property name="parentLocator" type="EntityLink" container="StaticArray" arraySize="1">
          <containerEntry packagePathHash="0xB8A0BF169F98" archivePathHash="0xB8A0BF169F98" nameInArchiveHash="0xB8A0BF169F98">0x0</containerEntry>
        </property>
        <property name="transforms" type="Matrix4" container="DynamicArray" arraySize="4">
          <containerEntry r11="-0.1126709" r12="0.6113716" r13="-0.783282" r14="0" r21="-0.3442198" r22="0.71547174" r23="0.6079582" r24="0" r31="0.9321044" r32="0.33812013" r33="0.12983322" r34="0" r41="1155.9181" r42="313.3588" r43="1269.4282" r44="1"></containerEntry>
          <containerEntry r11="-0.25881776" r12="0" r13="-0.96592546" r14="0" r21="0" r22="1" r23="0" r24="0" r31="0.96592546" r32="0" r33="-0.25881776" r34="0" r41="1180.7299" r42="315.03668" r43="1272.9491" r44="1"></containerEntry>
          <containerEntry r11="1" r12="0" r13="0" r14="0" r21="0" r22="1" r23="0" r24="0" r31="0" r32="0" r33="1" r34="0" r41="1170.8644" r42="321.00104" r43="1249.3738" r44="1"></containerEntry>
          <containerEntry r11="-0.9962512" r12="-8.530906e-07" r13="0.08647361" r14="0" r21="0.032516222" r22="0.9266061" r23="0.3746247" r24="0" r31="-0.080127284" r32="0.37603283" r33="-0.9231323" r34="0" r41="1228" r42="331.84436" r43="1259.6392" r44="1"></containerEntry>
        </property>
        <property name="colors" type="UInt32" container="DynamicArray" arraySize="4">
          <containerEntry>4294967295</containerEntry>
          <containerEntry>4294967295</containerEntry>
          <containerEntry>4294967295</containerEntry>
          <containerEntry>4294967295</containerEntry>
        </property>
      </staticProperties>
      <dynamicProperties></dynamicProperties>
    </entity>
    <entity class="StaticModelArray" classVersion="4" classID="0xD0" addr="0x3300550" id="0x0">
      <staticProperties>
        <property name="name" type="String" container="StaticArray" arraySize="1">
          <containerEntry>StaticModelArray0008</containerEntry>
        </property>
        <property name="dataSet" type="EntityHandle" container="StaticArray" arraySize="1">
          <containerEntry>0x3303260</containerEntry>
        </property>
        <property name="modelFile" type="FilePtr" container="StaticArray" arraySize="1">
          <containerEntry>/Assets/tpp/environ/object/afghanistan/rock/afgh_rock009/scenes/afgh_rock009_rock001.fmdl</containerEntry>
        </property>
        <property name="geomFile" type="FilePtr" container="StaticArray" arraySize="1">
          <containerEntry>/Assets/tpp/environ/object/afghanistan/rock/afgh_rock009/scenes/afgh_rock009_rock001.geom</containerEntry>
        </property>
        <property name="isVisibleGeom" type="Bool" container="StaticArray" arraySize="1">
          <containerEntry>false</containerEntry>
        </property>
        <property name="lodFarSize" type="Float" container="StaticArray" arraySize="1">
          <containerEntry>-1</containerEntry>
        </property>
        <property name="lodNearSize" type="Float" container="StaticArray" arraySize="1">
          <containerEntry>-1</containerEntry>
        </property>
        <property name="lodPolygonSize" type="Float" container="StaticArray" arraySize="1">
          <containerEntry>-1</containerEntry>
        </property>
        <property name="drawRejectionLevel" type="Int32" container="StaticArray" arraySize="1">
          <containerEntry>8</containerEntry>
        </property>
        <property name="drawMode" type="Int32" container="StaticArray" arraySize="1">
          <containerEntry>0</containerEntry>
        </property>
        <property name="rejectFarRangeShadowCast" type="Int32" container="StaticArray" arraySize="1">
          <containerEntry>2</containerEntry>
        </property>
        <property name="parentLocator" type="EntityLink" container="StaticArray" arraySize="1">
          <containerEntry packagePathHash="0xB8A0BF169F98" archivePathHash="0xB8A0BF169F98" nameInArchiveHash="0xB8A0BF169F98">0x0</containerEntry>
        </property>
        <property name="transforms" type="Matrix4" container="DynamicArray" arraySize="20">
          <containerEntry r11="0.8191518" r12="0" r13="0.57357687" r14="0" r21="0" r22="1" r23="0" r24="0" r31="-0.57357687" r32="0" r33="0.8191518" r34="0" r41="1154.2833" r42="326.31213" r43="1218.3162" r44="1"></containerEntry>
          <containerEntry r11="-0.92518574" r12="-0.08780466" r13="0.36921078" r14="0" r21="0.034842618" r22="0.94910586" r23="0.31302387" r24="0" r31="-0.3779051" r32="0.30246964" r33="-0.8750398" r34="0" r41="1196.2977" r42="336.9622" r43="1198.8069" r44="1"></containerEntry>
          <containerEntry r11="-0.86258614" r12="-0.08682473" r13="-0.49839717" r14="0" r21="-0.07899015" r22="0.99619466" r23="-0.03683488" r24="0" r31="0.49969876" r32="0.007595184" r33="-0.866162" r34="0" r41="1190.1572" r42="329.59836" r43="1218.4418" r44="1"></containerEntry>
          <containerEntry r11="1" r12="0" r13="0" r14="0" r21="0" r22="1" r23="0" r24="0" r31="0" r32="0" r33="1" r34="0" r41="1181.6151" r42="316.0027" r43="1268.3779" r44="1"></containerEntry>
          <containerEntry r11="-0.42893925" r12="0.20012152" r13="-0.8808849" r14="0" r21="0.047510296" r22="0.97880006" r23="0.19923156" r24="0" r31="0.9020807" r32="0.043607" r33="-0.42935362" r34="0" r41="1192.702" r42="328.32938" r43="1240.8292" r44="1"></containerEntry>
          <containerEntry r11="0.11889219" r12="-0.031613857" r13="-0.9924039" r14="0" r21="-0.49809727" r22="0.86272997" r23="-0.08715625" r24="0" r31="0.85893196" r32="0.5046758" r33="0.08682507" r34="0" r41="1198.0559" r42="331.32104" r43="1215.2076" r44="1"></containerEntry>
          <containerEntry r11="-0.989357" r12="0.03136425" r13="0.14206643" r14="0" r21="0.04472988" r22="0.99476445" r23="0.09188533" r24="0" r31="-0.13844071" r32="0.097262114" r33="-0.9855801" r34="0" r41="1215.931" r42="354.52133" r43="1180.8558" r44="1"></containerEntry>
          <containerEntry r11="-0.989357" r12="0.03136425" r13="0.14206643" r14="0" r21="0.04472988" r22="0.99476445" r23="0.09188533" r24="0" r31="-0.13844071" r32="0.097262114" r33="-0.9855801" r34="0" r41="1256.9796" r42="327.8283" r43="1261.5321" r44="1"></containerEntry>
          <containerEntry r11="-0.94752944" r12="0.23983249" r13="0.21134152" r14="0" r21="0.30066845" r22="0.8931643" r23="0.33444914" r24="0" r31="-0.10855069" r32="0.38044453" r33="-0.9184092" r34="0" r41="1256.9796" r42="332.5642" r43="1242.7577" r44="1"></containerEntry>
          <containerEntry r11="-0.8492132" r12="0.03136513" r13="-0.5271193" r14="0" r21="-0.024797335" r22="0.9947644" r23="0.099141024" r24="0" r31="0.52746904" r32="0.09726294" r33="-0.84398925" r34="0" r41="1209.12" r42="331.37164" r43="1242.2917" r44="1"></containerEntry>
          <containerEntry r11="-0.9696362" r12="-0.08780375" r13="-0.22822404" r14="0" r21="-0.15100086" r22="0.94910574" r23="0.27639988" r24="0" r31="0.19233963" r32="0.3024709" r33="-0.93354535" r34="0" r41="1206.8528" r42="350.0106" r43="1167.5374" r44="1"></containerEntry>
          <containerEntry r11="-0.9696362" r12="-0.08780375" r13="-0.22822404" r14="0" r21="-0.15100086" r22="0.94910574" r23="0.27639988" r24="0" r31="0.19233963" r32="0.3024709" r33="-0.93354535" r34="0" r41="1176.885" r42="348.78653" r43="1163.7397" r44="1"></containerEntry>
          <containerEntry r11="0.22775507" r12="0.031364042" r13="0.973212" r14="0" r21="0.087636404" r22="0.99476457" r23="-0.05256764" r24="0" r31="-0.9697656" r32="0.097261354" r33="0.22381403" r34="0" r41="1233.1731" r42="332.06155" r43="1261.5077" r44="1"></containerEntry>
          <containerEntry r11="-0.91375923" r12="0.20127726" r13="-0.3528826" r14="0" r21="-0.32502943" r22="-0.88331145" r23="0.33781248" r24="0" r31="-0.2437115" r32="0.4233755" r33="0.87255484" r34="0" r41="1193.8134" r42="347.04538" r43="1171.4646" r44="1"></containerEntry>
          <containerEntry r11="0.80689317" r12="-0.10183319" r13="-0.5818518" r14="0" r21="0.08763643" r22="0.99476457" r23="-0.052568033" r24="0" r31="0.5841587" r32="-0.008574613" r33="0.811593" r34="0" r41="1212" r42="330.4048" r43="1256" r44="1"></containerEntry>
          <containerEntry r11="0.80689317" r12="-0.10183319" r13="-0.5818518" r14="0" r21="0.08763643" r22="0.99476457" r23="-0.052568033" r24="0" r31="0.5841587" r32="-0.008574613" r33="0.811593" r34="0" r41="1224" r42="321.46667" r43="1274" r44="1"></containerEntry>
          <containerEntry r11="0.8068929" r12="-0.10183354" r13="-0.58185184" r14="0" r21="0.5905394" r22="0.1617862" r23="0.790625" r24="0" r31="0.013623283" r32="-0.98155624" r33="0.19068094" r34="0" r41="1214.3248" r42="332.71143" r43="1247.5758" r44="1"></containerEntry>
          <containerEntry r11="-0.5088531" r12="-0.056463238" r13="0.8589963" r14="0" r21="0.044730082" r22="0.9947645" r23="0.091884755" r24="0" r31="-0.8596871" r32="0.08517893" r33="-0.50366336" r34="0" r41="1213.396" r42="352.93875" r43="1189.336" r44="1"></containerEntry>
          <containerEntry r11="0.9265572" r12="-0.21884876" r13="-0.30592963" r14="0" r21="0.039369576" r22="0.8652775" r23="-0.49974486" r24="0" r31="0.3740826" r32="0.4509979" r33="0.81034505" r34="0" r41="1250.6093" r42="363.95792" r43="1155.8701" r44="1"></containerEntry>
          <containerEntry r11="-0.49753553" r12="0.072494686" r13="0.86440676" r14="0" r21="-0.8176091" r22="0.2937027" r23="-0.49523145" r24="0" r31="-0.28978026" r32="-0.953142" r33="-0.08685523" r34="0" r41="1234.0093" r42="362.84494" r43="1155.4642" r44="1"></containerEntry>
        </property>
        <property name="colors" type="UInt32" container="DynamicArray" arraySize="20">
          <containerEntry>4294967295</containerEntry>
          <containerEntry>4294967295</containerEntry>
          <containerEntry>4294967295</containerEntry>
          <containerEntry>4294967295</containerEntry>
          <containerEntry>4294967295</containerEntry>
          <containerEntry>4294967295</containerEntry>
          <containerEntry>4294967295</containerEntry>
          <containerEntry>4294967295</containerEntry>
          <containerEntry>4294967295</containerEntry>
          <containerEntry>4294967295</containerEntry>
          <containerEntry>4294967295</containerEntry>
          <containerEntry>4294967295</containerEntry>
          <containerEntry>4294967295</containerEntry>
          <containerEntry>4294967295</containerEntry>
          <containerEntry>4294967295</containerEntry>
          <containerEntry>4294967295</containerEntry>
          <containerEntry>4294967295</containerEntry>
          <containerEntry>4294967295</containerEntry>
          <containerEntry>4294967295</containerEntry>
          <containerEntry>4294967295</containerEntry>
        </property>
      </staticProperties>
      <dynamicProperties></dynamicProperties>
    </entity>
    <entity class="StaticModelArray" classVersion="4" classID="0xD0" addr="0x317F5F0" id="0x0">
      <staticProperties>
        <property name="name" type="String" container="StaticArray" arraySize="1">
          <containerEntry>StaticModelArray0009</containerEntry>
        </property>
        <property name="dataSet" type="EntityHandle" container="StaticArray" arraySize="1">
          <containerEntry>0x3303260</containerEntry>
