<fox formatVersion="2" fileVersion="0">
  <entities>
    <entity class="DataSet" classVersion="0" classID="0xE8" addr="0x32F1E40" id="0xAD6AA5">
      <staticProperties>
        <property name="name" type="String" container="StaticArray" arraySize="1">
          <containerEntry hash="0xB8A0BF169F98"></containerEntry>
        </property>
        <property name="dataSet" type="EntityHandle" container="StaticArray" arraySize="1">
          <containerEntry>0x0</containerEntry>
        </property>
        <property name="dataList" type="EntityPtr" container="StringMap" arraySize="8">
          <containerEntry key="StaticModelArray0000">
            <data>0x317EB70</data>
          </containerEntry>
          <containerEntry key="StaticModelArray0001">
            <data>0x32F2310</data>
          </containerEntry>
          <containerEntry key="StaticModelArray0002">
            <data>0x317E4E0</data>
          </containerEntry>
          <containerEntry key="StaticModelArray0003">
            <data>0x317EA90</data>
          </containerEntry>
          <containerEntry key="StaticModelArray0004">
            <data>0x317E5C0</data>
          </containerEntry>
          <containerEntry key="StaticModelArray0005">
            <data>0x317E630</data>
          </containerEntry>
          <containerEntry key="StaticModelArray0006">
            <data>0x317E6A0</data>
          </containerEntry>
          <containerEntry key="TexturePackLoadConditioner0000">
            <data>0x317F350</data>
          </containerEntry>
        </property>
      </staticProperties>
      <dynamicProperties></dynamicProperties>
    </entity>
    <entity class="StaticModelArray" classVersion="4" classID="0xD0" addr="0x317EB70" id="0x0">
      <staticProperties>
        <property name="name" type="String" container="StaticArray" arraySize="1">
          <containerEntry>StaticModelArray0000</containerEntry>
        </property>
        <property name="dataSet" type="EntityHandle" container="StaticArray" arraySize="1">
          <containerEntry>0x32F1E40</containerEntry>
        </property>
        <property name="modelFile" type="FilePtr" container="StaticArray" arraySize="1">
          <containerEntry>/Assets/tpp/environ/object/middle_africa/rock/mafr_rock007/scenes/mafr_rock007.fmdl</containerEntry>
        </property>
        <property name="geomFile" type="FilePtr" container="StaticArray" arraySize="1">
          <containerEntry>/Assets/tpp/environ/object/middle_africa/rock/mafr_rock007/scenes/mafr_rock007.geom</containerEntry>
        </property>
        <property name="isVisibleGeom" type="Bool" container="StaticArray" arraySize="1">
          <containerEntry>false</containerEntry>
        </property>
        <property name="lodFarSize" type="Float" container="StaticArray" arraySize="1">
          <containerEntry>-1</containerEntry>
        </property>
        <property name="lodNearSize" type="Float" container="StaticArray" arraySize="1">
          <containerEntry>-1</containerEntry>
        </property>
        <property name="lodPolygonSize" type="Float" container="StaticArray" arraySize="1">
          <containerEntry>-1</containerEntry>
        </property>
        <property name="drawRejectionLevel" type="Int32" container="StaticArray" arraySize="1">
          <containerEntry>8</containerEntry>
        </property>
        <property name="drawMode" type="Int32" container="StaticArray" arraySize="1">
          <containerEntry>0</containerEntry>
        </property>
        <property name="rejectFarRangeShadowCast" type="Int32" container="StaticArray" arraySize="1">
          <containerEntry>2</containerEntry>
        </property>
        <property name="parentLocator" type="EntityLink" container="StaticArray" arraySize="1">
          <containerEntry packagePathHash="0xB8A0BF169F98" archivePathHash="0xB8A0BF169F98" nameInArchiveHash="0xB8A0BF169F98">0x0</containerEntry>
        </property>
        <property name="transforms" type="Matrix4" container="DynamicArray" arraySize="12">
          <containerEntry r11="0.6796745" r12="0.09246453" r13="0.7276644" r14="0" r21="-0.07040947" r22="-0.97922033" r23="0.1901957" r24="0" r31="0.7301286" r32="-0.18050565" r33="-0.65904146" r34="0" r41="2234.693" r42="-0.507744" r43="1472.8569" r44="1"></containerEntry>
          <containerEntry r11="0.7675933" r12="0.10443672" r13="-0.6323729" r14="0" r21="-0.092822865" r22="0.9943475" r23="0.051545832" r24="0" r31="0.6341817" r32="0.019132406" r33="0.7729486" r34="0" r41="2228.6626" r42="0.102619" r43="1466.7618" r44="1"></containerEntry>
          <containerEntry r11="0.36792392" r12="-0.18538591" r13="0.62670946" r14="0" r21="0.06413534" r22="-0.7054829" r23="-0.24633966" r24="0" r31="0.6503994" r32="0.17443806" r33="-0.33023325" r34="0" r41="2239.2256" r42="-1.403252" r43="1466.7797" r44="1"></containerEntry>
          <containerEntry r11="0.055778567" r12="0.056873105" r13="-0.49361393" r14="0" r21="0.06643947" r22="0.4913997" r23="0.064125806" r24="0" r31="0.49241754" r32="-0.07274458" r33="0.047261894" r34="0" r41="2232.0066" r42="-0.609009" r43="1473.6459" r44="1"></containerEntry>
          <containerEntry r11="0.28999856" r12="0.043716706" r13="0.40495676" r14="0" r21="0.06545825" r22="-0.49565372" r23="0.0066315085" r24="0" r31="0.40201533" r32="0.04916919" r33="-0.29320157" r34="0" r41="2233.031" r42="-0.238572" r43="1475.1653" r44="1"></containerEntry>
          <containerEntry r11="0.48308423" r12="-0.043836728" r13="0.12127647" r14="0" r21="0.05471731" r22="0.49547526" r23="-0.038862165" r24="0" r31="-0.11677182" r32="0.050819222" r33="0.48350984" r34="0" r41="2237.7314" r42="-1.667378" r43="1461.9103" r44="1"></containerEntry>
          <containerEntry r11="0.22408038" r12="0.15201071" r13="-0.96264386" r14="0" r21="-0.19780713" r22="0.9742948" r23="0.10780572" r24="0" r31="0.95428646" r32="0.16626056" r33="0.24838912" r34="0" r41="2287.8142" r42="-0.588027" r43="1485.8577" r44="1"></containerEntry>
          <containerEntry r11="-0.007672146" r12="-0.10285725" r13="0.74287397" r14="0" r21="0.27227682" r22="-0.6926044" r23="-0.09308504" r24="0" r31="0.6987894" r32="0.26873755" r33="0.044425603" r34="0" r41="2295.2974" r42="1.141843" r43="1501.0033" r44="1"></containerEntry>
          <containerEntry r11="-0.6268401" r12="-0.25739875" r13="0.32143223" r14="0" r21="0.2798859" r22="-0.69572794" r23="-0.011311188" r24="0" r31="0.30205405" r32="0.11049867" r33="0.6775348" r34="0" r41="2288.8435" r42="-0.441524" r43="1481.8699" r44="1"></containerEntry>
          <containerEntry r11="-0.3214581" r12="-0.048083715" r13="0.37993827" r14="0" r21="-0.04574956" r22="0.49731264" r23="0.024230512" r24="0" r31="-0.3802264" r32="-0.019185828" r33="-0.32412997" r34="0" r41="2286.408" r42="-1.106419" r43="1483.3218" r44="1"></containerEntry>
          <containerEntry r11="0.49037704" r12="0.009370727" r13="0.09717276" r14="0" r21="-0.027324693" r22="0.49097326" r23="0.09054616" r24="0" r31="-0.09372149" r32="-0.094113946" r33="0.4820361" r34="0" r41="2295.8696" r42="1.119577" r43="1504.0214" r44="1"></containerEntry>
          <containerEntry r11="-0.83875775" r12="-0.022287088" r13="-0.54405415" r14="0" r21="-0.086838454" r22="-0.9809012" r23="0.17405939" r24="0" r31="-0.5375414" r32="0.19323805" r33="0.8207988" r34="0" r41="2277.8967" r42="-2.327099" r43="1521.1969" r44="1"></containerEntry>
        </property>
        <property name="colors" type="UInt32" container="DynamicArray" arraySize="12">
          <containerEntry>4294967295</containerEntry>
          <containerEntry>4294967295</containerEntry>
          <containerEntry>4294967295</containerEntry>
          <containerEntry>4294967295</containerEntry>
          <containerEntry>4294967295</containerEntry>
          <containerEntry>4294967295</containerEntry>
          <containerEntry>4294967295</containerEntry>
          <containerEntry>4294967295</containerEntry>
          <containerEntry>4294967295</containerEntry>
          <containerEntry>4294967295</containerEntry>
          <containerEntry>4294967295</containerEntry>
          <containerEntry>4294967295</containerEntry>
        </property>
      </staticProperties>
      <dynamicProperties></dynamicProperties>
    </entity>
    <entity class="StaticModelArray" classVersion="4" classID="0xD0" addr="0x32F2310" id="0x0">
      <staticProperties>
        <property name="name" type="String" container="StaticArray" arraySize="1">
          <containerEntry>StaticModelArray0001</containerEntry>
        </property>
        <property name="dataSet" type="EntityHandle" container="StaticArray" arraySize="1">
          <containerEntry>0x32F1E40</containerEntry>
        </property>
        <property name="modelFile" type="FilePtr" container="StaticArray" arraySize="1">
          <containerEntry>/Assets/tpp/environ/object/middle_africa/rock/mafr_rock010/scenes/mafr_rock010.fmdl</containerEntry>
        </property>
        <property name="geomFile" type="FilePtr" container="StaticArray" arraySize="1">
          <containerEntry>/Assets/tpp/environ/object/middle_africa/rock/mafr_rock010/scenes/mafr_rock010.geom</containerEntry>
        </property>
        <property name="isVisibleGeom" type="Bool" container="StaticArray" arraySize="1">
          <containerEntry>false</containerEntry>
        </property>
        <property name="lodFarSize" type="Float" container="StaticArray" arraySize="1">
          <containerEntry>-1</containerEntry>
        </property>
        <property name="lodNearSize" type="Float" container="StaticArray" arraySize="1">
          <containerEntry>-1</containerEntry>
        </property>
        <property name="lodPolygonSize" type="Float" container="StaticArray" arraySize="1">
          <containerEntry>-1</containerEntry>
        </property>
        <property name="drawRejectionLevel" type="Int32" container="StaticArray" arraySize="1">
          <containerEntry>8</containerEntry>
        </property>
        <property name="drawMode" type="Int32" container="StaticArray" arraySize="1">
          <containerEntry>0</containerEntry>
        </property>
        <property name="rejectFarRangeShadowCast" type="Int32" container="StaticArray" arraySize="1">
          <containerEntry>2</containerEntry>
        </property>
        <property name="parentLocator" type="EntityLink" container="StaticArray" arraySize="1">
          <containerEntry packagePathHash="0xB8A0BF169F98" archivePathHash="0xB8A0BF169F98" nameInArchiveHash="0xB8A0BF169F98">0x0</containerEntry>
        </property>
        <property name="transforms" type="Matrix4" container="DynamicArray" arraySize="4">
          <containerEntry r11="0.47502476" r12="0.038111366" r13="0.87914824" r14="0" r21="0.07618839" r22="0.99352884" r23="-0.08423654" r24="0" r31="-0.8766695" r32="0.10699528" r33="0.46904713" r34="0" r41="2221.4233" r42="-3.9146" r43="1476.4119" r44="1"></containerEntry>
          <containerEntry r11="-0.0035430975" r12="0.114049904" r13="-0.99347246" r14="0" r21="-0.08650965" r22="0.9897155" r23="0.11392724" r24="0" r31="0.9962485" r32="0.08634787" r33="0.0063596964" r34="0" r41="2250.9497" r42="-3.9146" r43="1470.3486" r44="1"></containerEntry>
          <containerEntry r11="0.89752215" r12="-0.21918611" r13="-0.38263816" r14="0" r21="-0.11160375" r22="0.72656214" r23="-0.67797756" r24="0" r31="0.42661357" r32="0.6512039" r33="0.62764364" r34="0" r41="2225.814" r42="-3.575348" r43="1461.5604" r44="1"></containerEntry>
          <containerEntry r11="0.67361" r12="-0.058362044" r13="-0.7367808" r14="0" r21="-0.11272635" r22="0.97710127" r23="-0.18046054" r24="0" r31="0.7304415" r32="0.20461455" r33="0.6516062" r34="0" r41="2233.3281" r42="-4.921228" r43="1453.9773" r44="1"></containerEntry>
        </property>
        <property name="colors" type="UInt32" container="DynamicArray" arraySize="4">
          <containerEntry>4294967295</containerEntry>
          <containerEntry>4294967295</containerEntry>
          <containerEntry>4294967295</containerEntry>
          <containerEntry>4294967295</containerEntry>
        </property>
      </staticProperties>
      <dynamicProperties></dynamicProperties>
    </entity>
    <entity class="StaticModelArray" classVersion="4" classID="0xD0" addr="0x317E4E0" id="0x0">
      <staticProperties>
        <property name="name" type="String" container="StaticArray" arraySize="1">
          <containerEntry>StaticModelArray0002</containerEntry>
        </property>
        <property name="dataSet" type="EntityHandle" container="StaticArray" arraySize="1">
          <containerEntry>0x32F1E40</containerEntry>
        </property>
        <property name="modelFile" type="FilePtr" container="StaticArray" arraySize="1">
          <containerEntry>/Assets/tpp/environ/object/middle_africa/rock/mafr_rock001/scenes/mafr_rock001_vrtn003.fmdl</containerEntry>
        </property>
        <property name="geomFile" type="FilePtr" container="StaticArray" arraySize="1">
          <containerEntry>/Assets/tpp/environ/object/middle_africa/rock/mafr_rock001/scenes/mafr_rock001_vrtn003.geom</containerEntry>
        </property>
        <property name="isVisibleGeom" type="Bool" container="StaticArray" arraySize="1">
          <containerEntry>false</containerEntry>
        </property>
        <property name="lodFarSize" type="Float" container="StaticArray" arraySize="1">
          <containerEntry>-1</containerEntry>
        </property>
        <property name="lodNearSize" type="Float" container="StaticArray" arraySize="1">
          <containerEntry>-1</containerEntry>
        </property>
        <property name="lodPolygonSize" type="Float" container="StaticArray" arraySize="1">
          <containerEntry>-1</containerEntry>
        </property>
        <property name="drawRejectionLevel" type="Int32" container="StaticArray" arraySize="1">
          <containerEntry>8</containerEntry>
        </property>
        <property name="drawMode" type="Int32" container="StaticArray" arraySize="1">
          <containerEntry>0</containerEntry>
        </property>
        <property name="rejectFarRangeShadowCast" type="Int32" container="StaticArray" arraySize="1">
          <containerEntry>2</containerEntry>
        </property>
        <property name="parentLocator" type="EntityLink" container="StaticArray" arraySize="1">
          <containerEntry packagePathHash="0xB8A0BF169F98" archivePathHash="0xB8A0BF169F98" nameInArchiveHash="0xB8A0BF169F98">0x0</containerEntry>
        </property>
        <property name="transforms" type="Matrix4" container="DynamicArray" arraySize="18">
          <containerEntry r11="-0.66446966" r12="0.005459212" r13="-0.7472897" r14="0" r21="-0.015927356" r22="0.9996427" r23="0.021464927" r24="0" r31="0.7471399" r32="0.026165204" r33="-0.6641453" r34="0" r41="2186.4014" r42="-3.080523" r43="1443.8285" r44="1"></containerEntry>
          <containerEntry r11="0.97555864" r12="0.020444293" r13="-0.21878633" r14="0" r21="-0.053705465" r22="0.98765063" r23="-0.14718011" r24="0" r31="0.21307546" r32="0.15533283" r33="0.964609" r34="0" r41="2285.787" r42="-4.213833" r43="1427.116" r44="1"></containerEntry>
          <containerEntry r11="-0.6178907" r12="0.14463744" r13="0.77284324" r14="0" r21="0.079544835" r22="0.9893907" r23="-0.1215675" r24="0" r31="-0.78222716" r32="-0.013639916" r33="-0.62284046" r34="0" r41="2283.1753" r42="-2.883202" r43="1441.6936" r44="1"></containerEntry>
          <containerEntry r11="-0.84974515" r12="-0.07978929" r13="-0.5211242" r14="0" r21="-0.06852744" r22="0.9968113" r23="-0.040881142" r24="0" r31="0.52272433" r32="0.0009727925" r33="-0.8525033" r34="0" r41="2286.4297" r42="-0.130065" r43="1450.3785" r44="1"></containerEntry>
          <containerEntry r11="0.5810714" r12="0.015367591" r13="0.8137077" r14="0" r21="0.00026034284" r22="0.99981815" r23="-0.019068372" r24="0" r31="-0.8138528" r32="0.011291932" r33="0.58096176" r34="0" r41="2282.6177" r42="-2.621583" r43="1459.4376" r44="1"></containerEntry>
          <containerEntry r11="0.40174276" r12="0.116111726" r13="-0.9083617" r14="0" r21="-0.09116477" r22="0.9920726" r23="0.08649251" r24="0" r31="0.9112035" r32="0.04806283" r33="0.40914327" r34="0" r41="2276.484" r42="-2.507353" r43="1483.3634" r44="1"></containerEntry>
          <containerEntry r11="0.41331527" r12="0.1560327" r13="0.89711946" r14="0" r21="-0.15970682" r22="0.9823597" r23="-0.097279094" r24="0" r31="-0.89647263" r32="-0.10306933" r33="0.4309438" r34="0" r41="2291.8054" r42="-1.143783" r43="1490.5311" r44="1"></containerEntry>
          <containerEntry r11="0.7823114" r12="0.16663964" r13="0.60018307" r14="0" r21="-0.21443431" r22="0.97670287" r23="0.008325689" r24="0" r31="-0.5848132" r32="-0.13521326" r33="0.7998191" r34="0" r41="2281.0615" r42="-4.110754" r43="1502.888" r44="1"></containerEntry>
          <containerEntry r11="0.6703916" r12="0.15530968" r13="-0.7255708" r14="0" r21="-0.111715734" r22="0.9878292" r23="0.10822663" r24="0" r31="0.73354864" r32="0.008503623" r33="0.67958295" r34="0" r41="2299.51" r42="-1.312896" r43="1516.0923" r44="1"></containerEntry>
          <containerEntry r11="0.59957916" r12="-0.13769509" r13="0.78838027" r14="0" r21="0.01356867" r22="0.9866954" r23="0.16201243" r24="0" r31="-0.8001995" r32="-0.08644189" r33="0.59347045" r34="0" r41="2295.1958" r42="-0.840488" r43="1514.1823" r44="1"></containerEntry>
          <containerEntry r11="-0.96821666" r12="0.012567068" r13="-0.2497942" r14="0" r21="0.04035588" r22="0.99349993" r23="-0.106439106" r24="0" r31="0.24683289" r32="-0.113136865" r33="-0.9624303" r34="0" r41="2286.971" r42="-3.751504" r43="1520.6176" r44="1"></containerEntry>
          <containerEntry r11="0.99886006" r12="-0.03581987" r13="-0.0315517" r14="0" r21="0.038178276" r22="0.99625146" r23="0.077623695" r24="0" r31="0.028652959" r32="-0.07873979" r33="0.9964834" r34="0" r41="2183.075" r42="-4.552955" r43="1504.9535" r44="1"></containerEntry>
          <containerEntry r11="-0.38186735" r12="0.12050499" r13="0.91632646" r14="0" r21="-0.0025716163" r22="0.9913209" r23="-0.13143903" r24="0" r31="-0.92421263" r32="-0.052548833" r33="-0.3782432" r34="0" r41="2261.3867" r42="-5.491353" r43="1427.7585" r44="1"></containerEntry>
          <containerEntry r11="-0.7594598" r12="0.0067697074" r13="-0.65051854" r14="0" r21="-0.02254934" r22="0.99907106" r23="0.036722615" r24="0" r31="0.6501628" r32="0.042558126" r33="-0.75860167" r34="0" r41="2272.7346" r42="-4.376511" r43="1506.119" r44="1"></containerEntry>
          <containerEntry r11="0.20734149" r12="0.038301516" r13="0.977517" r14="0" r21="-0.13000685" r22="0.991449" r23="-0.011271782" r24="0" r31="-0.96958995" r32="-0.12474706" r33="0.21054798" r34="0" r41="2286.8135" r42="-0.42185" r43="1504.3894" r44="1"></containerEntry>
          <containerEntry r11="0.8885133" r12="-0.015016743" r13="0.45860514" r14="0" r21="0.0207383" r22="0.9997573" r23="-0.007442481" r24="0" r31="-0.45838204" r32="0.016123429" r33="0.88860905" r34="0" r41="2261.629" r42="-4.995558" r43="1482.7899" r44="1"></containerEntry>
          <containerEntry r11="-0.40066135" r12="-0.027498648" r13="-0.9158146" r14="0" r21="-0.14957076" r22="0.9881039" r23="0.035766594" r24="0" r31="0.90393645" r32="0.15130925" r33="-0.40000802" r34="0" r41="2282.1367" r42="-2.213519" r43="1469.6643" r44="1"></containerEntry>
          <containerEntry r11="-0.9156001" r12="-0.025549885" r13="0.4012759" r14="0" r21="0.027198326" r22="0.9917579" r23="0.12520586" r24="0" r31="-0.40116754" r32="0.12555261" r33="-0.90735877" r34="0" r41="2267.638" r42="-2.742056" r43="1439.9031" r44="1"></containerEntry>
        </property>
        <property name="colors" type="UInt32" container="DynamicArray" arraySize="18">
          <containerEntry>4294967295</containerEntry>
          <containerEntry>4294967295</containerEntry>
          <containerEntry>4294967295</containerEntry>
          <containerEntry>4294967295</containerEntry>
          <containerEntry>4294967295</containerEntry>
          <containerEntry>4294967295</containerEntry>
          <containerEntry>4294967295</containerEntry>
          <containerEntry>4294967295</containerEntry>
          <containerEntry>4294967295</containerEntry>
          <containerEntry>4294967295</containerEntry>
          <containerEntry>4294967295</containerEntry>
          <containerEntry>4294967295</containerEntry>
          <containerEntry>4294967295</containerEntry>
          <containerEntry>4294967295</containerEntry>
          <containerEntry>4294967295</containerEntry>
          <containerEntry>4294967295</containerEntry>
          <containerEntry>4294967295</containerEntry>
          <containerEntry>4294967295</containerEntry>
        </property>
      </staticProperties>
      <dynamicProperties></dynamicProperties>
    </entity>
    <entity class="StaticModelArray" classVersion="4" classID="0xD0" addr="0x317EA90" id="0x0">
      <staticProperties>
        <property name="name" type="String" container="StaticArray" arraySize="1">
          <containerEntry>StaticModelArray0003</containerEntry>
        </property>
        <property name="dataSet" type="EntityHandle" container="StaticArray" arraySize="1">
          <containerEntry>0x32F1E40</containerEntry>
        </property>
        <property name="modelFile" type="FilePtr" container="StaticArray" arraySize="1">
          <containerEntry>/Assets/tpp/environ/object/middle_africa/cliff/mafr_clff003/scenes/mafr_clff003_vrtn001.fmdl</containerEntry>
        </property>
        <property name="geomFile" type="FilePtr" container="StaticArray" arraySize="1">
          <containerEntry>/Assets/tpp/environ/object/middle_africa/cliff/mafr_clff003/scenes/mafr_clff003_vrtn001.geom</containerEntry>
        </property>
        <property name="isVisibleGeom" type="Bool" container="StaticArray" arraySize="1">
          <containerEntry>false</containerEntry>
        </property>
        <property name="lodFarSize" type="Float" container="StaticArray" arraySize="1">
          <containerEntry>-1</containerEntry>
        </property>
        <property name="lodNearSize" type="Float" container="StaticArray" arraySize="1">
          <containerEntry>-1</containerEntry>
        </property>
        <property name="lodPolygonSize" type="Float" container="StaticArray" arraySize="1">
          <containerEntry>-1</containerEntry>
        </property>
        <property name="drawRejectionLevel" type="Int32" container="StaticArray" arraySize="1">
          <containerEntry>8</containerEntry>
        </property>
        <property name="drawMode" type="Int32" container="StaticArray" arraySize="1">
          <containerEntry>0</containerEntry>
        </property>
        <property name="rejectFarRangeShadowCast" type="Int32" container="StaticArray" arraySize="1">
          <containerEntry>2</containerEntry>
        </property>
        <property name="parentLocator" type="EntityLink" container="StaticArray" arraySize="1">
          <containerEntry packagePathHash="0xB8A0BF169F98" archivePathHash="0xB8A0BF169F98" nameInArchiveHash="0xB8A0BF169F98">0x0</containerEntry>
        </property>
        <property name="transforms" type="Matrix4" container="DynamicArray" arraySize="27">
          <containerEntry r11="0.46502602" r12="0.022810012" r13="0.88500077" r14="0" r21="0.53129673" r22="0.7924431" r23="-0.29959327" r24="0" r31="-0.7081458" r32="0.6095179" r33="0.35638815" r34="0" r41="2196.7764" r42="-8.058081" r43="1503.2084" r44="1"></containerEntry>
          <containerEntry r11="-0.2170968" r12="-0.12708294" r13="-0.9678348" r14="0" r21="-0.63557583" r22="0.77092886" r23="0.041344047" r24="0" r31="0.74087626" r32="0.62411207" r33="-0.2481358" r34="0" r41="2300.6558" r42="-4.55567" r43="1453.0623" r44="1"></containerEntry>
          <containerEntry r11="0.57549804" r12="-0.045861423" r13="-0.8165134" r14="0" r21="-0.66631895" r22="0.5525795" r23="-0.50066954" r24="0" r31="0.47414815" r32="0.8321945" r33="0.287451" r34="0" r41="2298.7327" r42="-3.512041" r43="1494.3154" r44="1"></containerEntry>
          <containerEntry r11="0.63547355" r12="-0.018683985" r13="0.7718943" r14="0" r21="0.35080802" r22="0.8975527" r23="-0.26708025" r24="0" r31="-0.68782526" r32="0.44050997" r33="0.57692564" r34="0" r41="2298.6975" r42="-3.300015" r43="1501.7657" r44="1"></containerEntry>
          <containerEntry r11="-0.21153188" r12="-0.047291346" r13="0.71798986" r14="0" r21="0.42641142" r22="0.5945716" r23="0.16479251" r24="0" r31="-0.5795854" r32="0.45469415" r33="-0.14080569" r34="0" r41="2272.6567" r42="-5.55741" r43="1461.0852" r44="1"></containerEntry>
          <containerEntry r11="0.21150854" r12="-0.027076587" r13="0.7190452" r14="0" r21="0.3800965" r22="0.6405759" r23="-0.08768213" r24="0" r31="-0.6109712" r32="0.38913798" r33="0.19437253" r34="0" r41="2280.3452" r42="-5.080606" r43="1450.8973" r44="1"></containerEntry>
          <containerEntry r11="-0.020595783" r12="-0.08104934" r13="0.74532205" r14="0" r21="0.6335904" r22="0.39671552" r23="0.06064891" r24="0" r31="-0.40079507" r32="0.6313042" r33="0.057575382" r34="0" r41="2190.882" r42="-6.588301" r43="1522.5549" r44="1"></containerEntry>
          <containerEntry r11="0.67082673" r12="-0.07027064" r13="-0.7382753" r14="0" r21="-0.08151573" r22="0.98248214" r23="-0.16758227" r24="0" r31="0.73711836" r32="0.17259973" r33="0.65334713" r34="0" r41="2203.0413" r42="-9.740159" r43="1507.7466" r44="1"></containerEntry>
          <containerEntry r11="0.70753115" r12="-0.08008225" r13="0.23555233" r14="0" r21="0.24223699" r22="0.38367993" r23="-0.59716797" r24="0" r31="-0.05673891" r32="0.63943255" r33="0.3878192" r34="0" r41="2189.3901" r42="-6.588301" r43="1517.9325" r44="1"></containerEntry>
          <containerEntry r11="0.6346357" r12="0.15870148" r13="0.75633925" r14="0" r21="0.105356425" r22="0.9517827" r23="-0.2881134" r24="0" r31="-0.76559466" r32="0.26253214" r33="0.5873151" r34="0" r41="2186.3005" r42="-8.502939" r43="1518.982" r44="1"></containerEntry>
          <containerEntry r11="0.854166" r12="-0.16730806" r13="-0.4923487" r14="0" r21="-0.2615362" r22="0.68013024" r23="-0.6848496" r24="0" r31="0.44944194" r32="0.7137424" r33="0.53718704" r34="0" r41="2228.3933" r42="-8.493319" r43="1453.7496" r44="1"></containerEntry>
          <containerEntry r11="0.943953" r12="-0.08102302" r13="-0.3199808" r14="0" r21="-0.083532155" r22="0.87921304" r23="-0.469048" r24="0" r31="0.31933498" r32="0.46948794" r33="0.8231677" r34="0" r41="2236.7246" r42="-6.7082" r43="1478.5924" r44="1"></containerEntry>
          <containerEntry r11="-0.7038008" r12="-0.04901034" r13="-0.25446025" r14="0" r21="-0.17530224" r22="0.6324221" r23="0.36305702" r24="0" r31="0.19084331" r32="0.40017405" r33="-0.60491985" r34="0" r41="2243.6116" r42="-5.879866" r43="1462.5314" r44="1"></containerEntry>
          <containerEntry r11="-0.73651546" r12="-0.09564348" r13="0.10435499" r14="0" r21="0.017334405" r22="0.4878055" r23="0.5694243" r24="0" r31="-0.140489" r32="0.561602" r33="-0.47682273" r34="0" r41="2241.0022" r42="-5.961184" r43="1480.185" r44="1"></containerEntry>
          <containerEntry r11="-0.702053" r12="-0.15595737" r13="0.21282172" r14="0" r21="0.036075696" r22="0.54253507" r23="0.5165786" r24="0" r31="-0.26137012" r32="0.4937937" r33="-0.5003484" r34="0" r41="2237.5466" r42="-7.598379" r43="1493.2291" r44="1"></containerEntry>
          <containerEntry r11="-0.88427305" r12="-0.093775086" r13="0.45744807" r14="0" r21="0.2440624" r22="0.74235874" r23="0.6239679" r24="0" r31="-0.39810306" r32="0.66340685" r33="-0.63355964" r34="0" r41="2241.5457" r42="-8.241145" r43="1502.6475" r44="1"></containerEntry>
          <containerEntry r11="-0.21722244" r12="-0.07473683" r13="-0.9732536" r14="0" r21="-0.68383604" r22="0.72314507" r23="0.0970979" r24="0" r31="0.6965461" r32="0.6866398" r33="-0.20819038" r34="0" r41="2272.0142" r42="-7.827966" r43="1509.5466" r44="1"></containerEntry>
          <containerEntry r11="-0.9718855" r12="-0.17417336" r13="-0.15840733" r14="0" r21="-0.23498988" r22="0.7589597" r23="0.6072551" r24="0" r31="0.014456801" r32="0.62740946" r33="-0.7785499" r34="0" r41="2266.332" r42="-8.269965" r43="1515.0833" r44="1"></containerEntry>
          <containerEntry r11="0.70562327" r12="0.09851586" r13="-0.23428619" r14="0" r21="-0.2484856" r22="0.41264164" r23="-0.5748726" r24="0" r31="0.05338838" r32="0.6184806" r33="0.42086604" r34="0" r41="2272.9478" r42="-6.382155" r43="1478.008" r44="1"></containerEntry>
          <containerEntry r11="0.37160617" r12="0.038533732" r13="-0.65032315" r14="0" r21="-0.4793924" r22="0.5231293" r23="-0.24293281" r24="0" r31="0.44112122" r32="0.53604907" r33="0.28382874" r34="0" r41="2286.3892" r42="-4.41617" r43="1472.4716" r44="1"></containerEntry>
          <containerEntry r11="-0.90104675" r12="-0.2207433" r13="0.3733343" r14="0" r21="0.10558146" r22="0.7232533" r23="0.6824631" r24="0" r31="-0.42066455" r32="0.6543514" r33="-0.6283774" r34="0" r41="2287.481" r42="-8.198683" r43="1527.5336" r44="1"></containerEntry>
          <containerEntry r11="-0.5231564" r12="-0.024709594" r13="0.5368285" r14="0" r21="0.1902317" r22="0.69218093" r23="0.21724856" r24="0" r31="-0.5026006" r32="0.28770554" r33="-0.47655708" r34="0" r41="2262.3755" r42="-5.796843" r43="1435.4851" r44="1"></containerEntry>
          <containerEntry r11="-0.5938187" r12="-0.06954838" r13="-0.45280346" r14="0" r21="-0.39975476" r22="0.44073513" r23="0.45655882" r24="0" r31="0.22375001" r32="0.6028374" r33="-0.38602254" r34="0" r41="2264.3677" r42="-5.005703" r43="1454.1115" r44="1"></containerEntry>
          <containerEntry r11="0.6670496" r12="-0.037146814" r13="0.3408288" r14="0" r21="0.21386904" r22="0.6278205" r23="-0.35014355" r24="0" r31="-0.26796308" r32="0.40860814" r33="0.56897604" r34="0" r41="2292.7761" r42="-6.868207" r43="1430.1615" r44="1"></containerEntry>
          <containerEntry r11="0.67649424" r12="-0.1136585" r13="-0.3032104" r14="0" r21="-0.15533082" r22="0.502306" r23="-0.53484446" r24="0" r31="0.28412524" r32="0.5452229" r33="0.42953655" r34="0" r41="2268.4004" r42="-8.612417" r43="1423.93" r44="1"></containerEntry>
          <containerEntry r11="0.7471688" r12="-0.045030013" r13="0.047021963" r14="0" r21="0.06497137" r22="0.5505017" r23="-0.50519776" r24="0" r31="-0.0041818684" r32="0.50736403" r33="0.5523245" r34="0" r41="2272.7678" r42="-9.551439" r43="1415.4093" r44="1"></containerEntry>
          <containerEntry r11="0.56752455" r12="-0.18026586" r13="-0.45598036" r14="0" r21="-0.29593438" r22="0.4301826" r23="-0.53838855" r24="0" r31="0.3909434" r32="0.587319" r33="0.25438976" r34="0" r41="2273.3298" r42="-6.969118" r43="1428.1364" r44="1"></containerEntry>
        </property>
        <property name="colors" type="UInt32" container="DynamicArray" arraySize="27">
          <containerEntry>4294967295</containerEntry>
          <containerEntry>4294967295</containerEntry>
          <containerEntry>4294967295</containerEntry>
          <containerEntry>4294967295</containerEntry>
          <containerEntry>4294967295</containerEntry>
          <containerEntry>4294967295</containerEntry>
          <containerEntry>4294967295</containerEntry>
          <containerEntry>4294967295</containerEntry>
          <containerEntry>4294967295</containerEntry>
          <containerEntry>4294967295</containerEntry>
          <containerEntry>4294967295</containerEntry>
          <containerEntry>4294967295</containerEntry>
          <containerEntry>4294967295</containerEntry>
          <containerEntry>4294967295</containerEntry>
          <containerEntry>4294967295</containerEntry>
          <containerEntry>4294967295</containerEntry>
          <containerEntry>4294967295</containerEntry>
          <containerEntry>4294967295</containerEntry>
          <containerEntry>4294967295</containerEntry>
          <containerEntry>4294967295</containerEntry>
          <containerEntry>4294967295</containerEntry>
          <containerEntry>4294967295</containerEntry>
          <containerEntry>4294967295</containerEntry>
          <containerEntry>4294967295</containerEntry>
          <containerEntry>4294967295</containerEntry>
          <containerEntry>4294967295</containerEntry>
          <containerEntry>4294967295</containerEntry>
        </property>
      </staticProperties>
      <dynamicProperties></dynamicProperties>
    </entity>
    <entity class="StaticModelArray" classVersion="4" classID="0xD0" addr="0x317E5C0" id="0x0">
      <staticProperties>
        <property name="name" type="String" container="StaticArray" arraySize="1">
          <containerEntry>StaticModelArray0004</containerEntry>
        </property>
        <property name="dataSet" type="EntityHandle" container="StaticArray" arraySize="1">
          <containerEntry>0x32F1E40</containerEntry>
        </property>
        <property name="modelFile" type="FilePtr" container="StaticArray" arraySize="1">
          <containerEntry>/Assets/tpp/environ/object/middle_africa/rock/mafr_rock001/scenes/mafr_rock001.fmdl</containerEntry>
        </property>
        <property name="geomFile" type="FilePtr" container="StaticArray" arraySize="1">
          <containerEntry>/Assets/tpp/environ/object/middle_africa/rock/mafr_rock001/scenes/mafr_rock001.geom</containerEntry>
        </property>
        <property name="isVisibleGeom" type="Bool" container="StaticArray" arraySize="1">
          <containerEntry>false</containerEntry>
        </property>
        <property name="lodFarSize" type="Float" container="StaticArray" arraySize="1">
          <containerEntry>-1</containerEntry>
        </property>
        <property name="lodNearSize" type="Float" container="StaticArray" arraySize="1">
          <containerEntry>-1</containerEntry>
        </property>
        <property name="lodPolygonSize" type="Float" container="StaticArray" arraySize="1">
          <containerEntry>-1</containerEntry>
        </property>
        <property name="drawRejectionLevel" type="Int32" container="StaticArray" arraySize="1">
          <containerEntry>8</containerEntry>
        </property>
        <property name="drawMode" type="Int32" container="StaticArray" arraySize="1">
          <containerEntry>0</containerEntry>
        </property>
        <property name="rejectFarRangeShadowCast" type="Int32" container="StaticArray" arraySize="1">
          <containerEntry>2</containerEntry>
        </property>
        <property name="parentLocator" type="EntityLink" container="StaticArray" arraySize="1">
          <containerEntry packagePathHash="0xB8A0BF169F98" archivePathHash="0xB8A0BF169F98" nameInArchiveHash="0xB8A0BF169F98">0x0</containerEntry>
        </property>
        <property name="transforms" type="Matrix4" container="DynamicArray" arraySize="3">
          <containerEntry r11="-0.6472862" r12="-0.06663059" r13="0.759332" r14="0" r21="-0.062425945" r22="0.9974596" r23="0.034311567" r24="0" r31="-0.7596893" r32="-0.025192613" r33="-0.6498013" r34="0" r41="2272.9624" r42="-2.492445" r43="1482.8442" r44="1"></containerEntry>
          <containerEntry r11="0.53709644" r12="-0.032887526" r13="-0.8428785" r14="0" r21="-0.2561958" r22="0.94567615" r23="-0.20015022" r24="0" r31="0.8036725" r32="0.32344213" r33="0.49949375" r34="0" r41="2292.2346" r42="-0.45717" r43="1495.6321" r44="1"></containerEntry>
          <containerEntry r11="-0.9226803" r12="-0.06663072" r13="-0.3797731" r14="0" r21="-0.05198546" r22="0.99745965" r23="-0.04870161" r24="0" r31="0.38205335" r32="-0.025193298" r33="-0.9238002" r34="0" r41="2274.382" r42="-1.849185" r43="1478.6162" r44="1"></containerEntry>
        </property>
        <property name="colors" type="UInt32" container="DynamicArray" arraySize="3">
          <containerEntry>4294967295</containerEntry>
          <containerEntry>4294967295</containerEntry>
          <containerEntry>4294967295</containerEntry>
        </property>
      </staticProperties>
      <dynamicProperties></dynamicProperties>
    </entity>
    <entity class="StaticModelArray" classVersion="4" classID="0xD0" addr="0x317E630" id="0x0">
      <staticProperties>
        <property name="name" type="String" container="StaticArray" arraySize="1">
          <containerEntry>StaticModelArray0005</containerEntry>
        </property>
        <property name="dataSet" type="EntityHandle" container="StaticArray" arraySize="1">
          <containerEntry>0x32F1E40</containerEntry>
        </property>
        <property name="modelFile" type="FilePtr" container="StaticArray" arraySize="1">
          <containerEntry>/Assets/tpp/environ/object/middle_africa/rock/mafr_rock002/scenes/mafr_rock002.fmdl</containerEntry>
        </property>
        <property name="geomFile" type="FilePtr" container="StaticArray" arraySize="1">
          <containerEntry>/Assets/tpp/environ/object/middle_africa/rock/mafr_rock002/scenes/mafr_rock002.geom</containerEntry>
        </property>
        <property name="isVisibleGeom" type="Bool" container="StaticArray" arraySize="1">
          <containerEntry>false</containerEntry>
        </property>
        <property name="lodFarSize" type="Float" container="StaticArray" arraySize="1">
          <containerEntry>-1</containerEntry>
        </property>
        <property name="lodNearSize" type="Float" container="StaticArray" arraySize="1">
          <containerEntry>-1</containerEntry>
        </property>
        <property name="lodPolygonSize" type="Float" container="StaticArray" arraySize="1">
          <containerEntry>-1</containerEntry>
        </property>
        <property name="drawRejectionLevel" type="Int32" container="StaticArray" arraySize="1">
          <containerEntry>8</containerEntry>
        </property>
        <property name="drawMode" type="Int32" container="StaticArray" arraySize="1">
          <containerEntry>0</containerEntry>
        </property>
        <property name="rejectFarRangeShadowCast" type="Int32" container="StaticArray" arraySize="1">
          <containerEntry>2</containerEntry>
        </property>
        <property name="parentLocator" type="EntityLink" container="StaticArray" arraySize="1">
          <containerEntry packagePathHash="0xB8A0BF169F98" archivePathHash="0xB8A0BF169F98" nameInArchiveHash="0xB8A0BF169F98">0x0</containerEntry>
        </property>
        <property name="transforms" type="Matrix4" container="DynamicArray" arraySize="19">
          <containerEntry r11="0.10749159" r12="0.031784903" r13="0.9936969" r14="0" r21="-0.08091503" r22="0.9964528" r23="-0.023120135" r24="0" r31="-0.99090695" r32="-0.07791966" r33="0.10968216" r34="0" r41="2300.4187" r42="-1.539516" r43="1444.2206" r44="1"></containerEntry>
          <containerEntry r11="-0.6676493" r12="0.031784493" r13="-0.74379545" r14="0" r21="0.07918212" r22="0.9964528" r23="-0.028494513" r24="0" r31="0.74025136" r32="-0.07791959" r33="-0.66779786" r34="0" r41="2295.273" r42="-4.247293" r43="1428.3354" r44="1"></containerEntry>
          <containerEntry r11="-0.6354719" r12="0.07655274" r13="0.76831555" r14="0" r21="0.072249" r22="0.99660254" r23="-0.03954125" r24="0" r31="-0.7687322" r32="0.03038266" r33="-0.6388437" r34="0" r41="2203.075" r42="-4.818508" r43="1504.2214" r44="1"></containerEntry>
          <containerEntry r11="0.24033552" r12="0.005723797" r13="0.9706729" r14="0" r21="0.063710175" r22="0.9977334" r23="-0.021657798" r24="0" r31="-0.96859676" r32="0.06704688" r33="0.23942614" r34="0" r41="2223.532" r42="-2.644257" r43="1465.5055" r44="1"></containerEntry>
          <containerEntry r11="-0.47259173" r12="0.0057230443" r13="0.8812627" r14="0" r21="0.061787106" r22="0.9977334" r23="0.026654944" r24="0" r31="-0.87911266" r32="0.06704759" r33="-0.47187412" r34="0" r41="2227.1257" r42="-1.727252" r43="1465.5055" r44="1"></containerEntry>
