<fox formatVersion="2" fileVersion="0">
  <entities>
    <entity class="DataSet" classVersion="0" classID="0xE8" addr="0x2F53810" id="0x52C67">
      <staticProperties>
        <property name="name" type="String" container="StaticArray" arraySize="1">
          <containerEntry hash="0xB8A0BF169F98"></containerEntry>
        </property>
        <property name="dataSet" type="EntityHandle" container="StaticArray" arraySize="1">
          <containerEntry>0x0</containerEntry>
        </property>
        <property name="dataList" type="EntityPtr" container="StringMap" arraySize="14">
          <containerEntry key="afgh_clff013_0006">
            <data>0x2D752C0</data>
          </containerEntry>
          <containerEntry key="afgh_clff041_vrtn002_0000">
            <data>0x2D75FE0</data>
          </containerEntry>
          <containerEntry key="StaticModelArray0000">
            <data>0x2D7C800</data>
          </containerEntry>
          <containerEntry key="StaticModelArray0001">
            <data>0x2D7C870</data>
          </containerEntry>
          <containerEntry key="afgh_clff022_vrtn002_0007">
            <data>0x2D7C8E0</data>
          </containerEntry>
          <containerEntry key="StaticModelArray0002">
            <data>0x2D7C950</data>
          </containerEntry>
          <containerEntry key="StaticModelArray0003">
            <data>0x2D7C9C0</data>
          </containerEntry>
          <containerEntry key="StaticModelArray0004">
            <data>0x2D7CAA0</data>
          </containerEntry>
          <containerEntry key="StaticModelArray0005">
            <data>0x2D7CA30</data>
          </containerEntry>
          <containerEntry key="StaticModelArray0006">
            <data>0x2D7C090</data>
          </containerEntry>
          <containerEntry key="StaticModelArray0007">
            <data>0x2D7BFB0</data>
          </containerEntry>
          <containerEntry key="StaticModelArray0008">
            <data>0x2D7C100</data>
          </containerEntry>
          <containerEntry key="StaticModelArray0009">
            <data>0x2D7C4F0</data>
          </containerEntry>
          <containerEntry key="TexturePackLoadConditioner0000">
            <data>0x2D7CC60</data>
          </containerEntry>
        </property>
      </staticProperties>
      <dynamicProperties></dynamicProperties>
    </entity>
    <entity class="StaticModel" classVersion="9" classID="0x160" addr="0x2D752C0" id="0x52D1F">
      <staticProperties>
        <property name="name" type="String" container="StaticArray" arraySize="1">
          <containerEntry>afgh_clff013_0006</containerEntry>
        </property>
        <property name="dataSet" type="EntityHandle" container="StaticArray" arraySize="1">
          <containerEntry>0x2F53810</containerEntry>
        </property>
        <property name="parent" type="EntityHandle" container="StaticArray" arraySize="1">
          <containerEntry>0x0</containerEntry>
        </property>
        <property name="transform" type="EntityPtr" container="StaticArray" arraySize="1">
          <containerEntry>0x2D75330</containerEntry>
        </property>
        <property name="shearTransform" type="EntityPtr" container="StaticArray" arraySize="1">
          <containerEntry>0x0</containerEntry>
        </property>
        <property name="pivotTransform" type="EntityPtr" container="StaticArray" arraySize="1">
          <containerEntry>0x0</containerEntry>
        </property>
        <property name="children" type="EntityHandle" container="List"></property>
        <property name="flags" type="UInt32" container="StaticArray" arraySize="1">
          <containerEntry>3221225479</containerEntry>
        </property>
        <property name="modelFile" type="FilePtr" container="StaticArray" arraySize="1">
          <containerEntry>/Assets/tpp/environ/object/afghanistan/cliff/afgh_clff013/scenes/afgh_clff013.fmdl</containerEntry>
        </property>
        <property name="geomFile" type="FilePtr" container="StaticArray" arraySize="1">
          <containerEntry>/Assets/tpp/environ/object/afghanistan/cliff/afgh_clff013/scenes/afgh_clff013.geom</containerEntry>
        </property>
        <property name="isVisibleGeom" type="Bool" container="StaticArray" arraySize="1">
          <containerEntry>false</containerEntry>
        </property>
        <property name="isIsolated" type="Bool" container="StaticArray" arraySize="1">
          <containerEntry>false</containerEntry>
        </property>
        <property name="lodFarSize" type="Float" container="StaticArray" arraySize="1">
          <containerEntry>-1</containerEntry>
        </property>
        <property name="lodNearSize" type="Float" container="StaticArray" arraySize="1">
          <containerEntry>-1</containerEntry>
        </property>
        <property name="lodPolygonSize" type="Float" container="StaticArray" arraySize="1">
          <containerEntry>-1</containerEntry>
        </property>
        <property name="color" type="Color" container="StaticArray" arraySize="1">
          <containerEntry r="1" g="1" b="1" a="1"></containerEntry>
        </property>
        <property name="drawRejectionLevel" type="Int32" container="StaticArray" arraySize="1">
          <containerEntry>8</containerEntry>
        </property>
        <property name="drawMode" type="Int32" container="StaticArray" arraySize="1">
          <containerEntry>0</containerEntry>
        </property>
        <property name="rejectFarRangeShadowCast" type="Int32" container="StaticArray" arraySize="1">
          <containerEntry>2</containerEntry>
        </property>
      </staticProperties>
      <dynamicProperties></dynamicProperties>
    </entity>
    <entity class="TransformEntity" classVersion="0" classID="0x50" addr="0x2D75330" id="0x52D22">
      <staticProperties>
        <property name="owner" type="EntityHandle" container="StaticArray" arraySize="1">
          <containerEntry>0x2D752C0</containerEntry>
        </property>
        <property name="transform_scale" type="Vector3" container="StaticArray" arraySize="1">
          <containerEntry x="1" y="1" z="1" w="0"></containerEntry>
        </property>
        <property name="transform_rotation_quat" type="Quat" container="StaticArray" arraySize="1">
          <containerEntry x="0.005926" y="0.263081" z="-0.018933" w="0.964569"></containerEntry>
        </property>
        <property name="transform_translation" type="Vector3" container="StaticArray" arraySize="1">
          <containerEntry x="1005.918" y="356.3012" z="-283.43942" w="0"></containerEntry>
        </property>
      </staticProperties>
      <dynamicProperties></dynamicProperties>
    </entity>
    <entity class="StaticModel" classVersion="9" classID="0x160" addr="0x2D75FE0" id="0x52D65">
      <staticProperties>
        <property name="name" type="String" container="StaticArray" arraySize="1">
          <containerEntry>afgh_clff041_vrtn002_0000</containerEntry>
        </property>
        <property name="dataSet" type="EntityHandle" container="StaticArray" arraySize="1">
          <containerEntry>0x2F53810</containerEntry>
        </property>
        <property name="parent" type="EntityHandle" container="StaticArray" arraySize="1">
          <containerEntry>0x0</containerEntry>
        </property>
        <property name="transform" type="EntityPtr" container="StaticArray" arraySize="1">
          <containerEntry>0x2D76050</containerEntry>
        </property>
        <property name="shearTransform" type="EntityPtr" container="StaticArray" arraySize="1">
          <containerEntry>0x0</containerEntry>
        </property>
        <property name="pivotTransform" type="EntityPtr" container="StaticArray" arraySize="1">
          <containerEntry>0x0</containerEntry>
        </property>
        <property name="children" type="EntityHandle" container="List"></property>
        <property name="flags" type="UInt32" container="StaticArray" arraySize="1">
          <containerEntry>7</containerEntry>
        </property>
        <property name="modelFile" type="FilePtr" container="StaticArray" arraySize="1">
          <containerEntry>/Assets/tpp/environ/object/afghanistan/cliff/afgh_clff041/scenes/afgh_clff041_vrtn002.fmdl</containerEntry>
        </property>
        <property name="geomFile" type="FilePtr" container="StaticArray" arraySize="1">
          <containerEntry>/Assets/tpp/environ/object/afghanistan/cliff/afgh_clff041/scenes/afgh_clff041_vrtn002.geom</containerEntry>
        </property>
        <property name="isVisibleGeom" type="Bool" container="StaticArray" arraySize="1">
          <containerEntry>false</containerEntry>
        </property>
        <property name="isIsolated" type="Bool" container="StaticArray" arraySize="1">
          <containerEntry>false</containerEntry>
        </property>
        <property name="lodFarSize" type="Float" container="StaticArray" arraySize="1">
          <containerEntry>-1</containerEntry>
        </property>
        <property name="lodNearSize" type="Float" container="StaticArray" arraySize="1">
          <containerEntry>-1</containerEntry>
        </property>
        <property name="lodPolygonSize" type="Float" container="StaticArray" arraySize="1">
          <containerEntry>-1</containerEntry>
        </property>
        <property name="color" type="Color" container="StaticArray" arraySize="1">
          <containerEntry r="1" g="1" b="1" a="1"></containerEntry>
        </property>
        <property name="drawRejectionLevel" type="Int32" container="StaticArray" arraySize="1">
          <containerEntry>8</containerEntry>
        </property>
        <property name="drawMode" type="Int32" container="StaticArray" arraySize="1">
          <containerEntry>0</containerEntry>
        </property>
        <property name="rejectFarRangeShadowCast" type="Int32" container="StaticArray" arraySize="1">
          <containerEntry>2</containerEntry>
        </property>
      </staticProperties>
      <dynamicProperties></dynamicProperties>
    </entity>
    <entity class="TransformEntity" classVersion="0" classID="0x50" addr="0x2D76050" id="0x52D68">
      <staticProperties>
        <property name="owner" type="EntityHandle" container="StaticArray" arraySize="1">
          <containerEntry>0x2D75FE0</containerEntry>
        </property>
        <property name="transform_scale" type="Vector3" container="StaticArray" arraySize="1">
          <containerEntry x="1" y="1" z="1" w="0"></containerEntry>
        </property>
        <property name="transform_rotation_quat" type="Quat" container="StaticArray" arraySize="1">
          <containerEntry x="-0.019479" y="0.450145" z="-0.038596" w="0.891908"></containerEntry>
        </property>
        <property name="transform_translation" type="Vector3" container="StaticArray" arraySize="1">
          <containerEntry x="999.30304" y="377.91418" z="-337.6117" w="0"></containerEntry>
        </property>
      </staticProperties>
      <dynamicProperties></dynamicProperties>
    </entity>
    <entity class="StaticModelArray" classVersion="4" classID="0xD0" addr="0x2D7C800" id="0x0">
      <staticProperties>
        <property name="name" type="String" container="StaticArray" arraySize="1">
          <containerEntry>StaticModelArray0000</containerEntry>
        </property>
        <property name="dataSet" type="EntityHandle" container="StaticArray" arraySize="1">
          <containerEntry>0x2F53810</containerEntry>
        </property>
        <property name="modelFile" type="FilePtr" container="StaticArray" arraySize="1">
          <containerEntry>/Assets/tpp/environ/object/afghanistan/cliff/afgh_clff035/scenes/afgh_clff035_vrtn003.fmdl</containerEntry>
        </property>
        <property name="geomFile" type="FilePtr" container="StaticArray" arraySize="1">
          <containerEntry>/Assets/tpp/environ/object/afghanistan/cliff/afgh_clff035/scenes/afgh_clff035_vrtn003.geom</containerEntry>
        </property>
        <property name="isVisibleGeom" type="Bool" container="StaticArray" arraySize="1">
          <containerEntry>false</containerEntry>
        </property>
        <property name="lodFarSize" type="Float" container="StaticArray" arraySize="1">
          <containerEntry>-1</containerEntry>
        </property>
        <property name="lodNearSize" type="Float" container="StaticArray" arraySize="1">
          <containerEntry>-1</containerEntry>
        </property>
        <property name="lodPolygonSize" type="Float" container="StaticArray" arraySize="1">
          <containerEntry>-1</containerEntry>
        </property>
        <property name="drawRejectionLevel" type="Int32" container="StaticArray" arraySize="1">
          <containerEntry>8</containerEntry>
        </property>
        <property name="drawMode" type="Int32" container="StaticArray" arraySize="1">
          <containerEntry>0</containerEntry>
        </property>
        <property name="rejectFarRangeShadowCast" type="Int32" container="StaticArray" arraySize="1">
          <containerEntry>2</containerEntry>
        </property>
        <property name="parentLocator" type="EntityLink" container="StaticArray" arraySize="1">
          <containerEntry packagePathHash="0xB8A0BF169F98" archivePathHash="0xB8A0BF169F98" nameInArchiveHash="0xB8A0BF169F98">0x0</containerEntry>
        </property>
        <property name="transforms" type="Matrix4" container="DynamicArray" arraySize="3">
          <containerEntry r11="0.7096712" r12="3.3527613e-07" r13="0.7045334" r14="0" r21="0.15142208" r22="0.9766304" r23="-0.15252697" r24="0" r31="-0.6880688" r32="0.21492586" r33="0.6930864" r34="0" r41="910.48883" r42="396.9061" r43="-365.95715" r44="1"></containerEntry>
          <containerEntry r11="0.98203975" r12="-0.18760361" r13="-0.020070236" r14="0" r21="0.18177758" r22="0.96927285" r23="-0.16573174" r24="0" r31="0.050545465" r32="0.15910684" r33="0.9859666" r34="0" r41="940.2156" r42="394.25436" r43="-351.1806" r44="1"></containerEntry>
          <containerEntry r11="0.5430377" r12="-0.058101498" r13="0.837695" r14="0" r21="0.03761158" r22="0.9982851" r23="0.044858" r24="0" r31="-0.8388648" r32="0.0071475245" r33="0.54429173" r34="0" r41="929.74915" r42="363.15375" r43="-278.1477" r44="1"></containerEntry>
        </property>
        <property name="colors" type="UInt32" container="DynamicArray" arraySize="3">
          <containerEntry>4294967295</containerEntry>
          <containerEntry>4294967295</containerEntry>
          <containerEntry>4294967295</containerEntry>
        </property>
      </staticProperties>
      <dynamicProperties></dynamicProperties>
    </entity>
    <entity class="StaticModelArray" classVersion="4" classID="0xD0" addr="0x2D7C870" id="0x0">
      <staticProperties>
        <property name="name" type="String" container="StaticArray" arraySize="1">
          <containerEntry>StaticModelArray0001</containerEntry>
        </property>
        <property name="dataSet" type="EntityHandle" container="StaticArray" arraySize="1">
          <containerEntry>0x2F53810</containerEntry>
        </property>
        <property name="modelFile" type="FilePtr" container="StaticArray" arraySize="1">
          <containerEntry>/Assets/tpp/environ/object/afghanistan/cliff/afgh_clff022/scenes/afgh_clff022_vrtn002.fmdl</containerEntry>
        </property>
        <property name="geomFile" type="FilePtr" container="StaticArray" arraySize="1">
          <containerEntry>/Assets/tpp/environ/object/afghanistan/cliff/afgh_clff022/scenes/afgh_clff022_vrtn002.geom</containerEntry>
        </property>
        <property name="isVisibleGeom" type="Bool" container="StaticArray" arraySize="1">
          <containerEntry>false</containerEntry>
        </property>
        <property name="lodFarSize" type="Float" container="StaticArray" arraySize="1">
          <containerEntry>-1</containerEntry>
        </property>
        <property name="lodNearSize" type="Float" container="StaticArray" arraySize="1">
          <containerEntry>-1</containerEntry>
        </property>
        <property name="lodPolygonSize" type="Float" container="StaticArray" arraySize="1">
          <containerEntry>-1</containerEntry>
        </property>
        <property name="drawRejectionLevel" type="Int32" container="StaticArray" arraySize="1">
          <containerEntry>8</containerEntry>
        </property>
        <property name="drawMode" type="Int32" container="StaticArray" arraySize="1">
          <containerEntry>0</containerEntry>
        </property>
        <property name="rejectFarRangeShadowCast" type="Int32" container="StaticArray" arraySize="1">
          <containerEntry>2</containerEntry>
        </property>
        <property name="parentLocator" type="EntityLink" container="StaticArray" arraySize="1">
          <containerEntry packagePathHash="0xB8A0BF169F98" archivePathHash="0xB8A0BF169F98" nameInArchiveHash="0xB8A0BF169F98">0x0</containerEntry>
        </property>
        <property name="transforms" type="Matrix4" container="DynamicArray" arraySize="3">
          <containerEntry r11="0.38724983" r12="-0.007892101" r13="0.9219403" r14="0" r21="0.004050811" r22="0.9999683" r23="0.0068585463" r24="0" r31="-0.92196524" r32="0.0010786436" r33="0.3872695" r34="0" r41="921.4452" r42="376.41443" r43="-322.81433" r44="1"></containerEntry>
          <containerEntry r11="0.91610736" r12="-0.00096108066" r13="-0.4009315" r14="0" r21="0.004050344" r22="0.9999683" r23="0.006857766" r24="0" r31="0.4009122" r32="-0.007906362" r33="0.9160822" r34="0" r41="952.3146" r42="376.3542" r43="-312.4615" r44="1"></containerEntry>
          <containerEntry r11="0.9374339" r12="-0.0061835" r13="0.34810844" r14="0" r21="0.0040485547" r22="0.99996823" r23="0.006860084" r24="0" r31="-0.3481398" r32="-0.0050215404" r33="0.9374292" r34="0" r41="897.3997" r42="370.3682" r43="-321.35727" r44="1"></containerEntry>
        </property>
        <property name="colors" type="UInt32" container="DynamicArray" arraySize="3">
          <containerEntry>4294967295</containerEntry>
          <containerEntry>4294967295</containerEntry>
          <containerEntry>4294967295</containerEntry>
        </property>
      </staticProperties>
      <dynamicProperties></dynamicProperties>
    </entity>
    <entity class="StaticModelArrayLinkTarget" classVersion="0" classID="0x48" addr="0x2D7C8E0" id="0x0">
      <staticProperties>
        <property name="name" type="String" container="StaticArray" arraySize="1">
          <containerEntry>afgh_clff022_vrtn002_0007</containerEntry>
        </property>
        <property name="dataSet" type="EntityHandle" container="StaticArray" arraySize="1">
          <containerEntry>0x2F53810</containerEntry>
        </property>
        <property name="staticModelArray" type="EntityHandle" container="StaticArray" arraySize="1">
          <containerEntry>0x2D7C870</containerEntry>
        </property>
        <property name="arrayIndex" type="UInt32" container="StaticArray" arraySize="1">
          <containerEntry>2</containerEntry>
        </property>
      </staticProperties>
      <dynamicProperties></dynamicProperties>
    </entity>
    <entity class="StaticModelArray" classVersion="4" classID="0xD0" addr="0x2D7C950" id="0x0">
      <staticProperties>
        <property name="name" type="String" container="StaticArray" arraySize="1">
          <containerEntry>StaticModelArray0002</containerEntry>
        </property>
        <property name="dataSet" type="EntityHandle" container="StaticArray" arraySize="1">
          <containerEntry>0x2F53810</containerEntry>
        </property>
        <property name="modelFile" type="FilePtr" container="StaticArray" arraySize="1">
          <containerEntry>/Assets/tpp/environ/object/afghanistan/rock/afgh_rock010/scenes/afgh_rock010_vrtn001.fmdl</containerEntry>
        </property>
        <property name="geomFile" type="FilePtr" container="StaticArray" arraySize="1">
          <containerEntry>/Assets/tpp/environ/object/afghanistan/rock/afgh_rock010/scenes/afgh_rock010_vrtn001.geom</containerEntry>
        </property>
        <property name="isVisibleGeom" type="Bool" container="StaticArray" arraySize="1">
          <containerEntry>false</containerEntry>
        </property>
        <property name="lodFarSize" type="Float" container="StaticArray" arraySize="1">
          <containerEntry>-1</containerEntry>
        </property>
        <property name="lodNearSize" type="Float" container="StaticArray" arraySize="1">
          <containerEntry>-1</containerEntry>
        </property>
        <property name="lodPolygonSize" type="Float" container="StaticArray" arraySize="1">
          <containerEntry>-1</containerEntry>
        </property>
        <property name="drawRejectionLevel" type="Int32" container="StaticArray" arraySize="1">
          <containerEntry>8</containerEntry>
        </property>
        <property name="drawMode" type="Int32" container="StaticArray" arraySize="1">
          <containerEntry>0</containerEntry>
        </property>
        <property name="rejectFarRangeShadowCast" type="Int32" container="StaticArray" arraySize="1">
          <containerEntry>2</containerEntry>
        </property>
        <property name="parentLocator" type="EntityLink" container="StaticArray" arraySize="1">
          <containerEntry packagePathHash="0xB8A0BF169F98" archivePathHash="0xB8A0BF169F98" nameInArchiveHash="0xB8A0BF169F98">0x0</containerEntry>
        </property>
        <property name="transforms" type="Matrix4" container="DynamicArray" arraySize="2">
          <containerEntry r11="-0.8798746" r12="0.391285" r13="0.98848397" r14="0" r21="-0.51147985" r22="-1.280664" r23="0.051661056" r24="0" r31="0.93198323" r32="-0.33343142" r33="0.9615756" r34="0" r41="936.0288" r42="363.85425" r43="-287.4906" r44="1"></containerEntry>
          <containerEntry r11="0.1117018" r12="-0.020589296" r13="1.2247436" r14="0" r21="-0.07152036" r22="1.2276185" r23="0.02716052" r24="0" r31="-1.2228268" r32="-0.07368132" r33="0.110288315" r34="0" r41="1006.46063" r42="351.24936" r43="-265.70648" r44="1"></containerEntry>
        </property>
        <property name="colors" type="UInt32" container="DynamicArray" arraySize="2">
          <containerEntry>4294967295</containerEntry>
          <containerEntry>4294967295</containerEntry>
        </property>
      </staticProperties>
      <dynamicProperties></dynamicProperties>
    </entity>
    <entity class="StaticModelArray" classVersion="4" classID="0xD0" addr="0x2D7C9C0" id="0x0">
      <staticProperties>
        <property name="name" type="String" container="StaticArray" arraySize="1">
          <containerEntry>StaticModelArray0003</containerEntry>
        </property>
        <property name="dataSet" type="EntityHandle" container="StaticArray" arraySize="1">
          <containerEntry>0x2F53810</containerEntry>
        </property>
        <property name="modelFile" type="FilePtr" container="StaticArray" arraySize="1">
          <containerEntry>/Assets/tpp/environ/object/afghanistan/cliff/afgh_clff022/scenes/afgh_clff022_vrtn004.fmdl</containerEntry>
        </property>
        <property name="geomFile" type="FilePtr" container="StaticArray" arraySize="1">
          <containerEntry>/Assets/tpp/environ/object/afghanistan/cliff/afgh_clff022/scenes/afgh_clff022_vrtn004.geom</containerEntry>
        </property>
        <property name="isVisibleGeom" type="Bool" container="StaticArray" arraySize="1">
          <containerEntry>false</containerEntry>
        </property>
        <property name="lodFarSize" type="Float" container="StaticArray" arraySize="1">
          <containerEntry>-1</containerEntry>
        </property>
        <property name="lodNearSize" type="Float" container="StaticArray" arraySize="1">
          <containerEntry>-1</containerEntry>
        </property>
        <property name="lodPolygonSize" type="Float" container="StaticArray" arraySize="1">
          <containerEntry>-1</containerEntry>
        </property>
        <property name="drawRejectionLevel" type="Int32" container="StaticArray" arraySize="1">
          <containerEntry>8</containerEntry>
        </property>
        <property name="drawMode" type="Int32" container="StaticArray" arraySize="1">
          <containerEntry>0</containerEntry>
        </property>
        <property name="rejectFarRangeShadowCast" type="Int32" container="StaticArray" arraySize="1">
          <containerEntry>2</containerEntry>
        </property>
        <property name="parentLocator" type="EntityLink" container="StaticArray" arraySize="1">
          <containerEntry packagePathHash="0xB8A0BF169F98" archivePathHash="0xB8A0BF169F98" nameInArchiveHash="0xB8A0BF169F98">0x0</containerEntry>
        </property>
        <property name="transforms" type="Matrix4" container="DynamicArray" arraySize="3">
          <containerEntry r11="0.97948754" r12="-0.0048522763" r13="0.201446" r14="0" r21="0.004949065" r22="0.9999877" r23="2.318088e-05" r24="0" r31="-0.20144364" r32="0.00097426516" r33="0.9794996" r34="0" r41="960.45905" r42="354.94147" r43="-259.62958" r44="1"></containerEntry>
          <containerEntry r11="0.7876431" r12="-0.01987163" r13="0.6158116" r14="0" r21="0.0581446" r22="0.9974165" r23="-0.04218326" r24="0" r31="-0.61338246" r32="0.06903145" r33="0.78676367" r34="0" r41="917.54926" r42="387.6042" r43="-347.01" r44="1"></containerEntry>
          <containerEntry r11="0.9882725" r12="-0.048080344" r13="-0.14493358" r14="0" r21="0.049948823" r22="0.99870867" r23="0.009278664" r24="0" r31="0.14430031" r32="-0.016409125" r33="0.9893979" r34="0" r41="1004.5841" r42="351.10706" r43="-265.1787" r44="1"></containerEntry>
        </property>
        <property name="colors" type="UInt32" container="DynamicArray" arraySize="3">
          <containerEntry>4294967295</containerEntry>
          <containerEntry>4294967295</containerEntry>
          <containerEntry>4294967295</containerEntry>
        </property>
      </staticProperties>
      <dynamicProperties></dynamicProperties>
    </entity>
    <entity class="StaticModelArray" classVersion="4" classID="0xD0" addr="0x2D7CAA0" id="0x0">
      <staticProperties>
        <property name="name" type="String" container="StaticArray" arraySize="1">
          <containerEntry>StaticModelArray0004</containerEntry>
        </property>
        <property name="dataSet" type="EntityHandle" container="StaticArray" arraySize="1">
          <containerEntry>0x2F53810</containerEntry>
        </property>
        <property name="modelFile" type="FilePtr" container="StaticArray" arraySize="1">
          <containerEntry>/Assets/tpp/environ/object/afghanistan/cliff/afgh_clff022/scenes/afgh_clff022_vrtn003.fmdl</containerEntry>
        </property>
        <property name="geomFile" type="FilePtr" container="StaticArray" arraySize="1">
          <containerEntry>/Assets/tpp/environ/object/afghanistan/cliff/afgh_clff022/scenes/afgh_clff022_vrtn003.geom</containerEntry>
        </property>
        <property name="isVisibleGeom" type="Bool" container="StaticArray" arraySize="1">
          <containerEntry>false</containerEntry>
        </property>
        <property name="lodFarSize" type="Float" container="StaticArray" arraySize="1">
          <containerEntry>-1</containerEntry>
        </property>
        <property name="lodNearSize" type="Float" container="StaticArray" arraySize="1">
          <containerEntry>-1</containerEntry>
        </property>
        <property name="lodPolygonSize" type="Float" container="StaticArray" arraySize="1">
          <containerEntry>-1</containerEntry>
        </property>
        <property name="drawRejectionLevel" type="Int32" container="StaticArray" arraySize="1">
          <containerEntry>8</containerEntry>
        </property>
        <property name="drawMode" type="Int32" container="StaticArray" arraySize="1">
          <containerEntry>0</containerEntry>
        </property>
        <property name="rejectFarRangeShadowCast" type="Int32" container="StaticArray" arraySize="1">
          <containerEntry>2</containerEntry>
        </property>
        <property name="parentLocator" type="EntityLink" container="StaticArray" arraySize="1">
          <containerEntry packagePathHash="0xB8A0BF169F98" archivePathHash="0xB8A0BF169F98" nameInArchiveHash="0xB8A0BF169F98">0x0</containerEntry>
        </property>
        <property name="transforms" type="Matrix4" container="DynamicArray" arraySize="5">
          <containerEntry r11="0.6428202" r12="0" r13="0.7660173" r14="0" r21="0" r22="1" r23="0" r24="0" r31="-0.7660173" r32="0" r33="0.6428202" r34="0" r41="931.90607" r42="370.47015" r43="-300.26425" r44="1"></containerEntry>
          <containerEntry r11="-0.9668387" r12="0" r13="0.25539398" r14="0" r21="0" r22="1" r23="0" r24="0" r31="-0.25539398" r32="0" r33="-0.9668387" r34="0" r41="913.5927" r42="386.8968" r43="-331.43167" r44="1"></containerEntry>
          <containerEntry r11="0.9310377" r12="0" r13="-0.36492294" r14="0" r21="0" r22="1" r23="0" r24="0" r31="0.36492294" r32="0" r33="0.9310377" r34="0" r41="1020.1048" r42="369.7208" r43="-383.13354" r44="1"></containerEntry>
          <containerEntry r11="0.17345178" r12="0" r13="0.98484194" r14="0" r21="0" r22="1" r23="0" r24="0" r31="-0.98484194" r32="0" r33="0.17345178" r34="0" r41="990.9663" r42="350.10385" r43="-258.69565" r44="1"></containerEntry>
          <containerEntry r11="0.17345178" r12="0" r13="0.98484194" r14="0" r21="0" r22="1" r23="0" r24="0" r31="-0.98484194" r32="0" r33="0.17345178" r34="0" r41="1010.9095" r42="348.117" r43="-259.7086" r44="1"></containerEntry>
        </property>
        <property name="colors" type="UInt32" container="DynamicArray" arraySize="5">
          <containerEntry>4294967295</containerEntry>
          <containerEntry>4294967295</containerEntry>
          <containerEntry>4294967295</containerEntry>
          <containerEntry>4294967295</containerEntry>
          <containerEntry>4294967295</containerEntry>
        </property>
      </staticProperties>
      <dynamicProperties></dynamicProperties>
    </entity>
    <entity class="StaticModelArray" classVersion="4" classID="0xD0" addr="0x2D7CA30" id="0x0">
      <staticProperties>
        <property name="name" type="String" container="StaticArray" arraySize="1">
          <containerEntry>StaticModelArray0005</containerEntry>
        </property>
        <property name="dataSet" type="EntityHandle" container="StaticArray" arraySize="1">
          <containerEntry>0x2F53810</containerEntry>
        </property>
        <property name="modelFile" type="FilePtr" container="StaticArray" arraySize="1">
          <containerEntry>/Assets/tpp/environ/object/afghanistan/cliff/afgh_clff025/scenes/afgh_clff025.fmdl</containerEntry>
        </property>
        <property name="geomFile" type="FilePtr" container="StaticArray" arraySize="1">
          <containerEntry>/Assets/tpp/environ/object/afghanistan/cliff/afgh_clff025/scenes/afgh_clff025.geom</containerEntry>
        </property>
        <property name="isVisibleGeom" type="Bool" container="StaticArray" arraySize="1">
          <containerEntry>false</containerEntry>
        </property>
        <property name="lodFarSize" type="Float" container="StaticArray" arraySize="1">
          <containerEntry>-1</containerEntry>
        </property>
        <property name="lodNearSize" type="Float" container="StaticArray" arraySize="1">
          <containerEntry>-1</containerEntry>
        </property>
        <property name="lodPolygonSize" type="Float" container="StaticArray" arraySize="1">
          <containerEntry>-1</containerEntry>
        </property>
        <property name="drawRejectionLevel" type="Int32" container="StaticArray" arraySize="1">
          <containerEntry>8</containerEntry>
        </property>
        <property name="drawMode" type="Int32" container="StaticArray" arraySize="1">
          <containerEntry>0</containerEntry>
        </property>
        <property name="rejectFarRangeShadowCast" type="Int32" container="StaticArray" arraySize="1">
          <containerEntry>2</containerEntry>
        </property>
        <property name="parentLocator" type="EntityLink" container="StaticArray" arraySize="1">
          <containerEntry packagePathHash="0xB8A0BF169F98" archivePathHash="0xB8A0BF169F98" nameInArchiveHash="0xB8A0BF169F98">0x0</containerEntry>
        </property>
        <property name="transforms" type="Matrix4" container="DynamicArray" arraySize="6">
          <containerEntry r11="-0.062066443" r12="-0.30742842" r13="0.94954103" r14="0" r21="0.023603141" r22="0.95066077" r23="0.3093327" r24="0" r31="-0.9977892" r32="0.041612536" r33="-0.05174762" r34="0" r41="900.9122" r42="350.67172" r43="-290.2297" r44="1"></containerEntry>
          <containerEntry r11="0.07748337" r12="-0.35254908" r13="0.93257725" r14="0" r21="0.10698654" r22="0.93293077" r23="0.34379297" r24="0" r31="-0.99123406" r32="0.073136166" r33="0.1100049" r34="0" r41="901.8547" r42="347.54575" r43="-280.6495" r44="1"></containerEntry>
          <containerEntry r11="0.95899117" r12="-0.056841634" r13="0.27767715" r14="0" r21="0.08531997" r22="0.99213696" r23="-0.091567904" r24="0" r31="-0.27028885" r32="0.11150429" r33="0.9563004" r34="0" r41="919.1603" r42="345.92413" r43="-264.67944" r44="1"></containerEntry>
          <containerEntry r11="0.6513564" r12="-0.10602855" r13="0.7513262" r14="0" r21="0.07363153" r22="0.9943479" r23="0.07648982" r24="0" r31="-0.7551898" r32="0.0054993667" r33="0.65548193" r34="0" r41="899.8579" r42="356.62927" r43="-303.19858" r44="1"></containerEntry>
          <containerEntry r11="0.60738355" r12="0.051553834" r13="0.7927328" r14="0" r21="0.06898494" r22="0.9906996" r23="-0.117283344" r24="0" r31="-0.79140645" r32="0.12592262" r33="0.59817815" r34="0" r41="903.0297" r42="372.55292" r43="-322.76855" r44="1"></containerEntry>
          <containerEntry r11="0.86881536" r12="-0.12417814" r13="0.4793109" r14="0" r21="0.14809427" r22="0.9888975" r23="-0.012240566" r24="0" r31="-0.4724693" r32="0.0816182" r33="0.8775594" r34="0" r41="897.5642" r42="377.2429" r43="-338.93228" r44="1"></containerEntry>
        </property>
        <property name="colors" type="UInt32" container="DynamicArray" arraySize="6">
          <containerEntry>4294967295</containerEntry>
          <containerEntry>4294967295</containerEntry>
          <containerEntry>4294967295</containerEntry>
          <containerEntry>4294967295</containerEntry>
          <containerEntry>4294967295</containerEntry>
          <containerEntry>4294967295</containerEntry>
        </property>
      </staticProperties>
      <dynamicProperties></dynamicProperties>
    </entity>
    <entity class="StaticModelArray" classVersion="4" classID="0xD0" addr="0x2D7C090" id="0x0">
      <staticProperties>
        <property name="name" type="String" container="StaticArray" arraySize="1">
          <containerEntry>StaticModelArray0006</containerEntry>
        </property>
        <property name="dataSet" type="EntityHandle" container="StaticArray" arraySize="1">
          <containerEntry>0x2F53810</containerEntry>
        </property>
        <property name="modelFile" type="FilePtr" container="StaticArray" arraySize="1">
          <containerEntry>/Assets/tpp/environ/object/afghanistan/rock/afgh_rock001/scenes/afgh_rock001.fmdl</containerEntry>
        </property>
        <property name="geomFile" type="FilePtr" container="StaticArray" arraySize="1">
          <containerEntry>/Assets/tpp/environ/object/afghanistan/rock/afgh_rock001/scenes/afgh_rock001.geom</containerEntry>
        </property>
        <property name="isVisibleGeom" type="Bool" container="StaticArray" arraySize="1">
          <containerEntry>false</containerEntry>
        </property>
        <property name="lodFarSize" type="Float" container="StaticArray" arraySize="1">
          <containerEntry>-1</containerEntry>
        </property>
        <property name="lodNearSize" type="Float" container="StaticArray" arraySize="1">
          <containerEntry>-1</containerEntry>
        </property>
        <property name="lodPolygonSize" type="Float" container="StaticArray" arraySize="1">
          <containerEntry>-1</containerEntry>
        </property>
        <property name="drawRejectionLevel" type="Int32" container="StaticArray" arraySize="1">
          <containerEntry>8</containerEntry>
        </property>
        <property name="drawMode" type="Int32" container="StaticArray" arraySize="1">
          <containerEntry>0</containerEntry>
        </property>
        <property name="rejectFarRangeShadowCast" type="Int32" container="StaticArray" arraySize="1">
          <containerEntry>2</containerEntry>
        </property>
        <property name="parentLocator" type="EntityLink" container="StaticArray" arraySize="1">
          <containerEntry packagePathHash="0xB8A0BF169F98" archivePathHash="0xB8A0BF169F98" nameInArchiveHash="0xB8A0BF169F98">0x0</containerEntry>
        </property>
        <property name="transforms" type="Matrix4" container="DynamicArray" arraySize="7">
          <containerEntry r11="-0.022044122" r12="-7.841736e-07" r13="-0.99975723" r14="0" r21="0.01110222" r22="-0.99993885" r23="-0.0002440107" r24="0" r31="-0.9996956" r32="-0.0111049" r33="0.02204224" r34="0" r41="913.8637" r42="354.9676" r43="-288.77878" r44="1"></containerEntry>
          <containerEntry r11="0.052138567" r12="0.16498663" r13="-0.98491627" r14="0" r21="0.25562274" r22="-0.9556044" r23="-0.14654478" r24="0" r31="-0.96536916" r32="-0.24412656" r33="-0.09199731" r34="0" r41="909.9775" r42="358.25284" r43="-299.5621" r44="1"></containerEntry>
          <containerEntry r11="-0.024326682" r12="0.29247832" r13="-0.9559617" r14="0" r21="0.0041694194" r22="-0.95620584" r23="-0.29265934" r24="0" r31="-0.99969447" r32="-0.011105493" r33="0.022043614" r34="0" r41="925.6197" r42="348.21353" r43="-264.2241" r44="1"></containerEntry>
          <containerEntry r11="0.9143525" r12="-0.38837567" r13="0.11455919" r14="0" r21="0.34876707" r22="0.89911646" r23="0.2644826" r24="0" r31="-0.20572068" r32="-0.2018758" r33="0.9575621" r34="0" r41="902.06854" r42="381.2289" r43="-347.1057" r44="1"></containerEntry>
          <containerEntry r11="-0.0071539283" r12="0.31954944" r13="-0.94754213" r14="0" r21="-0.025293618" r22="-0.9473206" r23="-0.3192839" r24="0" r31="-0.999654" r32="0.021682516" r33="0.014860479" r34="0" r41="904" r42="372.20688" r43="-316.3507" r44="1"></containerEntry>
          <containerEntry r11="0.052138567" r12="0.16498663" r13="-0.98491627" r14="0" r21="0.25562274" r22="-0.9556044" r23="-0.14654478" r24="0" r31="-0.96536916" r32="-0.24412656" r33="-0.09199731" r34="0" r41="898.22144" r42="359.95056" r43="-309.12335" r44="1"></containerEntry>
          <containerEntry r11="0.08598238" r12="-0.068634175" r13="0.99392915" r14="0" r21="0.018285552" r22="-0.99734616" r23="-0.070452005" r24="0" r31="0.9961282" r32="0.024232142" r33="-0.08449789" r34="0" r41="897.4574" r42="360.91653" r43="-312.34015" r44="1"></containerEntry>
        </property>
        <property name="colors" type="UInt32" container="DynamicArray" arraySize="7">
          <containerEntry>4294967295</containerEntry>
          <containerEntry>4294967295</containerEntry>
          <containerEntry>4294967295</containerEntry>
          <containerEntry>4294967295</containerEntry>
          <containerEntry>4294967295</containerEntry>
          <containerEntry>4294967295</containerEntry>
          <containerEntry>4294967295</containerEntry>
        </property>
      </staticProperties>
      <dynamicProperties></dynamicProperties>
    </entity>
    <entity class="StaticModelArray" classVersion="4" classID="0xD0" addr="0x2D7BFB0" id="0x0">
      <staticProperties>
        <property name="name" type="String" container="StaticArray" arraySize="1">
          <containerEntry>StaticModelArray0007</containerEntry>
        </property>
        <property name="dataSet" type="EntityHandle" container="StaticArray" arraySize="1">
          <containerEntry>0x2F53810</containerEntry>
        </property>
