<fox formatVersion="2" fileVersion="0">
  <entities>
    <entity class="DataSet" classVersion="0" classID="0xE8" addr="0x2F543E0" id="0xD76818">
      <staticProperties>
        <property name="name" type="String" container="StaticArray" arraySize="1">
          <containerEntry hash="0xB8A0BF169F98"></containerEntry>
        </property>
        <property name="dataSet" type="EntityHandle" container="StaticArray" arraySize="1">
          <containerEntry>0x0</containerEntry>
        </property>
        <property name="dataList" type="EntityPtr" container="StringMap" arraySize="7">
          <containerEntry key="mafr_clff004_grnd001_0000">
            <data>0x2F54370</data>
          </containerEntry>
          <containerEntry key="TerrainMaterialConfigration0000">
            <data>0x2D75B10</data>
          </containerEntry>
          <containerEntry key="ObjectBrushPlugin0000">
            <data>0x2D75B80</data>
          </containerEntry>
          <containerEntry key="StaticModelArray0000">
            <data>0x2D7B450</data>
          </containerEntry>
          <containerEntry key="StaticModelArray0001">
            <data>0x2D7B4C0</data>
          </containerEntry>
          <containerEntry key="StaticModelArray0002">
            <data>0x2D7B530</data>
          </containerEntry>
          <containerEntry key="TexturePackLoadConditioner0000">
            <data>0x2D7BA00</data>
          </containerEntry>
        </property>
      </staticProperties>
      <dynamicProperties></dynamicProperties>
    </entity>
    <entity class="StaticModel" classVersion="9" classID="0x160" addr="0x2F54370" id="0xD7681A">
      <staticProperties>
        <property name="name" type="String" container="StaticArray" arraySize="1">
          <containerEntry>mafr_clff004_grnd001_0000</containerEntry>
        </property>
        <property name="dataSet" type="EntityHandle" container="StaticArray" arraySize="1">
          <containerEntry>0x2F543E0</containerEntry>
        </property>
        <property name="parent" type="EntityHandle" container="StaticArray" arraySize="1">
          <containerEntry>0x0</containerEntry>
        </property>
        <property name="transform" type="EntityPtr" container="StaticArray" arraySize="1">
          <containerEntry>0x2F54300</containerEntry>
        </property>
        <property name="shearTransform" type="EntityPtr" container="StaticArray" arraySize="1">
          <containerEntry>0x0</containerEntry>
        </property>
        <property name="pivotTransform" type="EntityPtr" container="StaticArray" arraySize="1">
          <containerEntry>0x0</containerEntry>
        </property>
        <property name="children" type="EntityHandle" container="List"></property>
        <property name="flags" type="UInt32" container="StaticArray" arraySize="1">
          <containerEntry>7</containerEntry>
        </property>
        <property name="modelFile" type="FilePtr" container="StaticArray" arraySize="1">
          <containerEntry>/Assets/tpp/environ/object/middle_africa/cliff/mafr_clff004/scenes/mafr_clff004_grnd001.fmdl</containerEntry>
        </property>
        <property name="geomFile" type="FilePtr" container="StaticArray" arraySize="1">
          <containerEntry>/Assets/tpp/environ/object/middle_africa/cliff/mafr_clff004/scenes/mafr_clff004_grnd001.geom</containerEntry>
        </property>
        <property name="isVisibleGeom" type="Bool" container="StaticArray" arraySize="1">
          <containerEntry>false</containerEntry>
        </property>
        <property name="isIsolated" type="Bool" container="StaticArray" arraySize="1">
          <containerEntry>false</containerEntry>
        </property>
        <property name="lodFarSize" type="Float" container="StaticArray" arraySize="1">
          <containerEntry>-1</containerEntry>
        </property>
        <property name="lodNearSize" type="Float" container="StaticArray" arraySize="1">
          <containerEntry>-1</containerEntry>
        </property>
        <property name="lodPolygonSize" type="Float" container="StaticArray" arraySize="1">
          <containerEntry>-1</containerEntry>
        </property>
        <property name="color" type="Color" container="StaticArray" arraySize="1">
          <containerEntry r="1" g="1" b="1" a="1"></containerEntry>
        </property>
        <property name="drawRejectionLevel" type="Int32" container="StaticArray" arraySize="1">
          <containerEntry>8</containerEntry>
        </property>
        <property name="drawMode" type="Int32" container="StaticArray" arraySize="1">
          <containerEntry>0</containerEntry>
        </property>
        <property name="rejectFarRangeShadowCast" type="Int32" container="StaticArray" arraySize="1">
          <containerEntry>2</containerEntry>
        </property>
      </staticProperties>
      <dynamicProperties></dynamicProperties>
    </entity>
    <entity class="TransformEntity" classVersion="0" classID="0x50" addr="0x2F54300" id="0xD7681D">
      <staticProperties>
        <property name="owner" type="EntityHandle" container="StaticArray" arraySize="1">
          <containerEntry>0x2F54370</containerEntry>
        </property>
        <property name="transform_scale" type="Vector3" container="StaticArray" arraySize="1">
          <containerEntry x="1" y="1" z="1" w="0"></containerEntry>
        </property>
        <property name="transform_rotation_quat" type="Quat" container="StaticArray" arraySize="1">
          <containerEntry x="0" y="-0.865942" z="0" w="0.500144"></containerEntry>
        </property>
        <property name="transform_translation" type="Vector3" container="StaticArray" arraySize="1">
          <containerEntry x="28.088976" y="-4.641665" z="408.45505" w="0"></containerEntry>
        </property>
      </staticProperties>
      <dynamicProperties></dynamicProperties>
    </entity>
    <entity class="TerrainMaterialConfigration" classVersion="0" classID="0x80" addr="0x2D75B10" id="0xD76891">
      <staticProperties>
        <property name="name" type="String" container="StaticArray" arraySize="1">
          <containerEntry>TerrainMaterialConfigration0000</containerEntry>
        </property>
        <property name="dataSet" type="EntityHandle" container="StaticArray" arraySize="1">
          <containerEntry>0x2F543E0</containerEntry>
        </property>
        <property name="slot0" type="UInt32" container="DynamicArray" arraySize="1">
          <containerEntry>0</containerEntry>
        </property>
        <property name="slot1" type="UInt32" container="DynamicArray" arraySize="1">
          <containerEntry>1</containerEntry>
        </property>
        <property name="slot2" type="UInt32" container="DynamicArray" arraySize="1">
          <containerEntry>2</containerEntry>
        </property>
        <property name="slot3" type="UInt32" container="DynamicArray" arraySize="1">
          <containerEntry>3</containerEntry>
        </property>
      </staticProperties>
      <dynamicProperties></dynamicProperties>
    </entity>
    <entity class="ObjectBrushPlugin" classVersion="2" classID="0x4C" addr="0x2D75B80" id="0xD76893">
      <staticProperties>
        <property name="name" type="String" container="StaticArray" arraySize="1">
          <containerEntry>ObjectBrushPlugin0000</containerEntry>
        </property>
        <property name="dataSet" type="EntityHandle" container="StaticArray" arraySize="1">
          <containerEntry>0x2F543E0</containerEntry>
        </property>
        <property name="parentDataName" type="String" container="StaticArray" arraySize="1">
          <containerEntry hash="0xB8A0BF169F98"></containerEntry>
        </property>
        <property name="visibility" type="Bool" container="StaticArray" arraySize="1">
          <containerEntry>true</containerEntry>
        </property>
      </staticProperties>
      <dynamicProperties></dynamicProperties>
    </entity>
    <entity class="StaticModelArray" classVersion="4" classID="0xD0" addr="0x2D7B450" id="0x0">
      <staticProperties>
        <property name="name" type="String" container="StaticArray" arraySize="1">
          <containerEntry>StaticModelArray0000</containerEntry>
        </property>
        <property name="dataSet" type="EntityHandle" container="StaticArray" arraySize="1">
          <containerEntry>0x2F543E0</containerEntry>
        </property>
        <property name="modelFile" type="FilePtr" container="StaticArray" arraySize="1">
          <containerEntry>/Assets/tpp/environ/object/middle_africa/rock/mafr_rock001/scenes/mafr_rock001_vrtn001.fmdl</containerEntry>
        </property>
        <property name="geomFile" type="FilePtr" container="StaticArray" arraySize="1">
          <containerEntry>/Assets/tpp/environ/object/middle_africa/rock/mafr_rock001/scenes/mafr_rock001_vrtn001.geom</containerEntry>
        </property>
        <property name="isVisibleGeom" type="Bool" container="StaticArray" arraySize="1">
          <containerEntry>false</containerEntry>
        </property>
        <property name="lodFarSize" type="Float" container="StaticArray" arraySize="1">
          <containerEntry>-1</containerEntry>
        </property>
        <property name="lodNearSize" type="Float" container="StaticArray" arraySize="1">
          <containerEntry>-1</containerEntry>
        </property>
        <property name="lodPolygonSize" type="Float" container="StaticArray" arraySize="1">
          <containerEntry>-1</containerEntry>
        </property>
        <property name="drawRejectionLevel" type="Int32" container="StaticArray" arraySize="1">
          <containerEntry>8</containerEntry>
        </property>
        <property name="drawMode" type="Int32" container="StaticArray" arraySize="1">
          <containerEntry>0</containerEntry>
        </property>
        <property name="rejectFarRangeShadowCast" type="Int32" container="StaticArray" arraySize="1">
          <containerEntry>2</containerEntry>
        </property>
        <property name="parentLocator" type="EntityLink" container="StaticArray" arraySize="1">
          <containerEntry packagePathHash="0xB8A0BF169F98" archivePathHash="0xB8A0BF169F98" nameInArchiveHash="0xB8A0BF169F98">0x0</containerEntry>
        </property>
        <property name="transforms" type="Matrix4" container="DynamicArray" arraySize="2">
          <containerEntry r11="-0.23980854" r12="-0.0737377" r13="-0.96801627" r14="0" r21="-0.32290772" r22="0.9463975" r23="0.007903501" r24="0" r31="0.91554534" r32="0.31447512" r33="-0.25076467" r34="0" r41="54.726006" r42="-4.729918" r43="401.6293" r44="1"></containerEntry>
          <containerEntry r11="0.8281924" r12="-0.20676208" r13="-0.5209095" r14="0" r21="0.3492735" r22="0.9173046" r23="0.19120751" r24="0" r31="0.43829817" r32="-0.3402965" r33="0.8319212" r34="0" r41="27.668545" r42="-6.120978" r43="393.0923" r44="1"></containerEntry>
        </property>
        <property name="colors" type="UInt32" container="DynamicArray" arraySize="2">
          <containerEntry>4294967295</containerEntry>
          <containerEntry>4294967295</containerEntry>
        </property>
      </staticProperties>
      <dynamicProperties></dynamicProperties>
    </entity>
    <entity class="StaticModelArray" classVersion="4" classID="0xD0" addr="0x2D7B4C0" id="0x0">
      <staticProperties>
        <property name="name" type="String" container="StaticArray" arraySize="1">
          <containerEntry>StaticModelArray0001</containerEntry>
        </property>
        <property name="dataSet" type="EntityHandle" container="StaticArray" arraySize="1">
          <containerEntry>0x2F543E0</containerEntry>
        </property>
        <property name="modelFile" type="FilePtr" container="StaticArray" arraySize="1">
          <containerEntry>/Assets/tpp/environ/object/middle_africa/cliff/mafr_clff003/scenes/mafr_clff003_vrtn001.fmdl</containerEntry>
        </property>
        <property name="geomFile" type="FilePtr" container="StaticArray" arraySize="1">
          <containerEntry>/Assets/tpp/environ/object/middle_africa/cliff/mafr_clff003/scenes/mafr_clff003_vrtn001.geom</containerEntry>
        </property>
        <property name="isVisibleGeom" type="Bool" container="StaticArray" arraySize="1">
          <containerEntry>false</containerEntry>
        </property>
        <property name="lodFarSize" type="Float" container="StaticArray" arraySize="1">
          <containerEntry>-1</containerEntry>
        </property>
        <property name="lodNearSize" type="Float" container="StaticArray" arraySize="1">
          <containerEntry>-1</containerEntry>
        </property>
        <property name="lodPolygonSize" type="Float" container="StaticArray" arraySize="1">
          <containerEntry>-1</containerEntry>
        </property>
        <property name="drawRejectionLevel" type="Int32" container="StaticArray" arraySize="1">
          <containerEntry>8</containerEntry>
        </property>
        <property name="drawMode" type="Int32" container="StaticArray" arraySize="1">
          <containerEntry>0</containerEntry>
        </property>
        <property name="rejectFarRangeShadowCast" type="Int32" container="StaticArray" arraySize="1">
          <containerEntry>2</containerEntry>
        </property>
        <property name="parentLocator" type="EntityLink" container="StaticArray" arraySize="1">
          <containerEntry packagePathHash="0xB8A0BF169F98" archivePathHash="0xB8A0BF169F98" nameInArchiveHash="0xB8A0BF169F98">0x0</containerEntry>
        </property>
        <property name="transforms" type="Matrix4" container="DynamicArray" arraySize="4">
          <containerEntry r11="0.52736956" r12="-0.026887983" r13="0.8492097" r14="0" r21="0.6668241" r22="0.63249236" r23="-0.39407873" r24="0" r31="-0.52652234" r32="0.7740991" r33="0.35148704" r34="0" r41="13.86594" r42="-4.594181" r43="454.42276" r44="1"></containerEntry>
          <containerEntry r11="0.9952927" r12="-0.037064902" r13="-0.089546315" r14="0" r21="-0.03656227" r22="0.712093" r23="-0.7011324" r24="0" r31="0.08975271" r32="0.7011061" r33="0.7073859" r34="0" r41="25.738062" r42="-4.897098" r43="466.01288" r44="1"></containerEntry>
          <containerEntry r11="0.4687505" r12="0.11858013" r13="0.8753356" r14="0" r21="0.5357808" r22="0.74968445" r23="-0.38847452" r24="0" r31="-0.702291" r32="0.65108544" r33="0.28788194" r34="0" r41="10.164861" r42="-3.685142" r43="476.0574" r44="1"></containerEntry>
          <containerEntry r11="-0.36077282" r12="-0.00041219592" r13="0.9326531" r14="0" r21="0.5183836" r22="0.8312167" r23="0.20089088" r24="0" r31="-0.7753195" r32="0.5559484" r33="-0.29966664" r34="0" r41="30.977566" r42="-6.833049" r43="431.64496" r44="1"></containerEntry>
        </property>
        <property name="colors" type="UInt32" container="DynamicArray" arraySize="4">
          <containerEntry>4294967295</containerEntry>
          <containerEntry>4294967295</containerEntry>
          <containerEntry>4294967295</containerEntry>
          <containerEntry>4294967295</containerEntry>
        </property>
      </staticProperties>
      <dynamicProperties></dynamicProperties>
    </entity>
    <entity class="StaticModelArray" classVersion="4" classID="0xD0" addr="0x2D7B530" id="0x0">
      <staticProperties>
        <property name="name" type="String" container="StaticArray" arraySize="1">
          <containerEntry>StaticModelArray0002</containerEntry>
        </property>
        <property name="dataSet" type="EntityHandle" container="StaticArray" arraySize="1">
          <containerEntry>0x2F543E0</containerEntry>
        </property>
        <property name="modelFile" type="FilePtr" container="StaticArray" arraySize="1">
          <containerEntry>/Assets/tpp/environ/object/middle_africa/cliff/mafr_clff004/scenes/mafr_clff004.fmdl</containerEntry>
        </property>
        <property name="geomFile" type="FilePtr" container="StaticArray" arraySize="1">
          <containerEntry>/Assets/tpp/environ/object/middle_africa/cliff/mafr_clff004/scenes/mafr_clff004.geom</containerEntry>
        </property>
        <property name="isVisibleGeom" type="Bool" container="StaticArray" arraySize="1">
          <containerEntry>false</containerEntry>
        </property>
        <property name="lodFarSize" type="Float" container="StaticArray" arraySize="1">
          <containerEntry>-1</containerEntry>
        </property>
        <property name="lodNearSize" type="Float" container="StaticArray" arraySize="1">
          <containerEntry>-1</containerEntry>
        </property>
        <property name="lodPolygonSize" type="Float" container="StaticArray" arraySize="1">
          <containerEntry>-1</containerEntry>
        </property>
        <property name="drawRejectionLevel" type="Int32" container="StaticArray" arraySize="1">
          <containerEntry>8</containerEntry>
        </property>
        <property name="drawMode" type="Int32" container="StaticArray" arraySize="1">
          <containerEntry>0</containerEntry>
        </property>
        <property name="rejectFarRangeShadowCast" type="Int32" container="StaticArray" arraySize="1">
          <containerEntry>2</containerEntry>
        </property>
        <property name="parentLocator" type="EntityLink" container="StaticArray" arraySize="1">
          <containerEntry packagePathHash="0xB8A0BF169F98" archivePathHash="0xB8A0BF169F98" nameInArchiveHash="0xB8A0BF169F98">0x0</containerEntry>
        </property>
        <property name="transforms" type="Matrix4" container="DynamicArray" arraySize="10">
          <containerEntry r11="-0.8785163" r12="0.049518548" r13="-0.4751401" r14="0" r21="-0.05248648" r22="0.9785863" r23="0.19903266" r24="0" r31="0.4748214" r32="0.19979176" r33="-0.857105" r34="0" r41="72.389534" r42="-3.96801" r43="398.92386" r44="1"></containerEntry>
          <containerEntry r11="-0.91113603" r12="0.21237105" r13="0.35317513" r14="0" r21="0.2937584" r22="0.9357432" r23="0.19516852" r24="0" r31="-0.28903314" r32="0.28157288" r33="-0.91497517" r34="0" r41="88.62213" r42="-6.341083" r43="398.92386" r44="1"></containerEntry>
          <containerEntry r11="-0.8517438" r12="0.08857202" r13="0.51641905" r14="0" r21="0.119393684" r22="0.9924881" r23="0.026695559" r24="0" r31="-0.5101752" r32="0.08439492" r33="-0.8559205" r34="0" r41="99.21796" r42="-5.286879" r43="405.4475" r44="1"></containerEntry>
          <containerEntry r11="0.81961507" r12="-0.07222325" r13="0.5683443" r14="0" r21="0.22239086" r22="0.95434105" r23="-0.19943792" r24="0" r31="-0.5279903" r32="0.28985682" r33="0.7982541" r34="0" r41="55.1297" r42="-3.194215" r43="408.23904" r44="1"></containerEntry>
          <containerEntry r11="0.03056731" r12="-0.04097037" r13="-0.99869365" r14="0" r21="-0.26289153" r22="0.96365154" r23="-0.04757949" r24="0" r31="0.96434206" r32="0.26400223" r33="0.01868546" r34="0" r41="54.49238" r42="-1.325921" r43="492.2814" r44="1"></containerEntry>
          <containerEntry r11="-0.01718216" r12="-0.06805031" r13="-0.99753535" r14="0" r21="-0.45916718" r22="0.8867922" r23="-0.05258733" r24="0" r31="0.88818526" r32="0.4571314" r33="-0.046483576" r34="0" r41="54.49238" r42="-2.887699" r43="476.47272" r44="1"></containerEntry>
          <containerEntry r11="0.9532708" r12="0.20909096" r13="0.21807306" r14="0" r21="-0.19381927" r22="0.97694975" r23="-0.08946137" r24="0" r31="-0.23175196" r32="0.043014184" r33="0.9718235" r34="0" r41="45.160156" r42="-2.418793" r43="499.68796" r44="1"></containerEntry>
          <containerEntry r11="-0.84442747" r12="0.03156764" r13="-0.5347442" r14="0" r21="-0.17628318" r22="0.92628264" r23="0.33305398" r24="0" r31="0.5058381" r32="0.37550524" r33="-0.77661383" r34="0" r41="59.19615" r42="-1.3995" r43="507.5228" r44="1"></containerEntry>
          <containerEntry r11="0.6825628" r12="0.09753863" r13="-0.72428876" r14="0" r21="-0.3028612" r22="0.93970037" r23="-0.15886584" r24="0" r31="0.6651189" r32="0.32779488" r33="0.67094517" r34="0" r41="108.5321" r42="-5.137092" r43="434.86102" r44="1"></containerEntry>
          <containerEntry r11="0.9978964" r12="0.049519487" r13="0.041839927" r14="0" r21="-0.040096126" r22="0.9785859" r23="-0.20189577" r24="0" r31="-0.050941728" r32="0.19979346" r33="0.9785129" r34="0" r41="121.2212" r42="-4.43091" r43="434.09293" r44="1"></containerEntry>
        </property>
        <property name="colors" type="UInt32" container="DynamicArray" arraySize="10">
          <containerEntry>4294967295</containerEntry>
          <containerEntry>4294967295</containerEntry>
          <containerEntry>4294967295</containerEntry>
          <containerEntry>4294967295</containerEntry>
          <containerEntry>4294967295</containerEntry>
          <containerEntry>4294967295</containerEntry>
          <containerEntry>4294967295</containerEntry>
          <containerEntry>4294967295</containerEntry>
          <containerEntry>4294967295</containerEntry>
          <containerEntry>4294967295</containerEntry>
        </property>
      </staticProperties>
      <dynamicProperties></dynamicProperties>
    </entity>
    <entity class="TexturePackLoadConditioner" classVersion="0" classID="0x48" addr="0x2D7BA00" id="0x0">
      <staticProperties>
        <property name="name" type="String" container="StaticArray" arraySize="1">
          <containerEntry>TexturePackLoadConditioner0000</containerEntry>
        </property>
        <property name="dataSet" type="EntityHandle" container="StaticArray" arraySize="1">
          <containerEntry>0x2F543E0</containerEntry>
        </property>
        <property name="texturePackPath" type="Path" container="StaticArray" arraySize="1">
          <containerEntry hash="0xB8A0BF169F98"></containerEntry>
        </property>
      </staticProperties>
      <dynamicProperties></dynamicProperties>
    </entity>
  </entities>
</fox>