<fox formatVersion="2" fileVersion="0">
  <entities>
    <entity class="DataSet" classVersion="0" classID="0xE8" addr="0x3353650" id="0xA4D71D">
      <staticProperties>
        <property name="name" type="String" container="StaticArray" arraySize="1">
          <containerEntry hash="0xB8A0BF169F98"></containerEntry>
        </property>
        <property name="dataSet" type="EntityHandle" container="StaticArray" arraySize="1">
          <containerEntry>0x0</containerEntry>
        </property>
        <property name="dataList" type="EntityPtr" container="StringMap" arraySize="14">
          <containerEntry key="afgh_clff022_vrtn004_0009">
            <data>0x317B3E0</data>
          </containerEntry>
          <containerEntry key="StaticModelArray0000">
            <data>0x3350B70</data>
          </containerEntry>
          <containerEntry key="StaticModelArray0001">
            <data>0x3350BE0</data>
          </containerEntry>
          <containerEntry key="StaticModelArray0002">
            <data>0x3350C50</data>
          </containerEntry>
          <containerEntry key="StaticModelArray0003">
            <data>0x3350CC0</data>
          </containerEntry>
          <containerEntry key="StaticModelArray0004">
            <data>0x3350D30</data>
          </containerEntry>
          <containerEntry key="StaticModelArray0005">
            <data>0x3350DA0</data>
          </containerEntry>
          <containerEntry key="StaticModelArray0006">
            <data>0x3350E10</data>
          </containerEntry>
          <containerEntry key="StaticModelArray0007">
            <data>0x3350E80</data>
          </containerEntry>
          <containerEntry key="StaticModelArray0008">
            <data>0x3350B00</data>
          </containerEntry>
          <containerEntry key="StaticModelArray0009">
            <data>0x3350390</data>
          </containerEntry>
          <containerEntry key="StaticModelArray0010">
            <data>0x3175B10</data>
          </containerEntry>
          <containerEntry key="StaticModelArray0011">
            <data>0x317FEB0</data>
          </containerEntry>
          <containerEntry key="TexturePackLoadConditioner0000">
            <data>0x3350F60</data>
          </containerEntry>
        </property>
      </staticProperties>
      <dynamicProperties></dynamicProperties>
    </entity>
    <entity class="StaticModel" classVersion="9" classID="0x160" addr="0x317B3E0" id="0xA4D9B5">
      <staticProperties>
        <property name="name" type="String" container="StaticArray" arraySize="1">
          <containerEntry>afgh_clff022_vrtn004_0009</containerEntry>
        </property>
        <property name="dataSet" type="EntityHandle" container="StaticArray" arraySize="1">
          <containerEntry>0x3353650</containerEntry>
        </property>
        <property name="parent" type="EntityHandle" container="StaticArray" arraySize="1">
          <containerEntry>0x0</containerEntry>
        </property>
        <property name="transform" type="EntityPtr" container="StaticArray" arraySize="1">
          <containerEntry>0x317B450</containerEntry>
        </property>
        <property name="shearTransform" type="EntityPtr" container="StaticArray" arraySize="1">
          <containerEntry>0x0</containerEntry>
        </property>
        <property name="pivotTransform" type="EntityPtr" container="StaticArray" arraySize="1">
          <containerEntry>0x0</containerEntry>
        </property>
        <property name="children" type="EntityHandle" container="List"></property>
        <property name="flags" type="UInt32" container="StaticArray" arraySize="1">
          <containerEntry>2147483655</containerEntry>
        </property>
        <property name="modelFile" type="FilePtr" container="StaticArray" arraySize="1">
          <containerEntry>/Assets/tpp/environ/object/afghanistan/cliff/afgh_clff022/scenes/afgh_clff022_vrtn004.fmdl</containerEntry>
        </property>
        <property name="geomFile" type="FilePtr" container="StaticArray" arraySize="1">
          <containerEntry>/Assets/tpp/environ/object/afghanistan/cliff/afgh_clff022/scenes/afgh_clff022_vrtn004.geom</containerEntry>
        </property>
        <property name="isVisibleGeom" type="Bool" container="StaticArray" arraySize="1">
          <containerEntry>false</containerEntry>
        </property>
        <property name="isIsolated" type="Bool" container="StaticArray" arraySize="1">
          <containerEntry>false</containerEntry>
        </property>
        <property name="lodFarSize" type="Float" container="StaticArray" arraySize="1">
          <containerEntry>-1</containerEntry>
        </property>
        <property name="lodNearSize" type="Float" container="StaticArray" arraySize="1">
          <containerEntry>-1</containerEntry>
        </property>
        <property name="lodPolygonSize" type="Float" container="StaticArray" arraySize="1">
          <containerEntry>-1</containerEntry>
        </property>
        <property name="color" type="Color" container="StaticArray" arraySize="1">
          <containerEntry r="1" g="1" b="1" a="1"></containerEntry>
        </property>
        <property name="drawRejectionLevel" type="Int32" container="StaticArray" arraySize="1">
          <containerEntry>8</containerEntry>
        </property>
        <property name="drawMode" type="Int32" container="StaticArray" arraySize="1">
          <containerEntry>0</containerEntry>
        </property>
        <property name="rejectFarRangeShadowCast" type="Int32" container="StaticArray" arraySize="1">
          <containerEntry>2</containerEntry>
        </property>
      </staticProperties>
      <dynamicProperties></dynamicProperties>
    </entity>
    <entity class="TransformEntity" classVersion="0" classID="0x50" addr="0x317B450" id="0xA4D9B8">
      <staticProperties>
        <property name="owner" type="EntityHandle" container="StaticArray" arraySize="1">
          <containerEntry>0x317B3E0</containerEntry>
        </property>
        <property name="transform_scale" type="Vector3" container="StaticArray" arraySize="1">
          <containerEntry x="1" y="1" z="1" w="0"></containerEntry>
        </property>
        <property name="transform_rotation_quat" type="Quat" container="StaticArray" arraySize="1">
          <containerEntry x="-0.000676" y="-0.718239" z="-0.006233" w="0.695767"></containerEntry>
        </property>
        <property name="transform_translation" type="Vector3" container="StaticArray" arraySize="1">
          <containerEntry x="1630.7437" y="349.58633" z="796.0649" w="0"></containerEntry>
        </property>
      </staticProperties>
      <dynamicProperties></dynamicProperties>
    </entity>
    <entity class="StaticModelArray" classVersion="4" classID="0xD0" addr="0x3350B70" id="0x0">
      <staticProperties>
        <property name="name" type="String" container="StaticArray" arraySize="1">
          <containerEntry>StaticModelArray0000</containerEntry>
        </property>
        <property name="dataSet" type="EntityHandle" container="StaticArray" arraySize="1">
          <containerEntry>0x3353650</containerEntry>
        </property>
        <property name="modelFile" type="FilePtr" container="StaticArray" arraySize="1">
          <containerEntry>/Assets/tpp/environ/object/afghanistan/rock/afgh_rock001/scenes/afgh_rock001.fmdl</containerEntry>
        </property>
        <property name="geomFile" type="FilePtr" container="StaticArray" arraySize="1">
          <containerEntry>/Assets/tpp/environ/object/afghanistan/rock/afgh_rock001/scenes/afgh_rock001.geom</containerEntry>
        </property>
        <property name="isVisibleGeom" type="Bool" container="StaticArray" arraySize="1">
          <containerEntry>false</containerEntry>
        </property>
        <property name="lodFarSize" type="Float" container="StaticArray" arraySize="1">
          <containerEntry>50</containerEntry>
        </property>
        <property name="lodNearSize" type="Float" container="StaticArray" arraySize="1">
          <containerEntry>400</containerEntry>
        </property>
        <property name="lodPolygonSize" type="Float" container="StaticArray" arraySize="1">
          <containerEntry>-1</containerEntry>
        </property>
        <property name="drawRejectionLevel" type="Int32" container="StaticArray" arraySize="1">
          <containerEntry>3</containerEntry>
        </property>
        <property name="drawMode" type="Int32" container="StaticArray" arraySize="1">
          <containerEntry>0</containerEntry>
        </property>
        <property name="rejectFarRangeShadowCast" type="Int32" container="StaticArray" arraySize="1">
          <containerEntry>2</containerEntry>
        </property>
        <property name="parentLocator" type="EntityLink" container="StaticArray" arraySize="1">
          <containerEntry packagePathHash="0xB8A0BF169F98" archivePathHash="0xB8A0BF169F98" nameInArchiveHash="0xB8A0BF169F98">0x0</containerEntry>
        </property>
        <property name="transforms" type="Matrix4" container="DynamicArray" arraySize="2">
          <containerEntry r11="-0.8977644" r12="-0.2485207" r13="-0.36364195" r14="0" r21="0.28076246" r22="-0.9590239" r23="-0.037733365" r24="0" r31="-0.33936772" r32="-0.13597365" r33="0.93077385" r34="0" r41="1551.1487" r42="344.13058" r43="794.05774" r44="1"></containerEntry>
          <containerEntry r11="-0.6624427" r12="-0.41752952" r13="0.62195045" r14="0" r21="0.46741933" r22="-0.8791865" r23="-0.09236681" r24="0" r31="0.5853823" r32="0.22952461" r33="0.7775885" r34="0" r41="1551.1487" r42="342.60867" r43="799.7164" r44="1"></containerEntry>
        </property>
        <property name="colors" type="UInt32" container="DynamicArray" arraySize="2">
          <containerEntry>4294967295</containerEntry>
          <containerEntry>4294967295</containerEntry>
        </property>
      </staticProperties>
      <dynamicProperties></dynamicProperties>
    </entity>
    <entity class="StaticModelArray" classVersion="4" classID="0xD0" addr="0x3350BE0" id="0x0">
      <staticProperties>
        <property name="name" type="String" container="StaticArray" arraySize="1">
          <containerEntry>StaticModelArray0001</containerEntry>
        </property>
        <property name="dataSet" type="EntityHandle" container="StaticArray" arraySize="1">
          <containerEntry>0x3353650</containerEntry>
        </property>
        <property name="modelFile" type="FilePtr" container="StaticArray" arraySize="1">
          <containerEntry>/Assets/tpp/environ/object/afghanistan/cliff/afgh_clff035/scenes/afgh_clff035_vrtn003.fmdl</containerEntry>
        </property>
        <property name="geomFile" type="FilePtr" container="StaticArray" arraySize="1">
          <containerEntry>/Assets/tpp/environ/object/afghanistan/cliff/afgh_clff035/scenes/afgh_clff035_vrtn003.geom</containerEntry>
        </property>
        <property name="isVisibleGeom" type="Bool" container="StaticArray" arraySize="1">
          <containerEntry>false</containerEntry>
        </property>
        <property name="lodFarSize" type="Float" container="StaticArray" arraySize="1">
          <containerEntry>-1</containerEntry>
        </property>
        <property name="lodNearSize" type="Float" container="StaticArray" arraySize="1">
          <containerEntry>-1</containerEntry>
        </property>
        <property name="lodPolygonSize" type="Float" container="StaticArray" arraySize="1">
          <containerEntry>-1</containerEntry>
        </property>
        <property name="drawRejectionLevel" type="Int32" container="StaticArray" arraySize="1">
          <containerEntry>8</containerEntry>
        </property>
        <property name="drawMode" type="Int32" container="StaticArray" arraySize="1">
          <containerEntry>0</containerEntry>
        </property>
        <property name="rejectFarRangeShadowCast" type="Int32" container="StaticArray" arraySize="1">
          <containerEntry>2</containerEntry>
        </property>
        <property name="parentLocator" type="EntityLink" container="StaticArray" arraySize="1">
          <containerEntry packagePathHash="0xB8A0BF169F98" archivePathHash="0xB8A0BF169F98" nameInArchiveHash="0xB8A0BF169F98">0x0</containerEntry>
        </property>
        <property name="transforms" type="Matrix4" container="DynamicArray" arraySize="2">
          <containerEntry r11="-0.23484075" r12="0" r13="-0.97203195" r14="0" r21="0" r22="1" r23="0" r24="0" r31="0.97203195" r32="0" r33="-0.23484075" r34="0" r41="1574.7666" r42="336.72543" r43="839.5568" r44="1"></containerEntry>
          <containerEntry r11="0.32557505" r12="0" r13="-0.94551545" r14="0" r21="0" r22="1" r23="0" r24="0" r31="0.94551545" r32="0" r33="0.32557505" r34="0" r41="1578.7264" r42="340.72888" r43="806.853" r44="1"></containerEntry>
        </property>
        <property name="colors" type="UInt32" container="DynamicArray" arraySize="2">
          <containerEntry>4294967295</containerEntry>
          <containerEntry>4294967295</containerEntry>
        </property>
      </staticProperties>
      <dynamicProperties></dynamicProperties>
    </entity>
    <entity class="StaticModelArray" classVersion="4" classID="0xD0" addr="0x3350C50" id="0x0">
      <staticProperties>
        <property name="name" type="String" container="StaticArray" arraySize="1">
          <containerEntry>StaticModelArray0002</containerEntry>
        </property>
        <property name="dataSet" type="EntityHandle" container="StaticArray" arraySize="1">
          <containerEntry>0x3353650</containerEntry>
        </property>
        <property name="modelFile" type="FilePtr" container="StaticArray" arraySize="1">
          <containerEntry>/Assets/tpp/environ/object/afghanistan/cliff/afgh_clff022/scenes/afgh_clff022_vrtn001.fmdl</containerEntry>
        </property>
        <property name="geomFile" type="FilePtr" container="StaticArray" arraySize="1">
          <containerEntry>/Assets/tpp/environ/object/afghanistan/cliff/afgh_clff022/scenes/afgh_clff022_vrtn001.geom</containerEntry>
        </property>
        <property name="isVisibleGeom" type="Bool" container="StaticArray" arraySize="1">
          <containerEntry>false</containerEntry>
        </property>
        <property name="lodFarSize" type="Float" container="StaticArray" arraySize="1">
          <containerEntry>-1</containerEntry>
        </property>
        <property name="lodNearSize" type="Float" container="StaticArray" arraySize="1">
          <containerEntry>-1</containerEntry>
        </property>
        <property name="lodPolygonSize" type="Float" container="StaticArray" arraySize="1">
          <containerEntry>-1</containerEntry>
        </property>
        <property name="drawRejectionLevel" type="Int32" container="StaticArray" arraySize="1">
          <containerEntry>8</containerEntry>
        </property>
        <property name="drawMode" type="Int32" container="StaticArray" arraySize="1">
          <containerEntry>0</containerEntry>
        </property>
        <property name="rejectFarRangeShadowCast" type="Int32" container="StaticArray" arraySize="1">
          <containerEntry>2</containerEntry>
        </property>
        <property name="parentLocator" type="EntityLink" container="StaticArray" arraySize="1">
          <containerEntry packagePathHash="0xB8A0BF169F98" archivePathHash="0xB8A0BF169F98" nameInArchiveHash="0xB8A0BF169F98">0x0</containerEntry>
        </property>
        <property name="transforms" type="Matrix4" container="DynamicArray" arraySize="2">
          <containerEntry r11="-0.7790375" r12="0" r13="0.6269789" r14="0" r21="0" r22="1" r23="0" r24="0" r31="-0.6269789" r32="0" r33="-0.7790375" r34="0" r41="1639.091" r42="349.34686" r43="816.47546" r44="1"></containerEntry>
          <containerEntry r11="-0.836352" r12="0" r13="-0.5481929" r14="0" r21="0" r22="1" r23="0" r24="0" r31="0.5481929" r32="0" r33="-0.836352" r34="0" r41="1662.0746" r42="343.88837" r43="845.0265" r44="1"></containerEntry>
        </property>
        <property name="colors" type="UInt32" container="DynamicArray" arraySize="2">
          <containerEntry>4294967295</containerEntry>
          <containerEntry>4294967295</containerEntry>
        </property>
      </staticProperties>
      <dynamicProperties></dynamicProperties>
    </entity>
    <entity class="StaticModelArray" classVersion="4" classID="0xD0" addr="0x3350CC0" id="0x0">
      <staticProperties>
        <property name="name" type="String" container="StaticArray" arraySize="1">
          <containerEntry>StaticModelArray0003</containerEntry>
        </property>
        <property name="dataSet" type="EntityHandle" container="StaticArray" arraySize="1">
          <containerEntry>0x3353650</containerEntry>
        </property>
        <property name="modelFile" type="FilePtr" container="StaticArray" arraySize="1">
          <containerEntry>/Assets/tpp/environ/object/afghanistan/cliff/afgh_clff022/scenes/afgh_clff022_vrtn002.fmdl</containerEntry>
        </property>
        <property name="geomFile" type="FilePtr" container="StaticArray" arraySize="1">
          <containerEntry>/Assets/tpp/environ/object/afghanistan/cliff/afgh_clff022/scenes/afgh_clff022_vrtn002.geom</containerEntry>
        </property>
        <property name="isVisibleGeom" type="Bool" container="StaticArray" arraySize="1">
          <containerEntry>false</containerEntry>
        </property>
        <property name="lodFarSize" type="Float" container="StaticArray" arraySize="1">
          <containerEntry>-1</containerEntry>
        </property>
        <property name="lodNearSize" type="Float" container="StaticArray" arraySize="1">
          <containerEntry>-1</containerEntry>
        </property>
        <property name="lodPolygonSize" type="Float" container="StaticArray" arraySize="1">
          <containerEntry>-1</containerEntry>
        </property>
        <property name="drawRejectionLevel" type="Int32" container="StaticArray" arraySize="1">
          <containerEntry>8</containerEntry>
        </property>
        <property name="drawMode" type="Int32" container="StaticArray" arraySize="1">
          <containerEntry>0</containerEntry>
        </property>
        <property name="rejectFarRangeShadowCast" type="Int32" container="StaticArray" arraySize="1">
          <containerEntry>2</containerEntry>
        </property>
        <property name="parentLocator" type="EntityLink" container="StaticArray" arraySize="1">
          <containerEntry packagePathHash="0xB8A0BF169F98" archivePathHash="0xB8A0BF169F98" nameInArchiveHash="0xB8A0BF169F98">0x0</containerEntry>
        </property>
        <property name="transforms" type="Matrix4" container="DynamicArray" arraySize="3">
          <containerEntry r11="0.7581148" r12="0" r13="0.65212065" r14="0" r21="0" r22="1" r23="0" r24="0" r31="-0.65212065" r32="0" r33="0.7581148" r34="0" r41="1656.0813" r42="345.71045" r43="825.25256" r44="1"></containerEntry>
          <containerEntry r11="0.6391562" r12="0" r13="0.7690765" r14="0" r21="0" r22="1" r23="0" r24="0" r31="-0.7690765" r32="0" r33="0.6391562" r34="0" r41="1661.0176" r42="358.785" r43="783.296" r44="1"></containerEntry>
          <containerEntry r11="-0.9791027" r12="0.03792851" r13="0.19977818" r14="0" r21="0.041366983" r22="0.9990586" r23="0.013063888" r24="0" r31="-0.19909461" r32="0.021055177" r33="-0.97975" r34="0" r41="1560.8282" r42="341.3982" r43="773.6867" r44="1"></containerEntry>
        </property>
        <property name="colors" type="UInt32" container="DynamicArray" arraySize="3">
          <containerEntry>4294967295</containerEntry>
          <containerEntry>4294967295</containerEntry>
          <containerEntry>4294967295</containerEntry>
        </property>
      </staticProperties>
      <dynamicProperties></dynamicProperties>
    </entity>
    <entity class="StaticModelArray" classVersion="4" classID="0xD0" addr="0x3350D30" id="0x0">
      <staticProperties>
        <property name="name" type="String" container="StaticArray" arraySize="1">
          <containerEntry>StaticModelArray0004</containerEntry>
        </property>
        <property name="dataSet" type="EntityHandle" container="StaticArray" arraySize="1">
          <containerEntry>0x3353650</containerEntry>
        </property>
        <property name="modelFile" type="FilePtr" container="StaticArray" arraySize="1">
          <containerEntry>/Assets/tpp/environ/object/afghanistan/cliff/afgh_clff025/scenes/afgh_clff025.fmdl</containerEntry>
        </property>
        <property name="geomFile" type="FilePtr" container="StaticArray" arraySize="1">
          <containerEntry>/Assets/tpp/environ/object/afghanistan/cliff/afgh_clff025/scenes/afgh_clff025.geom</containerEntry>
        </property>
        <property name="isVisibleGeom" type="Bool" container="StaticArray" arraySize="1">
          <containerEntry>false</containerEntry>
        </property>
        <property name="lodFarSize" type="Float" container="StaticArray" arraySize="1">
          <containerEntry>-1</containerEntry>
        </property>
        <property name="lodNearSize" type="Float" container="StaticArray" arraySize="1">
          <containerEntry>-1</containerEntry>
        </property>
        <property name="lodPolygonSize" type="Float" container="StaticArray" arraySize="1">
          <containerEntry>-1</containerEntry>
        </property>
        <property name="drawRejectionLevel" type="Int32" container="StaticArray" arraySize="1">
          <containerEntry>8</containerEntry>
        </property>
        <property name="drawMode" type="Int32" container="StaticArray" arraySize="1">
          <containerEntry>0</containerEntry>
        </property>
        <property name="rejectFarRangeShadowCast" type="Int32" container="StaticArray" arraySize="1">
          <containerEntry>2</containerEntry>
        </property>
        <property name="parentLocator" type="EntityLink" container="StaticArray" arraySize="1">
          <containerEntry packagePathHash="0xB8A0BF169F98" archivePathHash="0xB8A0BF169F98" nameInArchiveHash="0xB8A0BF169F98">0x0</containerEntry>
        </property>
        <property name="transforms" type="Matrix4" container="DynamicArray" arraySize="7">
          <containerEntry r11="0.71265733" r12="0" r13="0.7015121" r14="0" r21="0" r22="1" r23="0" r24="0" r31="-0.7015121" r32="0" r33="0.71265733" r34="0" r41="1634.13" r42="323.29437" r43="863.3405" r44="1"></containerEntry>
          <containerEntry r11="0.4359017" r12="0" r13="0.8999945" r14="0" r21="0" r22="1" r23="0" r24="0" r31="-0.8999945" r32="0" r33="0.4359017" r34="0" r41="1626.4976" r42="323.1437" r43="853.8923" r44="1"></containerEntry>
          <containerEntry r11="-1.089241" r12="-0.07632906" r13="-1.0284574" r14="0" r21="-0.05743321" r22="1.498054" r23="-0.05035343" r24="0" r31="1.0296855" r32="0.0028137043" r33="-1.0907505" r34="0" r41="1615.3387" r42="320.77643" r43="889.9174" r44="1"></containerEntry>
          <containerEntry r11="-0.7661458" r12="0.006470819" r13="-1.289563" r14="0" r21="0.0023786223" r22="1.4999856" r23="0.006113507" r24="0" r31="1.2895771" r32="0.0010776422" r33="-0.7661488" r34="0" r41="1607.4298" r42="320.14417" r43="880.5681" r44="1"></containerEntry>
          <containerEntry r11="0.81891835" r12="0" r13="0.5739096" r14="0" r21="0" r22="1" r23="0" r24="0" r31="-0.5739096" r32="0" r33="0.81891835" r34="0" r41="1642.8944" r42="323.29437" r43="869.76855" r44="1"></containerEntry>
          <containerEntry r11="0.23007864" r12="0" r13="0.9731715" r14="0" r21="0" r22="1" r23="0" r24="0" r31="-0.9731715" r32="0" r33="0.23007864" r34="0" r41="1644.1096" r42="323.29437" r43="877.7561" r44="1"></containerEntry>
          <containerEntry r11="-0.19368243" r12="0" r13="0.9810614" r14="0" r21="0" r22="1" r23="0" r24="0" r31="-0.9810614" r32="0" r33="-0.19368243" r34="0" r41="1645.4811" r42="322.90683" r43="887.96533" r44="1"></containerEntry>
        </property>
        <property name="colors" type="UInt32" container="DynamicArray" arraySize="7">
          <containerEntry>4294967295</containerEntry>
          <containerEntry>4294967295</containerEntry>
          <containerEntry>4294967295</containerEntry>
          <containerEntry>4294967295</containerEntry>
          <containerEntry>4294967295</containerEntry>
          <containerEntry>4294967295</containerEntry>
          <containerEntry>4294967295</containerEntry>
        </property>
      </staticProperties>
      <dynamicProperties></dynamicProperties>
    </entity>
    <entity class="StaticModelArray" classVersion="4" classID="0xD0" addr="0x3350DA0" id="0x0">
      <staticProperties>
        <property name="name" type="String" container="StaticArray" arraySize="1">
          <containerEntry>StaticModelArray0005</containerEntry>
        </property>
        <property name="dataSet" type="EntityHandle" container="StaticArray" arraySize="1">
          <containerEntry>0x3353650</containerEntry>
        </property>
        <property name="modelFile" type="FilePtr" container="StaticArray" arraySize="1">
          <containerEntry>/Assets/tpp/environ/object/afghanistan/rock/afgh_rock010/scenes/afgh_rock010_vrtn001.fmdl</containerEntry>
        </property>
        <property name="geomFile" type="FilePtr" container="StaticArray" arraySize="1">
          <containerEntry>/Assets/tpp/environ/object/afghanistan/rock/afgh_rock010/scenes/afgh_rock010_vrtn001.geom</containerEntry>
        </property>
        <property name="isVisibleGeom" type="Bool" container="StaticArray" arraySize="1">
          <containerEntry>false</containerEntry>
        </property>
        <property name="lodFarSize" type="Float" container="StaticArray" arraySize="1">
          <containerEntry>-1</containerEntry>
        </property>
        <property name="lodNearSize" type="Float" container="StaticArray" arraySize="1">
          <containerEntry>-1</containerEntry>
        </property>
        <property name="lodPolygonSize" type="Float" container="StaticArray" arraySize="1">
          <containerEntry>-1</containerEntry>
        </property>
        <property name="drawRejectionLevel" type="Int32" container="StaticArray" arraySize="1">
          <containerEntry>8</containerEntry>
        </property>
        <property name="drawMode" type="Int32" container="StaticArray" arraySize="1">
          <containerEntry>0</containerEntry>
        </property>
        <property name="rejectFarRangeShadowCast" type="Int32" container="StaticArray" arraySize="1">
          <containerEntry>2</containerEntry>
        </property>
        <property name="parentLocator" type="EntityLink" container="StaticArray" arraySize="1">
          <containerEntry packagePathHash="0xB8A0BF169F98" archivePathHash="0xB8A0BF169F98" nameInArchiveHash="0xB8A0BF169F98">0x0</containerEntry>
        </property>
        <property name="transforms" type="Matrix4" container="DynamicArray" arraySize="10">
          <containerEntry r11="-0.956581" r12="-0.28322476" r13="0.06873435" r14="0" r21="-0.28702605" r22="0.95642304" r23="-0.05357951" r24="0" r31="-0.050564013" r32="-0.070982076" r33="-0.996189" r34="0" r41="1565.2926" r42="339.88217" r43="846.99725" r44="1"></containerEntry>
          <containerEntry r11="-0.74146146" r12="-0.13262405" r13="0.6577487" r14="0" r21="-0.056189407" r22="0.9891012" r23="0.13609397" r24="0" r31="-0.6686294" r32="0.06395064" r33="-0.7408324" r34="0" r41="1624.0386" r42="324.91058" r43="845.1776" r44="1"></containerEntry>
          <containerEntry r11="-0.4755046" r12="-0.8796531" r13="0.009846576" r14="0" r21="-0.84839773" r22="0.46151727" r23="0.25926805" r24="0" r31="-0.23261097" r32="0.114930436" r33="-0.96574914" r34="0" r41="1649.7472" r42="334.39084" r43="835.7844" r44="1"></containerEntry>
          <containerEntry r11="0.4549561" r12="0.8720104" r13="-0.18058103" r14="0" r21="0.81120485" r22="-0.48947746" r23="-0.31992158" r24="0" r31="-0.3673669" r32="-0.00093886256" r33="-0.93006957" r34="0" r41="1655.4249" r42="331.51184" r43="863.4966" r44="1"></containerEntry>
          <containerEntry r11="-0.9774085" r12="0.013987623" r13="-0.21086809" r14="0" r21="0.014617406" r22="0.9998921" r23="-0.0014281259" r24="0" r31="0.21082538" r32="-0.004478224" r33="-0.9775076" r34="0" r41="1544.5298" r42="345.39777" r43="845.7812" r44="1"></containerEntry>
          <containerEntry r11="0.93305606" r12="-0.04647447" r13="-0.35671568" r14="0" r21="0.0056564417" r22="0.9933924" r23="-0.11462764" r24="0" r31="0.3596859" r32="0.104936235" r33="0.9271537" r34="0" r41="1544.4585" r42="344.72574" r43="836.4573" r44="1"></containerEntry>
          <containerEntry r11="-0.1097475" r12="0.3019937" r13="-0.9469669" r14="0" r21="0.055231087" r22="0.9531073" r23="0.29754943" r24="0" r31="0.99241924" r32="-0.019645557" r33="-0.12128043" r34="0" r41="1556.2701" r42="343.29657" r43="795.98004" r44="1"></containerEntry>
          <containerEntry r11="0.108760595" r12="0.59973085" r13="0.7927718" r14="0" r21="0.070937574" r22="-0.80014753" r23="0.5955819" r24="0" r31="0.9915302" r32="-0.008536249" r33="-0.12956192" r34="0" r41="1556.2701" r42="342.83167" r43="791.2919" r44="1"></containerEntry>
          <containerEntry r11="-0.55430305" r12="0.20422873" r13="0.8068643" r14="0" r21="0.18961945" r22="0.97492164" r23="-0.11649946" r24="0" r31="-0.810422" r32="0.0884211" r33="-0.5791277" r34="0" r41="1554.8135" r42="339.88217" r43="818.1444" r44="1"></containerEntry>
          <containerEntry r11="0.06789139" r12="0.054846555" r13="-0.99618167" r14="0" r21="-0.24469373" r22="0.9689067" r23="0.036669098" r24="0" r31="0.9672182" r32="0.24127057" r33="0.07920116" r34="0" r41="1604.0803" r42="336.0018" r43="798.3227" r44="1"></containerEntry>
        </property>
        <property name="colors" type="UInt32" container="DynamicArray" arraySize="10">
          <containerEntry>4294967295</containerEntry>
          <containerEntry>4294967295</containerEntry>
          <containerEntry>4294967295</containerEntry>
          <containerEntry>4294967295</containerEntry>
          <containerEntry>4294967295</containerEntry>
          <containerEntry>4294967295</containerEntry>
          <containerEntry>4294967295</containerEntry>
          <containerEntry>4294967295</containerEntry>
          <containerEntry>4294967295</containerEntry>
          <containerEntry>4294967295</containerEntry>
        </property>
      </staticProperties>
      <dynamicProperties></dynamicProperties>
    </entity>
    <entity class="StaticModelArray" classVersion="4" classID="0xD0" addr="0x3350E10" id="0x0">
      <staticProperties>
        <property name="name" type="String" container="StaticArray" arraySize="1">
          <containerEntry>StaticModelArray0006</containerEntry>
        </property>
        <property name="dataSet" type="EntityHandle" container="StaticArray" arraySize="1">
          <containerEntry>0x3353650</containerEntry>
        </property>
        <property name="modelFile" type="FilePtr" container="StaticArray" arraySize="1">
          <containerEntry>/Assets/tpp/environ/object/afghanistan/cliff/afgh_clff007/scenes/afgh_clff007.fmdl</containerEntry>
        </property>
        <property name="geomFile" type="FilePtr" container="StaticArray" arraySize="1">
          <containerEntry>/Assets/tpp/environ/object/afghanistan/cliff/afgh_clff007/scenes/afgh_clff007.geom</containerEntry>
        </property>
        <property name="isVisibleGeom" type="Bool" container="StaticArray" arraySize="1">
          <containerEntry>false</containerEntry>
        </property>
        <property name="lodFarSize" type="Float" container="StaticArray" arraySize="1">
          <containerEntry>-1</containerEntry>
        </property>
        <property name="lodNearSize" type="Float" container="StaticArray" arraySize="1">
          <containerEntry>-1</containerEntry>
        </property>
        <property name="lodPolygonSize" type="Float" container="StaticArray" arraySize="1">
          <containerEntry>-1</containerEntry>
        </property>
        <property name="drawRejectionLevel" type="Int32" container="StaticArray" arraySize="1">
          <containerEntry>8</containerEntry>
        </property>
        <property name="drawMode" type="Int32" container="StaticArray" arraySize="1">
          <containerEntry>0</containerEntry>
        </property>
        <property name="rejectFarRangeShadowCast" type="Int32" container="StaticArray" arraySize="1">
          <containerEntry>2</containerEntry>
        </property>
        <property name="parentLocator" type="EntityLink" container="StaticArray" arraySize="1">
          <containerEntry packagePathHash="0xB8A0BF169F98" archivePathHash="0xB8A0BF169F98" nameInArchiveHash="0xB8A0BF169F98">0x0</containerEntry>
        </property>
        <property name="transforms" type="Matrix4" container="DynamicArray" arraySize="7">
          <containerEntry r11="-0.30085483" r12="0.107171915" r13="-0.9476286" r14="0" r21="0.16076219" r22="0.98514485" r23="0.060375668" r24="0" r31="0.940022" r32="-0.13417855" r33="-0.31361473" r34="0" r41="1597.7314" r42="324.14157" r43="864.84674" r44="1"></containerEntry>
          <containerEntry r11="-0.081638895" r12="0.16390857" r13="-0.9830904" r14="0" r21="-0.014768854" r22="0.9860769" r23="0.16563278" r24="0" r31="0.9965514" r32="0.028041415" r33="-0.07808149" r34="0" r41="1596.6423" r42="324.4445" r43="857.61926" r44="1"></containerEntry>
          <containerEntry r11="0.27307972" r12="0.121749304" r13="-0.9542559" r14="0" r21="0.08302035" r22="0.98527557" r23="0.14946489" r24="0" r31="0.9584022" r32="-0.120038494" r33="0.25895113" r34="0" r41="1599.4084" r42="325.3978" r43="848.91724" r44="1"></containerEntry>
          <containerEntry r11="-0.2534418" r12="0.33372366" r13="-0.90796185" r14="0" r21="0.14695144" r22="0.9409962" r23="0.30484635" r24="0" r31="0.9561231" r32="-0.05616536" r33="-0.28752893" r34="0" r41="1557.7603" r42="338.57593" r43="877.5002" r44="1"></containerEntry>
          <containerEntry r11="-0.09390147" r12="0.083108" r13="-0.99210584" r14="0" r21="0.08435819" r22="0.9935902" r23="0.07524784" r24="0" r31="0.99200034" r32="-0.076626375" r33="-0.100310445" r34="0" r41="1555.243" r42="341.12888" r43="866.80896" r44="1"></containerEntry>
          <containerEntry r11="-0.14906204" r12="0.10526501" r13="-0.98320675" r14="0" r21="0.59128535" r22="0.8064552" r23="-0.0033034682" r24="0" r31="0.79256415" r32="-0.5818493" r33="-0.18245322" r34="0" r41="1579.3966" r42="328.0658" r43="858.85394" r44="1"></containerEntry>
          <containerEntry r11="-0.23793976" r12="0.22598374" r13="-0.94462246" r14="0" r21="0.46799958" r22="0.8788875" r23="0.092372745" r24="0" r31="0.85109144" r32="-0.42010435" r33="-0.31488252" r34="0" r41="1577.9452" r42="329.67828" r43="873.28424" r44="1"></containerEntry>
        </property>
        <property name="colors" type="UInt32" container="DynamicArray" arraySize="7">
          <containerEntry>4294967295</containerEntry>
          <containerEntry>4294967295</containerEntry>
          <containerEntry>4294967295</containerEntry>
          <containerEntry>4294967295</containerEntry>
          <containerEntry>4294967295</containerEntry>
          <containerEntry>4294967295</containerEntry>
          <containerEntry>4294967295</containerEntry>
        </property>
      </staticProperties>
      <dynamicProperties></dynamicProperties>
    </entity>
    <entity class="StaticModelArray" classVersion="4" classID="0xD0" addr="0x3350E80" id="0x0">
      <staticProperties>
        <property name="name" type="String" container="StaticArray" arraySize="1">
          <containerEntry>StaticModelArray0007</containerEntry>
        </property>
        <property name="dataSet" type="EntityHandle" container="StaticArray" arraySize="1">
          <containerEntry>0x3353650</containerEntry>
        </property>
        <property name="modelFile" type="FilePtr" container="StaticArray" arraySize="1">
          <containerEntry>/Assets/tpp/environ/object/afghanistan/cliff/afgh_clff013/scenes/afgh_clff013.fmdl</containerEntry>
        </property>
        <property name="geomFile" type="FilePtr" container="StaticArray" arraySize="1">
          <containerEntry>/Assets/tpp/environ/object/afghanistan/cliff/afgh_clff013/scenes/afgh_clff013.geom</containerEntry>
        </property>
        <property name="isVisibleGeom" type="Bool" container="StaticArray" arraySize="1">
          <containerEntry>false</containerEntry>
        </property>
        <property name="lodFarSize" type="Float" container="StaticArray" arraySize="1">
          <containerEntry>-1</containerEntry>
        </property>
        <property name="lodNearSize" type="Float" container="StaticArray" arraySize="1">
          <containerEntry>-1</containerEntry>
        </property>
        <property name="lodPolygonSize" type="Float" container="StaticArray" arraySize="1">
          <containerEntry>-1</containerEntry>
        </property>
        <property name="drawRejectionLevel" type="Int32" container="StaticArray" arraySize="1">
          <containerEntry>8</containerEntry>
        </property>
        <property name="drawMode" type="Int32" container="StaticArray" arraySize="1">
          <containerEntry>0</containerEntry>
        </property>
        <property name="rejectFarRangeShadowCast" type="Int32" container="StaticArray" arraySize="1">
          <containerEntry>2</containerEntry>
        </property>
        <property name="parentLocator" type="EntityLink" container="StaticArray" arraySize="1">
          <containerEntry packagePathHash="0xB8A0BF169F98" archivePathHash="0xB8A0BF169F98" nameInArchiveHash="0xB8A0BF169F98">0x0</containerEntry>
        </property>
        <property name="transforms" type="Matrix4" container="DynamicArray" arraySize="5">
          <containerEntry r11="-0.054390065" r12="0.14476733" r13="-0.9879687" r14="0" r21="0.14794786" r22="0.9796816" r23="0.13540787" r24="0" r31="0.98749745" r32="-0.13880304" r33="-0.07470298" r34="0" r41="1565.9392" r42="336.46887" r43="861.4614" r44="1"></containerEntry>
          <containerEntry r11="-0.054315694" r12="0.025694454" r13="-0.9981908" r14="0" r21="0.015533397" r22="0.99956965" r23="0.024884619" r24="0" r31="0.9984006" r32="-0.014153644" r33="-0.054691434" r34="0" r41="1562.9652" r42="336.37274" r43="835.618" r44="1"></containerEntry>
          <containerEntry r11="0.42226484" r12="0.016002517" r13="-0.9063301" r14="0" r21="0.015533722" r22="0.9995696" r23="0.024885986" r24="0" r31="0.9063382" r32="-0.024587154" r33="0.42183453" r34="0" r41="1574.2513" r42="336.37274" r43="801.5954" r44="1"></containerEntry>
          <containerEntry r11="0.14790325" r12="0.022318153" r13="-0.9887471" r14="0" r21="0.015534385" r22="0.9995696" r23="0.024886044" r24="0" r31="0.98887694" r32="-0.019040285" r33="0.14749289" r34="0" r41="1581.3672" r42="336.37274" r43="783.4043" r44="1"></containerEntry>
          <containerEntry r11="-0.32501948" r12="0" r13="-0.9457055" r14="0" r21="0" r22="1" r23="0" r24="0" r31="0.9457055" r32="0" r33="-0.32501948" r34="0" r41="1578.629" r42="328.45822" r43="895.3705" r44="1"></containerEntry>
        </property>
        <property name="colors" type="UInt32" container="DynamicArray" arraySize="5">
          <containerEntry>4294967295</containerEntry>
          <containerEntry>4294967295</containerEntry>
          <containerEntry>4294967295</containerEntry>
          <containerEntry>4294967295</containerEntry>
          <containerEntry>4294967295</containerEntry>
        </property>
      </staticProperties>
      <dynamicProperties></dynamicProperties>
    </entity>
    <entity class="StaticModelArray" classVersion="4" classID="0xD0" addr="0x3350B00" id="0x0">
      <staticProperties>
        <property name="name" type="String" container="StaticArray" arraySize="1">
          <containerEntry>StaticModelArray0008</containerEntry>
        </property>
        <property name="dataSet" type="EntityHandle" container="StaticArray" arraySize="1">
