<fox formatVersion="2" fileVersion="0">
  <entities>
    <entity class="DataSet" classVersion="0" classID="0xE8" addr="0x2F53810" id="0xD11928">
      <staticProperties>
        <property name="name" type="String" container="StaticArray" arraySize="1">
          <containerEntry hash="0xB8A0BF169F98"></containerEntry>
        </property>
        <property name="dataSet" type="EntityHandle" container="StaticArray" arraySize="1">
          <containerEntry>0x0</containerEntry>
        </property>
        <property name="dataList" type="EntityPtr" container="StringMap" arraySize="13">
          <containerEntry key="afgh_clff036_vrtn002_0003">
            <data>0x2F53C70</data>
          </containerEntry>
          <containerEntry key="afgh_clff037_vrtn005_0007">
            <data>0x2D76130</data>
          </containerEntry>
          <containerEntry key="afgh_clff037_vrtn003_0002">
            <data>0x2D77780</data>
          </containerEntry>
          <containerEntry key="StaticModelArray0000">
            <data>0x2D7CFE0</data>
          </containerEntry>
          <containerEntry key="StaticModelArray0001">
            <data>0x2D7CDB0</data>
          </containerEntry>
          <containerEntry key="StaticModelArray0002">
            <data>0x2D7CB80</data>
          </containerEntry>
          <containerEntry key="StaticModelArray0003">
            <data>0x2D7D280</data>
          </containerEntry>
          <containerEntry key="StaticModelArray0004">
            <data>0x2D7CBF0</data>
          </containerEntry>
          <containerEntry key="StaticModelArray0005">
            <data>0x2D7C9C0</data>
          </containerEntry>
          <containerEntry key="StaticModelArray0006">
            <data>0x2D77E10</data>
          </containerEntry>
          <containerEntry key="StaticModelArray0007">
            <data>0x2D77DA0</data>
          </containerEntry>
          <containerEntry key="StaticModelArray0008">
            <data>0x2D77B70</data>
          </containerEntry>
          <containerEntry key="TexturePackLoadConditioner0000">
            <data>0x2D7DA60</data>
          </containerEntry>
        </property>
      </staticProperties>
      <dynamicProperties></dynamicProperties>
    </entity>
    <entity class="StaticModel" classVersion="9" classID="0x160" addr="0x2F53C70" id="0xD1193F">
      <staticProperties>
        <property name="name" type="String" container="StaticArray" arraySize="1">
          <containerEntry>afgh_clff036_vrtn002_0003</containerEntry>
        </property>
        <property name="dataSet" type="EntityHandle" container="StaticArray" arraySize="1">
          <containerEntry>0x2F53810</containerEntry>
        </property>
        <property name="parent" type="EntityHandle" container="StaticArray" arraySize="1">
          <containerEntry>0x0</containerEntry>
        </property>
        <property name="transform" type="EntityPtr" container="StaticArray" arraySize="1">
          <containerEntry>0x2F53CE0</containerEntry>
        </property>
        <property name="shearTransform" type="EntityPtr" container="StaticArray" arraySize="1">
          <containerEntry>0x0</containerEntry>
        </property>
        <property name="pivotTransform" type="EntityPtr" container="StaticArray" arraySize="1">
          <containerEntry>0x0</containerEntry>
        </property>
        <property name="children" type="EntityHandle" container="List"></property>
        <property name="flags" type="UInt32" container="StaticArray" arraySize="1">
          <containerEntry>3221225479</containerEntry>
        </property>
        <property name="modelFile" type="FilePtr" container="StaticArray" arraySize="1">
          <containerEntry>/Assets/tpp/environ/object/afghanistan/cliff/afgh_clff036/scenes/afgh_clff036_vrtn002_gen8.fmdl</containerEntry>
        </property>
        <property name="geomFile" type="FilePtr" container="StaticArray" arraySize="1">
          <containerEntry>/Assets/tpp/environ/object/afghanistan/cliff/afgh_clff036/scenes/afgh_clff036_vrtn002_gen8.geom</containerEntry>
        </property>
        <property name="isVisibleGeom" type="Bool" container="StaticArray" arraySize="1">
          <containerEntry>false</containerEntry>
        </property>
        <property name="isIsolated" type="Bool" container="StaticArray" arraySize="1">
          <containerEntry>false</containerEntry>
        </property>
        <property name="lodFarSize" type="Float" container="StaticArray" arraySize="1">
          <containerEntry>-1</containerEntry>
        </property>
        <property name="lodNearSize" type="Float" container="StaticArray" arraySize="1">
          <containerEntry>-1</containerEntry>
        </property>
        <property name="lodPolygonSize" type="Float" container="StaticArray" arraySize="1">
          <containerEntry>-1</containerEntry>
        </property>
        <property name="color" type="Color" container="StaticArray" arraySize="1">
          <containerEntry r="1" g="1" b="1" a="1"></containerEntry>
        </property>
        <property name="drawRejectionLevel" type="Int32" container="StaticArray" arraySize="1">
          <containerEntry>8</containerEntry>
        </property>
        <property name="drawMode" type="Int32" container="StaticArray" arraySize="1">
          <containerEntry>0</containerEntry>
        </property>
        <property name="rejectFarRangeShadowCast" type="Int32" container="StaticArray" arraySize="1">
          <containerEntry>2</containerEntry>
        </property>
      </staticProperties>
      <dynamicProperties></dynamicProperties>
    </entity>
    <entity class="TransformEntity" classVersion="0" classID="0x50" addr="0x2F53CE0" id="0xD11942">
      <staticProperties>
        <property name="owner" type="EntityHandle" container="StaticArray" arraySize="1">
          <containerEntry>0x2F53C70</containerEntry>
        </property>
        <property name="transform_scale" type="Vector3" container="StaticArray" arraySize="1">
          <containerEntry x="1" y="1" z="1" w="0"></containerEntry>
        </property>
        <property name="transform_rotation_quat" type="Quat" container="StaticArray" arraySize="1">
          <containerEntry x="-0.017762" y="-0.346098" z="0.084841" w="0.934185"></containerEntry>
        </property>
        <property name="transform_translation" type="Vector3" container="StaticArray" arraySize="1">
          <containerEntry x="2388.727" y="403.56497" z="-876.7292" w="0"></containerEntry>
        </property>
      </staticProperties>
      <dynamicProperties></dynamicProperties>
    </entity>
    <entity class="StaticModel" classVersion="9" classID="0x160" addr="0x2D76130" id="0xD11A26">
      <staticProperties>
        <property name="name" type="String" container="StaticArray" arraySize="1">
          <containerEntry>afgh_clff037_vrtn005_0007</containerEntry>
        </property>
        <property name="dataSet" type="EntityHandle" container="StaticArray" arraySize="1">
          <containerEntry>0x2F53810</containerEntry>
        </property>
        <property name="parent" type="EntityHandle" container="StaticArray" arraySize="1">
          <containerEntry>0x0</containerEntry>
        </property>
        <property name="transform" type="EntityPtr" container="StaticArray" arraySize="1">
          <containerEntry>0x2D761A0</containerEntry>
        </property>
        <property name="shearTransform" type="EntityPtr" container="StaticArray" arraySize="1">
          <containerEntry>0x0</containerEntry>
        </property>
        <property name="pivotTransform" type="EntityPtr" container="StaticArray" arraySize="1">
          <containerEntry>0x0</containerEntry>
        </property>
        <property name="children" type="EntityHandle" container="List"></property>
        <property name="flags" type="UInt32" container="StaticArray" arraySize="1">
          <containerEntry>3221225479</containerEntry>
        </property>
        <property name="modelFile" type="FilePtr" container="StaticArray" arraySize="1">
          <containerEntry>/Assets/tpp/environ/object/afghanistan/cliff/afgh_clff037/scenes/afgh_clff037_vrtn005_gen8.fmdl</containerEntry>
        </property>
        <property name="geomFile" type="FilePtr" container="StaticArray" arraySize="1">
          <containerEntry>/Assets/tpp/environ/object/afghanistan/cliff/afgh_clff037/scenes/afgh_clff037_vrtn005_gen8.geom</containerEntry>
        </property>
        <property name="isVisibleGeom" type="Bool" container="StaticArray" arraySize="1">
          <containerEntry>false</containerEntry>
        </property>
        <property name="isIsolated" type="Bool" container="StaticArray" arraySize="1">
          <containerEntry>false</containerEntry>
        </property>
        <property name="lodFarSize" type="Float" container="StaticArray" arraySize="1">
          <containerEntry>-1</containerEntry>
        </property>
        <property name="lodNearSize" type="Float" container="StaticArray" arraySize="1">
          <containerEntry>-1</containerEntry>
        </property>
        <property name="lodPolygonSize" type="Float" container="StaticArray" arraySize="1">
          <containerEntry>-1</containerEntry>
        </property>
        <property name="color" type="Color" container="StaticArray" arraySize="1">
          <containerEntry r="1" g="1" b="1" a="1"></containerEntry>
        </property>
        <property name="drawRejectionLevel" type="Int32" container="StaticArray" arraySize="1">
          <containerEntry>8</containerEntry>
        </property>
        <property name="drawMode" type="Int32" container="StaticArray" arraySize="1">
          <containerEntry>0</containerEntry>
        </property>
        <property name="rejectFarRangeShadowCast" type="Int32" container="StaticArray" arraySize="1">
          <containerEntry>2</containerEntry>
        </property>
      </staticProperties>
      <dynamicProperties></dynamicProperties>
    </entity>
    <entity class="TransformEntity" classVersion="0" classID="0x50" addr="0x2D761A0" id="0xD11A29">
      <staticProperties>
        <property name="owner" type="EntityHandle" container="StaticArray" arraySize="1">
          <containerEntry>0x2D76130</containerEntry>
        </property>
        <property name="transform_scale" type="Vector3" container="StaticArray" arraySize="1">
          <containerEntry x="1" y="1" z="1" w="0"></containerEntry>
        </property>
        <property name="transform_rotation_quat" type="Quat" container="StaticArray" arraySize="1">
          <containerEntry x="-0.22425" y="-0.243252" z="-0.224527" w="0.916584"></containerEntry>
        </property>
        <property name="transform_translation" type="Vector3" container="StaticArray" arraySize="1">
          <containerEntry x="2412.2712" y="421.71176" z="-892.99115" w="0"></containerEntry>
        </property>
      </staticProperties>
      <dynamicProperties></dynamicProperties>
    </entity>
    <entity class="StaticModel" classVersion="9" classID="0x160" addr="0x2D77780" id="0xD11A9A">
      <staticProperties>
        <property name="name" type="String" container="StaticArray" arraySize="1">
          <containerEntry>afgh_clff037_vrtn003_0002</containerEntry>
        </property>
        <property name="dataSet" type="EntityHandle" container="StaticArray" arraySize="1">
          <containerEntry>0x2F53810</containerEntry>
        </property>
        <property name="parent" type="EntityHandle" container="StaticArray" arraySize="1">
          <containerEntry>0x0</containerEntry>
        </property>
        <property name="transform" type="EntityPtr" container="StaticArray" arraySize="1">
          <containerEntry>0x2D777F0</containerEntry>
        </property>
        <property name="shearTransform" type="EntityPtr" container="StaticArray" arraySize="1">
          <containerEntry>0x0</containerEntry>
        </property>
        <property name="pivotTransform" type="EntityPtr" container="StaticArray" arraySize="1">
          <containerEntry>0x0</containerEntry>
        </property>
        <property name="children" type="EntityHandle" container="List"></property>
        <property name="flags" type="UInt32" container="StaticArray" arraySize="1">
          <containerEntry>3221225479</containerEntry>
        </property>
        <property name="modelFile" type="FilePtr" container="StaticArray" arraySize="1">
          <containerEntry>/Assets/tpp/environ/object/afghanistan/cliff/afgh_clff037/scenes/afgh_clff037_vrtn003_gen8.fmdl</containerEntry>
        </property>
        <property name="geomFile" type="FilePtr" container="StaticArray" arraySize="1">
          <containerEntry>/Assets/tpp/environ/object/afghanistan/cliff/afgh_clff037/scenes/afgh_clff037_vrtn003_gen8.geom</containerEntry>
        </property>
        <property name="isVisibleGeom" type="Bool" container="StaticArray" arraySize="1">
          <containerEntry>false</containerEntry>
        </property>
        <property name="isIsolated" type="Bool" container="StaticArray" arraySize="1">
          <containerEntry>false</containerEntry>
        </property>
        <property name="lodFarSize" type="Float" container="StaticArray" arraySize="1">
          <containerEntry>-1</containerEntry>
        </property>
        <property name="lodNearSize" type="Float" container="StaticArray" arraySize="1">
          <containerEntry>-1</containerEntry>
        </property>
        <property name="lodPolygonSize" type="Float" container="StaticArray" arraySize="1">
          <containerEntry>-1</containerEntry>
        </property>
        <property name="color" type="Color" container="StaticArray" arraySize="1">
          <containerEntry r="1" g="1" b="1" a="1"></containerEntry>
        </property>
        <property name="drawRejectionLevel" type="Int32" container="StaticArray" arraySize="1">
          <containerEntry>8</containerEntry>
        </property>
        <property name="drawMode" type="Int32" container="StaticArray" arraySize="1">
          <containerEntry>0</containerEntry>
        </property>
        <property name="rejectFarRangeShadowCast" type="Int32" container="StaticArray" arraySize="1">
          <containerEntry>2</containerEntry>
        </property>
      </staticProperties>
      <dynamicProperties></dynamicProperties>
    </entity>
    <entity class="TransformEntity" classVersion="0" classID="0x50" addr="0x2D777F0" id="0xD11A9D">
      <staticProperties>
        <property name="owner" type="EntityHandle" container="StaticArray" arraySize="1">
          <containerEntry>0x2D77780</containerEntry>
        </property>
        <property name="transform_scale" type="Vector3" container="StaticArray" arraySize="1">
          <containerEntry x="0.999998" y="1" z="0.999998" w="0"></containerEntry>
        </property>
        <property name="transform_rotation_quat" type="Quat" container="StaticArray" arraySize="1">
          <containerEntry x="-0.022494" y="0.871472" z="0.228889" w="0.433174"></containerEntry>
        </property>
        <property name="transform_translation" type="Vector3" container="StaticArray" arraySize="1">
          <containerEntry x="2305.8384" y="443.0004" z="-798.6012" w="0"></containerEntry>
        </property>
      </staticProperties>
      <dynamicProperties></dynamicProperties>
    </entity>
    <entity class="StaticModelArray" classVersion="4" classID="0xD0" addr="0x2D7CFE0" id="0x0">
      <staticProperties>
        <property name="name" type="String" container="StaticArray" arraySize="1">
          <containerEntry>StaticModelArray0000</containerEntry>
        </property>
        <property name="dataSet" type="EntityHandle" container="StaticArray" arraySize="1">
          <containerEntry>0x2F53810</containerEntry>
        </property>
        <property name="modelFile" type="FilePtr" container="StaticArray" arraySize="1">
          <containerEntry>/Assets/tpp/environ/object/afghanistan/cliff/afgh_clff038/scenes/afgh_clff038_vrtn003_gen8.fmdl</containerEntry>
        </property>
        <property name="geomFile" type="FilePtr" container="StaticArray" arraySize="1">
          <containerEntry>/Assets/tpp/environ/object/afghanistan/cliff/afgh_clff038/scenes/afgh_clff038_vrtn003_gen8.geom</containerEntry>
        </property>
        <property name="isVisibleGeom" type="Bool" container="StaticArray" arraySize="1">
          <containerEntry>false</containerEntry>
        </property>
        <property name="lodFarSize" type="Float" container="StaticArray" arraySize="1">
          <containerEntry>-1</containerEntry>
        </property>
        <property name="lodNearSize" type="Float" container="StaticArray" arraySize="1">
          <containerEntry>-1</containerEntry>
        </property>
        <property name="lodPolygonSize" type="Float" container="StaticArray" arraySize="1">
          <containerEntry>-1</containerEntry>
        </property>
        <property name="drawRejectionLevel" type="Int32" container="StaticArray" arraySize="1">
          <containerEntry>8</containerEntry>
        </property>
        <property name="drawMode" type="Int32" container="StaticArray" arraySize="1">
          <containerEntry>0</containerEntry>
        </property>
        <property name="rejectFarRangeShadowCast" type="Int32" container="StaticArray" arraySize="1">
          <containerEntry>2</containerEntry>
        </property>
        <property name="parentLocator" type="EntityLink" container="StaticArray" arraySize="1">
          <containerEntry packagePathHash="0xB8A0BF169F98" archivePathHash="0xB8A0BF169F98" nameInArchiveHash="0xB8A0BF169F98">0x0</containerEntry>
        </property>
        <property name="transforms" type="Matrix4" container="DynamicArray" arraySize="18">
          <containerEntry r11="0.97254425" r12="0" r13="-0.23271792" r14="0" r21="0" r22="1" r23="0" r24="0" r31="0.23271792" r32="0" r33="0.97254425" r34="0" r41="2387.9956" r42="382.89575" r43="-792" r44="1"></containerEntry>
          <containerEntry r11="-0.14536524" r12="0" r13="-0.98937625" r14="0" r21="0" r22="1" r23="0" r24="0" r31="0.98937625" r32="0" r33="-0.14536524" r34="0" r41="2385.924" r42="382.0724" r43="-800.6147" r44="1"></containerEntry>
          <containerEntry r11="0.97254425" r12="0" r13="-0.23271792" r14="0" r21="0" r22="1" r23="0" r24="0" r31="0.23271792" r32="0" r33="0.97254425" r34="0" r41="2426.764" r42="382.9877" r43="-810.18" r44="1"></containerEntry>
          <containerEntry r11="-0.9758811" r12="0" r13="-0.21829769" r14="0" r21="0" r22="1" r23="0" r24="0" r31="0.21829769" r32="0" r33="-0.9758811" r34="0" r41="2428.3076" r42="381.0478" r43="-788.2008" r44="1"></containerEntry>
          <containerEntry r11="-0.28537524" r12="0" r13="0.9584157" r14="0" r21="0" r22="1" r23="0" r24="0" r31="-0.9584157" r32="0" r33="-0.28537524" r34="0" r41="2390.3823" r42="381.29645" r43="-783.3787" r44="1"></containerEntry>
          <containerEntry r11="-0.49519086" r12="0" r13="0.8687828" r14="0" r21="0" r22="1" r23="0" r24="0" r31="-0.8687828" r32="0" r33="-0.49519086" r34="0" r41="2346.6165" r42="384.1482" r43="-839.52167" r44="1"></containerEntry>
          <containerEntry r11="-0.011841297" r12="0" r13="0.99992883" r14="0" r21="0" r22="1" r23="0" r24="0" r31="-0.99992883" r32="0" r33="-0.011841297" r34="0" r41="2419.8337" r42="383.63303" r43="-823.61176" r44="1"></containerEntry>
          <containerEntry r11="-0.95975465" r12="0" r13="0.2808366" r14="0" r21="0" r22="1" r23="0" r24="0" r31="-0.2808366" r32="0" r33="-0.95975465" r34="0" r41="2410.623" r42="382.5713" r43="-826.3355" r44="1"></containerEntry>
          <containerEntry r11="0.12419349" r12="0.046715006" r13="-0.99115676" r14="0" r21="0.37537277" r22="0.922444" r23="0.09051074" r24="0" r31="0.91851467" r32="-0.3832944" r33="0.09702605" r34="0" r41="2413.7026" r42="385.7376" r43="-839.3022" r44="1"></containerEntry>
          <containerEntry r11="0.9978906" r12="0" r13="0.064917706" r14="0" r21="0" r22="1" r23="0" r24="0" r31="-0.064917706" r32="0" r33="0.9978906" r34="0" r41="2364.8472" r42="383.39978" r43="-827.90155" r44="1"></containerEntry>
          <containerEntry r11="0.9978906" r12="0" r13="0.064917706" r14="0" r21="0" r22="1" r23="0" r24="0" r31="-0.064917706" r32="0" r33="0.9978906" r34="0" r41="2344.199" r42="385.291" r43="-891.2268" r44="1"></containerEntry>
          <containerEntry r11="-0.88758576" r12="0" r13="0.46063974" r14="0" r21="0" r22="1" r23="0" r24="0" r31="-0.46063974" r32="0" r33="-0.88758576" r34="0" r41="2304.9438" r42="386.52396" r43="-881.17694" r44="1"></containerEntry>
          <containerEntry r11="-0.86415255" r12="0" r13="-0.5032284" r14="0" r21="0" r22="1" r23="0" r24="0" r31="0.5032284" r32="0" r33="-0.86415255" r34="0" r41="2332.3271" r42="385.5368" r43="-848.6771" r44="1"></containerEntry>
          <containerEntry r11="0.6715692" r12="0" r13="-0.7409414" r14="0" r21="0" r22="1" r23="0" r24="0" r31="0.7409414" r32="0" r33="0.6715692" r34="0" r41="2373.0273" r42="383.3204" r43="-863.04224" r44="1"></containerEntry>
          <containerEntry r11="-0.1623884" r12="0" r13="-0.98672587" r14="0" r21="0" r22="1" r23="0" r24="0" r31="0.98672587" r32="0" r33="-0.1623884" r34="0" r41="2379.5046" r42="383.222" r43="-856.6605" r44="1"></containerEntry>
          <containerEntry r11="0.25425214" r12="0" r13="-0.967138" r14="0" r21="0" r22="1" r23="0" r24="0" r31="0.967138" r32="0" r33="0.25425214" r34="0" r41="2367.621" r42="394.658" r43="-883.82465" r44="1"></containerEntry>
          <containerEntry r11="0.81539744" r12="0.031230822" r13="-0.5780579" r14="0" r21="0.20548375" r22="0.9179079" r23="0.3394425" r24="0" r31="0.5412048" r32="-0.39556217" r33="0.7420423" r34="0" r41="2408.145" r42="394.02225" r43="-850.39575" r44="1"></containerEntry>
          <containerEntry r11="0.26722485" r12="-0.9456558" r13="-0.18527436" r14="0" r21="0.91576576" r22="0.3090572" r23="-0.2566268" r24="0" r31="0.29994094" r32="-0.1010907" r33="0.94858634" r34="0" r41="2425.4805" r42="401.23544" r43="-850.7867" r44="1"></containerEntry>
        </property>
        <property name="colors" type="UInt32" container="DynamicArray" arraySize="18">
          <containerEntry>4294967295</containerEntry>
          <containerEntry>4294967295</containerEntry>
          <containerEntry>4294967295</containerEntry>
          <containerEntry>4294967295</containerEntry>
          <containerEntry>4294967295</containerEntry>
          <containerEntry>4294967295</containerEntry>
          <containerEntry>4294967295</containerEntry>
          <containerEntry>4294967295</containerEntry>
          <containerEntry>4294967295</containerEntry>
          <containerEntry>4294967295</containerEntry>
          <containerEntry>4294967295</containerEntry>
          <containerEntry>4294967295</containerEntry>
          <containerEntry>4294967295</containerEntry>
          <containerEntry>4294967295</containerEntry>
          <containerEntry>4294967295</containerEntry>
          <containerEntry>4294967295</containerEntry>
          <containerEntry>4294967295</containerEntry>
          <containerEntry>4294967295</containerEntry>
        </property>
      </staticProperties>
      <dynamicProperties></dynamicProperties>
    </entity>
    <entity class="StaticModelArray" classVersion="4" classID="0xD0" addr="0x2D7CDB0" id="0x0">
      <staticProperties>
        <property name="name" type="String" container="StaticArray" arraySize="1">
          <containerEntry>StaticModelArray0001</containerEntry>
        </property>
        <property name="dataSet" type="EntityHandle" container="StaticArray" arraySize="1">
          <containerEntry>0x2F53810</containerEntry>
        </property>
        <property name="modelFile" type="FilePtr" container="StaticArray" arraySize="1">
          <containerEntry>/Assets/tpp/environ/object/afghanistan/cliff/afgh_clff037/scenes/afgh_clff037_vrtn002_gen8.fmdl</containerEntry>
        </property>
        <property name="geomFile" type="FilePtr" container="StaticArray" arraySize="1">
          <containerEntry>/Assets/tpp/environ/object/afghanistan/cliff/afgh_clff037/scenes/afgh_clff037_vrtn002_gen8.geom</containerEntry>
        </property>
        <property name="isVisibleGeom" type="Bool" container="StaticArray" arraySize="1">
          <containerEntry>false</containerEntry>
        </property>
        <property name="lodFarSize" type="Float" container="StaticArray" arraySize="1">
          <containerEntry>-1</containerEntry>
        </property>
        <property name="lodNearSize" type="Float" container="StaticArray" arraySize="1">
          <containerEntry>-1</containerEntry>
        </property>
        <property name="lodPolygonSize" type="Float" container="StaticArray" arraySize="1">
          <containerEntry>-1</containerEntry>
        </property>
        <property name="drawRejectionLevel" type="Int32" container="StaticArray" arraySize="1">
          <containerEntry>8</containerEntry>
        </property>
        <property name="drawMode" type="Int32" container="StaticArray" arraySize="1">
          <containerEntry>0</containerEntry>
        </property>
        <property name="rejectFarRangeShadowCast" type="Int32" container="StaticArray" arraySize="1">
          <containerEntry>2</containerEntry>
        </property>
        <property name="parentLocator" type="EntityLink" container="StaticArray" arraySize="1">
          <containerEntry packagePathHash="0xB8A0BF169F98" archivePathHash="0xB8A0BF169F98" nameInArchiveHash="0xB8A0BF169F98">0x0</containerEntry>
        </property>
        <property name="transforms" type="Matrix4" container="DynamicArray" arraySize="3">
          <containerEntry r11="0.16063982" r12="-0.15985115" r13="-0.9739817" r14="0" r21="0.45538598" r22="0.88749427" r23="-0.0705498" r24="0" r31="0.8756805" r32="-0.43220514" r33="0.21536112" r34="0" r41="2333.3018" r42="412.0862" r43="-788.0318" r44="1"></containerEntry>
          <containerEntry r11="0.9174315" r12="-0.047126427" r13="-0.3950928" r14="0" r21="0.12216756" r22="0.97836185" r23="0.16698235" r24="0" r31="0.3786744" r32="-0.20146245" r33="0.90333724" r34="0" r41="2431.7761" r42="395.77026" r43="-854.0414" r44="1"></containerEntry>
          <containerEntry r11="-0.7297882" r12="0.1531412" r13="-0.6662995" r14="0" r21="0.34144318" r22="0.92598414" r23="-0.1611515" r24="0" r31="0.5923038" r32="-0.34511015" r33="-0.7280613" r34="0" r41="2318.4602" r42="416.1444" r43="-803.33374" r44="1"></containerEntry>
        </property>
        <property name="colors" type="UInt32" container="DynamicArray" arraySize="3">
          <containerEntry>4294967295</containerEntry>
          <containerEntry>4294967295</containerEntry>
          <containerEntry>4294967295</containerEntry>
        </property>
      </staticProperties>
      <dynamicProperties></dynamicProperties>
    </entity>
    <entity class="StaticModelArray" classVersion="4" classID="0xD0" addr="0x2D7CB80" id="0x0">
      <staticProperties>
        <property name="name" type="String" container="StaticArray" arraySize="1">
          <containerEntry>StaticModelArray0002</containerEntry>
        </property>
        <property name="dataSet" type="EntityHandle" container="StaticArray" arraySize="1">
          <containerEntry>0x2F53810</containerEntry>
        </property>
        <property name="modelFile" type="FilePtr" container="StaticArray" arraySize="1">
          <containerEntry>/Assets/tpp/environ/object/afghanistan/cliff/afgh_clff037/scenes/afgh_clff037_vrtn006_gen8.fmdl</containerEntry>
        </property>
        <property name="geomFile" type="FilePtr" container="StaticArray" arraySize="1">
          <containerEntry>/Assets/tpp/environ/object/afghanistan/cliff/afgh_clff037/scenes/afgh_clff037_vrtn006_gen8.geom</containerEntry>
        </property>
        <property name="isVisibleGeom" type="Bool" container="StaticArray" arraySize="1">
          <containerEntry>false</containerEntry>
        </property>
        <property name="lodFarSize" type="Float" container="StaticArray" arraySize="1">
          <containerEntry>-1</containerEntry>
        </property>
        <property name="lodNearSize" type="Float" container="StaticArray" arraySize="1">
          <containerEntry>-1</containerEntry>
        </property>
        <property name="lodPolygonSize" type="Float" container="StaticArray" arraySize="1">
          <containerEntry>-1</containerEntry>
        </property>
        <property name="drawRejectionLevel" type="Int32" container="StaticArray" arraySize="1">
          <containerEntry>8</containerEntry>
        </property>
        <property name="drawMode" type="Int32" container="StaticArray" arraySize="1">
          <containerEntry>0</containerEntry>
        </property>
        <property name="rejectFarRangeShadowCast" type="Int32" container="StaticArray" arraySize="1">
          <containerEntry>2</containerEntry>
        </property>
        <property name="parentLocator" type="EntityLink" container="StaticArray" arraySize="1">
          <containerEntry packagePathHash="0xB8A0BF169F98" archivePathHash="0xB8A0BF169F98" nameInArchiveHash="0xB8A0BF169F98">0x0</containerEntry>
        </property>
        <property name="transforms" type="Matrix4" container="DynamicArray" arraySize="3">
          <containerEntry r11="0.6144051" r12="-0.5803238" r13="-0.53453386" r14="0" r21="0.4038115" r22="0.8133271" r23="-0.4188475" r24="0" r31="0.67781854" r32="0.041488875" r33="0.7340548" r34="0" r41="2406.1323" r42="423.77182" r43="-894.21173" r44="1"></containerEntry>
          <containerEntry r11="-0.36132935" r12="0.6496119" r13="0.6689026" r14="0" r21="0.5181006" r22="0.7363189" r23="-0.4352057" r24="0" r31="-0.7752391" r32="0.18930437" r33="-0.60261697" r34="0" r41="2429.423" r42="424.02908" r43="-881.1729" r44="1"></containerEntry>
          <containerEntry r11="-0.5506019" r12="-0.5614638" r13="0.61772877" r14="0" r21="-0.33260298" r22="0.82628584" r23="0.45456147" r24="0" r31="-0.7656407" r32="0.04482515" r33="-0.6416989" r34="0" r41="2311.1677" r42="422.4296" r43="-817.2927" r44="1"></containerEntry>
        </property>
        <property name="colors" type="UInt32" container="DynamicArray" arraySize="3">
          <containerEntry>4294967295</containerEntry>
          <containerEntry>4294967295</containerEntry>
          <containerEntry>4294967295</containerEntry>
        </property>
      </staticProperties>
      <dynamicProperties></dynamicProperties>
    </entity>
    <entity class="StaticModelArray" classVersion="4" classID="0xD0" addr="0x2D7D280" id="0x0">
      <staticProperties>
        <property name="name" type="String" container="StaticArray" arraySize="1">
          <containerEntry>StaticModelArray0003</containerEntry>
        </property>
        <property name="dataSet" type="EntityHandle" container="StaticArray" arraySize="1">
          <containerEntry>0x2F53810</containerEntry>
        </property>
        <property name="modelFile" type="FilePtr" container="StaticArray" arraySize="1">
          <containerEntry>/Assets/tpp/environ/object/afghanistan/cliff/afgh_clff035/scenes/afgh_clff035_vrtn002_gen8.fmdl</containerEntry>
        </property>
        <property name="geomFile" type="FilePtr" container="StaticArray" arraySize="1">
          <containerEntry>/Assets/tpp/environ/object/afghanistan/cliff/afgh_clff035/scenes/afgh_clff035_vrtn002_gen8.geom</containerEntry>
        </property>
        <property name="isVisibleGeom" type="Bool" container="StaticArray" arraySize="1">
          <containerEntry>false</containerEntry>
        </property>
        <property name="lodFarSize" type="Float" container="StaticArray" arraySize="1">
          <containerEntry>-1</containerEntry>
        </property>
        <property name="lodNearSize" type="Float" container="StaticArray" arraySize="1">
          <containerEntry>-1</containerEntry>
        </property>
        <property name="lodPolygonSize" type="Float" container="StaticArray" arraySize="1">
          <containerEntry>-1</containerEntry>
        </property>
        <property name="drawRejectionLevel" type="Int32" container="StaticArray" arraySize="1">
          <containerEntry>8</containerEntry>
        </property>
        <property name="drawMode" type="Int32" container="StaticArray" arraySize="1">
          <containerEntry>0</containerEntry>
        </property>
        <property name="rejectFarRangeShadowCast" type="Int32" container="StaticArray" arraySize="1">
          <containerEntry>2</containerEntry>
        </property>
        <property name="parentLocator" type="EntityLink" container="StaticArray" arraySize="1">
          <containerEntry packagePathHash="0xB8A0BF169F98" archivePathHash="0xB8A0BF169F98" nameInArchiveHash="0xB8A0BF169F98">0x0</containerEntry>
        </property>
        <property name="transforms" type="Matrix4" container="DynamicArray" arraySize="4">
          <containerEntry r11="0.8206893" r12="0" r13="0.5713748" r14="0" r21="0" r22="1" r23="0" r24="0" r31="-0.5713748" r32="0" r33="0.8206893" r34="0" r41="2375.7454" r42="399.46255" r43="-877.8967" r44="1"></containerEntry>
          <containerEntry r11="-0.03674584" r12="-0.09398951" r13="-0.9948932" r14="0" r21="-0.030293599" r22="0.9952144" r23="-0.09290078" r24="0" r31="0.9988637" r32="0.026725072" r33="-0.039417267" r34="0" r41="2368.249" r42="398.2224" r43="-786.1942" r44="1"></containerEntry>
          <containerEntry r11="-0.38643977" r12="-0.022989424" r13="-0.9220267" r14="0" r21="-0.057412222" r22="0.9983502" r23="-0.0008297581" r24="0" r31="0.92052466" r32="0.052614994" r33="-0.3871221" r34="0" r41="2349.2402" r42="401.99554" r43="-807.9773" r44="1"></containerEntry>
          <containerEntry r11="-0.5922737" r12="0" r13="-0.8057367" r14="0" r21="0" r22="1" r23="0" r24="0" r31="0.8057367" r32="0" r33="-0.5922737" r34="0" r41="2320.6477" r42="392.62738" r43="-858.566" r44="1"></containerEntry>
        </property>
        <property name="colors" type="UInt32" container="DynamicArray" arraySize="4">
          <containerEntry>4294967295</containerEntry>
          <containerEntry>4294967295</containerEntry>
          <containerEntry>4294967295</containerEntry>
          <containerEntry>4294967295</containerEntry>
        </property>
      </staticProperties>
      <dynamicProperties></dynamicProperties>
    </entity>
    <entity class="StaticModelArray" classVersion="4" classID="0xD0" addr="0x2D7CBF0" id="0x0">
      <staticProperties>
        <property name="name" type="String" container="StaticArray" arraySize="1">
          <containerEntry>StaticModelArray0004</containerEntry>
        </property>
        <property name="dataSet" type="EntityHandle" container="StaticArray" arraySize="1">
          <containerEntry>0x2F53810</containerEntry>
        </property>
        <property name="modelFile" type="FilePtr" container="StaticArray" arraySize="1">
          <containerEntry>/Assets/tpp/environ/object/afghanistan/rock/afgh_rock009/scenes/afgh_rock009_rock001.fmdl</containerEntry>
        </property>
        <property name="geomFile" type="FilePtr" container="StaticArray" arraySize="1">
          <containerEntry>/Assets/tpp/environ/object/afghanistan/rock/afgh_rock009/scenes/afgh_rock009_rock001.geom</containerEntry>
        </property>
        <property name="isVisibleGeom" type="Bool" container="StaticArray" arraySize="1">
          <containerEntry>false</containerEntry>
        </property>
        <property name="lodFarSize" type="Float" container="StaticArray" arraySize="1">
          <containerEntry>-1</containerEntry>
        </property>
        <property name="lodNearSize" type="Float" container="StaticArray" arraySize="1">
          <containerEntry>-1</containerEntry>
        </property>
        <property name="lodPolygonSize" type="Float" container="StaticArray" arraySize="1">
          <containerEntry>-1</containerEntry>
        </property>
        <property name="drawRejectionLevel" type="Int32" container="StaticArray" arraySize="1">
          <containerEntry>8</containerEntry>
        </property>
        <property name="drawMode" type="Int32" container="StaticArray" arraySize="1">
          <containerEntry>0</containerEntry>
        </property>
        <property name="rejectFarRangeShadowCast" type="Int32" container="StaticArray" arraySize="1">
          <containerEntry>2</containerEntry>
        </property>
        <property name="parentLocator" type="EntityLink" container="StaticArray" arraySize="1">
          <containerEntry packagePathHash="0xB8A0BF169F98" archivePathHash="0xB8A0BF169F98" nameInArchiveHash="0xB8A0BF169F98">0x0</containerEntry>
        </property>
        <property name="transforms" type="Matrix4" container="DynamicArray" arraySize="15">
          <containerEntry r11="-0.51615804" r12="-0.48991486" r13="0.7025404" r14="0" r21="0.39688995" r22="-0.8636827" r23="-0.31069115" r24="0" r31="0.7589848" r32="0.118465416" r33="0.6402403" r34="0" r41="2416.727" r42="383.8123" r43="-814.6384" r44="1"></containerEntry>
          <containerEntry r11="-0.37443876" r12="0.92616135" r13="-0.04492122" r14="0" r21="-0.51700693" r22="-0.16831413" r23="0.83926857" r24="0" r31="0.769738" r32="0.33748052" r33="0.54185736" r34="0" r41="2384.2456" r42="384.83856" r43="-801.7133" r44="1"></containerEntry>
          <containerEntry r11="-0.37443838" r12="0.9261618" r13="-0.04492198" r14="0" r21="-0.5170078" r22="-0.16831397" r23="0.83926827" r24="0" r31="0.7697388" r32="0.33748" r33="0.54185736" r34="0" r41="2380.074" r42="384.80658" r43="-777.64105" r44="1"></containerEntry>
          <containerEntry r11="0.49552408" r12="0.21924403" r13="-0.8404683" r14="0" r21="-0.40244105" r22="0.9154445" r23="0.0015309155" r24="0" r31="0.7697377" r32="0.33748066" r33="0.5418577" r34="0" r41="2425.6396" r42="383.21454" r43="-801.2927" r44="1"></containerEntry>
          <containerEntry r11="-0.17769957" r12="0.90253544" r13="0.3922379" r14="0" r21="-0.9828832" r22="-0.14309302" r23="-0.116030306" r24="0" r31="-0.048594654" r32="-0.40614304" r33="0.9125165" r34="0" r41="2398.4136" r42="387.3884" r43="-844.91815" r44="1"></containerEntry>
          <containerEntry r11="-0.37443876" r12="0.92616135" r13="-0.04492122" r14="0" r21="-0.51700693" r22="-0.16831413" r23="0.83926857" r24="0" r31="0.769738" r32="0.33748052" r33="0.54185736" r34="0" r41="2353.7969" r42="385.1383" r43="-832.75037" r44="1"></containerEntry>
          <containerEntry r11="0.9542316" r12="0.09544417" r13="-0.28342965" r14="0" r21="-0.077412516" r22="0.99423575" r23="0.074179" r24="0" r31="0.28887585" r32="-0.048842926" r33="0.9561198" r34="0" r41="2324.033" r42="393.42062" r43="-841.8242" r44="1"></containerEntry>
          <containerEntry r11="-0.37443876" r12="0.92616135" r13="-0.04492122" r14="0" r21="-0.51700693" r22="-0.16831413" r23="0.83926857" r24="0" r31="0.769738" r32="0.33748052" r33="0.54185736" r34="0" r41="2311.0806" r42="392.80612" r43="-864.85236" r44="1"></containerEntry>
          <containerEntry r11="0.9542316" r12="0.09544417" r13="-0.28342965" r14="0" r21="-0.077412516" r22="0.99423575" r23="0.074179" r24="0" r31="0.28887585" r32="-0.048842926" r33="0.9561198" r34="0" r41="2317.6843" r42="390.23224" r43="-865.97156" r44="1"></containerEntry>
          <containerEntry r11="0.9542316" r12="0.09544417" r13="-0.28342965" r14="0" r21="-0.077412516" r22="0.99423575" r23="0.074179" r24="0" r31="0.28887585" r32="-0.048842926" r33="0.9561198" r34="0" r41="2365.6252" r42="387.58185" r43="-874.0191" r44="1"></containerEntry>
          <containerEntry r11="0.010576028" r12="-0.3874137" r13="-0.92184454" r14="0" r21="-0.08150762" r22="0.91849506" r23="-0.3869408" r24="0" r31="0.99661595" r32="0.079229444" r33="-0.021863103" r34="0" r41="2312.967" r42="385.714" r43="-881.44403" r44="1"></containerEntry>
