<fox formatVersion="2" fileVersion="0">
  <entities>
    <entity class="DataSet" classVersion="0" classID="0xE8" addr="0x2F04290" id="0xFAD18">
      <staticProperties>
        <property name="name" type="String" container="StaticArray" arraySize="1">
          <containerEntry hash="0xB8A0BF169F98"></containerEntry>
        </property>
        <property name="dataSet" type="EntityHandle" container="StaticArray" arraySize="1">
          <containerEntry>0x0</containerEntry>
        </property>
        <property name="dataList" type="EntityPtr" container="StringMap" arraySize="3">
          <containerEntry key="StaticModelArray0000">
            <data>0x2D78120</data>
          </containerEntry>
          <containerEntry key="StaticModelArray0001">
            <data>0x2D7AC70</data>
          </containerEntry>
          <containerEntry key="TexturePackLoadConditioner0000">
            <data>0x2D7B370</data>
          </containerEntry>
        </property>
      </staticProperties>
      <dynamicProperties></dynamicProperties>
    </entity>
    <entity class="StaticModelArray" classVersion="4" classID="0xD0" addr="0x2D78120" id="0x0">
      <staticProperties>
        <property name="name" type="String" container="StaticArray" arraySize="1">
          <containerEntry>StaticModelArray0000</containerEntry>
        </property>
        <property name="dataSet" type="EntityHandle" container="StaticArray" arraySize="1">
          <containerEntry>0x2F04290</containerEntry>
        </property>
        <property name="modelFile" type="FilePtr" container="StaticArray" arraySize="1">
          <containerEntry>/Assets/tpp/environ/object/middle_africa/clod/mafr_clod001/scenes/mafr_clod001.fmdl</containerEntry>
        </property>
        <property name="geomFile" type="FilePtr" container="StaticArray" arraySize="1">
          <containerEntry>/Assets/tpp/environ/object/middle_africa/clod/mafr_clod001/scenes/mafr_clod001.geom</containerEntry>
        </property>
        <property name="isVisibleGeom" type="Bool" container="StaticArray" arraySize="1">
          <containerEntry>false</containerEntry>
        </property>
        <property name="lodFarSize" type="Float" container="StaticArray" arraySize="1">
          <containerEntry>-1</containerEntry>
        </property>
        <property name="lodNearSize" type="Float" container="StaticArray" arraySize="1">
          <containerEntry>-1</containerEntry>
        </property>
        <property name="lodPolygonSize" type="Float" container="StaticArray" arraySize="1">
          <containerEntry>-1</containerEntry>
        </property>
        <property name="drawRejectionLevel" type="Int32" container="StaticArray" arraySize="1">
          <containerEntry>8</containerEntry>
        </property>
        <property name="drawMode" type="Int32" container="StaticArray" arraySize="1">
          <containerEntry>0</containerEntry>
        </property>
        <property name="rejectFarRangeShadowCast" type="Int32" container="StaticArray" arraySize="1">
          <containerEntry>2</containerEntry>
        </property>
        <property name="parentLocator" type="EntityLink" container="StaticArray" arraySize="1">
          <containerEntry packagePathHash="0xB8A0BF169F98" archivePathHash="0xB8A0BF169F98" nameInArchiveHash="0xB8A0BF169F98">0x0</containerEntry>
        </property>
        <property name="transforms" type="Matrix4" container="DynamicArray" arraySize="20">
          <containerEntry r11="-0.9504116" r12="-0.00226278" r13="-0.3109784" r14="0" r21="-0.0039349035" r22="0.9999809" r23="0.0047496636" r24="0" r31="0.31096172" r32="0.0057378085" r33="-0.95040244" r34="0" r41="2795.39" r42="-8.219751" r43="1793.6558" r44="1"></containerEntry>
          <containerEntry r11="-0.95050514" r12="-0.035838507" r13="0.30863255" r14="0" r21="-0.032921754" r22="0.9993505" r23="0.0146547835" r24="0" r31="-0.30895725" r32="0.0037687211" r33="-0.9510676" r34="0" r41="2788.7852" r42="-8.301991" r43="1793.4321" r44="1"></containerEntry>
          <containerEntry r11="-0.9525133" r12="-0.026933474" r13="-0.30329025" r14="0" r21="-0.032924034" r22="0.9993504" r23="0.014654912" r24="0" r31="0.30269855" r32="0.023944596" r33="-0.95278126" r34="0" r41="2782.8657" r42="-8.310553" r43="1792.9728" r44="1"></containerEntry>
          <containerEntry r11="-0.9697193" r12="-0.0026552305" r13="-0.24420355" r14="0" r21="-0.003934287" r22="0.999981" r23="0.004750015" r24="0" r31="0.2441863" r32="0.0055669434" r33="-0.96971124" r34="0" r41="2800.641" r42="-8.219751" r43="1796.1292" r44="1"></containerEntry>
          <containerEntry r11="-0.9164019" r12="-0.005505969" r13="0.40021902" r14="0" r21="-0.0039342996" r22="0.999981" r23="0.0047485754" r24="0" r31="-0.40023756" r32="0.002777018" r33="-0.91640615" r34="0" r41="2805.3813" r42="-8.219751" r43="1796.9163" r44="1"></containerEntry>
          <containerEntry r11="-0.7074151" r12="-0.033659738" r13="0.7059895" r14="0" r21="-0.032924697" r22="0.99935037" r23="0.014655022" r24="0" r31="-0.70602417" r32="-0.012877304" r33="-0.7080638" r34="0" r41="2775.6113" r42="-8.310553" r43="1794.1367" r44="1"></containerEntry>
          <containerEntry r11="-0.49762306" r12="-0.02910709" r13="0.8668998" r14="0" r21="-0.032923702" r22="0.9993504" r23="0.014655035" r24="0" r31="-0.8667632" r32="-0.02124888" r33="-0.49825808" r34="0" r41="2771.2126" r42="-8.51804" r43="1798.9478" r44="1"></containerEntry>
          <containerEntry r11="-0.40444335" r12="-0.026730334" r13="0.91416746" r14="0" r21="-0.032923903" r22="0.9993504" r23="0.014654836" r24="0" r31="-0.9139654" r32="-0.024170935" r33="-0.4050607" r34="0" r41="2764.6257" r42="-8.74637" r43="1868.8623" r44="1"></containerEntry>
          <containerEntry r11="0.30597502" r12="-0.0038801886" r13="0.9520288" r14="0" r21="-0.032923445" r22="0.9993504" r23="0.014654313" r24="0" r31="-0.9514672" r32="-0.035827972" r33="0.3056485" r34="0" r41="2762.5051" r42="-8.532743" r43="1847.3851" r44="1"></containerEntry>
          <containerEntry r11="0.4856355" r12="0.0031808042" r13="0.87415326" r14="0" r21="-0.032922775" r22="0.9993505" r23="0.014653804" r24="0" r31="-0.87353885" r32="-0.035896003" r33="0.4854248" r34="0" r41="2760.6343" r42="-8.510619" r43="1841.6735" r44="1"></containerEntry>
          <containerEntry r11="0.4856355" r12="0.0031808042" r13="0.87415326" r14="0" r21="-0.032922775" r22="0.9993505" r23="0.014653804" r24="0" r31="-0.87353885" r32="-0.035896003" r33="0.4854248" r34="0" r41="2725.0125" r42="-8.510619" r43="1817.9513" r44="1"></containerEntry>
          <containerEntry r11="0.7544811" r12="0.015233658" r13="0.65614253" r14="0" r21="-0.032922443" r22="0.9993505" r23="0.014654677" r24="0" r31="-0.6554931" r32="-0.032658532" r33="0.7544926" r34="0" r41="2729.3242" r42="-8.510619" r43="1823.3885" r44="1"></containerEntry>
          <containerEntry r11="-0.04795898" r12="-0.016225802" r13="0.99871427" r14="0" r21="-0.03292285" r22="0.9993504" r23="0.014655055" r24="0" r31="-0.99830335" r32="-0.032177716" r33="-0.048462044" r34="0" r41="2723.473" r42="-8.510619" r43="1810.5981" r44="1"></containerEntry>
          <containerEntry r11="-0.014392806" r12="-0.015134767" r13="0.99977803" r14="0" r21="-0.03292388" r22="0.9993504" r23="0.014654189" r24="0" r31="-0.9993504" r32="-0.03270571" r33="-0.014881775" r34="0" r41="2750.1843" r42="-8.065256" r43="1902.5853" r44="1"></containerEntry>
          <containerEntry r11="-0.049618393" r12="-0.016279083" r13="0.99863213" r14="0" r21="-0.03292297" r22="0.9993505" r23="0.014654855" r24="0" r31="-0.99822205" r32="-0.03215082" r33="-0.05012209" r34="0" r41="2745.7612" r42="-8.065256" r43="1914.1464" r44="1"></containerEntry>
          <containerEntry r11="-0.6358421" r12="-0.03225537" r13="0.7711378" r14="0" r21="-0.03292217" r22="0.9993505" r23="0.014654889" r24="0" r31="-0.77110964" r32="-0.016069338" r33="-0.636491" r34="0" r41="2748.1975" r42="-8.065256" r43="1908.0873" r44="1"></containerEntry>
          <containerEntry r11="-0.66431195" r12="-0.03283604" r13="0.7467257" r14="0" r21="-0.03292448" r22="0.9993504" r23="0.0146538215" r24="0" r31="-0.74672174" r32="-0.0148508465" r33="-0.6649615" r34="0" r41="2752.772" r42="-8.065256" r43="1897.122" r44="1"></containerEntry>
          <containerEntry r11="0.007950534" r12="-0.014398563" r13="0.9998604" r14="0" r21="-0.032924872" r22="0.9993504" r23="0.014652869" r24="0" r31="-0.99942183" r32="-0.03303684" r33="0.0074713156" r34="0" r41="2759.8408" r42="-8.065256" r43="1885.7418" r44="1"></containerEntry>
          <containerEntry r11="0.5024081" r12="0.029224176" r13="-0.86413395" r14="0" r21="-0.032922868" r22="0.9993505" r23="0.014655698" r24="0" r31="0.8640009" r32="0.021086717" r33="0.50304395" r34="0" r41="2767.4766" r42="-8.51804" r43="1795.3696" r44="1"></containerEntry>
          <containerEntry r11="-0.9999892" r12="-0.0039457795" r13="0.0024386372" r14="0" r21="-0.003934174" r22="0.999981" r23="0.0047487984" r24="0" r31="-0.0024573284" r32="0.004739144" r33="-0.9999857" r34="0" r41="2810.9712" r42="-8.219751" r43="1795.3564" r44="1"></containerEntry>
        </property>
        <property name="colors" type="UInt32" container="DynamicArray" arraySize="20">
          <containerEntry>4294967295</containerEntry>
          <containerEntry>4294967295</containerEntry>
          <containerEntry>4294967295</containerEntry>
          <containerEntry>4294967295</containerEntry>
          <containerEntry>4294967295</containerEntry>
          <containerEntry>4294967295</containerEntry>
          <containerEntry>4294967295</containerEntry>
          <containerEntry>4294967295</containerEntry>
          <containerEntry>4294967295</containerEntry>
          <containerEntry>4294967295</containerEntry>
          <containerEntry>4294967295</containerEntry>
          <containerEntry>4294967295</containerEntry>
          <containerEntry>4294967295</containerEntry>
          <containerEntry>4294967295</containerEntry>
          <containerEntry>4294967295</containerEntry>
          <containerEntry>4294967295</containerEntry>
          <containerEntry>4294967295</containerEntry>
          <containerEntry>4294967295</containerEntry>
          <containerEntry>4294967295</containerEntry>
          <containerEntry>4294967295</containerEntry>
        </property>
      </staticProperties>
      <dynamicProperties></dynamicProperties>
    </entity>
    <entity class="StaticModelArray" classVersion="4" classID="0xD0" addr="0x2D7AC70" id="0x0">
      <staticProperties>
        <property name="name" type="String" container="StaticArray" arraySize="1">
          <containerEntry>StaticModelArray0001</containerEntry>
        </property>
        <property name="dataSet" type="EntityHandle" container="StaticArray" arraySize="1">
          <containerEntry>0x2F04290</containerEntry>
        </property>
        <property name="modelFile" type="FilePtr" container="StaticArray" arraySize="1">
          <containerEntry>/Assets/tpp/environ/object/middle_africa/house/mafr_hous004/scenes/mafr_hous004_vrtn001.fmdl</containerEntry>
        </property>
        <property name="geomFile" type="FilePtr" container="StaticArray" arraySize="1">
          <containerEntry>/Assets/tpp/environ/object/middle_africa/house/mafr_hous004/scenes/mafr_hous004_vrtn001.geom</containerEntry>
        </property>
        <property name="isVisibleGeom" type="Bool" container="StaticArray" arraySize="1">
          <containerEntry>false</containerEntry>
        </property>
        <property name="lodFarSize" type="Float" container="StaticArray" arraySize="1">
          <containerEntry>-1</containerEntry>
        </property>
        <property name="lodNearSize" type="Float" container="StaticArray" arraySize="1">
          <containerEntry>-1</containerEntry>
        </property>
        <property name="lodPolygonSize" type="Float" container="StaticArray" arraySize="1">
          <containerEntry>-1</containerEntry>
        </property>
        <property name="drawRejectionLevel" type="Int32" container="StaticArray" arraySize="1">
          <containerEntry>8</containerEntry>
        </property>
        <property name="drawMode" type="Int32" container="StaticArray" arraySize="1">
          <containerEntry>0</containerEntry>
        </property>
        <property name="rejectFarRangeShadowCast" type="Int32" container="StaticArray" arraySize="1">
          <containerEntry>2</containerEntry>
        </property>
        <property name="parentLocator" type="EntityLink" container="StaticArray" arraySize="1">
          <containerEntry packagePathHash="0xB8A0BF169F98" archivePathHash="0xB8A0BF169F98" nameInArchiveHash="0xB8A0BF169F98">0x0</containerEntry>
        </property>
        <property name="transforms" type="Matrix4" container="DynamicArray" arraySize="2">
          <containerEntry r11="-1" r12="0" r13="0" r14="0" r21="0" r22="1" r23="0" r24="0" r31="0" r32="0" r33="-1" r34="0" r41="2741.5425" r42="-6.088568" r43="1815.0795" r44="1"></containerEntry>
          <containerEntry r11="-1" r12="0" r13="0" r14="0" r21="0" r22="1" r23="0" r24="0" r31="0" r32="0" r33="-1" r34="0" r41="2747.5752" r42="-6.088568" r43="1815.0795" r44="1"></containerEntry>
        </property>
        <property name="colors" type="UInt32" container="DynamicArray" arraySize="2">
          <containerEntry>4294967295</containerEntry>
          <containerEntry>4294967295</containerEntry>
        </property>
      </staticProperties>
      <dynamicProperties></dynamicProperties>
    </entity>
    <entity class="TexturePackLoadConditioner" classVersion="0" classID="0x48" addr="0x2D7B370" id="0x0">
      <staticProperties>
        <property name="name" type="String" container="StaticArray" arraySize="1">
          <containerEntry>TexturePackLoadConditioner0000</containerEntry>
        </property>
        <property name="dataSet" type="EntityHandle" container="StaticArray" arraySize="1">
          <containerEntry>0x2F04290</containerEntry>
        </property>
        <property name="texturePackPath" type="Path" container="StaticArray" arraySize="1">
          <containerEntry hash="0xB8A0BF169F98"></containerEntry>
        </property>
      </staticProperties>
      <dynamicProperties></dynamicProperties>
    </entity>
  </entities>
</fox>