<fox formatVersion="2" fileVersion="0">
  <entities>
    <entity class="DataSet" classVersion="0" classID="0xE8" addr="0x32F4300" id="0x1F84C09">
      <staticProperties>
        <property name="name" type="String" container="StaticArray" arraySize="1">
          <containerEntry hash="0xB8A0BF169F98"></containerEntry>
        </property>
        <property name="dataSet" type="EntityHandle" container="StaticArray" arraySize="1">
          <containerEntry>0x0</containerEntry>
        </property>
        <property name="dataList" type="EntityPtr" container="StringMap" arraySize="4">
          <containerEntry key="StaticModelArray0000">
            <data>0x317B5A0</data>
          </containerEntry>
          <containerEntry key="StaticModelArray0001">
            <data>0x317B610</data>
          </containerEntry>
          <containerEntry key="StaticModelArray0002">
            <data>0x317B680</data>
          </containerEntry>
          <containerEntry key="TexturePackLoadConditioner0000">
            <data>0x317BC30</data>
          </containerEntry>
        </property>
      </staticProperties>
      <dynamicProperties></dynamicProperties>
    </entity>
    <entity class="StaticModelArray" classVersion="4" classID="0xD0" addr="0x317B5A0" id="0x0">
      <staticProperties>
        <property name="name" type="String" container="StaticArray" arraySize="1">
          <containerEntry>StaticModelArray0000</containerEntry>
        </property>
        <property name="dataSet" type="EntityHandle" container="StaticArray" arraySize="1">
          <containerEntry>0x32F4300</containerEntry>
        </property>
        <property name="modelFile" type="FilePtr" container="StaticArray" arraySize="1">
          <containerEntry>/Assets/tpp/environ/object/middle_africa/cliff/mafr_clff003/scenes/mafr_clff003_vrtn001.fmdl</containerEntry>
        </property>
        <property name="geomFile" type="FilePtr" container="StaticArray" arraySize="1">
          <containerEntry>/Assets/tpp/environ/object/middle_africa/cliff/mafr_clff003/scenes/mafr_clff003_vrtn001.geom</containerEntry>
        </property>
        <property name="isVisibleGeom" type="Bool" container="StaticArray" arraySize="1">
          <containerEntry>false</containerEntry>
        </property>
        <property name="lodFarSize" type="Float" container="StaticArray" arraySize="1">
          <containerEntry>-1</containerEntry>
        </property>
        <property name="lodNearSize" type="Float" container="StaticArray" arraySize="1">
          <containerEntry>-1</containerEntry>
        </property>
        <property name="lodPolygonSize" type="Float" container="StaticArray" arraySize="1">
          <containerEntry>-1</containerEntry>
        </property>
        <property name="drawRejectionLevel" type="Int32" container="StaticArray" arraySize="1">
          <containerEntry>8</containerEntry>
        </property>
        <property name="drawMode" type="Int32" container="StaticArray" arraySize="1">
          <containerEntry>0</containerEntry>
        </property>
        <property name="rejectFarRangeShadowCast" type="Int32" container="StaticArray" arraySize="1">
          <containerEntry>2</containerEntry>
        </property>
        <property name="parentLocator" type="EntityLink" container="StaticArray" arraySize="1">
          <containerEntry packagePathHash="0xB8A0BF169F98" archivePathHash="0xB8A0BF169F98" nameInArchiveHash="0xB8A0BF169F98">0x0</containerEntry>
        </property>
        <property name="transforms" type="Matrix4" container="DynamicArray" arraySize="4">
          <containerEntry r11="-0.24972053" r12="-0.14445987" r13="0.95748043" r14="0" r21="0.74703723" r22="0.6003926" r23="0.2854191" r24="0" r31="-0.6160958" r32="0.7865487" r33="-0.042013366" r34="0" r41="321.4281" r42="-8.872452" r43="-159.7399" r44="1"></containerEntry>
          <containerEntry r11="0.37336725" r12="-0.087375075" r13="-0.9235594" r14="0" r21="-0.7297822" r22="0.5869616" r23="-0.35055923" r24="0" r31="0.5727246" r32="0.8048855" r33="0.1553877" r34="0" r41="314.09732" r42="-8.825998" r43="-162.39754" r44="1"></containerEntry>
          <containerEntry r11="0.5684069" r12="-0.08737564" r13="0.81809485" r14="0" r21="0.69291437" r22="0.586962" r23="-0.41874266" r24="0" r31="-0.44360277" r32="0.80488586" r33="0.39417702" r34="0" r41="336.54193" r42="-8.825993" r43="-155.24081" r44="1"></containerEntry>
          <containerEntry r11="-0.6644902" r12="-0.14446047" r13="-0.73319966" r14="0" r21="-0.64785045" r22="0.6003927" r23="0.46884748" r24="0" r31="0.37247694" r32="0.7865496" r33="-0.49254298" r34="0" r41="330.30432" r42="-8.87245" r43="-150.56155" r44="1"></containerEntry>
        </property>
        <property name="colors" type="UInt32" container="DynamicArray" arraySize="4">
          <containerEntry>4294967295</containerEntry>
          <containerEntry>4294967295</containerEntry>
          <containerEntry>4294967295</containerEntry>
          <containerEntry>4294967295</containerEntry>
        </property>
      </staticProperties>
      <dynamicProperties></dynamicProperties>
    </entity>
    <entity class="StaticModelArray" classVersion="4" classID="0xD0" addr="0x317B610" id="0x0">
      <staticProperties>
        <property name="name" type="String" container="StaticArray" arraySize="1">
          <containerEntry>StaticModelArray0001</containerEntry>
        </property>
        <property name="dataSet" type="EntityHandle" container="StaticArray" arraySize="1">
          <containerEntry>0x32F4300</containerEntry>
        </property>
        <property name="modelFile" type="FilePtr" container="StaticArray" arraySize="1">
          <containerEntry>/Assets/tpp/environ/object/middle_africa/rock/mafr_rock001/scenes/mafr_rock001_vrtn003.fmdl</containerEntry>
        </property>
        <property name="geomFile" type="FilePtr" container="StaticArray" arraySize="1">
          <containerEntry>/Assets/tpp/environ/object/middle_africa/rock/mafr_rock001/scenes/mafr_rock001_vrtn003.geom</containerEntry>
        </property>
        <property name="isVisibleGeom" type="Bool" container="StaticArray" arraySize="1">
          <containerEntry>false</containerEntry>
        </property>
        <property name="lodFarSize" type="Float" container="StaticArray" arraySize="1">
          <containerEntry>-1</containerEntry>
        </property>
        <property name="lodNearSize" type="Float" container="StaticArray" arraySize="1">
          <containerEntry>-1</containerEntry>
        </property>
        <property name="lodPolygonSize" type="Float" container="StaticArray" arraySize="1">
          <containerEntry>-1</containerEntry>
        </property>
        <property name="drawRejectionLevel" type="Int32" container="StaticArray" arraySize="1">
          <containerEntry>7</containerEntry>
        </property>
        <property name="drawMode" type="Int32" container="StaticArray" arraySize="1">
          <containerEntry>0</containerEntry>
        </property>
        <property name="rejectFarRangeShadowCast" type="Int32" container="StaticArray" arraySize="1">
          <containerEntry>2</containerEntry>
        </property>
        <property name="parentLocator" type="EntityLink" container="StaticArray" arraySize="1">
          <containerEntry packagePathHash="0xB8A0BF169F98" archivePathHash="0xB8A0BF169F98" nameInArchiveHash="0xB8A0BF169F98">0x0</containerEntry>
        </property>
        <property name="transforms" type="Matrix4" container="DynamicArray" arraySize="10">
          <containerEntry r11="0.07427737" r12="0.020391226" r13="0.9970298" r14="0" r21="0.13915947" r22="0.98979676" r23="-0.030610438" r24="0" r31="-0.9874821" r32="0.14101999" r33="0.07068195" r34="0" r41="332.56848" r42="-4.902638" r43="-153.48613" r44="1"></containerEntry>
          <containerEntry r11="0.86240077" r12="-0.10122734" r13="0.4960037" r14="0" r21="0.060089804" r22="0.993346" r23="0.09824977" r24="0" r31="-0.50264883" r32="-0.05492589" r33="0.86274505" r34="0" r41="336.92694" r42="-5.718713" r43="-157.08731" r44="1"></containerEntry>
          <containerEntry r11="-0.6244061" r12="0.050120354" r13="-0.7794886" r14="0" r21="0.14779758" r22="0.98749286" r23="-0.05489785" r24="0" r31="0.76698786" r32="-0.14948511" r33="-0.6240042" r34="0" r41="325.33374" r42="-5.34077" r43="-166.39479" r44="1"></containerEntry>
          <containerEntry r11="-0.9784315" r12="-0.031768687" r13="0.2041024" r14="0" r21="-0.018048404" r22="0.99747163" r23="0.06873622" r24="0" r31="-0.20577002" r32="0.06356998" r33="-0.976531" r34="0" r41="326.3061" r42="-5.434797" r43="-151.9039" r44="1"></containerEntry>
          <containerEntry r11="0.9084765" r12="-0.045591753" r13="0.4154419" r14="0" r21="-0.04810391" r22="0.9760191" r23="0.21230346" r24="0" r31="-0.41515854" r32="-0.21285707" r33="0.8844972" r34="0" r41="327.52332" r42="-6.265685" r43="-144.24785" r44="1"></containerEntry>
          <containerEntry r11="0.53363985" r12="0.20643455" r13="-0.82013017" r14="0" r21="0.21243447" r22="0.905939" r23="0.3662598" r24="0" r31="0.81859654" r32="-0.36967474" r33="0.43959135" r34="0" r41="335.22552" r42="-6.792263" r43="-143.63463" r44="1"></containerEntry>
          <containerEntry r11="-0.84383506" r12="0.15655032" r13="0.5132518" r14="0" r21="-0.016134068" r22="0.9486609" r23="-0.3158831" r24="0" r31="-0.5363535" r32="-0.27483454" r33="-0.79798746" r34="0" r41="318.72858" r42="-5.340769" r43="-170.43806" r44="1"></containerEntry>
          <containerEntry r11="0.96515477" r12="-0.070299946" r13="0.25204802" r14="0" r21="0.056509357" r22="0.99650294" r23="0.06155103" r24="0" r31="-0.2554936" r32="-0.045163188" r33="0.9657522" r34="0" r41="322.9804" r42="-5.340764" r43="-158.96193" r44="1"></containerEntry>
          <containerEntry r11="-0.54751486" r12="0" r13="-0.8367959" r14="0" r21="0" r22="1" r23="0" r24="0" r31="0.83679676" r32="0" r33="-0.5475154" r34="0" r41="311.16098" r42="-5.493841" r43="-159.13625" r44="1"></containerEntry>
          <containerEntry r11="0.3829152" r12="0.12267704" r13="-0.9155995" r14="0" r21="-0.12866212" r22="0.9885651" r23="0.078645274" r24="0" r31="0.9147777" r32="0.08768903" r33="0.39432055" r34="0" r41="316.6818" r42="-4.591292" r43="-160.29256" r44="1"></containerEntry>
        </property>
        <property name="colors" type="UInt32" container="DynamicArray" arraySize="10">
          <containerEntry>4294967295</containerEntry>
          <containerEntry>4294967295</containerEntry>
          <containerEntry>4294967295</containerEntry>
          <containerEntry>4294967295</containerEntry>
          <containerEntry>4294967295</containerEntry>
          <containerEntry>4294967295</containerEntry>
          <containerEntry>4294967295</containerEntry>
          <containerEntry>4294967295</containerEntry>
          <containerEntry>4294967295</containerEntry>
          <containerEntry>4294967295</containerEntry>
        </property>
      </staticProperties>
      <dynamicProperties></dynamicProperties>
    </entity>
    <entity class="StaticModelArray" classVersion="4" classID="0xD0" addr="0x317B680" id="0x0">
      <staticProperties>
        <property name="name" type="String" container="StaticArray" arraySize="1">
          <containerEntry>StaticModelArray0002</containerEntry>
        </property>
        <property name="dataSet" type="EntityHandle" container="StaticArray" arraySize="1">
          <containerEntry>0x32F4300</containerEntry>
        </property>
        <property name="modelFile" type="FilePtr" container="StaticArray" arraySize="1">
          <containerEntry>/Assets/tpp/environ/object/middle_africa/clod/mafr_clod005/scenes/mafr_clod005.fmdl</containerEntry>
        </property>
        <property name="geomFile" type="FilePtr" container="StaticArray" arraySize="1">
          <containerEntry>/Assets/tpp/environ/object/middle_africa/clod/mafr_clod005/scenes/mafr_clod005.geom</containerEntry>
        </property>
        <property name="isVisibleGeom" type="Bool" container="StaticArray" arraySize="1">
          <containerEntry>false</containerEntry>
        </property>
        <property name="lodFarSize" type="Float" container="StaticArray" arraySize="1">
          <containerEntry>-1</containerEntry>
        </property>
        <property name="lodNearSize" type="Float" container="StaticArray" arraySize="1">
          <containerEntry>-1</containerEntry>
        </property>
        <property name="lodPolygonSize" type="Float" container="StaticArray" arraySize="1">
          <containerEntry>-1</containerEntry>
        </property>
        <property name="drawRejectionLevel" type="Int32" container="StaticArray" arraySize="1">
          <containerEntry>8</containerEntry>
        </property>
        <property name="drawMode" type="Int32" container="StaticArray" arraySize="1">
          <containerEntry>0</containerEntry>
        </property>
        <property name="rejectFarRangeShadowCast" type="Int32" container="StaticArray" arraySize="1">
          <containerEntry>2</containerEntry>
        </property>
        <property name="parentLocator" type="EntityLink" container="StaticArray" arraySize="1">
          <containerEntry packagePathHash="0xB8A0BF169F98" archivePathHash="0xB8A0BF169F98" nameInArchiveHash="0xB8A0BF169F98">0x0</containerEntry>
        </property>
        <property name="transforms" type="Matrix4" container="DynamicArray" arraySize="3">
          <containerEntry r11="-0.62368476" r12="0" r13="-0.7816753" r14="0" r21="0" r22="1" r23="0" r24="0" r31="0.7816753" r32="0" r33="-0.62368476" r34="0" r41="293.2533" r42="-5.08273" r43="-152.94434" r44="1"></containerEntry>
          <containerEntry r11="-0.46298385" r12="0" r13="-0.88636553" r14="0" r21="0" r22="1" r23="0" r24="0" r31="0.88636553" r32="0" r33="-0.46298385" r34="0" r41="365.74866" r42="-0.824783" r43="-223.7251" r44="1"></containerEntry>
          <containerEntry r11="1" r12="0" r13="0" r14="0" r21="0" r22="1" r23="0" r24="0" r31="0" r32="0" r33="1" r34="0" r41="332.4358" r42="-2.472029" r43="-221.39046" r44="1"></containerEntry>
        </property>
        <property name="colors" type="UInt32" container="DynamicArray" arraySize="3">
          <containerEntry>4294967295</containerEntry>
          <containerEntry>4294967295</containerEntry>
          <containerEntry>4294967295</containerEntry>
        </property>
      </staticProperties>
      <dynamicProperties></dynamicProperties>
    </entity>
    <entity class="TexturePackLoadConditioner" classVersion="0" classID="0x48" addr="0x317BC30" id="0x0">
      <staticProperties>
        <property name="name" type="String" container="StaticArray" arraySize="1">
          <containerEntry>TexturePackLoadConditioner0000</containerEntry>
        </property>
        <property name="dataSet" type="EntityHandle" container="StaticArray" arraySize="1">
          <containerEntry>0x32F4300</containerEntry>
        </property>
        <property name="texturePackPath" type="Path" container="StaticArray" arraySize="1">
          <containerEntry hash="0xB8A0BF169F98"></containerEntry>
        </property>
      </staticProperties>
      <dynamicProperties></dynamicProperties>
    </entity>
  </entities>
</fox>