<fox formatVersion="2" fileVersion="0">
  <entities>
    <entity class="DataSet" classVersion="0" classID="0xE8" addr="0x2F854F0" id="0x12FACC2">
      <staticProperties>
        <property name="name" type="String" container="StaticArray" arraySize="1">
          <containerEntry hash="0xB8A0BF169F98"></containerEntry>
        </property>
        <property name="dataSet" type="EntityHandle" container="StaticArray" arraySize="1">
          <containerEntry>0x0</containerEntry>
        </property>
        <property name="dataList" type="EntityPtr" container="StringMap" arraySize="19">
          <containerEntry key="mafr_clff015_grnd002_0000">
            <data>0x2F875C0</data>
          </containerEntry>
          <containerEntry key="mafr_clod005_0009">
            <data>0x2D7A420</data>
          </containerEntry>
          <containerEntry key="TppGimmickElectricCableLinkSetData0001">
            <data>0x2D7AFF0</data>
          </containerEntry>
          <containerEntry key="TppGimmickElectricCableLinkSetData0002">
            <data>0x2D7B3E0</data>
          </containerEntry>
          <containerEntry key="cm_mafr_dc_grnd004_">
            <data>0x2D7B610</data>
          </containerEntry>
          <containerEntry key="TppGimmickElectricCableLinkSetData0000">
            <data>0x2D7BAE0</data>
          </containerEntry>
          <containerEntry key="cypr_utpl001_vrtn001_gim_i0000|TppSharedGimmickData_cypr_utpl001_vrtn001">
            <data>0x2D7C6B0</data>
          </containerEntry>
          <containerEntry key="cypr_cabl002_vrtn001_gim_i0000|TppSharedGimmick_cypr_cabl002_vrtn001">
            <data>0x2D7CBF0</data>
          </containerEntry>
          <containerEntry key="StaticModelArray0000">
            <data>0x2F810B0</data>
          </containerEntry>
          <containerEntry key="StaticModelArray0001">
            <data>0x2D7E010</data>
          </containerEntry>
          <containerEntry key="StaticModelArray0002">
            <data>0x2F81270</data>
          </containerEntry>
          <containerEntry key="StaticModelArray0003">
            <data>0x2F80E10</data>
          </containerEntry>
          <containerEntry key="StaticModelArray0004">
            <data>0x2F80B70</data>
          </containerEntry>
          <containerEntry key="StaticModelArray0005">
            <data>0x2F80A90</data>
          </containerEntry>
          <containerEntry key="StaticModelArray0006">
            <data>0x2F80B00</data>
          </containerEntry>
          <containerEntry key="StaticModelArray0007">
            <data>0x2F80C50</data>
          </containerEntry>
          <containerEntry key="StaticModelArray0008">
            <data>0x2F80DA0</data>
          </containerEntry>
          <containerEntry key="DecalArray0000">
            <data>0x2F81190</data>
          </containerEntry>
          <containerEntry key="TexturePackLoadConditioner0000">
            <data>0x2F81BA0</data>
          </containerEntry>
        </property>
      </staticProperties>
      <dynamicProperties></dynamicProperties>
    </entity>
    <entity class="StaticModel" classVersion="9" classID="0x160" addr="0x2F875C0" id="0x12FACE9">
      <staticProperties>
        <property name="name" type="String" container="StaticArray" arraySize="1">
          <containerEntry>mafr_clff015_grnd002_0000</containerEntry>
        </property>
        <property name="dataSet" type="EntityHandle" container="StaticArray" arraySize="1">
          <containerEntry>0x2F854F0</containerEntry>
        </property>
        <property name="parent" type="EntityHandle" container="StaticArray" arraySize="1">
          <containerEntry>0x0</containerEntry>
        </property>
        <property name="transform" type="EntityPtr" container="StaticArray" arraySize="1">
          <containerEntry>0x2F87550</containerEntry>
        </property>
        <property name="shearTransform" type="EntityPtr" container="StaticArray" arraySize="1">
          <containerEntry>0x0</containerEntry>
        </property>
        <property name="pivotTransform" type="EntityPtr" container="StaticArray" arraySize="1">
          <containerEntry>0x0</containerEntry>
        </property>
        <property name="children" type="EntityHandle" container="List"></property>
        <property name="flags" type="UInt32" container="StaticArray" arraySize="1">
          <containerEntry>3221225479</containerEntry>
        </property>
        <property name="modelFile" type="FilePtr" container="StaticArray" arraySize="1">
          <containerEntry>/Assets/tpp/environ/object/middle_africa/cliff/mafr_clff015/scenes/mafr_clff015_grnd002.fmdl</containerEntry>
        </property>
        <property name="geomFile" type="FilePtr" container="StaticArray" arraySize="1">
          <containerEntry>/Assets/tpp/environ/object/middle_africa/cliff/mafr_clff015/scenes/mafr_clff015_grnd002.geom</containerEntry>
        </property>
        <property name="isVisibleGeom" type="Bool" container="StaticArray" arraySize="1">
          <containerEntry>false</containerEntry>
        </property>
        <property name="isIsolated" type="Bool" container="StaticArray" arraySize="1">
          <containerEntry>false</containerEntry>
        </property>
        <property name="lodFarSize" type="Float" container="StaticArray" arraySize="1">
          <containerEntry>-1</containerEntry>
        </property>
        <property name="lodNearSize" type="Float" container="StaticArray" arraySize="1">
          <containerEntry>-1</containerEntry>
        </property>
        <property name="lodPolygonSize" type="Float" container="StaticArray" arraySize="1">
          <containerEntry>-1</containerEntry>
        </property>
        <property name="color" type="Color" container="StaticArray" arraySize="1">
          <containerEntry r="1" g="1" b="1" a="1"></containerEntry>
        </property>
        <property name="drawRejectionLevel" type="Int32" container="StaticArray" arraySize="1">
          <containerEntry>8</containerEntry>
        </property>
        <property name="drawMode" type="Int32" container="StaticArray" arraySize="1">
          <containerEntry>0</containerEntry>
        </property>
        <property name="rejectFarRangeShadowCast" type="Int32" container="StaticArray" arraySize="1">
          <containerEntry>2</containerEntry>
        </property>
      </staticProperties>
      <dynamicProperties></dynamicProperties>
    </entity>
    <entity class="TransformEntity" classVersion="0" classID="0x50" addr="0x2F87550" id="0x12FACEC">
      <staticProperties>
        <property name="owner" type="EntityHandle" container="StaticArray" arraySize="1">
          <containerEntry>0x2F875C0</containerEntry>
        </property>
        <property name="transform_scale" type="Vector3" container="StaticArray" arraySize="1">
          <containerEntry x="1" y="1" z="1" w="0"></containerEntry>
        </property>
        <property name="transform_rotation_quat" type="Quat" container="StaticArray" arraySize="1">
          <containerEntry x="0" y="0.085921" z="0" w="0.996302"></containerEntry>
        </property>
        <property name="transform_translation" type="Vector3" container="StaticArray" arraySize="1">
          <containerEntry x="636.908" y="35.79154" z="-906.5341" w="0"></containerEntry>
        </property>
      </staticProperties>
      <dynamicProperties></dynamicProperties>
    </entity>
    <entity class="StaticModel" classVersion="9" classID="0x160" addr="0x2D7A420" id="0x12FAFBD">
      <staticProperties>
        <property name="name" type="String" container="StaticArray" arraySize="1">
          <containerEntry>mafr_clod005_0009</containerEntry>
        </property>
        <property name="dataSet" type="EntityHandle" container="StaticArray" arraySize="1">
          <containerEntry>0x2F854F0</containerEntry>
        </property>
        <property name="parent" type="EntityHandle" container="StaticArray" arraySize="1">
          <containerEntry>0x0</containerEntry>
        </property>
        <property name="transform" type="EntityPtr" container="StaticArray" arraySize="1">
          <containerEntry>0x2D7A490</containerEntry>
        </property>
        <property name="shearTransform" type="EntityPtr" container="StaticArray" arraySize="1">
          <containerEntry>0x0</containerEntry>
        </property>
        <property name="pivotTransform" type="EntityPtr" container="StaticArray" arraySize="1">
          <containerEntry>0x0</containerEntry>
        </property>
        <property name="children" type="EntityHandle" container="List"></property>
        <property name="flags" type="UInt32" container="StaticArray" arraySize="1">
          <containerEntry>7</containerEntry>
        </property>
        <property name="modelFile" type="FilePtr" container="StaticArray" arraySize="1">
          <containerEntry>/Assets/tpp/environ/object/middle_africa/clod/mafr_clod005/scenes/mafr_clod005.fmdl</containerEntry>
        </property>
        <property name="geomFile" type="FilePtr" container="StaticArray" arraySize="1">
          <containerEntry>/Assets/tpp/environ/object/middle_africa/clod/mafr_clod005/scenes/mafr_clod005.geom</containerEntry>
        </property>
        <property name="isVisibleGeom" type="Bool" container="StaticArray" arraySize="1">
          <containerEntry>false</containerEntry>
        </property>
        <property name="isIsolated" type="Bool" container="StaticArray" arraySize="1">
          <containerEntry>false</containerEntry>
        </property>
        <property name="lodFarSize" type="Float" container="StaticArray" arraySize="1">
          <containerEntry>-1</containerEntry>
        </property>
        <property name="lodNearSize" type="Float" container="StaticArray" arraySize="1">
          <containerEntry>-1</containerEntry>
        </property>
        <property name="lodPolygonSize" type="Float" container="StaticArray" arraySize="1">
          <containerEntry>-1</containerEntry>
        </property>
        <property name="color" type="Color" container="StaticArray" arraySize="1">
          <containerEntry r="1" g="1" b="1" a="1"></containerEntry>
        </property>
        <property name="drawRejectionLevel" type="Int32" container="StaticArray" arraySize="1">
          <containerEntry>8</containerEntry>
        </property>
        <property name="drawMode" type="Int32" container="StaticArray" arraySize="1">
          <containerEntry>0</containerEntry>
        </property>
        <property name="rejectFarRangeShadowCast" type="Int32" container="StaticArray" arraySize="1">
          <containerEntry>2</containerEntry>
        </property>
      </staticProperties>
      <dynamicProperties></dynamicProperties>
    </entity>
    <entity class="TransformEntity" classVersion="0" classID="0x50" addr="0x2D7A490" id="0x12FAFC0">
      <staticProperties>
        <property name="owner" type="EntityHandle" container="StaticArray" arraySize="1">
          <containerEntry>0x2D7A420</containerEntry>
        </property>
        <property name="transform_scale" type="Vector3" container="StaticArray" arraySize="1">
          <containerEntry x="1" y="1" z="1" w="0"></containerEntry>
        </property>
        <property name="transform_rotation_quat" type="Quat" container="StaticArray" arraySize="1">
          <containerEntry x="0.156231" y="-0" z="0.098728" w="0.982774"></containerEntry>
        </property>
        <property name="transform_translation" type="Vector3" container="StaticArray" arraySize="1">
          <containerEntry x="581.2506" y="64.116455" z="-992.9571" w="0"></containerEntry>
        </property>
      </staticProperties>
      <dynamicProperties></dynamicProperties>
    </entity>
    <entity class="TppGimmickElectricCableLinkSetData" classVersion="0" classID="0xB0" addr="0x2D7AFF0" id="0x12FAFF5">
      <staticProperties>
        <property name="name" type="String" container="StaticArray" arraySize="1">
          <containerEntry>TppGimmickElectricCableLinkSetData0001</containerEntry>
        </property>
        <property name="dataSet" type="EntityHandle" container="StaticArray" arraySize="1">
          <containerEntry>0x2F854F0</containerEntry>
        </property>
        <property name="electricCableData" type="EntityLink" container="StaticArray" arraySize="1">
          <containerEntry packagePath="/Assets/tpp/pack/location/mafr/pack_small/138/mafr_138_124.fpk" archivePath="/Assets/tpp/level/location/mafr/block_small/138/138_124/mafr_138_124_asset.fox2" nameInArchive="cypr_cabl002_vrtn001_gim_i0000|TppSharedGimmick_cypr_cabl002_vrtn001">0x0</containerEntry>
        </property>
        <property name="poleData" type="EntityLink" container="StaticArray" arraySize="1">
          <containerEntry packagePathHash="0xB8A0BF169F98" archivePath="/Assets/tpp/level/location/mafr/block_small/137/137_125/mafr_137_125_asset.fox2" nameInArchive="cypr_utpl001_vrtn001_gim_i0000|TppSharedGimmickData_cypr_utpl001_vrtn001">0x0</containerEntry>
        </property>
        <property name="electricCable" type="String" container="DynamicArray" arraySize="3">
          <containerEntry>cypr_cabl002_vrtn001_gim_n0012|srt_cypr_cabl002_vrtn001</containerEntry>
          <containerEntry>cypr_cabl002_vrtn001_gim_n0013|srt_cypr_cabl002_vrtn001</containerEntry>
          <containerEntry>cypr_cabl002_vrtn001_gim_n0014|srt_cypr_cabl002_vrtn001</containerEntry>
        </property>
        <property name="pole" type="String" container="DynamicArray" arraySize="3">
          <containerEntry>cypr_utpl001_vrtn001_gim_n_0000|srt_cypr_utpl001_vrtn001</containerEntry>
          <containerEntry>cypr_utpl001_vrtn001_gim_n_0000|srt_cypr_utpl001_vrtn001</containerEntry>
          <containerEntry>cypr_utpl001_vrtn001_gim_n_0000|srt_cypr_utpl001_vrtn001</containerEntry>
        </property>
        <property name="cnpIndex" type="UInt8" container="DynamicArray" arraySize="3">
          <containerEntry>0</containerEntry>
          <containerEntry>1</containerEntry>
          <containerEntry>2</containerEntry>
        </property>
      </staticProperties>
      <dynamicProperties></dynamicProperties>
    </entity>
    <entity class="TppGimmickElectricCableLinkSetData" classVersion="0" classID="0xB0" addr="0x2D7B3E0" id="0x12FB006">
      <staticProperties>
        <property name="name" type="String" container="StaticArray" arraySize="1">
          <containerEntry>TppGimmickElectricCableLinkSetData0002</containerEntry>
        </property>
        <property name="dataSet" type="EntityHandle" container="StaticArray" arraySize="1">
          <containerEntry>0x2F854F0</containerEntry>
        </property>
        <property name="electricCableData" type="EntityLink" container="StaticArray" arraySize="1">
          <containerEntry packagePath="/Assets/tpp/pack/location/mafr/pack_small/137/mafr_137_126.fpk" archivePath="/Assets/tpp/level/location/mafr/block_small/137/137_126/mafr_137_126_asset.fox2" nameInArchive="cypr_cabl002_vrtn001_gim_i0000|TppSharedGimmick_cypr_cabl002_vrtn001">0x0</containerEntry>
        </property>
        <property name="poleData" type="EntityLink" container="StaticArray" arraySize="1">
          <containerEntry packagePathHash="0xB8A0BF169F98" archivePath="/Assets/tpp/level/location/mafr/block_small/137/137_125/mafr_137_125_asset.fox2" nameInArchive="cypr_utpl001_vrtn001_gim_i0000|TppSharedGimmickData_cypr_utpl001_vrtn001">0x0</containerEntry>
        </property>
        <property name="electricCable" type="String" container="DynamicArray" arraySize="3">
          <containerEntry>cypr_cabl002_vrtn001_gim_n0018|srt_cypr_cabl002_vrtn001</containerEntry>
          <containerEntry>cypr_cabl002_vrtn001_gim_n0019|srt_cypr_cabl002_vrtn001</containerEntry>
          <containerEntry>cypr_cabl002_vrtn001_gim_n0020|srt_cypr_cabl002_vrtn001</containerEntry>
        </property>
        <property name="pole" type="String" container="DynamicArray" arraySize="3">
          <containerEntry>cypr_utpl001_vrtn001_gim_n_0001|srt_cypr_utpl001_vrtn001</containerEntry>
          <containerEntry>cypr_utpl001_vrtn001_gim_n_0001|srt_cypr_utpl001_vrtn001</containerEntry>
          <containerEntry>cypr_utpl001_vrtn001_gim_n_0001|srt_cypr_utpl001_vrtn001</containerEntry>
        </property>
        <property name="cnpIndex" type="UInt8" container="DynamicArray" arraySize="3">
          <containerEntry>0</containerEntry>
          <containerEntry>1</containerEntry>
          <containerEntry>2</containerEntry>
        </property>
      </staticProperties>
      <dynamicProperties></dynamicProperties>
    </entity>
    <entity class="Material" classVersion="6" classID="0xB0" addr="0x2D7B610" id="0x12FB013">
      <staticProperties>
        <property name="name" type="String" container="StaticArray" arraySize="1">
          <containerEntry>cm_mafr_dc_grnd004_</containerEntry>
        </property>
        <property name="dataSet" type="EntityHandle" container="StaticArray" arraySize="1">
          <containerEntry>0x2F854F0</containerEntry>
        </property>
        <property name="materialName" type="String" container="StaticArray" arraySize="1">
          <containerEntry hash="0xB8A0BF169F98"></containerEntry>
        </property>
        <property name="shader" type="Path" container="StaticArray" arraySize="1">
          <containerEntry hash="0xB8A0BF169F98"></containerEntry>
        </property>
        <property name="diffuseTexture" type="Path" container="StaticArray" arraySize="1">
          <containerEntry>/Assets/tpp/common_source/fmtr/decal/middle_africa/cm_mafr_dc_grnd004/sourceimages/cm_mafr_dc_grnd004_bsm_alp.ftex</containerEntry>
        </property>
        <property name="srmTexture" type="Path" container="StaticArray" arraySize="1">
          <containerEntry>/Assets/tpp/common_source/fmtr/decal/middle_africa/cm_mafr_dc_grnd004/sourceimages/cm_mafr_dc_grnd004_srm.ftex</containerEntry>
        </property>
        <property name="normalTexture" type="Path" container="StaticArray" arraySize="1">
          <containerEntry>/Assets/tpp/common_source/fmtr/decal/middle_africa/cm_mafr_dc_grnd004/sourceimages/cm_mafr_dc_grnd004_nrm.ftex</containerEntry>
        </property>
        <property name="materialMapTexture" type="Path" container="StaticArray" arraySize="1">
          <containerEntry hash="0xB8A0BF169F98"></containerEntry>
        </property>
        <property name="materialIndex" type="UInt8" container="StaticArray" arraySize="1">
          <containerEntry>21</containerEntry>
        </property>
        <property name="diffuseColor" type="Color" container="StaticArray" arraySize="1">
          <containerEntry r="1" g="1" b="1" a="1"></containerEntry>
        </property>
        <property name="specularColor" type="Color" container="StaticArray" arraySize="1">
          <containerEntry r="0" g="0" b="0" a="0"></containerEntry>
        </property>
        <property name="fmtrPath" type="Path" container="StaticArray" arraySize="1">
          <containerEntry hash="0xB8A0BF169F98"></containerEntry>
        </property>
        <property name="residentFlag" type="Bool" container="StaticArray" arraySize="1">
          <containerEntry>false</containerEntry>
        </property>
      </staticProperties>
      <dynamicProperties></dynamicProperties>
    </entity>
    <entity class="TppGimmickElectricCableLinkSetData" classVersion="0" classID="0xB0" addr="0x2D7BAE0" id="0x12FB024">
      <staticProperties>
        <property name="name" type="String" container="StaticArray" arraySize="1">
          <containerEntry>TppGimmickElectricCableLinkSetData0000</containerEntry>
        </property>
        <property name="dataSet" type="EntityHandle" container="StaticArray" arraySize="1">
          <containerEntry>0x2F854F0</containerEntry>
        </property>
        <property name="electricCableData" type="EntityLink" container="StaticArray" arraySize="1">
          <containerEntry packagePathHash="0xB8A0BF169F98" archivePath="/Assets/tpp/level/location/mafr/block_small/137/137_125/mafr_137_125_asset.fox2" nameInArchive="cypr_cabl002_vrtn001_gim_i0000|TppSharedGimmick_cypr_cabl002_vrtn001">0x0</containerEntry>
        </property>
        <property name="poleData" type="EntityLink" container="StaticArray" arraySize="1">
          <containerEntry packagePathHash="0xB8A0BF169F98" archivePath="/Assets/tpp/level/location/mafr/block_small/137/137_125/mafr_137_125_asset.fox2" nameInArchive="cypr_utpl001_vrtn001_gim_i0000|TppSharedGimmickData_cypr_utpl001_vrtn001">0x0</containerEntry>
        </property>
        <property name="electricCable" type="String" container="DynamicArray" arraySize="3">
          <containerEntry>cypr_cabl002_vrtn001_gim_n0000|srt_cypr_cabl002_vrtn001</containerEntry>
          <containerEntry>cypr_cabl002_vrtn001_gim_n0001|srt_cypr_cabl002_vrtn001</containerEntry>
          <containerEntry>cypr_cabl002_vrtn001_gim_n0002|srt_cypr_cabl002_vrtn001</containerEntry>
        </property>
        <property name="pole" type="String" container="DynamicArray" arraySize="3">
          <containerEntry>cypr_utpl001_vrtn001_gim_n_0001|srt_cypr_utpl001_vrtn001</containerEntry>
          <containerEntry>cypr_utpl001_vrtn001_gim_n_0001|srt_cypr_utpl001_vrtn001</containerEntry>
          <containerEntry>cypr_utpl001_vrtn001_gim_n_0001|srt_cypr_utpl001_vrtn001</containerEntry>
        </property>
        <property name="cnpIndex" type="UInt8" container="DynamicArray" arraySize="3">
          <containerEntry>0</containerEntry>
          <containerEntry>1</containerEntry>
          <containerEntry>2</containerEntry>
        </property>
      </staticProperties>
      <dynamicProperties></dynamicProperties>
    </entity>
    <entity class="TppSharedGimmickData" classVersion="1" classID="0xF0" addr="0x2D7C6B0" id="0xC619">
      <staticProperties>
        <property name="name" type="String" container="StaticArray" arraySize="1">
          <containerEntry>cypr_utpl001_vrtn001_gim_i0000|TppSharedGimmickData_cypr_utpl001_vrtn001</containerEntry>
        </property>
        <property name="dataSet" type="EntityHandle" container="StaticArray" arraySize="1">
          <containerEntry>0x2F854F0</containerEntry>
        </property>
        <property name="modelFile" type="FilePtr" container="StaticArray" arraySize="1">
          <containerEntry>/Assets/tpp/environ/object/cyprus/utility_pole/cypr_utpl001/scenes/cypr_utpl001_vrtn001.fmdl</containerEntry>
        </property>
        <property name="geomFile" type="FilePtr" container="StaticArray" arraySize="1">
          <containerEntry>/Assets/tpp/environ/object/cyprus/utility_pole/cypr_utpl001/scenes/cypr_utpl001_vrtn001.geom</containerEntry>
        </property>
        <property name="breakedModelFile" type="FilePtr" container="StaticArray" arraySize="1">
          <containerEntry hash="0xB8A0BF169F98"></containerEntry>
        </property>
        <property name="breakedGeomFile" type="FilePtr" container="StaticArray" arraySize="1">
          <containerEntry hash="0xB8A0BF169F98"></containerEntry>
        </property>
        <property name="partsFile" type="FilePtr" container="StaticArray" arraySize="1">
          <containerEntry>/Assets/tpp/parts/environ/object/cyprus/utility_pole/cypr_utpl001/cypr_utpl001_vrtn001.parts</containerEntry>
        </property>
        <property name="numDynamicGimmick" type="UInt32" container="StaticArray" arraySize="1">
          <containerEntry>2</containerEntry>
        </property>
        <property name="locaterFile" type="FilePtr" container="StaticArray" arraySize="1">
          <containerEntry>/Assets/tpp/level/location/mafr/block_small/137/137_125/lba/cypr_utpl001_vrtn001.lba</containerEntry>
        </property>
        <property name="flags1" type="UInt32" container="StaticArray" arraySize="1">
          <containerEntry>284</containerEntry>
        </property>
        <property name="flags2" type="UInt32" container="StaticArray" arraySize="1">
          <containerEntry>0</containerEntry>
        </property>
      </staticProperties>
      <dynamicProperties></dynamicProperties>
    </entity>
    <entity class="TppSharedGimmickData" classVersion="1" classID="0xF0" addr="0x2D7CBF0" id="0xCF4">
      <staticProperties>
        <property name="name" type="String" container="StaticArray" arraySize="1">
          <containerEntry>cypr_cabl002_vrtn001_gim_i0000|TppSharedGimmick_cypr_cabl002_vrtn001</containerEntry>
        </property>
        <property name="dataSet" type="EntityHandle" container="StaticArray" arraySize="1">
          <containerEntry>0x2F854F0</containerEntry>
        </property>
        <property name="modelFile" type="FilePtr" container="StaticArray" arraySize="1">
          <containerEntry>/Assets/tpp/environ/object/cyprus/cable/cypr_cabl002/scenes/cypr_cabl002_vrtn001_fl.fmdl</containerEntry>
        </property>
        <property name="geomFile" type="FilePtr" container="StaticArray" arraySize="1">
          <containerEntry hash="0xB8A0BF169F98"></containerEntry>
        </property>
        <property name="breakedModelFile" type="FilePtr" container="StaticArray" arraySize="1">
          <containerEntry hash="0xB8A0BF169F98"></containerEntry>
        </property>
        <property name="breakedGeomFile" type="FilePtr" container="StaticArray" arraySize="1">
          <containerEntry hash="0xB8A0BF169F98"></containerEntry>
        </property>
        <property name="partsFile" type="FilePtr" container="StaticArray" arraySize="1">
          <containerEntry>/Assets/tpp/parts/environ/object/cyprus/cable/cypr_cabl002/cypr_cabl002_vrtn001.parts</containerEntry>
        </property>
        <property name="numDynamicGimmick" type="UInt32" container="StaticArray" arraySize="1">
          <containerEntry>6</containerEntry>
        </property>
        <property name="locaterFile" type="FilePtr" container="StaticArray" arraySize="1">
          <containerEntry>/Assets/tpp/level/location/mafr/block_small/137/137_125/lba/cypr_cabl002_vrtn001_scl.lba</containerEntry>
        </property>
        <property name="flags1" type="UInt32" container="StaticArray" arraySize="1">
          <containerEntry>274</containerEntry>
        </property>
        <property name="flags2" type="UInt32" container="StaticArray" arraySize="1">
          <containerEntry>0</containerEntry>
        </property>
      </staticProperties>
      <dynamicProperties></dynamicProperties>
    </entity>
    <entity class="StaticModelArray" classVersion="4" classID="0xD0" addr="0x2F810B0" id="0x0">
      <staticProperties>
        <property name="name" type="String" container="StaticArray" arraySize="1">
          <containerEntry>StaticModelArray0000</containerEntry>
        </property>
        <property name="dataSet" type="EntityHandle" container="StaticArray" arraySize="1">
          <containerEntry>0x2F854F0</containerEntry>
        </property>
        <property name="modelFile" type="FilePtr" container="StaticArray" arraySize="1">
          <containerEntry>/Assets/tpp/environ/object/middle_africa/rock/mafr_rock001/scenes/mafr_rock001_vrtn001.fmdl</containerEntry>
        </property>
        <property name="geomFile" type="FilePtr" container="StaticArray" arraySize="1">
          <containerEntry>/Assets/tpp/environ/object/middle_africa/rock/mafr_rock001/scenes/mafr_rock001_vrtn001.geom</containerEntry>
        </property>
        <property name="isVisibleGeom" type="Bool" container="StaticArray" arraySize="1">
          <containerEntry>false</containerEntry>
        </property>
        <property name="lodFarSize" type="Float" container="StaticArray" arraySize="1">
          <containerEntry>-1</containerEntry>
        </property>
        <property name="lodNearSize" type="Float" container="StaticArray" arraySize="1">
          <containerEntry>-1</containerEntry>
        </property>
        <property name="lodPolygonSize" type="Float" container="StaticArray" arraySize="1">
          <containerEntry>-1</containerEntry>
        </property>
        <property name="drawRejectionLevel" type="Int32" container="StaticArray" arraySize="1">
          <containerEntry>8</containerEntry>
        </property>
        <property name="drawMode" type="Int32" container="StaticArray" arraySize="1">
          <containerEntry>0</containerEntry>
        </property>
        <property name="rejectFarRangeShadowCast" type="Int32" container="StaticArray" arraySize="1">
          <containerEntry>2</containerEntry>
        </property>
        <property name="parentLocator" type="EntityLink" container="StaticArray" arraySize="1">
          <containerEntry packagePathHash="0xB8A0BF169F98" archivePathHash="0xB8A0BF169F98" nameInArchiveHash="0xB8A0BF169F98">0x0</containerEntry>
        </property>
        <property name="transforms" type="Matrix4" container="DynamicArray" arraySize="6">
          <containerEntry r11="-0.5971061" r12="-0.4790716" r13="0.23228362" r14="0" r21="-0.146412" r22="0.48332024" r23="0.62045574" r24="0" r31="-0.5118875" r32="0.42058554" r33="-0.4484193" r34="0" r41="553.1297" r42="35.42567" r43="-910.1355" r44="1"></containerEntry>
          <containerEntry r11="-0.7074535" r12="-0.28226158" r13="0.24461487" r14="0" r21="-0.08709912" r22="0.63415647" r23="0.47985324" r24="0" r31="-0.36321038" r32="0.3977107" r33="-0.59152603" r34="0" r41="558.27014" r42="40.54193" r43="-914.4374" r44="1"></containerEntry>
          <containerEntry r11="0.3544462" r12="-0.3343277" r13="0.63450235" r14="0" r21="-0.010073221" r22="0.70536965" r23="0.37729594" r24="0" r31="-0.7171239" r32="-0.17515333" r33="0.3083098" r34="0" r41="562.03455" r42="36.88701" r43="-913.1776" r44="1"></containerEntry>
          <containerEntry r11="0.043499913" r12="-0.04343424" r13="0.7976348" r14="0" r21="0.041120507" r22="0.7978792" r23="0.041205" r24="0" r31="-0.79775745" r32="0.038758412" r33="0.045617152" r34="0" r41="612.3548" r42="36.456287" r43="-899.2181" r44="1"></containerEntry>
          <containerEntry r11="0.3544462" r12="-0.3343277" r13="0.63450235" r14="0" r21="-0.010073221" r22="0.70536965" r23="0.37729594" r24="0" r31="-0.7171239" r32="-0.17515333" r33="0.3083098" r34="0" r41="561.2031" r42="38.653133" r43="-914.869" r44="1"></containerEntry>
          <containerEntry r11="0.5605003" r12="-0.1109191" r13="-0.82069194" r14="0" r21="0.07643014" r22="0.993689" r23="-0.08210137" r24="0" r31="0.8246192" r32="-0.016707882" r33="0.56544054" r34="0" r41="628.592" r42="74.31108" r43="-1026.9662" r44="1"></containerEntry>
        </property>
        <property name="colors" type="UInt32" container="DynamicArray" arraySize="6">
          <containerEntry>4294967295</containerEntry>
          <containerEntry>4294967295</containerEntry>
          <containerEntry>4294967295</containerEntry>
          <containerEntry>4294967295</containerEntry>
          <containerEntry>4294967295</containerEntry>
          <containerEntry>4294967295</containerEntry>
        </property>
      </staticProperties>
      <dynamicProperties></dynamicProperties>
    </entity>
    <entity class="StaticModelArray" classVersion="4" classID="0xD0" addr="0x2D7E010" id="0x0">
      <staticProperties>
        <property name="name" type="String" container="StaticArray" arraySize="1">
          <containerEntry>StaticModelArray0001</containerEntry>
        </property>
        <property name="dataSet" type="EntityHandle" container="StaticArray" arraySize="1">
          <containerEntry>0x2F854F0</containerEntry>
        </property>
        <property name="modelFile" type="FilePtr" container="StaticArray" arraySize="1">
          <containerEntry>/Assets/tpp/environ/object/middle_africa/rock/mafr_rock002/scenes/mafr_rock002.fmdl</containerEntry>
        </property>
        <property name="geomFile" type="FilePtr" container="StaticArray" arraySize="1">
          <containerEntry>/Assets/tpp/environ/object/middle_africa/rock/mafr_rock002/scenes/mafr_rock002.geom</containerEntry>
        </property>
        <property name="isVisibleGeom" type="Bool" container="StaticArray" arraySize="1">
          <containerEntry>false</containerEntry>
        </property>
        <property name="lodFarSize" type="Float" container="StaticArray" arraySize="1">
          <containerEntry>-1</containerEntry>
        </property>
        <property name="lodNearSize" type="Float" container="StaticArray" arraySize="1">
          <containerEntry>-1</containerEntry>
        </property>
        <property name="lodPolygonSize" type="Float" container="StaticArray" arraySize="1">
          <containerEntry>-1</containerEntry>
        </property>
        <property name="drawRejectionLevel" type="Int32" container="StaticArray" arraySize="1">
          <containerEntry>8</containerEntry>
        </property>
        <property name="drawMode" type="Int32" container="StaticArray" arraySize="1">
          <containerEntry>0</containerEntry>
        </property>
        <property name="rejectFarRangeShadowCast" type="Int32" container="StaticArray" arraySize="1">
          <containerEntry>2</containerEntry>
        </property>
        <property name="parentLocator" type="EntityLink" container="StaticArray" arraySize="1">
          <containerEntry packagePathHash="0xB8A0BF169F98" archivePathHash="0xB8A0BF169F98" nameInArchiveHash="0xB8A0BF169F98">0x0</containerEntry>
        </property>
        <property name="transforms" type="Matrix4" container="DynamicArray" arraySize="28">
          <containerEntry r11="-0.89642775" r12="-0.03299334" r13="-0.44196385" r14="0" r21="0.0023130476" r22="0.9968633" r23="-0.07910908" r24="0" r31="0.4431876" r32="-0.07193773" r33="-0.8935396" r34="0" r41="562.65576" r42="50.767323" r43="-966.93915" r44="1"></containerEntry>
          <containerEntry r11="0.8966238" r12="0.121956885" r13="0.42566696" r14="0" r21="-0.1401177" r22="0.99006826" r23="0.011481382" r24="0" r31="-0.42003915" r32="-0.069937915" r33="0.9048071" r34="0" r41="553.45593" r42="49.991528" r43="-973.27423" r44="1"></containerEntry>
          <containerEntry r11="0.8400475" r12="0.0095310565" r13="0.54242927" r14="0" r21="-0.015407233" r22="0.9998615" r23="0.006292205" r24="0" r31="-0.5422942" r32="-0.01364308" r33="0.840078" r34="0" r41="589.05066" r42="51.585197" r43="-953.5343" r44="1"></containerEntry>
          <containerEntry r11="-0.9914347" r12="-0.07692254" r13="0.105605215" r14="0" r21="-0.07535016" r22="0.99697983" r23="0.018805183" r24="0" r31="-0.1067328" r32="0.010686651" r33="-0.99423647" r34="0" r41="603.0621" r42="54.88716" r43="-964.4343" r44="1"></containerEntry>
          <containerEntry r11="0.99197525" r12="0.050213538" r13="0.116033636" r14="0" r21="-0.05842548" r22="0.9959397" r23="0.06848869" r24="0" r31="-0.11212345" r32="-0.074718386" r33="0.9908812" r34="0" r41="621.95447" r42="55.990658" r43="-956.3468" r44="1"></containerEntry>
          <containerEntry r11="0.68128586" r12="0.050214034" r13="0.73029447" r14="0" r21="-0.08886249" r22="0.99593955" r23="0.014419846" r24="0" r31="-0.72660506" r32="-0.07471965" r33="0.68298167" r34="0" r41="635.4854" r42="60.015793" r43="-962.7039" r44="1"></containerEntry>
          <containerEntry r11="-0.99972254" r12="-0.0024929" r13="0.023580382" r14="0" r21="0.0004810146" r22="0.99212134" r23="0.12527974" r24="0" r31="-0.023706911" r32="0.12525587" r33="-0.99184495" r34="0" r41="628.0524" r42="47.291916" r43="-929.55743" r44="1"></containerEntry>
          <containerEntry r11="0.97717273" r12="0.011745132" r13="-0.21212153" r14="0" r21="-0.010506698" r22="0.99992055" r23="0.0069645992" r24="0" r31="0.21218647" r32="-0.004576922" r33="0.97721845" r34="0" r41="521.78375" r42="47.985744" r43="-944.3533" r44="1"></containerEntry>
          <containerEntry r11="-0.8953284" r12="0.077326976" r13="-0.4386407" r14="0" r21="0.026856283" r22="0.9923949" r23="0.120129414" r24="0" r31="0.4445941" r32="0.09577512" r33="-0.89059603" r34="0" r41="534.8278" r42="48.3253" r43="-938.9828" r44="1"></containerEntry>
          <containerEntry r11="0.51528394" r12="0.008789463" r13="0.85697454" r14="0" r21="-0.00080253324" r22="0.9999519" r23="-0.009773347" r24="0" r31="-0.85701925" r32="0.0043482995" r33="0.51526624" r34="0" r41="545.6327" r42="48.564854" r43="-933.627" r44="1"></containerEntry>
          <containerEntry r11="0.9208484" r12="-0.009802632" r13="-0.3897979" r14="0" r21="0.009131219" r22="0.9999519" r23="-0.0035754235" r24="0" r31="0.38981423" r32="-0.0002668996" r33="0.92089367" r34="0" r41="577.7886" r42="50.569626" r43="-935.3972" r44="1"></containerEntry>
          <containerEntry r11="-0.76230997" r12="0.017903931" r13="-0.64697015" r14="0" r21="0.013448413" r22="0.99983966" r23="0.011823216" r24="0" r31="0.64707816" r32="0.0003122068" r33="-0.76242846" r34="0" r41="582.542" r42="49.481674" r43="-928.23553" r44="1"></containerEntry>
          <containerEntry r11="0.95830715" r12="0.035338998" r13="-0.28354672" r14="0" r21="0.00048172846" r22="0.9921215" r23="0.1252785" r24="0" r31="0.28574" r32="-0.12019189" r33="0.95074016" r34="0" r41="618.6959" r42="48.61366" r43="-929.77966" r44="1"></containerEntry>
          <containerEntry r11="0.9728312" r12="0.02854028" r13="-0.22974959" r14="0" r21="0.0004806826" r22="0.9921213" r23="0.12528014" r24="0" r31="0.23151499" r32="-0.12198688" r33="0.96515286" r34="0" r41="639.23975" r42="48.386284" r43="-933.73517" r44="1"></containerEntry>
          <containerEntry r11="0.5667735" r12="0.10294427" r13="-0.81741655" r14="0" r21="0.0004804805" r22="0.9921214" r23="0.12527943" r24="0" r31="0.8238733" r32="-0.07139777" r33="0.5622586" r34="0" r41="629.77637" r42="49.42476" r43="-936.1574" r44="1"></containerEntry>
          <containerEntry r11="-0.9041569" r12="-0.05308927" r13="0.42388722" r14="0" r21="0.00047972612" r22="0.9921213" r23="0.1252803" r24="0" r31="-0.42719856" r32="0.1134765" r33="-0.8970079" r34="0" r41="635.40466" r42="51.682125" r43="-943.773" r44="1"></containerEntry>
          <containerEntry r11="-0.9700021" r12="-0.005919334" r13="0.24304521" r14="0" r21="-0.007641721" r22="0.9999519" r23="-0.0061445436" r24="0" r31="-0.24299714" r32="-0.007817468" r33="-0.97000074" r34="0" r41="591.0751" r42="49.98863" r43="-924.99475" r44="1"></containerEntry>
          <containerEntry r11="0.9942228" r12="0.008257258" r13="0.1070179" r14="0" r21="-0.0076436675" r22="0.9999519" r23="-0.0061424533" r24="0" r31="-0.107063465" r32="0.0052889585" r33="0.99423814" r34="0" r41="575.3519" r42="48.352573" r43="-923.6471" r44="1"></containerEntry>
          <containerEntry r11="0.91116667" r12="0.0044319024" r13="-0.41201457" r14="0" r21="-0.007642585" r22="0.9999519" r23="-0.0061453776" r24="0" r31="0.41196755" r32="0.008748314" r33="0.9111567" r34="0" r41="606.2687" r42="48.210426" r43="-926.6596" r44="1"></containerEntry>
          <containerEntry r11="0.5937092" r12="-0.00040424522" r13="-0.8046797" r14="0" r21="-0.007645471" r22="0.9999519" r23="-0.00614333" r24="0" r31="0.80464345" r32="0.0097995065" r33="0.5936775" r34="0" r41="567.7971" r42="50.19736" r43="-930.5512" r44="1"></containerEntry>
          <containerEntry r11="0.80317205" r12="0.08553562" r13="0.5895751" r14="0" r21="-0.0794735" r22="0.9961773" r23="-0.036259606" r24="0" r31="-0.5904228" r32="-0.017732825" r33="0.8068996" r34="0" r41="553.26843" r42="48.92599" r43="-924.5886" r44="1"></containerEntry>
          <containerEntry r11="0.77918005" r12="0.32859966" r13="-0.5337612" r14="0" r21="-0.30528954" r22="0.94268644" r23="0.13468748" r24="0" r31="0.5474277" r32="0.058005802" r33="0.8348404" r34="0" r41="543.2789" r42="45.234127" r43="-924.62054" r44="1"></containerEntry>
          <containerEntry r11="6.3789645e-05" r12="0.006086546" r13="0.9999822" r14="0" r21="0.007690279" r22="0.9999519" r23="-0.0060868617" r24="0" r31="-0.9999711" r32="0.0076905284" r33="1.6987324e-05" r34="0" r41="525.57434" r42="46.931015" r43="-936.3351" r44="1"></containerEntry>
