<fox formatVersion="2" fileVersion="0">
  <entities>
    <entity class="DataSet" classVersion="0" classID="0xE8" addr="0x32F4680" id="0x96D7FB">
      <staticProperties>
        <property name="name" type="String" container="StaticArray" arraySize="1">
          <containerEntry hash="0xB8A0BF169F98"></containerEntry>
        </property>
        <property name="dataSet" type="EntityHandle" container="StaticArray" arraySize="1">
          <containerEntry>0x0</containerEntry>
        </property>
        <property name="dataList" type="EntityPtr" container="StringMap" arraySize="7">
          <containerEntry key="mafr_rock010_0011">
            <data>0x3177B70</data>
          </containerEntry>
          <containerEntry key="StaticModelArray0000">
            <data>0x317E940</data>
          </containerEntry>
          <containerEntry key="StaticModelArray0001">
            <data>0x317E9B0</data>
          </containerEntry>
          <containerEntry key="StaticModelArray0002">
            <data>0x317EA20</data>
          </containerEntry>
          <containerEntry key="StaticModelArray0003">
            <data>0x317EA90</data>
          </containerEntry>
          <containerEntry key="StaticModelArray0004">
            <data>0x32F4C30</data>
          </containerEntry>
          <containerEntry key="TexturePackLoadConditioner0000">
            <data>0x317EB00</data>
          </containerEntry>
        </property>
      </staticProperties>
      <dynamicProperties></dynamicProperties>
    </entity>
    <entity class="StaticModel" classVersion="9" classID="0x160" addr="0x3177B70" id="0x96D90C">
      <staticProperties>
        <property name="name" type="String" container="StaticArray" arraySize="1">
          <containerEntry>mafr_rock010_0011</containerEntry>
        </property>
        <property name="dataSet" type="EntityHandle" container="StaticArray" arraySize="1">
          <containerEntry>0x32F4680</containerEntry>
        </property>
        <property name="parent" type="EntityHandle" container="StaticArray" arraySize="1">
          <containerEntry>0x0</containerEntry>
        </property>
        <property name="transform" type="EntityPtr" container="StaticArray" arraySize="1">
          <containerEntry>0x3177BE0</containerEntry>
        </property>
        <property name="shearTransform" type="EntityPtr" container="StaticArray" arraySize="1">
          <containerEntry>0x0</containerEntry>
        </property>
        <property name="pivotTransform" type="EntityPtr" container="StaticArray" arraySize="1">
          <containerEntry>0x0</containerEntry>
        </property>
        <property name="children" type="EntityHandle" container="List"></property>
        <property name="flags" type="UInt32" container="StaticArray" arraySize="1">
          <containerEntry>7</containerEntry>
        </property>
        <property name="modelFile" type="FilePtr" container="StaticArray" arraySize="1">
          <containerEntry>/Assets/tpp/environ/object/middle_africa/rock/mafr_rock010/scenes/mafr_rock010.fmdl</containerEntry>
        </property>
        <property name="geomFile" type="FilePtr" container="StaticArray" arraySize="1">
          <containerEntry>/Assets/tpp/environ/object/middle_africa/rock/mafr_rock010/scenes/mafr_rock010.geom</containerEntry>
        </property>
        <property name="isVisibleGeom" type="Bool" container="StaticArray" arraySize="1">
          <containerEntry>false</containerEntry>
        </property>
        <property name="isIsolated" type="Bool" container="StaticArray" arraySize="1">
          <containerEntry>false</containerEntry>
        </property>
        <property name="lodFarSize" type="Float" container="StaticArray" arraySize="1">
          <containerEntry>-1</containerEntry>
        </property>
        <property name="lodNearSize" type="Float" container="StaticArray" arraySize="1">
          <containerEntry>-1</containerEntry>
        </property>
        <property name="lodPolygonSize" type="Float" container="StaticArray" arraySize="1">
          <containerEntry>-1</containerEntry>
        </property>
        <property name="color" type="Color" container="StaticArray" arraySize="1">
          <containerEntry r="1" g="1" b="1" a="1"></containerEntry>
        </property>
        <property name="drawRejectionLevel" type="Int32" container="StaticArray" arraySize="1">
          <containerEntry>8</containerEntry>
        </property>
        <property name="drawMode" type="Int32" container="StaticArray" arraySize="1">
          <containerEntry>0</containerEntry>
        </property>
        <property name="rejectFarRangeShadowCast" type="Int32" container="StaticArray" arraySize="1">
          <containerEntry>2</containerEntry>
        </property>
      </staticProperties>
      <dynamicProperties></dynamicProperties>
    </entity>
    <entity class="TransformEntity" classVersion="0" classID="0x50" addr="0x3177BE0" id="0x96D90F">
      <staticProperties>
        <property name="owner" type="EntityHandle" container="StaticArray" arraySize="1">
          <containerEntry>0x3177B70</containerEntry>
        </property>
        <property name="transform_scale" type="Vector3" container="StaticArray" arraySize="1">
          <containerEntry x="1" y="1" z="1" w="0"></containerEntry>
        </property>
        <property name="transform_rotation_quat" type="Quat" container="StaticArray" arraySize="1">
          <containerEntry x="0.048738" y="0.989228" z="0.07556" w="-0.115517"></containerEntry>
        </property>
        <property name="transform_translation" type="Vector3" container="StaticArray" arraySize="1">
          <containerEntry x="1888.332" y="92.39058" z="-746.911" w="0"></containerEntry>
        </property>
      </staticProperties>
      <dynamicProperties></dynamicProperties>
    </entity>
    <entity class="StaticModelArray" classVersion="4" classID="0xD0" addr="0x317E940" id="0x0">
      <staticProperties>
        <property name="name" type="String" container="StaticArray" arraySize="1">
          <containerEntry>StaticModelArray0000</containerEntry>
        </property>
        <property name="dataSet" type="EntityHandle" container="StaticArray" arraySize="1">
          <containerEntry>0x32F4680</containerEntry>
        </property>
        <property name="modelFile" type="FilePtr" container="StaticArray" arraySize="1">
          <containerEntry>/Assets/tpp/environ/object/middle_africa/tree/mafr_tree038/scenes/mafr_tree038.fmdl</containerEntry>
        </property>
        <property name="geomFile" type="FilePtr" container="StaticArray" arraySize="1">
          <containerEntry>/Assets/tpp/environ/object/middle_africa/tree/mafr_tree038/scenes/mafr_tree038.geom</containerEntry>
        </property>
        <property name="isVisibleGeom" type="Bool" container="StaticArray" arraySize="1">
          <containerEntry>false</containerEntry>
        </property>
        <property name="lodFarSize" type="Float" container="StaticArray" arraySize="1">
          <containerEntry>-1</containerEntry>
        </property>
        <property name="lodNearSize" type="Float" container="StaticArray" arraySize="1">
          <containerEntry>-1</containerEntry>
        </property>
        <property name="lodPolygonSize" type="Float" container="StaticArray" arraySize="1">
          <containerEntry>-1</containerEntry>
        </property>
        <property name="drawRejectionLevel" type="Int32" container="StaticArray" arraySize="1">
          <containerEntry>8</containerEntry>
        </property>
        <property name="drawMode" type="Int32" container="StaticArray" arraySize="1">
          <containerEntry>0</containerEntry>
        </property>
        <property name="rejectFarRangeShadowCast" type="Int32" container="StaticArray" arraySize="1">
          <containerEntry>2</containerEntry>
        </property>
        <property name="parentLocator" type="EntityLink" container="StaticArray" arraySize="1">
          <containerEntry packagePathHash="0xB8A0BF169F98" archivePathHash="0xB8A0BF169F98" nameInArchiveHash="0xB8A0BF169F98">0x0</containerEntry>
        </property>
        <property name="transforms" type="Matrix4" container="DynamicArray" arraySize="2">
          <containerEntry r11="-0.059350252" r12="0.22634421" r13="0.7252082" r14="0" r21="0.20804037" r22="0.704455" r23="-0.20284079" r24="0" r31="-0.73066944" r32="0.18219076" r33="-0.11666063" r34="0" r41="1838.9822" r42="92.17528" r43="-722.38477" r44="1"></containerEntry>
          <containerEntry r11="-0.5504694" r12="0.031334963" r13="0.44230863" r14="0" r21="-0.03899543" r22="0.69893" r23="-0.098046325" r24="0" r31="-0.44169918" r32="-0.10075637" r33="-0.5425729" r34="0" r41="1837.3246" r42="92.712166" r43="-720.3116" r44="1"></containerEntry>
        </property>
        <property name="colors" type="UInt32" container="DynamicArray" arraySize="2">
          <containerEntry>4294967295</containerEntry>
          <containerEntry>4294967295</containerEntry>
        </property>
      </staticProperties>
      <dynamicProperties></dynamicProperties>
    </entity>
    <entity class="StaticModelArray" classVersion="4" classID="0xD0" addr="0x317E9B0" id="0x0">
      <staticProperties>
        <property name="name" type="String" container="StaticArray" arraySize="1">
          <containerEntry>StaticModelArray0001</containerEntry>
        </property>
        <property name="dataSet" type="EntityHandle" container="StaticArray" arraySize="1">
          <containerEntry>0x32F4680</containerEntry>
        </property>
        <property name="modelFile" type="FilePtr" container="StaticArray" arraySize="1">
          <containerEntry>/Assets/tpp/environ/object/middle_africa/cliff/mafr_clff003/scenes/mafr_clff003_vrtn001.fmdl</containerEntry>
        </property>
        <property name="geomFile" type="FilePtr" container="StaticArray" arraySize="1">
          <containerEntry>/Assets/tpp/environ/object/middle_africa/cliff/mafr_clff003/scenes/mafr_clff003_vrtn001.geom</containerEntry>
        </property>
        <property name="isVisibleGeom" type="Bool" container="StaticArray" arraySize="1">
          <containerEntry>false</containerEntry>
        </property>
        <property name="lodFarSize" type="Float" container="StaticArray" arraySize="1">
          <containerEntry>-1</containerEntry>
        </property>
        <property name="lodNearSize" type="Float" container="StaticArray" arraySize="1">
          <containerEntry>-1</containerEntry>
        </property>
        <property name="lodPolygonSize" type="Float" container="StaticArray" arraySize="1">
          <containerEntry>-1</containerEntry>
        </property>
        <property name="drawRejectionLevel" type="Int32" container="StaticArray" arraySize="1">
          <containerEntry>8</containerEntry>
        </property>
        <property name="drawMode" type="Int32" container="StaticArray" arraySize="1">
          <containerEntry>0</containerEntry>
        </property>
        <property name="rejectFarRangeShadowCast" type="Int32" container="StaticArray" arraySize="1">
          <containerEntry>2</containerEntry>
        </property>
        <property name="parentLocator" type="EntityLink" container="StaticArray" arraySize="1">
          <containerEntry packagePathHash="0xB8A0BF169F98" archivePathHash="0xB8A0BF169F98" nameInArchiveHash="0xB8A0BF169F98">0x0</containerEntry>
        </property>
        <property name="transforms" type="Matrix4" container="DynamicArray" arraySize="17">
          <containerEntry r11="-0.16986123" r12="-0.0055927336" r13="-0.98545027" r14="0" r21="-0.8329358" r22="0.5352253" r23="0.14053619" r24="0" r31="0.52665126" r32="0.84468997" r33="-0.09557158" r34="0" r41="1894.1205" r42="109.065475" r43="-644.6813" r44="1"></containerEntry>
          <containerEntry r11="0.7851621" r12="0.011943594" r13="-0.6191745" r14="0" r21="-0.49869567" r22="0.604992" r23="-0.620714" r24="0" r31="0.36718157" r32="0.7961411" r33="0.48097318" r34="0" r41="1855.7247" r42="97.82527" r43="-700.4816" r44="1"></containerEntry>
          <containerEntry r11="-0.35096437" r12="0.002888143" r13="-0.9363835" r14="0" r21="-0.7295454" r22="0.6260461" r23="0.2753712" r24="0" r31="0.5870143" r32="0.7797804" r33="-0.2176125" r34="0" r41="1824.5068" r42="100.5278" r43="-648.62354" r44="1"></containerEntry>
          <containerEntry r11="0.98795104" r12="-0.13757567" r13="0.07089187" r14="0" r21="0.102661744" r22="0.2397719" r23="-0.96538585" r24="0" r31="0.115815744" r32="0.96103185" r33="0.25100666" r34="0" r41="1883.229" r42="93.1711" r43="-727.14813" r44="1"></containerEntry>
          <containerEntry r11="0.6028868" r12="0.08559206" r13="-0.7932224" r14="0" r21="-0.79373085" r22="-0.036271095" r23="-0.6071874" r24="0" r31="-0.08074111" r32="0.9956702" r33="0.046069503" r34="0" r41="1885.5756" r42="108.13987" r43="-709.3691" r44="1"></containerEntry>
          <containerEntry r11="-0.34441882" r12="-0.3684559" r13="-0.8634919" r14="0" r21="-0.9010285" r22="0.3880577" r23="0.1938037" r24="0" r31="0.2636771" r32="0.8447796" r33="-0.46564406" r34="0" r41="1877.753" r42="103.758766" r43="-706.1813" r44="1"></containerEntry>
          <containerEntry r11="0.80786616" r12="0.2994916" r13="-0.5075991" r14="0" r21="-0.5889882" r22="0.37943172" r23="-0.71352935" r24="0" r31="-0.021096975" r32="0.87540615" r33="0.48292714" r34="0" r41="1880.5555" r42="104.83973" r43="-710.05853" r44="1"></containerEntry>
          <containerEntry r11="0.9009596" r12="-0.015971527" r13="-0.43360895" r14="0" r21="-0.40519726" r22="0.32647127" r23="-0.85395086" r24="0" r31="0.15519987" r32="0.9450724" r33="0.28766578" r34="0" r41="1907.7267" r42="92.72837" r43="-739.47485" r44="1"></containerEntry>
          <containerEntry r11="0.8726685" r12="0.15611514" r13="-0.46268553" r14="0" r21="-0.48582557" r22="0.37309277" r23="-0.7904277" r24="0" r31="0.049227074" r32="0.9145657" r33="0.40143096" r34="0" r41="1928.3822" r42="91.08639" r43="-753.69495" r44="1"></containerEntry>
          <containerEntry r11="-0.121728584" r12="-0.108528614" r13="-0.98661196" r14="0" r21="-0.6654784" r22="0.746417" r23="3.874302e-07" r24="0" r31="0.73642385" r32="0.6565691" r33="-0.16308367" r34="0" r41="1890.7324" r42="89.7916" r43="-734.76086" r44="1"></containerEntry>
          <containerEntry r11="0.8835912" r12="0.09203147" r13="0.45912576" r14="0" r21="0.2841154" r22="0.67402196" r23="-0.68188834" r24="0" r31="-0.37221593" r32="0.73295534" r33="0.5694124" r34="0" r41="1849.4581" r42="91.44532" r43="-725.15137" r44="1"></containerEntry>
          <containerEntry r11="0.9758973" r12="-0.10248385" r13="0.19266936" r14="0" r21="0.20671497" r22="0.7171119" r23="-0.6655966" r24="0" r31="-0.06995245" r32="0.6893816" r33="0.72101253" r34="0" r41="1861.5295" r42="92.53563" r43="-722.2532" r44="1"></containerEntry>
          <containerEntry r11="0.8765101" r12="-0.080447525" r13="0.4746133" r14="0" r21="0.4520969" r22="0.47621223" r23="-0.754207" r24="0" r31="-0.16534197" r32="0.87564147" r33="0.4537751" r34="0" r41="1831.8881" r42="91.90195" r43="-717.06036" r44="1"></containerEntry>
          <containerEntry r11="0.025757536" r12="0.060564965" r13="0.99783164" r14="0" r21="0.89605236" r22="0.44113412" r23="-0.04990536" r24="0" r31="-0.44319993" r32="0.8953951" r33="-0.0429067" r34="0" r41="1812.6243" r42="99.960594" r43="-697.9065" r44="1"></containerEntry>
          <containerEntry r11="0.37684986" r12="0.95928854" r13="0.22533315" r14="0" r21="-0.41361028" r22="0.37295592" r23="-0.896022" r24="0" r31="-0.89439136" r32="0.23172118" r33="0.50930786" r34="0" r41="1883.5812" r42="108.66452" r43="-708.25555" r44="1"></containerEntry>
          <containerEntry r11="0.43526095" r12="1.1079769" r13="0.26026183" r14="0" r21="-0.5391357" r22="0.4461197" r23="-0.9975526" r24="0" r31="-1.0023382" r32="0.24117544" r33="0.6495802" r34="0" r41="1886.618" r42="108.3077" r43="-709.1434" r44="1"></containerEntry>
          <containerEntry r11="0.12541117" r12="1.001125" r13="0.7768245" r14="0" r21="0.482708" r22="0.6840227" r23="-0.9594504" r24="0" r31="-1.2651066" r32="0.42001003" r33="-0.33704582" r34="0" r41="1889.0582" r42="108.36675" r43="-712.59326" r44="1"></containerEntry>
        </property>
        <property name="colors" type="UInt32" container="DynamicArray" arraySize="17">
          <containerEntry>4294967295</containerEntry>
          <containerEntry>4294967295</containerEntry>
          <containerEntry>4294967295</containerEntry>
          <containerEntry>4294967295</containerEntry>
          <containerEntry>4294967295</containerEntry>
          <containerEntry>4294967295</containerEntry>
          <containerEntry>4294967295</containerEntry>
          <containerEntry>4294967295</containerEntry>
          <containerEntry>4294967295</containerEntry>
          <containerEntry>4294967295</containerEntry>
          <containerEntry>4294967295</containerEntry>
          <containerEntry>4294967295</containerEntry>
          <containerEntry>4294967295</containerEntry>
          <containerEntry>4294967295</containerEntry>
          <containerEntry>4294967295</containerEntry>
          <containerEntry>4294967295</containerEntry>
          <containerEntry>4294967295</containerEntry>
        </property>
      </staticProperties>
      <dynamicProperties></dynamicProperties>
    </entity>
    <entity class="StaticModelArray" classVersion="4" classID="0xD0" addr="0x317EA20" id="0x0">
      <staticProperties>
        <property name="name" type="String" container="StaticArray" arraySize="1">
          <containerEntry>StaticModelArray0002</containerEntry>
        </property>
        <property name="dataSet" type="EntityHandle" container="StaticArray" arraySize="1">
          <containerEntry>0x32F4680</containerEntry>
        </property>
        <property name="modelFile" type="FilePtr" container="StaticArray" arraySize="1">
          <containerEntry>/Assets/tpp/environ/object/middle_africa/rock/mafr_rock002/scenes/mafr_rock002.fmdl</containerEntry>
        </property>
        <property name="geomFile" type="FilePtr" container="StaticArray" arraySize="1">
          <containerEntry>/Assets/tpp/environ/object/middle_africa/rock/mafr_rock002/scenes/mafr_rock002.geom</containerEntry>
        </property>
        <property name="isVisibleGeom" type="Bool" container="StaticArray" arraySize="1">
          <containerEntry>false</containerEntry>
        </property>
        <property name="lodFarSize" type="Float" container="StaticArray" arraySize="1">
          <containerEntry>-1</containerEntry>
        </property>
        <property name="lodNearSize" type="Float" container="StaticArray" arraySize="1">
          <containerEntry>-1</containerEntry>
        </property>
        <property name="lodPolygonSize" type="Float" container="StaticArray" arraySize="1">
          <containerEntry>-1</containerEntry>
        </property>
        <property name="drawRejectionLevel" type="Int32" container="StaticArray" arraySize="1">
          <containerEntry>8</containerEntry>
        </property>
        <property name="drawMode" type="Int32" container="StaticArray" arraySize="1">
          <containerEntry>0</containerEntry>
        </property>
        <property name="rejectFarRangeShadowCast" type="Int32" container="StaticArray" arraySize="1">
          <containerEntry>2</containerEntry>
        </property>
        <property name="parentLocator" type="EntityLink" container="StaticArray" arraySize="1">
          <containerEntry packagePathHash="0xB8A0BF169F98" archivePathHash="0xB8A0BF169F98" nameInArchiveHash="0xB8A0BF169F98">0x0</containerEntry>
        </property>
        <property name="transforms" type="Matrix4" container="DynamicArray" arraySize="5">
          <containerEntry r11="0.98426783" r12="0.17631789" r13="0.011351206" r14="0" r21="-0.17631789" r22="0.9760776" r23="0.1272182" r24="0" r31="0.011351206" r32="-0.1272182" r33="0.9918098" r34="0" r41="1850.6555" r42="103.87816" r43="-662.4829" r44="1"></containerEntry>
          <containerEntry r11="1" r12="0" r13="0" r14="0" r21="0" r22="0.9760572" r23="-0.21751416" r24="0" r31="0" r32="0.21751416" r33="0.9760572" r34="0" r41="1842.5642" r42="100.10376" r43="-702.3452" r44="1"></containerEntry>
          <containerEntry r11="-0.51304114" r12="-0.020325223" r13="0.85812175" r14="0" r21="0.0018978287" r22="0.99969035" r23="0.024813002" r24="0" r31="-0.8583603" r32="0.014358694" r33="-0.51284367" r34="0" r41="1837.886" r42="93.216705" r43="-748.6166" r44="1"></containerEntry>
          <containerEntry r11="-0.44215322" r12="-0.020324668" r13="-0.8967061" r14="0" r21="-0.021868492" r22="0.9996903" r23="-0.011875761" r24="0" r31="0.89666975" r32="0.01435871" r33="-0.44246078" r34="0" r41="1813.9749" r42="92.94711" r43="-767.3952" r44="1"></containerEntry>
          <containerEntry r11="0.7183697" r12="0.0970497" r13="0.68885744" r14="0" r21="-0.13726403" r22="0.990528" r23="0.003594011" r24="0" r31="-0.6819837" r32="-0.09713746" r33="0.7248868" r34="0" r41="1817.017" r42="93.551216" r43="-734.4726" r44="1"></containerEntry>
        </property>
        <property name="colors" type="UInt32" container="DynamicArray" arraySize="5">
          <containerEntry>4294967295</containerEntry>
          <containerEntry>4294967295</containerEntry>
          <containerEntry>4294967295</containerEntry>
          <containerEntry>4294967295</containerEntry>
          <containerEntry>4294967295</containerEntry>
        </property>
      </staticProperties>
      <dynamicProperties></dynamicProperties>
    </entity>
    <entity class="StaticModelArray" classVersion="4" classID="0xD0" addr="0x317EA90" id="0x0">
      <staticProperties>
        <property name="name" type="String" container="StaticArray" arraySize="1">
          <containerEntry>StaticModelArray0003</containerEntry>
        </property>
        <property name="dataSet" type="EntityHandle" container="StaticArray" arraySize="1">
          <containerEntry>0x32F4680</containerEntry>
        </property>
        <property name="modelFile" type="FilePtr" container="StaticArray" arraySize="1">
          <containerEntry>/Assets/tpp/environ/object/middle_africa/cliff/mafr_clff004/scenes/mafr_clff004_rock001.fmdl</containerEntry>
        </property>
        <property name="geomFile" type="FilePtr" container="StaticArray" arraySize="1">
          <containerEntry>/Assets/tpp/environ/object/middle_africa/cliff/mafr_clff004/scenes/mafr_clff004_rock001.geom</containerEntry>
        </property>
        <property name="isVisibleGeom" type="Bool" container="StaticArray" arraySize="1">
          <containerEntry>false</containerEntry>
        </property>
        <property name="lodFarSize" type="Float" container="StaticArray" arraySize="1">
          <containerEntry>-1</containerEntry>
        </property>
        <property name="lodNearSize" type="Float" container="StaticArray" arraySize="1">
          <containerEntry>-1</containerEntry>
        </property>
        <property name="lodPolygonSize" type="Float" container="StaticArray" arraySize="1">
          <containerEntry>-1</containerEntry>
        </property>
        <property name="drawRejectionLevel" type="Int32" container="StaticArray" arraySize="1">
          <containerEntry>8</containerEntry>
        </property>
        <property name="drawMode" type="Int32" container="StaticArray" arraySize="1">
          <containerEntry>0</containerEntry>
        </property>
        <property name="rejectFarRangeShadowCast" type="Int32" container="StaticArray" arraySize="1">
          <containerEntry>2</containerEntry>
        </property>
        <property name="parentLocator" type="EntityLink" container="StaticArray" arraySize="1">
          <containerEntry packagePathHash="0xB8A0BF169F98" archivePathHash="0xB8A0BF169F98" nameInArchiveHash="0xB8A0BF169F98">0x0</containerEntry>
        </property>
        <property name="transforms" type="Matrix4" container="DynamicArray" arraySize="10">
          <containerEntry r11="0.9999525" r12="0.009743973" r13="-0.00019420018" r14="0" r21="-0.009744811" r22="0.9993425" r23="-0.034922123" r24="0" r31="-0.00014620811" r32="0.034922354" r33="0.99939" r34="0" r41="1816.0065" r42="93.14167" r43="-745.7183" r44="1"></containerEntry>
          <containerEntry r11="0.70657426" r12="-0.027417656" r13="0.7071079" r14="0" r21="0.038775112" r22="0.99924797" r23="-6.565824e-07" r24="0" r31="-0.7065761" r32="0.027418632" r33="0.707106" r34="0" r41="1808.4027" r42="93.15342" r43="-750.452" r44="1"></containerEntry>
          <containerEntry r11="1" r12="0" r13="0" r14="0" r21="0" r22="1" r23="0" r24="0" r31="0" r32="0" r33="1" r34="0" r41="1875.3079" r42="93.288185" r43="-756.2751" r44="1"></containerEntry>
          <containerEntry r11="-0.66985345" r12="-0.03958392" r13="0.7414377" r14="0" r21="-0.10425852" r22="0.99369895" r23="-0.041140907" r24="0" r31="-0.73513734" r32="-0.10485955" r33="-0.66975963" r34="0" r41="1864.585" r42="93.209076" r43="-747.92523" r44="1"></containerEntry>
          <containerEntry r11="1" r12="0" r13="0" r14="0" r21="0" r22="1" r23="0" r24="0" r31="0" r32="0" r33="1" r34="0" r41="1862.262" r42="93.714935" r43="-740.2917" r44="1"></containerEntry>
          <containerEntry r11="0.58847046" r12="0" r13="-0.80851895" r14="0" r21="0" r22="1" r23="0" r24="0" r31="0.80851895" r32="0" r33="0.58847046" r34="0" r41="1846.2587" r42="93.41667" r43="-760.12616" r44="1"></containerEntry>
          <containerEntry r11="-0.14488411" r12="0" r13="0.98944837" r14="0" r21="0" r22="1" r23="0" r24="0" r31="-0.98944837" r32="0" r33="-0.14488411" r34="0" r41="1907.6642" r42="93.42986" r43="-760.3516" r44="1"></containerEntry>
          <containerEntry r11="-0.9094418" r12="-0.039584048" r13="-0.41394213" r14="0" r21="0.007645553" r22="0.99369884" r23="-0.11182191" r24="0" r31="0.4157602" r32="-0.10486037" r33="-0.90340865" r34="0" r41="1856.5571" r42="92.98571" r43="-753.9359" r44="1"></containerEntry>
          <containerEntry r11="-0.16254315" r12="-0.03958453" r13="-0.9859077" r14="0" r21="0.097142026" r22="0.9936988" r23="-0.055912778" r24="0" r31="0.98190844" r32="-0.10486123" r33="-0.1576736" r34="0" r41="1845.0807" r42="93.24647" r43="-749.2449" r44="1"></containerEntry>
          <containerEntry r11="0.72992784" r12="-0.0792804" r13="0.67891103" r14="0" r21="-7.1525574e-07" r22="0.99325055" r23="0.115988486" r24="0" r31="-0.6835244" r32="-0.08466373" r33="0.7250012" r34="0" r41="1834.9785" r42="93.15112" r43="-762.55426" r44="1"></containerEntry>
        </property>
        <property name="colors" type="UInt32" container="DynamicArray" arraySize="10">
          <containerEntry>4294967295</containerEntry>
          <containerEntry>4294967295</containerEntry>
          <containerEntry>4294967295</containerEntry>
          <containerEntry>4294967295</containerEntry>
          <containerEntry>4294967295</containerEntry>
          <containerEntry>4294967295</containerEntry>
          <containerEntry>4294967295</containerEntry>
          <containerEntry>4294967295</containerEntry>
          <containerEntry>4294967295</containerEntry>
          <containerEntry>4294967295</containerEntry>
        </property>
      </staticProperties>
      <dynamicProperties></dynamicProperties>
    </entity>
    <entity class="StaticModelArray" classVersion="4" classID="0xD0" addr="0x32F4C30" id="0x0">
      <staticProperties>
        <property name="name" type="String" container="StaticArray" arraySize="1">
          <containerEntry>StaticModelArray0004</containerEntry>
        </property>
        <property name="dataSet" type="EntityHandle" container="StaticArray" arraySize="1">
          <containerEntry>0x32F4680</containerEntry>
        </property>
        <property name="modelFile" type="FilePtr" container="StaticArray" arraySize="1">
          <containerEntry>/Assets/tpp/environ/object/middle_africa/cliff/mafr_clff015/scenes/mafr_clff015_wall002.fmdl</containerEntry>
        </property>
        <property name="geomFile" type="FilePtr" container="StaticArray" arraySize="1">
          <containerEntry>/Assets/tpp/environ/object/middle_africa/cliff/mafr_clff015/scenes/mafr_clff015_wall002.geom</containerEntry>
        </property>
        <property name="isVisibleGeom" type="Bool" container="StaticArray" arraySize="1">
          <containerEntry>false</containerEntry>
        </property>
        <property name="lodFarSize" type="Float" container="StaticArray" arraySize="1">
          <containerEntry>-1</containerEntry>
        </property>
        <property name="lodNearSize" type="Float" container="StaticArray" arraySize="1">
          <containerEntry>-1</containerEntry>
        </property>
        <property name="lodPolygonSize" type="Float" container="StaticArray" arraySize="1">
          <containerEntry>-1</containerEntry>
        </property>
        <property name="drawRejectionLevel" type="Int32" container="StaticArray" arraySize="1">
          <containerEntry>8</containerEntry>
        </property>
        <property name="drawMode" type="Int32" container="StaticArray" arraySize="1">
          <containerEntry>0</containerEntry>
        </property>
        <property name="rejectFarRangeShadowCast" type="Int32" container="StaticArray" arraySize="1">
          <containerEntry>2</containerEntry>
        </property>
        <property name="parentLocator" type="EntityLink" container="StaticArray" arraySize="1">
          <containerEntry packagePathHash="0xB8A0BF169F98" archivePathHash="0xB8A0BF169F98" nameInArchiveHash="0xB8A0BF169F98">0x0</containerEntry>
        </property>
        <property name="transforms" type="Matrix4" container="DynamicArray" arraySize="3">
          <containerEntry r11="0.49999" r12="0" r13="0.86603063" r14="0" r21="0" r22="1" r23="0" r24="0" r31="-0.86603063" r32="0" r33="0.49999" r34="0" r41="1901.5538" r42="103.63032" r43="-671.47217" r44="1"></containerEntry>
          <containerEntry r11="0.88799685" r12="-0.023097806" r13="-0.45926905" r14="0" r21="0.026002515" r22="0.99966186" r23="3.427267e-07" r24="0" r31="0.45911378" r32="-0.011942455" r33="0.8882972" r34="0" r41="1916.5883" r42="92.36105" r43="-720.84717" r44="1"></containerEntry>
          <containerEntry r11="0.8284843" r12="-0.08117236" r13="-0.5540983" r14="0" r21="-0.0019049197" r22="0.9890252" r23="-0.14773504" r24="0" r31="0.5600092" r32="0.123451695" r33="0.8192372" r34="0" r41="1924.8257" r42="106.863525" r43="-714.685" r44="1"></containerEntry>
        </property>
        <property name="colors" type="UInt32" container="DynamicArray" arraySize="3">
          <containerEntry>4294967295</containerEntry>
          <containerEntry>4294967295</containerEntry>
          <containerEntry>4294967295</containerEntry>
        </property>
      </staticProperties>
      <dynamicProperties></dynamicProperties>
    </entity>
    <entity class="TexturePackLoadConditioner" classVersion="0" classID="0x48" addr="0x317EB00" id="0x0">
      <staticProperties>
        <property name="name" type="String" container="StaticArray" arraySize="1">
          <containerEntry>TexturePackLoadConditioner0000</containerEntry>
        </property>
        <property name="dataSet" type="EntityHandle" container="StaticArray" arraySize="1">
          <containerEntry>0x32F4680</containerEntry>
        </property>
        <property name="texturePackPath" type="Path" container="StaticArray" arraySize="1">
          <containerEntry hash="0xB8A0BF169F98"></containerEntry>
        </property>
      </staticProperties>
      <dynamicProperties></dynamicProperties>
    </entity>
  </entities>
</fox>