<fox formatVersion="2" fileVersion="0">
  <entities>
    <entity class="DataSet" classVersion="0" classID="0xE8" addr="0x32F46F0" id="0x717C90">
      <staticProperties>
        <property name="name" type="String" container="StaticArray" arraySize="1">
          <containerEntry hash="0xB8A0BF169F98"></containerEntry>
        </property>
        <property name="dataSet" type="EntityHandle" container="StaticArray" arraySize="1">
          <containerEntry>0x0</containerEntry>
        </property>
        <property name="dataList" type="EntityPtr" container="StringMap" arraySize="10">
          <containerEntry key="mafr_clff004_rock001_0002">
            <data>0x3175CD0</data>
          </containerEntry>
          <containerEntry key="mafr_rock011_0137">
            <data>0x317B990</data>
          </containerEntry>
          <containerEntry key="mafr_clff015_wall002_0005">
            <data>0x317BED0</data>
          </containerEntry>
          <containerEntry key="StaticModelArray0000">
            <data>0x317F820</data>
          </containerEntry>
          <containerEntry key="StaticModelArray0001">
            <data>0x317F190</data>
          </containerEntry>
          <containerEntry key="StaticModelArray0002">
            <data>0x317F5F0</data>
          </containerEntry>
          <containerEntry key="StaticModelArray0003">
            <data>0x317F6D0</data>
          </containerEntry>
          <containerEntry key="StaticModelArray0004">
            <data>0x317C9C0</data>
          </containerEntry>
          <containerEntry key="StaticModelArray0005">
            <data>0x317F200</data>
          </containerEntry>
          <containerEntry key="TexturePackLoadConditioner0000">
            <data>0x317FF20</data>
          </containerEntry>
        </property>
      </staticProperties>
      <dynamicProperties></dynamicProperties>
    </entity>
    <entity class="StaticModel" classVersion="9" classID="0x160" addr="0x3175CD0" id="0x717D07">
      <staticProperties>
        <property name="name" type="String" container="StaticArray" arraySize="1">
          <containerEntry>mafr_clff004_rock001_0002</containerEntry>
        </property>
        <property name="dataSet" type="EntityHandle" container="StaticArray" arraySize="1">
          <containerEntry>0x32F46F0</containerEntry>
        </property>
        <property name="parent" type="EntityHandle" container="StaticArray" arraySize="1">
          <containerEntry>0x0</containerEntry>
        </property>
        <property name="transform" type="EntityPtr" container="StaticArray" arraySize="1">
          <containerEntry>0x3175D40</containerEntry>
        </property>
        <property name="shearTransform" type="EntityPtr" container="StaticArray" arraySize="1">
          <containerEntry>0x0</containerEntry>
        </property>
        <property name="pivotTransform" type="EntityPtr" container="StaticArray" arraySize="1">
          <containerEntry>0x0</containerEntry>
        </property>
        <property name="children" type="EntityHandle" container="List"></property>
        <property name="flags" type="UInt32" container="StaticArray" arraySize="1">
          <containerEntry>3221225479</containerEntry>
        </property>
        <property name="modelFile" type="FilePtr" container="StaticArray" arraySize="1">
          <containerEntry>/Assets/tpp/environ/object/middle_africa/cliff/mafr_clff004/scenes/mafr_clff004_rock001.fmdl</containerEntry>
        </property>
        <property name="geomFile" type="FilePtr" container="StaticArray" arraySize="1">
          <containerEntry>/Assets/tpp/environ/object/middle_africa/cliff/mafr_clff004/scenes/mafr_clff004_rock001.geom</containerEntry>
        </property>
        <property name="isVisibleGeom" type="Bool" container="StaticArray" arraySize="1">
          <containerEntry>false</containerEntry>
        </property>
        <property name="isIsolated" type="Bool" container="StaticArray" arraySize="1">
          <containerEntry>false</containerEntry>
        </property>
        <property name="lodFarSize" type="Float" container="StaticArray" arraySize="1">
          <containerEntry>-1</containerEntry>
        </property>
        <property name="lodNearSize" type="Float" container="StaticArray" arraySize="1">
          <containerEntry>-1</containerEntry>
        </property>
        <property name="lodPolygonSize" type="Float" container="StaticArray" arraySize="1">
          <containerEntry>-1</containerEntry>
        </property>
        <property name="color" type="Color" container="StaticArray" arraySize="1">
          <containerEntry r="1" g="1" b="1" a="1"></containerEntry>
        </property>
        <property name="drawRejectionLevel" type="Int32" container="StaticArray" arraySize="1">
          <containerEntry>8</containerEntry>
        </property>
        <property name="drawMode" type="Int32" container="StaticArray" arraySize="1">
          <containerEntry>0</containerEntry>
        </property>
        <property name="rejectFarRangeShadowCast" type="Int32" container="StaticArray" arraySize="1">
          <containerEntry>2</containerEntry>
        </property>
      </staticProperties>
      <dynamicProperties></dynamicProperties>
    </entity>
    <entity class="TransformEntity" classVersion="0" classID="0x50" addr="0x3175D40" id="0x717D0A">
      <staticProperties>
        <property name="owner" type="EntityHandle" container="StaticArray" arraySize="1">
          <containerEntry>0x3175CD0</containerEntry>
        </property>
        <property name="transform_scale" type="Vector3" container="StaticArray" arraySize="1">
          <containerEntry x="1.4016" y="1.4016" z="1.4016" w="0"></containerEntry>
        </property>
        <property name="transform_rotation_quat" type="Quat" container="StaticArray" arraySize="1">
          <containerEntry x="0.040768" y="0.171148" z="-0.0961" w="0.979699"></containerEntry>
        </property>
        <property name="transform_translation" type="Vector3" container="StaticArray" arraySize="1">
          <containerEntry x="2242.7043" y="190.9775" z="-2302.946" w="0"></containerEntry>
        </property>
      </staticProperties>
      <dynamicProperties></dynamicProperties>
    </entity>
    <entity class="StaticModel" classVersion="9" classID="0x160" addr="0x317B990" id="0x717EE4">
      <staticProperties>
        <property name="name" type="String" container="StaticArray" arraySize="1">
          <containerEntry>mafr_rock011_0137</containerEntry>
        </property>
        <property name="dataSet" type="EntityHandle" container="StaticArray" arraySize="1">
          <containerEntry>0x32F46F0</containerEntry>
        </property>
        <property name="parent" type="EntityHandle" container="StaticArray" arraySize="1">
          <containerEntry>0x0</containerEntry>
        </property>
        <property name="transform" type="EntityPtr" container="StaticArray" arraySize="1">
          <containerEntry>0x317BA00</containerEntry>
        </property>
        <property name="shearTransform" type="EntityPtr" container="StaticArray" arraySize="1">
          <containerEntry>0x0</containerEntry>
        </property>
        <property name="pivotTransform" type="EntityPtr" container="StaticArray" arraySize="1">
          <containerEntry>0x0</containerEntry>
        </property>
        <property name="children" type="EntityHandle" container="List"></property>
        <property name="flags" type="UInt32" container="StaticArray" arraySize="1">
          <containerEntry>7</containerEntry>
        </property>
        <property name="modelFile" type="FilePtr" container="StaticArray" arraySize="1">
          <containerEntry>/Assets/tpp/environ/object/middle_africa/rock/mafr_rock011/scenes/mafr_rock011.fmdl</containerEntry>
        </property>
        <property name="geomFile" type="FilePtr" container="StaticArray" arraySize="1">
          <containerEntry>/Assets/tpp/environ/object/middle_africa/rock/mafr_rock011/scenes/mafr_rock011.geom</containerEntry>
        </property>
        <property name="isVisibleGeom" type="Bool" container="StaticArray" arraySize="1">
          <containerEntry>false</containerEntry>
        </property>
        <property name="isIsolated" type="Bool" container="StaticArray" arraySize="1">
          <containerEntry>false</containerEntry>
        </property>
        <property name="lodFarSize" type="Float" container="StaticArray" arraySize="1">
          <containerEntry>-1</containerEntry>
        </property>
        <property name="lodNearSize" type="Float" container="StaticArray" arraySize="1">
          <containerEntry>-1</containerEntry>
        </property>
        <property name="lodPolygonSize" type="Float" container="StaticArray" arraySize="1">
          <containerEntry>-1</containerEntry>
        </property>
        <property name="color" type="Color" container="StaticArray" arraySize="1">
          <containerEntry r="1" g="1" b="1" a="1"></containerEntry>
        </property>
        <property name="drawRejectionLevel" type="Int32" container="StaticArray" arraySize="1">
          <containerEntry>8</containerEntry>
        </property>
        <property name="drawMode" type="Int32" container="StaticArray" arraySize="1">
          <containerEntry>0</containerEntry>
        </property>
        <property name="rejectFarRangeShadowCast" type="Int32" container="StaticArray" arraySize="1">
          <containerEntry>2</containerEntry>
        </property>
      </staticProperties>
      <dynamicProperties></dynamicProperties>
    </entity>
    <entity class="TransformEntity" classVersion="0" classID="0x50" addr="0x317BA00" id="0x717EE7">
      <staticProperties>
        <property name="owner" type="EntityHandle" container="StaticArray" arraySize="1">
          <containerEntry>0x317B990</containerEntry>
        </property>
        <property name="transform_scale" type="Vector3" container="StaticArray" arraySize="1">
          <containerEntry x="1" y="1" z="1" w="0"></containerEntry>
        </property>
        <property name="transform_rotation_quat" type="Quat" container="StaticArray" arraySize="1">
          <containerEntry x="0.123406" y="0.573978" z="-0.045866" w="0.808218"></containerEntry>
        </property>
        <property name="transform_translation" type="Vector3" container="StaticArray" arraySize="1">
          <containerEntry x="2283.4578" y="187.90001" z="-2281.5652" w="1"></containerEntry>
        </property>
      </staticProperties>
      <dynamicProperties></dynamicProperties>
    </entity>
    <entity class="StaticModel" classVersion="9" classID="0x160" addr="0x317BED0" id="0x717F00">
      <staticProperties>
        <property name="name" type="String" container="StaticArray" arraySize="1">
          <containerEntry>mafr_clff015_wall002_0005</containerEntry>
        </property>
        <property name="dataSet" type="EntityHandle" container="StaticArray" arraySize="1">
          <containerEntry>0x32F46F0</containerEntry>
        </property>
        <property name="parent" type="EntityHandle" container="StaticArray" arraySize="1">
          <containerEntry>0x0</containerEntry>
        </property>
        <property name="transform" type="EntityPtr" container="StaticArray" arraySize="1">
          <containerEntry>0x317BF40</containerEntry>
        </property>
        <property name="shearTransform" type="EntityPtr" container="StaticArray" arraySize="1">
          <containerEntry>0x0</containerEntry>
        </property>
        <property name="pivotTransform" type="EntityPtr" container="StaticArray" arraySize="1">
          <containerEntry>0x0</containerEntry>
        </property>
        <property name="children" type="EntityHandle" container="List"></property>
        <property name="flags" type="UInt32" container="StaticArray" arraySize="1">
          <containerEntry>7</containerEntry>
        </property>
        <property name="modelFile" type="FilePtr" container="StaticArray" arraySize="1">
          <containerEntry>/Assets/tpp/environ/object/middle_africa/cliff/mafr_clff015/scenes/mafr_clff015_wall002.fmdl</containerEntry>
        </property>
        <property name="geomFile" type="FilePtr" container="StaticArray" arraySize="1">
          <containerEntry>/Assets/tpp/environ/object/middle_africa/cliff/mafr_clff015/scenes/mafr_clff015_wall002.geom</containerEntry>
        </property>
        <property name="isVisibleGeom" type="Bool" container="StaticArray" arraySize="1">
          <containerEntry>false</containerEntry>
        </property>
        <property name="isIsolated" type="Bool" container="StaticArray" arraySize="1">
          <containerEntry>false</containerEntry>
        </property>
        <property name="lodFarSize" type="Float" container="StaticArray" arraySize="1">
          <containerEntry>-1</containerEntry>
        </property>
        <property name="lodNearSize" type="Float" container="StaticArray" arraySize="1">
          <containerEntry>-1</containerEntry>
        </property>
        <property name="lodPolygonSize" type="Float" container="StaticArray" arraySize="1">
          <containerEntry>-1</containerEntry>
        </property>
        <property name="color" type="Color" container="StaticArray" arraySize="1">
          <containerEntry r="1" g="1" b="1" a="1"></containerEntry>
        </property>
        <property name="drawRejectionLevel" type="Int32" container="StaticArray" arraySize="1">
          <containerEntry>8</containerEntry>
        </property>
        <property name="drawMode" type="Int32" container="StaticArray" arraySize="1">
          <containerEntry>0</containerEntry>
        </property>
        <property name="rejectFarRangeShadowCast" type="Int32" container="StaticArray" arraySize="1">
          <containerEntry>2</containerEntry>
        </property>
      </staticProperties>
      <dynamicProperties></dynamicProperties>
    </entity>
    <entity class="TransformEntity" classVersion="0" classID="0x50" addr="0x317BF40" id="0x717F03">
      <staticProperties>
        <property name="owner" type="EntityHandle" container="StaticArray" arraySize="1">
          <containerEntry>0x317BED0</containerEntry>
        </property>
        <property name="transform_scale" type="Vector3" container="StaticArray" arraySize="1">
          <containerEntry x="0.5" y="0.5" z="0.5" w="0"></containerEntry>
        </property>
        <property name="transform_rotation_quat" type="Quat" container="StaticArray" arraySize="1">
          <containerEntry x="0.058937" y="-0.870747" z="-0.097332" w="0.478386"></containerEntry>
        </property>
        <property name="transform_translation" type="Vector3" container="StaticArray" arraySize="1">
          <containerEntry x="2175.161" y="188.88242" z="-2280.5537" w="1"></containerEntry>
        </property>
      </staticProperties>
      <dynamicProperties></dynamicProperties>
    </entity>
    <entity class="StaticModelArray" classVersion="4" classID="0xD0" addr="0x317F820" id="0x0">
      <staticProperties>
        <property name="name" type="String" container="StaticArray" arraySize="1">
          <containerEntry>StaticModelArray0000</containerEntry>
        </property>
        <property name="dataSet" type="EntityHandle" container="StaticArray" arraySize="1">
          <containerEntry>0x32F46F0</containerEntry>
        </property>
        <property name="modelFile" type="FilePtr" container="StaticArray" arraySize="1">
          <containerEntry>/Assets/tpp/environ/object/middle_africa/rock/mafr_rock011/scenes/mafr_rock011.fmdl</containerEntry>
        </property>
        <property name="geomFile" type="FilePtr" container="StaticArray" arraySize="1">
          <containerEntry>/Assets/tpp/environ/object/middle_africa/rock/mafr_rock011/scenes/mafr_rock011.geom</containerEntry>
        </property>
        <property name="isVisibleGeom" type="Bool" container="StaticArray" arraySize="1">
          <containerEntry>false</containerEntry>
        </property>
        <property name="lodFarSize" type="Float" container="StaticArray" arraySize="1">
          <containerEntry>50</containerEntry>
        </property>
        <property name="lodNearSize" type="Float" container="StaticArray" arraySize="1">
          <containerEntry>600</containerEntry>
        </property>
        <property name="lodPolygonSize" type="Float" container="StaticArray" arraySize="1">
          <containerEntry>-1</containerEntry>
        </property>
        <property name="drawRejectionLevel" type="Int32" container="StaticArray" arraySize="1">
          <containerEntry>8</containerEntry>
        </property>
        <property name="drawMode" type="Int32" container="StaticArray" arraySize="1">
          <containerEntry>0</containerEntry>
        </property>
        <property name="rejectFarRangeShadowCast" type="Int32" container="StaticArray" arraySize="1">
          <containerEntry>2</containerEntry>
        </property>
        <property name="parentLocator" type="EntityLink" container="StaticArray" arraySize="1">
          <containerEntry packagePathHash="0xB8A0BF169F98" archivePathHash="0xB8A0BF169F98" nameInArchiveHash="0xB8A0BF169F98">0x0</containerEntry>
        </property>
        <property name="transforms" type="Matrix4" container="DynamicArray" arraySize="13">
          <containerEntry r11="-0.35735607" r12="0.022007048" r13="0.9337045" r14="0" r21="-0.3717479" r22="0.91376543" r23="-0.16381599" r24="0" r31="-0.85679173" r32="-0.40564507" r33="-0.31835818" r34="0" r41="2212.6377" r42="189.86652" r43="-2182.499" r44="1"></containerEntry>
          <containerEntry r11="-0.07923597" r12="0.14458805" r13="0.98631185" r14="0" r21="-0.2877607" r22="0.94398683" r23="-0.16150022" r24="0" r31="-0.95441633" r32="-0.29661945" r33="-0.033190727" r34="0" r41="2215.5986" r42="189.40178" r43="-2191.8938" r44="1"></containerEntry>
          <containerEntry r11="1.4837499" r12="0.20961191" r13="0.06744619" r14="0" r21="-0.2168519" r22="1.3112463" r23="0.6954189" r24="0" r31="0.038219847" r32="-0.69763565" r33="1.3273442" r34="0" r41="2247.0005" r42="185.48143" r43="-2271.8699" r44="1"></containerEntry>
          <containerEntry r11="1.4961144" r12="-0.039910786" r13="0.10024506" r14="0" r21="-0.044877004" r22="1.0371621" r23="1.0827183" r24="0" r31="-0.098121665" r32="-1.0829127" r33="1.0332814" r34="0" r41="2246.0732" r42="186.31273" r43="-2301.8345" r44="1"></containerEntry>
          <containerEntry r11="-0.79162776" r12="-0.019276634" r13="-1.2739458" r14="0" r21="0.9145012" r22="1.0357084" r23="-0.5839455" r24="0" r31="0.8871276" r32="-1.0848656" r33="-0.534843" r34="0" r41="2269.338" r42="185.56367" r43="-2278.248" r44="1"></containerEntry>
          <containerEntry r11="0.106920764" r12="0.22219893" r13="1.4795897" r14="0" r21="-0.8880098" r22="1.2032692" r23="-0.11653139" r24="0" r31="-1.2041578" r32="-0.8676226" r33="0.21731383" r34="0" r41="2275.552" r42="185.70535" r43="-2267.7993" r44="1"></containerEntry>
          <containerEntry r11="1.3035145" r12="0.43024" r13="0.604766" r14="0" r21="-0.4896" r22="1.4170626" r23="0.04716841" r24="0" r31="-0.5577983" r32="-0.23838589" r33="1.3718718" r34="0" r41="2273.234" r42="187.69234" r43="-2223.3142" r44="1"></containerEntry>
          <containerEntry r11="-0.34746858" r12="-0.02434241" r13="1.458991" r14="0" r21="-0.6546751" r22="1.3429723" r23="-0.13350934" r24="0" r31="-1.3040891" r32="-0.66770625" r33="-0.32171738" r34="0" r41="2233.806" r42="188.52594" r43="-2240.4363" r44="1"></containerEntry>
          <containerEntry r11="0.6950177" r12="-0.02434165" r13="-1.3290405" r14="0" r21="0.5860877" r22="1.3517126" r23="0.28173184" r24="0" r31="1.1930815" r32="-0.64983" r33="0.6358207" r34="0" r41="2251.9246" r42="190.5683" r43="-2210.4297" r44="1"></containerEntry>
          <containerEntry r11="0.5739088" r12="-0.059356757" r13="-1.3845928" r14="0" r21="-0.06867005" r22="1.4955646" r23="-0.09257875" r24="0" r31="1.384162" r32="0.098807886" r33="0.56949437" r34="0" r41="2310.7568" r42="193.26695" r43="-2217.3574" r44="1"></containerEntry>
          <containerEntry r11="1.4849005" r12="0.015082605" r13="-0.21176192" r14="0" r21="0.0066684536" r22="1.4921589" r23="0.15302704" r24="0" r31="0.21219367" r32="-0.15242803" r33="1.4770713" r34="0" r41="2298.008" r42="198.21136" r43="-2190.3196" r44="1"></containerEntry>
          <containerEntry r11="-1.3081511" r12="0.16404787" r13="0.7153951" r14="0" r21="-0.62722397" r22="0.50943685" r23="-1.2637447" r24="0" r31="-0.3811739" r32="-1.4012669" r33="-0.37567493" r34="0" r41="2267.0715" r42="196.86015" r43="-2175.5781" r44="1"></containerEntry>
          <containerEntry r11="-0.83655226" r12="-0.40491128" r13="-1.1773715" r14="0" r21="0.039846666" r22="1.4090255" r23="-0.5128921" r24="0" r31="1.2444152" r32="-0.31731972" r33="-0.775059" r34="0" r41="2309.38" r42="191.55034" r43="-2221.369" r44="1"></containerEntry>
        </property>
        <property name="colors" type="UInt32" container="DynamicArray" arraySize="13">
          <containerEntry>4294967295</containerEntry>
          <containerEntry>4294967295</containerEntry>
          <containerEntry>4294967295</containerEntry>
          <containerEntry>4294967295</containerEntry>
          <containerEntry>4294967295</containerEntry>
          <containerEntry>4294967295</containerEntry>
          <containerEntry>4294967295</containerEntry>
          <containerEntry>4294967295</containerEntry>
          <containerEntry>4294967295</containerEntry>
          <containerEntry>4294967295</containerEntry>
          <containerEntry>4294967295</containerEntry>
          <containerEntry>4294967295</containerEntry>
          <containerEntry>4294967295</containerEntry>
        </property>
      </staticProperties>
      <dynamicProperties></dynamicProperties>
    </entity>
    <entity class="StaticModelArray" classVersion="4" classID="0xD0" addr="0x317F190" id="0x0">
      <staticProperties>
        <property name="name" type="String" container="StaticArray" arraySize="1">
          <containerEntry>StaticModelArray0001</containerEntry>
        </property>
        <property name="dataSet" type="EntityHandle" container="StaticArray" arraySize="1">
          <containerEntry>0x32F46F0</containerEntry>
        </property>
        <property name="modelFile" type="FilePtr" container="StaticArray" arraySize="1">
          <containerEntry>/Assets/tpp/environ/object/middle_africa/rock/mafr_rock010/scenes/mafr_rock010.fmdl</containerEntry>
        </property>
        <property name="geomFile" type="FilePtr" container="StaticArray" arraySize="1">
          <containerEntry>/Assets/tpp/environ/object/middle_africa/rock/mafr_rock010/scenes/mafr_rock010.geom</containerEntry>
        </property>
        <property name="isVisibleGeom" type="Bool" container="StaticArray" arraySize="1">
          <containerEntry>false</containerEntry>
        </property>
        <property name="lodFarSize" type="Float" container="StaticArray" arraySize="1">
          <containerEntry>-1</containerEntry>
        </property>
        <property name="lodNearSize" type="Float" container="StaticArray" arraySize="1">
          <containerEntry>-1</containerEntry>
        </property>
        <property name="lodPolygonSize" type="Float" container="StaticArray" arraySize="1">
          <containerEntry>-1</containerEntry>
        </property>
        <property name="drawRejectionLevel" type="Int32" container="StaticArray" arraySize="1">
          <containerEntry>8</containerEntry>
        </property>
        <property name="drawMode" type="Int32" container="StaticArray" arraySize="1">
          <containerEntry>0</containerEntry>
        </property>
        <property name="rejectFarRangeShadowCast" type="Int32" container="StaticArray" arraySize="1">
          <containerEntry>2</containerEntry>
        </property>
        <property name="parentLocator" type="EntityLink" container="StaticArray" arraySize="1">
          <containerEntry packagePathHash="0xB8A0BF169F98" archivePathHash="0xB8A0BF169F98" nameInArchiveHash="0xB8A0BF169F98">0x0</containerEntry>
        </property>
        <property name="transforms" type="Matrix4" container="DynamicArray" arraySize="6">
          <containerEntry r11="-0.7349102" r12="-0.054469075" r13="0.67597544" r14="0" r21="-0.050656404" r22="0.9983937" r23="0.025376294" r24="0" r31="-0.6762718" r32="-0.0155931935" r33="-0.73648894" r34="0" r41="2208.2756" r42="192.45706" r43="-2184.0413" r44="1"></containerEntry>
          <containerEntry r11="-0.8387225" r12="-0.084689006" r13="0.53793585" r14="0" r21="0.018234909" r22="0.98291135" r23="0.18317401" r24="0" r31="-0.5442561" r32="0.16344112" r33="-0.82284564" r34="0" r41="2245.7166" r42="189.73651" r43="-2266.0588" r44="1"></containerEntry>
          <containerEntry r11="0.86580545" r12="0.24736987" r13="0.43495825" r14="0" r21="-0.1947297" r22="0.9673015" r23="-0.16250557" r24="0" r31="-0.4609348" r32="0.05599872" r33="0.8856652" r34="0" r41="2247.4875" r42="193.1682" r43="-2204.2568" r44="1"></containerEntry>
          <containerEntry r11="0.28189957" r12="0.11189336" r13="0.95289475" r14="0" r21="-0.14996924" r22="0.9861071" r23="-0.07142729" r24="0" r31="-0.9476486" r32="-0.12277014" r33="0.2947638" r34="0" r41="2232.365" r42="191.85625" r43="-2190.921" r44="1"></containerEntry>
          <containerEntry r11="0.7890347" r12="-0.1994383" r13="-0.58107394" r14="0" r21="-0.35889062" r22="0.6180295" r23="-0.6994528" r24="0" r31="0.4986182" r32="0.7604348" r33="0.41607022" r34="0" r41="2279.111" r42="200.14267" r43="-2184.9402" r44="1"></containerEntry>
          <containerEntry r11="1.3359928" r12="-0.25168428" r13="0.06913478" r14="0" r21="0.24433357" r22="1.0791749" r23="-0.7928941" r24="0" r31="0.09179165" r32="0.7905916" r33="1.104327" r34="0" r41="2295.338" r42="212.67747" r43="-2176.6692" r44="1"></containerEntry>
        </property>
        <property name="colors" type="UInt32" container="DynamicArray" arraySize="6">
          <containerEntry>4294967295</containerEntry>
          <containerEntry>4294967295</containerEntry>
          <containerEntry>4294967295</containerEntry>
          <containerEntry>4294967295</containerEntry>
          <containerEntry>4294967295</containerEntry>
          <containerEntry>4294967295</containerEntry>
        </property>
      </staticProperties>
      <dynamicProperties></dynamicProperties>
    </entity>
    <entity class="StaticModelArray" classVersion="4" classID="0xD0" addr="0x317F5F0" id="0x0">
      <staticProperties>
        <property name="name" type="String" container="StaticArray" arraySize="1">
          <containerEntry>StaticModelArray0002</containerEntry>
        </property>
        <property name="dataSet" type="EntityHandle" container="StaticArray" arraySize="1">
          <containerEntry>0x32F46F0</containerEntry>
        </property>
        <property name="modelFile" type="FilePtr" container="StaticArray" arraySize="1">
          <containerEntry>/Assets/tpp/environ/object/middle_africa/cliff/mafr_clff003/scenes/mafr_clff003_vrtn001.fmdl</containerEntry>
        </property>
        <property name="geomFile" type="FilePtr" container="StaticArray" arraySize="1">
          <containerEntry>/Assets/tpp/environ/object/middle_africa/cliff/mafr_clff003/scenes/mafr_clff003_vrtn001.geom</containerEntry>
        </property>
        <property name="isVisibleGeom" type="Bool" container="StaticArray" arraySize="1">
          <containerEntry>false</containerEntry>
        </property>
        <property name="lodFarSize" type="Float" container="StaticArray" arraySize="1">
          <containerEntry>-1</containerEntry>
        </property>
        <property name="lodNearSize" type="Float" container="StaticArray" arraySize="1">
          <containerEntry>-1</containerEntry>
        </property>
        <property name="lodPolygonSize" type="Float" container="StaticArray" arraySize="1">
          <containerEntry>-1</containerEntry>
        </property>
        <property name="drawRejectionLevel" type="Int32" container="StaticArray" arraySize="1">
          <containerEntry>8</containerEntry>
        </property>
        <property name="drawMode" type="Int32" container="StaticArray" arraySize="1">
          <containerEntry>0</containerEntry>
        </property>
        <property name="rejectFarRangeShadowCast" type="Int32" container="StaticArray" arraySize="1">
          <containerEntry>2</containerEntry>
        </property>
        <property name="parentLocator" type="EntityLink" container="StaticArray" arraySize="1">
          <containerEntry packagePathHash="0xB8A0BF169F98" archivePathHash="0xB8A0BF169F98" nameInArchiveHash="0xB8A0BF169F98">0x0</containerEntry>
        </property>
        <property name="transforms" type="Matrix4" container="DynamicArray" arraySize="19">
          <containerEntry r11="0.47165" r12="0.15008008" r13="-0.8689179" r14="0" r21="-0.25431463" r22="0.96668875" r23="0.028925195" r24="0" r31="0.84431416" r32="0.20733684" r33="0.49410653" r34="0" r41="2181.6914" r42="187.20302" r43="-2270.8105" r44="1"></containerEntry>
          <containerEntry r11="-0.5929284" r12="0.13910988" r13="-0.79314077" r14="0" r21="-0.35492083" r22="0.838982" r23="0.41247928" r24="0" r31="0.7228105" r32="0.52607644" r33="-0.4480821" r34="0" r41="2189.3552" r42="194.51587" r43="-2295.3691" r44="1"></containerEntry>
          <containerEntry r11="-0.9079584" r12="0.05311857" r13="0.4156621" r14="0" r21="0.36450082" r22="0.5894668" r23="0.72087777" r24="0" r31="-0.2067262" r32="0.8060422" r33="-0.5545701" r34="0" r41="2209.7153" r42="193.13179" r43="-2300.7668" r44="1"></containerEntry>
          <containerEntry r11="0.8081574" r12="0.012380227" r13="-0.588835" r14="0" r21="-0.2606101" r22="0.90409344" r23="-0.33866873" r24="0" r31="0.5281688" r32="0.4271544" r33="0.73387635" r34="0" r41="2198.25" r42="193.60846" r43="-2296.3787" r44="1"></containerEntry>
          <containerEntry r11="-0.38531774" r12="-0.097561896" r13="0.9176057" r14="0" r21="0.6239012" r22="0.7051263" r23="0.33695942" r24="0" r31="-0.6799013" r32="0.70233613" r33="-0.2108267" r34="0" r41="2178.18" r42="194.25816" r43="-2281.3098" r44="1"></containerEntry>
          <containerEntry r11="0.12159329" r12="0.022630662" r13="-0.99231887" r14="0" r21="-0.592139" r22="0.80400884" r23="-0.054219365" r24="0" r31="0.79660547" r32="0.59418535" r33="0.11116326" r34="0" r41="2184.3865" r42="194.85336" r43="-2288.7722" r44="1"></containerEntry>
          <containerEntry r11="-0.9949279" r12="0.05793387" r13="0.082136884" r14="0" r21="0.09577136" r22="0.2983946" r23="0.9496225" r24="0" r31="0.030506548" r32="0.95267975" r33="-0.302424" r34="0" r41="2205.497" r42="188.38034" r43="-2293.649" r44="1"></containerEntry>
          <containerEntry r11="-0.7995155" r12="-0.0073628426" r13="0.6005905" r14="0" r21="0.38229388" r22="0.7649962" r23="0.518296" r24="0" r31="-0.46326512" r32="0.6439916" r33="-0.60881007" r34="0" r41="2209.7153" r42="191.39365" r43="-2243.68" r44="1"></containerEntry>
          <containerEntry r11="0.6183468" r12="-0.06245385" r13="-0.7834181" r14="0" r21="-0.49671596" r22="0.74143565" r23="-0.45115906" r24="0" r31="0.60903007" r32="0.66810983" r33="0.4274428" r34="0" r41="2222.0068" r42="190.9044" r43="-2248.735" r44="1"></containerEntry>
          <containerEntry r11="0.5995633" r12="0.059624612" r13="-0.7981015" r14="0" r21="-0.35884044" r22="0.9113928" r23="-0.20148449" r24="0" r31="0.71537024" r32="0.4071945" r33="0.56783366" r34="0" r41="2208.2766" r42="191.24934" r43="-2235.4917" r44="1"></containerEntry>
          <containerEntry r11="0.5587444" r12="-0.10261029" r13="-0.8229663" r14="0" r21="-0.7100786" r22="0.45348877" r23="-0.5386402" r24="0" r31="0.42847484" r32="0.88533384" r33="0.18052337" r34="0" r41="2192.4412" r42="187.37965" r43="-2239.121" r44="1"></containerEntry>
          <containerEntry r11="0.59191287" r12="-0.07495135" r13="-0.80250764" r14="0" r21="-0.43034983" r22="0.8124747" r23="-0.39329696" r24="0" r31="0.68149483" r32="0.57815725" r33="0.44865906" r34="0" r41="2200.6887" r42="190.41962" r43="-2213.8875" r44="1"></containerEntry>
          <containerEntry r11="-0.8704163" r12="-0.2066735" r13="0.44681975" r14="0" r21="0.28233892" r22="0.5339517" r23="0.79697984" r24="0" r31="-0.40329465" r32="0.8198647" r33="-0.4064049" r34="0" r41="2223.2031" r42="188.99643" r43="-2233.9326" r44="1"></containerEntry>
          <containerEntry r11="0.032374144" r12="0.10090116" r13="0.9943658" r14="0" r21="0.38149318" r22="0.9183193" r23="-0.1056031" r24="0" r31="-0.92380047" r32="0.38276365" r33="-0.0087631345" r34="0" r41="2303.9988" r42="196.9692" r43="-2198.8164" r44="1"></containerEntry>
          <containerEntry r11="-0.81674665" r12="0.0026744977" r13="0.57698" r14="0" r21="-0.026135974" r22="0.9987913" r23="-0.041626763" r24="0" r31="-0.57639396" r32="-0.04907875" r33="-0.81568956" r34="0" r41="2287.2861" r42="198.81003" r43="-2185.2803" r44="1"></containerEntry>
          <containerEntry r11="0.97728914" r12="0.18920605" r13="-0.09543027" r14="0" r21="-0.13872655" r22="0.230815" r23="-0.9630543" r24="0" r31="-0.16018991" r32="0.95442116" r33="0.251821" r34="0" r41="2291.2373" r42="202.70818" r43="-2182.4663" r44="1"></containerEntry>
          <containerEntry r11="-0.58793366" r12="-0.29860055" r13="0.7517703" r14="0" r21="0.312734" r22="0.7731972" r23="0.55168986" r24="0" r31="-0.74600154" r32="0.55946577" r33="-0.36120427" r34="0" r41="2249.8962" r42="194.68085" r43="-2187.8057" r44="1"></containerEntry>
          <containerEntry r11="0.79698014" r12="0.06936376" r13="-0.6000076" r14="0" r21="-0.41341263" r22="0.7868786" r23="-0.45815918" r24="0" r31="0.44035262" r32="0.61319536" r33="0.65580285" r34="0" r41="2264.5889" r42="195.06425" r43="-2205.5005" r44="1"></containerEntry>
          <containerEntry r11="0.63263816" r12="-0.13639948" r13="-0.76234007" r14="0" r21="-0.5278423" r22="0.6443683" r23="-0.55332667" r24="0" r31="0.5667008" r32="0.75245136" r33="0.3356547" r34="0" r41="2258.6316" r42="187.89703" r43="-2237.924" r44="1"></containerEntry>
        </property>
        <property name="colors" type="UInt32" container="DynamicArray" arraySize="19">
          <containerEntry>4294967295</containerEntry>
          <containerEntry>4294967295</containerEntry>
          <containerEntry>4294967295</containerEntry>
          <containerEntry>4294967295</containerEntry>
          <containerEntry>4294967295</containerEntry>
          <containerEntry>4294967295</containerEntry>
          <containerEntry>4294967295</containerEntry>
          <containerEntry>4294967295</containerEntry>
          <containerEntry>4294967295</containerEntry>
          <containerEntry>4294967295</containerEntry>
          <containerEntry>4294967295</containerEntry>
          <containerEntry>4294967295</containerEntry>
          <containerEntry>4294967295</containerEntry>
          <containerEntry>4294967295</containerEntry>
          <containerEntry>4294967295</containerEntry>
          <containerEntry>4294967295</containerEntry>
          <containerEntry>4294967295</containerEntry>
          <containerEntry>4294967295</containerEntry>
          <containerEntry>4294967295</containerEntry>
        </property>
      </staticProperties>
      <dynamicProperties></dynamicProperties>
    </entity>
    <entity class="StaticModelArray" classVersion="4" classID="0xD0" addr="0x317F6D0" id="0x0">
      <staticProperties>
        <property name="name" type="String" container="StaticArray" arraySize="1">
          <containerEntry>StaticModelArray0003</containerEntry>
        </property>
        <property name="dataSet" type="EntityHandle" container="StaticArray" arraySize="1">
          <containerEntry>0x32F46F0</containerEntry>
        </property>
        <property name="modelFile" type="FilePtr" container="StaticArray" arraySize="1">
          <containerEntry>/Assets/tpp/environ/object/middle_africa/rock/mafr_rock002/scenes/mafr_rock002.fmdl</containerEntry>
        </property>
        <property name="geomFile" type="FilePtr" container="StaticArray" arraySize="1">
          <containerEntry>/Assets/tpp/environ/object/middle_africa/rock/mafr_rock002/scenes/mafr_rock002.geom</containerEntry>
        </property>
        <property name="isVisibleGeom" type="Bool" container="StaticArray" arraySize="1">
          <containerEntry>false</containerEntry>
        </property>
        <property name="lodFarSize" type="Float" container="StaticArray" arraySize="1">
          <containerEntry>-1</containerEntry>
        </property>
        <property name="lodNearSize" type="Float" container="StaticArray" arraySize="1">
          <containerEntry>-1</containerEntry>
        </property>
        <property name="lodPolygonSize" type="Float" container="StaticArray" arraySize="1">
          <containerEntry>-1</containerEntry>
        </property>
        <property name="drawRejectionLevel" type="Int32" container="StaticArray" arraySize="1">
          <containerEntry>8</containerEntry>
        </property>
        <property name="drawMode" type="Int32" container="StaticArray" arraySize="1">
          <containerEntry>0</containerEntry>
        </property>
        <property name="rejectFarRangeShadowCast" type="Int32" container="StaticArray" arraySize="1">
          <containerEntry>2</containerEntry>
        </property>
        <property name="parentLocator" type="EntityLink" container="StaticArray" arraySize="1">
          <containerEntry packagePathHash="0xB8A0BF169F98" archivePathHash="0xB8A0BF169F98" nameInArchiveHash="0xB8A0BF169F98">0x0</containerEntry>
        </property>
        <property name="transforms" type="Matrix4" container="DynamicArray" arraySize="15">
          <containerEntry r11="-0.98631215" r12="-0.0012965165" r13="0.16487354" r14="0" r21="-0.063470826" r22="0.9258926" r23="-0.37241673" r24="0" r31="-0.15217233" r32="-0.37778443" r33="-0.9133012" r34="0" r41="2292.2732" r42="192.55927" r43="-2286.38" r44="1"></containerEntry>
          <containerEntry r11="-0.4397584" r12="0.052073285" r13="-0.8966044" r14="0" r21="-0.5335027" r22="0.78794736" r23="0.30743054" r24="0" r31="0.7224859" r32="0.6135365" r33="-0.31872505" r34="0" r41="2285.7222" r42="190.52771" r43="-2272.2234" r44="1"></containerEntry>
          <containerEntry r11="0.9217307" r12="-0.021391505" r13="-0.38724026" r14="0" r21="0.05741202" r22="0.9950028" r23="0.081690446" r24="0" r31="0.38355765" r32="-0.09752883" r33="0.9183527" r34="0" r41="2199.0715" r42="197.13036" r43="-2294.5781" r44="1"></containerEntry>
          <containerEntry r11="0.90888417" r12="-0.01895058" r13="-0.41661772" r14="0" r21="0.024585465" r22="0.99966437" r23="0.008163648" r24="0" r31="0.4163232" r32="-0.017662553" r33="0.90904504" r34="0" r41="2219.705" r42="190.13658" r43="-2257.3784" r44="1"></containerEntry>
          <containerEntry r11="0.90347093" r12="-0.05206173" r13="-0.42547572" r14="0" r21="0.12472317" r22="0.9815783" r23="0.14473455" r24="0" r31="0.4101026" r32="-0.18383019" r33="0.8933208" r34="0" r41="2212.1943" r42="195.39642" r43="-2245.3047" r44="1"></containerEntry>
          <containerEntry r11="0.31086788" r12="0.051818397" r13="0.94903827" r14="0" r21="-0.15486573" r22="0.9879303" r23="-0.0032141581" r24="0" r31="-0.9377502" r32="-0.14597458" r33="0.31514072" r34="0" r41="2195.3127" r42="195.21075" r43="-2232.1782" r44="1"></containerEntry>
          <containerEntry r11="-0.5978359" r12="0.008196034" r13="0.80157334" r14="0" r21="0.07957929" r22="0.99561495" r23="0.049172547" r24="0" r31="-0.7976554" r32="0.093185976" r33="-0.5958666" r34="0" r41="2263.696" r42="199.08304" r43="-2206.6748" r44="1"></containerEntry>
          <containerEntry r11="-0.1421002" r12="0.060156107" r13="-0.9880197" r14="0" r21="0.07958023" r22="0.9956149" r23="0.049172703" r24="0" r31="0.9866452" r32="-0.07163945" r33="-0.14626431" r34="0" r41="2254.6406" r42="198.85904" r43="-2188.8147" r44="1"></containerEntry>
