<fox formatVersion="2" fileVersion="0">
  <entities>
    <entity class="DataSet" classVersion="0" classID="0xE8" addr="0x2EF45A0" id="0x1B5A633">
      <staticProperties>
        <property name="name" type="String" container="StaticArray" arraySize="1">
          <containerEntry hash="0xB8A0BF169F98"></containerEntry>
        </property>
        <property name="dataSet" type="EntityHandle" container="StaticArray" arraySize="1">
          <containerEntry>0x0</containerEntry>
        </property>
        <property name="dataList" type="EntityPtr" container="StringMap" arraySize="7">
          <containerEntry key="mafr_rock007_0000">
            <data>0x2D77550</data>
          </containerEntry>
          <containerEntry key="StaticModelArray0000">
            <data>0x2D7CE90</data>
          </containerEntry>
          <containerEntry key="StaticModelArray0001">
            <data>0x2D7CF00</data>
          </containerEntry>
          <containerEntry key="StaticModelArray0002">
            <data>0x2D7CF70</data>
          </containerEntry>
          <containerEntry key="StaticModelArray0003">
            <data>0x2D7CFE0</data>
          </containerEntry>
          <containerEntry key="StaticModelArray0004">
            <data>0x2D7D050</data>
          </containerEntry>
          <containerEntry key="TexturePackLoadConditioner0000">
            <data>0x2D7D4B0</data>
          </containerEntry>
        </property>
      </staticProperties>
      <dynamicProperties></dynamicProperties>
    </entity>
    <entity class="StaticModel" classVersion="9" classID="0x160" addr="0x2D77550" id="0x1B5A72B">
      <staticProperties>
        <property name="name" type="String" container="StaticArray" arraySize="1">
          <containerEntry>mafr_rock007_0000</containerEntry>
        </property>
        <property name="dataSet" type="EntityHandle" container="StaticArray" arraySize="1">
          <containerEntry>0x2EF45A0</containerEntry>
        </property>
        <property name="parent" type="EntityHandle" container="StaticArray" arraySize="1">
          <containerEntry>0x0</containerEntry>
        </property>
        <property name="transform" type="EntityPtr" container="StaticArray" arraySize="1">
          <containerEntry>0x2D775C0</containerEntry>
        </property>
        <property name="shearTransform" type="EntityPtr" container="StaticArray" arraySize="1">
          <containerEntry>0x0</containerEntry>
        </property>
        <property name="pivotTransform" type="EntityPtr" container="StaticArray" arraySize="1">
          <containerEntry>0x0</containerEntry>
        </property>
        <property name="children" type="EntityHandle" container="List"></property>
        <property name="flags" type="UInt32" container="StaticArray" arraySize="1">
          <containerEntry>7</containerEntry>
        </property>
        <property name="modelFile" type="FilePtr" container="StaticArray" arraySize="1">
          <containerEntry>/Assets/tpp/environ/object/middle_africa/rock/mafr_rock007/scenes/mafr_rock007.fmdl</containerEntry>
        </property>
        <property name="geomFile" type="FilePtr" container="StaticArray" arraySize="1">
          <containerEntry>/Assets/tpp/environ/object/middle_africa/rock/mafr_rock007/scenes/mafr_rock007.geom</containerEntry>
        </property>
        <property name="isVisibleGeom" type="Bool" container="StaticArray" arraySize="1">
          <containerEntry>false</containerEntry>
        </property>
        <property name="isIsolated" type="Bool" container="StaticArray" arraySize="1">
          <containerEntry>false</containerEntry>
        </property>
        <property name="lodFarSize" type="Float" container="StaticArray" arraySize="1">
          <containerEntry>-1</containerEntry>
        </property>
        <property name="lodNearSize" type="Float" container="StaticArray" arraySize="1">
          <containerEntry>-1</containerEntry>
        </property>
        <property name="lodPolygonSize" type="Float" container="StaticArray" arraySize="1">
          <containerEntry>-1</containerEntry>
        </property>
        <property name="color" type="Color" container="StaticArray" arraySize="1">
          <containerEntry r="1" g="1" b="1" a="1"></containerEntry>
        </property>
        <property name="drawRejectionLevel" type="Int32" container="StaticArray" arraySize="1">
          <containerEntry>8</containerEntry>
        </property>
        <property name="drawMode" type="Int32" container="StaticArray" arraySize="1">
          <containerEntry>0</containerEntry>
        </property>
        <property name="rejectFarRangeShadowCast" type="Int32" container="StaticArray" arraySize="1">
          <containerEntry>2</containerEntry>
        </property>
      </staticProperties>
      <dynamicProperties></dynamicProperties>
    </entity>
    <entity class="TransformEntity" classVersion="0" classID="0x50" addr="0x2D775C0" id="0x1B5A72E">
      <staticProperties>
        <property name="owner" type="EntityHandle" container="StaticArray" arraySize="1">
          <containerEntry>0x2D77550</containerEntry>
        </property>
        <property name="transform_scale" type="Vector3" container="StaticArray" arraySize="1">
          <containerEntry x="1" y="1" z="1" w="0"></containerEntry>
        </property>
        <property name="transform_rotation_quat" type="Quat" container="StaticArray" arraySize="1">
          <containerEntry x="0.102858" y="-0.591785" z="0.235139" w="0.764147"></containerEntry>
        </property>
        <property name="transform_translation" type="Vector3" container="StaticArray" arraySize="1">
          <containerEntry x="1737.9373" y="53.975414" z="11.190727" w="0"></containerEntry>
        </property>
      </staticProperties>
      <dynamicProperties></dynamicProperties>
    </entity>
    <entity class="StaticModelArray" classVersion="4" classID="0xD0" addr="0x2D7CE90" id="0x0">
      <staticProperties>
        <property name="name" type="String" container="StaticArray" arraySize="1">
          <containerEntry>StaticModelArray0000</containerEntry>
        </property>
        <property name="dataSet" type="EntityHandle" container="StaticArray" arraySize="1">
          <containerEntry>0x2EF45A0</containerEntry>
        </property>
        <property name="modelFile" type="FilePtr" container="StaticArray" arraySize="1">
          <containerEntry>/Assets/tpp/environ/object/middle_africa/tree/mafr_tree038/scenes/mafr_tree038.fmdl</containerEntry>
        </property>
        <property name="geomFile" type="FilePtr" container="StaticArray" arraySize="1">
          <containerEntry>/Assets/tpp/environ/object/middle_africa/tree/mafr_tree038/scenes/mafr_tree038.geom</containerEntry>
        </property>
        <property name="isVisibleGeom" type="Bool" container="StaticArray" arraySize="1">
          <containerEntry>false</containerEntry>
        </property>
        <property name="lodFarSize" type="Float" container="StaticArray" arraySize="1">
          <containerEntry>-1</containerEntry>
        </property>
        <property name="lodNearSize" type="Float" container="StaticArray" arraySize="1">
          <containerEntry>-1</containerEntry>
        </property>
        <property name="lodPolygonSize" type="Float" container="StaticArray" arraySize="1">
          <containerEntry>-1</containerEntry>
        </property>
        <property name="drawRejectionLevel" type="Int32" container="StaticArray" arraySize="1">
          <containerEntry>8</containerEntry>
        </property>
        <property name="drawMode" type="Int32" container="StaticArray" arraySize="1">
          <containerEntry>0</containerEntry>
        </property>
        <property name="rejectFarRangeShadowCast" type="Int32" container="StaticArray" arraySize="1">
          <containerEntry>2</containerEntry>
        </property>
        <property name="parentLocator" type="EntityLink" container="StaticArray" arraySize="1">
          <containerEntry packagePathHash="0xB8A0BF169F98" archivePathHash="0xB8A0BF169F98" nameInArchiveHash="0xB8A0BF169F98">0x0</containerEntry>
        </property>
        <property name="transforms" type="Matrix4" container="DynamicArray" arraySize="2">
          <containerEntry r11="0.961129" r12="0" r13="-0.17491105" r14="0" r21="0" r22="0.976915" r23="0" r24="0" r31="0.17491105" r32="0" r33="0.961129" r34="0" r41="1715.3452" r42="42.75959" r43="-47.437653" r44="1"></containerEntry>
          <containerEntry r11="0.64697653" r12="0" r13="0.7625103" r14="0" r21="0" r22="1" r23="0" r24="0" r31="-0.7625103" r32="0" r33="0.64697653" r34="0" r41="1711.0784" r42="41.549942" r43="-56.77803" r44="1"></containerEntry>
        </property>
        <property name="colors" type="UInt32" container="DynamicArray" arraySize="2">
          <containerEntry>4294967295</containerEntry>
          <containerEntry>4294967295</containerEntry>
        </property>
      </staticProperties>
      <dynamicProperties></dynamicProperties>
    </entity>
    <entity class="StaticModelArray" classVersion="4" classID="0xD0" addr="0x2D7CF00" id="0x0">
      <staticProperties>
        <property name="name" type="String" container="StaticArray" arraySize="1">
          <containerEntry>StaticModelArray0001</containerEntry>
        </property>
        <property name="dataSet" type="EntityHandle" container="StaticArray" arraySize="1">
          <containerEntry>0x2EF45A0</containerEntry>
        </property>
        <property name="modelFile" type="FilePtr" container="StaticArray" arraySize="1">
          <containerEntry>/Assets/tpp/environ/object/middle_africa/cliff/mafr_clff003/scenes/mafr_clff003_vrtn001.fmdl</containerEntry>
        </property>
        <property name="geomFile" type="FilePtr" container="StaticArray" arraySize="1">
          <containerEntry>/Assets/tpp/environ/object/middle_africa/cliff/mafr_clff003/scenes/mafr_clff003_vrtn001.geom</containerEntry>
        </property>
        <property name="isVisibleGeom" type="Bool" container="StaticArray" arraySize="1">
          <containerEntry>false</containerEntry>
        </property>
        <property name="lodFarSize" type="Float" container="StaticArray" arraySize="1">
          <containerEntry>-1</containerEntry>
        </property>
        <property name="lodNearSize" type="Float" container="StaticArray" arraySize="1">
          <containerEntry>-1</containerEntry>
        </property>
        <property name="lodPolygonSize" type="Float" container="StaticArray" arraySize="1">
          <containerEntry>-1</containerEntry>
        </property>
        <property name="drawRejectionLevel" type="Int32" container="StaticArray" arraySize="1">
          <containerEntry>8</containerEntry>
        </property>
        <property name="drawMode" type="Int32" container="StaticArray" arraySize="1">
          <containerEntry>0</containerEntry>
        </property>
        <property name="rejectFarRangeShadowCast" type="Int32" container="StaticArray" arraySize="1">
          <containerEntry>2</containerEntry>
        </property>
        <property name="parentLocator" type="EntityLink" container="StaticArray" arraySize="1">
          <containerEntry packagePathHash="0xB8A0BF169F98" archivePathHash="0xB8A0BF169F98" nameInArchiveHash="0xB8A0BF169F98">0x0</containerEntry>
        </property>
        <property name="transforms" type="Matrix4" container="DynamicArray" arraySize="4">
          <containerEntry r11="0.6410478" r12="-0.011998087" r13="-0.76740503" r14="0" r21="-0.59285116" r22="0.6272641" r23="-0.50503844" r24="0" r31="0.48742378" r32="0.778712" r33="0.39499375" r34="0" r41="1701.7562" r42="34.83214" r43="-81.54338" r44="1"></containerEntry>
          <containerEntry r11="-0.84715664" r12="-0.20668466" r13="0.48947832" r14="0" r21="0.19430695" r22="0.73691237" r23="0.6474584" r24="0" r31="-0.49452236" r32="0.643614" r33="-0.5841174" r34="0" r41="1701.3156" r42="34.691406" r43="-81.46018" r44="1"></containerEntry>
          <containerEntry r11="0.8606312" r12="0.01009953" r13="0.5091275" r14="0" r21="0.12813903" r22="0.9633371" r23="-0.23571542" r24="0" r31="-0.49284196" r32="0.26810327" r33="0.8277839" r34="0" r41="1670.1449" r42="28.910866" r43="-6.635444" r44="1"></containerEntry>
          <containerEntry r11="0.9823697" r12="0.12728812" r13="-0.13692147" r14="0" r21="-0.18682443" r22="0.6417422" r23="-0.7438172" r24="0" r31="-0.006810732" r32="0.75628376" r33="0.65420854" r34="0" r41="1715.9307" r42="37.42143" r43="-73.94585" r44="1"></containerEntry>
        </property>
        <property name="colors" type="UInt32" container="DynamicArray" arraySize="4">
          <containerEntry>4294967295</containerEntry>
          <containerEntry>4294967295</containerEntry>
          <containerEntry>4294967295</containerEntry>
          <containerEntry>4294967295</containerEntry>
        </property>
      </staticProperties>
      <dynamicProperties></dynamicProperties>
    </entity>
    <entity class="StaticModelArray" classVersion="4" classID="0xD0" addr="0x2D7CF70" id="0x0">
      <staticProperties>
        <property name="name" type="String" container="StaticArray" arraySize="1">
          <containerEntry>StaticModelArray0002</containerEntry>
        </property>
        <property name="dataSet" type="EntityHandle" container="StaticArray" arraySize="1">
          <containerEntry>0x2EF45A0</containerEntry>
        </property>
        <property name="modelFile" type="FilePtr" container="StaticArray" arraySize="1">
          <containerEntry>/Assets/tpp/environ/object/middle_africa/rock/mafr_rock011/scenes/mafr_rock011.fmdl</containerEntry>
        </property>
        <property name="geomFile" type="FilePtr" container="StaticArray" arraySize="1">
          <containerEntry>/Assets/tpp/environ/object/middle_africa/rock/mafr_rock011/scenes/mafr_rock011.geom</containerEntry>
        </property>
        <property name="isVisibleGeom" type="Bool" container="StaticArray" arraySize="1">
          <containerEntry>false</containerEntry>
        </property>
        <property name="lodFarSize" type="Float" container="StaticArray" arraySize="1">
          <containerEntry>-1</containerEntry>
        </property>
        <property name="lodNearSize" type="Float" container="StaticArray" arraySize="1">
          <containerEntry>-1</containerEntry>
        </property>
        <property name="lodPolygonSize" type="Float" container="StaticArray" arraySize="1">
          <containerEntry>-1</containerEntry>
        </property>
        <property name="drawRejectionLevel" type="Int32" container="StaticArray" arraySize="1">
          <containerEntry>8</containerEntry>
        </property>
        <property name="drawMode" type="Int32" container="StaticArray" arraySize="1">
          <containerEntry>0</containerEntry>
        </property>
        <property name="rejectFarRangeShadowCast" type="Int32" container="StaticArray" arraySize="1">
          <containerEntry>2</containerEntry>
        </property>
        <property name="parentLocator" type="EntityLink" container="StaticArray" arraySize="1">
          <containerEntry packagePathHash="0xB8A0BF169F98" archivePathHash="0xB8A0BF169F98" nameInArchiveHash="0xB8A0BF169F98">0x0</containerEntry>
        </property>
        <property name="transforms" type="Matrix4" container="DynamicArray" arraySize="3">
          <containerEntry r11="1.0039657e-06" r12="0" r13="-0.999999" r14="0" r21="-0.258819" r22="0.9659258" r23="0" r24="0" r31="0.9659248" r32="0.258819" r33="1.013279e-06" r34="0" r41="1729.6353" r42="47.47736" r43="-18.605988" r44="1"></containerEntry>
          <containerEntry r11="1.0039657e-06" r12="0" r13="-0.999999" r14="0" r21="-0.258819" r22="0.9659258" r23="0" r24="0" r31="0.9659248" r32="0.258819" r33="1.013279e-06" r34="0" r41="1729.7716" r42="47.47736" r43="-26.474201" r44="1"></containerEntry>
          <containerEntry r11="-0.00055926107" r12="-0.00048576295" r13="-0.99999994" r14="0" r21="-0.2806145" r22="0.9598205" r23="-0.0003093779" r24="0" r31="0.95982057" r32="0.28061423" r33="-0.00067311525" r34="0" r41="1732.9299" r42="46.9644" r43="-3.649029" r44="1"></containerEntry>
        </property>
        <property name="colors" type="UInt32" container="DynamicArray" arraySize="3">
          <containerEntry>4294967295</containerEntry>
          <containerEntry>4294967295</containerEntry>
          <containerEntry>4294967295</containerEntry>
        </property>
      </staticProperties>
      <dynamicProperties></dynamicProperties>
    </entity>
    <entity class="StaticModelArray" classVersion="4" classID="0xD0" addr="0x2D7CFE0" id="0x0">
      <staticProperties>
        <property name="name" type="String" container="StaticArray" arraySize="1">
          <containerEntry>StaticModelArray0003</containerEntry>
        </property>
        <property name="dataSet" type="EntityHandle" container="StaticArray" arraySize="1">
          <containerEntry>0x2EF45A0</containerEntry>
        </property>
        <property name="modelFile" type="FilePtr" container="StaticArray" arraySize="1">
          <containerEntry>/Assets/tpp/environ/object/middle_africa/rock/mafr_rock002/scenes/mafr_rock002.fmdl</containerEntry>
        </property>
        <property name="geomFile" type="FilePtr" container="StaticArray" arraySize="1">
          <containerEntry>/Assets/tpp/environ/object/middle_africa/rock/mafr_rock002/scenes/mafr_rock002.geom</containerEntry>
        </property>
        <property name="isVisibleGeom" type="Bool" container="StaticArray" arraySize="1">
          <containerEntry>false</containerEntry>
        </property>
        <property name="lodFarSize" type="Float" container="StaticArray" arraySize="1">
          <containerEntry>-1</containerEntry>
        </property>
        <property name="lodNearSize" type="Float" container="StaticArray" arraySize="1">
          <containerEntry>-1</containerEntry>
        </property>
        <property name="lodPolygonSize" type="Float" container="StaticArray" arraySize="1">
          <containerEntry>-1</containerEntry>
        </property>
        <property name="drawRejectionLevel" type="Int32" container="StaticArray" arraySize="1">
          <containerEntry>8</containerEntry>
        </property>
        <property name="drawMode" type="Int32" container="StaticArray" arraySize="1">
          <containerEntry>0</containerEntry>
        </property>
        <property name="rejectFarRangeShadowCast" type="Int32" container="StaticArray" arraySize="1">
          <containerEntry>2</containerEntry>
        </property>
        <property name="parentLocator" type="EntityLink" container="StaticArray" arraySize="1">
          <containerEntry packagePathHash="0xB8A0BF169F98" archivePathHash="0xB8A0BF169F98" nameInArchiveHash="0xB8A0BF169F98">0x0</containerEntry>
        </property>
        <property name="transforms" type="Matrix4" container="DynamicArray" arraySize="15">
          <containerEntry r11="-0.4597275" r12="0.018669814" r13="0.887862" r14="0" r21="-0.24053282" r22="0.9597904" r23="-0.14472844" r24="0" r31="-0.85486346" r32="-0.28009605" r33="-0.43675125" r34="0" r41="1763.8134" r42="51.430187" r43="-101.30164" r44="1"></containerEntry>
          <containerEntry r11="0.22690903" r12="0.0068514347" r13="-0.9738923" r14="0" r21="-0.3004615" r22="0.9516905" r23="-0.06331001" r24="0" r31="0.92641026" r32="0.30698264" r33="0.21800572" r34="0" r41="1725.0098" r42="46.164753" r43="-46.808723" r44="1"></containerEntry>
          <containerEntry r11="0.9087771" r12="0.08553927" r13="0.40842053" r14="0" r21="-0.10637574" r22="0.9939166" r23="0.028531782" r24="0" r31="-0.40349534" r32="-0.06937503" r33="0.912348" r34="0" r41="1668.0643" r42="35.146637" r43="-105.40706" r44="1"></containerEntry>
          <containerEntry r11="-0.2172464" r12="0.018669844" r13="0.97593755" r14="0" r21="-0.26955643" r22="0.9597907" r23="-0.078365125" r24="0" r31="-0.9381588" r32="-0.28009498" r33="-0.20347846" r34="0" r41="1747.3165" r42="47.59826" r43="-84.39177" r44="1"></containerEntry>
          <containerEntry r11="0.90877736" r12="0.018669873" r13="0.4168635" r14="0" r21="-0.13309255" r22="0.9597905" r23="0.2471608" r24="0" r31="-0.3954872" r32="-0.28009558" r33="0.8747207" r34="0" r41="1722.4569" r42="43.98348" r43="-115.41737" r44="1"></containerEntry>
          <containerEntry r11="-0.2172464" r12="0.018669844" r13="0.97593755" r14="0" r21="-0.26955643" r22="0.9597907" r23="-0.078365125" r24="0" r31="-0.9381588" r32="-0.28009498" r33="-0.20347846" r34="0" r41="1722.4388" r42="46.756565" r43="-38.17866" r44="1"></containerEntry>
          <containerEntry r11="0.12166653" r12="-0.0064808354" r13="0.9925482" r14="0" r21="-0.07696354" r22="0.99690646" r23="0.015943322" r24="0" r31="-0.989581" r32="-0.078329906" r33="0.120791376" r34="0" r41="1690.4303" r42="37.730015" r43="-44.009583" r44="1"></containerEntry>
          <containerEntry r11="0.9981648" r12="0.060553953" r13="0.0005243545" r14="0" r21="-0.060553953" r22="0.9980149" r23="0.017301414" r24="0" r31="0.0005243545" r32="-0.017301414" r33="0.99985015" r34="0" r41="1676.6893" r42="36.789642" r43="-123.63997" r44="1"></containerEntry>
          <containerEntry r11="0.9981648" r12="0.060553953" r13="0.0005243545" r14="0" r21="-0.060553953" r22="0.9980149" r23="0.017301414" r24="0" r31="0.0005243545" r32="-0.017301414" r33="0.99985015" r34="0" r41="1692.3628" r42="40.091175" r43="-117.05558" r44="1"></containerEntry>
          <containerEntry r11="0.99617606" r12="0.0860587" r13="0.015070913" r14="0" r21="-0.07922635" r22="0.81708384" r23="0.5710489" r24="0" r31="0.036829583" r32="-0.57005924" r33="0.8207775" r34="0" r41="1720.6926" r42="50.23625" r43="-127.76744" r44="1"></containerEntry>
          <containerEntry r11="-0.99887437" r12="-0.04710606" r13="-0.0049883304" r14="0" r21="-0.04634883" r22="0.99366355" r23="-0.10239398" r24="0" r31="0.009780106" r32="-0.10204782" r33="-0.9947284" r34="0" r41="1733.0493" r42="49.49185" r43="-127.12549" r44="1"></containerEntry>
          <containerEntry r11="-0.99887437" r12="-0.04710606" r13="-0.0049883304" r14="0" r21="-0.04634883" r22="0.99366355" r23="-0.10239398" r24="0" r31="0.009780106" r32="-0.10204782" r33="-0.9947284" r34="0" r41="1736.116" r42="44.410526" r43="-110.7932" r44="1"></containerEntry>
          <containerEntry r11="-0.2172464" r12="0.018669844" r13="0.97593755" r14="0" r21="-0.26955643" r22="0.9597907" r23="-0.078365125" r24="0" r31="-0.9381588" r32="-0.28009498" r33="-0.20347846" r34="0" r41="1733.8479" r42="50.817215" r43="-39.05767" r44="1"></containerEntry>
          <containerEntry r11="0.12166653" r12="-0.0064808354" r13="0.9925482" r14="0" r21="-0.07696354" r22="0.99690646" r23="0.015943322" r24="0" r31="-0.989581" r32="-0.078329906" r33="0.120791376" r34="0" r41="1689.8651" r42="36.61433" r43="-20.525917" r44="1"></containerEntry>
          <containerEntry r11="0.9902188" r12="-0.00648104" r13="0.13937224" r14="0" r21="-0.0045193867" r22="0.99690646" r23="0.07846716" r24="0" r31="-0.13944964" r32="-0.07832953" r33="0.98712623" r34="0" r41="1684.417" r42="36.059803" r43="-22.577751" r44="1"></containerEntry>
        </property>
        <property name="colors" type="UInt32" container="DynamicArray" arraySize="15">
          <containerEntry>4294967295</containerEntry>
          <containerEntry>4294967295</containerEntry>
          <containerEntry>4294967295</containerEntry>
          <containerEntry>4294967295</containerEntry>
          <containerEntry>4294967295</containerEntry>
          <containerEntry>4294967295</containerEntry>
          <containerEntry>4294967295</containerEntry>
          <containerEntry>4294967295</containerEntry>
          <containerEntry>4294967295</containerEntry>
          <containerEntry>4294967295</containerEntry>
          <containerEntry>4294967295</containerEntry>
          <containerEntry>4294967295</containerEntry>
          <containerEntry>4294967295</containerEntry>
          <containerEntry>4294967295</containerEntry>
          <containerEntry>4294967295</containerEntry>
        </property>
      </staticProperties>
      <dynamicProperties></dynamicProperties>
    </entity>
    <entity class="StaticModelArray" classVersion="4" classID="0xD0" addr="0x2D7D050" id="0x0">
      <staticProperties>
        <property name="name" type="String" container="StaticArray" arraySize="1">
          <containerEntry>StaticModelArray0004</containerEntry>
        </property>
        <property name="dataSet" type="EntityHandle" container="StaticArray" arraySize="1">
          <containerEntry>0x2EF45A0</containerEntry>
        </property>
        <property name="modelFile" type="FilePtr" container="StaticArray" arraySize="1">
          <containerEntry>/Assets/tpp/environ/object/middle_africa/cliff/mafr_clff003/scenes/mafr_clff003.fmdl</containerEntry>
        </property>
        <property name="geomFile" type="FilePtr" container="StaticArray" arraySize="1">
          <containerEntry>/Assets/tpp/environ/object/middle_africa/cliff/mafr_clff003/scenes/mafr_clff003.geom</containerEntry>
        </property>
        <property name="isVisibleGeom" type="Bool" container="StaticArray" arraySize="1">
          <containerEntry>false</containerEntry>
        </property>
        <property name="lodFarSize" type="Float" container="StaticArray" arraySize="1">
          <containerEntry>-1</containerEntry>
        </property>
        <property name="lodNearSize" type="Float" container="StaticArray" arraySize="1">
          <containerEntry>-1</containerEntry>
        </property>
        <property name="lodPolygonSize" type="Float" container="StaticArray" arraySize="1">
          <containerEntry>-1</containerEntry>
        </property>
        <property name="drawRejectionLevel" type="Int32" container="StaticArray" arraySize="1">
          <containerEntry>8</containerEntry>
        </property>
        <property name="drawMode" type="Int32" container="StaticArray" arraySize="1">
          <containerEntry>0</containerEntry>
        </property>
        <property name="rejectFarRangeShadowCast" type="Int32" container="StaticArray" arraySize="1">
          <containerEntry>2</containerEntry>
        </property>
        <property name="parentLocator" type="EntityLink" container="StaticArray" arraySize="1">
          <containerEntry packagePathHash="0xB8A0BF169F98" archivePathHash="0xB8A0BF169F98" nameInArchiveHash="0xB8A0BF169F98">0x0</containerEntry>
        </property>
        <property name="transforms" type="Matrix4" container="DynamicArray" arraySize="3">
          <containerEntry r11="0.16220987" r12="0" r13="0.9867557" r14="0" r21="0" r22="1" r23="0" r24="0" r31="-0.9867557" r32="0" r33="0.16220987" r34="0" r41="1749.5571" r42="56.782486" r43="-2.4308293" r44="1"></containerEntry>
          <containerEntry r11="-0.45025444" r12="0" r13="0.8929001" r14="0" r21="0.23109926" r22="0.96592593" r23="0.11653428" r24="0" r31="-0.8624754" r32="0.25881872" r33="-0.43491244" r34="0" r41="1763.6333" r42="59.8835" r43="-55.242252" r44="1"></containerEntry>
          <containerEntry r11="-0.7128124" r12="8.866191e-07" r13="0.7013545" r14="0" r21="0.18152261" r22="0.9659265" r23="0.18448693" r24="0" r31="-0.67745674" r32="0.25881636" r33="-0.6885246" r34="0" r41="1787.9829" r42="63.589424" r43="-91.293846" r44="1"></containerEntry>
        </property>
        <property name="colors" type="UInt32" container="DynamicArray" arraySize="3">
          <containerEntry>4294967295</containerEntry>
          <containerEntry>4294967295</containerEntry>
          <containerEntry>4294967295</containerEntry>
        </property>
      </staticProperties>
      <dynamicProperties></dynamicProperties>
    </entity>
    <entity class="TexturePackLoadConditioner" classVersion="0" classID="0x48" addr="0x2D7D4B0" id="0x0">
      <staticProperties>
        <property name="name" type="String" container="StaticArray" arraySize="1">
          <containerEntry>TexturePackLoadConditioner0000</containerEntry>
        </property>
        <property name="dataSet" type="EntityHandle" container="StaticArray" arraySize="1">
          <containerEntry>0x2EF45A0</containerEntry>
        </property>
        <property name="texturePackPath" type="Path" container="StaticArray" arraySize="1">
          <containerEntry hash="0xB8A0BF169F98"></containerEntry>
        </property>
      </staticProperties>
      <dynamicProperties></dynamicProperties>
    </entity>
  </entities>
</fox>