<fox formatVersion="2" fileVersion="0">
  <entities>
    <entity class="DataSet" classVersion="0" classID="0xE8" addr="0x2EF47D0" id="0x78D475">
      <staticProperties>
        <property name="name" type="String" container="StaticArray" arraySize="1">
          <containerEntry hash="0xB8A0BF169F98"></containerEntry>
        </property>
        <property name="dataSet" type="EntityHandle" container="StaticArray" arraySize="1">
          <containerEntry>0x0</containerEntry>
        </property>
        <property name="dataList" type="EntityPtr" container="StringMap" arraySize="14">
          <containerEntry key="mafr_clff003_0000">
            <data>0x2D74C30</data>
          </containerEntry>
          <containerEntry key="mafr_rock001_0011">
            <data>0x2D7CC60</data>
          </containerEntry>
          <containerEntry key="cm_mafr_dc_grbg003_">
            <data>0x2D7CDB0</data>
          </containerEntry>
          <containerEntry key="StaticModelArray0000">
            <data>0x2EF1270</data>
          </containerEntry>
          <containerEntry key="StaticModelArray0001">
            <data>0x2EF12E0</data>
          </containerEntry>
          <containerEntry key="mafr_rock007_0013">
            <data>0x2EF13C0</data>
          </containerEntry>
          <containerEntry key="StaticModelArray0002">
            <data>0x2EF1350</data>
          </containerEntry>
          <containerEntry key="StaticModelArray0003">
            <data>0x2EF1430</data>
          </containerEntry>
          <containerEntry key="mafr_clff003_vrtn001_0030">
            <data>0x2EF0E10</data>
          </containerEntry>
          <containerEntry key="StaticModelArray0004">
            <data>0x2EF0B00</data>
          </containerEntry>
          <containerEntry key="mafr_rock010_0035">
            <data>0x2EF0BE0</data>
          </containerEntry>
          <containerEntry key="StaticModelArray0005">
            <data>0x2EF0C50</data>
          </containerEntry>
          <containerEntry key="DecalArray0000">
            <data>0x2EF0DA0</data>
          </containerEntry>
          <containerEntry key="TexturePackLoadConditioner0000">
            <data>0x2EF1B30</data>
          </containerEntry>
        </property>
      </staticProperties>
      <dynamicProperties></dynamicProperties>
    </entity>
    <entity class="StaticModel" classVersion="9" classID="0x160" addr="0x2D74C30" id="0x78D493">
      <staticProperties>
        <property name="name" type="String" container="StaticArray" arraySize="1">
          <containerEntry>mafr_clff003_0000</containerEntry>
        </property>
        <property name="dataSet" type="EntityHandle" container="StaticArray" arraySize="1">
          <containerEntry>0x2EF47D0</containerEntry>
        </property>
        <property name="parent" type="EntityHandle" container="StaticArray" arraySize="1">
          <containerEntry>0x0</containerEntry>
        </property>
        <property name="transform" type="EntityPtr" container="StaticArray" arraySize="1">
          <containerEntry>0x2D74CA0</containerEntry>
        </property>
        <property name="shearTransform" type="EntityPtr" container="StaticArray" arraySize="1">
          <containerEntry>0x0</containerEntry>
        </property>
        <property name="pivotTransform" type="EntityPtr" container="StaticArray" arraySize="1">
          <containerEntry>0x0</containerEntry>
        </property>
        <property name="children" type="EntityHandle" container="List"></property>
        <property name="flags" type="UInt32" container="StaticArray" arraySize="1">
          <containerEntry>2147483655</containerEntry>
        </property>
        <property name="modelFile" type="FilePtr" container="StaticArray" arraySize="1">
          <containerEntry>/Assets/tpp/environ/object/middle_africa/cliff/mafr_clff003/scenes/mafr_clff003.fmdl</containerEntry>
        </property>
        <property name="geomFile" type="FilePtr" container="StaticArray" arraySize="1">
          <containerEntry>/Assets/tpp/environ/object/middle_africa/cliff/mafr_clff003/scenes/mafr_clff003.geom</containerEntry>
        </property>
        <property name="isVisibleGeom" type="Bool" container="StaticArray" arraySize="1">
          <containerEntry>false</containerEntry>
        </property>
        <property name="isIsolated" type="Bool" container="StaticArray" arraySize="1">
          <containerEntry>false</containerEntry>
        </property>
        <property name="lodFarSize" type="Float" container="StaticArray" arraySize="1">
          <containerEntry>-1</containerEntry>
        </property>
        <property name="lodNearSize" type="Float" container="StaticArray" arraySize="1">
          <containerEntry>-1</containerEntry>
        </property>
        <property name="lodPolygonSize" type="Float" container="StaticArray" arraySize="1">
          <containerEntry>-1</containerEntry>
        </property>
        <property name="color" type="Color" container="StaticArray" arraySize="1">
          <containerEntry r="1" g="1" b="1" a="1"></containerEntry>
        </property>
        <property name="drawRejectionLevel" type="Int32" container="StaticArray" arraySize="1">
          <containerEntry>8</containerEntry>
        </property>
        <property name="drawMode" type="Int32" container="StaticArray" arraySize="1">
          <containerEntry>0</containerEntry>
        </property>
        <property name="rejectFarRangeShadowCast" type="Int32" container="StaticArray" arraySize="1">
          <containerEntry>2</containerEntry>
        </property>
      </staticProperties>
      <dynamicProperties></dynamicProperties>
    </entity>
    <entity class="TransformEntity" classVersion="0" classID="0x50" addr="0x2D74CA0" id="0x78D496">
      <staticProperties>
        <property name="owner" type="EntityHandle" container="StaticArray" arraySize="1">
          <containerEntry>0x2D74C30</containerEntry>
        </property>
        <property name="transform_scale" type="Vector3" container="StaticArray" arraySize="1">
          <containerEntry x="1" y="1" z="1" w="0"></containerEntry>
        </property>
        <property name="transform_rotation_quat" type="Quat" container="StaticArray" arraySize="1">
          <containerEntry x="-0.016639" y="0.364453" z="-0.008149" w="0.931037"></containerEntry>
        </property>
        <property name="transform_translation" type="Vector3" container="StaticArray" arraySize="1">
          <containerEntry x="1954.5585" y="-0.450874" z="1590.3591" w="0"></containerEntry>
        </property>
      </staticProperties>
      <dynamicProperties></dynamicProperties>
    </entity>
    <entity class="StaticModel" classVersion="9" classID="0x160" addr="0x2D7CC60" id="0x78D745">
      <staticProperties>
        <property name="name" type="String" container="StaticArray" arraySize="1">
          <containerEntry>mafr_rock001_0011</containerEntry>
        </property>
        <property name="dataSet" type="EntityHandle" container="StaticArray" arraySize="1">
          <containerEntry>0x2EF47D0</containerEntry>
        </property>
        <property name="parent" type="EntityHandle" container="StaticArray" arraySize="1">
          <containerEntry>0x0</containerEntry>
        </property>
        <property name="transform" type="EntityPtr" container="StaticArray" arraySize="1">
          <containerEntry>0x2D7CCD0</containerEntry>
        </property>
        <property name="shearTransform" type="EntityPtr" container="StaticArray" arraySize="1">
          <containerEntry>0x0</containerEntry>
        </property>
        <property name="pivotTransform" type="EntityPtr" container="StaticArray" arraySize="1">
          <containerEntry>0x0</containerEntry>
        </property>
        <property name="children" type="EntityHandle" container="List"></property>
        <property name="flags" type="UInt32" container="StaticArray" arraySize="1">
          <containerEntry>7</containerEntry>
        </property>
        <property name="modelFile" type="FilePtr" container="StaticArray" arraySize="1">
          <containerEntry>/Assets/tpp/environ/object/middle_africa/rock/mafr_rock001/scenes/mafr_rock001.fmdl</containerEntry>
        </property>
        <property name="geomFile" type="FilePtr" container="StaticArray" arraySize="1">
          <containerEntry>/Assets/tpp/environ/object/middle_africa/rock/mafr_rock001/scenes/mafr_rock001.geom</containerEntry>
        </property>
        <property name="isVisibleGeom" type="Bool" container="StaticArray" arraySize="1">
          <containerEntry>false</containerEntry>
        </property>
        <property name="isIsolated" type="Bool" container="StaticArray" arraySize="1">
          <containerEntry>false</containerEntry>
        </property>
        <property name="lodFarSize" type="Float" container="StaticArray" arraySize="1">
          <containerEntry>-1</containerEntry>
        </property>
        <property name="lodNearSize" type="Float" container="StaticArray" arraySize="1">
          <containerEntry>-1</containerEntry>
        </property>
        <property name="lodPolygonSize" type="Float" container="StaticArray" arraySize="1">
          <containerEntry>-1</containerEntry>
        </property>
        <property name="color" type="Color" container="StaticArray" arraySize="1">
          <containerEntry r="1" g="1" b="1" a="1"></containerEntry>
        </property>
        <property name="drawRejectionLevel" type="Int32" container="StaticArray" arraySize="1">
          <containerEntry>8</containerEntry>
        </property>
        <property name="drawMode" type="Int32" container="StaticArray" arraySize="1">
          <containerEntry>0</containerEntry>
        </property>
        <property name="rejectFarRangeShadowCast" type="Int32" container="StaticArray" arraySize="1">
          <containerEntry>2</containerEntry>
        </property>
      </staticProperties>
      <dynamicProperties></dynamicProperties>
    </entity>
    <entity class="TransformEntity" classVersion="0" classID="0x50" addr="0x2D7CCD0" id="0x78D748">
      <staticProperties>
        <property name="owner" type="EntityHandle" container="StaticArray" arraySize="1">
          <containerEntry>0x2D7CC60</containerEntry>
        </property>
        <property name="transform_scale" type="Vector3" container="StaticArray" arraySize="1">
          <containerEntry x="1" y="1" z="1" w="0"></containerEntry>
        </property>
        <property name="transform_rotation_quat" type="Quat" container="StaticArray" arraySize="1">
          <containerEntry x="-0.006249" y="-0.134021" z="-0.012682" w="0.990878"></containerEntry>
        </property>
        <property name="transform_translation" type="Vector3" container="StaticArray" arraySize="1">
          <containerEntry x="1969.248" y="-5.939001" z="1549.7434" w="0"></containerEntry>
        </property>
      </staticProperties>
      <dynamicProperties></dynamicProperties>
    </entity>
    <entity class="Material" classVersion="6" classID="0xB0" addr="0x2D7CDB0" id="0x78D74C">
      <staticProperties>
        <property name="name" type="String" container="StaticArray" arraySize="1">
          <containerEntry>cm_mafr_dc_grbg003_</containerEntry>
        </property>
        <property name="dataSet" type="EntityHandle" container="StaticArray" arraySize="1">
          <containerEntry>0x2EF47D0</containerEntry>
        </property>
        <property name="materialName" type="String" container="StaticArray" arraySize="1">
          <containerEntry hash="0xB8A0BF169F98"></containerEntry>
        </property>
        <property name="shader" type="Path" container="StaticArray" arraySize="1">
          <containerEntry hash="0xB8A0BF169F98"></containerEntry>
        </property>
        <property name="diffuseTexture" type="Path" container="StaticArray" arraySize="1">
          <containerEntry>/Assets/tpp/common_source/fmtr/decal/middle_africa/cm_mafr_dc_grbg003/sourceimages/cm_mafr_dc_grbg003_bsm_alp.ftex</containerEntry>
        </property>
        <property name="srmTexture" type="Path" container="StaticArray" arraySize="1">
          <containerEntry>/Assets/tpp/common_source/fmtr/decal/middle_africa/cm_mafr_dc_grbg003/sourceimages/cm_mafr_dc_grbg003_srm.ftex</containerEntry>
        </property>
        <property name="normalTexture" type="Path" container="StaticArray" arraySize="1">
          <containerEntry>/Assets/tpp/common_source/fmtr/decal/middle_africa/cm_mafr_dc_grbg003/sourceimages/cm_mafr_dc_grbg003_nrm.ftex</containerEntry>
        </property>
        <property name="materialMapTexture" type="Path" container="StaticArray" arraySize="1">
          <containerEntry hash="0xB8A0BF169F98"></containerEntry>
        </property>
        <property name="materialIndex" type="UInt8" container="StaticArray" arraySize="1">
          <containerEntry>21</containerEntry>
        </property>
        <property name="diffuseColor" type="Color" container="StaticArray" arraySize="1">
          <containerEntry r="1" g="1" b="1" a="1"></containerEntry>
        </property>
        <property name="specularColor" type="Color" container="StaticArray" arraySize="1">
          <containerEntry r="0" g="0" b="0" a="0"></containerEntry>
        </property>
        <property name="fmtrPath" type="Path" container="StaticArray" arraySize="1">
          <containerEntry hash="0xB8A0BF169F98"></containerEntry>
        </property>
        <property name="residentFlag" type="Bool" container="StaticArray" arraySize="1">
          <containerEntry>false</containerEntry>
        </property>
      </staticProperties>
      <dynamicProperties></dynamicProperties>
    </entity>
    <entity class="StaticModelArray" classVersion="4" classID="0xD0" addr="0x2EF1270" id="0x0">
      <staticProperties>
        <property name="name" type="String" container="StaticArray" arraySize="1">
          <containerEntry>StaticModelArray0000</containerEntry>
        </property>
        <property name="dataSet" type="EntityHandle" container="StaticArray" arraySize="1">
          <containerEntry>0x2EF47D0</containerEntry>
        </property>
        <property name="modelFile" type="FilePtr" container="StaticArray" arraySize="1">
          <containerEntry>/Assets/tpp/environ/object/middle_africa/cliff/mafr_clff015/scenes/mafr_clff015_grnd002.fmdl</containerEntry>
        </property>
        <property name="geomFile" type="FilePtr" container="StaticArray" arraySize="1">
          <containerEntry>/Assets/tpp/environ/object/middle_africa/cliff/mafr_clff015/scenes/mafr_clff015_grnd002.geom</containerEntry>
        </property>
        <property name="isVisibleGeom" type="Bool" container="StaticArray" arraySize="1">
          <containerEntry>false</containerEntry>
        </property>
        <property name="lodFarSize" type="Float" container="StaticArray" arraySize="1">
          <containerEntry>-1</containerEntry>
        </property>
        <property name="lodNearSize" type="Float" container="StaticArray" arraySize="1">
          <containerEntry>-1</containerEntry>
        </property>
        <property name="lodPolygonSize" type="Float" container="StaticArray" arraySize="1">
          <containerEntry>-1</containerEntry>
        </property>
        <property name="drawRejectionLevel" type="Int32" container="StaticArray" arraySize="1">
          <containerEntry>8</containerEntry>
        </property>
        <property name="drawMode" type="Int32" container="StaticArray" arraySize="1">
          <containerEntry>0</containerEntry>
        </property>
        <property name="rejectFarRangeShadowCast" type="Int32" container="StaticArray" arraySize="1">
          <containerEntry>2</containerEntry>
        </property>
        <property name="parentLocator" type="EntityLink" container="StaticArray" arraySize="1">
          <containerEntry packagePathHash="0xB8A0BF169F98" archivePathHash="0xB8A0BF169F98" nameInArchiveHash="0xB8A0BF169F98">0x0</containerEntry>
        </property>
        <property name="transforms" type="Matrix4" container="DynamicArray" arraySize="3">
          <containerEntry r11="-0.61780834" r12="0" r13="-0.78632855" r14="0" r21="0" r22="1" r23="0" r24="0" r31="0.78632855" r32="0" r33="-0.61780834" r34="0" r41="1961.7067" r42="-9.159719" r43="1545.1765" r44="1"></containerEntry>
          <containerEntry r11="-0.7892077" r12="0" r13="-0.6141231" r14="0" r21="0" r22="1" r23="0" r24="0" r31="0.6141231" r32="0" r33="-0.7892077" r34="0" r41="1956.5265" r42="-8.90502" r43="1541.2977" r44="1"></containerEntry>
          <containerEntry r11="0.6600603" r12="0" r13="-0.7512119" r14="0" r21="0" r22="1" r23="0" r24="0" r31="0.7512119" r32="0" r33="0.6600603" r34="0" r41="1956.2858" r42="-9.159719" r43="1528.1101" r44="1"></containerEntry>
        </property>
        <property name="colors" type="UInt32" container="DynamicArray" arraySize="3">
          <containerEntry>4294967295</containerEntry>
          <containerEntry>4294967295</containerEntry>
          <containerEntry>4294967295</containerEntry>
        </property>
      </staticProperties>
      <dynamicProperties></dynamicProperties>
    </entity>
    <entity class="StaticModelArray" classVersion="4" classID="0xD0" addr="0x2EF12E0" id="0x0">
      <staticProperties>
        <property name="name" type="String" container="StaticArray" arraySize="1">
          <containerEntry>StaticModelArray0001</containerEntry>
        </property>
        <property name="dataSet" type="EntityHandle" container="StaticArray" arraySize="1">
          <containerEntry>0x2EF47D0</containerEntry>
        </property>
        <property name="modelFile" type="FilePtr" container="StaticArray" arraySize="1">
          <containerEntry>/Assets/tpp/environ/object/middle_africa/rock/mafr_rock007/scenes/mafr_rock007.fmdl</containerEntry>
        </property>
        <property name="geomFile" type="FilePtr" container="StaticArray" arraySize="1">
          <containerEntry>/Assets/tpp/environ/object/middle_africa/rock/mafr_rock007/scenes/mafr_rock007.geom</containerEntry>
        </property>
        <property name="isVisibleGeom" type="Bool" container="StaticArray" arraySize="1">
          <containerEntry>false</containerEntry>
        </property>
        <property name="lodFarSize" type="Float" container="StaticArray" arraySize="1">
          <containerEntry>-1</containerEntry>
        </property>
        <property name="lodNearSize" type="Float" container="StaticArray" arraySize="1">
          <containerEntry>-1</containerEntry>
        </property>
        <property name="lodPolygonSize" type="Float" container="StaticArray" arraySize="1">
          <containerEntry>-1</containerEntry>
        </property>
        <property name="drawRejectionLevel" type="Int32" container="StaticArray" arraySize="1">
          <containerEntry>8</containerEntry>
        </property>
        <property name="drawMode" type="Int32" container="StaticArray" arraySize="1">
          <containerEntry>0</containerEntry>
        </property>
        <property name="rejectFarRangeShadowCast" type="Int32" container="StaticArray" arraySize="1">
          <containerEntry>2</containerEntry>
        </property>
        <property name="parentLocator" type="EntityLink" container="StaticArray" arraySize="1">
          <containerEntry packagePathHash="0xB8A0BF169F98" archivePathHash="0xB8A0BF169F98" nameInArchiveHash="0xB8A0BF169F98">0x0</containerEntry>
        </property>
        <property name="transforms" type="Matrix4" container="DynamicArray" arraySize="17">
          <containerEntry r11="-0.5017626" r12="0.00992953" r13="-0.86494726" r14="0" r21="0.23803863" r22="-0.9597409" r23="-0.149106" r24="0" r31="-0.8316068" r32="-0.28070694" r33="0.47920036" r34="0" r41="1951.1543" r42="-7.557422" r43="1628.8456" r44="1"></containerEntry>
          <containerEntry r11="0.61065686" r12="0.03639614" r13="0.7910581" r14="0" r21="-0.14782491" r22="0.9866232" r23="0.06871925" r24="0" r31="-0.77797526" r32="-0.15890205" r33="0.60786843" r34="0" r41="1958.6504" r42="-9.414147" r43="1643.5433" r44="1"></containerEntry>
          <containerEntry r11="-0.9992634" r12="-0.015670525" r13="0.035083562" r14="0" r21="-0.015126883" r22="0.9997622" r23="0.015707849" r24="0" r31="-0.03532137" r32="0.015165545" r33="-0.9992628" r34="0" r41="1949.7288" r42="-10.678249" r43="1656.8636" r44="1"></containerEntry>
          <containerEntry r11="0.78964686" r12="0.21749061" r13="-0.57372135" r14="0" r21="-0.08293575" r22="0.9643202" r23="0.25141266" r24="0" r31="0.60793096" r32="-0.15094534" r33="0.77951014" r34="0" r41="1952.5171" r42="-8.581131" r43="1632.0227" r44="1"></containerEntry>
          <containerEntry r11="-0.10174698" r12="-0.012647871" r13="-0.99472785" r14="0" r21="0.12826265" r22="-0.99173635" r23="-0.00050988793" r24="0" r31="-0.98650503" r32="-0.12763855" r33="0.10253251" r34="0" r41="2041.4144" r42="-11.024601" r43="1649.2921" r44="1"></containerEntry>
          <containerEntry r11="0.3528558" r12="-0.3085785" r13="0.8833291" r14="0" r21="0.1543306" r22="-0.91192687" r23="-0.3802181" r24="0" r31="0.9228613" r32="0.2704867" r33="-0.2741537" r34="0" r41="2036.9886" r42="-8.48077" r43="1626.5944" r44="1"></containerEntry>
          <containerEntry r11="0.59775394" r12="0.043483075" r13="-0.80049896" r14="0" r21="0.033138897" r22="-0.9990127" r23="-0.029520728" r24="0" r31="-0.8009939" r32="-0.008881559" r33="-0.598604" r34="0" r41="2038.794" r42="-9.077694" r43="1625.4907" r44="1"></containerEntry>
          <containerEntry r11="-0.63545907" r12="-0.14619337" r13="-0.758164" r14="0" r21="-0.06435114" r22="0.9885234" r23="-0.13667575" r24="0" r31="0.76944405" r32="-0.03806346" r33="-0.6375739" r34="0" r41="1990.8015" r42="-8.07445" r43="1608.5226" r44="1"></containerEntry>
          <containerEntry r11="-0.47823155" r12="-0.009174865" r13="0.8781811" r14="0" r21="-0.13292071" r22="0.98918235" r23="-0.0620506" r24="0" r31="-0.86811197" r32="-0.14640361" r33="-0.47427773" r34="0" r41="1979.9388" r42="-7.193623" r43="1606.1962" r44="1"></containerEntry>
          <containerEntry r11="-0.9999501" r12="-0.009175128" r13="0.0006472182" r14="0" r21="-0.009171017" r22="0.9891823" r23="-0.1464043" r24="0" r31="0.0007030665" r32="-0.14640403" r33="-0.98921704" r34="0" r41="1992.2476" r42="-7.193623" r43="1606.0624" r44="1"></containerEntry>
          <containerEntry r11="0.780125" r12="0.00012428313" r13="-0.62562186" r14="0" r21="0.16460666" r22="0.9647255" r23="0.20544815" r24="0" r31="0.60357875" r32="-0.26325706" r33="0.7525861" r34="0" r41="1979.6312" r42="-8.236249" r43="1617.8843" r44="1"></containerEntry>
          <containerEntry r11="0.8216856" r12="-0.23433393" r13="0.51953685" r14="0" r21="-0.25750026" r22="-0.965851" r23="-0.028390322" r24="0" r31="0.50845313" r32="-0.11045365" r33="-0.8539655" r34="0" r41="1974.3477" r42="-5.588009" r43="1608.2579" r44="1"></containerEntry>
          <containerEntry r11="-0.62869847" r12="-0.41162893" r13="0.6597607" r14="0" r21="0.23865691" r22="-0.9095973" r23="-0.34008417" r24="0" r31="0.7401118" r32="-0.056355834" r33="0.67011595" r34="0" r41="1965.5968" r42="-4.767386" r43="1616.9973" r44="1"></containerEntry>
          <containerEntry r11="-0.33666483" r12="0.0013722479" r13="-0.94162387" r14="0" r21="0.22790584" r22="0.9703853" r23="-0.080070406" r24="0" r31="0.91362816" r32="-0.2415584" r33="-0.32700735" r34="0" r41="1923.324" r42="-1.548676" r43="1615.185" r44="1"></containerEntry>
          <containerEntry r11="0.991032" r12="0.0013729194" r13="-0.1336179" r14="0" r21="0.030956239" r22="0.9703854" r23="0.23957057" r24="0" r31="0.12998976" r32="-0.24155842" r33="0.9616404" r34="0" r41="1923.324" r42="-2.8683" r43="1618.2117" r44="1"></containerEntry>
          <containerEntry r11="0.8610206" r12="0.07664326" r13="0.50276077" r14="0" r21="-0.18096367" r22="0.9700496" r23="0.16203591" r24="0" r31="-0.47528383" r32="-0.23049793" r33="0.8491024" r34="0" r41="1921.0922" r42="-3.551606" r43="1619.5071" r44="1"></containerEntry>
          <containerEntry r11="-0.90590924" r12="-0.10736263" r13="0.40963417" r14="0" r21="0.028697904" r22="-0.98066753" r23="-0.19356145" r24="0" r31="0.42249656" r32="-0.1635936" r33="0.8914784" r34="0" r41="1957.9952" r42="-7.093547" r43="1625.9324" r44="1"></containerEntry>
        </property>
        <property name="colors" type="UInt32" container="DynamicArray" arraySize="17">
          <containerEntry>4294967295</containerEntry>
          <containerEntry>4294967295</containerEntry>
          <containerEntry>4294967295</containerEntry>
          <containerEntry>4294967295</containerEntry>
          <containerEntry>4294967295</containerEntry>
          <containerEntry>4294967295</containerEntry>
          <containerEntry>4294967295</containerEntry>
          <containerEntry>4294967295</containerEntry>
          <containerEntry>4294967295</containerEntry>
          <containerEntry>4294967295</containerEntry>
          <containerEntry>4294967295</containerEntry>
          <containerEntry>4294967295</containerEntry>
          <containerEntry>4294967295</containerEntry>
          <containerEntry>4294967295</containerEntry>
          <containerEntry>4294967295</containerEntry>
          <containerEntry>4294967295</containerEntry>
          <containerEntry>4294967295</containerEntry>
        </property>
      </staticProperties>
      <dynamicProperties></dynamicProperties>
    </entity>
    <entity class="StaticModelArrayLinkTarget" classVersion="0" classID="0x48" addr="0x2EF13C0" id="0x0">
      <staticProperties>
        <property name="name" type="String" container="StaticArray" arraySize="1">
          <containerEntry>mafr_rock007_0013</containerEntry>
        </property>
        <property name="dataSet" type="EntityHandle" container="StaticArray" arraySize="1">
          <containerEntry>0x2EF47D0</containerEntry>
        </property>
        <property name="staticModelArray" type="EntityHandle" container="StaticArray" arraySize="1">
          <containerEntry>0x2EF12E0</containerEntry>
        </property>
        <property name="arrayIndex" type="UInt32" container="StaticArray" arraySize="1">
          <containerEntry>10</containerEntry>
        </property>
      </staticProperties>
      <dynamicProperties></dynamicProperties>
    </entity>
    <entity class="StaticModelArray" classVersion="4" classID="0xD0" addr="0x2EF1350" id="0x0">
      <staticProperties>
        <property name="name" type="String" container="StaticArray" arraySize="1">
          <containerEntry>StaticModelArray0002</containerEntry>
        </property>
        <property name="dataSet" type="EntityHandle" container="StaticArray" arraySize="1">
          <containerEntry>0x2EF47D0</containerEntry>
        </property>
        <property name="modelFile" type="FilePtr" container="StaticArray" arraySize="1">
          <containerEntry>/Assets/tpp/environ/object/middle_africa/rock/mafr_rock001/scenes/mafr_rock001_vrtn003.fmdl</containerEntry>
        </property>
        <property name="geomFile" type="FilePtr" container="StaticArray" arraySize="1">
          <containerEntry>/Assets/tpp/environ/object/middle_africa/rock/mafr_rock001/scenes/mafr_rock001_vrtn003.geom</containerEntry>
        </property>
        <property name="isVisibleGeom" type="Bool" container="StaticArray" arraySize="1">
          <containerEntry>false</containerEntry>
        </property>
        <property name="lodFarSize" type="Float" container="StaticArray" arraySize="1">
          <containerEntry>-1</containerEntry>
        </property>
        <property name="lodNearSize" type="Float" container="StaticArray" arraySize="1">
          <containerEntry>-1</containerEntry>
        </property>
        <property name="lodPolygonSize" type="Float" container="StaticArray" arraySize="1">
          <containerEntry>-1</containerEntry>
        </property>
        <property name="drawRejectionLevel" type="Int32" container="StaticArray" arraySize="1">
          <containerEntry>8</containerEntry>
        </property>
        <property name="drawMode" type="Int32" container="StaticArray" arraySize="1">
          <containerEntry>0</containerEntry>
        </property>
        <property name="rejectFarRangeShadowCast" type="Int32" container="StaticArray" arraySize="1">
          <containerEntry>2</containerEntry>
        </property>
        <property name="parentLocator" type="EntityLink" container="StaticArray" arraySize="1">
          <containerEntry packagePathHash="0xB8A0BF169F98" archivePathHash="0xB8A0BF169F98" nameInArchiveHash="0xB8A0BF169F98">0x0</containerEntry>
        </property>
        <property name="transforms" type="Matrix4" container="DynamicArray" arraySize="6">
          <containerEntry r11="-0.7333744" r12="0.08291674" r13="-0.67474025" r14="0" r21="0.33595014" r22="0.9070753" r23="-0.25367653" r24="0" r31="0.59100616" r32="-0.4127194" r33="-0.6930817" r34="0" r41="1944.7344" r42="-2.949165" r43="1539.4033" r44="1"></containerEntry>
          <containerEntry r11="-0.28298235" r12="-0.24264428" r13="-0.92791945" r14="0" r21="0.0007786155" r22="0.9674114" r23="-0.25320858" r24="0" r31="0.95911944" r32="-0.07237607" r33="-0.27357143" r34="0" r41="1948.6683" r42="-0.785925" r43="1556.6556" r44="1"></containerEntry>
          <containerEntry r11="-0.38682103" r12="-0.01686367" r13="-0.9219956" r14="0" r21="0.05435449" r22="0.99767745" r23="-0.041052207" r24="0" r31="0.9205465" r32="-0.065994434" r33="-0.38500598" r34="0" r41="1932.4924" r42="1.512073" r43="1561.8527" r44="1"></containerEntry>
          <containerEntry r11="-0.7669938" r12="0.04583306" r13="-0.6400093" r14="0" r21="-0.0029650964" r22="0.99718183" r23="0.07496463" r24="0" r31="0.6416415" r32="0.059395242" r33="-0.76469636" r34="0" r41="2014.6207" r42="-6.840382" r43="1605.2186" r44="1"></containerEntry>
          <containerEntry r11="0.6430748" r12="-0.014350736" r13="0.765665" r14="0" r21="0.17491415" r22="0.9761474" r23="-0.12861241" r24="0" r31="-0.74555624" r32="0.21663329" r33="0.63024604" r34="0" r41="2031.3804" r42="-5.854032" r43="1584.7" r44="1"></containerEntry>
          <containerEntry r11="0.9892061" r12="-0.05894185" r13="0.1341383" r14="0" r21="0.05324515" r22="0.9975365" r23="0.04567086" r24="0" r31="-0.13649976" r32="-0.038035672" r33="0.98990756" r34="0" r41="2034.5122" r42="-8.682473" r43="1622.1887" r44="1"></containerEntry>
        </property>
        <property name="colors" type="UInt32" container="DynamicArray" arraySize="6">
          <containerEntry>4294967295</containerEntry>
          <containerEntry>4294967295</containerEntry>
          <containerEntry>4294967295</containerEntry>
          <containerEntry>4294967295</containerEntry>
          <containerEntry>4294967295</containerEntry>
          <containerEntry>4294967295</containerEntry>
        </property>
      </staticProperties>
      <dynamicProperties></dynamicProperties>
    </entity>
    <entity class="StaticModelArray" classVersion="4" classID="0xD0" addr="0x2EF1430" id="0x0">
      <staticProperties>
        <property name="name" type="String" container="StaticArray" arraySize="1">
          <containerEntry>StaticModelArray0003</containerEntry>
        </property>
        <property name="dataSet" type="EntityHandle" container="StaticArray" arraySize="1">
          <containerEntry>0x2EF47D0</containerEntry>
        </property>
        <property name="modelFile" type="FilePtr" container="StaticArray" arraySize="1">
          <containerEntry>/Assets/tpp/environ/object/middle_africa/cliff/mafr_clff003/scenes/mafr_clff003_vrtn001.fmdl</containerEntry>
        </property>
        <property name="geomFile" type="FilePtr" container="StaticArray" arraySize="1">
          <containerEntry>/Assets/tpp/environ/object/middle_africa/cliff/mafr_clff003/scenes/mafr_clff003_vrtn001.geom</containerEntry>
        </property>
        <property name="isVisibleGeom" type="Bool" container="StaticArray" arraySize="1">
          <containerEntry>false</containerEntry>
        </property>
        <property name="lodFarSize" type="Float" container="StaticArray" arraySize="1">
          <containerEntry>-1</containerEntry>
        </property>
        <property name="lodNearSize" type="Float" container="StaticArray" arraySize="1">
          <containerEntry>-1</containerEntry>
        </property>
        <property name="lodPolygonSize" type="Float" container="StaticArray" arraySize="1">
          <containerEntry>-1</containerEntry>
        </property>
        <property name="drawRejectionLevel" type="Int32" container="StaticArray" arraySize="1">
          <containerEntry>8</containerEntry>
        </property>
        <property name="drawMode" type="Int32" container="StaticArray" arraySize="1">
          <containerEntry>0</containerEntry>
        </property>
        <property name="rejectFarRangeShadowCast" type="Int32" container="StaticArray" arraySize="1">
          <containerEntry>2</containerEntry>
        </property>
        <property name="parentLocator" type="EntityLink" container="StaticArray" arraySize="1">
          <containerEntry packagePathHash="0xB8A0BF169F98" archivePathHash="0xB8A0BF169F98" nameInArchiveHash="0xB8A0BF169F98">0x0</containerEntry>
        </property>
        <property name="transforms" type="Matrix4" container="DynamicArray" arraySize="32">
          <containerEntry r11="0.05757717" r12="0.13848507" r13="-0.73484945" r14="0" r21="-0.51879776" r22="0.53819525" r23="0.060776956" r24="0" r31="0.538545" r32="0.5036535" r33="0.1371122" r34="0" r41="1941.0013" r42="-12.097306" r43="1635.377" r44="1"></containerEntry>
          <containerEntry r11="0.72225046" r12="-0.19305843" r13="0.6641403" r14="0" r21="0.48427182" r22="0.8267418" r23="-0.2863188" r24="0" r31="-0.49379617" r32="0.5284185" r33="0.69060755" r34="0" r41="1932.6082" r42="-12.845018" r43="1634.8286" r44="1"></containerEntry>
          <containerEntry r11="-0.856485" r12="-0.08406431" r13="0.50927794" r14="0" r21="0.32589033" r22="0.67706573" r23="0.65983105" r24="0" r31="-0.40028283" r32="0.7311051" r33="-0.5525005" r34="0" r41="1996.0862" r42="-14.22582" r43="1634.8286" r44="1"></containerEntry>
          <containerEntry r11="-0.29807505" r12="-0.0069774985" r13="-0.68818766" r14="0" r21="-0.38789672" r22="0.62119675" r23="0.16171175" r24="0" r31="0.5684954" r32="0.42019746" r33="-0.25049302" r34="0" r41="1987.3385" r42="-10.071627" r43="1569.4038" r44="1"></containerEntry>
          <containerEntry r11="0.2977032" r12="-0.104325525" r13="-0.6804331" r14="0" r21="-0.44429442" r22="0.5371368" r23="-0.276743" r24="0" r31="0.5258094" r32="0.51293314" r33="0.1514081" r34="0" r41="1994.7738" r42="-10.636765" r43="1553.0259" r44="1"></containerEntry>
          <containerEntry r11="-0.7126087" r12="0.119651444" r13="-0.20093581" r14="0" r21="0.048272" r22="0.70578265" r23="0.2490797" r24="0" r31="0.22882631" r32="0.22372845" r33="-0.678297" r34="0" r41="1976.6927" r42="-7.427555" r43="1557.1968" r44="1"></containerEntry>
          <containerEntry r11="0.16789567" r12="0.0017969292" r13="-0.7309637" r14="0" r21="-0.1430925" r22="0.7355677" r23="-0.031058813" r24="0" r31="0.7168234" r32="0.14641339" r33="0.16500767" r34="0" r41="1974.8905" r42="-3.753527" r43="1580.6345" r44="1"></containerEntry>
          <containerEntry r11="0.0026156008" r12="-0.024059817" r13="-0.74960923" r14="0" r21="-0.2936494" r22="0.6897344" r23="-0.023162574" r24="0" r31="0.69011796" r32="0.29357725" r33="-0.0070147365" r34="0" r41="1973.4581" r42="-3.006227" r43="1572.0259" r44="1"></containerEntry>
          <containerEntry r11="0.19256826" r12="-0.08850777" r13="-0.9772816" r14="0" r21="-0.49736357" r22="0.849717" r23="-0.17495604" r24="0" r31="0.84589744" r32="0.5197562" r33="0.11960822" r34="0" r41="1967.9952" r42="-11.655622" r43="1633.8749" r44="1"></containerEntry>
          <containerEntry r11="0.61120045" r12="0.074656546" r13="-0.7879466" r14="0" r21="-0.6241029" r22="0.65771365" r23="-0.4217912" r24="0" r31="0.48675358" r32="0.7495589" r33="0.44858843" r34="0" r41="1926.7953" r42="-4.472297" r43="1609.9309" r44="1"></containerEntry>
          <containerEntry r11="-0.566028" r12="-0.13390099" r13="0.47347453" r14="0" r21="0.28157723" r22="0.5036946" r23="0.47906703" r24="0" r31="-0.40351197" r32="0.5393157" r33="-0.32986784" r34="0" r41="1913.3026" r42="-12.370081" r43="1635.9691" r44="1"></containerEntry>
          <containerEntry r11="0.74209505" r12="-0.4428823" r13="0.5031396" r14="0" r21="0.55262905" r22="0.8290473" r23="-0.08532964" r24="0" r31="-0.37933537" r32="0.3413726" r33="0.85998195" r34="0" r41="1926.7953" r42="-9.79051" r43="1624.1229" r44="1"></containerEntry>
          <containerEntry r11="0.21866745" r12="-0.21266317" r13="0.9523435" r14="0" r21="0.75585747" r22="0.6541577" r23="-0.02747527" r24="0" r31="-0.61713976" r32="0.72584426" r33="0.30378628" r34="0" r41="2036.6064" r42="-14.561619" r43="1642.6761" r44="1"></containerEntry>
          <containerEntry r11="0.41502678" r12="-0.062377475" r13="-0.6215797" r14="0" r21="-0.3308122" r22="0.6110834" r23="-0.28220588" r24="0" r31="0.52992034" r32="0.43033236" r33="0.31064102" r34="0" r41="2031.2814" r42="-7.904111" r43="1597.9884" r44="1"></containerEntry>
          <containerEntry r11="-0.1383431" r12="-0.05460023" r13="0.7351042" r14="0" r21="0.19711557" r22="0.71796167" r23="0.09042336" r24="0" r31="-0.710285" r32="0.2098803" r33="-0.11808327" r34="0" r41="2018.4507" r42="-7.830239" r43="1592.6532" r44="1"></containerEntry>
          <containerEntry r11="-0.50872445" r12="-0.0391859" r13="-0.54969096" r14="0" r21="-0.38591707" r22="0.5593748" r23="0.317281" r24="0" r31="0.39340013" r32="0.49805993" r33="-0.39958632" r34="0" r41="1993.5092" r42="-9.890276" r43="1591.6498" r44="1"></containerEntry>
          <containerEntry r11="-0.044772662" r12="0.011553369" r13="0.74857116" r14="0" r21="0.6693011" r22="0.33663154" r23="0.034837738" r24="0" r31="-0.33545247" r32="0.67010754" r33="-0.03040494" r34="0" r41="1980.2865" r42="-8.953352" r43="1581.3195" r44="1"></containerEntry>
          <containerEntry r11="-0.68978214" r12="-0.003356371" r13="-0.29442275" r14="0" r21="-0.17313138" r22="0.61123085" r23="0.3986502" r24="0" r31="0.23816288" r32="0.43460923" r33="-0.56292903" r34="0" r41="1985.3639" r42="-10.228146" r43="1550.9159" r44="1"></containerEntry>
          <containerEntry r11="-0.38722533" r12="0.02152256" r13="-0.6419425" r14="0" r21="-0.5291164" r22="0.4142553" r23="0.33305764" r24="0" r31="0.36412787" r32="0.62484264" r33="-0.19869527" r34="0" r41="2012.4409" r42="-11.656759" r43="1618.1781" r44="1"></containerEntry>
          <containerEntry r11="0.6337194" r12="-0.24220675" r13="0.31974226" r14="0" r21="0.38758877" r22="0.5237276" r23="-0.37146115" r24="0" r31="-0.10331594" r32="0.47910786" r33="0.5676977" r34="0" r41="2018.8815" r42="-10.378671" r43="1618.0394" r44="1"></containerEntry>
          <containerEntry r11="-0.98993206" r12="-0.1079727" r13="-0.09148174" r14="0" r21="-0.13619305" r22="0.55123603" r23="0.82315767" r24="0" r31="-0.03845077" r32="0.8273325" r33="-0.56038964" r34="0" r41="1941.8944" r42="-9.187195" r43="1623.4706" r44="1"></containerEntry>
          <containerEntry r11="-0.5300189" r12="-0.16790892" r13="0.5033686" r14="0" r21="0.31010675" r22="0.4793101" r23="0.48640954" r24="0" r31="-0.43058926" r32="0.5518759" r33="-0.26929647" r34="0" r41="1948.1974" r42="-12.111325" r43="1639.784" r44="1"></containerEntry>
          <containerEntry r11="-0.54611886" r12="-0.10596404" r13="0.50301075" r14="0" r21="0.23592031" r22="0.600373" r23="0.38261366" r24="0" r31="-0.45671636" r32="0.4368332" r33="-0.4038337" r34="0" r41="1909.5038" r42="-10.741399" r43="1630.3" r44="1"></containerEntry>
          <containerEntry r11="-0.25256073" r12="-0.32861936" r13="0.62507474" r14="0" r21="0.35382512" r22="0.5156302" r23="0.41404393" r24="0" r31="-0.6111604" r32="0.4343201" r33="-0.018604338" r34="0" r41="1912.367" r42="-8.180776" r43="1618.5754" r44="1"></containerEntry>
