<fox formatVersion="2" fileVersion="0">
  <entities>
    <entity class="DataSet" classVersion="0" classID="0xE8" addr="0x2F04A70" id="0x4FC5E6F">
      <staticProperties>
        <property name="name" type="String" container="StaticArray" arraySize="1">
          <containerEntry hash="0xB8A0BF169F98"></containerEntry>
        </property>
        <property name="dataSet" type="EntityHandle" container="StaticArray" arraySize="1">
          <containerEntry>0x0</containerEntry>
        </property>
        <property name="dataList" type="EntityPtr" container="StringMap" arraySize="11">
          <containerEntry key="TppGimmickElectricCableLinkSetData0000">
            <data>0x2D78DD0</data>
          </containerEntry>
          <containerEntry key="TppGimmickElectricCableLinkSetData0001">
            <data>0x2D7AC00</data>
          </containerEntry>
          <containerEntry key="cypr_utpl001_vrtn001_gim_i0000|TppSharedGimmickData_cypr_utpl001_vrtn001">
            <data>0x2D7B610</data>
          </containerEntry>
          <containerEntry key="cypr_cabl002_vrtn001_gim_i0000|TppSharedGimmick_cypr_cabl002_vrtn001">
            <data>0x2D7B920</data>
          </containerEntry>
          <containerEntry key="StaticModelArray0000">
            <data>0x2D7F350</data>
          </containerEntry>
          <containerEntry key="StaticModelArray0001">
            <data>0x2D7F3C0</data>
          </containerEntry>
          <containerEntry key="StaticModelArray0002">
            <data>0x2F04F40</data>
          </containerEntry>
          <containerEntry key="StaticModelArray0003">
            <data>0x2D7EE10</data>
          </containerEntry>
          <containerEntry key="StaticModelArray0004">
            <data>0x2D7EEF0</data>
          </containerEntry>
          <containerEntry key="StaticModelArray0005">
            <data>0x2D7EFD0</data>
          </containerEntry>
          <containerEntry key="TexturePackLoadConditioner0000">
            <data>0x2D7FC10</data>
          </containerEntry>
        </property>
      </staticProperties>
      <dynamicProperties></dynamicProperties>
    </entity>
    <entity class="TppGimmickElectricCableLinkSetData" classVersion="0" classID="0xB0" addr="0x2D78DD0" id="0x4FC6095">
      <staticProperties>
        <property name="name" type="String" container="StaticArray" arraySize="1">
          <containerEntry>TppGimmickElectricCableLinkSetData0000</containerEntry>
        </property>
        <property name="dataSet" type="EntityHandle" container="StaticArray" arraySize="1">
          <containerEntry>0x2F04A70</containerEntry>
        </property>
        <property name="electricCableData" type="EntityLink" container="StaticArray" arraySize="1">
          <containerEntry packagePathHash="0xB8A0BF169F98" archivePath="/Assets/tpp/level/location/mafr/block_small/149/149_145/mafr_149_145_asset.fox2" nameInArchive="cypr_cabl002_vrtn001_gim_i0000|TppSharedGimmick_cypr_cabl002_vrtn001">0x0</containerEntry>
        </property>
        <property name="poleData" type="EntityLink" container="StaticArray" arraySize="1">
          <containerEntry packagePathHash="0xB8A0BF169F98" archivePath="/Assets/tpp/level/location/mafr/block_small/149/149_145/mafr_149_145_asset.fox2" nameInArchive="cypr_utpl001_vrtn001_gim_i0000|TppSharedGimmickData_cypr_utpl001_vrtn001">0x0</containerEntry>
        </property>
        <property name="electricCable" type="String" container="DynamicArray" arraySize="15">
          <containerEntry>cypr_cabl002_vrtn001_gim_n0001|srt_cypr_cabl002_vrtn001</containerEntry>
          <containerEntry>cypr_cabl002_vrtn001_gim_n0002|srt_cypr_cabl002_vrtn001</containerEntry>
          <containerEntry>cypr_cabl002_vrtn001_gim_n0003|srt_cypr_cabl002_vrtn001</containerEntry>
          <containerEntry>cypr_cabl002_vrtn001_gim_n0004|srt_cypr_cabl002_vrtn001</containerEntry>
          <containerEntry>cypr_cabl002_vrtn001_gim_n0004|srt_cypr_cabl002_vrtn001</containerEntry>
          <containerEntry>cypr_cabl002_vrtn001_gim_n0005|srt_cypr_cabl002_vrtn001</containerEntry>
          <containerEntry>cypr_cabl002_vrtn001_gim_n0005|srt_cypr_cabl002_vrtn001</containerEntry>
          <containerEntry>cypr_cabl002_vrtn001_gim_n0006|srt_cypr_cabl002_vrtn001</containerEntry>
          <containerEntry>cypr_cabl002_vrtn001_gim_n0006|srt_cypr_cabl002_vrtn001</containerEntry>
          <containerEntry>cypr_cabl002_vrtn001_gim_n0007|srt_cypr_cabl002_vrtn001</containerEntry>
          <containerEntry>cypr_cabl002_vrtn001_gim_n0007|srt_cypr_cabl002_vrtn001</containerEntry>
          <containerEntry>cypr_cabl002_vrtn001_gim_n0008|srt_cypr_cabl002_vrtn001</containerEntry>
          <containerEntry>cypr_cabl002_vrtn001_gim_n0008|srt_cypr_cabl002_vrtn001</containerEntry>
          <containerEntry>cypr_cabl002_vrtn001_gim_n0009|srt_cypr_cabl002_vrtn001</containerEntry>
          <containerEntry>cypr_cabl002_vrtn001_gim_n0009|srt_cypr_cabl002_vrtn001</containerEntry>
        </property>
        <property name="pole" type="String" container="DynamicArray" arraySize="15">
          <containerEntry>cypr_utpl001_vrtn001_gim_n0000|srt_cypr_utpl001_vrtn001</containerEntry>
          <containerEntry>cypr_utpl001_vrtn001_gim_n0000|srt_cypr_utpl001_vrtn001</containerEntry>
          <containerEntry>cypr_utpl001_vrtn001_gim_n0000|srt_cypr_utpl001_vrtn001</containerEntry>
          <containerEntry>cypr_utpl001_vrtn001_gim_n0001|srt_cypr_utpl001_vrtn001</containerEntry>
          <containerEntry>cypr_utpl001_vrtn001_gim_n0000|srt_cypr_utpl001_vrtn001</containerEntry>
          <containerEntry>cypr_utpl001_vrtn001_gim_n0001|srt_cypr_utpl001_vrtn001</containerEntry>
          <containerEntry>cypr_utpl001_vrtn001_gim_n0000|srt_cypr_utpl001_vrtn001</containerEntry>
          <containerEntry>cypr_utpl001_vrtn001_gim_n0001|srt_cypr_utpl001_vrtn001</containerEntry>
          <containerEntry>cypr_utpl001_vrtn001_gim_n0000|srt_cypr_utpl001_vrtn001</containerEntry>
          <containerEntry>cypr_utpl001_vrtn001_gim_n0002|srt_cypr_utpl001_vrtn001</containerEntry>
          <containerEntry>cypr_utpl001_vrtn001_gim_n0001|srt_cypr_utpl001_vrtn001</containerEntry>
          <containerEntry>cypr_utpl001_vrtn001_gim_n0002|srt_cypr_utpl001_vrtn001</containerEntry>
          <containerEntry>cypr_utpl001_vrtn001_gim_n0001|srt_cypr_utpl001_vrtn001</containerEntry>
          <containerEntry>cypr_utpl001_vrtn001_gim_n0002|srt_cypr_utpl001_vrtn001</containerEntry>
          <containerEntry>cypr_utpl001_vrtn001_gim_n0001|srt_cypr_utpl001_vrtn001</containerEntry>
        </property>
        <property name="cnpIndex" type="UInt8" container="DynamicArray" arraySize="15">
          <containerEntry>0</containerEntry>
          <containerEntry>1</containerEntry>
          <containerEntry>2</containerEntry>
          <containerEntry>0</containerEntry>
          <containerEntry>0</containerEntry>
          <containerEntry>1</containerEntry>
          <containerEntry>1</containerEntry>
          <containerEntry>2</containerEntry>
          <containerEntry>2</containerEntry>
          <containerEntry>0</containerEntry>
          <containerEntry>0</containerEntry>
          <containerEntry>1</containerEntry>
          <containerEntry>1</containerEntry>
          <containerEntry>2</containerEntry>
          <containerEntry>2</containerEntry>
        </property>
      </staticProperties>
      <dynamicProperties></dynamicProperties>
    </entity>
    <entity class="TppGimmickElectricCableLinkSetData" classVersion="0" classID="0xB0" addr="0x2D7AC00" id="0x4FC6100">
      <staticProperties>
        <property name="name" type="String" container="StaticArray" arraySize="1">
          <containerEntry>TppGimmickElectricCableLinkSetData0001</containerEntry>
        </property>
        <property name="dataSet" type="EntityHandle" container="StaticArray" arraySize="1">
          <containerEntry>0x2F04A70</containerEntry>
        </property>
        <property name="electricCableData" type="EntityLink" container="StaticArray" arraySize="1">
          <containerEntry packagePath="/Assets/tpp/pack/location/mafr/pack_small/148/mafr_148_146.fpk" archivePath="/Assets/tpp/level/location/mafr/block_small/148/148_146/mafr_148_146_asset.fox2" nameInArchive="cypr_cabl002_vrtn001_gim_i0000|TppSharedGimmick_cypr_cabl002_vrtn001">0x0</containerEntry>
        </property>
        <property name="poleData" type="EntityLink" container="StaticArray" arraySize="1">
          <containerEntry packagePathHash="0xB8A0BF169F98" archivePath="/Assets/tpp/level/location/mafr/block_small/149/149_145/mafr_149_145_asset.fox2" nameInArchive="cypr_utpl001_vrtn001_gim_i0000|TppSharedGimmickData_cypr_utpl001_vrtn001">0x0</containerEntry>
        </property>
        <property name="electricCable" type="String" container="DynamicArray" arraySize="3">
          <containerEntry>cypr_cabl002_vrtn001_gim_n0007|srt_cypr_cabl002_vrtn001</containerEntry>
          <containerEntry>cypr_cabl002_vrtn001_gim_n0008|srt_cypr_cabl002_vrtn001</containerEntry>
          <containerEntry>cypr_cabl002_vrtn001_gim_n0009|srt_cypr_cabl002_vrtn001</containerEntry>
        </property>
        <property name="pole" type="String" container="DynamicArray" arraySize="3">
          <containerEntry>cypr_utpl001_vrtn001_gim_n0002|srt_cypr_utpl001_vrtn001</containerEntry>
          <containerEntry>cypr_utpl001_vrtn001_gim_n0002|srt_cypr_utpl001_vrtn001</containerEntry>
          <containerEntry>cypr_utpl001_vrtn001_gim_n0002|srt_cypr_utpl001_vrtn001</containerEntry>
        </property>
        <property name="cnpIndex" type="UInt8" container="DynamicArray" arraySize="3">
          <containerEntry>0</containerEntry>
          <containerEntry>1</containerEntry>
          <containerEntry>2</containerEntry>
        </property>
      </staticProperties>
      <dynamicProperties></dynamicProperties>
    </entity>
    <entity class="TppSharedGimmickData" classVersion="1" classID="0xF0" addr="0x2D7B610" id="0xC619">
      <staticProperties>
        <property name="name" type="String" container="StaticArray" arraySize="1">
          <containerEntry>cypr_utpl001_vrtn001_gim_i0000|TppSharedGimmickData_cypr_utpl001_vrtn001</containerEntry>
        </property>
        <property name="dataSet" type="EntityHandle" container="StaticArray" arraySize="1">
          <containerEntry>0x2F04A70</containerEntry>
        </property>
        <property name="modelFile" type="FilePtr" container="StaticArray" arraySize="1">
          <containerEntry>/Assets/tpp/environ/object/cyprus/utility_pole/cypr_utpl001/scenes/cypr_utpl001_vrtn001.fmdl</containerEntry>
        </property>
        <property name="geomFile" type="FilePtr" container="StaticArray" arraySize="1">
          <containerEntry>/Assets/tpp/environ/object/cyprus/utility_pole/cypr_utpl001/scenes/cypr_utpl001_vrtn001.geom</containerEntry>
        </property>
        <property name="breakedModelFile" type="FilePtr" container="StaticArray" arraySize="1">
          <containerEntry hash="0xB8A0BF169F98"></containerEntry>
        </property>
        <property name="breakedGeomFile" type="FilePtr" container="StaticArray" arraySize="1">
          <containerEntry hash="0xB8A0BF169F98"></containerEntry>
        </property>
        <property name="partsFile" type="FilePtr" container="StaticArray" arraySize="1">
          <containerEntry>/Assets/tpp/parts/environ/object/cyprus/utility_pole/cypr_utpl001/cypr_utpl001_vrtn001.parts</containerEntry>
        </property>
        <property name="numDynamicGimmick" type="UInt32" container="StaticArray" arraySize="1">
          <containerEntry>2</containerEntry>
        </property>
        <property name="locaterFile" type="FilePtr" container="StaticArray" arraySize="1">
          <containerEntry>/Assets/tpp/level/location/mafr/block_small/149/149_145/lba/cypr_utpl001_vrtn001.lba</containerEntry>
        </property>
        <property name="flags1" type="UInt32" container="StaticArray" arraySize="1">
          <containerEntry>284</containerEntry>
        </property>
        <property name="flags2" type="UInt32" container="StaticArray" arraySize="1">
          <containerEntry>0</containerEntry>
        </property>
      </staticProperties>
      <dynamicProperties></dynamicProperties>
    </entity>
    <entity class="TppSharedGimmickData" classVersion="1" classID="0xF0" addr="0x2D7B920" id="0xCF4">
      <staticProperties>
        <property name="name" type="String" container="StaticArray" arraySize="1">
          <containerEntry>cypr_cabl002_vrtn001_gim_i0000|TppSharedGimmick_cypr_cabl002_vrtn001</containerEntry>
        </property>
        <property name="dataSet" type="EntityHandle" container="StaticArray" arraySize="1">
          <containerEntry>0x2F04A70</containerEntry>
        </property>
        <property name="modelFile" type="FilePtr" container="StaticArray" arraySize="1">
          <containerEntry>/Assets/tpp/environ/object/cyprus/cable/cypr_cabl002/scenes/cypr_cabl002_vrtn001_fl.fmdl</containerEntry>
        </property>
        <property name="geomFile" type="FilePtr" container="StaticArray" arraySize="1">
          <containerEntry hash="0xB8A0BF169F98"></containerEntry>
        </property>
        <property name="breakedModelFile" type="FilePtr" container="StaticArray" arraySize="1">
          <containerEntry hash="0xB8A0BF169F98"></containerEntry>
        </property>
        <property name="breakedGeomFile" type="FilePtr" container="StaticArray" arraySize="1">
          <containerEntry hash="0xB8A0BF169F98"></containerEntry>
        </property>
        <property name="partsFile" type="FilePtr" container="StaticArray" arraySize="1">
          <containerEntry>/Assets/tpp/parts/environ/object/cyprus/cable/cypr_cabl002/cypr_cabl002_vrtn001.parts</containerEntry>
        </property>
        <property name="numDynamicGimmick" type="UInt32" container="StaticArray" arraySize="1">
          <containerEntry>6</containerEntry>
        </property>
        <property name="locaterFile" type="FilePtr" container="StaticArray" arraySize="1">
          <containerEntry>/Assets/tpp/level/location/mafr/block_small/149/149_145/lba/cypr_cabl002_vrtn001_scl.lba</containerEntry>
        </property>
        <property name="flags1" type="UInt32" container="StaticArray" arraySize="1">
          <containerEntry>274</containerEntry>
        </property>
        <property name="flags2" type="UInt32" container="StaticArray" arraySize="1">
          <containerEntry>0</containerEntry>
        </property>
      </staticProperties>
      <dynamicProperties></dynamicProperties>
    </entity>
    <entity class="StaticModelArray" classVersion="4" classID="0xD0" addr="0x2D7F350" id="0x0">
      <staticProperties>
        <property name="name" type="String" container="StaticArray" arraySize="1">
          <containerEntry>StaticModelArray0000</containerEntry>
        </property>
        <property name="dataSet" type="EntityHandle" container="StaticArray" arraySize="1">
          <containerEntry>0x2F04A70</containerEntry>
        </property>
        <property name="modelFile" type="FilePtr" container="StaticArray" arraySize="1">
          <containerEntry>/Assets/tpp/environ/object/middle_africa/rock/mafr_rock002/scenes/mafr_rock002.fmdl</containerEntry>
        </property>
        <property name="geomFile" type="FilePtr" container="StaticArray" arraySize="1">
          <containerEntry>/Assets/tpp/environ/object/middle_africa/rock/mafr_rock002/scenes/mafr_rock002.geom</containerEntry>
        </property>
        <property name="isVisibleGeom" type="Bool" container="StaticArray" arraySize="1">
          <containerEntry>false</containerEntry>
        </property>
        <property name="lodFarSize" type="Float" container="StaticArray" arraySize="1">
          <containerEntry>-1</containerEntry>
        </property>
        <property name="lodNearSize" type="Float" container="StaticArray" arraySize="1">
          <containerEntry>-1</containerEntry>
        </property>
        <property name="lodPolygonSize" type="Float" container="StaticArray" arraySize="1">
          <containerEntry>-1</containerEntry>
        </property>
        <property name="drawRejectionLevel" type="Int32" container="StaticArray" arraySize="1">
          <containerEntry>8</containerEntry>
        </property>
        <property name="drawMode" type="Int32" container="StaticArray" arraySize="1">
          <containerEntry>0</containerEntry>
        </property>
        <property name="rejectFarRangeShadowCast" type="Int32" container="StaticArray" arraySize="1">
          <containerEntry>2</containerEntry>
        </property>
        <property name="parentLocator" type="EntityLink" container="StaticArray" arraySize="1">
          <containerEntry packagePathHash="0xB8A0BF169F98" archivePathHash="0xB8A0BF169F98" nameInArchiveHash="0xB8A0BF169F98">0x0</containerEntry>
        </property>
        <property name="transforms" type="Matrix4" container="DynamicArray" arraySize="4">
          <containerEntry r11="-0.76123816" r12="-0.052578382" r13="0.6463366" r14="0" r21="-0.085885175" r22="0.9961018" r23="-0.020122157" r24="0" r31="-0.64275914" r32="-0.07082851" r33="-0.7627864" r34="0" r41="2117.4316" r42="-4.52115" r43="1622.0667" r44="1"></containerEntry>
          <containerEntry r11="-0.3727878" r12="-0.05257856" r13="-0.9264256" r14="0" r21="0.04622148" r22="0.99610174" r23="-0.075132206" r24="0" r31="0.9267645" r32="-0.07082915" r33="-0.36890435" r34="0" r41="2125.4194" r42="-3.842055" r43="1637.7278" r44="1"></containerEntry>
          <containerEntry r11="-0.80596536" r12="-0.07623633" r13="0.5870333" r14="0" r21="-0.0647975" r22="0.99707526" r23="0.04052382" r24="0" r31="-0.5884057" r32="-0.005377488" r33="-0.8085481" r34="0" r41="2153.7832" r42="-0.033117" r43="1628.1266" r44="1"></containerEntry>
          <containerEntry r11="0.6120687" r12="0.23406793" r13="0.75537014" r14="0" r21="-0.07369296" r22="0.96791774" r23="-0.24021778" r24="0" r31="-0.7873634" r32="0.09136432" r33="0.60968137" r34="0" r41="2147.0032" r42="0.590132" r43="1644.9601" r44="1"></containerEntry>
        </property>
        <property name="colors" type="UInt32" container="DynamicArray" arraySize="4">
          <containerEntry>4294967295</containerEntry>
          <containerEntry>4294967295</containerEntry>
          <containerEntry>4294967295</containerEntry>
          <containerEntry>4294967295</containerEntry>
        </property>
      </staticProperties>
      <dynamicProperties></dynamicProperties>
    </entity>
    <entity class="StaticModelArray" classVersion="4" classID="0xD0" addr="0x2D7F3C0" id="0x0">
      <staticProperties>
        <property name="name" type="String" container="StaticArray" arraySize="1">
          <containerEntry>StaticModelArray0001</containerEntry>
        </property>
        <property name="dataSet" type="EntityHandle" container="StaticArray" arraySize="1">
          <containerEntry>0x2F04A70</containerEntry>
        </property>
        <property name="modelFile" type="FilePtr" container="StaticArray" arraySize="1">
          <containerEntry>/Assets/tpp/environ/object/middle_africa/rock/mafr_rock001/scenes/mafr_rock001_vrtn002.fmdl</containerEntry>
        </property>
        <property name="geomFile" type="FilePtr" container="StaticArray" arraySize="1">
          <containerEntry>/Assets/tpp/environ/object/middle_africa/rock/mafr_rock001/scenes/mafr_rock001_vrtn002.geom</containerEntry>
        </property>
        <property name="isVisibleGeom" type="Bool" container="StaticArray" arraySize="1">
          <containerEntry>false</containerEntry>
        </property>
        <property name="lodFarSize" type="Float" container="StaticArray" arraySize="1">
          <containerEntry>-1</containerEntry>
        </property>
        <property name="lodNearSize" type="Float" container="StaticArray" arraySize="1">
          <containerEntry>-1</containerEntry>
        </property>
        <property name="lodPolygonSize" type="Float" container="StaticArray" arraySize="1">
          <containerEntry>-1</containerEntry>
        </property>
        <property name="drawRejectionLevel" type="Int32" container="StaticArray" arraySize="1">
          <containerEntry>8</containerEntry>
        </property>
        <property name="drawMode" type="Int32" container="StaticArray" arraySize="1">
          <containerEntry>0</containerEntry>
        </property>
        <property name="rejectFarRangeShadowCast" type="Int32" container="StaticArray" arraySize="1">
          <containerEntry>2</containerEntry>
        </property>
        <property name="parentLocator" type="EntityLink" container="StaticArray" arraySize="1">
          <containerEntry packagePathHash="0xB8A0BF169F98" archivePathHash="0xB8A0BF169F98" nameInArchiveHash="0xB8A0BF169F98">0x0</containerEntry>
        </property>
        <property name="transforms" type="Matrix4" container="DynamicArray" arraySize="8">
          <containerEntry r11="-0.42042828" r12="0" r13="-0.90732634" r14="0" r21="0" r22="1" r23="0" r24="0" r31="0.90732634" r32="0" r33="-0.42042828" r34="0" r41="2095.7654" r42="-8.714476" r43="1542.8691" r44="1"></containerEntry>
          <containerEntry r11="0.17068768" r12="0" r13="-0.98532563" r14="0" r21="0" r22="1" r23="0" r24="0" r31="0.98532563" r32="0" r33="0.17068768" r34="0" r41="2096.8745" r42="-8.714476" r43="1549.8079" r44="1"></containerEntry>
          <containerEntry r11="-0.016529799" r12="0" r13="0.9998644" r14="0" r21="0" r22="1" r23="0" r24="0" r31="-0.9998644" r32="0" r33="-0.016529799" r34="0" r41="2118.8418" r42="-7.558809" r43="1542.1038" r44="1"></containerEntry>
          <containerEntry r11="0.9747909" r12="0" r13="-0.22312045" r14="0" r21="0" r22="1" r23="0" r24="0" r31="0.22312045" r32="0" r33="0.9747909" r34="0" r41="2072.4229" r42="-9.647164" r43="1562.1212" r44="1"></containerEntry>
          <containerEntry r11="0.6324618" r12="0" r13="-0.7745916" r14="0" r21="0" r22="1" r23="0" r24="0" r31="0.7745916" r32="0" r33="0.6324618" r34="0" r41="2066.951" r42="-9.647164" r43="1564.956" r44="1"></containerEntry>
          <containerEntry r11="0.8702701" r12="0" r13="0.49257496" r14="0" r21="0" r22="1" r23="0" r24="0" r31="-0.49257496" r32="0" r33="0.8702701" r34="0" r41="2120.014" r42="-9.287246" r43="1579.2496" r44="1"></containerEntry>
          <containerEntry r11="0.24050397" r12="0" r13="0.9706484" r14="0" r21="0" r22="1" r23="0" r24="0" r31="-0.9706484" r32="0" r33="0.24050397" r34="0" r41="2115.629" r42="-8.938717" r43="1574.6086" r44="1"></containerEntry>
          <containerEntry r11="-0.18902385" r12="0" r13="0.98197335" r14="0" r21="0" r22="1" r23="0" r24="0" r31="-0.98197335" r32="0" r33="-0.18902385" r34="0" r41="2117.546" r42="-7.535933" r43="1567.7859" r44="1"></containerEntry>
        </property>
        <property name="colors" type="UInt32" container="DynamicArray" arraySize="8">
          <containerEntry>4294967295</containerEntry>
          <containerEntry>4294967295</containerEntry>
          <containerEntry>4294967295</containerEntry>
          <containerEntry>4294967295</containerEntry>
          <containerEntry>4294967295</containerEntry>
          <containerEntry>4294967295</containerEntry>
          <containerEntry>4294967295</containerEntry>
          <containerEntry>4294967295</containerEntry>
        </property>
      </staticProperties>
      <dynamicProperties></dynamicProperties>
    </entity>
    <entity class="StaticModelArray" classVersion="4" classID="0xD0" addr="0x2F04F40" id="0x0">
      <staticProperties>
        <property name="name" type="String" container="StaticArray" arraySize="1">
          <containerEntry>StaticModelArray0002</containerEntry>
        </property>
        <property name="dataSet" type="EntityHandle" container="StaticArray" arraySize="1">
          <containerEntry>0x2F04A70</containerEntry>
        </property>
        <property name="modelFile" type="FilePtr" container="StaticArray" arraySize="1">
          <containerEntry>/Assets/tpp/environ/object/middle_africa/cliff/mafr_clff003/scenes/mafr_clff003_vrtn001.fmdl</containerEntry>
        </property>
        <property name="geomFile" type="FilePtr" container="StaticArray" arraySize="1">
          <containerEntry>/Assets/tpp/environ/object/middle_africa/cliff/mafr_clff003/scenes/mafr_clff003_vrtn001.geom</containerEntry>
        </property>
        <property name="isVisibleGeom" type="Bool" container="StaticArray" arraySize="1">
          <containerEntry>false</containerEntry>
        </property>
        <property name="lodFarSize" type="Float" container="StaticArray" arraySize="1">
          <containerEntry>-1</containerEntry>
        </property>
        <property name="lodNearSize" type="Float" container="StaticArray" arraySize="1">
          <containerEntry>-1</containerEntry>
        </property>
        <property name="lodPolygonSize" type="Float" container="StaticArray" arraySize="1">
          <containerEntry>-1</containerEntry>
        </property>
        <property name="drawRejectionLevel" type="Int32" container="StaticArray" arraySize="1">
          <containerEntry>8</containerEntry>
        </property>
        <property name="drawMode" type="Int32" container="StaticArray" arraySize="1">
          <containerEntry>0</containerEntry>
        </property>
        <property name="rejectFarRangeShadowCast" type="Int32" container="StaticArray" arraySize="1">
          <containerEntry>2</containerEntry>
        </property>
        <property name="parentLocator" type="EntityLink" container="StaticArray" arraySize="1">
          <containerEntry packagePathHash="0xB8A0BF169F98" archivePathHash="0xB8A0BF169F98" nameInArchiveHash="0xB8A0BF169F98">0x0</containerEntry>
        </property>
        <property name="transforms" type="Matrix4" container="DynamicArray" arraySize="21">
          <containerEntry r11="-0.23645163" r12="-0.071994096" r13="0.9689682" r14="0" r21="0.4574767" r22="0.87155026" r23="0.17639267" r24="0" r31="-0.8572033" r32="0.4849909" r33="-0.17314321" r34="0" r41="2112.1086" r42="-11.160249" r43="1561.6777" r44="1"></containerEntry>
          <containerEntry r11="-0.20081753" r12="-0.10059881" r13="0.71557593" r14="0" r21="0.42712182" r22="0.5825442" r23="0.20176381" r24="0" r31="-0.5828688" r32="0.4615426" r33="-0.09868893" r34="0" r41="2126.9001" r42="-5.905124" r43="1561.5533" r44="1"></containerEntry>
          <containerEntry r11="-0.73771524" r12="-0.13378714" r13="0.6617228" r14="0" r21="0.4129702" r22="0.6859685" r23="0.599085" r24="0" r31="-0.53407085" r32="0.71522593" r33="-0.45079935" r34="0" r41="2132.0635" r42="-6.992912" r43="1563.8309" r44="1"></containerEntry>
          <containerEntry r11="0.5793217" r12="0.008875743" r13="0.81505024" r14="0" r21="0.47749686" r22="0.8067015" r23="-0.34817973" r24="0" r31="-0.66059244" r32="0.5908922" r33="0.46310166" r34="0" r41="2135.003" r42="-6.873225" r43="1531.532" r44="1"></containerEntry>
          <containerEntry r11="0.6789866" r12="-0.053187698" r13="0.31408265" r14="0" r21="0.16966686" r22="0.6862391" r23="-0.25057662" r24="0" r31="-0.26961082" r32="0.2979036" r33="0.63329524" r34="0" r41="2120.511" r42="-7.049968" r43="1572.7878" r44="1"></containerEntry>
          <containerEntry r11="-0.12347825" r12="-0.12322673" r13="0.984663" r14="0" r21="0.7334372" r22="0.6570546" r23="0.1742039" r24="0" r31="-0.66844296" r32="0.7437018" r33="0.009248614" r34="0" r41="2053.2632" r42="-13.49124" r43="1599.7084" r44="1"></containerEntry>
          <containerEntry r11="-0.838093" r12="0.025826305" r13="0.5449072" r14="0" r21="0.53564775" r22="0.22812365" r23="0.8130419" r24="0" r31="-0.10330726" r32="0.9732876" r33="-0.20501906" r34="0" r41="2058.8086" r42="-11.360867" r43="1580.3212" r44="1"></containerEntry>
          <containerEntry r11="0.084968105" r12="-0.013313737" r13="0.7450504" r14="0" r21="0.3511055" r22="0.66213953" r23="-0.028208055" r24="0" r31="-0.65726876" r32="0.3519851" r33="0.081247285" r34="0" r41="2078.2593" r42="-12.907674" r43="1645.5902" r44="1"></containerEntry>
          <containerEntry r11="-0.5195731" r12="-0.057908703" r13="0.5377624" r14="0" r21="0.37194896" r22="0.50312257" r23="0.4135472" r24="0" r31="-0.39267766" r32="0.5531852" r33="-0.31982607" r34="0" r41="2076.08" r42="-11.914444" r43="1630.1829" r44="1"></containerEntry>
          <containerEntry r11="-0.7405207" r12="-0.099349566" r13="0.065222606" r14="0" r21="-0.017283276" r22="0.4972484" r23="0.5611987" r24="0" r31="-0.117582545" r32="0.5526036" r33="-0.49325475" r34="0" r41="2092.2031" r42="-10.936951" r43="1633.6843" r44="1"></containerEntry>
          <containerEntry r11="-0.2686757" r12="-0.097106665" r13="0.69345486" r14="0" r21="0.4563492" r22="0.53906417" r23="0.25229818" r24="0" r31="-0.53108823" r32="0.5123273" r33="-0.13402426" r34="0" r41="2090.8926" r42="-10.888123" r43="1629.5938" r44="1"></containerEntry>
          <containerEntry r11="-0.65292454" r12="-0.119725116" r13="0.34906754" r14="0" r21="0.12662253" r22="0.5936781" r23="0.4404682" r24="0" r31="-0.34662512" r32="0.44239277" r33="-0.49662167" r34="0" r41="2057.5032" r42="-12.756463" r43="1618.6573" r44="1"></containerEntry>
          <containerEntry r11="0.5388104" r12="-0.038873136" r13="-0.84152824" r14="0" r21="-0.6183931" r22="0.6601083" r23="-0.42643294" r24="0" r31="0.5720759" r32="0.7501626" r33="0.33163467" r34="0" r41="2152.919" r42="-1.987474" r43="1646.2312" r44="1"></containerEntry>
          <containerEntry r11="-0.74947226" r12="-0.027463332" r13="0.0055748187" r14="0" r21="-0.011980922" r22="0.44889903" r23="0.6007037" r24="0" r31="-0.025333192" r32="0.60019517" r33="-0.44902027" r34="0" r41="2073.7085" r42="-11.092692" r43="1567.4691" r44="1"></containerEntry>
          <containerEntry r11="-0.54324585" r12="-0.040045604" r13="0.5155332" r14="0" r21="0.4123795" r22="0.4175725" r23="0.46698484" r24="0" r31="-0.31196368" r32="0.62171376" r33="-0.28043896" r34="0" r41="2055.2778" r42="-8.668098" r43="1567.4452" r44="1"></containerEntry>
          <containerEntry r11="0.20171928" r12="-0.29707184" r13="0.6584496" r14="0" r21="0.65226436" r22="0.36868525" r23="-0.033484295" r24="0" r31="-0.31041715" r32="0.58165133" r33="0.3575216" r34="0" r41="2094.9995" r42="-8.442238" r43="1554.5304" r44="1"></containerEntry>
          <containerEntry r11="-0.32888326" r12="-0.14408416" r13="0.65846163" r14="0" r21="0.37548018" r22="0.569296" r23="0.3121155" r24="0" r31="-0.5597737" r32="0.46652028" r33="-0.17750743" r34="0" r41="2080.4495" r42="-7.630751" r43="1540.7351" r44="1"></containerEntry>
          <containerEntry r11="-0.3510616" r12="0.064958304" r13="-0.65956783" r14="0" r21="-0.1958228" r22="0.7028986" r23="0.17345503" r24="0" r31="0.6331688" r32="0.25340408" r33="-0.31205356" r34="0" r41="2099.0962" r42="-10.200988" r43="1543.3147" r44="1"></containerEntry>
          <containerEntry r11="0.04620041" r12="-0.039016515" r13="-0.9981668" r14="0" r21="-0.751014" r22="0.65751076" r23="-0.060459137" r24="0" r31="0.65866315" r32="0.75243276" r33="0.0010763407" r34="0" r41="2092.6597" r42="-12.756452" r43="1597.4886" r44="1"></containerEntry>
          <containerEntry r11="-0.40166986" r12="-0.016344294" r13="0.915634" r14="0" r21="0.34849292" r22="0.9218884" r23="0.16933376" r24="0" r31="-0.8468798" r32="0.38710994" r33="-0.36459857" r34="0" r41="2105.3577" r42="-11.705164" r43="1602.438" r44="1"></containerEntry>
          <containerEntry r11="0.42596763" r12="-0.04376822" r13="-0.6157391" r14="0" r21="-0.2735134" r22="0.6572852" r23="-0.23593667" r24="0" r31="0.55339015" r32="0.3585527" r33="0.35734814" r34="0" r41="2058.8086" r42="-9.970864" r43="1579.3263" r44="1"></containerEntry>
        </property>
        <property name="colors" type="UInt32" container="DynamicArray" arraySize="21">
          <containerEntry>4294967295</containerEntry>
          <containerEntry>4294967295</containerEntry>
          <containerEntry>4294967295</containerEntry>
          <containerEntry>4294967295</containerEntry>
          <containerEntry>4294967295</containerEntry>
          <containerEntry>4294967295</containerEntry>
          <containerEntry>4294967295</containerEntry>
          <containerEntry>4294967295</containerEntry>
          <containerEntry>4294967295</containerEntry>
          <containerEntry>4294967295</containerEntry>
          <containerEntry>4294967295</containerEntry>
          <containerEntry>4294967295</containerEntry>
          <containerEntry>4294967295</containerEntry>
          <containerEntry>4294967295</containerEntry>
          <containerEntry>4294967295</containerEntry>
          <containerEntry>4294967295</containerEntry>
          <containerEntry>4294967295</containerEntry>
          <containerEntry>4294967295</containerEntry>
          <containerEntry>4294967295</containerEntry>
          <containerEntry>4294967295</containerEntry>
          <containerEntry>4294967295</containerEntry>
        </property>
      </staticProperties>
      <dynamicProperties></dynamicProperties>
    </entity>
    <entity class="StaticModelArray" classVersion="4" classID="0xD0" addr="0x2D7EE10" id="0x0">
      <staticProperties>
        <property name="name" type="String" container="StaticArray" arraySize="1">
          <containerEntry>StaticModelArray0003</containerEntry>
        </property>
        <property name="dataSet" type="EntityHandle" container="StaticArray" arraySize="1">
          <containerEntry>0x2F04A70</containerEntry>
        </property>
        <property name="modelFile" type="FilePtr" container="StaticArray" arraySize="1">
          <containerEntry>/Assets/tpp/environ/object/middle_africa/rock/mafr_rock001/scenes/mafr_rock001.fmdl</containerEntry>
        </property>
        <property name="geomFile" type="FilePtr" container="StaticArray" arraySize="1">
          <containerEntry>/Assets/tpp/environ/object/middle_africa/rock/mafr_rock001/scenes/mafr_rock001.geom</containerEntry>
        </property>
        <property name="isVisibleGeom" type="Bool" container="StaticArray" arraySize="1">
          <containerEntry>false</containerEntry>
        </property>
        <property name="lodFarSize" type="Float" container="StaticArray" arraySize="1">
          <containerEntry>-1</containerEntry>
        </property>
        <property name="lodNearSize" type="Float" container="StaticArray" arraySize="1">
          <containerEntry>-1</containerEntry>
        </property>
        <property name="lodPolygonSize" type="Float" container="StaticArray" arraySize="1">
          <containerEntry>-1</containerEntry>
        </property>
        <property name="drawRejectionLevel" type="Int32" container="StaticArray" arraySize="1">
          <containerEntry>8</containerEntry>
        </property>
        <property name="drawMode" type="Int32" container="StaticArray" arraySize="1">
          <containerEntry>0</containerEntry>
        </property>
        <property name="rejectFarRangeShadowCast" type="Int32" container="StaticArray" arraySize="1">
          <containerEntry>2</containerEntry>
        </property>
        <property name="parentLocator" type="EntityLink" container="StaticArray" arraySize="1">
          <containerEntry packagePathHash="0xB8A0BF169F98" archivePathHash="0xB8A0BF169F98" nameInArchiveHash="0xB8A0BF169F98">0x0</containerEntry>
        </property>
        <property name="transforms" type="Matrix4" container="DynamicArray" arraySize="24">
          <containerEntry r11="0.002663273" r12="-0.1272528" r13="0.7391182" r14="0" r21="-0.043783505" r22="0.7378385" r23="0.12719011" r24="0" r31="-0.7487136" r32="-0.043599848" r33="-0.004808696" r34="0" r41="2084.719" r42="-8.247558" r43="1645.5382" r44="1"></containerEntry>
          <containerEntry r11="0.85492384" r12="-0.036480807" r13="-0.51746535" r14="0" r21="-0.016856827" r22="0.9950437" r23="-0.09799945" r24="0" r31="0.5184758" r32="0.092504896" r33="0.8500716" r34="0" r41="2091.9822" r42="-7.859564" r43="1645.2247" r44="1"></containerEntry>
          <containerEntry r11="0.307421" r12="0.10622496" r13="0.945624" r14="0" r21="-0.048613153" r22="0.9942053" r23="-0.09587801" r24="0" r31="-0.95032907" r32="-0.016495153" r33="0.31080353" r34="0" r41="2059.1052" r42="-10.054997" r43="1659.0864" r44="1"></containerEntry>
          <containerEntry r11="-0.58192813" r12="-0.11370124" r13="0.45926517" r14="0" r21="-0.043784082" r22="0.73783857" r23="0.12718955" r24="0" r31="-0.4711002" r32="0.07187598" r33="-0.57912976" r34="0" r41="2055.7444" r42="-9.354" r43="1628.1232" r44="1"></containerEntry>
          <containerEntry r11="0.36607447" r12="-0.13694528" r13="0.92045224" r14="0" r21="-0.058379464" r22="0.9837848" r23="0.16958559" r24="0" r31="-0.9287509" r32="-0.115816325" r33="0.3521437" r34="0" r41="2050.3254" r42="-9.422712" r43="1615.2559" r44="1"></containerEntry>
          <containerEntry r11="-0.99152064" r12="-0.037392702" r13="-0.1244076" r14="0" r21="-0.058378797" r22="0.9837849" r23="0.16958515" r24="0" r31="0.116049044" r32="0.17541094" r33="-0.97762585" r34="0" r41="2058.4893" r42="-8.465142" r43="1589.9525" r44="1"></containerEntry>
          <containerEntry r11="-0.13664037" r12="-0.13896284" r13="0.7242329" r14="0" r21="0.3238479" r22="0.6504325" r23="0.18590274" r24="0" r31="-0.66253084" r32="0.3465918" r33="-0.058496363" r34="0" r41="2061.7463" r42="-8.758438" r43="1586.389" r44="1"></containerEntry>
          <containerEntry r11="0.8715372" r12="0.062660106" r13="0.48630497" r14="0" r21="-0.016857613" r22="0.9950437" r23="-0.097999215" r24="0" r31="-0.49003533" r32="0.07721201" r33="0.86827385" r34="0" r41="2088.0432" r42="-8.164749" r43="1639.11" r44="1"></containerEntry>
          <containerEntry r11="-0.68128246" r12="-0.092102714" r13="0.29977402" r14="0" r21="-0.04378303" r22="0.7378386" r23="0.1271896" r24="0" r31="-0.3105325" r32="0.09803644" r33="-0.67561203" r34="0" r41="2075.157" r42="-8.785245" r43="1627.0713" r44="1"></containerEntry>
          <containerEntry r11="-0.47756857" r12="0.07060125" r13="-0.5739659" r14="0" r21="-0.0437843" r22="0.7378386" r23="0.12718923" r24="0" r31="0.57663196" r32="0.114496864" r33="-0.46570304" r34="0" r41="2050.5708" r42="-9.841158" r43="1635.9778" r44="1"></containerEntry>
          <containerEntry r11="-0.95902437" r12="-0.10244235" r13="0.26413852" r14="0" r21="-0.058379106" r22="0.9837849" r23="0.16958489" r24="0" r31="-0.27722818" r32="0.14721657" r33="-0.9494541" r34="0" r41="2050.756" r42="-9.76146" r43="1632.2029" r44="1"></containerEntry>
          <containerEntry r11="0.73391783" r12="0.06284763" r13="-0.67632294" r14="0" r21="-0.021206426" r22="0.9973449" r23="0.069666386" r24="0" r31="0.67890555" r32="-0.03678699" r33="0.7333019" r34="0" r41="2071.7632" r42="-10.63759" r43="1644.5804" r44="1"></containerEntry>
          <containerEntry r11="0.2900712" r12="0.10231512" r13="-0.68402314" r14="0" r21="-0.28136474" r22="0.6950527" r23="-0.015352517" r24="0" r31="0.63181514" r32="0.26255095" r33="0.30720344" r34="0" r41="2068.1062" r42="-11.094488" r43="1650.4801" r44="1"></containerEntry>
          <containerEntry r11="-0.68735236" r12="-0.29292747" r13="-0.6646369" r14="0" r21="-0.37515184" r22="0.92673725" r23="-0.02046962" r24="0" r31="0.62193984" r32="0.23527004" r33="-0.7468873" r34="0" r41="2078.646" r42="-8.718797" r43="1659.3225" r44="1"></containerEntry>
          <containerEntry r11="0.53291243" r12="-0.24110436" r13="0.4694348" r14="0" r21="0.0619638" r22="0.691123" r23="0.2846212" r24="0" r31="-0.524081" r32="-0.16345322" r33="0.51099706" r34="0" r41="2068.7031" r42="-9.81256" r43="1641.1681" r44="1"></containerEntry>
          <containerEntry r11="-0.31379172" r12="-0.08683545" r13="0.94550806" r14="0" r21="0.21173123" r22="0.9643349" r23="0.15883324" r24="0" r31="-0.9255787" r32="0.25003457" r33="-0.2842145" r34="0" r41="2103.501" r42="-9.396481" r43="1593.999" r44="1"></containerEntry>
