<fox formatVersion="2" fileVersion="0">
  <entities>
    <entity class="DataSet" classVersion="0" classID="0xE8" addr="0x32E2C40" id="0xC723C">
      <staticProperties>
        <property name="name" type="String" container="StaticArray" arraySize="1">
          <containerEntry hash="0xB8A0BF169F98"></containerEntry>
        </property>
        <property name="dataSet" type="EntityHandle" container="StaticArray" arraySize="1">
          <containerEntry>0x0</containerEntry>
        </property>
        <property name="dataList" type="EntityPtr" container="StringMap" arraySize="9">
          <containerEntry key="afgh_clff027_vrtn004_0007">
            <data>0x32E31F0</data>
          </containerEntry>
          <containerEntry key="afgh_clff027_vrtn006_0004">
            <data>0x31762F0</data>
          </containerEntry>
          <containerEntry key="StaticModelArray0000">
            <data>0x317A9D0</data>
          </containerEntry>
          <containerEntry key="StaticModelArray0001">
            <data>0x317AA40</data>
          </containerEntry>
          <containerEntry key="StaticModelArray0002">
            <data>0x317AB20</data>
          </containerEntry>
          <containerEntry key="StaticModelArray0003">
            <data>0x317AAB0</data>
          </containerEntry>
          <containerEntry key="StaticModelArray0004">
            <data>0x317AB90</data>
          </containerEntry>
          <containerEntry key="StaticModelArray0005">
            <data>0x317AC00</data>
          </containerEntry>
          <containerEntry key="TexturePackLoadConditioner0000">
            <data>0x317AF80</data>
          </containerEntry>
        </property>
      </staticProperties>
      <dynamicProperties></dynamicProperties>
    </entity>
    <entity class="StaticModel" classVersion="9" classID="0x160" addr="0x32E31F0" id="0xC7259">
      <staticProperties>
        <property name="name" type="String" container="StaticArray" arraySize="1">
          <containerEntry>afgh_clff027_vrtn004_0007</containerEntry>
        </property>
        <property name="dataSet" type="EntityHandle" container="StaticArray" arraySize="1">
          <containerEntry>0x32E2C40</containerEntry>
        </property>
        <property name="parent" type="EntityHandle" container="StaticArray" arraySize="1">
          <containerEntry>0x0</containerEntry>
        </property>
        <property name="transform" type="EntityPtr" container="StaticArray" arraySize="1">
          <containerEntry>0x32E3260</containerEntry>
        </property>
        <property name="shearTransform" type="EntityPtr" container="StaticArray" arraySize="1">
          <containerEntry>0x0</containerEntry>
        </property>
        <property name="pivotTransform" type="EntityPtr" container="StaticArray" arraySize="1">
          <containerEntry>0x0</containerEntry>
        </property>
        <property name="children" type="EntityHandle" container="List"></property>
        <property name="flags" type="UInt32" container="StaticArray" arraySize="1">
          <containerEntry>3221225479</containerEntry>
        </property>
        <property name="modelFile" type="FilePtr" container="StaticArray" arraySize="1">
          <containerEntry>/Assets/tpp/environ/object/afghanistan/cliff/afgh_clff027/scenes/afgh_clff027_vrtn004.fmdl</containerEntry>
        </property>
        <property name="geomFile" type="FilePtr" container="StaticArray" arraySize="1">
          <containerEntry>/Assets/tpp/environ/object/afghanistan/cliff/afgh_clff027/scenes/afgh_clff027_vrtn004.geom</containerEntry>
        </property>
        <property name="isVisibleGeom" type="Bool" container="StaticArray" arraySize="1">
          <containerEntry>false</containerEntry>
        </property>
        <property name="isIsolated" type="Bool" container="StaticArray" arraySize="1">
          <containerEntry>false</containerEntry>
        </property>
        <property name="lodFarSize" type="Float" container="StaticArray" arraySize="1">
          <containerEntry>-1</containerEntry>
        </property>
        <property name="lodNearSize" type="Float" container="StaticArray" arraySize="1">
          <containerEntry>-1</containerEntry>
        </property>
        <property name="lodPolygonSize" type="Float" container="StaticArray" arraySize="1">
          <containerEntry>-1</containerEntry>
        </property>
        <property name="color" type="Color" container="StaticArray" arraySize="1">
          <containerEntry r="1" g="1" b="1" a="1"></containerEntry>
        </property>
        <property name="drawRejectionLevel" type="Int32" container="StaticArray" arraySize="1">
          <containerEntry>8</containerEntry>
        </property>
        <property name="drawMode" type="Int32" container="StaticArray" arraySize="1">
          <containerEntry>0</containerEntry>
        </property>
        <property name="rejectFarRangeShadowCast" type="Int32" container="StaticArray" arraySize="1">
          <containerEntry>2</containerEntry>
        </property>
      </staticProperties>
      <dynamicProperties></dynamicProperties>
    </entity>
    <entity class="TransformEntity" classVersion="0" classID="0x50" addr="0x32E3260" id="0xC725C">
      <staticProperties>
        <property name="owner" type="EntityHandle" container="StaticArray" arraySize="1">
          <containerEntry>0x32E31F0</containerEntry>
        </property>
        <property name="transform_scale" type="Vector3" container="StaticArray" arraySize="1">
          <containerEntry x="1.000001" y="1" z="1.000001" w="0"></containerEntry>
        </property>
        <property name="transform_rotation_quat" type="Quat" container="StaticArray" arraySize="1">
          <containerEntry x="0.003214" y="0.95989" z="0.034959" w="0.278174"></containerEntry>
        </property>
        <property name="transform_translation" type="Vector3" container="StaticArray" arraySize="1">
          <containerEntry x="534.5755" y="308.5256" z="2662.056" w="0"></containerEntry>
        </property>
      </staticProperties>
      <dynamicProperties></dynamicProperties>
    </entity>
    <entity class="StaticModel" classVersion="9" classID="0x160" addr="0x31762F0" id="0xC7328">
      <staticProperties>
        <property name="name" type="String" container="StaticArray" arraySize="1">
          <containerEntry>afgh_clff027_vrtn006_0004</containerEntry>
        </property>
        <property name="dataSet" type="EntityHandle" container="StaticArray" arraySize="1">
          <containerEntry>0x32E2C40</containerEntry>
        </property>
        <property name="parent" type="EntityHandle" container="StaticArray" arraySize="1">
          <containerEntry>0x0</containerEntry>
        </property>
        <property name="transform" type="EntityPtr" container="StaticArray" arraySize="1">
          <containerEntry>0x3176360</containerEntry>
        </property>
        <property name="shearTransform" type="EntityPtr" container="StaticArray" arraySize="1">
          <containerEntry>0x0</containerEntry>
        </property>
        <property name="pivotTransform" type="EntityPtr" container="StaticArray" arraySize="1">
          <containerEntry>0x0</containerEntry>
        </property>
        <property name="children" type="EntityHandle" container="List"></property>
        <property name="flags" type="UInt32" container="StaticArray" arraySize="1">
          <containerEntry>7</containerEntry>
        </property>
        <property name="modelFile" type="FilePtr" container="StaticArray" arraySize="1">
          <containerEntry>/Assets/tpp/environ/object/afghanistan/cliff/afgh_clff027/scenes/afgh_clff027_vrtn006.fmdl</containerEntry>
        </property>
        <property name="geomFile" type="FilePtr" container="StaticArray" arraySize="1">
          <containerEntry>/Assets/tpp/environ/object/afghanistan/cliff/afgh_clff027/scenes/afgh_clff027_vrtn006.geom</containerEntry>
        </property>
        <property name="isVisibleGeom" type="Bool" container="StaticArray" arraySize="1">
          <containerEntry>false</containerEntry>
        </property>
        <property name="isIsolated" type="Bool" container="StaticArray" arraySize="1">
          <containerEntry>false</containerEntry>
        </property>
        <property name="lodFarSize" type="Float" container="StaticArray" arraySize="1">
          <containerEntry>-1</containerEntry>
        </property>
        <property name="lodNearSize" type="Float" container="StaticArray" arraySize="1">
          <containerEntry>-1</containerEntry>
        </property>
        <property name="lodPolygonSize" type="Float" container="StaticArray" arraySize="1">
          <containerEntry>-1</containerEntry>
        </property>
        <property name="color" type="Color" container="StaticArray" arraySize="1">
          <containerEntry r="1" g="1" b="1" a="1"></containerEntry>
        </property>
        <property name="drawRejectionLevel" type="Int32" container="StaticArray" arraySize="1">
          <containerEntry>8</containerEntry>
        </property>
        <property name="drawMode" type="Int32" container="StaticArray" arraySize="1">
          <containerEntry>0</containerEntry>
        </property>
        <property name="rejectFarRangeShadowCast" type="Int32" container="StaticArray" arraySize="1">
          <containerEntry>2</containerEntry>
        </property>
      </staticProperties>
      <dynamicProperties></dynamicProperties>
    </entity>
    <entity class="TransformEntity" classVersion="0" classID="0x50" addr="0x3176360" id="0xC732B">
      <staticProperties>
        <property name="owner" type="EntityHandle" container="StaticArray" arraySize="1">
          <containerEntry>0x31762F0</containerEntry>
        </property>
        <property name="transform_scale" type="Vector3" container="StaticArray" arraySize="1">
          <containerEntry x="1" y="1" z="1" w="0"></containerEntry>
        </property>
        <property name="transform_rotation_quat" type="Quat" container="StaticArray" arraySize="1">
          <containerEntry x="0" y="0.895909" z="0" w="-0.444237"></containerEntry>
        </property>
        <property name="transform_translation" type="Vector3" container="StaticArray" arraySize="1">
          <containerEntry x="638.7261" y="292.74326" z="2628.8418" w="0"></containerEntry>
        </property>
      </staticProperties>
      <dynamicProperties></dynamicProperties>
    </entity>
    <entity class="StaticModelArray" classVersion="4" classID="0xD0" addr="0x317A9D0" id="0x0">
      <staticProperties>
        <property name="name" type="String" container="StaticArray" arraySize="1">
          <containerEntry>StaticModelArray0000</containerEntry>
        </property>
        <property name="dataSet" type="EntityHandle" container="StaticArray" arraySize="1">
          <containerEntry>0x32E2C40</containerEntry>
        </property>
        <property name="modelFile" type="FilePtr" container="StaticArray" arraySize="1">
          <containerEntry>/Assets/tpp/environ/object/afghanistan/cliff/afgh_clff027/scenes/afgh_clff027_vrtn007.fmdl</containerEntry>
        </property>
        <property name="geomFile" type="FilePtr" container="StaticArray" arraySize="1">
          <containerEntry>/Assets/tpp/environ/object/afghanistan/cliff/afgh_clff027/scenes/afgh_clff027_vrtn007.geom</containerEntry>
        </property>
        <property name="isVisibleGeom" type="Bool" container="StaticArray" arraySize="1">
          <containerEntry>false</containerEntry>
        </property>
        <property name="lodFarSize" type="Float" container="StaticArray" arraySize="1">
          <containerEntry>-1</containerEntry>
        </property>
        <property name="lodNearSize" type="Float" container="StaticArray" arraySize="1">
          <containerEntry>-1</containerEntry>
        </property>
        <property name="lodPolygonSize" type="Float" container="StaticArray" arraySize="1">
          <containerEntry>-1</containerEntry>
        </property>
        <property name="drawRejectionLevel" type="Int32" container="StaticArray" arraySize="1">
          <containerEntry>8</containerEntry>
        </property>
        <property name="drawMode" type="Int32" container="StaticArray" arraySize="1">
          <containerEntry>0</containerEntry>
        </property>
        <property name="rejectFarRangeShadowCast" type="Int32" container="StaticArray" arraySize="1">
          <containerEntry>2</containerEntry>
        </property>
        <property name="parentLocator" type="EntityLink" container="StaticArray" arraySize="1">
          <containerEntry packagePathHash="0xB8A0BF169F98" archivePathHash="0xB8A0BF169F98" nameInArchiveHash="0xB8A0BF169F98">0x0</containerEntry>
        </property>
        <property name="transforms" type="Matrix4" container="DynamicArray" arraySize="2">
          <containerEntry r11="-0.09916997" r12="0" r13="0.9950695" r14="0" r21="0" r22="1" r23="0" r24="0" r31="-0.9950695" r32="0" r33="-0.09916997" r34="0" r41="523.04004" r42="315.36377" r43="2675.1633" r44="1"></containerEntry>
          <containerEntry r11="-0.99619377" r12="0" r13="0.08715495" r14="0" r21="0" r22="1" r23="0" r24="0" r31="-0.08715495" r32="0" r33="-0.99619377" r34="0" r41="636.2059" r42="275.28397" r43="2603.2566" r44="1"></containerEntry>
        </property>
        <property name="colors" type="UInt32" container="DynamicArray" arraySize="2">
          <containerEntry>4294967295</containerEntry>
          <containerEntry>4294967295</containerEntry>
        </property>
      </staticProperties>
      <dynamicProperties></dynamicProperties>
    </entity>
    <entity class="StaticModelArray" classVersion="4" classID="0xD0" addr="0x317AA40" id="0x0">
      <staticProperties>
        <property name="name" type="String" container="StaticArray" arraySize="1">
          <containerEntry>StaticModelArray0001</containerEntry>
        </property>
        <property name="dataSet" type="EntityHandle" container="StaticArray" arraySize="1">
          <containerEntry>0x32E2C40</containerEntry>
        </property>
        <property name="modelFile" type="FilePtr" container="StaticArray" arraySize="1">
          <containerEntry>/Assets/tpp/environ/object/afghanistan/rock/afgh_rock001/scenes/afgh_rock001_vrtn001.fmdl</containerEntry>
        </property>
        <property name="geomFile" type="FilePtr" container="StaticArray" arraySize="1">
          <containerEntry>/Assets/tpp/environ/object/afghanistan/rock/afgh_rock001/scenes/afgh_rock001_vrtn001.geom</containerEntry>
        </property>
        <property name="isVisibleGeom" type="Bool" container="StaticArray" arraySize="1">
          <containerEntry>false</containerEntry>
        </property>
        <property name="lodFarSize" type="Float" container="StaticArray" arraySize="1">
          <containerEntry>-1</containerEntry>
        </property>
        <property name="lodNearSize" type="Float" container="StaticArray" arraySize="1">
          <containerEntry>-1</containerEntry>
        </property>
        <property name="lodPolygonSize" type="Float" container="StaticArray" arraySize="1">
          <containerEntry>-1</containerEntry>
        </property>
        <property name="drawRejectionLevel" type="Int32" container="StaticArray" arraySize="1">
          <containerEntry>8</containerEntry>
        </property>
        <property name="drawMode" type="Int32" container="StaticArray" arraySize="1">
          <containerEntry>0</containerEntry>
        </property>
        <property name="rejectFarRangeShadowCast" type="Int32" container="StaticArray" arraySize="1">
          <containerEntry>2</containerEntry>
        </property>
        <property name="parentLocator" type="EntityLink" container="StaticArray" arraySize="1">
          <containerEntry packagePathHash="0xB8A0BF169F98" archivePathHash="0xB8A0BF169F98" nameInArchiveHash="0xB8A0BF169F98">0x0</containerEntry>
        </property>
        <property name="transforms" type="Matrix4" container="DynamicArray" arraySize="11">
          <containerEntry r11="-0.57043487" r12="0.11781312" r13="-0.8128442" r14="0" r21="-0.35939166" r22="-0.9256849" r23="0.11804519" r24="0" r31="-0.7385345" r32="0.3594678" r33="0.5703923" r34="0" r41="547.3347" r42="274.79132" r43="2589.3904" r44="1"></containerEntry>
          <containerEntry r11="-0.57043487" r12="0.11781312" r13="-0.8128442" r14="0" r21="-0.35939166" r22="-0.9256849" r23="0.11804519" r24="0" r31="-0.7385345" r32="0.3594678" r33="0.5703923" r34="0" r41="620" r42="265.38522" r43="2588" r44="1"></containerEntry>
          <containerEntry r11="-0.891267" r12="-0.07189684" r13="-0.44773597" r14="0" r21="0.22075364" r22="-0.93124723" r23="-0.28989625" r24="0" r31="-0.39611167" r32="-0.3572154" r33="0.8458677" r34="0" r41="632" r42="266.4241" r43="2582" r44="1"></containerEntry>
          <containerEntry r11="0.48762482" r12="-0.008738071" r13="-0.8730083" r14="0" r21="0.46539444" r22="-0.8434257" r23="0.26839012" r24="0" r31="-0.73866624" r32="-0.5371675" r33="-0.40720665" r34="0" r41="618" r42="268.2444" r43="2611.8096" r44="1"></containerEntry>
          <containerEntry r11="0.8944558" r12="0.06435925" r13="-0.44249988" r14="0" r21="0.21459815" r22="-0.9299571" r23="0.29852298" r24="0" r31="-0.39229566" r32="-0.36197546" r33="-0.8456163" r34="0" r41="538.7835" r42="272.9043" r43="2578.2507" r44="1"></containerEntry>
          <containerEntry r11="0.48012912" r12="-0.16572161" r13="-0.8613992" r14="0" r21="0.21459763" r22="-0.92995536" r23="0.29852372" r24="0" r31="-0.850541" r32="-0.32818425" r33="-0.41093132" r34="0" r41="532" r42="270.57635" r43="2566" r44="1"></containerEntry>
          <containerEntry r11="-0.57043487" r12="0.11781312" r13="-0.8128442" r14="0" r21="-0.35939166" r22="-0.9256849" r23="0.11804519" r24="0" r31="-0.7385345" r32="0.3594678" r33="0.5703923" r34="0" r41="544.16534" r42="281.46805" r43="2636.5398" r44="1"></containerEntry>
          <containerEntry r11="0.9994121" r12="0.025554812" r13="-0.022855807" r14="0" r21="0.032704376" r22="-0.91065574" r23="0.41186014" r24="0" r31="-0.010288831" r32="-0.41236547" r33="-0.9109561" r34="0" r41="525.8565" r42="283.86203" r43="2621.8066" r44="1"></containerEntry>
          <containerEntry r11="0.8944558" r12="0.06435925" r13="-0.44249988" r14="0" r21="0.21459815" r22="-0.9299571" r23="0.29852298" r24="0" r31="-0.39229566" r32="-0.36197546" r33="-0.8456163" r34="0" r41="568.813" r42="277.384" r43="2662.2974" r44="1"></containerEntry>
          <containerEntry r11="0.9994121" r12="0.025554812" r13="-0.022855807" r14="0" r21="0.032704376" r22="-0.91065574" r23="0.41186014" r24="0" r31="-0.010288831" r32="-0.41236547" r33="-0.9109561" r34="0" r41="575.98706" r42="275.74725" r43="2664.7832" r44="1"></containerEntry>
          <containerEntry r11="0.97492456" r12="0.22142485" r13="-0.022208301" r14="0" r21="-0.22142485" r22="0.95525557" r23="-0.1961069" r24="0" r31="-0.022208301" r32="0.1961069" r33="0.980331" r34="0" r41="604.12146" r42="274.28546" r43="2643.4192" r44="1"></containerEntry>
        </property>
        <property name="colors" type="UInt32" container="DynamicArray" arraySize="11">
          <containerEntry>4294967295</containerEntry>
          <containerEntry>4294967295</containerEntry>
          <containerEntry>4294967295</containerEntry>
          <containerEntry>4294967295</containerEntry>
          <containerEntry>4294967295</containerEntry>
          <containerEntry>4294967295</containerEntry>
          <containerEntry>4294967295</containerEntry>
          <containerEntry>4294967295</containerEntry>
          <containerEntry>4294967295</containerEntry>
          <containerEntry>4294967295</containerEntry>
          <containerEntry>4294967295</containerEntry>
        </property>
      </staticProperties>
      <dynamicProperties></dynamicProperties>
    </entity>
    <entity class="StaticModelArray" classVersion="4" classID="0xD0" addr="0x317AB20" id="0x0">
      <staticProperties>
        <property name="name" type="String" container="StaticArray" arraySize="1">
          <containerEntry>StaticModelArray0002</containerEntry>
        </property>
        <property name="dataSet" type="EntityHandle" container="StaticArray" arraySize="1">
          <containerEntry>0x32E2C40</containerEntry>
        </property>
        <property name="modelFile" type="FilePtr" container="StaticArray" arraySize="1">
          <containerEntry>/Assets/tpp/environ/object/middle_africa/rock/mafr_rock010/scenes/mafr_rock010_vrtn001.fmdl</containerEntry>
        </property>
        <property name="geomFile" type="FilePtr" container="StaticArray" arraySize="1">
          <containerEntry>/Assets/tpp/environ/object/middle_africa/rock/mafr_rock010/scenes/mafr_rock010_vrtn001.geom</containerEntry>
        </property>
        <property name="isVisibleGeom" type="Bool" container="StaticArray" arraySize="1">
          <containerEntry>false</containerEntry>
        </property>
        <property name="lodFarSize" type="Float" container="StaticArray" arraySize="1">
          <containerEntry>-1</containerEntry>
        </property>
        <property name="lodNearSize" type="Float" container="StaticArray" arraySize="1">
          <containerEntry>-1</containerEntry>
        </property>
        <property name="lodPolygonSize" type="Float" container="StaticArray" arraySize="1">
          <containerEntry>-1</containerEntry>
        </property>
        <property name="drawRejectionLevel" type="Int32" container="StaticArray" arraySize="1">
          <containerEntry>8</containerEntry>
        </property>
        <property name="drawMode" type="Int32" container="StaticArray" arraySize="1">
          <containerEntry>0</containerEntry>
        </property>
        <property name="rejectFarRangeShadowCast" type="Int32" container="StaticArray" arraySize="1">
          <containerEntry>2</containerEntry>
        </property>
        <property name="parentLocator" type="EntityLink" container="StaticArray" arraySize="1">
          <containerEntry packagePathHash="0xB8A0BF169F98" archivePathHash="0xB8A0BF169F98" nameInArchiveHash="0xB8A0BF169F98">0x0</containerEntry>
        </property>
        <property name="transforms" type="Matrix4" container="DynamicArray" arraySize="6">
          <containerEntry r11="-0.94276106" r12="0.16040349" r13="-0.29235336" r14="0" r21="0.20003584" r22="0.97348684" r23="-0.11094613" r24="0" r31="0.26680598" r32="-0.16307697" r33="-0.94985193" r34="0" r41="583.7118" r42="269.1332" r43="2584.0254" r44="1"></containerEntry>
          <containerEntry r11="-0.35511863" r12="0.17757142" r13="0.9177999" r14="0" r21="0.200037" r22="0.9734866" r23="-0.11094594" r24="0" r31="-0.9131667" r32="0.14419499" r33="-0.3812241" r34="0" r41="535.28546" r42="282.71017" r43="2635.5046" r44="1"></containerEntry>
          <containerEntry r11="-0.5253748" r12="0.3372709" r13="0.78117174" r14="0" r21="0.20568487" r22="0.9411981" r23="-0.26802945" r24="0" r31="-0.82563597" r32="0.01985927" r33="-0.5638533" r34="0" r41="538.7609" r42="279.0806" r43="2609.2761" r44="1"></containerEntry>
          <containerEntry r11="-0.8699402" r12="0.49162164" r13="-0.038886804" r14="0" r21="0.47795656" r22="0.821074" r23="-0.31208178" r24="0" r31="-0.12149723" r32="-0.29007867" r33="-0.9492591" r34="0" r41="519.89545" r42="286.53516" r43="2634.0654" r44="1"></containerEntry>
          <containerEntry r11="0.6005722" r12="-0.18899576" r13="-0.7769123" r14="0" r21="0.064912245" r22="0.9799801" r23="-0.18821618" r24="0" r31="0.7969306" r32="0.06260613" r33="0.60081697" r34="0" r41="586.1119" r42="271.45132" r43="2632.0488" r44="1"></containerEntry>
          <containerEntry r11="0.9649717" r12="0.26043254" r13="-0.031692494" r14="0" r21="-0.26043254" r22="0.93629736" r23="-0.23563121" r24="0" r31="-0.031692494" r32="0.23563121" r33="0.97132564" r34="0" r41="621.1919" r42="270.31274" r43="2619.4329" r44="1"></containerEntry>
        </property>
        <property name="colors" type="UInt32" container="DynamicArray" arraySize="6">
          <containerEntry>4294967295</containerEntry>
          <containerEntry>4294967295</containerEntry>
          <containerEntry>4294967295</containerEntry>
          <containerEntry>4294967295</containerEntry>
          <containerEntry>4294967295</containerEntry>
          <containerEntry>4294967295</containerEntry>
        </property>
      </staticProperties>
      <dynamicProperties></dynamicProperties>
    </entity>
    <entity class="StaticModelArray" classVersion="4" classID="0xD0" addr="0x317AAB0" id="0x0">
      <staticProperties>
        <property name="name" type="String" container="StaticArray" arraySize="1">
          <containerEntry>StaticModelArray0003</containerEntry>
        </property>
        <property name="dataSet" type="EntityHandle" container="StaticArray" arraySize="1">
          <containerEntry>0x32E2C40</containerEntry>
        </property>
        <property name="modelFile" type="FilePtr" container="StaticArray" arraySize="1">
          <containerEntry>/Assets/tpp/environ/object/afghanistan/rock/afgh_rock006/scenes/afgh_rock006.fmdl</containerEntry>
        </property>
        <property name="geomFile" type="FilePtr" container="StaticArray" arraySize="1">
          <containerEntry>/Assets/tpp/environ/object/afghanistan/rock/afgh_rock006/scenes/afgh_rock006.geom</containerEntry>
        </property>
        <property name="isVisibleGeom" type="Bool" container="StaticArray" arraySize="1">
          <containerEntry>false</containerEntry>
        </property>
        <property name="lodFarSize" type="Float" container="StaticArray" arraySize="1">
          <containerEntry>-1</containerEntry>
        </property>
        <property name="lodNearSize" type="Float" container="StaticArray" arraySize="1">
          <containerEntry>-1</containerEntry>
        </property>
        <property name="lodPolygonSize" type="Float" container="StaticArray" arraySize="1">
          <containerEntry>-1</containerEntry>
        </property>
        <property name="drawRejectionLevel" type="Int32" container="StaticArray" arraySize="1">
          <containerEntry>8</containerEntry>
        </property>
        <property name="drawMode" type="Int32" container="StaticArray" arraySize="1">
          <containerEntry>0</containerEntry>
        </property>
        <property name="rejectFarRangeShadowCast" type="Int32" container="StaticArray" arraySize="1">
          <containerEntry>2</containerEntry>
        </property>
        <property name="parentLocator" type="EntityLink" container="StaticArray" arraySize="1">
          <containerEntry packagePathHash="0xB8A0BF169F98" archivePathHash="0xB8A0BF169F98" nameInArchiveHash="0xB8A0BF169F98">0x0</containerEntry>
        </property>
        <property name="transforms" type="Matrix4" container="DynamicArray" arraySize="7">
          <containerEntry r11="-0.856666" r12="-0.1252413" r13="0.5004363" r14="0" r21="-0.26352805" r22="0.9401994" r23="-0.21581951" r24="0" r31="-0.44348034" r32="-0.31676444" r33="-0.83844143" r34="0" r41="541.27496" r42="273.42407" r43="2581.5942" r44="1"></containerEntry>
          <containerEntry r11="0.12130141" r12="0.0011987686" r13="-0.9926151" r14="0" r21="-0.25378662" r22="-0.966725" r23="-0.032181233" r24="0" r31="-0.9596242" r32="0.25581604" r33="-0.11696111" r34="0" r41="562.70667" r42="281.8412" r43="2669.3845" r44="1"></containerEntry>
          <containerEntry r11="-0.28478712" r12="-0.10867396" r13="0.9524098" r14="0" r21="0.5370302" r22="-0.8410835" r23="0.064610496" r24="0" r31="0.794036" r32="0.5298735" r33="0.29789263" r34="0" r41="546.5122" r42="284.3886" r43="2649.3035" r44="1"></containerEntry>
          <containerEntry r11="0.9368653" r12="-0.3465439" r13="0.046805553" r14="0" r21="0.3465439" r22="0.90216553" r23="-0.25691393" r24="0" r31="0.046805553" r32="0.25691393" r33="0.9653002" r34="0" r41="571.28357" r42="277.07224" r43="2663.2903" r44="1"></containerEntry>
          <containerEntry r11="0.9413544" r12="0.33381057" r13="-0.04921854" r14="0" r21="-0.33381057" r22="0.90004754" r23="-0.2801518" r24="0" r31="-0.04921854" r32="0.2801518" r33="0.95869315" r34="0" r41="610.59064" r42="275.4792" r43="2640.3706" r44="1"></containerEntry>
          <containerEntry r11="0.93302375" r12="0.33388987" r13="-0.13410595" r14="0" r21="-0.3567576" r22="0.9069249" r23="-0.22407904" r24="0" r31="0.046806432" r32="0.25691435" r33="0.9653001" r34="0" r41="570.55145" r42="272.41452" r43="2645.0032" r44="1"></containerEntry>
          <containerEntry r11="0.94651467" r12="-0.32265413" r13="0.0020741103" r14="0" r21="0.3226608" r22="0.9464938" r23="-0.0062874244" r24="0" r31="6.552925e-05" r32="0.006620373" r33="0.99997807" r34="0" r41="607.231" r42="265.6477" r43="2593.6604" r44="1"></containerEntry>
        </property>
        <property name="colors" type="UInt32" container="DynamicArray" arraySize="7">
          <containerEntry>4294967295</containerEntry>
          <containerEntry>4294967295</containerEntry>
          <containerEntry>4294967295</containerEntry>
          <containerEntry>4294967295</containerEntry>
          <containerEntry>4294967295</containerEntry>
          <containerEntry>4294967295</containerEntry>
          <containerEntry>4294967295</containerEntry>
        </property>
      </staticProperties>
      <dynamicProperties></dynamicProperties>
    </entity>
    <entity class="StaticModelArray" classVersion="4" classID="0xD0" addr="0x317AB90" id="0x0">
      <staticProperties>
        <property name="name" type="String" container="StaticArray" arraySize="1">
          <containerEntry>StaticModelArray0004</containerEntry>
        </property>
        <property name="dataSet" type="EntityHandle" container="StaticArray" arraySize="1">
          <containerEntry>0x32E2C40</containerEntry>
        </property>
        <property name="modelFile" type="FilePtr" container="StaticArray" arraySize="1">
          <containerEntry>/Assets/tpp/environ/object/afghanistan/cliff/afgh_clff027/scenes/afgh_clff027_vrtn005.fmdl</containerEntry>
        </property>
        <property name="geomFile" type="FilePtr" container="StaticArray" arraySize="1">
          <containerEntry>/Assets/tpp/environ/object/afghanistan/cliff/afgh_clff027/scenes/afgh_clff027_vrtn005.geom</containerEntry>
        </property>
        <property name="isVisibleGeom" type="Bool" container="StaticArray" arraySize="1">
          <containerEntry>false</containerEntry>
        </property>
        <property name="lodFarSize" type="Float" container="StaticArray" arraySize="1">
          <containerEntry>-1</containerEntry>
        </property>
        <property name="lodNearSize" type="Float" container="StaticArray" arraySize="1">
          <containerEntry>-1</containerEntry>
        </property>
        <property name="lodPolygonSize" type="Float" container="StaticArray" arraySize="1">
          <containerEntry>-1</containerEntry>
        </property>
        <property name="drawRejectionLevel" type="Int32" container="StaticArray" arraySize="1">
          <containerEntry>8</containerEntry>
        </property>
        <property name="drawMode" type="Int32" container="StaticArray" arraySize="1">
          <containerEntry>0</containerEntry>
        </property>
        <property name="rejectFarRangeShadowCast" type="Int32" container="StaticArray" arraySize="1">
          <containerEntry>2</containerEntry>
        </property>
        <property name="parentLocator" type="EntityLink" container="StaticArray" arraySize="1">
          <containerEntry packagePathHash="0xB8A0BF169F98" archivePathHash="0xB8A0BF169F98" nameInArchiveHash="0xB8A0BF169F98">0x0</containerEntry>
        </property>
        <property name="transforms" type="Matrix4" container="DynamicArray" arraySize="2">
          <containerEntry r11="-0.51477444" r12="0.032975495" r13="-0.8566978" r14="0" r21="-0.008813175" r22="0.9990037" r23="0.043748777" r24="0" r31="0.85728693" r32="0.030070852" r33="-0.5139709" r34="0" r41="531.6635" r42="285.3974" r43="2583.6267" r44="1"></containerEntry>
          <containerEntry r11="0.8993922" r12="-0.13189627" r13="-0.41677725" r14="0" r21="0.13491519" r22="0.99060506" r23="-0.022351168" r24="0" r31="0.4158097" r32="-0.036127046" r33="0.9087372" r34="0" r41="505.75174" r42="294.84424" r43="2605.1846" r44="1"></containerEntry>
        </property>
        <property name="colors" type="UInt32" container="DynamicArray" arraySize="2">
          <containerEntry>4294967295</containerEntry>
          <containerEntry>4294967295</containerEntry>
        </property>
      </staticProperties>
      <dynamicProperties></dynamicProperties>
    </entity>
    <entity class="StaticModelArray" classVersion="4" classID="0xD0" addr="0x317AC00" id="0x0">
      <staticProperties>
        <property name="name" type="String" container="StaticArray" arraySize="1">
          <containerEntry>StaticModelArray0005</containerEntry>
        </property>
        <property name="dataSet" type="EntityHandle" container="StaticArray" arraySize="1">
          <containerEntry>0x32E2C40</containerEntry>
        </property>
        <property name="modelFile" type="FilePtr" container="StaticArray" arraySize="1">
          <containerEntry>/Assets/tpp/environ/object/afghanistan/cliff/afgh_clff027/scenes/afgh_clff027_vrtn003.fmdl</containerEntry>
        </property>
        <property name="geomFile" type="FilePtr" container="StaticArray" arraySize="1">
          <containerEntry>/Assets/tpp/environ/object/afghanistan/cliff/afgh_clff027/scenes/afgh_clff027_vrtn003.geom</containerEntry>
        </property>
        <property name="isVisibleGeom" type="Bool" container="StaticArray" arraySize="1">
          <containerEntry>false</containerEntry>
        </property>
        <property name="lodFarSize" type="Float" container="StaticArray" arraySize="1">
          <containerEntry>-1</containerEntry>
        </property>
        <property name="lodNearSize" type="Float" container="StaticArray" arraySize="1">
          <containerEntry>-1</containerEntry>
        </property>
        <property name="lodPolygonSize" type="Float" container="StaticArray" arraySize="1">
          <containerEntry>-1</containerEntry>
        </property>
        <property name="drawRejectionLevel" type="Int32" container="StaticArray" arraySize="1">
          <containerEntry>8</containerEntry>
        </property>
        <property name="drawMode" type="Int32" container="StaticArray" arraySize="1">
          <containerEntry>0</containerEntry>
        </property>
        <property name="rejectFarRangeShadowCast" type="Int32" container="StaticArray" arraySize="1">
          <containerEntry>2</containerEntry>
        </property>
        <property name="parentLocator" type="EntityLink" container="StaticArray" arraySize="1">
          <containerEntry packagePathHash="0xB8A0BF169F98" archivePathHash="0xB8A0BF169F98" nameInArchiveHash="0xB8A0BF169F98">0x0</containerEntry>
        </property>
        <property name="transforms" type="Matrix4" container="DynamicArray" arraySize="5">
          <containerEntry r11="-0.64278775" r12="0" r13="0.76604337" r14="0" r21="0" r22="1" r23="0" r24="0" r31="-0.76604337" r32="0" r33="-0.64278775" r34="0" r41="606.26965" r42="287.66995" r43="2658.757" r44="1"></containerEntry>
          <containerEntry r11="-0.9722082" r12="0" r13="0.23411007" r14="0" r21="0" r22="1" r23="0" r24="0" r31="-0.23411007" r32="0" r33="-0.9722082" r34="0" r41="597.8416" r42="289.32773" r43="2668.537" r44="1"></containerEntry>
          <containerEntry r11="-0.7071853" r12="-0.022326551" r13="0.7066733" r14="0" r21="0.018806152" r22="0.9985537" r23="0.050367955" r24="0" r31="-0.7067757" r32="0.04890932" r33="-0.7057426" r34="0" r41="562.9796" r42="290.37125" r43="2690.194" r44="1"></containerEntry>
          <containerEntry r11="-0.5032734" r12="0" r13="-0.86412716" r14="0" r21="0" r22="1" r23="0" r24="0" r31="0.86412716" r32="0" r33="-0.5032734" r34="0" r41="512.7918" r42="306.792" r43="2647.4841" r44="1"></containerEntry>
          <containerEntry r11="0.96530306" r12="-0.14931309" r13="-0.21422777" r14="0" r21="0.12100934" r22="0.98277044" r23="-0.13971007" r24="0" r31="0.23139729" r32="0.10893896" r33="0.96673965" r34="0" r41="509.36572" r42="292.96548" r43="2613.7732" r44="1"></containerEntry>
        </property>
        <property name="colors" type="UInt32" container="DynamicArray" arraySize="5">
          <containerEntry>4294967295</containerEntry>
          <containerEntry>4294967295</containerEntry>
          <containerEntry>4294967295</containerEntry>
          <containerEntry>4294967295</containerEntry>
          <containerEntry>4294967295</containerEntry>
        </property>
      </staticProperties>
      <dynamicProperties></dynamicProperties>
    </entity>
    <entity class="TexturePackLoadConditioner" classVersion="0" classID="0x48" addr="0x317AF80" id="0x0">
      <staticProperties>
        <property name="name" type="String" container="StaticArray" arraySize="1">
          <containerEntry>TexturePackLoadConditioner0000</containerEntry>
        </property>
        <property name="dataSet" type="EntityHandle" container="StaticArray" arraySize="1">
          <containerEntry>0x32E2C40</containerEntry>
        </property>
        <property name="texturePackPath" type="Path" container="StaticArray" arraySize="1">
          <containerEntry hash="0xB8A0BF169F98"></containerEntry>
        </property>
      </staticProperties>
      <dynamicProperties></dynamicProperties>
    </entity>
  </entities>
</fox>