<fox formatVersion="2" fileVersion="0">
  <entities>
    <entity class="DataSet" classVersion="0" classID="0xE8" addr="0x3352FC0" id="0xD2AB6B">
      <staticProperties>
        <property name="name" type="String" container="StaticArray" arraySize="1">
          <containerEntry hash="0xB8A0BF169F98"></containerEntry>
        </property>
        <property name="dataSet" type="EntityHandle" container="StaticArray" arraySize="1">
          <containerEntry>0x0</containerEntry>
        </property>
        <property name="dataList" type="EntityPtr" container="StringMap" arraySize="13">
          <containerEntry key="afgh_rock010_0010">
            <data>0x3356360</data>
          </containerEntry>
          <containerEntry key="StaticModelArray0000">
            <data>0x317E5C0</data>
          </containerEntry>
          <containerEntry key="StaticModelArray0001">
            <data>0x317DD00</data>
          </containerEntry>
          <containerEntry key="StaticModelArray0002">
            <data>0x317E390</data>
          </containerEntry>
          <containerEntry key="StaticModelArray0003">
            <data>0x3352AF0</data>
          </containerEntry>
          <containerEntry key="StaticModelArray0004">
            <data>0x317DDE0</data>
          </containerEntry>
          <containerEntry key="StaticModelArray0005">
            <data>0x317DB40</data>
          </containerEntry>
          <containerEntry key="StaticModelArray0006">
            <data>0x3175790</data>
          </containerEntry>
          <containerEntry key="StaticModelArray0007">
            <data>0x317DAD0</data>
          </containerEntry>
          <containerEntry key="StaticModelArray0008">
            <data>0x317DBB0</data>
          </containerEntry>
          <containerEntry key="StaticModelArray0009">
            <data>0x317DC20</data>
          </containerEntry>
          <containerEntry key="StaticModelArray0010">
            <data>0x317DC90</data>
          </containerEntry>
          <containerEntry key="TexturePackLoadConditioner0000">
            <data>0x317E940</data>
          </containerEntry>
        </property>
      </staticProperties>
      <dynamicProperties></dynamicProperties>
    </entity>
    <entity class="StaticModel" classVersion="9" classID="0x160" addr="0x3356360" id="0xD2ABCC">
      <staticProperties>
        <property name="name" type="String" container="StaticArray" arraySize="1">
          <containerEntry>afgh_rock010_0010</containerEntry>
        </property>
        <property name="dataSet" type="EntityHandle" container="StaticArray" arraySize="1">
          <containerEntry>0x3352FC0</containerEntry>
        </property>
        <property name="parent" type="EntityHandle" container="StaticArray" arraySize="1">
          <containerEntry>0x0</containerEntry>
        </property>
        <property name="transform" type="EntityPtr" container="StaticArray" arraySize="1">
          <containerEntry>0x33562F0</containerEntry>
        </property>
        <property name="shearTransform" type="EntityPtr" container="StaticArray" arraySize="1">
          <containerEntry>0x0</containerEntry>
        </property>
        <property name="pivotTransform" type="EntityPtr" container="StaticArray" arraySize="1">
          <containerEntry>0x0</containerEntry>
        </property>
        <property name="children" type="EntityHandle" container="List"></property>
        <property name="flags" type="UInt32" container="StaticArray" arraySize="1">
          <containerEntry>3221225479</containerEntry>
        </property>
        <property name="modelFile" type="FilePtr" container="StaticArray" arraySize="1">
          <containerEntry>/Assets/tpp/environ/object/afghanistan/rock/afgh_rock010/scenes/afgh_rock010.fmdl</containerEntry>
        </property>
        <property name="geomFile" type="FilePtr" container="StaticArray" arraySize="1">
          <containerEntry>/Assets/tpp/environ/object/afghanistan/rock/afgh_rock010/scenes/afgh_rock010.geom</containerEntry>
        </property>
        <property name="isVisibleGeom" type="Bool" container="StaticArray" arraySize="1">
          <containerEntry>false</containerEntry>
        </property>
        <property name="isIsolated" type="Bool" container="StaticArray" arraySize="1">
          <containerEntry>false</containerEntry>
        </property>
        <property name="lodFarSize" type="Float" container="StaticArray" arraySize="1">
          <containerEntry>-1</containerEntry>
        </property>
        <property name="lodNearSize" type="Float" container="StaticArray" arraySize="1">
          <containerEntry>-1</containerEntry>
        </property>
        <property name="lodPolygonSize" type="Float" container="StaticArray" arraySize="1">
          <containerEntry>-1</containerEntry>
        </property>
        <property name="color" type="Color" container="StaticArray" arraySize="1">
          <containerEntry r="1" g="1" b="1" a="1"></containerEntry>
        </property>
        <property name="drawRejectionLevel" type="Int32" container="StaticArray" arraySize="1">
          <containerEntry>8</containerEntry>
        </property>
        <property name="drawMode" type="Int32" container="StaticArray" arraySize="1">
          <containerEntry>0</containerEntry>
        </property>
        <property name="rejectFarRangeShadowCast" type="Int32" container="StaticArray" arraySize="1">
          <containerEntry>2</containerEntry>
        </property>
      </staticProperties>
      <dynamicProperties></dynamicProperties>
    </entity>
    <entity class="TransformEntity" classVersion="0" classID="0x50" addr="0x33562F0" id="0xD2ABCF">
      <staticProperties>
        <property name="owner" type="EntityHandle" container="StaticArray" arraySize="1">
          <containerEntry>0x3356360</containerEntry>
        </property>
        <property name="transform_scale" type="Vector3" container="StaticArray" arraySize="1">
          <containerEntry x="1" y="1" z="1" w="0"></containerEntry>
        </property>
        <property name="transform_rotation_quat" type="Quat" container="StaticArray" arraySize="1">
          <containerEntry x="0" y="0.971326" z="0" w="-0.237751"></containerEntry>
        </property>
        <property name="transform_translation" type="Vector3" container="StaticArray" arraySize="1">
          <containerEntry x="1336.0798" y="359.24615" z="1102.9417" w="0"></containerEntry>
        </property>
      </staticProperties>
      <dynamicProperties></dynamicProperties>
    </entity>
    <entity class="StaticModelArray" classVersion="4" classID="0xD0" addr="0x317E5C0" id="0x0">
      <staticProperties>
        <property name="name" type="String" container="StaticArray" arraySize="1">
          <containerEntry>StaticModelArray0000</containerEntry>
        </property>
        <property name="dataSet" type="EntityHandle" container="StaticArray" arraySize="1">
          <containerEntry>0x3352FC0</containerEntry>
        </property>
        <property name="modelFile" type="FilePtr" container="StaticArray" arraySize="1">
          <containerEntry>/Assets/tpp/environ/object/afghanistan/rock/afgh_rock009/scenes/afgh_rock009_rock002.fmdl</containerEntry>
        </property>
        <property name="geomFile" type="FilePtr" container="StaticArray" arraySize="1">
          <containerEntry>/Assets/tpp/environ/object/afghanistan/rock/afgh_rock009/scenes/afgh_rock009_rock002.geom</containerEntry>
        </property>
        <property name="isVisibleGeom" type="Bool" container="StaticArray" arraySize="1">
          <containerEntry>false</containerEntry>
        </property>
        <property name="lodFarSize" type="Float" container="StaticArray" arraySize="1">
          <containerEntry>-1</containerEntry>
        </property>
        <property name="lodNearSize" type="Float" container="StaticArray" arraySize="1">
          <containerEntry>-1</containerEntry>
        </property>
        <property name="lodPolygonSize" type="Float" container="StaticArray" arraySize="1">
          <containerEntry>-1</containerEntry>
        </property>
        <property name="drawRejectionLevel" type="Int32" container="StaticArray" arraySize="1">
          <containerEntry>8</containerEntry>
        </property>
        <property name="drawMode" type="Int32" container="StaticArray" arraySize="1">
          <containerEntry>0</containerEntry>
        </property>
        <property name="rejectFarRangeShadowCast" type="Int32" container="StaticArray" arraySize="1">
          <containerEntry>2</containerEntry>
        </property>
        <property name="parentLocator" type="EntityLink" container="StaticArray" arraySize="1">
          <containerEntry packagePathHash="0xB8A0BF169F98" archivePathHash="0xB8A0BF169F98" nameInArchiveHash="0xB8A0BF169F98">0x0</containerEntry>
        </property>
        <property name="transforms" type="Matrix4" container="DynamicArray" arraySize="4">
          <containerEntry r11="0.6271271" r12="0.45497027" r13="0.632226" r14="0" r21="0.47086826" r22="-0.8680044" r23="0.15758103" r24="0" r31="0.62047625" r32="0.1988737" r33="-0.7585776" r34="0" r41="1378.5411" r42="356.39368" r43="1075.4424" r44="1"></containerEntry>
          <containerEntry r11="0.6636136" r12="-0.3631729" r13="0.65400296" r14="0" r21="0.23301" r22="0.9311071" r23="0.2806161" r24="0" r31="-0.7108591" r32="-0.03383051" r33="0.7025187" r34="0" r41="1398.0663" r42="350.84506" r43="1061.5419" r44="1"></containerEntry>
          <containerEntry r11="0.92342335" r12="-0.121356785" r13="-0.3640894" r14="0" r21="-0.10244329" r22="-0.99219924" r23="0.07089659" r24="0" r31="-0.36985663" r32="-0.028168835" r33="-0.92865145" r34="0" r41="1372.4225" r42="356.98032" r43="1050.4414" r44="1"></containerEntry>
          <containerEntry r11="0.80117106" r12="0.34482414" r13="0.4891" r14="0" r21="0.4652124" r22="-0.8729667" r23="-0.14657515" r24="0" r31="0.37643054" r32="0.34496835" r33="-0.8598109" r34="0" r41="1339.0303" r42="366.13675" r43="1032.3809" r44="1"></containerEntry>
        </property>
        <property name="colors" type="UInt32" container="DynamicArray" arraySize="4">
          <containerEntry>4294967295</containerEntry>
          <containerEntry>4294967295</containerEntry>
          <containerEntry>4294967295</containerEntry>
          <containerEntry>4294967295</containerEntry>
        </property>
      </staticProperties>
      <dynamicProperties></dynamicProperties>
    </entity>
    <entity class="StaticModelArray" classVersion="4" classID="0xD0" addr="0x317DD00" id="0x0">
      <staticProperties>
        <property name="name" type="String" container="StaticArray" arraySize="1">
          <containerEntry>StaticModelArray0001</containerEntry>
        </property>
        <property name="dataSet" type="EntityHandle" container="StaticArray" arraySize="1">
          <containerEntry>0x3352FC0</containerEntry>
        </property>
        <property name="modelFile" type="FilePtr" container="StaticArray" arraySize="1">
          <containerEntry>/Assets/tpp/environ/object/afghanistan/rock/afgh_rock001/scenes/afgh_rock001.fmdl</containerEntry>
        </property>
        <property name="geomFile" type="FilePtr" container="StaticArray" arraySize="1">
          <containerEntry>/Assets/tpp/environ/object/afghanistan/rock/afgh_rock001/scenes/afgh_rock001.geom</containerEntry>
        </property>
        <property name="isVisibleGeom" type="Bool" container="StaticArray" arraySize="1">
          <containerEntry>false</containerEntry>
        </property>
        <property name="lodFarSize" type="Float" container="StaticArray" arraySize="1">
          <containerEntry>50</containerEntry>
        </property>
        <property name="lodNearSize" type="Float" container="StaticArray" arraySize="1">
          <containerEntry>400</containerEntry>
        </property>
        <property name="lodPolygonSize" type="Float" container="StaticArray" arraySize="1">
          <containerEntry>-1</containerEntry>
        </property>
        <property name="drawRejectionLevel" type="Int32" container="StaticArray" arraySize="1">
          <containerEntry>8</containerEntry>
        </property>
        <property name="drawMode" type="Int32" container="StaticArray" arraySize="1">
          <containerEntry>0</containerEntry>
        </property>
        <property name="rejectFarRangeShadowCast" type="Int32" container="StaticArray" arraySize="1">
          <containerEntry>2</containerEntry>
        </property>
        <property name="parentLocator" type="EntityLink" container="StaticArray" arraySize="1">
          <containerEntry packagePathHash="0xB8A0BF169F98" archivePathHash="0xB8A0BF169F98" nameInArchiveHash="0xB8A0BF169F98">0x0</containerEntry>
        </property>
        <property name="transforms" type="Matrix4" container="DynamicArray" arraySize="6">
          <containerEntry r11="0.16548592" r12="0.98493576" r13="-0.050216347" r14="0" r21="-0.982898" r22="0.16888805" r23="0.07344403" r24="0" r31="0.08081849" r32="0.037203215" r33="0.99603426" r34="0" r41="1319.297" r42="357.03464" r43="1129.7445" r44="1"></containerEntry>
          <containerEntry r11="-0.023062259" r12="-0.4952557" r13="0.8684432" r14="0" r21="0.74893415" r22="0.566868" r23="0.3431615" r24="0" r31="-0.6622457" r32="0.6583191" r33="0.35783923" r34="0" r41="1289.5582" r42="355.46338" r43="1137.1147" r44="1"></containerEntry>
          <containerEntry r11="-0.02306354" r12="-0.4952556" r13="0.8684448" r14="0" r21="-0.18130018" r22="-0.8522037" r23="-0.49080604" r24="0" r31="0.9831606" r32="-0.16876686" r33="-0.0701407" r34="0" r41="1322.4366" r42="357.8983" r43="1121.9702" r44="1"></containerEntry>
          <containerEntry r11="-0.02306354" r12="-0.4952556" r13="0.8684448" r14="0" r21="-0.18130018" r22="-0.8522037" r23="-0.49080604" r24="0" r31="0.9831606" r32="-0.16876686" r33="-0.0701407" r34="0" r41="1331.5249" r42="361.41306" r43="1090.2335" r44="1"></containerEntry>
          <containerEntry r11="-0.02306354" r12="-0.4952556" r13="0.8684448" r14="0" r21="-0.18130018" r22="-0.8522037" r23="-0.49080604" r24="0" r31="0.9831606" r32="-0.16876686" r33="-0.0701407" r34="0" r41="1398.5365" r42="349.86548" r43="1077.8849" r44="1"></containerEntry>
          <containerEntry r11="-0.018450832" r12="-0.39620447" r13="0.69475585" r14="0" r21="-0.14504014" r22="-0.681763" r23="-0.39264485" r24="0" r31="0.7865285" r32="-0.13501349" r33="-0.056112558" r34="0" r41="1366.2118" r42="356.98703" r43="1081.5242" r44="1"></containerEntry>
        </property>
        <property name="colors" type="UInt32" container="DynamicArray" arraySize="6">
          <containerEntry>4294967295</containerEntry>
          <containerEntry>4294967295</containerEntry>
          <containerEntry>4294967295</containerEntry>
          <containerEntry>4294967295</containerEntry>
          <containerEntry>4294967295</containerEntry>
          <containerEntry>4294967295</containerEntry>
        </property>
      </staticProperties>
      <dynamicProperties></dynamicProperties>
    </entity>
    <entity class="StaticModelArray" classVersion="4" classID="0xD0" addr="0x317E390" id="0x0">
      <staticProperties>
        <property name="name" type="String" container="StaticArray" arraySize="1">
          <containerEntry>StaticModelArray0002</containerEntry>
        </property>
        <property name="dataSet" type="EntityHandle" container="StaticArray" arraySize="1">
          <containerEntry>0x3352FC0</containerEntry>
        </property>
        <property name="modelFile" type="FilePtr" container="StaticArray" arraySize="1">
          <containerEntry>/Assets/tpp/environ/object/afghanistan/cliff/afgh_clff022/scenes/afgh_clff022_vrtn002.fmdl</containerEntry>
        </property>
        <property name="geomFile" type="FilePtr" container="StaticArray" arraySize="1">
          <containerEntry>/Assets/tpp/environ/object/afghanistan/cliff/afgh_clff022/scenes/afgh_clff022_vrtn002.geom</containerEntry>
        </property>
        <property name="isVisibleGeom" type="Bool" container="StaticArray" arraySize="1">
          <containerEntry>false</containerEntry>
        </property>
        <property name="lodFarSize" type="Float" container="StaticArray" arraySize="1">
          <containerEntry>-1</containerEntry>
        </property>
        <property name="lodNearSize" type="Float" container="StaticArray" arraySize="1">
          <containerEntry>-1</containerEntry>
        </property>
        <property name="lodPolygonSize" type="Float" container="StaticArray" arraySize="1">
          <containerEntry>-1</containerEntry>
        </property>
        <property name="drawRejectionLevel" type="Int32" container="StaticArray" arraySize="1">
          <containerEntry>8</containerEntry>
        </property>
        <property name="drawMode" type="Int32" container="StaticArray" arraySize="1">
          <containerEntry>0</containerEntry>
        </property>
        <property name="rejectFarRangeShadowCast" type="Int32" container="StaticArray" arraySize="1">
          <containerEntry>2</containerEntry>
        </property>
        <property name="parentLocator" type="EntityLink" container="StaticArray" arraySize="1">
          <containerEntry packagePathHash="0xB8A0BF169F98" archivePathHash="0xB8A0BF169F98" nameInArchiveHash="0xB8A0BF169F98">0x0</containerEntry>
        </property>
        <property name="transforms" type="Matrix4" container="DynamicArray" arraySize="4">
          <containerEntry r11="-0.14431572" r12="0.00154739" r13="-0.98953086" r14="0" r21="0.0050454796" r22="0.99998695" r23="0.0008278971" r24="0" r31="0.9895192" r32="-0.004873178" r33="-0.14432162" r34="0" r41="1403.1212" r42="360.23175" r43="1139.1791" r44="1"></containerEntry>
          <containerEntry r11="0.6857604" r12="-0.09339193" r13="0.7218109" r14="0" r21="0.06432531" r22="0.99562943" r23="0.06770752" r24="0" r31="-0.72497946" r32="-4.5076013e-07" r33="0.68877065" r34="0" r41="1405.5906" r42="365.2864" r43="1031.0219" r44="1"></containerEntry>
          <containerEntry r11="0.48821047" r12="-0.03216891" r13="-0.8721319" r14="0" r21="0.015714409" r22="0.9994824" r23="-0.028069489" r24="0" r31="0.87258345" r32="-1.264736e-06" r33="0.48846328" r34="0" r41="1301.1412" r42="379.9971" r43="1044.7869" r44="1"></containerEntry>
          <containerEntry r11="0.37269995" r12="0.114032835" r13="-0.9209185" r14="0" r21="-0.042777944" r22="0.993477" r23="0.10570494" r24="0" r31="0.9269652" r32="-1.1920929e-06" r33="0.37514693" r34="0" r41="1293.759" r42="373.45438" r43="1098.6617" r44="1"></containerEntry>
        </property>
        <property name="colors" type="UInt32" container="DynamicArray" arraySize="4">
          <containerEntry>4294967295</containerEntry>
          <containerEntry>4294967295</containerEntry>
          <containerEntry>4294967295</containerEntry>
          <containerEntry>4294967295</containerEntry>
        </property>
      </staticProperties>
      <dynamicProperties></dynamicProperties>
    </entity>
    <entity class="StaticModelArray" classVersion="4" classID="0xD0" addr="0x3352AF0" id="0x0">
      <staticProperties>
        <property name="name" type="String" container="StaticArray" arraySize="1">
          <containerEntry>StaticModelArray0003</containerEntry>
        </property>
        <property name="dataSet" type="EntityHandle" container="StaticArray" arraySize="1">
          <containerEntry>0x3352FC0</containerEntry>
        </property>
        <property name="modelFile" type="FilePtr" container="StaticArray" arraySize="1">
          <containerEntry>/Assets/tpp/environ/object/afghanistan/cliff/afgh_clff007/scenes/afgh_clff007.fmdl</containerEntry>
        </property>
        <property name="geomFile" type="FilePtr" container="StaticArray" arraySize="1">
          <containerEntry>/Assets/tpp/environ/object/afghanistan/cliff/afgh_clff007/scenes/afgh_clff007.geom</containerEntry>
        </property>
        <property name="isVisibleGeom" type="Bool" container="StaticArray" arraySize="1">
          <containerEntry>false</containerEntry>
        </property>
        <property name="lodFarSize" type="Float" container="StaticArray" arraySize="1">
          <containerEntry>-1</containerEntry>
        </property>
        <property name="lodNearSize" type="Float" container="StaticArray" arraySize="1">
          <containerEntry>-1</containerEntry>
        </property>
        <property name="lodPolygonSize" type="Float" container="StaticArray" arraySize="1">
          <containerEntry>-1</containerEntry>
        </property>
        <property name="drawRejectionLevel" type="Int32" container="StaticArray" arraySize="1">
          <containerEntry>8</containerEntry>
        </property>
        <property name="drawMode" type="Int32" container="StaticArray" arraySize="1">
          <containerEntry>0</containerEntry>
        </property>
        <property name="rejectFarRangeShadowCast" type="Int32" container="StaticArray" arraySize="1">
          <containerEntry>2</containerEntry>
        </property>
        <property name="parentLocator" type="EntityLink" container="StaticArray" arraySize="1">
          <containerEntry packagePathHash="0xB8A0BF169F98" archivePathHash="0xB8A0BF169F98" nameInArchiveHash="0xB8A0BF169F98">0x0</containerEntry>
        </property>
        <property name="transforms" type="Matrix4" container="DynamicArray" arraySize="15">
          <containerEntry r11="-0.9772572" r12="0.041985646" r13="0.20785539" r14="0" r21="0.04182174" r22="0.99911165" r23="-0.0051849266" r24="0" r31="-0.20788844" r32="0.0036258674" r33="-0.97814494" r34="0" r41="1343.529" r42="357.70084" r43="1126.0454" r44="1"></containerEntry>
          <containerEntry r11="0.9744198" r12="-0.0060821944" r13="-0.22465338" r14="0" r21="0.015239671" r22="0.999121" r23="0.039051246" r24="0" r31="0.22421838" r32="-0.041475948" r33="0.97365594" r34="0" r41="1277.9092" r42="356.34256" r43="1135.6093" r44="1"></containerEntry>
          <containerEntry r11="0.9656784" r12="0.012364325" r13="-0.25944614" r14="0" r21="-0.002717942" r22="0.9992927" r23="0.037506487" r24="0" r31="0.2597264" r32="-0.035514046" r33="0.965029" r34="0" r41="1298.4778" r42="360.5497" r43="1121.3887" r44="1"></containerEntry>
          <containerEntry r11="-0.82646793" r12="0.13941689" r13="0.5454479" r14="0" r21="0.12483801" r22="0.99011606" r23="-0.06391861" r24="0" r31="-0.548968" r32="0.015265932" r33="-0.83570373" r34="0" r41="1341.068" r42="359.7105" r43="1059.2655" r44="1"></containerEntry>
          <containerEntry r11="-0.97433037" r12="0.14839028" r13="0.16930647" r14="0" r21="0.14493392" r22="0.98890203" r23="-0.032663915" r24="0" r31="-0.17227452" r32="-0.007287151" r33="-0.9850241" r34="0" r41="1352.7476" r42="358.34003" r43="1056.2476" r44="1"></containerEntry>
          <containerEntry r11="-0.3371426" r12="-0.04975011" r13="0.940138" r14="0" r21="-0.022608731" r22="0.99874264" r23="0.04474362" r24="0" r31="-0.9411819" r32="-0.006170338" r33="-0.33784348" r34="0" r41="1333.6035" r42="357.5502" r43="1132.1514" r44="1"></containerEntry>
          <containerEntry r11="0.98037696" r12="0.045362003" r13="-0.19184174" r14="0" r21="-0.03285823" r22="0.9971533" r23="0.067865394" r24="0" r31="0.19437413" r32="-0.060230087" r33="0.9790766" r34="0" r41="1289.1716" r42="356.9972" r43="1131.8275" r44="1"></containerEntry>
          <containerEntry r11="0.8129546" r12="0.13647538" r13="-0.5661088" r14="0" r21="-0.046706118" r22="0.9842987" r23="0.17021917" r24="0" r31="0.5804509" r32="-0.11193968" r33="0.8065644" r34="0" r41="1300.8467" r42="357.8731" r43="1128.6842" r44="1"></containerEntry>
          <containerEntry r11="0.15650482" r12="0.083374426" r13="-0.98415154" r14="0" r21="-0.017362457" r22="0.99650896" r23="0.08166021" r24="0" r31="0.9875242" r32="0.0043071136" r33="0.15740603" r34="0" r41="1313.9232" r42="364.92" r43="1072.9371" r44="1"></containerEntry>
          <containerEntry r11="0.7752658" r12="-0.16699862" r13="-0.6091586" r14="0" r21="0.15434897" r22="0.98526603" r23="-0.07366979" r24="0" r31="0.61248606" r32="-0.036909368" r33="0.78961915" r34="0" r41="1319.9888" r42="364.52216" r43="1062.2412" r44="1"></containerEntry>
          <containerEntry r11="0.17363244" r12="0.013138957" r13="-0.98472226" r14="0" r21="0.065983556" r22="0.9975089" r23="0.024944142" r24="0" r31="0.9825969" r32="-0.06930662" r33="0.17233294" r34="0" r41="1326.5847" r42="363.49005" r43="1052.64" r44="1"></containerEntry>
          <containerEntry r11="-0.8507838" r12="0.22110504" r13="-0.47673434" r14="0" r21="0.23369485" r22="0.9717284" r23="0.033624135" r24="0" r31="0.47069073" r32="-0.08280354" r33="-0.87840194" r34="0" r41="1403.0983" r42="347.8377" r43="1106.516" r44="1"></containerEntry>
          <containerEntry r11="0.3029782" r12="-0.017479453" r13="-0.9528361" r14="0" r21="-0.040514465" r22="0.9986916" r23="-0.03120316" r24="0" r31="0.9521348" r32="0.04805755" r33="0.30187362" r34="0" r41="1304.7185" r42="363.81073" r43="1103.2037" r44="1"></containerEntry>
          <containerEntry r11="0.5355453" r12="-0.14961283" r13="-0.8311469" r14="0" r21="0.07236123" r22="0.98869205" r23="-0.13134636" r24="0" r31="0.8413995" r32="0.010198858" r33="0.54031557" r34="0" r41="1392.6401" r42="349.89923" r43="1094.8024" r44="1"></containerEntry>
          <containerEntry r11="-0.48109865" r12="0.07502328" r13="-0.8734488" r14="0" r21="-0.026459621" r22="0.9946349" r23="0.10000633" r24="0" r31="0.87626547" r32="0.0712242" r33="-0.4765324" r34="0" r41="1394.4122" r42="349.96545" r43="1073.1975" r44="1"></containerEntry>
        </property>
        <property name="colors" type="UInt32" container="DynamicArray" arraySize="15">
          <containerEntry>4294967295</containerEntry>
          <containerEntry>4294967295</containerEntry>
          <containerEntry>4294967295</containerEntry>
          <containerEntry>4294967295</containerEntry>
          <containerEntry>4294967295</containerEntry>
          <containerEntry>4294967295</containerEntry>
          <containerEntry>4294967295</containerEntry>
          <containerEntry>4294967295</containerEntry>
          <containerEntry>4294967295</containerEntry>
          <containerEntry>4294967295</containerEntry>
          <containerEntry>4294967295</containerEntry>
          <containerEntry>4294967295</containerEntry>
          <containerEntry>4294967295</containerEntry>
          <containerEntry>4294967295</containerEntry>
          <containerEntry>4294967295</containerEntry>
        </property>
      </staticProperties>
      <dynamicProperties></dynamicProperties>
    </entity>
    <entity class="StaticModelArray" classVersion="4" classID="0xD0" addr="0x317DDE0" id="0x0">
      <staticProperties>
        <property name="name" type="String" container="StaticArray" arraySize="1">
          <containerEntry>StaticModelArray0004</containerEntry>
        </property>
        <property name="dataSet" type="EntityHandle" container="StaticArray" arraySize="1">
          <containerEntry>0x3352FC0</containerEntry>
        </property>
        <property name="modelFile" type="FilePtr" container="StaticArray" arraySize="1">
          <containerEntry>/Assets/tpp/environ/object/afghanistan/rock/afgh_rock011/scenes/afgh_rock011.fmdl</containerEntry>
        </property>
        <property name="geomFile" type="FilePtr" container="StaticArray" arraySize="1">
          <containerEntry>/Assets/tpp/environ/object/afghanistan/rock/afgh_rock011/scenes/afgh_rock011.geom</containerEntry>
        </property>
        <property name="isVisibleGeom" type="Bool" container="StaticArray" arraySize="1">
          <containerEntry>false</containerEntry>
        </property>
        <property name="lodFarSize" type="Float" container="StaticArray" arraySize="1">
          <containerEntry>-1</containerEntry>
        </property>
        <property name="lodNearSize" type="Float" container="StaticArray" arraySize="1">
          <containerEntry>-1</containerEntry>
        </property>
        <property name="lodPolygonSize" type="Float" container="StaticArray" arraySize="1">
          <containerEntry>-1</containerEntry>
        </property>
        <property name="drawRejectionLevel" type="Int32" container="StaticArray" arraySize="1">
          <containerEntry>8</containerEntry>
        </property>
        <property name="drawMode" type="Int32" container="StaticArray" arraySize="1">
          <containerEntry>0</containerEntry>
        </property>
        <property name="rejectFarRangeShadowCast" type="Int32" container="StaticArray" arraySize="1">
          <containerEntry>2</containerEntry>
        </property>
        <property name="parentLocator" type="EntityLink" container="StaticArray" arraySize="1">
          <containerEntry packagePathHash="0xB8A0BF169F98" archivePathHash="0xB8A0BF169F98" nameInArchiveHash="0xB8A0BF169F98">0x0</containerEntry>
        </property>
        <property name="transforms" type="Matrix4" container="DynamicArray" arraySize="8">
          <containerEntry r11="-0.7076589" r12="0.029808387" r13="-0.705927" r14="0" r21="0.04949145" r22="0.9987468" r23="-0.00743982" r24="0" r31="0.70482063" r32="-0.04020217" r33="-0.70824736" r34="0" r41="1333.8353" r42="361.40988" r43="1071.3643" r44="1"></containerEntry>
          <containerEntry r11="0.99397695" r12="-0.10646104" r13="0.025997533" r14="0" r21="0.10502977" r22="0.9931444" r23="0.0513131" r24="0" r31="-0.03128214" r32="-0.048273522" r33="0.9983442" r34="0" r41="1339.9043" r42="360.34375" r43="1084.3982" r44="1"></containerEntry>
          <containerEntry r11="0.9203491" r12="-0.048497293" r13="-0.38807958" r14="0" r21="0.049491208" r22="0.9987468" r23="-0.007440039" r24="0" r31="0.38795406" r32="-0.012359061" r33="0.921596" r34="0" r41="1327.3564" r42="362.04144" r43="1084.3865" r44="1"></containerEntry>
          <containerEntry r11="-0.09440158" r12="0.14919938" r13="-0.9842898" r14="0" r21="-0.078988865" r22="0.9844663" r23="0.15680179" r24="0" r31="0.99239486" r32="0.09255045" r33="-0.081150055" r34="0" r41="1351.5559" r42="366.17093" r43="1031.3511" r44="1"></containerEntry>
          <containerEntry r11="0.96107596" r12="-0.20414348" r13="-0.18616745" r14="0" r21="0.22410314" r22="0.97010446" r23="0.0931398" r24="0" r31="0.16158792" r32="-0.13123521" r33="0.9780933" r34="0" r41="1313.4055" r42="366.29285" r43="1061.6046" r44="1"></containerEntry>
          <containerEntry r11="0.9271372" r12="-0.21331114" r13="0.308082" r14="0" r21="0.15454772" r22="0.9666524" r23="0.20420077" r24="0" r31="-0.34136662" r32="-0.14170858" r33="0.9291863" r34="0" r41="1306.4924" r42="362.1108" r43="1115.4978" r44="1"></containerEntry>
          <containerEntry r11="1.1560073" r12="-0.29897046" r13="-0.11943174" r14="0" r21="0.3178719" r22="1.1305153" r23="0.24676406" r24="0" r31="0.05103679" r32="-0.2693542" r33="1.1682652" r34="0" r41="1285.7683" r42="373.60297" r43="1105.6802" r44="1"></containerEntry>
          <containerEntry r11="0.9154252" r12="0.11108374" r13="-0.38685566" r14="0" r21="-0.072440006" r22="0.99093634" r23="0.11312629" r24="0" r31="0.3959158" r32="-0.075534865" r33="0.915175" r34="0" r41="1364.7252" r42="356.09857" r43="1064.8888" r44="1"></containerEntry>
        </property>
        <property name="colors" type="UInt32" container="DynamicArray" arraySize="8">
          <containerEntry>4294967295</containerEntry>
          <containerEntry>4294967295</containerEntry>
          <containerEntry>4294967295</containerEntry>
          <containerEntry>4294967295</containerEntry>
          <containerEntry>4294967295</containerEntry>
          <containerEntry>4294967295</containerEntry>
          <containerEntry>4294967295</containerEntry>
          <containerEntry>4294967295</containerEntry>
        </property>
      </staticProperties>
      <dynamicProperties></dynamicProperties>
    </entity>
    <entity class="StaticModelArray" classVersion="4" classID="0xD0" addr="0x317DB40" id="0x0">
      <staticProperties>
        <property name="name" type="String" container="StaticArray" arraySize="1">
          <containerEntry>StaticModelArray0005</containerEntry>
        </property>
        <property name="dataSet" type="EntityHandle" container="StaticArray" arraySize="1">
          <containerEntry>0x3352FC0</containerEntry>
        </property>
        <property name="modelFile" type="FilePtr" container="StaticArray" arraySize="1">
          <containerEntry>/Assets/tpp/environ/object/afghanistan/cliff/afgh_clff022/scenes/afgh_clff022_vrtn001.fmdl</containerEntry>
        </property>
        <property name="geomFile" type="FilePtr" container="StaticArray" arraySize="1">
          <containerEntry>/Assets/tpp/environ/object/afghanistan/cliff/afgh_clff022/scenes/afgh_clff022_vrtn001.geom</containerEntry>
        </property>
        <property name="isVisibleGeom" type="Bool" container="StaticArray" arraySize="1">
          <containerEntry>false</containerEntry>
        </property>
        <property name="lodFarSize" type="Float" container="StaticArray" arraySize="1">
          <containerEntry>-1</containerEntry>
        </property>
        <property name="lodNearSize" type="Float" container="StaticArray" arraySize="1">
          <containerEntry>-1</containerEntry>
        </property>
        <property name="lodPolygonSize" type="Float" container="StaticArray" arraySize="1">
          <containerEntry>-1</containerEntry>
        </property>
        <property name="drawRejectionLevel" type="Int32" container="StaticArray" arraySize="1">
          <containerEntry>8</containerEntry>
        </property>
        <property name="drawMode" type="Int32" container="StaticArray" arraySize="1">
          <containerEntry>0</containerEntry>
        </property>
        <property name="rejectFarRangeShadowCast" type="Int32" container="StaticArray" arraySize="1">
          <containerEntry>2</containerEntry>
        </property>
        <property name="parentLocator" type="EntityLink" container="StaticArray" arraySize="1">
          <containerEntry packagePathHash="0xB8A0BF169F98" archivePathHash="0xB8A0BF169F98" nameInArchiveHash="0xB8A0BF169F98">0x0</containerEntry>
        </property>
        <property name="transforms" type="Matrix4" container="DynamicArray" arraySize="3">
          <containerEntry r11="0.44587553" r12="0" r13="-0.89509445" r14="0" r21="0" r22="1" r23="0" r24="0" r31="0.89509445" r32="0" r33="0.44587553" r34="0" r41="1340.6438" r42="368.28873" r43="1145.8177" r44="1"></containerEntry>
          <containerEntry r11="-0.25382793" r12="0" r13="0.9672483" r14="0" r21="0" r22="1" r23="0" r24="0" r31="-0.9672483" r32="0" r33="-0.25382793" r34="0" r41="1376.1318" r42="370.79977" r43="1131.0873" r44="1"></containerEntry>
          <containerEntry r11="-0.043187626" r12="-0.07807807" r13="-0.99600995" r14="0" r21="-0.053571694" r22="0.99568826" r23="-0.075729765" r24="0" r31="0.9976282" r32="0.05008731" r33="-0.04718417" r34="0" r41="1409.6605" r42="362.51715" r43="1128.9502" r44="1"></containerEntry>
        </property>
        <property name="colors" type="UInt32" container="DynamicArray" arraySize="3">
          <containerEntry>4294967295</containerEntry>
          <containerEntry>4294967295</containerEntry>
          <containerEntry>4294967295</containerEntry>
        </property>
      </staticProperties>
      <dynamicProperties></dynamicProperties>
    </entity>
    <entity class="StaticModelArray" classVersion="4" classID="0xD0" addr="0x3175790" id="0x0">
      <staticProperties>
        <property name="name" type="String" container="StaticArray" arraySize="1">
          <containerEntry>StaticModelArray0006</containerEntry>
        </property>
        <property name="dataSet" type="EntityHandle" container="StaticArray" arraySize="1">
          <containerEntry>0x3352FC0</containerEntry>
        </property>
        <property name="modelFile" type="FilePtr" container="StaticArray" arraySize="1">
          <containerEntry>/Assets/tpp/environ/object/afghanistan/cliff/afgh_clff022/scenes/afgh_clff022_vrtn003.fmdl</containerEntry>
        </property>
        <property name="geomFile" type="FilePtr" container="StaticArray" arraySize="1">
          <containerEntry>/Assets/tpp/environ/object/afghanistan/cliff/afgh_clff022/scenes/afgh_clff022_vrtn003.geom</containerEntry>
        </property>
        <property name="isVisibleGeom" type="Bool" container="StaticArray" arraySize="1">
          <containerEntry>false</containerEntry>
        </property>
        <property name="lodFarSize" type="Float" container="StaticArray" arraySize="1">
          <containerEntry>-1</containerEntry>
        </property>
        <property name="lodNearSize" type="Float" container="StaticArray" arraySize="1">
          <containerEntry>-1</containerEntry>
        </property>
        <property name="lodPolygonSize" type="Float" container="StaticArray" arraySize="1">
          <containerEntry>-1</containerEntry>
        </property>
        <property name="drawRejectionLevel" type="Int32" container="StaticArray" arraySize="1">
          <containerEntry>8</containerEntry>
        </property>
        <property name="drawMode" type="Int32" container="StaticArray" arraySize="1">
          <containerEntry>0</containerEntry>
        </property>
        <property name="rejectFarRangeShadowCast" type="Int32" container="StaticArray" arraySize="1">
          <containerEntry>2</containerEntry>
        </property>
        <property name="parentLocator" type="EntityLink" container="StaticArray" arraySize="1">
          <containerEntry packagePathHash="0xB8A0BF169F98" archivePathHash="0xB8A0BF169F98" nameInArchiveHash="0xB8A0BF169F98">0x0</containerEntry>
        </property>
        <property name="transforms" type="Matrix4" container="DynamicArray" arraySize="4">
          <containerEntry r11="0.39874303" r12="0" r13="0.9170623" r14="0" r21="0" r22="1" r23="0" r24="0" r31="-0.9170623" r32="0" r33="0.39874303" r34="0" r41="1390.3534" r42="367.78506" r43="1122.829" r44="1"></containerEntry>
          <containerEntry r11="-0.7217668" r12="0" r13="-0.69213563" r14="0" r21="0" r22="1" r23="0" r24="0" r31="0.69213563" r32="0" r33="-0.7217668" r34="0" r41="1357.3396" r42="372.8723" r43="1141.333" r44="1"></containerEntry>
          <containerEntry r11="-0.97169685" r12="0" r13="0.23623054" r14="0" r21="0" r22="1" r23="0" r24="0" r31="-0.23623054" r32="0" r33="-0.97169685" r34="0" r41="1290.5402" r42="383.1915" r43="1070.3668" r44="1"></containerEntry>
          <containerEntry r11="-0.7217668" r12="0" r13="-0.69213563" r14="0" r21="0" r22="1" r23="0" r24="0" r31="0.69213563" r32="0" r33="-0.7217668" r34="0" r41="1350.09" r42="365.03125" r43="1082.3002" r44="1"></containerEntry>
        </property>
        <property name="colors" type="UInt32" container="DynamicArray" arraySize="4">
          <containerEntry>4294967295</containerEntry>
          <containerEntry>4294967295</containerEntry>
          <containerEntry>4294967295</containerEntry>
          <containerEntry>4294967295</containerEntry>
        </property>
      </staticProperties>
      <dynamicProperties></dynamicProperties>
    </entity>
    <entity class="StaticModelArray" classVersion="4" classID="0xD0" addr="0x317DAD0" id="0x0">
      <staticProperties>
        <property name="name" type="String" container="StaticArray" arraySize="1">
          <containerEntry>StaticModelArray0007</containerEntry>
        </property>
        <property name="dataSet" type="EntityHandle" container="StaticArray" arraySize="1">
          <containerEntry>0x3352FC0</containerEntry>
        </property>
        <property name="modelFile" type="FilePtr" container="StaticArray" arraySize="1">
          <containerEntry>/Assets/tpp/environ/object/afghanistan/cliff/afgh_clff013/scenes/afgh_clff013.fmdl</containerEntry>
        </property>
        <property name="geomFile" type="FilePtr" container="StaticArray" arraySize="1">
