<fox formatVersion="2" fileVersion="0">
  <entities>
    <entity class="DataSet" classVersion="0" classID="0xE8" addr="0x32F4300" id="0x6F7C8BF">
      <staticProperties>
        <property name="name" type="String" container="StaticArray" arraySize="1">
          <containerEntry hash="0xB8A0BF169F98"></containerEntry>
        </property>
        <property name="dataSet" type="EntityHandle" container="StaticArray" arraySize="1">
          <containerEntry>0x0</containerEntry>
        </property>
        <property name="dataList" type="EntityPtr" container="StringMap" arraySize="5">
          <containerEntry key="StaticModelArray0000">
            <data>0x317BBC0</data>
          </containerEntry>
          <containerEntry key="StaticModelArray0001">
            <data>0x317BCA0</data>
          </containerEntry>
          <containerEntry key="StaticModelArray0002">
            <data>0x317BC30</data>
          </containerEntry>
          <containerEntry key="StaticModelArray0003">
            <data>0x317BD10</data>
          </containerEntry>
          <containerEntry key="TexturePackLoadConditioner0000">
            <data>0x317C410</data>
          </containerEntry>
        </property>
      </staticProperties>
      <dynamicProperties></dynamicProperties>
    </entity>
    <entity class="StaticModelArray" classVersion="4" classID="0xD0" addr="0x317BBC0" id="0x0">
      <staticProperties>
        <property name="name" type="String" container="StaticArray" arraySize="1">
          <containerEntry>StaticModelArray0000</containerEntry>
        </property>
        <property name="dataSet" type="EntityHandle" container="StaticArray" arraySize="1">
          <containerEntry>0x32F4300</containerEntry>
        </property>
        <property name="modelFile" type="FilePtr" container="StaticArray" arraySize="1">
          <containerEntry>/Assets/tpp/environ/object/middle_africa/cliff/mafr_clff003/scenes/mafr_clff003_vrtn001.fmdl</containerEntry>
        </property>
        <property name="geomFile" type="FilePtr" container="StaticArray" arraySize="1">
          <containerEntry>/Assets/tpp/environ/object/middle_africa/cliff/mafr_clff003/scenes/mafr_clff003_vrtn001.geom</containerEntry>
        </property>
        <property name="isVisibleGeom" type="Bool" container="StaticArray" arraySize="1">
          <containerEntry>false</containerEntry>
        </property>
        <property name="lodFarSize" type="Float" container="StaticArray" arraySize="1">
          <containerEntry>-1</containerEntry>
        </property>
        <property name="lodNearSize" type="Float" container="StaticArray" arraySize="1">
          <containerEntry>-1</containerEntry>
        </property>
        <property name="lodPolygonSize" type="Float" container="StaticArray" arraySize="1">
          <containerEntry>-1</containerEntry>
        </property>
        <property name="drawRejectionLevel" type="Int32" container="StaticArray" arraySize="1">
          <containerEntry>8</containerEntry>
        </property>
        <property name="drawMode" type="Int32" container="StaticArray" arraySize="1">
          <containerEntry>0</containerEntry>
        </property>
        <property name="rejectFarRangeShadowCast" type="Int32" container="StaticArray" arraySize="1">
          <containerEntry>2</containerEntry>
        </property>
        <property name="parentLocator" type="EntityLink" container="StaticArray" arraySize="1">
          <containerEntry packagePathHash="0xB8A0BF169F98" archivePathHash="0xB8A0BF169F98" nameInArchiveHash="0xB8A0BF169F98">0x0</containerEntry>
        </property>
        <property name="transforms" type="Matrix4" container="DynamicArray" arraySize="14">
          <containerEntry r11="-0.2711726" r12="-0.014729798" r13="0.96241784" r14="0" r21="0.433218" r22="0.8910147" r23="0.13570134" r24="0" r31="-0.85952735" r32="0.4537353" r33="-0.2352376" r34="0" r41="628.88324" r42="-9.726192" r43="74.950325" r44="1"></containerEntry>
          <containerEntry r11="-0.53485686" r12="-0.038297623" r13="0.844074" r14="0" r21="0.6052202" r22="0.67972517" r23="0.41434538" r24="0" r31="-0.58960676" r32="0.73246634" r33="-0.3403771" r34="0" r41="636.3528" r42="-8.781062" r43="72.70526" r44="1"></containerEntry>
          <containerEntry r11="-0.6121082" r12="-0.082711145" r13="0.78643763" r14="0" r21="0.22893892" r22="0.9333886" r23="0.27635625" r24="0" r31="-0.7569097" r32="0.34920576" r33="-0.5523991" r34="0" r41="624.7174" r42="-8.637283" r43="92.51983" r44="1"></containerEntry>
          <containerEntry r11="-0.9644407" r12="-0.090472534" r13="0.24833003" r14="0" r21="0.116909444" r22="0.69663006" r23="0.70784074" r24="0" r31="-0.23703432" r32="0.7117029" r33="-0.66128117" r34="0" r41="588.4108" r42="-8.461219" r43="111.23122" r44="1"></containerEntry>
          <containerEntry r11="0.5816918" r12="0.04330191" r13="-0.81225556" r14="0" r21="-0.66551423" r22="0.5994843" r23="-0.44464457" r24="0" r31="0.4676804" r32="0.799214" r33="0.37753332" r34="0" r41="621.58344" r42="-8.612077" r43="93.031204" r44="1"></containerEntry>
          <containerEntry r11="-0.6424924" r12="-0.16754706" r13="0.7477504" r14="0" r21="0.4648106" r22="0.6905821" r23="0.5541185" r24="0" r31="-0.60922396" r32="0.70357955" r33="-0.36581594" r34="0" r41="617.609" r42="-8.734116" r43="98.91859" r44="1"></containerEntry>
          <containerEntry r11="0.45139778" r12="-0.06312448" r13="0.89008725" r14="0" r21="0.51627433" r22="0.83206224" r23="-0.20281336" r24="0" r31="-0.7278055" r32="0.5510787" r33="0.4081806" r34="0" r41="629.90424" r42="-9.930427" r43="52.32822" r44="1"></containerEntry>
          <containerEntry r11="0.9533655" r12="-0.083800346" r13="-0.2899512" r14="0" r21="-0.13559383" r22="0.739356" r23="-0.65952015" r24="0" r31="0.26964515" r32="0.6680794" r33="0.69351363" r34="0" r41="593.88995" r42="-8.014021" r43="108.20489" r44="1"></containerEntry>
          <containerEntry r11="-0.96892476" r12="-0.05594612" r13="0.24094647" r14="0" r21="0.1014744" r22="0.79844475" r23="0.59345514" r24="0" r31="-0.22558394" r32="0.59946316" r33="-0.7679558" r34="0" r41="599.716" r42="-8.05379" r43="103.466" r44="1"></containerEntry>
          <containerEntry r11="-0.96892476" r12="-0.05594612" r13="0.24094647" r14="0" r21="0.1014744" r22="0.79844475" r23="0.59345514" r24="0" r31="-0.22558394" r32="0.59946316" r33="-0.7679558" r34="0" r41="611.213" r42="-8.340235" r43="100.12165" r44="1"></containerEntry>
          <containerEntry r11="0.5684069" r12="-0.08737564" r13="0.81809485" r14="0" r21="0.69291437" r22="0.586962" r23="-0.41874266" r24="0" r31="-0.44360277" r32="0.80488586" r33="0.39417702" r34="0" r41="570.2523" r42="-8.789017" r43="12.934815" r44="1"></containerEntry>
          <containerEntry r11="-0.6644902" r12="-0.14446047" r13="-0.73319966" r14="0" r21="-0.6478511" r22="0.6003926" r23="0.46884674" r24="0" r31="0.3724776" r32="0.78654903" r33="-0.49254346" r34="0" r41="564.0147" r42="-8.835475" r43="17.61408" r44="1"></containerEntry>
          <containerEntry r11="0.33584937" r12="0.054199725" r13="-0.94035566" r14="0" r21="-0.6549953" r22="0.7308842" r23="-0.19180675" r24="0" r31="0.6768954" r32="0.68034637" r33="0.2809674" r34="0" r41="637.8473" r42="-6.05293" r43="25.137209" r44="1"></containerEntry>
          <containerEntry r11="0.48942348" r12="-0.20455164" r13="0.847717" r14="0" r21="0.44678092" r22="0.8936423" r23="-0.0423128" r24="0" r31="-0.7489007" r32="0.39945236" r33="0.5287592" r34="0" r41="628.81104" r42="-8.809224" r43="34.54619" r44="1"></containerEntry>
        </property>
        <property name="colors" type="UInt32" container="DynamicArray" arraySize="14">
          <containerEntry>4294967295</containerEntry>
          <containerEntry>4294967295</containerEntry>
          <containerEntry>4294967295</containerEntry>
          <containerEntry>4294967295</containerEntry>
          <containerEntry>4294967295</containerEntry>
          <containerEntry>4294967295</containerEntry>
          <containerEntry>4294967295</containerEntry>
          <containerEntry>4294967295</containerEntry>
          <containerEntry>4294967295</containerEntry>
          <containerEntry>4294967295</containerEntry>
          <containerEntry>4294967295</containerEntry>
          <containerEntry>4294967295</containerEntry>
          <containerEntry>4294967295</containerEntry>
          <containerEntry>4294967295</containerEntry>
        </property>
      </staticProperties>
      <dynamicProperties></dynamicProperties>
    </entity>
    <entity class="StaticModelArray" classVersion="4" classID="0xD0" addr="0x317BCA0" id="0x0">
      <staticProperties>
        <property name="name" type="String" container="StaticArray" arraySize="1">
          <containerEntry>StaticModelArray0001</containerEntry>
        </property>
        <property name="dataSet" type="EntityHandle" container="StaticArray" arraySize="1">
          <containerEntry>0x32F4300</containerEntry>
        </property>
        <property name="modelFile" type="FilePtr" container="StaticArray" arraySize="1">
          <containerEntry>/Assets/tpp/environ/object/middle_africa/rock/mafr_rock001/scenes/mafr_rock001_vrtn003.fmdl</containerEntry>
        </property>
        <property name="geomFile" type="FilePtr" container="StaticArray" arraySize="1">
          <containerEntry>/Assets/tpp/environ/object/middle_africa/rock/mafr_rock001/scenes/mafr_rock001_vrtn003.geom</containerEntry>
        </property>
        <property name="isVisibleGeom" type="Bool" container="StaticArray" arraySize="1">
          <containerEntry>false</containerEntry>
        </property>
        <property name="lodFarSize" type="Float" container="StaticArray" arraySize="1">
          <containerEntry>-1</containerEntry>
        </property>
        <property name="lodNearSize" type="Float" container="StaticArray" arraySize="1">
          <containerEntry>-1</containerEntry>
        </property>
        <property name="lodPolygonSize" type="Float" container="StaticArray" arraySize="1">
          <containerEntry>-1</containerEntry>
        </property>
        <property name="drawRejectionLevel" type="Int32" container="StaticArray" arraySize="1">
          <containerEntry>7</containerEntry>
        </property>
        <property name="drawMode" type="Int32" container="StaticArray" arraySize="1">
          <containerEntry>0</containerEntry>
        </property>
        <property name="rejectFarRangeShadowCast" type="Int32" container="StaticArray" arraySize="1">
          <containerEntry>2</containerEntry>
        </property>
        <property name="parentLocator" type="EntityLink" container="StaticArray" arraySize="1">
          <containerEntry packagePathHash="0xB8A0BF169F98" archivePathHash="0xB8A0BF169F98" nameInArchiveHash="0xB8A0BF169F98">0x0</containerEntry>
        </property>
        <property name="transforms" type="Matrix4" container="DynamicArray" arraySize="5">
          <containerEntry r11="1" r12="0" r13="0" r14="0" r21="0" r22="1" r23="0" r24="0" r31="0" r32="0" r33="1" r34="0" r41="568.9984" r42="-5.660336" r43="8.0327" r44="1"></containerEntry>
          <containerEntry r11="0.99414575" r12="0.050119877" r13="-0.0957194" r14="0" r21="-0.034982428" r22="0.98749274" r23="0.15373449" r24="0" r31="0.102227375" r32="-0.14948599" r33="0.983465" r34="0" r41="567.31256" r42="-5.507258" r43="23.866615" r44="1"></containerEntry>
          <containerEntry r11="0.032525513" r12="0.1565496" r13="-0.9871346" r14="0" r21="0.27316466" r22="0.9486608" r23="0.15944873" r24="0" r31="0.96141744" r32="-0.2748364" r33="-0.011908114" r34="0" r41="574.3124" r42="-5.507258" r43="20.55317" r44="1"></containerEntry>
          <containerEntry r11="-0.739349" r12="-0.070299566" r13="0.66964006" r14="0" r21="-0.082444295" r22="0.99650306" r23="0.013587115" r24="0" r31="-0.66825354" r32="-0.04516241" r33="-0.7425594" r34="0" r41="562.3812" r42="-5.507258" r43="17.827713" r44="1"></containerEntry>
          <containerEntry r11="0.5565219" r12="0.12267773" r13="0.82172537" r14="0" r21="0.0046340376" r22="0.988565" r23="-0.15072398" r24="0" r31="-0.8308195" r32="0.08768903" r33="0.5495896" r34="0" r41="566.94324" r42="-4.757785" r43="13.285606" r44="1"></containerEntry>
        </property>
        <property name="colors" type="UInt32" container="DynamicArray" arraySize="5">
          <containerEntry>4294967295</containerEntry>
          <containerEntry>4294967295</containerEntry>
          <containerEntry>4294967295</containerEntry>
          <containerEntry>4294967295</containerEntry>
          <containerEntry>4294967295</containerEntry>
        </property>
      </staticProperties>
      <dynamicProperties></dynamicProperties>
    </entity>
    <entity class="StaticModelArray" classVersion="4" classID="0xD0" addr="0x317BC30" id="0x0">
      <staticProperties>
        <property name="name" type="String" container="StaticArray" arraySize="1">
          <containerEntry>StaticModelArray0002</containerEntry>
        </property>
        <property name="dataSet" type="EntityHandle" container="StaticArray" arraySize="1">
          <containerEntry>0x32F4300</containerEntry>
        </property>
        <property name="modelFile" type="FilePtr" container="StaticArray" arraySize="1">
          <containerEntry>/Assets/tpp/environ/object/middle_africa/clod/mafr_clod005/scenes/mafr_clod005.fmdl</containerEntry>
        </property>
        <property name="geomFile" type="FilePtr" container="StaticArray" arraySize="1">
          <containerEntry>/Assets/tpp/environ/object/middle_africa/clod/mafr_clod005/scenes/mafr_clod005.geom</containerEntry>
        </property>
        <property name="isVisibleGeom" type="Bool" container="StaticArray" arraySize="1">
          <containerEntry>false</containerEntry>
        </property>
        <property name="lodFarSize" type="Float" container="StaticArray" arraySize="1">
          <containerEntry>-1</containerEntry>
        </property>
        <property name="lodNearSize" type="Float" container="StaticArray" arraySize="1">
          <containerEntry>-1</containerEntry>
        </property>
        <property name="lodPolygonSize" type="Float" container="StaticArray" arraySize="1">
          <containerEntry>-1</containerEntry>
        </property>
        <property name="drawRejectionLevel" type="Int32" container="StaticArray" arraySize="1">
          <containerEntry>8</containerEntry>
        </property>
        <property name="drawMode" type="Int32" container="StaticArray" arraySize="1">
          <containerEntry>0</containerEntry>
        </property>
        <property name="rejectFarRangeShadowCast" type="Int32" container="StaticArray" arraySize="1">
          <containerEntry>2</containerEntry>
        </property>
        <property name="parentLocator" type="EntityLink" container="StaticArray" arraySize="1">
          <containerEntry packagePathHash="0xB8A0BF169F98" archivePathHash="0xB8A0BF169F98" nameInArchiveHash="0xB8A0BF169F98">0x0</containerEntry>
        </property>
        <property name="transforms" type="Matrix4" container="DynamicArray" arraySize="3">
          <containerEntry r11="-0.7046706" r12="0.0037566312" r13="-0.7095265" r14="0" r21="-0.094064" r22="0.990665" r23="0.09866528" r24="0" r31="0.7032737" r32="0.13626724" r33="-0.6977391" r34="0" r41="566.1034" r42="-4.079209" r43="59.57892" r44="1"></containerEntry>
          <containerEntry r11="0.7279692" r12="0.02706869" r13="-0.6850752" r14="0" r21="-0.018602733" r22="0.9996323" r23="0.01972998" r24="0" r31="0.6853574" r32="-0.0016185464" r33="0.7282051" r34="0" r41="533.8998" r42="-4.664483" r43="61.068268" r44="1"></containerEntry>
          <containerEntry r11="-0.7243745" r12="0.047925256" r13="0.68773836" r14="0" r21="0.04026243" r22="0.998819" r23="-0.027195744" r24="0" r31="-0.6882295" r32="0.007990112" r33="-0.72544855" r34="0" r41="523.6312" r42="-4.667712" r43="96.86418" r44="1"></containerEntry>
        </property>
        <property name="colors" type="UInt32" container="DynamicArray" arraySize="3">
          <containerEntry>4294967295</containerEntry>
          <containerEntry>4294967295</containerEntry>
          <containerEntry>4294967295</containerEntry>
        </property>
      </staticProperties>
      <dynamicProperties></dynamicProperties>
    </entity>
    <entity class="StaticModelArray" classVersion="4" classID="0xD0" addr="0x317BD10" id="0x0">
      <staticProperties>
        <property name="name" type="String" container="StaticArray" arraySize="1">
          <containerEntry>StaticModelArray0003</containerEntry>
        </property>
        <property name="dataSet" type="EntityHandle" container="StaticArray" arraySize="1">
          <containerEntry>0x32F4300</containerEntry>
        </property>
        <property name="modelFile" type="FilePtr" container="StaticArray" arraySize="1">
          <containerEntry>/Assets/tpp/environ/object/middle_africa/rock/mafr_rock001/scenes/mafr_rock001_vrtn003.fmdl</containerEntry>
        </property>
        <property name="geomFile" type="FilePtr" container="StaticArray" arraySize="1">
          <containerEntry>/Assets/tpp/environ/object/middle_africa/rock/mafr_rock001/scenes/mafr_rock001_vrtn003.geom</containerEntry>
        </property>
        <property name="isVisibleGeom" type="Bool" container="StaticArray" arraySize="1">
          <containerEntry>false</containerEntry>
        </property>
        <property name="lodFarSize" type="Float" container="StaticArray" arraySize="1">
          <containerEntry>-1</containerEntry>
        </property>
        <property name="lodNearSize" type="Float" container="StaticArray" arraySize="1">
          <containerEntry>-1</containerEntry>
        </property>
        <property name="lodPolygonSize" type="Float" container="StaticArray" arraySize="1">
          <containerEntry>-1</containerEntry>
        </property>
        <property name="drawRejectionLevel" type="Int32" container="StaticArray" arraySize="1">
          <containerEntry>8</containerEntry>
        </property>
        <property name="drawMode" type="Int32" container="StaticArray" arraySize="1">
          <containerEntry>0</containerEntry>
        </property>
        <property name="rejectFarRangeShadowCast" type="Int32" container="StaticArray" arraySize="1">
          <containerEntry>2</containerEntry>
        </property>
        <property name="parentLocator" type="EntityLink" container="StaticArray" arraySize="1">
          <containerEntry packagePathHash="0xB8A0BF169F98" archivePathHash="0xB8A0BF169F98" nameInArchiveHash="0xB8A0BF169F98">0x0</containerEntry>
        </property>
        <property name="transforms" type="Matrix4" container="DynamicArray" arraySize="6">
          <containerEntry r11="0.98656887" r12="0.024663638" r13="0.16147305" r14="0" r21="-0.022252727" r22="0.9996125" r23="-0.016722504" r24="0" r31="-0.16182293" r32="0.012904687" r33="0.98673546" r34="0" r41="626.6527" r42="-6.013413" r43="33.177856" r44="1"></containerEntry>
          <containerEntry r11="0.3873139" r12="0.024039859" r13="0.9216328" r14="0" r21="-0.022253804" r22="0.9996125" r23="-0.016721772" r24="0" r31="-0.92167765" r32="-0.014033286" r33="0.3876988" r34="0" r41="628.3897" r42="-6.080942" r43="37.58783" r44="1"></containerEntry>
          <containerEntry r11="0.3811566" r12="0.023946721" r13="0.92419785" r14="0" r21="-0.02225403" r22="0.9996125" r23="-0.01672279" r24="0" r31="-0.9242402" r32="-0.014193187" r33="0.38154182" r34="0" r41="631.0042" r42="-6.073139" r43="34.57485" r44="1"></containerEntry>
          <containerEntry r11="-0.45088235" r12="0.004893839" r13="0.8925679" r14="0" r21="-0.022253469" r22="0.9996125" r23="-0.016722146" r24="0" r31="-0.8923038" r32="-0.027402477" r33="-0.4505987" r34="0" r41="631.87946" r42="-5.803344" r43="49.538208" r44="1"></containerEntry>
          <containerEntry r11="-0.08879869" r12="-0.018636765" r13="-0.99587315" r14="0" r21="-0.022253921" r22="0.9996125" r23="-0.016722396" r24="0" r31="0.9957989" r32="0.020677162" r33="-0.08917901" r34="0" r41="622.2092" r42="-5.803344" r43="66.35966" r44="1"></containerEntry>
          <containerEntry r11="0.9996923" r12="0.022068415" r13="-0.011233428" r14="0" r21="-0.022254553" r22="0.99961245" r23="-0.016721662" r24="0" r31="0.010860053" r32="0.016966512" r33="0.99979603" r34="0" r41="628.1936" r42="-5.720032" r43="63.97193" r44="1"></containerEntry>
        </property>
        <property name="colors" type="UInt32" container="DynamicArray" arraySize="6">
          <containerEntry>4294967295</containerEntry>
          <containerEntry>4294967295</containerEntry>
          <containerEntry>4294967295</containerEntry>
          <containerEntry>4294967295</containerEntry>
          <containerEntry>4294967295</containerEntry>
          <containerEntry>4294967295</containerEntry>
        </property>
      </staticProperties>
      <dynamicProperties></dynamicProperties>
    </entity>
    <entity class="TexturePackLoadConditioner" classVersion="0" classID="0x48" addr="0x317C410" id="0x0">
      <staticProperties>
        <property name="name" type="String" container="StaticArray" arraySize="1">
          <containerEntry>TexturePackLoadConditioner0000</containerEntry>
        </property>
        <property name="dataSet" type="EntityHandle" container="StaticArray" arraySize="1">
          <containerEntry>0x32F4300</containerEntry>
        </property>
        <property name="texturePackPath" type="Path" container="StaticArray" arraySize="1">
          <containerEntry hash="0xB8A0BF169F98"></containerEntry>
        </property>
      </staticProperties>
      <dynamicProperties></dynamicProperties>
    </entity>
  </entities>
</fox>