<fox formatVersion="2" fileVersion="0">
  <entities>
    <entity class="DataSet" classVersion="0" classID="0xE8" addr="0x317F5F0" id="0x2E33E6">
      <staticProperties>
        <property name="name" type="String" container="StaticArray" arraySize="1">
          <containerEntry hash="0xB8A0BF169F98"></containerEntry>
        </property>
        <property name="dataSet" type="EntityHandle" container="StaticArray" arraySize="1">
          <containerEntry>0x0</containerEntry>
        </property>
        <property name="dataList" type="EntityPtr" container="StringMap" arraySize="29">
          <containerEntry key="mafr_tree010_dead004_0001">
            <data>0x3174D10</data>
          </containerEntry>
          <containerEntry key="cm_mafr_dc_grss003">
            <data>0x3300860</data>
          </containerEntry>
          <containerEntry key="cm_mafr_dc_grbg003">
            <data>0x33009B0</data>
          </containerEntry>
          <containerEntry key="cm_afgh_dc_crck003_v1">
            <data>0x3304370</data>
          </containerEntry>
          <containerEntry key="cm_mafr_rock002_vrtn001_">
            <data>0x33067C0</data>
          </containerEntry>
          <containerEntry key="StaticModelArray0000">
            <data>0x330B610</data>
          </containerEntry>
          <containerEntry key="StaticModelArray0001">
            <data>0x330B0D0</data>
          </containerEntry>
          <containerEntry key="mafr_clff003_0001">
            <data>0x330B3E0</data>
          </containerEntry>
          <containerEntry key="mafr_clff003_0002">
            <data>0x330B450</data>
          </containerEntry>
          <containerEntry key="mafr_clff003_0004">
            <data>0x330AF80</data>
          </containerEntry>
          <containerEntry key="StaticModelArray0002">
            <data>0x317FAC0</data>
          </containerEntry>
          <containerEntry key="StaticModelArray0003">
            <data>0x3307A90</data>
          </containerEntry>
          <containerEntry key="StaticModelArray0004">
            <data>0x330AFF0</data>
          </containerEntry>
          <containerEntry key="StaticModelArray0005">
            <data>0x330B1B0</data>
          </containerEntry>
          <containerEntry key="mafr_rock007_0011">
            <data>0x330B220</data>
          </containerEntry>
          <containerEntry key="mafr_rock007_0012">
            <data>0x330B4C0</data>
          </containerEntry>
          <containerEntry key="mafr_rock007_0026">
            <data>0x330B530</data>
          </containerEntry>
          <containerEntry key="mafr_rock007_0024">
            <data>0x330B5A0</data>
          </containerEntry>
          <containerEntry key="StaticModelArray0006">
            <data>0x330B680</data>
          </containerEntry>
          <containerEntry key="StaticModelArray0007">
            <data>0x330B6F0</data>
          </containerEntry>
          <containerEntry key="DecalArray0000">
            <data>0x330B8B0</data>
          </containerEntry>
          <containerEntry key="DecalArray0001">
            <data>0x330B7D0</data>
          </containerEntry>
          <containerEntry key="DecalArray0002">
            <data>0x330B840</data>
          </containerEntry>
          <containerEntry key="DecalArray0003">
            <data>0x330BB50</data>
          </containerEntry>
          <containerEntry key="DecalArray0004">
            <data>0x330BBC0</data>
          </containerEntry>
          <containerEntry key="DecalArray0005">
            <data>0x330BC30</data>
          </containerEntry>
          <containerEntry key="DecalArray0006">
            <data>0x330BCA0</data>
          </containerEntry>
          <containerEntry key="DecalArray0007">
            <data>0x330BD10</data>
          </containerEntry>
          <containerEntry key="TexturePackLoadConditioner0000">
            <data>0x330C250</data>
          </containerEntry>
        </property>
      </staticProperties>
      <dynamicProperties></dynamicProperties>
    </entity>
    <entity class="StaticModel" classVersion="9" classID="0x160" addr="0x3174D10" id="0x2E342E">
      <staticProperties>
        <property name="name" type="String" container="StaticArray" arraySize="1">
          <containerEntry>mafr_tree010_dead004_0001</containerEntry>
        </property>
        <property name="dataSet" type="EntityHandle" container="StaticArray" arraySize="1">
          <containerEntry>0x317F5F0</containerEntry>
        </property>
        <property name="parent" type="EntityHandle" container="StaticArray" arraySize="1">
          <containerEntry>0x0</containerEntry>
        </property>
        <property name="transform" type="EntityPtr" container="StaticArray" arraySize="1">
          <containerEntry>0x3174D80</containerEntry>
        </property>
        <property name="shearTransform" type="EntityPtr" container="StaticArray" arraySize="1">
          <containerEntry>0x0</containerEntry>
        </property>
        <property name="pivotTransform" type="EntityPtr" container="StaticArray" arraySize="1">
          <containerEntry>0x0</containerEntry>
        </property>
        <property name="children" type="EntityHandle" container="List"></property>
        <property name="flags" type="UInt32" container="StaticArray" arraySize="1">
          <containerEntry>3221225479</containerEntry>
        </property>
        <property name="modelFile" type="FilePtr" container="StaticArray" arraySize="1">
          <containerEntry>/Assets/tpp/environ/object/middle_africa/tree/mafr_tree010/scenes/mafr_tree010_dead004.fmdl</containerEntry>
        </property>
        <property name="geomFile" type="FilePtr" container="StaticArray" arraySize="1">
          <containerEntry>/Assets/tpp/environ/object/middle_africa/tree/mafr_tree010/scenes/mafr_tree010_dead004.geom</containerEntry>
        </property>
        <property name="isVisibleGeom" type="Bool" container="StaticArray" arraySize="1">
          <containerEntry>false</containerEntry>
        </property>
        <property name="isIsolated" type="Bool" container="StaticArray" arraySize="1">
          <containerEntry>false</containerEntry>
        </property>
        <property name="lodFarSize" type="Float" container="StaticArray" arraySize="1">
          <containerEntry>-1</containerEntry>
        </property>
        <property name="lodNearSize" type="Float" container="StaticArray" arraySize="1">
          <containerEntry>-1</containerEntry>
        </property>
        <property name="lodPolygonSize" type="Float" container="StaticArray" arraySize="1">
          <containerEntry>-1</containerEntry>
        </property>
        <property name="color" type="Color" container="StaticArray" arraySize="1">
          <containerEntry r="1" g="1" b="1" a="1"></containerEntry>
        </property>
        <property name="drawRejectionLevel" type="Int32" container="StaticArray" arraySize="1">
          <containerEntry>8</containerEntry>
        </property>
        <property name="drawMode" type="Int32" container="StaticArray" arraySize="1">
          <containerEntry>0</containerEntry>
        </property>
        <property name="rejectFarRangeShadowCast" type="Int32" container="StaticArray" arraySize="1">
          <containerEntry>2</containerEntry>
        </property>
      </staticProperties>
      <dynamicProperties></dynamicProperties>
    </entity>
    <entity class="TransformEntity" classVersion="0" classID="0x50" addr="0x3174D80" id="0x2E3431">
      <staticProperties>
        <property name="owner" type="EntityHandle" container="StaticArray" arraySize="1">
          <containerEntry>0x3174D10</containerEntry>
        </property>
        <property name="transform_scale" type="Vector3" container="StaticArray" arraySize="1">
          <containerEntry x="1" y="1" z="1" w="0"></containerEntry>
        </property>
        <property name="transform_rotation_quat" type="Quat" container="StaticArray" arraySize="1">
          <containerEntry x="-0.002024" y="-0.86989" z="0.084377" w="0.485971"></containerEntry>
        </property>
        <property name="transform_translation" type="Vector3" container="StaticArray" arraySize="1">
          <containerEntry x="2600.9636" y="113.75392" z="-1889.2738" w="0"></containerEntry>
        </property>
      </staticProperties>
      <dynamicProperties></dynamicProperties>
    </entity>
    <entity class="Material" classVersion="6" classID="0xB0" addr="0x3300860" id="0x2E37A6">
      <staticProperties>
        <property name="name" type="String" container="StaticArray" arraySize="1">
          <containerEntry>cm_mafr_dc_grss003</containerEntry>
        </property>
        <property name="dataSet" type="EntityHandle" container="StaticArray" arraySize="1">
          <containerEntry>0x317F5F0</containerEntry>
        </property>
        <property name="materialName" type="String" container="StaticArray" arraySize="1">
          <containerEntry hash="0xB8A0BF169F98"></containerEntry>
        </property>
        <property name="shader" type="Path" container="StaticArray" arraySize="1">
          <containerEntry hash="0xB8A0BF169F98"></containerEntry>
        </property>
        <property name="diffuseTexture" type="Path" container="StaticArray" arraySize="1">
          <containerEntry>/Assets/tpp/common_source/fmtr/decal/middle_africa/cm_mafr_dc_grss003/sourceimages/cm_mafr_dc_grss003_bsm_alp.ftex</containerEntry>
        </property>
        <property name="srmTexture" type="Path" container="StaticArray" arraySize="1">
          <containerEntry>/Assets/tpp/common_source/fmtr/decal/middle_africa/cm_mafr_dc_grss003/sourceimages/cm_mafr_dc_grss003_srm.ftex</containerEntry>
        </property>
        <property name="normalTexture" type="Path" container="StaticArray" arraySize="1">
          <containerEntry>/Assets/tpp/common_source/fmtr/decal/middle_africa/cm_mafr_dc_grss003/sourceimages/cm_mafr_dc_grss003_nrm.ftex</containerEntry>
        </property>
        <property name="materialMapTexture" type="Path" container="StaticArray" arraySize="1">
          <containerEntry hash="0xB8A0BF169F98"></containerEntry>
        </property>
        <property name="materialIndex" type="UInt8" container="StaticArray" arraySize="1">
          <containerEntry>42</containerEntry>
        </property>
        <property name="diffuseColor" type="Color" container="StaticArray" arraySize="1">
          <containerEntry r="1" g="1" b="1" a="1"></containerEntry>
        </property>
        <property name="specularColor" type="Color" container="StaticArray" arraySize="1">
          <containerEntry r="0" g="0" b="0" a="0"></containerEntry>
        </property>
        <property name="fmtrPath" type="Path" container="StaticArray" arraySize="1">
          <containerEntry hash="0xB8A0BF169F98"></containerEntry>
        </property>
        <property name="residentFlag" type="Bool" container="StaticArray" arraySize="1">
          <containerEntry>false</containerEntry>
        </property>
      </staticProperties>
      <dynamicProperties></dynamicProperties>
    </entity>
    <entity class="Material" classVersion="6" classID="0xB0" addr="0x33009B0" id="0x2E37A8">
      <staticProperties>
        <property name="name" type="String" container="StaticArray" arraySize="1">
          <containerEntry>cm_mafr_dc_grbg003</containerEntry>
        </property>
        <property name="dataSet" type="EntityHandle" container="StaticArray" arraySize="1">
          <containerEntry>0x317F5F0</containerEntry>
        </property>
        <property name="materialName" type="String" container="StaticArray" arraySize="1">
          <containerEntry hash="0xB8A0BF169F98"></containerEntry>
        </property>
        <property name="shader" type="Path" container="StaticArray" arraySize="1">
          <containerEntry hash="0xB8A0BF169F98"></containerEntry>
        </property>
        <property name="diffuseTexture" type="Path" container="StaticArray" arraySize="1">
          <containerEntry>/Assets/tpp/common_source/fmtr/decal/middle_africa/cm_mafr_dc_grbg003/sourceimages/cm_mafr_dc_grbg003_bsm_alp.ftex</containerEntry>
        </property>
        <property name="srmTexture" type="Path" container="StaticArray" arraySize="1">
          <containerEntry>/Assets/tpp/common_source/fmtr/decal/middle_africa/cm_mafr_dc_grbg003/sourceimages/cm_mafr_dc_grbg003_srm.ftex</containerEntry>
        </property>
        <property name="normalTexture" type="Path" container="StaticArray" arraySize="1">
          <containerEntry>/Assets/tpp/common_source/fmtr/decal/middle_africa/cm_mafr_dc_grbg003/sourceimages/cm_mafr_dc_grbg003_nrm.ftex</containerEntry>
        </property>
        <property name="materialMapTexture" type="Path" container="StaticArray" arraySize="1">
          <containerEntry hash="0xB8A0BF169F98"></containerEntry>
        </property>
        <property name="materialIndex" type="UInt8" container="StaticArray" arraySize="1">
          <containerEntry>21</containerEntry>
        </property>
        <property name="diffuseColor" type="Color" container="StaticArray" arraySize="1">
          <containerEntry r="1" g="1" b="1" a="1"></containerEntry>
        </property>
        <property name="specularColor" type="Color" container="StaticArray" arraySize="1">
          <containerEntry r="0" g="0" b="0" a="0"></containerEntry>
        </property>
        <property name="fmtrPath" type="Path" container="StaticArray" arraySize="1">
          <containerEntry hash="0xB8A0BF169F98"></containerEntry>
        </property>
        <property name="residentFlag" type="Bool" container="StaticArray" arraySize="1">
          <containerEntry>false</containerEntry>
        </property>
      </staticProperties>
      <dynamicProperties></dynamicProperties>
    </entity>
    <entity class="Material" classVersion="6" classID="0xB0" addr="0x3304370" id="0x2E392C">
      <staticProperties>
        <property name="name" type="String" container="StaticArray" arraySize="1">
          <containerEntry>cm_afgh_dc_crck003_v1</containerEntry>
        </property>
        <property name="dataSet" type="EntityHandle" container="StaticArray" arraySize="1">
          <containerEntry>0x317F5F0</containerEntry>
        </property>
        <property name="materialName" type="String" container="StaticArray" arraySize="1">
          <containerEntry hash="0xB8A0BF169F98"></containerEntry>
        </property>
        <property name="shader" type="Path" container="StaticArray" arraySize="1">
          <containerEntry hash="0xB8A0BF169F98"></containerEntry>
        </property>
        <property name="diffuseTexture" type="Path" container="StaticArray" arraySize="1">
          <containerEntry>/Assets/tpp/common_source/fmtr/decal/afghanistan/cm_afgh_dc_crck003/sourceimages/cm_afgh_dc_crck003_v1_bsm_alp.ftex</containerEntry>
        </property>
        <property name="srmTexture" type="Path" container="StaticArray" arraySize="1">
          <containerEntry>/Assets/tpp/common_source/fmtr/decal/afghanistan/cm_afgh_dc_crck003/sourceimages/cm_afgh_dc_crck003_srm.ftex</containerEntry>
        </property>
        <property name="normalTexture" type="Path" container="StaticArray" arraySize="1">
          <containerEntry>/Assets/tpp/common_source/fmtr/decal/afghanistan/cm_afgh_dc_crck003/sourceimages/cm_afgh_dc_crck003_nrm.ftex</containerEntry>
        </property>
        <property name="materialMapTexture" type="Path" container="StaticArray" arraySize="1">
          <containerEntry hash="0xB8A0BF169F98"></containerEntry>
        </property>
        <property name="materialIndex" type="UInt8" container="StaticArray" arraySize="1">
          <containerEntry>0</containerEntry>
        </property>
        <property name="diffuseColor" type="Color" container="StaticArray" arraySize="1">
          <containerEntry r="1" g="1" b="1" a="1"></containerEntry>
        </property>
        <property name="specularColor" type="Color" container="StaticArray" arraySize="1">
          <containerEntry r="0" g="0" b="0" a="0"></containerEntry>
        </property>
        <property name="fmtrPath" type="Path" container="StaticArray" arraySize="1">
          <containerEntry hash="0xB8A0BF169F98"></containerEntry>
        </property>
        <property name="residentFlag" type="Bool" container="StaticArray" arraySize="1">
          <containerEntry>true</containerEntry>
        </property>
      </staticProperties>
      <dynamicProperties></dynamicProperties>
    </entity>
    <entity class="Material" classVersion="6" classID="0xB0" addr="0x33067C0" id="0x2E39A6">
      <staticProperties>
        <property name="name" type="String" container="StaticArray" arraySize="1">
          <containerEntry>cm_mafr_rock002_vrtn001_</containerEntry>
        </property>
        <property name="dataSet" type="EntityHandle" container="StaticArray" arraySize="1">
          <containerEntry>0x317F5F0</containerEntry>
        </property>
        <property name="materialName" type="String" container="StaticArray" arraySize="1">
          <containerEntry hash="0xB8A0BF169F98"></containerEntry>
        </property>
        <property name="shader" type="Path" container="StaticArray" arraySize="1">
          <containerEntry hash="0xB8A0BF169F98"></containerEntry>
        </property>
        <property name="diffuseTexture" type="Path" container="StaticArray" arraySize="1">
          <containerEntry>/Assets/tpp/common_source/environ/middle_africa/cm_mafr_rock002/sourceimages/cm_mafr_rock002_v1_bsm_alp.ftex</containerEntry>
        </property>
        <property name="srmTexture" type="Path" container="StaticArray" arraySize="1">
          <containerEntry>/Assets/tpp/common_source/environ/middle_africa/cm_mafr_rock002/sourceimages/cm_mafr_rock002_srm.ftex</containerEntry>
        </property>
        <property name="normalTexture" type="Path" container="StaticArray" arraySize="1">
          <containerEntry>/Assets/tpp/common_source/environ/middle_africa/cm_mafr_rock002/sourceimages/cm_mafr_rock002_nrm.ftex</containerEntry>
        </property>
        <property name="materialMapTexture" type="Path" container="StaticArray" arraySize="1">
          <containerEntry hash="0xB8A0BF169F98"></containerEntry>
        </property>
        <property name="materialIndex" type="UInt8" container="StaticArray" arraySize="1">
          <containerEntry>42</containerEntry>
        </property>
        <property name="diffuseColor" type="Color" container="StaticArray" arraySize="1">
          <containerEntry r="1" g="1" b="1" a="1"></containerEntry>
        </property>
        <property name="specularColor" type="Color" container="StaticArray" arraySize="1">
          <containerEntry r="0" g="0" b="0" a="0"></containerEntry>
        </property>
        <property name="fmtrPath" type="Path" container="StaticArray" arraySize="1">
          <containerEntry hash="0xB8A0BF169F98"></containerEntry>
        </property>
        <property name="residentFlag" type="Bool" container="StaticArray" arraySize="1">
          <containerEntry>false</containerEntry>
        </property>
      </staticProperties>
      <dynamicProperties></dynamicProperties>
    </entity>
    <entity class="StaticModelArray" classVersion="4" classID="0xD0" addr="0x330B610" id="0x0">
      <staticProperties>
        <property name="name" type="String" container="StaticArray" arraySize="1">
          <containerEntry>StaticModelArray0000</containerEntry>
        </property>
        <property name="dataSet" type="EntityHandle" container="StaticArray" arraySize="1">
          <containerEntry>0x317F5F0</containerEntry>
        </property>
        <property name="modelFile" type="FilePtr" container="StaticArray" arraySize="1">
          <containerEntry>/Assets/tpp/environ/object/middle_africa/rock/mafr_rock011/scenes/mafr_rock011.fmdl</containerEntry>
        </property>
        <property name="geomFile" type="FilePtr" container="StaticArray" arraySize="1">
          <containerEntry>/Assets/tpp/environ/object/middle_africa/rock/mafr_rock011/scenes/mafr_rock011.geom</containerEntry>
        </property>
        <property name="isVisibleGeom" type="Bool" container="StaticArray" arraySize="1">
          <containerEntry>false</containerEntry>
        </property>
        <property name="lodFarSize" type="Float" container="StaticArray" arraySize="1">
          <containerEntry>-1</containerEntry>
        </property>
        <property name="lodNearSize" type="Float" container="StaticArray" arraySize="1">
          <containerEntry>-1</containerEntry>
        </property>
        <property name="lodPolygonSize" type="Float" container="StaticArray" arraySize="1">
          <containerEntry>-1</containerEntry>
        </property>
        <property name="drawRejectionLevel" type="Int32" container="StaticArray" arraySize="1">
          <containerEntry>8</containerEntry>
        </property>
        <property name="drawMode" type="Int32" container="StaticArray" arraySize="1">
          <containerEntry>0</containerEntry>
        </property>
        <property name="rejectFarRangeShadowCast" type="Int32" container="StaticArray" arraySize="1">
          <containerEntry>2</containerEntry>
        </property>
        <property name="parentLocator" type="EntityLink" container="StaticArray" arraySize="1">
          <containerEntry packagePathHash="0xB8A0BF169F98" archivePathHash="0xB8A0BF169F98" nameInArchiveHash="0xB8A0BF169F98">0x0</containerEntry>
        </property>
        <property name="transforms" type="Matrix4" container="DynamicArray" arraySize="35">
          <containerEntry r11="-0.54534435" r12="0.12672271" r13="0.82857805" r14="0" r21="-0.10212821" r22="0.971096" r23="-0.21573703" r24="0" r31="-0.83196753" r32="-0.20227207" r33="-0.51663977" r34="0" r41="2665.0242" r42="91.52468" r43="-1902.8275" r44="1"></containerEntry>
          <containerEntry r11="-0.81182194" r12="0.074419454" r13="0.5791229" r14="0" r21="0.16800982" r22="0.97966754" r23="0.10962784" r24="0" r31="-0.55919" r32="0.18629709" r33="-0.80781955" r34="0" r41="2595.457" r42="98.92822" r43="-1872.4545" r44="1"></containerEntry>
          <containerEntry r11="-0.8915453" r12="0.006794244" r13="0.45286822" r14="0" r21="-0.20058282" r22="0.89056396" r23="-0.4082423" r24="0" r31="-0.40608168" r32="-0.45480663" r33="-0.7926147" r34="0" r41="2611.7727" r42="112.440216" r43="-1908.0352" r44="1"></containerEntry>
          <containerEntry r11="0.9887057" r12="0.13559018" r13="0.06384599" r14="0" r21="-0.149341" r22="0.85558283" r23="0.49565572" r24="0" r31="0.012580723" r32="-0.49959248" r33="0.8661688" r34="0" r41="2593.5657" r42="109.77905" r43="-1895.9194" r44="1"></containerEntry>
          <containerEntry r11="0.022104912" r12="-0.03040488" r13="-0.9992902" r14="0" r21="0.505762" r22="0.8625412" r23="-0.015057787" r24="0" r31="0.86238635" r32="-0.5050717" r33="0.03444451" r34="0" r41="2586.5168" r42="109.48198" r43="-1887.3854" r44="1"></containerEntry>
          <containerEntry r11="0.46612543" r12="0.0074736476" r13="-0.88468593" r14="0" r21="0.5068186" r22="0.81736916" r23="0.27393764" r24="0" r31="0.72516197" r32="-0.5760652" r33="0.37720898" r34="0" r41="2603.0237" r42="110.459175" r43="-1898.789" r44="1"></containerEntry>
          <containerEntry r11="0.5959499" r12="0.042814642" r13="-0.8018782" r14="0" r21="0.48848495" r22="0.77324295" r23="0.4043225" r24="0" r31="0.63735723" r32="-0.63266194" r33="0.4398999" r34="0" r41="2603.8074" r42="111.05973" r43="-1891.3629" r44="1"></containerEntry>
          <containerEntry r11="0.81988406" r12="0.027888775" r13="0.5718485" r14="0" r21="-0.3318708" r22="0.8370432" r23="0.43499306" r24="0" r31="-0.46653005" r32="-0.5464242" r33="0.69553405" r34="0" r41="2574.7146" r42="109.640366" r43="-1907.4589" r44="1"></containerEntry>
          <containerEntry r11="0.98981225" r12="0.12267246" r13="0.07227107" r14="0" r21="-0.1406434" r22="0.76341975" r23="0.6304035" r24="0" r31="0.022160204" r32="-0.6341456" r33="0.77289534" r34="0" r41="2593.027" r42="110.40133" r43="-1882.4558" r44="1"></containerEntry>
          <containerEntry r11="-0.35221913" r12="-0.09098209" r13="0.9314847" r14="0" r21="-0.24457902" r22="0.96962684" r23="0.0022257417" r24="0" r31="-0.90339506" r32="-0.22703767" r33="-0.3637734" r34="0" r41="2650.758" r42="92.83384" r43="-1893.9154" r44="1"></containerEntry>
          <containerEntry r11="-0.27006793" r12="0.032265574" r13="0.9623014" r14="0" r21="-0.32977098" r22="0.9358914" r23="-0.12392943" r24="0" r31="-0.90460825" r32="-0.3508081" r33="-0.24211407" r34="0" r41="2640.0825" r42="93.69508" r43="-1878.4674" r44="1"></containerEntry>
          <containerEntry r11="-0.04032835" r12="-0.041836962" r13="0.9983088" r14="0" r21="-0.22102867" r22="0.9747448" r23="0.031920254" r24="0" r31="-0.97443163" r32="-0.21936783" r33="-0.048556983" r34="0" r41="2642.2366" r42="93.73987" r43="-1885.8209" r44="1"></containerEntry>
          <containerEntry r11="-0.92282397" r12="0.35426503" r13="0.15129866" r14="0" r21="0.321177" r22="0.9244347" r23="-0.20558622" r24="0" r31="-0.21269776" r32="-0.14112633" r33="-0.96687233" r34="0" r41="2647.205" r42="96.01923" r43="-1896.5693" r44="1"></containerEntry>
          <containerEntry r11="0.9739396" r12="-0.033095576" r13="-0.22438002" r14="0" r21="0.16712636" r22="0.7735259" r23="0.61133146" r24="0" r31="0.15333134" r32="-0.63289976" r33="0.7588986" r34="0" r41="2605.3828" r42="113.56798" r43="-1917.2998" r44="1"></containerEntry>
          <containerEntry r11="0.39464954" r12="0.3511909" r13="-0.8490681" r14="0" r21="0.28031632" r22="0.8340019" r23="0.4752511" r24="0" r31="0.8750283" r32="-0.42556527" r33="0.23069394" r34="0" r41="2598.0144" r42="112.1133" r43="-1913.5487" r44="1"></containerEntry>
          <containerEntry r11="-0.80223024" r12="-0.06058527" r13="0.5939367" r14="0" r21="-0.14144216" r22="0.9858023" r23="-0.09048766" r24="0" r31="-0.5800219" r32="-0.15659943" r33="-0.79940975" r34="0" r41="2680.0842" r42="67.665504" r43="-1881.571" r44="1"></containerEntry>
          <containerEntry r11="-0.1539934" r12="0.0011872316" r13="0.9880688" r14="0" r21="-0.22600983" r22="0.973445" r23="-0.03639382" r24="0" r31="-0.9618738" r32="-0.22891751" r33="-0.14963576" r34="0" r41="2685.1443" r42="67.790955" r43="-1888.6906" r44="1"></containerEntry>
          <containerEntry r11="0.08211771" r12="0.01669167" r13="0.996481" r14="0" r21="-0.3536722" r22="0.9352722" r23="0.013478264" r24="0" r31="-0.93175584" r32="-0.35353512" r33="0.082705915" r34="0" r41="2665.9924" r42="66.56626" r43="-1815.5912" r44="1"></containerEntry>
          <containerEntry r11="-0.39340526" r12="-0.00812532" r13="0.9193286" r14="0" r21="-0.3328306" r22="0.9333917" r23="-0.13417765" r24="0" r31="-0.85700345" r32="-0.35876712" r33="-0.36990553" r34="0" r41="2662.8525" r42="66.744316" r43="-1806.4802" r44="1"></containerEntry>
          <containerEntry r11="-0.6043964" r12="0.059470784" r13="0.794464" r14="0" r21="-0.21165074" r22="0.94939" r23="-0.23208326" r24="0" r31="-0.76805836" r32="-0.3084187" r33="-0.56122094" r34="0" r41="2668.0288" r42="67.07941" r43="-1856.9617" r44="1"></containerEntry>
          <containerEntry r11="0.29036567" r12="0.015561566" r13="0.95678836" r14="0" r21="-0.21141489" r22="0.9762031" r23="0.048282534" r24="0" r31="-0.93326837" r32="-0.21629909" r33="0.28674585" r34="0" r41="2671.5596" r42="66.72552" r43="-1866.8862" r44="1"></containerEntry>
          <containerEntry r11="-0.2576295" r12="-0.016365245" r13="0.96610636" r14="0" r21="-0.42641598" r22="0.8991503" r23="-0.098479986" r24="0" r31="-0.8670632" r32="-0.43733406" r33="-0.23862618" r34="0" r41="2644.1702" r42="91.76957" r43="-1858.5027" r44="1"></containerEntry>
          <containerEntry r11="-0.683457" r12="0.017044172" r13="0.7297908" r14="0" r21="-0.30379683" r22="0.90239984" r23="-0.3055846" r24="0" r31="-0.6637715" r32="-0.43056238" r33="-0.6115735" r34="0" r41="2646.051" r42="90.83977" r43="-1853.9114" r44="1"></containerEntry>
          <containerEntry r11="-0.80700916" r12="-0.01782129" r13="0.5902729" r14="0" r21="-0.13722605" r22="0.97784287" r23="-0.15808977" r24="0" r31="-0.5743768" r32="-0.20858036" r33="-0.79157376" r34="0" r41="2660.8027" r42="92.31176" r43="-1896.54" r44="1"></containerEntry>
          <containerEntry r11="-0.04056449" r12="0.11340354" r13="0.99271846" r14="0" r21="-0.3083657" r22="0.9436185" r23="-0.12039486" r24="0" r31="-0.9504007" r32="-0.31100374" r33="-0.0033076904" r34="0" r41="2686.061" r42="67.153076" r43="-1899.9803" r44="1"></containerEntry>
          <containerEntry r11="0.4114285" r12="0.14112648" r13="0.9004469" r14="0" r21="-0.34254885" r22="0.9394542" r23="0.009276047" r24="0" r31="-0.8446196" r32="-0.31226334" r33="0.43486097" r34="0" r41="2685.569" r42="66.890076" r43="-1909.3778" r44="1"></containerEntry>
          <containerEntry r11="-0.45147124" r12="0.0063640773" r13="0.8922611" r14="0" r21="-0.21100211" r22="0.97085166" r23="-0.1136889" r24="0" r31="-0.8669767" r32="-0.23959665" r33="-0.43696868" r34="0" r41="2659.2039" r42="69.988014" r43="-1843.0294" r44="1"></containerEntry>
          <containerEntry r11="-0.5213653" r12="0.020696325" r13="0.8530784" r14="0" r21="-0.37079012" r22="0.8949026" r23="-0.24832231" r24="0" r31="-0.7685615" r32="-0.44577995" r33="-0.45889705" r34="0" r41="2677.722" r42="67.417755" r43="-1873.682" r44="1"></containerEntry>
          <containerEntry r11="0.4580194" r12="0.043987297" r13="0.88785315" r14="0" r21="-0.28127226" r22="0.95463085" r23="0.09780504" r24="0" r31="-0.8432698" r32="-0.2945251" r33="0.44961184" r34="0" r41="2641.2183" r42="92.06864" r43="-1847.6462" r44="1"></containerEntry>
          <containerEntry r11="0.9822533" r12="-0.0035180151" r13="0.1875263" r14="0" r21="-0.102313444" r22="0.8279135" r23="0.5514448" r24="0" r31="-0.15719558" r32="-0.56084496" r33="0.81286085" r34="0" r41="2610.5857" r42="95.598274" r43="-1825.609" r44="1"></containerEntry>
          <containerEntry r11="0.7164991" r12="0.093056574" r13="-0.6913539" r14="0" r21="0.3154447" r22="0.8407281" r23="0.44008097" r24="0" r31="0.6221932" r32="-0.5334014" r33="0.5730268" r34="0" r41="2596.5354" r42="95.2657" r43="-1816.2686" r44="1"></containerEntry>
          <containerEntry r11="0.56582326" r12="0.12122947" r13="-0.81556654" r14="0" r21="0.37743765" r22="0.8413296" r23="0.38691837" r24="0" r31="0.7330663" r32="-0.5267527" r33="0.43028724" r34="0" r41="2590.5432" r42="95.06937" r43="-1809.777" r44="1"></containerEntry>
          <containerEntry r11="0.89982486" r12="0.075030655" r13="-0.42975095" r14="0" r21="0.21375737" r22="0.7829095" r23="0.5842612" r24="0" r31="0.38029364" r32="-0.6175951" r33="0.68844306" r34="0" r41="2562.7058" r42="95.4876" r43="-1796.9305" r44="1"></containerEntry>
          <containerEntry r11="-0.23023698" r12="-0.054975286" r13="0.9715752" r14="0" r21="-0.5330098" r22="0.84244555" r23="-0.078642726" r24="0" r31="-0.8141752" r32="-0.5359681" r33="-0.2232638" r34="0" r41="2576.562" r42="109.53933" r43="-1897.868" r44="1"></containerEntry>
          <containerEntry r11="-0.31123084" r12="0.083042786" r13="0.94670045" r14="0" r21="-0.416937" r22="0.8832518" r23="-0.21454623" r24="0" r31="-0.8539915" r32="-0.4614872" r33="-0.24027175" r34="0" r41="2618.4363" r42="95.43828" r43="-1840.2002" r44="1"></containerEntry>
        </property>
        <property name="colors" type="UInt32" container="DynamicArray" arraySize="35">
          <containerEntry>4294967295</containerEntry>
          <containerEntry>4294967295</containerEntry>
          <containerEntry>4294967295</containerEntry>
          <containerEntry>4294967295</containerEntry>
          <containerEntry>4294967295</containerEntry>
          <containerEntry>4294967295</containerEntry>
          <containerEntry>4294967295</containerEntry>
          <containerEntry>4294967295</containerEntry>
          <containerEntry>4294967295</containerEntry>
          <containerEntry>4294967295</containerEntry>
          <containerEntry>4294967295</containerEntry>
          <containerEntry>4294967295</containerEntry>
          <containerEntry>4294967295</containerEntry>
          <containerEntry>4294967295</containerEntry>
          <containerEntry>4294967295</containerEntry>
          <containerEntry>4294967295</containerEntry>
          <containerEntry>4294967295</containerEntry>
          <containerEntry>4294967295</containerEntry>
          <containerEntry>4294967295</containerEntry>
          <containerEntry>4294967295</containerEntry>
          <containerEntry>4294967295</containerEntry>
          <containerEntry>4294967295</containerEntry>
          <containerEntry>4294967295</containerEntry>
          <containerEntry>4294967295</containerEntry>
          <containerEntry>4294967295</containerEntry>
          <containerEntry>4294967295</containerEntry>
          <containerEntry>4294967295</containerEntry>
          <containerEntry>4294967295</containerEntry>
          <containerEntry>4294967295</containerEntry>
          <containerEntry>4294967295</containerEntry>
          <containerEntry>4294967295</containerEntry>
          <containerEntry>4294967295</containerEntry>
          <containerEntry>4294967295</containerEntry>
          <containerEntry>4294967295</containerEntry>
          <containerEntry>4294967295</containerEntry>
        </property>
      </staticProperties>
      <dynamicProperties></dynamicProperties>
    </entity>
    <entity class="StaticModelArray" classVersion="4" classID="0xD0" addr="0x330B0D0" id="0x0">
      <staticProperties>
        <property name="name" type="String" container="StaticArray" arraySize="1">
          <containerEntry>StaticModelArray0001</containerEntry>
        </property>
        <property name="dataSet" type="EntityHandle" container="StaticArray" arraySize="1">
          <containerEntry>0x317F5F0</containerEntry>
        </property>
        <property name="modelFile" type="FilePtr" container="StaticArray" arraySize="1">
          <containerEntry>/Assets/tpp/environ/object/middle_africa/cliff/mafr_clff003/scenes/mafr_clff003.fmdl</containerEntry>
        </property>
        <property name="geomFile" type="FilePtr" container="StaticArray" arraySize="1">
          <containerEntry>/Assets/tpp/environ/object/middle_africa/cliff/mafr_clff003/scenes/mafr_clff003.geom</containerEntry>
        </property>
        <property name="isVisibleGeom" type="Bool" container="StaticArray" arraySize="1">
          <containerEntry>false</containerEntry>
        </property>
        <property name="lodFarSize" type="Float" container="StaticArray" arraySize="1">
          <containerEntry>-1</containerEntry>
        </property>
        <property name="lodNearSize" type="Float" container="StaticArray" arraySize="1">
          <containerEntry>-1</containerEntry>
        </property>
        <property name="lodPolygonSize" type="Float" container="StaticArray" arraySize="1">
          <containerEntry>-1</containerEntry>
        </property>
        <property name="drawRejectionLevel" type="Int32" container="StaticArray" arraySize="1">
          <containerEntry>8</containerEntry>
        </property>
        <property name="drawMode" type="Int32" container="StaticArray" arraySize="1">
          <containerEntry>0</containerEntry>
        </property>
        <property name="rejectFarRangeShadowCast" type="Int32" container="StaticArray" arraySize="1">
          <containerEntry>2</containerEntry>
        </property>
        <property name="parentLocator" type="EntityLink" container="StaticArray" arraySize="1">
          <containerEntry packagePathHash="0xB8A0BF169F98" archivePathHash="0xB8A0BF169F98" nameInArchiveHash="0xB8A0BF169F98">0x0</containerEntry>
        </property>
        <property name="transforms" type="Matrix4" container="DynamicArray" arraySize="5">
          <containerEntry r11="1.0427355" r12="0.071080446" r13="-0.5896192" r14="0" r21="-0.06857904" r22="0.99764514" r23="-0.001012072" r24="0" r31="0.49013233" r32="0.034575675" r33="0.8709621" r34="0" r41="2588.9329" r42="112.64602" r43="-1885.4225" r44="1"></containerEntry>
          <containerEntry r11="0.7071074" r12="0" r13="-0.70710635" r14="0" r21="0" r22="1" r23="0" r24="0" r31="0.70710635" r32="0" r33="0.7071074" r34="0" r41="2624.5186" r42="96.265656" r43="-1833.3286" r44="1"></containerEntry>
          <containerEntry r11="0.43015525" r12="0" r13="-1.0005832" r14="0" r21="0" r22="1" r23="0" r24="0" r31="0.9187012" r32="0" r33="0.3949538" r34="0" r41="2656.5208" r42="93.020325" r43="-1890.1475" r44="1"></containerEntry>
          <containerEntry r11="0.91617286" r12="0" r13="-0.40078333" r14="0" r21="0" r22="1" r23="0" r24="0" r31="0.40078333" r32="0" r33="0.91617286" r34="0" r41="2619.8032" r42="84.63414" r43="-1810.8013" r44="1"></containerEntry>
          <containerEntry r11="0.9429922" r12="0" r13="-0.33281487" r14="0" r21="0" r22="1" r23="0" r24="0" r31="0.33281487" r32="0" r33="0.9429922" r34="0" r41="2640.1594" r42="113.98879" r43="-1916.9142" r44="1"></containerEntry>
        </property>
        <property name="colors" type="UInt32" container="DynamicArray" arraySize="5">
          <containerEntry>4294967295</containerEntry>
          <containerEntry>4294967295</containerEntry>
          <containerEntry>4294967295</containerEntry>
          <containerEntry>4294967295</containerEntry>
          <containerEntry>4294967295</containerEntry>
        </property>
      </staticProperties>
      <dynamicProperties></dynamicProperties>
    </entity>
    <entity class="StaticModelArrayLinkTarget" classVersion="0" classID="0x48" addr="0x330B3E0" id="0x0">
      <staticProperties>
        <property name="name" type="String" container="StaticArray" arraySize="1">
          <containerEntry>mafr_clff003_0001</containerEntry>
        </property>
        <property name="dataSet" type="EntityHandle" container="StaticArray" arraySize="1">
          <containerEntry>0x317F5F0</containerEntry>
        </property>
        <property name="staticModelArray" type="EntityHandle" container="StaticArray" arraySize="1">
          <containerEntry>0x330B0D0</containerEntry>
        </property>
        <property name="arrayIndex" type="UInt32" container="StaticArray" arraySize="1">
          <containerEntry>1</containerEntry>
        </property>
      </staticProperties>
      <dynamicProperties></dynamicProperties>
    </entity>
    <entity class="StaticModelArrayLinkTarget" classVersion="0" classID="0x48" addr="0x330B450" id="0x0">
      <staticProperties>
        <property name="name" type="String" container="StaticArray" arraySize="1">
          <containerEntry>mafr_clff003_0002</containerEntry>
        </property>
        <property name="dataSet" type="EntityHandle" container="StaticArray" arraySize="1">
          <containerEntry>0x317F5F0</containerEntry>
        </property>
        <property name="staticModelArray" type="EntityHandle" container="StaticArray" arraySize="1">
          <containerEntry>0x330B0D0</containerEntry>
        </property>
        <property name="arrayIndex" type="UInt32" container="StaticArray" arraySize="1">
          <containerEntry>2</containerEntry>
        </property>
      </staticProperties>
      <dynamicProperties></dynamicProperties>
    </entity>
    <entity class="StaticModelArrayLinkTarget" classVersion="0" classID="0x48" addr="0x330AF80" id="0x0">
      <staticProperties>
        <property name="name" type="String" container="StaticArray" arraySize="1">
          <containerEntry>mafr_clff003_0004</containerEntry>
        </property>
        <property name="dataSet" type="EntityHandle" container="StaticArray" arraySize="1">
          <containerEntry>0x317F5F0</containerEntry>
        </property>
        <property name="staticModelArray" type="EntityHandle" container="StaticArray" arraySize="1">
          <containerEntry>0x330B0D0</containerEntry>
        </property>
        <property name="arrayIndex" type="UInt32" container="StaticArray" arraySize="1">
          <containerEntry>4</containerEntry>
