<fox formatVersion="2" fileVersion="0">
  <entities>
    <entity class="DataSet" classVersion="0" classID="0xE8" addr="0x32FA960" id="0x1D3EEFD">
      <staticProperties>
        <property name="name" type="String" container="StaticArray" arraySize="1">
          <containerEntry hash="0xB8A0BF169F98"></containerEntry>
        </property>
        <property name="dataSet" type="EntityHandle" container="StaticArray" arraySize="1">
          <containerEntry>0x0</containerEntry>
        </property>
        <property name="dataList" type="EntityPtr" container="StringMap" arraySize="3">
          <containerEntry key="StaticModelArray0000">
            <data>0x32F4D80</data>
          </containerEntry>
          <containerEntry key="StaticModelArray0001">
            <data>0x32F4E60</data>
          </containerEntry>
          <containerEntry key="TexturePackLoadConditioner0000">
            <data>0x32F6130</data>
          </containerEntry>
        </property>
      </staticProperties>
      <dynamicProperties></dynamicProperties>
    </entity>
    <entity class="StaticModelArray" classVersion="4" classID="0xD0" addr="0x32F4D80" id="0x0">
      <staticProperties>
        <property name="name" type="String" container="StaticArray" arraySize="1">
          <containerEntry>StaticModelArray0000</containerEntry>
        </property>
        <property name="dataSet" type="EntityHandle" container="StaticArray" arraySize="1">
          <containerEntry>0x32FA960</containerEntry>
        </property>
        <property name="modelFile" type="FilePtr" container="StaticArray" arraySize="1">
          <containerEntry>/Assets/tpp/environ/object/guantanamo/pallet/gntn_pllt002/scenes/gntn_pllt002_vrtn001.fmdl</containerEntry>
        </property>
        <property name="geomFile" type="FilePtr" container="StaticArray" arraySize="1">
          <containerEntry>/Assets/tpp/environ/object/guantanamo/pallet/gntn_pllt002/scenes/gntn_pllt002_vrtn001.geom</containerEntry>
        </property>
        <property name="isVisibleGeom" type="Bool" container="StaticArray" arraySize="1">
          <containerEntry>false</containerEntry>
        </property>
        <property name="lodFarSize" type="Float" container="StaticArray" arraySize="1">
          <containerEntry>-1</containerEntry>
        </property>
        <property name="lodNearSize" type="Float" container="StaticArray" arraySize="1">
          <containerEntry>-1</containerEntry>
        </property>
        <property name="lodPolygonSize" type="Float" container="StaticArray" arraySize="1">
          <containerEntry>-1</containerEntry>
        </property>
        <property name="drawRejectionLevel" type="Int32" container="StaticArray" arraySize="1">
          <containerEntry>2</containerEntry>
        </property>
        <property name="drawMode" type="Int32" container="StaticArray" arraySize="1">
          <containerEntry>0</containerEntry>
        </property>
        <property name="rejectFarRangeShadowCast" type="Int32" container="StaticArray" arraySize="1">
          <containerEntry>2</containerEntry>
        </property>
        <property name="parentLocator" type="EntityLink" container="StaticArray" arraySize="1">
          <containerEntry packagePathHash="0xB8A0BF169F98" archivePathHash="0xB8A0BF169F98" nameInArchiveHash="0xB8A0BF169F98">0x0</containerEntry>
        </property>
        <property name="transforms" type="Matrix4" container="DynamicArray" arraySize="13">
          <containerEntry r11="-0.030611083" r12="-1.2313137" r13="0.21313992" r14="0" r21="-0.32088625" r22="0.2138006" r23="1.1890417" r24="0" r31="-1.2077225" r32="-0.025596209" r33="-0.32132477" r34="0" r41="-699.9907" r42="-11.536794" r43="1073.3278" r44="1"></containerEntry>
          <containerEntry r11="-0.96200836" r12="-0.009185672" r13="-0.27286214" r14="0" r21="-0.2642484" r22="0.28258404" r23="0.92212707" r24="0" r31="0.06863603" r32="0.9591982" r33="-0.2742749" r34="0" r41="-698.6468" r42="-12.07383" r43="1066.1039" r44="1"></containerEntry>
          <containerEntry r11="-0.16007198" r12="-0.028777169" r13="-0.98668617" r14="0" r21="0.031234482" r22="0.99892676" r23="-0.034201402" r24="0" r31="0.9866114" r32="-0.036293294" r33="-0.15900135" r34="0" r41="-640.64514" r42="-18.855715" r43="1062.4247" r44="1"></containerEntry>
          <containerEntry r11="-0.9649152" r12="-0.0018967986" r13="0.26256076" r14="0" r21="-0.25633976" r22="0.22330627" r23="-0.940439" r24="0" r31="-0.056847803" r32="-0.9747472" r33="-0.21595907" r34="0" r41="-706.92706" r42="-20.394228" r43="1038.147" r44="1"></containerEntry>
          <containerEntry r11="0.9254916" r12="-0.0021230616" r13="0.21438491" r14="0" r21="-0.21226414" r22="0.124538995" r23="0.9175697" r24="0" r31="-0.030155119" r32="-0.94179916" r33="0.120851696" r34="0" r41="-690.08685" r42="-12.229719" r43="1065.0315" r44="1"></containerEntry>
          <containerEntry r11="0.768937" r12="-0.027674628" r13="-0.6387268" r14="0" r21="0.031708945" r22="0.99946296" r23="-0.0051314323" r24="0" r31="0.63853914" r32="-0.016307946" r33="0.76941776" r34="0" r41="-672.93304" r42="-16.052582" r43="1073.2495" r44="1"></containerEntry>
          <containerEntry r11="0.7688824" r12="-0.052763402" r13="-0.63721097" r14="0" r21="0.020778667" r22="0.998104" r23="-0.05757435" r24="0" r31="0.63905406" r32="0.031028163" r33="0.768537" r34="0" r41="-680.45044" r42="-15.838135" r43="1077.5804" r44="1"></containerEntry>
          <containerEntry r11="0.99951553" r12="0.031101452" r13="0.0011796155" r14="0" r21="-0.031123815" r22="0.9987974" r23="0.03788141" r24="0" r31="-2.9336661e-08" r32="-0.037899777" r33="0.9992815" r34="0" r41="-653.5983" r42="-20.075378" r43="1076.7886" r44="1"></containerEntry>
          <containerEntry r11="0.30088848" r12="0.03610544" r13="-0.95297533" r14="0" r21="-0.058145635" r22="0.99811846" r23="0.019457128" r24="0" r31="0.9518848" r32="0.04955696" r33="0.3024217" r34="0" r41="-655.31573" r42="-20.212608" r43="1076.6461" r44="1"></containerEntry>
          <containerEntry r11="0.5706573" r12="0.011932445" r13="0.56054217" r14="0" r21="-0.054234024" r22="0.79724294" r23="0.038241457" r24="0" r31="-0.5580399" r32="-0.06527906" r33="0.56949955" r34="0" r41="-605.7221" r42="-18.017143" r43="1093.4692" r44="1"></containerEntry>
          <containerEntry r11="-0.046140727" r12="-1.0795906" r13="0.20580721" r14="0" r21="-0.23242101" r22="0.21091415" r23="1.0542754" r24="0" r31="-1.0741754" r32="0.00073691906" r33="-0.23695599" r34="0" r41="-691.26666" r42="-12.141569" r43="1064.7694" r44="1"></containerEntry>
          <containerEntry r11="0.06805606" r12="-1.0895633" r13="-0.13498175" r14="0" r21="0.25660908" r22="-0.11570881" r23="1.0633733" r24="0" r31="-1.067483" r32="-0.09727856" r33="0.24701577" r34="0" r41="-668.3205" r42="-14.616939" r43="1080.0687" r44="1"></containerEntry>
          <containerEntry r11="0.89466274" r12="0.09786989" r13="-5.775131e-07" r14="0" r21="-0.09756127" r22="0.89184123" r23="-0.07142145" r24="0" r31="-0.0077661015" r32="0.07099797" r33="0.8971616" r34="0" r41="-666.9443" r42="-15.374961" r43="1076.7565" r44="1"></containerEntry>
        </property>
        <property name="colors" type="UInt32" container="DynamicArray" arraySize="13">
          <containerEntry>4294967295</containerEntry>
          <containerEntry>4294967295</containerEntry>
          <containerEntry>4294967295</containerEntry>
          <containerEntry>4294967295</containerEntry>
          <containerEntry>4294967295</containerEntry>
          <containerEntry>4294967295</containerEntry>
          <containerEntry>4294967295</containerEntry>
          <containerEntry>4294967295</containerEntry>
          <containerEntry>4294967295</containerEntry>
          <containerEntry>4294967295</containerEntry>
          <containerEntry>4294967295</containerEntry>
          <containerEntry>4294967295</containerEntry>
          <containerEntry>4294967295</containerEntry>
        </property>
      </staticProperties>
      <dynamicProperties></dynamicProperties>
    </entity>
    <entity class="StaticModelArray" classVersion="4" classID="0xD0" addr="0x32F4E60" id="0x0">
      <staticProperties>
        <property name="name" type="String" container="StaticArray" arraySize="1">
          <containerEntry>StaticModelArray0001</containerEntry>
        </property>
        <property name="dataSet" type="EntityHandle" container="StaticArray" arraySize="1">
          <containerEntry>0x32FA960</containerEntry>
        </property>
        <property name="modelFile" type="FilePtr" container="StaticArray" arraySize="1">
          <containerEntry>/Assets/tpp/environ/object/middle_africa/mud/mafr_mudd003/scenes/mafr_mudd003.fmdl</containerEntry>
        </property>
        <property name="geomFile" type="FilePtr" container="StaticArray" arraySize="1">
          <containerEntry>/Assets/tpp/environ/object/middle_africa/mud/mafr_mudd003/scenes/mafr_mudd003.geom</containerEntry>
        </property>
        <property name="isVisibleGeom" type="Bool" container="StaticArray" arraySize="1">
          <containerEntry>false</containerEntry>
        </property>
        <property name="lodFarSize" type="Float" container="StaticArray" arraySize="1">
          <containerEntry>-1</containerEntry>
        </property>
        <property name="lodNearSize" type="Float" container="StaticArray" arraySize="1">
          <containerEntry>-1</containerEntry>
        </property>
        <property name="lodPolygonSize" type="Float" container="StaticArray" arraySize="1">
          <containerEntry>-1</containerEntry>
        </property>
        <property name="drawRejectionLevel" type="Int32" container="StaticArray" arraySize="1">
          <containerEntry>3</containerEntry>
        </property>
        <property name="drawMode" type="Int32" container="StaticArray" arraySize="1">
          <containerEntry>0</containerEntry>
        </property>
        <property name="rejectFarRangeShadowCast" type="Int32" container="StaticArray" arraySize="1">
          <containerEntry>2</containerEntry>
        </property>
        <property name="parentLocator" type="EntityLink" container="StaticArray" arraySize="1">
          <containerEntry packagePathHash="0xB8A0BF169F98" archivePathHash="0xB8A0BF169F98" nameInArchiveHash="0xB8A0BF169F98">0x0</containerEntry>
        </property>
        <property name="transforms" type="Matrix4" container="DynamicArray" arraySize="35">
          <containerEntry r11="-0.6923996" r12="-0.03592252" r13="-0.7206191" r14="0" r21="-0.017857453" r22="0.9993071" r23="-0.032656822" r24="0" r31="0.72129285" r32="-0.009743155" r33="-0.6925613" r34="0" r41="-671.80597" r42="-21.656033" r43="1087.7435" r44="1"></containerEntry>
          <containerEntry r11="-0.45437044" r12="0.012052111" r13="-0.8907309" r14="0" r21="-0.07869829" r22="0.99545574" r23="0.05361387" r24="0" r31="0.8873294" r32="0.09445959" r33="-0.4513572" r34="0" r41="-660.3599" r42="-18.849384" r43="1027.0364" r44="1"></containerEntry>
          <containerEntry r11="-0.011726234" r12="0.1645364" r13="-0.9862991" r14="0" r21="-0.121374175" r22="0.97884136" r23="0.16473524" r24="0" r31="0.9925354" r32="0.12164359" r33="0.00849241" r34="0" r41="-640.0065" r42="-20.986609" r43="1098.3865" r44="1"></containerEntry>
          <containerEntry r11="0.9998195" r12="0" r13="0.018891111" r14="0" r21="0" r22="1" r23="0" r24="0" r31="-0.018891111" r32="0" r33="0.9998195" r34="0" r41="-651.1847" r42="-22.031223" r43="1100.8662" r44="1"></containerEntry>
          <containerEntry r11="-0.749625" r12="0" r13="-0.02369104" r14="0" r21="0" r22="0.75" r23="0" r24="0" r31="0.02369104" r32="0" r33="-0.749625" r34="0" r41="-659.28613" r42="-21.864529" r43="1098.036" r44="1"></containerEntry>
          <containerEntry r11="1.0506905" r12="0" r13="0.6771625" r14="0" r21="0" r22="1.25" r23="0" r24="0" r31="-0.6771625" r32="0" r33="1.0506905" r34="0" r41="-713.3796" r42="-21.683546" r43="1065.2224" r44="1"></containerEntry>
          <containerEntry r11="-0.749625" r12="0" r13="-0.02369104" r14="0" r21="0" r22="0.75" r23="0" r24="0" r31="0.02369104" r32="0" r33="-0.749625" r34="0" r41="-665.7383" r42="-21.720537" r43="1081.31" r44="1"></containerEntry>
          <containerEntry r11="0.9683799" r12="0" r13="-0.24948002" r14="0" r21="0" r22="1" r23="0" r24="0" r31="0.24948002" r32="0" r33="0.9683799" r34="0" r41="-670.9572" r42="-22.031223" r43="1080.8433" r44="1"></containerEntry>
          <containerEntry r11="-0.585822" r12="0.0017148592" r13="0.81043375" r14="0" r21="0.03610317" r22="0.9990603" r23="0.023983285" r24="0" r31="-0.809631" r32="0.04330931" r33="-0.58533335" r34="0" r41="-644.26526" r42="-18.92316" r43="1042.4371" r44="1"></containerEntry>
          <containerEntry r11="1.2494184" r12="0.029761903" r13="0.023827832" r14="0" r21="-0.03013423" r22="1.2494855" r23="0.019439388" r24="0" r31="-0.023355182" r32="-0.020004772" r33="1.2496216" r34="0" r41="-728.819" r42="-21.921131" r43="1062.2277" r44="1"></containerEntry>
          <containerEntry r11="0.82428324" r12="0.087077975" r13="-0.5594411" r14="0" r21="-0.078084916" r22="0.99614394" r23="0.040000807" r24="0" r31="0.56076705" r32="0.0107119465" r33="0.8279042" r34="0" r41="-730.23737" r42="-21.466578" r43="1028.8743" r44="1"></containerEntry>
          <containerEntry r11="-0.9651332" r12="0" r13="0.26176006" r14="0" r21="0" r22="1" r23="0" r24="0" r31="-0.26176006" r32="0" r33="-0.9651332" r34="0" r41="-728.55676" r42="-21.792353" r43="1038.7272" r44="1"></containerEntry>
          <containerEntry r11="-0.71471477" r12="0.012472515" r13="-0.69930047" r14="0" r21="-0.033602063" r22="0.9980741" r23="0.052144084" r24="0" r31="0.69860405" r32="0.060766086" r33="-0.7129192" r34="0" r41="-715.6182" r42="-21.237806" r43="1037.6658" r44="1"></containerEntry>
          <containerEntry r11="-0.12136388" r12="0" r13="-0.9926085" r14="0" r21="0" r22="1" r23="0" r24="0" r31="0.9926085" r32="0" r33="-0.12136388" r34="0" r41="-744.5634" r42="-22.062994" r43="1032.4423" r44="1"></containerEntry>
          <containerEntry r11="-0.96260643" r12="-0.02743578" r13="-0.26949716" r14="0" r21="-0.017847605" r22="0.99911964" r23="-0.03796474" r24="0" r31="0.27030152" r32="-0.031735253" r33="-0.9622487" r34="0" r41="-717.44965" r42="-21.22214" r43="1034.0697" r44="1"></containerEntry>
          <containerEntry r11="-0.4292009" r12="-0.04765073" r13="-0.90194947" r14="0" r21="-0.12794048" r22="0.99174553" r23="0.008487139" r24="0" r31="0.8940999" r32="0.11903867" r33="-0.43175453" r34="0" r41="-685.01855" r42="-21.92549" r43="1059.0786" r44="1"></containerEntry>
          <containerEntry r11="0.9940327" r12="0" r13="0.1090829" r14="0" r21="0" r22="1" r23="0" r24="0" r31="-0.1090829" r32="0" r33="0.9940327" r34="0" r41="-695.152" r42="-21.69636" r43="1053.5704" r44="1"></containerEntry>
          <containerEntry r11="0.9432438" r12="0" r13="-0.33210114" r14="0" r21="0" r22="1" r23="0" r24="0" r31="0.33210114" r32="0" r33="0.9432438" r34="0" r41="-702.9732" r42="-21.91869" r43="1050.0253" r44="1"></containerEntry>
          <containerEntry r11="0.2822422" r12="0" r13="0.979407" r14="0" r21="0" r22="1" r23="0" r24="0" r31="-1.1051172" r32="0" r33="0.31846896" r34="0" r41="-707.3946" r42="-21.996853" r43="1053.2794" r44="1"></containerEntry>
          <containerEntry r11="0.06350242" r12="0" r13="0.99797857" r14="0" r21="0" r22="1" r23="0" r24="0" r31="-0.99797857" r32="0" r33="0.06350242" r34="0" r41="-661.9656" r42="-22.031223" r43="1101.3162" r44="1"></containerEntry>
          <containerEntry r11="-0.974091" r12="-0.059075616" r13="0.21829784" r14="0" r21="-0.046050355" r22="0.9968685" r23="0.06428514" r24="0" r31="-0.22141191" r32="0.05256696" r33="-0.973761" r34="0" r41="-651.6273" r42="-20.658848" r43="1083.2776" r44="1"></containerEntry>
          <containerEntry r11="-0.749625" r12="0" r13="-0.02369104" r14="0" r21="0" r22="0.75" r23="0" r24="0" r31="0.02369104" r32="0" r33="-0.749625" r34="0" r41="-734.802" r42="-22.162642" r43="1043.1661" r44="1"></containerEntry>
          <containerEntry r11="-0.5581416" r12="0" r13="1.1184711" r14="0" r21="0" r22="1.25" r23="0" r24="0" r31="-1.1184711" r32="0" r33="-0.5581416" r34="0" r41="-722.7985" r42="-21.803" r43="1056.5435" r44="1"></containerEntry>
          <containerEntry r11="0.28219178" r12="0.03692507" r13="-0.95864564" r14="0" r21="-0.03221213" r22="0.9990603" r23="0.028999623" r24="0" r31="0.95881563" r32="0.022696663" r33="0.28311604" r34="0" r41="-648.09467" r42="-19.347094" r43="1053.739" r44="1"></containerEntry>
          <containerEntry r11="0.7080597" r12="0" r13="-0.2472882" r14="0" r21="0" r22="0.75" r23="0" r24="0" r31="0.2472882" r32="0" r33="0.7080597" r34="0" r41="-723.71344" r42="-21.74455" r43="1041.3651" r44="1"></containerEntry>
          <containerEntry r11="-0.11949265" r12="0" r13="0.99283487" r14="0" r21="0" r22="1" r23="0" r24="0" r31="-0.99283487" r32="0" r33="-0.11949265" r34="0" r41="-720.75226" r42="-21.757051" r43="1026.946" r44="1"></containerEntry>
          <containerEntry r11="0.93149704" r12="0" r13="0.36374313" r14="0" r21="0" r22="1" r23="0" r24="0" r31="-0.36374313" r32="0" r33="0.93149704" r34="0" r41="-646.1388" r42="-22.031223" r43="1112.0697" r44="1"></containerEntry>
          <containerEntry r11="0.08962661" r12="0.027467959" r13="-0.9955962" r14="0" r21="-0.09295057" r22="0.9954876" r23="0.019097298" r24="0" r31="0.99162817" r32="0.090829656" r33="0.09177536" r34="0" r41="-642.40485" r42="-20.38731" r43="1089.4938" r44="1"></containerEntry>
          <containerEntry r11="0.85388035" r12="0.042588186" r13="-0.51872337" r14="0" r21="-0.032211933" r22="0.9990602" r23="0.029000044" r24="0" r31="0.51947093" r32="-0.008053434" r33="0.85444975" r34="0" r41="-641.6755" r42="-19.47532" r43="1064.2356" r44="1"></containerEntry>
          <containerEntry r11="-0.5823508" r12="-0.042341698" r13="0.81182945" r14="0" r21="0.017677225" r22="0.99774694" r23="0.064718746" r24="0" r31="-0.8127407" r32="0.052040186" r33="-0.58029026" r34="0" r41="-641.61365" r42="-19.28895" r43="1057.8252" r44="1"></containerEntry>
          <containerEntry r11="0.72218555" r12="0.033618584" r13="0.6908814" r14="0" r21="-0.1730267" r22="0.97584385" r23="0.1333813" r24="0" r31="-0.66970813" r32="-0.2158671" r33="0.7105572" r34="0" r41="-662.11536" r42="-19.626629" r43="1032.8036" r44="1"></containerEntry>
          <containerEntry r11="-0.9392744" r12="-0.07908532" r13="-0.3339146" r14="0" r21="-0.087705195" r22="0.99608797" r23="0.010792382" r24="0" r31="0.33175483" r32="0.039423186" r33="-0.9425361" r34="0" r41="-646.8922" r42="-21.548973" r43="1146.5271" r44="1"></containerEntry>
          <containerEntry r11="0.10822234" r12="-0.1240111" r13="-0.9863577" r14="0" r21="-0.17424443" r22="0.97446346" r23="-0.14163232" r24="0" r31="0.9787334" r32="0.1871953" r33="0.0838505" r34="0" r41="-641.1643" r42="-21.623438" r43="1132.036" r44="1"></containerEntry>
          <containerEntry r11="1.2493763" r12="0.03796995" r13="0.010820605" r14="0" r21="-0.038262744" r22="1.2489115" r23="0.035437647" r24="0" r31="-0.009734729" r32="-0.035751186" r33="1.2494507" r34="0" r41="-737.18085" r42="-22.24045" r43="1061.2473" r44="1"></containerEntry>
          <containerEntry r11="0.8264009" r12="0.069540985" r13="-0.55877054" r14="0" r21="-0.060754795" r22="0.99756336" r23="0.034296185" r24="0" r31="0.55979395" r32="0.0056057293" r33="0.8286122" r34="0" r41="-647.7498" r42="-20.136763" r43="1075.5715" r44="1"></containerEntry>
        </property>
        <property name="colors" type="UInt32" container="DynamicArray" arraySize="35">
          <containerEntry>4294967295</containerEntry>
          <containerEntry>4294967295</containerEntry>
          <containerEntry>4294967295</containerEntry>
          <containerEntry>4294967295</containerEntry>
          <containerEntry>4294967295</containerEntry>
          <containerEntry>4294967295</containerEntry>
          <containerEntry>4294967295</containerEntry>
          <containerEntry>4294967295</containerEntry>
          <containerEntry>4294967295</containerEntry>
          <containerEntry>4294967295</containerEntry>
          <containerEntry>4294967295</containerEntry>
          <containerEntry>4294967295</containerEntry>
          <containerEntry>4294967295</containerEntry>
          <containerEntry>4294967295</containerEntry>
          <containerEntry>4294967295</containerEntry>
          <containerEntry>4294967295</containerEntry>
          <containerEntry>4294967295</containerEntry>
          <containerEntry>4294967295</containerEntry>
          <containerEntry>4294967295</containerEntry>
          <containerEntry>4294967295</containerEntry>
          <containerEntry>4294967295</containerEntry>
          <containerEntry>4294967295</containerEntry>
          <containerEntry>4294967295</containerEntry>
          <containerEntry>4294967295</containerEntry>
          <containerEntry>4294967295</containerEntry>
          <containerEntry>4294967295</containerEntry>
          <containerEntry>4294967295</containerEntry>
          <containerEntry>4294967295</containerEntry>
          <containerEntry>4294967295</containerEntry>
          <containerEntry>4294967295</containerEntry>
          <containerEntry>4294967295</containerEntry>
          <containerEntry>4294967295</containerEntry>
          <containerEntry>4294967295</containerEntry>
          <containerEntry>4294967295</containerEntry>
          <containerEntry>4294967295</containerEntry>
        </property>
      </staticProperties>
      <dynamicProperties></dynamicProperties>
    </entity>
    <entity class="TexturePackLoadConditioner" classVersion="0" classID="0x48" addr="0x32F6130" id="0x0">
      <staticProperties>
        <property name="name" type="String" container="StaticArray" arraySize="1">
          <containerEntry>TexturePackLoadConditioner0000</containerEntry>
        </property>
        <property name="dataSet" type="EntityHandle" container="StaticArray" arraySize="1">
          <containerEntry>0x32FA960</containerEntry>
        </property>
        <property name="texturePackPath" type="Path" container="StaticArray" arraySize="1">
          <containerEntry hash="0xB8A0BF169F98"></containerEntry>
        </property>
      </staticProperties>
      <dynamicProperties></dynamicProperties>
    </entity>
  </entities>
</fox>