<fox formatVersion="2" fileVersion="0">
  <entities>
    <entity class="DataSet" classVersion="0" classID="0xE8" addr="0x2EF6130" id="0xEC214">
      <staticProperties>
        <property name="name" type="String" container="StaticArray" arraySize="1">
          <containerEntry hash="0xB8A0BF169F98"></containerEntry>
        </property>
        <property name="dataSet" type="EntityHandle" container="StaticArray" arraySize="1">
          <containerEntry>0x0</containerEntry>
        </property>
        <property name="dataList" type="EntityPtr" container="StringMap" arraySize="7">
          <containerEntry key="StaticModelArray0000">
            <data>0x2D7AA40</data>
          </containerEntry>
          <containerEntry key="StaticModelArray0001">
            <data>0x2D7AB20</data>
          </containerEntry>
          <containerEntry key="StaticModelArray0002">
            <data>0x2D7AAB0</data>
          </containerEntry>
          <containerEntry key="StaticModelArray0003">
            <data>0x2D7AB90</data>
          </containerEntry>
          <containerEntry key="StaticModelArray0004">
            <data>0x2D7A8F0</data>
          </containerEntry>
          <containerEntry key="StaticModelArray0005">
            <data>0x2D7A570</data>
          </containerEntry>
          <containerEntry key="TexturePackLoadConditioner0000">
            <data>0x2D77CC0</data>
          </containerEntry>
        </property>
      </staticProperties>
      <dynamicProperties></dynamicProperties>
    </entity>
    <entity class="StaticModelArray" classVersion="4" classID="0xD0" addr="0x2D7AA40" id="0x0">
      <staticProperties>
        <property name="name" type="String" container="StaticArray" arraySize="1">
          <containerEntry>StaticModelArray0000</containerEntry>
        </property>
        <property name="dataSet" type="EntityHandle" container="StaticArray" arraySize="1">
          <containerEntry>0x2EF6130</containerEntry>
        </property>
        <property name="modelFile" type="FilePtr" container="StaticArray" arraySize="1">
          <containerEntry>/Assets/tpp/environ/object/middle_africa/clod/mafr_clod001/scenes/mafr_clod001.fmdl</containerEntry>
        </property>
        <property name="geomFile" type="FilePtr" container="StaticArray" arraySize="1">
          <containerEntry>/Assets/tpp/environ/object/middle_africa/clod/mafr_clod001/scenes/mafr_clod001.geom</containerEntry>
        </property>
        <property name="isVisibleGeom" type="Bool" container="StaticArray" arraySize="1">
          <containerEntry>false</containerEntry>
        </property>
        <property name="lodFarSize" type="Float" container="StaticArray" arraySize="1">
          <containerEntry>-1</containerEntry>
        </property>
        <property name="lodNearSize" type="Float" container="StaticArray" arraySize="1">
          <containerEntry>-1</containerEntry>
        </property>
        <property name="lodPolygonSize" type="Float" container="StaticArray" arraySize="1">
          <containerEntry>-1</containerEntry>
        </property>
        <property name="drawRejectionLevel" type="Int32" container="StaticArray" arraySize="1">
          <containerEntry>8</containerEntry>
        </property>
        <property name="drawMode" type="Int32" container="StaticArray" arraySize="1">
          <containerEntry>0</containerEntry>
        </property>
        <property name="rejectFarRangeShadowCast" type="Int32" container="StaticArray" arraySize="1">
          <containerEntry>2</containerEntry>
        </property>
        <property name="parentLocator" type="EntityLink" container="StaticArray" arraySize="1">
          <containerEntry packagePathHash="0xB8A0BF169F98" archivePathHash="0xB8A0BF169F98" nameInArchiveHash="0xB8A0BF169F98">0x0</containerEntry>
        </property>
        <property name="transforms" type="Matrix4" container="DynamicArray" arraySize="10">
          <containerEntry r11="0.97327507" r12="0.018463748" r13="0.22889896" r14="0" r21="-0.024927044" r22="0.9993671" r23="0.025377175" r24="0" r31="-0.22828554" r32="-0.030404745" r33="0.9731194" r34="0" r41="2487.1758" r42="-9.242683" r43="1537.8977" r44="1"></containerEntry>
          <containerEntry r11="0.97601235" r12="0.018464735" r13="-0.21693061" r14="0" r21="-0.011418467" r22="0.99936706" r23="0.0336904" r24="0" r31="0.2174154" r32="-0.03040523" r33="0.9756054" r34="0" r41="2517.898" r42="-8.921799" r43="1547.9335" r44="1"></containerEntry>
          <containerEntry r11="-0.84328365" r12="0.018464148" r13="0.5371489" r14="0" r21="-0.00077185873" r22="0.9993671" r23="-0.035564333" r24="0" r31="-0.53746563" r32="-0.030405475" r33="-0.84273565" r34="0" r41="2537.0532" r42="-8.552594" r43="1555.3607" r44="1"></containerEntry>
          <containerEntry r11="-0.6853672" r12="0" r13="0.7281952" r14="0" r21="0" r22="1" r23="0" r24="0" r31="-0.7281952" r32="0" r33="-0.6853672" r34="0" r41="2550.8904" r42="-8.008787" r43="1564.9701" r44="1"></containerEntry>
          <containerEntry r11="0.2903831" r12="0" r13="0.95691025" r14="0" r21="0" r22="1" r23="0" r24="0" r31="-0.95691025" r32="0" r33="0.2903831" r34="0" r41="2549.3506" r42="-8.008787" r43="1571.5857" r44="1"></containerEntry>
          <containerEntry r11="0.9673955" r12="0.018462915" r13="-0.2525966" r14="0" r21="-0.010172894" r22="0.9993671" r23="0.03408603" r24="0" r31="0.25306603" r32="-0.030405033" r33="0.9669711" r34="0" r41="2469.427" r42="-10.359076" r43="1566.555" r44="1"></containerEntry>
          <containerEntry r11="0.54571503" r12="0.018463098" r13="0.837767" r14="0" r21="-0.035554428" r22="0.99936706" r23="0.0011353567" r24="0" r31="-0.8372158" r32="-0.030405927" r33="0.5460261" r34="0" r41="2464.791" r42="-10.359076" r43="1562.5469" r44="1"></containerEntry>
          <containerEntry r11="0.9673955" r12="0.018462915" r13="-0.2525966" r14="0" r21="-0.010172894" r22="0.9993671" r23="0.03408603" r24="0" r31="0.25306603" r32="-0.030405033" r33="0.9669711" r34="0" r41="2545.8665" r42="-8.959993" r43="1617.3212" r44="1"></containerEntry>
          <containerEntry r11="0.54571503" r12="0.018463098" r13="0.837767" r14="0" r21="-0.035554428" r22="0.99936706" r23="0.0011353567" r24="0" r31="-0.8372158" r32="-0.030405927" r33="0.5460261" r34="0" r41="2541.2305" r42="-8.959993" r43="1613.313" r44="1"></containerEntry>
          <containerEntry r11="0.9923439" r12="0.01846318" r13="0.12211753" r14="0" r21="-0.022030737" r22="0.9993671" r23="0.027928617" r24="0" r31="-0.121524595" r32="-0.030405134" r33="0.99212265" r34="0" r41="2538.228" r42="-8.959993" r43="1609.5819" r44="1"></containerEntry>
        </property>
        <property name="colors" type="UInt32" container="DynamicArray" arraySize="10">
          <containerEntry>4294967295</containerEntry>
          <containerEntry>4294967295</containerEntry>
          <containerEntry>4294967295</containerEntry>
          <containerEntry>4294967295</containerEntry>
          <containerEntry>4294967295</containerEntry>
          <containerEntry>4294967295</containerEntry>
          <containerEntry>4294967295</containerEntry>
          <containerEntry>4294967295</containerEntry>
          <containerEntry>4294967295</containerEntry>
          <containerEntry>4294967295</containerEntry>
        </property>
      </staticProperties>
      <dynamicProperties></dynamicProperties>
    </entity>
    <entity class="StaticModelArray" classVersion="4" classID="0xD0" addr="0x2D7AB20" id="0x0">
      <staticProperties>
        <property name="name" type="String" container="StaticArray" arraySize="1">
          <containerEntry>StaticModelArray0001</containerEntry>
        </property>
        <property name="dataSet" type="EntityHandle" container="StaticArray" arraySize="1">
          <containerEntry>0x2EF6130</containerEntry>
        </property>
        <property name="modelFile" type="FilePtr" container="StaticArray" arraySize="1">
          <containerEntry>/Assets/tpp/environ/object/middle_africa/tree/mafr_tree038/scenes/mafr_tree038.fmdl</containerEntry>
        </property>
        <property name="geomFile" type="FilePtr" container="StaticArray" arraySize="1">
          <containerEntry>/Assets/tpp/environ/object/middle_africa/tree/mafr_tree038/scenes/mafr_tree038.geom</containerEntry>
        </property>
        <property name="isVisibleGeom" type="Bool" container="StaticArray" arraySize="1">
          <containerEntry>false</containerEntry>
        </property>
        <property name="lodFarSize" type="Float" container="StaticArray" arraySize="1">
          <containerEntry>-1</containerEntry>
        </property>
        <property name="lodNearSize" type="Float" container="StaticArray" arraySize="1">
          <containerEntry>-1</containerEntry>
        </property>
        <property name="lodPolygonSize" type="Float" container="StaticArray" arraySize="1">
          <containerEntry>-1</containerEntry>
        </property>
        <property name="drawRejectionLevel" type="Int32" container="StaticArray" arraySize="1">
          <containerEntry>8</containerEntry>
        </property>
        <property name="drawMode" type="Int32" container="StaticArray" arraySize="1">
          <containerEntry>0</containerEntry>
        </property>
        <property name="rejectFarRangeShadowCast" type="Int32" container="StaticArray" arraySize="1">
          <containerEntry>2</containerEntry>
        </property>
        <property name="parentLocator" type="EntityLink" container="StaticArray" arraySize="1">
          <containerEntry packagePathHash="0xB8A0BF169F98" archivePathHash="0xB8A0BF169F98" nameInArchiveHash="0xB8A0BF169F98">0x0</containerEntry>
        </property>
        <property name="transforms" type="Matrix4" container="DynamicArray" arraySize="6">
          <containerEntry r11="0.9592844" r12="0" r13="-0.28243822" r14="0" r21="0" r22="1" r23="0" r24="0" r31="0.28243822" r32="0" r33="0.9592844" r34="0" r41="2525.4128" r42="-15.622796" r43="1569.7373" r44="1"></containerEntry>
          <containerEntry r11="0.98115814" r12="0" r13="-0.19319104" r14="0" r21="0" r22="1" r23="0" r24="0" r31="0.19319104" r32="0" r33="0.98115814" r34="0" r41="2516.1975" r42="-8.010025" r43="1581.2615" r44="1"></containerEntry>
          <containerEntry r11="-0.18439226" r12="0" r13="0.98284966" r14="0" r21="0" r22="1" r23="0" r24="0" r31="-0.98284966" r32="0" r33="-0.18439226" r34="0" r41="2494.5981" r42="-8.01001" r43="1597.3179" r44="1"></containerEntry>
          <containerEntry r11="-0.0765431" r12="0" r13="-0.99706334" r14="0" r21="0" r22="1" r23="0" r24="0" r31="0.99706334" r32="0" r33="-0.0765431" r34="0" r41="2512.9014" r42="-14.58282" r43="1557.7316" r44="1"></containerEntry>
          <containerEntry r11="-0.16774328" r12="0" r13="-0.98582953" r14="0" r21="0" r22="1" r23="0" r24="0" r31="0.98582953" r32="0" r33="-0.16774328" r34="0" r41="2502.54" r42="-8.057823" r43="1540.6467" r44="1"></containerEntry>
          <containerEntry r11="0.9873165" r12="0" r13="0.1587459" r14="0" r21="0" r22="1" r23="0" r24="0" r31="-0.1587459" r32="0" r33="0.9873165" r34="0" r41="2520.4133" r42="-8.01001" r43="1540.182" r44="1"></containerEntry>
        </property>
        <property name="colors" type="UInt32" container="DynamicArray" arraySize="6">
          <containerEntry>4294967295</containerEntry>
          <containerEntry>4294967295</containerEntry>
          <containerEntry>4294967295</containerEntry>
          <containerEntry>4294967295</containerEntry>
          <containerEntry>4294967295</containerEntry>
          <containerEntry>4294967295</containerEntry>
        </property>
      </staticProperties>
      <dynamicProperties></dynamicProperties>
    </entity>
    <entity class="StaticModelArray" classVersion="4" classID="0xD0" addr="0x2D7AAB0" id="0x0">
      <staticProperties>
        <property name="name" type="String" container="StaticArray" arraySize="1">
          <containerEntry>StaticModelArray0002</containerEntry>
        </property>
        <property name="dataSet" type="EntityHandle" container="StaticArray" arraySize="1">
          <containerEntry>0x2EF6130</containerEntry>
        </property>
        <property name="modelFile" type="FilePtr" container="StaticArray" arraySize="1">
          <containerEntry>/Assets/tpp/environ/object/middle_africa/mud/mafr_mudd003/scenes/mafr_mudd003_grnd001.fmdl</containerEntry>
        </property>
        <property name="geomFile" type="FilePtr" container="StaticArray" arraySize="1">
          <containerEntry>/Assets/tpp/environ/object/middle_africa/mud/mafr_mudd003/scenes/mafr_mudd003_grnd001.geom</containerEntry>
        </property>
        <property name="isVisibleGeom" type="Bool" container="StaticArray" arraySize="1">
          <containerEntry>false</containerEntry>
        </property>
        <property name="lodFarSize" type="Float" container="StaticArray" arraySize="1">
          <containerEntry>-1</containerEntry>
        </property>
        <property name="lodNearSize" type="Float" container="StaticArray" arraySize="1">
          <containerEntry>-1</containerEntry>
        </property>
        <property name="lodPolygonSize" type="Float" container="StaticArray" arraySize="1">
          <containerEntry>-1</containerEntry>
        </property>
        <property name="drawRejectionLevel" type="Int32" container="StaticArray" arraySize="1">
          <containerEntry>8</containerEntry>
        </property>
        <property name="drawMode" type="Int32" container="StaticArray" arraySize="1">
          <containerEntry>0</containerEntry>
        </property>
        <property name="rejectFarRangeShadowCast" type="Int32" container="StaticArray" arraySize="1">
          <containerEntry>2</containerEntry>
        </property>
        <property name="parentLocator" type="EntityLink" container="StaticArray" arraySize="1">
          <containerEntry packagePathHash="0xB8A0BF169F98" archivePathHash="0xB8A0BF169F98" nameInArchiveHash="0xB8A0BF169F98">0x0</containerEntry>
        </property>
        <property name="transforms" type="Matrix4" container="DynamicArray" arraySize="5">
          <containerEntry r11="-0.6730448" r12="0" r13="-0.73960423" r14="0" r21="0" r22="1" r23="0" r24="0" r31="0.73960423" r32="0" r33="-0.6730448" r34="0" r41="2478.4436" r42="-12.136316" r43="1623.4847" r44="1"></containerEntry>
          <containerEntry r11="-0.99625385" r12="0" r13="-0.08652086" r14="0" r21="0" r22="1" r23="0" r24="0" r31="0.08652086" r32="0" r33="-0.99625385" r34="0" r41="2507.732" r42="-12.136316" r43="1628.7975" r44="1"></containerEntry>
          <containerEntry r11="-0.52860177" r12="0" r13="-0.8488743" r14="0" r21="0" r22="1" r23="0" r24="0" r31="0.8488743" r32="0" r33="-0.52860177" r34="0" r41="2510.824" r42="-12.136316" r43="1630.6453" r44="1"></containerEntry>
          <containerEntry r11="0.88118356" r12="0" r13="0.4727742" r14="0" r21="0" r22="1" r23="0" r24="0" r31="-0.4727742" r32="0" r33="0.88118356" r34="0" r41="2439.603" r42="-12.068514" r43="1610.9159" r44="1"></containerEntry>
          <containerEntry r11="0.9725222" r12="0" r13="0.23281011" r14="0" r21="0" r22="1" r23="0" r24="0" r31="-0.23281011" r32="0" r33="0.9725222" r34="0" r41="2433.5813" r42="-12.136316" r43="1616.3906" r44="1"></containerEntry>
        </property>
        <property name="colors" type="UInt32" container="DynamicArray" arraySize="5">
          <containerEntry>4294967295</containerEntry>
          <containerEntry>4294967295</containerEntry>
          <containerEntry>4294967295</containerEntry>
          <containerEntry>4294967295</containerEntry>
          <containerEntry>4294967295</containerEntry>
        </property>
      </staticProperties>
      <dynamicProperties></dynamicProperties>
    </entity>
    <entity class="StaticModelArray" classVersion="4" classID="0xD0" addr="0x2D7AB90" id="0x0">
      <staticProperties>
        <property name="name" type="String" container="StaticArray" arraySize="1">
          <containerEntry>StaticModelArray0003</containerEntry>
        </property>
        <property name="dataSet" type="EntityHandle" container="StaticArray" arraySize="1">
          <containerEntry>0x2EF6130</containerEntry>
        </property>
        <property name="modelFile" type="FilePtr" container="StaticArray" arraySize="1">
          <containerEntry>/Assets/tpp/environ/object/middle_africa/cliff/mafr_clff004/scenes/mafr_clff004_rock001.fmdl</containerEntry>
        </property>
        <property name="geomFile" type="FilePtr" container="StaticArray" arraySize="1">
          <containerEntry>/Assets/tpp/environ/object/middle_africa/cliff/mafr_clff004/scenes/mafr_clff004_rock001.geom</containerEntry>
        </property>
        <property name="isVisibleGeom" type="Bool" container="StaticArray" arraySize="1">
          <containerEntry>false</containerEntry>
        </property>
        <property name="lodFarSize" type="Float" container="StaticArray" arraySize="1">
          <containerEntry>-1</containerEntry>
        </property>
        <property name="lodNearSize" type="Float" container="StaticArray" arraySize="1">
          <containerEntry>-1</containerEntry>
        </property>
        <property name="lodPolygonSize" type="Float" container="StaticArray" arraySize="1">
          <containerEntry>-1</containerEntry>
        </property>
        <property name="drawRejectionLevel" type="Int32" container="StaticArray" arraySize="1">
          <containerEntry>8</containerEntry>
        </property>
        <property name="drawMode" type="Int32" container="StaticArray" arraySize="1">
          <containerEntry>0</containerEntry>
        </property>
        <property name="rejectFarRangeShadowCast" type="Int32" container="StaticArray" arraySize="1">
          <containerEntry>2</containerEntry>
        </property>
        <property name="parentLocator" type="EntityLink" container="StaticArray" arraySize="1">
          <containerEntry packagePathHash="0xB8A0BF169F98" archivePathHash="0xB8A0BF169F98" nameInArchiveHash="0xB8A0BF169F98">0x0</containerEntry>
        </property>
        <property name="transforms" type="Matrix4" container="DynamicArray" arraySize="5">
          <containerEntry r11="0.06445059" r12="0.07168002" r13="0.9953438" r14="0" r21="0.074267305" r22="0.9943064" r23="-0.07641437" r24="0" r31="-0.99515414" r32="0.07884646" r33="0.058760166" r34="0" r41="2509.6616" r42="-11.830856" r43="1636.0002" r44="1"></containerEntry>
          <containerEntry r11="0.64671755" r12="0.07167997" r13="0.7593542" r14="0" r21="0.013850607" r22="0.9943064" r23="-0.105654694" r24="0" r31="-0.76260406" r32="0.07884627" r33="0.6420426" r34="0" r41="2525.6472" r42="-11.830856" r43="1643.2479" r44="1"></containerEntry>
          <containerEntry r11="0.87298995" r12="0.071678996" r13="-0.48244238" r14="0" r21="-0.10077578" r22="0.99430645" r23="-0.034626596" r24="0" r31="0.47721356" r32="0.07884719" r33="0.875243" r34="0" r41="2464.4634" r42="-11.830856" r43="1609.9984" r44="1"></containerEntry>
          <containerEntry r11="-0.9973774" r12="0.07167936" r13="0.009877685" r14="0" r21="0.0722344" r22="0.9943064" r23="0.07833928" r24="0" r31="-0.004206132" r32="0.07884745" r33="-0.9968764" r34="0" r41="2465.6147" r42="-11.830856" r43="1610.5139" r44="1"></containerEntry>
          <containerEntry r11="-0.62720186" r12="0.071679294" r13="-0.7755494" r14="0" r21="-0.016533272" r22="0.9943064" r23="0.105268374" r24="0" r31="0.77867925" r32="0.078847066" r33="-0.6224457" r34="0" r41="2435.304" r42="-11.830856" r43="1606.6296" r44="1"></containerEntry>
        </property>
        <property name="colors" type="UInt32" container="DynamicArray" arraySize="5">
          <containerEntry>4294967295</containerEntry>
          <containerEntry>4294967295</containerEntry>
          <containerEntry>4294967295</containerEntry>
          <containerEntry>4294967295</containerEntry>
          <containerEntry>4294967295</containerEntry>
        </property>
      </staticProperties>
      <dynamicProperties></dynamicProperties>
    </entity>
    <entity class="StaticModelArray" classVersion="4" classID="0xD0" addr="0x2D7A8F0" id="0x0">
      <staticProperties>
        <property name="name" type="String" container="StaticArray" arraySize="1">
          <containerEntry>StaticModelArray0004</containerEntry>
        </property>
        <property name="dataSet" type="EntityHandle" container="StaticArray" arraySize="1">
          <containerEntry>0x2EF6130</containerEntry>
        </property>
        <property name="modelFile" type="FilePtr" container="StaticArray" arraySize="1">
          <containerEntry>/Assets/tpp/environ/object/middle_africa/mud/mafr_mudd003/scenes/mafr_mudd003.fmdl</containerEntry>
        </property>
        <property name="geomFile" type="FilePtr" container="StaticArray" arraySize="1">
          <containerEntry>/Assets/tpp/environ/object/middle_africa/mud/mafr_mudd003/scenes/mafr_mudd003.geom</containerEntry>
        </property>
        <property name="isVisibleGeom" type="Bool" container="StaticArray" arraySize="1">
          <containerEntry>false</containerEntry>
        </property>
        <property name="lodFarSize" type="Float" container="StaticArray" arraySize="1">
          <containerEntry>-1</containerEntry>
        </property>
        <property name="lodNearSize" type="Float" container="StaticArray" arraySize="1">
          <containerEntry>-1</containerEntry>
        </property>
        <property name="lodPolygonSize" type="Float" container="StaticArray" arraySize="1">
          <containerEntry>-1</containerEntry>
        </property>
        <property name="drawRejectionLevel" type="Int32" container="StaticArray" arraySize="1">
          <containerEntry>8</containerEntry>
        </property>
        <property name="drawMode" type="Int32" container="StaticArray" arraySize="1">
          <containerEntry>0</containerEntry>
        </property>
        <property name="rejectFarRangeShadowCast" type="Int32" container="StaticArray" arraySize="1">
          <containerEntry>2</containerEntry>
        </property>
        <property name="parentLocator" type="EntityLink" container="StaticArray" arraySize="1">
          <containerEntry packagePathHash="0xB8A0BF169F98" archivePathHash="0xB8A0BF169F98" nameInArchiveHash="0xB8A0BF169F98">0x0</containerEntry>
        </property>
        <property name="transforms" type="Matrix4" container="DynamicArray" arraySize="4">
          <containerEntry r11="0.97271365" r12="0" r13="0.23200896" r14="0" r21="0" r22="1" r23="0" r24="0" r31="-0.23200896" r32="0" r33="0.97271365" r34="0" r41="2438.2485" r42="-12.211113" r43="1605.066" r44="1"></containerEntry>
          <containerEntry r11="-0.8856782" r12="0" r13="-0.46429676" r14="0" r21="0" r22="1" r23="0" r24="0" r31="0.46429676" r32="0" r33="-0.8856782" r34="0" r41="2473.7654" r42="-12.211113" r43="1613.5114" r44="1"></containerEntry>
          <containerEntry r11="0.38271505" r12="0" r13="-0.92386633" r14="0" r21="0" r22="1" r23="0" r24="0" r31="0.92386633" r32="0" r33="0.38271505" r34="0" r41="2437.2354" r42="-12.211113" r43="1586.0515" r44="1"></containerEntry>
          <containerEntry r11="0.62142813" r12="0" r13="0.78347147" r14="0" r21="0" r22="1" r23="0" r24="0" r31="-0.78347147" r32="0" r33="0.62142813" r34="0" r41="2437.111" r42="-12.211113" r43="1551.6232" r44="1"></containerEntry>
        </property>
        <property name="colors" type="UInt32" container="DynamicArray" arraySize="4">
          <containerEntry>4294967295</containerEntry>
          <containerEntry>4294967295</containerEntry>
          <containerEntry>4294967295</containerEntry>
          <containerEntry>4294967295</containerEntry>
        </property>
      </staticProperties>
      <dynamicProperties></dynamicProperties>
    </entity>
    <entity class="StaticModelArray" classVersion="4" classID="0xD0" addr="0x2D7A570" id="0x0">
      <staticProperties>
        <property name="name" type="String" container="StaticArray" arraySize="1">
          <containerEntry>StaticModelArray0005</containerEntry>
        </property>
        <property name="dataSet" type="EntityHandle" container="StaticArray" arraySize="1">
          <containerEntry>0x2EF6130</containerEntry>
        </property>
        <property name="modelFile" type="FilePtr" container="StaticArray" arraySize="1">
          <containerEntry>/Assets/tpp/environ/object/middle_africa/mud/mafr_mudd003/scenes/mafr_mudd003_rock001.fmdl</containerEntry>
        </property>
        <property name="geomFile" type="FilePtr" container="StaticArray" arraySize="1">
          <containerEntry>/Assets/tpp/environ/object/middle_africa/mud/mafr_mudd003/scenes/mafr_mudd003_rock001.geom</containerEntry>
        </property>
        <property name="isVisibleGeom" type="Bool" container="StaticArray" arraySize="1">
          <containerEntry>false</containerEntry>
        </property>
        <property name="lodFarSize" type="Float" container="StaticArray" arraySize="1">
          <containerEntry>-1</containerEntry>
        </property>
        <property name="lodNearSize" type="Float" container="StaticArray" arraySize="1">
          <containerEntry>-1</containerEntry>
        </property>
        <property name="lodPolygonSize" type="Float" container="StaticArray" arraySize="1">
          <containerEntry>-1</containerEntry>
        </property>
        <property name="drawRejectionLevel" type="Int32" container="StaticArray" arraySize="1">
          <containerEntry>8</containerEntry>
        </property>
        <property name="drawMode" type="Int32" container="StaticArray" arraySize="1">
          <containerEntry>0</containerEntry>
        </property>
        <property name="rejectFarRangeShadowCast" type="Int32" container="StaticArray" arraySize="1">
          <containerEntry>2</containerEntry>
        </property>
        <property name="parentLocator" type="EntityLink" container="StaticArray" arraySize="1">
          <containerEntry packagePathHash="0xB8A0BF169F98" archivePathHash="0xB8A0BF169F98" nameInArchiveHash="0xB8A0BF169F98">0x0</containerEntry>
        </property>
        <property name="transforms" type="Matrix4" container="DynamicArray" arraySize="20">
          <containerEntry r11="0.97399807" r12="-0.0776235" r13="0.21284342" r14="0" r21="0.15294357" r22="0.918375" r23="-0.36495972" r24="0" r31="-0.16714063" r32="0.38802308" r33="0.90636754" r34="0" r41="2441.63" r42="-15.040313" r43="1602.6797" r44="1"></containerEntry>
          <containerEntry r11="0.77843744" r12="-0.010761678" r13="-0.6276301" r14="0" r21="-0.1954658" r22="0.9459872" r23="-0.25865299" r24="0" r31="0.5965136" r32="0.32402533" r33="0.7342883" r34="0" r41="2445.6042" r42="-13.939405" r43="1581.4459" r44="1"></containerEntry>
          <containerEntry r11="-0.37176803" r12="-0.24482006" r13="-0.89546293" r14="0" r21="-0.38170815" r22="0.9195978" r23="-0.092945874" r24="0" r31="0.8462208" r32="0.307251" r33="-0.43532687" r34="0" r41="2446.9656" r42="-12.589013" r43="1571.9402" r44="1"></containerEntry>
          <containerEntry r11="0.51273054" r12="-0.315601" r13="-0.7984384" r14="0" r21="0.014389098" r22="0.9330131" r23="-0.35955468" r24="0" r31="0.85842925" r32="0.17286596" r33="0.48292547" r34="0" r41="2453.1597" r42="-12.582563" r43="1567.3688" r44="1"></containerEntry>
          <containerEntry r11="0.94782436" r12="-0.019236032" r13="0.3182122" r14="0" r21="0.029682443" r22="0.9991668" r23="-0.028011946" r24="0" r31="-0.31740826" r32="0.035995714" r33="0.94760555" r34="0" r41="2458.315" r42="-12.946344" r43="1542.4874" r44="1"></containerEntry>
          <containerEntry r11="-0.55415475" r12="0.0027696472" r13="0.8324092" r14="0" r21="0.05633206" r22="0.99782676" r23="0.034181558" r24="0" r31="-0.83050555" r32="0.06583319" r33="-0.5531065" r34="0" r41="2455.0374" r42="-12.946344" r43="1551.0488" r44="1"></containerEntry>
          <containerEntry r11="-0.29301253" r12="0.14668477" r13="-0.94479" r14="0" r21="0.17911553" r22="0.97908795" r23="0.096459866" r24="0" r31="0.9391817" r32="-0.1409626" r33="-0.3131585" r34="0" r41="2517.0486" r42="-12.862564" r43="1619.7898" r44="1"></containerEntry>
          <containerEntry r11="-0.95621186" r12="0.03843332" r13="0.2901528" r14="0" r21="-0.0001362674" r22="0.9912825" r23="-0.1317535" r24="0" r31="-0.29268712" r32="-0.12602335" r33="-0.94787085" r34="0" r41="2517.0486" r42="-12.383712" r43="1645.7808" r44="1"></containerEntry>
          <containerEntry r11="-0.944335" r12="0.32882634" r13="-0.010343701" r14="0" r21="0.3273851" r22="0.9361646" r23="-0.12812044" r24="0" r31="-0.03244594" r32="-0.12437483" r33="-0.9917059" r34="0" r41="2547.5176" r42="-12.820985" r43="1659.188" r44="1"></containerEntry>
          <containerEntry r11="-0.28265047" r12="-0.0655366" r13="0.9569801" r14="0" r21="0.068562716" r22="0.99373114" r23="0.08830387" r24="0" r31="-0.95676804" r32="0.090572484" r33="-0.2763852" r34="0" r41="2450.743" r42="-13.036573" r43="1626.9714" r44="1"></containerEntry>
          <containerEntry r11="0.7344759" r12="-0.06553738" r13="0.6754624" r14="0" r21="0.10948256" r22="0.9937311" r23="-0.02263001" r24="0" r31="-0.6697449" r32="0.090572625" r33="0.7370467" r34="0" r41="2456.059" r42="-12.864276" r43="1623.8102" r44="1"></containerEntry>
          <containerEntry r11="-0.9227564" r12="-0.10814365" r13="0.36989573" r14="0" r21="-0.15123013" r22="0.984443" r23="-0.08945089" r24="0" r31="-0.35446772" r32="-0.13848092" r33="-0.9247556" r34="0" r41="2461.5864" r42="-11.980668" r43="1623.9535" r44="1"></containerEntry>
          <containerEntry r11="0.9831448" r12="0.016788809" r13="0.18205597" r14="0" r21="0.015161982" r22="0.9848578" r23="-0.17269954" r24="0" r31="-0.18219866" r32="0.17254898" r33="0.96800333" r34="0" r41="2481.95" r42="-11.658398" r43="1631.247" r44="1"></containerEntry>
          <containerEntry r11="0.98473763" r12="-0.04072264" r13="-0.16921428" r14="0" r21="0.015018182" r22="0.98849726" r23="-0.15049106" r24="0" r31="0.17339626" r32="0.14565292" r33="0.9740221" r34="0" r41="2481.95" r42="-13.345829" r43="1613.404" r44="1"></containerEntry>
          <containerEntry r11="-0.9516873" r12="-0.21599977" r13="0.21827269" r14="0" r21="-0.17376556" r22="0.9648468" r23="0.1971707" r24="0" r31="-0.25318846" r32="0.1497159" r33="-0.95576584" r34="0" r41="2485.083" r42="-16.384748" r43="1624.9646" r44="1"></containerEntry>
          <containerEntry r11="0.727805" r12="-0.21599986" r13="0.65088016" r14="0" r21="0.26131803" r22="0.96484697" r23="0.027990028" r24="0" r31="-0.63404554" r32="0.1497151" r33="0.75866497" r34="0" r41="2521.8418" r42="-16.384748" r43="1641.9191" r44="1"></containerEntry>
          <containerEntry r11="0.52992344" r12="0.26322" r13="0.8061625" r14="0" r21="0.052866384" r22="0.93850875" r23="-0.34118423" r24="0" r31="-0.8463969" r32="0.22342059" r33="0.48342225" r34="0" r41="2534.9407" r42="-12.329727" r43="1653.7117" r44="1"></containerEntry>
          <containerEntry r11="0.9889632" r12="0.14813776" r13="0.0026453082" r14="0" r21="-0.14816137" r22="0.98880357" r23="0.017769871" r24="0" r31="1.66971e-05" r32="-0.01796568" r33="0.9998386" r34="0" r41="2502.8918" r42="-13.098259" r43="1620.3087" r44="1"></containerEntry>
          <containerEntry r11="-0.9516873" r12="-0.21599977" r13="0.21827269" r14="0" r21="-0.17376556" r22="0.9648468" r23="0.1971707" r24="0" r31="-0.25318846" r32="0.1497159" r33="-0.95576584" r34="0" r41="2440.81" r42="-16.384748" r43="1616.732" r44="1"></containerEntry>
          <containerEntry r11="0.53578204" r12="0.0027693734" r13="-0.8443525" r14="0" r21="-0.057068083" r22="0.99782676" r23="-0.03293977" r24="0" r31="0.8424263" r32="0.065834075" r33="0.53477573" r34="0" r41="2432.812" r42="-12.946344" r43="1557.4204" r44="1"></containerEntry>
        </property>
        <property name="colors" type="UInt32" container="DynamicArray" arraySize="20">
          <containerEntry>4294967295</containerEntry>
          <containerEntry>4294967295</containerEntry>
          <containerEntry>4294967295</containerEntry>
          <containerEntry>4294967295</containerEntry>
          <containerEntry>4294967295</containerEntry>
          <containerEntry>4294967295</containerEntry>
          <containerEntry>4294967295</containerEntry>
          <containerEntry>4294967295</containerEntry>
          <containerEntry>4294967295</containerEntry>
          <containerEntry>4294967295</containerEntry>
          <containerEntry>4294967295</containerEntry>
          <containerEntry>4294967295</containerEntry>
          <containerEntry>4294967295</containerEntry>
          <containerEntry>4294967295</containerEntry>
          <containerEntry>4294967295</containerEntry>
          <containerEntry>4294967295</containerEntry>
          <containerEntry>4294967295</containerEntry>
          <containerEntry>4294967295</containerEntry>
          <containerEntry>4294967295</containerEntry>
          <containerEntry>4294967295</containerEntry>
        </property>
      </staticProperties>
      <dynamicProperties></dynamicProperties>
    </entity>
    <entity class="TexturePackLoadConditioner" classVersion="0" classID="0x48" addr="0x2D77CC0" id="0x0">
      <staticProperties>
        <property name="name" type="String" container="StaticArray" arraySize="1">
          <containerEntry>TexturePackLoadConditioner0000</containerEntry>
        </property>
        <property name="dataSet" type="EntityHandle" container="StaticArray" arraySize="1">
          <containerEntry>0x2EF6130</containerEntry>
        </property>
        <property name="texturePackPath" type="Path" container="StaticArray" arraySize="1">
          <containerEntry hash="0xB8A0BF169F98"></containerEntry>
        </property>
      </staticProperties>
      <dynamicProperties></dynamicProperties>
    </entity>
  </entities>
</fox>