<fox formatVersion="2" fileVersion="0">
  <entities>
    <entity class="DataSet" classVersion="0" classID="0xE8" addr="0x2F071D0" id="0x1DF781">
      <staticProperties>
        <property name="name" type="String" container="StaticArray" arraySize="1">
          <containerEntry hash="0xB8A0BF169F98"></containerEntry>
        </property>
        <property name="dataSet" type="EntityHandle" container="StaticArray" arraySize="1">
          <containerEntry>0x0</containerEntry>
        </property>
        <property name="dataList" type="EntityPtr" container="StringMap" arraySize="2">
          <containerEntry key="StaticModelArray0000">
            <data>0x2D78890</data>
          </containerEntry>
          <containerEntry key="TexturePackLoadConditioner0000">
            <data>0x2D7C100</data>
          </containerEntry>
        </property>
      </staticProperties>
      <dynamicProperties></dynamicProperties>
    </entity>
    <entity class="StaticModelArray" classVersion="4" classID="0xD0" addr="0x2D78890" id="0x0">
      <staticProperties>
        <property name="name" type="String" container="StaticArray" arraySize="1">
          <containerEntry>StaticModelArray0000</containerEntry>
        </property>
        <property name="dataSet" type="EntityHandle" container="StaticArray" arraySize="1">
          <containerEntry>0x2F071D0</containerEntry>
        </property>
        <property name="modelFile" type="FilePtr" container="StaticArray" arraySize="1">
          <containerEntry>/Assets/tpp/environ/object/middle_africa/rock/mafr_rock002/scenes/mafr_rock002.fmdl</containerEntry>
        </property>
        <property name="geomFile" type="FilePtr" container="StaticArray" arraySize="1">
          <containerEntry>/Assets/tpp/environ/object/middle_africa/rock/mafr_rock002/scenes/mafr_rock002.geom</containerEntry>
        </property>
        <property name="isVisibleGeom" type="Bool" container="StaticArray" arraySize="1">
          <containerEntry>false</containerEntry>
        </property>
        <property name="lodFarSize" type="Float" container="StaticArray" arraySize="1">
          <containerEntry>-1</containerEntry>
        </property>
        <property name="lodNearSize" type="Float" container="StaticArray" arraySize="1">
          <containerEntry>-1</containerEntry>
        </property>
        <property name="lodPolygonSize" type="Float" container="StaticArray" arraySize="1">
          <containerEntry>-1</containerEntry>
        </property>
        <property name="drawRejectionLevel" type="Int32" container="StaticArray" arraySize="1">
          <containerEntry>8</containerEntry>
        </property>
        <property name="drawMode" type="Int32" container="StaticArray" arraySize="1">
          <containerEntry>0</containerEntry>
        </property>
        <property name="rejectFarRangeShadowCast" type="Int32" container="StaticArray" arraySize="1">
          <containerEntry>2</containerEntry>
        </property>
        <property name="parentLocator" type="EntityLink" container="StaticArray" arraySize="1">
          <containerEntry packagePathHash="0xB8A0BF169F98" archivePathHash="0xB8A0BF169F98" nameInArchiveHash="0xB8A0BF169F98">0x0</containerEntry>
        </property>
        <property name="transforms" type="Matrix4" container="DynamicArray" arraySize="9">
          <containerEntry r11="0.106755525" r12="0.008610778" r13="0.9942487" r14="0" r21="-0.0938895" r22="0.9955815" r23="0.0014589503" r24="0" r31="-0.9898431" r32="-0.09350519" r33="0.10709226" r34="0" r41="2063.224" r42="61.36318" r43="260.70627" r44="1"></containerEntry>
          <containerEntry r11="0.106755525" r12="0.008610778" r13="0.9942487" r14="0" r21="-0.0938895" r22="0.9955815" r23="0.0014589503" r24="0" r31="-0.9898431" r32="-0.09350519" r33="0.10709226" r34="0" r41="2075.3494" r42="64.52822" r43="282.36038" r44="1"></containerEntry>
          <containerEntry r11="0.106755525" r12="0.008610778" r13="0.9942487" r14="0" r21="-0.0938895" r22="0.9955815" r23="0.0014589503" r24="0" r31="-0.9898431" r32="-0.09350519" r33="0.10709226" r34="0" r41="2081.1846" r42="66.11586" r43="294.90387" r44="1"></containerEntry>
          <containerEntry r11="0.4209739" r12="0.03837121" r13="0.90626085" r14="0" r21="-0.09388891" r22="0.9955816" r23="0.0014599636" r24="0" r31="-0.9022006" r32="-0.08570244" r33="0.4227165" r34="0" r41="2078.2463" r42="65.851364" r43="286.31836" r44="1"></containerEntry>
          <containerEntry r11="0.106755525" r12="0.008610778" r13="0.9942487" r14="0" r21="-0.0938895" r22="0.9955815" r23="0.0014589503" r24="0" r31="-0.9898431" r32="-0.09350519" r33="0.10709226" r34="0" r41="2082.2634" r42="65.09705" r43="314.4615" r44="1"></containerEntry>
          <containerEntry r11="0.106755525" r12="0.008610778" r13="0.9942487" r14="0" r21="-0.0938895" r22="0.9955815" r23="0.0014589503" r24="0" r31="-0.9898431" r32="-0.09350519" r33="0.10709226" r34="0" r41="2064.5051" r42="61.466507" r43="272.63724" r44="1"></containerEntry>
          <containerEntry r11="0.6183765" r12="-0.23804843" r13="0.7489606" r14="0" r21="-0.04004044" r22="0.9422392" r23="0.33253834" r24="0" r31="-0.7848604" r32="-0.23562244" r33="0.5731271" r34="0" r41="2050.7805" r42="60.52892" r43="226.86906" r44="1"></containerEntry>
          <containerEntry r11="0.5700119" r12="0.088262804" r13="0.81688035" r14="0" r21="-0.24306163" r22="0.9678282" r23="0.065033175" r24="0" r31="-0.7848598" r32="-0.23562247" r33="0.57312703" r34="0" r41="2052.8743" r42="61.520702" r43="232.11902" r44="1"></containerEntry>
          <containerEntry r11="0.419451" r12="0.076792076" r13="0.9045237" r14="0" r21="-0.09388775" r22="0.9947418" r23="-0.04091324" r24="0" r31="-0.90290934" r32="-0.06776266" r33="0.42445529" r34="0" r41="2029.5833" r42="50.076702" r43="219.88309" r44="1"></containerEntry>
        </property>
        <property name="colors" type="UInt32" container="DynamicArray" arraySize="9">
          <containerEntry>4294967295</containerEntry>
          <containerEntry>4294967295</containerEntry>
          <containerEntry>4294967295</containerEntry>
          <containerEntry>4294967295</containerEntry>
          <containerEntry>4294967295</containerEntry>
          <containerEntry>4294967295</containerEntry>
          <containerEntry>4294967295</containerEntry>
          <containerEntry>4294967295</containerEntry>
          <containerEntry>4294967295</containerEntry>
        </property>
      </staticProperties>
      <dynamicProperties></dynamicProperties>
    </entity>
    <entity class="TexturePackLoadConditioner" classVersion="0" classID="0x48" addr="0x2D7C100" id="0x0">
      <staticProperties>
        <property name="name" type="String" container="StaticArray" arraySize="1">
          <containerEntry>TexturePackLoadConditioner0000</containerEntry>
        </property>
        <property name="dataSet" type="EntityHandle" container="StaticArray" arraySize="1">
          <containerEntry>0x2F071D0</containerEntry>
        </property>
        <property name="texturePackPath" type="Path" container="StaticArray" arraySize="1">
          <containerEntry hash="0xB8A0BF169F98"></containerEntry>
        </property>
      </staticProperties>
      <dynamicProperties></dynamicProperties>
    </entity>
  </entities>
</fox>