<fox formatVersion="2" fileVersion="0">
  <entities>
    <entity class="DataSet" classVersion="0" classID="0xE8" addr="0x32F1F20" id="0x1779EC8">
      <staticProperties>
        <property name="name" type="String" container="StaticArray" arraySize="1">
          <containerEntry hash="0xB8A0BF169F98"></containerEntry>
        </property>
        <property name="dataSet" type="EntityHandle" container="StaticArray" arraySize="1">
          <containerEntry>0x0</containerEntry>
        </property>
        <property name="dataList" type="EntityPtr" container="StringMap" arraySize="9">
          <containerEntry key="StaticModelArray0000">
            <data>0x317E390</data>
          </containerEntry>
          <containerEntry key="StaticModelArray0001">
            <data>0x317E400</data>
          </containerEntry>
          <containerEntry key="StaticModelArray0002">
            <data>0x317E470</data>
          </containerEntry>
          <containerEntry key="StaticModelArray0003">
            <data>0x317DC20</data>
          </containerEntry>
          <containerEntry key="StaticModelArray0004">
            <data>0x317DF30</data>
          </containerEntry>
          <containerEntry key="StaticModelArray0005">
            <data>0x32F23F0</data>
          </containerEntry>
          <containerEntry key="StaticModelArray0006">
            <data>0x317B450</data>
          </containerEntry>
          <containerEntry key="StaticModelArray0007">
            <data>0x317DC90</data>
          </containerEntry>
          <containerEntry key="TexturePackLoadConditioner0000">
            <data>0x317EB00</data>
          </containerEntry>
        </property>
      </staticProperties>
      <dynamicProperties></dynamicProperties>
    </entity>
    <entity class="StaticModelArray" classVersion="4" classID="0xD0" addr="0x317E390" id="0x0">
      <staticProperties>
        <property name="name" type="String" container="StaticArray" arraySize="1">
          <containerEntry>StaticModelArray0000</containerEntry>
        </property>
        <property name="dataSet" type="EntityHandle" container="StaticArray" arraySize="1">
          <containerEntry>0x32F1F20</containerEntry>
        </property>
        <property name="modelFile" type="FilePtr" container="StaticArray" arraySize="1">
          <containerEntry>/Assets/tpp/environ/object/middle_africa/mud/mafr_mudd003/scenes/mafr_mudd003_grnd001.fmdl</containerEntry>
        </property>
        <property name="geomFile" type="FilePtr" container="StaticArray" arraySize="1">
          <containerEntry>/Assets/tpp/environ/object/middle_africa/mud/mafr_mudd003/scenes/mafr_mudd003_grnd001.geom</containerEntry>
        </property>
        <property name="isVisibleGeom" type="Bool" container="StaticArray" arraySize="1">
          <containerEntry>false</containerEntry>
        </property>
        <property name="lodFarSize" type="Float" container="StaticArray" arraySize="1">
          <containerEntry>-1</containerEntry>
        </property>
        <property name="lodNearSize" type="Float" container="StaticArray" arraySize="1">
          <containerEntry>-1</containerEntry>
        </property>
        <property name="lodPolygonSize" type="Float" container="StaticArray" arraySize="1">
          <containerEntry>-1</containerEntry>
        </property>
        <property name="drawRejectionLevel" type="Int32" container="StaticArray" arraySize="1">
          <containerEntry>8</containerEntry>
        </property>
        <property name="drawMode" type="Int32" container="StaticArray" arraySize="1">
          <containerEntry>0</containerEntry>
        </property>
        <property name="rejectFarRangeShadowCast" type="Int32" container="StaticArray" arraySize="1">
          <containerEntry>2</containerEntry>
        </property>
        <property name="parentLocator" type="EntityLink" container="StaticArray" arraySize="1">
          <containerEntry packagePathHash="0xB8A0BF169F98" archivePathHash="0xB8A0BF169F98" nameInArchiveHash="0xB8A0BF169F98">0x0</containerEntry>
        </property>
        <property name="transforms" type="Matrix4" container="DynamicArray" arraySize="2">
          <containerEntry r11="0.2153312" r12="0" r13="0.9765409" r14="0" r21="0" r22="1" r23="0" r24="0" r31="-0.9765409" r32="0" r33="0.2153312" r34="0" r41="2379.0784" r42="-12.136316" r43="1412.9568" r44="1"></containerEntry>
          <containerEntry r11="0.2153312" r12="0" r13="0.9765409" r14="0" r21="0" r22="1" r23="0" r24="0" r31="-0.9765409" r32="0" r33="0.2153312" r34="0" r41="2381.6328" r42="-12.136316" r43="1426.9646" r44="1"></containerEntry>
        </property>
        <property name="colors" type="UInt32" container="DynamicArray" arraySize="2">
          <containerEntry>4294967295</containerEntry>
          <containerEntry>4294967295</containerEntry>
        </property>
      </staticProperties>
      <dynamicProperties></dynamicProperties>
    </entity>
    <entity class="StaticModelArray" classVersion="4" classID="0xD0" addr="0x317E400" id="0x0">
      <staticProperties>
        <property name="name" type="String" container="StaticArray" arraySize="1">
          <containerEntry>StaticModelArray0001</containerEntry>
        </property>
        <property name="dataSet" type="EntityHandle" container="StaticArray" arraySize="1">
          <containerEntry>0x32F1F20</containerEntry>
        </property>
        <property name="modelFile" type="FilePtr" container="StaticArray" arraySize="1">
          <containerEntry>/Assets/tpp/environ/object/middle_africa/rock/mafr_rock010/scenes/mafr_rock010.fmdl</containerEntry>
        </property>
        <property name="geomFile" type="FilePtr" container="StaticArray" arraySize="1">
          <containerEntry>/Assets/tpp/environ/object/middle_africa/rock/mafr_rock010/scenes/mafr_rock010.geom</containerEntry>
        </property>
        <property name="isVisibleGeom" type="Bool" container="StaticArray" arraySize="1">
          <containerEntry>false</containerEntry>
        </property>
        <property name="lodFarSize" type="Float" container="StaticArray" arraySize="1">
          <containerEntry>-1</containerEntry>
        </property>
        <property name="lodNearSize" type="Float" container="StaticArray" arraySize="1">
          <containerEntry>-1</containerEntry>
        </property>
        <property name="lodPolygonSize" type="Float" container="StaticArray" arraySize="1">
          <containerEntry>-1</containerEntry>
        </property>
        <property name="drawRejectionLevel" type="Int32" container="StaticArray" arraySize="1">
          <containerEntry>8</containerEntry>
        </property>
        <property name="drawMode" type="Int32" container="StaticArray" arraySize="1">
          <containerEntry>0</containerEntry>
        </property>
        <property name="rejectFarRangeShadowCast" type="Int32" container="StaticArray" arraySize="1">
          <containerEntry>2</containerEntry>
        </property>
        <property name="parentLocator" type="EntityLink" container="StaticArray" arraySize="1">
          <containerEntry packagePathHash="0xB8A0BF169F98" archivePathHash="0xB8A0BF169F98" nameInArchiveHash="0xB8A0BF169F98">0x0</containerEntry>
        </property>
        <property name="transforms" type="Matrix4" container="DynamicArray" arraySize="3">
          <containerEntry r11="-0.15479685" r12="0.005164357" r13="-0.98793095" r14="0" r21="0.014488627" r22="0.9998907" r23="0.0029566851" r24="0" r31="0.9878382" r32="-0.013856076" r33="-0.15485476" r34="0" r41="2389.9688" r42="-12.657206" r43="1411.6132" r44="1"></containerEntry>
          <containerEntry r11="0.33358932" r12="-0.06756952" r13="0.9402928" r14="0" r21="-0.09906047" r22="0.98939365" r23="0.10624204" r24="0" r31="-0.9374984" r32="-0.12858704" r33="0.3233577" r34="0" r41="2405.761" r42="-11.865509" r43="1424.1401" r44="1"></containerEntry>
          <containerEntry r11="-0.7026736" r12="0.15367429" r13="-0.6947172" r14="0" r21="0.15848815" r22="0.98567164" r23="0.05773159" r24="0" r31="0.6936349" r32="-0.06953798" r33="-0.7169611" r34="0" r41="2406.1108" r42="-11.512014" r43="1418.58" r44="1"></containerEntry>
        </property>
        <property name="colors" type="UInt32" container="DynamicArray" arraySize="3">
          <containerEntry>4294967295</containerEntry>
          <containerEntry>4294967295</containerEntry>
          <containerEntry>4294967295</containerEntry>
        </property>
      </staticProperties>
      <dynamicProperties></dynamicProperties>
    </entity>
    <entity class="StaticModelArray" classVersion="4" classID="0xD0" addr="0x317E470" id="0x0">
      <staticProperties>
        <property name="name" type="String" container="StaticArray" arraySize="1">
          <containerEntry>StaticModelArray0002</containerEntry>
        </property>
        <property name="dataSet" type="EntityHandle" container="StaticArray" arraySize="1">
          <containerEntry>0x32F1F20</containerEntry>
        </property>
        <property name="modelFile" type="FilePtr" container="StaticArray" arraySize="1">
          <containerEntry>/Assets/tpp/environ/object/middle_africa/rock/mafr_rock007/scenes/mafr_rock007.fmdl</containerEntry>
        </property>
        <property name="geomFile" type="FilePtr" container="StaticArray" arraySize="1">
          <containerEntry>/Assets/tpp/environ/object/middle_africa/rock/mafr_rock007/scenes/mafr_rock007.geom</containerEntry>
        </property>
        <property name="isVisibleGeom" type="Bool" container="StaticArray" arraySize="1">
          <containerEntry>false</containerEntry>
        </property>
        <property name="lodFarSize" type="Float" container="StaticArray" arraySize="1">
          <containerEntry>-1</containerEntry>
        </property>
        <property name="lodNearSize" type="Float" container="StaticArray" arraySize="1">
          <containerEntry>-1</containerEntry>
        </property>
        <property name="lodPolygonSize" type="Float" container="StaticArray" arraySize="1">
          <containerEntry>-1</containerEntry>
        </property>
        <property name="drawRejectionLevel" type="Int32" container="StaticArray" arraySize="1">
          <containerEntry>8</containerEntry>
        </property>
        <property name="drawMode" type="Int32" container="StaticArray" arraySize="1">
          <containerEntry>0</containerEntry>
        </property>
        <property name="rejectFarRangeShadowCast" type="Int32" container="StaticArray" arraySize="1">
          <containerEntry>2</containerEntry>
        </property>
        <property name="parentLocator" type="EntityLink" container="StaticArray" arraySize="1">
          <containerEntry packagePathHash="0xB8A0BF169F98" archivePathHash="0xB8A0BF169F98" nameInArchiveHash="0xB8A0BF169F98">0x0</containerEntry>
        </property>
        <property name="transforms" type="Matrix4" container="DynamicArray" arraySize="17">
          <containerEntry r11="-0.6531461" r12="0.0060776677" r13="-0.75720906" r14="0" r21="-0.11739957" r22="0.98706394" r23="0.109187946" r24="0" r31="0.7480774" r32="0.16021167" r33="-0.6439835" r34="0" r41="2375.8284" r42="-11.15955" r43="1412.1227" r44="1"></containerEntry>
          <containerEntry r11="0.9077583" r12="0.018021097" r13="0.4191088" r14="0" r21="-0.07883975" r22="0.9886029" r23="0.12825249" r24="0" r31="-0.41202092" r32="-0.14946468" r33="0.89883316" r34="0" r41="2358.6453" r42="-11.266711" r43="1412.1227" r44="1"></containerEntry>
          <containerEntry r11="0.11665039" r12="-0.10558908" r13="-0.73331034" r14="0" r21="-0.15414022" r22="-0.7295593" r23="0.08052921" r24="0" r31="-0.72466123" r32="0.13818504" r33="-0.13517237" r34="0" r41="2358.0059" r42="-9.732707" r43="1421.4498" r44="1"></containerEntry>
          <containerEntry r11="-0.15056969" r12="-0.1395992" r13="-0.4558962" r14="0" r21="-0.013254322" r22="0.47912923" r23="-0.14233597" r24="0" r31="0.47660637" r32="-0.030777637" r33="-0.14798528" r34="0" r41="2354.8337" r42="-10.016587" r43="1418.1769" r44="1"></containerEntry>
          <containerEntry r11="0.34207278" r12="-0.22961314" r13="0.6267094" r14="0" r21="-0.023911782" r22="-0.70798796" r23="-0.24633998" r24="0" r31="0.6670195" r32="0.0923741" r33="-0.33023262" r34="0" r41="2348.7993" r42="4.693755" r43="1504.7313" r44="1"></containerEntry>
          <containerEntry r11="0.1522711" r12="0.07206511" r13="-0.47076592" r14="0" r21="0.009831807" r22="0.49366158" r23="0.07875023" r24="0" r31="0.47614834" r32="-0.03323978" r33="0.14892372" r34="0" r41="2336.2566" r42="5.405946" r43="1508.9586" r44="1"></containerEntry>
          <containerEntry r11="-0.66808" r12="0.10443687" r13="-0.73672587" r14="0" r21="0.055892393" r22="0.99434745" r23="0.09027238" r24="0" r31="0.7419893" r32="0.019131765" r33="-0.67014086" r34="0" r41="2345.5605" r42="5.596979" r43="1503.3706" r44="1"></containerEntry>
          <containerEntry r11="0.31929374" r12="0.025232762" r13="0.9473211" r14="0" r21="0.034933254" r22="-0.9992802" r23="0.014842492" r24="0" r31="0.94701296" r32="0.02835388" r33="-0.31994593" r34="0" r41="2349.175" r42="1.728204" r43="1481.7289" r44="1"></containerEntry>
          <containerEntry r11="-0.4475486" r12="-0.089538895" r13="0.20416668" r14="0" r21="0.102485724" r22="-0.48928127" r23="0.010078181" r24="0" r31="0.19798467" r32="0.05086923" r33="0.4563052" r34="0" r41="2343.6208" r42="5.558779" r43="1500.344" r44="1"></containerEntry>
          <containerEntry r11="-0.1414601" r12="0.17154115" r13="-0.7162856" r14="0" r21="-0.0047208387" r22="0.7291491" r23="0.17555442" r24="0" r31="0.73652506" r32="0.037620172" r33="-0.13644764" r34="0" r41="2411.9019" r42="-8.90182" r43="1422.4857" r44="1"></containerEntry>
          <containerEntry r11="0.15273184" r12="-0.016144183" r13="-0.475828" r14="0" r21="-0.010319488" r22="-0.49970713" r23="0.013642011" r24="0" r31="-0.47598994" r32="0.0056534666" r33="-0.15297545" r34="0" r41="2421.427" r42="-8.541642" r43="1441.592" r44="1"></containerEntry>
          <containerEntry r11="0.9077583" r12="0.018021097" r13="0.4191088" r14="0" r21="-0.07883975" r22="0.9886029" r23="0.12825249" r24="0" r31="-0.41202092" r32="-0.14946468" r33="0.89883316" r34="0" r41="2412.7537" r42="-11.266711" r43="1435.7104" r44="1"></containerEntry>
          <containerEntry r11="0.46647796" r12="0.036725953" r13="0.17620866" r14="0" r21="-0.04003665" r22="0.49839002" r23="0.002113191" r24="0" r31="-0.17548604" r32="-0.016081136" r33="0.46791667" r34="0" r41="2421.6326" r42="-11.635943" r43="1453.5168" r44="1"></containerEntry>
          <containerEntry r11="-0.9694798" r12="0.018021084" r13="0.24450943" r14="0" r21="-0.019279668" r22="0.98860294" r23="-0.14930691" r24="0" r31="-0.2444134" r32="-0.14946418" r33="-0.95808303" r34="0" r41="2424.3984" r42="-11.266711" r43="1453.8022" r44="1"></containerEntry>
          <containerEntry r11="-0.29799223" r12="0.05857098" r13="-0.68576056" r14="0" r21="0.010613624" r22="0.7475815" r23="0.059238926" r24="0" r31="0.68817544" r32="0.013832565" r33="-0.29786015" r34="0" r41="2415.1025" r42="-11.361738" r43="1464.5236" r44="1"></containerEntry>
          <containerEntry r11="0.7461406" r12="-0.062489357" r13="-0.04323565" r14="0" r21="-0.07061285" r22="-0.7278288" r23="-0.16665113" r24="0" r31="-0.02807251" r32="0.16986422" r33="-0.7299669" r34="0" r41="2416.5544" r42="-11.65447" r43="1467.2101" r44="1"></containerEntry>
          <containerEntry r11="-0.49858403" r12="0.03672626" r13="0.007991882" r14="0" r21="0.03644401" r22="0.49839" r23="-0.016711064" r24="0" r31="-0.00919362" r32="-0.01608127" r33="-0.49965546" r34="0" r41="2417.6519" r42="-11.635943" r43="1465.0223" r44="1"></containerEntry>
        </property>
        <property name="colors" type="UInt32" container="DynamicArray" arraySize="17">
          <containerEntry>4294967295</containerEntry>
          <containerEntry>4294967295</containerEntry>
          <containerEntry>4294967295</containerEntry>
          <containerEntry>4294967295</containerEntry>
          <containerEntry>4294967295</containerEntry>
          <containerEntry>4294967295</containerEntry>
          <containerEntry>4294967295</containerEntry>
          <containerEntry>4294967295</containerEntry>
          <containerEntry>4294967295</containerEntry>
          <containerEntry>4294967295</containerEntry>
          <containerEntry>4294967295</containerEntry>
          <containerEntry>4294967295</containerEntry>
          <containerEntry>4294967295</containerEntry>
          <containerEntry>4294967295</containerEntry>
          <containerEntry>4294967295</containerEntry>
          <containerEntry>4294967295</containerEntry>
          <containerEntry>4294967295</containerEntry>
        </property>
      </staticProperties>
      <dynamicProperties></dynamicProperties>
    </entity>
    <entity class="StaticModelArray" classVersion="4" classID="0xD0" addr="0x317DC20" id="0x0">
      <staticProperties>
        <property name="name" type="String" container="StaticArray" arraySize="1">
          <containerEntry>StaticModelArray0003</containerEntry>
        </property>
        <property name="dataSet" type="EntityHandle" container="StaticArray" arraySize="1">
          <containerEntry>0x32F1F20</containerEntry>
        </property>
        <property name="modelFile" type="FilePtr" container="StaticArray" arraySize="1">
          <containerEntry>/Assets/tpp/environ/object/middle_africa/rock/mafr_rock001/scenes/mafr_rock001_vrtn003.fmdl</containerEntry>
        </property>
        <property name="geomFile" type="FilePtr" container="StaticArray" arraySize="1">
          <containerEntry>/Assets/tpp/environ/object/middle_africa/rock/mafr_rock001/scenes/mafr_rock001_vrtn003.geom</containerEntry>
        </property>
        <property name="isVisibleGeom" type="Bool" container="StaticArray" arraySize="1">
          <containerEntry>false</containerEntry>
        </property>
        <property name="lodFarSize" type="Float" container="StaticArray" arraySize="1">
          <containerEntry>-1</containerEntry>
        </property>
        <property name="lodNearSize" type="Float" container="StaticArray" arraySize="1">
          <containerEntry>-1</containerEntry>
        </property>
        <property name="lodPolygonSize" type="Float" container="StaticArray" arraySize="1">
          <containerEntry>-1</containerEntry>
        </property>
        <property name="drawRejectionLevel" type="Int32" container="StaticArray" arraySize="1">
          <containerEntry>8</containerEntry>
        </property>
        <property name="drawMode" type="Int32" container="StaticArray" arraySize="1">
          <containerEntry>0</containerEntry>
        </property>
        <property name="rejectFarRangeShadowCast" type="Int32" container="StaticArray" arraySize="1">
          <containerEntry>2</containerEntry>
        </property>
        <property name="parentLocator" type="EntityLink" container="StaticArray" arraySize="1">
          <containerEntry packagePathHash="0xB8A0BF169F98" archivePathHash="0xB8A0BF169F98" nameInArchiveHash="0xB8A0BF169F98">0x0</containerEntry>
        </property>
        <property name="transforms" type="Matrix4" container="DynamicArray" arraySize="2">
          <containerEntry r11="0.97302496" r12="0.06991977" r13="-0.21984914" r14="0" r21="-0.07432615" r22="0.9971639" r23="-0.011825071" r24="0" r31="0.21839881" r32="0.027846634" r33="0.9754622" r34="0" r41="2325.6" r42="3.861232" r43="1502.5256" r44="1"></containerEntry>
          <containerEntry r11="-0.83114547" r12="-0.0051168315" r13="-0.5560299" r14="0" r21="0.10381983" r22="0.9809458" r23="-0.16421556" r24="0" r31="0.5462755" r32="-0.19421414" r33="-0.81477743" r34="0" r41="2341.0254" r42="3.932647" r43="1495.1857" r44="1"></containerEntry>
        </property>
        <property name="colors" type="UInt32" container="DynamicArray" arraySize="2">
          <containerEntry>4294967295</containerEntry>
          <containerEntry>4294967295</containerEntry>
        </property>
      </staticProperties>
      <dynamicProperties></dynamicProperties>
    </entity>
    <entity class="StaticModelArray" classVersion="4" classID="0xD0" addr="0x317DF30" id="0x0">
      <staticProperties>
        <property name="name" type="String" container="StaticArray" arraySize="1">
          <containerEntry>StaticModelArray0004</containerEntry>
        </property>
        <property name="dataSet" type="EntityHandle" container="StaticArray" arraySize="1">
          <containerEntry>0x32F1F20</containerEntry>
        </property>
        <property name="modelFile" type="FilePtr" container="StaticArray" arraySize="1">
          <containerEntry>/Assets/tpp/environ/object/middle_africa/cliff/mafr_clff003/scenes/mafr_clff003_vrtn001.fmdl</containerEntry>
        </property>
        <property name="geomFile" type="FilePtr" container="StaticArray" arraySize="1">
          <containerEntry>/Assets/tpp/environ/object/middle_africa/cliff/mafr_clff003/scenes/mafr_clff003_vrtn001.geom</containerEntry>
        </property>
        <property name="isVisibleGeom" type="Bool" container="StaticArray" arraySize="1">
          <containerEntry>false</containerEntry>
        </property>
        <property name="lodFarSize" type="Float" container="StaticArray" arraySize="1">
          <containerEntry>-1</containerEntry>
        </property>
        <property name="lodNearSize" type="Float" container="StaticArray" arraySize="1">
          <containerEntry>-1</containerEntry>
        </property>
        <property name="lodPolygonSize" type="Float" container="StaticArray" arraySize="1">
          <containerEntry>-1</containerEntry>
        </property>
        <property name="drawRejectionLevel" type="Int32" container="StaticArray" arraySize="1">
          <containerEntry>8</containerEntry>
        </property>
        <property name="drawMode" type="Int32" container="StaticArray" arraySize="1">
          <containerEntry>0</containerEntry>
        </property>
        <property name="rejectFarRangeShadowCast" type="Int32" container="StaticArray" arraySize="1">
          <containerEntry>2</containerEntry>
        </property>
        <property name="parentLocator" type="EntityLink" container="StaticArray" arraySize="1">
          <containerEntry packagePathHash="0xB8A0BF169F98" archivePathHash="0xB8A0BF169F98" nameInArchiveHash="0xB8A0BF169F98">0x0</containerEntry>
        </property>
        <property name="transforms" type="Matrix4" container="DynamicArray" arraySize="27">
          <containerEntry r11="0.8103105" r12="-0.10035036" r13="-0.5773272" r14="0" r21="-0.33255944" r22="0.73244226" r23="-0.59407794" r24="0" r31="0.48247626" r32="0.67338526" r33="0.56013495" r34="0" r41="2326.1887" r42="-0.951107" r43="1490.88" r44="1"></containerEntry>
          <containerEntry r11="-0.55666953" r12="0.016037812" r13="-0.502342" r14="0" r21="-0.15193944" r22="0.7091723" r23="0.1910128" r24="0" r31="0.47908312" r32="0.2435439" r33="-0.5231198" r34="0" r41="2347.441" r42="1.520562" r43="1499.6324" r44="1"></containerEntry>
          <containerEntry r11="-0.74435306" r12="0.08958575" r13="0.019989844" r14="0" r21="0.085868716" r22="0.62191826" r23="0.41029394" r24="0" r31="0.032432787" r32="0.40949604" r33="-0.62749565" r34="0" r41="2340.4" r42="-0.162773" r43="1487.9093" r44="1"></containerEntry>
          <containerEntry r11="0.21931453" r12="-0.1077441" r13="0.9696834" r14="0" r21="0.8077184" r22="0.57753193" r23="-0.11850861" r24="0" r31="-0.5472528" r32="0.8092246" r33="0.2136898" r34="0" r41="2383.7515" r42="-6.064178" r43="1518.6567" r44="1"></containerEntry>
          <containerEntry r11="-0.1597543" r12="0.13844958" r13="0.97739494" r14="0" r21="0.85780096" r22="0.509454" r23="0.068045855" r24="0" r31="-0.48851487" r32="0.84928465" r33="-0.20014787" r34="0" r41="2389.9067" r42="-9.468586" r43="1483.0374" r44="1"></containerEntry>
          <containerEntry r11="0.69775236" r12="-0.07309912" r13="0.26513752" r14="0" r21="0.22446898" r22="0.5691399" r23="-0.4338116" r24="0" r31="-0.15891843" r32="0.4829445" r33="0.5513697" r34="0" r41="2389.9067" r42="-10.457407" r43="1460.3541" r44="1"></containerEntry>
          <containerEntry r11="0.7407127" r12="-0.05330184" r13="0.10489757" r14="0" r21="0.117339894" r22="0.28510737" r23="-0.6836975" r24="0" r31="0.008714156" r32="0.6916429" r33="0.2899162" r34="0" r41="2360.5254" r42="-6.08112" r43="1454.0203" r44="1"></containerEntry>
          <containerEntry r11="0.4007721" r12="-0.02354443" r13="0.6335028" r14="0" r21="0.49933547" r22="0.47347945" r23="-0.2982952" r24="0" r31="-0.3905691" r32="0.5811726" r33="0.26868567" r34="0" r41="2341.9194" r42="-6.066267" r43="1456.8472" r44="1"></containerEntry>
          <containerEntry r11="0.74058306" r12="-0.10484326" r13="0.6637281" r14="0" r21="0.5930372" r22="0.56644017" r23="-0.5722317" r24="0" r31="-0.31596854" r32="0.81740195" r33="0.48167273" r34="0" r41="2402.0938" r42="-13.321988" r43="1461.8527" r44="1"></containerEntry>
          <containerEntry r11="0.47441277" r12="-0.06646968" r13="0.5770724" r14="0" r21="0.48530987" r22="0.45480883" r23="-0.34658545" r24="0" r31="-0.31922585" r32="0.59264565" r33="0.3307013" r34="0" r41="2350.1707" r42="-14.411492" r43="1414.8589" r44="1"></containerEntry>
          <containerEntry r11="-0.27019924" r12="0.07726279" r13="0.959695" r14="0" r21="0.8528534" r22="0.48176944" r23="0.2013354" r24="0" r31="-0.44679427" r32="0.8728833" r33="-0.1960656" r34="0" r41="2339.378" r42="-4.597896" r43="1463.8683" r44="1"></containerEntry>
          <containerEntry r11="-0.71774936" r12="-0.010898307" r13="-0.21726926" r14="0" r21="-0.16265391" r22="0.5242984" r23="0.5110315" r24="0" r31="0.14445904" r32="0.53618157" r33="-0.50411445" r34="0" r41="2346.7383" r42="-13.657193" r43="1414.8589" r44="1"></containerEntry>
          <containerEntry r11="0.7892134" r12="-0.11494114" r13="-0.60326505" r14="0" r21="-0.32930365" r22="0.7499547" r23="-0.5736939" r24="0" r31="0.51836216" r32="0.65142465" r33="0.55402386" r34="0" r41="2329.3574" r42="-3.192602" r43="1463.0798" r44="1"></containerEntry>
          <containerEntry r11="0.78614813" r12="-0.03885418" r13="0.6168144" r14="0" r21="0.54887855" r22="0.50263536" r23="-0.6678972" r24="0" r31="-0.28408098" r32="0.863623" r33="0.41647243" r34="0" r41="2351.7349" r42="-3.790447" r43="1480.4812" r44="1"></containerEntry>
          <containerEntry r11="-0.68665725" r12="-0.003875479" r13="-0.30162707" r14="0" r21="-0.1670553" r22="0.6293211" r23="0.37221885" r24="0" r31="0.25117013" r32="0.40796977" r33="-0.57703286" r34="0" r41="2352.6018" r42="-1.545669" r43="1486.3376" r44="1"></containerEntry>
          <containerEntry r11="0.52826774" r12="-0.09687249" r13="-0.8435312" r14="0" r21="-0.5416954" r22="0.726572" r23="-0.42267832" r24="0" r31="0.6538312" r32="0.6802254" r33="0.3313495" r34="0" r41="2311.517" r42="-1.205612" r43="1489.2526" r44="1"></containerEntry>
          <containerEntry r11="-0.7343816" r12="0.027894557" r13="0.14963838" r14="0" r21="0.10056816" r22="0.6423761" r23="0.37381244" r24="0" r31="-0.11426298" r32="0.38609585" r33="-0.6327426" r34="0" r41="2354.3901" r42="0.884866" r43="1515.8451" r44="1"></containerEntry>
          <containerEntry r11="0.9190846" r12="-0.12668218" r13="0.373142" r14="0" r21="0.35199815" r22="0.6896059" r23="-0.63288265" r24="0" r31="-0.17714582" r32="0.7130181" r33="0.67839813" r34="0" r41="2352.957" r42="0.499215" r43="1524.7881" r44="1"></containerEntry>
          <containerEntry r11="-0.031647265" r12="0.1558978" r13="-0.9872657" r14="0" r21="-0.76152605" r22="0.6359973" r23="0.124840796" r24="0" r31="0.6473607" r32="0.75577974" r33="0.09859282" r34="0" r41="2336.8367" r42="-0.379812" r43="1529.2738" r44="1"></containerEntry>
          <containerEntry r11="0.5417491" r12="0.08307443" r13="-0.5119632" r14="0" r21="-0.43779328" r22="0.4702075" r23="-0.3869647" r24="0" r31="0.27810925" r32="0.5783626" r33="0.38813862" r34="0" r41="2310.2815" r42="-1.222983" r43="1511.6122" r44="1"></containerEntry>
          <containerEntry r11="0.019247204" r12="0.009772569" r13="0.9997639" r14="0" r21="0.67220366" r22="0.74009037" r23="-0.020173252" r24="0" r31="-0.7401119" r32="0.6724352" r33="0.0076763034" r34="0" r41="2357.6382" r42="-2.440148" r43="1492.0496" r44="1"></containerEntry>
          <containerEntry r11="-0.6933651" r12="-0.060577534" r13="-0.2793903" r14="0" r21="-0.14103328" r22="0.7100507" r23="0.19605389" r24="0" r31="0.2486729" r32="0.23379025" r33="-0.6678233" r34="0" r41="2310.3367" r42="-8.91721" r43="1422.7748" r44="1"></containerEntry>
          <containerEntry r11="-0.052582204" r12="0.040333785" r13="-0.7470626" r14="0" r21="-0.5204106" r22="0.53607035" r23="0.065573886" r24="0" r31="0.53749627" r32="0.5229726" r33="-0.009595603" r34="0" r41="2409.8691" r42="-12.691561" r43="1420.8682" r44="1"></containerEntry>
          <containerEntry r11="0.34252074" r12="-0.06121476" r13="-0.6644014" r14="0" r21="-0.5282715" r22="0.43131718" r23="-0.31207746" r24="0" r31="0.40756068" r32="0.6105046" r33="0.15386343" r34="0" r41="2427.9792" r42="-11.609799" r43="1435.4218" r44="1"></containerEntry>
          <containerEntry r11="0.7208595" r12="-0.10133567" r13="0.1805337" r14="0" r21="0.1935419" r22="0.5620577" r23="-0.45730823" r24="0" r31="-0.07350421" r32="0.48612794" r33="0.56636995" r34="0" r41="2316.8394" r42="-6.713022" r43="1430.9055" r44="1"></containerEntry>
          <containerEntry r11="-0.88167876" r12="-0.1572553" r13="-0.4448477" r14="0" r21="-0.32388568" r22="0.8873189" r23="0.32827088" r24="0" r31="0.34309882" r32="0.4335141" r33="-0.83326197" r34="0" r41="2306.538" r42="-6.159554" r43="1439.0199" r44="1"></containerEntry>
          <containerEntry r11="0.9488225" r12="-0.21553805" r13="-0.2308217" r14="0" r21="-0.03928888" r22="0.6446525" r23="-0.7634627" r24="0" r31="0.31335554" r32="0.7334592" r33="0.60319257" r34="0" r41="2314.84" r42="-5.309506" r43="1447.088" r44="1"></containerEntry>
        </property>
        <property name="colors" type="UInt32" container="DynamicArray" arraySize="27">
          <containerEntry>4294967295</containerEntry>
          <containerEntry>4294967295</containerEntry>
          <containerEntry>4294967295</containerEntry>
          <containerEntry>4294967295</containerEntry>
          <containerEntry>4294967295</containerEntry>
          <containerEntry>4294967295</containerEntry>
          <containerEntry>4294967295</containerEntry>
          <containerEntry>4294967295</containerEntry>
          <containerEntry>4294967295</containerEntry>
          <containerEntry>4294967295</containerEntry>
          <containerEntry>4294967295</containerEntry>
          <containerEntry>4294967295</containerEntry>
          <containerEntry>4294967295</containerEntry>
          <containerEntry>4294967295</containerEntry>
          <containerEntry>4294967295</containerEntry>
          <containerEntry>4294967295</containerEntry>
          <containerEntry>4294967295</containerEntry>
          <containerEntry>4294967295</containerEntry>
          <containerEntry>4294967295</containerEntry>
          <containerEntry>4294967295</containerEntry>
          <containerEntry>4294967295</containerEntry>
          <containerEntry>4294967295</containerEntry>
          <containerEntry>4294967295</containerEntry>
          <containerEntry>4294967295</containerEntry>
          <containerEntry>4294967295</containerEntry>
          <containerEntry>4294967295</containerEntry>
          <containerEntry>4294967295</containerEntry>
        </property>
      </staticProperties>
      <dynamicProperties></dynamicProperties>
    </entity>
    <entity class="StaticModelArray" classVersion="4" classID="0xD0" addr="0x32F23F0" id="0x0">
      <staticProperties>
        <property name="name" type="String" container="StaticArray" arraySize="1">
          <containerEntry>StaticModelArray0005</containerEntry>
        </property>
        <property name="dataSet" type="EntityHandle" container="StaticArray" arraySize="1">
          <containerEntry>0x32F1F20</containerEntry>
        </property>
        <property name="modelFile" type="FilePtr" container="StaticArray" arraySize="1">
          <containerEntry>/Assets/tpp/environ/object/middle_africa/mud/mafr_mudd003/scenes/mafr_mudd003_rock001.fmdl</containerEntry>
        </property>
        <property name="geomFile" type="FilePtr" container="StaticArray" arraySize="1">
          <containerEntry>/Assets/tpp/environ/object/middle_africa/mud/mafr_mudd003/scenes/mafr_mudd003_rock001.geom</containerEntry>
        </property>
        <property name="isVisibleGeom" type="Bool" container="StaticArray" arraySize="1">
          <containerEntry>false</containerEntry>
        </property>
        <property name="lodFarSize" type="Float" container="StaticArray" arraySize="1">
          <containerEntry>-1</containerEntry>
        </property>
        <property name="lodNearSize" type="Float" container="StaticArray" arraySize="1">
          <containerEntry>-1</containerEntry>
        </property>
        <property name="lodPolygonSize" type="Float" container="StaticArray" arraySize="1">
          <containerEntry>-1</containerEntry>
        </property>
        <property name="drawRejectionLevel" type="Int32" container="StaticArray" arraySize="1">
          <containerEntry>8</containerEntry>
        </property>
        <property name="drawMode" type="Int32" container="StaticArray" arraySize="1">
          <containerEntry>0</containerEntry>
        </property>
        <property name="rejectFarRangeShadowCast" type="Int32" container="StaticArray" arraySize="1">
          <containerEntry>2</containerEntry>
        </property>
        <property name="parentLocator" type="EntityLink" container="StaticArray" arraySize="1">
          <containerEntry packagePathHash="0xB8A0BF169F98" archivePathHash="0xB8A0BF169F98" nameInArchiveHash="0xB8A0BF169F98">0x0</containerEntry>
        </property>
        <property name="transforms" type="Matrix4" container="DynamicArray" arraySize="5">
          <containerEntry r11="0.5128834" r12="0.082622305" r13="0.85447294" r14="0" r21="-0.5599203" r22="0.78669024" r23="0.26001483" r24="0" r31="-0.65072244" r32="-0.61179405" r33="0.44974232" r34="0" r41="2418.9697" r42="-14.019438" r43="1441.0142" r44="1"></containerEntry>
          <containerEntry r11="-0.8132041" r12="-0.030967977" r13="-0.5811546" r14="0" r21="-0.027821733" r22="0.99950916" r23="-0.0143301645" r24="0" r31="0.5813137" r32="0.004515386" r33="-0.81366736" r34="0" r41="2406.2312" r42="-13.42667" r43="1457.1223" r44="1"></containerEntry>
          <containerEntry r11="0.36235988" r12="-0.22587878" r13="0.90425265" r14="0" r21="0.05509869" r22="0.9736838" r23="0.22114259" r24="0" r31="-0.9304075" r32="-0.030309863" r33="0.3652696" r34="0" r41="2401.6006" r42="-14.767756" r43="1420.5648" r44="1"></containerEntry>
          <containerEntry r11="0.9855634" r12="-0.0987829" r13="-0.13750158" r14="0" r21="0.08023966" r22="0.9876688" r23="-0.13442396" r24="0" r31="0.14908497" r32="0.121450365" r33="0.98133755" r34="0" r41="2417.6526" r42="-14.30818" r43="1475.6002" r44="1"></containerEntry>
          <containerEntry r11="0.018752933" r12="-0.024915516" r13="-0.99951375" r14="0" r21="-0.6943473" r22="0.7189728" r23="-0.03094974" r24="0" r31="0.71939504" r32="0.69459075" r33="-0.0038172007" r34="0" r41="2427.6042" r42="-15.879425" r43="1466.892" r44="1"></containerEntry>
        </property>
        <property name="colors" type="UInt32" container="DynamicArray" arraySize="5">
          <containerEntry>4294967295</containerEntry>
          <containerEntry>4294967295</containerEntry>
          <containerEntry>4294967295</containerEntry>
          <containerEntry>4294967295</containerEntry>
          <containerEntry>4294967295</containerEntry>
        </property>
      </staticProperties>
      <dynamicProperties></dynamicProperties>
    </entity>
    <entity class="StaticModelArray" classVersion="4" classID="0xD0" addr="0x317B450" id="0x0">
      <staticProperties>
        <property name="name" type="String" container="StaticArray" arraySize="1">
          <containerEntry>StaticModelArray0006</containerEntry>
        </property>
        <property name="dataSet" type="EntityHandle" container="StaticArray" arraySize="1">
          <containerEntry>0x32F1F20</containerEntry>
        </property>
        <property name="modelFile" type="FilePtr" container="StaticArray" arraySize="1">
          <containerEntry>/Assets/tpp/environ/object/middle_africa/mud/mafr_mudd003/scenes/mafr_mudd003.fmdl</containerEntry>
        </property>
        <property name="geomFile" type="FilePtr" container="StaticArray" arraySize="1">
          <containerEntry>/Assets/tpp/environ/object/middle_africa/mud/mafr_mudd003/scenes/mafr_mudd003.geom</containerEntry>
        </property>
        <property name="isVisibleGeom" type="Bool" container="StaticArray" arraySize="1">
          <containerEntry>false</containerEntry>
        </property>
        <property name="lodFarSize" type="Float" container="StaticArray" arraySize="1">
          <containerEntry>-1</containerEntry>
        </property>
        <property name="lodNearSize" type="Float" container="StaticArray" arraySize="1">
          <containerEntry>-1</containerEntry>
        </property>
        <property name="lodPolygonSize" type="Float" container="StaticArray" arraySize="1">
          <containerEntry>-1</containerEntry>
        </property>
        <property name="drawRejectionLevel" type="Int32" container="StaticArray" arraySize="1">
          <containerEntry>8</containerEntry>
        </property>
        <property name="drawMode" type="Int32" container="StaticArray" arraySize="1">
          <containerEntry>0</containerEntry>
        </property>
        <property name="rejectFarRangeShadowCast" type="Int32" container="StaticArray" arraySize="1">
          <containerEntry>2</containerEntry>
        </property>
        <property name="parentLocator" type="EntityLink" container="StaticArray" arraySize="1">
          <containerEntry packagePathHash="0xB8A0BF169F98" archivePathHash="0xB8A0BF169F98" nameInArchiveHash="0xB8A0BF169F98">0x0</containerEntry>
        </property>
        <property name="transforms" type="Matrix4" container="DynamicArray" arraySize="2">
          <containerEntry r11="0.9913894" r12="0" r13="0.13093908" r14="0" r21="0" r22="1" r23="0" r24="0" r31="-0.13093908" r32="0" r33="0.9913894" r34="0" r41="2413.4932" r42="-12.211132" r43="1454.3029" r44="1"></containerEntry>
          <containerEntry r11="0.26226863" r12="0" r13="0.9649942" r14="0" r21="0" r22="1" r23="0" r24="0" r31="-0.9649942" r32="0" r33="0.26226863" r34="0" r41="2413.461" r42="-12.211132" r43="1440.1295" r44="1"></containerEntry>
        </property>
        <property name="colors" type="UInt32" container="DynamicArray" arraySize="2">
          <containerEntry>4294967295</containerEntry>
          <containerEntry>4294967295</containerEntry>
        </property>
      </staticProperties>
      <dynamicProperties></dynamicProperties>
    </entity>
    <entity class="StaticModelArray" classVersion="4" classID="0xD0" addr="0x317DC90" id="0x0">
      <staticProperties>
        <property name="name" type="String" container="StaticArray" arraySize="1">
          <containerEntry>StaticModelArray0007</containerEntry>
        </property>
        <property name="dataSet" type="EntityHandle" container="StaticArray" arraySize="1">
          <containerEntry>0x32F1F20</containerEntry>
        </property>
        <property name="modelFile" type="FilePtr" container="StaticArray" arraySize="1">
          <containerEntry>/Assets/tpp/environ/object/middle_africa/rock/mafr_rock002/scenes/mafr_rock002.fmdl</containerEntry>
        </property>
        <property name="geomFile" type="FilePtr" container="StaticArray" arraySize="1">
