<fox formatVersion="2" fileVersion="0">
  <entities>
    <entity class="DataSet" classVersion="0" classID="0xE8" addr="0x2F029A0" id="0x11E337">
      <staticProperties>
        <property name="name" type="String" container="StaticArray" arraySize="1">
          <containerEntry hash="0xB8A0BF169F98"></containerEntry>
        </property>
        <property name="dataSet" type="EntityHandle" container="StaticArray" arraySize="1">
          <containerEntry>0x0</containerEntry>
        </property>
        <property name="dataList" type="EntityPtr" container="StringMap" arraySize="6">
          <containerEntry key="StaticModelArray0000">
            <data>0x2D79380</data>
          </containerEntry>
          <containerEntry key="StaticModelArray0001">
            <data>0x2D793F0</data>
          </containerEntry>
          <containerEntry key="StaticModelArray0002">
            <data>0x2D79460</data>
          </containerEntry>
          <containerEntry key="StaticModelArray0003">
            <data>0x2D79540</data>
          </containerEntry>
          <containerEntry key="StaticModelArray0004">
            <data>0x2D794D0</data>
          </containerEntry>
          <containerEntry key="TexturePackLoadConditioner0000">
            <data>0x2D79930</data>
          </containerEntry>
        </property>
      </staticProperties>
      <dynamicProperties></dynamicProperties>
    </entity>
    <entity class="StaticModelArray" classVersion="4" classID="0xD0" addr="0x2D79380" id="0x0">
      <staticProperties>
        <property name="name" type="String" container="StaticArray" arraySize="1">
          <containerEntry>StaticModelArray0000</containerEntry>
        </property>
        <property name="dataSet" type="EntityHandle" container="StaticArray" arraySize="1">
          <containerEntry>0x2F029A0</containerEntry>
        </property>
        <property name="modelFile" type="FilePtr" container="StaticArray" arraySize="1">
          <containerEntry>/Assets/tpp/environ/object/afghanistan/cliff/afgh_clff029/scenes/afgh_clff029.fmdl</containerEntry>
        </property>
        <property name="geomFile" type="FilePtr" container="StaticArray" arraySize="1">
          <containerEntry>/Assets/tpp/environ/object/afghanistan/cliff/afgh_clff029/scenes/afgh_clff029.geom</containerEntry>
        </property>
        <property name="isVisibleGeom" type="Bool" container="StaticArray" arraySize="1">
          <containerEntry>false</containerEntry>
        </property>
        <property name="lodFarSize" type="Float" container="StaticArray" arraySize="1">
          <containerEntry>-1</containerEntry>
        </property>
        <property name="lodNearSize" type="Float" container="StaticArray" arraySize="1">
          <containerEntry>-1</containerEntry>
        </property>
        <property name="lodPolygonSize" type="Float" container="StaticArray" arraySize="1">
          <containerEntry>-1</containerEntry>
        </property>
        <property name="drawRejectionLevel" type="Int32" container="StaticArray" arraySize="1">
          <containerEntry>8</containerEntry>
        </property>
        <property name="drawMode" type="Int32" container="StaticArray" arraySize="1">
          <containerEntry>0</containerEntry>
        </property>
        <property name="rejectFarRangeShadowCast" type="Int32" container="StaticArray" arraySize="1">
          <containerEntry>2</containerEntry>
        </property>
        <property name="parentLocator" type="EntityLink" container="StaticArray" arraySize="1">
          <containerEntry packagePathHash="0xB8A0BF169F98" archivePathHash="0xB8A0BF169F98" nameInArchiveHash="0xB8A0BF169F98">0x0</containerEntry>
        </property>
        <property name="transforms" type="Matrix4" container="DynamicArray" arraySize="2">
          <containerEntry r11="-0.23701024" r12="0" r13="0.97150284" r14="0" r21="0" r22="1" r23="0" r24="0" r31="-0.97150284" r32="0" r33="-0.23701024" r34="0" r41="1521.0237" r42="321.64444" r43="2388.2144" r44="1"></containerEntry>
          <containerEntry r11="0.16418928" r12="0" r13="0.98642725" r14="0" r21="0" r22="1" r23="0" r24="0" r31="-0.98642725" r32="0" r33="0.16418928" r34="0" r41="1520.3313" r42="319.93222" r43="2360.1934" r44="1"></containerEntry>
        </property>
        <property name="colors" type="UInt32" container="DynamicArray" arraySize="2">
          <containerEntry>4294967295</containerEntry>
          <containerEntry>4294967295</containerEntry>
        </property>
      </staticProperties>
      <dynamicProperties></dynamicProperties>
    </entity>
    <entity class="StaticModelArray" classVersion="4" classID="0xD0" addr="0x2D793F0" id="0x0">
      <staticProperties>
        <property name="name" type="String" container="StaticArray" arraySize="1">
          <containerEntry>StaticModelArray0001</containerEntry>
        </property>
        <property name="dataSet" type="EntityHandle" container="StaticArray" arraySize="1">
          <containerEntry>0x2F029A0</containerEntry>
        </property>
        <property name="modelFile" type="FilePtr" container="StaticArray" arraySize="1">
          <containerEntry>/Assets/tpp/environ/object/afghanistan/rock/afgh_rock001/scenes/afgh_rock001_vrtn001.fmdl</containerEntry>
        </property>
        <property name="geomFile" type="FilePtr" container="StaticArray" arraySize="1">
          <containerEntry>/Assets/tpp/environ/object/afghanistan/rock/afgh_rock001/scenes/afgh_rock001_vrtn001.geom</containerEntry>
        </property>
        <property name="isVisibleGeom" type="Bool" container="StaticArray" arraySize="1">
          <containerEntry>false</containerEntry>
        </property>
        <property name="lodFarSize" type="Float" container="StaticArray" arraySize="1">
          <containerEntry>-1</containerEntry>
        </property>
        <property name="lodNearSize" type="Float" container="StaticArray" arraySize="1">
          <containerEntry>-1</containerEntry>
        </property>
        <property name="lodPolygonSize" type="Float" container="StaticArray" arraySize="1">
          <containerEntry>-1</containerEntry>
        </property>
        <property name="drawRejectionLevel" type="Int32" container="StaticArray" arraySize="1">
          <containerEntry>8</containerEntry>
        </property>
        <property name="drawMode" type="Int32" container="StaticArray" arraySize="1">
          <containerEntry>0</containerEntry>
        </property>
        <property name="rejectFarRangeShadowCast" type="Int32" container="StaticArray" arraySize="1">
          <containerEntry>2</containerEntry>
        </property>
        <property name="parentLocator" type="EntityLink" container="StaticArray" arraySize="1">
          <containerEntry packagePathHash="0xB8A0BF169F98" archivePathHash="0xB8A0BF169F98" nameInArchiveHash="0xB8A0BF169F98">0x0</containerEntry>
        </property>
        <property name="transforms" type="Matrix4" container="DynamicArray" arraySize="2">
          <containerEntry r11="0.78879726" r12="0.0304306" r13="-0.6138995" r14="0" r21="-0.27820104" r22="0.90828836" r23="-0.312436" r24="0" r31="0.54809016" r32="0.41723624" r33="0.7249212" r34="0" r41="1408.5988" r42="308.24246" r43="2330" r44="1"></containerEntry>
          <containerEntry r11="-0.74296683" r12="-0.15522343" r13="0.65107745" r14="0" r21="0.3841781" r22="-0.8954413" r23="0.22491702" r24="0" r31="0.54809064" r32="0.41723636" r33="0.7249206" r34="0" r41="1420.245" r42="305.65707" r43="2326.5317" r44="1"></containerEntry>
        </property>
        <property name="colors" type="UInt32" container="DynamicArray" arraySize="2">
          <containerEntry>4294967295</containerEntry>
          <containerEntry>4294967295</containerEntry>
        </property>
      </staticProperties>
      <dynamicProperties></dynamicProperties>
    </entity>
    <entity class="StaticModelArray" classVersion="4" classID="0xD0" addr="0x2D79460" id="0x0">
      <staticProperties>
        <property name="name" type="String" container="StaticArray" arraySize="1">
          <containerEntry>StaticModelArray0002</containerEntry>
        </property>
        <property name="dataSet" type="EntityHandle" container="StaticArray" arraySize="1">
          <containerEntry>0x2F029A0</containerEntry>
        </property>
        <property name="modelFile" type="FilePtr" container="StaticArray" arraySize="1">
          <containerEntry>/Assets/tpp/environ/object/middle_africa/rock/mafr_rock010/scenes/mafr_rock010_vrtn001.fmdl</containerEntry>
        </property>
        <property name="geomFile" type="FilePtr" container="StaticArray" arraySize="1">
          <containerEntry>/Assets/tpp/environ/object/middle_africa/rock/mafr_rock010/scenes/mafr_rock010_vrtn001.geom</containerEntry>
        </property>
        <property name="isVisibleGeom" type="Bool" container="StaticArray" arraySize="1">
          <containerEntry>false</containerEntry>
        </property>
        <property name="lodFarSize" type="Float" container="StaticArray" arraySize="1">
          <containerEntry>-1</containerEntry>
        </property>
        <property name="lodNearSize" type="Float" container="StaticArray" arraySize="1">
          <containerEntry>-1</containerEntry>
        </property>
        <property name="lodPolygonSize" type="Float" container="StaticArray" arraySize="1">
          <containerEntry>-1</containerEntry>
        </property>
        <property name="drawRejectionLevel" type="Int32" container="StaticArray" arraySize="1">
          <containerEntry>8</containerEntry>
        </property>
        <property name="drawMode" type="Int32" container="StaticArray" arraySize="1">
          <containerEntry>0</containerEntry>
        </property>
        <property name="rejectFarRangeShadowCast" type="Int32" container="StaticArray" arraySize="1">
          <containerEntry>2</containerEntry>
        </property>
        <property name="parentLocator" type="EntityLink" container="StaticArray" arraySize="1">
          <containerEntry packagePathHash="0xB8A0BF169F98" archivePathHash="0xB8A0BF169F98" nameInArchiveHash="0xB8A0BF169F98">0x0</containerEntry>
        </property>
        <property name="transforms" type="Matrix4" container="DynamicArray" arraySize="7">
          <containerEntry r11="0.947096" r12="0.31830102" r13="0.041153554" r14="0" r21="-0.31359655" r22="0.94504756" r23="-0.09242432" r24="0" r31="-0.06831084" r32="0.07462907" r33="0.99486893" r34="0" r41="1499.1008" r42="316.64032" r43="2320" r44="1"></containerEntry>
          <containerEntry r11="-0.08070245" r12="-0.12350804" r13="-0.989056" r14="0" r21="-0.07422782" r22="0.99028254" r23="-0.11760445" r24="0" r31="0.9939699" r32="0.06392446" r33="-0.08908594" r34="0" r41="1500" r42="317.11023" r43="2326" r44="1"></containerEntry>
          <containerEntry r11="-0.27544534" r12="-0.09139433" r13="-0.9569613" r14="0" r21="0.033393487" r22="0.9939599" r23="-0.10453959" r24="0" r31="0.96073544" r32="-0.06075135" r33="-0.27072966" r34="0" r41="1434.6251" r42="304.09488" r43="2335.9531" r44="1"></containerEntry>
          <containerEntry r11="-0.8207911" r12="0.20983678" r13="-0.53128576" r14="0" r21="0.23433545" r22="0.9719105" r23="0.02183646" r24="0" r31="0.52094424" r32="-0.106576055" r33="-0.84690773" r34="0" r41="1418.4667" r42="306.10196" r43="2336.8823" r44="1"></containerEntry>
          <containerEntry r11="-0.49598798" r12="0.10816536" r13="0.86156356" r14="0" r21="0.11620969" r22="0.99155396" r23="-0.05758467" r24="0" r31="-0.8605155" r32="0.071560755" r33="-0.5043687" r34="0" r41="1419.4574" r42="318.79898" r43="2362.5188" r44="1"></containerEntry>
          <containerEntry r11="0.77351445" r12="0.009495717" r13="-0.6337076" r14="0" r21="-0.09476957" r22="0.990379" r23="-0.10083719" r24="0" r31="0.62665313" r32="0.13805522" r33="0.76697236" r34="0" r41="1524.4684" r42="323.58325" r43="2356" r44="1"></containerEntry>
          <containerEntry r11="-0.08070245" r12="-0.12350804" r13="-0.989056" r14="0" r21="-0.07422782" r22="0.99028254" r23="-0.11760445" r24="0" r31="0.9939699" r32="0.06392446" r33="-0.08908594" r34="0" r41="1452.9277" r42="315.17993" r43="2371.4612" r44="1"></containerEntry>
        </property>
        <property name="colors" type="UInt32" container="DynamicArray" arraySize="7">
          <containerEntry>4294967295</containerEntry>
          <containerEntry>4294967295</containerEntry>
          <containerEntry>4294967295</containerEntry>
          <containerEntry>4294967295</containerEntry>
          <containerEntry>4294967295</containerEntry>
          <containerEntry>4294967295</containerEntry>
          <containerEntry>4294967295</containerEntry>
        </property>
      </staticProperties>
      <dynamicProperties></dynamicProperties>
    </entity>
    <entity class="StaticModelArray" classVersion="4" classID="0xD0" addr="0x2D79540" id="0x0">
      <staticProperties>
        <property name="name" type="String" container="StaticArray" arraySize="1">
          <containerEntry>StaticModelArray0003</containerEntry>
        </property>
        <property name="dataSet" type="EntityHandle" container="StaticArray" arraySize="1">
          <containerEntry>0x2F029A0</containerEntry>
        </property>
        <property name="modelFile" type="FilePtr" container="StaticArray" arraySize="1">
          <containerEntry>/Assets/tpp/environ/object/afghanistan/cliff/afgh_clff027/scenes/afgh_clff027_vrtn006.fmdl</containerEntry>
        </property>
        <property name="geomFile" type="FilePtr" container="StaticArray" arraySize="1">
          <containerEntry>/Assets/tpp/environ/object/afghanistan/cliff/afgh_clff027/scenes/afgh_clff027_vrtn006.geom</containerEntry>
        </property>
        <property name="isVisibleGeom" type="Bool" container="StaticArray" arraySize="1">
          <containerEntry>false</containerEntry>
        </property>
        <property name="lodFarSize" type="Float" container="StaticArray" arraySize="1">
          <containerEntry>-1</containerEntry>
        </property>
        <property name="lodNearSize" type="Float" container="StaticArray" arraySize="1">
          <containerEntry>-1</containerEntry>
        </property>
        <property name="lodPolygonSize" type="Float" container="StaticArray" arraySize="1">
          <containerEntry>-1</containerEntry>
        </property>
        <property name="drawRejectionLevel" type="Int32" container="StaticArray" arraySize="1">
          <containerEntry>8</containerEntry>
        </property>
        <property name="drawMode" type="Int32" container="StaticArray" arraySize="1">
          <containerEntry>0</containerEntry>
        </property>
        <property name="rejectFarRangeShadowCast" type="Int32" container="StaticArray" arraySize="1">
          <containerEntry>2</containerEntry>
        </property>
        <property name="parentLocator" type="EntityLink" container="StaticArray" arraySize="1">
          <containerEntry packagePathHash="0xB8A0BF169F98" archivePathHash="0xB8A0BF169F98" nameInArchiveHash="0xB8A0BF169F98">0x0</containerEntry>
        </property>
        <property name="transforms" type="Matrix4" container="DynamicArray" arraySize="4">
          <containerEntry r11="-0.98176193" r12="0.052968513" r13="-0.18255718" r14="0" r21="0.03379194" r22="0.9937277" r23="0.106598966" r24="0" r31="0.18705852" r32="0.0984864" r33="-0.97739387" r34="0" r41="1442.7638" r42="318.39203" r43="2354.3127" r44="1"></containerEntry>
          <containerEntry r11="-0.8641487" r12="-0.1554505" r13="-0.47861302" r14="0" r21="-0.2775106" r22="0.94060993" r23="0.19555157" r24="0" r31="0.41978937" r32="0.3018074" r33="-0.8559658" r34="0" r41="1480.3888" r42="336.21005" r43="2434.5918" r44="1"></containerEntry>
          <containerEntry r11="-0.60397995" r12="-0.064674854" r13="0.7943651" r14="0" r21="0.03379131" r22="0.9937277" r23="0.10659882" r24="0" r31="-0.79627687" r32="0.091226764" r33="-0.5980061" r34="0" r41="1472.5143" r42="317.8955" r43="2356.741" r44="1"></containerEntry>
          <containerEntry r11="-0.98405904" r12="-0.1612097" r13="0.07499686" r14="0" r21="-0.14130428" r22="0.9651108" r23="0.22044055" r24="0" r31="-0.10791756" r32="0.20633073" r33="-0.9725054" r34="0" r41="1448.5427" r42="332.69058" r43="2418.5984" r44="1"></containerEntry>
        </property>
        <property name="colors" type="UInt32" container="DynamicArray" arraySize="4">
          <containerEntry>4294967295</containerEntry>
          <containerEntry>4294967295</containerEntry>
          <containerEntry>4294967295</containerEntry>
          <containerEntry>4294967295</containerEntry>
        </property>
      </staticProperties>
      <dynamicProperties></dynamicProperties>
    </entity>
    <entity class="StaticModelArray" classVersion="4" classID="0xD0" addr="0x2D794D0" id="0x0">
      <staticProperties>
        <property name="name" type="String" container="StaticArray" arraySize="1">
          <containerEntry>StaticModelArray0004</containerEntry>
        </property>
        <property name="dataSet" type="EntityHandle" container="StaticArray" arraySize="1">
          <containerEntry>0x2F029A0</containerEntry>
        </property>
        <property name="modelFile" type="FilePtr" container="StaticArray" arraySize="1">
          <containerEntry>/Assets/tpp/environ/object/afghanistan/cliff/afgh_clff027/scenes/afgh_clff027_vrtn005.fmdl</containerEntry>
        </property>
        <property name="geomFile" type="FilePtr" container="StaticArray" arraySize="1">
          <containerEntry>/Assets/tpp/environ/object/afghanistan/cliff/afgh_clff027/scenes/afgh_clff027_vrtn005.geom</containerEntry>
        </property>
        <property name="isVisibleGeom" type="Bool" container="StaticArray" arraySize="1">
          <containerEntry>false</containerEntry>
        </property>
        <property name="lodFarSize" type="Float" container="StaticArray" arraySize="1">
          <containerEntry>-1</containerEntry>
        </property>
        <property name="lodNearSize" type="Float" container="StaticArray" arraySize="1">
          <containerEntry>-1</containerEntry>
        </property>
        <property name="lodPolygonSize" type="Float" container="StaticArray" arraySize="1">
          <containerEntry>-1</containerEntry>
        </property>
        <property name="drawRejectionLevel" type="Int32" container="StaticArray" arraySize="1">
          <containerEntry>8</containerEntry>
        </property>
        <property name="drawMode" type="Int32" container="StaticArray" arraySize="1">
          <containerEntry>0</containerEntry>
        </property>
        <property name="rejectFarRangeShadowCast" type="Int32" container="StaticArray" arraySize="1">
          <containerEntry>2</containerEntry>
        </property>
        <property name="parentLocator" type="EntityLink" container="StaticArray" arraySize="1">
          <containerEntry packagePathHash="0xB8A0BF169F98" archivePathHash="0xB8A0BF169F98" nameInArchiveHash="0xB8A0BF169F98">0x0</containerEntry>
        </property>
        <property name="transforms" type="Matrix4" container="DynamicArray" arraySize="2">
          <containerEntry r11="-0.23678957" r12="-0.013712572" r13="0.9714641" r14="0" r21="0.026785674" r22="0.99942815" r23="0.020636171" r24="0" r31="-0.9711916" r32="0.030907754" r33="-0.23628688" r34="0" r41="1476.66" r42="314.30972" r43="2328.6626" r44="1"></containerEntry>
          <containerEntry r11="-0.2123721" r12="5.811453e-07" r13="0.9771902" r14="0" r21="0.40467554" r22="0.9102216" r23="0.08794691" r24="0" r31="-0.88945955" r32="0.41412193" r33="-0.19330597" r34="0" r41="1517.6322" r42="326.75244" r43="2307.8125" r44="1"></containerEntry>
        </property>
        <property name="colors" type="UInt32" container="DynamicArray" arraySize="2">
          <containerEntry>4294967295</containerEntry>
          <containerEntry>4294967295</containerEntry>
        </property>
      </staticProperties>
      <dynamicProperties></dynamicProperties>
    </entity>
    <entity class="TexturePackLoadConditioner" classVersion="0" classID="0x48" addr="0x2D79930" id="0x0">
      <staticProperties>
        <property name="name" type="String" container="StaticArray" arraySize="1">
          <containerEntry>TexturePackLoadConditioner0000</containerEntry>
        </property>
        <property name="dataSet" type="EntityHandle" container="StaticArray" arraySize="1">
          <containerEntry>0x2F029A0</containerEntry>
        </property>
        <property name="texturePackPath" type="Path" container="StaticArray" arraySize="1">
          <containerEntry hash="0xB8A0BF169F98"></containerEntry>
        </property>
      </staticProperties>
      <dynamicProperties></dynamicProperties>
    </entity>
  </entities>
</fox>