<fox formatVersion="2" fileVersion="0">
  <entities>
    <entity class="DataSet" classVersion="0" classID="0xE8" addr="0x2EE30A0" id="0x414783">
      <staticProperties>
        <property name="name" type="String" container="StaticArray" arraySize="1">
          <containerEntry hash="0xB8A0BF169F98"></containerEntry>
        </property>
        <property name="dataSet" type="EntityHandle" container="StaticArray" arraySize="1">
          <containerEntry>0x0</containerEntry>
        </property>
        <property name="dataList" type="EntityPtr" container="StringMap" arraySize="11">
          <containerEntry key="afgh_rock009_rock001_0013">
            <data>0x2EE2070</data>
          </containerEntry>
          <containerEntry key="afgh_rock010_0004">
            <data>0x2EE1F20</data>
          </containerEntry>
          <containerEntry key="ObjectBrushPlugin0000">
            <data>0x2D75CD0</data>
          </containerEntry>
          <containerEntry key="StaticModelArray0000">
            <data>0x2D7A260</data>
          </containerEntry>
          <containerEntry key="StaticModelArray0001">
            <data>0x2D7A2D0</data>
          </containerEntry>
          <containerEntry key="StaticModelArray0002">
            <data>0x2D7A340</data>
          </containerEntry>
          <containerEntry key="StaticModelArray0003">
            <data>0x2D7A420</data>
          </containerEntry>
          <containerEntry key="StaticModelArray0004">
            <data>0x2D7A490</data>
          </containerEntry>
          <containerEntry key="StaticModelArray0005">
            <data>0x2D7A3B0</data>
          </containerEntry>
          <containerEntry key="StaticModelArray0006">
            <data>0x2D7A500</data>
          </containerEntry>
          <containerEntry key="TexturePackLoadConditioner0000">
            <data>0x2D7A880</data>
          </containerEntry>
        </property>
      </staticProperties>
      <dynamicProperties></dynamicProperties>
    </entity>
    <entity class="StaticModel" classVersion="9" classID="0x160" addr="0x2EE2070" id="0x4147D8">
      <staticProperties>
        <property name="name" type="String" container="StaticArray" arraySize="1">
          <containerEntry>afgh_rock009_rock001_0013</containerEntry>
        </property>
        <property name="dataSet" type="EntityHandle" container="StaticArray" arraySize="1">
          <containerEntry>0x2EE30A0</containerEntry>
        </property>
        <property name="parent" type="EntityHandle" container="StaticArray" arraySize="1">
          <containerEntry>0x0</containerEntry>
        </property>
        <property name="transform" type="EntityPtr" container="StaticArray" arraySize="1">
          <containerEntry>0x2EE2000</containerEntry>
        </property>
        <property name="shearTransform" type="EntityPtr" container="StaticArray" arraySize="1">
          <containerEntry>0x0</containerEntry>
        </property>
        <property name="pivotTransform" type="EntityPtr" container="StaticArray" arraySize="1">
          <containerEntry>0x0</containerEntry>
        </property>
        <property name="children" type="EntityHandle" container="List"></property>
        <property name="flags" type="UInt32" container="StaticArray" arraySize="1">
          <containerEntry>3221225479</containerEntry>
        </property>
        <property name="modelFile" type="FilePtr" container="StaticArray" arraySize="1">
          <containerEntry>/Assets/tpp/environ/object/afghanistan/rock/afgh_rock009/scenes/afgh_rock009_rock001.fmdl</containerEntry>
        </property>
        <property name="geomFile" type="FilePtr" container="StaticArray" arraySize="1">
          <containerEntry>/Assets/tpp/environ/object/afghanistan/rock/afgh_rock009/scenes/afgh_rock009_rock001.geom</containerEntry>
        </property>
        <property name="isVisibleGeom" type="Bool" container="StaticArray" arraySize="1">
          <containerEntry>false</containerEntry>
        </property>
        <property name="isIsolated" type="Bool" container="StaticArray" arraySize="1">
          <containerEntry>false</containerEntry>
        </property>
        <property name="lodFarSize" type="Float" container="StaticArray" arraySize="1">
          <containerEntry>-1</containerEntry>
        </property>
        <property name="lodNearSize" type="Float" container="StaticArray" arraySize="1">
          <containerEntry>-1</containerEntry>
        </property>
        <property name="lodPolygonSize" type="Float" container="StaticArray" arraySize="1">
          <containerEntry>-1</containerEntry>
        </property>
        <property name="color" type="Color" container="StaticArray" arraySize="1">
          <containerEntry r="1" g="1" b="1" a="1"></containerEntry>
        </property>
        <property name="drawRejectionLevel" type="Int32" container="StaticArray" arraySize="1">
          <containerEntry>8</containerEntry>
        </property>
        <property name="drawMode" type="Int32" container="StaticArray" arraySize="1">
          <containerEntry>0</containerEntry>
        </property>
        <property name="rejectFarRangeShadowCast" type="Int32" container="StaticArray" arraySize="1">
          <containerEntry>2</containerEntry>
        </property>
      </staticProperties>
      <dynamicProperties></dynamicProperties>
    </entity>
    <entity class="TransformEntity" classVersion="0" classID="0x50" addr="0x2EE2000" id="0x4147DB">
      <staticProperties>
        <property name="owner" type="EntityHandle" container="StaticArray" arraySize="1">
          <containerEntry>0x2EE2070</containerEntry>
        </property>
        <property name="transform_scale" type="Vector3" container="StaticArray" arraySize="1">
          <containerEntry x="1" y="1" z="1" w="0"></containerEntry>
        </property>
        <property name="transform_rotation_quat" type="Quat" container="StaticArray" arraySize="1">
          <containerEntry x="-0.567476" y="-0.490894" z="-0.475194" w="0.459549"></containerEntry>
        </property>
        <property name="transform_translation" type="Vector3" container="StaticArray" arraySize="1">
          <containerEntry x="564.2845" y="336.57858" z="877.8937" w="0"></containerEntry>
        </property>
      </staticProperties>
      <dynamicProperties></dynamicProperties>
    </entity>
    <entity class="StaticModel" classVersion="9" classID="0x160" addr="0x2EE1F20" id="0x4147DF">
      <staticProperties>
        <property name="name" type="String" container="StaticArray" arraySize="1">
          <containerEntry>afgh_rock010_0004</containerEntry>
        </property>
        <property name="dataSet" type="EntityHandle" container="StaticArray" arraySize="1">
          <containerEntry>0x2EE30A0</containerEntry>
        </property>
        <property name="parent" type="EntityHandle" container="StaticArray" arraySize="1">
          <containerEntry>0x0</containerEntry>
        </property>
        <property name="transform" type="EntityPtr" container="StaticArray" arraySize="1">
          <containerEntry>0x2EE1EB0</containerEntry>
        </property>
        <property name="shearTransform" type="EntityPtr" container="StaticArray" arraySize="1">
          <containerEntry>0x0</containerEntry>
        </property>
        <property name="pivotTransform" type="EntityPtr" container="StaticArray" arraySize="1">
          <containerEntry>0x0</containerEntry>
        </property>
        <property name="children" type="EntityHandle" container="List"></property>
        <property name="flags" type="UInt32" container="StaticArray" arraySize="1">
          <containerEntry>3221225479</containerEntry>
        </property>
        <property name="modelFile" type="FilePtr" container="StaticArray" arraySize="1">
          <containerEntry>/Assets/tpp/environ/object/afghanistan/rock/afgh_rock010/scenes/afgh_rock010.fmdl</containerEntry>
        </property>
        <property name="geomFile" type="FilePtr" container="StaticArray" arraySize="1">
          <containerEntry>/Assets/tpp/environ/object/afghanistan/rock/afgh_rock010/scenes/afgh_rock010.geom</containerEntry>
        </property>
        <property name="isVisibleGeom" type="Bool" container="StaticArray" arraySize="1">
          <containerEntry>false</containerEntry>
        </property>
        <property name="isIsolated" type="Bool" container="StaticArray" arraySize="1">
          <containerEntry>false</containerEntry>
        </property>
        <property name="lodFarSize" type="Float" container="StaticArray" arraySize="1">
          <containerEntry>-1</containerEntry>
        </property>
        <property name="lodNearSize" type="Float" container="StaticArray" arraySize="1">
          <containerEntry>-1</containerEntry>
        </property>
        <property name="lodPolygonSize" type="Float" container="StaticArray" arraySize="1">
          <containerEntry>-1</containerEntry>
        </property>
        <property name="color" type="Color" container="StaticArray" arraySize="1">
          <containerEntry r="1" g="1" b="1" a="1"></containerEntry>
        </property>
        <property name="drawRejectionLevel" type="Int32" container="StaticArray" arraySize="1">
          <containerEntry>8</containerEntry>
        </property>
        <property name="drawMode" type="Int32" container="StaticArray" arraySize="1">
          <containerEntry>0</containerEntry>
        </property>
        <property name="rejectFarRangeShadowCast" type="Int32" container="StaticArray" arraySize="1">
          <containerEntry>2</containerEntry>
        </property>
      </staticProperties>
      <dynamicProperties></dynamicProperties>
    </entity>
    <entity class="TransformEntity" classVersion="0" classID="0x50" addr="0x2EE1EB0" id="0x4147E2">
      <staticProperties>
        <property name="owner" type="EntityHandle" container="StaticArray" arraySize="1">
          <containerEntry>0x2EE1F20</containerEntry>
        </property>
        <property name="transform_scale" type="Vector3" container="StaticArray" arraySize="1">
          <containerEntry x="1" y="1" z="1" w="0"></containerEntry>
        </property>
        <property name="transform_rotation_quat" type="Quat" container="StaticArray" arraySize="1">
          <containerEntry x="0.054105" y="-0.822964" z="0.025898" w="0.564919"></containerEntry>
        </property>
        <property name="transform_translation" type="Vector3" container="StaticArray" arraySize="1">
          <containerEntry x="577.50793" y="339.5303" z="809.2086" w="0"></containerEntry>
        </property>
      </staticProperties>
      <dynamicProperties></dynamicProperties>
    </entity>
    <entity class="ObjectBrushPlugin" classVersion="2" classID="0x4C" addr="0x2D75CD0" id="0xA08C28">
      <staticProperties>
        <property name="name" type="String" container="StaticArray" arraySize="1">
          <containerEntry>ObjectBrushPlugin0000</containerEntry>
        </property>
        <property name="dataSet" type="EntityHandle" container="StaticArray" arraySize="1">
          <containerEntry>0x2EE30A0</containerEntry>
        </property>
        <property name="parentDataName" type="String" container="StaticArray" arraySize="1">
          <containerEntry hash="0xB8A0BF169F98"></containerEntry>
        </property>
        <property name="visibility" type="Bool" container="StaticArray" arraySize="1">
          <containerEntry>true</containerEntry>
        </property>
      </staticProperties>
      <dynamicProperties></dynamicProperties>
    </entity>
    <entity class="StaticModelArray" classVersion="4" classID="0xD0" addr="0x2D7A260" id="0x0">
      <staticProperties>
        <property name="name" type="String" container="StaticArray" arraySize="1">
          <containerEntry>StaticModelArray0000</containerEntry>
        </property>
        <property name="dataSet" type="EntityHandle" container="StaticArray" arraySize="1">
          <containerEntry>0x2EE30A0</containerEntry>
        </property>
        <property name="modelFile" type="FilePtr" container="StaticArray" arraySize="1">
          <containerEntry>/Assets/tpp/environ/object/afghanistan/rock/afgh_rock009/scenes/afgh_rock009_rock002.fmdl</containerEntry>
        </property>
        <property name="geomFile" type="FilePtr" container="StaticArray" arraySize="1">
          <containerEntry>/Assets/tpp/environ/object/afghanistan/rock/afgh_rock009/scenes/afgh_rock009_rock002.geom</containerEntry>
        </property>
        <property name="isVisibleGeom" type="Bool" container="StaticArray" arraySize="1">
          <containerEntry>false</containerEntry>
        </property>
        <property name="lodFarSize" type="Float" container="StaticArray" arraySize="1">
          <containerEntry>-1</containerEntry>
        </property>
        <property name="lodNearSize" type="Float" container="StaticArray" arraySize="1">
          <containerEntry>-1</containerEntry>
        </property>
        <property name="lodPolygonSize" type="Float" container="StaticArray" arraySize="1">
          <containerEntry>-1</containerEntry>
        </property>
        <property name="drawRejectionLevel" type="Int32" container="StaticArray" arraySize="1">
          <containerEntry>8</containerEntry>
        </property>
        <property name="drawMode" type="Int32" container="StaticArray" arraySize="1">
          <containerEntry>0</containerEntry>
        </property>
        <property name="rejectFarRangeShadowCast" type="Int32" container="StaticArray" arraySize="1">
          <containerEntry>2</containerEntry>
        </property>
        <property name="parentLocator" type="EntityLink" container="StaticArray" arraySize="1">
          <containerEntry packagePathHash="0xB8A0BF169F98" archivePathHash="0xB8A0BF169F98" nameInArchiveHash="0xB8A0BF169F98">0x0</containerEntry>
        </property>
        <property name="transforms" type="Matrix4" container="DynamicArray" arraySize="4">
          <containerEntry r11="-0.107460625" r12="0.096802846" r13="-0.98948485" r14="0" r21="0.13546127" r22="0.98739296" r23="0.08188662" r24="0" r31="0.98493725" r32="-0.12523732" r33="-0.119218886" r34="0" r41="562.4459" r42="336.98627" r43="772.724" r44="1"></containerEntry>
          <containerEntry r11="-0.91677797" r12="0.21883644" r13="-0.33410674" r14="0" r21="0.30693737" r22="0.92128533" r23="-0.23879443" r24="0" r31="0.25555068" r32="-0.32147154" r33="-0.91178316" r34="0" r41="587.4303" r42="338.35413" r43="774.58826" r44="1"></containerEntry>
          <containerEntry r11="-0.39036947" r12="0.3506968" r13="0.85124546" r14="0" r21="0.35230726" r22="0.9111347" r23="-0.21380544" r24="0" r31="-0.85058016" r32="0.21643683" r33="-0.4792322" r34="0" r41="544.88916" r42="336.58008" r43="772.0951" r44="1"></containerEntry>
          <containerEntry r11="-0.44521624" r12="-0.55248713" r13="-0.7046533" r14="0" r21="-0.52005553" r22="-0.48106873" r23="0.7057697" r24="0" r31="-0.7289174" r32="0.68068093" r33="-0.07314175" r34="0" r41="526.06866" r42="336.36136" r43="770.1771" r44="1"></containerEntry>
        </property>
        <property name="colors" type="UInt32" container="DynamicArray" arraySize="4">
          <containerEntry>4294967295</containerEntry>
          <containerEntry>4294967295</containerEntry>
          <containerEntry>4294967295</containerEntry>
          <containerEntry>4294967295</containerEntry>
        </property>
      </staticProperties>
      <dynamicProperties></dynamicProperties>
    </entity>
    <entity class="StaticModelArray" classVersion="4" classID="0xD0" addr="0x2D7A2D0" id="0x0">
      <staticProperties>
        <property name="name" type="String" container="StaticArray" arraySize="1">
          <containerEntry>StaticModelArray0001</containerEntry>
        </property>
        <property name="dataSet" type="EntityHandle" container="StaticArray" arraySize="1">
          <containerEntry>0x2EE30A0</containerEntry>
        </property>
        <property name="modelFile" type="FilePtr" container="StaticArray" arraySize="1">
          <containerEntry>/Assets/tpp/environ/object/afghanistan/rock/afgh_rock006/scenes/afgh_rock006.fmdl</containerEntry>
        </property>
        <property name="geomFile" type="FilePtr" container="StaticArray" arraySize="1">
          <containerEntry>/Assets/tpp/environ/object/afghanistan/rock/afgh_rock006/scenes/afgh_rock006.geom</containerEntry>
        </property>
        <property name="isVisibleGeom" type="Bool" container="StaticArray" arraySize="1">
          <containerEntry>false</containerEntry>
        </property>
        <property name="lodFarSize" type="Float" container="StaticArray" arraySize="1">
          <containerEntry>-1</containerEntry>
        </property>
        <property name="lodNearSize" type="Float" container="StaticArray" arraySize="1">
          <containerEntry>-1</containerEntry>
        </property>
        <property name="lodPolygonSize" type="Float" container="StaticArray" arraySize="1">
          <containerEntry>-1</containerEntry>
        </property>
        <property name="drawRejectionLevel" type="Int32" container="StaticArray" arraySize="1">
          <containerEntry>8</containerEntry>
        </property>
        <property name="drawMode" type="Int32" container="StaticArray" arraySize="1">
          <containerEntry>0</containerEntry>
        </property>
        <property name="rejectFarRangeShadowCast" type="Int32" container="StaticArray" arraySize="1">
          <containerEntry>2</containerEntry>
        </property>
        <property name="parentLocator" type="EntityLink" container="StaticArray" arraySize="1">
          <containerEntry packagePathHash="0xB8A0BF169F98" archivePathHash="0xB8A0BF169F98" nameInArchiveHash="0xB8A0BF169F98">0x0</containerEntry>
        </property>
        <property name="transforms" type="Matrix4" container="DynamicArray" arraySize="3">
          <containerEntry r11="2.0377338e-06" r12="0.17364776" r13="-0.9848071" r14="0" r21="-0.25881702" r22="0.95125186" r23="0.1677306" r24="0" r31="0.96592563" r32="0.25488478" r33="0.044945" r34="0" r41="515.94653" r42="334.3799" r43="807.9476" r44="1"></containerEntry>
          <containerEntry r11="2.0377338e-06" r12="0.17364776" r13="-0.9848071" r14="0" r21="-0.25881702" r22="0.95125186" r23="0.1677306" r24="0" r31="0.96592563" r32="0.25488478" r33="0.044945" r34="0" r41="583.75116" r42="342.74115" r43="811.49756" r44="1"></containerEntry>
          <containerEntry r11="1.6093254e-06" r12="0.17364752" r13="-0.9848083" r14="0" r21="-0.30823368" r22="-0.936859" r23="-0.16519336" r24="0" r31="-0.9513111" r32="0.30355132" r33="0.053521674" r34="0" r41="526.49927" r42="334.79245" r43="777.0594" r44="1"></containerEntry>
        </property>
        <property name="colors" type="UInt32" container="DynamicArray" arraySize="3">
          <containerEntry>4294967295</containerEntry>
          <containerEntry>4294967295</containerEntry>
          <containerEntry>4294967295</containerEntry>
        </property>
      </staticProperties>
      <dynamicProperties></dynamicProperties>
    </entity>
    <entity class="StaticModelArray" classVersion="4" classID="0xD0" addr="0x2D7A340" id="0x0">
      <staticProperties>
        <property name="name" type="String" container="StaticArray" arraySize="1">
          <containerEntry>StaticModelArray0002</containerEntry>
        </property>
        <property name="dataSet" type="EntityHandle" container="StaticArray" arraySize="1">
          <containerEntry>0x2EE30A0</containerEntry>
        </property>
        <property name="modelFile" type="FilePtr" container="StaticArray" arraySize="1">
          <containerEntry>/Assets/tpp/environ/object/afghanistan/rock/afgh_rock001/scenes/afgh_rock001.fmdl</containerEntry>
        </property>
        <property name="geomFile" type="FilePtr" container="StaticArray" arraySize="1">
          <containerEntry>/Assets/tpp/environ/object/afghanistan/rock/afgh_rock001/scenes/afgh_rock001.geom</containerEntry>
        </property>
        <property name="isVisibleGeom" type="Bool" container="StaticArray" arraySize="1">
          <containerEntry>false</containerEntry>
        </property>
        <property name="lodFarSize" type="Float" container="StaticArray" arraySize="1">
          <containerEntry>50</containerEntry>
        </property>
        <property name="lodNearSize" type="Float" container="StaticArray" arraySize="1">
          <containerEntry>700</containerEntry>
        </property>
        <property name="lodPolygonSize" type="Float" container="StaticArray" arraySize="1">
          <containerEntry>-1</containerEntry>
        </property>
        <property name="drawRejectionLevel" type="Int32" container="StaticArray" arraySize="1">
          <containerEntry>7</containerEntry>
        </property>
        <property name="drawMode" type="Int32" container="StaticArray" arraySize="1">
          <containerEntry>0</containerEntry>
        </property>
        <property name="rejectFarRangeShadowCast" type="Int32" container="StaticArray" arraySize="1">
          <containerEntry>2</containerEntry>
        </property>
        <property name="parentLocator" type="EntityLink" container="StaticArray" arraySize="1">
          <containerEntry packagePathHash="0xB8A0BF169F98" archivePathHash="0xB8A0BF169F98" nameInArchiveHash="0xB8A0BF169F98">0x0</containerEntry>
        </property>
        <property name="transforms" type="Matrix4" container="DynamicArray" arraySize="3">
          <containerEntry r11="-0.7071068" r12="-5.2154064e-07" r13="-0.70710546" r14="0" r21="-0.3535537" r22="0.8660249" r23="0.353554" r24="0" r31="0.6123708" r32="0.50000066" r33="-0.6123722" r34="0" r41="520" r42="333.09784" r43="824" r44="1"></containerEntry>
          <containerEntry r11="0.27637142" r12="0.11043934" r13="0.95468336" r14="0" r21="-0.11740392" r22="-0.982053" r23="0.14759278" r24="0" r31="0.9538519" r32="-0.152874" r33="-0.25844368" r34="0" r41="540.4744" r42="336.9902" r43="789.4912" r44="1"></containerEntry>
          <containerEntry r11="-0.976486" r12="-0.21454853" r13="0.0210412" r14="0" r21="0.21556178" r22="-0.9705604" r23="0.10744507" r24="0" r31="-0.002630419" r32="0.109454356" r33="0.9939884" r34="0" r41="547.7048" r42="336.32187" r43="776.4319" r44="1"></containerEntry>
        </property>
        <property name="colors" type="UInt32" container="DynamicArray" arraySize="3">
          <containerEntry>4294967295</containerEntry>
          <containerEntry>4294967295</containerEntry>
          <containerEntry>4294967295</containerEntry>
        </property>
      </staticProperties>
      <dynamicProperties></dynamicProperties>
    </entity>
    <entity class="StaticModelArray" classVersion="4" classID="0xD0" addr="0x2D7A420" id="0x0">
      <staticProperties>
        <property name="name" type="String" container="StaticArray" arraySize="1">
          <containerEntry>StaticModelArray0003</containerEntry>
        </property>
        <property name="dataSet" type="EntityHandle" container="StaticArray" arraySize="1">
          <containerEntry>0x2EE30A0</containerEntry>
        </property>
        <property name="modelFile" type="FilePtr" container="StaticArray" arraySize="1">
          <containerEntry>/Assets/tpp/environ/object/afghanistan/rock/afgh_rock010/scenes/afgh_rock010_vrtn001.fmdl</containerEntry>
        </property>
        <property name="geomFile" type="FilePtr" container="StaticArray" arraySize="1">
          <containerEntry>/Assets/tpp/environ/object/afghanistan/rock/afgh_rock010/scenes/afgh_rock010_vrtn001.geom</containerEntry>
        </property>
        <property name="isVisibleGeom" type="Bool" container="StaticArray" arraySize="1">
          <containerEntry>false</containerEntry>
        </property>
        <property name="lodFarSize" type="Float" container="StaticArray" arraySize="1">
          <containerEntry>-1</containerEntry>
        </property>
        <property name="lodNearSize" type="Float" container="StaticArray" arraySize="1">
          <containerEntry>-1</containerEntry>
        </property>
        <property name="lodPolygonSize" type="Float" container="StaticArray" arraySize="1">
          <containerEntry>-1</containerEntry>
        </property>
        <property name="drawRejectionLevel" type="Int32" container="StaticArray" arraySize="1">
          <containerEntry>8</containerEntry>
        </property>
        <property name="drawMode" type="Int32" container="StaticArray" arraySize="1">
          <containerEntry>0</containerEntry>
        </property>
        <property name="rejectFarRangeShadowCast" type="Int32" container="StaticArray" arraySize="1">
          <containerEntry>2</containerEntry>
        </property>
        <property name="parentLocator" type="EntityLink" container="StaticArray" arraySize="1">
          <containerEntry packagePathHash="0xB8A0BF169F98" archivePathHash="0xB8A0BF169F98" nameInArchiveHash="0xB8A0BF169F98">0x0</containerEntry>
        </property>
        <property name="transforms" type="Matrix4" container="DynamicArray" arraySize="3">
          <containerEntry r11="-0.79249346" r12="0.5987496" r13="-0.11600872" r14="0" r21="0.6003912" r22="0.7324805" r23="-0.3209416" r24="0" r31="-0.10718923" r32="-0.32399383" r33="-0.93997014" r34="0" r41="640.41797" r42="345.1979" r43="777.36273" r44="1"></containerEntry>
          <containerEntry r11="0.82803744" r12="-0.24009661" r13="0.50666326" r14="0" r21="-0.22466318" r22="-0.97003525" r23="-0.09251231" r24="0" r31="0.51369303" r32="-0.037224915" r33="-0.8571664" r34="0" r41="590.5529" r42="341.98798" r43="796.76385" r44="1"></containerEntry>
          <containerEntry r11="0.7807151" r12="-0.3940425" r13="0.4849893" r14="0" r21="0.04513596" r22="0.809655" r23="0.585168" r24="0" r31="-0.623255" r32="-0.43495905" r33="0.6498953" r34="0" r41="583.02844" r42="343.00848" r43="801.11597" r44="1"></containerEntry>
        </property>
        <property name="colors" type="UInt32" container="DynamicArray" arraySize="3">
          <containerEntry>4294967295</containerEntry>
          <containerEntry>4294967295</containerEntry>
          <containerEntry>4294967295</containerEntry>
        </property>
      </staticProperties>
      <dynamicProperties></dynamicProperties>
    </entity>
    <entity class="StaticModelArray" classVersion="4" classID="0xD0" addr="0x2D7A490" id="0x0">
      <staticProperties>
        <property name="name" type="String" container="StaticArray" arraySize="1">
          <containerEntry>StaticModelArray0004</containerEntry>
        </property>
        <property name="dataSet" type="EntityHandle" container="StaticArray" arraySize="1">
          <containerEntry>0x2EE30A0</containerEntry>
        </property>
        <property name="modelFile" type="FilePtr" container="StaticArray" arraySize="1">
          <containerEntry>/Assets/tpp/environ/object/afghanistan/cliff/afgh_clff007/scenes/afgh_clff007.fmdl</containerEntry>
        </property>
        <property name="geomFile" type="FilePtr" container="StaticArray" arraySize="1">
          <containerEntry>/Assets/tpp/environ/object/afghanistan/cliff/afgh_clff007/scenes/afgh_clff007.geom</containerEntry>
        </property>
        <property name="isVisibleGeom" type="Bool" container="StaticArray" arraySize="1">
          <containerEntry>false</containerEntry>
        </property>
        <property name="lodFarSize" type="Float" container="StaticArray" arraySize="1">
          <containerEntry>-1</containerEntry>
        </property>
        <property name="lodNearSize" type="Float" container="StaticArray" arraySize="1">
          <containerEntry>-1</containerEntry>
        </property>
        <property name="lodPolygonSize" type="Float" container="StaticArray" arraySize="1">
          <containerEntry>-1</containerEntry>
        </property>
        <property name="drawRejectionLevel" type="Int32" container="StaticArray" arraySize="1">
          <containerEntry>8</containerEntry>
        </property>
        <property name="drawMode" type="Int32" container="StaticArray" arraySize="1">
          <containerEntry>0</containerEntry>
        </property>
        <property name="rejectFarRangeShadowCast" type="Int32" container="StaticArray" arraySize="1">
          <containerEntry>2</containerEntry>
        </property>
        <property name="parentLocator" type="EntityLink" container="StaticArray" arraySize="1">
          <containerEntry packagePathHash="0xB8A0BF169F98" archivePathHash="0xB8A0BF169F98" nameInArchiveHash="0xB8A0BF169F98">0x0</containerEntry>
        </property>
        <property name="transforms" type="Matrix4" container="DynamicArray" arraySize="9">
          <containerEntry r11="-0.45415226" r12="-0.04523615" r13="0.8897749" r14="0" r21="0.023164418" r22="0.997773" r23="0.06255018" r24="0" r31="-0.89062285" r32="0.049018424" r33="-0.45209295" r34="0" r41="531.7488" r42="332.7507" r43="864.6222" r44="1"></containerEntry>
          <containerEntry r11="0.82099473" r12="-0.01673283" r13="0.5706908" r14="0" r21="-0.006139516" r22="0.99925387" r23="0.03813078" r24="0" r31="-0.570903" r32="-0.034808937" r33="0.8202795" r34="0" r41="536.82526" r42="335.1937" r43="820.2637" r44="1"></containerEntry>
          <containerEntry r11="-0.65044415" r12="-0.02668072" r13="0.75908595" r14="0" r21="0.045119125" r22="0.9962609" r23="0.07367864" r24="0" r31="-0.75821346" r32="0.082173094" r33="-0.64680827" r34="0" r41="597.2184" r42="341.721" r43="869.93085" r44="1"></containerEntry>
          <containerEntry r11="-0.93372244" r12="-0.026970014" r13="0.35698608" r14="0" r21="0.007212705" r22="0.9955387" r23="0.094077565" r24="0" r31="-0.35793075" r32="0.090416975" r33="-0.92936236" r34="0" r41="545.2869" r42="335.91388" r43="781.4057" r44="1"></containerEntry>
          <containerEntry r11="-0.7624774" r12="-0.045144163" r13="0.645438" r14="0" r21="0.0155049935" r22="0.99600154" r23="0.08798035" r24="0" r31="-0.64682907" r32="0.07709054" r33="-0.7587287" r34="0" r41="536.92065" r42="335.3398" r43="787.07074" r44="1"></containerEntry>
          <containerEntry r11="0.5810353" r12="-0.04130199" r13="0.81282955" r14="0" r21="0.01901671" r22="0.9991278" r23="0.037174564" r24="0" r31="-0.81365603" r32="-0.0061423844" r33="0.58131397" r34="0" r41="529.72656" r42="335.497" r43="813.8624" r44="1"></containerEntry>
          <containerEntry r11="-0.6795351" r12="-0.061386645" r13="0.7310699" r14="0" r21="0.06306672" r22="0.9879166" r23="0.14157459" r24="0" r31="-0.7309269" r32="0.14231113" r33="-0.6674525" r34="0" r41="536.1058" r42="333.2985" r43="857.3344" r44="1"></containerEntry>
          <containerEntry r11="-0.8053825" r12="-0.050400738" r13="0.5906068" r14="0" r21="0.010469504" r22="0.9950136" r23="0.0991884" r24="0" r31="-0.592661" r32="0.08606808" r33="-0.8008388" r34="0" r41="616.78986" r42="342.85965" r43="779.82117" r44="1"></containerEntry>
          <containerEntry r11="0.36962372" r12="0.08476324" r13="-0.92530847" r14="0" r21="-0.08004803" r22="0.995033" r23="0.059174407" r24="0" r31="0.9257283" r32="0.052196655" r33="0.37457293" r34="0" r41="537.8356" r42="335.53735" r43="770.8082" r44="1"></containerEntry>
        </property>
        <property name="colors" type="UInt32" container="DynamicArray" arraySize="9">
          <containerEntry>4294967295</containerEntry>
          <containerEntry>4294967295</containerEntry>
          <containerEntry>4294967295</containerEntry>
          <containerEntry>4294967295</containerEntry>
          <containerEntry>4294967295</containerEntry>
          <containerEntry>4294967295</containerEntry>
          <containerEntry>4294967295</containerEntry>
          <containerEntry>4294967295</containerEntry>
          <containerEntry>4294967295</containerEntry>
        </property>
      </staticProperties>
      <dynamicProperties></dynamicProperties>
    </entity>
    <entity class="StaticModelArray" classVersion="4" classID="0xD0" addr="0x2D7A3B0" id="0x0">
      <staticProperties>
        <property name="name" type="String" container="StaticArray" arraySize="1">
          <containerEntry>StaticModelArray0005</containerEntry>
        </property>
        <property name="dataSet" type="EntityHandle" container="StaticArray" arraySize="1">
          <containerEntry>0x2EE30A0</containerEntry>
        </property>
        <property name="modelFile" type="FilePtr" container="StaticArray" arraySize="1">
          <containerEntry>/Assets/tpp/environ/object/afghanistan/rock/afgh_rock001/scenes/afgh_rock001.fmdl</containerEntry>
        </property>
        <property name="geomFile" type="FilePtr" container="StaticArray" arraySize="1">
          <containerEntry>/Assets/tpp/environ/object/afghanistan/rock/afgh_rock001/scenes/afgh_rock001.geom</containerEntry>
        </property>
        <property name="isVisibleGeom" type="Bool" container="StaticArray" arraySize="1">
          <containerEntry>false</containerEntry>
        </property>
        <property name="lodFarSize" type="Float" container="StaticArray" arraySize="1">
          <containerEntry>50</containerEntry>
        </property>
        <property name="lodNearSize" type="Float" container="StaticArray" arraySize="1">
          <containerEntry>700</containerEntry>
        </property>
        <property name="lodPolygonSize" type="Float" container="StaticArray" arraySize="1">
          <containerEntry>-1</containerEntry>
        </property>
        <property name="drawRejectionLevel" type="Int32" container="StaticArray" arraySize="1">
          <containerEntry>5</containerEntry>
        </property>
        <property name="drawMode" type="Int32" container="StaticArray" arraySize="1">
          <containerEntry>0</containerEntry>
        </property>
        <property name="rejectFarRangeShadowCast" type="Int32" container="StaticArray" arraySize="1">
          <containerEntry>2</containerEntry>
        </property>
        <property name="parentLocator" type="EntityLink" container="StaticArray" arraySize="1">
          <containerEntry packagePathHash="0xB8A0BF169F98" archivePathHash="0xB8A0BF169F98" nameInArchiveHash="0xB8A0BF169F98">0x0</containerEntry>
        </property>
        <property name="transforms" type="Matrix4" container="DynamicArray" arraySize="3">
          <containerEntry r11="0.13980034" r12="0.2318357" r13="-0.9626571" r14="0" r21="-0.49091592" r22="0.8605344" r23="0.13594902" r24="0" r31="0.8599174" r32="0.45357776" r33="0.23411477" r34="0" r41="587.7727" r42="343.81973" r43="806.6423" r44="1"></containerEntry>
          <containerEntry r11="0.13980144" r12="0.23183614" r13="-0.9626569" r14="0" r21="-0.3199646" r22="-0.9094709" r23="-0.26549414" r24="0" r31="-0.93705875" r32="0.34513256" r33="-0.052966792" r34="0" r41="608.46716" r42="343.04736" r43="785.29266" r44="1"></containerEntry>
          <containerEntry r11="0.9897731" r12="0.14246352" r13="0.0073049776" r14="0" r21="-0.10359888" r22="0.7530745" r23="-0.64972734" r24="0" r31="-0.09806371" r32="0.6423259" r33="0.760132" r34="0" r41="532.90814" r42="335.31857" r43="778.11084" r44="1"></containerEntry>
        </property>
        <property name="colors" type="UInt32" container="DynamicArray" arraySize="3">
          <containerEntry>4294967295</containerEntry>
          <containerEntry>4294967295</containerEntry>
          <containerEntry>4294967295</containerEntry>
        </property>
      </staticProperties>
      <dynamicProperties></dynamicProperties>
    </entity>
    <entity class="StaticModelArray" classVersion="4" classID="0xD0" addr="0x2D7A500" id="0x0">
      <staticProperties>
        <property name="name" type="String" container="StaticArray" arraySize="1">
          <containerEntry>StaticModelArray0006</containerEntry>
        </property>
        <property name="dataSet" type="EntityHandle" container="StaticArray" arraySize="1">
          <containerEntry>0x2EE30A0</containerEntry>
        </property>
        <property name="modelFile" type="FilePtr" container="StaticArray" arraySize="1">
          <containerEntry>/Assets/tpp/environ/object/afghanistan/rock/afgh_rock001/scenes/afgh_rock001.fmdl</containerEntry>
        </property>
        <property name="geomFile" type="FilePtr" container="StaticArray" arraySize="1">
          <containerEntry>/Assets/tpp/environ/object/afghanistan/rock/afgh_rock001/scenes/afgh_rock001.geom</containerEntry>
        </property>
        <property name="isVisibleGeom" type="Bool" container="StaticArray" arraySize="1">
          <containerEntry>false</containerEntry>
        </property>
        <property name="lodFarSize" type="Float" container="StaticArray" arraySize="1">
          <containerEntry>-1</containerEntry>
        </property>
        <property name="lodNearSize" type="Float" container="StaticArray" arraySize="1">
          <containerEntry>-1</containerEntry>
        </property>
        <property name="lodPolygonSize" type="Float" container="StaticArray" arraySize="1">
          <containerEntry>-1</containerEntry>
        </property>
        <property name="drawRejectionLevel" type="Int32" container="StaticArray" arraySize="1">
          <containerEntry>8</containerEntry>
        </property>
        <property name="drawMode" type="Int32" container="StaticArray" arraySize="1">
          <containerEntry>0</containerEntry>
        </property>
        <property name="rejectFarRangeShadowCast" type="Int32" container="StaticArray" arraySize="1">
          <containerEntry>2</containerEntry>
        </property>
        <property name="parentLocator" type="EntityLink" container="StaticArray" arraySize="1">
          <containerEntry packagePathHash="0xB8A0BF169F98" archivePathHash="0xB8A0BF169F98" nameInArchiveHash="0xB8A0BF169F98">0x0</containerEntry>
        </property>
        <property name="transforms" type="Matrix4" container="DynamicArray" arraySize="6">
          <containerEntry r11="-0.9848069" r12="-0.1503821" r13="-0.08682245" r14="0" r21="0.17364594" r22="-0.8528678" r23="-0.4924036" r24="0" r31="5.6251884e-07" r32="-0.49999943" r33="0.8660256" r34="0" r41="548" r42="336.2691" r43="856" r44="1"></containerEntry>
          <containerEntry r11="-0.9848069" r12="-0.1503821" r13="-0.08682245" r14="0" r21="0.17364594" r22="-0.8528678" r23="-0.4924036" r24="0" r31="5.6251884e-07" r32="-0.49999943" r33="0.8660256" r34="0" r41="518" r42="331.29688" r43="850" r44="1"></containerEntry>
          <containerEntry r11="0.8704809" r12="0" r13="-0.49220204" r14="0" r21="0" r22="1" r23="0" r24="0" r31="0.49220204" r32="0" r33="0.8704809" r34="0" r41="517.60583" r42="332.13956" r43="874.0521" r44="1"></containerEntry>
          <containerEntry r11="-0.9848068" r12="-0.15038231" r13="-0.08682228" r14="0" r21="0.10558667" r22="-0.9155363" r23="0.38812652" r24="0" r31="-0.13785647" r32="0.37306288" r33="0.9175073" r34="0" r41="581.93665" r42="340.04858" r43="830.5416" r44="1"></containerEntry>
          <containerEntry r11="-0.98480964" r12="-0.15038332" r13="-0.08682182" r14="0" r21="-0.13327911" r22="0.3341054" r23="0.93306553" r24="0" r31="-0.111309715" r32="0.930462" r33="-0.34907424" r34="0" r41="620.6978" r42="346.21017" r43="812.0932" r44="1"></containerEntry>
          <containerEntry r11="-0.9848063" r12="-0.15038297" r13="-0.08682272" r14="0" r21="0.0023453012" r22="0.48843184" r23="-0.87259847" r24="0" r31="0.17363098" r32="-0.8595455" r33="-0.48065722" r34="0" r41="616.90717" r42="345.74493" r43="871.2705" r44="1"></containerEntry>
        </property>
        <property name="colors" type="UInt32" container="DynamicArray" arraySize="6">
          <containerEntry>4294967295</containerEntry>
          <containerEntry>4294967295</containerEntry>
          <containerEntry>4294967295</containerEntry>
          <containerEntry>4294967295</containerEntry>
          <containerEntry>4294967295</containerEntry>
          <containerEntry>4294967295</containerEntry>
        </property>
      </staticProperties>
      <dynamicProperties></dynamicProperties>
    </entity>
