<fox formatVersion="2" fileVersion="0">
  <entities>
    <entity class="DataSet" classVersion="0" classID="0xE8" addr="0x2EE38F0" id="0x8F54B6">
      <staticProperties>
        <property name="name" type="String" container="StaticArray" arraySize="1">
          <containerEntry hash="0xB8A0BF169F98"></containerEntry>
        </property>
        <property name="dataSet" type="EntityHandle" container="StaticArray" arraySize="1">
          <containerEntry>0x0</containerEntry>
        </property>
        <property name="dataList" type="EntityPtr" container="StringMap" arraySize="9">
          <containerEntry key="afgh_rock011_0000">
            <data>0x2D782E0</data>
          </containerEntry>
          <containerEntry key="StaticModelArray0000">
            <data>0x2D7D1A0</data>
          </containerEntry>
          <containerEntry key="StaticModelArray0001">
            <data>0x2D7D280</data>
          </containerEntry>
          <containerEntry key="StaticModelArray0002">
            <data>0x2D7D210</data>
          </containerEntry>
          <containerEntry key="StaticModelArray0003">
            <data>0x2D7CB10</data>
          </containerEntry>
          <containerEntry key="StaticModelArray0004">
            <data>0x2D7CC60</data>
          </containerEntry>
          <containerEntry key="StaticModelArray0005">
            <data>0x2D7CA30</data>
          </containerEntry>
          <containerEntry key="StaticModelArray0006">
            <data>0x2D7CAA0</data>
          </containerEntry>
          <containerEntry key="TexturePackLoadConditioner0000">
            <data>0x2D7D910</data>
          </containerEntry>
        </property>
      </staticProperties>
      <dynamicProperties></dynamicProperties>
    </entity>
    <entity class="StaticModel" classVersion="9" classID="0x160" addr="0x2D782E0" id="0x8F567B">
      <staticProperties>
        <property name="name" type="String" container="StaticArray" arraySize="1">
          <containerEntry>afgh_rock011_0000</containerEntry>
        </property>
        <property name="dataSet" type="EntityHandle" container="StaticArray" arraySize="1">
          <containerEntry>0x2EE38F0</containerEntry>
        </property>
        <property name="parent" type="EntityHandle" container="StaticArray" arraySize="1">
          <containerEntry>0x0</containerEntry>
        </property>
        <property name="transform" type="EntityPtr" container="StaticArray" arraySize="1">
          <containerEntry>0x2D78350</containerEntry>
        </property>
        <property name="shearTransform" type="EntityPtr" container="StaticArray" arraySize="1">
          <containerEntry>0x0</containerEntry>
        </property>
        <property name="pivotTransform" type="EntityPtr" container="StaticArray" arraySize="1">
          <containerEntry>0x0</containerEntry>
        </property>
        <property name="children" type="EntityHandle" container="List"></property>
        <property name="flags" type="UInt32" container="StaticArray" arraySize="1">
          <containerEntry>7</containerEntry>
        </property>
        <property name="modelFile" type="FilePtr" container="StaticArray" arraySize="1">
          <containerEntry>/Assets/tpp/environ/object/afghanistan/rock/afgh_rock011/scenes/afgh_rock011.fmdl</containerEntry>
        </property>
        <property name="geomFile" type="FilePtr" container="StaticArray" arraySize="1">
          <containerEntry>/Assets/tpp/environ/object/afghanistan/rock/afgh_rock011/scenes/afgh_rock011.geom</containerEntry>
        </property>
        <property name="isVisibleGeom" type="Bool" container="StaticArray" arraySize="1">
          <containerEntry>false</containerEntry>
        </property>
        <property name="isIsolated" type="Bool" container="StaticArray" arraySize="1">
          <containerEntry>false</containerEntry>
        </property>
        <property name="lodFarSize" type="Float" container="StaticArray" arraySize="1">
          <containerEntry>-1</containerEntry>
        </property>
        <property name="lodNearSize" type="Float" container="StaticArray" arraySize="1">
          <containerEntry>-1</containerEntry>
        </property>
        <property name="lodPolygonSize" type="Float" container="StaticArray" arraySize="1">
          <containerEntry>-1</containerEntry>
        </property>
        <property name="color" type="Color" container="StaticArray" arraySize="1">
          <containerEntry r="1" g="1" b="1" a="1"></containerEntry>
        </property>
        <property name="drawRejectionLevel" type="Int32" container="StaticArray" arraySize="1">
          <containerEntry>8</containerEntry>
        </property>
        <property name="drawMode" type="Int32" container="StaticArray" arraySize="1">
          <containerEntry>0</containerEntry>
        </property>
        <property name="rejectFarRangeShadowCast" type="Int32" container="StaticArray" arraySize="1">
          <containerEntry>2</containerEntry>
        </property>
      </staticProperties>
      <dynamicProperties></dynamicProperties>
    </entity>
    <entity class="TransformEntity" classVersion="0" classID="0x50" addr="0x2D78350" id="0x8F567E">
      <staticProperties>
        <property name="owner" type="EntityHandle" container="StaticArray" arraySize="1">
          <containerEntry>0x2D782E0</containerEntry>
        </property>
        <property name="transform_scale" type="Vector3" container="StaticArray" arraySize="1">
          <containerEntry x="1" y="1" z="1" w="0"></containerEntry>
        </property>
        <property name="transform_rotation_quat" type="Quat" container="StaticArray" arraySize="1">
          <containerEntry x="-0.008241" y="0.20481" z="0.08567" w="0.975011"></containerEntry>
        </property>
        <property name="transform_translation" type="Vector3" container="StaticArray" arraySize="1">
          <containerEntry x="-1067.4379" y="409.60843" z="-763.6516" w="0"></containerEntry>
        </property>
      </staticProperties>
      <dynamicProperties></dynamicProperties>
    </entity>
    <entity class="StaticModelArray" classVersion="4" classID="0xD0" addr="0x2D7D1A0" id="0x0">
      <staticProperties>
        <property name="name" type="String" container="StaticArray" arraySize="1">
          <containerEntry>StaticModelArray0000</containerEntry>
        </property>
        <property name="dataSet" type="EntityHandle" container="StaticArray" arraySize="1">
          <containerEntry>0x2EE38F0</containerEntry>
        </property>
        <property name="modelFile" type="FilePtr" container="StaticArray" arraySize="1">
          <containerEntry>/Assets/tpp/environ/object/afghanistan/rock/afgh_rock001/scenes/afgh_rock001.fmdl</containerEntry>
        </property>
        <property name="geomFile" type="FilePtr" container="StaticArray" arraySize="1">
          <containerEntry>/Assets/tpp/environ/object/afghanistan/rock/afgh_rock001/scenes/afgh_rock001.geom</containerEntry>
        </property>
        <property name="isVisibleGeom" type="Bool" container="StaticArray" arraySize="1">
          <containerEntry>false</containerEntry>
        </property>
        <property name="lodFarSize" type="Float" container="StaticArray" arraySize="1">
          <containerEntry>-1</containerEntry>
        </property>
        <property name="lodNearSize" type="Float" container="StaticArray" arraySize="1">
          <containerEntry>-1</containerEntry>
        </property>
        <property name="lodPolygonSize" type="Float" container="StaticArray" arraySize="1">
          <containerEntry>-1</containerEntry>
        </property>
        <property name="drawRejectionLevel" type="Int32" container="StaticArray" arraySize="1">
          <containerEntry>8</containerEntry>
        </property>
        <property name="drawMode" type="Int32" container="StaticArray" arraySize="1">
          <containerEntry>0</containerEntry>
        </property>
        <property name="rejectFarRangeShadowCast" type="Int32" container="StaticArray" arraySize="1">
          <containerEntry>2</containerEntry>
        </property>
        <property name="parentLocator" type="EntityLink" container="StaticArray" arraySize="1">
          <containerEntry packagePathHash="0xB8A0BF169F98" archivePathHash="0xB8A0BF169F98" nameInArchiveHash="0xB8A0BF169F98">0x0</containerEntry>
        </property>
        <property name="transforms" type="Matrix4" container="DynamicArray" arraySize="12">
          <containerEntry r11="0.9821009" r12="0" r13="0.18835543" r14="0" r21="0" r22="1" r23="0" r24="0" r31="-0.18835543" r32="0" r33="0.9821009" r34="0" r41="-1058.8004" r42="402.0723" r43="-833.1953" r44="1"></containerEntry>
          <containerEntry r11="0.5498248" r12="0" r13="-0.83527994" r14="0" r21="0" r22="1" r23="0" r24="0" r31="0.83527994" r32="0" r33="0.5498248" r34="0" r41="-1093.928" r42="402.5913" r43="-798.449" r44="1"></containerEntry>
          <containerEntry r11="0.54982424" r12="8.5681677e-07" r13="-0.83527994" r14="0" r21="-0.18963286" r22="-0.97388625" r23="-0.124826916" r24="0" r31="-0.81346905" r32="0.22702947" r33="-0.5354654" r34="0" r41="-1045.4613" r42="408.05777" r43="-790.3011" r44="1"></containerEntry>
          <containerEntry r11="0.42551774" r12="0.033058792" r13="-0.90434563" r14="0" r21="-0.13953608" r22="-0.9849831" r23="-0.101661734" r24="0" r31="-0.89412725" r32="0.16944775" r33="-0.41451403" r34="0" r41="-1081.0054" r42="406.44754" r43="-774.1502" r44="1"></containerEntry>
          <containerEntry r11="-0.11024666" r12="0" r13="-0.9939046" r14="0" r21="0" r22="1" r23="0" r24="0" r31="0.9939046" r32="0" r33="-0.11024666" r34="0" r41="-1128.6433" r42="404.21106" r43="-880.6602" r44="1"></containerEntry>
          <containerEntry r11="0.11188605" r12="0.21070881" r13="-0.9711247" r14="0" r21="0.21031822" r22="0.950101" r23="0.23037855" r24="0" r31="0.97120935" r32="-0.23002137" r33="0.06198716" r34="0" r41="-1115.2184" r42="397.48422" r43="-781.89996" r44="1"></containerEntry>
          <containerEntry r11="0.99819976" r12="-6.8650115e-07" r13="-0.059976783" r14="0" r21="-0.001663778" r22="0.99961483" r23="-0.027701894" r24="0" r31="0.0599537" r32="0.027751813" r33="0.9978153" r34="0" r41="-1053.8358" r42="408.89587" r43="-790.2673" r44="1"></containerEntry>
          <containerEntry r11="0.11188605" r12="0.21070881" r13="-0.9711247" r14="0" r21="0.21031822" r22="0.950101" r23="0.23037855" r24="0" r31="0.97120935" r32="-0.23002137" r33="0.06198716" r34="0" r41="-1149.0576" r42="399.5655" r43="-841.6026" r44="1"></containerEntry>
          <containerEntry r11="-0.9140388" r12="-0.21886772" r13="0.34151223" r14="0" r21="0.21726507" r22="-0.97514534" r23="-0.04345129" r24="0" r31="0.34253404" r32="0.034482505" r33="0.93887246" r34="0" r41="-1099.2567" r42="397.44293" r43="-813.5388" r44="1"></containerEntry>
          <containerEntry r11="-0.110247225" r12="6.146729e-07" r13="-0.99390465" r14="0" r21="-0.12014371" r22="0.9926671" r23="0.013327301" r24="0" r31="0.98661643" r32="0.12088063" r33="-0.10943872" r34="0" r41="-1091.6836" r42="403.48196" r43="-856.42346" r44="1"></containerEntry>
          <containerEntry r11="-0.59372413" r12="0.007908255" r13="-0.80462855" r14="0" r21="-0.15984209" r22="-0.98118234" r23="0.10830185" r24="0" r31="-0.78863186" r32="0.19291511" r33="0.5838176" r34="0" r41="-1071.5302" r42="401.7042" r43="-843.8917" r44="1"></containerEntry>
          <containerEntry r11="0.9996093" r12="-0.0069895564" r13="-0.027062623" r14="0" r21="0.0097071035" r22="0.9947753" r23="0.10162628" r24="0" r31="0.026210906" r32="-0.10184927" r33="0.99445444" r34="0" r41="-1091.1796" r42="409.04773" r43="-885.40845" r44="1"></containerEntry>
        </property>
        <property name="colors" type="UInt32" container="DynamicArray" arraySize="12">
          <containerEntry>4294967295</containerEntry>
          <containerEntry>4294967295</containerEntry>
          <containerEntry>4294967295</containerEntry>
          <containerEntry>4294967295</containerEntry>
          <containerEntry>4294967295</containerEntry>
          <containerEntry>4294967295</containerEntry>
          <containerEntry>4294967295</containerEntry>
          <containerEntry>4294967295</containerEntry>
          <containerEntry>4294967295</containerEntry>
          <containerEntry>4294967295</containerEntry>
          <containerEntry>4294967295</containerEntry>
          <containerEntry>4294967295</containerEntry>
        </property>
      </staticProperties>
      <dynamicProperties></dynamicProperties>
    </entity>
    <entity class="StaticModelArray" classVersion="4" classID="0xD0" addr="0x2D7D280" id="0x0">
      <staticProperties>
        <property name="name" type="String" container="StaticArray" arraySize="1">
          <containerEntry>StaticModelArray0001</containerEntry>
        </property>
        <property name="dataSet" type="EntityHandle" container="StaticArray" arraySize="1">
          <containerEntry>0x2EE38F0</containerEntry>
        </property>
        <property name="modelFile" type="FilePtr" container="StaticArray" arraySize="1">
          <containerEntry>/Assets/tpp/environ/object/afghanistan/cliff/afgh_clff007/scenes/afgh_clff007.fmdl</containerEntry>
        </property>
        <property name="geomFile" type="FilePtr" container="StaticArray" arraySize="1">
          <containerEntry>/Assets/tpp/environ/object/afghanistan/cliff/afgh_clff007/scenes/afgh_clff007.geom</containerEntry>
        </property>
        <property name="isVisibleGeom" type="Bool" container="StaticArray" arraySize="1">
          <containerEntry>false</containerEntry>
        </property>
        <property name="lodFarSize" type="Float" container="StaticArray" arraySize="1">
          <containerEntry>-1</containerEntry>
        </property>
        <property name="lodNearSize" type="Float" container="StaticArray" arraySize="1">
          <containerEntry>-1</containerEntry>
        </property>
        <property name="lodPolygonSize" type="Float" container="StaticArray" arraySize="1">
          <containerEntry>-1</containerEntry>
        </property>
        <property name="drawRejectionLevel" type="Int32" container="StaticArray" arraySize="1">
          <containerEntry>8</containerEntry>
        </property>
        <property name="drawMode" type="Int32" container="StaticArray" arraySize="1">
          <containerEntry>0</containerEntry>
        </property>
        <property name="rejectFarRangeShadowCast" type="Int32" container="StaticArray" arraySize="1">
          <containerEntry>2</containerEntry>
        </property>
        <property name="parentLocator" type="EntityLink" container="StaticArray" arraySize="1">
          <containerEntry packagePathHash="0xB8A0BF169F98" archivePathHash="0xB8A0BF169F98" nameInArchiveHash="0xB8A0BF169F98">0x0</containerEntry>
        </property>
        <property name="transforms" type="Matrix4" container="DynamicArray" arraySize="11">
          <containerEntry r11="0.6464335" r12="-0.123340316" r13="0.75293446" r14="0" r21="0.029481225" r22="0.99014777" r23="0.13688762" r24="0" r31="-0.76240015" r32="-0.06629126" r33="0.64370096" r34="0" r41="-1112.7765" r42="402.64984" r43="-872.57416" r44="1"></containerEntry>
          <containerEntry r11="0.7879497" r12="0.015750708" r13="0.6155376" r14="0" r21="0.015092846" r22="0.99887836" r23="-0.044880114" r24="0" r31="-0.61555403" r32="0.044653483" r33="0.78682816" r34="0" r41="-1105.5441" r42="402.09146" r43="-866.6041" r44="1"></containerEntry>
          <containerEntry r11="0.99839455" r12="0.045698546" r13="-0.03346542" r14="0" r21="-0.04173708" r22="0.9929686" r23="0.11077549" r24="0" r31="0.038292397" r32="-0.1092009" r33="0.99328184" r34="0" r41="-1136.8893" r42="403.91397" r43="-885.8888" r44="1"></containerEntry>
          <containerEntry r11="0.7085467" r12="0.0902026" r13="-0.69987446" r14="0" r21="0.00035406277" r22="0.99175096" r23="0.12817909" r24="0" r31="0.70566326" r32="-0.091068625" r33="0.7026699" r34="0" r41="-1146.0647" r42="402.98352" r43="-880.52057" r44="1"></containerEntry>
          <containerEntry r11="0.89988536" r12="0.014196059" r13="-0.4358949" r14="0" r21="-0.026353182" r22="0.9994137" r23="-0.021856371" r24="0" r31="0.43532908" r32="0.031155467" r33="0.89973193" r34="0" r41="-1150.83" r42="395.38977" r43="-795.56085" r44="1"></containerEntry>
          <containerEntry r11="0.16116703" r12="-0.09943482" r13="0.9819035" r14="0" r21="0.021854132" r22="0.9950272" r23="0.09717658" r24="0" r31="-0.9866834" r32="0.005797196" r33="0.16253865" r34="0" r41="-1139.4194" r42="395.70392" r43="-810.77136" r44="1"></containerEntry>
          <containerEntry r11="0.94269556" r12="0.05273596" r13="-0.3294598" r14="0" r21="-0.0433315" r22="0.99841803" r23="0.03582866" r24="0" r31="0.33082807" r32="-0.019499507" r33="0.94348943" r34="0" r41="-1133.015" r42="395.2923" r43="-804.9881" r44="1"></containerEntry>
          <containerEntry r11="-0.38466656" r12="-0.08931321" r13="0.9187182" r14="0" r21="-0.19566286" r22="0.98057956" r23="0.013401873" r24="0" r31="-0.90207314" r32="-0.17460445" r33="-0.39467138" r34="0" r41="-1073.069" r42="407.7116" r43="-774.3779" r44="1"></containerEntry>
          <containerEntry r11="0.9801384" r12="0.019507557" r13="-0.1973528" r14="0" r21="-0.017697893" r22="0.99978364" r23="0.010929405" r24="0" r31="0.1975233" r32="-0.007219595" r33="0.9802716" r34="0" r41="-1034.6085" r42="405.43277" r43="-873.5127" r44="1"></containerEntry>
          <containerEntry r11="-0.9933157" r12="0.009068568" r13="0.115042284" r14="0" r21="-0.0032785907" r22="0.9942873" r23="-0.10668623" r24="0" r31="-0.11535257" r32="-0.10635065" r33="-0.9876115" r34="0" r41="-1053.6522" r42="405.69748" r43="-801.4851" r44="1"></containerEntry>
          <containerEntry r11="0.44831032" r12="-0.096975945" r13="0.8886016" r14="0" r21="0.0120802075" r22="0.99466413" r23="0.10245621" r24="0" r31="-0.8937959" r32="-0.03519764" r33="0.44708967" r34="0" r41="-1091.9425" r42="404.99817" r43="-873.19037" r44="1"></containerEntry>
        </property>
        <property name="colors" type="UInt32" container="DynamicArray" arraySize="11">
          <containerEntry>4294967295</containerEntry>
          <containerEntry>4294967295</containerEntry>
          <containerEntry>4294967295</containerEntry>
          <containerEntry>4294967295</containerEntry>
          <containerEntry>4294967295</containerEntry>
          <containerEntry>4294967295</containerEntry>
          <containerEntry>4294967295</containerEntry>
          <containerEntry>4294967295</containerEntry>
          <containerEntry>4294967295</containerEntry>
          <containerEntry>4294967295</containerEntry>
          <containerEntry>4294967295</containerEntry>
        </property>
      </staticProperties>
      <dynamicProperties></dynamicProperties>
    </entity>
    <entity class="StaticModelArray" classVersion="4" classID="0xD0" addr="0x2D7D210" id="0x0">
      <staticProperties>
        <property name="name" type="String" container="StaticArray" arraySize="1">
          <containerEntry>StaticModelArray0002</containerEntry>
        </property>
        <property name="dataSet" type="EntityHandle" container="StaticArray" arraySize="1">
          <containerEntry>0x2EE38F0</containerEntry>
        </property>
        <property name="modelFile" type="FilePtr" container="StaticArray" arraySize="1">
          <containerEntry>/Assets/tpp/environ/object/afghanistan/cliff/afgh_clff025/scenes/afgh_clff025.fmdl</containerEntry>
        </property>
        <property name="geomFile" type="FilePtr" container="StaticArray" arraySize="1">
          <containerEntry>/Assets/tpp/environ/object/afghanistan/cliff/afgh_clff025/scenes/afgh_clff025.geom</containerEntry>
        </property>
        <property name="isVisibleGeom" type="Bool" container="StaticArray" arraySize="1">
          <containerEntry>false</containerEntry>
        </property>
        <property name="lodFarSize" type="Float" container="StaticArray" arraySize="1">
          <containerEntry>-1</containerEntry>
        </property>
        <property name="lodNearSize" type="Float" container="StaticArray" arraySize="1">
          <containerEntry>-1</containerEntry>
        </property>
        <property name="lodPolygonSize" type="Float" container="StaticArray" arraySize="1">
          <containerEntry>-1</containerEntry>
        </property>
        <property name="drawRejectionLevel" type="Int32" container="StaticArray" arraySize="1">
          <containerEntry>8</containerEntry>
        </property>
        <property name="drawMode" type="Int32" container="StaticArray" arraySize="1">
          <containerEntry>0</containerEntry>
        </property>
        <property name="rejectFarRangeShadowCast" type="Int32" container="StaticArray" arraySize="1">
          <containerEntry>2</containerEntry>
        </property>
        <property name="parentLocator" type="EntityLink" container="StaticArray" arraySize="1">
          <containerEntry packagePathHash="0xB8A0BF169F98" archivePathHash="0xB8A0BF169F98" nameInArchiveHash="0xB8A0BF169F98">0x0</containerEntry>
        </property>
        <property name="transforms" type="Matrix4" container="DynamicArray" arraySize="4">
          <containerEntry r11="-0.98440826" r12="-0.060138103" r13="0.16529554" r14="0" r21="-0.063883565" r22="0.99780506" r23="-0.017432073" r24="0" r31="-0.1638844" r32="-0.027719958" r33="-0.9860894" r34="0" r41="-1059.4225" r42="402.9006" r43="-813.0071" r44="1"></containerEntry>
          <containerEntry r11="-0.81899196" r12="-0.04243741" r13="0.57223433" r14="0" r21="-0.06388244" r22="0.9978052" r23="-0.017431507" r24="0" r31="-0.57023865" r32="-0.050831974" r33="-0.8199054" r34="0" r41="-1050.3237" r42="402.33072" r43="-816.55743" r44="1"></containerEntry>
          <containerEntry r11="-0.98440826" r12="-0.060138103" r13="0.16529554" r14="0" r21="-0.063883565" r22="0.99780506" r23="-0.017432073" r24="0" r31="-0.1638844" r32="-0.027719958" r33="-0.9860894" r34="0" r41="-1074.4972" r42="405.14984" r43="-793.89075" r44="1"></containerEntry>
          <containerEntry r11="-0.47487742" r12="-0.015031256" r13="0.87992424" r14="0" r21="-0.063884184" r22="0.99780506" r23="-0.017432028" r24="0" r31="-0.8777308" r32="-0.06449129" r33="-0.47479534" r34="0" r41="-1082.353" r42="404.32803" r43="-788.3971" r44="1"></containerEntry>
        </property>
        <property name="colors" type="UInt32" container="DynamicArray" arraySize="4">
          <containerEntry>4294967295</containerEntry>
          <containerEntry>4294967295</containerEntry>
          <containerEntry>4294967295</containerEntry>
          <containerEntry>4294967295</containerEntry>
        </property>
      </staticProperties>
      <dynamicProperties></dynamicProperties>
    </entity>
    <entity class="StaticModelArray" classVersion="4" classID="0xD0" addr="0x2D7CB10" id="0x0">
      <staticProperties>
        <property name="name" type="String" container="StaticArray" arraySize="1">
          <containerEntry>StaticModelArray0003</containerEntry>
        </property>
        <property name="dataSet" type="EntityHandle" container="StaticArray" arraySize="1">
          <containerEntry>0x2EE38F0</containerEntry>
        </property>
        <property name="modelFile" type="FilePtr" container="StaticArray" arraySize="1">
          <containerEntry>/Assets/tpp/environ/object/afghanistan/rock/afgh_rock010/scenes/afgh_rock010.fmdl</containerEntry>
        </property>
        <property name="geomFile" type="FilePtr" container="StaticArray" arraySize="1">
          <containerEntry>/Assets/tpp/environ/object/afghanistan/rock/afgh_rock010/scenes/afgh_rock010.geom</containerEntry>
        </property>
        <property name="isVisibleGeom" type="Bool" container="StaticArray" arraySize="1">
          <containerEntry>false</containerEntry>
        </property>
        <property name="lodFarSize" type="Float" container="StaticArray" arraySize="1">
          <containerEntry>-1</containerEntry>
        </property>
        <property name="lodNearSize" type="Float" container="StaticArray" arraySize="1">
          <containerEntry>-1</containerEntry>
        </property>
        <property name="lodPolygonSize" type="Float" container="StaticArray" arraySize="1">
          <containerEntry>-1</containerEntry>
        </property>
        <property name="drawRejectionLevel" type="Int32" container="StaticArray" arraySize="1">
          <containerEntry>8</containerEntry>
        </property>
        <property name="drawMode" type="Int32" container="StaticArray" arraySize="1">
          <containerEntry>0</containerEntry>
        </property>
        <property name="rejectFarRangeShadowCast" type="Int32" container="StaticArray" arraySize="1">
          <containerEntry>2</containerEntry>
        </property>
        <property name="parentLocator" type="EntityLink" container="StaticArray" arraySize="1">
          <containerEntry packagePathHash="0xB8A0BF169F98" archivePathHash="0xB8A0BF169F98" nameInArchiveHash="0xB8A0BF169F98">0x0</containerEntry>
        </property>
        <property name="transforms" type="Matrix4" container="DynamicArray" arraySize="21">
          <containerEntry r11="0.8850253" r12="-0.14555591" r13="-0.44220218" r14="0" r21="0.094110005" r22="0.98619235" r23="-0.13626386" r24="0" r31="0.4559305" r32="0.07898109" r33="0.88650346" r34="0" r41="-1063.6892" r42="405.4675" r43="-793.0246" r44="1"></containerEntry>
          <containerEntry r11="-0.9114402" r12="0.07401965" r13="-0.40470338" r14="0" r21="0.0025390834" r22="0.9846757" r23="0.17437676" r24="0" r31="0.4114089" r32="0.15790755" r33="-0.89766085" r34="0" r41="-1046.7771" r42="403.07452" r43="-864.0248" r44="1"></containerEntry>
          <containerEntry r11="0.63357997" r12="0.0037600026" r13="-0.77366614" r14="0" r21="0.1885562" r22="0.96908516" r23="0.15912339" r24="0" r31="0.75034654" r32="-0.24669728" r33="0.613284" r34="0" r41="-1076.1018" r42="406.88943" r43="-889.22723" r44="1"></containerEntry>
          <containerEntry r11="0.73213893" r12="-0.23230365" r13="0.6403166" r14="0" r21="-0.14720178" r22="0.8638743" r23="0.48171744" r24="0" r31="-0.6650579" r32="-0.44693968" r33="0.59828043" r34="0" r41="-1121.7142" r42="403.03555" r43="-889.33325" r44="1"></containerEntry>
          <containerEntry r11="0.586089" r12="-0.25889704" r13="-0.76776856" r14="0" r21="0.28469273" r22="0.95295835" r23="-0.104019515" r24="0" r31="0.7585818" r32="-0.15761453" r33="0.6322249" r34="0" r41="-1031.0393" r42="402.92273" r43="-795.1715" r44="1"></containerEntry>
          <containerEntry r11="0.72845435" r12="-0.20843165" r13="0.65261656" r14="0" r21="-0.1458153" r22="0.88359904" r23="0.4449603" r24="0" r31="-0.66939527" r32="-0.41929466" r33="0.6132691" r34="0" r41="-1124.996" r42="394.98392" r43="-827.7174" r44="1"></containerEntry>
          <containerEntry r11="-0.97175556" r12="-0.15987277" r13="-0.17354791" r14="0" r21="-0.13352531" r22="0.9789792" r23="-0.15417749" r24="0" r31="0.19454862" r32="-0.12665072" r33="-0.97267544" r34="0" r41="-1070.0386" r42="406.25195" r43="-885.15027" r44="1"></containerEntry>
          <containerEntry r11="0.9346513" r12="-0.14457034" r13="-0.3248475" r14="0" r21="0.24724464" r22="0.9208303" r23="0.30156443" r24="0" r31="0.25553194" r32="-0.3621746" r33="0.8963996" r34="0" r41="-1057.2979" r42="399.67453" r43="-849.7458" r44="1"></containerEntry>
          <containerEntry r11="-0.71769655" r12="-0.5425784" r13="-0.43646938" r14="0" r21="-0.4989864" r22="0.8379233" r23="-0.22112384" r24="0" r31="0.48570508" r32="0.059091784" r33="-0.8721138" r34="0" r41="-1038.9639" r42="399.8225" r43="-825.9791" r44="1"></containerEntry>
          <containerEntry r11="0.99172765" r12="-0.051126633" r13="0.11773836" r14="0" r21="0.033949416" r22="0.9890636" r23="0.14352894" r24="0" r31="-0.1237889" r32="-0.13834444" r33="0.98261744" r34="0" r41="-1080.7262" r42="399.54776" r43="-808.3593" r44="1"></containerEntry>
          <containerEntry r11="0.9947719" r12="-0.07404171" r13="0.07033258" r14="0" r21="0.08054684" r22="0.9922451" r23="-0.09466719" r24="0" r31="-0.06277781" r32="0.09983734" r33="0.9930213" r34="0" r41="-1104.4277" r42="396.36844" r43="-781.6253" r44="1"></containerEntry>
          <containerEntry r11="-0.8832836" r12="-0.25411257" r13="0.3939771" r14="0" r21="-0.38351753" r22="0.87498826" r23="-0.29548022" r24="0" r31="-0.2696395" r32="-0.4120935" r33="-0.8703187" r34="0" r41="-1033.2361" r42="401.51733" r43="-816.5173" r44="1"></containerEntry>
          <containerEntry r11="0.5720997" r12="0.08519785" r13="-0.81574434" r14="0" r21="-0.080590546" r22="0.99561656" r23="0.047464073" r24="0" r31="0.81621236" r32="0.038587555" r33="0.5764581" r34="0" r41="-1147.6392" r42="404.51227" r43="-894.3226" r44="1"></containerEntry>
          <containerEntry r11="0.8261009" r12="-0.18296751" r13="-0.5329901" r14="0" r21="0.26165545" r22="0.96222466" r23="0.07523131" r24="0" r31="0.49909115" r32="-0.20160905" r33="0.8427694" r34="0" r41="-1118.3589" r42="398.63696" r43="-864.47186" r44="1"></containerEntry>
          <containerEntry r11="0.43517157" r12="-0.07188838" r13="-0.8974709" r14="0" r21="0.06547686" r22="0.99669474" r23="-0.048087448" r24="0" r31="0.89796144" r32="-0.037837572" r33="0.43844026" r34="0" r41="-1096.6218" r42="398.30927" r43="-772.48944" r44="1"></containerEntry>
          <containerEntry r11="-0.9035903" r12="-0.3936497" r13="0.16897252" r14="0" r21="-0.32338428" r22="0.8855089" r23="0.33361033" r24="0" r31="-0.28095263" r32="0.24680594" r33="-0.92743707" r34="0" r41="-1132.1826" r42="395.17935" r43="-842.6944" r44="1"></containerEntry>
          <containerEntry r11="-0.39877152" r12="0.03361044" r13="-0.9164247" r14="0" r21="0.24284452" r22="0.9675225" r23="-0.07018834" r24="0" r31="0.8843022" r32="-0.2505398" r33="-0.3939823" r34="0" r41="-1030.3843" r42="405.47794" r43="-888.897" r44="1"></containerEntry>
          <containerEntry r11="0.31329262" r12="-0.18784122" r13="0.93089116" r14="0" r21="0.17865582" r22="0.974398" r23="0.13649344" r24="0" r31="-0.93269753" r32="0.123547696" r33="0.33883083" r34="0" r41="-1035.1472" r42="406.71304" r43="-773.3415" r44="1"></containerEntry>
          <containerEntry r11="0.63451415" r12="-0.21836469" r13="0.74142116" r14="0" r21="-0.0410622" r22="0.9483823" r23="0.314459" r24="0" r31="-0.7718176" r32="-0.22997268" r33="0.5927955" r34="0" r41="-1101.3853" r42="400.63324" r43="-863.6207" r44="1"></containerEntry>
          <containerEntry r11="-0.91031885" r12="-0.19163752" r13="-0.3668453" r14="0" r21="0.0013370216" r22="0.8849813" r23="-0.46562344" r24="0" r31="0.41388237" r32="-0.42436075" r33="-0.8053578" r34="0" r41="-1028.9413" r42="405.64996" r43="-774.76776" r44="1"></containerEntry>
          <containerEntry r11="-0.89688313" r12="-0.105196595" r13="-0.42955863" r14="0" r21="-0.062795684" r22="0.9917491" r23="-0.111760385" r24="0" r31="0.4377712" r32="-0.07326225" r33="-0.8960889" r34="0" r41="-1041.5309" r42="408.03387" r43="-893.6631" r44="1"></containerEntry>
        </property>
        <property name="colors" type="UInt32" container="DynamicArray" arraySize="21">
          <containerEntry>4294967295</containerEntry>
          <containerEntry>4294967295</containerEntry>
          <containerEntry>4294967295</containerEntry>
          <containerEntry>4294967295</containerEntry>
          <containerEntry>4294967295</containerEntry>
          <containerEntry>4294967295</containerEntry>
          <containerEntry>4294967295</containerEntry>
          <containerEntry>4294967295</containerEntry>
          <containerEntry>4294967295</containerEntry>
          <containerEntry>4294967295</containerEntry>
          <containerEntry>4294967295</containerEntry>
          <containerEntry>4294967295</containerEntry>
          <containerEntry>4294967295</containerEntry>
          <containerEntry>4294967295</containerEntry>
          <containerEntry>4294967295</containerEntry>
          <containerEntry>4294967295</containerEntry>
          <containerEntry>4294967295</containerEntry>
          <containerEntry>4294967295</containerEntry>
          <containerEntry>4294967295</containerEntry>
          <containerEntry>4294967295</containerEntry>
          <containerEntry>4294967295</containerEntry>
        </property>
      </staticProperties>
      <dynamicProperties></dynamicProperties>
    </entity>
    <entity class="StaticModelArray" classVersion="4" classID="0xD0" addr="0x2D7CC60" id="0x0">
      <staticProperties>
        <property name="name" type="String" container="StaticArray" arraySize="1">
          <containerEntry>StaticModelArray0004</containerEntry>
        </property>
        <property name="dataSet" type="EntityHandle" container="StaticArray" arraySize="1">
          <containerEntry>0x2EE38F0</containerEntry>
        </property>
        <property name="modelFile" type="FilePtr" container="StaticArray" arraySize="1">
          <containerEntry>/Assets/tpp/environ/object/afghanistan/masonry/afgh_msnr001/scenes/afgh_msnr001_vrtn001.fmdl</containerEntry>
        </property>
        <property name="geomFile" type="FilePtr" container="StaticArray" arraySize="1">
          <containerEntry>/Assets/tpp/environ/object/afghanistan/masonry/afgh_msnr001/scenes/afgh_msnr001_vrtn001.geom</containerEntry>
        </property>
        <property name="isVisibleGeom" type="Bool" container="StaticArray" arraySize="1">
          <containerEntry>false</containerEntry>
        </property>
        <property name="lodFarSize" type="Float" container="StaticArray" arraySize="1">
          <containerEntry>-1</containerEntry>
        </property>
        <property name="lodNearSize" type="Float" container="StaticArray" arraySize="1">
          <containerEntry>-1</containerEntry>
        </property>
        <property name="lodPolygonSize" type="Float" container="StaticArray" arraySize="1">
          <containerEntry>-1</containerEntry>
        </property>
        <property name="drawRejectionLevel" type="Int32" container="StaticArray" arraySize="1">
          <containerEntry>8</containerEntry>
        </property>
        <property name="drawMode" type="Int32" container="StaticArray" arraySize="1">
          <containerEntry>0</containerEntry>
        </property>
        <property name="rejectFarRangeShadowCast" type="Int32" container="StaticArray" arraySize="1">
          <containerEntry>2</containerEntry>
        </property>
        <property name="parentLocator" type="EntityLink" container="StaticArray" arraySize="1">
          <containerEntry packagePathHash="0xB8A0BF169F98" archivePathHash="0xB8A0BF169F98" nameInArchiveHash="0xB8A0BF169F98">0x0</containerEntry>
        </property>
        <property name="transforms" type="Matrix4" container="DynamicArray" arraySize="2">
          <containerEntry r11="-0.7078842" r12="-0.048081167" r13="-0.70468265" r14="0" r21="-0.07660469" r22="0.99702156" r23="0.008925533" r24="0" r31="0.7021547" r32="0.060300447" r33="-0.70945907" r34="0" r41="-1118.1688" r42="395.9217" r43="-776.96246" r44="1"></containerEntry>
          <containerEntry r11="0.77251107" r12="0.053690713" r13="0.6327264" r14="0" r21="-0.07660534" r22="0.99702156" r23="0.008925829" r24="0" r31="-0.6303626" r32="-0.055365656" r33="0.77432317" r34="0" r41="-1113.4509" r42="396.20065" r43="-772.7979" r44="1"></containerEntry>
        </property>
        <property name="colors" type="UInt32" container="DynamicArray" arraySize="2">
          <containerEntry>4294967295</containerEntry>
          <containerEntry>4294967295</containerEntry>
        </property>
      </staticProperties>
      <dynamicProperties></dynamicProperties>
    </entity>
    <entity class="StaticModelArray" classVersion="4" classID="0xD0" addr="0x2D7CA30" id="0x0">
      <staticProperties>
        <property name="name" type="String" container="StaticArray" arraySize="1">
          <containerEntry>StaticModelArray0005</containerEntry>
        </property>
        <property name="dataSet" type="EntityHandle" container="StaticArray" arraySize="1">
          <containerEntry>0x2EE38F0</containerEntry>
        </property>
        <property name="modelFile" type="FilePtr" container="StaticArray" arraySize="1">
          <containerEntry>/Assets/tpp/environ/object/afghanistan/rock/afgh_rock009/scenes/afgh_rock009_rock001.fmdl</containerEntry>
        </property>
        <property name="geomFile" type="FilePtr" container="StaticArray" arraySize="1">
          <containerEntry>/Assets/tpp/environ/object/afghanistan/rock/afgh_rock009/scenes/afgh_rock009_rock001.geom</containerEntry>
        </property>
        <property name="isVisibleGeom" type="Bool" container="StaticArray" arraySize="1">
          <containerEntry>false</containerEntry>
        </property>
        <property name="lodFarSize" type="Float" container="StaticArray" arraySize="1">
          <containerEntry>-1</containerEntry>
        </property>
        <property name="lodNearSize" type="Float" container="StaticArray" arraySize="1">
          <containerEntry>-1</containerEntry>
        </property>
        <property name="lodPolygonSize" type="Float" container="StaticArray" arraySize="1">
          <containerEntry>-1</containerEntry>
        </property>
        <property name="drawRejectionLevel" type="Int32" container="StaticArray" arraySize="1">
          <containerEntry>8</containerEntry>
        </property>
        <property name="drawMode" type="Int32" container="StaticArray" arraySize="1">
          <containerEntry>0</containerEntry>
        </property>
        <property name="rejectFarRangeShadowCast" type="Int32" container="StaticArray" arraySize="1">
          <containerEntry>2</containerEntry>
        </property>
        <property name="parentLocator" type="EntityLink" container="StaticArray" arraySize="1">
          <containerEntry packagePathHash="0xB8A0BF169F98" archivePathHash="0xB8A0BF169F98" nameInArchiveHash="0xB8A0BF169F98">0x0</containerEntry>
        </property>
        <property name="transforms" type="Matrix4" container="DynamicArray" arraySize="8">
          <containerEntry r11="-0.42080042" r12="0.9031294" r13="-0.08529621" r14="0" r21="0.56639224" r22="0.18812722" r23="-0.8023733" r24="0" r31="-0.70860285" r32="-0.38595378" r33="-0.5906876" r34="0" r41="-1103.3062" r42="400.41437" r43="-793.79224" r44="1"></containerEntry>
          <containerEntry r11="0.87454706" r12="1.7348677e-05" r13="-0.4849401" r14="0" r21="0.0665558" r22="-0.99053735" r23="0.11999184" r24="0" r31="-0.48035115" r32="-0.13721412" r33="-0.8662722" r34="0" r41="-1137.4957" r42="393.53317" r43="-775.1635" r44="1"></containerEntry>
          <containerEntry r11="0.1736534" r12="0.9410199" r13="-0.29038006" r14="0" r21="0.061964005" r22="0.28383854" r23="0.95686543" r24="0" r31="0.98285276" r32="-0.18415344" r33="-0.009018123" r34="0" r41="-1063.9952" r42="410.14124" r43="-775.2475" r44="1"></containerEntry>
          <containerEntry r11="0.056135595" r12="-0.30696544" r13="-0.95006263" r14="0" r21="-0.20561068" r22="-0.9347198" r23="0.28986" r24="0" r31="-0.97702146" r32="0.17907205" r33="-0.11558444" r34="0" r41="-1150.1571" r42="401.96832" r43="-867.57904" r44="1"></containerEntry>
          <containerEntry r11="0.31863406" r12="-0.9302159" r13="0.1821193" r14="0" r21="-0.91141576" r22="-0.35344064" r23="-0.2106997" r24="0" r31="0.26036566" r32="-0.098851055" r33="-0.96043146" r34="0" r41="-1067.5806" r42="408.7329" r43="-781.4189" r44="1"></containerEntry>
          <containerEntry r11="0.87454706" r12="1.7348677e-05" r13="-0.4849401" r14="0" r21="0.0665558" r22="-0.99053735" r23="0.11999184" r24="0" r31="-0.48035115" r32="-0.13721412" r33="-0.8662722" r34="0" r41="-1099.3506" r42="406.243" r43="-879.96454" r44="1"></containerEntry>
