<fox formatVersion="2" fileVersion="0">
  <entities>
    <entity class="DataSet" classVersion="0" classID="0xE8" addr="0x2F34ED0" id="0x724A7C">
      <staticProperties>
        <property name="name" type="String" container="StaticArray" arraySize="1">
          <containerEntry hash="0xB8A0BF169F98"></containerEntry>
        </property>
        <property name="dataSet" type="EntityHandle" container="StaticArray" arraySize="1">
          <containerEntry>0x0</containerEntry>
        </property>
        <property name="dataList" type="EntityPtr" container="StringMap" arraySize="18">
          <containerEntry key="mafr_rock010_0009">
            <data>0x2F34530</data>
          </containerEntry>
          <containerEntry key="mafr_hutt005_gim_n0000|TppRainFilterInterruptTrans0000">
            <data>0x2D7DC90</data>
          </containerEntry>
          <containerEntry key="mafr_hutt005_gim_n0001|TppRainFilterInterruptTrans0000">
            <data>0x2D7E4E0</data>
          </containerEntry>
          <containerEntry key="mafr_hutt005_gim_i0000|TppSharedGimmick_mafr_hutt005">
            <data>0x2D7E7F0</data>
          </containerEntry>
          <containerEntry key="StaticModelArray0000">
            <data>0x2F30160</data>
          </containerEntry>
          <containerEntry key="StaticModelArray0001">
            <data>0x2D7F5F0</data>
          </containerEntry>
          <containerEntry key="StaticModelArray0002">
            <data>0x2D7F740</data>
          </containerEntry>
          <containerEntry key="StaticModelArray0003">
            <data>0x2D7F7B0</data>
          </containerEntry>
          <containerEntry key="StaticModelArray0004">
            <data>0x2F353A0</data>
          </containerEntry>
          <containerEntry key="StaticModelArray0005">
            <data>0x2D75410</data>
          </containerEntry>
          <containerEntry key="StaticModelArray0006">
            <data>0x2D7F660</data>
          </containerEntry>
          <containerEntry key="StaticModelArray0007">
            <data>0x2D7F6D0</data>
          </containerEntry>
          <containerEntry key="StaticModelArray0008">
            <data>0x2D7F820</data>
          </containerEntry>
          <containerEntry key="StaticModelArray0009">
            <data>0x2D7F890</data>
          </containerEntry>
          <containerEntry key="StaticModelArray0010">
            <data>0x2D7F900</data>
          </containerEntry>
          <containerEntry key="StaticModelArray0011">
            <data>0x2D7F970</data>
          </containerEntry>
          <containerEntry key="GeoxPathPack0000">
            <data>0x2F300F0</data>
          </containerEntry>
          <containerEntry key="TexturePackLoadConditioner0000">
            <data>0x2F309B0</data>
          </containerEntry>
        </property>
      </staticProperties>
      <dynamicProperties></dynamicProperties>
    </entity>
    <entity class="StaticModel" classVersion="9" classID="0x160" addr="0x2F34530" id="0x724AAB">
      <staticProperties>
        <property name="name" type="String" container="StaticArray" arraySize="1">
          <containerEntry>mafr_rock010_0009</containerEntry>
        </property>
        <property name="dataSet" type="EntityHandle" container="StaticArray" arraySize="1">
          <containerEntry>0x2F34ED0</containerEntry>
        </property>
        <property name="parent" type="EntityHandle" container="StaticArray" arraySize="1">
          <containerEntry>0x0</containerEntry>
        </property>
        <property name="transform" type="EntityPtr" container="StaticArray" arraySize="1">
          <containerEntry>0x2F344C0</containerEntry>
        </property>
        <property name="shearTransform" type="EntityPtr" container="StaticArray" arraySize="1">
          <containerEntry>0x0</containerEntry>
        </property>
        <property name="pivotTransform" type="EntityPtr" container="StaticArray" arraySize="1">
          <containerEntry>0x0</containerEntry>
        </property>
        <property name="children" type="EntityHandle" container="List"></property>
        <property name="flags" type="UInt32" container="StaticArray" arraySize="1">
          <containerEntry>3221225479</containerEntry>
        </property>
        <property name="modelFile" type="FilePtr" container="StaticArray" arraySize="1">
          <containerEntry>/Assets/tpp/environ/object/middle_africa/rock/mafr_rock010/scenes/mafr_rock010.fmdl</containerEntry>
        </property>
        <property name="geomFile" type="FilePtr" container="StaticArray" arraySize="1">
          <containerEntry>/Assets/tpp/environ/object/middle_africa/rock/mafr_rock010/scenes/mafr_rock010.geom</containerEntry>
        </property>
        <property name="isVisibleGeom" type="Bool" container="StaticArray" arraySize="1">
          <containerEntry>false</containerEntry>
        </property>
        <property name="isIsolated" type="Bool" container="StaticArray" arraySize="1">
          <containerEntry>false</containerEntry>
        </property>
        <property name="lodFarSize" type="Float" container="StaticArray" arraySize="1">
          <containerEntry>-1</containerEntry>
        </property>
        <property name="lodNearSize" type="Float" container="StaticArray" arraySize="1">
          <containerEntry>-1</containerEntry>
        </property>
        <property name="lodPolygonSize" type="Float" container="StaticArray" arraySize="1">
          <containerEntry>-1</containerEntry>
        </property>
        <property name="color" type="Color" container="StaticArray" arraySize="1">
          <containerEntry r="1" g="1" b="1" a="1"></containerEntry>
        </property>
        <property name="drawRejectionLevel" type="Int32" container="StaticArray" arraySize="1">
          <containerEntry>8</containerEntry>
        </property>
        <property name="drawMode" type="Int32" container="StaticArray" arraySize="1">
          <containerEntry>0</containerEntry>
        </property>
        <property name="rejectFarRangeShadowCast" type="Int32" container="StaticArray" arraySize="1">
          <containerEntry>2</containerEntry>
        </property>
      </staticProperties>
      <dynamicProperties></dynamicProperties>
    </entity>
    <entity class="TransformEntity" classVersion="0" classID="0x50" addr="0x2F344C0" id="0x724AAE">
      <staticProperties>
        <property name="owner" type="EntityHandle" container="StaticArray" arraySize="1">
          <containerEntry>0x2F34530</containerEntry>
        </property>
        <property name="transform_scale" type="Vector3" container="StaticArray" arraySize="1">
          <containerEntry x="1" y="1" z="1" w="0"></containerEntry>
        </property>
        <property name="transform_rotation_quat" type="Quat" container="StaticArray" arraySize="1">
          <containerEntry x="-0.005925" y="0.965729" z="0.047037" w="-0.255186"></containerEntry>
        </property>
        <property name="transform_translation" type="Vector3" container="StaticArray" arraySize="1">
          <containerEntry x="2183.0056" y="193.9893" z="-2153.389" w="1"></containerEntry>
        </property>
      </staticProperties>
      <dynamicProperties></dynamicProperties>
    </entity>
    <entity class="TppRainFilterInterruptTrans" classVersion="2" classID="0x190" addr="0x2D7DC90" id="0xE43AC">
      <staticProperties>
        <property name="name" type="String" container="StaticArray" arraySize="1">
          <containerEntry>mafr_hutt005_gim_n0000|TppRainFilterInterruptTrans0000</containerEntry>
        </property>
        <property name="dataSet" type="EntityHandle" container="StaticArray" arraySize="1">
          <containerEntry>0x2F34ED0</containerEntry>
        </property>
        <property name="parent" type="EntityHandle" container="StaticArray" arraySize="1">
          <containerEntry>0x0</containerEntry>
        </property>
        <property name="transform" type="EntityPtr" container="StaticArray" arraySize="1">
          <containerEntry>0x2D7DD00</containerEntry>
        </property>
        <property name="shearTransform" type="EntityPtr" container="StaticArray" arraySize="1">
          <containerEntry>0x0</containerEntry>
        </property>
        <property name="pivotTransform" type="EntityPtr" container="StaticArray" arraySize="1">
          <containerEntry>0x0</containerEntry>
        </property>
        <property name="children" type="EntityHandle" container="List"></property>
        <property name="flags" type="UInt32" container="StaticArray" arraySize="1">
          <containerEntry>7</containerEntry>
        </property>
        <property name="planeMatrices" type="Matrix4" container="DynamicArray" arraySize="1">
          <containerEntry r11="1.981522" r12="0" r13="0" r14="0" r21="0" r22="0.994542" r23="0.104335" r24="0" r31="0" r32="-0.15959" r33="1.52124" r34="0" r41="0" r42="2.42" r43="0" r44="1"></containerEntry>
        </property>
        <property name="maskTextures" type="Path" container="DynamicArray" arraySize="1">
          <containerEntry>/Assets/tpp/effect/gr_pic/gr_rinmsk01_iy_alp_clp.ftex</containerEntry>
        </property>
        <property name="interruptFlags" type="UInt32" container="DynamicArray" arraySize="1">
          <containerEntry>1</containerEntry>
        </property>
        <property name="levels" type="UInt32" container="DynamicArray" arraySize="1">
          <containerEntry>0</containerEntry>
        </property>
      </staticProperties>
      <dynamicProperties></dynamicProperties>
    </entity>
    <entity class="TransformEntity" classVersion="0" classID="0x50" addr="0x2D7DD00" id="0xE43AD">
      <staticProperties>
        <property name="owner" type="EntityHandle" container="StaticArray" arraySize="1">
          <containerEntry>0x2D7DC90</containerEntry>
        </property>
        <property name="transform_scale" type="Vector3" container="StaticArray" arraySize="1">
          <containerEntry x="1" y="1" z="1" w="1.1e-44"></containerEntry>
        </property>
        <property name="transform_rotation_quat" type="Quat" container="StaticArray" arraySize="1">
          <containerEntry x="0" y="0" z="0" w="1"></containerEntry>
        </property>
        <property name="transform_translation" type="Vector3" container="StaticArray" arraySize="1">
          <containerEntry x="2126.7095" y="191.03018" z="-2086.4182" w="1"></containerEntry>
        </property>
      </staticProperties>
      <dynamicProperties></dynamicProperties>
    </entity>
    <entity class="TppRainFilterInterruptTrans" classVersion="2" classID="0x190" addr="0x2D7E4E0" id="0xE43AC">
      <staticProperties>
        <property name="name" type="String" container="StaticArray" arraySize="1">
          <containerEntry>mafr_hutt005_gim_n0001|TppRainFilterInterruptTrans0000</containerEntry>
        </property>
        <property name="dataSet" type="EntityHandle" container="StaticArray" arraySize="1">
          <containerEntry>0x2F34ED0</containerEntry>
        </property>
        <property name="parent" type="EntityHandle" container="StaticArray" arraySize="1">
          <containerEntry>0x0</containerEntry>
        </property>
        <property name="transform" type="EntityPtr" container="StaticArray" arraySize="1">
          <containerEntry>0x2D7E550</containerEntry>
        </property>
        <property name="shearTransform" type="EntityPtr" container="StaticArray" arraySize="1">
          <containerEntry>0x0</containerEntry>
        </property>
        <property name="pivotTransform" type="EntityPtr" container="StaticArray" arraySize="1">
          <containerEntry>0x0</containerEntry>
        </property>
        <property name="children" type="EntityHandle" container="List"></property>
        <property name="flags" type="UInt32" container="StaticArray" arraySize="1">
          <containerEntry>7</containerEntry>
        </property>
        <property name="planeMatrices" type="Matrix4" container="DynamicArray" arraySize="1">
          <containerEntry r11="1.981522" r12="0" r13="0" r14="0" r21="0" r22="0.994542" r23="0.104335" r24="0" r31="0" r32="-0.15959" r33="1.52124" r34="0" r41="0" r42="2.42" r43="0" r44="1"></containerEntry>
        </property>
        <property name="maskTextures" type="Path" container="DynamicArray" arraySize="1">
          <containerEntry>/Assets/tpp/effect/gr_pic/gr_rinmsk01_iy_alp_clp.ftex</containerEntry>
        </property>
        <property name="interruptFlags" type="UInt32" container="DynamicArray" arraySize="1">
          <containerEntry>1</containerEntry>
        </property>
        <property name="levels" type="UInt32" container="DynamicArray" arraySize="1">
          <containerEntry>0</containerEntry>
        </property>
      </staticProperties>
      <dynamicProperties></dynamicProperties>
    </entity>
    <entity class="TransformEntity" classVersion="0" classID="0x50" addr="0x2D7E550" id="0xE43AD">
      <staticProperties>
        <property name="owner" type="EntityHandle" container="StaticArray" arraySize="1">
          <containerEntry>0x2D7E4E0</containerEntry>
        </property>
        <property name="transform_scale" type="Vector3" container="StaticArray" arraySize="1">
          <containerEntry x="1.0000013" y="1" z="1.0000013" w="1.1e-44"></containerEntry>
        </property>
        <property name="transform_rotation_quat" type="Quat" container="StaticArray" arraySize="1">
          <containerEntry x="0" y="0.9884297" z="0" w="0.15167984"></containerEntry>
        </property>
        <property name="transform_translation" type="Vector3" container="StaticArray" arraySize="1">
          <containerEntry x="2166.3352" y="194.99475" z="-2165.1628" w="1"></containerEntry>
        </property>
      </staticProperties>
      <dynamicProperties></dynamicProperties>
    </entity>
    <entity class="TppSharedGimmickData" classVersion="1" classID="0xF0" addr="0x2D7E7F0" id="0x2C40B2">
      <staticProperties>
        <property name="name" type="String" container="StaticArray" arraySize="1">
          <containerEntry>mafr_hutt005_gim_i0000|TppSharedGimmick_mafr_hutt005</containerEntry>
        </property>
        <property name="dataSet" type="EntityHandle" container="StaticArray" arraySize="1">
          <containerEntry>0x2F34ED0</containerEntry>
        </property>
        <property name="modelFile" type="FilePtr" container="StaticArray" arraySize="1">
          <containerEntry>/Assets/tpp/environ/object/middle_africa/hut/mafr_hutt005/scenes/mafr_hutt005_fl.fmdl</containerEntry>
        </property>
        <property name="geomFile" type="FilePtr" container="StaticArray" arraySize="1">
          <containerEntry>/Assets/tpp/environ/object/middle_africa/hut/mafr_hutt005/scenes/mafr_hutt005.geom</containerEntry>
        </property>
        <property name="breakedModelFile" type="FilePtr" container="StaticArray" arraySize="1">
          <containerEntry hash="0xB8A0BF169F98"></containerEntry>
        </property>
        <property name="breakedGeomFile" type="FilePtr" container="StaticArray" arraySize="1">
          <containerEntry hash="0xB8A0BF169F98"></containerEntry>
        </property>
        <property name="partsFile" type="FilePtr" container="StaticArray" arraySize="1">
          <containerEntry>/Assets/tpp/parts/environ/object/middle_africa/hut/mafr_hutt005/mafr_hutt005.parts</containerEntry>
        </property>
        <property name="numDynamicGimmick" type="UInt32" container="StaticArray" arraySize="1">
          <containerEntry>1</containerEntry>
        </property>
        <property name="locaterFile" type="FilePtr" container="StaticArray" arraySize="1">
          <containerEntry>/Assets/tpp/level/location/mafr/block_small/150/150_116/lba/mafr_hutt005.lba</containerEntry>
        </property>
        <property name="flags1" type="UInt32" container="StaticArray" arraySize="1">
          <containerEntry>2147492102</containerEntry>
        </property>
        <property name="flags2" type="UInt32" container="StaticArray" arraySize="1">
          <containerEntry>0</containerEntry>
        </property>
      </staticProperties>
      <dynamicProperties></dynamicProperties>
    </entity>
    <entity class="StaticModelArray" classVersion="4" classID="0xD0" addr="0x2F30160" id="0x0">
      <staticProperties>
        <property name="name" type="String" container="StaticArray" arraySize="1">
          <containerEntry>StaticModelArray0000</containerEntry>
        </property>
        <property name="dataSet" type="EntityHandle" container="StaticArray" arraySize="1">
          <containerEntry>0x2F34ED0</containerEntry>
        </property>
        <property name="modelFile" type="FilePtr" container="StaticArray" arraySize="1">
          <containerEntry>/Assets/tpp/environ/object/middle_africa/rock/mafr_rock002/scenes/mafr_rock002.fmdl</containerEntry>
        </property>
        <property name="geomFile" type="FilePtr" container="StaticArray" arraySize="1">
          <containerEntry>/Assets/tpp/environ/object/middle_africa/rock/mafr_rock002/scenes/mafr_rock002.geom</containerEntry>
        </property>
        <property name="isVisibleGeom" type="Bool" container="StaticArray" arraySize="1">
          <containerEntry>false</containerEntry>
        </property>
        <property name="lodFarSize" type="Float" container="StaticArray" arraySize="1">
          <containerEntry>-1</containerEntry>
        </property>
        <property name="lodNearSize" type="Float" container="StaticArray" arraySize="1">
          <containerEntry>-1</containerEntry>
        </property>
        <property name="lodPolygonSize" type="Float" container="StaticArray" arraySize="1">
          <containerEntry>-1</containerEntry>
        </property>
        <property name="drawRejectionLevel" type="Int32" container="StaticArray" arraySize="1">
          <containerEntry>5</containerEntry>
        </property>
        <property name="drawMode" type="Int32" container="StaticArray" arraySize="1">
          <containerEntry>0</containerEntry>
        </property>
        <property name="rejectFarRangeShadowCast" type="Int32" container="StaticArray" arraySize="1">
          <containerEntry>2</containerEntry>
        </property>
        <property name="parentLocator" type="EntityLink" container="StaticArray" arraySize="1">
          <containerEntry packagePathHash="0xB8A0BF169F98" archivePathHash="0xB8A0BF169F98" nameInArchiveHash="0xB8A0BF169F98">0x0</containerEntry>
        </property>
        <property name="transforms" type="Matrix4" container="DynamicArray" arraySize="5">
          <containerEntry r11="-0.85455143" r12="0.18957557" r13="1.7982783" r14="0" r21="-0.009020835" r22="1.9885066" r23="-0.21391633" r24="0" r31="-1.8082209" r32="-0.09951217" r33="-0.8487855" r34="0" r41="2295.4727" r42="218.67386" r43="-2154.495" r44="1"></containerEntry>
          <containerEntry r11="-0.85455143" r12="0.18957557" r13="1.7982783" r14="0" r21="-0.009020835" r22="1.9885066" r23="-0.21391633" r24="0" r31="-1.8082209" r32="-0.09951217" r33="-0.8487855" r34="0" r41="2259.6633" r42="215.55623" r43="-2083.3264" r44="1"></containerEntry>
          <containerEntry r11="-1.9691896" r12="0.028563512" r13="0.34855035" r14="0" r21="-0.009019626" r22="1.9885068" r23="-0.21391492" r24="0" r31="-0.34960243" r32="-0.21219112" r33="-1.9577446" r34="0" r41="2245.5618" r42="217.68552" r43="-2069.5557" r44="1"></containerEntry>
          <containerEntry r11="-1.9886984" r12="-0.031609874" r13="-0.21000005" r14="0" r21="-0.009018452" r22="1.9885072" r23="-0.21391174" r24="0" r31="0.21217418" r32="-0.21175602" r33="-1.9774129" r34="0" r41="2216.5178" r42="212.62332" r43="-2076.3975" r44="1"></containerEntry>
          <containerEntry r11="1.9922276" r12="-0.009892144" r13="-0.17598796" r14="0" r21="-0.009022199" r22="1.9885077" r23="-0.2139061" r24="0" r31="0.17603469" r32="0.21386869" r33="1.9807352" r34="0" r41="2192.8242" r42="213.03217" r43="-2064.0095" r44="1"></containerEntry>
        </property>
        <property name="colors" type="UInt32" container="DynamicArray" arraySize="5">
          <containerEntry>4294967295</containerEntry>
          <containerEntry>4294967295</containerEntry>
          <containerEntry>4294967295</containerEntry>
          <containerEntry>4294967295</containerEntry>
          <containerEntry>4294967295</containerEntry>
        </property>
      </staticProperties>
      <dynamicProperties></dynamicProperties>
    </entity>
    <entity class="StaticModelArray" classVersion="4" classID="0xD0" addr="0x2D7F5F0" id="0x0">
      <staticProperties>
        <property name="name" type="String" container="StaticArray" arraySize="1">
          <containerEntry>StaticModelArray0001</containerEntry>
        </property>
        <property name="dataSet" type="EntityHandle" container="StaticArray" arraySize="1">
          <containerEntry>0x2F34ED0</containerEntry>
        </property>
        <property name="modelFile" type="FilePtr" container="StaticArray" arraySize="1">
          <containerEntry>/Assets/tpp/environ/object/middle_africa/cliff/mafr_clff003/scenes/mafr_clff003_vrtn001.fmdl</containerEntry>
        </property>
        <property name="geomFile" type="FilePtr" container="StaticArray" arraySize="1">
          <containerEntry>/Assets/tpp/environ/object/middle_africa/cliff/mafr_clff003/scenes/mafr_clff003_vrtn001.geom</containerEntry>
        </property>
        <property name="isVisibleGeom" type="Bool" container="StaticArray" arraySize="1">
          <containerEntry>false</containerEntry>
        </property>
        <property name="lodFarSize" type="Float" container="StaticArray" arraySize="1">
          <containerEntry>-1</containerEntry>
        </property>
        <property name="lodNearSize" type="Float" container="StaticArray" arraySize="1">
          <containerEntry>-1</containerEntry>
        </property>
        <property name="lodPolygonSize" type="Float" container="StaticArray" arraySize="1">
          <containerEntry>-1</containerEntry>
        </property>
        <property name="drawRejectionLevel" type="Int32" container="StaticArray" arraySize="1">
          <containerEntry>8</containerEntry>
        </property>
        <property name="drawMode" type="Int32" container="StaticArray" arraySize="1">
          <containerEntry>0</containerEntry>
        </property>
        <property name="rejectFarRangeShadowCast" type="Int32" container="StaticArray" arraySize="1">
          <containerEntry>2</containerEntry>
        </property>
        <property name="parentLocator" type="EntityLink" container="StaticArray" arraySize="1">
          <containerEntry packagePathHash="0xB8A0BF169F98" archivePathHash="0xB8A0BF169F98" nameInArchiveHash="0xB8A0BF169F98">0x0</containerEntry>
        </property>
        <property name="transforms" type="Matrix4" container="DynamicArray" arraySize="34">
          <containerEntry r11="0.43522403" r12="-0.057475895" r13="-0.8984852" r14="0" r21="-0.50346124" r22="0.8118038" r23="-0.2958058" r24="0" r31="0.74639535" r32="0.5810945" r33="0.32437968" r34="0" r41="2209.285" r42="187.1971" r43="-2169.0132" r44="1"></containerEntry>
          <containerEntry r11="0.5395391" r12="-0.08402145" r13="-0.83775604" r14="0" r21="-0.631398" r22="0.61785567" r23="-0.4686028" r24="0" r31="0.55698407" r32="0.781788" r33="0.28030667" r34="0" r41="2254.7524" r42="199.7831" r43="-2138.342" r44="1"></containerEntry>
          <containerEntry r11="0.57639444" r12="0.24055448" r13="-0.78096145" r14="0" r21="-0.81620693" r22="0.21586943" r23="-0.53591275" r24="0" r31="0.039667487" r32="0.94632435" r33="0.3207696" r34="0" r41="2246.3672" r42="199.73317" r43="-2130.3875" r44="1"></containerEntry>
          <containerEntry r11="0.49046293" r12="-0.055758297" r13="-0.8696743" r14="0" r21="-0.85705364" r22="0.14984769" r23="-0.49294895" r24="0" r31="0.1578021" r32="0.9871325" r33="0.025708288" r34="0" r41="2284.9397" r42="205.0538" r43="-2173.861" r44="1"></containerEntry>
          <containerEntry r11="0.615633" r12="-0.06126669" r13="-0.78564507" r14="0" r21="-0.7701241" r22="0.16455227" r23="-0.6162971" r24="0" r31="0.16703475" r32="0.98445904" r33="0.054122373" r34="0" r41="2273.1301" r42="203.99857" r43="-2150.7754" r44="1"></containerEntry>
          <containerEntry r11="0.26256934" r12="0.10462913" r13="-0.9592209" r14="0" r21="-0.9529437" r22="0.18419766" r23="-0.24075612" r24="0" r31="0.15149328" r32="0.97730136" r33="0.14807287" r34="0" r41="2282.379" r42="205.21675" r43="-2164.6926" r44="1"></containerEntry>
          <containerEntry r11="-0.97229135" r12="-0.23336871" r13="-0.013135726" r14="0" r21="-0.23372175" r22="0.9713597" r23="0.04282687" r24="0" r31="0.0027650236" r32="0.04471065" r33="-0.99898803" r34="0" r41="2291.8145" r42="205.88484" r43="-2179.6958" r44="1"></containerEntry>
          <containerEntry r11="0.23591854" r12="0.35623688" r13="0.90411955" r14="0" r21="0.25298" r22="0.87579095" r23="-0.41108444" r24="0" r31="-0.93826324" r32="0.32570627" r33="0.11649454" r34="0" r41="2278.3918" r42="200.0779" r43="-2176.3794" r44="1"></containerEntry>
          <containerEntry r11="0.13156064" r12="-0.14855388" r13="-0.9801103" r14="0" r21="-0.82130516" r22="0.5373197" r23="-0.1916807" r24="0" r31="0.5551057" r32="0.83018994" r33="-0.051316738" r34="0" r41="2276.1208" r42="203.29506" r43="-2160.0024" r44="1"></containerEntry>
          <containerEntry r11="-0.5218577" r12="-0.3159625" r13="0.7923535" r14="0" r21="0.69547015" r22="0.38026443" r23="0.6096859" r24="0" r31="-0.49394095" r32="0.86923146" r33="0.021301687" r34="0" r41="2246.9226" r42="199.73317" r43="-2129.0366" r44="1"></containerEntry>
          <containerEntry r11="0.07884362" r12="-0.014607936" r13="-0.99677694" r14="0" r21="-0.9023516" r22="0.42395556" r23="-0.07758486" r24="0" r31="0.42372063" r32="0.90556306" r33="0.020246387" r34="0" r41="2237.5156" r42="197.1989" r43="-2130.6064" r44="1"></containerEntry>
          <containerEntry r11="-0.976608" r12="-0.101141445" r13="0.18971542" r14="0" r21="0.09026421" r22="0.6079935" r23="0.78879225" r24="0" r31="-0.19512534" r32="0.7874714" r33="-0.5846388" r34="0" r41="2244.8972" r42="197.4168" r43="-2113.8677" r44="1"></containerEntry>
          <containerEntry r11="0.99428475" r12="-0.015517876" r13="-0.10562647" r14="0" r21="-0.084989786" r22="0.48371422" r23="-0.8710876" r24="0" r31="0.06461031" r32="0.87508637" r33="0.47963083" r34="0" r41="2246.229" r42="199.5508" r43="-2097.7712" r44="1"></containerEntry>
          <containerEntry r11="0.116418704" r12="0.13873467" r13="0.9834595" r14="0" r21="0.41950193" r22="0.8906664" r23="-0.17530158" r24="0" r31="-0.90025437" r32="0.43297252" r33="0.04549092" r34="0" r41="2219.6357" r42="196.51163" r43="-2094.491" r44="1"></containerEntry>
          <containerEntry r11="0.7184076" r12="0.015979141" r13="-0.69543743" r14="0" r21="-0.60750353" r22="0.50142246" r23="-0.61604506" r24="0" r31="0.33886287" r32="0.865053" r33="0.3699336" r34="0" r41="2260.4773" r42="199.2461" r43="-2165.6775" r44="1"></containerEntry>
          <containerEntry r11="-0.7331728" r12="-0.09997717" r13="0.6726408" r14="0" r21="0.14332366" r22="0.9441976" r23="0.2965616" r24="0" r31="-0.6647551" r32="0.31383914" r33="-0.6779303" r34="0" r41="2249.1528" r42="197.52611" r43="-2161.647" r44="1"></containerEntry>
          <containerEntry r11="0.3048989" r12="-0.1320532" r13="0.94318074" r14="0" r21="-0.20776203" r22="0.9572663" r23="0.20118555" r24="0" r31="-0.9294422" r32="-0.25729874" r33="0.2644338" r34="0" r41="2270.142" r42="203.95224" r43="-2140.4631" r44="1"></containerEntry>
          <containerEntry r11="0.06639403" r12="0.1265217" r13="-0.98973596" r14="0" r21="-0.71494335" r22="0.69796205" r23="0.04126504" r24="0" r31="0.696018" r32="0.7048681" r33="0.13679773" r34="0" r41="2213.0854" r42="192.62509" r43="-2136.4336" r44="1"></containerEntry>
          <containerEntry r11="-0.03532306" r12="3.7252903e-07" r13="0.9993755" r14="0" r21="0.48525953" r22="0.87420183" r23="0.01715146" r24="0" r31="-0.87365586" r32="0.48556256" r33="-0.030879617" r34="0" r41="2180.174" r42="187.61955" r43="-2102.9468" r44="1"></containerEntry>
          <containerEntry r11="-0.9323443" r12="-0.24956582" r13="0.26160786" r14="0" r21="0.020389631" r22="0.68612003" r23="0.72720116" r24="0" r31="-0.3609793" r32="0.6833405" r33="-0.6346096" r34="0" r41="2219.9214" r42="193.42635" r43="-2118.1384" r44="1"></containerEntry>
          <containerEntry r11="-0.9929274" r12="-0.09307275" r13="-0.07359561" r14="0" r21="-0.11009776" r22="0.9539639" r23="0.27898228" r24="0" r31="0.044241786" r32="0.28511417" r33="-0.95746356" r34="0" r41="2209.8132" r42="193.85881" r43="-2095.8567" r44="1"></containerEntry>
          <containerEntry r11="0.29195926" r12="-0.15940073" r13="-0.9430515" r14="0" r21="-0.7234621" r22="0.6081325" r23="-0.32676384" r24="0" r31="0.6255856" r32="0.7776654" r33="0.06223011" r34="0" r41="2197.363" r42="194.04825" r43="-2082.2449" r44="1"></containerEntry>
          <containerEntry r11="-0.73798954" r12="-0.12274795" r13="0.66354746" r14="0" r21="0.19842604" r22="0.9003711" r23="0.38724473" r24="0" r31="-0.6449724" r32="0.4174498" r33="-0.6401075" r34="0" r41="2222.0378" r42="195.58434" r43="-2149.9937" r44="1"></containerEntry>
          <containerEntry r11="-0.53776604" r12="-0.20031995" r13="0.81894565" r14="0" r21="0.5625042" r22="0.63830256" r23="0.5255065" r24="0" r31="-0.6280041" r32="0.743263" r33="-0.23057503" r34="0" r41="2220.0613" r42="195.06349" r43="-2143.0034" r44="1"></containerEntry>
          <containerEntry r11="0.10040158" r12="-0.06036842" r13="0.9931127" r14="0" r21="0.67650455" r22="0.7360581" r23="-0.023649514" r24="0" r31="-0.7295606" r32="0.67422056" r33="0.114741266" r34="0" r41="2209.9573" r42="192.09976" r43="-2122.3677" r44="1"></containerEntry>
          <containerEntry r11="-0.78029364" r12="0.07555306" r13="0.62082386" r14="0" r21="0.21581185" r22="0.9642296" r23="0.15390363" r24="0" r31="-0.5869887" r32="0.25407246" r33="-0.7686873" r34="0" r41="2295.2546" r42="211.32166" r43="-2171.2585" r44="1"></containerEntry>
          <containerEntry r11="0.40317366" r12="-0.30852622" r13="-1.4114697" r14="0" r21="-1.2417722" r22="0.6750777" r23="-0.502255" r24="0" r31="0.73853713" r32="1.3034837" r33="-0.07396218" r34="0" r41="2286.2214" r42="211.20895" r43="-2150.6777" r44="1"></containerEntry>
          <containerEntry r11="-0.09940918" r12="-0.2841246" r13="1.4694796" r14="0" r21="0.5042002" r22="1.3802849" r23="0.3009885" r24="0" r31="-1.4092122" r32="0.5138922" r33="0.004029393" r34="0" r41="2277.1914" r42="211.58301" r43="-2137.2104" r44="1"></containerEntry>
          <containerEntry r11="-0.5473347" r12="0.2399407" r13="1.3757999" r14="0" r21="0.2831106" r22="1.4660778" r23="-0.14305273" r24="0" r31="-1.3675691" r32="0.2074708" r33="-0.58024323" r34="0" r41="2272.609" r42="211.58301" r43="-2120.0972" r44="1"></containerEntry>
          <containerEntry r11="0.72991127" r12="-0.086397976" r13="-1.3075752" r14="0" r21="-1.0305867" r22="0.8866185" r23="-0.63386816" r24="0" r31="0.80938756" r32="1.2068278" r33="0.37207615" r34="0" r41="2270.9377" r42="207.39131" r43="-2091.7107" r44="1"></containerEntry>
          <containerEntry r11="0.59263945" r12="-0.13076136" r13="-0.7947806" r14="0" r21="-0.5001669" r22="0.7136973" r23="-0.490374" r24="0" r31="0.631354" r32="0.68813884" r33="0.3575629" r34="0" r41="2246.224" r42="204.498" r43="-2091.3848" r44="1"></containerEntry>
          <containerEntry r11="-0.6516994" r12="-0.14340799" r13="-0.7447873" r14="0" r21="-0.5037641" r22="0.81592596" r23="0.2836988" r24="0" r31="0.5670058" r32="0.56008697" r33="-0.60398126" r34="0" r41="2230.7224" r42="205.57593" r43="-2085.2388" r44="1"></containerEntry>
          <containerEntry r11="0.9476079" r12="0.19847396" r13="-0.2502942" r14="0" r21="-0.31427953" r22="0.4390576" r23="-0.8416978" r24="0" r31="-0.057161942" r32="0.87626195" r33="0.4784309" r34="0" r41="2226.7646" r42="189.6971" r43="-2161.3232" r44="1"></containerEntry>
          <containerEntry r11="-0.83969676" r12="-0.27605125" r13="-0.4676464" r14="0" r21="-0.3358864" r22="0.9406872" r23="0.047828473" r24="0" r31="0.42670575" r32="0.19723827" r33="-0.8826138" r34="0" r41="2224.5667" r42="196.33133" r43="-2097.409" r44="1"></containerEntry>
        </property>
        <property name="colors" type="UInt32" container="DynamicArray" arraySize="34">
          <containerEntry>4294967295</containerEntry>
          <containerEntry>4294967295</containerEntry>
          <containerEntry>4294967295</containerEntry>
          <containerEntry>4294967295</containerEntry>
          <containerEntry>4294967295</containerEntry>
          <containerEntry>4294967295</containerEntry>
          <containerEntry>4294967295</containerEntry>
          <containerEntry>4294967295</containerEntry>
          <containerEntry>4294967295</containerEntry>
          <containerEntry>4294967295</containerEntry>
          <containerEntry>4294967295</containerEntry>
          <containerEntry>4294967295</containerEntry>
          <containerEntry>4294967295</containerEntry>
          <containerEntry>4294967295</containerEntry>
          <containerEntry>4294967295</containerEntry>
          <containerEntry>4294967295</containerEntry>
          <containerEntry>4294967295</containerEntry>
          <containerEntry>4294967295</containerEntry>
          <containerEntry>4294967295</containerEntry>
          <containerEntry>4294967295</containerEntry>
          <containerEntry>4294967295</containerEntry>
          <containerEntry>4294967295</containerEntry>
          <containerEntry>4294967295</containerEntry>
          <containerEntry>4294967295</containerEntry>
          <containerEntry>4294967295</containerEntry>
          <containerEntry>4294967295</containerEntry>
          <containerEntry>4294967295</containerEntry>
          <containerEntry>4294967295</containerEntry>
          <containerEntry>4294967295</containerEntry>
          <containerEntry>4294967295</containerEntry>
          <containerEntry>4294967295</containerEntry>
          <containerEntry>4294967295</containerEntry>
          <containerEntry>4294967295</containerEntry>
          <containerEntry>4294967295</containerEntry>
        </property>
      </staticProperties>
      <dynamicProperties></dynamicProperties>
    </entity>
    <entity class="StaticModelArray" classVersion="4" classID="0xD0" addr="0x2D7F740" id="0x0">
      <staticProperties>
        <property name="name" type="String" container="StaticArray" arraySize="1">
          <containerEntry>StaticModelArray0002</containerEntry>
        </property>
        <property name="dataSet" type="EntityHandle" container="StaticArray" arraySize="1">
          <containerEntry>0x2F34ED0</containerEntry>
        </property>
        <property name="modelFile" type="FilePtr" container="StaticArray" arraySize="1">
          <containerEntry hash="0xB8A0BF169F98"></containerEntry>
        </property>
        <property name="geomFile" type="FilePtr" container="StaticArray" arraySize="1">
          <containerEntry>/Assets/tpp/environ/object/middle_africa/hut/mafr_hutt005/scenes/mafr_hutt005_pc.geom</containerEntry>
        </property>
        <property name="isVisibleGeom" type="Bool" container="StaticArray" arraySize="1">
          <containerEntry>false</containerEntry>
        </property>
        <property name="lodFarSize" type="Float" container="StaticArray" arraySize="1">
          <containerEntry>-1</containerEntry>
        </property>
        <property name="lodNearSize" type="Float" container="StaticArray" arraySize="1">
          <containerEntry>-1</containerEntry>
        </property>
        <property name="lodPolygonSize" type="Float" container="StaticArray" arraySize="1">
          <containerEntry>-1</containerEntry>
        </property>
        <property name="drawRejectionLevel" type="Int32" container="StaticArray" arraySize="1">
          <containerEntry>8</containerEntry>
        </property>
        <property name="drawMode" type="Int32" container="StaticArray" arraySize="1">
          <containerEntry>0</containerEntry>
        </property>
        <property name="rejectFarRangeShadowCast" type="Int32" container="StaticArray" arraySize="1">
          <containerEntry>2</containerEntry>
        </property>
        <property name="parentLocator" type="EntityLink" container="StaticArray" arraySize="1">
          <containerEntry packagePathHash="0xB8A0BF169F98" archivePathHash="0xB8A0BF169F98" nameInArchiveHash="0xB8A0BF169F98">0x0</containerEntry>
        </property>
        <property name="transforms" type="Matrix4" container="DynamicArray" arraySize="2">
          <containerEntry r11="1" r12="0" r13="0" r14="0" r21="0" r22="1" r23="0" r24="0" r31="0" r32="0" r33="1" r34="0" r41="2126.7095" r42="191.03018" r43="-2086.4182" r44="1"></containerEntry>
          <containerEntry r11="-0.95398784" r12="0" r13="-0.2998501" r14="0" r21="0" r22="1" r23="0" r24="0" r31="0.2998501" r32="0" r33="-0.95398784" r34="0" r41="2166.3352" r42="194.99475" r43="-2165.1628" r44="1"></containerEntry>
        </property>
        <property name="colors" type="UInt32" container="DynamicArray" arraySize="2">
          <containerEntry>4294967295</containerEntry>
          <containerEntry>4294967295</containerEntry>
        </property>
      </staticProperties>
      <dynamicProperties></dynamicProperties>
    </entity>
    <entity class="StaticModelArray" classVersion="4" classID="0xD0" addr="0x2D7F7B0" id="0x0">
      <staticProperties>
        <property name="name" type="String" container="StaticArray" arraySize="1">
          <containerEntry>StaticModelArray0003</containerEntry>
        </property>
        <property name="dataSet" type="EntityHandle" container="StaticArray" arraySize="1">
          <containerEntry>0x2F34ED0</containerEntry>
        </property>
        <property name="modelFile" type="FilePtr" container="StaticArray" arraySize="1">
          <containerEntry>/Assets/tpp/environ/object/middle_africa/cliff/mafr_clff015/scenes/mafr_clff015_grnd002.fmdl</containerEntry>
        </property>
        <property name="geomFile" type="FilePtr" container="StaticArray" arraySize="1">
          <containerEntry>/Assets/tpp/environ/object/middle_africa/cliff/mafr_clff015/scenes/mafr_clff015_grnd002.geom</containerEntry>
        </property>
        <property name="isVisibleGeom" type="Bool" container="StaticArray" arraySize="1">
          <containerEntry>false</containerEntry>
        </property>
        <property name="lodFarSize" type="Float" container="StaticArray" arraySize="1">
          <containerEntry>-1</containerEntry>
        </property>
        <property name="lodNearSize" type="Float" container="StaticArray" arraySize="1">
          <containerEntry>-1</containerEntry>
        </property>
        <property name="lodPolygonSize" type="Float" container="StaticArray" arraySize="1">
          <containerEntry>-1</containerEntry>
        </property>
        <property name="drawRejectionLevel" type="Int32" container="StaticArray" arraySize="1">
          <containerEntry>8</containerEntry>
        </property>
        <property name="drawMode" type="Int32" container="StaticArray" arraySize="1">
          <containerEntry>0</containerEntry>
        </property>
        <property name="rejectFarRangeShadowCast" type="Int32" container="StaticArray" arraySize="1">
          <containerEntry>2</containerEntry>
        </property>
        <property name="parentLocator" type="EntityLink" container="StaticArray" arraySize="1">
          <containerEntry packagePathHash="0xB8A0BF169F98" archivePathHash="0xB8A0BF169F98" nameInArchiveHash="0xB8A0BF169F98">0x0</containerEntry>
        </property>
        <property name="transforms" type="Matrix4" container="DynamicArray" arraySize="4">
