<fox formatVersion="2" fileVersion="0">
  <entities>
    <entity class="DataSet" classVersion="0" classID="0xE8" addr="0x2EE3420" id="0x3B2A754">
      <staticProperties>
        <property name="name" type="String" container="StaticArray" arraySize="1">
          <containerEntry hash="0xB8A0BF169F98"></containerEntry>
        </property>
        <property name="dataSet" type="EntityHandle" container="StaticArray" arraySize="1">
          <containerEntry>0x0</containerEntry>
        </property>
        <property name="dataList" type="EntityPtr" container="StringMap" arraySize="9">
          <containerEntry key="afgh_clff024_0003">
            <data>0x2D78190</data>
          </containerEntry>
          <containerEntry key="StaticModelArray0000">
            <data>0x2D793F0</data>
          </containerEntry>
          <containerEntry key="StaticModelArray0001">
            <data>0x2D79460</data>
          </containerEntry>
          <containerEntry key="StaticModelArray0002">
            <data>0x2D79540</data>
          </containerEntry>
          <containerEntry key="StaticModelArray0003">
            <data>0x2D795B0</data>
          </containerEntry>
          <containerEntry key="StaticModelArray0004">
            <data>0x2D794D0</data>
          </containerEntry>
          <containerEntry key="StaticModelArray0005">
            <data>0x2D792A0</data>
          </containerEntry>
          <containerEntry key="StaticModelArray0006">
            <data>0x2D79380</data>
          </containerEntry>
          <containerEntry key="TexturePackLoadConditioner0000">
            <data>0x2D79A10</data>
          </containerEntry>
        </property>
      </staticProperties>
      <dynamicProperties></dynamicProperties>
    </entity>
    <entity class="StaticModel" classVersion="9" classID="0x160" addr="0x2D78190" id="0x3B2A918">
      <staticProperties>
        <property name="name" type="String" container="StaticArray" arraySize="1">
          <containerEntry>afgh_clff024_0003</containerEntry>
        </property>
        <property name="dataSet" type="EntityHandle" container="StaticArray" arraySize="1">
          <containerEntry>0x2EE3420</containerEntry>
        </property>
        <property name="parent" type="EntityHandle" container="StaticArray" arraySize="1">
          <containerEntry>0x0</containerEntry>
        </property>
        <property name="transform" type="EntityPtr" container="StaticArray" arraySize="1">
          <containerEntry>0x2D78200</containerEntry>
        </property>
        <property name="shearTransform" type="EntityPtr" container="StaticArray" arraySize="1">
          <containerEntry>0x0</containerEntry>
        </property>
        <property name="pivotTransform" type="EntityPtr" container="StaticArray" arraySize="1">
          <containerEntry>0x0</containerEntry>
        </property>
        <property name="children" type="EntityHandle" container="List"></property>
        <property name="flags" type="UInt32" container="StaticArray" arraySize="1">
          <containerEntry>3221225479</containerEntry>
        </property>
        <property name="modelFile" type="FilePtr" container="StaticArray" arraySize="1">
          <containerEntry>/Assets/tpp/environ/object/afghanistan/cliff/afgh_clff024/scenes/afgh_clff024.fmdl</containerEntry>
        </property>
        <property name="geomFile" type="FilePtr" container="StaticArray" arraySize="1">
          <containerEntry>/Assets/tpp/environ/object/afghanistan/cliff/afgh_clff024/scenes/afgh_clff024.geom</containerEntry>
        </property>
        <property name="isVisibleGeom" type="Bool" container="StaticArray" arraySize="1">
          <containerEntry>false</containerEntry>
        </property>
        <property name="isIsolated" type="Bool" container="StaticArray" arraySize="1">
          <containerEntry>false</containerEntry>
        </property>
        <property name="lodFarSize" type="Float" container="StaticArray" arraySize="1">
          <containerEntry>-1</containerEntry>
        </property>
        <property name="lodNearSize" type="Float" container="StaticArray" arraySize="1">
          <containerEntry>-1</containerEntry>
        </property>
        <property name="lodPolygonSize" type="Float" container="StaticArray" arraySize="1">
          <containerEntry>-1</containerEntry>
        </property>
        <property name="color" type="Color" container="StaticArray" arraySize="1">
          <containerEntry r="1" g="1" b="1" a="1"></containerEntry>
        </property>
        <property name="drawRejectionLevel" type="Int32" container="StaticArray" arraySize="1">
          <containerEntry>8</containerEntry>
        </property>
        <property name="drawMode" type="Int32" container="StaticArray" arraySize="1">
          <containerEntry>0</containerEntry>
        </property>
        <property name="rejectFarRangeShadowCast" type="Int32" container="StaticArray" arraySize="1">
          <containerEntry>2</containerEntry>
        </property>
      </staticProperties>
      <dynamicProperties></dynamicProperties>
    </entity>
    <entity class="TransformEntity" classVersion="0" classID="0x50" addr="0x2D78200" id="0x3B2A91B">
      <staticProperties>
        <property name="owner" type="EntityHandle" container="StaticArray" arraySize="1">
          <containerEntry>0x2D78190</containerEntry>
        </property>
        <property name="transform_scale" type="Vector3" container="StaticArray" arraySize="1">
          <containerEntry x="1" y="1" z="1" w="0"></containerEntry>
        </property>
        <property name="transform_rotation_quat" type="Quat" container="StaticArray" arraySize="1">
          <containerEntry x="0" y="-0.422618" z="0" w="0.906308"></containerEntry>
        </property>
        <property name="transform_translation" type="Vector3" container="StaticArray" arraySize="1">
          <containerEntry x="427.80078" y="386.4085" z="-69.32501" w="0"></containerEntry>
        </property>
      </staticProperties>
      <dynamicProperties></dynamicProperties>
    </entity>
    <entity class="StaticModelArray" classVersion="4" classID="0xD0" addr="0x2D793F0" id="0x0">
      <staticProperties>
        <property name="name" type="String" container="StaticArray" arraySize="1">
          <containerEntry>StaticModelArray0000</containerEntry>
        </property>
        <property name="dataSet" type="EntityHandle" container="StaticArray" arraySize="1">
          <containerEntry>0x2EE3420</containerEntry>
        </property>
        <property name="modelFile" type="FilePtr" container="StaticArray" arraySize="1">
          <containerEntry>/Assets/tpp/environ/object/afghanistan/tree/afgh_tree011/scenes/afgh_tree011_vrtn003.fmdl</containerEntry>
        </property>
        <property name="geomFile" type="FilePtr" container="StaticArray" arraySize="1">
          <containerEntry>/Assets/tpp/environ/object/afghanistan/tree/afgh_tree011/scenes/afgh_tree011_vrtn003.geom</containerEntry>
        </property>
        <property name="isVisibleGeom" type="Bool" container="StaticArray" arraySize="1">
          <containerEntry>false</containerEntry>
        </property>
        <property name="lodFarSize" type="Float" container="StaticArray" arraySize="1">
          <containerEntry>-1</containerEntry>
        </property>
        <property name="lodNearSize" type="Float" container="StaticArray" arraySize="1">
          <containerEntry>-1</containerEntry>
        </property>
        <property name="lodPolygonSize" type="Float" container="StaticArray" arraySize="1">
          <containerEntry>-1</containerEntry>
        </property>
        <property name="drawRejectionLevel" type="Int32" container="StaticArray" arraySize="1">
          <containerEntry>7</containerEntry>
        </property>
        <property name="drawMode" type="Int32" container="StaticArray" arraySize="1">
          <containerEntry>0</containerEntry>
        </property>
        <property name="rejectFarRangeShadowCast" type="Int32" container="StaticArray" arraySize="1">
          <containerEntry>2</containerEntry>
        </property>
        <property name="parentLocator" type="EntityLink" container="StaticArray" arraySize="1">
          <containerEntry packagePathHash="0xB8A0BF169F98" archivePathHash="0xB8A0BF169F98" nameInArchiveHash="0xB8A0BF169F98">0x0</containerEntry>
        </property>
        <property name="transforms" type="Matrix4" container="DynamicArray" arraySize="9">
          <containerEntry r11="1" r12="0" r13="0" r14="0" r21="0" r22="1" r23="0" r24="0" r31="0" r32="0" r33="1" r34="0" r41="399.73618" r42="362.30923" r43="-26.46048" r44="1"></containerEntry>
          <containerEntry r11="0.7071074" r12="0" r13="-0.70710635" r14="0" r21="0" r22="1" r23="0" r24="0" r31="0.70710635" r32="0" r33="0.7071074" r34="0" r41="441.763" r42="389.872" r43="-74.881" r44="1"></containerEntry>
          <containerEntry r11="1" r12="0" r13="0" r14="0" r21="0" r22="1" r23="0" r24="0" r31="0" r32="0" r33="1" r34="0" r41="432.957" r42="391.442" r43="-82.053" r44="1"></containerEntry>
          <containerEntry r11="0.34202123" r12="0" r13="0.9396918" r14="0" r21="0" r22="1" r23="0" r24="0" r31="-0.9396918" r32="0" r33="0.34202123" r34="0" r41="433.796" r42="391.73175" r43="-74.549774" r44="1"></containerEntry>
          <containerEntry r11="-0.25881773" r12="-0.16773078" r13="0.9512509" r14="0" r21="-2.1606684e-07" r22="0.98480785" r23="0.17364758" r24="0" r31="-0.96592546" r32="0.044942982" r33="-0.25488573" r34="0" r41="470" r42="395.42505" r43="-72" r44="1"></containerEntry>
          <containerEntry r11="0.34202123" r12="0" r13="0.9396918" r14="0" r21="0" r22="1" r23="0" r24="0" r31="-0.9396918" r32="0" r33="0.34202123" r34="0" r41="454.65506" r42="387.22974" r43="-52.37" r44="1"></containerEntry>
          <containerEntry r11="0.4210106" r12="-0.03683393" r13="0.90630656" r14="0" r21="0.08715458" r22="0.9961948" r23="9.313226e-07" r24="0" r31="-0.90285796" r32="0.0789885" r33="0.4226188" r34="0" r41="413.77386" r42="388.28677" r43="-76.56662" r44="1"></containerEntry>
          <containerEntry r11="0.7071074" r12="0" r13="-0.70710635" r14="0" r21="0" r22="1" r23="0" r24="0" r31="0.70710635" r32="0" r33="0.7071074" r34="0" r41="394" r42="398.08893" r43="-82" r44="1"></containerEntry>
          <containerEntry r11="0.087156355" r12="0" r13="-0.9961939" r14="0" r21="0" r22="1" r23="0" r24="0" r31="0.9961939" r32="0" r33="0.087156355" r34="0" r41="413.29333" r42="392.899" r43="-82.053" r44="1"></containerEntry>
        </property>
        <property name="colors" type="UInt32" container="DynamicArray" arraySize="9">
          <containerEntry>4294967295</containerEntry>
          <containerEntry>4294967295</containerEntry>
          <containerEntry>4294967295</containerEntry>
          <containerEntry>4294967295</containerEntry>
          <containerEntry>4294967295</containerEntry>
          <containerEntry>4294967295</containerEntry>
          <containerEntry>4294967295</containerEntry>
          <containerEntry>4294967295</containerEntry>
          <containerEntry>4294967295</containerEntry>
        </property>
      </staticProperties>
      <dynamicProperties></dynamicProperties>
    </entity>
    <entity class="StaticModelArray" classVersion="4" classID="0xD0" addr="0x2D79460" id="0x0">
      <staticProperties>
        <property name="name" type="String" container="StaticArray" arraySize="1">
          <containerEntry>StaticModelArray0001</containerEntry>
        </property>
        <property name="dataSet" type="EntityHandle" container="StaticArray" arraySize="1">
          <containerEntry>0x2EE3420</containerEntry>
        </property>
        <property name="modelFile" type="FilePtr" container="StaticArray" arraySize="1">
          <containerEntry>/Assets/tpp/environ/object/afghanistan/cliff/afgh_clff025/scenes/afgh_clff025.fmdl</containerEntry>
        </property>
        <property name="geomFile" type="FilePtr" container="StaticArray" arraySize="1">
          <containerEntry>/Assets/tpp/environ/object/afghanistan/cliff/afgh_clff025/scenes/afgh_clff025.geom</containerEntry>
        </property>
        <property name="isVisibleGeom" type="Bool" container="StaticArray" arraySize="1">
          <containerEntry>false</containerEntry>
        </property>
        <property name="lodFarSize" type="Float" container="StaticArray" arraySize="1">
          <containerEntry>-1</containerEntry>
        </property>
        <property name="lodNearSize" type="Float" container="StaticArray" arraySize="1">
          <containerEntry>-1</containerEntry>
        </property>
        <property name="lodPolygonSize" type="Float" container="StaticArray" arraySize="1">
          <containerEntry>-1</containerEntry>
        </property>
        <property name="drawRejectionLevel" type="Int32" container="StaticArray" arraySize="1">
          <containerEntry>8</containerEntry>
        </property>
        <property name="drawMode" type="Int32" container="StaticArray" arraySize="1">
          <containerEntry>0</containerEntry>
        </property>
        <property name="rejectFarRangeShadowCast" type="Int32" container="StaticArray" arraySize="1">
          <containerEntry>2</containerEntry>
        </property>
        <property name="parentLocator" type="EntityLink" container="StaticArray" arraySize="1">
          <containerEntry packagePathHash="0xB8A0BF169F98" archivePathHash="0xB8A0BF169F98" nameInArchiveHash="0xB8A0BF169F98">0x0</containerEntry>
        </property>
        <property name="transforms" type="Matrix4" container="DynamicArray" arraySize="2">
          <containerEntry r11="0.83116066" r12="0.091343015" r13="-1.2453226" r14="0" r21="-0.22150992" r22="1.48304" r23="-0.039062165" r24="0" r31="1.2288635" r32="0.2055455" r33="0.83525187" r34="0" r41="400.01" r42="351.69232" r43="15.631048" r44="1"></containerEntry>
          <containerEntry r11="1.4121749" r12="-0.2653742" r13="0.4305091" r14="0" r21="0.31755784" r22="1.4590814" r23="-0.14226076" r24="0" r31="-0.39359695" r32="0.2250725" r33="1.4298334" r34="0" r41="411.7657" r42="368.79883" r43="-44.32232" r44="1"></containerEntry>
        </property>
        <property name="colors" type="UInt32" container="DynamicArray" arraySize="2">
          <containerEntry>4294967295</containerEntry>
          <containerEntry>4294967295</containerEntry>
        </property>
      </staticProperties>
      <dynamicProperties></dynamicProperties>
    </entity>
    <entity class="StaticModelArray" classVersion="4" classID="0xD0" addr="0x2D79540" id="0x0">
      <staticProperties>
        <property name="name" type="String" container="StaticArray" arraySize="1">
          <containerEntry>StaticModelArray0002</containerEntry>
        </property>
        <property name="dataSet" type="EntityHandle" container="StaticArray" arraySize="1">
          <containerEntry>0x2EE3420</containerEntry>
        </property>
        <property name="modelFile" type="FilePtr" container="StaticArray" arraySize="1">
          <containerEntry>/Assets/tpp/environ/object/afghanistan/rock/afgh_rock006/scenes/afgh_rock006.fmdl</containerEntry>
        </property>
        <property name="geomFile" type="FilePtr" container="StaticArray" arraySize="1">
          <containerEntry>/Assets/tpp/environ/object/afghanistan/rock/afgh_rock006/scenes/afgh_rock006.geom</containerEntry>
        </property>
        <property name="isVisibleGeom" type="Bool" container="StaticArray" arraySize="1">
          <containerEntry>false</containerEntry>
        </property>
        <property name="lodFarSize" type="Float" container="StaticArray" arraySize="1">
          <containerEntry>50</containerEntry>
        </property>
        <property name="lodNearSize" type="Float" container="StaticArray" arraySize="1">
          <containerEntry>400</containerEntry>
        </property>
        <property name="lodPolygonSize" type="Float" container="StaticArray" arraySize="1">
          <containerEntry>-1</containerEntry>
        </property>
        <property name="drawRejectionLevel" type="Int32" container="StaticArray" arraySize="1">
          <containerEntry>8</containerEntry>
        </property>
        <property name="drawMode" type="Int32" container="StaticArray" arraySize="1">
          <containerEntry>0</containerEntry>
        </property>
        <property name="rejectFarRangeShadowCast" type="Int32" container="StaticArray" arraySize="1">
          <containerEntry>2</containerEntry>
        </property>
        <property name="parentLocator" type="EntityLink" container="StaticArray" arraySize="1">
          <containerEntry packagePathHash="0xB8A0BF169F98" archivePathHash="0xB8A0BF169F98" nameInArchiveHash="0xB8A0BF169F98">0x0</containerEntry>
        </property>
        <property name="transforms" type="Matrix4" container="DynamicArray" arraySize="2">
          <containerEntry r11="0.8929728" r12="-0.17645214" r13="1.4946451" r14="0" r21="-0.47966114" r22="1.6139371" r23="0.47710788" r24="0" r31="-1.426543" r32="-0.65312433" r33="0.77517986" r34="0" r41="404" r42="386.5674" r43="-70" r44="1"></containerEntry>
          <containerEntry r11="0.8929728" r12="-0.17645214" r13="1.4946451" r14="0" r21="-0.47966114" r22="1.6139371" r23="0.47710788" r24="0" r31="-1.426543" r32="-0.65312433" r33="0.77517986" r34="0" r41="438.4361" r42="355.40527" r43="-6.827789" r44="1"></containerEntry>
        </property>
        <property name="colors" type="UInt32" container="DynamicArray" arraySize="2">
          <containerEntry>4294967295</containerEntry>
          <containerEntry>4294967295</containerEntry>
        </property>
      </staticProperties>
      <dynamicProperties></dynamicProperties>
    </entity>
    <entity class="StaticModelArray" classVersion="4" classID="0xD0" addr="0x2D795B0" id="0x0">
      <staticProperties>
        <property name="name" type="String" container="StaticArray" arraySize="1">
          <containerEntry>StaticModelArray0003</containerEntry>
        </property>
        <property name="dataSet" type="EntityHandle" container="StaticArray" arraySize="1">
          <containerEntry>0x2EE3420</containerEntry>
        </property>
        <property name="modelFile" type="FilePtr" container="StaticArray" arraySize="1">
          <containerEntry>/Assets/tpp/environ/object/afghanistan/rock/afgh_rock010/scenes/afgh_rock010.fmdl</containerEntry>
        </property>
        <property name="geomFile" type="FilePtr" container="StaticArray" arraySize="1">
          <containerEntry>/Assets/tpp/environ/object/afghanistan/rock/afgh_rock010/scenes/afgh_rock010.geom</containerEntry>
        </property>
        <property name="isVisibleGeom" type="Bool" container="StaticArray" arraySize="1">
          <containerEntry>false</containerEntry>
        </property>
        <property name="lodFarSize" type="Float" container="StaticArray" arraySize="1">
          <containerEntry>-1</containerEntry>
        </property>
        <property name="lodNearSize" type="Float" container="StaticArray" arraySize="1">
          <containerEntry>-1</containerEntry>
        </property>
        <property name="lodPolygonSize" type="Float" container="StaticArray" arraySize="1">
          <containerEntry>-1</containerEntry>
        </property>
        <property name="drawRejectionLevel" type="Int32" container="StaticArray" arraySize="1">
          <containerEntry>8</containerEntry>
        </property>
        <property name="drawMode" type="Int32" container="StaticArray" arraySize="1">
          <containerEntry>0</containerEntry>
        </property>
        <property name="rejectFarRangeShadowCast" type="Int32" container="StaticArray" arraySize="1">
          <containerEntry>2</containerEntry>
        </property>
        <property name="parentLocator" type="EntityLink" container="StaticArray" arraySize="1">
          <containerEntry packagePathHash="0xB8A0BF169F98" archivePathHash="0xB8A0BF169F98" nameInArchiveHash="0xB8A0BF169F98">0x0</containerEntry>
        </property>
        <property name="transforms" type="Matrix4" container="DynamicArray" arraySize="7">
          <containerEntry r11="-0.3356243" r12="0.07338659" r13="0.93913347" r14="0" r21="0.17298743" r22="0.9848078" r23="-0.015134163" r24="0" r31="-0.9259766" r32="0.15737885" r33="-0.34322035" r34="0" r41="505.4328" r42="345.10608" r43="-1.324975" r44="1"></containerEntry>
          <containerEntry r11="0.64833546" r12="-0.20447364" r13="0.73338324" r14="0" r21="-0.045613877" r22="0.9510993" r23="0.30549866" r24="0" r31="-0.7599867" r32="-0.23151799" r33="0.6073046" r34="0" r41="421.3256" r42="349.04037" r43="-5.091" r44="1"></containerEntry>
          <containerEntry r11="0.8869477" r12="-0.050851148" r13="0.45906144" r14="0" r21="-0.0018172152" r22="0.9935288" r23="0.11356591" r24="0" r31="-0.46186572" r32="-0.1015612" r33="0.8811157" r34="0" r41="464.20038" r42="391.0931" r43="-54.59326" r44="1"></containerEntry>
          <containerEntry r11="0.7367443" r12="0.0055135335" r13="0.14027636" r14="0" r21="-0.036484584" r22="0.73118985" r23="0.16288121" r24="0" r31="-0.13556078" r32="-0.1668263" r33="0.71853477" r34="0" r41="432.8466" r42="359.1465" r43="-23.644009" r44="1"></containerEntry>
          <containerEntry r11="-0.5707134" r12="0.3210738" r13="-0.75577587" r14="0" r21="0.14297923" r22="0.9451842" r23="0.29357067" r24="0" r31="0.80860525" r32="0.05948454" r33="-0.58533615" r34="0" r41="403.96307" r42="356.29648" r43="-5.879474" r44="1"></containerEntry>
          <containerEntry r11="0.948527" r12="0.1996221" r13="0.2458601" r14="0" r21="-0.3090676" r22="0.7528451" r23="0.58111954" r24="0" r31="-0.06908973" r32="-0.6271951" r33="0.77579087" r34="0" r41="444.7464" r42="357.36108" r43="-7.147167" r44="1"></containerEntry>
          <containerEntry r11="-0.002779467" r12="-0.047262195" r13="-0.99887896" r14="0" r21="0.0011763126" r22="0.99888164" r23="-0.04726561" r24="0" r31="0.9999957" r32="-0.0013063513" r33="-0.0027207732" r34="0" r41="396.11356" r42="348.8392" r43="28.317818" r44="1"></containerEntry>
        </property>
        <property name="colors" type="UInt32" container="DynamicArray" arraySize="7">
          <containerEntry>4294967295</containerEntry>
          <containerEntry>4294967295</containerEntry>
          <containerEntry>4294967295</containerEntry>
          <containerEntry>4294967295</containerEntry>
          <containerEntry>4294967295</containerEntry>
          <containerEntry>4294967295</containerEntry>
          <containerEntry>4294967295</containerEntry>
        </property>
      </staticProperties>
      <dynamicProperties></dynamicProperties>
    </entity>
    <entity class="StaticModelArray" classVersion="4" classID="0xD0" addr="0x2D794D0" id="0x0">
      <staticProperties>
        <property name="name" type="String" container="StaticArray" arraySize="1">
          <containerEntry>StaticModelArray0004</containerEntry>
        </property>
        <property name="dataSet" type="EntityHandle" container="StaticArray" arraySize="1">
          <containerEntry>0x2EE3420</containerEntry>
        </property>
        <property name="modelFile" type="FilePtr" container="StaticArray" arraySize="1">
          <containerEntry>/Assets/tpp/environ/object/afghanistan/tree/afgh_tree011/scenes/afgh_tree011_vrtn002.fmdl</containerEntry>
        </property>
        <property name="geomFile" type="FilePtr" container="StaticArray" arraySize="1">
          <containerEntry>/Assets/tpp/environ/object/afghanistan/tree/afgh_tree011/scenes/afgh_tree011_vrtn002.geom</containerEntry>
        </property>
        <property name="isVisibleGeom" type="Bool" container="StaticArray" arraySize="1">
          <containerEntry>false</containerEntry>
        </property>
        <property name="lodFarSize" type="Float" container="StaticArray" arraySize="1">
          <containerEntry>-1</containerEntry>
        </property>
        <property name="lodNearSize" type="Float" container="StaticArray" arraySize="1">
          <containerEntry>-1</containerEntry>
        </property>
        <property name="lodPolygonSize" type="Float" container="StaticArray" arraySize="1">
          <containerEntry>-1</containerEntry>
        </property>
        <property name="drawRejectionLevel" type="Int32" container="StaticArray" arraySize="1">
          <containerEntry>7</containerEntry>
        </property>
        <property name="drawMode" type="Int32" container="StaticArray" arraySize="1">
          <containerEntry>0</containerEntry>
        </property>
        <property name="rejectFarRangeShadowCast" type="Int32" container="StaticArray" arraySize="1">
          <containerEntry>2</containerEntry>
        </property>
        <property name="parentLocator" type="EntityLink" container="StaticArray" arraySize="1">
          <containerEntry packagePathHash="0xB8A0BF169F98" archivePathHash="0xB8A0BF169F98" nameInArchiveHash="0xB8A0BF169F98">0x0</containerEntry>
        </property>
        <property name="transforms" type="Matrix4" container="DynamicArray" arraySize="7">
          <containerEntry r11="0.8191518" r12="0" r13="-0.57357687" r14="0" r21="0" r22="1" r23="0" r24="0" r31="0.57357687" r32="0" r33="0.8191518" r34="0" r41="442" r42="393.1843" r43="-84" r44="1"></containerEntry>
          <containerEntry r11="0.42261744" r12="0" r13="0.90630794" r14="0" r21="0" r22="1" r23="0" r24="0" r31="-0.90630794" r32="0" r33="0.42261744" r34="0" r41="449.013" r42="389.909" r43="-74.613" r44="1"></containerEntry>
          <containerEntry r11="0.42261744" r12="0" r13="0.90630794" r14="0" r21="0" r22="1" r23="0" r24="0" r31="-0.90630794" r32="0" r33="0.42261744" r34="0" r41="443.05093" r42="399.2239" r43="-96.79436" r44="1"></containerEntry>
          <containerEntry r11="-0.34202003" r12="0" r13="0.9396918" r14="0" r21="0" r22="1" r23="0" r24="0" r31="-0.9396918" r32="0" r33="-0.34202003" r34="0" r41="455.2" r42="389.909" r43="-76.719" r44="1"></containerEntry>
          <containerEntry r11="-0.34202003" r12="0" r13="0.9396918" r14="0" r21="0" r22="1" r23="0" r24="0" r31="-0.9396918" r32="0" r33="-0.34202003" r34="0" r41="425.7896" r42="393.47458" r43="-86.79163" r44="1"></containerEntry>
          <containerEntry r11="0.42261744" r12="0" r13="-0.90630907" r14="0" r21="0" r22="1" r23="0" r24="0" r31="0.90630907" r32="0" r33="0.42261744" r34="0" r41="396" r42="410.14053" r43="-108" r44="1"></containerEntry>
          <containerEntry r11="0.3545631" r12="-0.09728784" r13="0.92995703" r14="0" r21="-0.050084732" r22="0.99116844" r23="0.12278721" r24="0" r31="-0.9336897" r32="-0.09011246" r33="0.3465591" r34="0" r41="455.59506" r42="391.23196" r43="-64.20317" r44="1"></containerEntry>
        </property>
        <property name="colors" type="UInt32" container="DynamicArray" arraySize="7">
          <containerEntry>4294967295</containerEntry>
          <containerEntry>4294967295</containerEntry>
          <containerEntry>4294967295</containerEntry>
          <containerEntry>4294967295</containerEntry>
          <containerEntry>4294967295</containerEntry>
          <containerEntry>4294967295</containerEntry>
          <containerEntry>4294967295</containerEntry>
        </property>
      </staticProperties>
      <dynamicProperties></dynamicProperties>
    </entity>
    <entity class="StaticModelArray" classVersion="4" classID="0xD0" addr="0x2D792A0" id="0x0">
      <staticProperties>
        <property name="name" type="String" container="StaticArray" arraySize="1">
          <containerEntry>StaticModelArray0005</containerEntry>
        </property>
        <property name="dataSet" type="EntityHandle" container="StaticArray" arraySize="1">
          <containerEntry>0x2EE3420</containerEntry>
        </property>
        <property name="modelFile" type="FilePtr" container="StaticArray" arraySize="1">
          <containerEntry>/Assets/tpp/environ/object/afghanistan/rock/afgh_rock009/scenes/afgh_rock009_rock001.fmdl</containerEntry>
        </property>
        <property name="geomFile" type="FilePtr" container="StaticArray" arraySize="1">
          <containerEntry>/Assets/tpp/environ/object/afghanistan/rock/afgh_rock009/scenes/afgh_rock009_rock001.geom</containerEntry>
        </property>
        <property name="isVisibleGeom" type="Bool" container="StaticArray" arraySize="1">
          <containerEntry>false</containerEntry>
        </property>
        <property name="lodFarSize" type="Float" container="StaticArray" arraySize="1">
          <containerEntry>-1</containerEntry>
        </property>
        <property name="lodNearSize" type="Float" container="StaticArray" arraySize="1">
          <containerEntry>-1</containerEntry>
        </property>
        <property name="lodPolygonSize" type="Float" container="StaticArray" arraySize="1">
          <containerEntry>-1</containerEntry>
        </property>
        <property name="drawRejectionLevel" type="Int32" container="StaticArray" arraySize="1">
          <containerEntry>8</containerEntry>
        </property>
        <property name="drawMode" type="Int32" container="StaticArray" arraySize="1">
          <containerEntry>0</containerEntry>
        </property>
        <property name="rejectFarRangeShadowCast" type="Int32" container="StaticArray" arraySize="1">
          <containerEntry>2</containerEntry>
        </property>
        <property name="parentLocator" type="EntityLink" container="StaticArray" arraySize="1">
          <containerEntry packagePathHash="0xB8A0BF169F98" archivePathHash="0xB8A0BF169F98" nameInArchiveHash="0xB8A0BF169F98">0x0</containerEntry>
        </property>
        <property name="transforms" type="Matrix4" container="DynamicArray" arraySize="11">
          <containerEntry r11="0.8416512" r12="-0.11503356" r13="-1.5299947" r14="0" r21="-0.022900458" r22="1.7439384" r23="-0.14371629" r24="0" r31="1.5341423" r32="0.089140795" r33="0.8372307" r34="0" r41="451.26736" r42="366.9338" r43="-27.886005" r44="1"></containerEntry>
          <containerEntry r11="0.83666384" r12="0.35660124" r13="-1.4950998" r14="0" r21="-0.17646685" r22="1.71328" r23="0.30988824" r24="0" r31="1.5268749" r32="0.0026081596" r33="0.8550674" r34="0" r41="457.535" r42="381.052" r43="-36.616" r44="1"></containerEntry>
          <containerEntry r11="0.75756246" r12="0.41439056" r13="-0.50436103" r14="0" r21="-0.08044113" r22="0.82603085" r23="0.5578553" r24="0" r31="0.6477876" r32="-0.382039" r33="0.65910393" r34="0" r41="437.3865" r42="358.12225" r43="-18.424" r44="1"></containerEntry>
          <containerEntry r11="0.8643898" r12="0.2619753" r13="-1.4988965" r14="0" r21="0.21343055" r22="-1.72769" r23="-0.17888317" r24="0" r31="-1.5065752" r32="-0.09444964" r33="-0.8853154" r34="0" r41="422.09598" r42="358.04913" r43="-31.98988" r44="1"></containerEntry>
          <containerEntry r11="1.6710968" r12="0.2619748" r13="-0.44866884" r14="0" r21="0.27740732" r22="-1.7276893" r23="0.024428742" r24="0" r31="-0.43929458" r32="-0.094449826" r33="-1.6913196" r34="0" r41="427.50546" r42="380.83377" r43="-62.25859" r44="1"></containerEntry>
          <containerEntry r11="-0.23083493" r12="-1.4683573" r13="0.2015293" r14="0" r21="0.008240461" r22="-0.20521939" r23="-1.4858632" r24="0" r31="1.4820995" r32="-0.22756147" r33="0.03965856" r34="0" r41="418.99774" r42="363.7401" r43="-39.3472" r44="1"></containerEntry>
          <containerEntry r11="0.7470553" r12="-0.28216776" r13="-0.9616571" r14="0" r21="-0.12384295" r22="-1.2162211" r23="0.26065743" r24="0" r31="-0.99451786" r32="-0.060503975" r33="-0.75481886" r34="0" r41="452.66333" r42="367.86285" r43="-23.719458" r44="1"></containerEntry>
          <containerEntry r11="1.6710968" r12="0.2619748" r13="-0.44866884" r14="0" r21="0.19814807" r22="-1.2340639" r23="0.017449101" r24="0" r31="-0.43929458" r32="-0.094449826" r33="-1.6913196" r34="0" r41="417.52396" r42="387.20004" r43="-72.60848" r44="1"></containerEntry>
          <containerEntry r11="-0.04586436" r12="-0.2821682" r13="-1.2168667" r14="0" r21="0.072677284" r22="-1.2162218" r23="0.2792803" r24="0" r31="-1.247037" r32="-0.060502745" r33="0.06104123" r34="0" r41="435.4693" r42="352.97882" r43="-6.460928" r44="1"></containerEntry>
          <containerEntry r11="1.059766" r12="0.062903024" r13="-0.6598765" r14="0" r21="0.10266456" r22="-1.2449088" r23="0.046207123" r24="0" r31="-0.6548693" r32="-0.09337194" r33="-1.0606143" r34="0" r41="430.19528" r42="336.32364" r43="36.146362" r44="1"></containerEntry>
          <containerEntry r11="-0.1571171" r12="-0.3822378" r13="-1.1797017" r14="0" r21="-0.21655732" r22="-1.1623988" r23="0.40547568" r24="0" r31="-1.2210261" r32="0.2553465" r33="0.079894446" r34="0" r41="430.11536" r42="339.19174" r43="27.104992" r44="1"></containerEntry>
        </property>
        <property name="colors" type="UInt32" container="DynamicArray" arraySize="11">
          <containerEntry>4294967295</containerEntry>
          <containerEntry>4294967295</containerEntry>
          <containerEntry>4294967295</containerEntry>
          <containerEntry>4294967295</containerEntry>
          <containerEntry>4294967295</containerEntry>
          <containerEntry>4294967295</containerEntry>
          <containerEntry>4294967295</containerEntry>
          <containerEntry>4294967295</containerEntry>
          <containerEntry>4294967295</containerEntry>
          <containerEntry>4294967295</containerEntry>
          <containerEntry>4294967295</containerEntry>
        </property>
      </staticProperties>
      <dynamicProperties></dynamicProperties>
    </entity>
    <entity class="StaticModelArray" classVersion="4" classID="0xD0" addr="0x2D79380" id="0x0">
      <staticProperties>
        <property name="name" type="String" container="StaticArray" arraySize="1">
          <containerEntry>StaticModelArray0006</containerEntry>
        </property>
        <property name="dataSet" type="EntityHandle" container="StaticArray" arraySize="1">
          <containerEntry>0x2EE3420</containerEntry>
        </property>
        <property name="modelFile" type="FilePtr" container="StaticArray" arraySize="1">
          <containerEntry>/Assets/tpp/environ/object/afghanistan/rock/afgh_rock010/scenes/afgh_rock010_vrtn001.fmdl</containerEntry>
        </property>
        <property name="geomFile" type="FilePtr" container="StaticArray" arraySize="1">
          <containerEntry>/Assets/tpp/environ/object/afghanistan/rock/afgh_rock010/scenes/afgh_rock010_vrtn001.geom</containerEntry>
        </property>
        <property name="isVisibleGeom" type="Bool" container="StaticArray" arraySize="1">
          <containerEntry>false</containerEntry>
        </property>
        <property name="lodFarSize" type="Float" container="StaticArray" arraySize="1">
          <containerEntry>-1</containerEntry>
        </property>
        <property name="lodNearSize" type="Float" container="StaticArray" arraySize="1">
          <containerEntry>-1</containerEntry>
        </property>
        <property name="lodPolygonSize" type="Float" container="StaticArray" arraySize="1">
          <containerEntry>-1</containerEntry>
        </property>
        <property name="drawRejectionLevel" type="Int32" container="StaticArray" arraySize="1">
          <containerEntry>8</containerEntry>
        </property>
        <property name="drawMode" type="Int32" container="StaticArray" arraySize="1">
          <containerEntry>0</containerEntry>
        </property>
        <property name="rejectFarRangeShadowCast" type="Int32" container="StaticArray" arraySize="1">
          <containerEntry>2</containerEntry>
        </property>
        <property name="parentLocator" type="EntityLink" container="StaticArray" arraySize="1">
          <containerEntry packagePathHash="0xB8A0BF169F98" archivePathHash="0xB8A0BF169F98" nameInArchiveHash="0xB8A0BF169F98">0x0</containerEntry>
        </property>
        <property name="transforms" type="Matrix4" container="DynamicArray" arraySize="18">
          <containerEntry r11="-0.46174955" r12="0.19072297" r13="-0.86626154" r14="0" r21="-0.753376" r22="0.43116605" r23="0.49650702" r24="0" r31="0.4681974" r32="0.881884" r33="-0.05540359" r34="0" r41="453.27" r42="366.3545" r43="-9.725266" r44="1"></containerEntry>
          <containerEntry r11="-0.60963595" r12="0.23936646" r13="-0.36543638" r14="0" r21="0.27252793" r22="0.6987268" r23="0.0030324385" r24="0" r31="0.34142134" r32="-0.13032417" r33="-0.6549374" r34="0" r41="429.16266" r42="358.60852" r43="-31.174137" r44="1"></containerEntry>
          <containerEntry r11="0.2855772" r12="0.012678266" r13="-0.95826983" r14="0" r21="-0.08636569" r22="0.99618435" r23="-0.012558036" r24="0" r31="0.9544542" r32="0.086348124" r33="0.28558248" r34="0" r41="459.89" r42="381.459" r43="-45.762" r44="1"></containerEntry>
          <containerEntry r11="-0.59801257" r12="0.0050467923" r13="0.80147046" r14="0" r21="-0.13675702" r22="0.98467326" r23="-0.1082409" r24="0" r31="-0.78973275" r32="-0.17433617" r33="-0.5881568" r34="0" r41="451.945" r42="384.78714" r43="-52.709" r44="1"></containerEntry>
          <containerEntry r11="0.90143645" r12="0.22267853" r13="0.37124988" r14="0" r21="0.30897322" r22="0.26974428" r23="-0.91201603" r24="0" r31="-0.30322888" r32="0.93683076" r33="0.17435566" r34="0" r41="499.27094" r42="347.49" r43="-5.36334" r44="1"></containerEntry>
          <containerEntry r11="-0.18929565" r12="0.11906619" r13="0.97467333" r14="0" r21="-0.007836476" r22="-0.99277055" r23="0.11975512" r24="0" r31="0.98188764" r32="0.015031252" r33="0.18886255" r34="0" r41="409.89716" r42="357.94934" r43="-17.337309" r44="1"></containerEntry>
          <containerEntry r11="0.46620595" r12="-0.022340275" r13="-0.8843952" r14="0" r21="0.10107492" r22="0.9944802" r23="0.028160367" r24="0" r31="0.8788844" r32="-0.10251857" r33="0.4658906" r34="0" r41="401.1779" r42="368.73965" r43="-43.017" r44="1"></containerEntry>
          <containerEntry r11="0.21914484" r12="-0.065181665" r13="-0.71430147" r14="0" r21="0.08846212" r22="0.7436507" r23="-0.040720027" r24="0" r31="0.7117933" r32="-0.07235342" r33="0.22497775" r34="0" r41="412.5301" r42="379.17426" r43="-59.48454" r44="1"></containerEntry>
          <containerEntry r11="0.7059454" r12="-0.5916926" r13="0.3892826" r14="0" r21="0.5184979" r22="0.057314277" r23="-0.85315585" r24="0" r31="0.48249462" r32="0.80412364" r33="0.34725213" r34="0" r41="491.06213" r42="351.7436" r43="-6.995471" r44="1"></containerEntry>
          <containerEntry r11="0.17537516" r12="0.9276068" r13="0.32982877" r14="0" r21="-0.9831835" r22="0.1823433" r23="0.009953663" r24="0" r31="-0.050908625" r32="-0.32602823" r33="0.9439882" r34="0" r41="390.14468" r42="372.2551" r43="-43.65551" r44="1"></containerEntry>
          <containerEntry r11="0.17034598" r12="-0.31284493" r13="0.6600059" r14="0" r21="0.5397911" r22="-0.4026301" r23="-0.33016607" r24="0" r31="0.49204195" r32="0.55001104" r33="0.13371584" r34="0" r41="413.70056" r42="351.07794" r43="-4.455194" r44="1"></containerEntry>
          <containerEntry r11="-0.33459812" r12="0.17857535" r13="-0.6470338" r14="0" r21="-0.4914015" r22="0.42731798" r23="0.37205285" r24="0" r31="0.45723796" r32="0.5899234" r33="-0.073636025" r34="0" r41="444.4734" r42="361.94287" r43="-17.219944" r44="1"></containerEntry>
          <containerEntry r11="0.05116969" r12="0.00013541058" r13="0.99868995" r14="0" r21="-0.09226659" r22="0.9957237" r23="0.0045924336" r24="0" r31="-0.9944187" r32="-0.0923807" r33="0.050963342" r34="0" r41="485.2059" r42="393.7493" r43="-71.37845" r44="1"></containerEntry>
          <containerEntry r11="-0.6673192" r12="-0.086907744" r13="0.73968434" r14="0" r21="-0.12984218" r22="0.9915344" r23="-0.00064095855" r24="0" r31="-0.73336685" r32="-0.09646993" r33="-0.67295426" r34="0" r41="493.95047" r42="390.09137" r43="-60.775" r44="1"></containerEntry>
