<fox formatVersion="2" fileVersion="0">
  <entities>
    <entity class="DataSet" classVersion="0" classID="0xE8" addr="0x32F4680" id="0xB29E38">
      <staticProperties>
        <property name="name" type="String" container="StaticArray" arraySize="1">
          <containerEntry hash="0xB8A0BF169F98"></containerEntry>
        </property>
        <property name="dataSet" type="EntityHandle" container="StaticArray" arraySize="1">
          <containerEntry>0x0</containerEntry>
        </property>
        <property name="dataList" type="EntityPtr" container="StringMap" arraySize="9">
          <containerEntry key="mafr_rock010_0004">
            <data>0x3175DB0</data>
          </containerEntry>
          <containerEntry key="mafr_rock002_0009">
            <data>0x31772B0</data>
          </containerEntry>
          <containerEntry key="StaticModelArray0000">
            <data>0x317D0C0</data>
          </containerEntry>
          <containerEntry key="StaticModelArray0001">
            <data>0x317D130</data>
          </containerEntry>
          <containerEntry key="StaticModelArray0002">
            <data>0x317D1A0</data>
          </containerEntry>
          <containerEntry key="StaticModelArray0003">
            <data>0x317D280</data>
          </containerEntry>
          <containerEntry key="StaticModelArray0004">
            <data>0x317D210</data>
          </containerEntry>
          <containerEntry key="StaticModelArray0005">
            <data>0x317D050</data>
          </containerEntry>
          <containerEntry key="TexturePackLoadConditioner0000">
            <data>0x317CFE0</data>
          </containerEntry>
        </property>
      </staticProperties>
      <dynamicProperties></dynamicProperties>
    </entity>
    <entity class="StaticModel" classVersion="9" classID="0x160" addr="0x3175DB0" id="0xB29EB3">
      <staticProperties>
        <property name="name" type="String" container="StaticArray" arraySize="1">
          <containerEntry>mafr_rock010_0004</containerEntry>
        </property>
        <property name="dataSet" type="EntityHandle" container="StaticArray" arraySize="1">
          <containerEntry>0x32F4680</containerEntry>
        </property>
        <property name="parent" type="EntityHandle" container="StaticArray" arraySize="1">
          <containerEntry>0x0</containerEntry>
        </property>
        <property name="transform" type="EntityPtr" container="StaticArray" arraySize="1">
          <containerEntry>0x3175E20</containerEntry>
        </property>
        <property name="shearTransform" type="EntityPtr" container="StaticArray" arraySize="1">
          <containerEntry>0x0</containerEntry>
        </property>
        <property name="pivotTransform" type="EntityPtr" container="StaticArray" arraySize="1">
          <containerEntry>0x0</containerEntry>
        </property>
        <property name="children" type="EntityHandle" container="List"></property>
        <property name="flags" type="UInt32" container="StaticArray" arraySize="1">
          <containerEntry>2147483655</containerEntry>
        </property>
        <property name="modelFile" type="FilePtr" container="StaticArray" arraySize="1">
          <containerEntry>/Assets/tpp/environ/object/middle_africa/rock/mafr_rock010/scenes/mafr_rock010.fmdl</containerEntry>
        </property>
        <property name="geomFile" type="FilePtr" container="StaticArray" arraySize="1">
          <containerEntry>/Assets/tpp/environ/object/middle_africa/rock/mafr_rock010/scenes/mafr_rock010.geom</containerEntry>
        </property>
        <property name="isVisibleGeom" type="Bool" container="StaticArray" arraySize="1">
          <containerEntry>false</containerEntry>
        </property>
        <property name="isIsolated" type="Bool" container="StaticArray" arraySize="1">
          <containerEntry>false</containerEntry>
        </property>
        <property name="lodFarSize" type="Float" container="StaticArray" arraySize="1">
          <containerEntry>-1</containerEntry>
        </property>
        <property name="lodNearSize" type="Float" container="StaticArray" arraySize="1">
          <containerEntry>-1</containerEntry>
        </property>
        <property name="lodPolygonSize" type="Float" container="StaticArray" arraySize="1">
          <containerEntry>-1</containerEntry>
        </property>
        <property name="color" type="Color" container="StaticArray" arraySize="1">
          <containerEntry r="1" g="1" b="1" a="1"></containerEntry>
        </property>
        <property name="drawRejectionLevel" type="Int32" container="StaticArray" arraySize="1">
          <containerEntry>8</containerEntry>
        </property>
        <property name="drawMode" type="Int32" container="StaticArray" arraySize="1">
          <containerEntry>0</containerEntry>
        </property>
        <property name="rejectFarRangeShadowCast" type="Int32" container="StaticArray" arraySize="1">
          <containerEntry>2</containerEntry>
        </property>
      </staticProperties>
      <dynamicProperties></dynamicProperties>
    </entity>
    <entity class="TransformEntity" classVersion="0" classID="0x50" addr="0x3175E20" id="0xB29EB6">
      <staticProperties>
        <property name="owner" type="EntityHandle" container="StaticArray" arraySize="1">
          <containerEntry>0x3175DB0</containerEntry>
        </property>
        <property name="transform_scale" type="Vector3" container="StaticArray" arraySize="1">
          <containerEntry x="1" y="1" z="1" w="0"></containerEntry>
        </property>
        <property name="transform_rotation_quat" type="Quat" container="StaticArray" arraySize="1">
          <containerEntry x="0.051633" y="-0.052735" z="-0.023993" w="0.996984"></containerEntry>
        </property>
        <property name="transform_translation" type="Vector3" container="StaticArray" arraySize="1">
          <containerEntry x="1853.1565" y="27.464294" z="500.65778" w="0"></containerEntry>
        </property>
      </staticProperties>
      <dynamicProperties></dynamicProperties>
    </entity>
    <entity class="StaticModel" classVersion="9" classID="0x160" addr="0x31772B0" id="0xB29F23">
      <staticProperties>
        <property name="name" type="String" container="StaticArray" arraySize="1">
          <containerEntry>mafr_rock002_0009</containerEntry>
        </property>
        <property name="dataSet" type="EntityHandle" container="StaticArray" arraySize="1">
          <containerEntry>0x32F4680</containerEntry>
        </property>
        <property name="parent" type="EntityHandle" container="StaticArray" arraySize="1">
          <containerEntry>0x0</containerEntry>
        </property>
        <property name="transform" type="EntityPtr" container="StaticArray" arraySize="1">
          <containerEntry>0x3177320</containerEntry>
        </property>
        <property name="shearTransform" type="EntityPtr" container="StaticArray" arraySize="1">
          <containerEntry>0x0</containerEntry>
        </property>
        <property name="pivotTransform" type="EntityPtr" container="StaticArray" arraySize="1">
          <containerEntry>0x0</containerEntry>
        </property>
        <property name="children" type="EntityHandle" container="List"></property>
        <property name="flags" type="UInt32" container="StaticArray" arraySize="1">
          <containerEntry>7</containerEntry>
        </property>
        <property name="modelFile" type="FilePtr" container="StaticArray" arraySize="1">
          <containerEntry>/Assets/tpp/environ/object/middle_africa/rock/mafr_rock002/scenes/mafr_rock002.fmdl</containerEntry>
        </property>
        <property name="geomFile" type="FilePtr" container="StaticArray" arraySize="1">
          <containerEntry>/Assets/tpp/environ/object/middle_africa/rock/mafr_rock002/scenes/mafr_rock002.geom</containerEntry>
        </property>
        <property name="isVisibleGeom" type="Bool" container="StaticArray" arraySize="1">
          <containerEntry>false</containerEntry>
        </property>
        <property name="isIsolated" type="Bool" container="StaticArray" arraySize="1">
          <containerEntry>false</containerEntry>
        </property>
        <property name="lodFarSize" type="Float" container="StaticArray" arraySize="1">
          <containerEntry>-1</containerEntry>
        </property>
        <property name="lodNearSize" type="Float" container="StaticArray" arraySize="1">
          <containerEntry>-1</containerEntry>
        </property>
        <property name="lodPolygonSize" type="Float" container="StaticArray" arraySize="1">
          <containerEntry>-1</containerEntry>
        </property>
        <property name="color" type="Color" container="StaticArray" arraySize="1">
          <containerEntry r="1" g="1" b="1" a="1"></containerEntry>
        </property>
        <property name="drawRejectionLevel" type="Int32" container="StaticArray" arraySize="1">
          <containerEntry>5</containerEntry>
        </property>
        <property name="drawMode" type="Int32" container="StaticArray" arraySize="1">
          <containerEntry>0</containerEntry>
        </property>
        <property name="rejectFarRangeShadowCast" type="Int32" container="StaticArray" arraySize="1">
          <containerEntry>2</containerEntry>
        </property>
      </staticProperties>
      <dynamicProperties></dynamicProperties>
    </entity>
    <entity class="TransformEntity" classVersion="0" classID="0x50" addr="0x3177320" id="0xB29F26">
      <staticProperties>
        <property name="owner" type="EntityHandle" container="StaticArray" arraySize="1">
          <containerEntry>0x31772B0</containerEntry>
        </property>
        <property name="transform_scale" type="Vector3" container="StaticArray" arraySize="1">
          <containerEntry x="1" y="1" z="1" w="0"></containerEntry>
        </property>
        <property name="transform_rotation_quat" type="Quat" container="StaticArray" arraySize="1">
          <containerEntry x="0.072699" y="0.120104" z="-0.053899" w="0.988628"></containerEntry>
        </property>
        <property name="transform_translation" type="Vector3" container="StaticArray" arraySize="1">
          <containerEntry x="1905.9769" y="35.100723" z="479.31137" w="0"></containerEntry>
        </property>
      </staticProperties>
      <dynamicProperties></dynamicProperties>
    </entity>
    <entity class="StaticModelArray" classVersion="4" classID="0xD0" addr="0x317D0C0" id="0x0">
      <staticProperties>
        <property name="name" type="String" container="StaticArray" arraySize="1">
          <containerEntry>StaticModelArray0000</containerEntry>
        </property>
        <property name="dataSet" type="EntityHandle" container="StaticArray" arraySize="1">
          <containerEntry>0x32F4680</containerEntry>
        </property>
        <property name="modelFile" type="FilePtr" container="StaticArray" arraySize="1">
          <containerEntry>/Assets/tpp/environ/object/middle_africa/clod/mafr_clod005/scenes/mafr_clod005.fmdl</containerEntry>
        </property>
        <property name="geomFile" type="FilePtr" container="StaticArray" arraySize="1">
          <containerEntry>/Assets/tpp/environ/object/middle_africa/clod/mafr_clod005/scenes/mafr_clod005.geom</containerEntry>
        </property>
        <property name="isVisibleGeom" type="Bool" container="StaticArray" arraySize="1">
          <containerEntry>false</containerEntry>
        </property>
        <property name="lodFarSize" type="Float" container="StaticArray" arraySize="1">
          <containerEntry>-1</containerEntry>
        </property>
        <property name="lodNearSize" type="Float" container="StaticArray" arraySize="1">
          <containerEntry>-1</containerEntry>
        </property>
        <property name="lodPolygonSize" type="Float" container="StaticArray" arraySize="1">
          <containerEntry>-1</containerEntry>
        </property>
        <property name="drawRejectionLevel" type="Int32" container="StaticArray" arraySize="1">
          <containerEntry>8</containerEntry>
        </property>
        <property name="drawMode" type="Int32" container="StaticArray" arraySize="1">
          <containerEntry>0</containerEntry>
        </property>
        <property name="rejectFarRangeShadowCast" type="Int32" container="StaticArray" arraySize="1">
          <containerEntry>2</containerEntry>
        </property>
        <property name="parentLocator" type="EntityLink" container="StaticArray" arraySize="1">
          <containerEntry packagePathHash="0xB8A0BF169F98" archivePathHash="0xB8A0BF169F98" nameInArchiveHash="0xB8A0BF169F98">0x0</containerEntry>
        </property>
        <property name="transforms" type="Matrix4" container="DynamicArray" arraySize="3">
          <containerEntry r11="-0.9394593" r12="0.008389606" r13="0.34255916" r14="0" r21="-0.0055777486" r22="0.9991934" r23="-0.03976804" r24="0" r31="-0.3426165" r32="-0.039271146" r33="-0.9386547" r34="0" r41="1825.289" r42="37.807003" r43="420.60196" r44="1"></containerEntry>
          <containerEntry r11="0.7032721" r12="0.013881041" r13="-0.710785" r14="0" r21="-0.011921566" r22="0.9998991" r23="0.0077316407" r24="0" r31="0.7108205" r32="0.0030362308" r33="0.7033666" r34="0" r41="1826.5009" r42="38.24968" r43="419.35873" r44="1"></containerEntry>
          <containerEntry r11="0.86872256" r12="-0.063605726" r13="0.49119762" r14="0" r21="0.07108736" r22="0.9974642" r23="0.0034390474" r24="0" r31="-0.49017075" r32="0.031930402" r33="0.8710412" r34="0" r41="1899.7805" r42="31.844337" r43="479.46457" r44="1"></containerEntry>
        </property>
        <property name="colors" type="UInt32" container="DynamicArray" arraySize="3">
          <containerEntry>4294967295</containerEntry>
          <containerEntry>4294967295</containerEntry>
          <containerEntry>4294967295</containerEntry>
        </property>
      </staticProperties>
      <dynamicProperties></dynamicProperties>
    </entity>
    <entity class="StaticModelArray" classVersion="4" classID="0xD0" addr="0x317D130" id="0x0">
      <staticProperties>
        <property name="name" type="String" container="StaticArray" arraySize="1">
          <containerEntry>StaticModelArray0001</containerEntry>
        </property>
        <property name="dataSet" type="EntityHandle" container="StaticArray" arraySize="1">
          <containerEntry>0x32F4680</containerEntry>
        </property>
        <property name="modelFile" type="FilePtr" container="StaticArray" arraySize="1">
          <containerEntry>/Assets/tpp/environ/object/middle_africa/tree/mafr_tree038/scenes/mafr_tree038.fmdl</containerEntry>
        </property>
        <property name="geomFile" type="FilePtr" container="StaticArray" arraySize="1">
          <containerEntry>/Assets/tpp/environ/object/middle_africa/tree/mafr_tree038/scenes/mafr_tree038.geom</containerEntry>
        </property>
        <property name="isVisibleGeom" type="Bool" container="StaticArray" arraySize="1">
          <containerEntry>false</containerEntry>
        </property>
        <property name="lodFarSize" type="Float" container="StaticArray" arraySize="1">
          <containerEntry>-1</containerEntry>
        </property>
        <property name="lodNearSize" type="Float" container="StaticArray" arraySize="1">
          <containerEntry>-1</containerEntry>
        </property>
        <property name="lodPolygonSize" type="Float" container="StaticArray" arraySize="1">
          <containerEntry>-1</containerEntry>
        </property>
        <property name="drawRejectionLevel" type="Int32" container="StaticArray" arraySize="1">
          <containerEntry>8</containerEntry>
        </property>
        <property name="drawMode" type="Int32" container="StaticArray" arraySize="1">
          <containerEntry>0</containerEntry>
        </property>
        <property name="rejectFarRangeShadowCast" type="Int32" container="StaticArray" arraySize="1">
          <containerEntry>2</containerEntry>
        </property>
        <property name="parentLocator" type="EntityLink" container="StaticArray" arraySize="1">
          <containerEntry packagePathHash="0xB8A0BF169F98" archivePathHash="0xB8A0BF169F98" nameInArchiveHash="0xB8A0BF169F98">0x0</containerEntry>
        </property>
        <property name="transforms" type="Matrix4" container="DynamicArray" arraySize="4">
          <containerEntry r11="-0.85458875" r12="-0.062156357" r13="0.27666155" r14="0" r21="-0.061717406" r22="0.898217" r23="0.01115761" r24="0" r31="-0.2767598" r32="-0.00837365" r33="-0.85677344" r34="0" r41="1878.0825" r42="36.293335" r43="424.85922" r44="1"></containerEntry>
          <containerEntry r11="0.6408207" r12="0.046609335" r13="0.3275296" r14="0" r21="-0.04805753" r22="0.71952736" r23="-0.008366978" r24="0" r31="-0.32732028" r32="-0.014391054" r33="0.642459" r34="0" r41="1888.4937" r42="36.841248" r43="428.1819" r44="1"></containerEntry>
          <containerEntry r11="0.2074776" r12="0.015090342" r13="-0.63204396" r14="0" r21="-0.056472693" r22="0.6629917" r23="-0.0027087245" r24="0" r31="0.6296968" r32="0.054486543" r33="0.20800802" r34="0" r41="1902" r42="36.824448" r43="417.82852" r44="1"></containerEntry>
          <containerEntry r11="-0.80916834" r12="-0.058852546" r13="0.5834028" r14="0" r21="-0.06490627" r22="0.99712193" r23="0.010563959" r24="0" r31="-0.5827604" r32="-0.029339375" r33="-0.811237" r34="0" r41="1914.4117" r42="36.60855" r43="424.88028" r44="1"></containerEntry>
        </property>
        <property name="colors" type="UInt32" container="DynamicArray" arraySize="4">
          <containerEntry>4294967295</containerEntry>
          <containerEntry>4294967295</containerEntry>
          <containerEntry>4294967295</containerEntry>
          <containerEntry>4294967295</containerEntry>
        </property>
      </staticProperties>
      <dynamicProperties></dynamicProperties>
    </entity>
    <entity class="StaticModelArray" classVersion="4" classID="0xD0" addr="0x317D1A0" id="0x0">
      <staticProperties>
        <property name="name" type="String" container="StaticArray" arraySize="1">
          <containerEntry>StaticModelArray0002</containerEntry>
        </property>
        <property name="dataSet" type="EntityHandle" container="StaticArray" arraySize="1">
          <containerEntry>0x32F4680</containerEntry>
        </property>
        <property name="modelFile" type="FilePtr" container="StaticArray" arraySize="1">
          <containerEntry>/Assets/tpp/environ/object/middle_africa/cliff/mafr_clff003/scenes/mafr_clff003_vrtn001.fmdl</containerEntry>
        </property>
        <property name="geomFile" type="FilePtr" container="StaticArray" arraySize="1">
          <containerEntry>/Assets/tpp/environ/object/middle_africa/cliff/mafr_clff003/scenes/mafr_clff003_vrtn001.geom</containerEntry>
        </property>
        <property name="isVisibleGeom" type="Bool" container="StaticArray" arraySize="1">
          <containerEntry>false</containerEntry>
        </property>
        <property name="lodFarSize" type="Float" container="StaticArray" arraySize="1">
          <containerEntry>-1</containerEntry>
        </property>
        <property name="lodNearSize" type="Float" container="StaticArray" arraySize="1">
          <containerEntry>-1</containerEntry>
        </property>
        <property name="lodPolygonSize" type="Float" container="StaticArray" arraySize="1">
          <containerEntry>-1</containerEntry>
        </property>
        <property name="drawRejectionLevel" type="Int32" container="StaticArray" arraySize="1">
          <containerEntry>8</containerEntry>
        </property>
        <property name="drawMode" type="Int32" container="StaticArray" arraySize="1">
          <containerEntry>0</containerEntry>
        </property>
        <property name="rejectFarRangeShadowCast" type="Int32" container="StaticArray" arraySize="1">
          <containerEntry>2</containerEntry>
        </property>
        <property name="parentLocator" type="EntityLink" container="StaticArray" arraySize="1">
          <containerEntry packagePathHash="0xB8A0BF169F98" archivePathHash="0xB8A0BF169F98" nameInArchiveHash="0xB8A0BF169F98">0x0</containerEntry>
        </property>
        <property name="transforms" type="Matrix4" container="DynamicArray" arraySize="6">
          <containerEntry r11="0.8928635" r12="-0.22461033" r13="-0.39031392" r14="0" r21="-0.010791346" r22="0.8558131" r23="-0.51717263" r24="0" r31="0.45019805" r32="0.46597657" r33="0.76170045" r34="0" r41="1841.7036" r42="37.128395" r43="428.6558" r44="1"></containerEntry>
          <containerEntry r11="0.79727554" r12="-0.08555479" r13="-0.59752166" r14="0" r21="-0.3927955" r22="0.67810106" r23="-0.621201" r24="0" r31="0.45832682" r32="0.7299722" r33="0.50702786" r34="0" r41="1819.3956" r42="38.096107" r43="433.41064" r44="1"></containerEntry>
          <containerEntry r11="0.74320734" r12="-0.002758652" r13="-0.6690553" r14="0" r21="-0.41150668" r22="0.78659594" r23="-0.46035728" r24="0" r31="0.5275461" r32="0.6174617" r33="0.5834687" r34="0" r41="1834.4758" r42="36.814114" r43="415.07446" r44="1"></containerEntry>
          <containerEntry r11="0.7432077" r12="-0.028197348" r13="-0.6684657" r14="0" r21="-0.41150633" r22="0.76852214" r23="-0.48993418" r24="0" r31="0.5275453" r32="0.6392009" r33="0.5595683" r34="0" r41="1843.6737" r42="34.130043" r43="442.69086" r44="1"></containerEntry>
          <containerEntry r11="-0.28400457" r12="-0.071799874" r13="-0.956129" r14="0" r21="-0.7266877" r22="0.6666613" r23="0.16579095" r24="0" r31="0.62551004" r32="0.7418939" r33="-0.24151045" r34="0" r41="1860.1667" r42="33.65625" r43="423.89963" r44="1"></containerEntry>
          <containerEntry r11="-0.9857919" r12="0.0622575" r13="-0.15599027" r14="0" r21="-0.017153956" r22="0.8865832" r23="0.4622507" r24="0" r31="0.16707695" r32="0.45836008" r33="-0.87291825" r34="0" r41="1845.5331" r42="35.494625" r43="412.0381" r44="1"></containerEntry>
        </property>
        <property name="colors" type="UInt32" container="DynamicArray" arraySize="6">
          <containerEntry>4294967295</containerEntry>
          <containerEntry>4294967295</containerEntry>
          <containerEntry>4294967295</containerEntry>
          <containerEntry>4294967295</containerEntry>
          <containerEntry>4294967295</containerEntry>
          <containerEntry>4294967295</containerEntry>
        </property>
      </staticProperties>
      <dynamicProperties></dynamicProperties>
    </entity>
    <entity class="StaticModelArray" classVersion="4" classID="0xD0" addr="0x317D280" id="0x0">
      <staticProperties>
        <property name="name" type="String" container="StaticArray" arraySize="1">
          <containerEntry>StaticModelArray0003</containerEntry>
        </property>
        <property name="dataSet" type="EntityHandle" container="StaticArray" arraySize="1">
          <containerEntry>0x32F4680</containerEntry>
        </property>
        <property name="modelFile" type="FilePtr" container="StaticArray" arraySize="1">
          <containerEntry>/Assets/tpp/environ/object/middle_africa/rock/mafr_rock011/scenes/mafr_rock011.fmdl</containerEntry>
        </property>
        <property name="geomFile" type="FilePtr" container="StaticArray" arraySize="1">
          <containerEntry>/Assets/tpp/environ/object/middle_africa/rock/mafr_rock011/scenes/mafr_rock011.geom</containerEntry>
        </property>
        <property name="isVisibleGeom" type="Bool" container="StaticArray" arraySize="1">
          <containerEntry>false</containerEntry>
        </property>
        <property name="lodFarSize" type="Float" container="StaticArray" arraySize="1">
          <containerEntry>-1</containerEntry>
        </property>
        <property name="lodNearSize" type="Float" container="StaticArray" arraySize="1">
          <containerEntry>-1</containerEntry>
        </property>
        <property name="lodPolygonSize" type="Float" container="StaticArray" arraySize="1">
          <containerEntry>-1</containerEntry>
        </property>
        <property name="drawRejectionLevel" type="Int32" container="StaticArray" arraySize="1">
          <containerEntry>8</containerEntry>
        </property>
        <property name="drawMode" type="Int32" container="StaticArray" arraySize="1">
          <containerEntry>0</containerEntry>
        </property>
        <property name="rejectFarRangeShadowCast" type="Int32" container="StaticArray" arraySize="1">
          <containerEntry>2</containerEntry>
        </property>
        <property name="parentLocator" type="EntityLink" container="StaticArray" arraySize="1">
          <containerEntry packagePathHash="0xB8A0BF169F98" archivePathHash="0xB8A0BF169F98" nameInArchiveHash="0xB8A0BF169F98">0x0</containerEntry>
        </property>
        <property name="transforms" type="Matrix4" container="DynamicArray" arraySize="9">
          <containerEntry r11="0.99601465" r12="0.034781788" r13="-0.0821285" r14="0" r21="0.010594883" r22="0.8681657" r23="0.49616116" r24="0" r31="0.08855852" r32="-0.4950539" r33="0.8643372" r34="0" r41="1914.9689" r42="34.36378" r43="434.27292" r44="1"></containerEntry>
          <containerEntry r11="0.99601465" r12="0.03478113" r13="-0.08212861" r14="0" r21="0.0071478104" r22="0.8867391" r23="0.46221453" r24="0" r31="0.088903" r32="-0.4609595" r33="0.8829565" r34="0" r41="1899.6132" r42="34.000443" r43="434.27292" r44="1"></containerEntry>
          <containerEntry r11="0.7319856" r12="-0.2709529" r13="0.6251246" r14="0" r21="-0.49791119" r22="0.41354984" r23="0.7622724" r24="0" r31="-0.46505988" r32="-0.86922914" r33="0.1678021" r34="0" r41="1856.2671" r42="25.077124" r43="502.15308" r44="1"></containerEntry>
          <containerEntry r11="0.7804168" r12="-0.15260234" r13="0.60635185" r14="0" r21="-0.5384476" r22="0.32893938" r23="0.7758055" r24="0" r31="-0.31784293" r32="-0.9319402" r33="0.17454137" r34="0" r41="1846.802" r42="26.935034" r43="495.97687" r44="1"></containerEntry>
          <containerEntry r11="0.7204386" r12="-0.20500852" r13="0.6625251" r14="0" r21="-0.49227488" r22="0.521734" r23="0.6967487" r24="0" r31="-0.48850125" r32="-0.8281092" r33="0.2749568" r34="0" r41="1836.8595" r42="28.4139" r43="489.73285" r44="1"></containerEntry>
          <containerEntry r11="0.9981235" r12="0.041900933" r13="0.044650976" r14="0" r21="-0.061092794" r22="0.6322552" r23="0.7723467" r24="0" r31="0.0041313395" r32="-0.7736252" r33="0.6336286" r34="0" r41="1887.6932" r42="34.070568" r43="466.9592" r44="1"></containerEntry>
          <containerEntry r11="0.9967394" r12="-0.07682833" r13="0.024655689" r14="0" r21="0.03007615" r22="0.637311" r23="0.77001834" r24="0" r31="-0.07487269" r32="-0.7667661" r33="0.6375437" r34="0" r41="1898.0177" r42="33.464867" r43="467.3172" r44="1"></containerEntry>
          <containerEntry r11="-0.3702076" r12="0.072902575" r13="-0.9260829" r14="0" r21="0.56801134" r22="0.8066026" r23="-0.16356978" r24="0" r31="0.7350561" r32="-0.5865809" r33="-0.34001976" r34="0" r41="1889.6256" r42="33.185993" r43="402.32562" r44="1"></containerEntry>
          <containerEntry r11="-0.3702076" r12="0.072902575" r13="-0.9260829" r14="0" r21="0.56801134" r22="0.8066026" r23="-0.16356978" r24="0" r31="0.7350561" r32="-0.5865809" r33="-0.34001976" r34="0" r41="1895.4507" r42="33.384262" r43="397.42975" r44="1"></containerEntry>
        </property>
        <property name="colors" type="UInt32" container="DynamicArray" arraySize="9">
          <containerEntry>4294967295</containerEntry>
          <containerEntry>4294967295</containerEntry>
          <containerEntry>4294967295</containerEntry>
          <containerEntry>4294967295</containerEntry>
          <containerEntry>4294967295</containerEntry>
          <containerEntry>4294967295</containerEntry>
          <containerEntry>4294967295</containerEntry>
          <containerEntry>4294967295</containerEntry>
          <containerEntry>4294967295</containerEntry>
        </property>
      </staticProperties>
      <dynamicProperties></dynamicProperties>
    </entity>
    <entity class="StaticModelArray" classVersion="4" classID="0xD0" addr="0x317D210" id="0x0">
      <staticProperties>
        <property name="name" type="String" container="StaticArray" arraySize="1">
          <containerEntry>StaticModelArray0004</containerEntry>
        </property>
        <property name="dataSet" type="EntityHandle" container="StaticArray" arraySize="1">
          <containerEntry>0x32F4680</containerEntry>
        </property>
        <property name="modelFile" type="FilePtr" container="StaticArray" arraySize="1">
          <containerEntry>/Assets/tpp/environ/object/middle_africa/rock/mafr_rock002/scenes/mafr_rock002.fmdl</containerEntry>
        </property>
        <property name="geomFile" type="FilePtr" container="StaticArray" arraySize="1">
          <containerEntry>/Assets/tpp/environ/object/middle_africa/rock/mafr_rock002/scenes/mafr_rock002.geom</containerEntry>
        </property>
        <property name="isVisibleGeom" type="Bool" container="StaticArray" arraySize="1">
          <containerEntry>false</containerEntry>
        </property>
        <property name="lodFarSize" type="Float" container="StaticArray" arraySize="1">
          <containerEntry>-1</containerEntry>
        </property>
        <property name="lodNearSize" type="Float" container="StaticArray" arraySize="1">
          <containerEntry>-1</containerEntry>
        </property>
        <property name="lodPolygonSize" type="Float" container="StaticArray" arraySize="1">
          <containerEntry>-1</containerEntry>
        </property>
        <property name="drawRejectionLevel" type="Int32" container="StaticArray" arraySize="1">
          <containerEntry>8</containerEntry>
        </property>
        <property name="drawMode" type="Int32" container="StaticArray" arraySize="1">
          <containerEntry>0</containerEntry>
        </property>
        <property name="rejectFarRangeShadowCast" type="Int32" container="StaticArray" arraySize="1">
          <containerEntry>2</containerEntry>
        </property>
        <property name="parentLocator" type="EntityLink" container="StaticArray" arraySize="1">
          <containerEntry packagePathHash="0xB8A0BF169F98" archivePathHash="0xB8A0BF169F98" nameInArchiveHash="0xB8A0BF169F98">0x0</containerEntry>
        </property>
        <property name="transforms" type="Matrix4" container="DynamicArray" arraySize="9">
          <containerEntry r11="0.87082773" r12="0.08302692" r13="-0.48452604" r14="0" r21="-0.09575983" r22="0.9954033" r23="-0.001537675" r24="0" r31="0.48217112" r32="0.04773719" r33="0.87477547" r34="0" r41="1811.753" r42="30.641146" r43="487.66077" r44="1"></containerEntry>
          <containerEntry r11="-0.6415699" r12="-0.1493618" r13="0.7523811" r14="0" r21="-0.21446227" r22="0.9766702" r23="0.011011019" r24="0" r31="-0.73647285" r32="-0.15429309" r33="-0.65863466" r34="0" r41="1803.7012" r42="28.893679" r43="493.0066" r44="1"></containerEntry>
          <containerEntry r11="-0.42802507" r12="-0.039781928" r13="0.90289116" r14="0" r21="-0.09576045" r22="0.99540323" r23="-0.0015381537" r24="0" r31="-0.8986796" r32="-0.087119624" r33="-0.42986703" r34="0" r41="1815.3794" r42="32.66699" r43="482.15613" r44="1"></containerEntry>
          <containerEntry r11="0.9812621" r12="0.09414089" r13="-0.1681139" r14="0" r21="-0.095761016" r22="0.9954032" r23="-0.0015377589" r24="0" r31="0.16719635" r32="0.017607698" r33="0.9857664" r34="0" r41="1809.699" r42="31.806067" r43="484.0777" r44="1"></containerEntry>
          <containerEntry r11="0.9413629" r12="0.09005897" r13="-0.32515395" r14="0" r21="-0.095760256" r22="0.99540323" r23="-0.0015382385" r24="0" r31="0.32352078" r32="0.032584906" r33="0.94565976" r34="0" r41="1794.427" r42="23.871397" r43="504.63022" r44="1"></containerEntry>
          <containerEntry r11="-0.115093425" r12="-0.0095372535" r13="0.99330604" r14="0" r21="-0.09576002" r22="0.9954033" r23="-0.0015385002" r24="0" r31="-0.9887254" r32="-0.095296316" r33="-0.11547762" r34="0" r41="1793.3074" r42="25.920727" r43="497.67792" r44="1"></containerEntry>
          <containerEntry r11="0.4718292" r12="-0.12480567" r13="0.8728121" r14="0" r21="0.06875428" r22="0.9921245" r23="0.10469893" r24="0" r31="-0.87900525" r32="0.01060953" r33="0.47669423" r34="0" r41="1886.2319" r42="26.73181" r43="498.2645" r44="1"></containerEntry>
          <containerEntry r11="-0.89226586" r12="0.16823266" r13="-0.41900033" r14="0" r21="0.12403558" r22="0.9836194" r23="0.13079783" r24="0" r31="0.43414134" r32="0.0647354" r33="-0.8985169" r34="0" r41="1877.7885" r42="29.252493" r43="489.10425" r44="1"></containerEntry>
          <containerEntry r11="0.96533984" r12="-0.08910924" r13="-0.24531315" r14="0" r21="0.124035" r22="0.9836195" r23="0.13079755" r24="0" r31="0.22963955" r32="-0.1566915" r33="0.96057975" r34="0" r41="1873.1162" r42="30.185186" r43="486.52087" r44="1"></containerEntry>
        </property>
        <property name="colors" type="UInt32" container="DynamicArray" arraySize="9">
          <containerEntry>4294967295</containerEntry>
          <containerEntry>4294967295</containerEntry>
          <containerEntry>4294967295</containerEntry>
          <containerEntry>4294967295</containerEntry>
          <containerEntry>4294967295</containerEntry>
          <containerEntry>4294967295</containerEntry>
          <containerEntry>4294967295</containerEntry>
          <containerEntry>4294967295</containerEntry>
          <containerEntry>4294967295</containerEntry>
        </property>
      </staticProperties>
      <dynamicProperties></dynamicProperties>
    </entity>
    <entity class="StaticModelArray" classVersion="4" classID="0xD0" addr="0x317D050" id="0x0">
      <staticProperties>
        <property name="name" type="String" container="StaticArray" arraySize="1">
          <containerEntry>StaticModelArray0005</containerEntry>
        </property>
        <property name="dataSet" type="EntityHandle" container="StaticArray" arraySize="1">
          <containerEntry>0x32F4680</containerEntry>
        </property>
        <property name="modelFile" type="FilePtr" container="StaticArray" arraySize="1">
          <containerEntry>/Assets/tpp/environ/object/middle_africa/rock/mafr_rock007/scenes/mafr_rock007.fmdl</containerEntry>
        </property>
        <property name="geomFile" type="FilePtr" container="StaticArray" arraySize="1">
          <containerEntry>/Assets/tpp/environ/object/middle_africa/rock/mafr_rock007/scenes/mafr_rock007.geom</containerEntry>
        </property>
        <property name="isVisibleGeom" type="Bool" container="StaticArray" arraySize="1">
          <containerEntry>false</containerEntry>
        </property>
        <property name="lodFarSize" type="Float" container="StaticArray" arraySize="1">
          <containerEntry>-1</containerEntry>
        </property>
        <property name="lodNearSize" type="Float" container="StaticArray" arraySize="1">
          <containerEntry>-1</containerEntry>
        </property>
        <property name="lodPolygonSize" type="Float" container="StaticArray" arraySize="1">
          <containerEntry>-1</containerEntry>
        </property>
        <property name="drawRejectionLevel" type="Int32" container="StaticArray" arraySize="1">
          <containerEntry>8</containerEntry>
        </property>
        <property name="drawMode" type="Int32" container="StaticArray" arraySize="1">
          <containerEntry>0</containerEntry>
        </property>
        <property name="rejectFarRangeShadowCast" type="Int32" container="StaticArray" arraySize="1">
          <containerEntry>2</containerEntry>
        </property>
        <property name="parentLocator" type="EntityLink" container="StaticArray" arraySize="1">
          <containerEntry packagePathHash="0xB8A0BF169F98" archivePathHash="0xB8A0BF169F98" nameInArchiveHash="0xB8A0BF169F98">0x0</containerEntry>
        </property>
        <property name="transforms" type="Matrix4" container="DynamicArray" arraySize="5">
          <containerEntry r11="-0.16582549" r12="-0.1629938" r13="0.97259206" r14="0" r21="-0.16451462" r22="0.97699803" r23="0.13568275" r24="0" r31="-0.972336" r32="-0.13750596" r33="-0.18882602" r34="0" r41="1831.0468" r42="26.990644" r43="502.6548" r44="1"></containerEntry>
          <containerEntry r11="0.013494496" r12="0.013828725" r13="0.9998129" r14="0" r21="-0.23250636" r22="0.9725402" r23="-0.010313444" r24="0" r31="-0.97250086" r32="-0.2323238" r33="0.016339242" r34="0" r41="1812.5089" r42="35.073616" r43="474.55008" r44="1"></containerEntry>
          <containerEntry r11="0.26880407" r12="0.18668008" r13="0.94492996" r14="0" r21="-0.13270554" r22="0.9788604" r23="-0.15563256" r24="0" r31="-0.954008" r32="-0.08356315" r33="0.2878952" r34="0" r41="1809.4229" r42="34.29494" r43="472.7213" r44="1"></containerEntry>
          <containerEntry r11="-0.98680186" r12="-0.018522814" r13="0.16088031" r14="0" r21="-0.041174985" r22="0.9894874" r23="-0.13863353" r24="0" r31="-0.15662117" r32="-0.14342783" r33="-0.97719073" r34="0" r41="1796.8575" r42="31.790743" r43="483.9621" r44="1"></containerEntry>
          <containerEntry r11="1" r12="0" r13="0" r14="0" r21="0" r22="1" r23="0" r24="0" r31="0" r32="0" r33="1" r34="0" r41="1877.8435" r42="31.77848" r43="483.4259" r44="1"></containerEntry>
        </property>
        <property name="colors" type="UInt32" container="DynamicArray" arraySize="5">
          <containerEntry>4294967295</containerEntry>
          <containerEntry>4294967295</containerEntry>
          <containerEntry>4294967295</containerEntry>
          <containerEntry>4294967295</containerEntry>
          <containerEntry>4294967295</containerEntry>
        </property>
      </staticProperties>
      <dynamicProperties></dynamicProperties>
    </entity>
    <entity class="TexturePackLoadConditioner" classVersion="0" classID="0x48" addr="0x317CFE0" id="0x0">
      <staticProperties>
        <property name="name" type="String" container="StaticArray" arraySize="1">
          <containerEntry>TexturePackLoadConditioner0000</containerEntry>
        </property>
        <property name="dataSet" type="EntityHandle" container="StaticArray" arraySize="1">
          <containerEntry>0x32F4680</containerEntry>
        </property>
        <property name="texturePackPath" type="Path" container="StaticArray" arraySize="1">
          <containerEntry hash="0xB8A0BF169F98"></containerEntry>
        </property>
      </staticProperties>
      <dynamicProperties></dynamicProperties>
    </entity>
  </entities>
</fox>