<fox formatVersion="2" fileVersion="0">
  <entities>
    <entity class="DataSet" classVersion="0" classID="0xE8" addr="0x2F53490" id="0x5C64A7">
      <staticProperties>
        <property name="name" type="String" container="StaticArray" arraySize="1">
          <containerEntry hash="0xB8A0BF169F98"></containerEntry>
        </property>
        <property name="dataSet" type="EntityHandle" container="StaticArray" arraySize="1">
          <containerEntry>0x0</containerEntry>
        </property>
        <property name="dataList" type="EntityPtr" container="StringMap" arraySize="12">
          <containerEntry key="afgh_clff022_vrtn001_0002">
            <data>0x2F52310</data>
          </containerEntry>
          <containerEntry key="afgh_clff022_vrtn004_0002">
            <data>0x2F51F90</data>
          </containerEntry>
          <containerEntry key="StaticModelArray0000">
            <data>0x2D7E7F0</data>
          </containerEntry>
          <containerEntry key="StaticModelArray0001">
            <data>0x2D7DFA0</data>
          </containerEntry>
          <containerEntry key="StaticModelArray0002">
            <data>0x2D7E470</data>
          </containerEntry>
          <containerEntry key="StaticModelArray0003">
            <data>0x2D7A500</data>
          </containerEntry>
          <containerEntry key="StaticModelArray0004">
            <data>0x2D7E550</data>
          </containerEntry>
          <containerEntry key="StaticModelArray0005">
            <data>0x2D7DDE0</data>
          </containerEntry>
          <containerEntry key="StaticModelArray0006">
            <data>0x2D7DE50</data>
          </containerEntry>
          <containerEntry key="StaticModelArray0007">
            <data>0x2D7DEC0</data>
          </containerEntry>
          <containerEntry key="StaticModelArray0008">
            <data>0x2D7DF30</data>
          </containerEntry>
          <containerEntry key="TexturePackLoadConditioner0000">
            <data>0x2D7EB00</data>
          </containerEntry>
        </property>
      </staticProperties>
      <dynamicProperties></dynamicProperties>
    </entity>
    <entity class="StaticModel" classVersion="9" classID="0x160" addr="0x2F52310" id="0x5C6509">
      <staticProperties>
        <property name="name" type="String" container="StaticArray" arraySize="1">
          <containerEntry>afgh_clff022_vrtn001_0002</containerEntry>
        </property>
        <property name="dataSet" type="EntityHandle" container="StaticArray" arraySize="1">
          <containerEntry>0x2F53490</containerEntry>
        </property>
        <property name="parent" type="EntityHandle" container="StaticArray" arraySize="1">
          <containerEntry>0x0</containerEntry>
        </property>
        <property name="transform" type="EntityPtr" container="StaticArray" arraySize="1">
          <containerEntry>0x2F522A0</containerEntry>
        </property>
        <property name="shearTransform" type="EntityPtr" container="StaticArray" arraySize="1">
          <containerEntry>0x0</containerEntry>
        </property>
        <property name="pivotTransform" type="EntityPtr" container="StaticArray" arraySize="1">
          <containerEntry>0x0</containerEntry>
        </property>
        <property name="children" type="EntityHandle" container="List"></property>
        <property name="flags" type="UInt32" container="StaticArray" arraySize="1">
          <containerEntry>2147483655</containerEntry>
        </property>
        <property name="modelFile" type="FilePtr" container="StaticArray" arraySize="1">
          <containerEntry>/Assets/tpp/environ/object/afghanistan/cliff/afgh_clff022/scenes/afgh_clff022_vrtn001.fmdl</containerEntry>
        </property>
        <property name="geomFile" type="FilePtr" container="StaticArray" arraySize="1">
          <containerEntry>/Assets/tpp/environ/object/afghanistan/cliff/afgh_clff022/scenes/afgh_clff022_vrtn001.geom</containerEntry>
        </property>
        <property name="isVisibleGeom" type="Bool" container="StaticArray" arraySize="1">
          <containerEntry>false</containerEntry>
        </property>
        <property name="isIsolated" type="Bool" container="StaticArray" arraySize="1">
          <containerEntry>false</containerEntry>
        </property>
        <property name="lodFarSize" type="Float" container="StaticArray" arraySize="1">
          <containerEntry>-1</containerEntry>
        </property>
        <property name="lodNearSize" type="Float" container="StaticArray" arraySize="1">
          <containerEntry>-1</containerEntry>
        </property>
        <property name="lodPolygonSize" type="Float" container="StaticArray" arraySize="1">
          <containerEntry>-1</containerEntry>
        </property>
        <property name="color" type="Color" container="StaticArray" arraySize="1">
          <containerEntry r="1" g="1" b="1" a="1"></containerEntry>
        </property>
        <property name="drawRejectionLevel" type="Int32" container="StaticArray" arraySize="1">
          <containerEntry>8</containerEntry>
        </property>
        <property name="drawMode" type="Int32" container="StaticArray" arraySize="1">
          <containerEntry>0</containerEntry>
        </property>
        <property name="rejectFarRangeShadowCast" type="Int32" container="StaticArray" arraySize="1">
          <containerEntry>2</containerEntry>
        </property>
      </staticProperties>
      <dynamicProperties></dynamicProperties>
    </entity>
    <entity class="TransformEntity" classVersion="0" classID="0x50" addr="0x2F522A0" id="0x5C650C">
      <staticProperties>
        <property name="owner" type="EntityHandle" container="StaticArray" arraySize="1">
          <containerEntry>0x2F52310</containerEntry>
        </property>
        <property name="transform_scale" type="Vector3" container="StaticArray" arraySize="1">
          <containerEntry x="1" y="1" z="1" w="0"></containerEntry>
        </property>
        <property name="transform_rotation_quat" type="Quat" container="StaticArray" arraySize="1">
          <containerEntry x="0" y="0.221707" z="0" w="0.975113"></containerEntry>
        </property>
        <property name="transform_translation" type="Vector3" container="StaticArray" arraySize="1">
          <containerEntry x="-1539.8068" y="533.6698" z="-2250.2595" w="0"></containerEntry>
        </property>
      </staticProperties>
      <dynamicProperties></dynamicProperties>
    </entity>
    <entity class="StaticModel" classVersion="9" classID="0x160" addr="0x2F51F90" id="0x5C651D">
      <staticProperties>
        <property name="name" type="String" container="StaticArray" arraySize="1">
          <containerEntry>afgh_clff022_vrtn004_0002</containerEntry>
        </property>
        <property name="dataSet" type="EntityHandle" container="StaticArray" arraySize="1">
          <containerEntry>0x2F53490</containerEntry>
        </property>
        <property name="parent" type="EntityHandle" container="StaticArray" arraySize="1">
          <containerEntry>0x0</containerEntry>
        </property>
        <property name="transform" type="EntityPtr" container="StaticArray" arraySize="1">
          <containerEntry>0x2F51F20</containerEntry>
        </property>
        <property name="shearTransform" type="EntityPtr" container="StaticArray" arraySize="1">
          <containerEntry>0x0</containerEntry>
        </property>
        <property name="pivotTransform" type="EntityPtr" container="StaticArray" arraySize="1">
          <containerEntry>0x0</containerEntry>
        </property>
        <property name="children" type="EntityHandle" container="List"></property>
        <property name="flags" type="UInt32" container="StaticArray" arraySize="1">
          <containerEntry>2147483655</containerEntry>
        </property>
        <property name="modelFile" type="FilePtr" container="StaticArray" arraySize="1">
          <containerEntry>/Assets/tpp/environ/object/afghanistan/cliff/afgh_clff022/scenes/afgh_clff022_vrtn004.fmdl</containerEntry>
        </property>
        <property name="geomFile" type="FilePtr" container="StaticArray" arraySize="1">
          <containerEntry>/Assets/tpp/environ/object/afghanistan/cliff/afgh_clff022/scenes/afgh_clff022_vrtn004.geom</containerEntry>
        </property>
        <property name="isVisibleGeom" type="Bool" container="StaticArray" arraySize="1">
          <containerEntry>false</containerEntry>
        </property>
        <property name="isIsolated" type="Bool" container="StaticArray" arraySize="1">
          <containerEntry>false</containerEntry>
        </property>
        <property name="lodFarSize" type="Float" container="StaticArray" arraySize="1">
          <containerEntry>-1</containerEntry>
        </property>
        <property name="lodNearSize" type="Float" container="StaticArray" arraySize="1">
          <containerEntry>-1</containerEntry>
        </property>
        <property name="lodPolygonSize" type="Float" container="StaticArray" arraySize="1">
          <containerEntry>-1</containerEntry>
        </property>
        <property name="color" type="Color" container="StaticArray" arraySize="1">
          <containerEntry r="1" g="1" b="1" a="1"></containerEntry>
        </property>
        <property name="drawRejectionLevel" type="Int32" container="StaticArray" arraySize="1">
          <containerEntry>8</containerEntry>
        </property>
        <property name="drawMode" type="Int32" container="StaticArray" arraySize="1">
          <containerEntry>0</containerEntry>
        </property>
        <property name="rejectFarRangeShadowCast" type="Int32" container="StaticArray" arraySize="1">
          <containerEntry>2</containerEntry>
        </property>
      </staticProperties>
      <dynamicProperties></dynamicProperties>
    </entity>
    <entity class="TransformEntity" classVersion="0" classID="0x50" addr="0x2F51F20" id="0x5C6520">
      <staticProperties>
        <property name="owner" type="EntityHandle" container="StaticArray" arraySize="1">
          <containerEntry>0x2F51F90</containerEntry>
        </property>
        <property name="transform_scale" type="Vector3" container="StaticArray" arraySize="1">
          <containerEntry x="1" y="1" z="1" w="0"></containerEntry>
        </property>
        <property name="transform_rotation_quat" type="Quat" container="StaticArray" arraySize="1">
          <containerEntry x="0.001531" y="-0.122977" z="0.000743" w="0.992407"></containerEntry>
        </property>
        <property name="transform_translation" type="Vector3" container="StaticArray" arraySize="1">
          <containerEntry x="-1658.8647" y="541.288" z="-2296.4678" w="0"></containerEntry>
        </property>
      </staticProperties>
      <dynamicProperties></dynamicProperties>
    </entity>
    <entity class="StaticModelArray" classVersion="4" classID="0xD0" addr="0x2D7E7F0" id="0x0">
      <staticProperties>
        <property name="name" type="String" container="StaticArray" arraySize="1">
          <containerEntry>StaticModelArray0000</containerEntry>
        </property>
        <property name="dataSet" type="EntityHandle" container="StaticArray" arraySize="1">
          <containerEntry>0x2F53490</containerEntry>
        </property>
        <property name="modelFile" type="FilePtr" container="StaticArray" arraySize="1">
          <containerEntry>/Assets/tpp/environ/object/afghanistan/rock/afgh_rock009/scenes/afgh_rock009_rock002.fmdl</containerEntry>
        </property>
        <property name="geomFile" type="FilePtr" container="StaticArray" arraySize="1">
          <containerEntry>/Assets/tpp/environ/object/afghanistan/rock/afgh_rock009/scenes/afgh_rock009_rock002.geom</containerEntry>
        </property>
        <property name="isVisibleGeom" type="Bool" container="StaticArray" arraySize="1">
          <containerEntry>false</containerEntry>
        </property>
        <property name="lodFarSize" type="Float" container="StaticArray" arraySize="1">
          <containerEntry>-1</containerEntry>
        </property>
        <property name="lodNearSize" type="Float" container="StaticArray" arraySize="1">
          <containerEntry>-1</containerEntry>
        </property>
        <property name="lodPolygonSize" type="Float" container="StaticArray" arraySize="1">
          <containerEntry>-1</containerEntry>
        </property>
        <property name="drawRejectionLevel" type="Int32" container="StaticArray" arraySize="1">
          <containerEntry>8</containerEntry>
        </property>
        <property name="drawMode" type="Int32" container="StaticArray" arraySize="1">
          <containerEntry>0</containerEntry>
        </property>
        <property name="rejectFarRangeShadowCast" type="Int32" container="StaticArray" arraySize="1">
          <containerEntry>2</containerEntry>
        </property>
        <property name="parentLocator" type="EntityLink" container="StaticArray" arraySize="1">
          <containerEntry packagePathHash="0xB8A0BF169F98" archivePathHash="0xB8A0BF169F98" nameInArchiveHash="0xB8A0BF169F98">0x0</containerEntry>
        </property>
        <property name="transforms" type="Matrix4" container="DynamicArray" arraySize="11">
          <containerEntry r11="-0.15006113" r12="-0.085302435" r13="-0.98498917" r14="0" r21="0.038379468" r22="0.99501747" r23="-0.092017904" r24="0" r31="0.9879308" r32="-0.051611762" r33="-0.14603955" r34="0" r41="-1653.8455" r42="525.83356" r43="-2191.2725" r44="1"></containerEntry>
          <containerEntry r11="-0.2117225" r12="-0.9750817" r13="0.06623539" r14="0" r21="-0.13971034" r22="-0.036878288" r23="-0.98950446" r24="0" r31="0.96729124" r32="-0.21875525" r33="-0.12841994" r34="0" r41="-1639.2712" r42="521.1205" r43="-2184.7131" r44="1"></containerEntry>
          <containerEntry r11="-0.2117225" r12="-0.9750817" r13="0.06623539" r14="0" r21="-0.13971034" r22="-0.036878288" r23="-0.98950446" r24="0" r31="0.96729124" r32="-0.21875525" r33="-0.12841994" r34="0" r41="-1621.3246" r42="518.1303" r43="-2191.4197" r44="1"></containerEntry>
          <containerEntry r11="-0.17026842" r12="-0.18467009" r13="-0.9679376" r14="0" r21="0.18802619" r22="0.9581456" r23="-0.21587731" r24="0" r31="0.96729124" r32="-0.21875514" r33="-0.12841904" r34="0" r41="-1609.5724" r42="515.86725" r43="-2215.5483" r44="1"></containerEntry>
          <containerEntry r11="-0.17026962" r12="-0.18467009" r13="-0.96793705" r14="0" r21="-0.0885593" r22="0.98117524" r23="-0.17161694" r24="0" r31="0.9814084" r32="0.056498524" r33="-0.18341857" r34="0" r41="-1595.3262" r42="515.62726" r43="-2193.119" r44="1"></containerEntry>
          <containerEntry r11="-0.97823155" r12="-0.016093828" r13="-0.20687258" r14="0" r21="0.01555834" r22="0.98849195" r23="-0.15047078" r24="0" r31="0.20691353" r32="-0.15041445" r33="-0.9667236" r34="0" r41="-1654.907" r42="520.415" r43="-2244.271" r44="1"></containerEntry>
          <containerEntry r11="-0.50545806" r12="0.07842695" r13="0.8592756" r14="0" r21="0.08262334" r22="0.9956838" r23="-0.042274497" r24="0" r31="-0.8588822" r32="0.04962825" r33="-0.50975627" r34="0" r41="-1654.9904" r42="522.6934" r43="-2262.8623" r44="1"></containerEntry>
          <containerEntry r11="-0.50545806" r12="0.07842695" r13="0.8592756" r14="0" r21="0.08262334" r22="0.9956838" r23="-0.042274497" r24="0" r31="-0.8588822" r32="0.04962825" r33="-0.50975627" r34="0" r41="-1636.0953" r42="525.4486" r43="-2271.0967" r44="1"></containerEntry>
          <containerEntry r11="0.12722939" r12="0.98832107" r13="-0.08384532" r14="0" r21="-0.21934596" r22="-0.054402232" r23="-0.9741266" r24="0" r31="-0.9673137" r32="0.14232668" r33="0.20986539" r34="0" r41="-1630.5515" r42="517.8463" r43="-2248.5613" r44="1"></containerEntry>
          <containerEntry r11="0.28773534" r12="-0.28058237" r13="0.9156855" r14="0" r21="-0.14952779" r22="0.93123394" r23="0.33233207" r24="0" r31="-0.9459639" r32="-0.23254395" r33="0.22599405" r34="0" r41="-1592.9065" r42="517.1154" r43="-2228.75" r44="1"></containerEntry>
          <containerEntry r11="-0.030305266" r12="-0.9805983" r13="-0.19365744" r14="0" r21="0.7617237" r22="-0.14810513" r23="0.6307423" r24="0" r31="-0.64718866" r32="-0.12839735" r33="0.7514384" r34="0" r41="-1541.4565" r42="518.34296" r43="-2198.7288" r44="1"></containerEntry>
        </property>
        <property name="colors" type="UInt32" container="DynamicArray" arraySize="11">
          <containerEntry>4294967295</containerEntry>
          <containerEntry>4294967295</containerEntry>
          <containerEntry>4294967295</containerEntry>
          <containerEntry>4294967295</containerEntry>
          <containerEntry>4294967295</containerEntry>
          <containerEntry>4294967295</containerEntry>
          <containerEntry>4294967295</containerEntry>
          <containerEntry>4294967295</containerEntry>
          <containerEntry>4294967295</containerEntry>
          <containerEntry>4294967295</containerEntry>
          <containerEntry>4294967295</containerEntry>
        </property>
      </staticProperties>
      <dynamicProperties></dynamicProperties>
    </entity>
    <entity class="StaticModelArray" classVersion="4" classID="0xD0" addr="0x2D7DFA0" id="0x0">
      <staticProperties>
        <property name="name" type="String" container="StaticArray" arraySize="1">
          <containerEntry>StaticModelArray0001</containerEntry>
        </property>
        <property name="dataSet" type="EntityHandle" container="StaticArray" arraySize="1">
          <containerEntry>0x2F53490</containerEntry>
        </property>
        <property name="modelFile" type="FilePtr" container="StaticArray" arraySize="1">
          <containerEntry>/Assets/tpp/environ/object/afghanistan/cliff/afgh_clff022/scenes/afgh_clff022_vrtn002.fmdl</containerEntry>
        </property>
        <property name="geomFile" type="FilePtr" container="StaticArray" arraySize="1">
          <containerEntry>/Assets/tpp/environ/object/afghanistan/cliff/afgh_clff022/scenes/afgh_clff022_vrtn002.geom</containerEntry>
        </property>
        <property name="isVisibleGeom" type="Bool" container="StaticArray" arraySize="1">
          <containerEntry>false</containerEntry>
        </property>
        <property name="lodFarSize" type="Float" container="StaticArray" arraySize="1">
          <containerEntry>-1</containerEntry>
        </property>
        <property name="lodNearSize" type="Float" container="StaticArray" arraySize="1">
          <containerEntry>-1</containerEntry>
        </property>
        <property name="lodPolygonSize" type="Float" container="StaticArray" arraySize="1">
          <containerEntry>-1</containerEntry>
        </property>
        <property name="drawRejectionLevel" type="Int32" container="StaticArray" arraySize="1">
          <containerEntry>8</containerEntry>
        </property>
        <property name="drawMode" type="Int32" container="StaticArray" arraySize="1">
          <containerEntry>0</containerEntry>
        </property>
        <property name="rejectFarRangeShadowCast" type="Int32" container="StaticArray" arraySize="1">
          <containerEntry>2</containerEntry>
        </property>
        <property name="parentLocator" type="EntityLink" container="StaticArray" arraySize="1">
          <containerEntry packagePathHash="0xB8A0BF169F98" archivePathHash="0xB8A0BF169F98" nameInArchiveHash="0xB8A0BF169F98">0x0</containerEntry>
        </property>
        <property name="transforms" type="Matrix4" container="DynamicArray" arraySize="2">
          <containerEntry r11="-0.7736172" r12="0.061002266" r13="-0.63070464" r14="0" r21="0.03799596" r22="0.99802995" r23="0.049924433" r24="0" r31="0.6325077" r32="0.014658295" r33="-0.774411" r34="0" r41="-1659.5336" r42="530.13245" r43="-2226.6438" r44="1"></containerEntry>
          <containerEntry r11="0.76804024" r12="-0.012642193" r13="-0.64027673" r14="0" r21="0.015496743" r22="0.9998793" r23="-0.0011534765" r24="0" r31="0.640214" r32="-0.0090362895" r33="0.7681434" r34="0" r41="-1627.865" r42="537.05536" r43="-2301.8896" r44="1"></containerEntry>
        </property>
        <property name="colors" type="UInt32" container="DynamicArray" arraySize="2">
          <containerEntry>4294967295</containerEntry>
          <containerEntry>4294967295</containerEntry>
        </property>
      </staticProperties>
      <dynamicProperties></dynamicProperties>
    </entity>
    <entity class="StaticModelArray" classVersion="4" classID="0xD0" addr="0x2D7E470" id="0x0">
      <staticProperties>
        <property name="name" type="String" container="StaticArray" arraySize="1">
          <containerEntry>StaticModelArray0002</containerEntry>
        </property>
        <property name="dataSet" type="EntityHandle" container="StaticArray" arraySize="1">
          <containerEntry>0x2F53490</containerEntry>
        </property>
        <property name="modelFile" type="FilePtr" container="StaticArray" arraySize="1">
          <containerEntry>/Assets/tpp/environ/object/afghanistan/rock/afgh_rock001/scenes/afgh_rock001.fmdl</containerEntry>
        </property>
        <property name="geomFile" type="FilePtr" container="StaticArray" arraySize="1">
          <containerEntry>/Assets/tpp/environ/object/afghanistan/rock/afgh_rock001/scenes/afgh_rock001.geom</containerEntry>
        </property>
        <property name="isVisibleGeom" type="Bool" container="StaticArray" arraySize="1">
          <containerEntry>false</containerEntry>
        </property>
        <property name="lodFarSize" type="Float" container="StaticArray" arraySize="1">
          <containerEntry>-1</containerEntry>
        </property>
        <property name="lodNearSize" type="Float" container="StaticArray" arraySize="1">
          <containerEntry>-1</containerEntry>
        </property>
        <property name="lodPolygonSize" type="Float" container="StaticArray" arraySize="1">
          <containerEntry>-1</containerEntry>
        </property>
        <property name="drawRejectionLevel" type="Int32" container="StaticArray" arraySize="1">
          <containerEntry>8</containerEntry>
        </property>
        <property name="drawMode" type="Int32" container="StaticArray" arraySize="1">
          <containerEntry>0</containerEntry>
        </property>
        <property name="rejectFarRangeShadowCast" type="Int32" container="StaticArray" arraySize="1">
          <containerEntry>2</containerEntry>
        </property>
        <property name="parentLocator" type="EntityLink" container="StaticArray" arraySize="1">
          <containerEntry packagePathHash="0xB8A0BF169F98" archivePathHash="0xB8A0BF169F98" nameInArchiveHash="0xB8A0BF169F98">0x0</containerEntry>
        </property>
        <property name="transforms" type="Matrix4" container="DynamicArray" arraySize="12">
          <containerEntry r11="1" r12="0" r13="0" r14="0" r21="0" r22="1" r23="0" r24="0" r31="0" r32="0" r33="1" r34="0" r41="-1578" r42="516.63904" r43="-2216" r44="1"></containerEntry>
          <containerEntry r11="-0.025745953" r12="0.31662416" r13="-0.9482017" r14="0" r21="0.0040653646" r22="0.94854134" r23="0.3166272" r24="0" r31="0.9996603" r32="0.0042970628" r33="-0.025708318" r34="0" r41="-1566" r42="520.2853" r43="-2228" r44="1"></containerEntry>
          <containerEntry r11="1" r12="0" r13="0" r14="0" r21="0" r22="1" r23="0" r24="0" r31="0" r32="0" r33="1" r34="0" r41="-1610.2623" r42="517.5278" r43="-2207.9265" r44="1"></containerEntry>
          <containerEntry r11="-0.8513396" r12="-0.51172596" r13="0.115543336" r14="0" r21="-0.37212306" r22="0.744305" r23="0.5545571" r24="0" r31="-0.3697812" r32="0.42912194" r33="-0.8240808" r34="0" r41="-1630.7018" r42="520.2095" r43="-2191.8816" r44="1"></containerEntry>
          <containerEntry r11="-0.91898173" r12="-0.12814511" r13="0.37289104" r14="0" r21="0.027490273" r22="0.92259043" r23="0.38479987" r24="0" r31="-0.39333597" r32="0.36387566" r33="-0.8443209" r34="0" r41="-1615.7743" r42="516.80383" r43="-2247.6787" r44="1"></containerEntry>
          <containerEntry r11="-0.86484325" r12="0.16518176" r13="0.47408435" r14="0" r21="0.039581947" r22="0.9638173" r23="-0.26360834" r24="0" r31="-0.50047404" r32="-0.20921536" r33="-0.840089" r34="0" r41="-1603.6118" r42="520.109" r43="-2250.032" r44="1"></containerEntry>
          <containerEntry r11="-0.91898173" r12="-0.12814511" r13="0.37289104" r14="0" r21="0.027490273" r22="0.92259043" r23="0.38479987" r24="0" r31="-0.39333597" r32="0.36387566" r33="-0.8443209" r34="0" r41="-1623.2847" r42="525.36633" r43="-2268.5054" r44="1"></containerEntry>
          <containerEntry r11="-0.86987007" r12="0.1517523" r13="0.46934885" r14="0" r21="0.32646498" r22="0.8904073" r23="0.31716692" r24="0" r31="-0.3697806" r32="0.42912173" r33="-0.8240801" r34="0" r41="-1613.6234" r42="515.96814" r43="-2180.7327" r44="1"></containerEntry>
          <containerEntry r11="-0.9122721" r12="-0.33581638" r13="0.23448521" r14="0" r21="-0.33856404" r22="0.94047457" r23="0.029697267" r24="0" r31="-0.23050019" r32="-0.052296296" r33="-0.971664" r34="0" r41="-1595.2433" r42="522.5482" r43="-2246.85" r44="1"></containerEntry>
          <containerEntry r11="-0.025938451" r12="0.26078427" r13="-0.96504736" r14="0" r21="0.5292401" r22="-0.81540006" r23="-0.23457094" r24="0" r31="-0.8480742" r32="-0.51682705" r33="-0.11686529" r34="0" r41="-1541.1033" r42="518.515" r43="-2201.3584" r44="1"></containerEntry>
          <containerEntry r11="-0.91898173" r12="-0.12814511" r13="0.37289104" r14="0" r21="0.027490273" r22="0.92259043" r23="0.38479987" r24="0" r31="-0.39333597" r32="0.36387566" r33="-0.8443209" r34="0" r41="-1624.7072" r42="530.7218" r43="-2282.4207" r44="1"></containerEntry>
          <containerEntry r11="0.99304986" r12="0.0011426257" r13="-0.11768887" r14="0" r21="-0.008328434" r22="0.99812835" r23="-0.060583886" r24="0" r31="0.11739937" r32="0.061142985" r33="0.99120075" r34="0" r41="-1621.2734" r42="530.85114" r43="-2279.2651" r44="1"></containerEntry>
        </property>
        <property name="colors" type="UInt32" container="DynamicArray" arraySize="12">
          <containerEntry>4294967295</containerEntry>
          <containerEntry>4294967295</containerEntry>
          <containerEntry>4294967295</containerEntry>
          <containerEntry>4294967295</containerEntry>
          <containerEntry>4294967295</containerEntry>
          <containerEntry>4294967295</containerEntry>
          <containerEntry>4294967295</containerEntry>
          <containerEntry>4294967295</containerEntry>
          <containerEntry>4294967295</containerEntry>
          <containerEntry>4294967295</containerEntry>
          <containerEntry>4294967295</containerEntry>
          <containerEntry>4294967295</containerEntry>
        </property>
      </staticProperties>
      <dynamicProperties></dynamicProperties>
    </entity>
    <entity class="StaticModelArray" classVersion="4" classID="0xD0" addr="0x2D7A500" id="0x0">
      <staticProperties>
        <property name="name" type="String" container="StaticArray" arraySize="1">
          <containerEntry>StaticModelArray0003</containerEntry>
        </property>
        <property name="dataSet" type="EntityHandle" container="StaticArray" arraySize="1">
          <containerEntry>0x2F53490</containerEntry>
        </property>
        <property name="modelFile" type="FilePtr" container="StaticArray" arraySize="1">
          <containerEntry>/Assets/tpp/environ/object/afghanistan/rock/afgh_rock009/scenes/afgh_rock009_rock001.fmdl</containerEntry>
        </property>
        <property name="geomFile" type="FilePtr" container="StaticArray" arraySize="1">
          <containerEntry>/Assets/tpp/environ/object/afghanistan/rock/afgh_rock009/scenes/afgh_rock009_rock001.geom</containerEntry>
        </property>
        <property name="isVisibleGeom" type="Bool" container="StaticArray" arraySize="1">
          <containerEntry>false</containerEntry>
        </property>
        <property name="lodFarSize" type="Float" container="StaticArray" arraySize="1">
          <containerEntry>-1</containerEntry>
        </property>
        <property name="lodNearSize" type="Float" container="StaticArray" arraySize="1">
          <containerEntry>-1</containerEntry>
        </property>
        <property name="lodPolygonSize" type="Float" container="StaticArray" arraySize="1">
          <containerEntry>-1</containerEntry>
        </property>
        <property name="drawRejectionLevel" type="Int32" container="StaticArray" arraySize="1">
          <containerEntry>8</containerEntry>
        </property>
        <property name="drawMode" type="Int32" container="StaticArray" arraySize="1">
          <containerEntry>0</containerEntry>
        </property>
        <property name="rejectFarRangeShadowCast" type="Int32" container="StaticArray" arraySize="1">
          <containerEntry>2</containerEntry>
        </property>
        <property name="parentLocator" type="EntityLink" container="StaticArray" arraySize="1">
          <containerEntry packagePathHash="0xB8A0BF169F98" archivePathHash="0xB8A0BF169F98" nameInArchiveHash="0xB8A0BF169F98">0x0</containerEntry>
        </property>
        <property name="transforms" type="Matrix4" container="DynamicArray" arraySize="17">
          <containerEntry r11="0.3541202" r12="0" r13="0.93520033" r14="0" r21="0" r22="1" r23="0" r24="0" r31="-0.93520033" r32="0" r33="0.3541202" r34="0" r41="-1578.8816" r42="517.18134" r43="-2218.3726" r44="1"></containerEntry>
          <containerEntry r11="0.69816035" r12="0" r13="-0.7159411" r14="0" r21="0" r22="1" r23="0" r24="0" r31="0.7159411" r32="0" r33="0.69816035" r34="0" r41="-1587.24" r42="530.49365" r43="-2262.494" r44="1"></containerEntry>
          <containerEntry r11="0.15730727" r12="0" r13="-0.9875486" r14="0" r21="0" r22="1" r23="0" r24="0" r31="0.9875486" r32="0" r33="0.15730727" r34="0" r41="-1578.1614" r42="529.9855" r43="-2259.4058" r44="1"></containerEntry>
          <containerEntry r11="-0.5500676" r12="-0.33184874" r13="-0.7663533" r14="0" r21="-0.017868534" r22="0.9221263" r23="-0.38647583" r24="0" r31="0.8349262" r32="-0.19889507" r33="-0.51316124" r34="0" r41="-1548" r42="526.3669" r43="-2242.727" r44="1"></containerEntry>
          <containerEntry r11="0.6666312" r12="-0.7453875" r13="0" r14="0" r21="0.7453875" r22="0.6666312" r23="0" r24="0" r31="0" r32="0" r33="1" r34="0" r41="-1599.6346" r42="514.5417" r43="-2189.358" r44="1"></containerEntry>
          <containerEntry r11="0.023249596" r12="0.9982614" r13="-0.054155767" r14="0" r21="-0.034704626" r22="0.054944128" r23="0.9978857" r24="0" r31="0.99912673" r32="-0.021320552" r33="0.03592214" r34="0" r41="-1604.4829" r42="528.28864" r43="-2272.1006" r44="1"></containerEntry>
          <containerEntry r11="-0.005797893" r12="0.95991087" r13="-0.2802449" r14="0" r21="0.019860059" r22="0.28030497" r23="0.9597054" r24="0" r31="0.99978584" r32="-1.3113022e-06" r33="-0.02068901" r34="0" r41="-1584.2118" r42="530.42554" r43="-2259.6" r44="1"></containerEntry>
          <containerEntry r11="-0.76409286" r12="0" r13="-1.0393556" r14="0" r21="0" r22="1.29" r23="0" r24="0" r31="1.0393556" r32="0" r33="-0.76409286" r34="0" r41="-1567.0933" r42="532.63824" r43="-2258.5256" r44="1"></containerEntry>
          <containerEntry r11="0.69816035" r12="0" r13="-0.7159411" r14="0" r21="0" r22="1" r23="0" r24="0" r31="0.7159411" r32="0" r33="0.69816035" r34="0" r41="-1625.6244" r42="531.2168" r43="-2285.9297" r44="1"></containerEntry>
          <containerEntry r11="0.6981606" r12="-5.662441e-07" r13="-0.7159409" r14="0" r21="-0.57545483" r22="-0.5949338" r23="-0.5611623" r24="0" r31="-0.42593795" r32="0.8037732" r33="-0.4153593" r34="0" r41="-1622.6799" r42="531.2168" r43="-2282.1345" r44="1"></containerEntry>
          <containerEntry r11="-0.40339357" r12="0.15345332" r13="0.90206647" r14="0" r21="0.07971983" r22="0.98798275" r23="-0.13241887" r24="0" r31="-0.91154623" r32="0.018495582" r33="-0.41077918" r34="0" r41="-1612.3993" r42="532.347" r43="-2278.229" r44="1"></containerEntry>
          <containerEntry r11="-0.067720145" r12="0.8088147" r13="-0.5841489" r14="0" r21="0.8632135" r22="-0.24607998" r23="-0.44079906" r24="0" r31="-0.5002736" r32="-0.53409743" r33="-0.6815143" r34="0" r41="-1573.3252" r42="535.68567" r43="-2288.818" r44="1"></containerEntry>
          <containerEntry r11="-0.06772047" r12="0.80881447" r13="-0.58414865" r14="0" r21="0.36728066" r22="-0.5241651" r23="-0.7683431" r24="0" r31="-0.9276397" r32="-0.2665807" r33="-0.26156315" r34="0" r41="-1539.8684" r42="538.0252" r43="-2264.599" r44="1"></containerEntry>
          <containerEntry r11="1.4110631" r12="1.5378036" r13="0.8104984" r14="0" r21="-0.96513426" r22="1.5613035" r23="-1.2820665" r24="0" r31="-1.4457746" r32="0.45862636" r33="1.6468896" r34="0" r41="-1631.7323" r42="538.7282" r43="-2295.9116" r44="1"></containerEntry>
          <containerEntry r11="-0.095485866" r12="1.1404284" r13="-0.8236496" r14="0" r21="0.5178657" r22="-0.73907274" r23="-1.0833638" r24="0" r31="-1.307972" r32="-0.37587878" r33="-0.36880404" r34="0" r41="-1552.3123" r42="542.87085" r43="-2299.4182" r44="1"></containerEntry>
          <containerEntry r11="-0.48886806" r12="0.029309899" r13="0.8718631" r14="0" r21="0.5097616" r22="0.8206415" r23="0.25824454" r24="0" r31="-0.7079177" r32="0.5706909" r33="-0.4161262" r34="0" r41="-1607.5464" r42="527.7383" r43="-2271.3892" r44="1"></containerEntry>
          <containerEntry r11="-0.41774952" r12="0" r13="0.9085619" r14="0" r21="0" r22="1" r23="0" r24="0" r31="-0.9085619" r32="0" r33="-0.41774952" r34="0" r41="-1593.0814" r42="521.4731" r43="-2244.2566" r44="1"></containerEntry>
        </property>
        <property name="colors" type="UInt32" container="DynamicArray" arraySize="17">
          <containerEntry>4294967295</containerEntry>
          <containerEntry>4294967295</containerEntry>
          <containerEntry>4294967295</containerEntry>
          <containerEntry>4294967295</containerEntry>
          <containerEntry>4294967295</containerEntry>
          <containerEntry>4294967295</containerEntry>
          <containerEntry>4294967295</containerEntry>
          <containerEntry>4294967295</containerEntry>
          <containerEntry>4294967295</containerEntry>
          <containerEntry>4294967295</containerEntry>
          <containerEntry>4294967295</containerEntry>
          <containerEntry>4294967295</containerEntry>
          <containerEntry>4294967295</containerEntry>
          <containerEntry>4294967295</containerEntry>
          <containerEntry>4294967295</containerEntry>
          <containerEntry>4294967295</containerEntry>
          <containerEntry>4294967295</containerEntry>
        </property>
      </staticProperties>
      <dynamicProperties></dynamicProperties>
    </entity>
    <entity class="StaticModelArray" classVersion="4" classID="0xD0" addr="0x2D7E550" id="0x0">
      <staticProperties>
        <property name="name" type="String" container="StaticArray" arraySize="1">
          <containerEntry>StaticModelArray0004</containerEntry>
        </property>
        <property name="dataSet" type="EntityHandle" container="StaticArray" arraySize="1">
          <containerEntry>0x2F53490</containerEntry>
        </property>
        <property name="modelFile" type="FilePtr" container="StaticArray" arraySize="1">
          <containerEntry>/Assets/tpp/environ/object/afghanistan/cliff/afgh_clff025/scenes/afgh_clff025.fmdl</containerEntry>
        </property>
        <property name="geomFile" type="FilePtr" container="StaticArray" arraySize="1">
          <containerEntry>/Assets/tpp/environ/object/afghanistan/cliff/afgh_clff025/scenes/afgh_clff025.geom</containerEntry>
        </property>
        <property name="isVisibleGeom" type="Bool" container="StaticArray" arraySize="1">
          <containerEntry>false</containerEntry>
        </property>
        <property name="lodFarSize" type="Float" container="StaticArray" arraySize="1">
          <containerEntry>-1</containerEntry>
        </property>
        <property name="lodNearSize" type="Float" container="StaticArray" arraySize="1">
          <containerEntry>-1</containerEntry>
        </property>
        <property name="lodPolygonSize" type="Float" container="StaticArray" arraySize="1">
          <containerEntry>-1</containerEntry>
        </property>
        <property name="drawRejectionLevel" type="Int32" container="StaticArray" arraySize="1">
          <containerEntry>8</containerEntry>
        </property>
        <property name="drawMode" type="Int32" container="StaticArray" arraySize="1">
          <containerEntry>0</containerEntry>
        </property>
        <property name="rejectFarRangeShadowCast" type="Int32" container="StaticArray" arraySize="1">
          <containerEntry>2</containerEntry>
        </property>
        <property name="parentLocator" type="EntityLink" container="StaticArray" arraySize="1">
          <containerEntry packagePathHash="0xB8A0BF169F98" archivePathHash="0xB8A0BF169F98" nameInArchiveHash="0xB8A0BF169F98">0x0</containerEntry>
        </property>
        <property name="transforms" type="Matrix4" container="DynamicArray" arraySize="11">
          <containerEntry r11="0.9063767" r12="0" r13="0.4224706" r14="0" r21="0" r22="1" r23="0" r24="0" r31="-0.4224706" r32="0" r33="0.9063767" r34="0" r41="-1568.9761" r42="521.9352" r43="-2234.5483" r44="1"></containerEntry>
          <containerEntry r11="0.98074335" r12="0" r13="-0.1953009" r14="0" r21="0" r22="1" r23="0" r24="0" r31="0.1953009" r32="0" r33="0.98074335" r34="0" r41="-1556.5073" r42="521.9352" r43="-2234.5483" r44="1"></containerEntry>
          <containerEntry r11="0.9551272" r12="-0.06484648" r13="0.2890105" r14="0" r21="0.07400734" r22="0.9970393" r23="-0.020871002" r24="0" r31="-0.28680143" r32="0.04132336" r33="0.9570984" r34="0" r41="-1618.1915" r42="522.1901" r43="-2264.4714" r44="1"></containerEntry>
          <containerEntry r11="0.8552036" r12="-0.03273648" r13="0.51725715" r14="0" r21="0.07450172" r22="0.9954034" r23="-0.06017919" r24="0" r31="-0.5129095" r32="0.09000203" r33="0.8537115" r34="0" r41="-1628.8689" r42="522.5099" r43="-2267.7593" r44="1"></containerEntry>
          <containerEntry r11="0.9758723" r12="-0.05900342" r13="0.21021847" r14="0" r21="0.08242615" r22="0.9911079" r23="-0.10445594" r24="0" r31="-0.20218591" r32="0.119263195" r33="0.9720581" r34="0" r41="-1639.2836" r42="523.1295" r43="-2269.8936" r44="1"></containerEntry>
          <containerEntry r11="0.74501413" r12="0.008369882" r13="-0.6669956" r14="0" r21="0.004435717" r22="0.99983704" r23="0.01750112" r24="0" r31="0.6670334" r32="-0.015997183" r33="0.7448556" r34="0" r41="-1649.995" r42="526.6614" r43="-2204.4873" r44="1"></containerEntry>
          <containerEntry r11="0.9986827" r12="-0.050437983" r13="0.0094316825" r14="0" r21="0.050908018" r22="0.99696016" r23="-0.058981225" r24="0" r31="-0.006428112" r32="0.059383675" r33="0.99821454" r34="0" r41="-1648.27" r42="523.5984" r43="-2270.132" r44="1"></containerEntry>
          <containerEntry r11="0.9544255" r12="-0.048335366" r13="0.29450876" r14="0" r21="0.08242541" r22="0.99110794" r23="-0.10445611" r24="0" r31="-0.28684103" r32="0.12397064" r33="0.94992274" r34="0" r41="-1632.9325" r42="528.66125" r43="-2287.6057" r44="1"></containerEntry>
          <containerEntry r11="0.7963545" r12="-0.018846914" r13="0.60453576" r14="0" r21="0.09073765" r22="0.99192536" r23="-0.08860428" r24="0" r31="-0.5979844" r32="0.12541464" r33="0.7916344" r34="0" r41="-1584.4557" r42="528.5932" r43="-2261.1843" r44="1"></containerEntry>
          <containerEntry r11="0.9711962" r12="-0.035678376" r13="0.23559447" r14="0" r21="0.059860554" r22="0.9935506" r23="-0.09630091" r24="0" r31="-0.23063914" r32="0.10762995" r33="0.96706825" r34="0" r41="-1549.0022" r42="526.9406" r43="-2243.2942" r44="1"></containerEntry>
