<fox formatVersion="2" fileVersion="0">
  <entities>
    <entity class="DataSet" classVersion="0" classID="0xE8" addr="0x33048B0" id="0x57F60C">
      <staticProperties>
        <property name="name" type="String" container="StaticArray" arraySize="1">
          <containerEntry hash="0xB8A0BF169F98"></containerEntry>
        </property>
        <property name="dataSet" type="EntityHandle" container="StaticArray" arraySize="1">
          <containerEntry>0x0</containerEntry>
        </property>
        <property name="dataList" type="EntityPtr" container="StringMap" arraySize="7">
          <containerEntry key="TppGimmickElectricCableLinkSetData0000">
            <data>0x3178AC0</data>
          </containerEntry>
          <containerEntry key="cypr_utpl001_vrtn001_gim_i0000|TppSharedGimmickData_cypr_utpl001_vrtn001">
            <data>0x317BCA0</data>
          </containerEntry>
          <containerEntry key="cypr_cabl002_vrtn001_gim_i0000|TppSharedGimmick_cypr_cabl002_vrtn001">
            <data>0x317BFB0</data>
          </containerEntry>
          <containerEntry key="StaticModelArray0000">
            <data>0x3300860</data>
          </containerEntry>
          <containerEntry key="StaticModelArray0001">
            <data>0x33008D0</data>
          </containerEntry>
          <containerEntry key="StaticModelArray0002">
            <data>0x317DD70</data>
          </containerEntry>
          <containerEntry key="TexturePackLoadConditioner0000">
            <data>0x3301270</data>
          </containerEntry>
        </property>
      </staticProperties>
      <dynamicProperties></dynamicProperties>
    </entity>
    <entity class="TppGimmickElectricCableLinkSetData" classVersion="0" classID="0xB0" addr="0x3178AC0" id="0x57F841">
      <staticProperties>
        <property name="name" type="String" container="StaticArray" arraySize="1">
          <containerEntry>TppGimmickElectricCableLinkSetData0000</containerEntry>
        </property>
        <property name="dataSet" type="EntityHandle" container="StaticArray" arraySize="1">
          <containerEntry>0x33048B0</containerEntry>
        </property>
        <property name="electricCableData" type="EntityLink" container="StaticArray" arraySize="1">
          <containerEntry packagePathHash="0xB8A0BF169F98" archivePath="/Assets/tpp/level/location/mafr/block_small/134/134_135/mafr_134_135_asset.fox2" nameInArchive="cypr_cabl002_vrtn001_gim_i0000|TppSharedGimmick_cypr_cabl002_vrtn001">0x0</containerEntry>
        </property>
        <property name="poleData" type="EntityLink" container="StaticArray" arraySize="1">
          <containerEntry packagePathHash="0xB8A0BF169F98" archivePath="/Assets/tpp/level/location/mafr/block_small/134/134_135/mafr_134_135_asset.fox2" nameInArchive="cypr_utpl001_vrtn001_gim_i0000|TppSharedGimmickData_cypr_utpl001_vrtn001">0x0</containerEntry>
        </property>
        <property name="electricCable" type="String" container="DynamicArray" arraySize="18">
          <containerEntry>cypr_cabl002_vrtn001_gim_n0001|srt_cypr_cabl002_vrtn001</containerEntry>
          <containerEntry>cypr_cabl002_vrtn001_gim_n0001|srt_cypr_cabl002_vrtn001</containerEntry>
          <containerEntry>cypr_cabl002_vrtn001_gim_n0002|srt_cypr_cabl002_vrtn001</containerEntry>
          <containerEntry>cypr_cabl002_vrtn001_gim_n0002|srt_cypr_cabl002_vrtn001</containerEntry>
          <containerEntry>cypr_cabl002_vrtn001_gim_n0003|srt_cypr_cabl002_vrtn001</containerEntry>
          <containerEntry>cypr_cabl002_vrtn001_gim_n0003|srt_cypr_cabl002_vrtn001</containerEntry>
          <containerEntry>cypr_cabl002_vrtn001_gim_n0004|srt_cypr_cabl002_vrtn001</containerEntry>
          <containerEntry>cypr_cabl002_vrtn001_gim_n0004|srt_cypr_cabl002_vrtn001</containerEntry>
          <containerEntry>cypr_cabl002_vrtn001_gim_n0005|srt_cypr_cabl002_vrtn001</containerEntry>
          <containerEntry>cypr_cabl002_vrtn001_gim_n0005|srt_cypr_cabl002_vrtn001</containerEntry>
          <containerEntry>cypr_cabl002_vrtn001_gim_n0006|srt_cypr_cabl002_vrtn001</containerEntry>
          <containerEntry>cypr_cabl002_vrtn001_gim_n0006|srt_cypr_cabl002_vrtn001</containerEntry>
          <containerEntry>cypr_cabl002_vrtn001_gim_n0000|srt_cypr_cabl002_vrtn001</containerEntry>
          <containerEntry>cypr_cabl002_vrtn001_gim_n0007|srt_cypr_cabl002_vrtn001</containerEntry>
          <containerEntry>cypr_cabl002_vrtn001_gim_n0008|srt_cypr_cabl002_vrtn001</containerEntry>
          <containerEntry>cypr_cabl002_vrtn001_gim_n0009|srt_cypr_cabl002_vrtn001</containerEntry>
          <containerEntry>cypr_cabl002_vrtn001_gim_n0010|srt_cypr_cabl002_vrtn001</containerEntry>
          <containerEntry>cypr_cabl002_vrtn001_gim_n0011|srt_cypr_cabl002_vrtn001</containerEntry>
        </property>
        <property name="pole" type="String" container="DynamicArray" arraySize="18">
          <containerEntry>cypr_utpl001_vrtn001_gim_n0001|srt_cypr_utpl001_vrtn001</containerEntry>
          <containerEntry>cypr_utpl001_vrtn001_gim_n0000|srt_cypr_utpl001_vrtn001</containerEntry>
          <containerEntry>cypr_utpl001_vrtn001_gim_n0001|srt_cypr_utpl001_vrtn001</containerEntry>
          <containerEntry>cypr_utpl001_vrtn001_gim_n0000|srt_cypr_utpl001_vrtn001</containerEntry>
          <containerEntry>cypr_utpl001_vrtn001_gim_n0001|srt_cypr_utpl001_vrtn001</containerEntry>
          <containerEntry>cypr_utpl001_vrtn001_gim_n0000|srt_cypr_utpl001_vrtn001</containerEntry>
          <containerEntry>cypr_utpl001_vrtn001_gim_n0002|srt_cypr_utpl001_vrtn001</containerEntry>
          <containerEntry>cypr_utpl001_vrtn001_gim_n0001|srt_cypr_utpl001_vrtn001</containerEntry>
          <containerEntry>cypr_utpl001_vrtn001_gim_n0002|srt_cypr_utpl001_vrtn001</containerEntry>
          <containerEntry>cypr_utpl001_vrtn001_gim_n0001|srt_cypr_utpl001_vrtn001</containerEntry>
          <containerEntry>cypr_utpl001_vrtn001_gim_n0002|srt_cypr_utpl001_vrtn001</containerEntry>
          <containerEntry>cypr_utpl001_vrtn001_gim_n0001|srt_cypr_utpl001_vrtn001</containerEntry>
          <containerEntry>cypr_utpl001_vrtn001_gim_n0000|srt_cypr_utpl001_vrtn001</containerEntry>
          <containerEntry>cypr_utpl001_vrtn001_gim_n0000|srt_cypr_utpl001_vrtn001</containerEntry>
          <containerEntry>cypr_utpl001_vrtn001_gim_n0000|srt_cypr_utpl001_vrtn001</containerEntry>
          <containerEntry>cypr_utpl001_vrtn001_gim_n0002|srt_cypr_utpl001_vrtn001</containerEntry>
          <containerEntry>cypr_utpl001_vrtn001_gim_n0002|srt_cypr_utpl001_vrtn001</containerEntry>
          <containerEntry>cypr_utpl001_vrtn001_gim_n0002|srt_cypr_utpl001_vrtn001</containerEntry>
        </property>
        <property name="cnpIndex" type="UInt8" container="DynamicArray" arraySize="18">
          <containerEntry>0</containerEntry>
          <containerEntry>0</containerEntry>
          <containerEntry>1</containerEntry>
          <containerEntry>1</containerEntry>
          <containerEntry>2</containerEntry>
          <containerEntry>2</containerEntry>
          <containerEntry>0</containerEntry>
          <containerEntry>0</containerEntry>
          <containerEntry>1</containerEntry>
          <containerEntry>1</containerEntry>
          <containerEntry>2</containerEntry>
          <containerEntry>2</containerEntry>
          <containerEntry>0</containerEntry>
          <containerEntry>1</containerEntry>
          <containerEntry>2</containerEntry>
          <containerEntry>0</containerEntry>
          <containerEntry>1</containerEntry>
          <containerEntry>2</containerEntry>
        </property>
      </staticProperties>
      <dynamicProperties></dynamicProperties>
    </entity>
    <entity class="TppSharedGimmickData" classVersion="1" classID="0xF0" addr="0x317BCA0" id="0xC619">
      <staticProperties>
        <property name="name" type="String" container="StaticArray" arraySize="1">
          <containerEntry>cypr_utpl001_vrtn001_gim_i0000|TppSharedGimmickData_cypr_utpl001_vrtn001</containerEntry>
        </property>
        <property name="dataSet" type="EntityHandle" container="StaticArray" arraySize="1">
          <containerEntry>0x33048B0</containerEntry>
        </property>
        <property name="modelFile" type="FilePtr" container="StaticArray" arraySize="1">
          <containerEntry>/Assets/tpp/environ/object/cyprus/utility_pole/cypr_utpl001/scenes/cypr_utpl001_vrtn001.fmdl</containerEntry>
        </property>
        <property name="geomFile" type="FilePtr" container="StaticArray" arraySize="1">
          <containerEntry>/Assets/tpp/environ/object/cyprus/utility_pole/cypr_utpl001/scenes/cypr_utpl001_vrtn001.geom</containerEntry>
        </property>
        <property name="breakedModelFile" type="FilePtr" container="StaticArray" arraySize="1">
          <containerEntry hash="0xB8A0BF169F98"></containerEntry>
        </property>
        <property name="breakedGeomFile" type="FilePtr" container="StaticArray" arraySize="1">
          <containerEntry hash="0xB8A0BF169F98"></containerEntry>
        </property>
        <property name="partsFile" type="FilePtr" container="StaticArray" arraySize="1">
          <containerEntry>/Assets/tpp/parts/environ/object/cyprus/utility_pole/cypr_utpl001/cypr_utpl001_vrtn001.parts</containerEntry>
        </property>
        <property name="numDynamicGimmick" type="UInt32" container="StaticArray" arraySize="1">
          <containerEntry>2</containerEntry>
        </property>
        <property name="locaterFile" type="FilePtr" container="StaticArray" arraySize="1">
          <containerEntry>/Assets/tpp/level/location/mafr/block_small/134/134_135/lba/cypr_utpl001_vrtn001.lba</containerEntry>
        </property>
        <property name="flags1" type="UInt32" container="StaticArray" arraySize="1">
          <containerEntry>284</containerEntry>
        </property>
        <property name="flags2" type="UInt32" container="StaticArray" arraySize="1">
          <containerEntry>0</containerEntry>
        </property>
      </staticProperties>
      <dynamicProperties></dynamicProperties>
    </entity>
    <entity class="TppSharedGimmickData" classVersion="1" classID="0xF0" addr="0x317BFB0" id="0xCF4">
      <staticProperties>
        <property name="name" type="String" container="StaticArray" arraySize="1">
          <containerEntry>cypr_cabl002_vrtn001_gim_i0000|TppSharedGimmick_cypr_cabl002_vrtn001</containerEntry>
        </property>
        <property name="dataSet" type="EntityHandle" container="StaticArray" arraySize="1">
          <containerEntry>0x33048B0</containerEntry>
        </property>
        <property name="modelFile" type="FilePtr" container="StaticArray" arraySize="1">
          <containerEntry>/Assets/tpp/environ/object/cyprus/cable/cypr_cabl002/scenes/cypr_cabl002_vrtn001_fl.fmdl</containerEntry>
        </property>
        <property name="geomFile" type="FilePtr" container="StaticArray" arraySize="1">
          <containerEntry hash="0xB8A0BF169F98"></containerEntry>
        </property>
        <property name="breakedModelFile" type="FilePtr" container="StaticArray" arraySize="1">
          <containerEntry hash="0xB8A0BF169F98"></containerEntry>
        </property>
        <property name="breakedGeomFile" type="FilePtr" container="StaticArray" arraySize="1">
          <containerEntry hash="0xB8A0BF169F98"></containerEntry>
        </property>
        <property name="partsFile" type="FilePtr" container="StaticArray" arraySize="1">
          <containerEntry>/Assets/tpp/parts/environ/object/cyprus/cable/cypr_cabl002/cypr_cabl002_vrtn001.parts</containerEntry>
        </property>
        <property name="numDynamicGimmick" type="UInt32" container="StaticArray" arraySize="1">
          <containerEntry>6</containerEntry>
        </property>
        <property name="locaterFile" type="FilePtr" container="StaticArray" arraySize="1">
          <containerEntry>/Assets/tpp/level/location/mafr/block_small/134/134_135/lba/cypr_cabl002_vrtn001_scl.lba</containerEntry>
        </property>
        <property name="flags1" type="UInt32" container="StaticArray" arraySize="1">
          <containerEntry>274</containerEntry>
        </property>
        <property name="flags2" type="UInt32" container="StaticArray" arraySize="1">
          <containerEntry>0</containerEntry>
        </property>
      </staticProperties>
      <dynamicProperties></dynamicProperties>
    </entity>
    <entity class="StaticModelArray" classVersion="4" classID="0xD0" addr="0x3300860" id="0x0">
      <staticProperties>
        <property name="name" type="String" container="StaticArray" arraySize="1">
          <containerEntry>StaticModelArray0000</containerEntry>
        </property>
        <property name="dataSet" type="EntityHandle" container="StaticArray" arraySize="1">
          <containerEntry>0x33048B0</containerEntry>
        </property>
        <property name="modelFile" type="FilePtr" container="StaticArray" arraySize="1">
          <containerEntry hash="0xB8A0BF169F98"></containerEntry>
        </property>
        <property name="geomFile" type="FilePtr" container="StaticArray" arraySize="1">
          <containerEntry>/Assets/tpp/environ/object/cyprus/utility_pole/cypr_utpl001/scenes/cypr_utpl001_vrtn001_pc.geom</containerEntry>
        </property>
        <property name="isVisibleGeom" type="Bool" container="StaticArray" arraySize="1">
          <containerEntry>false</containerEntry>
        </property>
        <property name="lodFarSize" type="Float" container="StaticArray" arraySize="1">
          <containerEntry>-1</containerEntry>
        </property>
        <property name="lodNearSize" type="Float" container="StaticArray" arraySize="1">
          <containerEntry>-1</containerEntry>
        </property>
        <property name="lodPolygonSize" type="Float" container="StaticArray" arraySize="1">
          <containerEntry>-1</containerEntry>
        </property>
        <property name="drawRejectionLevel" type="Int32" container="StaticArray" arraySize="1">
          <containerEntry>8</containerEntry>
        </property>
        <property name="drawMode" type="Int32" container="StaticArray" arraySize="1">
          <containerEntry>0</containerEntry>
        </property>
        <property name="rejectFarRangeShadowCast" type="Int32" container="StaticArray" arraySize="1">
          <containerEntry>2</containerEntry>
        </property>
        <property name="parentLocator" type="EntityLink" container="StaticArray" arraySize="1">
          <containerEntry packagePathHash="0xB8A0BF169F98" archivePathHash="0xB8A0BF169F98" nameInArchiveHash="0xB8A0BF169F98">0x0</containerEntry>
        </property>
        <property name="transforms" type="Matrix4" container="DynamicArray" arraySize="3">
          <containerEntry r11="0.0841136" r12="0" r13="-0.9964561" r14="0" r21="0" r22="1" r23="0" r24="0" r31="0.9964561" r32="0" r33="0.0841136" r34="0" r41="147.7516" r42="-6.441727" r43="358.90982" r44="1"></containerEntry>
          <containerEntry r11="0.0841136" r12="0" r13="-0.9964561" r14="0" r21="0" r22="1" r23="0" r24="0" r31="0.9964561" r32="0" r33="0.0841136" r34="0" r41="191.40317" r42="-6.441727" r43="369.31006" r44="1"></containerEntry>
          <containerEntry r11="0.0841136" r12="0" r13="-0.9964561" r14="0" r21="0" r22="1" r23="0" r24="0" r31="0.9964561" r32="0" r33="0.0841136" r34="0" r41="241.9118" r42="-6.441727" r43="366.43463" r44="1"></containerEntry>
        </property>
        <property name="colors" type="UInt32" container="DynamicArray" arraySize="3">
          <containerEntry>4294967295</containerEntry>
          <containerEntry>4294967295</containerEntry>
          <containerEntry>4294967295</containerEntry>
        </property>
      </staticProperties>
      <dynamicProperties></dynamicProperties>
    </entity>
    <entity class="StaticModelArray" classVersion="4" classID="0xD0" addr="0x33008D0" id="0x0">
      <staticProperties>
        <property name="name" type="String" container="StaticArray" arraySize="1">
          <containerEntry>StaticModelArray0001</containerEntry>
        </property>
        <property name="dataSet" type="EntityHandle" container="StaticArray" arraySize="1">
          <containerEntry>0x33048B0</containerEntry>
        </property>
        <property name="modelFile" type="FilePtr" container="StaticArray" arraySize="1">
          <containerEntry>/Assets/tpp/environ/object/middle_africa/mud/mafr_mudd003/scenes/mafr_mudd003.fmdl</containerEntry>
        </property>
        <property name="geomFile" type="FilePtr" container="StaticArray" arraySize="1">
          <containerEntry>/Assets/tpp/environ/object/middle_africa/mud/mafr_mudd003/scenes/mafr_mudd003.geom</containerEntry>
        </property>
        <property name="isVisibleGeom" type="Bool" container="StaticArray" arraySize="1">
          <containerEntry>false</containerEntry>
        </property>
        <property name="lodFarSize" type="Float" container="StaticArray" arraySize="1">
          <containerEntry>-1</containerEntry>
        </property>
        <property name="lodNearSize" type="Float" container="StaticArray" arraySize="1">
          <containerEntry>-1</containerEntry>
        </property>
        <property name="lodPolygonSize" type="Float" container="StaticArray" arraySize="1">
          <containerEntry>-1</containerEntry>
        </property>
        <property name="drawRejectionLevel" type="Int32" container="StaticArray" arraySize="1">
          <containerEntry>8</containerEntry>
        </property>
        <property name="drawMode" type="Int32" container="StaticArray" arraySize="1">
          <containerEntry>0</containerEntry>
        </property>
        <property name="rejectFarRangeShadowCast" type="Int32" container="StaticArray" arraySize="1">
          <containerEntry>2</containerEntry>
        </property>
        <property name="parentLocator" type="EntityLink" container="StaticArray" arraySize="1">
          <containerEntry packagePathHash="0xB8A0BF169F98" archivePathHash="0xB8A0BF169F98" nameInArchiveHash="0xB8A0BF169F98">0x0</containerEntry>
        </property>
        <property name="transforms" type="Matrix4" container="DynamicArray" arraySize="55">
          <containerEntry r11="-0.9084516" r12="-0.0044168616" r13="0.41796342" r14="0" r21="-0.004624811" r22="0.99998915" r23="0.00051534444" r24="0" r31="-0.41796115" r32="-0.0014648363" r33="-0.9084622" r34="0" r41="167.65608" r42="-7.559878" r43="304.07797" r44="1"></containerEntry>
          <containerEntry r11="0.9422203" r12="-0.036838505" r13="-0.3329684" r14="0" r21="0.0069465414" r22="0.9958702" r23="-0.09052264" r24="0" r31="0.33492804" r32="0.08297928" r33="0.9385849" r34="0" r41="210.96594" r42="-7.537382" r43="270.56955" r44="1"></containerEntry>
          <containerEntry r11="-0.6039583" r12="0.013096237" r13="0.7969116" r14="0" r21="0.11760068" r22="0.99038523" r23="0.07285057" r24="0" r31="-0.7882954" r32="0.13771583" r33="-0.5996915" r34="0" r41="149.31891" r42="-7.153091" r43="280.32553" r44="1"></containerEntry>
          <containerEntry r11="0.8741698" r12="-0.018029684" r13="0.48528478" r14="0" r21="0.021113375" r22="0.9997767" r23="-0.000888153" r24="0" r31="-0.48516038" r32="0.011022426" r33="0.8743553" r34="0" r41="208.64793" r42="-7.256182" r43="331.41574" r44="1"></containerEntry>
          <containerEntry r11="-0.9819342" r12="0.013810646" r13="-0.1887089" r14="0" r21="0.010541702" r22="0.99977666" r23="0.018315427" r24="0" r31="0.1889197" r32="0.01599526" r33="-0.98186046" r34="0" r41="214.80055" r42="-7.291904" r43="339.26096" r44="1"></containerEntry>
          <containerEntry r11="0.0923076" r12="0.03324652" r13="-0.99517584" r14="0" r21="-0.006479731" r22="0.9994413" r23="0.03278798" r24="0" r31="0.9957099" r32="0.0034219115" r33="0.09247145" r34="0" r41="160.92773" r42="-7.337724" r43="304.6371" r44="1"></containerEntry>
          <containerEntry r11="0.09984991" r12="0.043094017" r13="-0.9940698" r14="0" r21="0.10954668" r22="0.9925121" r23="0.05402997" r24="0" r31="0.98895466" r32="-0.11429194" r33="0.09438142" r34="0" r41="137.85684" r42="-6.987789" r43="298.15536" r44="1"></containerEntry>
          <containerEntry r11="-0.4307937" r12="0.01050765" r13="0.9023895" r14="0" r21="0.1252693" r22="0.99094814" r23="0.048263807" r24="0" r31="-0.8937141" r32="0.13383354" r33="-0.4282105" r34="0" r41="139.52516" r42="-6.981949" r43="291.79272" r44="1"></containerEntry>
          <containerEntry r11="-0.048724666" r12="-0.0044167945" r13="0.99880195" r14="0" r21="-0.0016774619" r22="0.99998915" r23="0.0043402156" r24="0" r31="-0.9988103" r32="-0.0014639779" r33="-0.048731577" r34="0" r41="170.02724" r42="-7.2650332" r43="300.5039" r44="1"></containerEntry>
          <containerEntry r11="0.9688466" r12="-0.0044172285" r13="0.24761814" r14="0" r21="0.003917087" r22="0.99998915" r23="0.002512436" r24="0" r31="-0.24762654" r32="-0.0014642237" r33="0.9688534" r34="0" r41="167.6854" r42="-7.273686" r43="296.08627" r44="1"></containerEntry>
          <containerEntry r11="-0.29537144" r12="-0.004417478" r13="0.9553721" r14="0" r21="-0.0027032902" r22="0.9999892" r23="0.0037880116" r24="0" r31="-0.95537853" r32="-0.0014637795" r33="-0.29538018" r34="0" r41="163.02072" r42="-7.273686" r43="297.9151" r44="1"></containerEntry>
          <containerEntry r11="0.15425068" r12="-0.0044170236" r13="0.988022" r14="0" r21="-0.0007644583" r22="0.9999892" r23="0.004589879" r24="0" r31="-0.98803157" r32="-0.0014632978" r33="0.15424564" r34="0" r41="175.6573" r42="-7.380942" r43="288.78333" r44="1"></containerEntry>
          <containerEntry r11="-0.9253758" r12="-0.03647828" r13="-0.37729597" r14="0" r21="-0.022456113" r22="0.99888617" r23="-0.04149896" r24="0" r31="0.37838954" r32="-0.029929435" r33="-0.9251643" r34="0" r41="178.72827" r42="-7.380942" r43="292.84805" r44="1"></containerEntry>
          <containerEntry r11="-0.7607523" r12="-0.036477745" r13="-0.6480186" r14="0" r21="-0.008335365" r22="0.99888617" r23="-0.046443157" r24="0" r31="0.648991" r32="-0.02993016" r33="-0.760209" r34="0" r41="184.81604" r42="-7.380942" r43="295.4544" r44="1"></containerEntry>
          <containerEntry r11="-0.7607523" r12="-0.036477707" r13="-0.6480168" r14="0" r21="-0.008335405" r22="0.99888617" r23="-0.046443135" r24="0" r31="0.6489892" r32="-0.029930184" r33="-0.760209" r34="0" r41="187.97858" r42="-7.380942" r43="298.76822" r44="1"></containerEntry>
          <containerEntry r11="0.032547727" r12="-0.036478385" r13="0.99880546" r14="0" r21="-0.02874548" r22="0.99888617" r23="0.037418198" r24="0" r31="-0.99905795" r32="-0.029929036" r33="0.031462874" r34="0" r41="187.24377" r42="-7.380942" r43="290.1634" r44="1"></containerEntry>
          <containerEntry r11="-0.6326114" r12="-0.014391794" r13="-0.7743377" r14="0" r21="0.00010273326" r22="0.9998257" r23="-0.01866666" r24="0" r31="0.77447146" r32="-0.011888242" r33="-0.6324997" r34="0" r41="189.14804" r42="-7.420938" r43="282.4056" r44="1"></containerEntry>
          <containerEntry r11="-0.35674965" r12="-0.0044172485" r13="0.93419087" r14="0" r21="-0.0029427488" r22="0.9999892" r23="0.0036046042" r24="0" r31="-0.9341967" r32="-0.0014631517" r33="-0.35675877" r34="0" r41="182.9659" r42="-7.420938" r43="272.45792" r44="1"></containerEntry>
          <containerEntry r11="0.358784" r12="-0.004418225" r13="-0.9334099" r14="0" r21="0.0029505924" r22="0.99998915" r23="-0.0035992265" r24="0" r31="0.9334158" r32="-0.0014627612" r33="0.35879314" r34="0" r41="179.21071" r42="-7.420938" r43="276.2807" r44="1"></containerEntry>
          <containerEntry r11="-0.662546" r12="0.03324607" r13="-0.7482828" r14="0" r21="0.019475924" r22="0.9994413" r23="0.02716054" r24="0" r31="0.74876773" r32="0.0034216284" r33="-0.6628233" r34="0" r41="162.79198" r42="-7.337724" r43="308.97314" r44="1"></containerEntry>
          <containerEntry r11="0.6526721" r12="-0.0084488755" r13="0.75759447" r14="0" r21="0.03512691" r22="0.9991999" r23="-0.019118715" r24="0" r31="-0.7568269" r32="0.03909021" r33="0.65244675" r34="0" r41="167.97035" r42="-7.37772" r43="327.0232" r44="1"></containerEntry>
          <containerEntry r11="0.76339483" r12="0.009221572" r13="-0.6458671" r14="0" r21="0.0038883958" r22="0.99981433" r23="0.018871097" r24="0" r31="0.64592123" r32="-0.016917482" r33="0.7632173" r34="0" r41="152.58507" r42="-7.33764" r43="311.17" r44="1"></containerEntry>
          <containerEntry r11="0.40321517" r12="0.03324662" r13="-0.9145019" r14="0" r21="-0.016546164" r22="0.9994413" r23="0.02903917" r24="0" r31="0.91495645" r32="0.003422476" r33="0.40354" r34="0" r41="179.74707" r42="-7.337724" r43="309.1124" r44="1"></containerEntry>
          <containerEntry r11="-0.37177312" r12="0.033246722" r13="-0.9277291" r14="0" r21="0.009189134" r22="0.9994413" r23="0.032134246" r24="0" r31="0.92827916" r32="0.00342162" r33="-0.37187093" r34="0" r41="179.2908" r42="-7.337725" r43="315.34543" r44="1"></containerEntry>
          <containerEntry r11="-0.17136419" r12="0.0332472" r13="0.98464775" r14="0" r21="0.009073721" r22="0.9994413" r23="-0.03216756" r24="0" r31="-0.98516715" r32="0.003422053" r33="-0.1715701" r34="0" r41="185.76833" r42="-7.337725" r43="312.86356" r44="1"></containerEntry>
          <containerEntry r11="0.31222528" r12="-0.018029038" r13="-0.9498345" r14="0" r21="-0.004843102" r22="0.9997767" r23="-0.020568922" r24="0" r31="0.9499933" r32="0.01102225" r33="0.31206828" r34="0" r41="205.30522" r42="-7.275164" r43="330.76495" r44="1"></containerEntry>
          <containerEntry r11="0.7865315" r12="-0.018030006" r13="0.6172858" r14="0" r21="0.02098845" r22="0.9997767" r23="0.0024590106" r24="0" r31="-0.6171923" r32="0.011021825" r33="0.7867343" r34="0" r41="205.14656" r42="-7.31516" r43="335.50632" r44="1"></containerEntry>
          <containerEntry r11="-0.98193026" r12="0.013810633" r13="-0.18870871" r14="0" r21="0.010541689" r22="0.99977666" r23="0.01831541" r24="0" r31="0.1889195" r32="0.015995244" r33="-0.9818565" r34="0" r41="209.15814" r42="-7.3319" r43="339.26096" r44="1"></containerEntry>
          <containerEntry r11="-0.5405207" r12="0.013811179" r13="-0.841213" r14="0" r21="-0.0059936615" r22="0.99977666" r23="0.020265706" r24="0" r31="0.841305" r32="0.015996065" r33="-0.5403172" r34="0" r41="209.28722" r42="-7.310191" r43="335.64728" r44="1"></containerEntry>
          <containerEntry r11="0.27023423" r12="0.013810517" r13="0.962696" r14="0" r21="0.011668524" r22="0.9997767" r23="-0.017617902" r24="0" r31="-0.9627244" r32="0.0159942" r33="0.27001274" r34="0" r41="209.81137" r42="-7.380503" r43="345.65814" r44="1"></containerEntry>
          <containerEntry r11="0.8601465" r12="-0.011589308" r13="-0.50991446" r14="0" r21="0.0056191785" r22="0.99989647" r23="-0.013246873" r24="0" r31="0.5100152" r32="0.0085289385" r33="0.8601226" r34="0" r41="205.67247" r42="-7.380502" r43="349.9994" r44="1"></containerEntry>
          <containerEntry r11="0.9965719" r12="-0.018030787" r13="0.08074265" r14="0" r21="0.018861054" r22="0.99977666" r23="-0.009531932" r24="0" r31="-0.08055275" r32="0.011022149" r33="0.9966894" r34="0" r41="201.30487" r42="-7.3151603" r43="348.3166" r44="1"></containerEntry>
          <containerEntry r11="-0.99929756" r12="-0.018031115" r13="-0.032801446" r14="0" r21="-0.018381963" r22="0.99977666" r23="0.010426138" r24="0" r31="0.03260613" r32="0.011021787" r33="-0.99940586" r34="0" r41="197.19623" r42="-7.3151603" r43="344.8145" r44="1"></containerEntry>
          <containerEntry r11="0.50953114" r12="0.033246968" r13="0.8598098" r14="0" r21="-0.014004321" r22="0.9994413" r23="-0.030347085" r24="0" r31="-0.8603384" r32="0.003421688" r33="0.5097121" r34="0" r41="185.76833" r42="-7.37772" r43="332.98297" r44="1"></containerEntry>
          <containerEntry r11="-0.38501775" r12="0.03324751" r13="-0.92231077" r14="0" r21="0.0096491" r22="0.9994413" r23="0.031999893" r24="0" r31="0.9228594" r32="0.0034210668" r33="-0.38512343" r34="0" r41="184.4367" r42="-7.217193" r43="329.90186" r44="1"></containerEntry>
          <containerEntry r11="-0.17005786" r12="0.033247333" r13="0.98487365" r14="0" r21="0.00903162" r22="0.99944127" r23="-0.0321796" r24="0" r31="-0.9853933" r32="0.0034226007" r33="-0.17026316" r34="0" r41="185.76833" r42="-7.37772" r43="338.14575" r44="1"></containerEntry>
          <containerEntry r11="0.15722664" r12="0.040314313" r13="0.9867374" r14="0" r21="-0.022474457" r22="0.9990537" r23="-0.03723637" r24="0" r31="-0.9873048" r32="-0.016322022" r33="0.15798387" r34="0" r41="176.28171" r42="-7.410811" r43="335.41602" r44="1"></containerEntry>
          <containerEntry r11="0.89683115" r12="-0.0016982371" r13="0.44237202" r14="0" r21="0.0111482795" r22="0.9997618" r23="-0.018763166" r24="0" r31="-0.4422348" r32="0.021759076" r33="0.8966365" r34="0" r41="172.34753" r42="-7.112769" r43="330.76892" r44="1"></containerEntry>
          <containerEntry r11="0.13008529" r12="0.033246744" r13="0.99094576" r14="0" r21="-0.0009327363" r22="0.9994413" r23="-0.03340931" r24="0" r31="-0.99150294" r32="0.003421756" r33="0.13004363" r34="0" r41="182.47609" r42="-7.284794" r43="323.28143" r44="1"></containerEntry>
          <containerEntry r11="-0.9455403" r12="0.033247154" r13="-0.3237959" r14="0" r21="0.030344332" r22="0.9994413" r23="0.01401094" r24="0" r31="0.32408082" r32="0.0034225653" r33="-0.9460209" r34="0" r41="189.44601" r42="-7.37772" r43="334.81448" r44="1"></containerEntry>
          <containerEntry r11="-0.9691013" r12="0.013811384" r13="0.24628086" r14="0" r21="0.017324481" r22="0.99977666" r23="0.01210349" r24="0" r31="-0.24605869" r32="0.015996179" r33="-0.96912414" r34="0" r41="225.57527" r42="-7.291904" r43="338.15234" r44="1"></containerEntry>
          <containerEntry r11="0.023059854" r12="0.013809993" r13="-0.99963504" r14="0" r21="-0.016311795" r22="0.99977666" r23="0.013435674" r24="0" r31="0.9995974" r32="0.015996126" r33="0.023279965" r34="0" r41="235.4798" r42="-7.291904" r43="339.73514" r44="1"></containerEntry>
          <containerEntry r11="0.4255594" r12="0.0016482086" r13="0.90492696" r14="0" r21="0.010472227" r22="0.9999224" r23="-0.006745955" r24="0" r31="-0.9048678" r32="0.012347423" r33="0.4255091" r34="0" r41="235.4798" r42="-7.291904" r43="332.8824" r44="1"></containerEntry>
          <containerEntry r11="-0.16542773" r12="-0.039811403" r13="0.9854156" r14="0" r21="0.0079612825" r22="0.9990984" r23="0.04170064" r24="0" r31="-0.98618734" r32="0.014743731" r33="-0.16496164" r34="0" r41="235.4798" r42="-7.370368" r43="317.71378" r44="1"></containerEntry>
          <containerEntry r11="0.4018948" r12="-0.039811157" r13="0.9148202" r14="0" r21="0.029520126" r22="0.9990984" r23="0.030510124" r24="0" r31="-0.9152101" r32="0.0147437295" r33="0.4027077" r34="0" r41="235.4798" r42="-7.330372" r43="322.94113" r44="1"></containerEntry>
          <containerEntry r11="0.8362306" r12="-0.013745474" r13="0.5482059" r14="0" r21="0.016387403" r22="0.9998657" r23="7.292349e-05" r24="0" r31="-0.5481333" r32="0.008922683" r33="0.8363435" r34="0" r41="233.64992" r42="-7.270256" r43="307.96085" r44="1"></containerEntry>
          <containerEntry r11="0.18981124" r12="0.026559407" r13="0.9814583" r14="0" r21="-0.0420162" r22="0.998938" r23="-0.018906672" r24="0" r31="-0.98091817" r32="-0.03764865" r33="0.19072562" r34="0" r41="236.57678" r42="-7.213902" r43="296.387" r44="1"></containerEntry>
          <containerEntry r11="0.48285306" r12="0.026559066" r13="0.87529624" r14="0" r21="-0.045796517" r22="0.998938" r23="-0.005047377" r24="0" r31="-0.87450075" r32="-0.037648544" r33="0.48355657" r34="0" r41="236.16309" r42="-7.249446" r43="290.96286" r44="1"></containerEntry>
          <containerEntry r11="-0.79973114" r12="0.026558936" r13="-0.5997725" r14="0" r21="0.04382839" r22="0.998938" r23="-0.014205639" r24="0" r31="0.5987583" r32="-0.037647724" r33="-0.8000459" r34="0" r41="226.4441" r42="-7.460087" r43="280.41235" r44="1"></containerEntry>
          <containerEntry r11="-0.96624833" r12="-0.0066996715" r13="-0.25751948" r14="0" r21="0.0009454875" r22="0.99956274" r23="-0.029552378" r24="0" r31="0.2576049" r32="-0.028798461" r33="-0.96581954" r34="0" r41="215.77026" r42="-7.26896" r43="269.94592" r44="1"></containerEntry>
          <containerEntry r11="0.47258228" r12="0.052756626" r13="0.87970644" r14="0" r21="-0.08375208" r22="0.9963773" r23="-0.014761444" r24="0" r31="-0.8772983" r32="-0.06670119" r33="0.47528875" r34="0" r41="220.64635" r42="-7.26896" r43="275.20834" r44="1"></containerEntry>
          <containerEntry r11="-0.99680525" r12="0.0027774845" r13="-0.07978986" r14="0" r21="-1.2828968e-07" r22="0.99939466" r23="0.034790494" r24="0" r31="0.07983819" r32="0.034679417" r33="-0.9962018" r34="0" r41="186.92259" r42="-7.315607" r43="274.1872" r44="1"></containerEntry>
          <containerEntry r11="-0.8485925" r12="0.06998416" r13="0.5243923" r14="0" r21="0.070361525" r22="0.997336" r23="-0.01923974" r24="0" r31="-0.52434176" r32="0.020570341" r33="-0.8512561" r34="0" r41="145.59264" r42="-7.377636" r43="312.53732" r44="1"></containerEntry>
          <containerEntry r11="-0.97071666" r12="0.069985025" r13="-0.22979388" r14="0" r21="0.06333819" r22="0.9973359" r23="0.036184087" r24="0" r31="0.23171404" r32="0.020569885" r33="-0.9725633" r34="0" r41="139.50586" r42="-7.439186" r43="311.1017" r44="1"></containerEntry>
          <containerEntry r11="-0.16542773" r12="-0.039811473" r13="0.9854186" r14="0" r21="0.007961355" r22="0.9990984" r23="0.04170068" r24="0" r31="-0.9861904" r32="0.01474369" r33="-0.16496164" r34="0" r41="231.65689" r42="-7.213902" r43="304.0923" r44="1"></containerEntry>
        </property>
        <property name="colors" type="UInt32" container="DynamicArray" arraySize="55">
          <containerEntry>4294967295</containerEntry>
          <containerEntry>4294967295</containerEntry>
          <containerEntry>4294967295</containerEntry>
          <containerEntry>4294967295</containerEntry>
          <containerEntry>4294967295</containerEntry>
          <containerEntry>4294967295</containerEntry>
          <containerEntry>4294967295</containerEntry>
          <containerEntry>4294967295</containerEntry>
          <containerEntry>4294967295</containerEntry>
          <containerEntry>4294967295</containerEntry>
          <containerEntry>4294967295</containerEntry>
          <containerEntry>4294967295</containerEntry>
          <containerEntry>4294967295</containerEntry>
          <containerEntry>4294967295</containerEntry>
          <containerEntry>4294967295</containerEntry>
          <containerEntry>4294967295</containerEntry>
          <containerEntry>4294967295</containerEntry>
          <containerEntry>4294967295</containerEntry>
          <containerEntry>4294967295</containerEntry>
          <containerEntry>4294967295</containerEntry>
          <containerEntry>4294967295</containerEntry>
          <containerEntry>4294967295</containerEntry>
          <containerEntry>4294967295</containerEntry>
          <containerEntry>4294967295</containerEntry>
          <containerEntry>4294967295</containerEntry>
          <containerEntry>4294967295</containerEntry>
          <containerEntry>4294967295</containerEntry>
          <containerEntry>4294967295</containerEntry>
          <containerEntry>4294967295</containerEntry>
          <containerEntry>4294967295</containerEntry>
          <containerEntry>4294967295</containerEntry>
          <containerEntry>4294967295</containerEntry>
          <containerEntry>4294967295</containerEntry>
          <containerEntry>4294967295</containerEntry>
          <containerEntry>4294967295</containerEntry>
          <containerEntry>4294967295</containerEntry>
          <containerEntry>4294967295</containerEntry>
          <containerEntry>4294967295</containerEntry>
          <containerEntry>4294967295</containerEntry>
          <containerEntry>4294967295</containerEntry>
          <containerEntry>4294967295</containerEntry>
          <containerEntry>4294967295</containerEntry>
          <containerEntry>4294967295</containerEntry>
          <containerEntry>4294967295</containerEntry>
          <containerEntry>4294967295</containerEntry>
          <containerEntry>4294967295</containerEntry>
          <containerEntry>4294967295</containerEntry>
          <containerEntry>4294967295</containerEntry>
          <containerEntry>4294967295</containerEntry>
          <containerEntry>4294967295</containerEntry>
          <containerEntry>4294967295</containerEntry>
          <containerEntry>4294967295</containerEntry>
          <containerEntry>4294967295</containerEntry>
          <containerEntry>4294967295</containerEntry>
          <containerEntry>4294967295</containerEntry>
        </property>
      </staticProperties>
      <dynamicProperties></dynamicProperties>
    </entity>
    <entity class="StaticModelArray" classVersion="4" classID="0xD0" addr="0x317DD70" id="0x0">
      <staticProperties>
        <property name="name" type="String" container="StaticArray" arraySize="1">
          <containerEntry>StaticModelArray0002</containerEntry>
        </property>
        <property name="dataSet" type="EntityHandle" container="StaticArray" arraySize="1">
          <containerEntry>0x33048B0</containerEntry>
        </property>
        <property name="modelFile" type="FilePtr" container="StaticArray" arraySize="1">
          <containerEntry>/Assets/tpp/environ/object/middle_africa/mud/mafr_mudd003/scenes/mafr_mudd003_rock001.fmdl</containerEntry>
        </property>
        <property name="geomFile" type="FilePtr" container="StaticArray" arraySize="1">
          <containerEntry>/Assets/tpp/environ/object/middle_africa/mud/mafr_mudd003/scenes/mafr_mudd003_rock001.geom</containerEntry>
        </property>
        <property name="isVisibleGeom" type="Bool" container="StaticArray" arraySize="1">
          <containerEntry>false</containerEntry>
        </property>
        <property name="lodFarSize" type="Float" container="StaticArray" arraySize="1">
          <containerEntry>-1</containerEntry>
        </property>
        <property name="lodNearSize" type="Float" container="StaticArray" arraySize="1">
          <containerEntry>-1</containerEntry>
        </property>
        <property name="lodPolygonSize" type="Float" container="StaticArray" arraySize="1">
          <containerEntry>-1</containerEntry>
        </property>
        <property name="drawRejectionLevel" type="Int32" container="StaticArray" arraySize="1">
          <containerEntry>8</containerEntry>
        </property>
        <property name="drawMode" type="Int32" container="StaticArray" arraySize="1">
          <containerEntry>0</containerEntry>
        </property>
        <property name="rejectFarRangeShadowCast" type="Int32" container="StaticArray" arraySize="1">
          <containerEntry>2</containerEntry>
        </property>
        <property name="parentLocator" type="EntityLink" container="StaticArray" arraySize="1">
          <containerEntry packagePathHash="0xB8A0BF169F98" archivePathHash="0xB8A0BF169F98" nameInArchiveHash="0xB8A0BF169F98">0x0</containerEntry>
        </property>
        <property name="transforms" type="Matrix4" container="DynamicArray" arraySize="5">
          <containerEntry r11="0.13008802" r12="-0.053514596" r13="-0.99005026" r14="0" r21="-0.13488512" r22="0.78624386" r23="-0.06022023" r24="0" r31="0.9770543" r32="0.17672203" r33="0.11882824" r34="0" r41="202.92323" r42="-9.907799" r43="260.11176" r44="1"></containerEntry>
          <containerEntry r11="-0.87434375" r12="0.27718413" r13="-0.39832133" r14="0" r21="0.22684942" r22="0.7663491" r23="0.035327222" r24="0" r31="0.39380664" r32="-0.074338794" r33="-0.91616446" r34="0" r41="206.28186" r42="-9.963867" r43="267.3904" r44="1"></containerEntry>
