<fox formatVersion="2" fileVersion="0">
  <entities>
    <entity class="DataSet" classVersion="0" classID="0xE8" addr="0x2F53730" id="0xA2A22">
      <staticProperties>
        <property name="name" type="String" container="StaticArray" arraySize="1">
          <containerEntry hash="0xB8A0BF169F98"></containerEntry>
        </property>
        <property name="dataSet" type="EntityHandle" container="StaticArray" arraySize="1">
          <containerEntry>0x0</containerEntry>
        </property>
        <property name="dataList" type="EntityPtr" container="StringMap" arraySize="12">
          <containerEntry key="afgh_road003_vrtn004_0005">
            <data>0x2F538F0</data>
          </containerEntry>
          <containerEntry key="afgh_rock010_vrtn001_0021">
            <data>0x2D78820</data>
          </containerEntry>
          <containerEntry key="StaticModelArray0000">
            <data>0x2D7D7C0</data>
          </containerEntry>
          <containerEntry key="StaticModelArray0001">
            <data>0x2D7E1D0</data>
          </containerEntry>
          <containerEntry key="StaticModelArray0002">
            <data>0x2D7DD70</data>
          </containerEntry>
          <containerEntry key="StaticModelArray0003">
            <data>0x2D7DFA0</data>
          </containerEntry>
          <containerEntry key="StaticModelArray0004">
            <data>0x2D7DAD0</data>
          </containerEntry>
          <containerEntry key="StaticModelArray0005">
            <data>0x2D7D600</data>
          </containerEntry>
          <containerEntry key="StaticModelArray0006">
            <data>0x2D7AD50</data>
          </containerEntry>
          <containerEntry key="StaticModelArray0007">
            <data>0x2D7D590</data>
          </containerEntry>
          <containerEntry key="StaticModelArray0008">
            <data>0x2D7D6E0</data>
          </containerEntry>
          <containerEntry key="TexturePackLoadConditioner0000">
            <data>0x2D7E780</data>
          </containerEntry>
        </property>
      </staticProperties>
      <dynamicProperties></dynamicProperties>
    </entity>
    <entity class="StaticModel" classVersion="9" classID="0x160" addr="0x2F538F0" id="0xA2A2B">
      <staticProperties>
        <property name="name" type="String" container="StaticArray" arraySize="1">
          <containerEntry>afgh_road003_vrtn004_0005</containerEntry>
        </property>
        <property name="dataSet" type="EntityHandle" container="StaticArray" arraySize="1">
          <containerEntry>0x2F53730</containerEntry>
        </property>
        <property name="parent" type="EntityHandle" container="StaticArray" arraySize="1">
          <containerEntry>0x0</containerEntry>
        </property>
        <property name="transform" type="EntityPtr" container="StaticArray" arraySize="1">
          <containerEntry>0x2F53B20</containerEntry>
        </property>
        <property name="shearTransform" type="EntityPtr" container="StaticArray" arraySize="1">
          <containerEntry>0x0</containerEntry>
        </property>
        <property name="pivotTransform" type="EntityPtr" container="StaticArray" arraySize="1">
          <containerEntry>0x0</containerEntry>
        </property>
        <property name="children" type="EntityHandle" container="List"></property>
        <property name="flags" type="UInt32" container="StaticArray" arraySize="1">
          <containerEntry>3221225479</containerEntry>
        </property>
        <property name="modelFile" type="FilePtr" container="StaticArray" arraySize="1">
          <containerEntry>/Assets/tpp/environ/object/afghanistan/road/afgh_road003/scenes/afgh_road003_vrtn004.fmdl</containerEntry>
        </property>
        <property name="geomFile" type="FilePtr" container="StaticArray" arraySize="1">
          <containerEntry>/Assets/tpp/environ/object/afghanistan/road/afgh_road003/scenes/afgh_road003_vrtn004.geom</containerEntry>
        </property>
        <property name="isVisibleGeom" type="Bool" container="StaticArray" arraySize="1">
          <containerEntry>false</containerEntry>
        </property>
        <property name="isIsolated" type="Bool" container="StaticArray" arraySize="1">
          <containerEntry>false</containerEntry>
        </property>
        <property name="lodFarSize" type="Float" container="StaticArray" arraySize="1">
          <containerEntry>-1</containerEntry>
        </property>
        <property name="lodNearSize" type="Float" container="StaticArray" arraySize="1">
          <containerEntry>-1</containerEntry>
        </property>
        <property name="lodPolygonSize" type="Float" container="StaticArray" arraySize="1">
          <containerEntry>-1</containerEntry>
        </property>
        <property name="color" type="Color" container="StaticArray" arraySize="1">
          <containerEntry r="1" g="1" b="1" a="1"></containerEntry>
        </property>
        <property name="drawRejectionLevel" type="Int32" container="StaticArray" arraySize="1">
          <containerEntry>8</containerEntry>
        </property>
        <property name="drawMode" type="Int32" container="StaticArray" arraySize="1">
          <containerEntry>0</containerEntry>
        </property>
        <property name="rejectFarRangeShadowCast" type="Int32" container="StaticArray" arraySize="1">
          <containerEntry>2</containerEntry>
        </property>
      </staticProperties>
      <dynamicProperties></dynamicProperties>
    </entity>
    <entity class="TransformEntity" classVersion="0" classID="0x50" addr="0x2F53B20" id="0xA2A2E">
      <staticProperties>
        <property name="owner" type="EntityHandle" container="StaticArray" arraySize="1">
          <containerEntry>0x2F538F0</containerEntry>
        </property>
        <property name="transform_scale" type="Vector3" container="StaticArray" arraySize="1">
          <containerEntry x="1" y="1" z="1" w="0"></containerEntry>
        </property>
        <property name="transform_rotation_quat" type="Quat" container="StaticArray" arraySize="1">
          <containerEntry x="-0.002589" y="0.382699" z="-0.006005" w="0.92385"></containerEntry>
        </property>
        <property name="transform_translation" type="Vector3" container="StaticArray" arraySize="1">
          <containerEntry x="2402.647" y="376.59015" z="-639.303" w="1"></containerEntry>
        </property>
      </staticProperties>
      <dynamicProperties></dynamicProperties>
    </entity>
    <entity class="StaticModel" classVersion="9" classID="0x160" addr="0x2D78820" id="0xA2BF4">
      <staticProperties>
        <property name="name" type="String" container="StaticArray" arraySize="1">
          <containerEntry>afgh_rock010_vrtn001_0021</containerEntry>
        </property>
        <property name="dataSet" type="EntityHandle" container="StaticArray" arraySize="1">
          <containerEntry>0x2F53730</containerEntry>
        </property>
        <property name="parent" type="EntityHandle" container="StaticArray" arraySize="1">
          <containerEntry>0x0</containerEntry>
        </property>
        <property name="transform" type="EntityPtr" container="StaticArray" arraySize="1">
          <containerEntry>0x2D78890</containerEntry>
        </property>
        <property name="shearTransform" type="EntityPtr" container="StaticArray" arraySize="1">
          <containerEntry>0x0</containerEntry>
        </property>
        <property name="pivotTransform" type="EntityPtr" container="StaticArray" arraySize="1">
          <containerEntry>0x0</containerEntry>
        </property>
        <property name="children" type="EntityHandle" container="List"></property>
        <property name="flags" type="UInt32" container="StaticArray" arraySize="1">
          <containerEntry>7</containerEntry>
        </property>
        <property name="modelFile" type="FilePtr" container="StaticArray" arraySize="1">
          <containerEntry>/Assets/tpp/environ/object/afghanistan/rock/afgh_rock010/scenes/afgh_rock010_vrtn001.fmdl</containerEntry>
        </property>
        <property name="geomFile" type="FilePtr" container="StaticArray" arraySize="1">
          <containerEntry>/Assets/tpp/environ/object/afghanistan/rock/afgh_rock010/scenes/afgh_rock010_vrtn001.geom</containerEntry>
        </property>
        <property name="isVisibleGeom" type="Bool" container="StaticArray" arraySize="1">
          <containerEntry>false</containerEntry>
        </property>
        <property name="isIsolated" type="Bool" container="StaticArray" arraySize="1">
          <containerEntry>false</containerEntry>
        </property>
        <property name="lodFarSize" type="Float" container="StaticArray" arraySize="1">
          <containerEntry>-1</containerEntry>
        </property>
        <property name="lodNearSize" type="Float" container="StaticArray" arraySize="1">
          <containerEntry>-1</containerEntry>
        </property>
        <property name="lodPolygonSize" type="Float" container="StaticArray" arraySize="1">
          <containerEntry>-1</containerEntry>
        </property>
        <property name="color" type="Color" container="StaticArray" arraySize="1">
          <containerEntry r="1" g="1" b="1" a="1"></containerEntry>
        </property>
        <property name="drawRejectionLevel" type="Int32" container="StaticArray" arraySize="1">
          <containerEntry>8</containerEntry>
        </property>
        <property name="drawMode" type="Int32" container="StaticArray" arraySize="1">
          <containerEntry>0</containerEntry>
        </property>
        <property name="rejectFarRangeShadowCast" type="Int32" container="StaticArray" arraySize="1">
          <containerEntry>2</containerEntry>
        </property>
      </staticProperties>
      <dynamicProperties></dynamicProperties>
    </entity>
    <entity class="TransformEntity" classVersion="0" classID="0x50" addr="0x2D78890" id="0xA2BF7">
      <staticProperties>
        <property name="owner" type="EntityHandle" container="StaticArray" arraySize="1">
          <containerEntry>0x2D78820</containerEntry>
        </property>
        <property name="transform_scale" type="Vector3" container="StaticArray" arraySize="1">
          <containerEntry x="1.000002" y="1" z="1.000002" w="0"></containerEntry>
        </property>
        <property name="transform_rotation_quat" type="Quat" container="StaticArray" arraySize="1">
          <containerEntry x="-0.219569" y="0.960399" z="0.117614" w="-0.124864"></containerEntry>
        </property>
        <property name="transform_translation" type="Vector3" container="StaticArray" arraySize="1">
          <containerEntry x="2312.234" y="393.01984" z="-656.75116" w="0"></containerEntry>
        </property>
      </staticProperties>
      <dynamicProperties></dynamicProperties>
    </entity>
    <entity class="StaticModelArray" classVersion="4" classID="0xD0" addr="0x2D7D7C0" id="0x0">
      <staticProperties>
        <property name="name" type="String" container="StaticArray" arraySize="1">
          <containerEntry>StaticModelArray0000</containerEntry>
        </property>
        <property name="dataSet" type="EntityHandle" container="StaticArray" arraySize="1">
          <containerEntry>0x2F53730</containerEntry>
        </property>
        <property name="modelFile" type="FilePtr" container="StaticArray" arraySize="1">
          <containerEntry>/Assets/tpp/environ/object/afghanistan/cliff/afgh_clff035/scenes/afgh_clff035_vrtn002_gen8.fmdl</containerEntry>
        </property>
        <property name="geomFile" type="FilePtr" container="StaticArray" arraySize="1">
          <containerEntry>/Assets/tpp/environ/object/afghanistan/cliff/afgh_clff035/scenes/afgh_clff035_vrtn002_gen8.geom</containerEntry>
        </property>
        <property name="isVisibleGeom" type="Bool" container="StaticArray" arraySize="1">
          <containerEntry>false</containerEntry>
        </property>
        <property name="lodFarSize" type="Float" container="StaticArray" arraySize="1">
          <containerEntry>-1</containerEntry>
        </property>
        <property name="lodNearSize" type="Float" container="StaticArray" arraySize="1">
          <containerEntry>-1</containerEntry>
        </property>
        <property name="lodPolygonSize" type="Float" container="StaticArray" arraySize="1">
          <containerEntry>-1</containerEntry>
        </property>
        <property name="drawRejectionLevel" type="Int32" container="StaticArray" arraySize="1">
          <containerEntry>8</containerEntry>
        </property>
        <property name="drawMode" type="Int32" container="StaticArray" arraySize="1">
          <containerEntry>0</containerEntry>
        </property>
        <property name="rejectFarRangeShadowCast" type="Int32" container="StaticArray" arraySize="1">
          <containerEntry>2</containerEntry>
        </property>
        <property name="parentLocator" type="EntityLink" container="StaticArray" arraySize="1">
          <containerEntry packagePathHash="0xB8A0BF169F98" archivePathHash="0xB8A0BF169F98" nameInArchiveHash="0xB8A0BF169F98">0x0</containerEntry>
        </property>
        <property name="transforms" type="Matrix4" container="DynamicArray" arraySize="6">
          <containerEntry r11="0.7513473" r12="-0.16689415" r13="-0.638453" r14="0" r21="0.10583273" r22="0.98544234" r23="-0.13305171" r24="0" r31="0.6513642" r32="0.032398526" r33="0.7580723" r34="0" r41="2340.4766" r42="410.97583" r43="-758.0161" r44="1"></containerEntry>
          <containerEntry r11="0.73561215" r12="-0.0022738352" r13="-0.6773978" r14="0" r21="-0.027248595" r22="0.99908566" r23="-0.032943793" r24="0" r31="0.67685336" r32="0.042692028" r33="0.7348776" r34="0" r41="2314.4595" r42="405.95654" r43="-708.5656" r44="1"></containerEntry>
          <containerEntry r11="0.9368156" r12="0.005166756" r13="-0.3497847" r14="0" r21="0.030503185" r22="0.994876" r23="0.0963908" r24="0" r31="0.34849045" r32="-0.10096997" r33="0.9318578" r34="0" r41="2307.4382" r42="388.9061" r43="-615.81445" r44="1"></containerEntry>
          <containerEntry r11="0.19713822" r12="0.055102088" r13="-0.9788232" r14="0" r21="-0.20023721" r22="0.97963524" r23="0.014819875" r24="0" r31="0.9597063" r32="0.19307595" r33="0.20415711" r34="0" r41="2345.8857" r42="394.618" r43="-698.07416" r44="1"></containerEntry>
          <containerEntry r11="0.33003053" r12="-0.08597571" r13="-0.9400452" r14="0" r21="0.16173132" r22="0.98626864" r23="-0.03342291" r24="0" r31="0.9300106" r32="-0.14100456" r33="0.3394038" r34="0" r41="2360.7632" r42="397.19043" r43="-753.4424" r44="1"></containerEntry>
          <containerEntry r11="0.57908016" r12="-0.16136983" r13="-0.799141" r14="0" r21="0.33905557" r22="0.93909466" r23="0.0560588" r24="0" r31="0.74142283" r32="-0.30341563" r33="0.5985244" r34="0" r41="2431.0398" r42="348.19217" r43="-651.3397" r44="1"></containerEntry>
        </property>
        <property name="colors" type="UInt32" container="DynamicArray" arraySize="6">
          <containerEntry>4294967295</containerEntry>
          <containerEntry>4294967295</containerEntry>
          <containerEntry>4294967295</containerEntry>
          <containerEntry>4294967295</containerEntry>
          <containerEntry>4294967295</containerEntry>
          <containerEntry>4294967295</containerEntry>
        </property>
      </staticProperties>
      <dynamicProperties></dynamicProperties>
    </entity>
    <entity class="StaticModelArray" classVersion="4" classID="0xD0" addr="0x2D7E1D0" id="0x0">
      <staticProperties>
        <property name="name" type="String" container="StaticArray" arraySize="1">
          <containerEntry>StaticModelArray0001</containerEntry>
        </property>
        <property name="dataSet" type="EntityHandle" container="StaticArray" arraySize="1">
          <containerEntry>0x2F53730</containerEntry>
        </property>
        <property name="modelFile" type="FilePtr" container="StaticArray" arraySize="1">
          <containerEntry>/Assets/tpp/environ/object/afghanistan/cliff/afgh_clff038/scenes/afgh_clff038_vrtn003_gen8.fmdl</containerEntry>
        </property>
        <property name="geomFile" type="FilePtr" container="StaticArray" arraySize="1">
          <containerEntry>/Assets/tpp/environ/object/afghanistan/cliff/afgh_clff038/scenes/afgh_clff038_vrtn003_gen8.geom</containerEntry>
        </property>
        <property name="isVisibleGeom" type="Bool" container="StaticArray" arraySize="1">
          <containerEntry>false</containerEntry>
        </property>
        <property name="lodFarSize" type="Float" container="StaticArray" arraySize="1">
          <containerEntry>-1</containerEntry>
        </property>
        <property name="lodNearSize" type="Float" container="StaticArray" arraySize="1">
          <containerEntry>-1</containerEntry>
        </property>
        <property name="lodPolygonSize" type="Float" container="StaticArray" arraySize="1">
          <containerEntry>-1</containerEntry>
        </property>
        <property name="drawRejectionLevel" type="Int32" container="StaticArray" arraySize="1">
          <containerEntry>8</containerEntry>
        </property>
        <property name="drawMode" type="Int32" container="StaticArray" arraySize="1">
          <containerEntry>0</containerEntry>
        </property>
        <property name="rejectFarRangeShadowCast" type="Int32" container="StaticArray" arraySize="1">
          <containerEntry>2</containerEntry>
        </property>
        <property name="parentLocator" type="EntityLink" container="StaticArray" arraySize="1">
          <containerEntry packagePathHash="0xB8A0BF169F98" archivePathHash="0xB8A0BF169F98" nameInArchiveHash="0xB8A0BF169F98">0x0</containerEntry>
        </property>
        <property name="transforms" type="Matrix4" container="DynamicArray" arraySize="19">
          <containerEntry r11="0.88851213" r12="-0.25793" r13="0.3794971" r14="0" r21="-0.25397328" r22="-0.9652574" r23="-0.061425634" r24="0" r31="0.38215643" r32="-0.04180477" r33="-0.92315024" r34="0" r41="2383.372" r42="379.49765" r43="-711.5134" r44="1"></containerEntry>
          <containerEntry r11="0.88851213" r12="-0.25793" r13="0.3794971" r14="0" r21="-0.25397328" r22="-0.9652574" r23="-0.061425634" r24="0" r31="0.38215643" r32="-0.04180477" r33="-0.92315024" r34="0" r41="2421.052" r42="376.20764" r43="-711.5134" r44="1"></containerEntry>
          <containerEntry r11="-0.924739" r12="0.035001773" r13="0.37898785" r14="0" r21="-0.023211848" r22="-0.99909484" r23="0.035634898" r24="0" r31="0.37989223" r32="0.024155987" r33="0.9247153" r34="0" r41="2422.5876" r42="377.3353" r43="-721.9668" r44="1"></containerEntry>
          <containerEntry r11="-0.43417865" r12="-0.033833057" r13="0.90019083" r14="0" r21="-0.1845422" r22="-0.9747599" r23="-0.12564386" r24="0" r31="0.88172126" r32="-0.22067516" r33="0.41697702" r34="0" r41="2430.1855" r42="377.1779" r43="-757.46954" r44="1"></containerEntry>
          <containerEntry r11="-0.71034294" r12="0.6993156" r13="0.0798305" r14="0" r21="-0.70352834" r22="-0.7088971" r23="-0.050150968" r24="0" r31="0.021520186" r32="-0.091787316" r33="0.99554604" r34="0" r41="2344.3264" r42="384.05273" r43="-652.01483" r44="1"></containerEntry>
          <containerEntry r11="-0.17631818" r12="-0.92763895" r13="-0.32923383" r14="0" r21="-0.9116917" r22="0.027798831" r23="0.4099304" r24="0" r31="-0.37111598" r32="0.37243897" r33="-0.85062176" r34="0" r41="2382.9336" r42="380.08734" r43="-719.9699" r44="1"></containerEntry>
          <containerEntry r11="0.0030626655" r12="0.9974327" r13="0.071522206" r14="0" r21="-0.96078014" r22="0.022767615" r23="-0.2763695" r24="0" r31="-0.27728873" r32="-0.06787123" r33="0.9583863" r34="0" r41="2325.1528" r42="389.68668" r43="-672.88983" r44="1"></containerEntry>
          <containerEntry r11="0.31418037" r12="0.840796" r13="0.44085485" r14="0" r21="-0.48796773" r22="0.5413522" r23="-0.68470824" r24="0" r31="-0.8143577" r32="-9.23872e-07" r33="0.58036345" r34="0" r41="2364.3508" r42="377.17593" r43="-645.6789" r44="1"></containerEntry>
          <containerEntry r11="-0.24684025" r12="0.084153555" r13="0.96539515" r14="0" r21="0.30449614" r22="0.9524995" r23="-0.0051733106" r24="0" r31="-0.9199738" r32="0.29268217" r33="-0.26073968" r34="0" r41="2360.775" r42="397.90594" r43="-763.96704" r44="1"></containerEntry>
          <containerEntry r11="-0.51692665" r12="0.35869107" r13="-0.7772565" r14="0" r21="-0.36682668" r22="-0.91320556" r23="-0.17746545" r24="0" r31="-0.77345014" r32="0.19338177" r33="0.60363764" r34="0" r41="2383.38" r42="374.12766" r43="-647.74664" r44="1"></containerEntry>
          <containerEntry r11="-0.9873662" r12="0.034378923" r13="0.15467829" r14="0" r21="0.06843368" r22="0.9729641" r23="0.22058466" r24="0" r31="-0.14291295" r32="0.22838312" r33="-0.96302456" r34="0" r41="2380.4043" r42="383.2182" r43="-746.2564" r44="1"></containerEntry>
          <containerEntry r11="0.97254425" r12="0" r13="-0.23271792" r14="0" r21="0" r22="1" r23="0" r24="0" r31="0.23271792" r32="0" r33="0.97254425" r34="0" r41="2369.1462" r42="383.295" r43="-688.1049" r44="1"></containerEntry>
          <containerEntry r11="-0.9587604" r12="0.04430624" r13="-0.28074414" r14="0" r21="0.09162641" r22="0.9832204" r23="-0.15774116" r24="0" r31="0.26904446" r32="-0.1769594" r33="-0.94673234" r34="0" r41="2382.6013" r42="381.05084" r43="-754.23425" r44="1"></containerEntry>
          <containerEntry r11="0.8100147" r12="0.10091462" r13="0.5776606" r14="0" r21="-0.11406543" r22="0.99338025" r23="-0.013592653" r24="0" r31="-0.57520837" r32="-0.05488097" r33="0.8161635" r34="0" r41="2322.931" r42="392.1847" r43="-693.1397" r44="1"></containerEntry>
          <containerEntry r11="-0.9980419" r12="0.05653422" r13="0.026786078" r14="0" r21="-0.058741022" r22="-0.9941732" r23="-0.09039014" r24="0" r31="0.021519851" r32="-0.091786526" r33="0.9955461" r34="0" r41="2360.2078" r42="378.71667" r43="-649.3043" r44="1"></containerEntry>
          <containerEntry r11="-0.34713802" r12="3.1292439e-07" r13="-0.9378127" r14="0" r21="0.21600856" r22="0.97311205" r23="-0.07995701" r24="0" r31="0.9125968" r32="-0.23033199" r33="-0.33780426" r34="0" r41="2336.9785" r42="392.80524" r43="-709.57605" r44="1"></containerEntry>
          <containerEntry r11="-0.9992467" r12="-0.019362234" r13="0.033466578" r14="0" r21="0.026057694" r22="0.30221638" r23="0.9528811" r24="0" r31="-0.02856404" r32="0.9530406" r33="-0.3014803" r34="0" r41="2420.706" r42="350.1707" r43="-642.2575" r44="1"></containerEntry>
          <containerEntry r11="-0.096078895" r12="-0.43223235" r13="-0.89662844" r14="0" r21="0.19425085" r22="0.87533444" r23="-0.44278216" r24="0" r31="0.9762346" r32="-0.21671331" r33="-0.00013953447" r34="0" r41="2346.5835" r42="396.20837" r43="-723.66345" r44="1"></containerEntry>
          <containerEntry r11="0.37449816" r12="-0.70860994" r13="0.2156862" r14="0" r21="0.49374577" r22="0.41897818" r23="0.51920146" r24="0" r31="-0.55214465" r32="-0.10595749" r33="0.61058015" r34="0" r41="2426.8535" r42="363.87766" r43="-664.6734" r44="1"></containerEntry>
        </property>
        <property name="colors" type="UInt32" container="DynamicArray" arraySize="19">
          <containerEntry>4294967295</containerEntry>
          <containerEntry>4294967295</containerEntry>
          <containerEntry>4294967295</containerEntry>
          <containerEntry>4294967295</containerEntry>
          <containerEntry>4294967295</containerEntry>
          <containerEntry>4294967295</containerEntry>
          <containerEntry>4294967295</containerEntry>
          <containerEntry>4294967295</containerEntry>
          <containerEntry>4294967295</containerEntry>
          <containerEntry>4294967295</containerEntry>
          <containerEntry>4294967295</containerEntry>
          <containerEntry>4294967295</containerEntry>
          <containerEntry>4294967295</containerEntry>
          <containerEntry>4294967295</containerEntry>
          <containerEntry>4294967295</containerEntry>
          <containerEntry>4294967295</containerEntry>
          <containerEntry>4294967295</containerEntry>
          <containerEntry>4294967295</containerEntry>
          <containerEntry>4294967295</containerEntry>
        </property>
      </staticProperties>
      <dynamicProperties></dynamicProperties>
    </entity>
    <entity class="StaticModelArray" classVersion="4" classID="0xD0" addr="0x2D7DD70" id="0x0">
      <staticProperties>
        <property name="name" type="String" container="StaticArray" arraySize="1">
          <containerEntry>StaticModelArray0002</containerEntry>
        </property>
        <property name="dataSet" type="EntityHandle" container="StaticArray" arraySize="1">
          <containerEntry>0x2F53730</containerEntry>
        </property>
        <property name="modelFile" type="FilePtr" container="StaticArray" arraySize="1">
          <containerEntry>/Assets/tpp/environ/object/afghanistan/cliff/afgh_clff037/scenes/afgh_clff037_vrtn002_gen8.fmdl</containerEntry>
        </property>
        <property name="geomFile" type="FilePtr" container="StaticArray" arraySize="1">
          <containerEntry>/Assets/tpp/environ/object/afghanistan/cliff/afgh_clff037/scenes/afgh_clff037_vrtn002_gen8.geom</containerEntry>
        </property>
        <property name="isVisibleGeom" type="Bool" container="StaticArray" arraySize="1">
          <containerEntry>false</containerEntry>
        </property>
        <property name="lodFarSize" type="Float" container="StaticArray" arraySize="1">
          <containerEntry>-1</containerEntry>
        </property>
        <property name="lodNearSize" type="Float" container="StaticArray" arraySize="1">
          <containerEntry>-1</containerEntry>
        </property>
        <property name="lodPolygonSize" type="Float" container="StaticArray" arraySize="1">
          <containerEntry>-1</containerEntry>
        </property>
        <property name="drawRejectionLevel" type="Int32" container="StaticArray" arraySize="1">
          <containerEntry>8</containerEntry>
        </property>
        <property name="drawMode" type="Int32" container="StaticArray" arraySize="1">
          <containerEntry>0</containerEntry>
        </property>
        <property name="rejectFarRangeShadowCast" type="Int32" container="StaticArray" arraySize="1">
          <containerEntry>2</containerEntry>
        </property>
        <property name="parentLocator" type="EntityLink" container="StaticArray" arraySize="1">
          <containerEntry packagePathHash="0xB8A0BF169F98" archivePathHash="0xB8A0BF169F98" nameInArchiveHash="0xB8A0BF169F98">0x0</containerEntry>
        </property>
        <property name="transforms" type="Matrix4" container="DynamicArray" arraySize="6">
          <containerEntry r11="0.31663862" r12="0.061338536" r13="0.9465594" r14="0" r21="0.27904716" r22="0.94772476" r23="-0.15475884" r24="0" r31="-0.9065703" r32="0.31313768" r33="0.28296995" r34="0" r41="2360.7383" r42="379.38177" r43="-745.6712" r44="1"></containerEntry>
          <containerEntry r11="0.02220245" r12="-0.04862798" r13="0.99856776" r14="0" r21="0.21746615" r22="0.97513545" r23="0.042652085" r24="0" r31="-0.97581285" r32="0.21620832" r33="0.03222543" r34="0" r41="2296.8745" r42="405.49237" r43="-707.5284" r44="1"></containerEntry>
          <containerEntry r11="0.8285019" r12="-0.26079273" r13="0.49555123" r14="0" r21="0.23299931" r22="0.9652389" r23="0.11842742" r24="0" r31="-0.50921035" r32="0.017346047" r33="0.86046696" r34="0" r41="2368.5693" r42="376.7087" r43="-696.5371" r44="1"></containerEntry>
          <containerEntry r11="0.68346685" r12="0.28442183" r13="-0.6722959" r14="0" r21="-0.100119285" r22="0.9487927" r23="0.29961407" r24="0" r31="0.72308624" r32="-0.13746665" r33="0.67694443" r34="0" r41="2367.8406" r42="375.95984" r43="-665.77246" r44="1"></containerEntry>
          <containerEntry r11="-0.40222028" r12="0.12755956" r13="-0.90661633" r14="0" r21="-0.13683215" r22="0.97074926" r23="0.19728854" r24="0" r31="0.9052632" r32="0.20340805" r33="-0.37300077" r34="0" r41="2368.8762" r42="376.0215" r43="-672.6639" r44="1"></containerEntry>
          <containerEntry r11="-0.93958443" r12="0.30273765" r13="0.15974784" r14="0" r21="0.27904677" r22="0.94772494" r23="-0.15475817" r24="0" r31="-0.19824824" r32="-0.10083203" r33="-0.9749455" r34="0" r41="2367.8652" r42="381.0377" r43="-733.3005" r44="1"></containerEntry>
        </property>
        <property name="colors" type="UInt32" container="DynamicArray" arraySize="6">
          <containerEntry>4294967295</containerEntry>
          <containerEntry>4294967295</containerEntry>
          <containerEntry>4294967295</containerEntry>
          <containerEntry>4294967295</containerEntry>
          <containerEntry>4294967295</containerEntry>
          <containerEntry>4294967295</containerEntry>
        </property>
      </staticProperties>
      <dynamicProperties></dynamicProperties>
    </entity>
    <entity class="StaticModelArray" classVersion="4" classID="0xD0" addr="0x2D7DFA0" id="0x0">
      <staticProperties>
        <property name="name" type="String" container="StaticArray" arraySize="1">
          <containerEntry>StaticModelArray0003</containerEntry>
        </property>
        <property name="dataSet" type="EntityHandle" container="StaticArray" arraySize="1">
          <containerEntry>0x2F53730</containerEntry>
        </property>
        <property name="modelFile" type="FilePtr" container="StaticArray" arraySize="1">
          <containerEntry>/Assets/tpp/environ/object/afghanistan/road/afgh_road003/scenes/afgh_road003_curb002.fmdl</containerEntry>
        </property>
        <property name="geomFile" type="FilePtr" container="StaticArray" arraySize="1">
          <containerEntry>/Assets/tpp/environ/object/afghanistan/road/afgh_road003/scenes/afgh_road003_curb002.geom</containerEntry>
        </property>
        <property name="isVisibleGeom" type="Bool" container="StaticArray" arraySize="1">
          <containerEntry>false</containerEntry>
        </property>
        <property name="lodFarSize" type="Float" container="StaticArray" arraySize="1">
          <containerEntry>-1</containerEntry>
        </property>
        <property name="lodNearSize" type="Float" container="StaticArray" arraySize="1">
          <containerEntry>-1</containerEntry>
        </property>
        <property name="lodPolygonSize" type="Float" container="StaticArray" arraySize="1">
          <containerEntry>-1</containerEntry>
        </property>
        <property name="drawRejectionLevel" type="Int32" container="StaticArray" arraySize="1">
          <containerEntry>8</containerEntry>
        </property>
        <property name="drawMode" type="Int32" container="StaticArray" arraySize="1">
          <containerEntry>0</containerEntry>
        </property>
        <property name="rejectFarRangeShadowCast" type="Int32" container="StaticArray" arraySize="1">
          <containerEntry>2</containerEntry>
        </property>
        <property name="parentLocator" type="EntityLink" container="StaticArray" arraySize="1">
          <containerEntry packagePathHash="0xB8A0BF169F98" archivePathHash="0xB8A0BF169F98" nameInArchiveHash="0xB8A0BF169F98">0x0</containerEntry>
        </property>
        <property name="transforms" type="Matrix4" container="DynamicArray" arraySize="5">
          <containerEntry r11="-0.0523175" r12="0" r13="0.9986301" r14="0" r21="0" r22="1" r23="0" r24="0" r31="-0.9986301" r32="0" r33="-0.0523175" r34="0" r41="2413.4717" r42="379.93323" r43="-710.7727" r44="1"></containerEntry>
          <containerEntry r11="-0.17357326" r12="0" r13="0.9848198" r14="0" r21="0" r22="1" r23="0" r24="0" r31="-0.9848198" r32="0" r33="-0.17357326" r34="0" r41="2414.7395" r42="379.99597" r43="-723.46576" r44="1"></containerEntry>
          <containerEntry r11="-0.15635848" r12="0" r13="0.9876999" r14="0" r21="0" r22="1" r23="0" r24="0" r31="-0.9876999" r32="0" r33="-0.15635848" r34="0" r41="2416.8342" r42="379.74597" r43="-736.045" r44="1"></containerEntry>
          <containerEntry r11="-0.05226803" r12="0" r13="0.9986327" r14="0" r21="0" r22="1" r23="0" r24="0" r31="-0.9986327" r32="0" r33="-0.05226803" r34="0" r41="2418.2812" r42="379.676" r43="-748.4523" r44="1"></containerEntry>
          <containerEntry r11="0.10458088" r12="0" r13="0.9945157" r14="0" r21="0" r22="1" r23="0" r24="0" r31="-0.9945157" r32="0" r33="0.10458088" r34="0" r41="2417.7913" r42="379.58304" r43="-760.5833" r44="1"></containerEntry>
        </property>
        <property name="colors" type="UInt32" container="DynamicArray" arraySize="5">
          <containerEntry>4294967295</containerEntry>
          <containerEntry>4294967295</containerEntry>
          <containerEntry>4294967295</containerEntry>
          <containerEntry>4294967295</containerEntry>
          <containerEntry>4294967295</containerEntry>
        </property>
      </staticProperties>
      <dynamicProperties></dynamicProperties>
    </entity>
    <entity class="StaticModelArray" classVersion="4" classID="0xD0" addr="0x2D7DAD0" id="0x0">
      <staticProperties>
        <property name="name" type="String" container="StaticArray" arraySize="1">
          <containerEntry>StaticModelArray0004</containerEntry>
        </property>
        <property name="dataSet" type="EntityHandle" container="StaticArray" arraySize="1">
          <containerEntry>0x2F53730</containerEntry>
        </property>
        <property name="modelFile" type="FilePtr" container="StaticArray" arraySize="1">
          <containerEntry>/Assets/tpp/environ/object/afghanistan/road/afgh_road003/scenes/afgh_road003_curb001.fmdl</containerEntry>
        </property>
        <property name="geomFile" type="FilePtr" container="StaticArray" arraySize="1">
          <containerEntry>/Assets/tpp/environ/object/afghanistan/road/afgh_road003/scenes/afgh_road003_curb001.geom</containerEntry>
        </property>
        <property name="isVisibleGeom" type="Bool" container="StaticArray" arraySize="1">
          <containerEntry>false</containerEntry>
        </property>
        <property name="lodFarSize" type="Float" container="StaticArray" arraySize="1">
          <containerEntry>-1</containerEntry>
        </property>
        <property name="lodNearSize" type="Float" container="StaticArray" arraySize="1">
          <containerEntry>-1</containerEntry>
        </property>
        <property name="lodPolygonSize" type="Float" container="StaticArray" arraySize="1">
          <containerEntry>-1</containerEntry>
        </property>
        <property name="drawRejectionLevel" type="Int32" container="StaticArray" arraySize="1">
          <containerEntry>8</containerEntry>
        </property>
        <property name="drawMode" type="Int32" container="StaticArray" arraySize="1">
          <containerEntry>0</containerEntry>
        </property>
        <property name="rejectFarRangeShadowCast" type="Int32" container="StaticArray" arraySize="1">
          <containerEntry>2</containerEntry>
        </property>
        <property name="parentLocator" type="EntityLink" container="StaticArray" arraySize="1">
          <containerEntry packagePathHash="0xB8A0BF169F98" archivePathHash="0xB8A0BF169F98" nameInArchiveHash="0xB8A0BF169F98">0x0</containerEntry>
        </property>
        <property name="transforms" type="Matrix4" container="DynamicArray" arraySize="2">
          <containerEntry r11="0.34205103" r12="0" r13="0.9396809" r14="0" r21="0" r22="1" r23="0" r24="0" r31="-0.9396809" r32="0" r33="0.34205103" r34="0" r41="2417.3364" r42="379.14557" r43="-686.5378" r44="1"></containerEntry>
          <containerEntry r11="0.19084007" r12="0" r13="0.9816203" r14="0" r21="0" r22="1" r23="0" r24="0" r31="-0.9816203" r32="0" r33="0.19084007" r34="0" r41="2414.0034" r42="379.4991" r43="-697.8797" r44="1"></containerEntry>
        </property>
        <property name="colors" type="UInt32" container="DynamicArray" arraySize="2">
          <containerEntry>4294967295</containerEntry>
          <containerEntry>4294967295</containerEntry>
        </property>
      </staticProperties>
      <dynamicProperties></dynamicProperties>
    </entity>
    <entity class="StaticModelArray" classVersion="4" classID="0xD0" addr="0x2D7D600" id="0x0">
      <staticProperties>
        <property name="name" type="String" container="StaticArray" arraySize="1">
          <containerEntry>StaticModelArray0005</containerEntry>
        </property>
        <property name="dataSet" type="EntityHandle" container="StaticArray" arraySize="1">
          <containerEntry>0x2F53730</containerEntry>
        </property>
        <property name="modelFile" type="FilePtr" container="StaticArray" arraySize="1">
          <containerEntry>/Assets/tpp/environ/object/afghanistan/rock/afgh_rock001/scenes/afgh_rock001.fmdl</containerEntry>
        </property>
        <property name="geomFile" type="FilePtr" container="StaticArray" arraySize="1">
          <containerEntry>/Assets/tpp/environ/object/afghanistan/rock/afgh_rock001/scenes/afgh_rock001.geom</containerEntry>
        </property>
        <property name="isVisibleGeom" type="Bool" container="StaticArray" arraySize="1">
          <containerEntry>false</containerEntry>
        </property>
        <property name="lodFarSize" type="Float" container="StaticArray" arraySize="1">
          <containerEntry>-1</containerEntry>
        </property>
        <property name="lodNearSize" type="Float" container="StaticArray" arraySize="1">
          <containerEntry>-1</containerEntry>
        </property>
        <property name="lodPolygonSize" type="Float" container="StaticArray" arraySize="1">
          <containerEntry>-1</containerEntry>
        </property>
        <property name="drawRejectionLevel" type="Int32" container="StaticArray" arraySize="1">
          <containerEntry>8</containerEntry>
        </property>
        <property name="drawMode" type="Int32" container="StaticArray" arraySize="1">
          <containerEntry>0</containerEntry>
        </property>
        <property name="rejectFarRangeShadowCast" type="Int32" container="StaticArray" arraySize="1">
          <containerEntry>2</containerEntry>
        </property>
        <property name="parentLocator" type="EntityLink" container="StaticArray" arraySize="1">
          <containerEntry packagePathHash="0xB8A0BF169F98" archivePathHash="0xB8A0BF169F98" nameInArchiveHash="0xB8A0BF169F98">0x0</containerEntry>
        </property>
        <property name="transforms" type="Matrix4" container="DynamicArray" arraySize="18">
          <containerEntry r11="0.46886587" r12="0" r13="0.8832697" r14="0" r21="0" r22="1" r23="0" r24="0" r31="-0.8832697" r32="0" r33="0.46886587" r34="0" r41="2389.2102" r42="381.24792" r43="-745.19934" r44="1"></containerEntry>
          <containerEntry r11="0.680031" r12="-0.030916989" r13="0.73253125" r14="0" r21="0.6636801" r22="0.45055792" r23="-0.5970983" r24="0" r31="-0.31158727" r32="0.89221174" r33="0.32691234" r34="0" r41="2385.6272" r42="383.10657" r43="-731.9968" r44="1"></containerEntry>
          <containerEntry r11="0.71643776" r12="-0.27326116" r13="0.6419076" r14="0" r21="0.4218749" r22="-0.5631173" r23="-0.71057767" r24="0" r31="0.5556425" r32="0.7798893" r33="-0.2881565" r34="0" r41="2362.0405" r42="388.02298" r43="-697.86945" r44="1"></containerEntry>
          <containerEntry r11="0.7903954" r12="-0.45877805" r13="0.40595362" r14="0" r21="-0.23777494" r22="-0.84047735" r23="-0.4868924" r24="0" r31="0.5645695" r32="0.28831208" r33="-0.77339554" r34="0" r41="2392.561" r42="380.1135" r43="-710.707" r44="1"></containerEntry>
          <containerEntry r11="0.66040844" r12="-0.702065" r13="0.26639768" r14="0" r21="-0.73653865" r22="-0.6747123" r23="0.047767572" r24="0" r31="0.1462055" r32="-0.22775799" r33="-0.9626827" r34="0" r41="2388.1372" r42="380.55508" r43="-702.213" r44="1"></containerEntry>
