<fox formatVersion="2" fileVersion="0">
  <entities>
    <entity class="DataSet" classVersion="0" classID="0xE8" addr="0x32F43E0" id="0x17CE4C">
      <staticProperties>
        <property name="name" type="String" container="StaticArray" arraySize="1">
          <containerEntry hash="0xB8A0BF169F98"></containerEntry>
        </property>
        <property name="dataSet" type="EntityHandle" container="StaticArray" arraySize="1">
          <containerEntry>0x0</containerEntry>
        </property>
        <property name="dataList" type="EntityPtr" container="StringMap" arraySize="5">
          <containerEntry key="StaticModelArray0000">
            <data>0x317AAB0</data>
          </containerEntry>
          <containerEntry key="StaticModelArray0001">
            <data>0x317AB20</data>
          </containerEntry>
          <containerEntry key="StaticModelArray0002">
            <data>0x317AB90</data>
          </containerEntry>
          <containerEntry key="StaticModelArray0003">
            <data>0x317AC00</data>
          </containerEntry>
          <containerEntry key="TexturePackLoadConditioner0000">
            <data>0x317B220</data>
          </containerEntry>
        </property>
      </staticProperties>
      <dynamicProperties></dynamicProperties>
    </entity>
    <entity class="StaticModelArray" classVersion="4" classID="0xD0" addr="0x317AAB0" id="0x0">
      <staticProperties>
        <property name="name" type="String" container="StaticArray" arraySize="1">
          <containerEntry>StaticModelArray0000</containerEntry>
        </property>
        <property name="dataSet" type="EntityHandle" container="StaticArray" arraySize="1">
          <containerEntry>0x32F43E0</containerEntry>
        </property>
        <property name="modelFile" type="FilePtr" container="StaticArray" arraySize="1">
          <containerEntry>/Assets/tpp/environ/object/middle_africa/cliff/mafr_clff015/scenes/mafr_clff015_grnd002.fmdl</containerEntry>
        </property>
        <property name="geomFile" type="FilePtr" container="StaticArray" arraySize="1">
          <containerEntry>/Assets/tpp/environ/object/middle_africa/cliff/mafr_clff015/scenes/mafr_clff015_grnd002.geom</containerEntry>
        </property>
        <property name="isVisibleGeom" type="Bool" container="StaticArray" arraySize="1">
          <containerEntry>false</containerEntry>
        </property>
        <property name="lodFarSize" type="Float" container="StaticArray" arraySize="1">
          <containerEntry>-1</containerEntry>
        </property>
        <property name="lodNearSize" type="Float" container="StaticArray" arraySize="1">
          <containerEntry>-1</containerEntry>
        </property>
        <property name="lodPolygonSize" type="Float" container="StaticArray" arraySize="1">
          <containerEntry>-1</containerEntry>
        </property>
        <property name="drawRejectionLevel" type="Int32" container="StaticArray" arraySize="1">
          <containerEntry>8</containerEntry>
        </property>
        <property name="drawMode" type="Int32" container="StaticArray" arraySize="1">
          <containerEntry>0</containerEntry>
        </property>
        <property name="rejectFarRangeShadowCast" type="Int32" container="StaticArray" arraySize="1">
          <containerEntry>2</containerEntry>
        </property>
        <property name="parentLocator" type="EntityLink" container="StaticArray" arraySize="1">
          <containerEntry packagePathHash="0xB8A0BF169F98" archivePathHash="0xB8A0BF169F98" nameInArchiveHash="0xB8A0BF169F98">0x0</containerEntry>
        </property>
        <property name="transforms" type="Matrix4" container="DynamicArray" arraySize="2">
          <containerEntry r11="0.82960206" r12="-0.043860655" r13="-0.55662936" r14="0" r21="-0.069809444" r22="0.98093975" r23="-0.18133894" r24="0" r31="0.5539735" r32="0.18929714" r33="0.8107278" r34="0" r41="1003.7254" r42="138.54039" r43="-1873.1036" r44="1"></containerEntry>
          <containerEntry r11="0.7641897" r12="-0.0642572" r13="-0.64178216" r14="0" r21="-0.06980956" r22="0.98093975" r23="-0.18133873" r24="0" r31="0.641202" r32="0.18337971" r33="0.7451383" r34="0" r41="1009.17645" r42="137.9327" r43="-1877.4656" r44="1"></containerEntry>
        </property>
        <property name="colors" type="UInt32" container="DynamicArray" arraySize="2">
          <containerEntry>4294967295</containerEntry>
          <containerEntry>4294967295</containerEntry>
        </property>
      </staticProperties>
      <dynamicProperties></dynamicProperties>
    </entity>
    <entity class="StaticModelArray" classVersion="4" classID="0xD0" addr="0x317AB20" id="0x0">
      <staticProperties>
        <property name="name" type="String" container="StaticArray" arraySize="1">
          <containerEntry>StaticModelArray0001</containerEntry>
        </property>
        <property name="dataSet" type="EntityHandle" container="StaticArray" arraySize="1">
          <containerEntry>0x32F43E0</containerEntry>
        </property>
        <property name="modelFile" type="FilePtr" container="StaticArray" arraySize="1">
          <containerEntry>/Assets/tpp/environ/object/middle_africa/tree/mafr_tree032/scenes/mafr_tree032.fmdl</containerEntry>
        </property>
        <property name="geomFile" type="FilePtr" container="StaticArray" arraySize="1">
          <containerEntry>/Assets/tpp/environ/object/middle_africa/tree/mafr_tree032/scenes/mafr_tree032.geom</containerEntry>
        </property>
        <property name="isVisibleGeom" type="Bool" container="StaticArray" arraySize="1">
          <containerEntry>false</containerEntry>
        </property>
        <property name="lodFarSize" type="Float" container="StaticArray" arraySize="1">
          <containerEntry>-1</containerEntry>
        </property>
        <property name="lodNearSize" type="Float" container="StaticArray" arraySize="1">
          <containerEntry>-1</containerEntry>
        </property>
        <property name="lodPolygonSize" type="Float" container="StaticArray" arraySize="1">
          <containerEntry>-1</containerEntry>
        </property>
        <property name="drawRejectionLevel" type="Int32" container="StaticArray" arraySize="1">
          <containerEntry>8</containerEntry>
        </property>
        <property name="drawMode" type="Int32" container="StaticArray" arraySize="1">
          <containerEntry>0</containerEntry>
        </property>
        <property name="rejectFarRangeShadowCast" type="Int32" container="StaticArray" arraySize="1">
          <containerEntry>2</containerEntry>
        </property>
        <property name="parentLocator" type="EntityLink" container="StaticArray" arraySize="1">
          <containerEntry packagePathHash="0xB8A0BF169F98" archivePathHash="0xB8A0BF169F98" nameInArchiveHash="0xB8A0BF169F98">0x0</containerEntry>
        </property>
        <property name="transforms" type="Matrix4" container="DynamicArray" arraySize="15">
          <containerEntry r11="-0.2496464" r12="-0.0403467" r13="0.96749604" r14="0" r21="-0.010081492" r22="0.99918574" r23="0.039066866" r24="0" r31="-0.9682845" r32="-8.996576e-07" r33="-0.24984986" r34="0" r41="949.9694" r42="149.59326" r43="-1806.0632" r44="1"></containerEntry>
          <containerEntry r11="-0.8190157" r12="-0.04034752" r13="0.5723512" r14="0" r21="-0.033073004" r22="0.99918574" r23="0.023110583" r24="0" r31="-0.57281756" r32="-1.4444813e-06" r33="-0.8196832" r34="0" r41="955.84973" r42="160.049" r43="-1854.8837" r44="1"></containerEntry>
          <containerEntry r11="-0.994216" r12="-0.10402131" r13="0.026736584" r14="0" r21="-0.100046426" r22="0.98750967" r23="0.12171842" r24="0" r31="-0.03906394" r32="0.118339464" r33="-0.9922049" r34="0" r41="994.6702" r42="158.12825" r43="-1881.0728" r44="1"></containerEntry>
          <containerEntry r11="-0.45951313" r12="-0.030413788" r13="0.8876513" r14="0" r21="-0.043409202" r22="0.9989882" r23="0.011756837" r24="0" r31="-0.8871107" r32="-0.033129796" r33="-0.4603684" r34="0" r41="996.72626" r42="159.11743" r43="-1886.572" r44="1"></containerEntry>
          <containerEntry r11="-0.8190157" r12="-0.04034752" r13="0.5723512" r14="0" r21="-0.033073004" r22="0.99918574" r23="0.023110583" r24="0" r31="-0.57281756" r32="-1.4444813e-06" r33="-0.8196832" r34="0" r41="1018.8768" r42="161.28177" r43="-1916.2975" r44="1"></containerEntry>
          <containerEntry r11="-0.8190157" r12="-0.04034752" r13="0.5723512" r14="0" r21="-0.033073004" r22="0.99918574" r23="0.023110583" r24="0" r31="-0.57281756" r32="-1.4444813e-06" r33="-0.8196832" r34="0" r41="1003.3244" r42="163.14227" r43="-1905.4291" r44="1"></containerEntry>
          <containerEntry r11="0.99991" r12="0.013393191" r13="0.00081056793" r14="0" r21="-0.013393191" r22="0.9926115" r23="0.120594606" r24="0" r31="0.00081056793" r32="-0.120594606" r33="0.99270153" r34="0" r41="962.92487" r42="166.24873" r43="-1859.1542" r44="1"></containerEntry>
          <containerEntry r11="0.12704703" r12="-0.04034643" r13="-0.9910762" r14="0" r21="0.005131744" r22="0.9991858" r23="-0.040018737" r24="0" r31="0.9918838" r32="-1.6707927e-06" r33="0.12715065" r34="0" r41="939.00824" r42="153.56299" r43="-1801.336" r44="1"></containerEntry>
          <containerEntry r11="0.7698424" r12="-0.040347587" r13="-0.63695765" r14="0" r21="0.031087501" r22="0.9991857" r23="-0.025719546" r24="0" r31="0.6374767" r32="-1.4081597e-06" r33="0.7704698" r34="0" r41="935.5201" r42="157.49663" r43="-1827.787" r44="1"></containerEntry>
          <containerEntry r11="0.2573574" r12="0.19283359" r13="-0.7976102" r14="0" r21="-0.04083038" r22="0.83789104" r23="0.18939766" r24="0" r31="0.8195729" r32="-0.01880944" r33="0.25989643" r34="0" r41="935.24445" r42="155.27214" r43="-1818.8475" r44="1"></containerEntry>
          <containerEntry r11="-0.8190157" r12="-0.04034752" r13="0.5723512" r14="0" r21="-0.033073004" r22="0.99918574" r23="0.023110583" r24="0" r31="-0.57281756" r32="-1.4444813e-06" r33="-0.8196832" r34="0" r41="1006.90735" r42="169.14514" r43="-1912.5782" r44="1"></containerEntry>
          <containerEntry r11="0.7698424" r12="-0.040347587" r13="-0.63695765" r14="0" r21="0.031087501" r22="0.9991857" r23="-0.025719546" r24="0" r31="0.6374767" r32="-1.4081597e-06" r33="0.7704698" r34="0" r41="1014.68604" r42="155.24849" r43="-1897.7065" r44="1"></containerEntry>
          <containerEntry r11="0.9853552" r12="-0.034953132" r13="-0.16689348" r14="0" r21="0.031087356" r22="0.9991857" r23="-0.0257205" r24="0" r31="0.1676566" r32="0.020155556" r33="0.9856394" r34="0" r41="999.8566" r42="169.26659" r43="-1908.4872" r44="1"></containerEntry>
          <containerEntry r11="0.98770565" r12="-0.15631062" r13="0.002136509" r14="0" r21="0.15631062" r22="0.9873344" r23="-0.027163563" r24="0" r31="0.002136509" r32="0.027163563" r33="0.9996287" r34="0" r41="958.27185" r42="163.58156" r43="-1833.1226" r44="1"></containerEntry>
          <containerEntry r11="0.99450654" r12="0.1045564" r13="-0.004965858" r14="0" r21="-0.104652464" r22="0.9941479" r23="-0.026790136" r24="0" r31="0.002135716" r32="0.027162654" r33="0.9996287" r34="0" r41="946.51025" r42="163.26123" r43="-1825.9637" r44="1"></containerEntry>
        </property>
        <property name="colors" type="UInt32" container="DynamicArray" arraySize="15">
          <containerEntry>4294967295</containerEntry>
          <containerEntry>4294967295</containerEntry>
          <containerEntry>4294967295</containerEntry>
          <containerEntry>4294967295</containerEntry>
          <containerEntry>4294967295</containerEntry>
          <containerEntry>4294967295</containerEntry>
          <containerEntry>4294967295</containerEntry>
          <containerEntry>4294967295</containerEntry>
          <containerEntry>4294967295</containerEntry>
          <containerEntry>4294967295</containerEntry>
          <containerEntry>4294967295</containerEntry>
          <containerEntry>4294967295</containerEntry>
          <containerEntry>4294967295</containerEntry>
          <containerEntry>4294967295</containerEntry>
          <containerEntry>4294967295</containerEntry>
        </property>
      </staticProperties>
      <dynamicProperties></dynamicProperties>
    </entity>
    <entity class="StaticModelArray" classVersion="4" classID="0xD0" addr="0x317AB90" id="0x0">
      <staticProperties>
        <property name="name" type="String" container="StaticArray" arraySize="1">
          <containerEntry>StaticModelArray0002</containerEntry>
        </property>
        <property name="dataSet" type="EntityHandle" container="StaticArray" arraySize="1">
          <containerEntry>0x32F43E0</containerEntry>
        </property>
        <property name="modelFile" type="FilePtr" container="StaticArray" arraySize="1">
          <containerEntry>/Assets/tpp/environ/object/middle_africa/rock/mafr_rock002/scenes/mafr_rock002.fmdl</containerEntry>
        </property>
        <property name="geomFile" type="FilePtr" container="StaticArray" arraySize="1">
          <containerEntry>/Assets/tpp/environ/object/middle_africa/rock/mafr_rock002/scenes/mafr_rock002.geom</containerEntry>
        </property>
        <property name="isVisibleGeom" type="Bool" container="StaticArray" arraySize="1">
          <containerEntry>false</containerEntry>
        </property>
        <property name="lodFarSize" type="Float" container="StaticArray" arraySize="1">
          <containerEntry>-1</containerEntry>
        </property>
        <property name="lodNearSize" type="Float" container="StaticArray" arraySize="1">
          <containerEntry>-1</containerEntry>
        </property>
        <property name="lodPolygonSize" type="Float" container="StaticArray" arraySize="1">
          <containerEntry>-1</containerEntry>
        </property>
        <property name="drawRejectionLevel" type="Int32" container="StaticArray" arraySize="1">
          <containerEntry>8</containerEntry>
        </property>
        <property name="drawMode" type="Int32" container="StaticArray" arraySize="1">
          <containerEntry>0</containerEntry>
        </property>
        <property name="rejectFarRangeShadowCast" type="Int32" container="StaticArray" arraySize="1">
          <containerEntry>2</containerEntry>
        </property>
        <property name="parentLocator" type="EntityLink" container="StaticArray" arraySize="1">
          <containerEntry packagePathHash="0xB8A0BF169F98" archivePathHash="0xB8A0BF169F98" nameInArchiveHash="0xB8A0BF169F98">0x0</containerEntry>
        </property>
        <property name="transforms" type="Matrix4" container="DynamicArray" arraySize="6">
          <containerEntry r11="-0.8944315" r12="0" r13="4.919356" r14="0" r21="0" r22="5" r23="0" r24="0" r31="-4.919356" r32="0" r33="-0.8944315" r34="0" r41="925.62274" r42="157.54788" r43="-1818.309" r44="1"></containerEntry>
          <containerEntry r11="0.9594728" r12="-0.20714457" r13="-0.19105773" r14="0" r21="0.20856331" r22="0.97792405" r23="-0.012880044" r24="0" r31="0.18950798" r32="-0.027489623" r33="0.98149425" r34="0" r41="968.8567" r42="144.77097" r43="-1841.0149" r44="1"></containerEntry>
          <containerEntry r11="-0.34435612" r12="0" r13="1.8939519" r14="0" r21="0" r22="1.925" r23="0" r24="0" r31="-1.8939519" r32="0" r33="-0.34435612" r34="0" r41="951.35913" r42="167.37265" r43="-1850.0056" r44="1"></containerEntry>
          <containerEntry r11="-1.2451954" r12="0" r13="1.4680357" r14="0" r21="0" r22="1.925" r23="0" r24="0" r31="-1.4680357" r32="0" r33="-1.2451954" r34="0" r41="972.21844" r42="166.56703" r43="-1883.2491" r44="1"></containerEntry>
          <containerEntry r11="-1.2451954" r12="0" r13="1.4680357" r14="0" r21="0" r22="1.925" r23="0" r24="0" r31="-1.4680357" r32="0" r33="-1.2451954" r34="0" r41="985.94025" r42="168.39644" r43="-1899.4266" r44="1"></containerEntry>
          <containerEntry r11="-1.2451954" r12="0" r13="1.4680357" r14="0" r21="0" r22="1.925" r23="0" r24="0" r31="-1.4680357" r32="0" r33="-1.2451954" r34="0" r41="957.6048" r42="168.24763" r43="-1866.0203" r44="1"></containerEntry>
        </property>
        <property name="colors" type="UInt32" container="DynamicArray" arraySize="6">
          <containerEntry>4294967295</containerEntry>
          <containerEntry>4294967295</containerEntry>
          <containerEntry>4294967295</containerEntry>
          <containerEntry>4294967295</containerEntry>
          <containerEntry>4294967295</containerEntry>
          <containerEntry>4294967295</containerEntry>
        </property>
      </staticProperties>
      <dynamicProperties></dynamicProperties>
    </entity>
    <entity class="StaticModelArray" classVersion="4" classID="0xD0" addr="0x317AC00" id="0x0">
      <staticProperties>
        <property name="name" type="String" container="StaticArray" arraySize="1">
          <containerEntry>StaticModelArray0003</containerEntry>
        </property>
        <property name="dataSet" type="EntityHandle" container="StaticArray" arraySize="1">
          <containerEntry>0x32F43E0</containerEntry>
        </property>
        <property name="modelFile" type="FilePtr" container="StaticArray" arraySize="1">
          <containerEntry>/Assets/tpp/environ/object/middle_africa/cliff/mafr_clff003/scenes/mafr_clff003.fmdl</containerEntry>
        </property>
        <property name="geomFile" type="FilePtr" container="StaticArray" arraySize="1">
          <containerEntry>/Assets/tpp/environ/object/middle_africa/cliff/mafr_clff003/scenes/mafr_clff003.geom</containerEntry>
        </property>
        <property name="isVisibleGeom" type="Bool" container="StaticArray" arraySize="1">
          <containerEntry>false</containerEntry>
        </property>
        <property name="lodFarSize" type="Float" container="StaticArray" arraySize="1">
          <containerEntry>-1</containerEntry>
        </property>
        <property name="lodNearSize" type="Float" container="StaticArray" arraySize="1">
          <containerEntry>-1</containerEntry>
        </property>
        <property name="lodPolygonSize" type="Float" container="StaticArray" arraySize="1">
          <containerEntry>-1</containerEntry>
        </property>
        <property name="drawRejectionLevel" type="Int32" container="StaticArray" arraySize="1">
          <containerEntry>8</containerEntry>
        </property>
        <property name="drawMode" type="Int32" container="StaticArray" arraySize="1">
          <containerEntry>0</containerEntry>
        </property>
        <property name="rejectFarRangeShadowCast" type="Int32" container="StaticArray" arraySize="1">
          <containerEntry>2</containerEntry>
        </property>
        <property name="parentLocator" type="EntityLink" container="StaticArray" arraySize="1">
          <containerEntry packagePathHash="0xB8A0BF169F98" archivePathHash="0xB8A0BF169F98" nameInArchiveHash="0xB8A0BF169F98">0x0</containerEntry>
        </property>
        <property name="transforms" type="Matrix4" container="DynamicArray" arraySize="3">
          <containerEntry r11="0.5604766" r12="0.054109484" r13="-0.8264009" r14="0" r21="0.051757626" r22="0.9936241" r23="0.10016138" r24="0" r31="0.82655156" r32="-0.09891065" r33="0.5541024" r34="0" r41="996.81604" r42="168.98145" r43="-1904.3052" r44="1"></containerEntry>
          <containerEntry r11="0.7205232" r12="0.047352355" r13="-0.69181144" r14="0" r21="0.04278018" r22="0.99272984" r23="0.11250469" r24="0" r31="0.6921092" r32="-0.11065805" r33="0.7132591" r34="0" r41="959.00604" r42="166.48145" r43="-1853.7552" r44="1"></containerEntry>
          <containerEntry r11="0.23730391" r12="0.030697854" r13="-0.97094876" r14="0" r21="0.06609553" r22="0.9966742" r23="0.047665164" r24="0" r31="0.96918285" r32="-0.075486526" r33="0.23448569" r34="0" r41="935.0376" r42="155.4155" r43="-1796.8264" r44="1"></containerEntry>
        </property>
        <property name="colors" type="UInt32" container="DynamicArray" arraySize="3">
          <containerEntry>4294967295</containerEntry>
          <containerEntry>4294967295</containerEntry>
          <containerEntry>4294967295</containerEntry>
        </property>
      </staticProperties>
      <dynamicProperties></dynamicProperties>
    </entity>
    <entity class="TexturePackLoadConditioner" classVersion="0" classID="0x48" addr="0x317B220" id="0x0">
      <staticProperties>
        <property name="name" type="String" container="StaticArray" arraySize="1">
          <containerEntry>TexturePackLoadConditioner0000</containerEntry>
        </property>
        <property name="dataSet" type="EntityHandle" container="StaticArray" arraySize="1">
          <containerEntry>0x32F43E0</containerEntry>
        </property>
        <property name="texturePackPath" type="Path" container="StaticArray" arraySize="1">
          <containerEntry hash="0xB8A0BF169F98"></containerEntry>
        </property>
      </staticProperties>
      <dynamicProperties></dynamicProperties>
    </entity>
  </entities>
</fox>