<fox formatVersion="2" fileVersion="0">
  <entities>
    <entity class="DataSet" classVersion="0" classID="0xE8" addr="0x2EF47D0" id="0x2EBE9D2">
      <staticProperties>
        <property name="name" type="String" container="StaticArray" arraySize="1">
          <containerEntry hash="0xB8A0BF169F98"></containerEntry>
        </property>
        <property name="dataSet" type="EntityHandle" container="StaticArray" arraySize="1">
          <containerEntry>0x0</containerEntry>
        </property>
        <property name="dataList" type="EntityPtr" container="StringMap" arraySize="8">
          <containerEntry key="StaticModelArray0000">
            <data>0x2EF0BE0</data>
          </containerEntry>
          <containerEntry key="StaticModelArray0001">
            <data>0x2EF0CC0</data>
          </containerEntry>
          <containerEntry key="StaticModelArray0002">
            <data>0x2EF0D30</data>
          </containerEntry>
          <containerEntry key="StaticModelArray0003">
            <data>0x2EF0860</data>
          </containerEntry>
          <containerEntry key="StaticModelArray0004">
            <data>0x2EF0710</data>
          </containerEntry>
          <containerEntry key="StaticModelArray0005">
            <data>0x2D79AF0</data>
          </containerEntry>
          <containerEntry key="StaticModelArray0006">
            <data>0x2EF0780</data>
          </containerEntry>
          <containerEntry key="TexturePackLoadConditioner0000">
            <data>0x2EF15F0</data>
          </containerEntry>
        </property>
      </staticProperties>
      <dynamicProperties></dynamicProperties>
    </entity>
    <entity class="StaticModelArray" classVersion="4" classID="0xD0" addr="0x2EF0BE0" id="0x0">
      <staticProperties>
        <property name="name" type="String" container="StaticArray" arraySize="1">
          <containerEntry>StaticModelArray0000</containerEntry>
        </property>
        <property name="dataSet" type="EntityHandle" container="StaticArray" arraySize="1">
          <containerEntry>0x2EF47D0</containerEntry>
        </property>
        <property name="modelFile" type="FilePtr" container="StaticArray" arraySize="1">
          <containerEntry>/Assets/tpp/environ/object/middle_africa/tree/mafr_tree038/scenes/mafr_tree038.fmdl</containerEntry>
        </property>
        <property name="geomFile" type="FilePtr" container="StaticArray" arraySize="1">
          <containerEntry>/Assets/tpp/environ/object/middle_africa/tree/mafr_tree038/scenes/mafr_tree038.geom</containerEntry>
        </property>
        <property name="isVisibleGeom" type="Bool" container="StaticArray" arraySize="1">
          <containerEntry>false</containerEntry>
        </property>
        <property name="lodFarSize" type="Float" container="StaticArray" arraySize="1">
          <containerEntry>-1</containerEntry>
        </property>
        <property name="lodNearSize" type="Float" container="StaticArray" arraySize="1">
          <containerEntry>-1</containerEntry>
        </property>
        <property name="lodPolygonSize" type="Float" container="StaticArray" arraySize="1">
          <containerEntry>-1</containerEntry>
        </property>
        <property name="drawRejectionLevel" type="Int32" container="StaticArray" arraySize="1">
          <containerEntry>8</containerEntry>
        </property>
        <property name="drawMode" type="Int32" container="StaticArray" arraySize="1">
          <containerEntry>0</containerEntry>
        </property>
        <property name="rejectFarRangeShadowCast" type="Int32" container="StaticArray" arraySize="1">
          <containerEntry>2</containerEntry>
        </property>
        <property name="parentLocator" type="EntityLink" container="StaticArray" arraySize="1">
          <containerEntry packagePathHash="0xB8A0BF169F98" archivePathHash="0xB8A0BF169F98" nameInArchiveHash="0xB8A0BF169F98">0x0</containerEntry>
        </property>
        <property name="transforms" type="Matrix4" container="DynamicArray" arraySize="11">
          <containerEntry r11="0.78385675" r12="0" r13="-0.6942308" r14="0" r21="0" r22="1.047085" r23="0" r24="0" r31="0.6942308" r32="0" r33="0.78385675" r34="0" r41="-453.3534" r42="0.598354" r43="467.09756" r44="1"></containerEntry>
          <containerEntry r11="0.4452014" r12="0" r13="-0.63110757" r14="0" r21="0" r22="0.772335" r23="0" r24="0" r31="0.63110757" r32="0" r33="0.4452014" r34="0" r41="-445.6454" r42="-2.690826" r43="504.6934" r44="1"></containerEntry>
          <containerEntry r11="0.47714785" r12="0" r13="-0.82547116" r14="0" r21="0" r22="0.953453" r23="0" r24="0" r31="0.82547116" r32="0" r33="0.47714785" r34="0" r41="-456.68585" r42="0.912853" r43="453.20605" r44="1"></containerEntry>
          <containerEntry r11="0.41860932" r12="0" r13="-0.5575129" r14="0" r21="0" r22="0.697176" r23="0" r24="0" r31="0.5575129" r32="0" r33="0.41860932" r34="0" r41="-471.20468" r42="-1.36651" r43="473.04932" r44="1"></containerEntry>
          <containerEntry r11="0.84616023" r12="0" r13="0.42659283" r14="0" r21="0" r22="0.947612" r23="0" r24="0" r31="-0.42659283" r32="0" r33="0.84616023" r34="0" r41="-412.5536" r42="1.923538" r43="462.2561" r44="1"></containerEntry>
          <containerEntry r11="0.43519682" r12="0" r13="0.63804775" r14="0" r21="0" r22="0.772335" r23="0" r24="0" r31="-0.63804775" r32="0" r33="0.43519682" r34="0" r41="-421.137" r42="1.3517" r43="460.21417" r44="1"></containerEntry>
          <containerEntry r11="0.7255092" r12="0" r13="0.7387069" r14="0" r21="0" r22="1.035399" r23="0" r24="0" r31="-0.7387069" r32="0" r33="0.7255092" r34="0" r41="-456.11166" r42="-1.891877" r43="439.73495" r44="1"></containerEntry>
          <containerEntry r11="0.703499" r12="0" r13="-0.33258525" r14="0" r21="0" r22="0.778154" r23="0" r24="0" r31="0.33258525" r32="0" r33="0.703499" r34="0" r41="-429.46234" r42="-3.611538" r43="394.37442" r44="1"></containerEntry>
          <containerEntry r11="0.57927245" r12="0" r13="-0.5817827" r14="0" r21="0" r22="0.820992" r23="0" r24="0" r31="0.5817827" r32="0" r33="0.57927245" r34="0" r41="-474.57742" r42="-4.15283" r43="426.4306" r44="1"></containerEntry>
          <containerEntry r11="0.79031116" r12="0" r13="0.26625642" r14="0" r21="0" r22="0.833957" r23="0" r24="0" r31="-0.26625642" r32="0" r33="0.79031116" r34="0" r41="-478.8225" r42="-3.502347" r43="417.06705" r44="1"></containerEntry>
          <containerEntry r11="0.54297686" r12="-0.06316945" r13="0.48485383" r14="0" r21="0.04711819" r22="0.7279473" r23="0.042074397" r24="0" r31="-0.48667598" r32="4.0830095e-08" r33="0.5450175" r34="0" r41="-485.2311" r42="-3.093463" r43="433.46277" r44="1"></containerEntry>
        </property>
        <property name="colors" type="UInt32" container="DynamicArray" arraySize="11">
          <containerEntry>4294967295</containerEntry>
          <containerEntry>4294967295</containerEntry>
          <containerEntry>4294967295</containerEntry>
          <containerEntry>4294967295</containerEntry>
          <containerEntry>4294967295</containerEntry>
          <containerEntry>4294967295</containerEntry>
          <containerEntry>4294967295</containerEntry>
          <containerEntry>4294967295</containerEntry>
          <containerEntry>4294967295</containerEntry>
          <containerEntry>4294967295</containerEntry>
          <containerEntry>4294967295</containerEntry>
        </property>
      </staticProperties>
      <dynamicProperties></dynamicProperties>
    </entity>
    <entity class="StaticModelArray" classVersion="4" classID="0xD0" addr="0x2EF0CC0" id="0x0">
      <staticProperties>
        <property name="name" type="String" container="StaticArray" arraySize="1">
          <containerEntry>StaticModelArray0001</containerEntry>
        </property>
        <property name="dataSet" type="EntityHandle" container="StaticArray" arraySize="1">
          <containerEntry>0x2EF47D0</containerEntry>
        </property>
        <property name="modelFile" type="FilePtr" container="StaticArray" arraySize="1">
          <containerEntry>/Assets/tpp/environ/object/middle_africa/rock/mafr_rock010/scenes/mafr_rock010.fmdl</containerEntry>
        </property>
        <property name="geomFile" type="FilePtr" container="StaticArray" arraySize="1">
          <containerEntry>/Assets/tpp/environ/object/middle_africa/rock/mafr_rock010/scenes/mafr_rock010.geom</containerEntry>
        </property>
        <property name="isVisibleGeom" type="Bool" container="StaticArray" arraySize="1">
          <containerEntry>false</containerEntry>
        </property>
        <property name="lodFarSize" type="Float" container="StaticArray" arraySize="1">
          <containerEntry>-1</containerEntry>
        </property>
        <property name="lodNearSize" type="Float" container="StaticArray" arraySize="1">
          <containerEntry>-1</containerEntry>
        </property>
        <property name="lodPolygonSize" type="Float" container="StaticArray" arraySize="1">
          <containerEntry>-1</containerEntry>
        </property>
        <property name="drawRejectionLevel" type="Int32" container="StaticArray" arraySize="1">
          <containerEntry>8</containerEntry>
        </property>
        <property name="drawMode" type="Int32" container="StaticArray" arraySize="1">
          <containerEntry>0</containerEntry>
        </property>
        <property name="rejectFarRangeShadowCast" type="Int32" container="StaticArray" arraySize="1">
          <containerEntry>2</containerEntry>
        </property>
        <property name="parentLocator" type="EntityLink" container="StaticArray" arraySize="1">
          <containerEntry packagePathHash="0xB8A0BF169F98" archivePathHash="0xB8A0BF169F98" nameInArchiveHash="0xB8A0BF169F98">0x0</containerEntry>
        </property>
        <property name="transforms" type="Matrix4" container="DynamicArray" arraySize="2">
          <containerEntry r11="0.09735263" r12="-0.18749863" r13="-0.97742856" r14="0" r21="-0.0397356" r22="0.9805783" r23="-0.19206053" r24="0" r31="0.9944563" r32="0.057536297" r33="0.0880115" r34="0" r41="-404.43997" r42="-2.137403" r43="438.47406" r44="1"></containerEntry>
          <containerEntry r11="0.93292856" r12="-0.20147187" r13="-0.29841813" r14="0" r21="0.1683079" r22="0.9766903" r23="-0.13322367" r24="0" r31="0.3183029" r32="0.07406205" r33="0.9450916" r34="0" r41="-398.1929" r42="0.165028" r43="465.64368" r44="1"></containerEntry>
        </property>
        <property name="colors" type="UInt32" container="DynamicArray" arraySize="2">
          <containerEntry>4294967295</containerEntry>
          <containerEntry>4294967295</containerEntry>
        </property>
      </staticProperties>
      <dynamicProperties></dynamicProperties>
    </entity>
    <entity class="StaticModelArray" classVersion="4" classID="0xD0" addr="0x2EF0D30" id="0x0">
      <staticProperties>
        <property name="name" type="String" container="StaticArray" arraySize="1">
          <containerEntry>StaticModelArray0002</containerEntry>
        </property>
        <property name="dataSet" type="EntityHandle" container="StaticArray" arraySize="1">
          <containerEntry>0x2EF47D0</containerEntry>
        </property>
        <property name="modelFile" type="FilePtr" container="StaticArray" arraySize="1">
          <containerEntry>/Assets/tpp/environ/object/middle_africa/mud/mafr_mudd003/scenes/mafr_mudd003_rock001.fmdl</containerEntry>
        </property>
        <property name="geomFile" type="FilePtr" container="StaticArray" arraySize="1">
          <containerEntry>/Assets/tpp/environ/object/middle_africa/mud/mafr_mudd003/scenes/mafr_mudd003_rock001.geom</containerEntry>
        </property>
        <property name="isVisibleGeom" type="Bool" container="StaticArray" arraySize="1">
          <containerEntry>false</containerEntry>
        </property>
        <property name="lodFarSize" type="Float" container="StaticArray" arraySize="1">
          <containerEntry>-1</containerEntry>
        </property>
        <property name="lodNearSize" type="Float" container="StaticArray" arraySize="1">
          <containerEntry>-1</containerEntry>
        </property>
        <property name="lodPolygonSize" type="Float" container="StaticArray" arraySize="1">
          <containerEntry>-1</containerEntry>
        </property>
        <property name="drawRejectionLevel" type="Int32" container="StaticArray" arraySize="1">
          <containerEntry>8</containerEntry>
        </property>
        <property name="drawMode" type="Int32" container="StaticArray" arraySize="1">
          <containerEntry>0</containerEntry>
        </property>
        <property name="rejectFarRangeShadowCast" type="Int32" container="StaticArray" arraySize="1">
          <containerEntry>2</containerEntry>
        </property>
        <property name="parentLocator" type="EntityLink" container="StaticArray" arraySize="1">
          <containerEntry packagePathHash="0xB8A0BF169F98" archivePathHash="0xB8A0BF169F98" nameInArchiveHash="0xB8A0BF169F98">0x0</containerEntry>
        </property>
        <property name="transforms" type="Matrix4" container="DynamicArray" arraySize="4">
          <containerEntry r11="0.051858366" r12="0" r13="-0.9986534" r14="0" r21="0" r22="1" r23="0" r24="0" r31="0.9986534" r32="0" r33="0.051858366" r34="0" r41="-482.92535" r42="-7.372753" r43="462.99323" r44="1"></containerEntry>
          <containerEntry r11="-0.18276823" r12="0" r13="0.98315495" r14="0" r21="0" r22="1" r23="0" r24="0" r31="-0.98315495" r32="0" r33="-0.18276823" r34="0" r41="-484.73917" r42="-7.765924" r43="437.90894" r44="1"></containerEntry>
          <containerEntry r11="-0.6503885" r12="0" r13="0.7596003" r14="0" r21="0" r22="1" r23="0" r24="0" r31="-0.7596003" r32="0" r33="-0.6503885" r34="0" r41="-467.23236" r42="-7.765924" r43="426.0095" r44="1"></containerEntry>
          <containerEntry r11="-0.6503885" r12="0" r13="0.7596003" r14="0" r21="0" r22="1" r23="0" r24="0" r31="-0.7596003" r32="0" r33="-0.6503885" r34="0" r41="-432.48965" r42="-7.765924" r43="395.80777" r44="1"></containerEntry>
        </property>
        <property name="colors" type="UInt32" container="DynamicArray" arraySize="4">
          <containerEntry>4294967295</containerEntry>
          <containerEntry>4294967295</containerEntry>
          <containerEntry>4294967295</containerEntry>
          <containerEntry>4294967295</containerEntry>
        </property>
      </staticProperties>
      <dynamicProperties></dynamicProperties>
    </entity>
    <entity class="StaticModelArray" classVersion="4" classID="0xD0" addr="0x2EF0860" id="0x0">
      <staticProperties>
        <property name="name" type="String" container="StaticArray" arraySize="1">
          <containerEntry>StaticModelArray0003</containerEntry>
        </property>
        <property name="dataSet" type="EntityHandle" container="StaticArray" arraySize="1">
          <containerEntry>0x2EF47D0</containerEntry>
        </property>
        <property name="modelFile" type="FilePtr" container="StaticArray" arraySize="1">
          <containerEntry>/Assets/tpp/environ/object/middle_africa/rock/mafr_rock011/scenes/mafr_rock011.fmdl</containerEntry>
        </property>
        <property name="geomFile" type="FilePtr" container="StaticArray" arraySize="1">
          <containerEntry>/Assets/tpp/environ/object/middle_africa/rock/mafr_rock011/scenes/mafr_rock011.geom</containerEntry>
        </property>
        <property name="isVisibleGeom" type="Bool" container="StaticArray" arraySize="1">
          <containerEntry>false</containerEntry>
        </property>
        <property name="lodFarSize" type="Float" container="StaticArray" arraySize="1">
          <containerEntry>-1</containerEntry>
        </property>
        <property name="lodNearSize" type="Float" container="StaticArray" arraySize="1">
          <containerEntry>-1</containerEntry>
        </property>
        <property name="lodPolygonSize" type="Float" container="StaticArray" arraySize="1">
          <containerEntry>-1</containerEntry>
        </property>
        <property name="drawRejectionLevel" type="Int32" container="StaticArray" arraySize="1">
          <containerEntry>8</containerEntry>
        </property>
        <property name="drawMode" type="Int32" container="StaticArray" arraySize="1">
          <containerEntry>0</containerEntry>
        </property>
        <property name="rejectFarRangeShadowCast" type="Int32" container="StaticArray" arraySize="1">
          <containerEntry>2</containerEntry>
        </property>
        <property name="parentLocator" type="EntityLink" container="StaticArray" arraySize="1">
          <containerEntry packagePathHash="0xB8A0BF169F98" archivePathHash="0xB8A0BF169F98" nameInArchiveHash="0xB8A0BF169F98">0x0</containerEntry>
        </property>
        <property name="transforms" type="Matrix4" container="DynamicArray" arraySize="24">
          <containerEntry r11="0.79877174" r12="-0.04025205" r13="0.6002841" r14="0" r21="-0.20486253" r22="0.9199364" r23="0.33428746" r24="0" r31="-0.56567883" r32="-0.3899952" r33="0.7265731" r34="0" r41="-382.90573" r42="-4.886354" r43="426.55426" r44="1"></containerEntry>
          <containerEntry r11="-0.73004204" r12="0.102938876" r13="0.6755993" r14="0" r21="-0.21734929" r22="0.9022858" r23="-0.3723429" r24="0" r31="-0.6479121" r32="-0.41866836" r33="-0.6363325" r34="0" r41="-390.788" r42="-5.411125" r43="414.47327" r44="1"></containerEntry>
          <containerEntry r11="0.99540395" r12="-0.09400538" r13="0.018220115" r14="0" r21="0.043628734" r22="0.61463106" r23="0.7876058" r24="0" r31="-0.08523803" r32="-0.78319097" r33="0.6159076" r34="0" r41="-396.4739" r42="-3.239112" r43="477.4891" r44="1"></containerEntry>
          <containerEntry r11="-0.91750324" r12="0.14067182" r13="-0.37200776" r14="0" r21="0.29310966" r22="0.8713885" r23="-0.39340603" r24="0" r31="0.26882198" r32="-0.46999204" r33="-0.8407337" r34="0" r41="-388.53268" r42="-4.92204" r43="482.5579" r44="1"></containerEntry>
          <containerEntry r11="-0.9929822" r12="0.049275514" r13="0.107452996" r14="0" r21="0.0010986291" r22="0.9127885" r23="-0.40843043" r24="0" r31="-0.118207514" r32="-0.40544817" r33="-0.9064365" r34="0" r41="-403.3306" r42="-3.784757" r43="484.31964" r44="1"></containerEntry>
          <containerEntry r11="-0.8611166" r12="-0.06392667" r13="-0.50435984" r14="0" r21="0.30124676" r22="0.73498595" r23="-0.607491" r24="0" r31="0.4095326" r32="-0.6750597" r33="-0.61365086" r34="0" r41="-393.71313" r42="-3.985214" r43="502.5228" r44="1"></containerEntry>
          <containerEntry r11="0.9019244" r12="0.12503429" r13="0.4133968" r14="0" r21="-0.33334363" r22="0.81014156" r23="0.48223728" r24="0" r31="-0.2746135" r32="-0.57274413" r33="0.77236503" r34="0" r41="-405.01288" r42="-4.246862" r43="498.25504" r44="1"></containerEntry>
          <containerEntry r11="-0.9990141" r12="-0.043528903" r13="0.008086811" r14="0" r21="-0.039236102" r22="0.7858339" r23="-0.6171909" r24="0" r31="0.020510817" r32="-0.6169024" r33="-0.7867662" r34="0" r41="-414.80743" r42="-5.282596" r43="500.64685" r44="1"></containerEntry>
          <containerEntry r11="-0.792919" r12="0.044016473" r13="-0.60772943" r14="0" r21="0.22768095" r22="0.9465445" r23="-0.22850522" r24="0" r31="0.56518495" r32="-0.31955528" r33="-0.76055473" r34="0" r41="-446.795" r42="-6.13839" r43="492.13702" r44="1"></containerEntry>
          <containerEntry r11="-0.8404469" r12="0.11279298" r13="-0.53001255" r14="0" r21="0.2742396" r22="0.9321267" r23="-0.23649941" r24="0" r31="0.46736318" r32="-0.3441174" r33="-0.814335" r34="0" r41="-465.88382" r42="-4.739836" r43="479.6166" r44="1"></containerEntry>
          <containerEntry r11="-0.58827055" r12="-0.03141248" r13="-0.8080487" r14="0" r21="0.27349535" r22="0.93263257" r23="-0.23536456" r24="0" r31="0.7610058" r32="-0.35945678" r33="-0.5400489" r34="0" r41="-474.9659" r42="-5.077832" r43="474.09875" r44="1"></containerEntry>
          <containerEntry r11="-0.38103238" r12="-0.023517614" r13="0.92425966" r14="0" r21="-0.7231134" r22="0.6305116" r23="-0.28206617" r24="0" r31="-0.5761225" r32="-0.77582216" r33="-0.25725064" r34="0" r41="-475.10965" r42="-4.649823" r43="462.1588" r44="1"></containerEntry>
          <containerEntry r11="0.5208462" r12="-0.074404284" r13="-0.8504" r14="0" r21="0.35622045" r22="0.92425823" r23="0.13730833" r24="0" r31="0.77577275" r32="-0.37444663" r33="0.5079008" r34="0" r41="-473.5777" r42="-5.370245" r43="453.02838" r44="1"></containerEntry>
          <containerEntry r11="0.74471134" r12="-0.00046233786" r13="-0.6673847" r14="0" r21="0.26560187" r22="0.917602" r23="0.29573986" r24="0" r31="0.61225677" r32="-0.39749953" r33="0.6834714" r34="0" r41="-457.80063" r42="-5.79271" r43="435.9225" r44="1"></containerEntry>
          <containerEntry r11="-0.7621795" r12="-0.0015323743" r13="0.64736086" r14="0" r21="-0.5235839" r22="0.5895492" r23="-0.61505383" r24="0" r31="-0.38070843" r32="-0.8077299" r33="-0.45014426" r34="0" r41="-447.7087" r42="-4.5954056" r43="433.7029" r44="1"></containerEntry>
          <containerEntry r11="0.8076582" r12="0.0008931896" r13="-0.58964866" r14="0" r21="0.2716884" r22="0.88695884" r23="0.37348288" r24="0" r31="0.5233277" r32="-0.4618472" r33="0.7161169" r34="0" r41="-439.41882" r42="-4.290002" r43="427.431" r44="1"></containerEntry>
          <containerEntry r11="0.12383347" r12="-0.035370298" r13="-0.9916707" r14="0" r21="0.4108141" r22="0.9115254" r23="0.018787831" r24="0" r31="0.9032686" r32="-0.4097192" r33="0.12740801" r34="0" r41="-461.69946" r42="-3.2453935" r43="454.9839" r44="1"></containerEntry>
          <containerEntry r11="0.83733445" r12="-0.005360374" r13="-0.54666257" r14="0" r21="0.23296596" r22="0.9081127" r23="0.34793377" r24="0" r31="0.4945661" r32="-0.4186908" r33="0.7616429" r34="0" r41="-455.08426" r42="-3.216154" r43="446.63962" r44="1"></containerEntry>
          <containerEntry r11="0.97385955" r12="-0.009216981" r13="0.2269594" r14="0" r21="-0.07962035" r22="0.921931" r23="0.37908286" r24="0" r31="-0.2127349" r32="-0.38724408" r33="0.89709747" r34="0" r41="-393.86667" r42="-5.698151" r43="403.51093" r44="1"></containerEntry>
          <containerEntry r11="0.913746" r12="0.124892525" r13="-0.38661087" r14="0" r21="0.03725986" r22="0.9218095" r23="0.38584822" r24="0" r31="0.40457115" r32="-0.3669724" r33="0.8376463" r34="0" r41="-405.34116" r42="-5.8955164" r43="404.10327" r44="1"></containerEntry>
          <containerEntry r11="-0.83316857" r12="0.14598879" r13="-0.53339475" r14="0" r21="0.33508253" r22="0.900575" r23="-0.27691895" r24="0" r31="0.43993476" r32="-0.40945244" r33="-0.7992488" r34="0" r41="-415.7353" r42="-2.109617" r43="471.70932" r44="1"></containerEntry>
          <containerEntry r11="-0.023011489" r12="-0.0051103826" r13="-0.9997201" r14="0" r21="0.4841661" r22="0.87483686" r23="-0.015616044" r24="0" r31="0.87467194" r32="-0.48438942" r33="-0.017657168" r34="0" r41="-421.0129" r42="-1.651934" r43="464.28717" r44="1"></containerEntry>
          <containerEntry r11="0.9808047" r12="0.029687364" r13="-0.19271968" r14="0" r21="0.057449583" r22="0.90047795" r23="0.4310905" r24="0" r31="0.18633775" r32="-0.4338872" r33="0.8814874" r34="0" r41="-432.54657" r42="-2.729458" r43="440.51688" r44="1"></containerEntry>
          <containerEntry r11="0.37850946" r12="0.11843105" r13="-0.9179875" r14="0" r21="0.28852093" r22="0.9272697" r23="0.2385925" r24="0" r31="0.8794788" r32="-0.35516828" r33="0.31681058" r34="0" r41="-438.94678" r42="-3.1594868" r43="446.99777" r44="1"></containerEntry>
        </property>
        <property name="colors" type="UInt32" container="DynamicArray" arraySize="24">
          <containerEntry>4294967295</containerEntry>
          <containerEntry>4294967295</containerEntry>
          <containerEntry>4294967295</containerEntry>
          <containerEntry>4294967295</containerEntry>
          <containerEntry>4294967295</containerEntry>
          <containerEntry>4294967295</containerEntry>
          <containerEntry>4294967295</containerEntry>
          <containerEntry>4294967295</containerEntry>
          <containerEntry>4294967295</containerEntry>
          <containerEntry>4294967295</containerEntry>
          <containerEntry>4294967295</containerEntry>
          <containerEntry>4294967295</containerEntry>
          <containerEntry>4294967295</containerEntry>
          <containerEntry>4294967295</containerEntry>
          <containerEntry>4294967295</containerEntry>
          <containerEntry>4294967295</containerEntry>
          <containerEntry>4294967295</containerEntry>
          <containerEntry>4294967295</containerEntry>
          <containerEntry>4294967295</containerEntry>
          <containerEntry>4294967295</containerEntry>
          <containerEntry>4294967295</containerEntry>
          <containerEntry>4294967295</containerEntry>
          <containerEntry>4294967295</containerEntry>
          <containerEntry>4294967295</containerEntry>
        </property>
      </staticProperties>
      <dynamicProperties></dynamicProperties>
    </entity>
    <entity class="StaticModelArray" classVersion="4" classID="0xD0" addr="0x2EF0710" id="0x0">
      <staticProperties>
        <property name="name" type="String" container="StaticArray" arraySize="1">
          <containerEntry>StaticModelArray0004</containerEntry>
        </property>
        <property name="dataSet" type="EntityHandle" container="StaticArray" arraySize="1">
          <containerEntry>0x2EF47D0</containerEntry>
        </property>
        <property name="modelFile" type="FilePtr" container="StaticArray" arraySize="1">
          <containerEntry>/Assets/tpp/environ/object/middle_africa/rock/mafr_rock007/scenes/mafr_rock007.fmdl</containerEntry>
        </property>
        <property name="geomFile" type="FilePtr" container="StaticArray" arraySize="1">
          <containerEntry>/Assets/tpp/environ/object/middle_africa/rock/mafr_rock007/scenes/mafr_rock007.geom</containerEntry>
        </property>
        <property name="isVisibleGeom" type="Bool" container="StaticArray" arraySize="1">
          <containerEntry>false</containerEntry>
        </property>
        <property name="lodFarSize" type="Float" container="StaticArray" arraySize="1">
          <containerEntry>-1</containerEntry>
        </property>
        <property name="lodNearSize" type="Float" container="StaticArray" arraySize="1">
          <containerEntry>-1</containerEntry>
        </property>
        <property name="lodPolygonSize" type="Float" container="StaticArray" arraySize="1">
          <containerEntry>-1</containerEntry>
        </property>
        <property name="drawRejectionLevel" type="Int32" container="StaticArray" arraySize="1">
          <containerEntry>8</containerEntry>
        </property>
        <property name="drawMode" type="Int32" container="StaticArray" arraySize="1">
          <containerEntry>0</containerEntry>
        </property>
        <property name="rejectFarRangeShadowCast" type="Int32" container="StaticArray" arraySize="1">
          <containerEntry>2</containerEntry>
        </property>
        <property name="parentLocator" type="EntityLink" container="StaticArray" arraySize="1">
          <containerEntry packagePathHash="0xB8A0BF169F98" archivePathHash="0xB8A0BF169F98" nameInArchiveHash="0xB8A0BF169F98">0x0</containerEntry>
        </property>
        <property name="transforms" type="Matrix4" container="DynamicArray" arraySize="2">
          <containerEntry r11="0.6479607" r12="-0.017061064" r13="0.76148266" r14="0" r21="-0.05463946" r22="0.99613225" r23="0.0688122" r24="0" r31="-0.75971144" r32="-0.0861946" r33="0.64452237" r34="0" r41="-384.36996" r42="-0.9345" r43="428.7597" r44="1"></containerEntry>
          <containerEntry r11="0.62852234" r12="0.29673544" r13="0.7189632" r14="0" r21="-0.41723433" r22="0.90874046" r23="-0.010312617" r24="0" r31="-0.6564111" r32="-0.2934943" r33="0.6949718" r34="0" r41="-444.4728" r42="-1.915748" r43="429.93182" r44="1"></containerEntry>
        </property>
        <property name="colors" type="UInt32" container="DynamicArray" arraySize="2">
          <containerEntry>4294967295</containerEntry>
          <containerEntry>4294967295</containerEntry>
        </property>
      </staticProperties>
      <dynamicProperties></dynamicProperties>
    </entity>
    <entity class="StaticModelArray" classVersion="4" classID="0xD0" addr="0x2D79AF0" id="0x0">
      <staticProperties>
        <property name="name" type="String" container="StaticArray" arraySize="1">
          <containerEntry>StaticModelArray0005</containerEntry>
        </property>
        <property name="dataSet" type="EntityHandle" container="StaticArray" arraySize="1">
          <containerEntry>0x2EF47D0</containerEntry>
        </property>
        <property name="modelFile" type="FilePtr" container="StaticArray" arraySize="1">
          <containerEntry>/Assets/tpp/environ/object/middle_africa/mud/mafr_mudd003/scenes/mafr_mudd003.fmdl</containerEntry>
        </property>
        <property name="geomFile" type="FilePtr" container="StaticArray" arraySize="1">
          <containerEntry>/Assets/tpp/environ/object/middle_africa/mud/mafr_mudd003/scenes/mafr_mudd003.geom</containerEntry>
        </property>
        <property name="isVisibleGeom" type="Bool" container="StaticArray" arraySize="1">
          <containerEntry>false</containerEntry>
        </property>
        <property name="lodFarSize" type="Float" container="StaticArray" arraySize="1">
          <containerEntry>-1</containerEntry>
        </property>
        <property name="lodNearSize" type="Float" container="StaticArray" arraySize="1">
          <containerEntry>-1</containerEntry>
        </property>
        <property name="lodPolygonSize" type="Float" container="StaticArray" arraySize="1">
          <containerEntry>-1</containerEntry>
        </property>
        <property name="drawRejectionLevel" type="Int32" container="StaticArray" arraySize="1">
          <containerEntry>8</containerEntry>
        </property>
        <property name="drawMode" type="Int32" container="StaticArray" arraySize="1">
          <containerEntry>0</containerEntry>
        </property>
        <property name="rejectFarRangeShadowCast" type="Int32" container="StaticArray" arraySize="1">
          <containerEntry>2</containerEntry>
        </property>
        <property name="parentLocator" type="EntityLink" container="StaticArray" arraySize="1">
          <containerEntry packagePathHash="0xB8A0BF169F98" archivePathHash="0xB8A0BF169F98" nameInArchiveHash="0xB8A0BF169F98">0x0</containerEntry>
        </property>
        <property name="transforms" type="Matrix4" container="DynamicArray" arraySize="49">
          <containerEntry r11="1" r12="0" r13="0" r14="0" r21="0" r22="1" r23="0" r24="0" r31="0" r32="0" r33="1" r34="0" r41="-487.30032" r42="-4.068466" r43="496.40518" r44="1"></containerEntry>
          <containerEntry r11="0.806334" r12="0" r13="0.59146047" r14="0" r21="0" r22="1" r23="0" r24="0" r31="-0.59146047" r32="0" r33="0.806334" r34="0" r41="-487.98242" r42="-4.068466" r43="511.23843" r44="1"></containerEntry>
          <containerEntry r11="0.38611263" r12="0" r13="0.9224516" r14="0" r21="0" r22="1" r23="0" r24="0" r31="-0.9224516" r32="0" r33="0.38611263" r34="0" r41="-496.05374" r42="-4.068466" r43="485.9156" r44="1"></containerEntry>
          <containerEntry r11="1" r12="0" r13="0" r14="0" r21="0" r22="1" r23="0" r24="0" r31="0" r32="0" r33="1" r34="0" r41="-508.63132" r42="-4.133555" r43="484.2084" r44="1"></containerEntry>
          <containerEntry r11="-0.41622758" r12="0" r13="0.90926063" r14="0" r21="0" r22="1" r23="0" r24="0" r31="-0.90926063" r32="0" r33="-0.41622758" r34="0" r41="-492.6023" r42="-4.068466" r43="448.07626" r44="1"></containerEntry>
          <containerEntry r11="-0.90273225" r12="0" r13="0.43020502" r14="0" r21="0" r22="1" r23="0" r24="0" r31="-0.43020502" r32="0" r33="-0.90273225" r34="0" r41="-498.23056" r42="-4.068466" r43="451.11005" r44="1"></containerEntry>
          <containerEntry r11="-0.41622758" r12="0" r13="0.90926063" r14="0" r21="0" r22="1" r23="0" r24="0" r31="-0.90926063" r32="0" r33="-0.41622758" r34="0" r41="-481.14822" r42="-4.068466" r43="455.41458" r44="1"></containerEntry>
          <containerEntry r11="0.6307519" r12="0" r13="-0.7759839" r14="0" r21="0" r22="1" r23="0" r24="0" r31="0.7759839" r32="0" r33="0.6307519" r34="0" r41="-476.13724" r42="-4.164919" r43="450.5044" r44="1"></containerEntry>
          <containerEntry r11="-0.34438336" r12="0" r13="0.93882835" r14="0" r21="0" r22="1" r23="0" r24="0" r31="-0.93882835" r32="0" r33="-0.34438336" r34="0" r41="-474.81958" r42="-4.17206" r43="447.77945" r44="1"></containerEntry>
          <containerEntry r11="0.63193345" r12="0" r13="-0.7750228" r14="0" r21="0" r22="1" r23="0" r24="0" r31="0.7750228" r32="0" r33="0.63193345" r34="0" r41="-478.39172" r42="-4.068466" r43="434.34006" r44="1"></containerEntry>
          <containerEntry r11="-0.41622758" r12="0" r13="0.90926063" r14="0" r21="0" r22="1" r23="0" r24="0" r31="-0.90926063" r32="0" r33="-0.41622758" r34="0" r41="-463.48465" r42="-4.068466" r43="424.3563" r44="1"></containerEntry>
          <containerEntry r11="0.6307519" r12="0" r13="-0.7759839" r14="0" r21="0" r22="1" r23="0" r24="0" r31="0.7759839" r32="0" r33="0.6307519" r34="0" r41="-458.07938" r42="-4.164919" r43="420.11954" r44="1"></containerEntry>
          <containerEntry r11="0.52580225" r12="0" r13="-0.8506057" r14="0" r21="0" r22="1" r23="0" r24="0" r31="0.8506057" r32="0" r33="0.52580225" r34="0" r41="-454.48404" r42="-4.212383" r43="417.65527" r44="1"></containerEntry>
          <containerEntry r11="-0.711509" r12="0" r13="0.70267206" r14="0" r21="0" r22="1" r23="0" r24="0" r31="-0.70267206" r32="0" r33="-0.711509" r34="0" r41="-452.74612" r42="-4.212383" r43="415.57013" r44="1"></containerEntry>
          <containerEntry r11="-0.711509" r12="0" r13="0.70267206" r14="0" r21="0" r22="1" r23="0" r24="0" r31="-0.70267206" r32="0" r33="-0.711509" r34="0" r41="-449.3381" r42="-4.212383" r43="412.33432" r44="1"></containerEntry>
          <containerEntry r11="-0.0914253" r12="0.045138046" r13="-0.9947885" r14="0" r21="-0.021255098" r22="0.99865615" r23="0.047266975" r24="0" r31="0.9955852" r32="0.02546572" r33="-0.090343" r34="0" r41="-417.69693" r42="-4.480892" r43="396.13535" r44="1"></containerEntry>
          <containerEntry r11="-0.6623719" r12="0" r13="0.7491772" r14="0" r21="0" r22="1" r23="0" r24="0" r31="-0.7491772" r32="0" r33="-0.6623719" r34="0" r41="-415.1679" r42="-4.068466" r43="389.45303" r44="1"></containerEntry>
          <containerEntry r11="-0.41622758" r12="0" r13="0.90926063" r14="0" r21="0" r22="1" r23="0" r24="0" r31="-0.90926063" r32="0" r33="-0.41622758" r34="0" r41="-461.838" r42="-4.068466" r43="435.17178" r44="1"></containerEntry>
          <containerEntry r11="0.6138517" r12="0" r13="-0.78942084" r14="0" r21="0" r22="1" r23="0" r24="0" r31="0.78942084" r32="0" r33="0.6138517" r34="0" r41="-456.18" r42="-4.116095" r43="433.071" r44="1"></containerEntry>
          <containerEntry r11="-0.42639434" r12="0" r13="0.90453607" r14="0" r21="0" r22="1" r23="0" r24="0" r31="-0.90453607" r32="0" r33="-0.42639434" r34="0" r41="-444.90683" r42="-4.339594" r43="420.19052" r44="1"></containerEntry>
          <containerEntry r11="0.84606516" r12="0" r13="-0.53307897" r14="0" r21="0" r22="1" r23="0" r24="0" r31="0.53307897" r32="0" r33="0.84606516" r34="0" r41="-438.82935" r42="-4.185165" r43="418.49622" r44="1"></containerEntry>
          <containerEntry r11="0.71880555" r12="0" r13="-0.69521135" r14="0" r21="0" r22="1" r23="0" r24="0" r31="0.69521135" r32="0" r33="0.71880555" r34="0" r41="-414.28635" r42="-4.308867" r43="403.84784" r44="1"></containerEntry>
          <containerEntry r11="0.87362224" r12="0" r13="-0.48660478" r14="0" r21="0" r22="1" r23="0" r24="0" r31="0.48660478" r32="0" r33="0.87362224" r34="0" r41="-403.15268" r42="-4.068466" r43="398.74762" r44="1"></containerEntry>
          <containerEntry r11="-0.8854568" r12="0" r13="0.4647181" r14="0" r21="0" r22="1" r23="0" r24="0" r31="-0.4647181" r32="0" r33="-0.8854568" r34="0" r41="-398.12637" r42="-4.068466" r43="397.44342" r44="1"></containerEntry>
          <containerEntry r11="-0.7910119" r12="0.032311976" r13="0.61093926" r14="0" r21="-0.005733478" r22="0.99816895" r23="-0.060215466" r24="0" r31="-0.6117662" r32="-0.05113425" r33="-0.7893783" r34="0" r41="-435.97565" r42="-4.310668" r43="413.7057" r44="1"></containerEntry>
          <containerEntry r11="0.84606516" r12="0" r13="-0.53307897" r14="0" r21="0" r22="1" r23="0" r24="0" r31="0.53307897" r32="0" r33="0.84606516" r34="0" r41="-428.9746" r42="-4.229863" r43="412.4825" r44="1"></containerEntry>
          <containerEntry r11="-0.4038881" r12="0" r13="0.91480505" r14="0" r21="0" r22="1" r23="0" r24="0" r31="-0.91480505" r32="0" r33="-0.4038881" r34="0" r41="-419.7021" r42="-4.194549" r43="406.5688" r44="1"></containerEntry>
          <containerEntry r11="0.84606516" r12="0" r13="-0.53307897" r14="0" r21="0" r22="1" r23="0" r24="0" r31="0.53307897" r32="0" r33="0.84606516" r34="0" r41="-420.68848" r42="-4.229863" r43="408.3693" r44="1"></containerEntry>
          <containerEntry r11="0.6138517" r12="0" r13="-0.78942084" r14="0" r21="0" r22="1" r23="0" r24="0" r31="0.78942084" r32="0" r33="0.6138517" r34="0" r41="-451.49332" r42="-4.116094" r43="427.17166" r44="1"></containerEntry>
          <containerEntry r11="-0.39402914" r12="0" r13="0.9190994" r14="0" r21="0" r22="1" r23="0" r24="0" r31="-0.9190994" r32="0" r33="-0.39402914" r34="0" r41="-509.00186" r42="-4.068466" r43="463.67413" r44="1"></containerEntry>
          <containerEntry r11="-0.39402914" r12="0" r13="0.9190994" r14="0" r21="0" r22="1" r23="0" r24="0" r31="-0.9190994" r32="0" r33="-0.39402914" r34="0" r41="-513.50146" r42="-4.068466" r43="467.02206" r44="1"></containerEntry>
          <containerEntry r11="0.5484706" r12="0" r13="-0.8361694" r14="0" r21="0" r22="1" r23="0" r24="0" r31="0.8361694" r32="0" r33="0.5484706" r34="0" r41="-465.45163" r42="-4.212383" r43="439.27985" r44="1"></containerEntry>
          <containerEntry r11="-0.7569201" r12="0" r13="0.65350777" r14="0" r21="0" r22="1" r23="0" r24="0" r31="-0.65350777" r32="0" r33="-0.7569201" r34="0" r41="-426.41006" r42="-4.068466" r43="397.43417" r44="1"></containerEntry>
          <containerEntry r11="0.99876326" r12="0" r13="-0.04971858" r14="0" r21="0" r22="1" r23="0" r24="0" r31="0.04971858" r32="0" r33="0.99876326" r34="0" r41="-387.76578" r42="-4.128886" r43="397.44342" r44="1"></containerEntry>
          <containerEntry r11="1" r12="0" r13="0" r14="0" r21="0" r22="1" r23="0" r24="0" r31="0" r32="0" r33="1" r34="0" r41="-470.14096" r42="-4.210348" r43="485.05334" r44="1"></containerEntry>
          <containerEntry r11="-0.9970411" r12="0" r13="-0.07687907" r14="0" r21="0" r22="1" r23="0" r24="0" r31="0.07687907" r32="0" r33="-0.9970411" r34="0" r41="-462.68332" r42="-4.111116" r43="486.43384" r44="1"></containerEntry>
          <containerEntry r11="-0.4759786" r12="0" r13="0.87945884" r14="0" r21="0" r22="1" r23="0" r24="0" r31="-0.87945884" r32="0" r33="-0.4759786" r34="0" r41="-448.74893" r42="-4.068466" r43="499.7903" r44="1"></containerEntry>
          <containerEntry r11="0.71347857" r12="0" r13="-0.700677" r14="0" r21="0" r22="1" r23="0" r24="0" r31="0.700677" r32="0" r33="0.71347857" r34="0" r41="-454.01138" r42="-4.068466" r43="506.89066" r44="1"></containerEntry>
          <containerEntry r11="-0.814021" r12="0" r13="0.5808359" r14="0" r21="0" r22="1" r23="0" r24="0" r31="-0.5808359" r32="0" r33="-0.814021" r34="0" r41="-502.44687" r42="-4.068466" r43="507.89224" r44="1"></containerEntry>
