<fox formatVersion="2" fileVersion="0">
  <entities>
    <entity class="DataSet" classVersion="0" classID="0xE8" addr="0x2F04990" id="0x12E75B">
      <staticProperties>
        <property name="name" type="String" container="StaticArray" arraySize="1">
          <containerEntry hash="0xB8A0BF169F98"></containerEntry>
        </property>
        <property name="dataSet" type="EntityHandle" container="StaticArray" arraySize="1">
          <containerEntry>0x0</containerEntry>
        </property>
        <property name="dataList" type="EntityPtr" container="StringMap" arraySize="11">
          <containerEntry key="mafr_rock002_0009">
            <data>0x2F029A0</data>
          </containerEntry>
          <containerEntry key="mafr_tree023_0011">
            <data>0x2F02850</data>
          </containerEntry>
          <containerEntry key="mafr_rock010_0009">
            <data>0x2F01DD0</data>
          </containerEntry>
          <containerEntry key="StaticModelArray0000">
            <data>0x2D79B60</data>
          </containerEntry>
          <containerEntry key="StaticModelArray0001">
            <data>0x2D79930</data>
          </containerEntry>
          <containerEntry key="StaticModelArray0002">
            <data>0x2D79A10</data>
          </containerEntry>
          <containerEntry key="StaticModelArray0003">
            <data>0x2D79310</data>
          </containerEntry>
          <containerEntry key="StaticModelArray0004">
            <data>0x2F02B60</data>
          </containerEntry>
          <containerEntry key="StaticModelArray0005">
            <data>0x2D79230</data>
          </containerEntry>
          <containerEntry key="StaticModelArray0006">
            <data>0x2D792A0</data>
          </containerEntry>
          <containerEntry key="TexturePackLoadConditioner0000">
            <data>0x2D793F0</data>
          </containerEntry>
        </property>
      </staticProperties>
      <dynamicProperties></dynamicProperties>
    </entity>
    <entity class="StaticModel" classVersion="9" classID="0x160" addr="0x2F029A0" id="0x12E805">
      <staticProperties>
        <property name="name" type="String" container="StaticArray" arraySize="1">
          <containerEntry>mafr_rock002_0009</containerEntry>
        </property>
        <property name="dataSet" type="EntityHandle" container="StaticArray" arraySize="1">
          <containerEntry>0x2F04990</containerEntry>
        </property>
        <property name="parent" type="EntityHandle" container="StaticArray" arraySize="1">
          <containerEntry>0x0</containerEntry>
        </property>
        <property name="transform" type="EntityPtr" container="StaticArray" arraySize="1">
          <containerEntry>0x2F02930</containerEntry>
        </property>
        <property name="shearTransform" type="EntityPtr" container="StaticArray" arraySize="1">
          <containerEntry>0x0</containerEntry>
        </property>
        <property name="pivotTransform" type="EntityPtr" container="StaticArray" arraySize="1">
          <containerEntry>0x0</containerEntry>
        </property>
        <property name="children" type="EntityHandle" container="List"></property>
        <property name="flags" type="UInt32" container="StaticArray" arraySize="1">
          <containerEntry>2147483655</containerEntry>
        </property>
        <property name="modelFile" type="FilePtr" container="StaticArray" arraySize="1">
          <containerEntry>/Assets/tpp/environ/object/middle_africa/rock/mafr_rock002/scenes/mafr_rock002.fmdl</containerEntry>
        </property>
        <property name="geomFile" type="FilePtr" container="StaticArray" arraySize="1">
          <containerEntry>/Assets/tpp/environ/object/middle_africa/rock/mafr_rock002/scenes/mafr_rock002.geom</containerEntry>
        </property>
        <property name="isVisibleGeom" type="Bool" container="StaticArray" arraySize="1">
          <containerEntry>false</containerEntry>
        </property>
        <property name="isIsolated" type="Bool" container="StaticArray" arraySize="1">
          <containerEntry>false</containerEntry>
        </property>
        <property name="lodFarSize" type="Float" container="StaticArray" arraySize="1">
          <containerEntry>-1</containerEntry>
        </property>
        <property name="lodNearSize" type="Float" container="StaticArray" arraySize="1">
          <containerEntry>-1</containerEntry>
        </property>
        <property name="lodPolygonSize" type="Float" container="StaticArray" arraySize="1">
          <containerEntry>-1</containerEntry>
        </property>
        <property name="color" type="Color" container="StaticArray" arraySize="1">
          <containerEntry r="1" g="1" b="1" a="1"></containerEntry>
        </property>
        <property name="drawRejectionLevel" type="Int32" container="StaticArray" arraySize="1">
          <containerEntry>8</containerEntry>
        </property>
        <property name="drawMode" type="Int32" container="StaticArray" arraySize="1">
          <containerEntry>0</containerEntry>
        </property>
        <property name="rejectFarRangeShadowCast" type="Int32" container="StaticArray" arraySize="1">
          <containerEntry>2</containerEntry>
        </property>
      </staticProperties>
      <dynamicProperties></dynamicProperties>
    </entity>
    <entity class="TransformEntity" classVersion="0" classID="0x50" addr="0x2F02930" id="0x12E808">
      <staticProperties>
        <property name="owner" type="EntityHandle" container="StaticArray" arraySize="1">
          <containerEntry>0x2F029A0</containerEntry>
        </property>
        <property name="transform_scale" type="Vector3" container="StaticArray" arraySize="1">
          <containerEntry x="1" y="1" z="0.999999" w="0"></containerEntry>
        </property>
        <property name="transform_rotation_quat" type="Quat" container="StaticArray" arraySize="1">
          <containerEntry x="-0.00296" y="-0.898197" z="0.027937" w="0.438694"></containerEntry>
        </property>
        <property name="transform_translation" type="Vector3" container="StaticArray" arraySize="1">
          <containerEntry x="2444.2754" y="-9.825645" z="1901.5262" w="1"></containerEntry>
        </property>
      </staticProperties>
      <dynamicProperties></dynamicProperties>
    </entity>
    <entity class="StaticModel" classVersion="9" classID="0x160" addr="0x2F02850" id="0x12E80C">
      <staticProperties>
        <property name="name" type="String" container="StaticArray" arraySize="1">
          <containerEntry>mafr_tree023_0011</containerEntry>
        </property>
        <property name="dataSet" type="EntityHandle" container="StaticArray" arraySize="1">
          <containerEntry>0x2F04990</containerEntry>
        </property>
        <property name="parent" type="EntityHandle" container="StaticArray" arraySize="1">
          <containerEntry>0x0</containerEntry>
        </property>
        <property name="transform" type="EntityPtr" container="StaticArray" arraySize="1">
          <containerEntry>0x2F027E0</containerEntry>
        </property>
        <property name="shearTransform" type="EntityPtr" container="StaticArray" arraySize="1">
          <containerEntry>0x0</containerEntry>
        </property>
        <property name="pivotTransform" type="EntityPtr" container="StaticArray" arraySize="1">
          <containerEntry>0x0</containerEntry>
        </property>
        <property name="children" type="EntityHandle" container="List"></property>
        <property name="flags" type="UInt32" container="StaticArray" arraySize="1">
          <containerEntry>2147483655</containerEntry>
        </property>
        <property name="modelFile" type="FilePtr" container="StaticArray" arraySize="1">
          <containerEntry>/Assets/tpp/environ/object/middle_africa/tree/mafr_tree023/scenes/mafr_tree023.fmdl</containerEntry>
        </property>
        <property name="geomFile" type="FilePtr" container="StaticArray" arraySize="1">
          <containerEntry>/Assets/tpp/environ/object/middle_africa/tree/mafr_tree023/scenes/mafr_tree023.geom</containerEntry>
        </property>
        <property name="isVisibleGeom" type="Bool" container="StaticArray" arraySize="1">
          <containerEntry>false</containerEntry>
        </property>
        <property name="isIsolated" type="Bool" container="StaticArray" arraySize="1">
          <containerEntry>false</containerEntry>
        </property>
        <property name="lodFarSize" type="Float" container="StaticArray" arraySize="1">
          <containerEntry>-1</containerEntry>
        </property>
        <property name="lodNearSize" type="Float" container="StaticArray" arraySize="1">
          <containerEntry>-1</containerEntry>
        </property>
        <property name="lodPolygonSize" type="Float" container="StaticArray" arraySize="1">
          <containerEntry>-1</containerEntry>
        </property>
        <property name="color" type="Color" container="StaticArray" arraySize="1">
          <containerEntry r="1" g="1" b="1" a="1"></containerEntry>
        </property>
        <property name="drawRejectionLevel" type="Int32" container="StaticArray" arraySize="1">
          <containerEntry>8</containerEntry>
        </property>
        <property name="drawMode" type="Int32" container="StaticArray" arraySize="1">
          <containerEntry>0</containerEntry>
        </property>
        <property name="rejectFarRangeShadowCast" type="Int32" container="StaticArray" arraySize="1">
          <containerEntry>2</containerEntry>
        </property>
      </staticProperties>
      <dynamicProperties></dynamicProperties>
    </entity>
    <entity class="TransformEntity" classVersion="0" classID="0x50" addr="0x2F027E0" id="0x12E80F">
      <staticProperties>
        <property name="owner" type="EntityHandle" container="StaticArray" arraySize="1">
          <containerEntry>0x2F02850</containerEntry>
        </property>
        <property name="transform_scale" type="Vector3" container="StaticArray" arraySize="1">
          <containerEntry x="1.300001" y="1.3" z="1.300001" w="0"></containerEntry>
        </property>
        <property name="transform_rotation_quat" type="Quat" container="StaticArray" arraySize="1">
          <containerEntry x="-0.001783" y="-0.862971" z="-0.007386" w="-0.505196"></containerEntry>
        </property>
        <property name="transform_translation" type="Vector3" container="StaticArray" arraySize="1">
          <containerEntry x="2464.323" y="-8.69972" z="1896.8184" w="0"></containerEntry>
        </property>
      </staticProperties>
      <dynamicProperties></dynamicProperties>
    </entity>
    <entity class="StaticModel" classVersion="9" classID="0x160" addr="0x2F01DD0" id="0x12E844">
      <staticProperties>
        <property name="name" type="String" container="StaticArray" arraySize="1">
          <containerEntry>mafr_rock010_0009</containerEntry>
        </property>
        <property name="dataSet" type="EntityHandle" container="StaticArray" arraySize="1">
          <containerEntry>0x2F04990</containerEntry>
        </property>
        <property name="parent" type="EntityHandle" container="StaticArray" arraySize="1">
          <containerEntry>0x0</containerEntry>
        </property>
        <property name="transform" type="EntityPtr" container="StaticArray" arraySize="1">
          <containerEntry>0x2F01D60</containerEntry>
        </property>
        <property name="shearTransform" type="EntityPtr" container="StaticArray" arraySize="1">
          <containerEntry>0x0</containerEntry>
        </property>
        <property name="pivotTransform" type="EntityPtr" container="StaticArray" arraySize="1">
          <containerEntry>0x0</containerEntry>
        </property>
        <property name="children" type="EntityHandle" container="List"></property>
        <property name="flags" type="UInt32" container="StaticArray" arraySize="1">
          <containerEntry>2147483655</containerEntry>
        </property>
        <property name="modelFile" type="FilePtr" container="StaticArray" arraySize="1">
          <containerEntry>/Assets/tpp/environ/object/middle_africa/rock/mafr_rock010/scenes/mafr_rock010.fmdl</containerEntry>
        </property>
        <property name="geomFile" type="FilePtr" container="StaticArray" arraySize="1">
          <containerEntry>/Assets/tpp/environ/object/middle_africa/rock/mafr_rock010/scenes/mafr_rock010.geom</containerEntry>
        </property>
        <property name="isVisibleGeom" type="Bool" container="StaticArray" arraySize="1">
          <containerEntry>false</containerEntry>
        </property>
        <property name="isIsolated" type="Bool" container="StaticArray" arraySize="1">
          <containerEntry>false</containerEntry>
        </property>
        <property name="lodFarSize" type="Float" container="StaticArray" arraySize="1">
          <containerEntry>-1</containerEntry>
        </property>
        <property name="lodNearSize" type="Float" container="StaticArray" arraySize="1">
          <containerEntry>-1</containerEntry>
        </property>
        <property name="lodPolygonSize" type="Float" container="StaticArray" arraySize="1">
          <containerEntry>-1</containerEntry>
        </property>
        <property name="color" type="Color" container="StaticArray" arraySize="1">
          <containerEntry r="1" g="1" b="1" a="1"></containerEntry>
        </property>
        <property name="drawRejectionLevel" type="Int32" container="StaticArray" arraySize="1">
          <containerEntry>8</containerEntry>
        </property>
        <property name="drawMode" type="Int32" container="StaticArray" arraySize="1">
          <containerEntry>0</containerEntry>
        </property>
        <property name="rejectFarRangeShadowCast" type="Int32" container="StaticArray" arraySize="1">
          <containerEntry>2</containerEntry>
        </property>
      </staticProperties>
      <dynamicProperties></dynamicProperties>
    </entity>
    <entity class="TransformEntity" classVersion="0" classID="0x50" addr="0x2F01D60" id="0x12E847">
      <staticProperties>
        <property name="owner" type="EntityHandle" container="StaticArray" arraySize="1">
          <containerEntry>0x2F01DD0</containerEntry>
        </property>
        <property name="transform_scale" type="Vector3" container="StaticArray" arraySize="1">
          <containerEntry x="0.999999" y="1" z="1" w="0"></containerEntry>
        </property>
        <property name="transform_rotation_quat" type="Quat" container="StaticArray" arraySize="1">
          <containerEntry x="-0.060914" y="-0.840735" z="-0.11884" w="0.524719"></containerEntry>
        </property>
        <property name="transform_translation" type="Vector3" container="StaticArray" arraySize="1">
          <containerEntry x="2473.974" y="-13.937142" z="1852.6835" w="0"></containerEntry>
        </property>
      </staticProperties>
      <dynamicProperties></dynamicProperties>
    </entity>
    <entity class="StaticModelArray" classVersion="4" classID="0xD0" addr="0x2D79B60" id="0x0">
      <staticProperties>
        <property name="name" type="String" container="StaticArray" arraySize="1">
          <containerEntry>StaticModelArray0000</containerEntry>
        </property>
        <property name="dataSet" type="EntityHandle" container="StaticArray" arraySize="1">
          <containerEntry>0x2F04990</containerEntry>
        </property>
        <property name="modelFile" type="FilePtr" container="StaticArray" arraySize="1">
          <containerEntry>/Assets/tpp/environ/object/middle_africa/clod/mafr_clod001/scenes/mafr_clod001.fmdl</containerEntry>
        </property>
        <property name="geomFile" type="FilePtr" container="StaticArray" arraySize="1">
          <containerEntry>/Assets/tpp/environ/object/middle_africa/clod/mafr_clod001/scenes/mafr_clod001.geom</containerEntry>
        </property>
        <property name="isVisibleGeom" type="Bool" container="StaticArray" arraySize="1">
          <containerEntry>false</containerEntry>
        </property>
        <property name="lodFarSize" type="Float" container="StaticArray" arraySize="1">
          <containerEntry>-1</containerEntry>
        </property>
        <property name="lodNearSize" type="Float" container="StaticArray" arraySize="1">
          <containerEntry>-1</containerEntry>
        </property>
        <property name="lodPolygonSize" type="Float" container="StaticArray" arraySize="1">
          <containerEntry>-1</containerEntry>
        </property>
        <property name="drawRejectionLevel" type="Int32" container="StaticArray" arraySize="1">
          <containerEntry>8</containerEntry>
        </property>
        <property name="drawMode" type="Int32" container="StaticArray" arraySize="1">
          <containerEntry>0</containerEntry>
        </property>
        <property name="rejectFarRangeShadowCast" type="Int32" container="StaticArray" arraySize="1">
          <containerEntry>2</containerEntry>
        </property>
        <property name="parentLocator" type="EntityLink" container="StaticArray" arraySize="1">
          <containerEntry packagePathHash="0xB8A0BF169F98" archivePathHash="0xB8A0BF169F98" nameInArchiveHash="0xB8A0BF169F98">0x0</containerEntry>
        </property>
        <property name="transforms" type="Matrix4" container="DynamicArray" arraySize="25">
          <containerEntry r11="-0.8726343" r12="-0.0036686966" r13="0.4883587" r14="0" r21="-0.027271092" r22="0.99877757" r23="-0.04122685" r24="0" r31="-0.4876105" r32="-0.049294077" r33="-0.87166756" r34="0" r41="2548.165" r42="-9.78826" r43="1853.526" r44="1"></containerEntry>
          <containerEntry r11="0.9987153" r12="0.02898417" r13="0.04156567" r14="0" r21="-0.027270112" r22="0.9987775" r23="-0.04122777" r24="0" r31="-0.042709813" r32="0.0400413" r33="0.9982848" r34="0" r41="2536.5808" r42="-10.412223" r43="1842.2032" r44="1"></containerEntry>
          <containerEntry r11="0.9857588" r12="0.020021886" r13="-0.16696934" r14="0" r21="-0.02726958" r22="0.99877757" r23="-0.041228015" r24="0" r31="0.16593976" r32="0.045194063" r33="0.98509973" r34="0" r41="2543.6655" r42="-10.465733" r43="1842.2032" r44="1"></containerEntry>
          <containerEntry r11="-0.4750724" r12="-0.014933604" r13="0.8798176" r14="0" r21="-0.0386815" r22="0.9992439" r23="-0.003926128" r24="0" r31="-0.87909377" r32="-0.035897918" r33="-0.47529083" r34="0" r41="2524.547" r42="-11.238833" r43="1856.1194" r44="1"></containerEntry>
          <containerEntry r11="-0.13053733" r12="-0.014545125" r13="0.9913362" r14="0" r21="-0.03408476" r22="0.9993671" r23="0.010174721" r24="0" r31="-0.9908569" r32="-0.032461286" r33="-0.13095051" r34="0" r41="2522.756" r42="-11.191351" r43="1862.5082" r44="1"></containerEntry>
          <containerEntry r11="0.7415687" r12="0.018463861" r13="0.6706229" r14="0" r21="-0.034084316" r22="0.9993672" r23="0.010175144" r24="0" r31="-0.6700106" r32="-0.030403288" r33="0.7417287" r34="0" r41="2537.158" r42="-11.43743" r43="1879.1407" r44="1"></containerEntry>
          <containerEntry r11="0.4544587" r12="0.04912175" r13="0.8894121" r14="0" r21="-0.027271103" r22="0.9987775" r23="-0.04122735" r24="0" r31="-0.89035004" r32="-0.0055191386" r33="0.45524275" r34="0" r41="2531.919" r42="-10.412223" r43="1837.2407" r44="1"></containerEntry>
          <containerEntry r11="-0.15589632" r12="0.036488675" r13="0.9870991" r14="0" r21="-0.027270382" r22="0.99877757" r23="-0.04122729" r24="0" r31="-0.9873968" r32="-0.03334576" r33="-0.15471071" r34="0" r41="2531.919" r42="-10.412223" r43="1831.5062" r44="1"></containerEntry>
          <containerEntry r11="0.47612292" r12="0.002301327" r13="0.87937534" r14="0" r21="-0.027269509" r22="0.9995543" r23="0.012148759" r24="0" r31="-0.8789555" r32="-0.029764447" r33="0.47597343" r34="0" r41="2528.887" r42="-11.881626" r43="1814.3425" r44="1"></containerEntry>
          <containerEntry r11="-0.123067036" r12="-0.015417899" r13="0.9922789" r14="0" r21="-0.027270615" r22="0.9995543" r23="0.012148727" r24="0" r31="-0.9920239" r32="-0.025564946" r33="-0.123432636" r34="0" r41="2528.114" r42="-12.000794" r43="1808.2749" r44="1"></containerEntry>
          <containerEntry r11="0.94093364" r12="0.028657358" r13="0.3373763" r14="0" r21="-0.03408506" r22="0.9993672" r23="0.010174278" r24="0" r31="-0.3368712" r32="-0.021072809" r33="0.94131494" r34="0" r41="2543.0835" r42="-11.43743" r43="1882.516" r44="1"></containerEntry>
          <containerEntry r11="-0.53373176" r12="0.020323569" r13="0.8454086" r14="0" r21="-0.027270442" r22="0.99877757" r23="-0.0412272" r24="0" r31="-0.845213" r32="-0.04505898" r33="-0.53252506" r34="0" r41="2543.9905" r42="-9.78826" r43="1858.1299" r44="1"></containerEntry>
          <containerEntry r11="-0.8308712" r12="-0.033990774" r13="0.5554255" r14="0" r21="-0.0340825" r22="0.99936724" r23="0.010174359" r24="0" r31="-0.5554199" r32="-0.010476704" r33="-0.831504" r34="0" r41="2510.8186" r42="-10.39635" r43="1901.0695" r44="1"></containerEntry>
          <containerEntry r11="-0.9798302" r12="-0.03542132" r13="0.19666106" r14="0" r21="-0.034085117" r22="0.9993671" r23="0.010176036" r24="0" r31="-0.19689703" r32="0.0032675806" r33="-0.98041743" r34="0" r41="2517.0479" r42="-10.33314" r43="1898.3242" r44="1"></containerEntry>
          <containerEntry r11="-0.81250566" r12="-0.02178049" r13="-0.5825427" r14="0" r21="-0.034085788" r22="0.9993671" r23="0.01017651" r24="0" r31="0.5819524" r32="0.028124943" r33="-0.8127338" r34="0" r41="2533.1177" r42="-9.287727" r43="1901.8026" r44="1"></containerEntry>
          <containerEntry r11="-0.27001455" r12="-0.019009357" r13="0.96266764" r14="0" r21="-0.0340831" r22="0.9993672" r23="0.010174183" r24="0" r31="-0.96225184" r32="-0.030063534" r33="-0.2704916" r34="0" r41="2505.6016" r42="-9.627851" r43="1911.5387" r44="1"></containerEntry>
          <containerEntry r11="0.22184211" r12="-0.015418342" r13="0.97496146" r14="0" r21="-0.021510698" r22="0.9995543" r23="0.02070178" r24="0" r31="-0.9748451" r32="-0.025564607" r33="0.22141135" r34="0" r41="2537.4434" r42="-10.36688" r43="1801.8688" r44="1"></containerEntry>
          <containerEntry r11="0.74688375" r12="0.002300891" r13="0.66495013" r14="0" r21="-0.021509737" r22="0.9995543" r23="0.02070138" r24="0" r31="-0.6646061" r32="-0.029764438" r33="0.7466004" r34="0" r41="2540.2344" r42="-10.247718" r43="1807.3116" r44="1"></containerEntry>
          <containerEntry r11="-0.1261187" r12="0.0023015253" r13="0.9920111" r14="0" r21="-0.029236507" r22="0.9995543" r23="-0.0060360255" r24="0" r31="-0.9915829" r32="-0.029764239" r33="-0.12599522" r34="0" r41="2540.2344" r42="-10.247718" r43="1819.8588" r44="1"></containerEntry>
          <containerEntry r11="-0.5065369" r12="0.028657563" r13="0.8617427" r14="0" r21="-0.0036557205" r22="0.9993671" r23="-0.03538318" r24="0" r31="-0.8622113" r32="-0.021073151" r33="-0.50611156" r34="0" r41="2556.4797" r42="-9.588137" r43="1893.552" r44="1"></containerEntry>
          <containerEntry r11="-0.8920562" r12="0.028657107" r13="0.4510188" r14="0" r21="0.016056625" r22="0.9993672" r23="-0.031740587" r24="0" r31="-0.451643" r32="-0.0210725" r33="-0.89195186" r34="0" r41="2552.4211" r42="-9.467684" r43="1897.3453" r44="1"></containerEntry>
          <containerEntry r11="-0.30868897" r12="0.028657302" r13="0.9507328" r14="0" r21="-0.011204737" r22="0.9993671" r23="-0.03376129" r24="0" r31="-0.9510987" r32="-0.021074384" r33="-0.30817252" r34="0" r41="2560.604" r42="-9.867715" r43="1888.1572" r44="1"></containerEntry>
          <containerEntry r11="0.4644737" r12="-0.00067561865" r13="-0.8855859" r14="0" r21="0.038920715" r22="0.999049" r23="0.01965097" r24="0" r31="0.88473046" r32="-0.043595027" r33="0.46405828" r34="0" r41="2518.8208" r42="-12.005272" r43="1845.1454" r44="1"></containerEntry>
          <containerEntry r11="-0.16066301" r12="-0.00067548454" r13="-0.98700786" r14="0" r21="0.042920414" r22="0.99904907" r23="-0.007670263" r24="0" r31="0.98607445" r32="-0.043595165" r33="-0.16048121" r34="0" r41="2520.0637" r42="-12.005272" r43="1838.2006" r44="1"></containerEntry>
          <containerEntry r11="-0.75596535" r12="-0.00067619607" r13="-0.6546084" r14="0" r21="0.028026484" r22="0.99904907" r23="-0.033398032" r24="0" r31="0.65400857" r32="-0.04359421" r33="-0.75522757" r34="0" r41="2508.0112" r42="-11.693761" r43="1867.2213" r44="1"></containerEntry>
        </property>
        <property name="colors" type="UInt32" container="DynamicArray" arraySize="25">
          <containerEntry>4294967295</containerEntry>
          <containerEntry>4294967295</containerEntry>
          <containerEntry>4294967295</containerEntry>
          <containerEntry>4294967295</containerEntry>
          <containerEntry>4294967295</containerEntry>
          <containerEntry>4294967295</containerEntry>
          <containerEntry>4294967295</containerEntry>
          <containerEntry>4294967295</containerEntry>
          <containerEntry>4294967295</containerEntry>
          <containerEntry>4294967295</containerEntry>
          <containerEntry>4294967295</containerEntry>
          <containerEntry>4294967295</containerEntry>
          <containerEntry>4294967295</containerEntry>
          <containerEntry>4294967295</containerEntry>
          <containerEntry>4294967295</containerEntry>
          <containerEntry>4294967295</containerEntry>
          <containerEntry>4294967295</containerEntry>
          <containerEntry>4294967295</containerEntry>
          <containerEntry>4294967295</containerEntry>
          <containerEntry>4294967295</containerEntry>
          <containerEntry>4294967295</containerEntry>
          <containerEntry>4294967295</containerEntry>
          <containerEntry>4294967295</containerEntry>
          <containerEntry>4294967295</containerEntry>
          <containerEntry>4294967295</containerEntry>
        </property>
      </staticProperties>
      <dynamicProperties></dynamicProperties>
    </entity>
    <entity class="StaticModelArray" classVersion="4" classID="0xD0" addr="0x2D79930" id="0x0">
      <staticProperties>
        <property name="name" type="String" container="StaticArray" arraySize="1">
          <containerEntry>StaticModelArray0001</containerEntry>
        </property>
        <property name="dataSet" type="EntityHandle" container="StaticArray" arraySize="1">
          <containerEntry>0x2F04990</containerEntry>
        </property>
        <property name="modelFile" type="FilePtr" container="StaticArray" arraySize="1">
          <containerEntry>/Assets/tpp/environ/object/middle_africa/tree/mafr_tree010/scenes/mafr_tree010_dead004.fmdl</containerEntry>
        </property>
        <property name="geomFile" type="FilePtr" container="StaticArray" arraySize="1">
          <containerEntry>/Assets/tpp/environ/object/middle_africa/tree/mafr_tree010/scenes/mafr_tree010_dead004.geom</containerEntry>
        </property>
        <property name="isVisibleGeom" type="Bool" container="StaticArray" arraySize="1">
          <containerEntry>false</containerEntry>
        </property>
        <property name="lodFarSize" type="Float" container="StaticArray" arraySize="1">
          <containerEntry>-1</containerEntry>
        </property>
        <property name="lodNearSize" type="Float" container="StaticArray" arraySize="1">
          <containerEntry>-1</containerEntry>
        </property>
        <property name="lodPolygonSize" type="Float" container="StaticArray" arraySize="1">
          <containerEntry>-1</containerEntry>
        </property>
        <property name="drawRejectionLevel" type="Int32" container="StaticArray" arraySize="1">
          <containerEntry>8</containerEntry>
        </property>
        <property name="drawMode" type="Int32" container="StaticArray" arraySize="1">
          <containerEntry>0</containerEntry>
        </property>
        <property name="rejectFarRangeShadowCast" type="Int32" container="StaticArray" arraySize="1">
          <containerEntry>2</containerEntry>
        </property>
        <property name="parentLocator" type="EntityLink" container="StaticArray" arraySize="1">
          <containerEntry packagePathHash="0xB8A0BF169F98" archivePathHash="0xB8A0BF169F98" nameInArchiveHash="0xB8A0BF169F98">0x0</containerEntry>
        </property>
        <property name="transforms" type="Matrix4" container="DynamicArray" arraySize="9">
          <containerEntry r11="0.038335495" r12="0.0023135543" r13="-0.9992613" r14="0" r21="-0.03836396" r22="0.99926347" r23="0.0008418076" r24="0" r31="0.9985272" r32="0.038303386" r33="0.038396" r34="0" r41="2492.9797" r42="-12.038541" r43="1795.1635" r44="1"></containerEntry>
          <containerEntry r11="0.21689512" r12="0.032245778" r13="0.9756617" r14="0" r21="-0.01398926" r22="0.9994543" r23="-0.029922228" r24="0" r31="-0.9760942" r32="-0.0071588242" r33="0.21722788" r34="0" r41="2470.4968" r42="-11.705098" r43="1810.628" r44="1"></containerEntry>
          <containerEntry r11="0.8495519" r12="-0.48351762" r13="-0.21088508" r14="0" r21="0.5027729" r22="0.86317605" r23="0.04633262" r24="0" r31="0.15962833" r32="-0.1453892" r33="0.97641224" r34="0" r41="2471.7637" r42="-12.105927" r43="1809.3297" r44="1"></containerEntry>
          <containerEntry r11="0.041461688" r12="-0.06636147" r13="0.99693274" r14="0" r21="0.07217379" r22="0.9953841" r23="0.06325674" r24="0" r31="-0.99652886" r32="0.06932983" r33="0.046059847" r34="0" r41="2446.6758" r42="-10.223374" r43="1819.7122" r44="1"></containerEntry>
          <containerEntry r11="0.8317497" r12="-0.54453796" r13="-0.108032785" r14="0" r21="0.5543851" r22="0.80450445" r23="0.21314329" r24="0" r31="-0.02915164" r32="-0.23717362" r33="0.9710298" r34="0" r41="2448.117" r42="-10.63953" r43="1818.6167" r44="1"></containerEntry>
          <containerEntry r11="0.001400827" r12="0.86431533" r13="-0.5029463" r14="0" r21="-0.48371115" r22="-0.43960768" r23="-0.7568148" r24="0" r31="-0.8752257" r32="0.24434094" r33="0.41746315" r34="0" r41="2448.8918" r42="-9.684101" r43="1818.02" r44="1"></containerEntry>
          <containerEntry r11="0.90329" r12="0.028092071" r13="-0.42810965" r14="0" r21="-0.06887461" r22="-0.9754149" r23="-0.20932752" r24="0" r31="-0.42346585" r32="0.21856934" r33="-0.87914747" r34="0" r41="2449.4575" r42="-10.220739" r43="1818.1185" r44="1"></containerEntry>
          <containerEntry r11="0.5557169" r12="-0.12234555" r13="0.8223199" r14="0" r21="-0.10271181" r22="-0.99163777" r23="-0.07812515" r24="0" r31="0.82500225" r32="-0.04104654" r33="-0.5636359" r34="0" r41="2446.745" r42="-9.795713" r43="1818.2401" r44="1"></containerEntry>
          <containerEntry r11="-0.18106514" r12="-0.41549295" r13="0.8913924" r14="0" r21="-0.17714374" r22="-0.8777725" r23="-0.44512665" r24="0" r31="0.96738565" r32="-0.23850112" r33="0.08533072" r34="0" r41="2449.5652" r42="-10.477415" r43="1820.3175" r44="1"></containerEntry>
        </property>
        <property name="colors" type="UInt32" container="DynamicArray" arraySize="9">
          <containerEntry>4294967295</containerEntry>
          <containerEntry>4294967295</containerEntry>
          <containerEntry>4294967295</containerEntry>
          <containerEntry>4294967295</containerEntry>
          <containerEntry>4294967295</containerEntry>
          <containerEntry>4294967295</containerEntry>
          <containerEntry>4294967295</containerEntry>
          <containerEntry>4294967295</containerEntry>
          <containerEntry>4294967295</containerEntry>
        </property>
      </staticProperties>
      <dynamicProperties></dynamicProperties>
    </entity>
    <entity class="StaticModelArray" classVersion="4" classID="0xD0" addr="0x2D79A10" id="0x0">
      <staticProperties>
        <property name="name" type="String" container="StaticArray" arraySize="1">
          <containerEntry>StaticModelArray0002</containerEntry>
        </property>
        <property name="dataSet" type="EntityHandle" container="StaticArray" arraySize="1">
          <containerEntry>0x2F04990</containerEntry>
        </property>
        <property name="modelFile" type="FilePtr" container="StaticArray" arraySize="1">
          <containerEntry>/Assets/tpp/environ/object/middle_africa/cliff/mafr_clff004/scenes/mafr_clff004_rock001.fmdl</containerEntry>
        </property>
        <property name="geomFile" type="FilePtr" container="StaticArray" arraySize="1">
          <containerEntry>/Assets/tpp/environ/object/middle_africa/cliff/mafr_clff004/scenes/mafr_clff004_rock001.geom</containerEntry>
        </property>
        <property name="isVisibleGeom" type="Bool" container="StaticArray" arraySize="1">
          <containerEntry>false</containerEntry>
        </property>
        <property name="lodFarSize" type="Float" container="StaticArray" arraySize="1">
          <containerEntry>-1</containerEntry>
        </property>
        <property name="lodNearSize" type="Float" container="StaticArray" arraySize="1">
          <containerEntry>-1</containerEntry>
        </property>
        <property name="lodPolygonSize" type="Float" container="StaticArray" arraySize="1">
          <containerEntry>-1</containerEntry>
        </property>
        <property name="drawRejectionLevel" type="Int32" container="StaticArray" arraySize="1">
          <containerEntry>8</containerEntry>
        </property>
        <property name="drawMode" type="Int32" container="StaticArray" arraySize="1">
          <containerEntry>0</containerEntry>
        </property>
        <property name="rejectFarRangeShadowCast" type="Int32" container="StaticArray" arraySize="1">
          <containerEntry>2</containerEntry>
        </property>
        <property name="parentLocator" type="EntityLink" container="StaticArray" arraySize="1">
          <containerEntry packagePathHash="0xB8A0BF169F98" archivePathHash="0xB8A0BF169F98" nameInArchiveHash="0xB8A0BF169F98">0x0</containerEntry>
        </property>
        <property name="transforms" type="Matrix4" container="DynamicArray" arraySize="3">
          <containerEntry r11="-0.8530587" r12="0.07611689" r13="0.51623243" r14="0" r21="0.10745484" r22="0.9937252" r23="0.031044293" r24="0" r31="-0.5106302" r32="0.081954315" r33="-0.855885" r34="0" r41="2469.0369" r42="-11.649053" r43="1806.1891" r44="1"></containerEntry>
          <containerEntry r11="0.85762805" r12="0" r13="0.5142705" r14="0" r21="0" r22="1" r23="0" r24="0" r31="-0.5142705" r32="0" r33="0.85762805" r34="0" r41="2478.7234" r42="-12.157581" r43="1805.733" r44="1"></containerEntry>
          <containerEntry r11="0.99742365" r12="0.07167978" r13="-0.0028339534" r14="0" r21="-0.07167978" r22="0.9943063" r23="-0.078847565" r24="0" r31="-0.0028339534" r32="0.078847565" r33="0.9968827" r34="0" r41="2443.0728" r42="-11.830856" r43="1874.975" r44="1"></containerEntry>
        </property>
        <property name="colors" type="UInt32" container="DynamicArray" arraySize="3">
          <containerEntry>4294967295</containerEntry>
          <containerEntry>4294967295</containerEntry>
          <containerEntry>4294967295</containerEntry>
        </property>
      </staticProperties>
      <dynamicProperties></dynamicProperties>
    </entity>
    <entity class="StaticModelArray" classVersion="4" classID="0xD0" addr="0x2D79310" id="0x0">
      <staticProperties>
        <property name="name" type="String" container="StaticArray" arraySize="1">
          <containerEntry>StaticModelArray0003</containerEntry>
        </property>
        <property name="dataSet" type="EntityHandle" container="StaticArray" arraySize="1">
          <containerEntry>0x2F04990</containerEntry>
        </property>
        <property name="modelFile" type="FilePtr" container="StaticArray" arraySize="1">
          <containerEntry>/Assets/tpp/environ/object/middle_africa/tree/mafr_tree016/scenes/mafr_tree016_vrtn004.fmdl</containerEntry>
        </property>
        <property name="geomFile" type="FilePtr" container="StaticArray" arraySize="1">
          <containerEntry>/Assets/tpp/environ/object/middle_africa/tree/mafr_tree016/scenes/mafr_tree016_vrtn004.geom</containerEntry>
        </property>
        <property name="isVisibleGeom" type="Bool" container="StaticArray" arraySize="1">
          <containerEntry>false</containerEntry>
        </property>
        <property name="lodFarSize" type="Float" container="StaticArray" arraySize="1">
          <containerEntry>-1</containerEntry>
        </property>
        <property name="lodNearSize" type="Float" container="StaticArray" arraySize="1">
          <containerEntry>-1</containerEntry>
        </property>
        <property name="lodPolygonSize" type="Float" container="StaticArray" arraySize="1">
          <containerEntry>-1</containerEntry>
        </property>
        <property name="drawRejectionLevel" type="Int32" container="StaticArray" arraySize="1">
          <containerEntry>8</containerEntry>
        </property>
        <property name="drawMode" type="Int32" container="StaticArray" arraySize="1">
          <containerEntry>0</containerEntry>
        </property>
        <property name="rejectFarRangeShadowCast" type="Int32" container="StaticArray" arraySize="1">
          <containerEntry>2</containerEntry>
        </property>
        <property name="parentLocator" type="EntityLink" container="StaticArray" arraySize="1">
          <containerEntry packagePathHash="0xB8A0BF169F98" archivePathHash="0xB8A0BF169F98" nameInArchiveHash="0xB8A0BF169F98">0x0</containerEntry>
        </property>
        <property name="transforms" type="Matrix4" container="DynamicArray" arraySize="7">
          <containerEntry r11="-0.37278807" r12="0" r13="0.92791766" r14="0" r21="0" r22="1" r23="0" r24="0" r31="-0.92791766" r32="0" r33="-0.37278807" r34="0" r41="2497.7444" r42="-9.487574" r43="1868.1593" r44="1"></containerEntry>
          <containerEntry r11="-0.8507763" r12="0" r13="0.5255305" r14="0" r21="0" r22="1" r23="0" r24="0" r31="-0.5255305" r32="0" r33="-0.8507763" r34="0" r41="2512.4417" r42="-10.04089" r43="1849.0726" r44="1"></containerEntry>
          <containerEntry r11="-0.8507763" r12="0" r13="0.5255305" r14="0" r21="0" r22="1" r23="0" r24="0" r31="-0.5255305" r32="0" r33="-0.8507763" r34="0" r41="2497.3542" r42="-10.182621" r43="1844.7773" r44="1"></containerEntry>
          <containerEntry r11="-0.16943121" r12="0" r13="0.9855441" r14="0" r21="0" r22="1" r23="0" r24="0" r31="-0.9855441" r32="0" r33="-0.16943121" r34="0" r41="2515.9253" r42="-9.818939" r43="1887.3452" r44="1"></containerEntry>
          <containerEntry r11="0.9762663" r12="0" r13="0.21657346" r14="0" r21="0" r22="1" r23="0" r24="0" r31="-0.21657346" r32="0" r33="0.9762663" r34="0" r41="2527.8975" r42="-8.673933" r43="1858.1189" r44="1"></containerEntry>
          <containerEntry r11="-0.99652946" r12="0" r13="0.08328564" r14="0" r21="0" r22="1" r23="0" r24="0" r31="-0.08328564" r32="0" r33="-0.99652946" r34="0" r41="2533.2166" r42="-7.897956" r43="1833.6691" r44="1"></containerEntry>
          <containerEntry r11="0.9501914" r12="0" r13="-0.31166726" r14="0" r21="0" r22="1" r23="0" r24="0" r31="0.31166726" r32="0" r33="0.9501914" r34="0" r41="2544.594" r42="-8.908015" r43="1878.8713" r44="1"></containerEntry>
        </property>
        <property name="colors" type="UInt32" container="DynamicArray" arraySize="7">
          <containerEntry>4294967295</containerEntry>
          <containerEntry>4294967295</containerEntry>
          <containerEntry>4294967295</containerEntry>
          <containerEntry>4294967295</containerEntry>
          <containerEntry>4294967295</containerEntry>
          <containerEntry>4294967295</containerEntry>
          <containerEntry>4294967295</containerEntry>
        </property>
      </staticProperties>
      <dynamicProperties></dynamicProperties>
    </entity>
    <entity class="StaticModelArray" classVersion="4" classID="0xD0" addr="0x2F02B60" id="0x0">
      <staticProperties>
        <property name="name" type="String" container="StaticArray" arraySize="1">
