<fox formatVersion="2" fileVersion="0">
  <entities>
    <entity class="DataSet" classVersion="0" classID="0xE8" addr="0x2D7F890" id="0x7B6BB1">
      <staticProperties>
        <property name="name" type="String" container="StaticArray" arraySize="1">
          <containerEntry hash="0xB8A0BF169F98"></containerEntry>
        </property>
        <property name="dataSet" type="EntityHandle" container="StaticArray" arraySize="1">
          <containerEntry>0x0</containerEntry>
        </property>
        <property name="dataList" type="EntityPtr" container="StringMap" arraySize="13">
          <containerEntry key="mafr_clff004_rock001_0001">
            <data>0x2F000F0</data>
          </containerEntry>
          <containerEntry key="StaticModelArray0000">
            <data>0x2F03C70</data>
          </containerEntry>
          <containerEntry key="StaticModelArray0001">
            <data>0x2F03CE0</data>
          </containerEntry>
          <containerEntry key="StaticModelArray0002">
            <data>0x2F03DC0</data>
          </containerEntry>
          <containerEntry key="StaticModelArray0003">
            <data>0x2F03E30</data>
          </containerEntry>
          <containerEntry key="StaticModelArray0004">
            <data>0x2F03D50</data>
          </containerEntry>
          <containerEntry key="StaticModelArray0005">
            <data>0x2F033B0</data>
          </containerEntry>
          <containerEntry key="StaticModelArray0006">
            <data>0x2F03340</data>
          </containerEntry>
          <containerEntry key="StaticModelArray0007">
            <data>0x2F03AB0</data>
          </containerEntry>
          <containerEntry key="StaticModelArray0008">
            <data>0x2D7FD60</data>
          </containerEntry>
          <containerEntry key="StaticModelArray0009">
            <data>0x2D7C800</data>
          </containerEntry>
          <containerEntry key="StaticModelArray0010">
            <data>0x2F031F0</data>
          </containerEntry>
          <containerEntry key="TexturePackLoadConditioner0000">
            <data>0x2F03F80</data>
          </containerEntry>
        </property>
      </staticProperties>
      <dynamicProperties></dynamicProperties>
    </entity>
    <entity class="StaticModel" classVersion="9" classID="0x160" addr="0x2F000F0" id="0x7B6F3A">
      <staticProperties>
        <property name="name" type="String" container="StaticArray" arraySize="1">
          <containerEntry>mafr_clff004_rock001_0001</containerEntry>
        </property>
        <property name="dataSet" type="EntityHandle" container="StaticArray" arraySize="1">
          <containerEntry>0x2D7F890</containerEntry>
        </property>
        <property name="parent" type="EntityHandle" container="StaticArray" arraySize="1">
          <containerEntry>0x0</containerEntry>
        </property>
        <property name="transform" type="EntityPtr" container="StaticArray" arraySize="1">
          <containerEntry>0x2F00160</containerEntry>
        </property>
        <property name="shearTransform" type="EntityPtr" container="StaticArray" arraySize="1">
          <containerEntry>0x0</containerEntry>
        </property>
        <property name="pivotTransform" type="EntityPtr" container="StaticArray" arraySize="1">
          <containerEntry>0x0</containerEntry>
        </property>
        <property name="children" type="EntityHandle" container="List"></property>
        <property name="flags" type="UInt32" container="StaticArray" arraySize="1">
          <containerEntry>3221225479</containerEntry>
        </property>
        <property name="modelFile" type="FilePtr" container="StaticArray" arraySize="1">
          <containerEntry>/Assets/tpp/environ/object/middle_africa/cliff/mafr_clff004/scenes/mafr_clff004_rock001.fmdl</containerEntry>
        </property>
        <property name="geomFile" type="FilePtr" container="StaticArray" arraySize="1">
          <containerEntry>/Assets/tpp/environ/object/middle_africa/cliff/mafr_clff004/scenes/mafr_clff004_rock001.geom</containerEntry>
        </property>
        <property name="isVisibleGeom" type="Bool" container="StaticArray" arraySize="1">
          <containerEntry>false</containerEntry>
        </property>
        <property name="isIsolated" type="Bool" container="StaticArray" arraySize="1">
          <containerEntry>false</containerEntry>
        </property>
        <property name="lodFarSize" type="Float" container="StaticArray" arraySize="1">
          <containerEntry>-1</containerEntry>
        </property>
        <property name="lodNearSize" type="Float" container="StaticArray" arraySize="1">
          <containerEntry>-1</containerEntry>
        </property>
        <property name="lodPolygonSize" type="Float" container="StaticArray" arraySize="1">
          <containerEntry>-1</containerEntry>
        </property>
        <property name="color" type="Color" container="StaticArray" arraySize="1">
          <containerEntry r="1" g="1" b="1" a="1"></containerEntry>
        </property>
        <property name="drawRejectionLevel" type="Int32" container="StaticArray" arraySize="1">
          <containerEntry>8</containerEntry>
        </property>
        <property name="drawMode" type="Int32" container="StaticArray" arraySize="1">
          <containerEntry>0</containerEntry>
        </property>
        <property name="rejectFarRangeShadowCast" type="Int32" container="StaticArray" arraySize="1">
          <containerEntry>2</containerEntry>
        </property>
      </staticProperties>
      <dynamicProperties></dynamicProperties>
    </entity>
    <entity class="TransformEntity" classVersion="0" classID="0x50" addr="0x2F00160" id="0x7B6F3D">
      <staticProperties>
        <property name="owner" type="EntityHandle" container="StaticArray" arraySize="1">
          <containerEntry>0x2F000F0</containerEntry>
        </property>
        <property name="transform_scale" type="Vector3" container="StaticArray" arraySize="1">
          <containerEntry x="1" y="1" z="1" w="0"></containerEntry>
        </property>
        <property name="transform_rotation_quat" type="Quat" container="StaticArray" arraySize="1">
          <containerEntry x="0" y="0.978274" z="0" w="0.207311"></containerEntry>
        </property>
        <property name="transform_translation" type="Vector3" container="StaticArray" arraySize="1">
          <containerEntry x="2277.7715" y="-11.901526" z="1255.1077" w="0"></containerEntry>
        </property>
      </staticProperties>
      <dynamicProperties></dynamicProperties>
    </entity>
    <entity class="StaticModelArray" classVersion="4" classID="0xD0" addr="0x2F03C70" id="0x0">
      <staticProperties>
        <property name="name" type="String" container="StaticArray" arraySize="1">
          <containerEntry>StaticModelArray0000</containerEntry>
        </property>
        <property name="dataSet" type="EntityHandle" container="StaticArray" arraySize="1">
          <containerEntry>0x2D7F890</containerEntry>
        </property>
        <property name="modelFile" type="FilePtr" container="StaticArray" arraySize="1">
          <containerEntry>/Assets/tpp/environ/object/middle_africa/rock/mafr_rock001/scenes/mafr_rock001_vrtn003.fmdl</containerEntry>
        </property>
        <property name="geomFile" type="FilePtr" container="StaticArray" arraySize="1">
          <containerEntry>/Assets/tpp/environ/object/middle_africa/rock/mafr_rock001/scenes/mafr_rock001_vrtn003.geom</containerEntry>
        </property>
        <property name="isVisibleGeom" type="Bool" container="StaticArray" arraySize="1">
          <containerEntry>false</containerEntry>
        </property>
        <property name="lodFarSize" type="Float" container="StaticArray" arraySize="1">
          <containerEntry>-1</containerEntry>
        </property>
        <property name="lodNearSize" type="Float" container="StaticArray" arraySize="1">
          <containerEntry>-1</containerEntry>
        </property>
        <property name="lodPolygonSize" type="Float" container="StaticArray" arraySize="1">
          <containerEntry>-1</containerEntry>
        </property>
        <property name="drawRejectionLevel" type="Int32" container="StaticArray" arraySize="1">
          <containerEntry>8</containerEntry>
        </property>
        <property name="drawMode" type="Int32" container="StaticArray" arraySize="1">
          <containerEntry>0</containerEntry>
        </property>
        <property name="rejectFarRangeShadowCast" type="Int32" container="StaticArray" arraySize="1">
          <containerEntry>2</containerEntry>
        </property>
        <property name="parentLocator" type="EntityLink" container="StaticArray" arraySize="1">
          <containerEntry packagePathHash="0xB8A0BF169F98" archivePathHash="0xB8A0BF169F98" nameInArchiveHash="0xB8A0BF169F98">0x0</containerEntry>
        </property>
        <property name="transforms" type="Matrix4" container="DynamicArray" arraySize="7">
          <containerEntry r11="-0.6568773" r12="0.10611939" r13="-0.7464881" r14="0" r21="-0.02333071" r22="0.9867114" r23="0.16079889" r24="0" r31="0.7536322" r32="0.12304179" r33="-0.64567244" r34="0" r41="2197.4526" r42="9.666334" r43="1260.5967" r44="1"></containerEntry>
          <containerEntry r11="0.38156787" r12="0.04669993" r13="0.9231578" r14="0" r21="0.04711164" r22="0.9964423" r23="-0.069879405" r24="0" r31="-0.92313695" r32="0.07015521" r33="0.37801027" r34="0" r41="2230.0942" r42="-3.345807" r43="1210.1243" r44="1"></containerEntry>
          <containerEntry r11="-0.950423" r12="0.23622441" r13="-0.20218651" r14="0" r21="0.23350453" r22="0.9716301" r23="0.03755389" r24="0" r31="0.20532165" r32="-0.011519285" r33="-0.9786191" r34="0" r41="2214.5256" r42="-1.265821" r43="1200.8169" r44="1"></containerEntry>
          <containerEntry r11="0.5217378" r12="0.008435488" r13="-0.85306245" r14="0" r21="0.2213198" r22="0.96437675" r23="0.14489584" r24="0" r31="0.82389575" r32="-0.26439762" r33="0.50128496" r34="0" r41="2212.7224" r42="2.061721" r43="1185.9114" r44="1"></containerEntry>
          <containerEntry r11="-0.14239274" r12="-0.028371101" r13="-0.9894006" r14="0" r21="-0.0537749" r22="0.9983346" r23="-0.020887889" r24="0" r31="0.9883455" r32="0.05023071" r33="-0.14368123" r34="0" r41="2257.2253" r42="-5.10497" r43="1175.1404" r44="1"></containerEntry>
          <containerEntry r11="-0.14303933" r12="0.042885344" r13="-0.988783" r14="0" r21="-0.017438482" r22="0.99879646" r23="0.045842238" r24="0" r31="0.98955894" r32="0.023800388" r33="-0.14211929" r34="0" r41="2238.6277" r42="-6.128199" r43="1188.2642" r44="1"></containerEntry>
          <containerEntry r11="0.1764443" r12="0.05780997" r13="-0.9826088" r14="0" r21="0.069926806" r22="0.9950153" r23="0.071096025" r24="0" r31="0.98182094" r32="-0.08125522" r33="0.17152232" r34="0" r41="2257.039" r42="-7.122437" r43="1187.5127" r44="1"></containerEntry>
        </property>
        <property name="colors" type="UInt32" container="DynamicArray" arraySize="7">
          <containerEntry>4294967295</containerEntry>
          <containerEntry>4294967295</containerEntry>
          <containerEntry>4294967295</containerEntry>
          <containerEntry>4294967295</containerEntry>
          <containerEntry>4294967295</containerEntry>
          <containerEntry>4294967295</containerEntry>
          <containerEntry>4294967295</containerEntry>
        </property>
      </staticProperties>
      <dynamicProperties></dynamicProperties>
    </entity>
    <entity class="StaticModelArray" classVersion="4" classID="0xD0" addr="0x2F03CE0" id="0x0">
      <staticProperties>
        <property name="name" type="String" container="StaticArray" arraySize="1">
          <containerEntry>StaticModelArray0001</containerEntry>
        </property>
        <property name="dataSet" type="EntityHandle" container="StaticArray" arraySize="1">
          <containerEntry>0x2D7F890</containerEntry>
        </property>
        <property name="modelFile" type="FilePtr" container="StaticArray" arraySize="1">
          <containerEntry>/Assets/tpp/environ/object/middle_africa/cliff/mafr_clff015/scenes/mafr_clff015_grnd002.fmdl</containerEntry>
        </property>
        <property name="geomFile" type="FilePtr" container="StaticArray" arraySize="1">
          <containerEntry>/Assets/tpp/environ/object/middle_africa/cliff/mafr_clff015/scenes/mafr_clff015_grnd002.geom</containerEntry>
        </property>
        <property name="isVisibleGeom" type="Bool" container="StaticArray" arraySize="1">
          <containerEntry>false</containerEntry>
        </property>
        <property name="lodFarSize" type="Float" container="StaticArray" arraySize="1">
          <containerEntry>-1</containerEntry>
        </property>
        <property name="lodNearSize" type="Float" container="StaticArray" arraySize="1">
          <containerEntry>-1</containerEntry>
        </property>
        <property name="lodPolygonSize" type="Float" container="StaticArray" arraySize="1">
          <containerEntry>-1</containerEntry>
        </property>
        <property name="drawRejectionLevel" type="Int32" container="StaticArray" arraySize="1">
          <containerEntry>8</containerEntry>
        </property>
        <property name="drawMode" type="Int32" container="StaticArray" arraySize="1">
          <containerEntry>0</containerEntry>
        </property>
        <property name="rejectFarRangeShadowCast" type="Int32" container="StaticArray" arraySize="1">
          <containerEntry>2</containerEntry>
        </property>
        <property name="parentLocator" type="EntityLink" container="StaticArray" arraySize="1">
          <containerEntry packagePathHash="0xB8A0BF169F98" archivePathHash="0xB8A0BF169F98" nameInArchiveHash="0xB8A0BF169F98">0x0</containerEntry>
        </property>
        <property name="transforms" type="Matrix4" container="DynamicArray" arraySize="4">
          <containerEntry r11="-0.6633103" r12="-0.007631827" r13="-0.74830633" r14="0" r21="-0.051437262" r22="0.99804807" r23="0.03541586" r24="0" r31="0.7465754" r32="0.0619825" r33="-0.6624081" r34="0" r41="2209.3323" r42="-2.837641" r43="1248.1514" r44="1"></containerEntry>
          <containerEntry r11="-0.1341638" r12="-0.0076326225" r13="-0.99093074" r14="0" r21="-0.062446326" r22="0.998048" r23="0.00076721236" r24="0" r31="0.9889906" r32="0.06198286" r33="-0.13437855" r34="0" r41="2208.8696" r42="-2.837641" r43="1242.1381" r44="1"></containerEntry>
          <containerEntry r11="-0.11675308" r12="-0.0076326225" r13="-0.9931325" r14="0" r21="-0.062450245" r22="0.998048" r23="-0.0003287755" r24="0" r31="0.9911964" r32="0.061982933" r33="-0.11700183" r34="0" r41="2216.3108" r42="-4.715803" r43="1268.8579" r44="1"></containerEntry>
          <containerEntry r11="-0.38895097" r12="-0.00763377" r13="-0.9212283" r14="0" r21="-0.060066946" r22="0.998048" r23="0.017090406" r24="0" r31="0.9192996" r32="0.06198262" r33="-0.3886503" r34="0" r41="2216.8438" r42="-5.641599" r43="1262.2179" r44="1"></containerEntry>
        </property>
        <property name="colors" type="UInt32" container="DynamicArray" arraySize="4">
          <containerEntry>4294967295</containerEntry>
          <containerEntry>4294967295</containerEntry>
          <containerEntry>4294967295</containerEntry>
          <containerEntry>4294967295</containerEntry>
        </property>
      </staticProperties>
      <dynamicProperties></dynamicProperties>
    </entity>
    <entity class="StaticModelArray" classVersion="4" classID="0xD0" addr="0x2F03DC0" id="0x0">
      <staticProperties>
        <property name="name" type="String" container="StaticArray" arraySize="1">
          <containerEntry>StaticModelArray0002</containerEntry>
        </property>
        <property name="dataSet" type="EntityHandle" container="StaticArray" arraySize="1">
          <containerEntry>0x2D7F890</containerEntry>
        </property>
        <property name="modelFile" type="FilePtr" container="StaticArray" arraySize="1">
          <containerEntry>/Assets/tpp/environ/object/middle_africa/cliff/mafr_clff004/scenes/mafr_clff004.fmdl</containerEntry>
        </property>
        <property name="geomFile" type="FilePtr" container="StaticArray" arraySize="1">
          <containerEntry>/Assets/tpp/environ/object/middle_africa/cliff/mafr_clff004/scenes/mafr_clff004.geom</containerEntry>
        </property>
        <property name="isVisibleGeom" type="Bool" container="StaticArray" arraySize="1">
          <containerEntry>false</containerEntry>
        </property>
        <property name="lodFarSize" type="Float" container="StaticArray" arraySize="1">
          <containerEntry>-1</containerEntry>
        </property>
        <property name="lodNearSize" type="Float" container="StaticArray" arraySize="1">
          <containerEntry>-1</containerEntry>
        </property>
        <property name="lodPolygonSize" type="Float" container="StaticArray" arraySize="1">
          <containerEntry>-1</containerEntry>
        </property>
        <property name="drawRejectionLevel" type="Int32" container="StaticArray" arraySize="1">
          <containerEntry>8</containerEntry>
        </property>
        <property name="drawMode" type="Int32" container="StaticArray" arraySize="1">
          <containerEntry>0</containerEntry>
        </property>
        <property name="rejectFarRangeShadowCast" type="Int32" container="StaticArray" arraySize="1">
          <containerEntry>2</containerEntry>
        </property>
        <property name="parentLocator" type="EntityLink" container="StaticArray" arraySize="1">
          <containerEntry packagePathHash="0xB8A0BF169F98" archivePathHash="0xB8A0BF169F98" nameInArchiveHash="0xB8A0BF169F98">0x0</containerEntry>
        </property>
        <property name="transforms" type="Matrix4" container="DynamicArray" arraySize="3">
          <containerEntry r11="0.11648724" r12="0.035961926" r13="-0.9925411" r14="0" r21="-0.2949904" r22="0.95550025" r23="-1.0281801e-06" r24="0" r31="0.9483732" r32="0.29279017" r33="0.121912" r34="0" r41="2237.9177" r42="-3.790173" r43="1226.7156" r44="1"></containerEntry>
          <containerEntry r11="0.35326034" r12="0.10121146" r13="-0.93003416" r14="0" r21="-0.2752948" r22="0.96135986" r23="5.362928e-05" r24="0" r31="0.89410293" r32="0.2560146" r33="0.3674733" r34="0" r41="2262.265" r42="-5.069396" r43="1171.3508" r44="1"></containerEntry>
          <containerEntry r11="-0.48174214" r12="-0.028147891" r13="-0.87585926" r14="0" r21="-0.32175416" r22="0.935356" r23="0.14691237" r24="0" r31="0.81510496" r32="0.35258567" r33="-0.45965707" r34="0" r41="2194.6206" r42="6.037916" r43="1169.7717" r44="1"></containerEntry>
        </property>
        <property name="colors" type="UInt32" container="DynamicArray" arraySize="3">
          <containerEntry>4294967295</containerEntry>
          <containerEntry>4294967295</containerEntry>
          <containerEntry>4294967295</containerEntry>
        </property>
      </staticProperties>
      <dynamicProperties></dynamicProperties>
    </entity>
    <entity class="StaticModelArray" classVersion="4" classID="0xD0" addr="0x2F03E30" id="0x0">
      <staticProperties>
        <property name="name" type="String" container="StaticArray" arraySize="1">
          <containerEntry>StaticModelArray0003</containerEntry>
        </property>
        <property name="dataSet" type="EntityHandle" container="StaticArray" arraySize="1">
          <containerEntry>0x2D7F890</containerEntry>
        </property>
        <property name="modelFile" type="FilePtr" container="StaticArray" arraySize="1">
          <containerEntry>/Assets/tpp/environ/object/middle_africa/rock/mafr_rock001/scenes/mafr_rock001.fmdl</containerEntry>
        </property>
        <property name="geomFile" type="FilePtr" container="StaticArray" arraySize="1">
          <containerEntry>/Assets/tpp/environ/object/middle_africa/rock/mafr_rock001/scenes/mafr_rock001.geom</containerEntry>
        </property>
        <property name="isVisibleGeom" type="Bool" container="StaticArray" arraySize="1">
          <containerEntry>false</containerEntry>
        </property>
        <property name="lodFarSize" type="Float" container="StaticArray" arraySize="1">
          <containerEntry>-1</containerEntry>
        </property>
        <property name="lodNearSize" type="Float" container="StaticArray" arraySize="1">
          <containerEntry>-1</containerEntry>
        </property>
        <property name="lodPolygonSize" type="Float" container="StaticArray" arraySize="1">
          <containerEntry>-1</containerEntry>
        </property>
        <property name="drawRejectionLevel" type="Int32" container="StaticArray" arraySize="1">
          <containerEntry>8</containerEntry>
        </property>
        <property name="drawMode" type="Int32" container="StaticArray" arraySize="1">
          <containerEntry>0</containerEntry>
        </property>
        <property name="rejectFarRangeShadowCast" type="Int32" container="StaticArray" arraySize="1">
          <containerEntry>2</containerEntry>
        </property>
        <property name="parentLocator" type="EntityLink" container="StaticArray" arraySize="1">
          <containerEntry packagePathHash="0xB8A0BF169F98" archivePathHash="0xB8A0BF169F98" nameInArchiveHash="0xB8A0BF169F98">0x0</containerEntry>
        </property>
        <property name="transforms" type="Matrix4" container="DynamicArray" arraySize="2">
          <containerEntry r11="-0.5465679" r12="-0.20016824" r13="-0.8131363" r14="0" r21="0.06975229" r22="0.95675504" r23="-0.282408" r24="0" r31="0.83450145" r32="-0.21107382" r33="-0.5089693" r34="0" r41="2239.1265" r42="-3.170994" r43="1222.9865" r44="1"></containerEntry>
          <containerEntry r11="0.6308066" r12="-0.10105832" r13="-0.39289957" r14="0" r21="0.015517683" r22="0.7318366" r23="-0.16332284" r24="0" r31="0.40539128" r32="0.12923764" r33="0.6176208" r34="0" r41="2232.6829" r42="-3.050311" r43="1229.1464" r44="1"></containerEntry>
        </property>
        <property name="colors" type="UInt32" container="DynamicArray" arraySize="2">
          <containerEntry>4294967295</containerEntry>
          <containerEntry>4294967295</containerEntry>
        </property>
      </staticProperties>
      <dynamicProperties></dynamicProperties>
    </entity>
    <entity class="StaticModelArray" classVersion="4" classID="0xD0" addr="0x2F03D50" id="0x0">
      <staticProperties>
        <property name="name" type="String" container="StaticArray" arraySize="1">
          <containerEntry>StaticModelArray0004</containerEntry>
        </property>
        <property name="dataSet" type="EntityHandle" container="StaticArray" arraySize="1">
          <containerEntry>0x2D7F890</containerEntry>
        </property>
        <property name="modelFile" type="FilePtr" container="StaticArray" arraySize="1">
          <containerEntry>/Assets/tpp/environ/object/middle_africa/rock/mafr_rock001/scenes/mafr_rock001_vrtn001.fmdl</containerEntry>
        </property>
        <property name="geomFile" type="FilePtr" container="StaticArray" arraySize="1">
          <containerEntry>/Assets/tpp/environ/object/middle_africa/rock/mafr_rock001/scenes/mafr_rock001_vrtn001.geom</containerEntry>
        </property>
        <property name="isVisibleGeom" type="Bool" container="StaticArray" arraySize="1">
          <containerEntry>false</containerEntry>
        </property>
        <property name="lodFarSize" type="Float" container="StaticArray" arraySize="1">
          <containerEntry>-1</containerEntry>
        </property>
        <property name="lodNearSize" type="Float" container="StaticArray" arraySize="1">
          <containerEntry>-1</containerEntry>
        </property>
        <property name="lodPolygonSize" type="Float" container="StaticArray" arraySize="1">
          <containerEntry>-1</containerEntry>
        </property>
        <property name="drawRejectionLevel" type="Int32" container="StaticArray" arraySize="1">
          <containerEntry>8</containerEntry>
        </property>
        <property name="drawMode" type="Int32" container="StaticArray" arraySize="1">
          <containerEntry>0</containerEntry>
        </property>
        <property name="rejectFarRangeShadowCast" type="Int32" container="StaticArray" arraySize="1">
          <containerEntry>2</containerEntry>
        </property>
        <property name="parentLocator" type="EntityLink" container="StaticArray" arraySize="1">
          <containerEntry packagePathHash="0xB8A0BF169F98" archivePathHash="0xB8A0BF169F98" nameInArchiveHash="0xB8A0BF169F98">0x0</containerEntry>
        </property>
        <property name="transforms" type="Matrix4" container="DynamicArray" arraySize="11">
          <containerEntry r11="-0.80037314" r12="0.0022878628" r13="0.59949476" r14="0" r21="0.03339328" r22="0.9986103" r23="0.040771727" r24="0" r31="-0.5985684" r32="0.05265178" r33="-0.79933727" r34="0" r41="2230.3032" r42="-5.852119" r43="1204.3668" r44="1"></containerEntry>
          <containerEntry r11="0.6092858" r12="-0.17299148" r13="-0.7738503" r14="0" r21="-0.14822704" r22="0.93386286" r23="-0.32546705" r24="0" r31="0.7789731" r32="0.313008" r33="0.54334736" r34="0" r41="2234.3687" r42="-7.516086" r43="1205.725" r44="1"></containerEntry>
          <containerEntry r11="0.83788013" r12="0.04324985" r13="0.54413825" r14="0" r21="0.073995724" r22="0.97865474" r23="-0.19172749" r24="0" r31="-0.54081565" r32="0.20090857" r33="0.8167951" r34="0" r41="2259.6353" r42="-7.342977" r43="1176.4908" r44="1"></containerEntry>
          <containerEntry r11="-0.99190056" r12="-0.02438204" r13="-0.12464276" r14="0" r21="-0.033805385" r22="0.996681" r23="0.074055694" r24="0" r31="0.12242344" r32="0.0776696" r33="-0.9894327" r34="0" r41="2259.6353" r42="-7.521467" r43="1180.6395" r44="1"></containerEntry>
          <containerEntry r11="0.6908137" r12="-0.19851108" r13="-0.6952475" r14="0" r21="-0.061471626" r22="0.94196516" r23="-0.33003455" r24="0" r31="0.72041446" r32="0.27073032" r33="0.63851964" r34="0" r41="2253.251" r42="-8.141167" r43="1189.8092" r44="1"></containerEntry>
          <containerEntry r11="-0.6953746" r12="-0.054407634" r13="-0.7165833" r14="0" r21="-0.2720331" r22="0.94285864" r23="0.19239411" r24="0" r31="0.66516906" r32="0.32872072" r33="-0.6704406" r34="0" r41="2235.9558" r42="-5.21217" r43="1239.6503" r44="1"></containerEntry>
          <containerEntry r11="-0.13164136" r12="-0.014835909" r13="-0.99118507" r14="0" r21="-0.449982" r22="0.89183044" r23="0.046414793" r24="0" r31="0.8832804" r32="0.45212612" r33="-0.12407756" r34="0" r41="2205.8567" r42="7.158952" r43="1260.0758" r44="1"></containerEntry>
          <containerEntry r11="0.37275562" r12="-0.097256005" r13="0.9228181" r14="0" r21="0.36815366" r22="0.9283724" r23="-0.050867304" r24="0" r31="-0.85177165" r32="0.35870028" r33="0.38186127" r34="0" r41="2236.5232" r42="-7.774784" r43="1244.2634" r44="1"></containerEntry>
          <containerEntry r11="-0.5172333" r12="-0.10723784" r13="-0.8490964" r14="0" r21="-0.22676793" r22="0.97383094" r23="0.0151466355" r24="0" r31="0.82525206" r32="0.20038253" r33="-0.5280159" r34="0" r41="2216.1958" r42="-3.824371" r43="1244.2634" r44="1"></containerEntry>
          <containerEntry r11="0.9255053" r12="-0.12220592" r13="0.35847637" r14="0" r21="0.25575423" r22="0.8997673" r23="-0.353565" r24="0" r31="-0.27933738" r32="0.41890827" r33="0.8639941" r34="0" r41="2215.7068" r42="-5.03686" r43="1248.3019" r44="1"></containerEntry>
          <containerEntry r11="0.54819655" r12="0.04470911" r13="0.8351535" r14="0" r21="-0.027179472" r22="0.99899507" r23="-0.035639532" r24="0" r31="-0.83590764" r32="-0.0031615756" r33="0.5488608" r34="0" r41="2257.019" r42="-7.365971" r43="1184.7969" r44="1"></containerEntry>
        </property>
        <property name="colors" type="UInt32" container="DynamicArray" arraySize="11">
          <containerEntry>4294967295</containerEntry>
          <containerEntry>4294967295</containerEntry>
          <containerEntry>4294967295</containerEntry>
          <containerEntry>4294967295</containerEntry>
          <containerEntry>4294967295</containerEntry>
          <containerEntry>4294967295</containerEntry>
          <containerEntry>4294967295</containerEntry>
          <containerEntry>4294967295</containerEntry>
          <containerEntry>4294967295</containerEntry>
          <containerEntry>4294967295</containerEntry>
          <containerEntry>4294967295</containerEntry>
        </property>
      </staticProperties>
      <dynamicProperties></dynamicProperties>
    </entity>
    <entity class="StaticModelArray" classVersion="4" classID="0xD0" addr="0x2F033B0" id="0x0">
      <staticProperties>
        <property name="name" type="String" container="StaticArray" arraySize="1">
          <containerEntry>StaticModelArray0005</containerEntry>
        </property>
        <property name="dataSet" type="EntityHandle" container="StaticArray" arraySize="1">
          <containerEntry>0x2D7F890</containerEntry>
        </property>
        <property name="modelFile" type="FilePtr" container="StaticArray" arraySize="1">
          <containerEntry>/Assets/tpp/environ/object/middle_africa/rock/mafr_rock010/scenes/mafr_rock010.fmdl</containerEntry>
        </property>
        <property name="geomFile" type="FilePtr" container="StaticArray" arraySize="1">
          <containerEntry>/Assets/tpp/environ/object/middle_africa/rock/mafr_rock010/scenes/mafr_rock010.geom</containerEntry>
        </property>
        <property name="isVisibleGeom" type="Bool" container="StaticArray" arraySize="1">
          <containerEntry>false</containerEntry>
        </property>
        <property name="lodFarSize" type="Float" container="StaticArray" arraySize="1">
          <containerEntry>-1</containerEntry>
        </property>
        <property name="lodNearSize" type="Float" container="StaticArray" arraySize="1">
          <containerEntry>-1</containerEntry>
        </property>
        <property name="lodPolygonSize" type="Float" container="StaticArray" arraySize="1">
          <containerEntry>-1</containerEntry>
        </property>
        <property name="drawRejectionLevel" type="Int32" container="StaticArray" arraySize="1">
          <containerEntry>8</containerEntry>
        </property>
        <property name="drawMode" type="Int32" container="StaticArray" arraySize="1">
          <containerEntry>0</containerEntry>
        </property>
        <property name="rejectFarRangeShadowCast" type="Int32" container="StaticArray" arraySize="1">
          <containerEntry>2</containerEntry>
        </property>
        <property name="parentLocator" type="EntityLink" container="StaticArray" arraySize="1">
          <containerEntry packagePathHash="0xB8A0BF169F98" archivePathHash="0xB8A0BF169F98" nameInArchiveHash="0xB8A0BF169F98">0x0</containerEntry>
        </property>
        <property name="transforms" type="Matrix4" container="DynamicArray" arraySize="9">
          <containerEntry r11="0.97054136" r12="-0.023773056" r13="0.23975919" r14="0" r21="0.053801123" r22="0.99137694" r23="-0.11948765" r24="0" r31="-0.23485117" r32="0.12886699" r33="0.9634513" r34="0" r41="2206.8909" r42="1.407337" r43="1162.6951" r44="1"></containerEntry>
          <containerEntry r11="-0.63178265" r12="0.02888295" r13="0.7746108" r14="0" r21="0.09491765" r22="0.99466795" r23="0.040327564" r24="0" r31="-0.7693158" r32="0.09900226" r33="-0.63115543" r34="0" r41="2222.6929" r42="-0.671621" r43="1162.6951" r44="1"></containerEntry>
          <containerEntry r11="0.48503253" r12="-0.16700535" r13="-0.8584021" r14="0" r21="0.006500423" r22="0.9822567" r23="-0.18742898" r24="0" r31="0.8744728" r32="0.085329324" r33="0.47751206" r34="0" r41="2224.664" r42="-1.773805" r43="1159.142" r44="1"></containerEntry>
          <containerEntry r11="0.6896305" r12="-0.043257773" r13="0.7228688" r14="0" r21="0.16348651" r22="0.98174363" r23="-0.09722011" r24="0" r31="-0.7054663" r32="0.18522514" r33="0.68411237" r34="0" r41="2228.41" r42="-1.407381" r43="1162.0977" r44="1"></containerEntry>
          <containerEntry r11="0.6896305" r12="-0.043257773" r13="0.7228688" r14="0" r21="0.16348651" r22="0.98174363" r23="-0.09722011" r24="0" r31="-0.7054663" r32="0.18522514" r33="0.68411237" r34="0" r41="2251.9363" r42="-5.472278" r43="1158.4526" r44="1"></containerEntry>
          <containerEntry r11="-0.56479776" r12="0.10685313" r13="0.8182855" r14="0" r21="-0.012052543" r22="0.9904079" r23="-0.13764827" r24="0" r31="-0.8251446" r32="-0.08760547" r33="-0.5580923" r34="0" r41="2282.443" r42="-9.123144" r43="1158.4526" r44="1"></containerEntry>
          <containerEntry r11="-0.61418897" r12="0.29672915" r13="0.7312524" r14="0" r21="0.49276328" r22="0.8679758" r23="0.061667487" r24="0" r31="-0.61641103" r32="0.39820892" r33="-0.67931855" r34="0" r41="2197.6978" r42="2.993921" r43="1181.2006" r44="1"></containerEntry>
          <containerEntry r11="0.067230575" r12="0.021608185" r13="-0.9975064" r14="0" r21="-0.11204186" r22="0.9936053" r23="0.013971921" r24="0" r31="0.99142957" r32="0.11082274" r33="0.069221675" r34="0" r41="2193.5146" r42="3.600015" r43="1183.8483" r44="1"></containerEntry>
          <containerEntry r11="0.38606352" r12="-0.052653395" r13="0.9209687" r14="0" r21="0.2927193" r22="0.9537648" r23="-0.06817761" r24="0" r31="-0.87479776" r32="0.29590607" r33="0.3836264" r34="0" r41="2189.522" r42="5.363716" r43="1216.2244" r44="1"></containerEntry>
        </property>
        <property name="colors" type="UInt32" container="DynamicArray" arraySize="9">
          <containerEntry>4294967295</containerEntry>
          <containerEntry>4294967295</containerEntry>
          <containerEntry>4294967295</containerEntry>
          <containerEntry>4294967295</containerEntry>
          <containerEntry>4294967295</containerEntry>
          <containerEntry>4294967295</containerEntry>
          <containerEntry>4294967295</containerEntry>
          <containerEntry>4294967295</containerEntry>
          <containerEntry>4294967295</containerEntry>
        </property>
      </staticProperties>
      <dynamicProperties></dynamicProperties>
    </entity>
    <entity class="StaticModelArray" classVersion="4" classID="0xD0" addr="0x2F03340" id="0x0">
      <staticProperties>
        <property name="name" type="String" container="StaticArray" arraySize="1">
          <containerEntry>StaticModelArray0006</containerEntry>
        </property>
        <property name="dataSet" type="EntityHandle" container="StaticArray" arraySize="1">
          <containerEntry>0x2D7F890</containerEntry>
        </property>
        <property name="modelFile" type="FilePtr" container="StaticArray" arraySize="1">
          <containerEntry>/Assets/tpp/environ/object/middle_africa/rock/mafr_rock007/scenes/mafr_rock007.fmdl</containerEntry>
        </property>
        <property name="geomFile" type="FilePtr" container="StaticArray" arraySize="1">
          <containerEntry>/Assets/tpp/environ/object/middle_africa/rock/mafr_rock007/scenes/mafr_rock007.geom</containerEntry>
        </property>
        <property name="isVisibleGeom" type="Bool" container="StaticArray" arraySize="1">
          <containerEntry>false</containerEntry>
        </property>
        <property name="lodFarSize" type="Float" container="StaticArray" arraySize="1">
          <containerEntry>-1</containerEntry>
        </property>
        <property name="lodNearSize" type="Float" container="StaticArray" arraySize="1">
          <containerEntry>-1</containerEntry>
        </property>
        <property name="lodPolygonSize" type="Float" container="StaticArray" arraySize="1">
          <containerEntry>-1</containerEntry>
        </property>
        <property name="drawRejectionLevel" type="Int32" container="StaticArray" arraySize="1">
          <containerEntry>8</containerEntry>
        </property>
        <property name="drawMode" type="Int32" container="StaticArray" arraySize="1">
          <containerEntry>0</containerEntry>
        </property>
        <property name="rejectFarRangeShadowCast" type="Int32" container="StaticArray" arraySize="1">
          <containerEntry>2</containerEntry>
        </property>
        <property name="parentLocator" type="EntityLink" container="StaticArray" arraySize="1">
          <containerEntry packagePathHash="0xB8A0BF169F98" archivePathHash="0xB8A0BF169F98" nameInArchiveHash="0xB8A0BF169F98">0x0</containerEntry>
        </property>
        <property name="transforms" type="Matrix4" container="DynamicArray" arraySize="18">
          <containerEntry r11="-0.5977509" r12="-0.14793953" r13="0.4281443" r14="0" r21="0.16454406" r22="-0.73136735" r23="-0.022987073" r24="0" r31="0.42204148" r32="0.075610645" r33="0.6153568" r34="0" r41="2272.7368" r42="-11.58094" r43="1268.079" r44="1"></containerEntry>
          <containerEntry r11="0.34577465" r12="-0.07979198" r13="0.35224035" r14="0" r21="0.01388694" r22="-0.48434785" r23="-0.123349845" r24="0" r31="0.36089775" r32="0.095085606" r33="-0.33273456" r34="0" r41="2271.7139" r42="-11.775815" r43="1272.4113" r44="1"></containerEntry>
          <containerEntry r11="-0.28322107" r12="-0.23441869" r13="-0.65370846" r14="0" r21="0.31482214" r22="-0.67261195" r23="0.10479995" r24="0" r31="-0.61901057" r32="-0.23482668" r33="0.35239568" r34="0" r41="2263.6443" r42="-12.217443" r43="1268.079" r44="1"></containerEntry>
          <containerEntry r11="0.6383605" r12="-0.03961834" r13="-0.39169663" r14="0" r21="0.06462684" r22="0.74661666" r23="0.029807497" r24="0" r31="0.38835448" r32="-0.05912266" r33="0.6388937" r34="0" r41="2258.303" r42="-10.160292" r43="1259.395" r44="1"></containerEntry>
          <containerEntry r11="0.4667613" r12="0.044436667" r13="0.1736642" r14="0" r21="-0.13234928" r22="0.41213092" r23="0.25026333" r24="0" r31="-0.12090302" r32="-0.27959514" r33="0.39649585" r34="0" r41="2260.3972" r42="-12.217443" r43="1273.2972" r44="1"></containerEntry>
          <containerEntry r11="-0.042028956" r12="-0.0028263815" r13="-0.49822208" r14="0" r21="0.073083326" r22="0.49454862" r23="-0.008970749" r24="0" r31="0.4928408" r32="-0.07357757" r33="-0.041157603" r34="0" r41="2259.6465" r42="-12.086471" r43="1275.0305" r44="1"></containerEntry>
          <containerEntry r11="0.38142574" r12="-0.06893632" r13="-0.31585115" r14="0" r21="-0.13355158" r22="-0.4784665" r23="-0.056849882" r24="0" r31="-0.29441154" r32="0.12773299" r33="-0.38341162" r34="0" r41="2256.134" r42="-11.100918" r43="1272.6598" r44="1"></containerEntry>
          <containerEntry r11="-0.98380876" r12="-0.10283761" r13="-0.14675085" r14="0" r21="0.09811847" r22="-0.99440336" r23="0.039061163" r24="0" r31="-0.14994715" r32="0.024029886" r33="0.9884019" r34="0" r41="2268.2546" r42="-10.662101" r43="1254.3431" r44="1"></containerEntry>
          <containerEntry r11="0.27758747" r12="-0.44702095" r13="0.5344314" r14="0" r21="0.6523868" r22="0.36873665" r23="-0.030427154" r24="0" r31="-0.2446166" r32="0.4761359" r33="0.5253161" r34="0" r41="2275.5818" r42="-11.323559" r43="1254.2377" r44="1"></containerEntry>
          <containerEntry r11="-0.48971635" r12="-0.12813625" r13="-0.8624098" r14="0" r21="0.15252414" r22="-0.98647356" r23="0.059959184" r24="0" r31="-0.85843223" r32="-0.10217543" r33="0.5026445" r34="0" r41="2298.3943" r42="-12.065249" r43="1232.4481" r44="1"></containerEntry>
          <containerEntry r11="0.31580645" r12="-0.096102454" r13="-0.67344534" r14="0" r21="0.02937312" r22="-0.7398548" r23="0.11935376" r24="0" r31="-0.6796334" r32="-0.07663171" r33="-0.30776817" r34="0" r41="2298.485" r42="-11.262646" r43="1230.1995" r44="1"></containerEntry>
          <containerEntry r11="-0.19809379" r12="0.043029398" r13="0.4570622" r14="0" r21="-0.08675054" r22="0.48532194" r23="-0.08328822" r24="0" r31="-0.4508123" r32="-0.11229895" r33="-0.18481281" r34="0" r41="2297.561" r42="-10.646591" r43="1232.7144" r44="1"></containerEntry>
