<fox formatVersion="2" fileVersion="0">
  <entities>
    <entity class="DataSet" classVersion="0" classID="0xE8" addr="0x2F52CB0" id="0x8E3F98">
      <staticProperties>
        <property name="name" type="String" container="StaticArray" arraySize="1">
          <containerEntry hash="0xB8A0BF169F98"></containerEntry>
        </property>
        <property name="dataSet" type="EntityHandle" container="StaticArray" arraySize="1">
          <containerEntry>0x0</containerEntry>
        </property>
        <property name="dataList" type="EntityPtr" container="StringMap" arraySize="10">
          <containerEntry key="afgh_clff022_vrtn004_0001">
            <data>0x2F52E70</data>
          </containerEntry>
          <containerEntry key="afgh_clff035_vrtn003_0007">
            <data>0x2D75C60</data>
          </containerEntry>
          <containerEntry key="StaticModelArray0000">
            <data>0x2D793F0</data>
          </containerEntry>
          <containerEntry key="StaticModelArray0001">
            <data>0x2D79460</data>
          </containerEntry>
          <containerEntry key="StaticModelArray0002">
            <data>0x2D794D0</data>
          </containerEntry>
          <containerEntry key="StaticModelArray0003">
            <data>0x2D79540</data>
          </containerEntry>
          <containerEntry key="StaticModelArray0004">
            <data>0x2D795B0</data>
          </containerEntry>
          <containerEntry key="StaticModelArray0005">
            <data>0x2D791C0</data>
          </containerEntry>
          <containerEntry key="StaticModelArray0006">
            <data>0x2D78E40</data>
          </containerEntry>
          <containerEntry key="TexturePackLoadConditioner0000">
            <data>0x2D797E0</data>
          </containerEntry>
        </property>
      </staticProperties>
      <dynamicProperties></dynamicProperties>
    </entity>
    <entity class="StaticModel" classVersion="9" classID="0x160" addr="0x2F52E70" id="0x8E3FA1">
      <staticProperties>
        <property name="name" type="String" container="StaticArray" arraySize="1">
          <containerEntry>afgh_clff022_vrtn004_0001</containerEntry>
        </property>
        <property name="dataSet" type="EntityHandle" container="StaticArray" arraySize="1">
          <containerEntry>0x2F52CB0</containerEntry>
        </property>
        <property name="parent" type="EntityHandle" container="StaticArray" arraySize="1">
          <containerEntry>0x0</containerEntry>
        </property>
        <property name="transform" type="EntityPtr" container="StaticArray" arraySize="1">
          <containerEntry>0x2F52EE0</containerEntry>
        </property>
        <property name="shearTransform" type="EntityPtr" container="StaticArray" arraySize="1">
          <containerEntry>0x0</containerEntry>
        </property>
        <property name="pivotTransform" type="EntityPtr" container="StaticArray" arraySize="1">
          <containerEntry>0x0</containerEntry>
        </property>
        <property name="children" type="EntityHandle" container="List"></property>
        <property name="flags" type="UInt32" container="StaticArray" arraySize="1">
          <containerEntry>7</containerEntry>
        </property>
        <property name="modelFile" type="FilePtr" container="StaticArray" arraySize="1">
          <containerEntry>/Assets/tpp/environ/object/afghanistan/cliff/afgh_clff022/scenes/afgh_clff022_vrtn004.fmdl</containerEntry>
        </property>
        <property name="geomFile" type="FilePtr" container="StaticArray" arraySize="1">
          <containerEntry>/Assets/tpp/environ/object/afghanistan/cliff/afgh_clff022/scenes/afgh_clff022_vrtn004.geom</containerEntry>
        </property>
        <property name="isVisibleGeom" type="Bool" container="StaticArray" arraySize="1">
          <containerEntry>false</containerEntry>
        </property>
        <property name="isIsolated" type="Bool" container="StaticArray" arraySize="1">
          <containerEntry>false</containerEntry>
        </property>
        <property name="lodFarSize" type="Float" container="StaticArray" arraySize="1">
          <containerEntry>-1</containerEntry>
        </property>
        <property name="lodNearSize" type="Float" container="StaticArray" arraySize="1">
          <containerEntry>-1</containerEntry>
        </property>
        <property name="lodPolygonSize" type="Float" container="StaticArray" arraySize="1">
          <containerEntry>-1</containerEntry>
        </property>
        <property name="color" type="Color" container="StaticArray" arraySize="1">
          <containerEntry r="1" g="1" b="1" a="1"></containerEntry>
        </property>
        <property name="drawRejectionLevel" type="Int32" container="StaticArray" arraySize="1">
          <containerEntry>8</containerEntry>
        </property>
        <property name="drawMode" type="Int32" container="StaticArray" arraySize="1">
          <containerEntry>0</containerEntry>
        </property>
        <property name="rejectFarRangeShadowCast" type="Int32" container="StaticArray" arraySize="1">
          <containerEntry>2</containerEntry>
        </property>
      </staticProperties>
      <dynamicProperties></dynamicProperties>
    </entity>
    <entity class="TransformEntity" classVersion="0" classID="0x50" addr="0x2F52EE0" id="0x8E3FA4">
      <staticProperties>
        <property name="owner" type="EntityHandle" container="StaticArray" arraySize="1">
          <containerEntry>0x2F52E70</containerEntry>
        </property>
        <property name="transform_scale" type="Vector3" container="StaticArray" arraySize="1">
          <containerEntry x="1" y="1" z="1" w="0"></containerEntry>
        </property>
        <property name="transform_rotation_quat" type="Quat" container="StaticArray" arraySize="1">
          <containerEntry x="0" y="-0.264441" z="0" w="-0.964401"></containerEntry>
        </property>
        <property name="transform_translation" type="Vector3" container="StaticArray" arraySize="1">
          <containerEntry x="585.9643" y="359.2151" z="1616.8506" w="0"></containerEntry>
        </property>
      </staticProperties>
      <dynamicProperties></dynamicProperties>
    </entity>
    <entity class="StaticModel" classVersion="9" classID="0x160" addr="0x2D75C60" id="0x8E4057">
      <staticProperties>
        <property name="name" type="String" container="StaticArray" arraySize="1">
          <containerEntry>afgh_clff035_vrtn003_0007</containerEntry>
        </property>
        <property name="dataSet" type="EntityHandle" container="StaticArray" arraySize="1">
          <containerEntry>0x2F52CB0</containerEntry>
        </property>
        <property name="parent" type="EntityHandle" container="StaticArray" arraySize="1">
          <containerEntry>0x0</containerEntry>
        </property>
        <property name="transform" type="EntityPtr" container="StaticArray" arraySize="1">
          <containerEntry>0x2D75CD0</containerEntry>
        </property>
        <property name="shearTransform" type="EntityPtr" container="StaticArray" arraySize="1">
          <containerEntry>0x0</containerEntry>
        </property>
        <property name="pivotTransform" type="EntityPtr" container="StaticArray" arraySize="1">
          <containerEntry>0x0</containerEntry>
        </property>
        <property name="children" type="EntityHandle" container="List"></property>
        <property name="flags" type="UInt32" container="StaticArray" arraySize="1">
          <containerEntry>7</containerEntry>
        </property>
        <property name="modelFile" type="FilePtr" container="StaticArray" arraySize="1">
          <containerEntry>/Assets/tpp/environ/object/afghanistan/cliff/afgh_clff035/scenes/afgh_clff035_vrtn003.fmdl</containerEntry>
        </property>
        <property name="geomFile" type="FilePtr" container="StaticArray" arraySize="1">
          <containerEntry>/Assets/tpp/environ/object/afghanistan/cliff/afgh_clff035/scenes/afgh_clff035_vrtn003.geom</containerEntry>
        </property>
        <property name="isVisibleGeom" type="Bool" container="StaticArray" arraySize="1">
          <containerEntry>false</containerEntry>
        </property>
        <property name="isIsolated" type="Bool" container="StaticArray" arraySize="1">
          <containerEntry>false</containerEntry>
        </property>
        <property name="lodFarSize" type="Float" container="StaticArray" arraySize="1">
          <containerEntry>-1</containerEntry>
        </property>
        <property name="lodNearSize" type="Float" container="StaticArray" arraySize="1">
          <containerEntry>-1</containerEntry>
        </property>
        <property name="lodPolygonSize" type="Float" container="StaticArray" arraySize="1">
          <containerEntry>-1</containerEntry>
        </property>
        <property name="color" type="Color" container="StaticArray" arraySize="1">
          <containerEntry r="1" g="1" b="1" a="1"></containerEntry>
        </property>
        <property name="drawRejectionLevel" type="Int32" container="StaticArray" arraySize="1">
          <containerEntry>8</containerEntry>
        </property>
        <property name="drawMode" type="Int32" container="StaticArray" arraySize="1">
          <containerEntry>0</containerEntry>
        </property>
        <property name="rejectFarRangeShadowCast" type="Int32" container="StaticArray" arraySize="1">
          <containerEntry>2</containerEntry>
        </property>
      </staticProperties>
      <dynamicProperties></dynamicProperties>
    </entity>
    <entity class="TransformEntity" classVersion="0" classID="0x50" addr="0x2D75CD0" id="0x8E405A">
      <staticProperties>
        <property name="owner" type="EntityHandle" container="StaticArray" arraySize="1">
          <containerEntry>0x2D75C60</containerEntry>
        </property>
        <property name="transform_scale" type="Vector3" container="StaticArray" arraySize="1">
          <containerEntry x="1" y="1" z="1" w="0"></containerEntry>
        </property>
        <property name="transform_rotation_quat" type="Quat" container="StaticArray" arraySize="1">
          <containerEntry x="-0.030233" y="0.967231" z="0.053038" w="0.246446"></containerEntry>
        </property>
        <property name="transform_translation" type="Vector3" container="StaticArray" arraySize="1">
          <containerEntry x="536.26215" y="371.46915" z="1573.2548" w="0"></containerEntry>
        </property>
      </staticProperties>
      <dynamicProperties></dynamicProperties>
    </entity>
    <entity class="StaticModelArray" classVersion="4" classID="0xD0" addr="0x2D793F0" id="0x0">
      <staticProperties>
        <property name="name" type="String" container="StaticArray" arraySize="1">
          <containerEntry>StaticModelArray0000</containerEntry>
        </property>
        <property name="dataSet" type="EntityHandle" container="StaticArray" arraySize="1">
          <containerEntry>0x2F52CB0</containerEntry>
        </property>
        <property name="modelFile" type="FilePtr" container="StaticArray" arraySize="1">
          <containerEntry>/Assets/tpp/environ/object/afghanistan/cliff/afgh_clff041/scenes/afgh_clff041_vrtn002.fmdl</containerEntry>
        </property>
        <property name="geomFile" type="FilePtr" container="StaticArray" arraySize="1">
          <containerEntry>/Assets/tpp/environ/object/afghanistan/cliff/afgh_clff041/scenes/afgh_clff041_vrtn002.geom</containerEntry>
        </property>
        <property name="isVisibleGeom" type="Bool" container="StaticArray" arraySize="1">
          <containerEntry>false</containerEntry>
        </property>
        <property name="lodFarSize" type="Float" container="StaticArray" arraySize="1">
          <containerEntry>-1</containerEntry>
        </property>
        <property name="lodNearSize" type="Float" container="StaticArray" arraySize="1">
          <containerEntry>-1</containerEntry>
        </property>
        <property name="lodPolygonSize" type="Float" container="StaticArray" arraySize="1">
          <containerEntry>-1</containerEntry>
        </property>
        <property name="drawRejectionLevel" type="Int32" container="StaticArray" arraySize="1">
          <containerEntry>8</containerEntry>
        </property>
        <property name="drawMode" type="Int32" container="StaticArray" arraySize="1">
          <containerEntry>0</containerEntry>
        </property>
        <property name="rejectFarRangeShadowCast" type="Int32" container="StaticArray" arraySize="1">
          <containerEntry>2</containerEntry>
        </property>
        <property name="parentLocator" type="EntityLink" container="StaticArray" arraySize="1">
          <containerEntry packagePathHash="0xB8A0BF169F98" archivePathHash="0xB8A0BF169F98" nameInArchiveHash="0xB8A0BF169F98">0x0</containerEntry>
        </property>
        <property name="transforms" type="Matrix4" container="DynamicArray" arraySize="2">
          <containerEntry r11="0.63614774" r12="-0.18976593" r13="0.0963199" r14="0" r21="0.19258173" r22="0.642533" r23="-0.0060170805" r24="0" r31="-0.09055886" r32="0.033358984" r33="0.66382146" r34="0" r41="586.92175" r42="353.21884" r43="1663.3079" r44="1"></containerEntry>
          <containerEntry r11="-0.6618348" r12="0.031153327" r13="0.10477302" r14="0" r21="0.052787192" r22="0.65412456" r23="0.13895011" r24="0" r31="-0.09571536" r32="0.14533785" r33="-0.6478338" r34="0" r41="585.05164" r42="368.69678" r43="1548.3696" r44="1"></containerEntry>
        </property>
        <property name="colors" type="UInt32" container="DynamicArray" arraySize="2">
          <containerEntry>4294967295</containerEntry>
          <containerEntry>4294967295</containerEntry>
        </property>
      </staticProperties>
      <dynamicProperties></dynamicProperties>
    </entity>
    <entity class="StaticModelArray" classVersion="4" classID="0xD0" addr="0x2D79460" id="0x0">
      <staticProperties>
        <property name="name" type="String" container="StaticArray" arraySize="1">
          <containerEntry>StaticModelArray0001</containerEntry>
        </property>
        <property name="dataSet" type="EntityHandle" container="StaticArray" arraySize="1">
          <containerEntry>0x2F52CB0</containerEntry>
        </property>
        <property name="modelFile" type="FilePtr" container="StaticArray" arraySize="1">
          <containerEntry>/Assets/tpp/environ/object/afghanistan/cliff/afgh_clff022/scenes/afgh_clff022_vrtn001.fmdl</containerEntry>
        </property>
        <property name="geomFile" type="FilePtr" container="StaticArray" arraySize="1">
          <containerEntry>/Assets/tpp/environ/object/afghanistan/cliff/afgh_clff022/scenes/afgh_clff022_vrtn001.geom</containerEntry>
        </property>
        <property name="isVisibleGeom" type="Bool" container="StaticArray" arraySize="1">
          <containerEntry>false</containerEntry>
        </property>
        <property name="lodFarSize" type="Float" container="StaticArray" arraySize="1">
          <containerEntry>-1</containerEntry>
        </property>
        <property name="lodNearSize" type="Float" container="StaticArray" arraySize="1">
          <containerEntry>-1</containerEntry>
        </property>
        <property name="lodPolygonSize" type="Float" container="StaticArray" arraySize="1">
          <containerEntry>-1</containerEntry>
        </property>
        <property name="drawRejectionLevel" type="Int32" container="StaticArray" arraySize="1">
          <containerEntry>8</containerEntry>
        </property>
        <property name="drawMode" type="Int32" container="StaticArray" arraySize="1">
          <containerEntry>0</containerEntry>
        </property>
        <property name="rejectFarRangeShadowCast" type="Int32" container="StaticArray" arraySize="1">
          <containerEntry>2</containerEntry>
        </property>
        <property name="parentLocator" type="EntityLink" container="StaticArray" arraySize="1">
          <containerEntry packagePathHash="0xB8A0BF169F98" archivePathHash="0xB8A0BF169F98" nameInArchiveHash="0xB8A0BF169F98">0x0</containerEntry>
        </property>
        <property name="transforms" type="Matrix4" container="DynamicArray" arraySize="3">
          <containerEntry r11="0.027369618" r12="0" r13="0.99962527" r14="0" r21="0" r22="1" r23="0" r24="0" r31="-0.99962527" r32="0" r33="0.027369618" r34="0" r41="602.2089" r42="366.74524" r43="1582.3823" r44="1"></containerEntry>
          <containerEntry r11="0.10629258" r12="0.40398467" r13="0.90856946" r14="0" r21="-0.07698141" r22="0.9143467" r23="-0.39754748" r24="0" r31="-0.99135053" r32="-0.027686551" r33="0.12828755" r34="0" r41="540.77844" r42="362.56104" r43="1642.5883" r44="1"></containerEntry>
          <containerEntry r11="-0.67678225" r12="0" r13="0.7361813" r14="0" r21="0" r22="1" r23="0" r24="0" r31="-0.7361813" r32="0" r33="-0.67678225" r34="0" r41="590.1145" r42="366.74524" r43="1590.2427" r44="1"></containerEntry>
        </property>
        <property name="colors" type="UInt32" container="DynamicArray" arraySize="3">
          <containerEntry>4294967295</containerEntry>
          <containerEntry>4294967295</containerEntry>
          <containerEntry>4294967295</containerEntry>
        </property>
      </staticProperties>
      <dynamicProperties></dynamicProperties>
    </entity>
    <entity class="StaticModelArray" classVersion="4" classID="0xD0" addr="0x2D794D0" id="0x0">
      <staticProperties>
        <property name="name" type="String" container="StaticArray" arraySize="1">
          <containerEntry>StaticModelArray0002</containerEntry>
        </property>
        <property name="dataSet" type="EntityHandle" container="StaticArray" arraySize="1">
          <containerEntry>0x2F52CB0</containerEntry>
        </property>
        <property name="modelFile" type="FilePtr" container="StaticArray" arraySize="1">
          <containerEntry>/Assets/tpp/environ/object/afghanistan/rock/afgh_rock009/scenes/afgh_rock009_rock001.fmdl</containerEntry>
        </property>
        <property name="geomFile" type="FilePtr" container="StaticArray" arraySize="1">
          <containerEntry>/Assets/tpp/environ/object/afghanistan/rock/afgh_rock009/scenes/afgh_rock009_rock001.geom</containerEntry>
        </property>
        <property name="isVisibleGeom" type="Bool" container="StaticArray" arraySize="1">
          <containerEntry>false</containerEntry>
        </property>
        <property name="lodFarSize" type="Float" container="StaticArray" arraySize="1">
          <containerEntry>-1</containerEntry>
        </property>
        <property name="lodNearSize" type="Float" container="StaticArray" arraySize="1">
          <containerEntry>-1</containerEntry>
        </property>
        <property name="lodPolygonSize" type="Float" container="StaticArray" arraySize="1">
          <containerEntry>-1</containerEntry>
        </property>
        <property name="drawRejectionLevel" type="Int32" container="StaticArray" arraySize="1">
          <containerEntry>8</containerEntry>
        </property>
        <property name="drawMode" type="Int32" container="StaticArray" arraySize="1">
          <containerEntry>0</containerEntry>
        </property>
        <property name="rejectFarRangeShadowCast" type="Int32" container="StaticArray" arraySize="1">
          <containerEntry>2</containerEntry>
        </property>
        <property name="parentLocator" type="EntityLink" container="StaticArray" arraySize="1">
          <containerEntry packagePathHash="0xB8A0BF169F98" archivePathHash="0xB8A0BF169F98" nameInArchiveHash="0xB8A0BF169F98">0x0</containerEntry>
        </property>
        <property name="transforms" type="Matrix4" container="DynamicArray" arraySize="11">
          <containerEntry r11="-0.53347534" r12="0.27822125" r13="0.798749" r14="0" r21="0.1973049" r22="0.95923287" r23="-0.20234407" r24="0" r31="-0.82248276" r32="0.049651667" r33="-0.56662154" r34="0" r41="634.65094" r42="350.60562" r43="1620.5994" r44="1"></containerEntry>
          <containerEntry r11="0.31071132" r12="-0.11337122" r13="0.9437195" r14="0" r21="-0.9279556" r22="0.17879987" r23="0.32700178" r24="0" r31="-0.2058101" r32="-0.9773325" r33="-0.049648672" r34="0" r41="628.48047" r42="355.18497" r43="1611.5121" r44="1"></containerEntry>
          <containerEntry r11="-0.29453954" r12="0.93779236" r13="0.18383366" r14="0" r21="0.92409784" r22="0.32851177" r23="-0.19525525" r24="0" r31="-0.24350035" r32="0.112369984" r33="-0.9633716" r34="0" r41="631.50977" r42="345.49768" r43="1661.2827" r44="1"></containerEntry>
          <containerEntry r11="0.23989278" r12="0.7491477" r13="-0.6174371" r14="0" r21="-0.92704827" r22="-0.012004022" r23="-0.37474892" r24="0" r31="-0.28815413" r32="0.66229445" r33="0.6916163" r34="0" r41="587.3455" r42="359.7869" r43="1600.8463" r44="1"></containerEntry>
          <containerEntry r11="0.918313" r12="-0.36037695" r13="0.16379769" r14="0" r21="-0.18442637" r22="-0.7556234" r23="-0.6285071" r24="0" r31="0.35026872" r32="0.5469577" r33="-0.76036185" r34="0" r41="549.1702" r42="358.91388" r43="1638.9706" r44="1"></containerEntry>
          <containerEntry r11="0.14297329" r12="0.7710544" r13="0.62051" r14="0" r21="0.92567265" r22="-0.32605523" r23="0.191876" r24="0" r31="0.350268" r32="0.5469564" r33="-0.7603609" r34="0" r41="592.0451" r42="350.79446" r43="1633.1093" r44="1"></containerEntry>
          <containerEntry r11="0.35214674" r12="-0.8306438" r13="-0.43129796" r14="0" r21="0.33029678" r22="0.54146147" r23="-0.77312326" r24="0" r31="0.8757232" r32="0.12979373" r33="0.46503535" r34="0" r41="632.1471" r42="357.89062" r43="1564.0731" r44="1"></containerEntry>
          <containerEntry r11="0.4073267" r12="-0.5017173" r13="0.76312476" r14="0" r21="0.4356341" r22="-0.6276565" r23="-0.64517874" r24="0" r31="0.8026846" r32="0.5952415" r33="-0.03709074" r34="0" r41="632.9401" r42="351.47382" r43="1549.0869" r44="1"></containerEntry>
          <containerEntry r11="0.59662884" r12="-0.35690424" r13="0.7187826" r14="0" r21="-0.47154102" r22="-0.8806371" r23="-0.045873687" r24="0" r31="0.6493675" r32="-0.31156808" r33="-0.69370496" r34="0" r41="611.52545" r42="359.07382" r43="1549.0869" r44="1"></containerEntry>
          <containerEntry r11="-0.16596448" r12="-0.9810263" r13="0.10022071" r14="0" r21="-0.094673514" r22="-0.08531028" r23="-0.9918468" r24="0" r31="0.98157716" r32="-0.17409912" r33="-0.0787192" r34="0" r41="586.08044" r42="354.78354" r43="1635.2784" r44="1"></containerEntry>
          <containerEntry r11="-0.07984224" r12="0.9928667" r13="0.08855575" r14="0" r21="0.26323992" r22="-0.06468469" r23="0.96256006" r24="0" r31="0.96142143" r32="0.10016373" r33="-0.2561981" r34="0" r41="635.58923" r42="346.97958" r43="1640.805" r44="1"></containerEntry>
        </property>
        <property name="colors" type="UInt32" container="DynamicArray" arraySize="11">
          <containerEntry>4294967295</containerEntry>
          <containerEntry>4294967295</containerEntry>
          <containerEntry>4294967295</containerEntry>
          <containerEntry>4294967295</containerEntry>
          <containerEntry>4294967295</containerEntry>
          <containerEntry>4294967295</containerEntry>
          <containerEntry>4294967295</containerEntry>
          <containerEntry>4294967295</containerEntry>
          <containerEntry>4294967295</containerEntry>
          <containerEntry>4294967295</containerEntry>
          <containerEntry>4294967295</containerEntry>
        </property>
      </staticProperties>
      <dynamicProperties></dynamicProperties>
    </entity>
    <entity class="StaticModelArray" classVersion="4" classID="0xD0" addr="0x2D79540" id="0x0">
      <staticProperties>
        <property name="name" type="String" container="StaticArray" arraySize="1">
          <containerEntry>StaticModelArray0003</containerEntry>
        </property>
        <property name="dataSet" type="EntityHandle" container="StaticArray" arraySize="1">
          <containerEntry>0x2F52CB0</containerEntry>
        </property>
        <property name="modelFile" type="FilePtr" container="StaticArray" arraySize="1">
          <containerEntry>/Assets/tpp/environ/object/afghanistan/cliff/afgh_clff022/scenes/afgh_clff022_vrtn002.fmdl</containerEntry>
        </property>
        <property name="geomFile" type="FilePtr" container="StaticArray" arraySize="1">
          <containerEntry>/Assets/tpp/environ/object/afghanistan/cliff/afgh_clff022/scenes/afgh_clff022_vrtn002.geom</containerEntry>
        </property>
        <property name="isVisibleGeom" type="Bool" container="StaticArray" arraySize="1">
          <containerEntry>false</containerEntry>
        </property>
        <property name="lodFarSize" type="Float" container="StaticArray" arraySize="1">
          <containerEntry>-1</containerEntry>
        </property>
        <property name="lodNearSize" type="Float" container="StaticArray" arraySize="1">
          <containerEntry>-1</containerEntry>
        </property>
        <property name="lodPolygonSize" type="Float" container="StaticArray" arraySize="1">
          <containerEntry>-1</containerEntry>
        </property>
        <property name="drawRejectionLevel" type="Int32" container="StaticArray" arraySize="1">
          <containerEntry>8</containerEntry>
        </property>
        <property name="drawMode" type="Int32" container="StaticArray" arraySize="1">
          <containerEntry>0</containerEntry>
        </property>
        <property name="rejectFarRangeShadowCast" type="Int32" container="StaticArray" arraySize="1">
          <containerEntry>2</containerEntry>
        </property>
        <property name="parentLocator" type="EntityLink" container="StaticArray" arraySize="1">
          <containerEntry packagePathHash="0xB8A0BF169F98" archivePathHash="0xB8A0BF169F98" nameInArchiveHash="0xB8A0BF169F98">0x0</containerEntry>
        </property>
        <property name="transforms" type="Matrix4" container="DynamicArray" arraySize="3">
          <containerEntry r11="0.90474695" r12="0" r13="-0.42594934" r14="0" r21="0" r22="1" r23="0" r24="0" r31="0.42594934" r32="0" r33="0.90474695" r34="0" r41="530.4732" r42="370.42767" r43="1611.2837" r44="1"></containerEntry>
          <containerEntry r11="-0.592852" r12="0" r13="-0.80531186" r14="0" r21="0" r22="1" r23="0" r24="0" r31="0.80531186" r32="0" r33="-0.592852" r34="0" r41="612.5624" r42="362.60052" r43="1566.4688" r44="1"></containerEntry>
          <containerEntry r11="0.6470555" r12="0" r13="-0.76244265" r14="0" r21="0" r22="1" r23="0" r24="0" r31="0.76244265" r32="0" r33="0.6470555" r34="0" r41="618.4399" r42="360.78757" r43="1594.3047" r44="1"></containerEntry>
        </property>
        <property name="colors" type="UInt32" container="DynamicArray" arraySize="3">
          <containerEntry>4294967295</containerEntry>
          <containerEntry>4294967295</containerEntry>
          <containerEntry>4294967295</containerEntry>
        </property>
      </staticProperties>
      <dynamicProperties></dynamicProperties>
    </entity>
    <entity class="StaticModelArray" classVersion="4" classID="0xD0" addr="0x2D795B0" id="0x0">
      <staticProperties>
        <property name="name" type="String" container="StaticArray" arraySize="1">
          <containerEntry>StaticModelArray0004</containerEntry>
        </property>
        <property name="dataSet" type="EntityHandle" container="StaticArray" arraySize="1">
          <containerEntry>0x2F52CB0</containerEntry>
        </property>
        <property name="modelFile" type="FilePtr" container="StaticArray" arraySize="1">
          <containerEntry>/Assets/tpp/environ/object/afghanistan/rock/afgh_rock010/scenes/afgh_rock010.fmdl</containerEntry>
        </property>
        <property name="geomFile" type="FilePtr" container="StaticArray" arraySize="1">
          <containerEntry>/Assets/tpp/environ/object/afghanistan/rock/afgh_rock010/scenes/afgh_rock010.geom</containerEntry>
        </property>
        <property name="isVisibleGeom" type="Bool" container="StaticArray" arraySize="1">
          <containerEntry>false</containerEntry>
        </property>
        <property name="lodFarSize" type="Float" container="StaticArray" arraySize="1">
          <containerEntry>-1</containerEntry>
        </property>
        <property name="lodNearSize" type="Float" container="StaticArray" arraySize="1">
          <containerEntry>-1</containerEntry>
        </property>
        <property name="lodPolygonSize" type="Float" container="StaticArray" arraySize="1">
          <containerEntry>-1</containerEntry>
        </property>
        <property name="drawRejectionLevel" type="Int32" container="StaticArray" arraySize="1">
          <containerEntry>8</containerEntry>
        </property>
        <property name="drawMode" type="Int32" container="StaticArray" arraySize="1">
          <containerEntry>0</containerEntry>
        </property>
        <property name="rejectFarRangeShadowCast" type="Int32" container="StaticArray" arraySize="1">
          <containerEntry>2</containerEntry>
        </property>
        <property name="parentLocator" type="EntityLink" container="StaticArray" arraySize="1">
          <containerEntry packagePathHash="0xB8A0BF169F98" archivePathHash="0xB8A0BF169F98" nameInArchiveHash="0xB8A0BF169F98">0x0</containerEntry>
        </property>
        <property name="transforms" type="Matrix4" container="DynamicArray" arraySize="9">
          <containerEntry r11="-0.98693925" r12="0.10220517" r13="0.12453236" r14="0" r21="0.086404175" r22="0.9882243" r23="-0.12628141" r24="0" r31="-0.13597251" r32="-0.11387177" r33="-0.9841484" r34="0" r41="601.2455" r42="347.76044" r43="1651.9127" r44="1"></containerEntry>
          <containerEntry r11="0.16867395" r12="0.071504205" r13="0.98307276" r14="0" r21="0.27237114" r22="0.95514923" r23="-0.116205275" r24="0" r31="-0.9472903" r32="0.2873619" r33="0.14163315" r34="0" r41="537.75903" r42="361.1626" r43="1635.2306" r44="1"></containerEntry>
          <containerEntry r11="0.51438797" r12="0.15699838" r13="-0.84306383" r14="0" r21="0.09777512" r22="0.9659507" r23="0.23953947" r24="0" r31="0.8519654" r32="-0.2056469" r33="0.48152292" r34="0" r41="521.2279" r42="365.26538" r43="1637.799" r44="1"></containerEntry>
          <containerEntry r11="-0.9892697" r12="-0.038022537" r13="0.14108013" r14="0" r21="-0.036647458" r22="0.99925214" r23="0.012333101" r24="0" r31="-0.14144357" r32="0.007030515" r33="-0.98992324" r34="0" r41="591.6461" r42="358.4165" r43="1613.1943" r44="1"></containerEntry>
          <containerEntry r11="0.31646216" r12="-0.35173512" r13="-0.8809837" r14="0" r21="0.2933483" r22="0.9194803" r23="-0.2617299" r24="0" r31="0.90210676" r32="-0.17560807" r33="0.39416182" r34="0" r41="626.68665" r42="356.35522" r43="1555.7074" r44="1"></containerEntry>
          <containerEntry r11="-0.7440636" r12="0.1483013" r13="0.65144277" r14="0" r21="0.08640408" r22="0.9882244" r23="-0.12628116" r24="0" r31="-0.6624993" r32="-0.037673827" r33="-0.74811566" r34="0" r41="630.68506" r42="346.45102" r43="1647.0336" r44="1"></containerEntry>
          <containerEntry r11="0.41132027" r12="-0.028166741" r13="-0.9110556" r14="0" r21="-0.19078822" r22="0.9747209" r23="-0.11627148" r24="0" r31="0.8912999" r32="0.2216435" r33="0.39554858" r34="0" r41="621.09717" r42="343.4571" r43="1661.58" r44="1"></containerEntry>
          <containerEntry r11="0.9809573" r12="-0.12309532" r13="0.15023386" r14="0" r21="0.11436169" r22="0.99127865" r23="0.06548333" r24="0" r31="-0.1569843" r32="-0.04705536" r33="0.98647946" r34="0" r41="620.56665" r42="346.7013" r43="1647.9679" r44="1"></containerEntry>
          <containerEntry r11="0.7556324" r12="-0.036429368" r13="-0.65398186" r14="0" r21="0.00022759102" r22="0.9984667" r23="-0.055355527" r24="0" r31="0.6549956" r32="0.041679576" r33="0.7544821" r34="0" r41="573.7221" r42="359.34277" r43="1616.1194" r44="1"></containerEntry>
        </property>
        <property name="colors" type="UInt32" container="DynamicArray" arraySize="9">
          <containerEntry>4294967295</containerEntry>
          <containerEntry>4294967295</containerEntry>
          <containerEntry>4294967295</containerEntry>
          <containerEntry>4294967295</containerEntry>
          <containerEntry>4294967295</containerEntry>
          <containerEntry>4294967295</containerEntry>
          <containerEntry>4294967295</containerEntry>
          <containerEntry>4294967295</containerEntry>
          <containerEntry>4294967295</containerEntry>
        </property>
      </staticProperties>
      <dynamicProperties></dynamicProperties>
    </entity>
    <entity class="StaticModelArray" classVersion="4" classID="0xD0" addr="0x2D791C0" id="0x0">
      <staticProperties>
        <property name="name" type="String" container="StaticArray" arraySize="1">
          <containerEntry>StaticModelArray0005</containerEntry>
        </property>
        <property name="dataSet" type="EntityHandle" container="StaticArray" arraySize="1">
          <containerEntry>0x2F52CB0</containerEntry>
        </property>
        <property name="modelFile" type="FilePtr" container="StaticArray" arraySize="1">
          <containerEntry>/Assets/tpp/environ/object/afghanistan/rock/afgh_rock011/scenes/afgh_rock011.fmdl</containerEntry>
        </property>
        <property name="geomFile" type="FilePtr" container="StaticArray" arraySize="1">
          <containerEntry>/Assets/tpp/environ/object/afghanistan/rock/afgh_rock011/scenes/afgh_rock011.geom</containerEntry>
        </property>
        <property name="isVisibleGeom" type="Bool" container="StaticArray" arraySize="1">
          <containerEntry>false</containerEntry>
        </property>
        <property name="lodFarSize" type="Float" container="StaticArray" arraySize="1">
          <containerEntry>-1</containerEntry>
        </property>
        <property name="lodNearSize" type="Float" container="StaticArray" arraySize="1">
          <containerEntry>-1</containerEntry>
        </property>
        <property name="lodPolygonSize" type="Float" container="StaticArray" arraySize="1">
          <containerEntry>-1</containerEntry>
        </property>
        <property name="drawRejectionLevel" type="Int32" container="StaticArray" arraySize="1">
          <containerEntry>8</containerEntry>
        </property>
        <property name="drawMode" type="Int32" container="StaticArray" arraySize="1">
          <containerEntry>0</containerEntry>
        </property>
        <property name="rejectFarRangeShadowCast" type="Int32" container="StaticArray" arraySize="1">
          <containerEntry>2</containerEntry>
        </property>
        <property name="parentLocator" type="EntityLink" container="StaticArray" arraySize="1">
          <containerEntry packagePathHash="0xB8A0BF169F98" archivePathHash="0xB8A0BF169F98" nameInArchiveHash="0xB8A0BF169F98">0x0</containerEntry>
        </property>
        <property name="transforms" type="Matrix4" container="DynamicArray" arraySize="4">
          <containerEntry r11="-0.082174726" r12="0.014250025" r13="-0.9965153" r14="0" r21="0.1097122" r22="0.99394995" r23="0.005166158" r24="0" r31="0.99055994" r32="-0.10890543" r33="-0.083240986" r34="0" r41="621.65753" r42="348.9678" r43="1628.7238" r44="1"></containerEntry>
          <containerEntry r11="-0.017796427" r12="0.49995846" r13="-0.8658669" r14="0" r21="0.1359141" r22="0.8591749" r23="0.49330115" r24="0" r31="0.9905611" r32="-0.10890466" r33="-0.08324164" r34="0" r41="565.1945" r42="349.3818" r43="1655.648" r44="1"></containerEntry>
          <containerEntry r11="0.25409672" r12="0.28034812" r13="0.92565525" r14="0" r21="0.20431437" r22="0.91991097" r23="-0.33469287" r24="0" r31="-0.9453509" r32="0.27416894" r33="0.17646724" r34="0" r41="596.22516" r42="363.8562" r43="1553.2871" r44="1"></containerEntry>
          <containerEntry r11="0.88929003" r12="0.019481773" r13="0.45692775" r14="0" r21="-0.05065035" r22="0.99714166" r23="0.05606282" r24="0" r31="-0.4545295" r32="-0.072999716" r33="0.8877349" r34="0" r41="636.5783" r42="344.92032" r43="1661.4796" r44="1"></containerEntry>
        </property>
        <property name="colors" type="UInt32" container="DynamicArray" arraySize="4">
          <containerEntry>4294967295</containerEntry>
          <containerEntry>4294967295</containerEntry>
          <containerEntry>4294967295</containerEntry>
          <containerEntry>4294967295</containerEntry>
        </property>
      </staticProperties>
      <dynamicProperties></dynamicProperties>
    </entity>
    <entity class="StaticModelArray" classVersion="4" classID="0xD0" addr="0x2D78E40" id="0x0">
      <staticProperties>
        <property name="name" type="String" container="StaticArray" arraySize="1">
          <containerEntry>StaticModelArray0006</containerEntry>
        </property>
        <property name="dataSet" type="EntityHandle" container="StaticArray" arraySize="1">
          <containerEntry>0x2F52CB0</containerEntry>
        </property>
        <property name="modelFile" type="FilePtr" container="StaticArray" arraySize="1">
          <containerEntry>/Assets/tpp/environ/object/afghanistan/rock/afgh_rock010/scenes/afgh_rock010_vrtn001.fmdl</containerEntry>
        </property>
        <property name="geomFile" type="FilePtr" container="StaticArray" arraySize="1">
          <containerEntry>/Assets/tpp/environ/object/afghanistan/rock/afgh_rock010/scenes/afgh_rock010_vrtn001.geom</containerEntry>
        </property>
        <property name="isVisibleGeom" type="Bool" container="StaticArray" arraySize="1">
          <containerEntry>false</containerEntry>
        </property>
        <property name="lodFarSize" type="Float" container="StaticArray" arraySize="1">
          <containerEntry>-1</containerEntry>
        </property>
        <property name="lodNearSize" type="Float" container="StaticArray" arraySize="1">
          <containerEntry>-1</containerEntry>
        </property>
        <property name="lodPolygonSize" type="Float" container="StaticArray" arraySize="1">
          <containerEntry>-1</containerEntry>
        </property>
        <property name="drawRejectionLevel" type="Int32" container="StaticArray" arraySize="1">
          <containerEntry>8</containerEntry>
        </property>
        <property name="drawMode" type="Int32" container="StaticArray" arraySize="1">
          <containerEntry>0</containerEntry>
        </property>
        <property name="rejectFarRangeShadowCast" type="Int32" container="StaticArray" arraySize="1">
          <containerEntry>2</containerEntry>
        </property>
        <property name="parentLocator" type="EntityLink" container="StaticArray" arraySize="1">
          <containerEntry packagePathHash="0xB8A0BF169F98" archivePathHash="0xB8A0BF169F98" nameInArchiveHash="0xB8A0BF169F98">0x0</containerEntry>
        </property>
        <property name="transforms" type="Matrix4" container="DynamicArray" arraySize="5">
          <containerEntry r11="0.29578656" r12="-0.61825144" r13="-0.72819936" r14="0" r21="-0.9308511" r22="-0.35774803" r23="-0.07436672" r24="0" r31="-0.21453527" r32="0.69984233" r33="-0.6813169" r34="0" r41="565.40356" r42="351.5647" r43="1642.203" r44="1"></containerEntry>
          <containerEntry r11="-0.4408893" r12="-0.6918365" r13="-0.57181954" r14="0" r21="-0.6924585" r22="0.6675186" r23="-0.2737148" r24="0" r31="0.571066" r32="0.27528337" r33="-0.77336985" r34="0" r41="565.2935" r42="357.9513" r43="1624.3511" r44="1"></containerEntry>
          <containerEntry r11="-0.06802699" r12="-0.34203866" r13="0.9372188" r14="0" r21="0.78507936" r22="0.5613272" r23="0.26184154" r24="0" r31="-0.6156459" r32="0.75360477" r33="0.2303431" r34="0" r41="633.11237" r42="356.64047" r43="1562.764" r44="1"></containerEntry>
