<fox formatVersion="2" fileVersion="0">
  <entities>
    <entity class="DataSet" classVersion="0" classID="0xE8" addr="0x3354610" id="0x734D7">
      <staticProperties>
        <property name="name" type="String" container="StaticArray" arraySize="1">
          <containerEntry hash="0xB8A0BF169F98"></containerEntry>
        </property>
        <property name="dataSet" type="EntityHandle" container="StaticArray" arraySize="1">
          <containerEntry>0x0</containerEntry>
        </property>
        <property name="dataList" type="EntityPtr" container="StringMap" arraySize="7">
          <containerEntry key="StaticModelArray0000">
            <data>0x317D6E0</data>
          </containerEntry>
          <containerEntry key="StaticModelArray0001">
            <data>0x317D750</data>
          </containerEntry>
          <containerEntry key="StaticModelArray0002">
            <data>0x317D7C0</data>
          </containerEntry>
          <containerEntry key="StaticModelArray0003">
            <data>0x317D600</data>
          </containerEntry>
          <containerEntry key="StaticModelArray0004">
            <data>0x317D670</data>
          </containerEntry>
          <containerEntry key="StaticModelArray0005">
            <data>0x3354AE0</data>
          </containerEntry>
          <containerEntry key="TexturePackLoadConditioner0000">
            <data>0x317DEC0</data>
          </containerEntry>
        </property>
      </staticProperties>
      <dynamicProperties></dynamicProperties>
    </entity>
    <entity class="StaticModelArray" classVersion="4" classID="0xD0" addr="0x317D6E0" id="0x0">
      <staticProperties>
        <property name="name" type="String" container="StaticArray" arraySize="1">
          <containerEntry>StaticModelArray0000</containerEntry>
        </property>
        <property name="dataSet" type="EntityHandle" container="StaticArray" arraySize="1">
          <containerEntry>0x3354610</containerEntry>
        </property>
        <property name="modelFile" type="FilePtr" container="StaticArray" arraySize="1">
          <containerEntry>/Assets/tpp/environ/object/middle_africa/clod/mafr_clod005/scenes/mafr_clod005.fmdl</containerEntry>
        </property>
        <property name="geomFile" type="FilePtr" container="StaticArray" arraySize="1">
          <containerEntry>/Assets/tpp/environ/object/middle_africa/clod/mafr_clod005/scenes/mafr_clod005.geom</containerEntry>
        </property>
        <property name="isVisibleGeom" type="Bool" container="StaticArray" arraySize="1">
          <containerEntry>false</containerEntry>
        </property>
        <property name="lodFarSize" type="Float" container="StaticArray" arraySize="1">
          <containerEntry>-1</containerEntry>
        </property>
        <property name="lodNearSize" type="Float" container="StaticArray" arraySize="1">
          <containerEntry>-1</containerEntry>
        </property>
        <property name="lodPolygonSize" type="Float" container="StaticArray" arraySize="1">
          <containerEntry>-1</containerEntry>
        </property>
        <property name="drawRejectionLevel" type="Int32" container="StaticArray" arraySize="1">
          <containerEntry>8</containerEntry>
        </property>
        <property name="drawMode" type="Int32" container="StaticArray" arraySize="1">
          <containerEntry>0</containerEntry>
        </property>
        <property name="rejectFarRangeShadowCast" type="Int32" container="StaticArray" arraySize="1">
          <containerEntry>2</containerEntry>
        </property>
        <property name="parentLocator" type="EntityLink" container="StaticArray" arraySize="1">
          <containerEntry packagePathHash="0xB8A0BF169F98" archivePathHash="0xB8A0BF169F98" nameInArchiveHash="0xB8A0BF169F98">0x0</containerEntry>
        </property>
        <property name="transforms" type="Matrix4" container="DynamicArray" arraySize="3">
          <containerEntry r11="0.92728734" r12="-0.04996518" r13="-0.37100092" r14="0" r21="0.046620734" r22="0.9987508" r23="-0.01798364" r24="0" r31="0.37143603" r32="-0.00062032044" r33="0.9284584" r34="0" r41="1610.6484" r42="10.503097" r43="587.6607" r44="1"></containerEntry>
          <containerEntry r11="0.99434215" r12="-0.016669583" r13="-0.10490892" r14="0" r21="-0.0014431737" r22="0.9853991" r23="-0.17025442" r24="0" r31="0.10621523" r32="0.16944255" r33="0.9797998" r34="0" r41="1633.2249" r42="14.061393" r43="545.2997" r44="1"></containerEntry>
          <containerEntry r11="0.5255176" r12="0.027993111" r13="-0.85032254" r14="0" r21="-0.0125221815" r22="0.99960476" r23="0.025168609" r24="0" r31="0.850691" r32="-0.002578673" r33="0.5256605" r34="0" r41="1572.2687" r42="12.919212" r43="614.34985" r44="1"></containerEntry>
        </property>
        <property name="colors" type="UInt32" container="DynamicArray" arraySize="3">
          <containerEntry>4294967295</containerEntry>
          <containerEntry>4294967295</containerEntry>
          <containerEntry>4294967295</containerEntry>
        </property>
      </staticProperties>
      <dynamicProperties></dynamicProperties>
    </entity>
    <entity class="StaticModelArray" classVersion="4" classID="0xD0" addr="0x317D750" id="0x0">
      <staticProperties>
        <property name="name" type="String" container="StaticArray" arraySize="1">
          <containerEntry>StaticModelArray0001</containerEntry>
        </property>
        <property name="dataSet" type="EntityHandle" container="StaticArray" arraySize="1">
          <containerEntry>0x3354610</containerEntry>
        </property>
        <property name="modelFile" type="FilePtr" container="StaticArray" arraySize="1">
          <containerEntry>/Assets/tpp/environ/object/middle_africa/rock/mafr_rock007/scenes/mafr_rock007.fmdl</containerEntry>
        </property>
        <property name="geomFile" type="FilePtr" container="StaticArray" arraySize="1">
          <containerEntry>/Assets/tpp/environ/object/middle_africa/rock/mafr_rock007/scenes/mafr_rock007.geom</containerEntry>
        </property>
        <property name="isVisibleGeom" type="Bool" container="StaticArray" arraySize="1">
          <containerEntry>false</containerEntry>
        </property>
        <property name="lodFarSize" type="Float" container="StaticArray" arraySize="1">
          <containerEntry>-1</containerEntry>
        </property>
        <property name="lodNearSize" type="Float" container="StaticArray" arraySize="1">
          <containerEntry>-1</containerEntry>
        </property>
        <property name="lodPolygonSize" type="Float" container="StaticArray" arraySize="1">
          <containerEntry>-1</containerEntry>
        </property>
        <property name="drawRejectionLevel" type="Int32" container="StaticArray" arraySize="1">
          <containerEntry>8</containerEntry>
        </property>
        <property name="drawMode" type="Int32" container="StaticArray" arraySize="1">
          <containerEntry>0</containerEntry>
        </property>
        <property name="rejectFarRangeShadowCast" type="Int32" container="StaticArray" arraySize="1">
          <containerEntry>2</containerEntry>
        </property>
        <property name="parentLocator" type="EntityLink" container="StaticArray" arraySize="1">
          <containerEntry packagePathHash="0xB8A0BF169F98" archivePathHash="0xB8A0BF169F98" nameInArchiveHash="0xB8A0BF169F98">0x0</containerEntry>
        </property>
        <property name="transforms" type="Matrix4" container="DynamicArray" arraySize="5">
          <containerEntry r11="1" r12="0" r13="0" r14="0" r21="0" r22="1" r23="0" r24="0" r31="0" r32="0" r33="1" r34="0" r41="1635.8568" r42="20.465193" r43="518.90283" r44="1"></containerEntry>
          <containerEntry r11="-0.9648495" r12="0.20829424" r13="0.16024324" r14="0" r21="0.15544444" r22="0.9439823" r23="-0.29109177" r24="0" r31="-0.21189952" r32="-0.25595096" r33="-0.94317895" r34="0" r41="1646.1338" r42="22.100603" r43="506.15793" r44="1"></containerEntry>
          <containerEntry r11="-0.977203" r12="0.0427078" r13="0.20795391" r14="0" r21="-0.012944723" r22="0.96574616" r23="-0.25916544" r24="0" r31="-0.21189909" r32="-0.25594988" r33="-0.9431771" r34="0" r41="1638.7169" r42="22.750887" r43="504.3374" r44="1"></containerEntry>
          <containerEntry r11="1" r12="0" r13="0" r14="0" r21="0" r22="1" r23="0" r24="0" r31="0" r32="0" r33="1" r34="0" r41="1633.3417" r42="13.671167" r43="550.829" r44="1"></containerEntry>
          <containerEntry r11="1" r12="0" r13="0" r14="0" r21="0" r22="1" r23="0" r24="0" r31="0" r32="0" r33="1" r34="0" r41="1556.9172" r42="17.900354" r43="517.8546" r44="1"></containerEntry>
        </property>
        <property name="colors" type="UInt32" container="DynamicArray" arraySize="5">
          <containerEntry>4294967295</containerEntry>
          <containerEntry>4294967295</containerEntry>
          <containerEntry>4294967295</containerEntry>
          <containerEntry>4294967295</containerEntry>
          <containerEntry>4294967295</containerEntry>
        </property>
      </staticProperties>
      <dynamicProperties></dynamicProperties>
    </entity>
    <entity class="StaticModelArray" classVersion="4" classID="0xD0" addr="0x317D7C0" id="0x0">
      <staticProperties>
        <property name="name" type="String" container="StaticArray" arraySize="1">
          <containerEntry>StaticModelArray0002</containerEntry>
        </property>
        <property name="dataSet" type="EntityHandle" container="StaticArray" arraySize="1">
          <containerEntry>0x3354610</containerEntry>
        </property>
        <property name="modelFile" type="FilePtr" container="StaticArray" arraySize="1">
          <containerEntry>/Assets/tpp/environ/object/middle_africa/rock/mafr_rock002/scenes/mafr_rock002.fmdl</containerEntry>
        </property>
        <property name="geomFile" type="FilePtr" container="StaticArray" arraySize="1">
          <containerEntry>/Assets/tpp/environ/object/middle_africa/rock/mafr_rock002/scenes/mafr_rock002.geom</containerEntry>
        </property>
        <property name="isVisibleGeom" type="Bool" container="StaticArray" arraySize="1">
          <containerEntry>false</containerEntry>
        </property>
        <property name="lodFarSize" type="Float" container="StaticArray" arraySize="1">
          <containerEntry>-1</containerEntry>
        </property>
        <property name="lodNearSize" type="Float" container="StaticArray" arraySize="1">
          <containerEntry>-1</containerEntry>
        </property>
        <property name="lodPolygonSize" type="Float" container="StaticArray" arraySize="1">
          <containerEntry>-1</containerEntry>
        </property>
        <property name="drawRejectionLevel" type="Int32" container="StaticArray" arraySize="1">
          <containerEntry>8</containerEntry>
        </property>
        <property name="drawMode" type="Int32" container="StaticArray" arraySize="1">
          <containerEntry>0</containerEntry>
        </property>
        <property name="rejectFarRangeShadowCast" type="Int32" container="StaticArray" arraySize="1">
          <containerEntry>2</containerEntry>
        </property>
        <property name="parentLocator" type="EntityLink" container="StaticArray" arraySize="1">
          <containerEntry packagePathHash="0xB8A0BF169F98" archivePathHash="0xB8A0BF169F98" nameInArchiveHash="0xB8A0BF169F98">0x0</containerEntry>
        </property>
        <property name="transforms" type="Matrix4" container="DynamicArray" arraySize="25">
          <containerEntry r11="0.86874264" r12="-0.053571638" r13="-0.49235755" r14="0" r21="0.015355345" r22="0.9965682" r23="-0.08133906" r24="0" r31="0.49502534" r32="0.06310238" r33="0.86658394" r34="0" r41="1635.9209" r42="18.912577" r43="521.6923" r44="1"></containerEntry>
          <containerEntry r11="0.779815" r12="-0.06285202" r13="-0.6228466" r14="0" r21="0.015355406" r22="0.99656814" r23="-0.08133931" r24="0" r31="0.6258215" r32="0.05386553" r33="0.77810395" r34="0" r41="1644.3301" r42="18.750803" r43="519.45764" r44="1"></containerEntry>
          <containerEntry r11="-0.8160785" r12="0.0594952" r13="0.57486707" r14="0" r21="0.015356358" r22="0.9965682" r23="-0.08133872" r24="0" r31="-0.57773346" r32="-0.05755107" r33="-0.8141915" r34="0" r41="1651.0599" r42="18.649927" r43="516.7556" r44="1"></containerEntry>
          <containerEntry r11="0.779815" r12="-0.06285202" r13="-0.6228466" r14="0" r21="0.015355406" r22="0.99656814" r23="-0.08133931" r24="0" r31="0.6258215" r32="0.05386553" r33="0.77810395" r34="0" r41="1644.3301" r42="21.011417" r43="512.3123" r44="1"></containerEntry>
          <containerEntry r11="0.975937" r12="-0.032634586" r13="-0.21559657" r14="0" r21="0.015355631" r22="0.9965682" r23="-0.08133909" r24="0" r31="0.21751116" r32="0.0760712" r33="0.97308886" r34="0" r41="1620.9166" r42="18.912577" r43="526.2443" r44="1"></containerEntry>
          <containerEntry r11="-0.9542404" r12="0.03890213" r13="0.2964835" r14="0" r21="0.015355359" r22="0.99656814" r23="-0.081339404" r24="0" r31="-0.29863027" r32="-0.0730651" r33="-0.9515629" r34="0" r41="1610.6908" r42="18.994173" r43="528.9011" r44="1"></containerEntry>
          <containerEntry r11="0.9767277" r12="-0.0327553" r13="0.2119667" r14="0" r21="0.056006297" r22="0.99293244" r23="-0.104634665" r24="0" r31="-0.20704126" r32="0.11407106" r33="0.9716592" r34="0" r41="1594.7343" r42="18.912577" r43="527.65063" r44="1"></containerEntry>
          <containerEntry r11="-0.9918486" r12="-0.029829526" r13="-0.123840734" r14="0" r21="-0.023211295" r22="0.99824154" r23="-0.05454462" r24="0" r31="0.12525001" r32="-0.051225767" r33="-0.9907968" r34="0" r41="1583.388" r42="18.26434" r43="524.122" r44="1"></containerEntry>
          <containerEntry r11="-0.9748615" r12="0.053827696" r13="-0.21620435" r14="0" r21="0.07031191" r22="0.995116" r23="-0.06928483" r24="0" r31="0.21141896" r32="-0.082744986" r33="-0.97388494" r34="0" r41="1626.7428" r42="21.60084" r43="517.59515" r44="1"></containerEntry>
          <containerEntry r11="0.9841568" r12="-0.05786959" r13="0.16759017" r14="0" r21="0.07031234" r22="0.995116" r23="-0.06928449" r24="0" r31="-0.1627622" r32="0.07997047" r33="0.9834191" r34="0" r41="1617.539" r42="21.914062" r43="514.1382" r44="1"></containerEntry>
          <containerEntry r11="-0.95424145" r12="-0.009207798" r13="0.29888362" r14="0" r21="0.015354995" r22="0.99669826" r23="0.07972929" r24="0" r31="-0.2986309" r32="0.08067064" r33="-0.9509494" r34="0" r41="1587.5106" r42="18.305584" r43="585.05884" r44="1"></containerEntry>
          <containerEntry r11="-0.88046944" r12="-0.068026945" r13="0.4691868" r14="0" r21="-0.0448068" r22="0.99716246" r23="0.06049318" r24="0" r31="-0.47197065" r32="0.03223987" r33="-0.8810191" r34="0" r41="1580.3981" r42="16.981926" r43="590.2508" r44="1"></containerEntry>
          <containerEntry r11="0.2422869" r12="-0.018594537" r13="-0.97002465" r14="0" r21="0.07081574" r22="0.9974884" r23="-0.00143319" r24="0" r31="0.96761495" r32="-0.068345934" r33="0.24299514" r34="0" r41="1571.1633" r42="16.532772" r43="607.5264" r44="1"></containerEntry>
          <containerEntry r11="0.5611419" r12="0.04136554" r13="-0.8266839" r14="0" r21="0.02478318" r22="0.997463" r23="0.06673324" r24="0" r31="0.82734704" r32="-0.05793465" r33="0.5586931" r34="0" r41="1567.3822" r42="16.298367" r43="616.91705" r44="1"></containerEntry>
          <containerEntry r11="-0.41793618" r12="-0.05030131" r13="0.9070786" r14="0" r21="0.02478351" r22="0.9974631" r23="0.06673243" r24="0" r31="-0.9081341" r32="0.0503708" r33="-0.4156292" r34="0" r41="1561.7388" r42="15.669843" r43="633.36536" r44="1"></containerEntry>
          <containerEntry r11="0.69599974" r12="-0.115533434" r13="-0.7086848" r14="0" r21="0.10663428" r22="0.99265724" r23="-0.05710244" r24="0" r31="0.71007836" r32="-0.035827145" r33="0.70320916" r34="0" r41="1574.9586" r42="12.038231" r43="633.36536" r44="1"></containerEntry>
          <containerEntry r11="0.51001304" r12="0.011235723" r13="-0.86009204" r14="0" r21="0.048479058" r22="0.9979499" r23="0.041783333" r24="0" r31="0.85879815" r32="-0.06300654" r33="0.50842273" r34="0" r41="1591.694" r42="12.086527" r43="621.3929" r44="1"></containerEntry>
          <containerEntry r11="-0.85395724" r12="0.06311007" r13="-0.51649165" r14="0" r21="0.07088441" r22="0.99747354" r23="0.0046815546" r24="0" r31="0.5154822" r32="-0.032613438" r33="-0.8562733" r34="0" r41="1605.1204" r42="10.556786" r43="613.5605" r44="1"></containerEntry>
          <containerEntry r11="-0.05733251" r12="0.039982576" r13="0.99755037" r14="0" r21="-0.15617843" r22="0.9865365" r23="-0.048517633" r24="0" r31="-0.98605967" r32="-0.15857823" r33="-0.050316095" r34="0" r41="1567.0802" r42="15.203298" r43="581.20605" r44="1"></containerEntry>
          <containerEntry r11="-0.4978312" r12="-0.015313335" r13="0.8671319" r14="0" r21="-0.14596623" r22="0.98706067" r23="-0.0663705" r24="0" r31="-0.8548954" r32="-0.15961418" r33="-0.49362475" r34="0" r41="1570.7141" r42="16.426687" r43="573.04315" r44="1"></containerEntry>
          <containerEntry r11="0.97013056" r12="0.0048477906" r13="0.24253492" r14="0" r21="0.015355239" r22="0.99656814" r23="-0.081339754" r24="0" r31="-0.24209689" r32="0.08263437" r33="0.9667267" r34="0" r41="1642.9287" r42="20.27069" r43="517.125" r44="1"></containerEntry>
          <containerEntry r11="0.53246146" r12="0.09364427" r13="-0.84125644" r14="0" r21="-0.0664318" r22="0.9954191" r23="0.06875767" r24="0" r31="0.8438415" r32="0.019275665" r33="0.5362433" r34="0" r41="1577.2772" r42="17.615505" r43="567.7525" r44="1"></containerEntry>
          <containerEntry r11="-0.94466054" r12="0.16444032" r13="0.2838387" r14="0" r21="0.13573714" r22="0.98367715" r23="-0.118129745" r24="0" r31="-0.29863095" r32="-0.07306562" r33="-0.95156157" r34="0" r41="1612.0175" r42="15.073712" r43="577.0373" r44="1"></containerEntry>
          <containerEntry r11="0.66621673" r12="-0.17887396" r13="-0.7239868" r14="0" r21="0.13573578" r22="0.98367727" r23="-0.1181301" r24="0" r31="0.7332998" r32="-0.019571185" r33="0.67962193" r34="0" r41="1616.7635" r42="14.953609" r43="571.3168" r44="1"></containerEntry>
          <containerEntry r11="0.18654788" r12="-0.018775627" r13="-0.9822636" r14="0" r21="-0.15617813" r22="0.98653656" r23="-0.048517473" r24="0" r31="0.9699499" r32="0.16245931" r33="0.181104" r34="0" r41="1549.9791" r42="14.765431" r43="627.88434" r44="1"></containerEntry>
        </property>
        <property name="colors" type="UInt32" container="DynamicArray" arraySize="25">
          <containerEntry>4294967295</containerEntry>
          <containerEntry>4294967295</containerEntry>
          <containerEntry>4294967295</containerEntry>
          <containerEntry>4294967295</containerEntry>
          <containerEntry>4294967295</containerEntry>
          <containerEntry>4294967295</containerEntry>
          <containerEntry>4294967295</containerEntry>
          <containerEntry>4294967295</containerEntry>
          <containerEntry>4294967295</containerEntry>
          <containerEntry>4294967295</containerEntry>
          <containerEntry>4294967295</containerEntry>
          <containerEntry>4294967295</containerEntry>
          <containerEntry>4294967295</containerEntry>
          <containerEntry>4294967295</containerEntry>
          <containerEntry>4294967295</containerEntry>
          <containerEntry>4294967295</containerEntry>
          <containerEntry>4294967295</containerEntry>
          <containerEntry>4294967295</containerEntry>
          <containerEntry>4294967295</containerEntry>
          <containerEntry>4294967295</containerEntry>
          <containerEntry>4294967295</containerEntry>
          <containerEntry>4294967295</containerEntry>
          <containerEntry>4294967295</containerEntry>
          <containerEntry>4294967295</containerEntry>
          <containerEntry>4294967295</containerEntry>
        </property>
      </staticProperties>
      <dynamicProperties></dynamicProperties>
    </entity>
    <entity class="StaticModelArray" classVersion="4" classID="0xD0" addr="0x317D600" id="0x0">
      <staticProperties>
        <property name="name" type="String" container="StaticArray" arraySize="1">
          <containerEntry>StaticModelArray0003</containerEntry>
        </property>
        <property name="dataSet" type="EntityHandle" container="StaticArray" arraySize="1">
          <containerEntry>0x3354610</containerEntry>
        </property>
        <property name="modelFile" type="FilePtr" container="StaticArray" arraySize="1">
          <containerEntry>/Assets/tpp/environ/object/middle_africa/rock/mafr_rock010/scenes/mafr_rock010.fmdl</containerEntry>
        </property>
        <property name="geomFile" type="FilePtr" container="StaticArray" arraySize="1">
          <containerEntry>/Assets/tpp/environ/object/middle_africa/rock/mafr_rock010/scenes/mafr_rock010.geom</containerEntry>
        </property>
        <property name="isVisibleGeom" type="Bool" container="StaticArray" arraySize="1">
          <containerEntry>false</containerEntry>
        </property>
        <property name="lodFarSize" type="Float" container="StaticArray" arraySize="1">
          <containerEntry>-1</containerEntry>
        </property>
        <property name="lodNearSize" type="Float" container="StaticArray" arraySize="1">
          <containerEntry>-1</containerEntry>
        </property>
        <property name="lodPolygonSize" type="Float" container="StaticArray" arraySize="1">
          <containerEntry>-1</containerEntry>
        </property>
        <property name="drawRejectionLevel" type="Int32" container="StaticArray" arraySize="1">
          <containerEntry>8</containerEntry>
        </property>
        <property name="drawMode" type="Int32" container="StaticArray" arraySize="1">
          <containerEntry>0</containerEntry>
        </property>
        <property name="rejectFarRangeShadowCast" type="Int32" container="StaticArray" arraySize="1">
          <containerEntry>2</containerEntry>
        </property>
        <property name="parentLocator" type="EntityLink" container="StaticArray" arraySize="1">
          <containerEntry packagePathHash="0xB8A0BF169F98" archivePathHash="0xB8A0BF169F98" nameInArchiveHash="0xB8A0BF169F98">0x0</containerEntry>
        </property>
        <property name="transforms" type="Matrix4" container="DynamicArray" arraySize="10">
          <containerEntry r11="0.91936773" r12="-0.03294366" r13="-0.3920175" r14="0" r21="0.03202959" r22="0.9994475" r23="-0.0088733" r24="0" r31="0.39209327" r32="-0.004398332" r33="0.91991496" r34="0" r41="1628.4656" r42="18.021845" r43="524.9954" r44="1"></containerEntry>
          <containerEntry r11="-0.94431514" r12="0.033168282" r13="0.32736325" r14="0" r21="0.032028597" r22="0.9994475" r23="-0.008873429" r24="0" r31="-0.32747674" r32="0.0021056687" r33="-0.9448558" r34="0" r41="1603.1729" r42="18.165419" r43="528.8511" r44="1"></containerEntry>
          <containerEntry r11="-0.9954188" r12="-0.0038538517" r13="-0.09552035" r14="0" r21="-0.0057067294" r22="0.9998007" r23="0.019132134" r24="0" r31="0.09542757" r32="0.019589618" r33="-0.99524236" r34="0" r41="1588.2872" r42="19.116447" r43="521.9548" r44="1"></containerEntry>
          <containerEntry r11="0.9591115" r12="5.787448e-05" r13="0.2830286" r14="0" r21="-0.0057059983" r22="0.9998007" r23="0.019131733" r24="0" r31="-0.28297108" r32="-0.019964425" r33="0.95892066" r34="0" r41="1597.3015" r42="19.116447" r43="524.69617" r44="1"></containerEntry>
          <containerEntry r11="0.66643536" r12="0.018065957" r13="-0.74534374" r14="0" r21="-0.0057063815" r22="0.99980074" r23="0.019131329" r24="0" r31="0.7455408" r32="-0.008496575" r33="0.6664057" r34="0" r41="1602.331" r42="19.31907" r43="523.47845" r44="1"></containerEntry>
          <containerEntry r11="0.91936773" r12="-0.03294366" r13="-0.3920175" r14="0" r21="0.03202959" r22="0.9994475" r23="-0.0088733" r24="0" r31="0.39209327" r32="-0.004398332" r33="0.91991496" r34="0" r41="1637.2284" r42="20.806114" r43="514.88007" r44="1"></containerEntry>
          <containerEntry r11="0.93409383" r12="0.012158933" r13="-0.3568204" r14="0" r21="-0.005706479" r22="0.99980074" r23="0.019130407" r24="0" r31="0.35698187" r32="-0.015833406" r33="0.93397707" r34="0" r41="1614.8055" r42="19.964264" r43="522.8351" r44="1"></containerEntry>
          <containerEntry r11="0.5894886" r12="-0.012091871" r13="0.807686" r14="0" r21="-0.0057056663" r22="0.9998007" r23="0.019132286" r24="0" r31="-0.8077563" r32="-0.01588665" r33="0.5893022" r34="0" r41="1554.242" r42="14.339109" r43="624.0938" r44="1"></containerEntry>
          <containerEntry r11="-0.8467254" r12="-0.13768029" r13="-0.5139018" r14="0" r21="-0.13283426" r22="0.99005234" r23="-0.04638273" r24="0" r31="0.5151757" r32="0.02899031" r33="-0.85659117" r34="0" r41="1545.6123" r42="11.244373" r43="604.4933" r44="1"></containerEntry>
          <containerEntry r11="-0.41288808" r12="-0.11721681" r13="-0.90320855" r14="0" r21="-0.060789242" r22="0.99301904" r23="-0.10108351" r24="0" r31="0.908752" r32="0.013169251" r33="-0.41713125" r34="0" r41="1580.64" r42="11.80661" r43="620.09753" r44="1"></containerEntry>
        </property>
        <property name="colors" type="UInt32" container="DynamicArray" arraySize="10">
          <containerEntry>4294967295</containerEntry>
          <containerEntry>4294967295</containerEntry>
          <containerEntry>4294967295</containerEntry>
          <containerEntry>4294967295</containerEntry>
          <containerEntry>4294967295</containerEntry>
          <containerEntry>4294967295</containerEntry>
          <containerEntry>4294967295</containerEntry>
          <containerEntry>4294967295</containerEntry>
          <containerEntry>4294967295</containerEntry>
          <containerEntry>4294967295</containerEntry>
        </property>
      </staticProperties>
      <dynamicProperties></dynamicProperties>
    </entity>
    <entity class="StaticModelArray" classVersion="4" classID="0xD0" addr="0x317D670" id="0x0">
      <staticProperties>
        <property name="name" type="String" container="StaticArray" arraySize="1">
          <containerEntry>StaticModelArray0004</containerEntry>
        </property>
        <property name="dataSet" type="EntityHandle" container="StaticArray" arraySize="1">
          <containerEntry>0x3354610</containerEntry>
        </property>
        <property name="modelFile" type="FilePtr" container="StaticArray" arraySize="1">
          <containerEntry>/Assets/tpp/environ/object/middle_africa/rock/mafr_rock011/scenes/mafr_rock011.fmdl</containerEntry>
        </property>
        <property name="geomFile" type="FilePtr" container="StaticArray" arraySize="1">
          <containerEntry>/Assets/tpp/environ/object/middle_africa/rock/mafr_rock011/scenes/mafr_rock011.geom</containerEntry>
        </property>
        <property name="isVisibleGeom" type="Bool" container="StaticArray" arraySize="1">
          <containerEntry>false</containerEntry>
        </property>
        <property name="lodFarSize" type="Float" container="StaticArray" arraySize="1">
          <containerEntry>-1</containerEntry>
        </property>
        <property name="lodNearSize" type="Float" container="StaticArray" arraySize="1">
          <containerEntry>-1</containerEntry>
        </property>
        <property name="lodPolygonSize" type="Float" container="StaticArray" arraySize="1">
          <containerEntry>-1</containerEntry>
        </property>
        <property name="drawRejectionLevel" type="Int32" container="StaticArray" arraySize="1">
          <containerEntry>8</containerEntry>
        </property>
        <property name="drawMode" type="Int32" container="StaticArray" arraySize="1">
          <containerEntry>0</containerEntry>
        </property>
        <property name="rejectFarRangeShadowCast" type="Int32" container="StaticArray" arraySize="1">
          <containerEntry>2</containerEntry>
        </property>
        <property name="parentLocator" type="EntityLink" container="StaticArray" arraySize="1">
          <containerEntry packagePathHash="0xB8A0BF169F98" archivePathHash="0xB8A0BF169F98" nameInArchiveHash="0xB8A0BF169F98">0x0</containerEntry>
        </property>
        <property name="transforms" type="Matrix4" container="DynamicArray" arraySize="2">
          <containerEntry r11="-0.9970319" r12="0.07274781" r13="-0.025115747" r14="0" r21="0.075572446" r22="0.8637218" r23="-0.49827018" r24="0" r31="-0.01455509" r32="-0.4986904" r33="-0.86665565" r34="0" r41="1608.5513" r42="17.936872" r43="525.52747" r44="1"></containerEntry>
          <containerEntry r11="-0.9886184" r12="0.030640278" r13="-0.147277" r14="0" r21="0.07696085" r22="0.94422907" r23="-0.3201694" r24="0" r31="0.12925312" r32="-0.3278606" r33="-0.9358402" r34="0" r41="1573.8517" r42="14.809891" r43="525.13007" r44="1"></containerEntry>
        </property>
        <property name="colors" type="UInt32" container="DynamicArray" arraySize="2">
          <containerEntry>4294967295</containerEntry>
          <containerEntry>4294967295</containerEntry>
        </property>
      </staticProperties>
      <dynamicProperties></dynamicProperties>
    </entity>
    <entity class="StaticModelArray" classVersion="4" classID="0xD0" addr="0x3354AE0" id="0x0">
      <staticProperties>
        <property name="name" type="String" container="StaticArray" arraySize="1">
          <containerEntry>StaticModelArray0005</containerEntry>
        </property>
        <property name="dataSet" type="EntityHandle" container="StaticArray" arraySize="1">
          <containerEntry>0x3354610</containerEntry>
        </property>
        <property name="modelFile" type="FilePtr" container="StaticArray" arraySize="1">
          <containerEntry>/Assets/tpp/environ/object/middle_africa/cliff/mafr_clff003/scenes/mafr_clff003_vrtn001.fmdl</containerEntry>
        </property>
        <property name="geomFile" type="FilePtr" container="StaticArray" arraySize="1">
          <containerEntry>/Assets/tpp/environ/object/middle_africa/cliff/mafr_clff003/scenes/mafr_clff003_vrtn001.geom</containerEntry>
        </property>
        <property name="isVisibleGeom" type="Bool" container="StaticArray" arraySize="1">
          <containerEntry>false</containerEntry>
        </property>
        <property name="lodFarSize" type="Float" container="StaticArray" arraySize="1">
          <containerEntry>-1</containerEntry>
        </property>
        <property name="lodNearSize" type="Float" container="StaticArray" arraySize="1">
          <containerEntry>-1</containerEntry>
        </property>
        <property name="lodPolygonSize" type="Float" container="StaticArray" arraySize="1">
          <containerEntry>-1</containerEntry>
        </property>
        <property name="drawRejectionLevel" type="Int32" container="StaticArray" arraySize="1">
          <containerEntry>8</containerEntry>
        </property>
        <property name="drawMode" type="Int32" container="StaticArray" arraySize="1">
          <containerEntry>0</containerEntry>
        </property>
        <property name="rejectFarRangeShadowCast" type="Int32" container="StaticArray" arraySize="1">
          <containerEntry>2</containerEntry>
        </property>
        <property name="parentLocator" type="EntityLink" container="StaticArray" arraySize="1">
          <containerEntry packagePathHash="0xB8A0BF169F98" archivePathHash="0xB8A0BF169F98" nameInArchiveHash="0xB8A0BF169F98">0x0</containerEntry>
        </property>
        <property name="transforms" type="Matrix4" container="DynamicArray" arraySize="9">
          <containerEntry r11="0.71418625" r12="-0.16182552" r13="-0.6809918" r14="0" r21="-0.44504577" r22="0.6459428" r23="-0.62023497" r24="0" r31="0.54025143" r32="0.74603593" r33="0.38930368" r34="0" r41="1622.3235" r42="2.910109" r43="600.9604" r44="1"></containerEntry>
          <containerEntry r11="0.9924794" r12="-0.04883701" r13="-0.11224826" r14="0" r21="-0.04729117" r22="0.6928096" r23="-0.7195684" r24="0" r31="0.11290823" r32="0.71946514" r33="0.6852897" r34="0" r41="1633.2845" r42="1.553938" r43="597.33655" r44="1"></containerEntry>
          <containerEntry r11="0.9468859" r12="0.014620379" r13="0.32123724" r14="0" r21="0.22330943" r22="0.6889151" r23="-0.6895859" r24="0" r31="-0.23138717" r32="0.7246945" r33="0.64905906" r34="0" r41="1633.1357" r42="2.404134" r43="607.7627" r44="1"></containerEntry>
          <containerEntry r11="0.9933021" r12="-0.03753829" r13="-0.10927851" r14="0" r21="-0.051380925" r22="0.7036064" r23="-0.7087295" r24="0" r31="0.10349355" r32="0.70959735" r33="0.69696504" r34="0" r41="1645.7875" r42="3.439736" r43="596.5931" r44="1"></containerEntry>
          <containerEntry r11="0.8976331" r12="-0.06958595" r13="0.43521547" r14="0" r21="0.3224579" r22="0.77684605" r23="-0.5408613" r24="0" r31="-0.30045903" r32="0.6258337" r33="0.71976125" r34="0" r41="1644.4182" r42="3.526256" r43="589.0952" r44="1"></containerEntry>
          <containerEntry r11="0.9812185" r12="-0.12580693" r13="-0.14622848" r14="0" r21="0.08184659" r22="0.9579619" r23="-0.27497274" r24="0" r31="0.1746748" r32="0.25784004" r33="0.9502669" r34="0" r41="1652.9763" r42="11.253866" r43="543.4757" r44="1"></containerEntry>
          <containerEntry r11="-0.82501" r12="-0.20438766" r13="0.5268646" r14="0" r21="0.5095511" r22="0.13411206" r23="0.8499251" r24="0" r31="-0.24437326" r32="0.9696601" r33="-0.0064988136" r34="0" r41="1646.7799" r42="11.895071" r43="543.51263" r44="1"></containerEntry>
          <containerEntry r11="0.7179821" r12="0.034776166" r13="-0.69519216" r14="0" r21="-0.2026224" r22="0.9659404" r23="-0.16094472" r24="0" r31="0.6659172" r32="0.25641695" r33="0.7005744" r34="0" r41="1645.939" r42="-1.615693" r43="622.3129" r44="1"></containerEntry>
          <containerEntry r11="0.84139955" r12="-0.20585655" r13="-0.49966955" r14="0" r21="0.09258874" r22="0.96584755" r23="-0.24200363" r24="0" r31="0.53242266" r32="0.15735792" r33="0.83172375" r34="0" r41="1633.4192" r42="-1.92498" r43="632.59265" r44="1"></containerEntry>
        </property>
        <property name="colors" type="UInt32" container="DynamicArray" arraySize="9">
          <containerEntry>4294967295</containerEntry>
          <containerEntry>4294967295</containerEntry>
          <containerEntry>4294967295</containerEntry>
          <containerEntry>4294967295</containerEntry>
          <containerEntry>4294967295</containerEntry>
          <containerEntry>4294967295</containerEntry>
          <containerEntry>4294967295</containerEntry>
          <containerEntry>4294967295</containerEntry>
          <containerEntry>4294967295</containerEntry>
        </property>
      </staticProperties>
      <dynamicProperties></dynamicProperties>
    </entity>
    <entity class="TexturePackLoadConditioner" classVersion="0" classID="0x48" addr="0x317DEC0" id="0x0">
      <staticProperties>
        <property name="name" type="String" container="StaticArray" arraySize="1">
          <containerEntry>TexturePackLoadConditioner0000</containerEntry>
        </property>
        <property name="dataSet" type="EntityHandle" container="StaticArray" arraySize="1">
          <containerEntry>0x3354610</containerEntry>
        </property>
        <property name="texturePackPath" type="Path" container="StaticArray" arraySize="1">
          <containerEntry hash="0xB8A0BF169F98"></containerEntry>
        </property>
      </staticProperties>
      <dynamicProperties></dynamicProperties>
    </entity>
  </entities>
</fox>