<fox formatVersion="2" fileVersion="0">
  <entities>
    <entity class="DataSet" classVersion="0" classID="0xE8" addr="0x2F53030" id="0xB04AB">
      <staticProperties>
        <property name="name" type="String" container="StaticArray" arraySize="1">
          <containerEntry hash="0xB8A0BF169F98"></containerEntry>
        </property>
        <property name="dataSet" type="EntityHandle" container="StaticArray" arraySize="1">
          <containerEntry>0x0</containerEntry>
        </property>
        <property name="dataList" type="EntityPtr" container="StringMap" arraySize="11">
          <containerEntry key="afgh_clff027_vrtn004_0003">
            <data>0x2F560C0</data>
          </containerEntry>
          <containerEntry key="afgh_tree012_vrtn001_br_gim_i0000|TppSharedGimmick_afgh_tree012_vrtn001_br">
            <data>0x2D778D0</data>
          </containerEntry>
          <containerEntry key="StaticModelArray0000">
            <data>0x2D7A7A0</data>
          </containerEntry>
          <containerEntry key="StaticModelArray0001">
            <data>0x2D7A810</data>
          </containerEntry>
          <containerEntry key="StaticModelArray0002">
            <data>0x2D7A880</data>
          </containerEntry>
          <containerEntry key="StaticModelArray0003">
            <data>0x2D7A8F0</data>
          </containerEntry>
          <containerEntry key="StaticModelArray0004">
            <data>0x2D7A9D0</data>
          </containerEntry>
          <containerEntry key="StaticModelArray0005">
            <data>0x2D7A960</data>
          </containerEntry>
          <containerEntry key="StaticModelArray0006">
            <data>0x2D7AA40</data>
          </containerEntry>
          <containerEntry key="StaticModelArray0007">
            <data>0x2D7A500</data>
          </containerEntry>
          <containerEntry key="TexturePackLoadConditioner0000">
            <data>0x2F52AF0</data>
          </containerEntry>
        </property>
      </staticProperties>
      <dynamicProperties></dynamicProperties>
    </entity>
    <entity class="StaticModel" classVersion="9" classID="0x160" addr="0x2F560C0" id="0xB051D">
      <staticProperties>
        <property name="name" type="String" container="StaticArray" arraySize="1">
          <containerEntry>afgh_clff027_vrtn004_0003</containerEntry>
        </property>
        <property name="dataSet" type="EntityHandle" container="StaticArray" arraySize="1">
          <containerEntry>0x2F53030</containerEntry>
        </property>
        <property name="parent" type="EntityHandle" container="StaticArray" arraySize="1">
          <containerEntry>0x0</containerEntry>
        </property>
        <property name="transform" type="EntityPtr" container="StaticArray" arraySize="1">
          <containerEntry>0x2F56050</containerEntry>
        </property>
        <property name="shearTransform" type="EntityPtr" container="StaticArray" arraySize="1">
          <containerEntry>0x0</containerEntry>
        </property>
        <property name="pivotTransform" type="EntityPtr" container="StaticArray" arraySize="1">
          <containerEntry>0x0</containerEntry>
        </property>
        <property name="children" type="EntityHandle" container="List"></property>
        <property name="flags" type="UInt32" container="StaticArray" arraySize="1">
          <containerEntry>3221225479</containerEntry>
        </property>
        <property name="modelFile" type="FilePtr" container="StaticArray" arraySize="1">
          <containerEntry>/Assets/tpp/environ/object/afghanistan/cliff/afgh_clff027/scenes/afgh_clff027_vrtn004.fmdl</containerEntry>
        </property>
        <property name="geomFile" type="FilePtr" container="StaticArray" arraySize="1">
          <containerEntry>/Assets/tpp/environ/object/afghanistan/cliff/afgh_clff027/scenes/afgh_clff027_vrtn004.geom</containerEntry>
        </property>
        <property name="isVisibleGeom" type="Bool" container="StaticArray" arraySize="1">
          <containerEntry>false</containerEntry>
        </property>
        <property name="isIsolated" type="Bool" container="StaticArray" arraySize="1">
          <containerEntry>false</containerEntry>
        </property>
        <property name="lodFarSize" type="Float" container="StaticArray" arraySize="1">
          <containerEntry>-1</containerEntry>
        </property>
        <property name="lodNearSize" type="Float" container="StaticArray" arraySize="1">
          <containerEntry>-1</containerEntry>
        </property>
        <property name="lodPolygonSize" type="Float" container="StaticArray" arraySize="1">
          <containerEntry>-1</containerEntry>
        </property>
        <property name="color" type="Color" container="StaticArray" arraySize="1">
          <containerEntry r="1" g="1" b="1" a="1"></containerEntry>
        </property>
        <property name="drawRejectionLevel" type="Int32" container="StaticArray" arraySize="1">
          <containerEntry>8</containerEntry>
        </property>
        <property name="drawMode" type="Int32" container="StaticArray" arraySize="1">
          <containerEntry>0</containerEntry>
        </property>
        <property name="rejectFarRangeShadowCast" type="Int32" container="StaticArray" arraySize="1">
          <containerEntry>2</containerEntry>
        </property>
      </staticProperties>
      <dynamicProperties></dynamicProperties>
    </entity>
    <entity class="TransformEntity" classVersion="0" classID="0x50" addr="0x2F56050" id="0xB0520">
      <staticProperties>
        <property name="owner" type="EntityHandle" container="StaticArray" arraySize="1">
          <containerEntry>0x2F560C0</containerEntry>
        </property>
        <property name="transform_scale" type="Vector3" container="StaticArray" arraySize="1">
          <containerEntry x="1" y="1" z="1" w="0"></containerEntry>
        </property>
        <property name="transform_rotation_quat" type="Quat" container="StaticArray" arraySize="1">
          <containerEntry x="0" y="0.999763" z="0" w="-0.021751"></containerEntry>
        </property>
        <property name="transform_translation" type="Vector3" container="StaticArray" arraySize="1">
          <containerEntry x="1106.4546" y="295.4205" z="2441.7874" w="0"></containerEntry>
        </property>
      </staticProperties>
      <dynamicProperties></dynamicProperties>
    </entity>
    <entity class="TppSharedGimmickData" classVersion="1" classID="0xF0" addr="0x2D778D0" id="0x1432C5">
      <staticProperties>
        <property name="name" type="String" container="StaticArray" arraySize="1">
          <containerEntry>afgh_tree012_vrtn001_br_gim_i0000|TppSharedGimmick_afgh_tree012_vrtn001_br</containerEntry>
        </property>
        <property name="dataSet" type="EntityHandle" container="StaticArray" arraySize="1">
          <containerEntry>0x2F53030</containerEntry>
        </property>
        <property name="modelFile" type="FilePtr" container="StaticArray" arraySize="1">
          <containerEntry>/Assets/tpp/environ/object/afghanistan/tree/afgh_tree012/scenes/afgh_tree012_vrtn001_br.fmdl</containerEntry>
        </property>
        <property name="geomFile" type="FilePtr" container="StaticArray" arraySize="1">
          <containerEntry>/Assets/tpp/environ/object/afghanistan/tree/afgh_tree012/scenes/afgh_tree012_vrtn001_br.geom</containerEntry>
        </property>
        <property name="breakedModelFile" type="FilePtr" container="StaticArray" arraySize="1">
          <containerEntry hash="0xB8A0BF169F98"></containerEntry>
        </property>
        <property name="breakedGeomFile" type="FilePtr" container="StaticArray" arraySize="1">
          <containerEntry hash="0xB8A0BF169F98"></containerEntry>
        </property>
        <property name="partsFile" type="FilePtr" container="StaticArray" arraySize="1">
          <containerEntry>/Assets/tpp/parts/environ/object/afghanistan/tree/afgh_tree012/afgh_tree012_vrtn001_br.parts</containerEntry>
        </property>
        <property name="numDynamicGimmick" type="UInt32" container="StaticArray" arraySize="1">
          <containerEntry>2</containerEntry>
        </property>
        <property name="locaterFile" type="FilePtr" container="StaticArray" arraySize="1">
          <containerEntry>/Assets/tpp/level/location/afgh/block_small/141/141_152/lba/afgh_tree012_vrtn001_br.lba</containerEntry>
        </property>
        <property name="flags1" type="UInt32" container="StaticArray" arraySize="1">
          <containerEntry>270</containerEntry>
        </property>
        <property name="flags2" type="UInt32" container="StaticArray" arraySize="1">
          <containerEntry>0</containerEntry>
        </property>
      </staticProperties>
      <dynamicProperties></dynamicProperties>
    </entity>
    <entity class="StaticModelArray" classVersion="4" classID="0xD0" addr="0x2D7A7A0" id="0x0">
      <staticProperties>
        <property name="name" type="String" container="StaticArray" arraySize="1">
          <containerEntry>StaticModelArray0000</containerEntry>
        </property>
        <property name="dataSet" type="EntityHandle" container="StaticArray" arraySize="1">
          <containerEntry>0x2F53030</containerEntry>
        </property>
        <property name="modelFile" type="FilePtr" container="StaticArray" arraySize="1">
          <containerEntry hash="0xB8A0BF169F98"></containerEntry>
        </property>
        <property name="geomFile" type="FilePtr" container="StaticArray" arraySize="1">
          <containerEntry>/Assets/tpp/environ/object/afghanistan/tree/afgh_tree012/scenes/afgh_tree012_vrtn001_br_pc.geom</containerEntry>
        </property>
        <property name="isVisibleGeom" type="Bool" container="StaticArray" arraySize="1">
          <containerEntry>false</containerEntry>
        </property>
        <property name="lodFarSize" type="Float" container="StaticArray" arraySize="1">
          <containerEntry>-1</containerEntry>
        </property>
        <property name="lodNearSize" type="Float" container="StaticArray" arraySize="1">
          <containerEntry>-1</containerEntry>
        </property>
        <property name="lodPolygonSize" type="Float" container="StaticArray" arraySize="1">
          <containerEntry>-1</containerEntry>
        </property>
        <property name="drawRejectionLevel" type="Int32" container="StaticArray" arraySize="1">
          <containerEntry>8</containerEntry>
        </property>
        <property name="drawMode" type="Int32" container="StaticArray" arraySize="1">
          <containerEntry>0</containerEntry>
        </property>
        <property name="rejectFarRangeShadowCast" type="Int32" container="StaticArray" arraySize="1">
          <containerEntry>2</containerEntry>
        </property>
        <property name="parentLocator" type="EntityLink" container="StaticArray" arraySize="1">
          <containerEntry packagePathHash="0xB8A0BF169F98" archivePathHash="0xB8A0BF169F98" nameInArchiveHash="0xB8A0BF169F98">0x0</containerEntry>
        </property>
        <property name="transforms" type="Matrix4" container="DynamicArray" arraySize="3">
          <containerEntry r11="-0.20360398" r12="0" r13="-0.97905284" r14="0" r21="0" r22="1" r23="0" r24="0" r31="0.97905284" r32="0" r33="-0.20360398" r34="0" r41="1083.3112" r42="297.04404" r43="2469.6729" r44="1"></containerEntry>
          <containerEntry r11="-0.20360398" r12="0" r13="-0.97905284" r14="0" r21="0" r22="1" r23="0" r24="0" r31="0.97905284" r32="0" r33="-0.20360398" r34="0" r41="1132.7855" r42="299.683" r43="2455.3413" r44="1"></containerEntry>
          <containerEntry r11="0.9999104" r12="0" r13="0.013383706" r14="0" r21="0" r22="1" r23="0" r24="0" r31="-0.013383706" r32="0" r33="0.9999104" r34="0" r41="1116.815" r42="298.1344" r43="2460.0254" r44="1"></containerEntry>
        </property>
        <property name="colors" type="UInt32" container="DynamicArray" arraySize="3">
          <containerEntry>4294967295</containerEntry>
          <containerEntry>4294967295</containerEntry>
          <containerEntry>4294967295</containerEntry>
        </property>
      </staticProperties>
      <dynamicProperties></dynamicProperties>
    </entity>
    <entity class="StaticModelArray" classVersion="4" classID="0xD0" addr="0x2D7A810" id="0x0">
      <staticProperties>
        <property name="name" type="String" container="StaticArray" arraySize="1">
          <containerEntry>StaticModelArray0001</containerEntry>
        </property>
        <property name="dataSet" type="EntityHandle" container="StaticArray" arraySize="1">
          <containerEntry>0x2F53030</containerEntry>
        </property>
        <property name="modelFile" type="FilePtr" container="StaticArray" arraySize="1">
          <containerEntry>/Assets/tpp/environ/object/middle_africa/rock/mafr_rock010/scenes/mafr_rock010_vrtn001.fmdl</containerEntry>
        </property>
        <property name="geomFile" type="FilePtr" container="StaticArray" arraySize="1">
          <containerEntry>/Assets/tpp/environ/object/middle_africa/rock/mafr_rock010/scenes/mafr_rock010_vrtn001.geom</containerEntry>
        </property>
        <property name="isVisibleGeom" type="Bool" container="StaticArray" arraySize="1">
          <containerEntry>false</containerEntry>
        </property>
        <property name="lodFarSize" type="Float" container="StaticArray" arraySize="1">
          <containerEntry>-1</containerEntry>
        </property>
        <property name="lodNearSize" type="Float" container="StaticArray" arraySize="1">
          <containerEntry>-1</containerEntry>
        </property>
        <property name="lodPolygonSize" type="Float" container="StaticArray" arraySize="1">
          <containerEntry>-1</containerEntry>
        </property>
        <property name="drawRejectionLevel" type="Int32" container="StaticArray" arraySize="1">
          <containerEntry>8</containerEntry>
        </property>
        <property name="drawMode" type="Int32" container="StaticArray" arraySize="1">
          <containerEntry>0</containerEntry>
        </property>
        <property name="rejectFarRangeShadowCast" type="Int32" container="StaticArray" arraySize="1">
          <containerEntry>2</containerEntry>
        </property>
        <property name="parentLocator" type="EntityLink" container="StaticArray" arraySize="1">
          <containerEntry packagePathHash="0xB8A0BF169F98" archivePathHash="0xB8A0BF169F98" nameInArchiveHash="0xB8A0BF169F98">0x0</containerEntry>
        </property>
        <property name="transforms" type="Matrix4" container="DynamicArray" arraySize="2">
          <containerEntry r11="0.96422184" r12="0.15263438" r13="0.21674603" r14="0" r21="-0.15162185" r22="0.988207" r23="-0.021394951" r24="0" r31="-0.21745554" r32="-0.012234045" r33="0.9759935" r34="0" r41="1126.6816" r42="298.77786" r43="2459.955" r44="1"></containerEntry>
          <containerEntry r11="-0.6427359" r12="-0.011841714" r13="0.76599365" r14="0" r21="-0.07805077" r22="0.99568975" r23="-0.050098937" r24="0" r31="-0.76209885" r32="-0.091986954" r33="-0.6408898" r34="0" r41="1126.3458" r42="298.7126" r43="2462.7134" r44="1"></containerEntry>
        </property>
        <property name="colors" type="UInt32" container="DynamicArray" arraySize="2">
          <containerEntry>4294967295</containerEntry>
          <containerEntry>4294967295</containerEntry>
        </property>
      </staticProperties>
      <dynamicProperties></dynamicProperties>
    </entity>
    <entity class="StaticModelArray" classVersion="4" classID="0xD0" addr="0x2D7A880" id="0x0">
      <staticProperties>
        <property name="name" type="String" container="StaticArray" arraySize="1">
          <containerEntry>StaticModelArray0002</containerEntry>
        </property>
        <property name="dataSet" type="EntityHandle" container="StaticArray" arraySize="1">
          <containerEntry>0x2F53030</containerEntry>
        </property>
        <property name="modelFile" type="FilePtr" container="StaticArray" arraySize="1">
          <containerEntry>/Assets/tpp/environ/object/afghanistan/cliff/afgh_clff027/scenes/afgh_clff027_vrtn005.fmdl</containerEntry>
        </property>
        <property name="geomFile" type="FilePtr" container="StaticArray" arraySize="1">
          <containerEntry>/Assets/tpp/environ/object/afghanistan/cliff/afgh_clff027/scenes/afgh_clff027_vrtn005.geom</containerEntry>
        </property>
        <property name="isVisibleGeom" type="Bool" container="StaticArray" arraySize="1">
          <containerEntry>false</containerEntry>
        </property>
        <property name="lodFarSize" type="Float" container="StaticArray" arraySize="1">
          <containerEntry>-1</containerEntry>
        </property>
        <property name="lodNearSize" type="Float" container="StaticArray" arraySize="1">
          <containerEntry>-1</containerEntry>
        </property>
        <property name="lodPolygonSize" type="Float" container="StaticArray" arraySize="1">
          <containerEntry>-1</containerEntry>
        </property>
        <property name="drawRejectionLevel" type="Int32" container="StaticArray" arraySize="1">
          <containerEntry>8</containerEntry>
        </property>
        <property name="drawMode" type="Int32" container="StaticArray" arraySize="1">
          <containerEntry>0</containerEntry>
        </property>
        <property name="rejectFarRangeShadowCast" type="Int32" container="StaticArray" arraySize="1">
          <containerEntry>2</containerEntry>
        </property>
        <property name="parentLocator" type="EntityLink" container="StaticArray" arraySize="1">
          <containerEntry packagePathHash="0xB8A0BF169F98" archivePathHash="0xB8A0BF169F98" nameInArchiveHash="0xB8A0BF169F98">0x0</containerEntry>
        </property>
        <property name="transforms" type="Matrix4" container="DynamicArray" arraySize="2">
          <containerEntry r11="-0.99367833" r12="-0.0056661125" r13="-0.1120814" r14="0" r21="-0.012675803" r22="0.99800014" r23="0.061927594" r24="0" r31="0.111506365" r32="0.062957115" r33="-0.9917629" r34="0" r41="1076.4304" r42="297.47318" r43="2442.7444" r44="1"></containerEntry>
          <containerEntry r11="-0.63444984" r12="0.039841462" r13="-0.7719331" r14="0" r21="-0.012675535" r22="0.99800014" r23="0.061927304" r24="0" r31="0.7728566" r32="0.049074613" r33="-0.632676" r34="0" r41="1059.9888" r42="309.70258" r43="2470.427" r44="1"></containerEntry>
        </property>
        <property name="colors" type="UInt32" container="DynamicArray" arraySize="2">
          <containerEntry>4294967295</containerEntry>
          <containerEntry>4294967295</containerEntry>
        </property>
      </staticProperties>
      <dynamicProperties></dynamicProperties>
    </entity>
    <entity class="StaticModelArray" classVersion="4" classID="0xD0" addr="0x2D7A8F0" id="0x0">
      <staticProperties>
        <property name="name" type="String" container="StaticArray" arraySize="1">
          <containerEntry>StaticModelArray0003</containerEntry>
        </property>
        <property name="dataSet" type="EntityHandle" container="StaticArray" arraySize="1">
          <containerEntry>0x2F53030</containerEntry>
        </property>
        <property name="modelFile" type="FilePtr" container="StaticArray" arraySize="1">
          <containerEntry>/Assets/tpp/environ/object/afghanistan/cliff/afgh_clff027/scenes/afgh_clff027_vrtn003.fmdl</containerEntry>
        </property>
        <property name="geomFile" type="FilePtr" container="StaticArray" arraySize="1">
          <containerEntry>/Assets/tpp/environ/object/afghanistan/cliff/afgh_clff027/scenes/afgh_clff027_vrtn003.geom</containerEntry>
        </property>
        <property name="isVisibleGeom" type="Bool" container="StaticArray" arraySize="1">
          <containerEntry>false</containerEntry>
        </property>
        <property name="lodFarSize" type="Float" container="StaticArray" arraySize="1">
          <containerEntry>-1</containerEntry>
        </property>
        <property name="lodNearSize" type="Float" container="StaticArray" arraySize="1">
          <containerEntry>-1</containerEntry>
        </property>
        <property name="lodPolygonSize" type="Float" container="StaticArray" arraySize="1">
          <containerEntry>-1</containerEntry>
        </property>
        <property name="drawRejectionLevel" type="Int32" container="StaticArray" arraySize="1">
          <containerEntry>8</containerEntry>
        </property>
        <property name="drawMode" type="Int32" container="StaticArray" arraySize="1">
          <containerEntry>0</containerEntry>
        </property>
        <property name="rejectFarRangeShadowCast" type="Int32" container="StaticArray" arraySize="1">
          <containerEntry>2</containerEntry>
        </property>
        <property name="parentLocator" type="EntityLink" container="StaticArray" arraySize="1">
          <containerEntry packagePathHash="0xB8A0BF169F98" archivePathHash="0xB8A0BF169F98" nameInArchiveHash="0xB8A0BF169F98">0x0</containerEntry>
        </property>
        <property name="transforms" type="Matrix4" container="DynamicArray" arraySize="5">
          <containerEntry r11="-0.6456436" r12="-0.016422883" r13="0.763461" r14="0" r21="0.03685636" r22="0.99793345" r23="0.05263534" r24="0" r31="-0.76274765" r32="0.062122133" r33="-0.643704" r34="0" r41="1099.385" r42="315.37073" r43="2501.7522" r44="1"></containerEntry>
          <containerEntry r11="-0.17364693" r12="0" r13="0.9848078" r14="0" r21="0" r22="1" r23="0" r24="0" r31="-0.9848078" r32="0" r33="-0.17364693" r34="0" r41="1078.9747" r42="313.9608" r43="2536.6943" r44="1"></containerEntry>
          <containerEntry r11="-0.9211159" r12="-0.023572717" r13="-0.3885732" r14="0" r21="0.003097143" r22="0.9976896" r23="-0.06786644" r24="0" r31="0.38927522" r32="-0.063716345" r33="-0.9189147" r34="0" r41="1089.3728" r42="306.55624" r43="2485.58" r44="1"></containerEntry>
          <containerEntry r11="0.025630966" r12="0.06056034" r13="-0.99783564" r14="0" r21="-0.030974455" r22="0.99773216" r23="0.05975844" r24="0" r31="0.99919176" r32="0.029375726" r33="0.027448654" r34="0" r41="1054.4806" r42="316.32715" r43="2531.7964" r44="1"></containerEntry>
          <containerEntry r11="-0.99880093" r12="0.0384833" r13="-0.030234488" r14="0" r21="0.036856525" r22="0.9979334" r23="0.052635424" r24="0" r31="0.03219759" r32="0.051458016" r33="-0.9981552" r34="0" r41="1141.8948" r42="316.3791" r43="2476.7222" r44="1"></containerEntry>
        </property>
        <property name="colors" type="UInt32" container="DynamicArray" arraySize="5">
          <containerEntry>4294967295</containerEntry>
          <containerEntry>4294967295</containerEntry>
          <containerEntry>4294967295</containerEntry>
          <containerEntry>4294967295</containerEntry>
          <containerEntry>4294967295</containerEntry>
        </property>
      </staticProperties>
      <dynamicProperties></dynamicProperties>
    </entity>
    <entity class="StaticModelArray" classVersion="4" classID="0xD0" addr="0x2D7A9D0" id="0x0">
      <staticProperties>
        <property name="name" type="String" container="StaticArray" arraySize="1">
          <containerEntry>StaticModelArray0004</containerEntry>
        </property>
        <property name="dataSet" type="EntityHandle" container="StaticArray" arraySize="1">
          <containerEntry>0x2F53030</containerEntry>
        </property>
        <property name="modelFile" type="FilePtr" container="StaticArray" arraySize="1">
          <containerEntry>/Assets/tpp/environ/object/afghanistan/cliff/afgh_clff029/scenes/afgh_clff029.fmdl</containerEntry>
        </property>
        <property name="geomFile" type="FilePtr" container="StaticArray" arraySize="1">
          <containerEntry>/Assets/tpp/environ/object/afghanistan/cliff/afgh_clff029/scenes/afgh_clff029.geom</containerEntry>
        </property>
        <property name="isVisibleGeom" type="Bool" container="StaticArray" arraySize="1">
          <containerEntry>false</containerEntry>
        </property>
        <property name="lodFarSize" type="Float" container="StaticArray" arraySize="1">
          <containerEntry>-1</containerEntry>
        </property>
        <property name="lodNearSize" type="Float" container="StaticArray" arraySize="1">
          <containerEntry>-1</containerEntry>
        </property>
        <property name="lodPolygonSize" type="Float" container="StaticArray" arraySize="1">
          <containerEntry>-1</containerEntry>
        </property>
        <property name="drawRejectionLevel" type="Int32" container="StaticArray" arraySize="1">
          <containerEntry>8</containerEntry>
        </property>
        <property name="drawMode" type="Int32" container="StaticArray" arraySize="1">
          <containerEntry>0</containerEntry>
        </property>
        <property name="rejectFarRangeShadowCast" type="Int32" container="StaticArray" arraySize="1">
          <containerEntry>2</containerEntry>
        </property>
        <property name="parentLocator" type="EntityLink" container="StaticArray" arraySize="1">
          <containerEntry packagePathHash="0xB8A0BF169F98" archivePathHash="0xB8A0BF169F98" nameInArchiveHash="0xB8A0BF169F98">0x0</containerEntry>
        </property>
        <property name="transforms" type="Matrix4" container="DynamicArray" arraySize="3">
          <containerEntry r11="-0.8854549" r12="0.014010053" r13="-0.46450517" r14="0" r21="0.009296127" r22="0.9998795" r23="0.012436915" r24="0" r31="0.46462342" r32="0.0066942703" r33="-0.8854784" r34="0" r41="1055.091" r42="290.96295" r43="2435.1543" r44="1"></containerEntry>
          <containerEntry r11="-0.9070797" r12="0.0031958814" r13="0.420942" r14="0" r21="0.009295097" r22="0.9998794" r23="0.012438557" r24="0" r31="-0.42085153" r32="0.015195488" r33="-0.907" r34="0" r41="1122.2013" r42="291.82367" r43="2439.441" r44="1"></containerEntry>
          <containerEntry r11="-0.023068128" r12="0.035064798" r13="0.9991177" r14="0" r21="0.042612832" r22="0.99851096" r23="-0.034059554" r24="0" r31="-0.9988242" r32="0.041789554" r33="-0.024527967" r34="0" r41="1108.3303" r42="293.60712" r43="2461.037" r44="1"></containerEntry>
        </property>
        <property name="colors" type="UInt32" container="DynamicArray" arraySize="3">
          <containerEntry>4294967295</containerEntry>
          <containerEntry>4294967295</containerEntry>
          <containerEntry>4294967295</containerEntry>
        </property>
      </staticProperties>
      <dynamicProperties></dynamicProperties>
    </entity>
    <entity class="StaticModelArray" classVersion="4" classID="0xD0" addr="0x2D7A960" id="0x0">
      <staticProperties>
        <property name="name" type="String" container="StaticArray" arraySize="1">
          <containerEntry>StaticModelArray0005</containerEntry>
        </property>
        <property name="dataSet" type="EntityHandle" container="StaticArray" arraySize="1">
          <containerEntry>0x2F53030</containerEntry>
        </property>
        <property name="modelFile" type="FilePtr" container="StaticArray" arraySize="1">
          <containerEntry>/Assets/tpp/environ/object/afghanistan/tree/afgh_tree012/scenes/afgh_tree012_ropl001.fmdl</containerEntry>
        </property>
        <property name="geomFile" type="FilePtr" container="StaticArray" arraySize="1">
          <containerEntry hash="0xB8A0BF169F98"></containerEntry>
        </property>
        <property name="isVisibleGeom" type="Bool" container="StaticArray" arraySize="1">
          <containerEntry>false</containerEntry>
        </property>
        <property name="lodFarSize" type="Float" container="StaticArray" arraySize="1">
          <containerEntry>-1</containerEntry>
        </property>
        <property name="lodNearSize" type="Float" container="StaticArray" arraySize="1">
          <containerEntry>-1</containerEntry>
        </property>
        <property name="lodPolygonSize" type="Float" container="StaticArray" arraySize="1">
          <containerEntry>-1</containerEntry>
        </property>
        <property name="drawRejectionLevel" type="Int32" container="StaticArray" arraySize="1">
          <containerEntry>8</containerEntry>
        </property>
        <property name="drawMode" type="Int32" container="StaticArray" arraySize="1">
          <containerEntry>0</containerEntry>
        </property>
        <property name="rejectFarRangeShadowCast" type="Int32" container="StaticArray" arraySize="1">
          <containerEntry>2</containerEntry>
        </property>
        <property name="parentLocator" type="EntityLink" container="StaticArray" arraySize="1">
          <containerEntry packagePathHash="0xB8A0BF169F98" archivePathHash="0xB8A0BF169F98" nameInArchiveHash="0xB8A0BF169F98">0x0</containerEntry>
        </property>
        <property name="transforms" type="Matrix4" container="DynamicArray" arraySize="3">
          <containerEntry r11="-0.20360398" r12="0" r13="-0.97905284" r14="0" r21="0" r22="1" r23="0" r24="0" r31="0.97905284" r32="0" r33="-0.20360398" r34="0" r41="1083.3112" r42="297.04404" r43="2469.6729" r44="1"></containerEntry>
          <containerEntry r11="-0.20360398" r12="0" r13="-0.97905284" r14="0" r21="0" r22="1" r23="0" r24="0" r31="0.97905284" r32="0" r33="-0.20360398" r34="0" r41="1132.7855" r42="299.683" r43="2455.3413" r44="1"></containerEntry>
          <containerEntry r11="0.9999104" r12="0" r13="0.013383706" r14="0" r21="0" r22="1" r23="0" r24="0" r31="-0.013383706" r32="0" r33="0.9999104" r34="0" r41="1116.815" r42="298.1344" r43="2460.0254" r44="1"></containerEntry>
        </property>
        <property name="colors" type="UInt32" container="DynamicArray" arraySize="3">
          <containerEntry>4294967295</containerEntry>
          <containerEntry>4294967295</containerEntry>
          <containerEntry>4294967295</containerEntry>
        </property>
      </staticProperties>
      <dynamicProperties></dynamicProperties>
    </entity>
    <entity class="StaticModelArray" classVersion="4" classID="0xD0" addr="0x2D7AA40" id="0x0">
      <staticProperties>
        <property name="name" type="String" container="StaticArray" arraySize="1">
          <containerEntry>StaticModelArray0006</containerEntry>
        </property>
        <property name="dataSet" type="EntityHandle" container="StaticArray" arraySize="1">
          <containerEntry>0x2F53030</containerEntry>
        </property>
        <property name="modelFile" type="FilePtr" container="StaticArray" arraySize="1">
          <containerEntry>/Assets/tpp/environ/object/afghanistan/cliff/afgh_clff027/scenes/afgh_clff027_vrtn007.fmdl</containerEntry>
        </property>
        <property name="geomFile" type="FilePtr" container="StaticArray" arraySize="1">
          <containerEntry>/Assets/tpp/environ/object/afghanistan/cliff/afgh_clff027/scenes/afgh_clff027_vrtn007.geom</containerEntry>
        </property>
        <property name="isVisibleGeom" type="Bool" container="StaticArray" arraySize="1">
          <containerEntry>false</containerEntry>
        </property>
        <property name="lodFarSize" type="Float" container="StaticArray" arraySize="1">
          <containerEntry>-1</containerEntry>
        </property>
        <property name="lodNearSize" type="Float" container="StaticArray" arraySize="1">
          <containerEntry>-1</containerEntry>
        </property>
        <property name="lodPolygonSize" type="Float" container="StaticArray" arraySize="1">
          <containerEntry>-1</containerEntry>
        </property>
        <property name="drawRejectionLevel" type="Int32" container="StaticArray" arraySize="1">
          <containerEntry>8</containerEntry>
        </property>
        <property name="drawMode" type="Int32" container="StaticArray" arraySize="1">
          <containerEntry>0</containerEntry>
        </property>
        <property name="rejectFarRangeShadowCast" type="Int32" container="StaticArray" arraySize="1">
          <containerEntry>2</containerEntry>
        </property>
        <property name="parentLocator" type="EntityLink" container="StaticArray" arraySize="1">
          <containerEntry packagePathHash="0xB8A0BF169F98" archivePathHash="0xB8A0BF169F98" nameInArchiveHash="0xB8A0BF169F98">0x0</containerEntry>
        </property>
        <property name="transforms" type="Matrix4" container="DynamicArray" arraySize="3">
          <containerEntry r11="-0.16899242" r12="0.031528033" r13="0.9851134" r14="0" r21="0.033713304" r22="0.9990883" r23="-0.026191927" r24="0" r31="-0.985041" r32="0.028785191" r33="-0.16990125" r34="0" r41="1120.2506" r42="325.01016" r43="2524.9263" r44="1"></containerEntry>
          <containerEntry r11="0.60277593" r12="0.00996843" r13="0.7978483" r14="0" r21="0.12839049" r22="0.9856806" r23="-0.1093145" r24="0" r31="-0.7875133" r32="0.16832829" r33="0.59286463" r34="0" r41="1036.6744" r42="312.41632" r43="2453.6438" r44="1"></containerEntry>
          <containerEntry r11="-0.16484235" r12="0.12990332" r13="0.9777267" r14="0" r21="0.12839141" r22="0.9856806" r23="-0.10931332" r24="0" r31="-0.9779264" r32="0.10751224" r33="-0.17916036" r34="0" r41="1036.0719" r42="320.27142" r43="2481.563" r44="1"></containerEntry>
        </property>
        <property name="colors" type="UInt32" container="DynamicArray" arraySize="3">
          <containerEntry>4294967295</containerEntry>
          <containerEntry>4294967295</containerEntry>
          <containerEntry>4294967295</containerEntry>
        </property>
      </staticProperties>
      <dynamicProperties></dynamicProperties>
    </entity>
    <entity class="StaticModelArray" classVersion="4" classID="0xD0" addr="0x2D7A500" id="0x0">
      <staticProperties>
        <property name="name" type="String" container="StaticArray" arraySize="1">
          <containerEntry>StaticModelArray0007</containerEntry>
        </property>
        <property name="dataSet" type="EntityHandle" container="StaticArray" arraySize="1">
          <containerEntry>0x2F53030</containerEntry>
        </property>
        <property name="modelFile" type="FilePtr" container="StaticArray" arraySize="1">
          <containerEntry>/Assets/tpp/environ/object/afghanistan/rock/afgh_rock001/scenes/afgh_rock001_vrtn001.fmdl</containerEntry>
        </property>
        <property name="geomFile" type="FilePtr" container="StaticArray" arraySize="1">
          <containerEntry>/Assets/tpp/environ/object/afghanistan/rock/afgh_rock001/scenes/afgh_rock001_vrtn001.geom</containerEntry>
        </property>
        <property name="isVisibleGeom" type="Bool" container="StaticArray" arraySize="1">
          <containerEntry>false</containerEntry>
        </property>
        <property name="lodFarSize" type="Float" container="StaticArray" arraySize="1">
          <containerEntry>-1</containerEntry>
        </property>
        <property name="lodNearSize" type="Float" container="StaticArray" arraySize="1">
          <containerEntry>-1</containerEntry>
        </property>
        <property name="lodPolygonSize" type="Float" container="StaticArray" arraySize="1">
          <containerEntry>-1</containerEntry>
        </property>
        <property name="drawRejectionLevel" type="Int32" container="StaticArray" arraySize="1">
          <containerEntry>8</containerEntry>
        </property>
        <property name="drawMode" type="Int32" container="StaticArray" arraySize="1">
          <containerEntry>0</containerEntry>
        </property>
        <property name="rejectFarRangeShadowCast" type="Int32" container="StaticArray" arraySize="1">
          <containerEntry>2</containerEntry>
        </property>
        <property name="parentLocator" type="EntityLink" container="StaticArray" arraySize="1">
          <containerEntry packagePathHash="0xB8A0BF169F98" archivePathHash="0xB8A0BF169F98" nameInArchiveHash="0xB8A0BF169F98">0x0</containerEntry>
        </property>
        <property name="transforms" type="Matrix4" container="DynamicArray" arraySize="7">
          <containerEntry r11="0.963536" r12="-0.15039265" r13="0.22131531" r14="0" r21="0.22469276" r22="0.903884" r23="-0.36401516" r24="0" r31="-0.14529823" r32="0.40046966" r33="0.9047169" r34="0" r41="1142.258" r42="303.5058" r43="2467.526" r44="1"></containerEntry>
          <containerEntry r11="0.9873891" r12="-0.017410796" r13="0.15735213" r14="0" r21="0.10871023" r22="0.7971158" r23="-0.59396005" r24="0" r31="-0.11508655" r32="0.60357547" r33="0.78895617" r34="0" r41="1133.2145" r42="287.33856" r43="2400.6235" r44="1"></containerEntry>
          <containerEntry r11="0.77693003" r12="0.059286833" r13="0.62678957" r14="0" r21="-0.13872941" r22="0.9872077" r23="0.07858251" r24="0" r31="-0.6141126" r32="-0.1480072" r33="0.7752161" r34="0" r41="1126.4893" r42="299.75034" r43="2465.3547" r44="1"></containerEntry>
          <containerEntry r11="0.9678078" r12="0.2479294" r13="-0.043347877" r14="0" r21="0.22995079" r22="-0.8009828" r23="0.55276686" r24="0" r31="0.102326214" r32="-0.54493994" r33="-0.832209" r34="0" r41="1132.2266" r42="298.97852" r43="2449.3896" r44="1"></containerEntry>
          <containerEntry r11="0.99903876" r12="-0.030515455" r13="-0.031469706" r14="0" r21="-0.017922632" r22="-0.93950933" r23="0.34204933" r24="0" r31="-0.040003937" r32="-0.3411565" r33="-0.9391532" r34="0" r41="1117.6301" r42="298.46536" r43="2463.3599" r44="1"></containerEntry>
          <containerEntry r11="-0.15535316" r12="-0.7201641" r13="-0.6761873" r14="0" r21="-0.17968297" r22="0.69367933" r23="-0.69751203" r24="0" r31="0.97138023" r32="0.013138711" r33="-0.23716652" r34="0" r41="1130.3539" r42="300.75433" r43="2460.8875" r44="1"></containerEntry>
          <containerEntry r11="-0.6503625" r12="-0.28231493" r13="-0.70521325" r14="0" r21="-0.029750586" r22="0.93712664" r23="-0.347719" r24="0" r31="0.7590404" r32="-0.20516312" r33="-0.61787105" r34="0" r41="1123.7897" r42="299.2849" r43="2456.307" r44="1"></containerEntry>
        </property>
        <property name="colors" type="UInt32" container="DynamicArray" arraySize="7">
          <containerEntry>4294967295</containerEntry>
          <containerEntry>4294967295</containerEntry>
          <containerEntry>4294967295</containerEntry>
          <containerEntry>4294967295</containerEntry>
          <containerEntry>4294967295</containerEntry>
          <containerEntry>4294967295</containerEntry>
          <containerEntry>4294967295</containerEntry>
        </property>
      </staticProperties>
      <dynamicProperties></dynamicProperties>
    </entity>
    <entity class="TexturePackLoadConditioner" classVersion="0" classID="0x48" addr="0x2F52AF0" id="0x0">
      <staticProperties>
        <property name="name" type="String" container="StaticArray" arraySize="1">
          <containerEntry>TexturePackLoadConditioner0000</containerEntry>
        </property>
        <property name="dataSet" type="EntityHandle" container="StaticArray" arraySize="1">
          <containerEntry>0x2F53030</containerEntry>
        </property>
        <property name="texturePackPath" type="Path" container="StaticArray" arraySize="1">
          <containerEntry hash="0xB8A0BF169F98"></containerEntry>
        </property>
      </staticProperties>
      <dynamicProperties></dynamicProperties>
    </entity>
  </entities>
</fox>