<fox formatVersion="2" fileVersion="0">
  <entities>
    <entity class="DataSet" classVersion="0" classID="0xE8" addr="0x32F4760" id="0x10DC86A">
      <staticProperties>
        <property name="name" type="String" container="StaticArray" arraySize="1">
          <containerEntry hash="0xB8A0BF169F98"></containerEntry>
        </property>
        <property name="dataSet" type="EntityHandle" container="StaticArray" arraySize="1">
          <containerEntry>0x0</containerEntry>
        </property>
        <property name="dataList" type="EntityPtr" container="StringMap" arraySize="9">
          <containerEntry key="mafr_clff015_wall002_0000">
            <data>0x32F28C0</data>
          </containerEntry>
          <containerEntry key="StaticModelArray0000">
            <data>0x3179540</data>
          </containerEntry>
          <containerEntry key="StaticModelArray0001">
            <data>0x31795B0</data>
          </containerEntry>
          <containerEntry key="StaticModelArray0002">
            <data>0x3179620</data>
          </containerEntry>
          <containerEntry key="StaticModelArray0003">
            <data>0x3179690</data>
          </containerEntry>
          <containerEntry key="StaticModelArray0004">
            <data>0x3179700</data>
          </containerEntry>
          <containerEntry key="StaticModelArray0005">
            <data>0x3179770</data>
          </containerEntry>
          <containerEntry key="StaticModelArray0006">
            <data>0x32F4D10</data>
          </containerEntry>
          <containerEntry key="TexturePackLoadConditioner0000">
            <data>0x3179B60</data>
          </containerEntry>
        </property>
      </staticProperties>
      <dynamicProperties></dynamicProperties>
    </entity>
    <entity class="StaticModel" classVersion="9" classID="0x160" addr="0x32F28C0" id="0x10DC934">
      <staticProperties>
        <property name="name" type="String" container="StaticArray" arraySize="1">
          <containerEntry>mafr_clff015_wall002_0000</containerEntry>
        </property>
        <property name="dataSet" type="EntityHandle" container="StaticArray" arraySize="1">
          <containerEntry>0x32F4760</containerEntry>
        </property>
        <property name="parent" type="EntityHandle" container="StaticArray" arraySize="1">
          <containerEntry>0x0</containerEntry>
        </property>
        <property name="transform" type="EntityPtr" container="StaticArray" arraySize="1">
          <containerEntry>0x32F2850</containerEntry>
        </property>
        <property name="shearTransform" type="EntityPtr" container="StaticArray" arraySize="1">
          <containerEntry>0x0</containerEntry>
        </property>
        <property name="pivotTransform" type="EntityPtr" container="StaticArray" arraySize="1">
          <containerEntry>0x0</containerEntry>
        </property>
        <property name="children" type="EntityHandle" container="List"></property>
        <property name="flags" type="UInt32" container="StaticArray" arraySize="1">
          <containerEntry>7</containerEntry>
        </property>
        <property name="modelFile" type="FilePtr" container="StaticArray" arraySize="1">
          <containerEntry>/Assets/tpp/environ/object/middle_africa/cliff/mafr_clff015/scenes/mafr_clff015_wall002.fmdl</containerEntry>
        </property>
        <property name="geomFile" type="FilePtr" container="StaticArray" arraySize="1">
          <containerEntry>/Assets/tpp/environ/object/middle_africa/cliff/mafr_clff015/scenes/mafr_clff015_wall002.geom</containerEntry>
        </property>
        <property name="isVisibleGeom" type="Bool" container="StaticArray" arraySize="1">
          <containerEntry>false</containerEntry>
        </property>
        <property name="isIsolated" type="Bool" container="StaticArray" arraySize="1">
          <containerEntry>false</containerEntry>
        </property>
        <property name="lodFarSize" type="Float" container="StaticArray" arraySize="1">
          <containerEntry>-1</containerEntry>
        </property>
        <property name="lodNearSize" type="Float" container="StaticArray" arraySize="1">
          <containerEntry>-1</containerEntry>
        </property>
        <property name="lodPolygonSize" type="Float" container="StaticArray" arraySize="1">
          <containerEntry>-1</containerEntry>
        </property>
        <property name="color" type="Color" container="StaticArray" arraySize="1">
          <containerEntry r="1" g="1" b="1" a="1"></containerEntry>
        </property>
        <property name="drawRejectionLevel" type="Int32" container="StaticArray" arraySize="1">
          <containerEntry>8</containerEntry>
        </property>
        <property name="drawMode" type="Int32" container="StaticArray" arraySize="1">
          <containerEntry>0</containerEntry>
        </property>
        <property name="rejectFarRangeShadowCast" type="Int32" container="StaticArray" arraySize="1">
          <containerEntry>2</containerEntry>
        </property>
      </staticProperties>
      <dynamicProperties></dynamicProperties>
    </entity>
    <entity class="TransformEntity" classVersion="0" classID="0x50" addr="0x32F2850" id="0x10DC937">
      <staticProperties>
        <property name="owner" type="EntityHandle" container="StaticArray" arraySize="1">
          <containerEntry>0x32F28C0</containerEntry>
        </property>
        <property name="transform_scale" type="Vector3" container="StaticArray" arraySize="1">
          <containerEntry x="1" y="1" z="1" w="0"></containerEntry>
        </property>
        <property name="transform_rotation_quat" type="Quat" container="StaticArray" arraySize="1">
          <containerEntry x="0" y="0.496366" z="0" w="0.868113"></containerEntry>
        </property>
        <property name="transform_translation" type="Vector3" container="StaticArray" arraySize="1">
          <containerEntry x="1684.6589" y="88.44359" z="-768.4475" w="0"></containerEntry>
        </property>
      </staticProperties>
      <dynamicProperties></dynamicProperties>
    </entity>
    <entity class="StaticModelArray" classVersion="4" classID="0xD0" addr="0x3179540" id="0x0">
      <staticProperties>
        <property name="name" type="String" container="StaticArray" arraySize="1">
          <containerEntry>StaticModelArray0000</containerEntry>
        </property>
        <property name="dataSet" type="EntityHandle" container="StaticArray" arraySize="1">
          <containerEntry>0x32F4760</containerEntry>
        </property>
        <property name="modelFile" type="FilePtr" container="StaticArray" arraySize="1">
          <containerEntry>/Assets/tpp/environ/object/middle_africa/clod/mafr_clod005/scenes/mafr_clod005.fmdl</containerEntry>
        </property>
        <property name="geomFile" type="FilePtr" container="StaticArray" arraySize="1">
          <containerEntry>/Assets/tpp/environ/object/middle_africa/clod/mafr_clod005/scenes/mafr_clod005.geom</containerEntry>
        </property>
        <property name="isVisibleGeom" type="Bool" container="StaticArray" arraySize="1">
          <containerEntry>false</containerEntry>
        </property>
        <property name="lodFarSize" type="Float" container="StaticArray" arraySize="1">
          <containerEntry>-1</containerEntry>
        </property>
        <property name="lodNearSize" type="Float" container="StaticArray" arraySize="1">
          <containerEntry>-1</containerEntry>
        </property>
        <property name="lodPolygonSize" type="Float" container="StaticArray" arraySize="1">
          <containerEntry>-1</containerEntry>
        </property>
        <property name="drawRejectionLevel" type="Int32" container="StaticArray" arraySize="1">
          <containerEntry>8</containerEntry>
        </property>
        <property name="drawMode" type="Int32" container="StaticArray" arraySize="1">
          <containerEntry>0</containerEntry>
        </property>
        <property name="rejectFarRangeShadowCast" type="Int32" container="StaticArray" arraySize="1">
          <containerEntry>2</containerEntry>
        </property>
        <property name="parentLocator" type="EntityLink" container="StaticArray" arraySize="1">
          <containerEntry packagePathHash="0xB8A0BF169F98" archivePathHash="0xB8A0BF169F98" nameInArchiveHash="0xB8A0BF169F98">0x0</containerEntry>
        </property>
        <property name="transforms" type="Matrix4" container="DynamicArray" arraySize="7">
          <containerEntry r11="1.4818084" r12="-0.22975907" r13="-0.038136818" r14="0" r21="0.22454324" r22="1.4745548" r23="-0.15896013" r24="0" r31="0.061838254" r32="0.1513234" r33="1.4910659" r34="0" r41="1758.0447" r42="119.98964" r43="-862.3764" r44="1"></containerEntry>
          <containerEntry r11="0.96592593" r12="0" r13="0.25881872" r14="0" r21="0" r22="1" r23="0" r24="0" r31="-0.25881872" r32="0" r33="0.96592593" r34="0" r41="1748.6896" r42="95.141396" r43="-826.8177" r44="1"></containerEntry>
          <containerEntry r11="0.019049456" r12="-0.009225704" r13="0.9997758" r14="0" r21="0.11366368" r22="0.99349463" r23="0.007002037" r24="0" r31="-0.9933365" r32="0.11350484" r33="0.019974172" r34="0" r41="1711.6176" r42="100.705475" r43="-839.06226" r44="1"></containerEntry>
          <containerEntry r11="-0.9906495" r12="0.084529765" r13="0.107101776" r14="0" r21="0.09152185" r22="0.99386257" r23="0.062137205" r24="0" r31="-0.101192005" r32="0.07135826" r33="-0.99230576" r34="0" r41="1797.3439" r42="97.23741" r43="-717.1627" r44="1"></containerEntry>
          <containerEntry r11="0.62018734" r12="-0.002266923" r13="-0.78445077" r14="0" r21="-0.050173305" r22="0.99783367" r23="-0.042550653" r24="0" r31="0.7828479" r32="0.06574785" r33="0.61873007" r34="0" r41="1691.6353" r42="108.363075" r43="-835.5306" r44="1"></containerEntry>
          <containerEntry r11="0.502334" r12="-0.002319837" r13="0.86467034" r14="0" r21="0.057981484" r22="0.99783605" r23="-0.031007454" r24="0" r31="-0.8627272" r32="0.065710984" r33="0.5013814" r34="0" r41="1660.6578" r42="107.233955" r43="-790.7029" r44="1"></containerEntry>
          <containerEntry r11="0.98959273" r12="-0.043086525" r13="0.1372941" r14="0" r21="0.03658727" r22="0.9981029" r23="0.049516205" r24="0" r31="-0.13916712" r32="-0.04397766" r33="0.98929185" r34="0" r41="1683.7697" r42="126.37412" r43="-882.7565" r44="1"></containerEntry>
        </property>
        <property name="colors" type="UInt32" container="DynamicArray" arraySize="7">
          <containerEntry>4294967295</containerEntry>
          <containerEntry>4294967295</containerEntry>
          <containerEntry>4294967295</containerEntry>
          <containerEntry>4294967295</containerEntry>
          <containerEntry>4294967295</containerEntry>
          <containerEntry>4294967295</containerEntry>
          <containerEntry>4294967295</containerEntry>
        </property>
      </staticProperties>
      <dynamicProperties></dynamicProperties>
    </entity>
    <entity class="StaticModelArray" classVersion="4" classID="0xD0" addr="0x31795B0" id="0x0">
      <staticProperties>
        <property name="name" type="String" container="StaticArray" arraySize="1">
          <containerEntry>StaticModelArray0001</containerEntry>
        </property>
        <property name="dataSet" type="EntityHandle" container="StaticArray" arraySize="1">
          <containerEntry>0x32F4760</containerEntry>
        </property>
        <property name="modelFile" type="FilePtr" container="StaticArray" arraySize="1">
          <containerEntry>/Assets/tpp/environ/object/middle_africa/tree/mafr_tree032/scenes/mafr_tree032.fmdl</containerEntry>
        </property>
        <property name="geomFile" type="FilePtr" container="StaticArray" arraySize="1">
          <containerEntry>/Assets/tpp/environ/object/middle_africa/tree/mafr_tree032/scenes/mafr_tree032.geom</containerEntry>
        </property>
        <property name="isVisibleGeom" type="Bool" container="StaticArray" arraySize="1">
          <containerEntry>false</containerEntry>
        </property>
        <property name="lodFarSize" type="Float" container="StaticArray" arraySize="1">
          <containerEntry>-1</containerEntry>
        </property>
        <property name="lodNearSize" type="Float" container="StaticArray" arraySize="1">
          <containerEntry>-1</containerEntry>
        </property>
        <property name="lodPolygonSize" type="Float" container="StaticArray" arraySize="1">
          <containerEntry>-1</containerEntry>
        </property>
        <property name="drawRejectionLevel" type="Int32" container="StaticArray" arraySize="1">
          <containerEntry>8</containerEntry>
        </property>
        <property name="drawMode" type="Int32" container="StaticArray" arraySize="1">
          <containerEntry>0</containerEntry>
        </property>
        <property name="rejectFarRangeShadowCast" type="Int32" container="StaticArray" arraySize="1">
          <containerEntry>2</containerEntry>
        </property>
        <property name="parentLocator" type="EntityLink" container="StaticArray" arraySize="1">
          <containerEntry packagePathHash="0xB8A0BF169F98" archivePathHash="0xB8A0BF169F98" nameInArchiveHash="0xB8A0BF169F98">0x0</containerEntry>
        </property>
        <property name="transforms" type="Matrix4" container="DynamicArray" arraySize="8">
          <containerEntry r11="0.99907887" r12="0.042556692" r13="0.005511614" r14="0" r21="-0.033744223" r22="0.7660444" r23="0.20190556" r24="0" r31="0.005511614" r32="-0.2546342" r33="0.96702176" r34="0" r41="1762.1965" r42="115.49475" r43="-829.6336" r44="1"></containerEntry>
          <containerEntry r11="0.99907887" r12="0.042556692" r13="0.005511614" r14="0" r21="-0.033744223" r22="0.7660444" r23="0.20190556" r24="0" r31="0.005511614" r32="-0.2546342" r33="0.96702176" r34="0" r41="1764.745" r42="118.88985" r43="-833.6438" r44="1"></containerEntry>
          <containerEntry r11="0.9775032" r12="-0.20252964" r13="-0.0589009" r14="0" r21="0.16718704" r22="0.7497823" r23="0.19647738" r24="0" r31="0.0055117086" r32="-0.25463313" r33="0.967022" r34="0" r41="1775.5846" r42="117.977104" r43="-838.70026" r44="1"></containerEntry>
          <containerEntry r11="0.99970233" r12="-0.024381822" r13="-0.00089357677" r14="0" r21="0.019332932" r22="0.7905611" r23="0.058033656" r24="0" r31="-0.00089357677" r32="-0.07318943" r33="0.9973177" r34="0" r41="1738.2345" r42="120.04287" r43="-833.29956" r44="1"></containerEntry>
          <containerEntry r11="0.99907887" r12="0.042556692" r13="0.005511614" r14="0" r21="-0.033744223" r22="0.7660444" r23="0.20190556" r24="0" r31="0.005511614" r32="-0.2546342" r33="0.96702176" r34="0" r41="1754.3527" r42="118.59124" r43="-836.3079" r44="1"></containerEntry>
          <containerEntry r11="0.99970233" r12="-0.024381822" r13="-0.00089357677" r14="0" r21="0.019332932" r22="0.7905611" r23="0.058033656" r24="0" r31="-0.00089357677" r32="-0.07318943" r33="0.9973177" r34="0" r41="1709.188" r42="118.46638" r43="-834.6672" r44="1"></containerEntry>
          <containerEntry r11="0.99970233" r12="-0.024381822" r13="-0.00089357677" r14="0" r21="0.019332932" r22="0.7905611" r23="0.058033656" r24="0" r31="-0.00089357677" r32="-0.07318943" r33="0.9973177" r34="0" r41="1701.2384" r42="125.20914" r43="-839.45575" r44="1"></containerEntry>
          <containerEntry r11="0.99970233" r12="-0.024381822" r13="-0.00089357677" r14="0" r21="0.019332932" r22="0.7905611" r23="0.058033656" r24="0" r31="-0.00089357677" r32="-0.07318943" r33="0.9973177" r34="0" r41="1688.9148" r42="127.872406" r43="-849.14264" r44="1"></containerEntry>
        </property>
        <property name="colors" type="UInt32" container="DynamicArray" arraySize="8">
          <containerEntry>4294967295</containerEntry>
          <containerEntry>4294967295</containerEntry>
          <containerEntry>4294967295</containerEntry>
          <containerEntry>4294967295</containerEntry>
          <containerEntry>4294967295</containerEntry>
          <containerEntry>4294967295</containerEntry>
          <containerEntry>4294967295</containerEntry>
          <containerEntry>4294967295</containerEntry>
        </property>
      </staticProperties>
      <dynamicProperties></dynamicProperties>
    </entity>
    <entity class="StaticModelArray" classVersion="4" classID="0xD0" addr="0x3179620" id="0x0">
      <staticProperties>
        <property name="name" type="String" container="StaticArray" arraySize="1">
          <containerEntry>StaticModelArray0002</containerEntry>
        </property>
        <property name="dataSet" type="EntityHandle" container="StaticArray" arraySize="1">
          <containerEntry>0x32F4760</containerEntry>
        </property>
        <property name="modelFile" type="FilePtr" container="StaticArray" arraySize="1">
          <containerEntry>/Assets/tpp/environ/object/middle_africa/rock/mafr_rock002/scenes/mafr_rock002.fmdl</containerEntry>
        </property>
        <property name="geomFile" type="FilePtr" container="StaticArray" arraySize="1">
          <containerEntry>/Assets/tpp/environ/object/middle_africa/rock/mafr_rock002/scenes/mafr_rock002.geom</containerEntry>
        </property>
        <property name="isVisibleGeom" type="Bool" container="StaticArray" arraySize="1">
          <containerEntry>false</containerEntry>
        </property>
        <property name="lodFarSize" type="Float" container="StaticArray" arraySize="1">
          <containerEntry>-1</containerEntry>
        </property>
        <property name="lodNearSize" type="Float" container="StaticArray" arraySize="1">
          <containerEntry>-1</containerEntry>
        </property>
        <property name="lodPolygonSize" type="Float" container="StaticArray" arraySize="1">
          <containerEntry>-1</containerEntry>
        </property>
        <property name="drawRejectionLevel" type="Int32" container="StaticArray" arraySize="1">
          <containerEntry>8</containerEntry>
        </property>
        <property name="drawMode" type="Int32" container="StaticArray" arraySize="1">
          <containerEntry>0</containerEntry>
        </property>
        <property name="rejectFarRangeShadowCast" type="Int32" container="StaticArray" arraySize="1">
          <containerEntry>2</containerEntry>
        </property>
        <property name="parentLocator" type="EntityLink" container="StaticArray" arraySize="1">
          <containerEntry packagePathHash="0xB8A0BF169F98" archivePathHash="0xB8A0BF169F98" nameInArchiveHash="0xB8A0BF169F98">0x0</containerEntry>
        </property>
        <property name="transforms" type="Matrix4" container="DynamicArray" arraySize="2">
          <containerEntry r11="0.39883962" r12="-0.042544167" r13="0.91603273" r14="0" r21="0.16267125" r22="0.9863631" r23="-0.025016181" r24="0" r31="-0.9024766" r32="0.15898976" r33="0.40032142" r34="0" r41="1676.1147" r42="110.91342" r43="-845.29407" r44="1"></containerEntry>
          <containerEntry r11="0.99196583" r12="0.041135374" r13="0.11963152" r14="0" r21="-0.028837798" r22="0.99428725" r23="-0.10276782" r24="0" r31="-0.123175494" r32="0.09849226" r33="0.98748523" r34="0" r41="1685.8593" r42="111.55824" r43="-838.1323" r44="1"></containerEntry>
        </property>
        <property name="colors" type="UInt32" container="DynamicArray" arraySize="2">
          <containerEntry>4294967295</containerEntry>
          <containerEntry>4294967295</containerEntry>
        </property>
      </staticProperties>
      <dynamicProperties></dynamicProperties>
    </entity>
    <entity class="StaticModelArray" classVersion="4" classID="0xD0" addr="0x3179690" id="0x0">
      <staticProperties>
        <property name="name" type="String" container="StaticArray" arraySize="1">
          <containerEntry>StaticModelArray0003</containerEntry>
        </property>
        <property name="dataSet" type="EntityHandle" container="StaticArray" arraySize="1">
          <containerEntry>0x32F4760</containerEntry>
        </property>
        <property name="modelFile" type="FilePtr" container="StaticArray" arraySize="1">
          <containerEntry>/Assets/tpp/environ/object/middle_africa/cliff/mafr_clff004/scenes/mafr_clff004_rock001.fmdl</containerEntry>
        </property>
        <property name="geomFile" type="FilePtr" container="StaticArray" arraySize="1">
          <containerEntry>/Assets/tpp/environ/object/middle_africa/cliff/mafr_clff004/scenes/mafr_clff004_rock001.geom</containerEntry>
        </property>
        <property name="isVisibleGeom" type="Bool" container="StaticArray" arraySize="1">
          <containerEntry>false</containerEntry>
        </property>
        <property name="lodFarSize" type="Float" container="StaticArray" arraySize="1">
          <containerEntry>-1</containerEntry>
        </property>
        <property name="lodNearSize" type="Float" container="StaticArray" arraySize="1">
          <containerEntry>-1</containerEntry>
        </property>
        <property name="lodPolygonSize" type="Float" container="StaticArray" arraySize="1">
          <containerEntry>-1</containerEntry>
        </property>
        <property name="drawRejectionLevel" type="Int32" container="StaticArray" arraySize="1">
          <containerEntry>8</containerEntry>
        </property>
        <property name="drawMode" type="Int32" container="StaticArray" arraySize="1">
          <containerEntry>0</containerEntry>
        </property>
        <property name="rejectFarRangeShadowCast" type="Int32" container="StaticArray" arraySize="1">
          <containerEntry>2</containerEntry>
        </property>
        <property name="parentLocator" type="EntityLink" container="StaticArray" arraySize="1">
          <containerEntry packagePathHash="0xB8A0BF169F98" archivePathHash="0xB8A0BF169F98" nameInArchiveHash="0xB8A0BF169F98">0x0</containerEntry>
        </property>
        <property name="transforms" type="Matrix4" container="DynamicArray" arraySize="3">
          <containerEntry r11="-0.72230667" r12="-0.08820287" r13="0.68592626" r14="0" r21="-0.006087318" r22="0.992606" r23="0.12122853" r24="0" r31="-0.6915472" r32="0.08338864" r33="-0.71750283" r34="0" r41="1750.8414" r42="93.38915" r43="-783.9396" r44="1"></containerEntry>
          <containerEntry r11="-0.38724813" r12="-0.02979995" r13="-0.92149377" r14="0" r21="0.041048314" r22="0.99792916" r23="-0.049521897" r24="0" r31="0.9210613" r32="-0.057003032" r33="-0.38522297" r34="0" r41="1759.4596" r42="93.42499" r43="-790.34796" r44="1"></containerEntry>
          <containerEntry r11="1" r12="0" r13="0" r14="0" r21="0" r22="1" r23="0" r24="0" r31="0" r32="0" r33="1" r34="0" r41="1588.8876" r42="116.61186" r43="-856.07904" r44="1"></containerEntry>
        </property>
        <property name="colors" type="UInt32" container="DynamicArray" arraySize="3">
          <containerEntry>4294967295</containerEntry>
          <containerEntry>4294967295</containerEntry>
          <containerEntry>4294967295</containerEntry>
        </property>
      </staticProperties>
      <dynamicProperties></dynamicProperties>
    </entity>
    <entity class="StaticModelArray" classVersion="4" classID="0xD0" addr="0x3179700" id="0x0">
      <staticProperties>
        <property name="name" type="String" container="StaticArray" arraySize="1">
          <containerEntry>StaticModelArray0004</containerEntry>
        </property>
        <property name="dataSet" type="EntityHandle" container="StaticArray" arraySize="1">
          <containerEntry>0x32F4760</containerEntry>
        </property>
        <property name="modelFile" type="FilePtr" container="StaticArray" arraySize="1">
          <containerEntry>/Assets/tpp/environ/object/middle_africa/rock/mafr_rock010/scenes/mafr_rock010.fmdl</containerEntry>
        </property>
        <property name="geomFile" type="FilePtr" container="StaticArray" arraySize="1">
          <containerEntry>/Assets/tpp/environ/object/middle_africa/rock/mafr_rock010/scenes/mafr_rock010.geom</containerEntry>
        </property>
        <property name="isVisibleGeom" type="Bool" container="StaticArray" arraySize="1">
          <containerEntry>false</containerEntry>
        </property>
        <property name="lodFarSize" type="Float" container="StaticArray" arraySize="1">
          <containerEntry>-1</containerEntry>
        </property>
        <property name="lodNearSize" type="Float" container="StaticArray" arraySize="1">
          <containerEntry>-1</containerEntry>
        </property>
        <property name="lodPolygonSize" type="Float" container="StaticArray" arraySize="1">
          <containerEntry>-1</containerEntry>
        </property>
        <property name="drawRejectionLevel" type="Int32" container="StaticArray" arraySize="1">
          <containerEntry>8</containerEntry>
        </property>
        <property name="drawMode" type="Int32" container="StaticArray" arraySize="1">
          <containerEntry>0</containerEntry>
        </property>
        <property name="rejectFarRangeShadowCast" type="Int32" container="StaticArray" arraySize="1">
          <containerEntry>2</containerEntry>
        </property>
        <property name="parentLocator" type="EntityLink" container="StaticArray" arraySize="1">
          <containerEntry packagePathHash="0xB8A0BF169F98" archivePathHash="0xB8A0BF169F98" nameInArchiveHash="0xB8A0BF169F98">0x0</containerEntry>
        </property>
        <property name="transforms" type="Matrix4" container="DynamicArray" arraySize="2">
          <containerEntry r11="-0.50489485" r12="-0.27406442" r13="0.81851226" r14="0" r21="-0.0824737" r22="0.9592347" r23="0.27030832" r24="0" r31="-0.85922736" r32="0.068972394" r33="-0.5069157" r34="0" r41="1762.8525" r42="95.354294" r43="-820.16864" r44="1"></containerEntry>
          <containerEntry r11="-0.5528585" r12="-0.28329566" r13="0.7836372" r14="0" r21="-0.16128552" r22="0.9590296" r23="0.23291433" r24="0" r31="-0.81751496" r32="0.0023796111" r33="-0.57589906" r34="0" r41="1749.4225" r42="93.211296" r43="-818.3235" r44="1"></containerEntry>
        </property>
        <property name="colors" type="UInt32" container="DynamicArray" arraySize="2">
          <containerEntry>4294967295</containerEntry>
          <containerEntry>4294967295</containerEntry>
        </property>
      </staticProperties>
      <dynamicProperties></dynamicProperties>
    </entity>
    <entity class="StaticModelArray" classVersion="4" classID="0xD0" addr="0x3179770" id="0x0">
      <staticProperties>
        <property name="name" type="String" container="StaticArray" arraySize="1">
          <containerEntry>StaticModelArray0005</containerEntry>
        </property>
        <property name="dataSet" type="EntityHandle" container="StaticArray" arraySize="1">
          <containerEntry>0x32F4760</containerEntry>
        </property>
        <property name="modelFile" type="FilePtr" container="StaticArray" arraySize="1">
          <containerEntry>/Assets/tpp/environ/object/middle_africa/cliff/mafr_clff003/scenes/mafr_clff003_vrtn001.fmdl</containerEntry>
        </property>
        <property name="geomFile" type="FilePtr" container="StaticArray" arraySize="1">
          <containerEntry>/Assets/tpp/environ/object/middle_africa/cliff/mafr_clff003/scenes/mafr_clff003_vrtn001.geom</containerEntry>
        </property>
        <property name="isVisibleGeom" type="Bool" container="StaticArray" arraySize="1">
          <containerEntry>false</containerEntry>
        </property>
        <property name="lodFarSize" type="Float" container="StaticArray" arraySize="1">
          <containerEntry>-1</containerEntry>
        </property>
        <property name="lodNearSize" type="Float" container="StaticArray" arraySize="1">
          <containerEntry>-1</containerEntry>
        </property>
        <property name="lodPolygonSize" type="Float" container="StaticArray" arraySize="1">
          <containerEntry>-1</containerEntry>
        </property>
        <property name="drawRejectionLevel" type="Int32" container="StaticArray" arraySize="1">
          <containerEntry>8</containerEntry>
        </property>
        <property name="drawMode" type="Int32" container="StaticArray" arraySize="1">
          <containerEntry>0</containerEntry>
        </property>
        <property name="rejectFarRangeShadowCast" type="Int32" container="StaticArray" arraySize="1">
          <containerEntry>2</containerEntry>
        </property>
        <property name="parentLocator" type="EntityLink" container="StaticArray" arraySize="1">
          <containerEntry packagePathHash="0xB8A0BF169F98" archivePathHash="0xB8A0BF169F98" nameInArchiveHash="0xB8A0BF169F98">0x0</containerEntry>
        </property>
        <property name="transforms" type="Matrix4" container="DynamicArray" arraySize="10">
          <containerEntry r11="0.062157243" r12="0.20651083" r13="-0.97646946" r14="0" r21="-0.36271912" r22="0.91613835" r23="0.1706624" r24="0" r31="0.92982477" r32="0.34357548" r33="0.13184983" r34="0" r41="1709.5371" r42="95.70199" r43="-790.441" r44="1"></containerEntry>
          <containerEntry r11="0.39786428" r12="0.1344098" r13="-0.9075459" r14="0" r21="-0.103792734" r22="0.98945355" r23="0.10103828" r24="0" r31="0.91155505" r32="0.053996947" r33="0.40761894" r34="0" r41="1700.786" r42="94.82492" r43="-779.06793" r44="1"></containerEntry>
          <containerEntry r11="0.3886786" r12="0.15902987" r13="-0.9075453" r14="0" r21="-0.16547352" r22="0.9810249" r23="0.101037666" r24="0" r31="0.9063926" r32="0.11090353" r33="0.40761864" r34="0" r41="1695.974" r42="95.42746" r43="-771.62573" r44="1"></containerEntry>
          <containerEntry r11="-0.7664881" r12="-0.023648895" r13="-0.6418206" r14="0" r21="-0.2410793" r22="0.93684334" r23="0.25338748" r24="0" r31="0.595293" r32="0.3489487" r33="-0.72378045" r34="0" r41="1701.598" r42="96.296715" r43="-767.1518" r44="1"></containerEntry>
          <containerEntry r11="-0.84794617" r12="0.32983905" r13="-0.4149687" r14="0" r21="0.118381545" r22="0.8808898" r23="0.45827872" r24="0" r31="0.51669973" r32="0.33946985" r33="-0.7859942" r34="0" r41="1703.8043" r42="99.18515" r43="-805.58545" r44="1"></containerEntry>
          <containerEntry r11="-0.9502529" r12="0.025129445" r13="0.31047368" r14="0" r21="0.19909424" r22="0.8155586" r23="0.54334724" r24="0" r31="-0.2395556" r32="0.57812905" r33="-0.7799906" r34="0" r41="1694.1892" r42="102.19712" r43="-808.80707" r44="1"></containerEntry>
          <containerEntry r11="0.95187056" r12="-0.20214264" r13="-0.23039266" r14="0" r21="0.19963212" r22="0.9792666" r23="-0.034409072" r24="0" r31="0.23257136" r32="-0.013240778" r33="0.9724892" r34="0" r41="1710.9883" r42="103.6492" r43="-832.80304" r44="1"></containerEntry>
          <containerEntry r11="-0.46178016" r12="-0.030176625" r13="-0.88648134" r14="0" r21="-0.40589762" r22="0.89582753" r23="0.18094268" r24="0" r31="0.7886742" r32="0.44337627" r33="-0.425924" r34="0" r41="1734.3754" r42="89.929375" r43="-779.41046" r44="1"></containerEntry>
          <containerEntry r11="0.7118242" r12="-0.053760797" r13="-0.70029753" r14="0" r21="-0.29214495" r22="0.8840569" r23="-0.36482176" r24="0" r31="0.63871604" r32="0.46427724" r33="0.61358714" r34="0" r41="1754.7395" r42="89.53311" r43="-805.0379" r44="1"></containerEntry>
          <containerEntry r11="0.9513491" r12="-0.19020335" r13="-0.24239995" r14="0" r21="0.14736517" r22="0.97178566" r23="-0.18416351" r24="0" r31="0.27058926" r32="0.13948256" r33="0.95253676" r34="0" r41="1699.2859" r42="105.41367" r43="-830.9389" r44="1"></containerEntry>
        </property>
        <property name="colors" type="UInt32" container="DynamicArray" arraySize="10">
          <containerEntry>4294967295</containerEntry>
          <containerEntry>4294967295</containerEntry>
          <containerEntry>4294967295</containerEntry>
          <containerEntry>4294967295</containerEntry>
          <containerEntry>4294967295</containerEntry>
          <containerEntry>4294967295</containerEntry>
          <containerEntry>4294967295</containerEntry>
          <containerEntry>4294967295</containerEntry>
          <containerEntry>4294967295</containerEntry>
          <containerEntry>4294967295</containerEntry>
        </property>
      </staticProperties>
      <dynamicProperties></dynamicProperties>
    </entity>
    <entity class="StaticModelArray" classVersion="4" classID="0xD0" addr="0x32F4D10" id="0x0">
      <staticProperties>
        <property name="name" type="String" container="StaticArray" arraySize="1">
          <containerEntry>StaticModelArray0006</containerEntry>
        </property>
        <property name="dataSet" type="EntityHandle" container="StaticArray" arraySize="1">
          <containerEntry>0x32F4760</containerEntry>
        </property>
        <property name="modelFile" type="FilePtr" container="StaticArray" arraySize="1">
          <containerEntry>/Assets/tpp/environ/object/middle_africa/cliff/mafr_clff003/scenes/mafr_clff003.fmdl</containerEntry>
        </property>
        <property name="geomFile" type="FilePtr" container="StaticArray" arraySize="1">
          <containerEntry>/Assets/tpp/environ/object/middle_africa/cliff/mafr_clff003/scenes/mafr_clff003.geom</containerEntry>
        </property>
        <property name="isVisibleGeom" type="Bool" container="StaticArray" arraySize="1">
          <containerEntry>false</containerEntry>
        </property>
        <property name="lodFarSize" type="Float" container="StaticArray" arraySize="1">
          <containerEntry>-1</containerEntry>
        </property>
        <property name="lodNearSize" type="Float" container="StaticArray" arraySize="1">
          <containerEntry>-1</containerEntry>
        </property>
        <property name="lodPolygonSize" type="Float" container="StaticArray" arraySize="1">
          <containerEntry>-1</containerEntry>
        </property>
        <property name="drawRejectionLevel" type="Int32" container="StaticArray" arraySize="1">
          <containerEntry>8</containerEntry>
        </property>
        <property name="drawMode" type="Int32" container="StaticArray" arraySize="1">
          <containerEntry>0</containerEntry>
        </property>
        <property name="rejectFarRangeShadowCast" type="Int32" container="StaticArray" arraySize="1">
          <containerEntry>2</containerEntry>
        </property>
        <property name="parentLocator" type="EntityLink" container="StaticArray" arraySize="1">
          <containerEntry packagePathHash="0xB8A0BF169F98" archivePathHash="0xB8A0BF169F98" nameInArchiveHash="0xB8A0BF169F98">0x0</containerEntry>
        </property>
        <property name="transforms" type="Matrix4" container="DynamicArray" arraySize="2">
          <containerEntry r11="0.91655135" r12="-0.04671809" r13="0.39717877" r14="0" r21="0.050905846" r22="0.9987034" r23="-7.720664e-07" r24="0" r31="-0.39666378" r32="0.020219427" r33="0.91774124" r34="0" r41="1696.4854" r42="128.87442" r43="-858.1488" r44="1"></containerEntry>
          <containerEntry r11="0.9906445" r12="-0.043446824" r13="0.12936702" r14="0" r21="0.042926237" r22="0.999055" r23="0.0068110777" r24="0" r31="-0.12954068" r32="-0.0011941136" r33="0.9915734" r34="0" r41="1757.4619" r42="119.86136" r43="-845.3803" r44="1"></containerEntry>
        </property>
        <property name="colors" type="UInt32" container="DynamicArray" arraySize="2">
          <containerEntry>4294967295</containerEntry>
          <containerEntry>4294967295</containerEntry>
        </property>
      </staticProperties>
      <dynamicProperties></dynamicProperties>
    </entity>
    <entity class="TexturePackLoadConditioner" classVersion="0" classID="0x48" addr="0x3179B60" id="0x0">
      <staticProperties>
        <property name="name" type="String" container="StaticArray" arraySize="1">
          <containerEntry>TexturePackLoadConditioner0000</containerEntry>
        </property>
        <property name="dataSet" type="EntityHandle" container="StaticArray" arraySize="1">
          <containerEntry>0x32F4760</containerEntry>
        </property>
        <property name="texturePackPath" type="Path" container="StaticArray" arraySize="1">
          <containerEntry hash="0xB8A0BF169F98"></containerEntry>
        </property>
      </staticProperties>
      <dynamicProperties></dynamicProperties>
    </entity>
  </entities>
</fox>