<fox formatVersion="2" fileVersion="0">
  <entities>
    <entity class="DataSet" classVersion="0" classID="0xE8" addr="0x32E2A80" id="0x3FA188">
      <staticProperties>
        <property name="name" type="String" container="StaticArray" arraySize="1">
          <containerEntry hash="0xB8A0BF169F98"></containerEntry>
        </property>
        <property name="dataSet" type="EntityHandle" container="StaticArray" arraySize="1">
          <containerEntry>0x0</containerEntry>
        </property>
        <property name="dataList" type="EntityPtr" container="StringMap" arraySize="7">
          <containerEntry key="StaticModelArray0000">
            <data>0x317B6F0</data>
          </containerEntry>
          <containerEntry key="StaticModelArray0001">
            <data>0x317B760</data>
          </containerEntry>
          <containerEntry key="StaticModelArray0002">
            <data>0x317B7D0</data>
          </containerEntry>
          <containerEntry key="StaticModelArray0003">
            <data>0x317B8B0</data>
          </containerEntry>
          <containerEntry key="StaticModelArray0004">
            <data>0x317B840</data>
          </containerEntry>
          <containerEntry key="StaticModelArray0005">
            <data>0x317B370</data>
          </containerEntry>
          <containerEntry key="TexturePackLoadConditioner0000">
            <data>0x317BED0</data>
          </containerEntry>
        </property>
      </staticProperties>
      <dynamicProperties></dynamicProperties>
    </entity>
    <entity class="StaticModelArray" classVersion="4" classID="0xD0" addr="0x317B6F0" id="0x0">
      <staticProperties>
        <property name="name" type="String" container="StaticArray" arraySize="1">
          <containerEntry>StaticModelArray0000</containerEntry>
        </property>
        <property name="dataSet" type="EntityHandle" container="StaticArray" arraySize="1">
          <containerEntry>0x32E2A80</containerEntry>
        </property>
        <property name="modelFile" type="FilePtr" container="StaticArray" arraySize="1">
          <containerEntry>/Assets/tpp/environ/object/afghanistan/cliff/afgh_clff022/scenes/afgh_clff022_vrtn002.fmdl</containerEntry>
        </property>
        <property name="geomFile" type="FilePtr" container="StaticArray" arraySize="1">
          <containerEntry>/Assets/tpp/environ/object/afghanistan/cliff/afgh_clff022/scenes/afgh_clff022_vrtn002.geom</containerEntry>
        </property>
        <property name="isVisibleGeom" type="Bool" container="StaticArray" arraySize="1">
          <containerEntry>false</containerEntry>
        </property>
        <property name="lodFarSize" type="Float" container="StaticArray" arraySize="1">
          <containerEntry>-1</containerEntry>
        </property>
        <property name="lodNearSize" type="Float" container="StaticArray" arraySize="1">
          <containerEntry>-1</containerEntry>
        </property>
        <property name="lodPolygonSize" type="Float" container="StaticArray" arraySize="1">
          <containerEntry>-1</containerEntry>
        </property>
        <property name="drawRejectionLevel" type="Int32" container="StaticArray" arraySize="1">
          <containerEntry>8</containerEntry>
        </property>
        <property name="drawMode" type="Int32" container="StaticArray" arraySize="1">
          <containerEntry>0</containerEntry>
        </property>
        <property name="rejectFarRangeShadowCast" type="Int32" container="StaticArray" arraySize="1">
          <containerEntry>2</containerEntry>
        </property>
        <property name="parentLocator" type="EntityLink" container="StaticArray" arraySize="1">
          <containerEntry packagePathHash="0xB8A0BF169F98" archivePathHash="0xB8A0BF169F98" nameInArchiveHash="0xB8A0BF169F98">0x0</containerEntry>
        </property>
        <property name="transforms" type="Matrix4" container="DynamicArray" arraySize="4">
          <containerEntry r11="0.708517" r12="-0.022666747" r13="0.70532566" r14="0" r21="0.026178425" r22="0.9996403" r23="0.005828135" r24="0" r31="-0.70520407" r32="0.014334973" r33="0.7088555" r34="0" r41="1269.1425" r42="331.34946" r43="1639.6874" r44="1"></containerEntry>
          <containerEntry r11="0.43417135" r12="0.0071609365" r13="0.9007986" r14="0" r21="0.016586823" r22="0.9997353" r23="-0.01594204" r24="0" r31="-0.9006744" r32="0.021862963" r33="0.43393764" r34="0" r41="1223.7911" r42="332.33484" r43="1565.2156" r44="1"></containerEntry>
          <containerEntry r11="0.6062845" r12="-0.01457697" r13="0.7951102" r14="0" r21="-0.03498213" r22="0.9983753" r23="0.044977892" r24="0" r31="-0.794474" r32="-0.055084053" r33="0.6047895" r34="0" r41="1243.1895" r42="320.07397" r43="1634.0016" r44="1"></containerEntry>
          <containerEntry r11="0.44818583" r12="-0.02455406" r13="0.89359874" r14="0" r21="-0.034980822" r22="0.99837536" r23="0.044977654" r24="0" r31="-0.89325136" r32="-0.05141718" r33="0.44659874" r34="0" r41="1205.8705" r42="318.6269" r43="1569.5918" r44="1"></containerEntry>
        </property>
        <property name="colors" type="UInt32" container="DynamicArray" arraySize="4">
          <containerEntry>4294967295</containerEntry>
          <containerEntry>4294967295</containerEntry>
          <containerEntry>4294967295</containerEntry>
          <containerEntry>4294967295</containerEntry>
        </property>
      </staticProperties>
      <dynamicProperties></dynamicProperties>
    </entity>
    <entity class="StaticModelArray" classVersion="4" classID="0xD0" addr="0x317B760" id="0x0">
      <staticProperties>
        <property name="name" type="String" container="StaticArray" arraySize="1">
          <containerEntry>StaticModelArray0001</containerEntry>
        </property>
        <property name="dataSet" type="EntityHandle" container="StaticArray" arraySize="1">
          <containerEntry>0x32E2A80</containerEntry>
        </property>
        <property name="modelFile" type="FilePtr" container="StaticArray" arraySize="1">
          <containerEntry>/Assets/tpp/environ/object/afghanistan/cliff/afgh_clff022/scenes/afgh_clff022_vrtn004.fmdl</containerEntry>
        </property>
        <property name="geomFile" type="FilePtr" container="StaticArray" arraySize="1">
          <containerEntry>/Assets/tpp/environ/object/afghanistan/cliff/afgh_clff022/scenes/afgh_clff022_vrtn004.geom</containerEntry>
        </property>
        <property name="isVisibleGeom" type="Bool" container="StaticArray" arraySize="1">
          <containerEntry>false</containerEntry>
        </property>
        <property name="lodFarSize" type="Float" container="StaticArray" arraySize="1">
          <containerEntry>-1</containerEntry>
        </property>
        <property name="lodNearSize" type="Float" container="StaticArray" arraySize="1">
          <containerEntry>-1</containerEntry>
        </property>
        <property name="lodPolygonSize" type="Float" container="StaticArray" arraySize="1">
          <containerEntry>-1</containerEntry>
        </property>
        <property name="drawRejectionLevel" type="Int32" container="StaticArray" arraySize="1">
          <containerEntry>8</containerEntry>
        </property>
        <property name="drawMode" type="Int32" container="StaticArray" arraySize="1">
          <containerEntry>0</containerEntry>
        </property>
        <property name="rejectFarRangeShadowCast" type="Int32" container="StaticArray" arraySize="1">
          <containerEntry>2</containerEntry>
        </property>
        <property name="parentLocator" type="EntityLink" container="StaticArray" arraySize="1">
          <containerEntry packagePathHash="0xB8A0BF169F98" archivePathHash="0xB8A0BF169F98" nameInArchiveHash="0xB8A0BF169F98">0x0</containerEntry>
        </property>
        <property name="transforms" type="Matrix4" container="DynamicArray" arraySize="4">
          <containerEntry r11="0.319744" r12="0" r13="1.208414" r14="0" r21="0" r22="1.25" r23="0" r24="0" r31="-1.208414" r32="0" r33="0.319744" r34="0" r41="1256.3369" r42="347.58972" r43="1577.182" r44="1"></containerEntry>
          <containerEntry r11="-0.9347041" r12="-0.00076154404" r13="0.35542506" r14="0" r21="-0.0015399393" r22="0.999997" r23="-0.0019071427" r24="0" r31="-0.35542256" r32="-0.002329948" r33="-0.93470246" r34="0" r41="1268.1909" r42="347.6593" r43="1543.1819" r44="1"></containerEntry>
          <containerEntry r11="0.55445844" r12="0" r13="0.8322114" r14="0" r21="0" r22="1" r23="0" r24="0" r31="-0.8322114" r32="0" r33="0.55445844" r34="0" r41="1223.6761" r42="321.58267" r43="1602.5493" r44="1"></containerEntry>
          <containerEntry r11="0.34551984" r12="0" r13="0.9384121" r14="0" r21="0" r22="1" r23="0" r24="0" r31="-0.9384121" r32="0" r33="0.34551984" r34="0" r41="1239.0251" r42="334.07532" r43="1601.6357" r44="1"></containerEntry>
        </property>
        <property name="colors" type="UInt32" container="DynamicArray" arraySize="4">
          <containerEntry>4294967295</containerEntry>
          <containerEntry>4294967295</containerEntry>
          <containerEntry>4294967295</containerEntry>
          <containerEntry>4294967295</containerEntry>
        </property>
      </staticProperties>
      <dynamicProperties></dynamicProperties>
    </entity>
    <entity class="StaticModelArray" classVersion="4" classID="0xD0" addr="0x317B7D0" id="0x0">
      <staticProperties>
        <property name="name" type="String" container="StaticArray" arraySize="1">
          <containerEntry>StaticModelArray0002</containerEntry>
        </property>
        <property name="dataSet" type="EntityHandle" container="StaticArray" arraySize="1">
          <containerEntry>0x32E2A80</containerEntry>
        </property>
        <property name="modelFile" type="FilePtr" container="StaticArray" arraySize="1">
          <containerEntry>/Assets/tpp/environ/object/afghanistan/rock/afgh_rock010/scenes/afgh_rock010.fmdl</containerEntry>
        </property>
        <property name="geomFile" type="FilePtr" container="StaticArray" arraySize="1">
          <containerEntry>/Assets/tpp/environ/object/afghanistan/rock/afgh_rock010/scenes/afgh_rock010.geom</containerEntry>
        </property>
        <property name="isVisibleGeom" type="Bool" container="StaticArray" arraySize="1">
          <containerEntry>false</containerEntry>
        </property>
        <property name="lodFarSize" type="Float" container="StaticArray" arraySize="1">
          <containerEntry>-1</containerEntry>
        </property>
        <property name="lodNearSize" type="Float" container="StaticArray" arraySize="1">
          <containerEntry>-1</containerEntry>
        </property>
        <property name="lodPolygonSize" type="Float" container="StaticArray" arraySize="1">
          <containerEntry>-1</containerEntry>
        </property>
        <property name="drawRejectionLevel" type="Int32" container="StaticArray" arraySize="1">
          <containerEntry>8</containerEntry>
        </property>
        <property name="drawMode" type="Int32" container="StaticArray" arraySize="1">
          <containerEntry>0</containerEntry>
        </property>
        <property name="rejectFarRangeShadowCast" type="Int32" container="StaticArray" arraySize="1">
          <containerEntry>2</containerEntry>
        </property>
        <property name="parentLocator" type="EntityLink" container="StaticArray" arraySize="1">
          <containerEntry packagePathHash="0xB8A0BF169F98" archivePathHash="0xB8A0BF169F98" nameInArchiveHash="0xB8A0BF169F98">0x0</containerEntry>
        </property>
        <property name="transforms" type="Matrix4" container="DynamicArray" arraySize="5">
          <containerEntry r11="-0.72910774" r12="0.3404585" r13="0.593706" r14="0" r21="0.23041356" r22="0.93895704" r23="-0.25547844" r24="0" r31="-0.6444442" r32="-0.049473666" r33="-0.76304704" r34="0" r41="1154.0258" r42="319.5866" r43="1605.3517" r44="1"></containerEntry>
          <containerEntry r11="0.13805783" r12="-0.14971246" r13="0.97904277" r14="0" r21="-0.075824946" r22="0.9840105" r23="0.16116422" r24="0" r31="-0.98751664" r32="-0.09648579" r33="0.12449843" r34="0" r41="1183.9531" r42="315.68945" r43="1654.2518" r44="1"></containerEntry>
          <containerEntry r11="0.573633" r12="-0.022253666" r13="0.81880903" r14="0" r21="-0.00950418" r22="0.9993828" r23="0.033819582" r24="0" r31="-0.8190563" r32="-0.027182125" r33="0.5730674" r34="0" r41="1189.4078" r42="308.799" r43="1574.0076" r44="1"></containerEntry>
          <containerEntry r11="0.18509541" r12="-0.043639407" r13="1.3415866" r14="0" r21="-0.0128794005" r22="1.3541636" r23="0.045825355" r24="0" r31="-1.3422344" r32="-0.019011678" r33="0.18456636" r34="0" r41="1215.3138" r42="319.12415" r43="1585.3857" r44="1"></containerEntry>
          <containerEntry r11="-1.2794683" r12="0.0029257273" r13="-0.44606036" r14="0" r21="-0.012879915" r22="1.3541636" r23="0.045826465" r24="0" r31="0.44588396" r32="0.047512073" r33="-1.2786506" r34="0" r41="1239.686" r42="319.50348" r43="1623.8574" r44="1"></containerEntry>
        </property>
        <property name="colors" type="UInt32" container="DynamicArray" arraySize="5">
          <containerEntry>4294967295</containerEntry>
          <containerEntry>4294967295</containerEntry>
          <containerEntry>4294967295</containerEntry>
          <containerEntry>4294967295</containerEntry>
          <containerEntry>4294967295</containerEntry>
        </property>
      </staticProperties>
      <dynamicProperties></dynamicProperties>
    </entity>
    <entity class="StaticModelArray" classVersion="4" classID="0xD0" addr="0x317B8B0" id="0x0">
      <staticProperties>
        <property name="name" type="String" container="StaticArray" arraySize="1">
          <containerEntry>StaticModelArray0003</containerEntry>
        </property>
        <property name="dataSet" type="EntityHandle" container="StaticArray" arraySize="1">
          <containerEntry>0x32E2A80</containerEntry>
        </property>
        <property name="modelFile" type="FilePtr" container="StaticArray" arraySize="1">
          <containerEntry>/Assets/tpp/environ/object/afghanistan/rock/afgh_rock001/scenes/afgh_rock001.fmdl</containerEntry>
        </property>
        <property name="geomFile" type="FilePtr" container="StaticArray" arraySize="1">
          <containerEntry>/Assets/tpp/environ/object/afghanistan/rock/afgh_rock001/scenes/afgh_rock001.geom</containerEntry>
        </property>
        <property name="isVisibleGeom" type="Bool" container="StaticArray" arraySize="1">
          <containerEntry>false</containerEntry>
        </property>
        <property name="lodFarSize" type="Float" container="StaticArray" arraySize="1">
          <containerEntry>50</containerEntry>
        </property>
        <property name="lodNearSize" type="Float" container="StaticArray" arraySize="1">
          <containerEntry>400</containerEntry>
        </property>
        <property name="lodPolygonSize" type="Float" container="StaticArray" arraySize="1">
          <containerEntry>-1</containerEntry>
        </property>
        <property name="drawRejectionLevel" type="Int32" container="StaticArray" arraySize="1">
          <containerEntry>5</containerEntry>
        </property>
        <property name="drawMode" type="Int32" container="StaticArray" arraySize="1">
          <containerEntry>0</containerEntry>
        </property>
        <property name="rejectFarRangeShadowCast" type="Int32" container="StaticArray" arraySize="1">
          <containerEntry>2</containerEntry>
        </property>
        <property name="parentLocator" type="EntityLink" container="StaticArray" arraySize="1">
          <containerEntry packagePathHash="0xB8A0BF169F98" archivePathHash="0xB8A0BF169F98" nameInArchiveHash="0xB8A0BF169F98">0x0</containerEntry>
        </property>
        <property name="transforms" type="Matrix4" container="DynamicArray" arraySize="12">
          <containerEntry r11="-0.71240914" r12="-0.2798316" r13="0.64355224" r14="0" r21="-0.2993837" r22="0.95060873" r23="0.08192854" r24="0" r31="-0.6346925" r32="-0.13430254" r33="-0.7609993" r34="0" r41="1179.0927" r42="309.23175" r43="1591.9788" r44="1"></containerEntry>
          <containerEntry r11="-0.93839526" r12="-0.014785148" r13="-0.34523696" r14="0" r21="-0.12146103" r22="0.9494447" r23="0.2894853" r24="0" r31="0.32350326" r32="0.3135856" r33="-0.8927501" r34="0" r41="1167.1823" r42="309.8502" r43="1570.6057" r44="1"></containerEntry>
          <containerEntry r11="0.92950845" r12="-0.26637697" r13="-0.25506282" r14="0" r21="0.28036994" r22="0.95969445" r23="0.019468538" r24="0" r31="0.23959635" r32="-0.0896083" r33="0.9667284" r34="0" r41="1154.1455" r42="313.54776" r43="1564.6332" r44="1"></containerEntry>
          <containerEntry r11="-0.88008267" r12="-0.038683567" r13="-0.47323808" r14="0" r21="-0.031772275" r22="-0.989642" r23="0.13998279" r24="0" r31="-0.4737523" r32="0.13823256" r33="0.8697415" r34="0" r41="1178.9824" r42="311.79535" r43="1600.8651" r44="1"></containerEntry>
          <containerEntry r11="0.7099994" r12="-0.033241063" r13="-0.70341647" r14="0" r21="-0.32580644" r22="0.87004143" r23="-0.36996967" r24="0" r31="0.6242995" r32="0.4918561" r33="0.6068988" r34="0" r41="1180.2756" r42="316.18" r43="1641.8815" r44="1"></containerEntry>
          <containerEntry r11="0.7099994" r12="-0.033241063" r13="-0.70341647" r14="0" r21="-0.32580644" r22="0.87004143" r23="-0.36996967" r24="0" r31="0.6242995" r32="0.4918561" r33="0.6068988" r34="0" r41="1185.8035" r42="315.84085" r43="1630.6372" r44="1"></containerEntry>
          <containerEntry r11="-0.121231735" r12="-0.27320296" r13="-0.9542858" r14="0" r21="-0.15659489" r22="-0.9440734" r23="0.29017326" r24="0" r31="-0.98019344" r32="0.18461484" r33="0.07167111" r34="0" r41="1195.1295" r42="313.8564" r43="1632.6195" r44="1"></containerEntry>
          <containerEntry r11="-0.89103687" r12="-0.027537972" r13="-0.45308873" r14="0" r21="-0.03988409" r22="-0.98954505" r23="0.1385785" r24="0" r31="-0.4521692" r32="0.14155" r33="0.8806283" r34="0" r41="1168.828" r42="316.72095" r43="1606.6909" r44="1"></containerEntry>
          <containerEntry r11="0.87483895" r12="0.48441374" r13="0" r14="0" r21="-0.48441374" r22="0.87483895" r23="0" r24="0" r31="0" r32="0" r33="1" r34="0" r41="1196" r42="319.48618" r43="1550" r44="1"></containerEntry>
          <containerEntry r11="0.49680257" r12="0.021318078" r13="0.86760014" r14="0" r21="0.4143339" r22="0.8725848" r23="-0.25869375" r24="0" r31="-0.76256925" r32="0.48799652" r33="0.4246697" r34="0" r41="1191.7383" r42="317.93936" r43="1655.4674" r44="1"></containerEntry>
          <containerEntry r11="0.29978228" r12="-0.17350687" r13="-0.9380945" r14="0" r21="0.113754146" r22="-0.9697992" r23="0.21572293" r24="0" r31="-0.947199" r32="-0.1713819" r33="-0.27098686" r34="0" r41="1205.2229" r42="316.2265" r43="1653.4004" r44="1"></containerEntry>
          <containerEntry r11="-0.71240914" r12="-0.2798316" r13="0.64355224" r14="0" r21="-0.2993837" r22="0.95060873" r23="0.08192854" r24="0" r31="-0.6346925" r32="-0.13430254" r33="-0.7609993" r34="0" r41="1166.756" r42="314.56348" r43="1589.6967" r44="1"></containerEntry>
        </property>
        <property name="colors" type="UInt32" container="DynamicArray" arraySize="12">
          <containerEntry>4294967295</containerEntry>
          <containerEntry>4294967295</containerEntry>
          <containerEntry>4294967295</containerEntry>
          <containerEntry>4294967295</containerEntry>
          <containerEntry>4294967295</containerEntry>
          <containerEntry>4294967295</containerEntry>
          <containerEntry>4294967295</containerEntry>
          <containerEntry>4294967295</containerEntry>
          <containerEntry>4294967295</containerEntry>
          <containerEntry>4294967295</containerEntry>
          <containerEntry>4294967295</containerEntry>
          <containerEntry>4294967295</containerEntry>
        </property>
      </staticProperties>
      <dynamicProperties></dynamicProperties>
    </entity>
    <entity class="StaticModelArray" classVersion="4" classID="0xD0" addr="0x317B840" id="0x0">
      <staticProperties>
        <property name="name" type="String" container="StaticArray" arraySize="1">
          <containerEntry>StaticModelArray0004</containerEntry>
        </property>
        <property name="dataSet" type="EntityHandle" container="StaticArray" arraySize="1">
          <containerEntry>0x32E2A80</containerEntry>
        </property>
        <property name="modelFile" type="FilePtr" container="StaticArray" arraySize="1">
          <containerEntry>/Assets/tpp/environ/object/afghanistan/cliff/afgh_clff022/scenes/afgh_clff022_vrtn001.fmdl</containerEntry>
        </property>
        <property name="geomFile" type="FilePtr" container="StaticArray" arraySize="1">
          <containerEntry>/Assets/tpp/environ/object/afghanistan/cliff/afgh_clff022/scenes/afgh_clff022_vrtn001.geom</containerEntry>
        </property>
        <property name="isVisibleGeom" type="Bool" container="StaticArray" arraySize="1">
          <containerEntry>false</containerEntry>
        </property>
        <property name="lodFarSize" type="Float" container="StaticArray" arraySize="1">
          <containerEntry>-1</containerEntry>
        </property>
        <property name="lodNearSize" type="Float" container="StaticArray" arraySize="1">
          <containerEntry>-1</containerEntry>
        </property>
        <property name="lodPolygonSize" type="Float" container="StaticArray" arraySize="1">
          <containerEntry>-1</containerEntry>
        </property>
        <property name="drawRejectionLevel" type="Int32" container="StaticArray" arraySize="1">
          <containerEntry>8</containerEntry>
        </property>
        <property name="drawMode" type="Int32" container="StaticArray" arraySize="1">
          <containerEntry>0</containerEntry>
        </property>
        <property name="rejectFarRangeShadowCast" type="Int32" container="StaticArray" arraySize="1">
          <containerEntry>2</containerEntry>
        </property>
        <property name="parentLocator" type="EntityLink" container="StaticArray" arraySize="1">
          <containerEntry packagePathHash="0xB8A0BF169F98" archivePathHash="0xB8A0BF169F98" nameInArchiveHash="0xB8A0BF169F98">0x0</containerEntry>
        </property>
        <property name="transforms" type="Matrix4" container="DynamicArray" arraySize="9">
          <containerEntry r11="-0.9370914" r12="0" r13="-0.8272593" r14="0" r21="0" r22="1.25" r23="0" r24="0" r31="0.8272593" r32="0" r33="-0.9370914" r34="0" r41="1247.909" r42="348.13626" r43="1562.0042" r44="1"></containerEntry>
          <containerEntry r11="0.62701464" r12="0" r13="0.77900714" r14="0" r21="0" r22="1" r23="0" r24="0" r31="-0.77900714" r32="0" r33="0.62701464" r34="0" r41="1195.1033" r42="323.7983" r43="1547.4464" r44="1"></containerEntry>
          <containerEntry r11="0.90426713" r12="0" r13="-0.42696702" r14="0" r21="0" r22="1" r23="0" r24="0" r31="0.42696702" r32="0" r33="0.90426713" r34="0" r41="1253.211" r42="324.7521" r43="1653.6569" r44="1"></containerEntry>
          <containerEntry r11="0.70320344" r12="0" r13="-0.7109882" r14="0" r21="0" r22="1" r23="0" r24="0" r31="0.7109882" r32="0" r33="0.70320344" r34="0" r41="1268.2903" r42="330.75916" r43="1654.5833" r44="1"></containerEntry>
          <containerEntry r11="0.90426713" r12="0" r13="-0.42696702" r14="0" r21="0" r22="1" r23="0" r24="0" r31="0.42696702" r32="0" r33="0.90426713" r34="0" r41="1252.6952" r42="335.701" r43="1625.2197" r44="1"></containerEntry>
          <containerEntry r11="0.4426533" r12="-0.10098587" r13="-1.1646281" r14="0" r21="0.12638336" r22="1.242162" r23="-0.05967296" r24="0" r31="1.1621463" r32="-0.096620254" r33="0.45008808" r34="0" r41="1269.6018" r42="350.78525" r43="1609.3069" r44="1"></containerEntry>
          <containerEntry r11="0.70320344" r12="0" r13="-0.7109882" r14="0" r21="0" r22="1" r23="0" r24="0" r31="0.7109882" r32="0" r33="0.70320344" r34="0" r41="1207.3275" r42="332.86554" r43="1539.5388" r44="1"></containerEntry>
          <containerEntry r11="0.90426713" r12="0" r13="-0.42696702" r14="0" r21="0" r22="1" r23="0" r24="0" r31="0.42696702" r32="0" r33="0.90426713" r34="0" r41="1222.9324" r42="332.6609" r43="1584.494" r44="1"></containerEntry>
          <containerEntry r11="-0.48721564" r12="0" r13="0.8732802" r14="0" r21="0" r22="1" r23="0" r24="0" r31="-0.8732802" r32="0" r33="-0.48721564" r34="0" r41="1204.3202" r42="329.07144" r43="1553.7881" r44="1"></containerEntry>
        </property>
        <property name="colors" type="UInt32" container="DynamicArray" arraySize="9">
          <containerEntry>4294967295</containerEntry>
          <containerEntry>4294967295</containerEntry>
          <containerEntry>4294967295</containerEntry>
          <containerEntry>4294967295</containerEntry>
          <containerEntry>4294967295</containerEntry>
          <containerEntry>4294967295</containerEntry>
          <containerEntry>4294967295</containerEntry>
          <containerEntry>4294967295</containerEntry>
          <containerEntry>4294967295</containerEntry>
        </property>
      </staticProperties>
      <dynamicProperties></dynamicProperties>
    </entity>
    <entity class="StaticModelArray" classVersion="4" classID="0xD0" addr="0x317B370" id="0x0">
      <staticProperties>
        <property name="name" type="String" container="StaticArray" arraySize="1">
          <containerEntry>StaticModelArray0005</containerEntry>
        </property>
        <property name="dataSet" type="EntityHandle" container="StaticArray" arraySize="1">
          <containerEntry>0x32E2A80</containerEntry>
        </property>
        <property name="modelFile" type="FilePtr" container="StaticArray" arraySize="1">
          <containerEntry>/Assets/tpp/environ/object/afghanistan/rock/afgh_rock010/scenes/afgh_rock010_vrtn001.fmdl</containerEntry>
        </property>
        <property name="geomFile" type="FilePtr" container="StaticArray" arraySize="1">
          <containerEntry>/Assets/tpp/environ/object/afghanistan/rock/afgh_rock010/scenes/afgh_rock010_vrtn001.geom</containerEntry>
        </property>
        <property name="isVisibleGeom" type="Bool" container="StaticArray" arraySize="1">
          <containerEntry>false</containerEntry>
        </property>
        <property name="lodFarSize" type="Float" container="StaticArray" arraySize="1">
          <containerEntry>-1</containerEntry>
        </property>
        <property name="lodNearSize" type="Float" container="StaticArray" arraySize="1">
          <containerEntry>-1</containerEntry>
        </property>
        <property name="lodPolygonSize" type="Float" container="StaticArray" arraySize="1">
          <containerEntry>-1</containerEntry>
        </property>
        <property name="drawRejectionLevel" type="Int32" container="StaticArray" arraySize="1">
          <containerEntry>8</containerEntry>
        </property>
        <property name="drawMode" type="Int32" container="StaticArray" arraySize="1">
          <containerEntry>0</containerEntry>
        </property>
        <property name="rejectFarRangeShadowCast" type="Int32" container="StaticArray" arraySize="1">
          <containerEntry>2</containerEntry>
        </property>
        <property name="parentLocator" type="EntityLink" container="StaticArray" arraySize="1">
          <containerEntry packagePathHash="0xB8A0BF169F98" archivePathHash="0xB8A0BF169F98" nameInArchiveHash="0xB8A0BF169F98">0x0</containerEntry>
        </property>
        <property name="transforms" type="Matrix4" container="DynamicArray" arraySize="2">
          <containerEntry r11="0.63698035" r12="-0.031442013" r13="-0.7702384" r14="0" r21="0.030110424" r22="0.9994201" r23="-0.015896419" r24="0" r31="0.77029157" r32="-0.013066506" r33="0.63755774" r34="0" r41="1207.2476" r42="312.42932" r43="1644.6989" r44="1"></containerEntry>
          <containerEntry r11="-0.9510843" r12="0.03353926" r13="0.30710357" r14="0" r21="0.030110786" r22="0.9994201" r23="-0.015896592" r24="0" r31="-0.30745864" r32="-0.005871876" r33="-0.95154274" r34="0" r41="1213.2146" r42="312.00052" r43="1651.8965" r44="1"></containerEntry>
        </property>
        <property name="colors" type="UInt32" container="DynamicArray" arraySize="2">
          <containerEntry>4294967295</containerEntry>
          <containerEntry>4294967295</containerEntry>
        </property>
      </staticProperties>
      <dynamicProperties></dynamicProperties>
    </entity>
    <entity class="TexturePackLoadConditioner" classVersion="0" classID="0x48" addr="0x317BED0" id="0x0">
      <staticProperties>
        <property name="name" type="String" container="StaticArray" arraySize="1">
          <containerEntry>TexturePackLoadConditioner0000</containerEntry>
        </property>
        <property name="dataSet" type="EntityHandle" container="StaticArray" arraySize="1">
          <containerEntry>0x32E2A80</containerEntry>
        </property>
        <property name="texturePackPath" type="Path" container="StaticArray" arraySize="1">
          <containerEntry hash="0xB8A0BF169F98"></containerEntry>
        </property>
      </staticProperties>
      <dynamicProperties></dynamicProperties>
    </entity>
  </entities>
</fox>