<fox formatVersion="2" fileVersion="0">
  <entities>
    <entity class="DataSet" classVersion="0" classID="0xE8" addr="0x2F52D90" id="0x1B2BD5">
      <staticProperties>
        <property name="name" type="String" container="StaticArray" arraySize="1">
          <containerEntry hash="0xB8A0BF169F98"></containerEntry>
        </property>
        <property name="dataSet" type="EntityHandle" container="StaticArray" arraySize="1">
          <containerEntry>0x0</containerEntry>
        </property>
        <property name="dataList" type="EntityPtr" container="StringMap" arraySize="12">
          <containerEntry key="afgh_clff013_0002">
            <data>0x2D79F50</data>
          </containerEntry>
          <containerEntry key="afgh_clff013_0006">
            <data>0x2D7B4C0</data>
          </containerEntry>
          <containerEntry key="StaticModelArray0000">
            <data>0x2F52700</data>
          </containerEntry>
          <containerEntry key="StaticModelArray0001">
            <data>0x2F513C0</data>
          </containerEntry>
          <containerEntry key="StaticModelArray0002">
            <data>0x2F515F0</data>
          </containerEntry>
          <containerEntry key="StaticModelArray0003">
            <data>0x2F51190</data>
          </containerEntry>
          <containerEntry key="StaticModelArray0004">
            <data>0x2D7A340</data>
          </containerEntry>
          <containerEntry key="StaticModelArray0005">
            <data>0x2F510B0</data>
          </containerEntry>
          <containerEntry key="StaticModelArray0006">
            <data>0x2F51040</data>
          </containerEntry>
          <containerEntry key="StaticModelArray0007">
            <data>0x2F51120</data>
          </containerEntry>
          <containerEntry key="OccluderArray0000">
            <data>0x2F51C80</data>
          </containerEntry>
          <containerEntry key="TexturePackLoadConditioner0000">
            <data>0x2F520E0</data>
          </containerEntry>
        </property>
      </staticProperties>
      <dynamicProperties></dynamicProperties>
    </entity>
    <entity class="StaticModel" classVersion="9" classID="0x160" addr="0x2D79F50" id="0x1B2E43">
      <staticProperties>
        <property name="name" type="String" container="StaticArray" arraySize="1">
          <containerEntry>afgh_clff013_0002</containerEntry>
        </property>
        <property name="dataSet" type="EntityHandle" container="StaticArray" arraySize="1">
          <containerEntry>0x2F52D90</containerEntry>
        </property>
        <property name="parent" type="EntityHandle" container="StaticArray" arraySize="1">
          <containerEntry>0x0</containerEntry>
        </property>
        <property name="transform" type="EntityPtr" container="StaticArray" arraySize="1">
          <containerEntry>0x2D79FC0</containerEntry>
        </property>
        <property name="shearTransform" type="EntityPtr" container="StaticArray" arraySize="1">
          <containerEntry>0x0</containerEntry>
        </property>
        <property name="pivotTransform" type="EntityPtr" container="StaticArray" arraySize="1">
          <containerEntry>0x0</containerEntry>
        </property>
        <property name="children" type="EntityHandle" container="List"></property>
        <property name="flags" type="UInt32" container="StaticArray" arraySize="1">
          <containerEntry>7</containerEntry>
        </property>
        <property name="modelFile" type="FilePtr" container="StaticArray" arraySize="1">
          <containerEntry>/Assets/tpp/environ/object/afghanistan/cliff/afgh_clff013/scenes/afgh_clff013.fmdl</containerEntry>
        </property>
        <property name="geomFile" type="FilePtr" container="StaticArray" arraySize="1">
          <containerEntry>/Assets/tpp/environ/object/afghanistan/cliff/afgh_clff013/scenes/afgh_clff013.geom</containerEntry>
        </property>
        <property name="isVisibleGeom" type="Bool" container="StaticArray" arraySize="1">
          <containerEntry>false</containerEntry>
        </property>
        <property name="isIsolated" type="Bool" container="StaticArray" arraySize="1">
          <containerEntry>false</containerEntry>
        </property>
        <property name="lodFarSize" type="Float" container="StaticArray" arraySize="1">
          <containerEntry>-1</containerEntry>
        </property>
        <property name="lodNearSize" type="Float" container="StaticArray" arraySize="1">
          <containerEntry>-1</containerEntry>
        </property>
        <property name="lodPolygonSize" type="Float" container="StaticArray" arraySize="1">
          <containerEntry>-1</containerEntry>
        </property>
        <property name="color" type="Color" container="StaticArray" arraySize="1">
          <containerEntry r="1" g="1" b="1" a="1"></containerEntry>
        </property>
        <property name="drawRejectionLevel" type="Int32" container="StaticArray" arraySize="1">
          <containerEntry>8</containerEntry>
        </property>
        <property name="drawMode" type="Int32" container="StaticArray" arraySize="1">
          <containerEntry>0</containerEntry>
        </property>
        <property name="rejectFarRangeShadowCast" type="Int32" container="StaticArray" arraySize="1">
          <containerEntry>2</containerEntry>
        </property>
      </staticProperties>
      <dynamicProperties></dynamicProperties>
    </entity>
    <entity class="TransformEntity" classVersion="0" classID="0x50" addr="0x2D79FC0" id="0x1B2E46">
      <staticProperties>
        <property name="owner" type="EntityHandle" container="StaticArray" arraySize="1">
          <containerEntry>0x2D79F50</containerEntry>
        </property>
        <property name="transform_scale" type="Vector3" container="StaticArray" arraySize="1">
          <containerEntry x="1" y="1" z="1" w="0"></containerEntry>
        </property>
        <property name="transform_rotation_quat" type="Quat" container="StaticArray" arraySize="1">
          <containerEntry x="-0.006295" y="-0.344627" z="-0.02645" w="0.938345"></containerEntry>
        </property>
        <property name="transform_translation" type="Vector3" container="StaticArray" arraySize="1">
          <containerEntry x="1516.3291" y="316.4761" z="1633.6586" w="0"></containerEntry>
        </property>
      </staticProperties>
      <dynamicProperties></dynamicProperties>
    </entity>
    <entity class="StaticModel" classVersion="9" classID="0x160" addr="0x2D7B4C0" id="0x1B2EB4">
      <staticProperties>
        <property name="name" type="String" container="StaticArray" arraySize="1">
          <containerEntry>afgh_clff013_0006</containerEntry>
        </property>
        <property name="dataSet" type="EntityHandle" container="StaticArray" arraySize="1">
          <containerEntry>0x2F52D90</containerEntry>
        </property>
        <property name="parent" type="EntityHandle" container="StaticArray" arraySize="1">
          <containerEntry>0x0</containerEntry>
        </property>
        <property name="transform" type="EntityPtr" container="StaticArray" arraySize="1">
          <containerEntry>0x2D7B530</containerEntry>
        </property>
        <property name="shearTransform" type="EntityPtr" container="StaticArray" arraySize="1">
          <containerEntry>0x0</containerEntry>
        </property>
        <property name="pivotTransform" type="EntityPtr" container="StaticArray" arraySize="1">
          <containerEntry>0x0</containerEntry>
        </property>
        <property name="children" type="EntityHandle" container="List"></property>
        <property name="flags" type="UInt32" container="StaticArray" arraySize="1">
          <containerEntry>7</containerEntry>
        </property>
        <property name="modelFile" type="FilePtr" container="StaticArray" arraySize="1">
          <containerEntry>/Assets/tpp/environ/object/afghanistan/cliff/afgh_clff013/scenes/afgh_clff013.fmdl</containerEntry>
        </property>
        <property name="geomFile" type="FilePtr" container="StaticArray" arraySize="1">
          <containerEntry>/Assets/tpp/environ/object/afghanistan/cliff/afgh_clff013/scenes/afgh_clff013.geom</containerEntry>
        </property>
        <property name="isVisibleGeom" type="Bool" container="StaticArray" arraySize="1">
          <containerEntry>false</containerEntry>
        </property>
        <property name="isIsolated" type="Bool" container="StaticArray" arraySize="1">
          <containerEntry>false</containerEntry>
        </property>
        <property name="lodFarSize" type="Float" container="StaticArray" arraySize="1">
          <containerEntry>50</containerEntry>
        </property>
        <property name="lodNearSize" type="Float" container="StaticArray" arraySize="1">
          <containerEntry>400</containerEntry>
        </property>
        <property name="lodPolygonSize" type="Float" container="StaticArray" arraySize="1">
          <containerEntry>-1</containerEntry>
        </property>
        <property name="color" type="Color" container="StaticArray" arraySize="1">
          <containerEntry r="1" g="1" b="1" a="1"></containerEntry>
        </property>
        <property name="drawRejectionLevel" type="Int32" container="StaticArray" arraySize="1">
          <containerEntry>8</containerEntry>
        </property>
        <property name="drawMode" type="Int32" container="StaticArray" arraySize="1">
          <containerEntry>0</containerEntry>
        </property>
        <property name="rejectFarRangeShadowCast" type="Int32" container="StaticArray" arraySize="1">
          <containerEntry>2</containerEntry>
        </property>
      </staticProperties>
      <dynamicProperties></dynamicProperties>
    </entity>
    <entity class="TransformEntity" classVersion="0" classID="0x50" addr="0x2D7B530" id="0x1B2EB7">
      <staticProperties>
        <property name="owner" type="EntityHandle" container="StaticArray" arraySize="1">
          <containerEntry>0x2D7B4C0</containerEntry>
        </property>
        <property name="transform_scale" type="Vector3" container="StaticArray" arraySize="1">
          <containerEntry x="1" y="1" z="1" w="0"></containerEntry>
        </property>
        <property name="transform_rotation_quat" type="Quat" container="StaticArray" arraySize="1">
          <containerEntry x="-0.023422" y="-0.450443" z="-0.006918" w="0.892471"></containerEntry>
        </property>
        <property name="transform_translation" type="Vector3" container="StaticArray" arraySize="1">
          <containerEntry x="1528.2231" y="329.36868" z="1608.7618" w="0"></containerEntry>
        </property>
      </staticProperties>
      <dynamicProperties></dynamicProperties>
    </entity>
    <entity class="StaticModelArray" classVersion="4" classID="0xD0" addr="0x2F52700" id="0x0">
      <staticProperties>
        <property name="name" type="String" container="StaticArray" arraySize="1">
          <containerEntry>StaticModelArray0000</containerEntry>
        </property>
        <property name="dataSet" type="EntityHandle" container="StaticArray" arraySize="1">
          <containerEntry>0x2F52D90</containerEntry>
        </property>
        <property name="modelFile" type="FilePtr" container="StaticArray" arraySize="1">
          <containerEntry>/Assets/tpp/environ/object/afghanistan/cliff/afgh_clff022/scenes/afgh_clff022_vrtn001.fmdl</containerEntry>
        </property>
        <property name="geomFile" type="FilePtr" container="StaticArray" arraySize="1">
          <containerEntry>/Assets/tpp/environ/object/afghanistan/cliff/afgh_clff022/scenes/afgh_clff022_vrtn001.geom</containerEntry>
        </property>
        <property name="isVisibleGeom" type="Bool" container="StaticArray" arraySize="1">
          <containerEntry>false</containerEntry>
        </property>
        <property name="lodFarSize" type="Float" container="StaticArray" arraySize="1">
          <containerEntry>-1</containerEntry>
        </property>
        <property name="lodNearSize" type="Float" container="StaticArray" arraySize="1">
          <containerEntry>-1</containerEntry>
        </property>
        <property name="lodPolygonSize" type="Float" container="StaticArray" arraySize="1">
          <containerEntry>-1</containerEntry>
        </property>
        <property name="drawRejectionLevel" type="Int32" container="StaticArray" arraySize="1">
          <containerEntry>8</containerEntry>
        </property>
        <property name="drawMode" type="Int32" container="StaticArray" arraySize="1">
          <containerEntry>0</containerEntry>
        </property>
        <property name="rejectFarRangeShadowCast" type="Int32" container="StaticArray" arraySize="1">
          <containerEntry>2</containerEntry>
        </property>
        <property name="parentLocator" type="EntityLink" container="StaticArray" arraySize="1">
          <containerEntry packagePathHash="0xB8A0BF169F98" archivePathHash="0xB8A0BF169F98" nameInArchiveHash="0xB8A0BF169F98">0x0</containerEntry>
        </property>
        <property name="transforms" type="Matrix4" container="DynamicArray" arraySize="8">
          <containerEntry r11="0.5949857" r12="0" r13="1.0305774" r14="0" r21="0" r22="1.19" r23="0" r24="0" r31="-1.0305774" r32="0" r33="0.5949857" r34="0" r41="1428.6658" r42="340.35144" r43="1549.3971" r44="1"></containerEntry>
          <containerEntry r11="0.94410807" r12="0" r13="0.7244024" r14="0" r21="0" r22="1.19" r23="0" r24="0" r31="-0.7244024" r32="0" r33="0.94410807" r34="0" r41="1436.7354" r42="340.86053" r43="1556.6337" r44="1"></containerEntry>
          <containerEntry r11="1.1854696" r12="0" r13="0.10374055" r14="0" r21="0" r22="1.19" r23="0" r24="0" r31="-0.10374055" r32="0" r33="1.1854696" r34="0" r41="1416.002" r42="353.026" r43="1589.122" r44="1"></containerEntry>
          <containerEntry r11="-0.59502727" r12="0" r13="1.0305533" r14="0" r21="0" r22="1.19" r23="0" r24="0" r31="-1.0305533" r32="0" r33="-0.59502727" r34="0" r41="1431.533" r42="352.985" r43="1616.013" r44="1"></containerEntry>
          <containerEntry r11="0.63936543" r12="0" r13="1.0036497" r14="0" r21="0" r22="1.19" r23="0" r24="0" r31="-1.0036497" r32="0" r33="0.63936543" r34="0" r41="1439.185" r42="352.57" r43="1624.346" r44="1"></containerEntry>
          <containerEntry r11="-0.5705634" r12="0" r13="-1.0442952" r14="0" r21="0" r22="1.19" r23="0" r24="0" r31="1.0442952" r32="0" r33="-0.5705634" r34="0" r41="1460.4429" r42="339.96335" r43="1621.9617" r44="1"></containerEntry>
          <containerEntry r11="1.1888617" r12="0" r13="-0.05203573" r14="0" r21="0" r22="1.19" r23="0" r24="0" r31="0.05203573" r32="0" r33="1.1888617" r34="0" r41="1457.318" r42="342.2467" r43="1588.027" r44="1"></containerEntry>
          <containerEntry r11="-0.051989786" r12="0" r13="-1.1888623" r14="0" r21="0" r22="1.19" r23="0" r24="0" r31="1.1888623" r32="0" r33="-0.051989786" r34="0" r41="1459.693" r42="341.20673" r43="1590.918" r44="1"></containerEntry>
        </property>
        <property name="colors" type="UInt32" container="DynamicArray" arraySize="8">
          <containerEntry>4294967295</containerEntry>
          <containerEntry>4294967295</containerEntry>
          <containerEntry>4294967295</containerEntry>
          <containerEntry>4294967295</containerEntry>
          <containerEntry>4294967295</containerEntry>
          <containerEntry>4294967295</containerEntry>
          <containerEntry>4294967295</containerEntry>
          <containerEntry>4294967295</containerEntry>
        </property>
      </staticProperties>
      <dynamicProperties></dynamicProperties>
    </entity>
    <entity class="StaticModelArray" classVersion="4" classID="0xD0" addr="0x2F513C0" id="0x0">
      <staticProperties>
        <property name="name" type="String" container="StaticArray" arraySize="1">
          <containerEntry>StaticModelArray0001</containerEntry>
        </property>
        <property name="dataSet" type="EntityHandle" container="StaticArray" arraySize="1">
          <containerEntry>0x2F52D90</containerEntry>
        </property>
        <property name="modelFile" type="FilePtr" container="StaticArray" arraySize="1">
          <containerEntry>/Assets/tpp/environ/object/afghanistan/rock/afgh_rock009/scenes/afgh_rock009_rock001.fmdl</containerEntry>
        </property>
        <property name="geomFile" type="FilePtr" container="StaticArray" arraySize="1">
          <containerEntry>/Assets/tpp/environ/object/afghanistan/rock/afgh_rock009/scenes/afgh_rock009_rock001.geom</containerEntry>
        </property>
        <property name="isVisibleGeom" type="Bool" container="StaticArray" arraySize="1">
          <containerEntry>false</containerEntry>
        </property>
        <property name="lodFarSize" type="Float" container="StaticArray" arraySize="1">
          <containerEntry>-1</containerEntry>
        </property>
        <property name="lodNearSize" type="Float" container="StaticArray" arraySize="1">
          <containerEntry>-1</containerEntry>
        </property>
        <property name="lodPolygonSize" type="Float" container="StaticArray" arraySize="1">
          <containerEntry>-1</containerEntry>
        </property>
        <property name="drawRejectionLevel" type="Int32" container="StaticArray" arraySize="1">
          <containerEntry>8</containerEntry>
        </property>
        <property name="drawMode" type="Int32" container="StaticArray" arraySize="1">
          <containerEntry>0</containerEntry>
        </property>
        <property name="rejectFarRangeShadowCast" type="Int32" container="StaticArray" arraySize="1">
          <containerEntry>2</containerEntry>
        </property>
        <property name="parentLocator" type="EntityLink" container="StaticArray" arraySize="1">
          <containerEntry packagePathHash="0xB8A0BF169F98" archivePathHash="0xB8A0BF169F98" nameInArchiveHash="0xB8A0BF169F98">0x0</containerEntry>
        </property>
        <property name="transforms" type="Matrix4" container="DynamicArray" arraySize="22">
          <containerEntry r11="0.6384393" r12="-0.5597212" r13="0.5283054" r14="0" r21="0.3610983" r22="0.8239966" r23="0.43662015" r24="0" r31="-0.67970765" r32="-0.08798483" r33="0.7281865" r34="0" r41="1428.684" r42="341.654" r43="1559.703" r44="1"></containerEntry>
          <containerEntry r11="-0.2855096" r12="-0.6815968" r13="0.67372334" r14="0" r21="-0.88922745" r22="0.4505872" r23="0.07901102" r24="0" r31="-0.35742393" r32="-0.5765362" r33="-0.7347413" r34="0" r41="1449.273" r42="325.457" r43="1540.837" r44="1"></containerEntry>
          <containerEntry r11="0.23637119" r12="-0.24323192" r13="-0.9407237" r14="0" r21="0.2241135" r22="0.95570433" r23="-0.19079326" r24="0" r31="0.94546074" r32="-0.16573219" r33="0.28041285" r34="0" r41="1464.943" r42="319.464" r43="1542.89" r44="1"></containerEntry>
          <containerEntry r11="0.5954112" r12="-0.12738167" r13="0.7932571" r14="0" r21="-0.27836317" r22="-0.95889604" r23="0.054955065" r24="0" r31="0.7536557" r32="-0.25353503" r33="-0.6063935" r34="0" r41="1465.5438" r42="326.90338" r43="1570.366" r44="1"></containerEntry>
          <containerEntry r11="0.67524034" r12="-0.26247627" r13="-0.6893141" r14="0" r21="0.33856058" r22="0.94057107" r23="-0.026501901" r24="0" r31="0.6553049" r32="-0.21548045" r33="0.72397614" r34="0" r41="1459.152" r42="328.775" r43="1570.469" r44="1"></containerEntry>
          <containerEntry r11="-0.70626354" r12="-0.4787467" r13="-0.5215182" r14="0" r21="0.7058491" r22="-0.419619" r23="-0.57068974" r24="0" r31="0.05437523" r32="-0.7711753" r33="0.6342944" r34="0" r41="1480.3785" r42="318.1911" r43="1551.7102" r44="1"></containerEntry>
          <containerEntry r11="-0.46232986" r12="0.18392466" r13="0.8674178" r14="0" r21="-0.49463755" r22="-0.8653892" r23="-0.08014621" r24="0" r31="0.73591816" r32="-0.46611315" r33="0.4910802" r34="0" r41="1471.0858" r42="330.86252" r43="1638.102" r44="1"></containerEntry>
          <containerEntry r11="-0.22463244" r12="-0.75022113" r13="-0.62185585" r14="0" r21="-0.21717149" r22="-0.58356917" r23="0.7824824" r24="0" r31="-0.9499332" r32="0.31082204" r33="-0.031835288" r34="0" r41="1491.1588" r42="321.5074" r43="1646.3524" r44="1"></containerEntry>
          <containerEntry r11="0.85098743" r12="-0.5043196" r13="-0.14656585" r14="0" r21="-0.50168484" r22="-0.6980593" r23="-0.51089996" r24="0" r31="0.1553452" r32="0.5082993" r33="-0.84704924" r34="0" r41="1500.6074" r42="317.40033" r43="1640.9885" r44="1"></containerEntry>
          <containerEntry r11="-0.14399934" r12="0.98855525" r13="-0.044846416" r14="0" r21="-0.6137503" r22="-0.053667933" r23="0.78766733" r24="0" r31="0.7762495" r32="0.1409527" r33="0.61446327" r34="0" r41="1477.925" r42="323.731" r43="1621.857" r44="1"></containerEntry>
          <containerEntry r11="-0.82253754" r12="-0.09391834" r13="0.5608838" r14="0" r21="-0.5495294" r22="0.385141" r23="-0.741402" r24="0" r31="-0.14638574" r32="-0.9180625" r33="-0.3683977" r34="0" r41="1472.624" r42="326.62747" r43="1613.8024" r44="1"></containerEntry>
          <containerEntry r11="0.35705316" r12="0.6891998" r13="-0.6304868" r14="0" r21="-0.12247768" r22="0.7036962" r23="0.6998639" r24="0" r31="0.92601794" r32="-0.17266682" r33="0.33566922" r34="0" r41="1527.7346" r42="316.63318" r43="1644.0488" r44="1"></containerEntry>
          <containerEntry r11="-0.28922072" r12="0.4976064" r13="0.8177573" r14="0" r21="0.26465976" r22="0.86254144" r23="-0.4312495" r24="0" r31="-0.91994256" r32="0.091699556" r33="-0.38116103" r34="0" r41="1533.62" r42="319.7109" r43="1637.2856" r44="1"></containerEntry>
          <containerEntry r11="-0.082624935" r12="0.9202367" r13="0.3825221" r14="0" r21="0.60257125" r22="0.35186535" r23="-0.71630305" r24="0" r31="-0.79376733" r32="0.1713087" r33="-0.58357996" r34="0" r41="1527.9259" r42="324.18152" r43="1628.005" r44="1"></containerEntry>
          <containerEntry r11="0.016437113" r12="-0.9930291" r13="-0.116704166" r14="0" r21="0.14735398" r22="-0.11303824" r23="0.9826015" r24="0" r31="-0.98894566" r32="-0.033346444" r33="0.14447072" r34="0" r41="1521.5707" r42="322.79416" r43="1623.9551" r44="1"></containerEntry>
          <containerEntry r11="0.33745998" r12="0.77400607" r13="-0.53575194" r14="0" r21="0.27564293" r22="0.46294516" r23="0.842436" r24="0" r31="0.9000758" r32="-0.43196303" r33="-0.057123303" r34="0" r41="1473.9841" r42="326.60077" r43="1605.3076" r44="1"></containerEntry>
          <containerEntry r11="0.62669885" r12="-0.37841862" r13="0.68120855" r14="0" r21="-0.21291076" r22="-0.92405546" r23="-0.3174522" r24="0" r31="0.74960977" r32="0.053909257" r33="-0.65967137" r34="0" r41="1471.423" r42="325.24878" r43="1569.873" r44="1"></containerEntry>
          <containerEntry r11="0.754457" r12="0.6557614" r13="0.027742269" r14="0" r21="-0.65300363" r22="0.7542034" r23="-0.06900376" r24="0" r31="-0.06617348" r32="0.033944424" r33="0.9972306" r34="0" r41="1467.8308" r42="332.40665" r43="1598.0367" r44="1"></containerEntry>
          <containerEntry r11="0.85585046" r12="0.40409786" r13="-0.32283717" r14="0" r21="0.40204203" r22="-0.9124304" r23="-0.0762809" r24="0" r31="-0.3253938" r32="-0.06450959" r33="-0.94336784" r34="0" r41="1457.803" r42="331.94284" r43="1576.3907" r44="1"></containerEntry>
          <containerEntry r11="-0.9757511" r12="-0.05324524" r13="0.21226558" r14="0" r21="-0.17328608" r22="-0.4043924" r23="-0.8980122" r24="0" r31="0.13365504" r32="-0.91302735" r33="0.38537228" r34="0" r41="1463.4482" r42="326.0016" r43="1561.1029" r44="1"></containerEntry>
          <containerEntry r11="-0.67543006" r12="0.12557347" r13="0.7266467" r14="0" r21="0.11024134" r22="0.9915156" r23="-0.06887396" r24="0" r31="-0.7291303" r32="0.033586856" r33="-0.6835428" r34="0" r41="1480.6804" r42="330.33145" r43="1582.4338" r44="1"></containerEntry>
          <containerEntry r11="-0.8391266" r12="0.11294709" r13="-0.532073" r14="0" r21="-0.5217609" r22="0.10927566" r23="0.8460618" r24="0" r31="0.15370202" r32="0.98757184" r33="-0.032761157" r34="0" r41="1476.1531" r42="327.05075" r43="1645.8711" r44="1"></containerEntry>
        </property>
        <property name="colors" type="UInt32" container="DynamicArray" arraySize="22">
          <containerEntry>4294967295</containerEntry>
          <containerEntry>4294967295</containerEntry>
          <containerEntry>4294967295</containerEntry>
          <containerEntry>4294967295</containerEntry>
          <containerEntry>4294967295</containerEntry>
          <containerEntry>4294967295</containerEntry>
          <containerEntry>4294967295</containerEntry>
          <containerEntry>4294967295</containerEntry>
          <containerEntry>4294967295</containerEntry>
          <containerEntry>4294967295</containerEntry>
          <containerEntry>4294967295</containerEntry>
          <containerEntry>4294967295</containerEntry>
          <containerEntry>4294967295</containerEntry>
          <containerEntry>4294967295</containerEntry>
          <containerEntry>4294967295</containerEntry>
          <containerEntry>4294967295</containerEntry>
          <containerEntry>4294967295</containerEntry>
          <containerEntry>4294967295</containerEntry>
          <containerEntry>4294967295</containerEntry>
          <containerEntry>4294967295</containerEntry>
          <containerEntry>4294967295</containerEntry>
          <containerEntry>4294967295</containerEntry>
        </property>
      </staticProperties>
      <dynamicProperties></dynamicProperties>
    </entity>
    <entity class="StaticModelArray" classVersion="4" classID="0xD0" addr="0x2F515F0" id="0x0">
      <staticProperties>
        <property name="name" type="String" container="StaticArray" arraySize="1">
          <containerEntry>StaticModelArray0002</containerEntry>
        </property>
        <property name="dataSet" type="EntityHandle" container="StaticArray" arraySize="1">
          <containerEntry>0x2F52D90</containerEntry>
        </property>
        <property name="modelFile" type="FilePtr" container="StaticArray" arraySize="1">
          <containerEntry>/Assets/tpp/environ/object/afghanistan/rock/afgh_rock010/scenes/afgh_rock010_vrtn001.fmdl</containerEntry>
        </property>
        <property name="geomFile" type="FilePtr" container="StaticArray" arraySize="1">
          <containerEntry>/Assets/tpp/environ/object/afghanistan/rock/afgh_rock010/scenes/afgh_rock010_vrtn001.geom</containerEntry>
        </property>
        <property name="isVisibleGeom" type="Bool" container="StaticArray" arraySize="1">
          <containerEntry>false</containerEntry>
        </property>
        <property name="lodFarSize" type="Float" container="StaticArray" arraySize="1">
          <containerEntry>-1</containerEntry>
        </property>
        <property name="lodNearSize" type="Float" container="StaticArray" arraySize="1">
          <containerEntry>-1</containerEntry>
        </property>
        <property name="lodPolygonSize" type="Float" container="StaticArray" arraySize="1">
          <containerEntry>-1</containerEntry>
        </property>
        <property name="drawRejectionLevel" type="Int32" container="StaticArray" arraySize="1">
          <containerEntry>8</containerEntry>
        </property>
        <property name="drawMode" type="Int32" container="StaticArray" arraySize="1">
          <containerEntry>0</containerEntry>
        </property>
        <property name="rejectFarRangeShadowCast" type="Int32" container="StaticArray" arraySize="1">
          <containerEntry>2</containerEntry>
        </property>
        <property name="parentLocator" type="EntityLink" container="StaticArray" arraySize="1">
          <containerEntry packagePathHash="0xB8A0BF169F98" archivePathHash="0xB8A0BF169F98" nameInArchiveHash="0xB8A0BF169F98">0x0</containerEntry>
        </property>
        <property name="transforms" type="Matrix4" container="DynamicArray" arraySize="8">
          <containerEntry r11="-0.8136161" r12="0.008367975" r13="0.5813427" r14="0" r21="-0.031192895" r22="-0.9990849" r23="-0.02927485" r24="0" r31="0.5805656" r32="-0.04195224" r33="0.81313205" r34="0" r41="1444.0917" r42="335.67612" r43="1561.956" r44="1"></containerEntry>
          <containerEntry r11="-0.10711306" r12="0.9942221" r13="0.0060875416" r14="0" r21="-0.7590398" r22="-0.08572582" r23="0.6453664" r24="0" r31="0.6421629" r32="0.064510405" r33="0.76384723" r34="0" r41="1449.9117" r42="336.4204" r43="1567.8606" r44="1"></containerEntry>
          <containerEntry r11="0.7879744" r12="-0.047706876" r13="-0.613855" r14="0" r21="0.06500514" r22="0.9978675" r23="0.005892517" r24="0" r31="0.6122649" r32="-0.044547103" r33="0.78939533" r34="0" r41="1454.0593" r42="335.97964" r43="1576.0735" r44="1"></containerEntry>
          <containerEntry r11="-0.5735948" r12="0" r13="0.8191398" r14="0" r21="0" r22="1" r23="0" r24="0" r31="-0.8191398" r32="0" r33="-0.5735948" r34="0" r41="1483.429" r42="326.60138" r43="1575.57" r44="1"></containerEntry>
          <containerEntry r11="-0.9776871" r12="-0.03824367" r13="-0.20652144" r14="0" r21="-0.026426163" r22="0.99786764" r23="-0.05968082" r24="0" r31="0.20836349" r32="-0.052892007" r33="-0.976613" r34="0" r41="1457.8118" r42="339.44055" r43="1601.3137" r44="1"></containerEntry>
          <containerEntry r11="0.9848111" r12="0" r13="-0.17362899" r14="0" r21="0" r22="1" r23="0" r24="0" r31="0.17362899" r32="0" r33="0.9848111" r34="0" r41="1455.763" r42="339.143" r43="1622.521" r44="1"></containerEntry>
          <containerEntry r11="-0.008879071" r12="0.06690676" r13="0.9977172" r14="0" r21="0.20593762" r22="0.9764928" r23="-0.06365004" r24="0" r31="-0.97852224" r32="0.20490271" r33="-0.022448957" r34="0" r41="1470.505" r42="330.98035" r43="1643.0865" r44="1"></containerEntry>
          <containerEntry r11="-0.5735948" r12="0" r13="0.8191398" r14="0" r21="0" r22="1" r23="0" r24="0" r31="-0.8191398" r32="0" r33="-0.5735948" r34="0" r41="1479.8821" r42="327.3381" r43="1649.222" r44="1"></containerEntry>
        </property>
        <property name="colors" type="UInt32" container="DynamicArray" arraySize="8">
          <containerEntry>4294967295</containerEntry>
          <containerEntry>4294967295</containerEntry>
          <containerEntry>4294967295</containerEntry>
          <containerEntry>4294967295</containerEntry>
          <containerEntry>4294967295</containerEntry>
          <containerEntry>4294967295</containerEntry>
          <containerEntry>4294967295</containerEntry>
          <containerEntry>4294967295</containerEntry>
        </property>
      </staticProperties>
      <dynamicProperties></dynamicProperties>
    </entity>
    <entity class="StaticModelArray" classVersion="4" classID="0xD0" addr="0x2F51190" id="0x0">
      <staticProperties>
        <property name="name" type="String" container="StaticArray" arraySize="1">
          <containerEntry>StaticModelArray0003</containerEntry>
        </property>
        <property name="dataSet" type="EntityHandle" container="StaticArray" arraySize="1">
          <containerEntry>0x2F52D90</containerEntry>
        </property>
        <property name="modelFile" type="FilePtr" container="StaticArray" arraySize="1">
          <containerEntry>/Assets/tpp/environ/object/afghanistan/cliff/afgh_clff025/scenes/afgh_clff025.fmdl</containerEntry>
        </property>
        <property name="geomFile" type="FilePtr" container="StaticArray" arraySize="1">
          <containerEntry>/Assets/tpp/environ/object/afghanistan/cliff/afgh_clff025/scenes/afgh_clff025.geom</containerEntry>
        </property>
        <property name="isVisibleGeom" type="Bool" container="StaticArray" arraySize="1">
          <containerEntry>false</containerEntry>
        </property>
        <property name="lodFarSize" type="Float" container="StaticArray" arraySize="1">
          <containerEntry>-1</containerEntry>
        </property>
        <property name="lodNearSize" type="Float" container="StaticArray" arraySize="1">
          <containerEntry>-1</containerEntry>
        </property>
        <property name="lodPolygonSize" type="Float" container="StaticArray" arraySize="1">
          <containerEntry>-1</containerEntry>
        </property>
        <property name="drawRejectionLevel" type="Int32" container="StaticArray" arraySize="1">
          <containerEntry>8</containerEntry>
        </property>
        <property name="drawMode" type="Int32" container="StaticArray" arraySize="1">
          <containerEntry>0</containerEntry>
        </property>
        <property name="rejectFarRangeShadowCast" type="Int32" container="StaticArray" arraySize="1">
          <containerEntry>2</containerEntry>
        </property>
        <property name="parentLocator" type="EntityLink" container="StaticArray" arraySize="1">
          <containerEntry packagePathHash="0xB8A0BF169F98" archivePathHash="0xB8A0BF169F98" nameInArchiveHash="0xB8A0BF169F98">0x0</containerEntry>
        </property>
        <property name="transforms" type="Matrix4" container="DynamicArray" arraySize="10">
          <containerEntry r11="-0.8952789" r12="0.14467001" r13="0.42137054" r14="0" r21="0.15113083" r22="0.98834574" r23="-0.018226897" r24="0" r31="-0.41909668" r32="0.04736387" r33="-0.90670913" r34="0" r41="1416.575" r42="340.8035" r43="1548.087" r44="1"></containerEntry>
          <containerEntry r11="-0.9407431" r12="0.04052522" r13="0.33668712" r14="0" r21="0.05955351" r22="0.99714714" r23="0.046378355" r24="0" r31="-0.33384708" r32="0.06368107" r33="-0.94047266" r34="0" r41="1476.3003" r42="328.92798" r43="1575.7767" r44="1"></containerEntry>
          <containerEntry r11="0.39547434" r12="0.016767325" r13="-0.9183242" r14="0" r21="0.05252973" r22="0.9977839" r23="0.040839992" r24="0" r31="0.9169739" r32="-0.06439048" r33="0.39371717" r34="0" r41="1484.3839" r42="325.09702" r43="1594.3467" r44="1"></containerEntry>
          <containerEntry r11="-0.6680584" r12="0" r13="-0.7441104" r14="0" r21="0" r22="1" r23="0" r24="0" r31="0.7441104" r32="0" r33="-0.6680584" r34="0" r41="1426.505" r42="350.703" r43="1604.716" r44="1"></containerEntry>
          <containerEntry r11="-0.8498386" r12="8.940697e-07" r13="-2.8771102" r14="0" r21="0.2507276" r22="2.988587" r23="-0.074058905" r24="0" r31="2.8661647" r32="-0.26143652" r33="-0.8466055" r34="0" r41="1425.3176" r42="358.61588" r43="1636.0715" r44="1"></containerEntry>
          <containerEntry r11="0.83094096" r12="0.045409385" r13="-2.8822684" r14="0" r21="0.23498261" r22="2.9885778" r23="0.11482827" r24="0" r31="2.8730326" r32="-0.2575662" r33="0.8242203" r34="0" r41="1429.931" r42="355.7393" r43="1666.8876" r44="1"></containerEntry>
          <containerEntry r11="0.18940705" r12="0" r13="-0.98189956" r14="0" r21="0" r22="1" r23="0" r24="0" r31="0.98189956" r32="0" r33="0.18940705" r34="0" r41="1457.2449" r42="340.12787" r43="1614.448" r44="1"></containerEntry>
          <containerEntry r11="0.22054398" r12="0" r13="-0.9753782" r14="0" r21="0" r22="1" r23="0" r24="0" r31="0.9753782" r32="0" r33="0.22054398" r34="0" r41="1459.6403" r42="340.08002" r43="1634.7686" r44="1"></containerEntry>
          <containerEntry r11="0.054578308" r12="0.008404389" r13="-0.99847364" r14="0" r21="0.13512109" r22="0.9907043" r23="0.015724871" r24="0" r31="0.98932433" r32="-0.13577315" r33="0.05293536" r34="0" r41="1468.2054" r42="333.44208" r43="1632.6825" r44="1"></containerEntry>
          <containerEntry r11="-0.99943995" r12="0" r13="0.033473313" r14="0" r21="0" r22="1" r23="0" r24="0" r31="-0.033473313" r32="0" r33="-0.99943995" r34="0" r41="1441.2317" r42="340.6527" r43="1583.9977" r44="1"></containerEntry>
        </property>
        <property name="colors" type="UInt32" container="DynamicArray" arraySize="10">
          <containerEntry>4294967295</containerEntry>
          <containerEntry>4294967295</containerEntry>
          <containerEntry>4294967295</containerEntry>
          <containerEntry>4294967295</containerEntry>
          <containerEntry>4294967295</containerEntry>
          <containerEntry>4294967295</containerEntry>
          <containerEntry>4294967295</containerEntry>
          <containerEntry>4294967295</containerEntry>
          <containerEntry>4294967295</containerEntry>
          <containerEntry>4294967295</containerEntry>
        </property>
      </staticProperties>
      <dynamicProperties></dynamicProperties>
    </entity>
    <entity class="StaticModelArray" classVersion="4" classID="0xD0" addr="0x2D7A340" id="0x0">
      <staticProperties>
        <property name="name" type="String" container="StaticArray" arraySize="1">
          <containerEntry>StaticModelArray0004</containerEntry>
        </property>
        <property name="dataSet" type="EntityHandle" container="StaticArray" arraySize="1">
          <containerEntry>0x2F52D90</containerEntry>
        </property>
        <property name="modelFile" type="FilePtr" container="StaticArray" arraySize="1">
          <containerEntry>/Assets/tpp/environ/object/afghanistan/rock/afgh_rock001/scenes/afgh_rock001.fmdl</containerEntry>
        </property>
        <property name="geomFile" type="FilePtr" container="StaticArray" arraySize="1">
          <containerEntry>/Assets/tpp/environ/object/afghanistan/rock/afgh_rock001/scenes/afgh_rock001.geom</containerEntry>
        </property>
        <property name="isVisibleGeom" type="Bool" container="StaticArray" arraySize="1">
          <containerEntry>false</containerEntry>
        </property>
        <property name="lodFarSize" type="Float" container="StaticArray" arraySize="1">
          <containerEntry>-1</containerEntry>
        </property>
        <property name="lodNearSize" type="Float" container="StaticArray" arraySize="1">
          <containerEntry>-1</containerEntry>
        </property>
        <property name="lodPolygonSize" type="Float" container="StaticArray" arraySize="1">
          <containerEntry>-1</containerEntry>
        </property>
        <property name="drawRejectionLevel" type="Int32" container="StaticArray" arraySize="1">
          <containerEntry>8</containerEntry>
        </property>
        <property name="drawMode" type="Int32" container="StaticArray" arraySize="1">
          <containerEntry>0</containerEntry>
        </property>
        <property name="rejectFarRangeShadowCast" type="Int32" container="StaticArray" arraySize="1">
          <containerEntry>2</containerEntry>
        </property>
        <property name="parentLocator" type="EntityLink" container="StaticArray" arraySize="1">
          <containerEntry packagePathHash="0xB8A0BF169F98" archivePathHash="0xB8A0BF169F98" nameInArchiveHash="0xB8A0BF169F98">0x0</containerEntry>
        </property>
        <property name="transforms" type="Matrix4" container="DynamicArray" arraySize="49">
          <containerEntry r11="0.94681674" r12="0.26803514" r13="0.17803039" r14="0" r21="0.12165219" r22="-0.8103886" r23="0.5731133" r24="0" r31="0.2978899" r32="-0.52097535" r33="-0.79989636" r34="0" r41="1457.8711" r42="322.65634" r43="1542.677" r44="1"></containerEntry>
          <containerEntry r11="0.8950318" r12="-0.15884158" r13="-0.41675755" r14="0" r21="0.0034135953" r22="0.936843" r23="-0.3497331" r24="0" r31="0.44598863" r32="0.3115995" r33="0.83904654" r34="0" r41="1468.9244" r42="328.563" r43="1573.6368" r44="1"></containerEntry>
          <containerEntry r11="0.8950318" r12="-0.15884158" r13="-0.41675755" r14="0" r21="0.0034135953" r22="0.936843" r23="-0.3497331" r24="0" r31="0.44598863" r32="0.3115995" r33="0.83904654" r34="0" r41="1475.6547" r42="318.19458" r43="1549.3076" r44="1"></containerEntry>
          <containerEntry r11="-0.8848972" r12="0.37069884" r13="-0.28202438" r14="0" r21="0.46104047" r22="0.7832789" r23="-0.417032" r24="0" r31="0.06631036" r32="-0.4990555" r33="-0.86402833" r34="0" r41="1474.9016" r42="327.3469" r43="1638.5249" r44="1"></containerEntry>
