<fox formatVersion="2" fileVersion="0">
  <entities>
    <entity class="DataSet" classVersion="0" classID="0xE8" addr="0x2F04370" id="0x36F7C">
      <staticProperties>
        <property name="name" type="String" container="StaticArray" arraySize="1">
          <containerEntry hash="0xB8A0BF169F98"></containerEntry>
        </property>
        <property name="dataSet" type="EntityHandle" container="StaticArray" arraySize="1">
          <containerEntry>0x0</containerEntry>
        </property>
        <property name="dataList" type="EntityPtr" container="StringMap" arraySize="4">
          <containerEntry key="StaticModelArray0000">
            <data>0x2D7AF80</data>
          </containerEntry>
          <containerEntry key="StaticModelArray0001">
            <data>0x2D7AFF0</data>
          </containerEntry>
          <containerEntry key="StaticModelArray0002">
            <data>0x2D7B060</data>
          </containerEntry>
          <containerEntry key="TexturePackLoadConditioner0000">
            <data>0x2D7B680</data>
          </containerEntry>
        </property>
      </staticProperties>
      <dynamicProperties></dynamicProperties>
    </entity>
    <entity class="StaticModelArray" classVersion="4" classID="0xD0" addr="0x2D7AF80" id="0x0">
      <staticProperties>
        <property name="name" type="String" container="StaticArray" arraySize="1">
          <containerEntry>StaticModelArray0000</containerEntry>
        </property>
        <property name="dataSet" type="EntityHandle" container="StaticArray" arraySize="1">
          <containerEntry>0x2F04370</containerEntry>
        </property>
        <property name="modelFile" type="FilePtr" container="StaticArray" arraySize="1">
          <containerEntry>/Assets/tpp/environ/object/middle_africa/clod/mafr_clod005/scenes/mafr_clod005.fmdl</containerEntry>
        </property>
        <property name="geomFile" type="FilePtr" container="StaticArray" arraySize="1">
          <containerEntry>/Assets/tpp/environ/object/middle_africa/clod/mafr_clod005/scenes/mafr_clod005.geom</containerEntry>
        </property>
        <property name="isVisibleGeom" type="Bool" container="StaticArray" arraySize="1">
          <containerEntry>false</containerEntry>
        </property>
        <property name="lodFarSize" type="Float" container="StaticArray" arraySize="1">
          <containerEntry>-1</containerEntry>
        </property>
        <property name="lodNearSize" type="Float" container="StaticArray" arraySize="1">
          <containerEntry>-1</containerEntry>
        </property>
        <property name="lodPolygonSize" type="Float" container="StaticArray" arraySize="1">
          <containerEntry>-1</containerEntry>
        </property>
        <property name="drawRejectionLevel" type="Int32" container="StaticArray" arraySize="1">
          <containerEntry>8</containerEntry>
        </property>
        <property name="drawMode" type="Int32" container="StaticArray" arraySize="1">
          <containerEntry>0</containerEntry>
        </property>
        <property name="rejectFarRangeShadowCast" type="Int32" container="StaticArray" arraySize="1">
          <containerEntry>2</containerEntry>
        </property>
        <property name="parentLocator" type="EntityLink" container="StaticArray" arraySize="1">
          <containerEntry packagePathHash="0xB8A0BF169F98" archivePathHash="0xB8A0BF169F98" nameInArchiveHash="0xB8A0BF169F98">0x0</containerEntry>
        </property>
        <property name="transforms" type="Matrix4" container="DynamicArray" arraySize="2">
          <containerEntry r11="1" r12="0" r13="0" r14="0" r21="0" r22="1" r23="0" r24="0" r31="0" r32="0" r33="1" r34="0" r41="432.21478" r42="-7.656819" r43="298.29126" r44="1"></containerEntry>
          <containerEntry r11="0.25790253" r12="-0.021776259" r13="0.9659254" r14="0" r21="0.08414081" r22="0.9964539" r23="-1.1175871e-06" r24="0" r31="-0.96250004" r32="0.08127404" r33="0.25882024" r34="0" r41="460.29755" r42="-7.49789" r43="362.01678" r44="1"></containerEntry>
        </property>
        <property name="colors" type="UInt32" container="DynamicArray" arraySize="2">
          <containerEntry>4294967295</containerEntry>
          <containerEntry>4294967295</containerEntry>
        </property>
      </staticProperties>
      <dynamicProperties></dynamicProperties>
    </entity>
    <entity class="StaticModelArray" classVersion="4" classID="0xD0" addr="0x2D7AFF0" id="0x0">
      <staticProperties>
        <property name="name" type="String" container="StaticArray" arraySize="1">
          <containerEntry>StaticModelArray0001</containerEntry>
        </property>
        <property name="dataSet" type="EntityHandle" container="StaticArray" arraySize="1">
          <containerEntry>0x2F04370</containerEntry>
        </property>
        <property name="modelFile" type="FilePtr" container="StaticArray" arraySize="1">
          <containerEntry>/Assets/tpp/environ/object/middle_africa/rock/mafr_rock002/scenes/mafr_rock002.fmdl</containerEntry>
        </property>
        <property name="geomFile" type="FilePtr" container="StaticArray" arraySize="1">
          <containerEntry>/Assets/tpp/environ/object/middle_africa/rock/mafr_rock002/scenes/mafr_rock002.geom</containerEntry>
        </property>
        <property name="isVisibleGeom" type="Bool" container="StaticArray" arraySize="1">
          <containerEntry>false</containerEntry>
        </property>
        <property name="lodFarSize" type="Float" container="StaticArray" arraySize="1">
          <containerEntry>-1</containerEntry>
        </property>
        <property name="lodNearSize" type="Float" container="StaticArray" arraySize="1">
          <containerEntry>-1</containerEntry>
        </property>
        <property name="lodPolygonSize" type="Float" container="StaticArray" arraySize="1">
          <containerEntry>-1</containerEntry>
        </property>
        <property name="drawRejectionLevel" type="Int32" container="StaticArray" arraySize="1">
          <containerEntry>8</containerEntry>
        </property>
        <property name="drawMode" type="Int32" container="StaticArray" arraySize="1">
          <containerEntry>0</containerEntry>
        </property>
        <property name="rejectFarRangeShadowCast" type="Int32" container="StaticArray" arraySize="1">
          <containerEntry>2</containerEntry>
        </property>
        <property name="parentLocator" type="EntityLink" container="StaticArray" arraySize="1">
          <containerEntry packagePathHash="0xB8A0BF169F98" archivePathHash="0xB8A0BF169F98" nameInArchiveHash="0xB8A0BF169F98">0x0</containerEntry>
        </property>
        <property name="transforms" type="Matrix4" container="DynamicArray" arraySize="4">
          <containerEntry r11="-0.56283784" r12="0" r13="0.82656634" r14="0" r21="0" r22="1.044316" r23="0" r24="0" r31="-0.82656634" r32="0" r33="-0.56283784" r34="0" r41="454.87546" r42="-7.073696" r43="335.8426" r44="1"></containerEntry>
          <containerEntry r11="-0.862172" r12="0" r13="-0.5066123" r14="0" r21="0" r22="1" r23="0" r24="0" r31="0.5066123" r32="0" r33="-0.862172" r34="0" r41="479.01715" r42="-10.740797" r43="335.53116" r44="1"></containerEntry>
          <containerEntry r11="0.9999766" r12="-0.0068442062" r13="-0.00022666881" r14="0" r21="0.0068442062" r22="0.99778533" r23="0.066163324" r24="0" r31="-0.00022666881" r32="-0.066163324" r33="0.99780875" r34="0" r41="410.79132" r42="-9.053497" r43="306.2095" r44="1"></containerEntry>
          <containerEntry r11="-0.56283784" r12="0" r13="0.82656634" r14="0" r21="0" r22="1" r23="0" r24="0" r31="-0.82656634" r32="0" r33="-0.56283784" r34="0" r41="437.07446" r42="-7.8726" r43="365.6075" r44="1"></containerEntry>
        </property>
        <property name="colors" type="UInt32" container="DynamicArray" arraySize="4">
          <containerEntry>4294967295</containerEntry>
          <containerEntry>4294967295</containerEntry>
          <containerEntry>4294967295</containerEntry>
          <containerEntry>4294967295</containerEntry>
        </property>
      </staticProperties>
      <dynamicProperties></dynamicProperties>
    </entity>
    <entity class="StaticModelArray" classVersion="4" classID="0xD0" addr="0x2D7B060" id="0x0">
      <staticProperties>
        <property name="name" type="String" container="StaticArray" arraySize="1">
          <containerEntry>StaticModelArray0002</containerEntry>
        </property>
        <property name="dataSet" type="EntityHandle" container="StaticArray" arraySize="1">
          <containerEntry>0x2F04370</containerEntry>
        </property>
        <property name="modelFile" type="FilePtr" container="StaticArray" arraySize="1">
          <containerEntry>/Assets/tpp/environ/object/middle_africa/rock/mafr_rock011/scenes/mafr_rock011.fmdl</containerEntry>
        </property>
        <property name="geomFile" type="FilePtr" container="StaticArray" arraySize="1">
          <containerEntry>/Assets/tpp/environ/object/middle_africa/rock/mafr_rock011/scenes/mafr_rock011.geom</containerEntry>
        </property>
        <property name="isVisibleGeom" type="Bool" container="StaticArray" arraySize="1">
          <containerEntry>false</containerEntry>
        </property>
        <property name="lodFarSize" type="Float" container="StaticArray" arraySize="1">
          <containerEntry>-1</containerEntry>
        </property>
        <property name="lodNearSize" type="Float" container="StaticArray" arraySize="1">
          <containerEntry>-1</containerEntry>
        </property>
        <property name="lodPolygonSize" type="Float" container="StaticArray" arraySize="1">
          <containerEntry>-1</containerEntry>
        </property>
        <property name="drawRejectionLevel" type="Int32" container="StaticArray" arraySize="1">
          <containerEntry>5</containerEntry>
        </property>
        <property name="drawMode" type="Int32" container="StaticArray" arraySize="1">
          <containerEntry>0</containerEntry>
        </property>
        <property name="rejectFarRangeShadowCast" type="Int32" container="StaticArray" arraySize="1">
          <containerEntry>2</containerEntry>
        </property>
        <property name="parentLocator" type="EntityLink" container="StaticArray" arraySize="1">
          <containerEntry packagePathHash="0xB8A0BF169F98" archivePathHash="0xB8A0BF169F98" nameInArchiveHash="0xB8A0BF169F98">0x0</containerEntry>
        </property>
        <property name="transforms" type="Matrix4" container="DynamicArray" arraySize="7">
          <containerEntry r11="-0.65032935" r12="0.17308603" r13="-0.73966455" r14="0" r21="0.6964187" r22="0.5247613" r23="-0.48951334" r24="0" r31="0.3034179" r32="-0.8334656" r33="-0.4618058" r34="0" r41="453.38754" r42="-8.046143" r43="269.75525" r44="1"></containerEntry>
          <containerEntry r11="0.52570707" r12="-0.044517957" r13="0.84949857" r14="0" r21="-0.14171901" r22="0.9800904" r23="0.1390626" r24="0" r31="-0.8387761" r32="-0.19349654" r33="0.50893146" r34="0" r41="449.56097" r42="-8.09336" r43="260.55084" r44="1"></containerEntry>
          <containerEntry r11="0.5728546" r12="-0.13482495" r13="0.80849123" r14="0" r21="-0.09408397" r22="0.9690434" r23="0.22826055" r24="0" r31="-0.8142383" r32="-0.20682608" r33="0.54243606" r34="0" r41="452.8882" r42="-8.562684" r43="270.77548" r44="1"></containerEntry>
          <containerEntry r11="-0.6936264" r12="0.20558466" r13="-0.6903687" r14="0" r21="0.6942471" r22="0.44636133" r23="-0.56460536" r24="0" r31="0.19207822" r32="-0.870916" r33="-0.45233208" r34="0" r41="458.43472" r42="-8.97278" r43="278.41995" r44="1"></containerEntry>
          <containerEntry r11="0.604965" r12="-0.0494979" r13="0.7947133" r14="0" r21="-0.09595725" r22="0.98626024" r23="0.13447313" r24="0" r31="-0.7904503" r32="-0.15761003" r33="0.59190315" r34="0" r41="460.38028" r42="-9.357861" r43="281.93918" r44="1"></containerEntry>
          <containerEntry r11="0.60881203" r12="-0.060985193" r13="0.7909685" r14="0" r21="-0.12850368" r22="0.97629255" r23="0.17418277" r24="0" r31="-0.78283924" r32="-0.2076869" r33="0.58654183" r34="0" r41="465.3229" r42="-9.136151" r43="290.79364" r44="1"></containerEntry>
          <containerEntry r11="0.60881203" r12="-0.060985267" r13="0.7909667" r14="0" r21="-0.128503" r22="0.9762925" r23="0.17418313" r24="0" r31="-0.78283745" r32="-0.20768647" r33="0.58654183" r34="0" r41="468.65448" r42="-11.313524" r43="286.79715" r44="1"></containerEntry>
        </property>
        <property name="colors" type="UInt32" container="DynamicArray" arraySize="7">
          <containerEntry>4294967295</containerEntry>
          <containerEntry>4294967295</containerEntry>
          <containerEntry>4294967295</containerEntry>
          <containerEntry>4294967295</containerEntry>
          <containerEntry>4294967295</containerEntry>
          <containerEntry>4294967295</containerEntry>
          <containerEntry>4294967295</containerEntry>
        </property>
      </staticProperties>
      <dynamicProperties></dynamicProperties>
    </entity>
    <entity class="TexturePackLoadConditioner" classVersion="0" classID="0x48" addr="0x2D7B680" id="0x0">
      <staticProperties>
        <property name="name" type="String" container="StaticArray" arraySize="1">
          <containerEntry>TexturePackLoadConditioner0000</containerEntry>
        </property>
        <property name="dataSet" type="EntityHandle" container="StaticArray" arraySize="1">
          <containerEntry>0x2F04370</containerEntry>
        </property>
        <property name="texturePackPath" type="Path" container="StaticArray" arraySize="1">
          <containerEntry hash="0xB8A0BF169F98"></containerEntry>
        </property>
      </staticProperties>
      <dynamicProperties></dynamicProperties>
    </entity>
  </entities>
</fox>