<fox formatVersion="2" fileVersion="0">
  <entities>
    <entity class="DataSet" classVersion="0" classID="0xE8" addr="0x2D7F890" id="0xC771C9">
      <staticProperties>
        <property name="name" type="String" container="StaticArray" arraySize="1">
          <containerEntry hash="0xB8A0BF169F98"></containerEntry>
        </property>
        <property name="dataSet" type="EntityHandle" container="StaticArray" arraySize="1">
          <containerEntry>0x0</containerEntry>
        </property>
        <property name="dataList" type="EntityPtr" container="StringMap" arraySize="14">
          <containerEntry key="mafr_rock007_0013">
            <data>0x2D7D0C0</data>
          </containerEntry>
          <containerEntry key="StaticModelArray0000">
            <data>0x2D7EA90</data>
          </containerEntry>
          <containerEntry key="StaticModelArray0001">
            <data>0x2D7EB00</data>
          </containerEntry>
          <containerEntry key="StaticModelArray0002">
            <data>0x2D7EB70</data>
          </containerEntry>
          <containerEntry key="StaticModelArray0003">
            <data>0x2D7EBE0</data>
          </containerEntry>
          <containerEntry key="StaticModelArray0004">
            <data>0x2D7EC50</data>
          </containerEntry>
          <containerEntry key="StaticModelArray0005">
            <data>0x2D7E0F0</data>
          </containerEntry>
          <containerEntry key="StaticModelArray0006">
            <data>0x2D7E400</data>
          </containerEntry>
          <containerEntry key="StaticModelArray0007">
            <data>0x2D7E630</data>
          </containerEntry>
          <containerEntry key="StaticModelArray0008">
            <data>0x2D7E080</data>
          </containerEntry>
          <containerEntry key="StaticModelArray0009">
            <data>0x2D7E710</data>
          </containerEntry>
          <containerEntry key="StaticModelArray0010">
            <data>0x2D7B0D0</data>
          </containerEntry>
          <containerEntry key="StaticModelArray0011">
            <data>0x2D7DF30</data>
          </containerEntry>
          <containerEntry key="TexturePackLoadConditioner0000">
            <data>0x2D7F5F0</data>
          </containerEntry>
        </property>
      </staticProperties>
      <dynamicProperties></dynamicProperties>
    </entity>
    <entity class="StaticModel" classVersion="9" classID="0x160" addr="0x2D7D0C0" id="0xC774B9">
      <staticProperties>
        <property name="name" type="String" container="StaticArray" arraySize="1">
          <containerEntry>mafr_rock007_0013</containerEntry>
        </property>
        <property name="dataSet" type="EntityHandle" container="StaticArray" arraySize="1">
          <containerEntry>0x2D7F890</containerEntry>
        </property>
        <property name="parent" type="EntityHandle" container="StaticArray" arraySize="1">
          <containerEntry>0x0</containerEntry>
        </property>
        <property name="transform" type="EntityPtr" container="StaticArray" arraySize="1">
          <containerEntry>0x2D7D130</containerEntry>
        </property>
        <property name="shearTransform" type="EntityPtr" container="StaticArray" arraySize="1">
          <containerEntry>0x0</containerEntry>
        </property>
        <property name="pivotTransform" type="EntityPtr" container="StaticArray" arraySize="1">
          <containerEntry>0x0</containerEntry>
        </property>
        <property name="children" type="EntityHandle" container="List"></property>
        <property name="flags" type="UInt32" container="StaticArray" arraySize="1">
          <containerEntry>3221225479</containerEntry>
        </property>
        <property name="modelFile" type="FilePtr" container="StaticArray" arraySize="1">
          <containerEntry>/Assets/tpp/environ/object/middle_africa/rock/mafr_rock007/scenes/mafr_rock007.fmdl</containerEntry>
        </property>
        <property name="geomFile" type="FilePtr" container="StaticArray" arraySize="1">
          <containerEntry>/Assets/tpp/environ/object/middle_africa/rock/mafr_rock007/scenes/mafr_rock007.geom</containerEntry>
        </property>
        <property name="isVisibleGeom" type="Bool" container="StaticArray" arraySize="1">
          <containerEntry>false</containerEntry>
        </property>
        <property name="isIsolated" type="Bool" container="StaticArray" arraySize="1">
          <containerEntry>false</containerEntry>
        </property>
        <property name="lodFarSize" type="Float" container="StaticArray" arraySize="1">
          <containerEntry>-1</containerEntry>
        </property>
        <property name="lodNearSize" type="Float" container="StaticArray" arraySize="1">
          <containerEntry>-1</containerEntry>
        </property>
        <property name="lodPolygonSize" type="Float" container="StaticArray" arraySize="1">
          <containerEntry>-1</containerEntry>
        </property>
        <property name="color" type="Color" container="StaticArray" arraySize="1">
          <containerEntry r="1" g="1" b="1" a="1"></containerEntry>
        </property>
        <property name="drawRejectionLevel" type="Int32" container="StaticArray" arraySize="1">
          <containerEntry>5</containerEntry>
        </property>
        <property name="drawMode" type="Int32" container="StaticArray" arraySize="1">
          <containerEntry>0</containerEntry>
        </property>
        <property name="rejectFarRangeShadowCast" type="Int32" container="StaticArray" arraySize="1">
          <containerEntry>2</containerEntry>
        </property>
      </staticProperties>
      <dynamicProperties></dynamicProperties>
    </entity>
    <entity class="TransformEntity" classVersion="0" classID="0x50" addr="0x2D7D130" id="0xC774BC">
      <staticProperties>
        <property name="owner" type="EntityHandle" container="StaticArray" arraySize="1">
          <containerEntry>0x2D7D0C0</containerEntry>
        </property>
        <property name="transform_scale" type="Vector3" container="StaticArray" arraySize="1">
          <containerEntry x="1" y="0.999991" z="0.999993" w="0"></containerEntry>
        </property>
        <property name="transform_rotation_quat" type="Quat" container="StaticArray" arraySize="1">
          <containerEntry x="-0.030065" y="-0.414234" z="0.046564" w="0.90848"></containerEntry>
        </property>
        <property name="transform_translation" type="Vector3" container="StaticArray" arraySize="1">
          <containerEntry x="2186.5713" y="4.018045" z="1625.281" w="0"></containerEntry>
        </property>
      </staticProperties>
      <dynamicProperties></dynamicProperties>
    </entity>
    <entity class="StaticModelArray" classVersion="4" classID="0xD0" addr="0x2D7EA90" id="0x0">
      <staticProperties>
        <property name="name" type="String" container="StaticArray" arraySize="1">
          <containerEntry>StaticModelArray0000</containerEntry>
        </property>
        <property name="dataSet" type="EntityHandle" container="StaticArray" arraySize="1">
          <containerEntry>0x2D7F890</containerEntry>
        </property>
        <property name="modelFile" type="FilePtr" container="StaticArray" arraySize="1">
          <containerEntry>/Assets/tpp/environ/object/middle_africa/tree/mafr_tree010/scenes/mafr_tree010_dead004.fmdl</containerEntry>
        </property>
        <property name="geomFile" type="FilePtr" container="StaticArray" arraySize="1">
          <containerEntry>/Assets/tpp/environ/object/middle_africa/tree/mafr_tree010/scenes/mafr_tree010_dead004.geom</containerEntry>
        </property>
        <property name="isVisibleGeom" type="Bool" container="StaticArray" arraySize="1">
          <containerEntry>false</containerEntry>
        </property>
        <property name="lodFarSize" type="Float" container="StaticArray" arraySize="1">
          <containerEntry>-1</containerEntry>
        </property>
        <property name="lodNearSize" type="Float" container="StaticArray" arraySize="1">
          <containerEntry>-1</containerEntry>
        </property>
        <property name="lodPolygonSize" type="Float" container="StaticArray" arraySize="1">
          <containerEntry>-1</containerEntry>
        </property>
        <property name="drawRejectionLevel" type="Int32" container="StaticArray" arraySize="1">
          <containerEntry>8</containerEntry>
        </property>
        <property name="drawMode" type="Int32" container="StaticArray" arraySize="1">
          <containerEntry>0</containerEntry>
        </property>
        <property name="rejectFarRangeShadowCast" type="Int32" container="StaticArray" arraySize="1">
          <containerEntry>2</containerEntry>
        </property>
        <property name="parentLocator" type="EntityLink" container="StaticArray" arraySize="1">
          <containerEntry packagePathHash="0xB8A0BF169F98" archivePathHash="0xB8A0BF169F98" nameInArchiveHash="0xB8A0BF169F98">0x0</containerEntry>
        </property>
        <property name="transforms" type="Matrix4" container="DynamicArray" arraySize="5">
          <containerEntry r11="-0.9922309" r12="0.119733885" r13="-0.033713084" r14="0" r21="0.11903281" r22="0.9926443" r23="0.022100333" r24="0" r31="0.03611126" r32="0.01791568" r33="-0.9991846" r34="0" r41="2259.709" r42="-12.096698" r43="1604.0345" r44="1"></containerEntry>
          <containerEntry r11="0.12946469" r12="-0.094543055" r13="0.9870668" r14="0" r21="-0.08131588" r22="-0.9931031" r23="-0.08445571" r24="0" r31="0.98824334" r32="-0.06933014" r33="-0.13625997" r34="0" r41="2261.5938" r42="-11.483246" r43="1602.8569" r44="1"></containerEntry>
          <containerEntry r11="-0.022135125" r12="0.22777645" r13="0.9734614" r14="0" r21="0.1533629" r22="0.96294934" r23="-0.22182974" r24="0" r31="-0.9879216" r32="0.14438266" r33="-0.056247476" r34="0" r41="2260.775" r42="-11.844007" r43="1604.1539" r44="1"></containerEntry>
          <containerEntry r11="-0.8549009" r12="-0.11106129" r13="-0.50676686" r14="0" r21="0.15679756" r22="-0.9864492" r23="-0.04832604" r24="0" r31="-0.49453142" r32="-0.12077351" r33="0.8607279" r34="0" r41="2260.8093" r42="-11.542365" r43="1603.5428" r44="1"></containerEntry>
          <containerEntry r11="0.69841015" r12="0.1695366" r13="0.69532806" r14="0" r21="0.20488097" r22="-0.97823995" r23="0.032727394" r24="0" r31="0.6857452" r32="0.119602226" r33="-0.7179479" r34="0" r41="2263.0847" r42="-11.383768" r43="1601.5326" r44="1"></containerEntry>
        </property>
        <property name="colors" type="UInt32" container="DynamicArray" arraySize="5">
          <containerEntry>4294967295</containerEntry>
          <containerEntry>4294967295</containerEntry>
          <containerEntry>4294967295</containerEntry>
          <containerEntry>4294967295</containerEntry>
          <containerEntry>4294967295</containerEntry>
        </property>
      </staticProperties>
      <dynamicProperties></dynamicProperties>
    </entity>
    <entity class="StaticModelArray" classVersion="4" classID="0xD0" addr="0x2D7EB00" id="0x0">
      <staticProperties>
        <property name="name" type="String" container="StaticArray" arraySize="1">
          <containerEntry>StaticModelArray0001</containerEntry>
        </property>
        <property name="dataSet" type="EntityHandle" container="StaticArray" arraySize="1">
          <containerEntry>0x2D7F890</containerEntry>
        </property>
        <property name="modelFile" type="FilePtr" container="StaticArray" arraySize="1">
          <containerEntry>/Assets/tpp/environ/object/middle_africa/cliff/mafr_clff003/scenes/mafr_clff003_vrtn001.fmdl</containerEntry>
        </property>
        <property name="geomFile" type="FilePtr" container="StaticArray" arraySize="1">
          <containerEntry>/Assets/tpp/environ/object/middle_africa/cliff/mafr_clff003/scenes/mafr_clff003_vrtn001.geom</containerEntry>
        </property>
        <property name="isVisibleGeom" type="Bool" container="StaticArray" arraySize="1">
          <containerEntry>false</containerEntry>
        </property>
        <property name="lodFarSize" type="Float" container="StaticArray" arraySize="1">
          <containerEntry>-1</containerEntry>
        </property>
        <property name="lodNearSize" type="Float" container="StaticArray" arraySize="1">
          <containerEntry>-1</containerEntry>
        </property>
        <property name="lodPolygonSize" type="Float" container="StaticArray" arraySize="1">
          <containerEntry>-1</containerEntry>
        </property>
        <property name="drawRejectionLevel" type="Int32" container="StaticArray" arraySize="1">
          <containerEntry>8</containerEntry>
        </property>
        <property name="drawMode" type="Int32" container="StaticArray" arraySize="1">
          <containerEntry>0</containerEntry>
        </property>
        <property name="rejectFarRangeShadowCast" type="Int32" container="StaticArray" arraySize="1">
          <containerEntry>2</containerEntry>
        </property>
        <property name="parentLocator" type="EntityLink" container="StaticArray" arraySize="1">
          <containerEntry packagePathHash="0xB8A0BF169F98" archivePathHash="0xB8A0BF169F98" nameInArchiveHash="0xB8A0BF169F98">0x0</containerEntry>
        </property>
        <property name="transforms" type="Matrix4" container="DynamicArray" arraySize="12">
          <containerEntry r11="0.82442766" r12="-0.04249163" r13="0.56436825" r14="0" r21="0.5159677" r22="0.46621877" r23="-0.7186177" r24="0" r31="-0.23258202" r32="0.88364506" r33="0.40628862" r34="0" r41="2205.2483" r42="-4.078155" r43="1615.7107" r44="1"></containerEntry>
          <containerEntry r11="-0.8705605" r12="-0.08002247" r13="-0.48549515" r14="0" r21="-0.33295572" r22="0.82228464" r23="0.4615052" r24="0" r31="0.3622839" r32="0.5634208" r33="-0.7424912" r34="0" r41="2193.8794" r42="-1.735685" r43="1618.0985" r44="1"></containerEntry>
          <containerEntry r11="-0.70060986" r12="-0.026856417" r13="-0.2662981" r14="0" r21="-0.18731579" r22="0.5822105" r23="0.43409973" r24="0" r31="0.19117725" r32="0.472026" r33="-0.5505759" r34="0" r41="2186.6272" r42="0.693337" r43="1630.3765" r44="1"></containerEntry>
          <containerEntry r11="0.558897" r12="-0.024072245" r13="0.49955302" r14="0" r21="0.36750886" r22="0.5278732" r23="-0.38572717" r24="0" r31="-0.3392196" r32="0.53222996" r33="0.40516496" r34="0" r41="2198.315" r42="-6.090618" r43="1592.2" r44="1"></containerEntry>
          <containerEntry r11="-0.70117503" r12="0.004909292" r13="0.2661149" r14="0" r21="0.16194656" r22="0.60296" r23="0.4155855" r24="0" r31="-0.21122158" r32="0.44599763" r33="-0.5647658" r34="0" r41="2192.8337" r42="-6.870041" r43="1587.7924" r44="1"></containerEntry>
          <containerEntry r11="0.5208159" r12="-0.054639578" r13="-0.85191536" r14="0" r21="-0.5210349" r22="0.77016294" r23="-0.3679254" r24="0" r31="0.6762159" r32="0.63550055" r33="0.3726444" r34="0" r41="2202.869" r42="-9.175339" r43="1567.5776" r44="1"></containerEntry>
          <containerEntry r11="-0.8619868" r12="-0.07599345" r13="-0.50118065" r14="0" r21="-0.21182212" r22="0.95223993" r23="0.21993175" r24="0" r31="0.4605306" r32="0.29574242" r33="-0.8369149" r34="0" r41="2257.135" r42="-8.523359" r43="1642.636" r44="1"></containerEntry>
          <containerEntry r11="-0.9790714" r12="0.19885246" r13="-0.043062523" r14="0" r21="0.10774054" r22="0.6862563" r23="0.7193335" r24="0" r31="0.1725939" r32="0.6996474" r33="-0.6933149" r34="0" r41="2236.2888" r42="-4.678511" r43="1639.9683" r44="1"></containerEntry>
          <containerEntry r11="0.77987444" r12="-0.0643864" r13="0.62261385" r14="0" r21="0.5109848" r22="0.639977" r23="-0.5738643" r24="0" r31="-0.36150813" r32="0.7656893" r33="0.53200275" r34="0" r41="2214.2117" r42="-1.500196" r43="1628.8956" r44="1"></containerEntry>
          <containerEntry r11="-0.6439218" r12="0.23764256" r13="0.72723794" r14="0" r21="0.50550735" r22="0.84565395" r23="0.17126082" r24="0" r31="-0.57429206" r32="0.47790575" r33="-0.6646644" r34="0" r41="2296.181" r42="-11.156064" r43="1649.8026" r44="1"></containerEntry>
          <containerEntry r11="-0.99899185" r12="0.03134599" r13="-0.031786505" r14="0" r21="0.022426307" r22="0.9680387" r23="0.24979572" r24="0" r31="0.038600694" r32="0.24883382" r33="-0.96776533" r34="0" r41="2282.644" r42="-11.122609" r43="1644.6198" r44="1"></containerEntry>
          <containerEntry r11="-0.13338628" r12="-0.06916626" r13="-0.7347903" r14="0" r21="-0.5233992" r22="0.535313" r23="0.044626527" r24="0" r31="0.52034044" r32="0.52072465" r33="-0.14347216" r34="0" r41="2207.7815" r42="-8.133075" r43="1550.9141" r44="1"></containerEntry>
        </property>
        <property name="colors" type="UInt32" container="DynamicArray" arraySize="12">
          <containerEntry>4294967295</containerEntry>
          <containerEntry>4294967295</containerEntry>
          <containerEntry>4294967295</containerEntry>
          <containerEntry>4294967295</containerEntry>
          <containerEntry>4294967295</containerEntry>
          <containerEntry>4294967295</containerEntry>
          <containerEntry>4294967295</containerEntry>
          <containerEntry>4294967295</containerEntry>
          <containerEntry>4294967295</containerEntry>
          <containerEntry>4294967295</containerEntry>
          <containerEntry>4294967295</containerEntry>
          <containerEntry>4294967295</containerEntry>
        </property>
      </staticProperties>
      <dynamicProperties></dynamicProperties>
    </entity>
    <entity class="StaticModelArray" classVersion="4" classID="0xD0" addr="0x2D7EB70" id="0x0">
      <staticProperties>
        <property name="name" type="String" container="StaticArray" arraySize="1">
          <containerEntry>StaticModelArray0002</containerEntry>
        </property>
        <property name="dataSet" type="EntityHandle" container="StaticArray" arraySize="1">
          <containerEntry>0x2D7F890</containerEntry>
        </property>
        <property name="modelFile" type="FilePtr" container="StaticArray" arraySize="1">
          <containerEntry>/Assets/tpp/environ/object/middle_africa/cliff/mafr_clff004/scenes/mafr_clff004.fmdl</containerEntry>
        </property>
        <property name="geomFile" type="FilePtr" container="StaticArray" arraySize="1">
          <containerEntry>/Assets/tpp/environ/object/middle_africa/cliff/mafr_clff004/scenes/mafr_clff004.geom</containerEntry>
        </property>
        <property name="isVisibleGeom" type="Bool" container="StaticArray" arraySize="1">
          <containerEntry>false</containerEntry>
        </property>
        <property name="lodFarSize" type="Float" container="StaticArray" arraySize="1">
          <containerEntry>-1</containerEntry>
        </property>
        <property name="lodNearSize" type="Float" container="StaticArray" arraySize="1">
          <containerEntry>-1</containerEntry>
        </property>
        <property name="lodPolygonSize" type="Float" container="StaticArray" arraySize="1">
          <containerEntry>-1</containerEntry>
        </property>
        <property name="drawRejectionLevel" type="Int32" container="StaticArray" arraySize="1">
          <containerEntry>5</containerEntry>
        </property>
        <property name="drawMode" type="Int32" container="StaticArray" arraySize="1">
          <containerEntry>0</containerEntry>
        </property>
        <property name="rejectFarRangeShadowCast" type="Int32" container="StaticArray" arraySize="1">
          <containerEntry>2</containerEntry>
        </property>
        <property name="parentLocator" type="EntityLink" container="StaticArray" arraySize="1">
          <containerEntry packagePathHash="0xB8A0BF169F98" archivePathHash="0xB8A0BF169F98" nameInArchiveHash="0xB8A0BF169F98">0x0</containerEntry>
        </property>
        <property name="transforms" type="Matrix4" container="DynamicArray" arraySize="2">
          <containerEntry r11="-0.9981331" r12="0.04321573" r13="-0.043142084" r14="0" r21="0.032455496" r22="0.9738948" r23="0.22466783" r24="0" r31="0.051725034" r32="0.22284837" r33="-0.97347915" r34="0" r41="2192.044" r42="1.559738" r43="1615.6469" r44="1"></containerEntry>
          <containerEntry r11="-0.6848609" r12="-0.017005794" r13="-0.7284737" r14="0" r21="-0.21884054" r22="0.9583765" r23="0.1833663" r24="0" r31="0.69503385" r32="0.28500032" r33="-0.6600761" r34="0" r41="2208.7449" r42="1.643622" r43="1620.9482" r44="1"></containerEntry>
        </property>
        <property name="colors" type="UInt32" container="DynamicArray" arraySize="2">
          <containerEntry>4294967295</containerEntry>
          <containerEntry>4294967295</containerEntry>
        </property>
      </staticProperties>
      <dynamicProperties></dynamicProperties>
    </entity>
    <entity class="StaticModelArray" classVersion="4" classID="0xD0" addr="0x2D7EBE0" id="0x0">
      <staticProperties>
        <property name="name" type="String" container="StaticArray" arraySize="1">
          <containerEntry>StaticModelArray0003</containerEntry>
        </property>
        <property name="dataSet" type="EntityHandle" container="StaticArray" arraySize="1">
          <containerEntry>0x2D7F890</containerEntry>
        </property>
        <property name="modelFile" type="FilePtr" container="StaticArray" arraySize="1">
          <containerEntry>/Assets/tpp/environ/object/middle_africa/rock/mafr_rock011/scenes/mafr_rock011.fmdl</containerEntry>
        </property>
        <property name="geomFile" type="FilePtr" container="StaticArray" arraySize="1">
          <containerEntry>/Assets/tpp/environ/object/middle_africa/rock/mafr_rock011/scenes/mafr_rock011.geom</containerEntry>
        </property>
        <property name="isVisibleGeom" type="Bool" container="StaticArray" arraySize="1">
          <containerEntry>false</containerEntry>
        </property>
        <property name="lodFarSize" type="Float" container="StaticArray" arraySize="1">
          <containerEntry>-1</containerEntry>
        </property>
        <property name="lodNearSize" type="Float" container="StaticArray" arraySize="1">
          <containerEntry>-1</containerEntry>
        </property>
        <property name="lodPolygonSize" type="Float" container="StaticArray" arraySize="1">
          <containerEntry>-1</containerEntry>
        </property>
        <property name="drawRejectionLevel" type="Int32" container="StaticArray" arraySize="1">
          <containerEntry>8</containerEntry>
        </property>
        <property name="drawMode" type="Int32" container="StaticArray" arraySize="1">
          <containerEntry>0</containerEntry>
        </property>
        <property name="rejectFarRangeShadowCast" type="Int32" container="StaticArray" arraySize="1">
          <containerEntry>2</containerEntry>
        </property>
        <property name="parentLocator" type="EntityLink" container="StaticArray" arraySize="1">
          <containerEntry packagePathHash="0xB8A0BF169F98" archivePathHash="0xB8A0BF169F98" nameInArchiveHash="0xB8A0BF169F98">0x0</containerEntry>
        </property>
        <property name="transforms" type="Matrix4" container="DynamicArray" arraySize="2">
          <containerEntry r11="0.15698017" r12="0.015640274" r13="0.9874775" r14="0" r21="-0.36819106" r22="0.9287168" r23="0.04382193" r24="0" r31="-0.91640157" r32="-0.3704597" r33="0.15154874" r34="0" r41="2225.5178" r42="-12.80512" r43="1570.0732" r44="1"></containerEntry>
          <containerEntry r11="0.94646555" r12="-0.07476133" r13="0.31402785" r14="0" r21="-0.13833673" r22="0.7850167" r23="0.6038302" r24="0" r31="-0.29166025" r32="-0.6149461" r33="0.7326491" r34="0" r41="2217.1812" r42="-9.6504" r43="1564.1455" r44="1"></containerEntry>
        </property>
        <property name="colors" type="UInt32" container="DynamicArray" arraySize="2">
          <containerEntry>4294967295</containerEntry>
          <containerEntry>4294967295</containerEntry>
        </property>
      </staticProperties>
      <dynamicProperties></dynamicProperties>
    </entity>
    <entity class="StaticModelArray" classVersion="4" classID="0xD0" addr="0x2D7EC50" id="0x0">
      <staticProperties>
        <property name="name" type="String" container="StaticArray" arraySize="1">
          <containerEntry>StaticModelArray0004</containerEntry>
        </property>
        <property name="dataSet" type="EntityHandle" container="StaticArray" arraySize="1">
          <containerEntry>0x2D7F890</containerEntry>
        </property>
        <property name="modelFile" type="FilePtr" container="StaticArray" arraySize="1">
          <containerEntry>/Assets/tpp/environ/object/middle_africa/rock/mafr_rock010/scenes/mafr_rock010.fmdl</containerEntry>
        </property>
        <property name="geomFile" type="FilePtr" container="StaticArray" arraySize="1">
          <containerEntry>/Assets/tpp/environ/object/middle_africa/rock/mafr_rock010/scenes/mafr_rock010.geom</containerEntry>
        </property>
        <property name="isVisibleGeom" type="Bool" container="StaticArray" arraySize="1">
          <containerEntry>false</containerEntry>
        </property>
        <property name="lodFarSize" type="Float" container="StaticArray" arraySize="1">
          <containerEntry>-1</containerEntry>
        </property>
        <property name="lodNearSize" type="Float" container="StaticArray" arraySize="1">
          <containerEntry>-1</containerEntry>
        </property>
        <property name="lodPolygonSize" type="Float" container="StaticArray" arraySize="1">
          <containerEntry>-1</containerEntry>
        </property>
        <property name="drawRejectionLevel" type="Int32" container="StaticArray" arraySize="1">
          <containerEntry>8</containerEntry>
        </property>
        <property name="drawMode" type="Int32" container="StaticArray" arraySize="1">
          <containerEntry>0</containerEntry>
        </property>
        <property name="rejectFarRangeShadowCast" type="Int32" container="StaticArray" arraySize="1">
          <containerEntry>2</containerEntry>
        </property>
        <property name="parentLocator" type="EntityLink" container="StaticArray" arraySize="1">
          <containerEntry packagePathHash="0xB8A0BF169F98" archivePathHash="0xB8A0BF169F98" nameInArchiveHash="0xB8A0BF169F98">0x0</containerEntry>
        </property>
        <property name="transforms" type="Matrix4" container="DynamicArray" arraySize="12">
          <containerEntry r11="-0.22414836" r12="-0.08679254" r13="0.970683" r14="0" r21="-0.05264169" r22="0.9956506" r23="0.07686912" r24="0" r31="-0.9731327" r32="-0.03386832" r33="-0.22774231" r34="0" r41="2227.621" r42="-13.022909" r43="1565.7551" r44="1"></containerEntry>
          <containerEntry r11="0.761553" r12="-0.17229742" r13="-0.6247811" r14="0" r21="0.1792846" r22="0.9824015" r23="-0.052387167" r24="0" r31="0.622812" r32="-0.072117835" r33="0.779041" r34="0" r41="2214.285" r42="-5.451034" r43="1549.2284" r44="1"></containerEntry>
          <containerEntry r11="0.41360378" r12="0.03865202" r13="0.9096364" r14="0" r21="-0.089023694" r22="0.9960278" r23="-0.0018446259" r24="0" r31="-0.90609443" r32="-0.080216214" r33="0.41540182" r34="0" r41="2265.3694" r42="-12.072671" r43="1583.2676" r44="1"></containerEntry>
          <containerEntry r11="0.48068437" r12="0.38160738" r13="-0.7895054" r14="0" r21="-0.41310146" r22="0.89272237" r23="0.17998357" r24="0" r31="0.77349216" r32="0.23963036" r33="0.58676016" r34="0" r41="2271.4214" r42="-11.42587" r43="1585.4253" r44="1"></containerEntry>
          <containerEntry r11="-0.95383775" r12="-0.30028647" r13="0.0049258284" r14="0" r21="-0.2750104" r22="0.87990505" r23="0.38747466" r24="0" r31="-0.120687574" r32="0.3682328" r33="-0.9218686" r34="0" r41="2282.3438" r42="-9.758795" r43="1595.9869" r44="1"></containerEntry>
          <containerEntry r11="0.47502476" r12="0.038111366" r13="0.87914824" r14="0" r21="0.07618839" r22="0.99352884" r23="-0.08423654" r24="0" r31="-0.8766695" r32="0.10699528" r33="0.46904713" r34="0" r41="2218.4187" r42="-7.73629" r43="1564.0286" r44="1"></containerEntry>
          <containerEntry r11="0.995188" r12="-0.09358926" r13="-0.029015355" r14="0" r21="0.09292251" r22="0.9953951" r23="-0.023536686" r24="0" r31="0.031084523" r32="0.020727247" r33="0.99930185" r34="0" r41="2268.5986" r42="-10.289815" r43="1628.9135" r44="1"></containerEntry>
          <containerEntry r11="0.93892926" r12="0.32588676" r13="-0.11049687" r14="0" r21="-0.40446565" r22="1.0546252" r23="-0.32649124" r24="0" r31="0.008618705" r32="0.29873687" r33="0.9542965" r34="0" r41="2275.5657" r42="-7.569393" r43="1644.7188" r44="1"></containerEntry>
          <containerEntry r11="-0.7377782" r12="-0.1562366" r13="0.65671164" r14="0" r21="0.109364346" r22="0.93233037" r23="0.3446729" r24="0" r31="-0.66612273" r32="0.3261136" r33="-0.6707661" r34="0" r41="2279.1873" r42="-7.187779" r43="1646.7885" r44="1"></containerEntry>
          <containerEntry r11="0.88932806" r12="-0.09350338" r13="0.44760793" r14="0" r21="0.15588753" r22="1.071391" r23="-0.08591562" r24="0" r31="-0.43415904" r32="0.13459796" r33="0.8907241" r34="0" r41="2278.0112" r42="-12.577743" r43="1602.8405" r44="1"></containerEntry>
          <containerEntry r11="0.4215682" r12="0.2726405" r13="-0.8648393" r14="0" r21="0.20458823" r22="0.9005427" r23="0.38362285" r24="0" r31="0.8834158" r32="-0.33865914" r33="0.32386112" r34="0" r41="2290.596" r42="-13.80335" r43="1617.2687" r44="1"></containerEntry>
          <containerEntry r11="0.24915484" r12="0.056030758" r13="0.9668411" r14="0" r21="0.2285791" r22="0.96671766" r23="-0.11492828" r24="0" r31="-0.9411019" r32="0.24963468" r33="0.22805494" r34="0" r41="2271.289" r42="-13.80335" r43="1613.227" r44="1"></containerEntry>
        </property>
        <property name="colors" type="UInt32" container="DynamicArray" arraySize="12">
          <containerEntry>4294967295</containerEntry>
          <containerEntry>4294967295</containerEntry>
          <containerEntry>4294967295</containerEntry>
          <containerEntry>4294967295</containerEntry>
          <containerEntry>4294967295</containerEntry>
          <containerEntry>4294967295</containerEntry>
          <containerEntry>4294967295</containerEntry>
          <containerEntry>4294967295</containerEntry>
          <containerEntry>4294967295</containerEntry>
          <containerEntry>4294967295</containerEntry>
          <containerEntry>4294967295</containerEntry>
          <containerEntry>4294967295</containerEntry>
        </property>
      </staticProperties>
      <dynamicProperties></dynamicProperties>
    </entity>
    <entity class="StaticModelArray" classVersion="4" classID="0xD0" addr="0x2D7E0F0" id="0x0">
      <staticProperties>
        <property name="name" type="String" container="StaticArray" arraySize="1">
          <containerEntry>StaticModelArray0005</containerEntry>
        </property>
        <property name="dataSet" type="EntityHandle" container="StaticArray" arraySize="1">
          <containerEntry>0x2D7F890</containerEntry>
        </property>
        <property name="modelFile" type="FilePtr" container="StaticArray" arraySize="1">
          <containerEntry>/Assets/tpp/environ/object/middle_africa/tree/mafr_tree038/scenes/mafr_tree038.fmdl</containerEntry>
        </property>
        <property name="geomFile" type="FilePtr" container="StaticArray" arraySize="1">
          <containerEntry>/Assets/tpp/environ/object/middle_africa/tree/mafr_tree038/scenes/mafr_tree038.geom</containerEntry>
        </property>
        <property name="isVisibleGeom" type="Bool" container="StaticArray" arraySize="1">
          <containerEntry>false</containerEntry>
        </property>
        <property name="lodFarSize" type="Float" container="StaticArray" arraySize="1">
          <containerEntry>-1</containerEntry>
        </property>
        <property name="lodNearSize" type="Float" container="StaticArray" arraySize="1">
          <containerEntry>-1</containerEntry>
        </property>
        <property name="lodPolygonSize" type="Float" container="StaticArray" arraySize="1">
          <containerEntry>-1</containerEntry>
        </property>
        <property name="drawRejectionLevel" type="Int32" container="StaticArray" arraySize="1">
          <containerEntry>8</containerEntry>
        </property>
        <property name="drawMode" type="Int32" container="StaticArray" arraySize="1">
          <containerEntry>0</containerEntry>
        </property>
        <property name="rejectFarRangeShadowCast" type="Int32" container="StaticArray" arraySize="1">
          <containerEntry>2</containerEntry>
        </property>
        <property name="parentLocator" type="EntityLink" container="StaticArray" arraySize="1">
          <containerEntry packagePathHash="0xB8A0BF169F98" archivePathHash="0xB8A0BF169F98" nameInArchiveHash="0xB8A0BF169F98">0x0</containerEntry>
        </property>
        <property name="transforms" type="Matrix4" container="DynamicArray" arraySize="4">
          <containerEntry r11="-0.9965186" r12="0" r13="-0.083313204" r14="0" r21="0" r22="1" r23="0" r24="0" r31="0.083313204" r32="0" r33="-0.9965186" r34="0" r41="2257.7385" r42="-14.58282" r43="1547.519" r44="1"></containerEntry>
          <containerEntry r11="0.94090897" r12="0" r13="0.3386507" r14="0" r21="0" r22="1" r23="0" r24="0" r31="-0.3386507" r32="0" r33="0.94090897" r34="0" r41="2286.8923" r42="-19.441097" r43="1584.7996" r44="1"></containerEntry>
          <containerEntry r11="0.38026482" r12="0" r13="0.924874" r14="0" r21="0" r22="1" r23="0" r24="0" r31="-0.924874" r32="0" r33="0.38026482" r34="0" r41="2294.0342" r42="-21.736855" r43="1584.9307" r44="1"></containerEntry>
          <containerEntry r11="-0.999963" r12="0" r13="0.008511915" r14="0" r21="0" r22="1" r23="0" r24="0" r31="-0.008511915" r32="0" r33="-0.999963" r34="0" r41="2268.7456" r42="-10.868185" r43="1564.5321" r44="1"></containerEntry>
        </property>
        <property name="colors" type="UInt32" container="DynamicArray" arraySize="4">
          <containerEntry>4294967295</containerEntry>
          <containerEntry>4294967295</containerEntry>
          <containerEntry>4294967295</containerEntry>
          <containerEntry>4294967295</containerEntry>
        </property>
      </staticProperties>
      <dynamicProperties></dynamicProperties>
    </entity>
    <entity class="StaticModelArray" classVersion="4" classID="0xD0" addr="0x2D7E400" id="0x0">
      <staticProperties>
        <property name="name" type="String" container="StaticArray" arraySize="1">
          <containerEntry>StaticModelArray0006</containerEntry>
        </property>
        <property name="dataSet" type="EntityHandle" container="StaticArray" arraySize="1">
          <containerEntry>0x2D7F890</containerEntry>
        </property>
        <property name="modelFile" type="FilePtr" container="StaticArray" arraySize="1">
          <containerEntry>/Assets/tpp/environ/object/middle_africa/mud/mafr_mudd003/scenes/mafr_mudd003_grnd001.fmdl</containerEntry>
        </property>
        <property name="geomFile" type="FilePtr" container="StaticArray" arraySize="1">
          <containerEntry>/Assets/tpp/environ/object/middle_africa/mud/mafr_mudd003/scenes/mafr_mudd003_grnd001.geom</containerEntry>
        </property>
        <property name="isVisibleGeom" type="Bool" container="StaticArray" arraySize="1">
          <containerEntry>false</containerEntry>
        </property>
        <property name="lodFarSize" type="Float" container="StaticArray" arraySize="1">
          <containerEntry>-1</containerEntry>
        </property>
        <property name="lodNearSize" type="Float" container="StaticArray" arraySize="1">
          <containerEntry>-1</containerEntry>
        </property>
        <property name="lodPolygonSize" type="Float" container="StaticArray" arraySize="1">
          <containerEntry>-1</containerEntry>
        </property>
        <property name="drawRejectionLevel" type="Int32" container="StaticArray" arraySize="1">
          <containerEntry>8</containerEntry>
        </property>
        <property name="drawMode" type="Int32" container="StaticArray" arraySize="1">
          <containerEntry>0</containerEntry>
        </property>
        <property name="rejectFarRangeShadowCast" type="Int32" container="StaticArray" arraySize="1">
          <containerEntry>2</containerEntry>
        </property>
        <property name="parentLocator" type="EntityLink" container="StaticArray" arraySize="1">
          <containerEntry packagePathHash="0xB8A0BF169F98" archivePathHash="0xB8A0BF169F98" nameInArchiveHash="0xB8A0BF169F98">0x0</containerEntry>
        </property>
        <property name="transforms" type="Matrix4" container="DynamicArray" arraySize="3">
          <containerEntry r11="0.5121434" r12="0" r13="0.8589001" r14="0" r21="0" r22="1" r23="0" r24="0" r31="-0.8589001" r32="0" r33="0.5121434" r34="0" r41="2238.79" r42="-12.071655" r43="1578.4745" r44="1"></containerEntry>
          <containerEntry r11="-0.93205905" r12="0" r13="-0.36230677" r14="0" r21="0" r22="1" r23="0" r24="0" r31="0.36230677" r32="0" r33="-0.93205905" r34="0" r41="2289.2349" r42="-12.071655" r43="1621.018" r44="1"></containerEntry>
          <containerEntry r11="-0.21048391" r12="0" r13="0.9775977" r14="0" r21="0" r22="1" r23="0" r24="0" r31="-0.9775977" r32="0" r33="-0.21048391" r34="0" r41="2288.8555" r42="-12.071655" r43="1607.0643" r44="1"></containerEntry>
        </property>
        <property name="colors" type="UInt32" container="DynamicArray" arraySize="3">
          <containerEntry>4294967295</containerEntry>
          <containerEntry>4294967295</containerEntry>
          <containerEntry>4294967295</containerEntry>
        </property>
      </staticProperties>
      <dynamicProperties></dynamicProperties>
    </entity>
    <entity class="StaticModelArray" classVersion="4" classID="0xD0" addr="0x2D7E630" id="0x0">
      <staticProperties>
        <property name="name" type="String" container="StaticArray" arraySize="1">
          <containerEntry>StaticModelArray0007</containerEntry>
        </property>
        <property name="dataSet" type="EntityHandle" container="StaticArray" arraySize="1">
          <containerEntry>0x2D7F890</containerEntry>
        </property>
        <property name="modelFile" type="FilePtr" container="StaticArray" arraySize="1">
          <containerEntry>/Assets/tpp/environ/object/middle_africa/mud/mafr_mudd003/scenes/mafr_mudd003_rock001.fmdl</containerEntry>
        </property>
        <property name="geomFile" type="FilePtr" container="StaticArray" arraySize="1">
          <containerEntry>/Assets/tpp/environ/object/middle_africa/mud/mafr_mudd003/scenes/mafr_mudd003_rock001.geom</containerEntry>
        </property>
        <property name="isVisibleGeom" type="Bool" container="StaticArray" arraySize="1">
          <containerEntry>false</containerEntry>
        </property>
        <property name="lodFarSize" type="Float" container="StaticArray" arraySize="1">
          <containerEntry>-1</containerEntry>
        </property>
        <property name="lodNearSize" type="Float" container="StaticArray" arraySize="1">
          <containerEntry>-1</containerEntry>
        </property>
        <property name="lodPolygonSize" type="Float" container="StaticArray" arraySize="1">
          <containerEntry>-1</containerEntry>
        </property>
        <property name="drawRejectionLevel" type="Int32" container="StaticArray" arraySize="1">
          <containerEntry>8</containerEntry>
        </property>
        <property name="drawMode" type="Int32" container="StaticArray" arraySize="1">
          <containerEntry>0</containerEntry>
        </property>
        <property name="rejectFarRangeShadowCast" type="Int32" container="StaticArray" arraySize="1">
          <containerEntry>2</containerEntry>
        </property>
        <property name="parentLocator" type="EntityLink" container="StaticArray" arraySize="1">
