<fox formatVersion="2" fileVersion="0">
  <entities>
    <entity class="DataSet" classVersion="0" classID="0xE8" addr="0x3304990" id="0x3953E">
      <staticProperties>
        <property name="name" type="String" container="StaticArray" arraySize="1">
          <containerEntry hash="0xB8A0BF169F98"></containerEntry>
        </property>
        <property name="dataSet" type="EntityHandle" container="StaticArray" arraySize="1">
          <containerEntry>0x0</containerEntry>
        </property>
        <property name="dataList" type="EntityPtr" container="StringMap" arraySize="12">
          <containerEntry key="mafr_clff015_wall002_0005">
            <data>0x33029A0</data>
          </containerEntry>
          <containerEntry key="mafr_tree031_vrtn007_0000">
            <data>0x317B300</data>
          </containerEntry>
          <containerEntry key="mafr_tree031_vrtn008_0000">
            <data>0x317B450</data>
          </containerEntry>
          <containerEntry key="StaticModelArray0000">
            <data>0x317EE10</data>
          </containerEntry>
          <containerEntry key="StaticModelArray0001">
            <data>0x317EE80</data>
          </containerEntry>
          <containerEntry key="StaticModelArray0002">
            <data>0x317EEF0</data>
          </containerEntry>
          <containerEntry key="StaticModelArray0003">
            <data>0x317EF60</data>
          </containerEntry>
          <containerEntry key="StaticModelArray0004">
            <data>0x317EFD0</data>
          </containerEntry>
          <containerEntry key="StaticModelArray0005">
            <data>0x3304E60</data>
          </containerEntry>
          <containerEntry key="StaticModelArray0006">
            <data>0x3176360</data>
          </containerEntry>
          <containerEntry key="GeoxPathPack0000">
            <data>0x317EDA0</data>
          </containerEntry>
          <containerEntry key="TexturePackLoadConditioner0000">
            <data>0x317F7B0</data>
          </containerEntry>
        </property>
      </staticProperties>
      <dynamicProperties></dynamicProperties>
    </entity>
    <entity class="StaticModel" classVersion="9" classID="0x160" addr="0x33029A0" id="0x395E2">
      <staticProperties>
        <property name="name" type="String" container="StaticArray" arraySize="1">
          <containerEntry>mafr_clff015_wall002_0005</containerEntry>
        </property>
        <property name="dataSet" type="EntityHandle" container="StaticArray" arraySize="1">
          <containerEntry>0x3304990</containerEntry>
        </property>
        <property name="parent" type="EntityHandle" container="StaticArray" arraySize="1">
          <containerEntry>0x0</containerEntry>
        </property>
        <property name="transform" type="EntityPtr" container="StaticArray" arraySize="1">
          <containerEntry>0x3302930</containerEntry>
        </property>
        <property name="shearTransform" type="EntityPtr" container="StaticArray" arraySize="1">
          <containerEntry>0x0</containerEntry>
        </property>
        <property name="pivotTransform" type="EntityPtr" container="StaticArray" arraySize="1">
          <containerEntry>0x0</containerEntry>
        </property>
        <property name="children" type="EntityHandle" container="List"></property>
        <property name="flags" type="UInt32" container="StaticArray" arraySize="1">
          <containerEntry>3221225479</containerEntry>
        </property>
        <property name="modelFile" type="FilePtr" container="StaticArray" arraySize="1">
          <containerEntry>/Assets/tpp/environ/object/middle_africa/cliff/mafr_clff015/scenes/mafr_clff015_wall002.fmdl</containerEntry>
        </property>
        <property name="geomFile" type="FilePtr" container="StaticArray" arraySize="1">
          <containerEntry>/Assets/tpp/environ/object/middle_africa/cliff/mafr_clff015/scenes/mafr_clff015_wall002.geom</containerEntry>
        </property>
        <property name="isVisibleGeom" type="Bool" container="StaticArray" arraySize="1">
          <containerEntry>false</containerEntry>
        </property>
        <property name="isIsolated" type="Bool" container="StaticArray" arraySize="1">
          <containerEntry>false</containerEntry>
        </property>
        <property name="lodFarSize" type="Float" container="StaticArray" arraySize="1">
          <containerEntry>-1</containerEntry>
        </property>
        <property name="lodNearSize" type="Float" container="StaticArray" arraySize="1">
          <containerEntry>-1</containerEntry>
        </property>
        <property name="lodPolygonSize" type="Float" container="StaticArray" arraySize="1">
          <containerEntry>-1</containerEntry>
        </property>
        <property name="color" type="Color" container="StaticArray" arraySize="1">
          <containerEntry r="1" g="1" b="1" a="1"></containerEntry>
        </property>
        <property name="drawRejectionLevel" type="Int32" container="StaticArray" arraySize="1">
          <containerEntry>8</containerEntry>
        </property>
        <property name="drawMode" type="Int32" container="StaticArray" arraySize="1">
          <containerEntry>0</containerEntry>
        </property>
        <property name="rejectFarRangeShadowCast" type="Int32" container="StaticArray" arraySize="1">
          <containerEntry>2</containerEntry>
        </property>
      </staticProperties>
      <dynamicProperties></dynamicProperties>
    </entity>
    <entity class="TransformEntity" classVersion="0" classID="0x50" addr="0x3302930" id="0x395E5">
      <staticProperties>
        <property name="owner" type="EntityHandle" container="StaticArray" arraySize="1">
          <containerEntry>0x33029A0</containerEntry>
        </property>
        <property name="transform_scale" type="Vector3" container="StaticArray" arraySize="1">
          <containerEntry x="1" y="1" z="1" w="0"></containerEntry>
        </property>
        <property name="transform_rotation_quat" type="Quat" container="StaticArray" arraySize="1">
          <containerEntry x="-0.069355" y="0.792801" z="-0.043565" w="-0.603949"></containerEntry>
        </property>
        <property name="transform_translation" type="Vector3" container="StaticArray" arraySize="1">
          <containerEntry x="1455.4296" y="137.80702" z="-2108.916" w="1"></containerEntry>
        </property>
      </staticProperties>
      <dynamicProperties></dynamicProperties>
    </entity>
    <entity class="StaticModel" classVersion="9" classID="0x160" addr="0x317B300" id="0x39852">
      <staticProperties>
        <property name="name" type="String" container="StaticArray" arraySize="1">
          <containerEntry>mafr_tree031_vrtn007_0000</containerEntry>
        </property>
        <property name="dataSet" type="EntityHandle" container="StaticArray" arraySize="1">
          <containerEntry>0x3304990</containerEntry>
        </property>
        <property name="parent" type="EntityHandle" container="StaticArray" arraySize="1">
          <containerEntry>0x0</containerEntry>
        </property>
        <property name="transform" type="EntityPtr" container="StaticArray" arraySize="1">
          <containerEntry>0x317B370</containerEntry>
        </property>
        <property name="shearTransform" type="EntityPtr" container="StaticArray" arraySize="1">
          <containerEntry>0x0</containerEntry>
        </property>
        <property name="pivotTransform" type="EntityPtr" container="StaticArray" arraySize="1">
          <containerEntry>0x0</containerEntry>
        </property>
        <property name="children" type="EntityHandle" container="List"></property>
        <property name="flags" type="UInt32" container="StaticArray" arraySize="1">
          <containerEntry>7</containerEntry>
        </property>
        <property name="modelFile" type="FilePtr" container="StaticArray" arraySize="1">
          <containerEntry>/Assets/tpp/environ/object/middle_africa/tree/mafr_tree031/scenes/mafr_tree031_vrtn007.fmdl</containerEntry>
        </property>
        <property name="geomFile" type="FilePtr" container="StaticArray" arraySize="1">
          <containerEntry>/Assets/tpp/environ/object/middle_africa/tree/mafr_tree031/scenes/mafr_tree031_vrtn007.geom</containerEntry>
        </property>
        <property name="isVisibleGeom" type="Bool" container="StaticArray" arraySize="1">
          <containerEntry>false</containerEntry>
        </property>
        <property name="isIsolated" type="Bool" container="StaticArray" arraySize="1">
          <containerEntry>false</containerEntry>
        </property>
        <property name="lodFarSize" type="Float" container="StaticArray" arraySize="1">
          <containerEntry>-1</containerEntry>
        </property>
        <property name="lodNearSize" type="Float" container="StaticArray" arraySize="1">
          <containerEntry>-1</containerEntry>
        </property>
        <property name="lodPolygonSize" type="Float" container="StaticArray" arraySize="1">
          <containerEntry>-1</containerEntry>
        </property>
        <property name="color" type="Color" container="StaticArray" arraySize="1">
          <containerEntry r="1" g="1" b="1" a="1"></containerEntry>
        </property>
        <property name="drawRejectionLevel" type="Int32" container="StaticArray" arraySize="1">
          <containerEntry>8</containerEntry>
        </property>
        <property name="drawMode" type="Int32" container="StaticArray" arraySize="1">
          <containerEntry>0</containerEntry>
        </property>
        <property name="rejectFarRangeShadowCast" type="Int32" container="StaticArray" arraySize="1">
          <containerEntry>2</containerEntry>
        </property>
      </staticProperties>
      <dynamicProperties></dynamicProperties>
    </entity>
    <entity class="TransformEntity" classVersion="0" classID="0x50" addr="0x317B370" id="0x39855">
      <staticProperties>
        <property name="owner" type="EntityHandle" container="StaticArray" arraySize="1">
          <containerEntry>0x317B300</containerEntry>
        </property>
        <property name="transform_scale" type="Vector3" container="StaticArray" arraySize="1">
          <containerEntry x="1" y="1" z="1" w="0"></containerEntry>
        </property>
        <property name="transform_rotation_quat" type="Quat" container="StaticArray" arraySize="1">
          <containerEntry x="0" y="0.462916" z="0" w="0.886402"></containerEntry>
        </property>
        <property name="transform_translation" type="Vector3" container="StaticArray" arraySize="1">
          <containerEntry x="1393.8359" y="159.85544" z="-2098.399" w="0"></containerEntry>
        </property>
      </staticProperties>
      <dynamicProperties></dynamicProperties>
    </entity>
    <entity class="StaticModel" classVersion="9" classID="0x160" addr="0x317B450" id="0x39859">
      <staticProperties>
        <property name="name" type="String" container="StaticArray" arraySize="1">
          <containerEntry>mafr_tree031_vrtn008_0000</containerEntry>
        </property>
        <property name="dataSet" type="EntityHandle" container="StaticArray" arraySize="1">
          <containerEntry>0x3304990</containerEntry>
        </property>
        <property name="parent" type="EntityHandle" container="StaticArray" arraySize="1">
          <containerEntry>0x0</containerEntry>
        </property>
        <property name="transform" type="EntityPtr" container="StaticArray" arraySize="1">
          <containerEntry>0x317B4C0</containerEntry>
        </property>
        <property name="shearTransform" type="EntityPtr" container="StaticArray" arraySize="1">
          <containerEntry>0x0</containerEntry>
        </property>
        <property name="pivotTransform" type="EntityPtr" container="StaticArray" arraySize="1">
          <containerEntry>0x0</containerEntry>
        </property>
        <property name="children" type="EntityHandle" container="List"></property>
        <property name="flags" type="UInt32" container="StaticArray" arraySize="1">
          <containerEntry>7</containerEntry>
        </property>
        <property name="modelFile" type="FilePtr" container="StaticArray" arraySize="1">
          <containerEntry>/Assets/tpp/environ/object/middle_africa/tree/mafr_tree031/scenes/mafr_tree031_vrtn008.fmdl</containerEntry>
        </property>
        <property name="geomFile" type="FilePtr" container="StaticArray" arraySize="1">
          <containerEntry>/Assets/tpp/environ/object/middle_africa/tree/mafr_tree031/scenes/mafr_tree031_vrtn008.geom</containerEntry>
        </property>
        <property name="isVisibleGeom" type="Bool" container="StaticArray" arraySize="1">
          <containerEntry>false</containerEntry>
        </property>
        <property name="isIsolated" type="Bool" container="StaticArray" arraySize="1">
          <containerEntry>false</containerEntry>
        </property>
        <property name="lodFarSize" type="Float" container="StaticArray" arraySize="1">
          <containerEntry>-1</containerEntry>
        </property>
        <property name="lodNearSize" type="Float" container="StaticArray" arraySize="1">
          <containerEntry>-1</containerEntry>
        </property>
        <property name="lodPolygonSize" type="Float" container="StaticArray" arraySize="1">
          <containerEntry>-1</containerEntry>
        </property>
        <property name="color" type="Color" container="StaticArray" arraySize="1">
          <containerEntry r="1" g="1" b="1" a="1"></containerEntry>
        </property>
        <property name="drawRejectionLevel" type="Int32" container="StaticArray" arraySize="1">
          <containerEntry>8</containerEntry>
        </property>
        <property name="drawMode" type="Int32" container="StaticArray" arraySize="1">
          <containerEntry>0</containerEntry>
        </property>
        <property name="rejectFarRangeShadowCast" type="Int32" container="StaticArray" arraySize="1">
          <containerEntry>2</containerEntry>
        </property>
      </staticProperties>
      <dynamicProperties></dynamicProperties>
    </entity>
    <entity class="TransformEntity" classVersion="0" classID="0x50" addr="0x317B4C0" id="0x3985C">
      <staticProperties>
        <property name="owner" type="EntityHandle" container="StaticArray" arraySize="1">
          <containerEntry>0x317B450</containerEntry>
        </property>
        <property name="transform_scale" type="Vector3" container="StaticArray" arraySize="1">
          <containerEntry x="1" y="1" z="1" w="0"></containerEntry>
        </property>
        <property name="transform_rotation_quat" type="Quat" container="StaticArray" arraySize="1">
          <containerEntry x="0" y="0" z="0" w="1"></containerEntry>
        </property>
        <property name="transform_translation" type="Vector3" container="StaticArray" arraySize="1">
          <containerEntry x="1373.9573" y="159.98602" z="-2085.6748" w="0"></containerEntry>
        </property>
      </staticProperties>
      <dynamicProperties></dynamicProperties>
    </entity>
    <entity class="StaticModelArray" classVersion="4" classID="0xD0" addr="0x317EE10" id="0x0">
      <staticProperties>
        <property name="name" type="String" container="StaticArray" arraySize="1">
          <containerEntry>StaticModelArray0000</containerEntry>
        </property>
        <property name="dataSet" type="EntityHandle" container="StaticArray" arraySize="1">
          <containerEntry>0x3304990</containerEntry>
        </property>
        <property name="modelFile" type="FilePtr" container="StaticArray" arraySize="1">
          <containerEntry>/Assets/tpp/environ/object/middle_africa/cliff/mafr_clff004/scenes/mafr_clff004_rock001.fmdl</containerEntry>
        </property>
        <property name="geomFile" type="FilePtr" container="StaticArray" arraySize="1">
          <containerEntry>/Assets/tpp/environ/object/middle_africa/cliff/mafr_clff004/scenes/mafr_clff004_rock001.geom</containerEntry>
        </property>
        <property name="isVisibleGeom" type="Bool" container="StaticArray" arraySize="1">
          <containerEntry>false</containerEntry>
        </property>
        <property name="lodFarSize" type="Float" container="StaticArray" arraySize="1">
          <containerEntry>-1</containerEntry>
        </property>
        <property name="lodNearSize" type="Float" container="StaticArray" arraySize="1">
          <containerEntry>-1</containerEntry>
        </property>
        <property name="lodPolygonSize" type="Float" container="StaticArray" arraySize="1">
          <containerEntry>-1</containerEntry>
        </property>
        <property name="drawRejectionLevel" type="Int32" container="StaticArray" arraySize="1">
          <containerEntry>8</containerEntry>
        </property>
        <property name="drawMode" type="Int32" container="StaticArray" arraySize="1">
          <containerEntry>0</containerEntry>
        </property>
        <property name="rejectFarRangeShadowCast" type="Int32" container="StaticArray" arraySize="1">
          <containerEntry>2</containerEntry>
        </property>
        <property name="parentLocator" type="EntityLink" container="StaticArray" arraySize="1">
          <containerEntry packagePathHash="0xB8A0BF169F98" archivePathHash="0xB8A0BF169F98" nameInArchiveHash="0xB8A0BF169F98">0x0</containerEntry>
        </property>
        <property name="transforms" type="Matrix4" container="DynamicArray" arraySize="2">
          <containerEntry r11="-1.4192982" r12="0" r13="0.48537874" r14="0" r21="0" r22="1.5" r23="0" r24="0" r31="-0.48537874" r32="0" r33="-1.4192982" r34="0" r41="1521.4344" r42="144.7298" r43="-2092.0815" r44="1"></containerEntry>
          <containerEntry r11="0.19468859" r12="0" r13="-1.4873122" r14="0" r21="0" r22="1.5" r23="0" r24="0" r31="1.4873122" r32="0" r33="0.19468859" r34="0" r41="1513.1145" r42="141.45023" r43="-2064.0051" r44="1"></containerEntry>
        </property>
        <property name="colors" type="UInt32" container="DynamicArray" arraySize="2">
          <containerEntry>4294967295</containerEntry>
          <containerEntry>4294967295</containerEntry>
        </property>
      </staticProperties>
      <dynamicProperties></dynamicProperties>
    </entity>
    <entity class="StaticModelArray" classVersion="4" classID="0xD0" addr="0x317EE80" id="0x0">
      <staticProperties>
        <property name="name" type="String" container="StaticArray" arraySize="1">
          <containerEntry>StaticModelArray0001</containerEntry>
        </property>
        <property name="dataSet" type="EntityHandle" container="StaticArray" arraySize="1">
          <containerEntry>0x3304990</containerEntry>
        </property>
        <property name="modelFile" type="FilePtr" container="StaticArray" arraySize="1">
          <containerEntry>/Assets/tpp/environ/object/middle_africa/cliff/mafr_clff003/scenes/mafr_clff003.fmdl</containerEntry>
        </property>
        <property name="geomFile" type="FilePtr" container="StaticArray" arraySize="1">
          <containerEntry>/Assets/tpp/environ/object/middle_africa/cliff/mafr_clff003/scenes/mafr_clff003.geom</containerEntry>
        </property>
        <property name="isVisibleGeom" type="Bool" container="StaticArray" arraySize="1">
          <containerEntry>false</containerEntry>
        </property>
        <property name="lodFarSize" type="Float" container="StaticArray" arraySize="1">
          <containerEntry>-1</containerEntry>
        </property>
        <property name="lodNearSize" type="Float" container="StaticArray" arraySize="1">
          <containerEntry>-1</containerEntry>
        </property>
        <property name="lodPolygonSize" type="Float" container="StaticArray" arraySize="1">
          <containerEntry>-1</containerEntry>
        </property>
        <property name="drawRejectionLevel" type="Int32" container="StaticArray" arraySize="1">
          <containerEntry>8</containerEntry>
        </property>
        <property name="drawMode" type="Int32" container="StaticArray" arraySize="1">
          <containerEntry>0</containerEntry>
        </property>
        <property name="rejectFarRangeShadowCast" type="Int32" container="StaticArray" arraySize="1">
          <containerEntry>2</containerEntry>
        </property>
        <property name="parentLocator" type="EntityLink" container="StaticArray" arraySize="1">
          <containerEntry packagePathHash="0xB8A0BF169F98" archivePathHash="0xB8A0BF169F98" nameInArchiveHash="0xB8A0BF169F98">0x0</containerEntry>
        </property>
        <property name="transforms" type="Matrix4" container="DynamicArray" arraySize="3">
          <containerEntry r11="0.56763864" r12="0.0055251624" r13="-0.8232593" r14="0" r21="0.06667478" r22="0.9963842" r23="0.05265943" r24="0" r31="0.8205735" r32="-0.08478216" r33="0.56521773" r34="0" r41="1420.9004" r42="164.7936" r43="-2072.4832" r44="1"></containerEntry>
          <containerEntry r11="0.23654261" r12="-0.03218761" r13="-0.9710877" r14="0" r21="0.14258027" r22="0.9897813" r23="0.0019232035" r24="0" r31="0.9611026" r32="-0.13891289" r33="0.23871475" r34="0" r41="1452.0903" r42="167.58359" r43="-2121.373" r44="1"></containerEntry>
          <containerEntry r11="-0.40135488" r12="0.0751" r13="-0.9128365" r14="0" r21="0.06667378" r22="0.9963843" r23="0.052658416" r24="0" r31="0.9134906" r32="-0.039727535" r33="-0.40491092" r34="0" r41="1443.3011" r42="163.78761" r43="-2172.3474" r44="1"></containerEntry>
        </property>
        <property name="colors" type="UInt32" container="DynamicArray" arraySize="3">
          <containerEntry>4294967295</containerEntry>
          <containerEntry>4294967295</containerEntry>
          <containerEntry>4294967295</containerEntry>
        </property>
      </staticProperties>
      <dynamicProperties></dynamicProperties>
    </entity>
    <entity class="StaticModelArray" classVersion="4" classID="0xD0" addr="0x317EEF0" id="0x0">
      <staticProperties>
        <property name="name" type="String" container="StaticArray" arraySize="1">
          <containerEntry>StaticModelArray0002</containerEntry>
        </property>
        <property name="dataSet" type="EntityHandle" container="StaticArray" arraySize="1">
          <containerEntry>0x3304990</containerEntry>
        </property>
        <property name="modelFile" type="FilePtr" container="StaticArray" arraySize="1">
          <containerEntry>/Assets/tpp/environ/object/middle_africa/tree/mafr_tree032/scenes/mafr_tree032.fmdl</containerEntry>
        </property>
        <property name="geomFile" type="FilePtr" container="StaticArray" arraySize="1">
          <containerEntry>/Assets/tpp/environ/object/middle_africa/tree/mafr_tree032/scenes/mafr_tree032.geom</containerEntry>
        </property>
        <property name="isVisibleGeom" type="Bool" container="StaticArray" arraySize="1">
          <containerEntry>false</containerEntry>
        </property>
        <property name="lodFarSize" type="Float" container="StaticArray" arraySize="1">
          <containerEntry>-1</containerEntry>
        </property>
        <property name="lodNearSize" type="Float" container="StaticArray" arraySize="1">
          <containerEntry>-1</containerEntry>
        </property>
        <property name="lodPolygonSize" type="Float" container="StaticArray" arraySize="1">
          <containerEntry>-1</containerEntry>
        </property>
        <property name="drawRejectionLevel" type="Int32" container="StaticArray" arraySize="1">
          <containerEntry>8</containerEntry>
        </property>
        <property name="drawMode" type="Int32" container="StaticArray" arraySize="1">
          <containerEntry>0</containerEntry>
        </property>
        <property name="rejectFarRangeShadowCast" type="Int32" container="StaticArray" arraySize="1">
          <containerEntry>2</containerEntry>
        </property>
        <property name="parentLocator" type="EntityLink" container="StaticArray" arraySize="1">
          <containerEntry packagePathHash="0xB8A0BF169F98" archivePathHash="0xB8A0BF169F98" nameInArchiveHash="0xB8A0BF169F98">0x0</containerEntry>
        </property>
        <property name="transforms" type="Matrix4" container="DynamicArray" arraySize="17">
          <containerEntry r11="0.50569427" r12="0.09668346" r13="-0.8572777" r14="0" r21="-0.07451734" r22="0.9948817" r23="0.06824579" r24="0" r31="0.8594882" r32="0.029370597" r33="0.51031065" r34="0" r41="1439.902" r42="163.4077" r43="-2175.321" r44="1"></containerEntry>
          <containerEntry r11="-0.2628022" r12="0.04642506" r13="-0.9637308" r14="0" r21="-0.07451789" r22="0.99488163" r23="0.06824618" r24="0" r31="0.9619664" r32="0.089750595" r33="-0.25799763" r34="0" r41="1447.5107" r42="164.01219" r43="-2164.8992" r44="1"></containerEntry>
          <containerEntry r11="-0.118775696" r12="0.13120133" r13="-0.9842147" r14="0" r21="-0.0056533143" r22="0.99112606" r23="0.1328049" r24="0" r31="0.9929051" r32="0.021338068" r33="-0.11697996" r34="0" r41="1452.1112" r42="161.62415" r43="-2143.505" r44="1"></containerEntry>
          <containerEntry r11="-0.118775696" r12="0.13120133" r13="-0.9842147" r14="0" r21="-0.0056533143" r22="0.99112606" r23="0.1328049" r24="0" r31="0.9929051" r32="0.021338068" r33="-0.11697996" r34="0" r41="1452.1112" r42="160.36879" r43="-2129.0593" r44="1"></containerEntry>
          <containerEntry r11="-0.92846805" r12="0.006942184" r13="0.37134764" r14="0" r21="-0.006305979" r22="0.99938655" r23="-0.03444973" r24="0" r31="-0.37135896" r32="-0.034327183" r33="-0.9278547" r34="0" r41="1452.066" r42="166.89339" r43="-2125.6514" r44="1"></containerEntry>
          <containerEntry r11="-0.7761398" r12="0.07255067" r13="0.6263724" r14="0" r21="-0.009806227" r22="0.9918499" r23="-0.12703364" r24="0" r31="-0.6304838" r32="-0.10473828" r33="-0.76910275" r34="0" r41="1462.6522" r42="158.30273" r43="-2104.1821" r44="1"></containerEntry>
          <containerEntry r11="-0.20856173" r12="0.05338918" r13="0.97655076" r14="0" r21="-0.15703201" r22="0.9837258" r23="-0.08731874" r24="0" r31="-0.96532005" r32="-0.17156109" r33="-0.19678372" r34="0" r41="1453.463" r42="167.89194" r43="-2114.2676" r44="1"></containerEntry>
          <containerEntry r11="-0.22631784" r12="0.091971956" r13="0.9697009" r14="0" r21="-0.13030207" r22="0.9837258" r23="-0.1237133" r24="0" r31="-0.9652979" r32="-0.15435274" r33="-0.2106505" r34="0" r41="1472.3475" r42="155.75632" r43="-2124.8508" r44="1"></containerEntry>
          <containerEntry r11="-0.6999091" r12="-0.05940504" r13="0.7117583" r14="0" r21="-0.062219393" r22="0.9978178" r23="0.022096751" r24="0" r31="-0.7115179" r32="-0.028819451" r33="-0.7020779" r34="0" r41="1457.7335" r42="156.13847" r43="-2090.2659" r44="1"></containerEntry>
          <containerEntry r11="-0.6999091" r12="-0.05940504" r13="0.7117583" r14="0" r21="-0.062219393" r22="0.9978178" r23="0.022096751" r24="0" r31="-0.7115179" r32="-0.028819451" r33="-0.7020779" r34="0" r41="1414.2699" r42="165.45155" r43="-2068.619" r44="1"></containerEntry>
          <containerEntry r11="-0.6956421" r12="-0.05923322" r13="0.7159425" r14="0" r21="-0.06222003" r22="0.99781775" r23="0.022098273" r24="0" r31="-0.71568906" r32="-0.029173471" r33="-0.6978096" r34="0" r41="1428.3004" r42="164.07082" r43="-2072.1543" r44="1"></containerEntry>
          <containerEntry r11="-0.88773566" r12="0.008843815" r13="0.46027115" r14="0" r21="-0.024789548" r22="0.9974465" r23="-0.06697745" r24="0" r31="-0.45968816" r32="-0.0708681" r33="-0.8852496" r34="0" r41="1433.5583" r42="163.6246" r43="-2080.142" r44="1"></containerEntry>
          <containerEntry r11="0.88206726" r12="0.09991735" r13="0.46040595" r14="0" r21="-0.06635979" r22="0.99385864" r23="-0.08855204" r24="0" r31="-0.4664263" r32="0.04755636" r33="0.88328063" r34="0" r41="1445.7444" r42="167.27249" r43="-2089.7527" r44="1"></containerEntry>
          <containerEntry r11="0.78929126" r12="0.0015731752" r13="-0.6140166" r14="0" r21="-0.03044089" r22="0.9988673" r23="-0.03657117" r24="0" r31="0.61326355" r32="0.04755653" r33="0.7884451" r34="0" r41="1447.3308" r42="169.32985" r43="-2105.1409" r44="1"></containerEntry>
          <containerEntry r11="-0.6956421" r12="-0.05923322" r13="0.7159425" r14="0" r21="-0.06222003" r22="0.99781775" r23="0.022098273" r24="0" r31="-0.71568906" r32="-0.029173471" r33="-0.6978096" r34="0" r41="1412.8694" r42="165.4794" r43="-2061.1614" r44="1"></containerEntry>
          <containerEntry r11="-0.6956421" r12="-0.05923322" r13="0.7159425" r14="0" r21="-0.06222003" r22="0.99781775" r23="0.022098273" r24="0" r31="-0.71568906" r32="-0.029173471" r33="-0.6978096" r34="0" r41="1407.1445" r42="164.99193" r43="-2055.2695" r44="1"></containerEntry>
          <containerEntry r11="0.78929126" r12="0.0015731752" r13="-0.6140166" r14="0" r21="-0.03044089" r22="0.9988673" r23="-0.03657117" r24="0" r31="0.61326355" r32="0.04755653" r33="0.7884451" r34="0" r41="1445.5066" r42="169.84705" r43="-2098.5173" r44="1"></containerEntry>
        </property>
        <property name="colors" type="UInt32" container="DynamicArray" arraySize="17">
          <containerEntry>4294967295</containerEntry>
          <containerEntry>4294967295</containerEntry>
          <containerEntry>4294967295</containerEntry>
          <containerEntry>4294967295</containerEntry>
          <containerEntry>4294967295</containerEntry>
          <containerEntry>4294967295</containerEntry>
          <containerEntry>4294967295</containerEntry>
          <containerEntry>4294967295</containerEntry>
          <containerEntry>4294967295</containerEntry>
          <containerEntry>4294967295</containerEntry>
          <containerEntry>4294967295</containerEntry>
          <containerEntry>4294967295</containerEntry>
          <containerEntry>4294967295</containerEntry>
          <containerEntry>4294967295</containerEntry>
          <containerEntry>4294967295</containerEntry>
          <containerEntry>4294967295</containerEntry>
          <containerEntry>4294967295</containerEntry>
        </property>
      </staticProperties>
      <dynamicProperties></dynamicProperties>
    </entity>
    <entity class="StaticModelArray" classVersion="4" classID="0xD0" addr="0x317EF60" id="0x0">
      <staticProperties>
        <property name="name" type="String" container="StaticArray" arraySize="1">
          <containerEntry>StaticModelArray0003</containerEntry>
        </property>
        <property name="dataSet" type="EntityHandle" container="StaticArray" arraySize="1">
          <containerEntry>0x3304990</containerEntry>
        </property>
        <property name="modelFile" type="FilePtr" container="StaticArray" arraySize="1">
          <containerEntry>/Assets/tpp/environ/object/middle_africa/cliff/mafr_clff004/scenes/mafr_clff004_grnd001.fmdl</containerEntry>
        </property>
        <property name="geomFile" type="FilePtr" container="StaticArray" arraySize="1">
          <containerEntry>/Assets/tpp/environ/object/middle_africa/cliff/mafr_clff004/scenes/mafr_clff004_grnd001.geom</containerEntry>
        </property>
        <property name="isVisibleGeom" type="Bool" container="StaticArray" arraySize="1">
          <containerEntry>false</containerEntry>
        </property>
        <property name="lodFarSize" type="Float" container="StaticArray" arraySize="1">
          <containerEntry>-1</containerEntry>
        </property>
        <property name="lodNearSize" type="Float" container="StaticArray" arraySize="1">
          <containerEntry>-1</containerEntry>
        </property>
        <property name="lodPolygonSize" type="Float" container="StaticArray" arraySize="1">
          <containerEntry>-1</containerEntry>
        </property>
        <property name="drawRejectionLevel" type="Int32" container="StaticArray" arraySize="1">
          <containerEntry>8</containerEntry>
        </property>
        <property name="drawMode" type="Int32" container="StaticArray" arraySize="1">
          <containerEntry>0</containerEntry>
        </property>
        <property name="rejectFarRangeShadowCast" type="Int32" container="StaticArray" arraySize="1">
          <containerEntry>2</containerEntry>
        </property>
        <property name="parentLocator" type="EntityLink" container="StaticArray" arraySize="1">
          <containerEntry packagePathHash="0xB8A0BF169F98" archivePathHash="0xB8A0BF169F98" nameInArchiveHash="0xB8A0BF169F98">0x0</containerEntry>
        </property>
        <property name="transforms" type="Matrix4" container="DynamicArray" arraySize="2">
          <containerEntry r11="-0.1384857" r12="-0.16862166" r13="-0.97590315" r14="0" r21="0.0053740516" r22="0.9852564" r23="-0.17100024" r24="0" r31="0.99034905" r32="-0.028925762" r33="-0.13553768" r34="0" r41="1523.7211" r42="143.24548" r43="-2102.1687" r44="1"></containerEntry>
          <containerEntry r11="-0.5398683" r12="-0.14420749" r13="-0.82930344" r14="0" r21="-0.22753783" r22="0.9735392" r23="-0.021163471" r24="0" r31="0.8104114" r32="0.17727253" r33="-0.5583956" r34="0" r41="1523.1193" r42="142.3491" r43="-2088.9712" r44="1"></containerEntry>
        </property>
        <property name="colors" type="UInt32" container="DynamicArray" arraySize="2">
          <containerEntry>4294967295</containerEntry>
          <containerEntry>4294967295</containerEntry>
        </property>
      </staticProperties>
      <dynamicProperties></dynamicProperties>
    </entity>
    <entity class="StaticModelArray" classVersion="4" classID="0xD0" addr="0x317EFD0" id="0x0">
      <staticProperties>
        <property name="name" type="String" container="StaticArray" arraySize="1">
          <containerEntry>StaticModelArray0004</containerEntry>
        </property>
        <property name="dataSet" type="EntityHandle" container="StaticArray" arraySize="1">
          <containerEntry>0x3304990</containerEntry>
        </property>
        <property name="modelFile" type="FilePtr" container="StaticArray" arraySize="1">
          <containerEntry>/Assets/tpp/environ/object/middle_africa/rock/mafr_rock002/scenes/mafr_rock002.fmdl</containerEntry>
        </property>
        <property name="geomFile" type="FilePtr" container="StaticArray" arraySize="1">
          <containerEntry>/Assets/tpp/environ/object/middle_africa/rock/mafr_rock002/scenes/mafr_rock002.geom</containerEntry>
        </property>
        <property name="isVisibleGeom" type="Bool" container="StaticArray" arraySize="1">
          <containerEntry>false</containerEntry>
        </property>
        <property name="lodFarSize" type="Float" container="StaticArray" arraySize="1">
          <containerEntry>-1</containerEntry>
        </property>
        <property name="lodNearSize" type="Float" container="StaticArray" arraySize="1">
          <containerEntry>-1</containerEntry>
        </property>
        <property name="lodPolygonSize" type="Float" container="StaticArray" arraySize="1">
          <containerEntry>-1</containerEntry>
        </property>
        <property name="drawRejectionLevel" type="Int32" container="StaticArray" arraySize="1">
          <containerEntry>8</containerEntry>
        </property>
        <property name="drawMode" type="Int32" container="StaticArray" arraySize="1">
          <containerEntry>0</containerEntry>
        </property>
        <property name="rejectFarRangeShadowCast" type="Int32" container="StaticArray" arraySize="1">
          <containerEntry>2</containerEntry>
        </property>
        <property name="parentLocator" type="EntityLink" container="StaticArray" arraySize="1">
          <containerEntry packagePathHash="0xB8A0BF169F98" archivePathHash="0xB8A0BF169F98" nameInArchiveHash="0xB8A0BF169F98">0x0</containerEntry>
        </property>
        <property name="transforms" type="Matrix4" container="DynamicArray" arraySize="16">
          <containerEntry r11="0.8054157" r12="-0.016254446" r13="-0.5924872" r14="0" r21="0.014639264" r22="0.9998645" r23="-0.0075302026" r24="0" r31="0.5925293" r32="-0.0026086434" r33="0.8055445" r34="0" r41="1479.9458" r42="143.42494" r43="-2053.222" r44="1"></containerEntry>
          <containerEntry r11="-0.16701567" r12="-0.20821173" r13="-0.9637175" r14="0" r21="-0.14608805" r22="0.97188455" r23="-0.1846583" r24="0" r31="0.9750702" r32="0.10994671" r33="-0.19273716" r34="0" r41="1506.1172" r42="144.43301" r43="-2115.6208" r44="1"></containerEntry>
          <containerEntry r11="0.7507561" r12="0.02571772" r13="-0.6600783" r14="0" r21="-0.013093587" r22="0.9996249" r23="0.024054676" r24="0" r31="0.66044927" r32="-0.009416383" r33="0.7508112" r34="0" r41="1477.733" r42="142.68056" r43="-2160.5205" r44="1"></containerEntry>
          <containerEntry r11="0.85628235" r12="0.26328585" r13="0.44436574" r14="0" r21="-0.1360242" r22="0.94490653" r23="-0.29773968" r24="0" r31="-0.4982748" r32="0.19450465" r33="0.84492004" r34="0" r41="1476.8843" r42="143.27846" r43="-2057.6772" r44="1"></containerEntry>
          <containerEntry r11="-0.567293" r12="0.19058463" r13="0.80115604" r14="0" r21="0.26170123" r22="0.9641433" r23="-0.044047415" r24="0" r31="-0.78082395" r32="0.18467596" r33="-0.5968279" r34="0" r41="1501.0635" r42="142.83112" r43="-2168.8699" r44="1"></containerEntry>
          <containerEntry r11="0.65741295" r12="-0.033476222" r13="-0.75278616" r14="0" r21="0.0014508106" r22="0.999067" r23="-0.043161236" r24="0" r31="0.7535287" r32="0.027282588" r33="0.6568482" r34="0" r41="1464.3824" r42="144.74884" r43="-2069.1118" r44="1"></containerEntry>
          <containerEntry r11="0.88533664" r12="-0.0934955" r13="0.45545304" r14="0" r21="0.110461056" r22="0.99382275" r23="-0.010708557" r24="0" r31="-0.4516384" r32="0.059790537" r33="0.8901953" r34="0" r41="1467.7075" r42="145.67636" r43="-2153.0793" r44="1"></containerEntry>
          <containerEntry r11="-0.38043433" r12="-0.012375772" r13="0.9247227" r14="0" r21="0.120225966" r22="0.9907632" r23="0.0627212" r24="0" r31="-0.9169574" r32="0.1350373" r33="-0.37543243" r34="0" r41="1480.7222" r42="144.48135" r43="-2101.099" r44="1"></containerEntry>
          <containerEntry r11="-0.47618696" r12="-0.022289159" r13="0.87905973" r14="0" r21="0.011294382" r22="0.9994412" r23="0.03145967" r24="0" r31="-0.8792698" r32="0.02490918" r33="-0.47566915" r34="0" r41="1499.9556" r42="144.61472" r43="-2112.0632" r44="1"></containerEntry>
          <containerEntry r11="-0.62016535" r12="-0.007815875" r13="-0.7844307" r14="0" r21="-0.17252406" r22="0.9768274" r23="0.1266636" r24="0" r31="0.7652634" r32="0.21388578" r33="-0.6071429" r34="0" r41="1496.9672" r42="144.80995" r43="-2107.5227" r44="1"></containerEntry>
          <containerEntry r11="0.3548555" r12="0.15567233" r13="-0.9218691" r14="0" r21="-0.06460598" r22="0.98776597" r23="0.14193116" r24="0" r31="0.9326857" r32="0.009193331" r33="0.36057156" r34="0" r41="1505.2906" r42="144.36694" r43="-2104.6042" r44="1"></containerEntry>
          <containerEntry r11="0.8916768" r12="0" r13="-5.9333725" r14="0" r21="0" r22="6" r23="0" r24="0" r31="5.9333725" r32="0" r33="0.8916768" r34="0" r41="1435.2617" r42="165.30724" r43="-2133.0247" r44="1"></containerEntry>
          <containerEntry r11="-0.98827755" r12="0.100369595" r13="-0.115039304" r14="0" r21="0.09836999" r22="0.9948854" r23="0.022943564" r24="0" r31="0.11675376" r32="0.0113581875" r33="-0.9930963" r34="0" r41="1425.362" r42="150.98703" r43="-2047.9694" r44="1"></containerEntry>
          <containerEntry r11="1.6244775" r12="0.06936993" r13="-0.39869133" r14="0" r21="0.034556635" r22="0.9442543" r23="0.30509615" r24="0" r31="0.40046495" r32="-0.5130305" r33="1.54244" r34="0" r41="1449.6378" r42="156.29887" r43="-2078.0417" r44="1"></containerEntry>
          <containerEntry r11="-0.18998897" r12="-0.11887303" r13="-1.9874011" r14="0" r21="-0.45136037" r22="1.9470232" r23="-0.07330868" r24="0" r31="1.9391152" r32="0.44155356" r33="-0.21178377" r34="0" r41="1455.1439" r42="155.77113" r43="-2086.7761" r44="1"></containerEntry>
