<fox formatVersion="2" fileVersion="0">
  <entities>
    <entity class="DataSet" classVersion="0" classID="0xE8" addr="0x2F03500" id="0x58E92D">
      <staticProperties>
        <property name="name" type="String" container="StaticArray" arraySize="1">
          <containerEntry hash="0xB8A0BF169F98"></containerEntry>
        </property>
        <property name="dataSet" type="EntityHandle" container="StaticArray" arraySize="1">
          <containerEntry>0x0</containerEntry>
        </property>
        <property name="dataList" type="EntityPtr" container="StringMap" arraySize="14">
          <containerEntry key="cm_mafr_rock002_vrtn001">
            <data>0x2D756B0</data>
          </containerEntry>
          <containerEntry key="mafr_tree038_0039">
            <data>0x2D76130</data>
          </containerEntry>
          <containerEntry key="StaticModelArray0000">
            <data>0x2D7F820</data>
          </containerEntry>
          <containerEntry key="StaticModelArray0001">
            <data>0x2D7F890</data>
          </containerEntry>
          <containerEntry key="StaticModelArray0002">
            <data>0x2D7F970</data>
          </containerEntry>
          <containerEntry key="StaticModelArray0003">
            <data>0x2D7F6D0</data>
          </containerEntry>
          <containerEntry key="StaticModelArray0004">
            <data>0x2D7F660</data>
          </containerEntry>
          <containerEntry key="mafr_rock007_vrtn001_0012">
            <data>0x2D7F190</data>
          </containerEntry>
          <containerEntry key="mafr_rock007_vrtn001_0011">
            <data>0x2D7F120</data>
          </containerEntry>
          <containerEntry key="mafr_rock007_vrtn001_0013">
            <data>0x2D7F3C0</data>
          </containerEntry>
          <containerEntry key="StaticModelArray0005">
            <data>0x2D7F7B0</data>
          </containerEntry>
          <containerEntry key="StaticModelArray0006">
            <data>0x2D7CD40</data>
          </containerEntry>
          <containerEntry key="DecalArray0000">
            <data>0x2D7F270</data>
          </containerEntry>
          <containerEntry key="TexturePackLoadConditioner0000">
            <data>0x2F00080</data>
          </containerEntry>
        </property>
      </staticProperties>
      <dynamicProperties></dynamicProperties>
    </entity>
    <entity class="Material" classVersion="6" classID="0xB0" addr="0x2D756B0" id="0x58E9D1">
      <staticProperties>
        <property name="name" type="String" container="StaticArray" arraySize="1">
          <containerEntry>cm_mafr_rock002_vrtn001</containerEntry>
        </property>
        <property name="dataSet" type="EntityHandle" container="StaticArray" arraySize="1">
          <containerEntry>0x2F03500</containerEntry>
        </property>
        <property name="materialName" type="String" container="StaticArray" arraySize="1">
          <containerEntry hash="0xB8A0BF169F98"></containerEntry>
        </property>
        <property name="shader" type="Path" container="StaticArray" arraySize="1">
          <containerEntry hash="0xB8A0BF169F98"></containerEntry>
        </property>
        <property name="diffuseTexture" type="Path" container="StaticArray" arraySize="1">
          <containerEntry>/Assets/tpp/common_source/environ/middle_africa/cm_mafr_rock002/sourceimages/cm_mafr_rock002_v1_bsm_alp.ftex</containerEntry>
        </property>
        <property name="srmTexture" type="Path" container="StaticArray" arraySize="1">
          <containerEntry>/Assets/tpp/common_source/environ/middle_africa/cm_mafr_rock002/sourceimages/cm_mafr_rock002_srm.ftex</containerEntry>
        </property>
        <property name="normalTexture" type="Path" container="StaticArray" arraySize="1">
          <containerEntry>/Assets/tpp/common_source/environ/middle_africa/cm_mafr_rock002/sourceimages/cm_mafr_rock002_nrm.ftex</containerEntry>
        </property>
        <property name="materialMapTexture" type="Path" container="StaticArray" arraySize="1">
          <containerEntry hash="0xB8A0BF169F98"></containerEntry>
        </property>
        <property name="materialIndex" type="UInt8" container="StaticArray" arraySize="1">
          <containerEntry>42</containerEntry>
        </property>
        <property name="diffuseColor" type="Color" container="StaticArray" arraySize="1">
          <containerEntry r="1" g="1" b="1" a="1"></containerEntry>
        </property>
        <property name="specularColor" type="Color" container="StaticArray" arraySize="1">
          <containerEntry r="0" g="0" b="0" a="0"></containerEntry>
        </property>
        <property name="fmtrPath" type="Path" container="StaticArray" arraySize="1">
          <containerEntry hash="0xB8A0BF169F98"></containerEntry>
        </property>
        <property name="residentFlag" type="Bool" container="StaticArray" arraySize="1">
          <containerEntry>false</containerEntry>
        </property>
      </staticProperties>
      <dynamicProperties></dynamicProperties>
    </entity>
    <entity class="StaticModel" classVersion="9" classID="0x160" addr="0x2D76130" id="0x58EA0A">
      <staticProperties>
        <property name="name" type="String" container="StaticArray" arraySize="1">
          <containerEntry>mafr_tree038_0039</containerEntry>
        </property>
        <property name="dataSet" type="EntityHandle" container="StaticArray" arraySize="1">
          <containerEntry>0x2F03500</containerEntry>
        </property>
        <property name="parent" type="EntityHandle" container="StaticArray" arraySize="1">
          <containerEntry>0x0</containerEntry>
        </property>
        <property name="transform" type="EntityPtr" container="StaticArray" arraySize="1">
          <containerEntry>0x2D761A0</containerEntry>
        </property>
        <property name="shearTransform" type="EntityPtr" container="StaticArray" arraySize="1">
          <containerEntry>0x0</containerEntry>
        </property>
        <property name="pivotTransform" type="EntityPtr" container="StaticArray" arraySize="1">
          <containerEntry>0x0</containerEntry>
        </property>
        <property name="children" type="EntityHandle" container="List"></property>
        <property name="flags" type="UInt32" container="StaticArray" arraySize="1">
          <containerEntry>7</containerEntry>
        </property>
        <property name="modelFile" type="FilePtr" container="StaticArray" arraySize="1">
          <containerEntry>/Assets/tpp/environ/object/middle_africa/tree/mafr_tree038/scenes/mafr_tree038.fmdl</containerEntry>
        </property>
        <property name="geomFile" type="FilePtr" container="StaticArray" arraySize="1">
          <containerEntry>/Assets/tpp/environ/object/middle_africa/tree/mafr_tree038/scenes/mafr_tree038.geom</containerEntry>
        </property>
        <property name="isVisibleGeom" type="Bool" container="StaticArray" arraySize="1">
          <containerEntry>false</containerEntry>
        </property>
        <property name="isIsolated" type="Bool" container="StaticArray" arraySize="1">
          <containerEntry>false</containerEntry>
        </property>
        <property name="lodFarSize" type="Float" container="StaticArray" arraySize="1">
          <containerEntry>-1</containerEntry>
        </property>
        <property name="lodNearSize" type="Float" container="StaticArray" arraySize="1">
          <containerEntry>-1</containerEntry>
        </property>
        <property name="lodPolygonSize" type="Float" container="StaticArray" arraySize="1">
          <containerEntry>-1</containerEntry>
        </property>
        <property name="color" type="Color" container="StaticArray" arraySize="1">
          <containerEntry r="1" g="1" b="1" a="1"></containerEntry>
        </property>
        <property name="drawRejectionLevel" type="Int32" container="StaticArray" arraySize="1">
          <containerEntry>8</containerEntry>
        </property>
        <property name="drawMode" type="Int32" container="StaticArray" arraySize="1">
          <containerEntry>0</containerEntry>
        </property>
        <property name="rejectFarRangeShadowCast" type="Int32" container="StaticArray" arraySize="1">
          <containerEntry>2</containerEntry>
        </property>
      </staticProperties>
      <dynamicProperties></dynamicProperties>
    </entity>
    <entity class="TransformEntity" classVersion="0" classID="0x50" addr="0x2D761A0" id="0x58EA0D">
      <staticProperties>
        <property name="owner" type="EntityHandle" container="StaticArray" arraySize="1">
          <containerEntry>0x2D76130</containerEntry>
        </property>
        <property name="transform_scale" type="Vector3" container="StaticArray" arraySize="1">
          <containerEntry x="1.000007" y="1" z="1.000007" w="0"></containerEntry>
        </property>
        <property name="transform_rotation_quat" type="Quat" container="StaticArray" arraySize="1">
          <containerEntry x="0" y="0.891196" z="0" w="-0.453618"></containerEntry>
        </property>
        <property name="transform_translation" type="Vector3" container="StaticArray" arraySize="1">
          <containerEntry x="2605.6829" y="134.33467" z="-2134.9255" w="0"></containerEntry>
        </property>
      </staticProperties>
      <dynamicProperties></dynamicProperties>
    </entity>
    <entity class="StaticModelArray" classVersion="4" classID="0xD0" addr="0x2D7F820" id="0x0">
      <staticProperties>
        <property name="name" type="String" container="StaticArray" arraySize="1">
          <containerEntry>StaticModelArray0000</containerEntry>
        </property>
        <property name="dataSet" type="EntityHandle" container="StaticArray" arraySize="1">
          <containerEntry>0x2F03500</containerEntry>
        </property>
        <property name="modelFile" type="FilePtr" container="StaticArray" arraySize="1">
          <containerEntry>/Assets/tpp/environ/object/middle_africa/rock/mafr_rock002/scenes/mafr_rock002.fmdl</containerEntry>
        </property>
        <property name="geomFile" type="FilePtr" container="StaticArray" arraySize="1">
          <containerEntry>/Assets/tpp/environ/object/middle_africa/rock/mafr_rock002/scenes/mafr_rock002.geom</containerEntry>
        </property>
        <property name="isVisibleGeom" type="Bool" container="StaticArray" arraySize="1">
          <containerEntry>false</containerEntry>
        </property>
        <property name="lodFarSize" type="Float" container="StaticArray" arraySize="1">
          <containerEntry>-1</containerEntry>
        </property>
        <property name="lodNearSize" type="Float" container="StaticArray" arraySize="1">
          <containerEntry>-1</containerEntry>
        </property>
        <property name="lodPolygonSize" type="Float" container="StaticArray" arraySize="1">
          <containerEntry>-1</containerEntry>
        </property>
        <property name="drawRejectionLevel" type="Int32" container="StaticArray" arraySize="1">
          <containerEntry>4</containerEntry>
        </property>
        <property name="drawMode" type="Int32" container="StaticArray" arraySize="1">
          <containerEntry>0</containerEntry>
        </property>
        <property name="rejectFarRangeShadowCast" type="Int32" container="StaticArray" arraySize="1">
          <containerEntry>2</containerEntry>
        </property>
        <property name="parentLocator" type="EntityLink" container="StaticArray" arraySize="1">
          <containerEntry packagePathHash="0xB8A0BF169F98" archivePathHash="0xB8A0BF169F98" nameInArchiveHash="0xB8A0BF169F98">0x0</containerEntry>
        </property>
        <property name="transforms" type="Matrix4" container="DynamicArray" arraySize="7">
          <containerEntry r11="-0.54586846" r12="-0.04157494" r13="-0.65022856" r14="0" r21="-0.010017956" r22="0.84870315" r23="-0.04585504" r24="0" r31="0.65147936" r32="-0.021784594" r33="-0.54552555" r34="0" r41="2642.886" r42="143.49316" r43="-2170.068" r44="1"></containerEntry>
          <containerEntry r11="0.6763609" r12="-0.105360046" r13="0.72899526" r14="0" r21="-0.031817567" r22="0.98461366" r23="0.171824" r24="0" r31="-0.7358821" r32="-0.13940983" r33="0.6626019" r34="0" r41="2633.2734" r42="140.34337" r43="-2173.403" r44="1"></containerEntry>
          <containerEntry r11="0.76358795" r12="0" r13="0.64570385" r14="0" r21="0" r22="1" r23="0" r24="0" r31="-0.64570385" r32="0" r33="0.76358795" r34="0" r41="2662.9653" r42="143.87286" r43="-2154.4834" r44="1"></containerEntry>
          <containerEntry r11="-0.99436283" r12="-0.037324797" r13="0.4688808" r14="0" r21="0.0015856471" r22="1.0962591" r23="0.090629324" r24="0" r31="-0.47036138" r32="0.08260175" r33="-0.9909273" r34="0" r41="2680.0583" r42="141.32954" r43="-2148.4248" r44="1"></containerEntry>
          <containerEntry r11="0.46055445" r12="0.01103479" r13="-0.8875627" r14="0" r21="-0.032664288" r22="0.9994561" r23="-0.004523499" r24="0" r31="0.88703007" r32="0.031074928" r33="0.4606644" r34="0" r41="2678.5447" r42="145.03783" r43="-2164.2312" r44="1"></containerEntry>
          <containerEntry r11="-0.20109369" r12="0.090123236" r13="-0.97540885" r14="0" r21="-0.14773767" r22="0.98157823" r23="0.121151544" r24="0" r31="0.96835864" r32="0.16846825" r33="-0.18407449" r34="0" r41="2672.7422" r42="133.86584" r43="-2059.2205" r44="1"></containerEntry>
          <containerEntry r11="0.9813345" r12="0.06715505" r13="0.18020211" r14="0" r21="-0.036783263" r22="0.98529226" r23="-0.16687171" r24="0" r31="-0.18875803" r32="0.15712853" r33="0.96937144" r34="0" r41="2674.9546" r42="138.9167" r43="-2135.9265" r44="1"></containerEntry>
        </property>
        <property name="colors" type="UInt32" container="DynamicArray" arraySize="7">
          <containerEntry>4294967295</containerEntry>
          <containerEntry>4294967295</containerEntry>
          <containerEntry>4294967295</containerEntry>
          <containerEntry>4294967295</containerEntry>
          <containerEntry>4294967295</containerEntry>
          <containerEntry>4294967295</containerEntry>
          <containerEntry>4294967295</containerEntry>
        </property>
      </staticProperties>
      <dynamicProperties></dynamicProperties>
    </entity>
    <entity class="StaticModelArray" classVersion="4" classID="0xD0" addr="0x2D7F890" id="0x0">
      <staticProperties>
        <property name="name" type="String" container="StaticArray" arraySize="1">
          <containerEntry>StaticModelArray0001</containerEntry>
        </property>
        <property name="dataSet" type="EntityHandle" container="StaticArray" arraySize="1">
          <containerEntry>0x2F03500</containerEntry>
        </property>
        <property name="modelFile" type="FilePtr" container="StaticArray" arraySize="1">
          <containerEntry>/Assets/tpp/environ/object/middle_africa/clod/mafr_clod001/scenes/mafr_clod001.fmdl</containerEntry>
        </property>
        <property name="geomFile" type="FilePtr" container="StaticArray" arraySize="1">
          <containerEntry>/Assets/tpp/environ/object/middle_africa/clod/mafr_clod001/scenes/mafr_clod001.geom</containerEntry>
        </property>
        <property name="isVisibleGeom" type="Bool" container="StaticArray" arraySize="1">
          <containerEntry>false</containerEntry>
        </property>
        <property name="lodFarSize" type="Float" container="StaticArray" arraySize="1">
          <containerEntry>-1</containerEntry>
        </property>
        <property name="lodNearSize" type="Float" container="StaticArray" arraySize="1">
          <containerEntry>-1</containerEntry>
        </property>
        <property name="lodPolygonSize" type="Float" container="StaticArray" arraySize="1">
          <containerEntry>-1</containerEntry>
        </property>
        <property name="drawRejectionLevel" type="Int32" container="StaticArray" arraySize="1">
          <containerEntry>2</containerEntry>
        </property>
        <property name="drawMode" type="Int32" container="StaticArray" arraySize="1">
          <containerEntry>0</containerEntry>
        </property>
        <property name="rejectFarRangeShadowCast" type="Int32" container="StaticArray" arraySize="1">
          <containerEntry>2</containerEntry>
        </property>
        <property name="parentLocator" type="EntityLink" container="StaticArray" arraySize="1">
          <containerEntry packagePathHash="0xB8A0BF169F98" archivePathHash="0xB8A0BF169F98" nameInArchiveHash="0xB8A0BF169F98">0x0</containerEntry>
        </property>
        <property name="transforms" type="Matrix4" container="DynamicArray" arraySize="5">
          <containerEntry r11="0.8886113" r12="-0.06326365" r13="-0.4542772" r14="0" r21="0.01735609" r22="0.99437046" r23="-0.10452805" r24="0" r31="0.45833263" r32="0.08500034" r33="0.88470685" r34="0" r41="2564.5056" r42="124.5257" r43="-2127.2449" r44="1"></containerEntry>
          <containerEntry r11="0.14813635" r12="-0.013997845" r13="0.98886853" r14="0" r21="0.17633694" r22="0.9842507" r23="-0.012483589" r24="0" r31="-0.9731198" r32="0.17622319" r33="0.14827162" r34="0" r41="2631.5212" r42="130.81973" r43="-2050.969" r44="1"></containerEntry>
          <containerEntry r11="0.31243414" r12="0.018225614" r13="0.94976467" r14="0" r21="0.10787703" r22="0.9926673" r23="-0.0545361" r24="0" r31="-0.9437943" r32="0.11949672" r33="0.30817705" r34="0" r41="2638.6724" r42="134.07082" r43="-2083.6292" r44="1"></containerEntry>
          <containerEntry r11="1.0594176" r12="0.105042495" r13="0.18163025" r14="0" r21="-0.05580303" r22="1.0422994" r23="-0.27730498" r24="0" r31="-0.20226103" r32="0.2626354" r33="1.027863" r34="0" r41="2628.9873" r42="134.25009" r43="-2127.2947" r44="1"></containerEntry>
          <containerEntry r11="0.027479714" r12="-0.0033736543" r13="0.99961096" r14="0" r21="0.121868744" r22="0.9925462" r23="-3.3155084e-07" r24="0" r31="-0.9921601" r32="0.12182142" r33="0.02768604" r34="0" r41="2581.3276" r42="114.36563" r43="-2048.9326" r44="1"></containerEntry>
        </property>
        <property name="colors" type="UInt32" container="DynamicArray" arraySize="5">
          <containerEntry>4294967295</containerEntry>
          <containerEntry>4294967295</containerEntry>
          <containerEntry>4294967295</containerEntry>
          <containerEntry>4294967295</containerEntry>
          <containerEntry>4294967295</containerEntry>
        </property>
      </staticProperties>
      <dynamicProperties></dynamicProperties>
    </entity>
    <entity class="StaticModelArray" classVersion="4" classID="0xD0" addr="0x2D7F970" id="0x0">
      <staticProperties>
        <property name="name" type="String" container="StaticArray" arraySize="1">
          <containerEntry>StaticModelArray0002</containerEntry>
        </property>
        <property name="dataSet" type="EntityHandle" container="StaticArray" arraySize="1">
          <containerEntry>0x2F03500</containerEntry>
        </property>
        <property name="modelFile" type="FilePtr" container="StaticArray" arraySize="1">
          <containerEntry>/Assets/tpp/environ/object/middle_africa/tree/mafr_tree025/scenes/mafr_tree025_vrtn003.fmdl</containerEntry>
        </property>
        <property name="geomFile" type="FilePtr" container="StaticArray" arraySize="1">
          <containerEntry>/Assets/tpp/environ/object/middle_africa/tree/mafr_tree025/scenes/mafr_tree025_vrtn003.geom</containerEntry>
        </property>
        <property name="isVisibleGeom" type="Bool" container="StaticArray" arraySize="1">
          <containerEntry>false</containerEntry>
        </property>
        <property name="lodFarSize" type="Float" container="StaticArray" arraySize="1">
          <containerEntry>-1</containerEntry>
        </property>
        <property name="lodNearSize" type="Float" container="StaticArray" arraySize="1">
          <containerEntry>-1</containerEntry>
        </property>
        <property name="lodPolygonSize" type="Float" container="StaticArray" arraySize="1">
          <containerEntry>-1</containerEntry>
        </property>
        <property name="drawRejectionLevel" type="Int32" container="StaticArray" arraySize="1">
          <containerEntry>4</containerEntry>
        </property>
        <property name="drawMode" type="Int32" container="StaticArray" arraySize="1">
          <containerEntry>0</containerEntry>
        </property>
        <property name="rejectFarRangeShadowCast" type="Int32" container="StaticArray" arraySize="1">
          <containerEntry>2</containerEntry>
        </property>
        <property name="parentLocator" type="EntityLink" container="StaticArray" arraySize="1">
          <containerEntry packagePathHash="0xB8A0BF169F98" archivePathHash="0xB8A0BF169F98" nameInArchiveHash="0xB8A0BF169F98">0x0</containerEntry>
        </property>
        <property name="transforms" type="Matrix4" container="DynamicArray" arraySize="7">
          <containerEntry r11="-0.3847713" r12="0.000639513" r13="-0.92301184" r14="0" r21="-0.00036991356" r22="0.9999996" r23="0.0008470583" r24="0" r31="0.92301196" r32="0.0006673582" r33="-0.38477087" r34="0" r41="2592.403" r42="118.50859" r43="-2122.8994" r44="1"></containerEntry>
          <containerEntry r11="-0.6819995" r12="0" r13="0.73135686" r14="0" r21="0" r22="1" r23="0" r24="0" r31="-0.73135686" r32="0" r33="-0.6819995" r34="0" r41="2633.4856" r42="135.41504" r43="-2068.5051" r44="1"></containerEntry>
          <containerEntry r11="-0.7150816" r12="0" r13="-0.69904345" r14="0" r21="0" r22="1" r23="0" r24="0" r31="0.69904345" r32="0" r33="-0.7150816" r34="0" r41="2591.4863" r42="132.31155" r43="-2162.4622" r44="1"></containerEntry>
          <containerEntry r11="-0.1870629" r12="0" r13="-0.9823472" r14="0" r21="0" r22="1" r23="0" r24="0" r31="0.9823472" r32="0" r33="-0.1870629" r34="0" r41="2613.064" r42="136.19441" r43="-2081.951" r44="1"></containerEntry>
          <containerEntry r11="-0.60876364" r12="0" r13="0.7933557" r14="0" r21="0" r22="1" r23="0" r24="0" r31="-0.7933557" r32="0" r33="-0.60876364" r34="0" r41="2636.5833" r42="132.31863" r43="-2052.91" r44="1"></containerEntry>
          <containerEntry r11="-0.885325" r12="0" r13="0.46496645" r14="0" r21="0" r22="1" r23="0" r24="0" r31="-0.46496645" r32="0" r33="-0.885325" r34="0" r41="2581.354" r42="118.4583" r43="-2114.0168" r44="1"></containerEntry>
          <containerEntry r11="-0.31171766" r12="0.05124522" r13="0.94878954" r14="0" r21="-0.1821568" r22="0.97680044" r23="-0.11260438" r24="0" r31="-0.93254846" r32="-0.20792928" r33="-0.2951513" r34="0" r41="2585.602" r42="117.188255" r43="-2047.8336" r44="1"></containerEntry>
        </property>
        <property name="colors" type="UInt32" container="DynamicArray" arraySize="7">
          <containerEntry>4294967295</containerEntry>
          <containerEntry>4294967295</containerEntry>
          <containerEntry>4294967295</containerEntry>
          <containerEntry>4294967295</containerEntry>
          <containerEntry>4294967295</containerEntry>
          <containerEntry>4294967295</containerEntry>
          <containerEntry>4294967295</containerEntry>
        </property>
      </staticProperties>
      <dynamicProperties></dynamicProperties>
    </entity>
    <entity class="StaticModelArray" classVersion="4" classID="0xD0" addr="0x2D7F6D0" id="0x0">
      <staticProperties>
        <property name="name" type="String" container="StaticArray" arraySize="1">
          <containerEntry>StaticModelArray0003</containerEntry>
        </property>
        <property name="dataSet" type="EntityHandle" container="StaticArray" arraySize="1">
          <containerEntry>0x2F03500</containerEntry>
        </property>
        <property name="modelFile" type="FilePtr" container="StaticArray" arraySize="1">
          <containerEntry>/Assets/tpp/environ/object/middle_africa/tree/mafr_tree036/scenes/mafr_tree036_vrtn001.fmdl</containerEntry>
        </property>
        <property name="geomFile" type="FilePtr" container="StaticArray" arraySize="1">
          <containerEntry>/Assets/tpp/environ/object/middle_africa/tree/mafr_tree036/scenes/mafr_tree036_vrtn001.geom</containerEntry>
        </property>
        <property name="isVisibleGeom" type="Bool" container="StaticArray" arraySize="1">
          <containerEntry>false</containerEntry>
        </property>
        <property name="lodFarSize" type="Float" container="StaticArray" arraySize="1">
          <containerEntry>-1</containerEntry>
        </property>
        <property name="lodNearSize" type="Float" container="StaticArray" arraySize="1">
          <containerEntry>-1</containerEntry>
        </property>
        <property name="lodPolygonSize" type="Float" container="StaticArray" arraySize="1">
          <containerEntry>-1</containerEntry>
        </property>
        <property name="drawRejectionLevel" type="Int32" container="StaticArray" arraySize="1">
          <containerEntry>1</containerEntry>
        </property>
        <property name="drawMode" type="Int32" container="StaticArray" arraySize="1">
          <containerEntry>0</containerEntry>
        </property>
        <property name="rejectFarRangeShadowCast" type="Int32" container="StaticArray" arraySize="1">
          <containerEntry>2</containerEntry>
        </property>
        <property name="parentLocator" type="EntityLink" container="StaticArray" arraySize="1">
          <containerEntry packagePathHash="0xB8A0BF169F98" archivePathHash="0xB8A0BF169F98" nameInArchiveHash="0xB8A0BF169F98">0x0</containerEntry>
        </property>
        <property name="transforms" type="Matrix4" container="DynamicArray" arraySize="3">
          <containerEntry r11="0.38353273" r12="-0.005411741" r13="0.5855514" r14="0" r21="0.26818466" r22="0.6238684" r23="-0.16989335" r24="0" r31="-0.52055216" r32="0.31742135" r33="0.34389228" r34="0" r41="2602.4373" r42="124.27852" r43="-2063.5781" r44="1"></containerEntry>
          <containerEntry r11="0.789541" r12="0" r13="0.12893806" r14="0" r21="0" r22="0.8" r23="0" r24="0" r31="-0.12893806" r32="0" r33="0.789541" r34="0" r41="2621.572" r42="136.23631" r43="-2134.9546" r44="1"></containerEntry>
          <containerEntry r11="0.43454298" r12="-0.18758973" r13="-0.8808998" r14="0" r21="0.021202035" r22="0.9799284" r23="-0.19821924" r24="0" r31="0.90040255" r32="0.067457914" r33="0.4297983" r34="0" r41="2630.0437" r42="135.46463" r43="-2112.2996" r44="1"></containerEntry>
        </property>
        <property name="colors" type="UInt32" container="DynamicArray" arraySize="3">
          <containerEntry>4294967295</containerEntry>
          <containerEntry>4294967295</containerEntry>
          <containerEntry>4294967295</containerEntry>
        </property>
      </staticProperties>
      <dynamicProperties></dynamicProperties>
    </entity>
    <entity class="StaticModelArray" classVersion="4" classID="0xD0" addr="0x2D7F660" id="0x0">
      <staticProperties>
        <property name="name" type="String" container="StaticArray" arraySize="1">
          <containerEntry>StaticModelArray0004</containerEntry>
        </property>
        <property name="dataSet" type="EntityHandle" container="StaticArray" arraySize="1">
          <containerEntry>0x2F03500</containerEntry>
        </property>
        <property name="modelFile" type="FilePtr" container="StaticArray" arraySize="1">
          <containerEntry>/Assets/tpp/environ/object/middle_africa/rock/mafr_rock007/scenes/mafr_rock007_vrtn001.fmdl</containerEntry>
        </property>
        <property name="geomFile" type="FilePtr" container="StaticArray" arraySize="1">
          <containerEntry>/Assets/tpp/environ/object/middle_africa/rock/mafr_rock007/scenes/mafr_rock007_vrtn001.geom</containerEntry>
        </property>
        <property name="isVisibleGeom" type="Bool" container="StaticArray" arraySize="1">
          <containerEntry>false</containerEntry>
        </property>
        <property name="lodFarSize" type="Float" container="StaticArray" arraySize="1">
          <containerEntry>-1</containerEntry>
        </property>
        <property name="lodNearSize" type="Float" container="StaticArray" arraySize="1">
          <containerEntry>-1</containerEntry>
        </property>
        <property name="lodPolygonSize" type="Float" container="StaticArray" arraySize="1">
          <containerEntry>-1</containerEntry>
        </property>
        <property name="drawRejectionLevel" type="Int32" container="StaticArray" arraySize="1">
          <containerEntry>3</containerEntry>
        </property>
        <property name="drawMode" type="Int32" container="StaticArray" arraySize="1">
          <containerEntry>0</containerEntry>
        </property>
        <property name="rejectFarRangeShadowCast" type="Int32" container="StaticArray" arraySize="1">
          <containerEntry>2</containerEntry>
        </property>
        <property name="parentLocator" type="EntityLink" container="StaticArray" arraySize="1">
          <containerEntry packagePathHash="0xB8A0BF169F98" archivePathHash="0xB8A0BF169F98" nameInArchiveHash="0xB8A0BF169F98">0x0</containerEntry>
        </property>
        <property name="transforms" type="Matrix4" container="DynamicArray" arraySize="6">
          <containerEntry r11="-0.33686894" r12="0.05191662" r13="0.94011986" r14="0" r21="-0.096404605" r22="0.99132925" r23="-0.08928879" r24="0" r31="-0.9366039" r32="-0.120710395" r33="-0.328943" r34="0" r41="2593.5562" r42="118.63699" r43="-2112.461" r44="1"></containerEntry>
          <containerEntry r11="0.5129453" r12="-0.03713551" r13="0.8576173" r14="0" r21="0.026104733" r22="0.9992766" r23="0.027656088" r24="0" r31="-0.85802394" r32="0.008201832" r33="0.5135436" r34="0" r41="2592.8506" r42="118.55957" r43="-2122.3223" r44="1"></containerEntry>
          <containerEntry r11="0.15645483" r12="0.10368384" r13="0.98222727" r14="0" r21="-0.09640358" r22="0.9913293" r23="-0.08928893" r24="0" r31="-0.9829685" r32="-0.080720656" r33="0.16509378" r34="0" r41="2593.1296" r42="118.56509" r43="-2102.1326" r44="1"></containerEntry>
          <containerEntry r11="0.81203663" r12="-0.0050618416" r13="-0.5835845" r14="0" r21="0.026104268" r22="0.9992766" r23="0.0276557" r24="0" r31="0.5830223" r32="-0.03769149" r33="0.8115813" r34="0" r41="2584.9956" r42="119.98898" r43="-2136.2075" r44="1"></containerEntry>
          <containerEntry r11="0.23794214" r12="-0.028127566" r13="0.9708714" r14="0" r21="-0.17813605" r22="0.9813617" r23="0.072089106" r24="0" r31="-0.95480365" r32="-0.19010031" r33="0.22849679" r34="0" r41="2600.0046" r42="125.85624" r43="-2134.6252" r44="1"></containerEntry>
          <containerEntry r11="0.722458" r12="0.04450567" r13="-0.5208567" r14="0" r21="0.0346285" r22="0.8824863" r23="0.123437576" r24="0" r31="0.52160645" r32="-0.120229825" r33="0.71322477" r34="0" r41="2594.3076" r42="125.444046" r43="-2149.491" r44="1"></containerEntry>
        </property>
        <property name="colors" type="UInt32" container="DynamicArray" arraySize="6">
          <containerEntry>4294967295</containerEntry>
          <containerEntry>4294967295</containerEntry>
          <containerEntry>4294967295</containerEntry>
          <containerEntry>4294967295</containerEntry>
          <containerEntry>4294967295</containerEntry>
          <containerEntry>4294967295</containerEntry>
        </property>
      </staticProperties>
      <dynamicProperties></dynamicProperties>
    </entity>
    <entity class="StaticModelArrayLinkTarget" classVersion="0" classID="0x48" addr="0x2D7F190" id="0x0">
      <staticProperties>
        <property name="name" type="String" container="StaticArray" arraySize="1">
          <containerEntry>mafr_rock007_vrtn001_0012</containerEntry>
        </property>
        <property name="dataSet" type="EntityHandle" container="StaticArray" arraySize="1">
          <containerEntry>0x2F03500</containerEntry>
        </property>
        <property name="staticModelArray" type="EntityHandle" container="StaticArray" arraySize="1">
          <containerEntry>0x2D7F660</containerEntry>
        </property>
        <property name="arrayIndex" type="UInt32" container="StaticArray" arraySize="1">
          <containerEntry>0</containerEntry>
        </property>
      </staticProperties>
      <dynamicProperties></dynamicProperties>
    </entity>
    <entity class="StaticModelArrayLinkTarget" classVersion="0" classID="0x48" addr="0x2D7F120" id="0x0">
      <staticProperties>
        <property name="name" type="String" container="StaticArray" arraySize="1">
          <containerEntry>mafr_rock007_vrtn001_0011</containerEntry>
        </property>
        <property name="dataSet" type="EntityHandle" container="StaticArray" arraySize="1">
          <containerEntry>0x2F03500</containerEntry>
        </property>
        <property name="staticModelArray" type="EntityHandle" container="StaticArray" arraySize="1">
          <containerEntry>0x2D7F660</containerEntry>
        </property>
        <property name="arrayIndex" type="UInt32" container="StaticArray" arraySize="1">
          <containerEntry>1</containerEntry>
        </property>
      </staticProperties>
      <dynamicProperties></dynamicProperties>
    </entity>
    <entity class="StaticModelArrayLinkTarget" classVersion="0" classID="0x48" addr="0x2D7F3C0" id="0x0">
      <staticProperties>
        <property name="name" type="String" container="StaticArray" arraySize="1">
          <containerEntry>mafr_rock007_vrtn001_0013</containerEntry>
        </property>
        <property name="dataSet" type="EntityHandle" container="StaticArray" arraySize="1">
          <containerEntry>0x2F03500</containerEntry>
        </property>
        <property name="staticModelArray" type="EntityHandle" container="StaticArray" arraySize="1">
          <containerEntry>0x2D7F660</containerEntry>
        </property>
        <property name="arrayIndex" type="UInt32" container="StaticArray" arraySize="1">
          <containerEntry>2</containerEntry>
        </property>
      </staticProperties>
      <dynamicProperties></dynamicProperties>
    </entity>
    <entity class="StaticModelArray" classVersion="4" classID="0xD0" addr="0x2D7F7B0" id="0x0">
      <staticProperties>
        <property name="name" type="String" container="StaticArray" arraySize="1">
          <containerEntry>StaticModelArray0005</containerEntry>
        </property>
        <property name="dataSet" type="EntityHandle" container="StaticArray" arraySize="1">
          <containerEntry>0x2F03500</containerEntry>
        </property>
        <property name="modelFile" type="FilePtr" container="StaticArray" arraySize="1">
          <containerEntry>/Assets/tpp/environ/object/middle_africa/rock/mafr_rock012/scenes/mafr_rock012.fmdl</containerEntry>
        </property>
        <property name="geomFile" type="FilePtr" container="StaticArray" arraySize="1">
          <containerEntry>/Assets/tpp/environ/object/middle_africa/rock/mafr_rock012/scenes/mafr_rock012.geom</containerEntry>
        </property>
        <property name="isVisibleGeom" type="Bool" container="StaticArray" arraySize="1">
          <containerEntry>false</containerEntry>
        </property>
        <property name="lodFarSize" type="Float" container="StaticArray" arraySize="1">
          <containerEntry>-1</containerEntry>
        </property>
        <property name="lodNearSize" type="Float" container="StaticArray" arraySize="1">
          <containerEntry>-1</containerEntry>
        </property>
        <property name="lodPolygonSize" type="Float" container="StaticArray" arraySize="1">
          <containerEntry>-1</containerEntry>
        </property>
        <property name="drawRejectionLevel" type="Int32" container="StaticArray" arraySize="1">
          <containerEntry>3</containerEntry>
        </property>
        <property name="drawMode" type="Int32" container="StaticArray" arraySize="1">
          <containerEntry>0</containerEntry>
        </property>
        <property name="rejectFarRangeShadowCast" type="Int32" container="StaticArray" arraySize="1">
          <containerEntry>2</containerEntry>
        </property>
        <property name="parentLocator" type="EntityLink" container="StaticArray" arraySize="1">
          <containerEntry packagePathHash="0xB8A0BF169F98" archivePathHash="0xB8A0BF169F98" nameInArchiveHash="0xB8A0BF169F98">0x0</containerEntry>
        </property>
        <property name="transforms" type="Matrix4" container="DynamicArray" arraySize="12">
          <containerEntry r11="0.79875124" r12="0.044618342" r13="-0.0023977289" r14="0" r21="-0.044572543" r22="0.79864645" r23="0.013308358" r24="0" r31="0.0031359189" r32="-0.013153992" r33="0.7998857" r34="0" r41="2623.8564" r42="137.38316" r43="-2170.3499" r44="1"></containerEntry>
          <containerEntry r11="-0.9658673" r12="0.06284685" r13="-0.25130478" r14="0" r21="0.006220542" r22="0.975471" r23="0.22003992" r24="0" r31="0.25896934" r32="0.21096595" r33="-0.9425665" r34="0" r41="2620.2227" r42="132.22253" r43="-2071.3623" r44="1"></containerEntry>
          <containerEntry r11="0.97388315" r12="0.22608556" r13="-0.02090406" r14="0" r21="-0.22483699" r22="0.9731181" r23="0.04989502" r24="0" r31="0.03162266" r32="-0.043891914" r33="0.9985357" r34="0" r41="2615.2373" r42="138.19215" r43="-2146.7947" r44="1"></containerEntry>
          <containerEntry r11="0.76679933" r12="0.47405213" r13="-0.4327735" r14="0" r21="0.231613" r22="-0.83313537" r23="-0.5022247" r24="0" r31="-0.59864056" r32="0.28486943" r33="-0.74864405" r34="0" r41="2607.6155" r42="135.4261" r43="-2165.1074" r44="1"></containerEntry>
          <containerEntry r11="0.9967715" r12="-0.077177465" r13="0.022141583" r14="0" r21="0.067089565" r22="0.95208454" r23="0.2983756" r24="0" r31="-0.04410857" r32="-0.2959271" r33="0.9541895" r34="0" r41="2579.4617" r42="133.71883" r43="-2162.0955" r44="1"></containerEntry>
          <containerEntry r11="-0.24580067" r12="-0.05204972" r13="-1.4179066" r14="0" r21="-0.24077658" r22="1.4196867" r23="-0.010375353" r24="0" r31="1.3982829" r32="0.23531188" r33="-0.25103682" r34="0" r41="2662.344" r42="137.08263" r43="-2130.7102" r44="1"></containerEntry>
          <containerEntry r11="0.6807008" r12="0.10997698" r13="0.724259" r14="0" r21="-0.07490176" r22="0.993934" r23="-0.08052941" r24="0" r31="-0.728722" r32="0.0005681142" r33="0.68480915" r34="0" r41="2672.406" r42="145.85738" r43="-2170.5261" r44="1"></containerEntry>
          <containerEntry r11="1.0796813" r12="0.02499923" r13="-0.2089578" r14="0" r21="0.004562004" r22="1.0891744" r23="0.15387826" r24="0" r31="0.21039848" r32="-0.15190248" r33="1.068952" r34="0" r41="2572.586" r42="127.375145" r43="-2138.8052" r44="1"></containerEntry>
          <containerEntry r11="0.18738389" r12="0" r13="-0.9822867" r14="0" r21="0" r22="-0.99999976" r23="0" r24="0" r31="-0.9822867" r32="0" r33="-0.18738365" r34="0" r41="2683.334" r42="142.29329" r43="-2153.4114" r44="1"></containerEntry>
          <containerEntry r11="-0.2569342" r12="0" r13="-0.96643066" r14="0" r21="0" r22="-1.0000024" r23="0" r24="0" r31="-0.96643066" r32="0" r33="0.25693473" r34="0" r41="2629.548" r42="132.17328" r43="-2080.9277" r44="1"></containerEntry>
          <containerEntry r11="0.8748882" r12="-0.09458694" r13="-0.004902145" r14="0" r21="0.09459587" r22="0.87035394" r23="0.08908245" r24="0" r31="-0.004726628" r32="-0.08909193" r33="0.87546575" r34="0" r41="2577.1797" r42="116.83762" r43="-2094.64" r44="1"></containerEntry>
          <containerEntry r11="0.8055336" r12="-0.36963338" r13="0.4631274" r14="0" r21="-0.23261973" r22="-0.91610575" r23="-0.32656208" r24="0" r31="0.5449813" r32="0.15532428" r33="-0.8239382" r34="0" r41="2602.1462" r42="132.79602" r43="-2163.7314" r44="1"></containerEntry>
        </property>
        <property name="colors" type="UInt32" container="DynamicArray" arraySize="12">
          <containerEntry>4294967295</containerEntry>
          <containerEntry>4294967295</containerEntry>
          <containerEntry>4294967295</containerEntry>
