<fox formatVersion="2" fileVersion="0">
  <entities>
    <entity class="DataSet" classVersion="0" classID="0xE8" addr="0x3353650" id="0x441145">
      <staticProperties>
        <property name="name" type="String" container="StaticArray" arraySize="1">
          <containerEntry hash="0xB8A0BF169F98"></containerEntry>
        </property>
        <property name="dataSet" type="EntityHandle" container="StaticArray" arraySize="1">
          <containerEntry>0x0</containerEntry>
        </property>
        <property name="dataList" type="EntityPtr" container="StringMap" arraySize="11">
          <containerEntry key="afgh_clff037_vrtn001_0001">
            <data>0x33536C0</data>
          </containerEntry>
          <containerEntry key="StaticModelArray0000">
            <data>0x317BED0</data>
          </containerEntry>
          <containerEntry key="StaticModelArray0001">
            <data>0x317BF40</data>
          </containerEntry>
          <containerEntry key="StaticModelArray0002">
            <data>0x317C100</data>
          </containerEntry>
          <containerEntry key="StaticModelArray0003">
            <data>0x317BC30</data>
          </containerEntry>
          <containerEntry key="StaticModelArray0004">
            <data>0x317B8B0</data>
          </containerEntry>
          <containerEntry key="StaticModelArray0005">
            <data>0x317BAE0</data>
          </containerEntry>
          <containerEntry key="StaticModelArray0006">
            <data>0x3178B30</data>
          </containerEntry>
          <containerEntry key="StaticModelArray0007">
            <data>0x317B530</data>
          </containerEntry>
          <containerEntry key="StaticModelArray0008">
            <data>0x317B5A0</data>
          </containerEntry>
          <containerEntry key="TexturePackLoadConditioner0000">
            <data>0x317C5D0</data>
          </containerEntry>
        </property>
      </staticProperties>
      <dynamicProperties></dynamicProperties>
    </entity>
    <entity class="StaticModel" classVersion="9" classID="0x160" addr="0x33536C0" id="0x441147">
      <staticProperties>
        <property name="name" type="String" container="StaticArray" arraySize="1">
          <containerEntry>afgh_clff037_vrtn001_0001</containerEntry>
        </property>
        <property name="dataSet" type="EntityHandle" container="StaticArray" arraySize="1">
          <containerEntry>0x3353650</containerEntry>
        </property>
        <property name="parent" type="EntityHandle" container="StaticArray" arraySize="1">
          <containerEntry>0x0</containerEntry>
        </property>
        <property name="transform" type="EntityPtr" container="StaticArray" arraySize="1">
          <containerEntry>0x3353730</containerEntry>
        </property>
        <property name="shearTransform" type="EntityPtr" container="StaticArray" arraySize="1">
          <containerEntry>0x0</containerEntry>
        </property>
        <property name="pivotTransform" type="EntityPtr" container="StaticArray" arraySize="1">
          <containerEntry>0x0</containerEntry>
        </property>
        <property name="children" type="EntityHandle" container="List"></property>
        <property name="flags" type="UInt32" container="StaticArray" arraySize="1">
          <containerEntry>3221225479</containerEntry>
        </property>
        <property name="modelFile" type="FilePtr" container="StaticArray" arraySize="1">
          <containerEntry>/Assets/tpp/environ/object/afghanistan/cliff/afgh_clff037/scenes/afgh_clff037_vrtn001_gen8.fmdl</containerEntry>
        </property>
        <property name="geomFile" type="FilePtr" container="StaticArray" arraySize="1">
          <containerEntry>/Assets/tpp/environ/object/afghanistan/cliff/afgh_clff037/scenes/afgh_clff037_vrtn001_gen8.geom</containerEntry>
        </property>
        <property name="isVisibleGeom" type="Bool" container="StaticArray" arraySize="1">
          <containerEntry>false</containerEntry>
        </property>
        <property name="isIsolated" type="Bool" container="StaticArray" arraySize="1">
          <containerEntry>false</containerEntry>
        </property>
        <property name="lodFarSize" type="Float" container="StaticArray" arraySize="1">
          <containerEntry>-1</containerEntry>
        </property>
        <property name="lodNearSize" type="Float" container="StaticArray" arraySize="1">
          <containerEntry>-1</containerEntry>
        </property>
        <property name="lodPolygonSize" type="Float" container="StaticArray" arraySize="1">
          <containerEntry>-1</containerEntry>
        </property>
        <property name="color" type="Color" container="StaticArray" arraySize="1">
          <containerEntry r="1" g="1" b="1" a="1"></containerEntry>
        </property>
        <property name="drawRejectionLevel" type="Int32" container="StaticArray" arraySize="1">
          <containerEntry>8</containerEntry>
        </property>
        <property name="drawMode" type="Int32" container="StaticArray" arraySize="1">
          <containerEntry>0</containerEntry>
        </property>
        <property name="rejectFarRangeShadowCast" type="Int32" container="StaticArray" arraySize="1">
          <containerEntry>2</containerEntry>
        </property>
      </staticProperties>
      <dynamicProperties></dynamicProperties>
    </entity>
    <entity class="TransformEntity" classVersion="0" classID="0x50" addr="0x3353730" id="0x44114A">
      <staticProperties>
        <property name="owner" type="EntityHandle" container="StaticArray" arraySize="1">
          <containerEntry>0x33536C0</containerEntry>
        </property>
        <property name="transform_scale" type="Vector3" container="StaticArray" arraySize="1">
          <containerEntry x="1" y="1" z="1" w="0"></containerEntry>
        </property>
        <property name="transform_rotation_quat" type="Quat" container="StaticArray" arraySize="1">
          <containerEntry x="0" y="0.987687" z="0" w="0.15644"></containerEntry>
        </property>
        <property name="transform_translation" type="Vector3" container="StaticArray" arraySize="1">
          <containerEntry x="1829.8562" y="361.30557" z="1.335951" w="0"></containerEntry>
        </property>
      </staticProperties>
      <dynamicProperties></dynamicProperties>
    </entity>
    <entity class="StaticModelArray" classVersion="4" classID="0xD0" addr="0x317BED0" id="0x0">
      <staticProperties>
        <property name="name" type="String" container="StaticArray" arraySize="1">
          <containerEntry>StaticModelArray0000</containerEntry>
        </property>
        <property name="dataSet" type="EntityHandle" container="StaticArray" arraySize="1">
          <containerEntry>0x3353650</containerEntry>
        </property>
        <property name="modelFile" type="FilePtr" container="StaticArray" arraySize="1">
          <containerEntry>/Assets/tpp/environ/object/afghanistan/cliff/afgh_clff037/scenes/afgh_clff037_vrtn002_gen8.fmdl</containerEntry>
        </property>
        <property name="geomFile" type="FilePtr" container="StaticArray" arraySize="1">
          <containerEntry>/Assets/tpp/environ/object/afghanistan/cliff/afgh_clff037/scenes/afgh_clff037_vrtn002_gen8.geom</containerEntry>
        </property>
        <property name="isVisibleGeom" type="Bool" container="StaticArray" arraySize="1">
          <containerEntry>false</containerEntry>
        </property>
        <property name="lodFarSize" type="Float" container="StaticArray" arraySize="1">
          <containerEntry>-1</containerEntry>
        </property>
        <property name="lodNearSize" type="Float" container="StaticArray" arraySize="1">
          <containerEntry>-1</containerEntry>
        </property>
        <property name="lodPolygonSize" type="Float" container="StaticArray" arraySize="1">
          <containerEntry>-1</containerEntry>
        </property>
        <property name="drawRejectionLevel" type="Int32" container="StaticArray" arraySize="1">
          <containerEntry>8</containerEntry>
        </property>
        <property name="drawMode" type="Int32" container="StaticArray" arraySize="1">
          <containerEntry>0</containerEntry>
        </property>
        <property name="rejectFarRangeShadowCast" type="Int32" container="StaticArray" arraySize="1">
          <containerEntry>2</containerEntry>
        </property>
        <property name="parentLocator" type="EntityLink" container="StaticArray" arraySize="1">
          <containerEntry packagePathHash="0xB8A0BF169F98" archivePathHash="0xB8A0BF169F98" nameInArchiveHash="0xB8A0BF169F98">0x0</containerEntry>
        </property>
        <property name="transforms" type="Matrix4" container="DynamicArray" arraySize="4">
          <containerEntry r11="0.46835712" r12="-0.11600354" r13="0.8758902" r14="0" r21="-0.0823382" r22="0.98129874" r23="0.17399167" r24="0" r31="-0.87969357" r32="-0.15360944" r33="0.45004672" r34="0" r41="1813.7695" r42="337.52527" r43="108.27353" r44="1"></containerEntry>
          <containerEntry r11="0.98747027" r12="-0.103881165" r13="0.11878981" r14="0" r21="0.08257517" r22="0.9816293" r23="0.17200321" r24="0" r31="-0.13447548" r32="-0.16003895" r33="0.97790784" r34="0" r41="1802.4503" r42="334.5111" r43="116.63735" r44="1"></containerEntry>
          <containerEntry r11="-0.4987196" r12="0.110582344" r13="-0.8596778" r14="0" r21="-0.08233773" r22="0.98129857" r23="0.17399275" r24="0" r31="0.8628411" r32="0.157558" r33="-0.48028773" r34="0" r41="1809.8466" r42="339.87054" r43="91.264595" r44="1"></containerEntry>
          <containerEntry r11="-0.6465128" r12="0.11117527" r13="-0.7547553" r14="0" r21="0.016743768" r22="0.9911543" r23="0.13165401" r24="0" r31="0.76271564" r32="0.072478905" r33="-0.64265543" r34="0" r41="1817.349" r42="341.21262" r43="88.12596" r44="1"></containerEntry>
        </property>
        <property name="colors" type="UInt32" container="DynamicArray" arraySize="4">
          <containerEntry>4294967295</containerEntry>
          <containerEntry>4294967295</containerEntry>
          <containerEntry>4294967295</containerEntry>
          <containerEntry>4294967295</containerEntry>
        </property>
      </staticProperties>
      <dynamicProperties></dynamicProperties>
    </entity>
    <entity class="StaticModelArray" classVersion="4" classID="0xD0" addr="0x317BF40" id="0x0">
      <staticProperties>
        <property name="name" type="String" container="StaticArray" arraySize="1">
          <containerEntry>StaticModelArray0001</containerEntry>
        </property>
        <property name="dataSet" type="EntityHandle" container="StaticArray" arraySize="1">
          <containerEntry>0x3353650</containerEntry>
        </property>
        <property name="modelFile" type="FilePtr" container="StaticArray" arraySize="1">
          <containerEntry>/Assets/tpp/environ/object/afghanistan/rock/afgh_rock011/scenes/afgh_rock011.fmdl</containerEntry>
        </property>
        <property name="geomFile" type="FilePtr" container="StaticArray" arraySize="1">
          <containerEntry>/Assets/tpp/environ/object/afghanistan/rock/afgh_rock011/scenes/afgh_rock011.geom</containerEntry>
        </property>
        <property name="isVisibleGeom" type="Bool" container="StaticArray" arraySize="1">
          <containerEntry>false</containerEntry>
        </property>
        <property name="lodFarSize" type="Float" container="StaticArray" arraySize="1">
          <containerEntry>-1</containerEntry>
        </property>
        <property name="lodNearSize" type="Float" container="StaticArray" arraySize="1">
          <containerEntry>-1</containerEntry>
        </property>
        <property name="lodPolygonSize" type="Float" container="StaticArray" arraySize="1">
          <containerEntry>-1</containerEntry>
        </property>
        <property name="drawRejectionLevel" type="Int32" container="StaticArray" arraySize="1">
          <containerEntry>8</containerEntry>
        </property>
        <property name="drawMode" type="Int32" container="StaticArray" arraySize="1">
          <containerEntry>0</containerEntry>
        </property>
        <property name="rejectFarRangeShadowCast" type="Int32" container="StaticArray" arraySize="1">
          <containerEntry>2</containerEntry>
        </property>
        <property name="parentLocator" type="EntityLink" container="StaticArray" arraySize="1">
          <containerEntry packagePathHash="0xB8A0BF169F98" archivePathHash="0xB8A0BF169F98" nameInArchiveHash="0xB8A0BF169F98">0x0</containerEntry>
        </property>
        <property name="transforms" type="Matrix4" container="DynamicArray" arraySize="2">
          <containerEntry r11="0.7639468" r12="-0.11500608" r13="0.63494796" r14="0" r21="-0.009769507" r22="0.9818152" r23="0.18958738" r24="0" r31="-0.6452053" r32="-0.15103781" r33="0.74893105" r34="0" r41="1890.2535" r42="365.18036" r43="34.120693" r44="1"></containerEntry>
          <containerEntry r11="0.03416753" r12="-0.077712305" r13="-0.9963895" r14="0" r21="-0.10055397" r22="0.991646" r23="-0.08079035" r24="0" r31="0.9943441" r32="0.10295134" r33="0.026067793" r34="0" r41="1895.6211" r42="362.68195" r43="56.494583" r44="1"></containerEntry>
        </property>
        <property name="colors" type="UInt32" container="DynamicArray" arraySize="2">
          <containerEntry>4294967295</containerEntry>
          <containerEntry>4294967295</containerEntry>
        </property>
      </staticProperties>
      <dynamicProperties></dynamicProperties>
    </entity>
    <entity class="StaticModelArray" classVersion="4" classID="0xD0" addr="0x317C100" id="0x0">
      <staticProperties>
        <property name="name" type="String" container="StaticArray" arraySize="1">
          <containerEntry>StaticModelArray0002</containerEntry>
        </property>
        <property name="dataSet" type="EntityHandle" container="StaticArray" arraySize="1">
          <containerEntry>0x3353650</containerEntry>
        </property>
        <property name="modelFile" type="FilePtr" container="StaticArray" arraySize="1">
          <containerEntry>/Assets/tpp/environ/object/afghanistan/cliff/afgh_clff035/scenes/afgh_clff035_vrtn002_gen8.fmdl</containerEntry>
        </property>
        <property name="geomFile" type="FilePtr" container="StaticArray" arraySize="1">
          <containerEntry>/Assets/tpp/environ/object/afghanistan/cliff/afgh_clff035/scenes/afgh_clff035_vrtn002_gen8.geom</containerEntry>
        </property>
        <property name="isVisibleGeom" type="Bool" container="StaticArray" arraySize="1">
          <containerEntry>false</containerEntry>
        </property>
        <property name="lodFarSize" type="Float" container="StaticArray" arraySize="1">
          <containerEntry>-1</containerEntry>
        </property>
        <property name="lodNearSize" type="Float" container="StaticArray" arraySize="1">
          <containerEntry>-1</containerEntry>
        </property>
        <property name="lodPolygonSize" type="Float" container="StaticArray" arraySize="1">
          <containerEntry>-1</containerEntry>
        </property>
        <property name="drawRejectionLevel" type="Int32" container="StaticArray" arraySize="1">
          <containerEntry>8</containerEntry>
        </property>
        <property name="drawMode" type="Int32" container="StaticArray" arraySize="1">
          <containerEntry>0</containerEntry>
        </property>
        <property name="rejectFarRangeShadowCast" type="Int32" container="StaticArray" arraySize="1">
          <containerEntry>2</containerEntry>
        </property>
        <property name="parentLocator" type="EntityLink" container="StaticArray" arraySize="1">
          <containerEntry packagePathHash="0xB8A0BF169F98" archivePathHash="0xB8A0BF169F98" nameInArchiveHash="0xB8A0BF169F98">0x0</containerEntry>
        </property>
        <property name="transforms" type="Matrix4" container="DynamicArray" arraySize="10">
          <containerEntry r11="0.9951293" r12="0.058709" r13="0.07918934" r14="0" r21="-0.048399244" r22="0.99080426" r23="-0.12635033" r24="0" r31="-0.08587905" r32="0.1219022" r33="0.98881984" r34="0" r41="1855.9136" r42="373.82886" r43="27.000725" r44="1"></containerEntry>
          <containerEntry r11="0.7047249" r12="-0.0023846626" r13="0.7094757" r14="0" r21="0.28215796" r22="0.9184539" r23="-0.2771805" r24="0" r31="-0.65095955" r32="0.3955205" r33="0.64793015" r34="0" r41="1882.6399" r42="363.58597" r43="59.036606" r44="1"></containerEntry>
          <containerEntry r11="-0.67712843" r12="-0.18911193" r13="0.7111453" r14="0" r21="0.1798748" r22="0.89455867" r23="0.40915698" r24="0" r31="-0.7135377" r32="0.4049704" r33="-0.5717143" r34="0" r41="1824.716" r42="355.45224" r43="74.40972" r44="1"></containerEntry>
          <containerEntry r11="0.9937268" r12="0.078336395" r13="0.079815306" r14="0" r21="-0.085790716" r22="0.99180263" r23="0.094697" r24="0" r31="-0.071742795" r32="-0.10095036" r33="0.99230134" r34="0" r41="1848.3872" r42="369.37775" r43="35.721195" r44="1"></containerEntry>
          <containerEntry r11="0.98379034" r12="-0.0041500204" r13="0.17927447" r14="0" r21="-0.01545094" r22="0.9940525" r23="0.107800126" r24="0" r31="-0.1786556" r32="-0.10882269" r33="0.9778751" r34="0" r41="1812.2429" r42="365.60638" r43="30.47651" r44="1"></containerEntry>
          <containerEntry r11="0.94732374" r12="-0.08388938" r13="-0.3090957" r14="0" r21="0.051993728" r22="0.992567" r23="-0.110033445" r24="0" r31="0.31602886" r32="0.0881662" r33="0.944644" r34="0" r41="1794.6083" r42="358.04175" r43="39.36596" r44="1"></containerEntry>
          <containerEntry r11="-0.35530403" r12="-0.28602862" r13="0.88991314" r14="0" r21="0.040736727" r22="0.94639057" r23="0.32044545" r24="0" r31="-0.93386203" r32="0.15010792" r33="-0.3246045" r34="0" r41="1799.7587" r42="345.56668" r43="95.0765" r44="1"></containerEntry>
          <containerEntry r11="0.9987187" r12="0.017542344" r13="0.047468137" r14="0" r21="-0.02141951" r22="0.9963655" r23="0.08244426" r24="0" r31="-0.045849342" r32="-0.083355375" r33="0.99546456" r34="0" r41="1836.1892" r42="341.0537" r43="97.08065" r44="1"></containerEntry>
          <containerEntry r11="0.9104034" r12="-0.014639419" r13="0.4134624" r14="0" r21="-0.021419644" r22="0.99636567" r23="0.08244204" r24="0" r31="-0.41316664" r32="-0.083911724" r33="0.9067811" r34="0" r41="1889.7302" r42="342.4648" r43="112.940926" r44="1"></containerEntry>
          <containerEntry r11="0.9562191" r12="-0.070362374" r13="-0.28406695" r14="0" r21="0.105560824" r22="0.98824877" r23="0.110550135" r24="0" r31="0.2729502" r32="-0.13569656" r33="0.9524098" r34="0" r41="1883.8806" r42="392.1295" r43="4.688187" r44="1"></containerEntry>
        </property>
        <property name="colors" type="UInt32" container="DynamicArray" arraySize="10">
          <containerEntry>4294967295</containerEntry>
          <containerEntry>4294967295</containerEntry>
          <containerEntry>4294967295</containerEntry>
          <containerEntry>4294967295</containerEntry>
          <containerEntry>4294967295</containerEntry>
          <containerEntry>4294967295</containerEntry>
          <containerEntry>4294967295</containerEntry>
          <containerEntry>4294967295</containerEntry>
          <containerEntry>4294967295</containerEntry>
          <containerEntry>4294967295</containerEntry>
        </property>
      </staticProperties>
      <dynamicProperties></dynamicProperties>
    </entity>
    <entity class="StaticModelArray" classVersion="4" classID="0xD0" addr="0x317BC30" id="0x0">
      <staticProperties>
        <property name="name" type="String" container="StaticArray" arraySize="1">
          <containerEntry>StaticModelArray0003</containerEntry>
        </property>
        <property name="dataSet" type="EntityHandle" container="StaticArray" arraySize="1">
          <containerEntry>0x3353650</containerEntry>
        </property>
        <property name="modelFile" type="FilePtr" container="StaticArray" arraySize="1">
          <containerEntry>/Assets/tpp/environ/object/afghanistan/cliff/afgh_clff036/scenes/afgh_clff036_vrtn003_gen8.fmdl</containerEntry>
        </property>
        <property name="geomFile" type="FilePtr" container="StaticArray" arraySize="1">
          <containerEntry>/Assets/tpp/environ/object/afghanistan/cliff/afgh_clff036/scenes/afgh_clff036_vrtn003_gen8.geom</containerEntry>
        </property>
        <property name="isVisibleGeom" type="Bool" container="StaticArray" arraySize="1">
          <containerEntry>false</containerEntry>
        </property>
        <property name="lodFarSize" type="Float" container="StaticArray" arraySize="1">
          <containerEntry>-1</containerEntry>
        </property>
        <property name="lodNearSize" type="Float" container="StaticArray" arraySize="1">
          <containerEntry>-1</containerEntry>
        </property>
        <property name="lodPolygonSize" type="Float" container="StaticArray" arraySize="1">
          <containerEntry>-1</containerEntry>
        </property>
        <property name="drawRejectionLevel" type="Int32" container="StaticArray" arraySize="1">
          <containerEntry>8</containerEntry>
        </property>
        <property name="drawMode" type="Int32" container="StaticArray" arraySize="1">
          <containerEntry>0</containerEntry>
        </property>
        <property name="rejectFarRangeShadowCast" type="Int32" container="StaticArray" arraySize="1">
          <containerEntry>2</containerEntry>
        </property>
        <property name="parentLocator" type="EntityLink" container="StaticArray" arraySize="1">
          <containerEntry packagePathHash="0xB8A0BF169F98" archivePathHash="0xB8A0BF169F98" nameInArchiveHash="0xB8A0BF169F98">0x0</containerEntry>
        </property>
        <property name="transforms" type="Matrix4" container="DynamicArray" arraySize="3">
          <containerEntry r11="0.8988013" r12="0" r13="-0.43835634" r14="0" r21="0" r22="1" r23="0" r24="0" r31="0.43835634" r32="0" r33="0.8988013" r34="0" r41="1899.6857" r42="338.1548" r43="86.729546" r44="1"></containerEntry>
          <containerEntry r11="0.99619615" r12="-6.891787e-08" r13="0.087139234" r14="0" r21="0.02108139" r22="0.9702945" r23="-0.24100687" r24="0" r31="-0.08455071" r32="0.24192713" r33="0.96660364" r34="0" r41="1888.3177" r42="340.13904" r43="75.857635" r44="1"></containerEntry>
          <containerEntry r11="0.6357012" r12="-0.02940927" r13="-0.77137506" r14="0" r21="-0.10277055" r22="0.98715425" r23="-0.122330755" r24="0" r31="0.76506376" r32="0.15704042" r33="0.6245127" r34="0" r41="1906.2446" r42="339.656" r43="80.06739" r44="1"></containerEntry>
        </property>
        <property name="colors" type="UInt32" container="DynamicArray" arraySize="3">
          <containerEntry>4294967295</containerEntry>
          <containerEntry>4294967295</containerEntry>
          <containerEntry>4294967295</containerEntry>
        </property>
      </staticProperties>
      <dynamicProperties></dynamicProperties>
    </entity>
    <entity class="StaticModelArray" classVersion="4" classID="0xD0" addr="0x317B8B0" id="0x0">
      <staticProperties>
        <property name="name" type="String" container="StaticArray" arraySize="1">
          <containerEntry>StaticModelArray0004</containerEntry>
        </property>
        <property name="dataSet" type="EntityHandle" container="StaticArray" arraySize="1">
          <containerEntry>0x3353650</containerEntry>
        </property>
        <property name="modelFile" type="FilePtr" container="StaticArray" arraySize="1">
          <containerEntry>/Assets/tpp/environ/object/afghanistan/cliff/afgh_clff025/scenes/afgh_clff025.fmdl</containerEntry>
        </property>
        <property name="geomFile" type="FilePtr" container="StaticArray" arraySize="1">
          <containerEntry>/Assets/tpp/environ/object/afghanistan/cliff/afgh_clff025/scenes/afgh_clff025.geom</containerEntry>
        </property>
        <property name="isVisibleGeom" type="Bool" container="StaticArray" arraySize="1">
          <containerEntry>false</containerEntry>
        </property>
        <property name="lodFarSize" type="Float" container="StaticArray" arraySize="1">
          <containerEntry>-1</containerEntry>
        </property>
        <property name="lodNearSize" type="Float" container="StaticArray" arraySize="1">
          <containerEntry>-1</containerEntry>
        </property>
        <property name="lodPolygonSize" type="Float" container="StaticArray" arraySize="1">
          <containerEntry>-1</containerEntry>
        </property>
        <property name="drawRejectionLevel" type="Int32" container="StaticArray" arraySize="1">
          <containerEntry>8</containerEntry>
        </property>
        <property name="drawMode" type="Int32" container="StaticArray" arraySize="1">
          <containerEntry>0</containerEntry>
        </property>
        <property name="rejectFarRangeShadowCast" type="Int32" container="StaticArray" arraySize="1">
          <containerEntry>2</containerEntry>
        </property>
        <property name="parentLocator" type="EntityLink" container="StaticArray" arraySize="1">
          <containerEntry packagePathHash="0xB8A0BF169F98" archivePathHash="0xB8A0BF169F98" nameInArchiveHash="0xB8A0BF169F98">0x0</containerEntry>
        </property>
        <property name="transforms" type="Matrix4" container="DynamicArray" arraySize="10">
          <containerEntry r11="0.9991114" r12="-0.020485874" r13="0.03683458" r14="0" r21="0.021330036" r22="0.99951535" r23="-0.022672568" r24="0" r31="-0.03635226" r32="0.023438103" r33="0.99906415" r34="0" r41="1919.15" r42="366.3863" r43="26.942337" r44="1"></containerEntry>
          <containerEntry r11="0.9504005" r12="-0.013233629" r13="0.31074694" r14="0" r21="0.021330655" r22="0.99951535" r23="-0.022672608" r24="0" r31="-0.31029627" r32="0.028176498" r33="0.95022225" r34="0" r41="1869.753" r42="363.0254" r43="36.407043" r44="1"></containerEntry>
          <containerEntry r11="0.97989416" r12="0.008149472" r13="0.19935139" r14="0" r21="-0.023094092" r22="0.99708235" r23="0.07275624" r24="0" r31="-0.19817682" r32="-0.075897254" r33="0.9772234" r34="0" r41="1835.0225" r42="367.77933" r43="29.471653" r44="1"></containerEntry>
          <containerEntry r11="0.6920128" r12="-0.036580376" r13="0.7209578" r14="0" r21="-0.023093134" r22="0.9970823" r23="0.072756544" r24="0" r31="-0.7215157" r32="-0.06699763" r33="0.689149" r34="0" r41="1828.7997" r42="362.17944" r43="29.770744" r44="1"></containerEntry>
          <containerEntry r11="0.9614441" r12="-0.026725767" r13="-0.27369863" r14="0" r21="0.021329863" r22="0.99951535" r23="-0.02267218" r24="0" r31="0.27417195" r32="0.015960079" r33="0.9615482" r34="0" r41="1887.1066" r42="367.134" r43="29.758717" r44="1"></containerEntry>
          <containerEntry r11="0.87383705" r12="0.09160661" r13="-0.47751108" r14="0" r21="-0.08791878" r22="0.9956721" r23="0.030121729" r24="0" r31="0.4782038" r32="0.015660733" r33="0.87810916" r34="0" r41="1880.8889" r42="364.89465" r43="32.860252" r44="1"></containerEntry>
          <containerEntry r11="0.9889676" r12="0.013631236" r13="-0.14750336" r14="0" r21="-0.040373493" r22="0.9828627" r23="-0.17986344" r24="0" r31="0.14252381" r32="0.18383433" r33="0.97256976" r34="0" r41="1798.7556" r42="356.89746" r43="35.00316" r44="1"></containerEntry>
          <containerEntry r11="0.8665549" r12="-0.029794738" r13="-0.49819157" r14="0" r21="0.021331325" r22="0.99951535" r23="-0.02267307" r24="0" r31="0.49862567" r32="0.009020372" r33="0.8667705" r34="0" r41="1915.8777" r42="358.91547" r43="57.885567" r44="1"></containerEntry>
          <containerEntry r11="-0.14031518" r12="0.04237714" r13="-0.9891985" r14="0" r21="-0.06308845" r22="0.9966707" r23="0.051646195" r24="0" r31="0.9880938" r32="0.06965386" r33="-0.13717449" r34="0" r41="1902.7395" r42="361.1088" r43="64.39967" r44="1"></containerEntry>
          <containerEntry r11="0.69706005" r12="-0.004698649" r13="-0.7169977" r14="0" r21="-0.13707842" r22="0.9806607" r23="-0.1396933" r24="0" r31="0.70378774" r32="0.19565947" r33="0.6829353" r34="0" r41="1919.5957" r42="355.78378" r43="88.50269" r44="1"></containerEntry>
        </property>
        <property name="colors" type="UInt32" container="DynamicArray" arraySize="10">
          <containerEntry>4294967295</containerEntry>
          <containerEntry>4294967295</containerEntry>
          <containerEntry>4294967295</containerEntry>
          <containerEntry>4294967295</containerEntry>
          <containerEntry>4294967295</containerEntry>
          <containerEntry>4294967295</containerEntry>
          <containerEntry>4294967295</containerEntry>
          <containerEntry>4294967295</containerEntry>
          <containerEntry>4294967295</containerEntry>
          <containerEntry>4294967295</containerEntry>
        </property>
      </staticProperties>
      <dynamicProperties></dynamicProperties>
    </entity>
    <entity class="StaticModelArray" classVersion="4" classID="0xD0" addr="0x317BAE0" id="0x0">
      <staticProperties>
        <property name="name" type="String" container="StaticArray" arraySize="1">
          <containerEntry>StaticModelArray0005</containerEntry>
        </property>
        <property name="dataSet" type="EntityHandle" container="StaticArray" arraySize="1">
          <containerEntry>0x3353650</containerEntry>
        </property>
        <property name="modelFile" type="FilePtr" container="StaticArray" arraySize="1">
          <containerEntry>/Assets/tpp/environ/object/afghanistan/rock/afgh_rock001/scenes/afgh_rock001.fmdl</containerEntry>
        </property>
        <property name="geomFile" type="FilePtr" container="StaticArray" arraySize="1">
          <containerEntry>/Assets/tpp/environ/object/afghanistan/rock/afgh_rock001/scenes/afgh_rock001.geom</containerEntry>
        </property>
        <property name="isVisibleGeom" type="Bool" container="StaticArray" arraySize="1">
          <containerEntry>false</containerEntry>
        </property>
        <property name="lodFarSize" type="Float" container="StaticArray" arraySize="1">
          <containerEntry>-1</containerEntry>
        </property>
        <property name="lodNearSize" type="Float" container="StaticArray" arraySize="1">
          <containerEntry>-1</containerEntry>
        </property>
        <property name="lodPolygonSize" type="Float" container="StaticArray" arraySize="1">
          <containerEntry>-1</containerEntry>
        </property>
        <property name="drawRejectionLevel" type="Int32" container="StaticArray" arraySize="1">
          <containerEntry>8</containerEntry>
        </property>
        <property name="drawMode" type="Int32" container="StaticArray" arraySize="1">
          <containerEntry>0</containerEntry>
        </property>
        <property name="rejectFarRangeShadowCast" type="Int32" container="StaticArray" arraySize="1">
          <containerEntry>2</containerEntry>
        </property>
        <property name="parentLocator" type="EntityLink" container="StaticArray" arraySize="1">
          <containerEntry packagePathHash="0xB8A0BF169F98" archivePathHash="0xB8A0BF169F98" nameInArchiveHash="0xB8A0BF169F98">0x0</containerEntry>
        </property>
        <property name="transforms" type="Matrix4" container="DynamicArray" arraySize="9">
          <containerEntry r11="0.88517845" r12="0.33785117" r13="0.31986833" r14="0" r21="-0.0366721" r22="0.7360435" r23="-0.6759401" r24="0" r31="-0.4638042" r32="0.5865974" r33="0.66391957" r34="0" r41="1908.6184" r42="366.31134" r43="34.47817" r44="1"></containerEntry>
          <containerEntry r11="0.7335007" r12="0.28098363" r13="0.61888975" r14="0" r21="-0.3065763" r22="0.94943506" r23="-0.06770474" r24="0" r31="-0.60661954" r32="-0.1400756" r33="0.7825543" r34="0" r41="1883.0493" r42="362.0752" r43="52.870506" r44="1"></containerEntry>
          <containerEntry r11="0.7335003" r12="0.28098407" r13="0.61889017" r14="0" r21="0.34173986" r22="0.6346268" r23="-0.69315404" r24="0" r31="-0.58752954" r32="0.7199282" r33="0.3694755" r34="0" r41="1884.144" r42="362.24008" r43="47.941628" r44="1"></containerEntry>
          <containerEntry r11="0.9963848" r12="0.031634785" r13="-0.07884507" r14="0" r21="-0.068819135" r22="0.8447248" r23="-0.5307578" r24="0" r31="0.04981197" r32="0.53426504" r33="0.84384805" r34="0" r41="1867.2793" r42="361.9583" r43="45.74004" r44="1"></containerEntry>
          <containerEntry r11="0.99200183" r12="-0.0755591" r13="-0.10110965" r14="0" r21="0.11014833" r22="0.90938956" r23="0.40109587" r24="0" r31="0.061641578" r32="-0.4090249" r33="0.9104388" r34="0" r41="1863.1625" r42="362.45612" r43="38.36488" r44="1"></containerEntry>
          <containerEntry r11="-0.665246" r12="-0.10644744" r13="0.7389951" r14="0" r21="-0.1240291" r22="0.9917877" r23="0.03120886" r24="0" r31="-0.73624825" r32="-0.07089535" r33="-0.6729853" r34="0" r41="1885.064" r42="365.2619" r43="36.575893" r44="1"></containerEntry>
          <containerEntry r11="0.7335003" r12="0.28098407" r13="0.61889017" r14="0" r21="0.34173986" r22="0.6346268" r23="-0.69315404" r24="0" r31="-0.58752954" r32="0.7199282" r33="0.3694755" r34="0" r41="1864.4471" r42="360.2736" r43="51.74444" r44="1"></containerEntry>
          <containerEntry r11="0.0048380494" r12="-0.18596879" r13="0.9825438" r14="0" r21="0.49726596" r22="0.85290724" r23="0.15898353" r24="0" r31="-0.8675847" r32="0.4878164" r33="0.09660232" r34="0" r41="1861.9141" r42="359.48676" r43="53.63262" r44="1"></containerEntry>
          <containerEntry r11="-0.80942035" r12="0.0024187714" r13="0.587222" r14="0" r21="0.11595929" r22="0.9809591" r23="0.1557966" r24="0" r31="-0.5756639" r32="0.1941991" r33="-0.7942887" r34="0" r41="1866.1254" r42="357.96597" r43="64.90929" r44="1"></containerEntry>
        </property>
        <property name="colors" type="UInt32" container="DynamicArray" arraySize="9">
          <containerEntry>4294967295</containerEntry>
          <containerEntry>4294967295</containerEntry>
          <containerEntry>4294967295</containerEntry>
          <containerEntry>4294967295</containerEntry>
          <containerEntry>4294967295</containerEntry>
          <containerEntry>4294967295</containerEntry>
          <containerEntry>4294967295</containerEntry>
          <containerEntry>4294967295</containerEntry>
          <containerEntry>4294967295</containerEntry>
        </property>
      </staticProperties>
      <dynamicProperties></dynamicProperties>
    </entity>
    <entity class="StaticModelArray" classVersion="4" classID="0xD0" addr="0x3178B30" id="0x0">
      <staticProperties>
        <property name="name" type="String" container="StaticArray" arraySize="1">
          <containerEntry>StaticModelArray0006</containerEntry>
        </property>
        <property name="dataSet" type="EntityHandle" container="StaticArray" arraySize="1">
          <containerEntry>0x3353650</containerEntry>
        </property>
        <property name="modelFile" type="FilePtr" container="StaticArray" arraySize="1">
          <containerEntry>/Assets/tpp/environ/object/afghanistan/cliff/afgh_clff036/scenes/afgh_clff036_vrtn002_gen8.fmdl</containerEntry>
        </property>
        <property name="geomFile" type="FilePtr" container="StaticArray" arraySize="1">
          <containerEntry>/Assets/tpp/environ/object/afghanistan/cliff/afgh_clff036/scenes/afgh_clff036_vrtn002_gen8.geom</containerEntry>
        </property>
        <property name="isVisibleGeom" type="Bool" container="StaticArray" arraySize="1">
          <containerEntry>false</containerEntry>
        </property>
        <property name="lodFarSize" type="Float" container="StaticArray" arraySize="1">
          <containerEntry>-1</containerEntry>
        </property>
        <property name="lodNearSize" type="Float" container="StaticArray" arraySize="1">
          <containerEntry>-1</containerEntry>
        </property>
        <property name="lodPolygonSize" type="Float" container="StaticArray" arraySize="1">
          <containerEntry>-1</containerEntry>
        </property>
        <property name="drawRejectionLevel" type="Int32" container="StaticArray" arraySize="1">
          <containerEntry>8</containerEntry>
        </property>
        <property name="drawMode" type="Int32" container="StaticArray" arraySize="1">
          <containerEntry>0</containerEntry>
        </property>
        <property name="rejectFarRangeShadowCast" type="Int32" container="StaticArray" arraySize="1">
          <containerEntry>2</containerEntry>
        </property>
        <property name="parentLocator" type="EntityLink" container="StaticArray" arraySize="1">
          <containerEntry packagePathHash="0xB8A0BF169F98" archivePathHash="0xB8A0BF169F98" nameInArchiveHash="0xB8A0BF169F98">0x0</containerEntry>
        </property>
        <property name="transforms" type="Matrix4" container="DynamicArray" arraySize="7">
          <containerEntry r11="0.9996012" r12="0.0021878087" r13="0.028155295" r14="0" r21="-0.0029472106" r22="0.99963224" r23="0.026958732" r24="0" r31="-0.02808596" r32="-0.027030958" r33="0.99924" r34="0" r41="1858.9241" r42="382.67108" r43="18.714945" r44="1"></containerEntry>
          <containerEntry r11="0.38076842" r12="-0.18292947" r13="0.90639424" r14="0" r21="0.09416188" r22="0.98281103" r23="0.15879527" r24="0" r31="-0.9198626" r32="0.024883822" r33="0.39144844" r34="0" r41="1862.7036" r42="352.29874" r43="87.9898" r44="1"></containerEntry>
          <containerEntry r11="0.30397937" r12="-0.0005536069" r13="-0.95267785" r14="0" r21="-0.0009896342" r22="0.9999991" r23="-0.0008968755" r24="0" r31="0.9526775" r32="0.0012154344" r33="0.30397856" r34="0" r41="1916.265" r42="355.2616" r43="82.9932" r44="1"></containerEntry>
          <containerEntry r11="0.890976" r12="-0.047688223" r13="0.45153892" r14="0" r21="0.01496096" r22="0.9970126" r23="0.07577615" r24="0" r31="-0.4538036" r32="-0.06075927" r33="0.8890278" r34="0" r41="1890.6853" r42="349.38394" r43="106.87728" r44="1"></containerEntry>
          <containerEntry r11="0.95958257" r12="-0.006555371" r13="0.28135088" r14="0" r21="-0.029476516" r22="0.99188876" r23="0.123643905" r24="0" r31="-0.2798793" r32="-0.12693977" r33="0.9516059" r34="0" r41="1839.9225" r42="387.43152" r43="13.159306" r44="1"></containerEntry>
          <containerEntry r11="0.59659976" r12="-0.17181545" r13="0.78393054" r14="0" r21="-0.055489186" r22="0.965645" r23="0.25387105" r24="0" r31="-0.8006176" r32="-0.194959" r33="0.5665697" r34="0" r41="1810.8918" r42="373.64316" r43="11.75735" r44="1"></containerEntry>
          <containerEntry r11="0.8922297" r12="-0.2445544" r13="0.37963074" r14="0" r21="0.21441785" r22="0.96928465" r23="0.12046676" r24="0" r31="-0.39743096" r32="-0.026084475" r33="0.91726136" r34="0" r41="1908.0372" r42="383.25208" r43="12.714767" r44="1"></containerEntry>
        </property>
        <property name="colors" type="UInt32" container="DynamicArray" arraySize="7">
          <containerEntry>4294967295</containerEntry>
          <containerEntry>4294967295</containerEntry>
          <containerEntry>4294967295</containerEntry>
          <containerEntry>4294967295</containerEntry>
          <containerEntry>4294967295</containerEntry>
          <containerEntry>4294967295</containerEntry>
          <containerEntry>4294967295</containerEntry>
        </property>
      </staticProperties>
      <dynamicProperties></dynamicProperties>
    </entity>
    <entity class="StaticModelArray" classVersion="4" classID="0xD0" addr="0x317B530" id="0x0">
      <staticProperties>
        <property name="name" type="String" container="StaticArray" arraySize="1">
          <containerEntry>StaticModelArray0007</containerEntry>
        </property>
        <property name="dataSet" type="EntityHandle" container="StaticArray" arraySize="1">
          <containerEntry>0x3353650</containerEntry>
        </property>
