<fox formatVersion="2" fileVersion="0">
  <entities>
    <entity class="DataSet" classVersion="0" classID="0xE8" addr="0x3352FC0" id="0x10267AA">
      <staticProperties>
        <property name="name" type="String" container="StaticArray" arraySize="1">
          <containerEntry hash="0xB8A0BF169F98"></containerEntry>
        </property>
        <property name="dataSet" type="EntityHandle" container="StaticArray" arraySize="1">
          <containerEntry>0x0</containerEntry>
        </property>
        <property name="dataList" type="EntityPtr" container="StringMap" arraySize="13">
          <containerEntry key="StaticModelArray0000">
            <data>0x3350FD0</data>
          </containerEntry>
          <containerEntry key="StaticModelArray0001">
            <data>0x33510B0</data>
          </containerEntry>
          <containerEntry key="StaticModelArray0002">
            <data>0x3351040</data>
          </containerEntry>
          <containerEntry key="StaticModelArray0003">
            <data>0x3351120</data>
          </containerEntry>
          <containerEntry key="StaticModelArray0004">
            <data>0x3351190</data>
          </containerEntry>
          <containerEntry key="StaticModelArray0005">
            <data>0x3351200</data>
          </containerEntry>
          <containerEntry key="StaticModelArray0006">
            <data>0x3350B70</data>
          </containerEntry>
          <containerEntry key="StaticModelArray0007">
            <data>0x3350630</data>
          </containerEntry>
          <containerEntry key="StaticModelArray0008">
            <data>0x33504E0</data>
          </containerEntry>
          <containerEntry key="StaticModelArray0009">
            <data>0x317DC90</data>
          </containerEntry>
          <containerEntry key="StaticModelArray0010">
            <data>0x3350470</data>
          </containerEntry>
          <containerEntry key="StaticModelArray0011">
            <data>0x33506A0</data>
          </containerEntry>
          <containerEntry key="TexturePackLoadConditioner0000">
            <data>0x33515F0</data>
          </containerEntry>
        </property>
      </staticProperties>
      <dynamicProperties></dynamicProperties>
    </entity>
    <entity class="StaticModelArray" classVersion="4" classID="0xD0" addr="0x3350FD0" id="0x0">
      <staticProperties>
        <property name="name" type="String" container="StaticArray" arraySize="1">
          <containerEntry>StaticModelArray0000</containerEntry>
        </property>
        <property name="dataSet" type="EntityHandle" container="StaticArray" arraySize="1">
          <containerEntry>0x3352FC0</containerEntry>
        </property>
        <property name="modelFile" type="FilePtr" container="StaticArray" arraySize="1">
          <containerEntry>/Assets/tpp/environ/object/afghanistan/rock/afgh_rock009/scenes/afgh_rock009_rock002.fmdl</containerEntry>
        </property>
        <property name="geomFile" type="FilePtr" container="StaticArray" arraySize="1">
          <containerEntry>/Assets/tpp/environ/object/afghanistan/rock/afgh_rock009/scenes/afgh_rock009_rock002.geom</containerEntry>
        </property>
        <property name="isVisibleGeom" type="Bool" container="StaticArray" arraySize="1">
          <containerEntry>false</containerEntry>
        </property>
        <property name="lodFarSize" type="Float" container="StaticArray" arraySize="1">
          <containerEntry>-1</containerEntry>
        </property>
        <property name="lodNearSize" type="Float" container="StaticArray" arraySize="1">
          <containerEntry>-1</containerEntry>
        </property>
        <property name="lodPolygonSize" type="Float" container="StaticArray" arraySize="1">
          <containerEntry>-1</containerEntry>
        </property>
        <property name="drawRejectionLevel" type="Int32" container="StaticArray" arraySize="1">
          <containerEntry>8</containerEntry>
        </property>
        <property name="drawMode" type="Int32" container="StaticArray" arraySize="1">
          <containerEntry>0</containerEntry>
        </property>
        <property name="rejectFarRangeShadowCast" type="Int32" container="StaticArray" arraySize="1">
          <containerEntry>2</containerEntry>
        </property>
        <property name="parentLocator" type="EntityLink" container="StaticArray" arraySize="1">
          <containerEntry packagePathHash="0xB8A0BF169F98" archivePathHash="0xB8A0BF169F98" nameInArchiveHash="0xB8A0BF169F98">0x0</containerEntry>
        </property>
        <property name="transforms" type="Matrix4" container="DynamicArray" arraySize="13">
          <containerEntry r11="0.54771835" r12="0.14388132" r13="-0.824193" r14="0" r21="-0.04010672" r22="0.98848474" r23="0.14590794" r24="0" r31="0.83569574" r32="-0.04685982" r33="0.5471819" r34="0" r41="1525.1486" r42="329.91327" r43="1114.5411" r44="1"></containerEntry>
          <containerEntry r11="0.54771835" r12="0.14388132" r13="-0.824193" r14="0" r21="-0.04010672" r22="0.98848474" r23="0.14590794" r24="0" r31="0.83569574" r32="-0.04685982" r33="0.5471819" r34="0" r41="1507.7853" r42="332.58167" r43="1116.632" r44="1"></containerEntry>
          <containerEntry r11="0.9751765" r12="0.006898606" r13="0.22132035" r14="0" r21="-0.040107623" r22="0.9884846" r23="0.1459086" r24="0" r31="-0.21776517" r32="-0.15116331" r33="0.9642237" r34="0" r41="1510.082" r42="335.0888" r43="1095.3275" r44="1"></containerEntry>
          <containerEntry r11="0.9751765" r12="0.006898606" r13="0.22132035" r14="0" r21="-0.040107623" r22="0.9884846" r23="0.1459086" r24="0" r31="-0.21776517" r32="-0.15116331" r33="0.9642237" r34="0" r41="1516.9194" r42="340.73663" r43="1070.9769" r44="1"></containerEntry>
          <containerEntry r11="-0.078350514" r12="0.9649753" r13="0.25032917" r14="0" r21="-1.2636185e-05" r22="0.25110918" r23="-0.9679519" r24="0" r31="-0.9969163" r32="-0.07585195" r33="-0.019655168" r34="0" r41="1529.0973" r42="336.62878" r43="1074.7922" r44="1"></containerEntry>
          <containerEntry r11="0.0009881258" r12="0.9976201" r13="0.06882241" r14="0" r21="-0.5487428" r22="0.05807945" r23="-0.83396184" r24="0" r31="-0.83598065" r32="-0.03694898" r33="0.5475067" r34="0" r41="1535.3833" r42="333.28125" r43="1086.0063" r44="1"></containerEntry>
          <containerEntry r11="-0.078350514" r12="0.9649753" r13="0.25032917" r14="0" r21="-1.2636185e-05" r22="0.25110918" r23="-0.9679519" r24="0" r31="-0.9969163" r32="-0.07585195" r33="-0.019655168" r34="0" r41="1505.35" r42="326.4897" r43="1143.8391" r44="1"></containerEntry>
          <containerEntry r11="-0.7474863" r12="-0.0020194836" r13="-0.6642634" r14="0" r21="-0.08297664" r22="0.9924468" r23="0.090355754" r24="0" r31="0.65906364" r32="0.12265889" r33="-0.7420079" r34="0" r41="1417.7991" r42="346.12848" r43="1086.3599" r44="1"></containerEntry>
          <containerEntry r11="-0.7660482" r12="-0.18709242" r13="-0.6149398" r14="0" r21="0.022860244" r22="0.948166" r23="-0.31695136" r24="0" r31="0.6423644" r32="-0.25686023" r33="-0.7220634" r34="0" r41="1441.329" r42="340.65097" r43="1093.517" r44="1"></containerEntry>
          <containerEntry r11="-0.4917559" r12="0.6839218" r13="-0.53890395" r14="0" r21="-0.07192576" r22="0.58489186" r23="0.8079143" r24="0" r31="0.86775184" r32="0.43606168" r33="-0.23843026" r34="0" r41="1408.8583" r42="347.01144" r43="1092.7434" r44="1"></containerEntry>
          <containerEntry r11="-0.7346698" r12="0.08137602" r13="-0.67351615" r14="0" r21="0.18234205" r22="0.979934" r23="-0.08050163" r24="0" r31="0.65345037" r32="-0.1819535" r33="-0.7347661" r34="0" r41="1415.7451" r42="349.27203" r43="1059.5967" r44="1"></containerEntry>
          <containerEntry r11="0.547508" r12="-0.27713764" r13="-0.7895728" r14="0" r21="0.17978394" r22="0.96048814" r23="-0.21246146" r24="0" r31="0.8172565" r32="-0.025629342" r33="0.5757002" r34="0" r41="1465.8156" r42="337.9421" r43="1075.7128" r44="1"></containerEntry>
          <containerEntry r11="0.72519064" r12="-0.020781055" r13="-0.68823254" r14="0" r21="-0.18669383" r22="-0.96802604" r23="-0.16748849" r24="0" r31="-0.66275287" r32="0.24995026" r33="-0.7058806" r34="0" r41="1465.5531" r42="337.73373" r43="1076.5986" r44="1"></containerEntry>
        </property>
        <property name="colors" type="UInt32" container="DynamicArray" arraySize="13">
          <containerEntry>4294967295</containerEntry>
          <containerEntry>4294967295</containerEntry>
          <containerEntry>4294967295</containerEntry>
          <containerEntry>4294967295</containerEntry>
          <containerEntry>4294967295</containerEntry>
          <containerEntry>4294967295</containerEntry>
          <containerEntry>4294967295</containerEntry>
          <containerEntry>4294967295</containerEntry>
          <containerEntry>4294967295</containerEntry>
          <containerEntry>4294967295</containerEntry>
          <containerEntry>4294967295</containerEntry>
          <containerEntry>4294967295</containerEntry>
          <containerEntry>4294967295</containerEntry>
        </property>
      </staticProperties>
      <dynamicProperties></dynamicProperties>
    </entity>
    <entity class="StaticModelArray" classVersion="4" classID="0xD0" addr="0x33510B0" id="0x0">
      <staticProperties>
        <property name="name" type="String" container="StaticArray" arraySize="1">
          <containerEntry>StaticModelArray0001</containerEntry>
        </property>
        <property name="dataSet" type="EntityHandle" container="StaticArray" arraySize="1">
          <containerEntry>0x3352FC0</containerEntry>
        </property>
        <property name="modelFile" type="FilePtr" container="StaticArray" arraySize="1">
          <containerEntry>/Assets/tpp/environ/object/afghanistan/rock/afgh_rock010/scenes/afgh_rock010_vrtn001.fmdl</containerEntry>
        </property>
        <property name="geomFile" type="FilePtr" container="StaticArray" arraySize="1">
          <containerEntry>/Assets/tpp/environ/object/afghanistan/rock/afgh_rock010/scenes/afgh_rock010_vrtn001.geom</containerEntry>
        </property>
        <property name="isVisibleGeom" type="Bool" container="StaticArray" arraySize="1">
          <containerEntry>false</containerEntry>
        </property>
        <property name="lodFarSize" type="Float" container="StaticArray" arraySize="1">
          <containerEntry>-1</containerEntry>
        </property>
        <property name="lodNearSize" type="Float" container="StaticArray" arraySize="1">
          <containerEntry>-1</containerEntry>
        </property>
        <property name="lodPolygonSize" type="Float" container="StaticArray" arraySize="1">
          <containerEntry>-1</containerEntry>
        </property>
        <property name="drawRejectionLevel" type="Int32" container="StaticArray" arraySize="1">
          <containerEntry>8</containerEntry>
        </property>
        <property name="drawMode" type="Int32" container="StaticArray" arraySize="1">
          <containerEntry>0</containerEntry>
        </property>
        <property name="rejectFarRangeShadowCast" type="Int32" container="StaticArray" arraySize="1">
          <containerEntry>2</containerEntry>
        </property>
        <property name="parentLocator" type="EntityLink" container="StaticArray" arraySize="1">
          <containerEntry packagePathHash="0xB8A0BF169F98" archivePathHash="0xB8A0BF169F98" nameInArchiveHash="0xB8A0BF169F98">0x0</containerEntry>
        </property>
        <property name="transforms" type="Matrix4" container="DynamicArray" arraySize="5">
          <containerEntry r11="0.029867679" r12="-0.9010112" r13="0.43275917" r14="0" r21="-0.19031438" r22="0.41990966" r23="0.8873853" r24="0" r31="-0.98126566" r32="-0.10886198" r33="-0.15893245" r34="0" r41="1501.3262" r42="339.0492" r43="1081.0925" r44="1"></containerEntry>
          <containerEntry r11="-0.02715367" r12="0.97157276" r13="0.23516068" r14="0" r21="-0.44573286" r22="0.19880041" r23="-0.8728081" r24="0" r31="-0.8947493" r32="-0.1285229" r33="0.427669" r34="0" r41="1511.0413" r42="343.03717" r43="1073.6166" r44="1"></containerEntry>
          <containerEntry r11="0.99796146" r12="-0.06360067" r13="0.005282513" r14="0" r21="0.06286027" r22="0.99388444" r23="0.090786934" r24="0" r31="-0.011024336" r32="-0.090269804" r33="0.99585634" r34="0" r41="1419.7953" r42="345.2882" r43="1096.9775" r44="1"></containerEntry>
          <containerEntry r11="-0.5966895" r12="0.16038844" r13="-0.78626823" r14="0" r21="-0.026091956" r22="0.9754265" r23="0.21877407" r24="0" r31="0.8020358" r32="0.1510577" r33="-0.57784164" r34="0" r41="1414.5364" r42="348.5362" r43="1066.5979" r44="1"></containerEntry>
          <containerEntry r11="0.9234692" r12="0.084402226" r13="0.374273" r14="0" r21="0.06923098" r22="-0.9961399" r23="0.053822603" r24="0" r31="0.37737393" r32="-0.023792114" r33="-0.92574716" r34="0" r41="1448.8368" r42="339.8578" r43="1096.1007" r44="1"></containerEntry>
        </property>
        <property name="colors" type="UInt32" container="DynamicArray" arraySize="5">
          <containerEntry>4294967295</containerEntry>
          <containerEntry>4294967295</containerEntry>
          <containerEntry>4294967295</containerEntry>
          <containerEntry>4294967295</containerEntry>
          <containerEntry>4294967295</containerEntry>
        </property>
      </staticProperties>
      <dynamicProperties></dynamicProperties>
    </entity>
    <entity class="StaticModelArray" classVersion="4" classID="0xD0" addr="0x3351040" id="0x0">
      <staticProperties>
        <property name="name" type="String" container="StaticArray" arraySize="1">
          <containerEntry>StaticModelArray0002</containerEntry>
        </property>
        <property name="dataSet" type="EntityHandle" container="StaticArray" arraySize="1">
          <containerEntry>0x3352FC0</containerEntry>
        </property>
        <property name="modelFile" type="FilePtr" container="StaticArray" arraySize="1">
          <containerEntry>/Assets/tpp/environ/object/afghanistan/cliff/afgh_clff022/scenes/afgh_clff022_vrtn004.fmdl</containerEntry>
        </property>
        <property name="geomFile" type="FilePtr" container="StaticArray" arraySize="1">
          <containerEntry>/Assets/tpp/environ/object/afghanistan/cliff/afgh_clff022/scenes/afgh_clff022_vrtn004.geom</containerEntry>
        </property>
        <property name="isVisibleGeom" type="Bool" container="StaticArray" arraySize="1">
          <containerEntry>false</containerEntry>
        </property>
        <property name="lodFarSize" type="Float" container="StaticArray" arraySize="1">
          <containerEntry>-1</containerEntry>
        </property>
        <property name="lodNearSize" type="Float" container="StaticArray" arraySize="1">
          <containerEntry>-1</containerEntry>
        </property>
        <property name="lodPolygonSize" type="Float" container="StaticArray" arraySize="1">
          <containerEntry>-1</containerEntry>
        </property>
        <property name="drawRejectionLevel" type="Int32" container="StaticArray" arraySize="1">
          <containerEntry>8</containerEntry>
        </property>
        <property name="drawMode" type="Int32" container="StaticArray" arraySize="1">
          <containerEntry>0</containerEntry>
        </property>
        <property name="rejectFarRangeShadowCast" type="Int32" container="StaticArray" arraySize="1">
          <containerEntry>2</containerEntry>
        </property>
        <property name="parentLocator" type="EntityLink" container="StaticArray" arraySize="1">
          <containerEntry packagePathHash="0xB8A0BF169F98" archivePathHash="0xB8A0BF169F98" nameInArchiveHash="0xB8A0BF169F98">0x0</containerEntry>
        </property>
        <property name="transforms" type="Matrix4" container="DynamicArray" arraySize="7">
          <containerEntry r11="0.7315331" r12="-0.028627291" r13="-0.68120456" r14="0" r21="0.09513598" r22="0.9936297" r23="0.06040795" r24="0" r31="0.67513573" r32="-0.108997494" r33="0.7295965" r34="0" r41="1465.7216" r42="346.8135" r43="1148.0123" r44="1"></containerEntry>
          <containerEntry r11="0.933794" r12="-0.055321842" r13="0.3535085" r14="0" r21="0.046852417" r22="0.9983737" r23="0.03247834" r24="0" r31="-0.35473034" r32="-0.013765355" r33="0.9348673" r34="0" r41="1483.0925" r42="349.49023" r43="1067.8104" r44="1"></containerEntry>
          <containerEntry r11="0.5514604" r12="-0.076931424" r13="0.8306458" r14="0" r21="0.018931681" r22="0.9966362" r23="0.079736196" r24="0" r31="-0.8339859" r32="-0.0282458" r33="0.5510618" r34="0" r41="1457.473" r42="354.99057" r43="1041.8932" r44="1"></containerEntry>
          <containerEntry r11="0.9044521" r12="-0.056200482" r13="0.42285678" r14="0" r21="0.04685159" r22="0.9983737" r23="0.03247922" r24="0" r31="-0.42399445" r32="-0.009564371" r33="0.9056142" r34="0" r41="1488.9568" r42="365.2021" r43="1039.8643" r44="1"></containerEntry>
          <containerEntry r11="0.92481536" r12="-0.020310909" r13="-0.3798733" r14="0" r21="0.009045916" r22="0.99946547" r23="-0.03141633" r24="0" r31="0.38030836" r32="0.02561799" r33="0.9245047" r34="0" r41="1535.6522" r42="359.10443" r43="1036.4912" r44="1"></containerEntry>
          <containerEntry r11="0.4854183" r12="0.052153412" r13="-0.87272394" r14="0" r21="-0.045302156" r22="0.99837863" r23="0.0344649" r24="0" r31="0.87310636" r32="0.022806495" r33="0.4869939" r34="0" r41="1541.0516" r42="331.47952" r43="1091.7429" r44="1"></containerEntry>
          <containerEntry r11="0.7240846" r12="-0.028215077" r13="-0.68913335" r14="0" r21="0.009046064" r22="0.99946547" r23="-0.031416062" r24="0" r31="0.6896514" r32="0.016513929" r33="0.7239528" r34="0" r41="1565.0548" r42="349.1666" r43="1041.853" r44="1"></containerEntry>
        </property>
        <property name="colors" type="UInt32" container="DynamicArray" arraySize="7">
          <containerEntry>4294967295</containerEntry>
          <containerEntry>4294967295</containerEntry>
          <containerEntry>4294967295</containerEntry>
          <containerEntry>4294967295</containerEntry>
          <containerEntry>4294967295</containerEntry>
          <containerEntry>4294967295</containerEntry>
          <containerEntry>4294967295</containerEntry>
        </property>
      </staticProperties>
      <dynamicProperties></dynamicProperties>
    </entity>
    <entity class="StaticModelArray" classVersion="4" classID="0xD0" addr="0x3351120" id="0x0">
      <staticProperties>
        <property name="name" type="String" container="StaticArray" arraySize="1">
          <containerEntry>StaticModelArray0003</containerEntry>
        </property>
        <property name="dataSet" type="EntityHandle" container="StaticArray" arraySize="1">
          <containerEntry>0x3352FC0</containerEntry>
        </property>
        <property name="modelFile" type="FilePtr" container="StaticArray" arraySize="1">
          <containerEntry>/Assets/tpp/environ/object/afghanistan/rock/afgh_rock011/scenes/afgh_rock011.fmdl</containerEntry>
        </property>
        <property name="geomFile" type="FilePtr" container="StaticArray" arraySize="1">
          <containerEntry>/Assets/tpp/environ/object/afghanistan/rock/afgh_rock011/scenes/afgh_rock011.geom</containerEntry>
        </property>
        <property name="isVisibleGeom" type="Bool" container="StaticArray" arraySize="1">
          <containerEntry>false</containerEntry>
        </property>
        <property name="lodFarSize" type="Float" container="StaticArray" arraySize="1">
          <containerEntry>-1</containerEntry>
        </property>
        <property name="lodNearSize" type="Float" container="StaticArray" arraySize="1">
          <containerEntry>-1</containerEntry>
        </property>
        <property name="lodPolygonSize" type="Float" container="StaticArray" arraySize="1">
          <containerEntry>-1</containerEntry>
        </property>
        <property name="drawRejectionLevel" type="Int32" container="StaticArray" arraySize="1">
          <containerEntry>8</containerEntry>
        </property>
        <property name="drawMode" type="Int32" container="StaticArray" arraySize="1">
          <containerEntry>0</containerEntry>
        </property>
        <property name="rejectFarRangeShadowCast" type="Int32" container="StaticArray" arraySize="1">
          <containerEntry>2</containerEntry>
        </property>
        <property name="parentLocator" type="EntityLink" container="StaticArray" arraySize="1">
          <containerEntry packagePathHash="0xB8A0BF169F98" archivePathHash="0xB8A0BF169F98" nameInArchiveHash="0xB8A0BF169F98">0x0</containerEntry>
        </property>
        <property name="transforms" type="Matrix4" container="DynamicArray" arraySize="4">
          <containerEntry r11="0.9929514" r12="-0.055225674" r13="-0.10486983" r14="0" r21="0.07649426" r22="0.9744633" r23="0.21111585" r24="0" r31="0.09053278" r32="-0.21764971" r33="0.9718191" r34="0" r41="1519.1914" r42="332.3279" r43="1096.7826" r44="1"></containerEntry>
          <containerEntry r11="-0.97617877" r12="-0.14617288" r13="-0.16034998" r14="0" r21="-0.13349271" r22="0.98720217" r23="-0.087244704" r24="0" r31="0.17105065" r32="-0.06376074" r33="-0.98319876" r34="0" r41="1451.245" r42="350.13617" r43="1112.301" r44="1"></containerEntry>
          <containerEntry r11="-0.094638854" r12="-0.1156325" r13="1.9944082" r14="0" r21="-0.051519133" r22="1.9961243" r23="0.11328713" r24="0" r31="-1.9970931" r32="-0.046014346" r33="-0.097434044" r34="0" r41="1494.5326" r42="364.21304" r43="1034.3976" r44="1"></containerEntry>
          <containerEntry r11="0.8326928" r12="-0.11585197" r13="0.5414804" r14="0" r21="0.22059199" r22="0.9663274" r23="-0.13247836" r24="0" r31="-0.5078995" r32="0.22976002" r33="0.8302099" r34="0" r41="1463.2142" r42="348.80756" r43="1103.024" r44="1"></containerEntry>
        </property>
        <property name="colors" type="UInt32" container="DynamicArray" arraySize="4">
          <containerEntry>4294967295</containerEntry>
          <containerEntry>4294967295</containerEntry>
          <containerEntry>4294967295</containerEntry>
          <containerEntry>4294967295</containerEntry>
        </property>
      </staticProperties>
      <dynamicProperties></dynamicProperties>
    </entity>
    <entity class="StaticModelArray" classVersion="4" classID="0xD0" addr="0x3351190" id="0x0">
      <staticProperties>
        <property name="name" type="String" container="StaticArray" arraySize="1">
          <containerEntry>StaticModelArray0004</containerEntry>
        </property>
        <property name="dataSet" type="EntityHandle" container="StaticArray" arraySize="1">
          <containerEntry>0x3352FC0</containerEntry>
        </property>
        <property name="modelFile" type="FilePtr" container="StaticArray" arraySize="1">
          <containerEntry>/Assets/tpp/environ/object/afghanistan/cliff/afgh_clff022/scenes/afgh_clff022_vrtn002.fmdl</containerEntry>
        </property>
        <property name="geomFile" type="FilePtr" container="StaticArray" arraySize="1">
          <containerEntry>/Assets/tpp/environ/object/afghanistan/cliff/afgh_clff022/scenes/afgh_clff022_vrtn002.geom</containerEntry>
        </property>
        <property name="isVisibleGeom" type="Bool" container="StaticArray" arraySize="1">
          <containerEntry>false</containerEntry>
        </property>
        <property name="lodFarSize" type="Float" container="StaticArray" arraySize="1">
          <containerEntry>-1</containerEntry>
        </property>
        <property name="lodNearSize" type="Float" container="StaticArray" arraySize="1">
          <containerEntry>-1</containerEntry>
        </property>
        <property name="lodPolygonSize" type="Float" container="StaticArray" arraySize="1">
          <containerEntry>-1</containerEntry>
        </property>
        <property name="drawRejectionLevel" type="Int32" container="StaticArray" arraySize="1">
          <containerEntry>8</containerEntry>
        </property>
        <property name="drawMode" type="Int32" container="StaticArray" arraySize="1">
          <containerEntry>0</containerEntry>
        </property>
        <property name="rejectFarRangeShadowCast" type="Int32" container="StaticArray" arraySize="1">
          <containerEntry>2</containerEntry>
        </property>
        <property name="parentLocator" type="EntityLink" container="StaticArray" arraySize="1">
          <containerEntry packagePathHash="0xB8A0BF169F98" archivePathHash="0xB8A0BF169F98" nameInArchiveHash="0xB8A0BF169F98">0x0</containerEntry>
        </property>
        <property name="transforms" type="Matrix4" container="DynamicArray" arraySize="7">
          <containerEntry r11="0.23951471" r12="0.021386998" r13="-0.97065705" r14="0" r21="0.03961063" r22="0.9987097" r23="0.031779215" r24="0" r31="0.97008425" r32="-0.04605993" r33="0.2383585" r34="0" r41="1489.4823" r42="339.2726" r43="1119.6531" r44="1"></containerEntry>
          <containerEntry r11="0.6886464" r12="0.014904361" r13="-0.72494334" r14="0" r21="0.02143731" r22="0.9989332" r23="0.040901292" r24="0" r31="0.72477955" r32="-0.043707367" r33="0.6875922" r34="0" r41="1517.5114" r42="354.59225" r43="1049.8688" r44="1"></containerEntry>
          <containerEntry r11="-0.97948706" r12="0.062410876" r13="-0.1915796" r14="0" r21="0.057363763" r22="0.99784726" r23="0.031784385" r24="0" r31="0.19315086" r32="0.020142764" r33="-0.98095864" r34="0" r41="1473.9653" r42="345.22495" r43="1100.074" r44="1"></containerEntry>
          <containerEntry r11="0.51822644" r12="-0.01508617" r13="-0.85510963" r14="0" r21="0.0025792345" r22="0.99986744" r23="-0.016076917" r24="0" r31="0.85523885" r32="0.006125942" r33="0.51819664" r34="0" r41="1424.1599" r42="351.90543" r43="1153.4988" r44="1"></containerEntry>
          <containerEntry r11="-0.9837286" r12="0.12038543" r13="0.13332771" r14="0" r21="0.12679191" r22="0.9910973" r23="0.040619634" r24="0" r31="-0.12725072" r32="0.0568638" r33="-0.9902346" r34="0" r41="1416.2136" r42="352.29337" r43="1122.633" r44="1"></containerEntry>
          <containerEntry r11="-0.5994812" r12="-0.022754312" r13="0.8000632" r14="0" r21="0.026601471" r22="0.99847716" r23="0.048329618" r24="0" r31="-0.79994446" r32="0.05025566" r33="-0.59796304" r34="0" r41="1447.168" r42="348.6219" r43="1116.5345" r44="1"></containerEntry>
          <containerEntry r11="0.99721044" r12="-0.06409123" r13="-0.03825753" r14="0" r21="0.066455476" r22="0.99572766" r23="0.064109534" r24="0" r31="0.033985212" r32="-0.06647313" r33="0.99720925" r34="0" r41="1435.712" r42="356.3458" r43="1045.4882" r44="1"></containerEntry>
        </property>
        <property name="colors" type="UInt32" container="DynamicArray" arraySize="7">
          <containerEntry>4294967295</containerEntry>
          <containerEntry>4294967295</containerEntry>
          <containerEntry>4294967295</containerEntry>
          <containerEntry>4294967295</containerEntry>
          <containerEntry>4294967295</containerEntry>
          <containerEntry>4294967295</containerEntry>
          <containerEntry>4294967295</containerEntry>
        </property>
      </staticProperties>
      <dynamicProperties></dynamicProperties>
    </entity>
    <entity class="StaticModelArray" classVersion="4" classID="0xD0" addr="0x3351200" id="0x0">
      <staticProperties>
        <property name="name" type="String" container="StaticArray" arraySize="1">
          <containerEntry>StaticModelArray0005</containerEntry>
        </property>
        <property name="dataSet" type="EntityHandle" container="StaticArray" arraySize="1">
          <containerEntry>0x3352FC0</containerEntry>
        </property>
        <property name="modelFile" type="FilePtr" container="StaticArray" arraySize="1">
          <containerEntry>/Assets/tpp/environ/object/afghanistan/cliff/afgh_clff022/scenes/afgh_clff022_vrtn003.fmdl</containerEntry>
        </property>
        <property name="geomFile" type="FilePtr" container="StaticArray" arraySize="1">
          <containerEntry>/Assets/tpp/environ/object/afghanistan/cliff/afgh_clff022/scenes/afgh_clff022_vrtn003.geom</containerEntry>
        </property>
        <property name="isVisibleGeom" type="Bool" container="StaticArray" arraySize="1">
          <containerEntry>false</containerEntry>
        </property>
        <property name="lodFarSize" type="Float" container="StaticArray" arraySize="1">
          <containerEntry>-1</containerEntry>
        </property>
        <property name="lodNearSize" type="Float" container="StaticArray" arraySize="1">
          <containerEntry>-1</containerEntry>
        </property>
        <property name="lodPolygonSize" type="Float" container="StaticArray" arraySize="1">
          <containerEntry>-1</containerEntry>
        </property>
        <property name="drawRejectionLevel" type="Int32" container="StaticArray" arraySize="1">
          <containerEntry>8</containerEntry>
        </property>
        <property name="drawMode" type="Int32" container="StaticArray" arraySize="1">
          <containerEntry>0</containerEntry>
        </property>
        <property name="rejectFarRangeShadowCast" type="Int32" container="StaticArray" arraySize="1">
          <containerEntry>2</containerEntry>
        </property>
        <property name="parentLocator" type="EntityLink" container="StaticArray" arraySize="1">
          <containerEntry packagePathHash="0xB8A0BF169F98" archivePathHash="0xB8A0BF169F98" nameInArchiveHash="0xB8A0BF169F98">0x0</containerEntry>
        </property>
        <property name="transforms" type="Matrix4" container="DynamicArray" arraySize="2">
          <containerEntry r11="1" r12="0" r13="0" r14="0" r21="0" r22="1" r23="0" r24="0" r31="0" r32="0" r33="1" r34="0" r41="1482.9337" r42="344.8087" r43="1134.881" r44="1"></containerEntry>
          <containerEntry r11="-0.7217668" r12="0" r13="-0.69213563" r14="0" r21="0" r22="1" r23="0" r24="0" r31="0.69213563" r32="0" r33="-0.7217668" r34="0" r41="1430.3143" r42="369.17004" r43="1035.8721" r44="1"></containerEntry>
        </property>
        <property name="colors" type="UInt32" container="DynamicArray" arraySize="2">
          <containerEntry>4294967295</containerEntry>
          <containerEntry>4294967295</containerEntry>
        </property>
      </staticProperties>
      <dynamicProperties></dynamicProperties>
    </entity>
    <entity class="StaticModelArray" classVersion="4" classID="0xD0" addr="0x3350B70" id="0x0">
      <staticProperties>
        <property name="name" type="String" container="StaticArray" arraySize="1">
          <containerEntry>StaticModelArray0006</containerEntry>
        </property>
        <property name="dataSet" type="EntityHandle" container="StaticArray" arraySize="1">
          <containerEntry>0x3352FC0</containerEntry>
        </property>
        <property name="modelFile" type="FilePtr" container="StaticArray" arraySize="1">
          <containerEntry>/Assets/tpp/environ/object/afghanistan/cliff/afgh_clff022/scenes/afgh_clff022_vrtn001.fmdl</containerEntry>
        </property>
        <property name="geomFile" type="FilePtr" container="StaticArray" arraySize="1">
          <containerEntry>/Assets/tpp/environ/object/afghanistan/cliff/afgh_clff022/scenes/afgh_clff022_vrtn001.geom</containerEntry>
        </property>
        <property name="isVisibleGeom" type="Bool" container="StaticArray" arraySize="1">
          <containerEntry>false</containerEntry>
        </property>
        <property name="lodFarSize" type="Float" container="StaticArray" arraySize="1">
          <containerEntry>-1</containerEntry>
        </property>
        <property name="lodNearSize" type="Float" container="StaticArray" arraySize="1">
          <containerEntry>-1</containerEntry>
        </property>
        <property name="lodPolygonSize" type="Float" container="StaticArray" arraySize="1">
          <containerEntry>-1</containerEntry>
        </property>
        <property name="drawRejectionLevel" type="Int32" container="StaticArray" arraySize="1">
          <containerEntry>8</containerEntry>
        </property>
        <property name="drawMode" type="Int32" container="StaticArray" arraySize="1">
          <containerEntry>0</containerEntry>
        </property>
        <property name="rejectFarRangeShadowCast" type="Int32" container="StaticArray" arraySize="1">
          <containerEntry>2</containerEntry>
        </property>
        <property name="parentLocator" type="EntityLink" container="StaticArray" arraySize="1">
          <containerEntry packagePathHash="0xB8A0BF169F98" archivePathHash="0xB8A0BF169F98" nameInArchiveHash="0xB8A0BF169F98">0x0</containerEntry>
        </property>
        <property name="transforms" type="Matrix4" container="DynamicArray" arraySize="4">
          <containerEntry r11="-0.060273767" r12="0" r13="0.9981824" r14="0" r21="0" r22="1" r23="0" r24="0" r31="-0.9981824" r32="0" r33="-0.060273767" r34="0" r41="1494.4148" r42="343.8257" r43="1107.7034" r44="1"></containerEntry>
          <containerEntry r11="0.4556415" r12="0" r13="0.8901622" r14="0" r21="0" r22="1" r23="0" r24="0" r31="-0.8901622" r32="0" r33="0.4556415" r34="0" r41="1503.7246" r42="348.63116" r43="1068.1129" r44="1"></containerEntry>
          <containerEntry r11="-0.23536253" r12="0" r13="-0.97190714" r14="0" r21="0" r22="1" r23="0" r24="0" r31="0.97190714" r32="0" r33="-0.23536253" r34="0" r41="1515.3907" r42="363.19153" r43="1043.2509" r44="1"></containerEntry>
          <containerEntry r11="0.8966205" r12="0.08528862" r13="-0.43450797" r14="0" r21="-0.08130147" r22="0.99630195" r23="0.027793858" r24="0" r31="0.43527162" r32="0.010405667" r33="0.9002388" r34="0" r41="1431.1869" r42="345.1375" r43="1075.237" r44="1"></containerEntry>
        </property>
        <property name="colors" type="UInt32" container="DynamicArray" arraySize="4">
          <containerEntry>4294967295</containerEntry>
          <containerEntry>4294967295</containerEntry>
          <containerEntry>4294967295</containerEntry>
          <containerEntry>4294967295</containerEntry>
        </property>
      </staticProperties>
      <dynamicProperties></dynamicProperties>
    </entity>
    <entity class="StaticModelArray" classVersion="4" classID="0xD0" addr="0x3350630" id="0x0">
      <staticProperties>
        <property name="name" type="String" container="StaticArray" arraySize="1">
          <containerEntry>StaticModelArray0007</containerEntry>
        </property>
        <property name="dataSet" type="EntityHandle" container="StaticArray" arraySize="1">
          <containerEntry>0x3352FC0</containerEntry>
        </property>
        <property name="modelFile" type="FilePtr" container="StaticArray" arraySize="1">
          <containerEntry>/Assets/tpp/environ/object/afghanistan/rock/afgh_rock001/scenes/afgh_rock001.fmdl</containerEntry>
        </property>
        <property name="geomFile" type="FilePtr" container="StaticArray" arraySize="1">
          <containerEntry>/Assets/tpp/environ/object/afghanistan/rock/afgh_rock001/scenes/afgh_rock001.geom</containerEntry>
        </property>
        <property name="isVisibleGeom" type="Bool" container="StaticArray" arraySize="1">
          <containerEntry>false</containerEntry>
        </property>
        <property name="lodFarSize" type="Float" container="StaticArray" arraySize="1">
          <containerEntry>50</containerEntry>
        </property>
        <property name="lodNearSize" type="Float" container="StaticArray" arraySize="1">
          <containerEntry>400</containerEntry>
        </property>
        <property name="lodPolygonSize" type="Float" container="StaticArray" arraySize="1">
          <containerEntry>-1</containerEntry>
        </property>
        <property name="drawRejectionLevel" type="Int32" container="StaticArray" arraySize="1">
          <containerEntry>8</containerEntry>
        </property>
        <property name="drawMode" type="Int32" container="StaticArray" arraySize="1">
          <containerEntry>0</containerEntry>
        </property>
        <property name="rejectFarRangeShadowCast" type="Int32" container="StaticArray" arraySize="1">
          <containerEntry>2</containerEntry>
        </property>
        <property name="parentLocator" type="EntityLink" container="StaticArray" arraySize="1">
          <containerEntry packagePathHash="0xB8A0BF169F98" archivePathHash="0xB8A0BF169F98" nameInArchiveHash="0xB8A0BF169F98">0x0</containerEntry>
        </property>
        <property name="transforms" type="Matrix4" container="DynamicArray" arraySize="23">
          <containerEntry r11="-0.6231478" r12="-0.08685738" r13="-0.7772706" r14="0" r21="-0.19084081" r22="0.9806606" r23="0.04341323" r24="0" r31="0.758468" r32="0.17538735" r33="-0.62767243" r34="0" r41="1521.7571" r42="327.7246" r43="1129.6265" r44="1"></containerEntry>
          <containerEntry r11="-0.6231478" r12="-0.08685738" r13="-0.7772706" r14="0" r21="-0.19084081" r22="0.9806606" r23="0.04341323" r24="0" r31="0.758468" r32="0.17538735" r33="-0.62767243" r34="0" r41="1530.8535" r42="327.7246" r43="1142.6348" r44="1"></containerEntry>
          <containerEntry r11="-0.6231463" r12="-0.08685699" r13="-0.7772713" r14="0" r21="-0.21007672" r22="-0.93870807" r23="0.2733169" r24="0" r31="-0.7533674" r32="0.33360186" r33="0.5667" r34="0" r41="1520.8163" r42="327.7246" r43="1150.2708" r44="1"></containerEntry>
          <containerEntry r11="-0.9149012" r12="0.30407053" r13="-0.26552874" r14="0" r21="0.26053846" r22="0.94718647" r23="0.18696973" r24="0" r31="0.30835712" r32="0.10187775" r33="-0.9458042" r34="0" r41="1513.5731" r42="333.60638" r43="1106.4988" r44="1"></containerEntry>
          <containerEntry r11="-0.59961665" r12="0.31052935" r13="-0.7375883" r14="0" r21="0.2605394" r22="0.9471863" r23="0.18696918" r24="0" r31="0.7566929" r32="-0.08006115" r33="-0.64885384" r34="0" r41="1525.3822" r42="332.2351" r43="1108.4136" r44="1"></containerEntry>
          <containerEntry r11="-0.59961665" r12="0.31052935" r13="-0.7375883" r14="0" r21="0.2605394" r22="0.9471863" r23="0.18696918" r24="0" r31="0.7566929" r32="-0.08006115" r33="-0.64885384" r34="0" r41="1535.5311" r42="333.2587" r43="1085.2626" r44="1"></containerEntry>
          <containerEntry r11="-0.49850047" r12="-0.7127765" r13="-0.49340454" r14="0" r21="-0.79053396" r22="0.6073437" r23="-0.07867624" r24="0" r31="0.35574475" r32="0.35083282" r33="-0.86623514" r34="0" r41="1521.2135" r42="336.7054" r43="1082.428" r44="1"></containerEntry>
          <containerEntry r11="-0.9336615" r12="0.17454788" r13="-0.31274238" r14="0" r21="0.041479208" r22="0.92002696" r23="0.3896534" r24="0" r31="0.35574463" r32="0.35083237" r33="-0.8662338" r34="0" r41="1509.7534" r42="338.0987" r43="1084.7765" r44="1"></containerEntry>
          <containerEntry r11="-0.91932756" r12="0.29813713" r13="-0.25680155" r14="0" r21="0.16816248" r22="0.88771117" r23="0.42859074" r24="0" r31="0.35574448" r32="0.35083172" r33="-0.8662327" r34="0" r41="1504.4552" r42="336.37076" r43="1099.5741" r44="1"></containerEntry>
          <containerEntry r11="-0.56558955" r12="0.3431095" r13="-0.7499242" r14="0" r21="0.041478544" r22="0.92002714" r23="0.38965333" r24="0" r31="0.8236443" r32="0.18927771" r33="-0.5345895" r34="0" r41="1516.3413" r42="333.9199" r43="1093.5282" r44="1"></containerEntry>
          <containerEntry r11="-0.56558955" r12="0.3431095" r13="-0.7499242" r14="0" r21="0.041478544" r22="0.92002714" r23="0.38965333" r24="0" r31="0.8236443" r32="0.18927771" r33="-0.5345895" r34="0" r41="1528.1075" r42="334.29358" r43="1084.5638" r44="1"></containerEntry>
          <containerEntry r11="-0.56558955" r12="0.3431095" r13="-0.7499242" r14="0" r21="0.041478544" r22="0.92002714" r23="0.38965333" r24="0" r31="0.8236443" r32="0.18927771" r33="-0.5345895" r34="0" r41="1526.3203" r42="338.36362" r43="1074.2125" r44="1"></containerEntry>
