<fox formatVersion="2" fileVersion="0">
  <entities>
    <entity class="DataSet" classVersion="0" classID="0xE8" addr="0x2F539D0" id="0x2EA9E7F">
      <staticProperties>
        <property name="name" type="String" container="StaticArray" arraySize="1">
          <containerEntry hash="0xB8A0BF169F98"></containerEntry>
        </property>
        <property name="dataSet" type="EntityHandle" container="StaticArray" arraySize="1">
          <containerEntry>0x0</containerEntry>
        </property>
        <property name="dataList" type="EntityPtr" container="StringMap" arraySize="16">
          <containerEntry key="afgh_clff022_vrtn001_0003">
            <data>0x2F55170</data>
          </containerEntry>
          <containerEntry key="afgh_clff024_0002">
            <data>0x2F55020</data>
          </containerEntry>
          <containerEntry key="afgh_clff035_vrtn003_0000">
            <data>0x2D78190</data>
          </containerEntry>
          <containerEntry key="StaticModelArray0000">
            <data>0x2F50710</data>
          </containerEntry>
          <containerEntry key="StaticModelArray0001">
            <data>0x2F505C0</data>
          </containerEntry>
          <containerEntry key="StaticModelArray0002">
            <data>0x2F504E0</data>
          </containerEntry>
          <containerEntry key="StaticModelArray0003">
            <data>0x2F50400</data>
          </containerEntry>
          <containerEntry key="StaticModelArray0004">
            <data>0x2F506A0</data>
          </containerEntry>
          <containerEntry key="StaticModelArray0005">
            <data>0x2D7FF20</data>
          </containerEntry>
          <containerEntry key="StaticModelArray0006">
            <data>0x2D7D980</data>
          </containerEntry>
          <containerEntry key="StaticModelArray0007">
            <data>0x2D7F740</data>
          </containerEntry>
          <containerEntry key="StaticModelArray0008">
            <data>0x2D7F7B0</data>
          </containerEntry>
          <containerEntry key="StaticModelArray0009">
            <data>0x2D7F820</data>
          </containerEntry>
          <containerEntry key="StaticModelArray0010">
            <data>0x2D7F890</data>
          </containerEntry>
          <containerEntry key="GeoxPathPack0000">
            <data>0x2F50390</data>
          </containerEntry>
          <containerEntry key="TexturePackLoadConditioner0000">
            <data>0x2F50DA0</data>
          </containerEntry>
        </property>
      </staticProperties>
      <dynamicProperties></dynamicProperties>
    </entity>
    <entity class="StaticModel" classVersion="9" classID="0x160" addr="0x2F55170" id="0x2EA9EF1">
      <staticProperties>
        <property name="name" type="String" container="StaticArray" arraySize="1">
          <containerEntry>afgh_clff022_vrtn001_0003</containerEntry>
        </property>
        <property name="dataSet" type="EntityHandle" container="StaticArray" arraySize="1">
          <containerEntry>0x2F539D0</containerEntry>
        </property>
        <property name="parent" type="EntityHandle" container="StaticArray" arraySize="1">
          <containerEntry>0x0</containerEntry>
        </property>
        <property name="transform" type="EntityPtr" container="StaticArray" arraySize="1">
          <containerEntry>0x2F55100</containerEntry>
        </property>
        <property name="shearTransform" type="EntityPtr" container="StaticArray" arraySize="1">
          <containerEntry>0x0</containerEntry>
        </property>
        <property name="pivotTransform" type="EntityPtr" container="StaticArray" arraySize="1">
          <containerEntry>0x0</containerEntry>
        </property>
        <property name="children" type="EntityHandle" container="List"></property>
        <property name="flags" type="UInt32" container="StaticArray" arraySize="1">
          <containerEntry>3221225479</containerEntry>
        </property>
        <property name="modelFile" type="FilePtr" container="StaticArray" arraySize="1">
          <containerEntry>/Assets/tpp/environ/object/afghanistan/cliff/afgh_clff022/scenes/afgh_clff022_vrtn001.fmdl</containerEntry>
        </property>
        <property name="geomFile" type="FilePtr" container="StaticArray" arraySize="1">
          <containerEntry>/Assets/tpp/environ/object/afghanistan/cliff/afgh_clff022/scenes/afgh_clff022_vrtn001.geom</containerEntry>
        </property>
        <property name="isVisibleGeom" type="Bool" container="StaticArray" arraySize="1">
          <containerEntry>false</containerEntry>
        </property>
        <property name="isIsolated" type="Bool" container="StaticArray" arraySize="1">
          <containerEntry>false</containerEntry>
        </property>
        <property name="lodFarSize" type="Float" container="StaticArray" arraySize="1">
          <containerEntry>-1</containerEntry>
        </property>
        <property name="lodNearSize" type="Float" container="StaticArray" arraySize="1">
          <containerEntry>-1</containerEntry>
        </property>
        <property name="lodPolygonSize" type="Float" container="StaticArray" arraySize="1">
          <containerEntry>-1</containerEntry>
        </property>
        <property name="color" type="Color" container="StaticArray" arraySize="1">
          <containerEntry r="1" g="1" b="1" a="1"></containerEntry>
        </property>
        <property name="drawRejectionLevel" type="Int32" container="StaticArray" arraySize="1">
          <containerEntry>8</containerEntry>
        </property>
        <property name="drawMode" type="Int32" container="StaticArray" arraySize="1">
          <containerEntry>0</containerEntry>
        </property>
        <property name="rejectFarRangeShadowCast" type="Int32" container="StaticArray" arraySize="1">
          <containerEntry>2</containerEntry>
        </property>
      </staticProperties>
      <dynamicProperties></dynamicProperties>
    </entity>
    <entity class="TransformEntity" classVersion="0" classID="0x50" addr="0x2F55100" id="0x2EA9EF4">
      <staticProperties>
        <property name="owner" type="EntityHandle" container="StaticArray" arraySize="1">
          <containerEntry>0x2F55170</containerEntry>
        </property>
        <property name="transform_scale" type="Vector3" container="StaticArray" arraySize="1">
          <containerEntry x="1" y="1" z="1" w="0"></containerEntry>
        </property>
        <property name="transform_rotation_quat" type="Quat" container="StaticArray" arraySize="1">
          <containerEntry x="0.06177" y="-0.991965" z="-0.039253" w="0.103187"></containerEntry>
        </property>
        <property name="transform_translation" type="Vector3" container="StaticArray" arraySize="1">
          <containerEntry x="1326.3158" y="321.49915" z="2.13338" w="0"></containerEntry>
        </property>
      </staticProperties>
      <dynamicProperties></dynamicProperties>
    </entity>
    <entity class="StaticModel" classVersion="9" classID="0x160" addr="0x2F55020" id="0x2EA9EF8">
      <staticProperties>
        <property name="name" type="String" container="StaticArray" arraySize="1">
          <containerEntry>afgh_clff024_0002</containerEntry>
        </property>
        <property name="dataSet" type="EntityHandle" container="StaticArray" arraySize="1">
          <containerEntry>0x2F539D0</containerEntry>
        </property>
        <property name="parent" type="EntityHandle" container="StaticArray" arraySize="1">
          <containerEntry>0x0</containerEntry>
        </property>
        <property name="transform" type="EntityPtr" container="StaticArray" arraySize="1">
          <containerEntry>0x2F54FB0</containerEntry>
        </property>
        <property name="shearTransform" type="EntityPtr" container="StaticArray" arraySize="1">
          <containerEntry>0x0</containerEntry>
        </property>
        <property name="pivotTransform" type="EntityPtr" container="StaticArray" arraySize="1">
          <containerEntry>0x0</containerEntry>
        </property>
        <property name="children" type="EntityHandle" container="List"></property>
        <property name="flags" type="UInt32" container="StaticArray" arraySize="1">
          <containerEntry>3221225479</containerEntry>
        </property>
        <property name="modelFile" type="FilePtr" container="StaticArray" arraySize="1">
          <containerEntry>/Assets/tpp/environ/object/afghanistan/cliff/afgh_clff024/scenes/afgh_clff024.fmdl</containerEntry>
        </property>
        <property name="geomFile" type="FilePtr" container="StaticArray" arraySize="1">
          <containerEntry>/Assets/tpp/environ/object/afghanistan/cliff/afgh_clff024/scenes/afgh_clff024.geom</containerEntry>
        </property>
        <property name="isVisibleGeom" type="Bool" container="StaticArray" arraySize="1">
          <containerEntry>false</containerEntry>
        </property>
        <property name="isIsolated" type="Bool" container="StaticArray" arraySize="1">
          <containerEntry>false</containerEntry>
        </property>
        <property name="lodFarSize" type="Float" container="StaticArray" arraySize="1">
          <containerEntry>-1</containerEntry>
        </property>
        <property name="lodNearSize" type="Float" container="StaticArray" arraySize="1">
          <containerEntry>-1</containerEntry>
        </property>
        <property name="lodPolygonSize" type="Float" container="StaticArray" arraySize="1">
          <containerEntry>-1</containerEntry>
        </property>
        <property name="color" type="Color" container="StaticArray" arraySize="1">
          <containerEntry r="1" g="1" b="1" a="1"></containerEntry>
        </property>
        <property name="drawRejectionLevel" type="Int32" container="StaticArray" arraySize="1">
          <containerEntry>8</containerEntry>
        </property>
        <property name="drawMode" type="Int32" container="StaticArray" arraySize="1">
          <containerEntry>0</containerEntry>
        </property>
        <property name="rejectFarRangeShadowCast" type="Int32" container="StaticArray" arraySize="1">
          <containerEntry>2</containerEntry>
        </property>
      </staticProperties>
      <dynamicProperties></dynamicProperties>
    </entity>
    <entity class="TransformEntity" classVersion="0" classID="0x50" addr="0x2F54FB0" id="0x2EA9EFB">
      <staticProperties>
        <property name="owner" type="EntityHandle" container="StaticArray" arraySize="1">
          <containerEntry>0x2F55020</containerEntry>
        </property>
        <property name="transform_scale" type="Vector3" container="StaticArray" arraySize="1">
          <containerEntry x="1" y="1" z="1" w="0"></containerEntry>
        </property>
        <property name="transform_rotation_quat" type="Quat" container="StaticArray" arraySize="1">
          <containerEntry x="0.08885" y="-0.786921" z="-0.116652" w="-0.599378"></containerEntry>
        </property>
        <property name="transform_translation" type="Vector3" container="StaticArray" arraySize="1">
          <containerEntry x="1282.2311" y="353.77267" z="61.564735" w="0"></containerEntry>
        </property>
      </staticProperties>
      <dynamicProperties></dynamicProperties>
    </entity>
    <entity class="StaticModel" classVersion="9" classID="0x160" addr="0x2D78190" id="0x2EAA01E">
      <staticProperties>
        <property name="name" type="String" container="StaticArray" arraySize="1">
          <containerEntry>afgh_clff035_vrtn003_0000</containerEntry>
        </property>
        <property name="dataSet" type="EntityHandle" container="StaticArray" arraySize="1">
          <containerEntry>0x2F539D0</containerEntry>
        </property>
        <property name="parent" type="EntityHandle" container="StaticArray" arraySize="1">
          <containerEntry>0x0</containerEntry>
        </property>
        <property name="transform" type="EntityPtr" container="StaticArray" arraySize="1">
          <containerEntry>0x2D78200</containerEntry>
        </property>
        <property name="shearTransform" type="EntityPtr" container="StaticArray" arraySize="1">
          <containerEntry>0x0</containerEntry>
        </property>
        <property name="pivotTransform" type="EntityPtr" container="StaticArray" arraySize="1">
          <containerEntry>0x0</containerEntry>
        </property>
        <property name="children" type="EntityHandle" container="List"></property>
        <property name="flags" type="UInt32" container="StaticArray" arraySize="1">
          <containerEntry>7</containerEntry>
        </property>
        <property name="modelFile" type="FilePtr" container="StaticArray" arraySize="1">
          <containerEntry>/Assets/tpp/environ/object/afghanistan/cliff/afgh_clff035/scenes/afgh_clff035_vrtn003.fmdl</containerEntry>
        </property>
        <property name="geomFile" type="FilePtr" container="StaticArray" arraySize="1">
          <containerEntry>/Assets/tpp/environ/object/afghanistan/cliff/afgh_clff035/scenes/afgh_clff035_vrtn003.geom</containerEntry>
        </property>
        <property name="isVisibleGeom" type="Bool" container="StaticArray" arraySize="1">
          <containerEntry>false</containerEntry>
        </property>
        <property name="isIsolated" type="Bool" container="StaticArray" arraySize="1">
          <containerEntry>false</containerEntry>
        </property>
        <property name="lodFarSize" type="Float" container="StaticArray" arraySize="1">
          <containerEntry>-1</containerEntry>
        </property>
        <property name="lodNearSize" type="Float" container="StaticArray" arraySize="1">
          <containerEntry>-1</containerEntry>
        </property>
        <property name="lodPolygonSize" type="Float" container="StaticArray" arraySize="1">
          <containerEntry>-1</containerEntry>
        </property>
        <property name="color" type="Color" container="StaticArray" arraySize="1">
          <containerEntry r="1" g="1" b="1" a="1"></containerEntry>
        </property>
        <property name="drawRejectionLevel" type="Int32" container="StaticArray" arraySize="1">
          <containerEntry>8</containerEntry>
        </property>
        <property name="drawMode" type="Int32" container="StaticArray" arraySize="1">
          <containerEntry>0</containerEntry>
        </property>
        <property name="rejectFarRangeShadowCast" type="Int32" container="StaticArray" arraySize="1">
          <containerEntry>2</containerEntry>
        </property>
      </staticProperties>
      <dynamicProperties></dynamicProperties>
    </entity>
    <entity class="TransformEntity" classVersion="0" classID="0x50" addr="0x2D78200" id="0x2EAA021">
      <staticProperties>
        <property name="owner" type="EntityHandle" container="StaticArray" arraySize="1">
          <containerEntry>0x2D78190</containerEntry>
        </property>
        <property name="transform_scale" type="Vector3" container="StaticArray" arraySize="1">
          <containerEntry x="1" y="1" z="1" w="0"></containerEntry>
        </property>
        <property name="transform_rotation_quat" type="Quat" container="StaticArray" arraySize="1">
          <containerEntry x="0.066072" y="0.990291" z="0.001107" w="-0.122299"></containerEntry>
        </property>
        <property name="transform_translation" type="Vector3" container="StaticArray" arraySize="1">
          <containerEntry x="1299.1083" y="371.06717" z="121.180145" w="0"></containerEntry>
        </property>
      </staticProperties>
      <dynamicProperties></dynamicProperties>
    </entity>
    <entity class="StaticModelArray" classVersion="4" classID="0xD0" addr="0x2F50710" id="0x0">
      <staticProperties>
        <property name="name" type="String" container="StaticArray" arraySize="1">
          <containerEntry>StaticModelArray0000</containerEntry>
        </property>
        <property name="dataSet" type="EntityHandle" container="StaticArray" arraySize="1">
          <containerEntry>0x2F539D0</containerEntry>
        </property>
        <property name="modelFile" type="FilePtr" container="StaticArray" arraySize="1">
          <containerEntry>/Assets/tpp/environ/object/afghanistan/rock/afgh_rock001/scenes/afgh_rock001.fmdl</containerEntry>
        </property>
        <property name="geomFile" type="FilePtr" container="StaticArray" arraySize="1">
          <containerEntry>/Assets/tpp/environ/object/afghanistan/rock/afgh_rock001/scenes/afgh_rock001.geom</containerEntry>
        </property>
        <property name="isVisibleGeom" type="Bool" container="StaticArray" arraySize="1">
          <containerEntry>false</containerEntry>
        </property>
        <property name="lodFarSize" type="Float" container="StaticArray" arraySize="1">
          <containerEntry>-1</containerEntry>
        </property>
        <property name="lodNearSize" type="Float" container="StaticArray" arraySize="1">
          <containerEntry>-1</containerEntry>
        </property>
        <property name="lodPolygonSize" type="Float" container="StaticArray" arraySize="1">
          <containerEntry>-1</containerEntry>
        </property>
        <property name="drawRejectionLevel" type="Int32" container="StaticArray" arraySize="1">
          <containerEntry>8</containerEntry>
        </property>
        <property name="drawMode" type="Int32" container="StaticArray" arraySize="1">
          <containerEntry>0</containerEntry>
        </property>
        <property name="rejectFarRangeShadowCast" type="Int32" container="StaticArray" arraySize="1">
          <containerEntry>2</containerEntry>
        </property>
        <property name="parentLocator" type="EntityLink" container="StaticArray" arraySize="1">
          <containerEntry packagePathHash="0xB8A0BF169F98" archivePathHash="0xB8A0BF169F98" nameInArchiveHash="0xB8A0BF169F98">0x0</containerEntry>
        </property>
        <property name="transforms" type="Matrix4" container="DynamicArray" arraySize="8">
          <containerEntry r11="-0.48387003" r12="0.16148546" r13="-0.8601018" r14="0" r21="-0.38753322" r22="-0.9207375" r23="0.04514733" r24="0" r31="-0.78464687" r32="0.35516578" r33="0.50811505" r34="0" r41="1305.4429" r42="314.79703" r43="17.813995" r44="1"></containerEntry>
          <containerEntry r11="0.53828627" r12="0.36291513" r13="0.76061535" r14="0" r21="0.007964104" r22="-0.90467024" r23="0.42601487" r24="0" r31="0.8427216" r32="-0.2232593" r33="-0.48985735" r34="0" r41="1354.708" r42="338.7517" r43="113.2438" r44="1"></containerEntry>
          <containerEntry r11="-0.9402695" r12="0.13820949" r13="0.31107536" r14="0" r21="0.007963739" r22="-0.90466833" r23="0.42601475" r24="0" r31="0.34030327" r32="0.40305105" r33="0.8495538" r34="0" r41="1383.7081" r42="335.00406" r43="45.698517" r44="1"></containerEntry>
          <containerEntry r11="0.53828627" r12="0.36291513" r13="0.76061535" r14="0" r21="0.007964104" r22="-0.90467024" r23="0.42601487" r24="0" r31="0.8427216" r32="-0.2232593" r33="-0.48985735" r34="0" r41="1363.9943" r42="332.89" r43="96.076" r44="1"></containerEntry>
          <containerEntry r11="0.53828627" r12="0.36291513" r13="0.76061535" r14="0" r21="0.007964104" r22="-0.90467024" r23="0.42601487" r24="0" r31="0.8427216" r32="-0.2232593" r33="-0.48985735" r34="0" r41="1383.7081" r42="328.74167" r43="70.1287" r44="1"></containerEntry>
          <containerEntry r11="0.8191689" r12="0.2162229" r13="-0.5312325" r14="0" r21="0.06566714" r22="-0.9554733" r23="-0.28764102" r24="0" r31="-0.56977904" r32="0.2007416" r33="-0.796891" r34="0" r41="1325.7872" r42="327.9675" r43="65.72089" r44="1"></containerEntry>
          <containerEntry r11="0.74693197" r12="-0.277874" r13="-0.60405004" r14="0" r21="0.007964656" r22="-0.9046713" r23="0.42601588" r24="0" r31="-0.66485107" r32="-0.32301548" r33="-0.67351264" r34="0" r41="1326" r42="347.5173" r43="98" r44="1"></containerEntry>
          <containerEntry r11="0.8191689" r12="0.2162229" r13="-0.5312325" r14="0" r21="0.06566714" r22="-0.9554733" r23="-0.28764102" r24="0" r31="-0.56977904" r32="0.2007416" r33="-0.796891" r34="0" r41="1327.6938" r42="313.4879" r43="17.813995" r44="1"></containerEntry>
        </property>
        <property name="colors" type="UInt32" container="DynamicArray" arraySize="8">
          <containerEntry>4294967295</containerEntry>
          <containerEntry>4294967295</containerEntry>
          <containerEntry>4294967295</containerEntry>
          <containerEntry>4294967295</containerEntry>
          <containerEntry>4294967295</containerEntry>
          <containerEntry>4294967295</containerEntry>
          <containerEntry>4294967295</containerEntry>
          <containerEntry>4294967295</containerEntry>
        </property>
      </staticProperties>
      <dynamicProperties></dynamicProperties>
    </entity>
    <entity class="StaticModelArray" classVersion="4" classID="0xD0" addr="0x2F505C0" id="0x0">
      <staticProperties>
        <property name="name" type="String" container="StaticArray" arraySize="1">
          <containerEntry>StaticModelArray0001</containerEntry>
        </property>
        <property name="dataSet" type="EntityHandle" container="StaticArray" arraySize="1">
          <containerEntry>0x2F539D0</containerEntry>
        </property>
        <property name="modelFile" type="FilePtr" container="StaticArray" arraySize="1">
          <containerEntry>/Assets/tpp/environ/object/afghanistan/rock/afgh_rock009/scenes/afgh_rock009_rock001.fmdl</containerEntry>
        </property>
        <property name="geomFile" type="FilePtr" container="StaticArray" arraySize="1">
          <containerEntry>/Assets/tpp/environ/object/afghanistan/rock/afgh_rock009/scenes/afgh_rock009_rock001.geom</containerEntry>
        </property>
        <property name="isVisibleGeom" type="Bool" container="StaticArray" arraySize="1">
          <containerEntry>false</containerEntry>
        </property>
        <property name="lodFarSize" type="Float" container="StaticArray" arraySize="1">
          <containerEntry>-1</containerEntry>
        </property>
        <property name="lodNearSize" type="Float" container="StaticArray" arraySize="1">
          <containerEntry>-1</containerEntry>
        </property>
        <property name="lodPolygonSize" type="Float" container="StaticArray" arraySize="1">
          <containerEntry>-1</containerEntry>
        </property>
        <property name="drawRejectionLevel" type="Int32" container="StaticArray" arraySize="1">
          <containerEntry>8</containerEntry>
        </property>
        <property name="drawMode" type="Int32" container="StaticArray" arraySize="1">
          <containerEntry>0</containerEntry>
        </property>
        <property name="rejectFarRangeShadowCast" type="Int32" container="StaticArray" arraySize="1">
          <containerEntry>2</containerEntry>
        </property>
        <property name="parentLocator" type="EntityLink" container="StaticArray" arraySize="1">
          <containerEntry packagePathHash="0xB8A0BF169F98" archivePathHash="0xB8A0BF169F98" nameInArchiveHash="0xB8A0BF169F98">0x0</containerEntry>
        </property>
        <property name="transforms" type="Matrix4" container="DynamicArray" arraySize="20">
          <containerEntry r11="-0.3713284" r12="0.0031128526" r13="0.92849547" r14="0" r21="-0.59474283" r22="0.7671223" r23="-0.24042468" r24="0" r31="-0.7130179" r32="-0.6414931" r33="-0.28300273" r34="0" r41="1367.7369" r42="328.9785" r43="70.94152" r44="1"></containerEntry>
          <containerEntry r11="-0.8036519" r12="-0.5596971" r13="0.20219128" r14="0" r21="-0.5947438" r22="0.7671218" r23="-0.24042404" r24="0" r31="-0.02054064" r32="-0.31346947" r33="-0.9493753" r34="0" r41="1332.6144" r42="329.6985" r43="80.12797" r44="1"></containerEntry>
          <containerEntry r11="-0.8036519" r12="-0.5596971" r13="0.20219128" r14="0" r21="-0.5947438" r22="0.7671218" r23="-0.24042404" r24="0" r31="-0.02054064" r32="-0.31346947" r33="-0.9493753" r34="0" r41="1305.377" r42="316.93542" r43="21.735254" r44="1"></containerEntry>
          <containerEntry r11="-0.47144243" r12="-0.090571105" r13="0.87723386" r14="0" r21="-0.59474444" r22="0.76712126" r23="-0.24042462" r24="0" r31="-0.6511693" r32="-0.6350762" r33="-0.41552025" r34="0" r41="1347.0752" r42="349.6027" r43="120" r44="1"></containerEntry>
          <containerEntry r11="-0.8369595" r12="0.09752561" r13="0.5385028" r14="0" r21="-0.004805617" r22="0.9826455" r23="-0.18543106" r24="0" r31="-0.5472417" r32="-0.15778634" r33="-0.8219658" r34="0" r41="1359.5636" r42="335.97968" r43="13.582112" r44="1"></containerEntry>
          <containerEntry r11="-0.82955164" r12="0.2441685" r13="-0.5022131" r14="0" r21="0.21740983" r22="0.9696001" r23="0.11228726" r24="0" r31="0.51436293" r32="-0.016037785" r33="-0.857418" r34="0" r41="1370.7158" r42="330.7824" r43="45.613804" r44="1"></containerEntry>
          <containerEntry r11="-0.73510504" r12="-0.46637592" r13="0.49204955" r14="0" r21="-0.52728957" r22="0.8495068" r23="0.01742895" r24="0" r31="-0.42612788" r32="-0.24664058" r33="-0.8703919" r34="0" r41="1345.9149" r42="326.10474" r43="27.546383" r44="1"></containerEntry>
          <containerEntry r11="-0.80828047" r12="-0.074190535" r13="-0.58410335" r14="0" r21="-0.063258596" r22="-0.9753447" r23="0.21142165" r24="0" r31="-0.5853882" r32="0.20783775" r33="0.7836606" r34="0" r41="1395.0426" r42="345.19284" r43="116.46811" r44="1"></containerEntry>
          <containerEntry r11="-0.80827975" r12="-0.07419056" r13="-0.5841037" r14="0" r21="-0.5832184" r22="0.2371111" r23="0.77693856" r24="0" r31="0.08085564" r32="0.968645" r33="-0.2349205" r34="0" r41="1342.8337" r42="330.7584" r43="3.437982" r44="1"></containerEntry>
          <containerEntry r11="-0.80828106" r12="-0.074191004" r13="-0.5841036" r14="0" r21="-0.3874151" r22="0.81404835" r23="0.43270633" r24="0" r31="0.4433856" r32="0.576039" r33="-0.6867226" r34="0" r41="1388.9645" r42="352.24496" r43="6.801363" r44="1"></containerEntry>
          <containerEntry r11="-0.6169483" r12="-0.24379186" r13="0.7482928" r14="0" r21="-0.59474355" r22="0.7671224" r23="-0.24042377" r24="0" r31="-0.5154189" r32="-0.5933709" r33="-0.61826867" r34="0" r41="1332" r42="351.58347" r43="112" r44="1"></containerEntry>
          <containerEntry r11="-0.8406424" r12="-0.5283398" r13="0.11905393" r14="0" r21="-0.3442822" r22="0.35162744" r23="-0.87053245" r24="0" r31="0.41807476" r32="-0.7727962" r33="-0.47748995" r34="0" r41="1365.4956" r42="350.4511" r43="130.97614" r44="1"></containerEntry>
          <containerEntry r11="-0.4714413" r12="-0.09057116" r13="0.87723273" r14="0" r21="-0.2822867" r22="0.9578754" r23="-0.052809328" r24="0" r31="-0.8354966" r32="-0.27252793" r33="-0.47714907" r34="0" r41="1299.0165" r42="343.18414" r43="72.04402" r44="1"></containerEntry>
          <containerEntry r11="-0.37682813" r12="0.91615975" r13="0.1365639" r14="0" r21="-0.13299462" r22="0.09239186" r23="-0.9868003" r24="0" r31="-0.91668475" r32="-0.39001742" r33="0.08702952" r34="0" r41="1289.0249" r42="355.8046" r43="107.390045" r44="1"></containerEntry>
          <containerEntry r11="-0.30569196" r12="-0.9488281" r13="0.079240195" r14="0" r21="-0.90843284" r22="0.31557262" r23="0.27416134" r24="0" r31="-0.28513792" r32="0.011824369" r33="-0.9584147" r34="0" r41="1355.399" r42="327.2241" r43="38.794445" r44="1"></containerEntry>
          <containerEntry r11="1.976693" r12="0.3449341" r13="0.24417299" r14="0" r21="0.34919605" r22="-1.990907" r23="-0.014401549" r24="0" r31="0.23803803" r32="0.056264948" r33="-2.0064964" r34="0" r41="1301.2311" r42="339.3519" r43="55.721344" r44="1"></containerEntry>
          <containerEntry r11="-0.44279647" r12="0.026273036" r13="-1.4965386" r14="0" r21="-0.20095286" r22="1.5454866" r23="0.086591005" r24="0" r31="1.4832182" r32="0.21723211" r33="-0.43504143" r34="0" r41="1307.2566" r42="338.6472" r43="71.17138" r44="1"></containerEntry>
          <containerEntry r11="-1.3965054" r12="-0.21867818" r13="0.66207325" r14="0" r21="0.02135613" r22="1.4680358" r23="0.5299273" r24="0" r31="-0.6969254" r32="0.4831758" r33="-1.3104293" r34="0" r41="1302.6954" r42="343.8305" r43="84.47824" r44="1"></containerEntry>
          <containerEntry r11="0.23412205" r12="1.5224392" r13="0.25250867" r14="0" r21="0.9890858" r22="-0.344068" r23="1.1574608" r24="0" r31="1.184606" r32="-0.013600039" r33="-1.0163198" r34="0" r41="1342.0334" r42="343.38437" r43="104.54728" r44="1"></containerEntry>
          <containerEntry r11="1.1224416" r12="0.16535841" r13="-0.34648305" r14="0" r21="-0.15272355" r22="1.1745698" r23="0.06580887" r24="0" r31="0.35223487" r32="-0.01766044" r33="1.1326464" r34="0" r41="1303.0038" r42="339.52118" r43="63.085278" r44="1"></containerEntry>
        </property>
        <property name="colors" type="UInt32" container="DynamicArray" arraySize="20">
          <containerEntry>4294967295</containerEntry>
          <containerEntry>4294967295</containerEntry>
          <containerEntry>4294967295</containerEntry>
          <containerEntry>4294967295</containerEntry>
          <containerEntry>4294967295</containerEntry>
          <containerEntry>4294967295</containerEntry>
          <containerEntry>4294967295</containerEntry>
          <containerEntry>4294967295</containerEntry>
          <containerEntry>4294967295</containerEntry>
          <containerEntry>4294967295</containerEntry>
          <containerEntry>4294967295</containerEntry>
          <containerEntry>4294967295</containerEntry>
          <containerEntry>4294967295</containerEntry>
          <containerEntry>4294967295</containerEntry>
          <containerEntry>4294967295</containerEntry>
          <containerEntry>4294967295</containerEntry>
          <containerEntry>4294967295</containerEntry>
          <containerEntry>4294967295</containerEntry>
          <containerEntry>4294967295</containerEntry>
          <containerEntry>4294967295</containerEntry>
        </property>
      </staticProperties>
      <dynamicProperties></dynamicProperties>
    </entity>
    <entity class="StaticModelArray" classVersion="4" classID="0xD0" addr="0x2F504E0" id="0x0">
      <staticProperties>
        <property name="name" type="String" container="StaticArray" arraySize="1">
          <containerEntry>StaticModelArray0002</containerEntry>
        </property>
        <property name="dataSet" type="EntityHandle" container="StaticArray" arraySize="1">
          <containerEntry>0x2F539D0</containerEntry>
        </property>
        <property name="modelFile" type="FilePtr" container="StaticArray" arraySize="1">
          <containerEntry>/Assets/tpp/environ/object/afghanistan/cliff/afgh_clff025/scenes/afgh_clff025.fmdl</containerEntry>
        </property>
        <property name="geomFile" type="FilePtr" container="StaticArray" arraySize="1">
          <containerEntry>/Assets/tpp/environ/object/afghanistan/cliff/afgh_clff025/scenes/afgh_clff025.geom</containerEntry>
        </property>
        <property name="isVisibleGeom" type="Bool" container="StaticArray" arraySize="1">
          <containerEntry>false</containerEntry>
        </property>
        <property name="lodFarSize" type="Float" container="StaticArray" arraySize="1">
          <containerEntry>-1</containerEntry>
        </property>
        <property name="lodNearSize" type="Float" container="StaticArray" arraySize="1">
          <containerEntry>-1</containerEntry>
        </property>
        <property name="lodPolygonSize" type="Float" container="StaticArray" arraySize="1">
          <containerEntry>-1</containerEntry>
        </property>
        <property name="drawRejectionLevel" type="Int32" container="StaticArray" arraySize="1">
          <containerEntry>8</containerEntry>
        </property>
        <property name="drawMode" type="Int32" container="StaticArray" arraySize="1">
          <containerEntry>0</containerEntry>
        </property>
        <property name="rejectFarRangeShadowCast" type="Int32" container="StaticArray" arraySize="1">
          <containerEntry>2</containerEntry>
        </property>
        <property name="parentLocator" type="EntityLink" container="StaticArray" arraySize="1">
          <containerEntry packagePathHash="0xB8A0BF169F98" archivePathHash="0xB8A0BF169F98" nameInArchiveHash="0xB8A0BF169F98">0x0</containerEntry>
        </property>
        <property name="transforms" type="Matrix4" container="DynamicArray" arraySize="10">
          <containerEntry r11="0.93950856" r12="-0.1052531" r13="0.3259523" r14="0" r21="0.08391015" r22="0.9933446" r23="0.07890172" r24="0" r31="-0.33208764" r32="-0.04677798" r33="0.9420876" r34="0" r41="1403.3726" r42="358.01657" r43="1.593792" r44="1"></containerEntry>
          <containerEntry r11="0.4745822" r12="0.045913264" r13="0.87900966" r14="0" r21="0.010579003" r22="0.998269" r23="-0.057853844" r24="0" r31="-0.8801444" r32="0.036755335" r33="0.473275" r34="0" r41="1351.5657" r42="323.51782" r43="49.698246" r44="1"></containerEntry>
          <containerEntry r11="0.5382349" r12="0.043076634" r13="0.8416906" r14="0" r21="0.010577811" r22="0.998269" r23="-0.057853978" r24="0" r31="-0.8427258" r32="0.040042188" r33="0.5368476" r34="0" r41="1356.0409" r42="324.38898" r43="57.758026" r44="1"></containerEntry>
          <containerEntry r11="0.63118863" r12="0.030988831" r13="0.77500725" r14="0" r21="-0.018073045" r22="0.99951786" r23="-0.02524662" r24="0" r31="-0.775416" r32="0.0019284999" r33="0.63144433" r34="0" r41="1368.8463" r42="332.44473" r43="40.34188" r44="1"></containerEntry>
          <containerEntry r11="0.8211008" r12="0.010325682" r13="0.5706883" r14="0" r21="-0.0032965764" r22="0.99990547" r23="-0.013348531" r24="0" r31="-0.57077223" r32="0.009079151" r33="0.8210572" r34="0" r41="1377.7823" r42="332.77322" r43="46.997005" r44="1"></containerEntry>
          <containerEntry r11="0.9899181" r12="0.0013721207" r13="-0.14163396" r14="0" r21="-0.0032959497" r22="0.99990547" r23="-0.013349345" r24="0" r31="0.14160225" r32="0.0136815775" r33="0.98982906" r34="0" r41="1388.7667" r42="333.008" r43="48.723495" r44="1"></containerEntry>
          <containerEntry r11="-0.9953157" r12="-0.050635345" r13="-0.08232878" r14="0" r21="-0.07658508" r22="0.9327959" r23="0.35217375" r24="0" r31="0.05896348" r32="0.35683006" r33="-0.93230414" r34="0" r41="1324.306" r42="343.92044" r43="91.27266" r44="1"></containerEntry>
          <containerEntry r11="-0.21848524" r12="-0.047837198" r13="-0.9746641" r14="0" r21="-0.07639891" r22="0.9965705" r23="-0.03178615" r24="0" r31="0.9728421" r32="0.067518555" r33="-0.22139066" r34="0" r41="1297.2516" r42="336.55276" r43="39.694805" r44="1"></containerEntry>
          <containerEntry r11="-0.6875604" r12="-0.025921294" r13="-0.725659" r14="0" r21="-0.042236343" r22="0.9990983" r23="0.0043302327" r24="0" r31="0.7248924" r32="0.033626564" r33="-0.6880352" r34="0" r41="1293.26" r42="334.34222" r43="29.759308" r44="1"></containerEntry>
          <containerEntry r11="-0.8508374" r12="-0.033696175" r13="-0.52433676" r14="0" r21="-0.22916427" r22="0.9218184" r23="0.3126246" r24="0" r31="0.47280884" r32="0.3861541" r33="-0.7920391" r34="0" r41="1288.4597" r42="333.56464" r43="21.570486" r44="1"></containerEntry>
        </property>
        <property name="colors" type="UInt32" container="DynamicArray" arraySize="10">
          <containerEntry>4294967295</containerEntry>
          <containerEntry>4294967295</containerEntry>
          <containerEntry>4294967295</containerEntry>
          <containerEntry>4294967295</containerEntry>
          <containerEntry>4294967295</containerEntry>
          <containerEntry>4294967295</containerEntry>
          <containerEntry>4294967295</containerEntry>
          <containerEntry>4294967295</containerEntry>
          <containerEntry>4294967295</containerEntry>
          <containerEntry>4294967295</containerEntry>
        </property>
      </staticProperties>
      <dynamicProperties></dynamicProperties>
    </entity>
    <entity class="StaticModelArray" classVersion="4" classID="0xD0" addr="0x2F50400" id="0x0">
      <staticProperties>
        <property name="name" type="String" container="StaticArray" arraySize="1">
          <containerEntry>StaticModelArray0003</containerEntry>
        </property>
        <property name="dataSet" type="EntityHandle" container="StaticArray" arraySize="1">
          <containerEntry>0x2F539D0</containerEntry>
        </property>
        <property name="modelFile" type="FilePtr" container="StaticArray" arraySize="1">
          <containerEntry>/Assets/tpp/environ/object/afghanistan/rock/afgh_rock010/scenes/afgh_rock010.fmdl</containerEntry>
        </property>
        <property name="geomFile" type="FilePtr" container="StaticArray" arraySize="1">
          <containerEntry>/Assets/tpp/environ/object/afghanistan/rock/afgh_rock010/scenes/afgh_rock010.geom</containerEntry>
        </property>
        <property name="isVisibleGeom" type="Bool" container="StaticArray" arraySize="1">
          <containerEntry>false</containerEntry>
        </property>
        <property name="lodFarSize" type="Float" container="StaticArray" arraySize="1">
          <containerEntry>-1</containerEntry>
        </property>
        <property name="lodNearSize" type="Float" container="StaticArray" arraySize="1">
          <containerEntry>-1</containerEntry>
        </property>
        <property name="lodPolygonSize" type="Float" container="StaticArray" arraySize="1">
          <containerEntry>-1</containerEntry>
        </property>
        <property name="drawRejectionLevel" type="Int32" container="StaticArray" arraySize="1">
          <containerEntry>8</containerEntry>
        </property>
        <property name="drawMode" type="Int32" container="StaticArray" arraySize="1">
          <containerEntry>0</containerEntry>
        </property>
        <property name="rejectFarRangeShadowCast" type="Int32" container="StaticArray" arraySize="1">
          <containerEntry>2</containerEntry>
        </property>
        <property name="parentLocator" type="EntityLink" container="StaticArray" arraySize="1">
          <containerEntry packagePathHash="0xB8A0BF169F98" archivePathHash="0xB8A0BF169F98" nameInArchiveHash="0xB8A0BF169F98">0x0</containerEntry>
        </property>
        <property name="transforms" type="Matrix4" container="DynamicArray" arraySize="9">
          <containerEntry r11="0.1012768" r12="-0.60845125" r13="-0.78710043" r14="0" r21="0.3322291" r22="0.7664351" r23="-0.54972756" r24="0" r31="0.937744" r32="-0.20582429" r33="0.279768" r34="0" r41="1301.2089" r42="311.86472" r43="10.696228" r44="1"></containerEntry>
          <containerEntry r11="0.30511874" r12="0.10334152" r13="-0.9466895" r14="0" r21="0.16594103" r22="0.97311693" r23="0.15970887" r24="0" r31="0.93774414" r32="-0.20582487" r33="0.27976763" r34="0" r41="1388.0758" r42="326.8384" r43="60.013313" r44="1"></containerEntry>
          <containerEntry r11="0.90537584" r12="0.037540846" r13="0.42294812" r14="0" r21="0.009208001" r22="0.99411386" r23="-0.10794826" r24="0" r31="-0.42451108" r32="0.101628244" r33="0.89970094" r34="0" r41="1368.8839" r42="330.99106" r43="95.14053" r44="1"></containerEntry>
          <containerEntry r11="0.9982526" r12="0.009593189" r13="-0.058307696" r14="0" r21="-0.034931604" r22="0.8916681" r23="-0.4513395" r24="0" r31="0.0476613" r32="0.45258763" r33="0.89044505" r34="0" r41="1399.5426" r42="332.99893" r43="111.86427" r44="1"></containerEntry>
          <containerEntry r11="-0.87902486" r12="0.13102612" r13="0.45841256" r14="0" r21="0.10894653" r22="0.9912582" r23="-0.07441695" r24="0" r31="-0.46415576" r32="-0.015472019" r33="-0.8856154" r34="0" r41="1349.1687" r42="343.393" r43="108.169395" r44="1"></containerEntry>
          <containerEntry r11="0.91533667" r12="-0.22465816" r13="-0.33419645" r14="0" r21="0.044506848" r22="0.8812678" r23="-0.47051656" r24="0" r31="0.40022206" r32="0.41580695" r33="0.8166556" r34="0" r41="1363.0426" r42="338.50995" r43="115.6715" r44="1"></containerEntry>
