<fox formatVersion="2" fileVersion="0">
  <entities>
    <entity class="DataSet" classVersion="0" classID="0xE8" addr="0x3303180" id="0xB4C42">
      <staticProperties>
        <property name="name" type="String" container="StaticArray" arraySize="1">
          <containerEntry hash="0xB8A0BF169F98"></containerEntry>
        </property>
        <property name="dataSet" type="EntityHandle" container="StaticArray" arraySize="1">
          <containerEntry>0x0</containerEntry>
        </property>
        <property name="dataList" type="EntityPtr" container="StringMap" arraySize="13">
          <containerEntry key="afgh_grnd003_0006">
            <data>0x3176280</data>
          </containerEntry>
          <containerEntry key="afgh_clod002_0000">
            <data>0x3177010</data>
          </containerEntry>
          <containerEntry key="afgh_tree012_vrtn001_br_gim_i0000|TppSharedGimmick_afgh_tree012_vrtn001_br">
            <data>0x317B1B0</data>
          </containerEntry>
          <containerEntry key="StaticModelArray0000">
            <data>0x317EA20</data>
          </containerEntry>
          <containerEntry key="StaticModelArray0001">
            <data>0x317E5C0</data>
          </containerEntry>
          <containerEntry key="StaticModelArray0002">
            <data>0x317E630</data>
          </containerEntry>
          <containerEntry key="StaticModelArray0003">
            <data>0x3302CB0</data>
          </containerEntry>
          <containerEntry key="StaticModelArray0004">
            <data>0x317DFA0</data>
          </containerEntry>
          <containerEntry key="StaticModelArray0005">
            <data>0x317E010</data>
          </containerEntry>
          <containerEntry key="StaticModelArray0006">
            <data>0x317E080</data>
          </containerEntry>
          <containerEntry key="StaticModelArray0007">
            <data>0x317E0F0</data>
          </containerEntry>
          <containerEntry key="StaticModelArray0008">
            <data>0x317E160</data>
          </containerEntry>
          <containerEntry key="TexturePackLoadConditioner0000">
            <data>0x317EE10</data>
          </containerEntry>
        </property>
      </staticProperties>
      <dynamicProperties></dynamicProperties>
    </entity>
    <entity class="StaticModel" classVersion="9" classID="0x160" addr="0x3176280" id="0xB4D2A">
      <staticProperties>
        <property name="name" type="String" container="StaticArray" arraySize="1">
          <containerEntry>afgh_grnd003_0006</containerEntry>
        </property>
        <property name="dataSet" type="EntityHandle" container="StaticArray" arraySize="1">
          <containerEntry>0x3303180</containerEntry>
        </property>
        <property name="parent" type="EntityHandle" container="StaticArray" arraySize="1">
          <containerEntry>0x0</containerEntry>
        </property>
        <property name="transform" type="EntityPtr" container="StaticArray" arraySize="1">
          <containerEntry>0x31762F0</containerEntry>
        </property>
        <property name="shearTransform" type="EntityPtr" container="StaticArray" arraySize="1">
          <containerEntry>0x0</containerEntry>
        </property>
        <property name="pivotTransform" type="EntityPtr" container="StaticArray" arraySize="1">
          <containerEntry>0x0</containerEntry>
        </property>
        <property name="children" type="EntityHandle" container="List"></property>
        <property name="flags" type="UInt32" container="StaticArray" arraySize="1">
          <containerEntry>3221225479</containerEntry>
        </property>
        <property name="modelFile" type="FilePtr" container="StaticArray" arraySize="1">
          <containerEntry>/Assets/tpp/environ/object/afghanistan/ground/afgh_grnd003/scenes/afgh_grnd003.fmdl</containerEntry>
        </property>
        <property name="geomFile" type="FilePtr" container="StaticArray" arraySize="1">
          <containerEntry>/Assets/tpp/environ/object/afghanistan/ground/afgh_grnd003/scenes/afgh_grnd003.geom</containerEntry>
        </property>
        <property name="isVisibleGeom" type="Bool" container="StaticArray" arraySize="1">
          <containerEntry>false</containerEntry>
        </property>
        <property name="isIsolated" type="Bool" container="StaticArray" arraySize="1">
          <containerEntry>false</containerEntry>
        </property>
        <property name="lodFarSize" type="Float" container="StaticArray" arraySize="1">
          <containerEntry>-1</containerEntry>
        </property>
        <property name="lodNearSize" type="Float" container="StaticArray" arraySize="1">
          <containerEntry>-1</containerEntry>
        </property>
        <property name="lodPolygonSize" type="Float" container="StaticArray" arraySize="1">
          <containerEntry>-1</containerEntry>
        </property>
        <property name="color" type="Color" container="StaticArray" arraySize="1">
          <containerEntry r="1" g="1" b="1" a="1"></containerEntry>
        </property>
        <property name="drawRejectionLevel" type="Int32" container="StaticArray" arraySize="1">
          <containerEntry>8</containerEntry>
        </property>
        <property name="drawMode" type="Int32" container="StaticArray" arraySize="1">
          <containerEntry>0</containerEntry>
        </property>
        <property name="rejectFarRangeShadowCast" type="Int32" container="StaticArray" arraySize="1">
          <containerEntry>2</containerEntry>
        </property>
      </staticProperties>
      <dynamicProperties></dynamicProperties>
    </entity>
    <entity class="TransformEntity" classVersion="0" classID="0x50" addr="0x31762F0" id="0xB4D2D">
      <staticProperties>
        <property name="owner" type="EntityHandle" container="StaticArray" arraySize="1">
          <containerEntry>0x3176280</containerEntry>
        </property>
        <property name="transform_scale" type="Vector3" container="StaticArray" arraySize="1">
          <containerEntry x="1" y="1" z="1" w="0"></containerEntry>
        </property>
        <property name="transform_rotation_quat" type="Quat" container="StaticArray" arraySize="1">
          <containerEntry x="0.043696" y="-0.939619" z="0.217109" w="0.2609"></containerEntry>
        </property>
        <property name="transform_translation" type="Vector3" container="StaticArray" arraySize="1">
          <containerEntry x="1271.6848" y="311.9579" z="2353.791" w="0"></containerEntry>
        </property>
      </staticProperties>
      <dynamicProperties></dynamicProperties>
    </entity>
    <entity class="StaticModel" classVersion="9" classID="0x160" addr="0x3177010" id="0xB4D77">
      <staticProperties>
        <property name="name" type="String" container="StaticArray" arraySize="1">
          <containerEntry>afgh_clod002_0000</containerEntry>
        </property>
        <property name="dataSet" type="EntityHandle" container="StaticArray" arraySize="1">
          <containerEntry>0x3303180</containerEntry>
        </property>
        <property name="parent" type="EntityHandle" container="StaticArray" arraySize="1">
          <containerEntry>0x0</containerEntry>
        </property>
        <property name="transform" type="EntityPtr" container="StaticArray" arraySize="1">
          <containerEntry>0x3177080</containerEntry>
        </property>
        <property name="shearTransform" type="EntityPtr" container="StaticArray" arraySize="1">
          <containerEntry>0x0</containerEntry>
        </property>
        <property name="pivotTransform" type="EntityPtr" container="StaticArray" arraySize="1">
          <containerEntry>0x0</containerEntry>
        </property>
        <property name="children" type="EntityHandle" container="List"></property>
        <property name="flags" type="UInt32" container="StaticArray" arraySize="1">
          <containerEntry>3221225479</containerEntry>
        </property>
        <property name="modelFile" type="FilePtr" container="StaticArray" arraySize="1">
          <containerEntry>/Assets/tpp/environ/object/afghanistan/clod/afgh_clod002/scenes/afgh_clod002.fmdl</containerEntry>
        </property>
        <property name="geomFile" type="FilePtr" container="StaticArray" arraySize="1">
          <containerEntry>/Assets/tpp/environ/object/afghanistan/clod/afgh_clod002/scenes/afgh_clod002.geom</containerEntry>
        </property>
        <property name="isVisibleGeom" type="Bool" container="StaticArray" arraySize="1">
          <containerEntry>false</containerEntry>
        </property>
        <property name="isIsolated" type="Bool" container="StaticArray" arraySize="1">
          <containerEntry>false</containerEntry>
        </property>
        <property name="lodFarSize" type="Float" container="StaticArray" arraySize="1">
          <containerEntry>50</containerEntry>
        </property>
        <property name="lodNearSize" type="Float" container="StaticArray" arraySize="1">
          <containerEntry>400</containerEntry>
        </property>
        <property name="lodPolygonSize" type="Float" container="StaticArray" arraySize="1">
          <containerEntry>-1</containerEntry>
        </property>
        <property name="color" type="Color" container="StaticArray" arraySize="1">
          <containerEntry r="1" g="1" b="1" a="1"></containerEntry>
        </property>
        <property name="drawRejectionLevel" type="Int32" container="StaticArray" arraySize="1">
          <containerEntry>7</containerEntry>
        </property>
        <property name="drawMode" type="Int32" container="StaticArray" arraySize="1">
          <containerEntry>0</containerEntry>
        </property>
        <property name="rejectFarRangeShadowCast" type="Int32" container="StaticArray" arraySize="1">
          <containerEntry>2</containerEntry>
        </property>
      </staticProperties>
      <dynamicProperties></dynamicProperties>
    </entity>
    <entity class="TransformEntity" classVersion="0" classID="0x50" addr="0x3177080" id="0xB4D7A">
      <staticProperties>
        <property name="owner" type="EntityHandle" container="StaticArray" arraySize="1">
          <containerEntry>0x3177010</containerEntry>
        </property>
        <property name="transform_scale" type="Vector3" container="StaticArray" arraySize="1">
          <containerEntry x="1" y="1" z="1" w="0"></containerEntry>
        </property>
        <property name="transform_rotation_quat" type="Quat" container="StaticArray" arraySize="1">
          <containerEntry x="0.006451" y="-0.998984" z="-0.002552" w="-0.044525"></containerEntry>
        </property>
        <property name="transform_translation" type="Vector3" container="StaticArray" arraySize="1">
          <containerEntry x="1160.5752" y="286.5601" z="2312.7046" w="0"></containerEntry>
        </property>
      </staticProperties>
      <dynamicProperties></dynamicProperties>
    </entity>
    <entity class="TppSharedGimmickData" classVersion="1" classID="0xF0" addr="0x317B1B0" id="0x1432C5">
      <staticProperties>
        <property name="name" type="String" container="StaticArray" arraySize="1">
          <containerEntry>afgh_tree012_vrtn001_br_gim_i0000|TppSharedGimmick_afgh_tree012_vrtn001_br</containerEntry>
        </property>
        <property name="dataSet" type="EntityHandle" container="StaticArray" arraySize="1">
          <containerEntry>0x3303180</containerEntry>
        </property>
        <property name="modelFile" type="FilePtr" container="StaticArray" arraySize="1">
          <containerEntry>/Assets/tpp/environ/object/afghanistan/tree/afgh_tree012/scenes/afgh_tree012_vrtn001_br.fmdl</containerEntry>
        </property>
        <property name="geomFile" type="FilePtr" container="StaticArray" arraySize="1">
          <containerEntry>/Assets/tpp/environ/object/afghanistan/tree/afgh_tree012/scenes/afgh_tree012_vrtn001_br.geom</containerEntry>
        </property>
        <property name="breakedModelFile" type="FilePtr" container="StaticArray" arraySize="1">
          <containerEntry hash="0xB8A0BF169F98"></containerEntry>
        </property>
        <property name="breakedGeomFile" type="FilePtr" container="StaticArray" arraySize="1">
          <containerEntry hash="0xB8A0BF169F98"></containerEntry>
        </property>
        <property name="partsFile" type="FilePtr" container="StaticArray" arraySize="1">
          <containerEntry>/Assets/tpp/parts/environ/object/afghanistan/tree/afgh_tree012/afgh_tree012_vrtn001_br.parts</containerEntry>
        </property>
        <property name="numDynamicGimmick" type="UInt32" container="StaticArray" arraySize="1">
          <containerEntry>2</containerEntry>
        </property>
        <property name="locaterFile" type="FilePtr" container="StaticArray" arraySize="1">
          <containerEntry>/Assets/tpp/level/location/afgh/block_small/142/142_151/lba/afgh_tree012_vrtn001_br.lba</containerEntry>
        </property>
        <property name="flags1" type="UInt32" container="StaticArray" arraySize="1">
          <containerEntry>270</containerEntry>
        </property>
        <property name="flags2" type="UInt32" container="StaticArray" arraySize="1">
          <containerEntry>0</containerEntry>
        </property>
      </staticProperties>
      <dynamicProperties></dynamicProperties>
    </entity>
    <entity class="StaticModelArray" classVersion="4" classID="0xD0" addr="0x317EA20" id="0x0">
      <staticProperties>
        <property name="name" type="String" container="StaticArray" arraySize="1">
          <containerEntry>StaticModelArray0000</containerEntry>
        </property>
        <property name="dataSet" type="EntityHandle" container="StaticArray" arraySize="1">
          <containerEntry>0x3303180</containerEntry>
        </property>
        <property name="modelFile" type="FilePtr" container="StaticArray" arraySize="1">
          <containerEntry hash="0xB8A0BF169F98"></containerEntry>
        </property>
        <property name="geomFile" type="FilePtr" container="StaticArray" arraySize="1">
          <containerEntry>/Assets/tpp/environ/object/afghanistan/tree/afgh_tree012/scenes/afgh_tree012_vrtn001_br_pc.geom</containerEntry>
        </property>
        <property name="isVisibleGeom" type="Bool" container="StaticArray" arraySize="1">
          <containerEntry>false</containerEntry>
        </property>
        <property name="lodFarSize" type="Float" container="StaticArray" arraySize="1">
          <containerEntry>-1</containerEntry>
        </property>
        <property name="lodNearSize" type="Float" container="StaticArray" arraySize="1">
          <containerEntry>-1</containerEntry>
        </property>
        <property name="lodPolygonSize" type="Float" container="StaticArray" arraySize="1">
          <containerEntry>-1</containerEntry>
        </property>
        <property name="drawRejectionLevel" type="Int32" container="StaticArray" arraySize="1">
          <containerEntry>8</containerEntry>
        </property>
        <property name="drawMode" type="Int32" container="StaticArray" arraySize="1">
          <containerEntry>0</containerEntry>
        </property>
        <property name="rejectFarRangeShadowCast" type="Int32" container="StaticArray" arraySize="1">
          <containerEntry>2</containerEntry>
        </property>
        <property name="parentLocator" type="EntityLink" container="StaticArray" arraySize="1">
          <containerEntry packagePathHash="0xB8A0BF169F98" archivePathHash="0xB8A0BF169F98" nameInArchiveHash="0xB8A0BF169F98">0x0</containerEntry>
        </property>
        <property name="transforms" type="Matrix4" container="DynamicArray" arraySize="6">
          <containerEntry r11="-0.20360398" r12="0" r13="-0.97905284" r14="0" r21="0" r22="1" r23="0" r24="0" r31="0.97905284" r32="0" r33="-0.20360398" r34="0" r41="1251.9286" r42="299.64108" r43="2339.2727" r44="1"></containerEntry>
          <containerEntry r11="-0.20360398" r12="0" r13="-0.97905284" r14="0" r21="0" r22="1" r23="0" r24="0" r31="0.97905284" r32="0" r33="-0.20360398" r34="0" r41="1223.3623" r42="293.06186" r43="2318.4854" r44="1"></containerEntry>
          <containerEntry r11="-0.20360398" r12="0" r13="-0.97905284" r14="0" r21="0" r22="1" r23="0" r24="0" r31="0.97905284" r32="0" r33="-0.20360398" r34="0" r41="1175.4396" r42="300.7806" r43="2407.6692" r44="1"></containerEntry>
          <containerEntry r11="0.9999104" r12="0" r13="0.013383706" r14="0" r21="0" r22="1" r23="0" r24="0" r31="-0.013383706" r32="0" r33="0.9999104" r34="0" r41="1161.7054" r42="301.97894" r43="2421.9822" r44="1"></containerEntry>
          <containerEntry r11="0.9996072" r12="0" r13="0.028025255" r14="0" r21="0" r22="1" r23="0" r24="0" r31="-0.028025255" r32="0" r33="0.9996072" r34="0" r41="1156.2865" r42="289.64023" r43="2391.0715" r44="1"></containerEntry>
          <containerEntry r11="0.8791431" r12="0" r13="0.47655788" r14="0" r21="0" r22="1" r23="0" r24="0" r31="-0.47655788" r32="0" r33="0.8791431" r34="0" r41="1204.6902" r42="297.88257" r43="2367.5938" r44="1"></containerEntry>
        </property>
        <property name="colors" type="UInt32" container="DynamicArray" arraySize="6">
          <containerEntry>4294967295</containerEntry>
          <containerEntry>4294967295</containerEntry>
          <containerEntry>4294967295</containerEntry>
          <containerEntry>4294967295</containerEntry>
          <containerEntry>4294967295</containerEntry>
          <containerEntry>4294967295</containerEntry>
        </property>
      </staticProperties>
      <dynamicProperties></dynamicProperties>
    </entity>
    <entity class="StaticModelArray" classVersion="4" classID="0xD0" addr="0x317E5C0" id="0x0">
      <staticProperties>
        <property name="name" type="String" container="StaticArray" arraySize="1">
          <containerEntry>StaticModelArray0001</containerEntry>
        </property>
        <property name="dataSet" type="EntityHandle" container="StaticArray" arraySize="1">
          <containerEntry>0x3303180</containerEntry>
        </property>
        <property name="modelFile" type="FilePtr" container="StaticArray" arraySize="1">
          <containerEntry>/Assets/tpp/environ/object/middle_africa/rock/mafr_rock010/scenes/mafr_rock010_vrtn001.fmdl</containerEntry>
        </property>
        <property name="geomFile" type="FilePtr" container="StaticArray" arraySize="1">
          <containerEntry>/Assets/tpp/environ/object/middle_africa/rock/mafr_rock010/scenes/mafr_rock010_vrtn001.geom</containerEntry>
        </property>
        <property name="isVisibleGeom" type="Bool" container="StaticArray" arraySize="1">
          <containerEntry>false</containerEntry>
        </property>
        <property name="lodFarSize" type="Float" container="StaticArray" arraySize="1">
          <containerEntry>-1</containerEntry>
        </property>
        <property name="lodNearSize" type="Float" container="StaticArray" arraySize="1">
          <containerEntry>-1</containerEntry>
        </property>
        <property name="lodPolygonSize" type="Float" container="StaticArray" arraySize="1">
          <containerEntry>-1</containerEntry>
        </property>
        <property name="drawRejectionLevel" type="Int32" container="StaticArray" arraySize="1">
          <containerEntry>8</containerEntry>
        </property>
        <property name="drawMode" type="Int32" container="StaticArray" arraySize="1">
          <containerEntry>0</containerEntry>
        </property>
        <property name="rejectFarRangeShadowCast" type="Int32" container="StaticArray" arraySize="1">
          <containerEntry>2</containerEntry>
        </property>
        <property name="parentLocator" type="EntityLink" container="StaticArray" arraySize="1">
          <containerEntry packagePathHash="0xB8A0BF169F98" archivePathHash="0xB8A0BF169F98" nameInArchiveHash="0xB8A0BF169F98">0x0</containerEntry>
        </property>
        <property name="transforms" type="Matrix4" container="DynamicArray" arraySize="9">
          <containerEntry r11="-0.89636296" r12="-0.18656853" r13="0.40214527" r14="0" r21="-0.2697851" r22="0.94938433" r23="-0.1608889" r24="0" r31="-0.35177356" r32="-0.25270817" r33="-0.9013263" r34="0" r41="1263.9462" r42="304.25452" r43="2344.3555" r44="1"></containerEntry>
          <containerEntry r11="0.73139083" r12="0.50518966" r13="0.45809385" r14="0" r21="-0.34559393" r22="0.85366106" r23="-0.38965" r24="0" r31="-0.5879043" r32="0.1266715" r33="0.79895073" r34="0" r41="1279.3652" r42="307.27032" r43="2335.4346" r44="1"></containerEntry>
          <containerEntry r11="-0.63148624" r12="-0.1286157" r13="0.7646418" r14="0" r21="-0.13314784" r22="0.9894859" r23="0.05647338" r24="0" r31="-0.76386565" r32="-0.06614826" r33="-0.6419716" r34="0" r41="1278.5728" r42="306.9266" r43="2338.7078" r44="1"></containerEntry>
          <containerEntry r11="0.94514024" r12="0.19891989" r13="-0.2591149" r14="0" r21="-0.2996661" r22="0.84373057" r23="-0.44532934" r24="0" r31="0.130038" r32="0.49854675" r33="0.85705346" r34="0" r41="1208.0637" r42="293.567" r43="2356.7573" r44="1"></containerEntry>
          <containerEntry r11="-0.64447397" r12="0.025798999" r13="0.76418495" r14="0" r21="-0.17180908" r22="0.96898746" r23="-0.17760856" r24="0" r31="-0.7450677" r32="-0.24575917" r33="-0.62005454" r34="0" r41="1213.8624" r42="297.85452" r43="2363.552" r44="1"></containerEntry>
          <containerEntry r11="0.79335266" r12="0.338421" r13="0.5060259" r14="0" r21="-0.25887197" r22="0.93988454" r23="-0.22271548" r24="0" r31="-0.5509776" r32="0.045695797" r33="0.83326775" r34="0" r41="1229.3866" r42="292.90274" r43="2316.8696" r44="1"></containerEntry>
          <containerEntry r11="0.91132367" r12="0.029663924" r13="-0.41061977" r14="0" r21="-0.10863352" r22="0.9793776" r23="-0.17034705" r24="0" r31="0.39709863" r32="0.19984846" r33="0.89575255" r34="0" r41="1231.6982" r42="298.76303" r43="2355.36" r44="1"></containerEntry>
          <containerEntry r11="-0.63148624" r12="-0.1286157" r13="0.7646418" r14="0" r21="-0.13314784" r22="0.9894859" r23="0.05647338" r24="0" r31="-0.76386565" r32="-0.06614826" r33="-0.6419716" r34="0" r41="1228.5941" r42="292.94342" r43="2320.1428" r44="1"></containerEntry>
          <containerEntry r11="-0.6824419" r12="0.108254" r13="0.722875" r14="0" r21="-0.054517373" r22="0.9786787" r23="-0.19802973" r24="0" r31="-0.72889984" r32="-0.17455369" r33="-0.6619895" r34="0" r41="1232.4852" r42="297.0312" r43="2352.91" r44="1"></containerEntry>
        </property>
        <property name="colors" type="UInt32" container="DynamicArray" arraySize="9">
          <containerEntry>4294967295</containerEntry>
          <containerEntry>4294967295</containerEntry>
          <containerEntry>4294967295</containerEntry>
          <containerEntry>4294967295</containerEntry>
          <containerEntry>4294967295</containerEntry>
          <containerEntry>4294967295</containerEntry>
          <containerEntry>4294967295</containerEntry>
          <containerEntry>4294967295</containerEntry>
          <containerEntry>4294967295</containerEntry>
        </property>
      </staticProperties>
      <dynamicProperties></dynamicProperties>
    </entity>
    <entity class="StaticModelArray" classVersion="4" classID="0xD0" addr="0x317E630" id="0x0">
      <staticProperties>
        <property name="name" type="String" container="StaticArray" arraySize="1">
          <containerEntry>StaticModelArray0002</containerEntry>
        </property>
        <property name="dataSet" type="EntityHandle" container="StaticArray" arraySize="1">
          <containerEntry>0x3303180</containerEntry>
        </property>
        <property name="modelFile" type="FilePtr" container="StaticArray" arraySize="1">
          <containerEntry>/Assets/tpp/environ/object/afghanistan/cliff/afgh_clff027/scenes/afgh_clff027_vrtn005.fmdl</containerEntry>
        </property>
        <property name="geomFile" type="FilePtr" container="StaticArray" arraySize="1">
          <containerEntry>/Assets/tpp/environ/object/afghanistan/cliff/afgh_clff027/scenes/afgh_clff027_vrtn005.geom</containerEntry>
        </property>
        <property name="isVisibleGeom" type="Bool" container="StaticArray" arraySize="1">
          <containerEntry>false</containerEntry>
        </property>
        <property name="lodFarSize" type="Float" container="StaticArray" arraySize="1">
          <containerEntry>-1</containerEntry>
        </property>
        <property name="lodNearSize" type="Float" container="StaticArray" arraySize="1">
          <containerEntry>-1</containerEntry>
        </property>
        <property name="lodPolygonSize" type="Float" container="StaticArray" arraySize="1">
          <containerEntry>-1</containerEntry>
        </property>
        <property name="drawRejectionLevel" type="Int32" container="StaticArray" arraySize="1">
          <containerEntry>8</containerEntry>
        </property>
        <property name="drawMode" type="Int32" container="StaticArray" arraySize="1">
          <containerEntry>0</containerEntry>
        </property>
        <property name="rejectFarRangeShadowCast" type="Int32" container="StaticArray" arraySize="1">
          <containerEntry>2</containerEntry>
        </property>
        <property name="parentLocator" type="EntityLink" container="StaticArray" arraySize="1">
          <containerEntry packagePathHash="0xB8A0BF169F98" archivePathHash="0xB8A0BF169F98" nameInArchiveHash="0xB8A0BF169F98">0x0</containerEntry>
        </property>
        <property name="transforms" type="Matrix4" container="DynamicArray" arraySize="5">
          <containerEntry r11="-0.9099239" r12="-0.120363764" r13="0.39692658" r14="0" r21="-0.11854283" r22="0.9925189" r23="0.029220369" r24="0" r31="-0.39747423" r32="-0.020464487" r33="-0.917385" r34="0" r41="1242.4188" r42="307.5165" r43="2355.0225" r44="1"></containerEntry>
          <containerEntry r11="-0.5575114" r12="-0.00035474263" r13="0.8301693" r14="0" r21="0.043940358" r22="0.9985856" r23="0.029935438" r24="0" r31="-0.8290057" r32="0.05316728" r33="-0.5567072" r34="0" r41="1212.195" r42="319.40076" r43="2397.697" r44="1"></containerEntry>
          <containerEntry r11="0.25909644" r12="0.0025104415" r13="0.96584785" r14="0" r21="0.0501848" r22="0.99861085" r23="-0.01605805" r24="0" r31="-0.96454644" r32="0.052631482" r33="0.25861055" r34="0" r41="1275.3606" r42="334.28842" r43="2409.536" r44="1"></containerEntry>
          <containerEntry r11="-0.68836284" r12="-0.039097644" r13="0.72431195" r14="0" r21="-0.03458924" r22="0.99917966" r23="0.021062218" r24="0" r31="-0.7245412" r32="-0.010554947" r33="-0.6891505" r34="0" r41="1284.921" r42="334.99802" r43="2374.887" r44="1"></containerEntry>
          <containerEntry r11="-0.5575124" r12="-0.00035410002" r13="0.8301703" r14="0" r21="-0.070114166" r22="0.9964471" r23="-0.04666104" r24="0" r31="-0.8272042" r32="-0.084220685" r33="-0.5555564" r34="0" r41="1197.543" r42="320.90298" r43="2417.8994" r44="1"></containerEntry>
        </property>
        <property name="colors" type="UInt32" container="DynamicArray" arraySize="5">
          <containerEntry>4294967295</containerEntry>
          <containerEntry>4294967295</containerEntry>
          <containerEntry>4294967295</containerEntry>
          <containerEntry>4294967295</containerEntry>
          <containerEntry>4294967295</containerEntry>
        </property>
      </staticProperties>
      <dynamicProperties></dynamicProperties>
    </entity>
    <entity class="StaticModelArray" classVersion="4" classID="0xD0" addr="0x3302CB0" id="0x0">
      <staticProperties>
        <property name="name" type="String" container="StaticArray" arraySize="1">
          <containerEntry>StaticModelArray0003</containerEntry>
        </property>
        <property name="dataSet" type="EntityHandle" container="StaticArray" arraySize="1">
          <containerEntry>0x3303180</containerEntry>
        </property>
        <property name="modelFile" type="FilePtr" container="StaticArray" arraySize="1">
          <containerEntry>/Assets/tpp/environ/object/afghanistan/rock/afgh_rock001/scenes/afgh_rock001_vrtn001.fmdl</containerEntry>
        </property>
        <property name="geomFile" type="FilePtr" container="StaticArray" arraySize="1">
          <containerEntry>/Assets/tpp/environ/object/afghanistan/rock/afgh_rock001/scenes/afgh_rock001_vrtn001.geom</containerEntry>
        </property>
        <property name="isVisibleGeom" type="Bool" container="StaticArray" arraySize="1">
          <containerEntry>false</containerEntry>
        </property>
        <property name="lodFarSize" type="Float" container="StaticArray" arraySize="1">
          <containerEntry>-1</containerEntry>
        </property>
        <property name="lodNearSize" type="Float" container="StaticArray" arraySize="1">
          <containerEntry>-1</containerEntry>
        </property>
        <property name="lodPolygonSize" type="Float" container="StaticArray" arraySize="1">
          <containerEntry>-1</containerEntry>
        </property>
        <property name="drawRejectionLevel" type="Int32" container="StaticArray" arraySize="1">
          <containerEntry>8</containerEntry>
        </property>
        <property name="drawMode" type="Int32" container="StaticArray" arraySize="1">
          <containerEntry>0</containerEntry>
        </property>
        <property name="rejectFarRangeShadowCast" type="Int32" container="StaticArray" arraySize="1">
          <containerEntry>2</containerEntry>
        </property>
        <property name="parentLocator" type="EntityLink" container="StaticArray" arraySize="1">
          <containerEntry packagePathHash="0xB8A0BF169F98" archivePathHash="0xB8A0BF169F98" nameInArchiveHash="0xB8A0BF169F98">0x0</containerEntry>
        </property>
        <property name="transforms" type="Matrix4" container="DynamicArray" arraySize="24">
          <containerEntry r11="0.4324699" r12="0.038556993" r13="-0.9008248" r14="0" r21="-0.80707467" r22="0.46199223" r23="-0.36768958" r24="0" r31="0.40199795" r32="0.8860465" r33="0.23091546" r34="0" r41="1262.3035" r42="304.49677" r43="2341.8997" r44="1"></containerEntry>
          <containerEntry r11="0.7769305" r12="0.05928613" r13="0.62678915" r14="0" r21="0.16748804" r22="0.9402187" r23="-0.29654115" r24="0" r31="-0.6068997" r32="0.3353715" r33="0.72055495" r34="0" r41="1279.3114" r42="306.18903" r43="2329.4595" r44="1"></containerEntry>
          <containerEntry r11="1" r12="0" r13="0" r14="0" r21="0" r22="0.9439364" r23="-0.3301272" r24="0" r31="0" r32="0.3301272" r33="0.9439364" r34="0" r41="1259.6763" r42="301.0244" r43="2336.282" r44="1"></containerEntry>
          <containerEntry r11="-0.15535316" r12="-0.7201641" r13="-0.6761873" r14="0" r21="-0.17968297" r22="0.69367933" r23="-0.69751203" r24="0" r31="0.97138023" r32="0.013138711" r33="-0.23716652" r34="0" r41="1275.6764" r42="307.6409" r43="2340.0984" r44="1"></containerEntry>
          <containerEntry r11="0.9678078" r12="0.2479294" r13="-0.043347877" r14="0" r21="0.22995079" r22="-0.8009828" r23="0.55276686" r24="0" r31="0.102326214" r32="-0.54493994" r33="-0.832209" r34="0" r41="1277.3053" r42="307.13977" r43="2331.2644" r44="1"></containerEntry>
          <containerEntry r11="-0.65036136" r12="-0.28231487" r13="-0.7052124" r14="0" r21="-0.08173129" r22="0.94898957" r23="-0.30453032" r24="0" r31="0.7552127" r32="-0.14041737" r33="-0.64026" r34="0" r41="1275.248" r42="307.0309" r43="2338.932" r44="1"></containerEntry>
          <containerEntry r11="1" r12="0" r13="0" r14="0" r21="0" r22="0.9439364" r23="-0.3301272" r24="0" r31="0" r32="0.3301272" r33="0.9439364" r34="0" r41="1263.226" r42="307.16794" r43="2347.6882" r44="1"></containerEntry>
          <containerEntry r11="-0.79318887" r12="-0.5748321" r13="0.2010388" r14="0" r21="0.6089734" r22="-0.74872005" r23="0.2618528" r24="0" r31="5.5134296e-07" r32="0.33012646" r33="0.94393665" r34="0" r41="1273.9817" r42="308.94507" r43="2347.6882" r44="1"></containerEntry>
          <containerEntry r11="-0.14778233" r12="-0.24785915" r13="-0.9574597" r14="0" r21="0.1774042" r22="-0.95903224" r23="0.2208841" r24="0" r31="-0.9729805" r32="-0.1372147" r33="0.18569642" r34="0" r41="1158.7812" r42="286.7426" r43="2311.204" r44="1"></containerEntry>
          <containerEntry r11="-0.18747008" r12="0" r13="-0.9822716" r14="0" r21="0" r22="1" r23="0" r24="0" r31="0.9822716" r32="0" r33="-0.18747008" r34="0" r41="1167.4067" r42="286.14017" r43="2310.0955" r44="1"></containerEntry>
          <containerEntry r11="-0.6503597" r12="-0.28231448" r13="-0.7052129" r14="0" r21="-0.5002696" r22="0.8577965" r23="0.11796175" r24="0" r31="0.5716266" r32="0.42951506" r33="-0.69910944" r34="0" r41="1205.6055" r42="295.0322" r43="2357.9956" r44="1"></containerEntry>
          <containerEntry r11="-0.15535316" r12="-0.7201641" r13="-0.6761873" r14="0" r21="-0.17968297" r22="0.69367933" r23="-0.69751203" r24="0" r31="0.97138023" r32="0.013138711" r33="-0.23716652" r34="0" r41="1227.5452" r42="298.80414" r43="2353.5693" r44="1"></containerEntry>
          <containerEntry r11="-0.5887042" r12="-0.4666385" r13="-0.66006035" r14="0" r21="0.14064038" r22="-0.86322737" r23="0.48483318" r24="0" r31="-0.79602224" r32="0.19259138" r33="0.5738102" r34="0" r41="1217.3523" r42="298.32278" r43="2359.557" r44="1"></containerEntry>
          <containerEntry r11="-0.40246174" r12="0.23912519" r13="0.8836544" r14="0" r21="-0.09751153" r22="0.9485909" r23="-0.30110943" r24="0" r31="-0.9102294" r32="-0.20735125" r33="-0.3584541" r34="0" r41="1210.2933" r42="298.43564" r43="2364.8364" r44="1"></containerEntry>
          <containerEntry r11="0.7769305" r12="0.05928613" r13="0.62678915" r14="0" r21="0.16748804" r22="0.9402187" r23="-0.29654115" r24="0" r31="-0.6068997" r32="0.3353715" r33="0.72055495" r34="0" r41="1229.3328" r42="292.20584" r43="2310.8945" r44="1"></containerEntry>
          <containerEntry r11="0.52810365" r12="0.73872846" r13="-0.41879338" r14="0" r21="0.84299284" r22="-0.3966409" r23="0.36337626" r24="0" r31="0.10232623" r32="-0.54493994" r33="-0.83221036" r34="0" r41="1227.3267" r42="292.67615" r43="2312.6995" r44="1"></containerEntry>
          <containerEntry r11="-0.7803098" r12="0.16061407" r13="0.60441893" r14="0" r21="-0.10814208" r22="0.9172481" r23="-0.38335544" r24="0" r31="-0.61597437" r32="-0.36449862" r33="-0.6983686" r34="0" r41="1204.6124" r42="300.01114" r43="2372.918" r44="1"></containerEntry>
          <containerEntry r11="0.39792922" r12="0.2771769" r13="-0.8745422" r14="0" r21="0.19763452" r22="0.9049854" r23="0.37675154" r24="0" r31="0.8958748" r32="-0.3227601" r33="0.3053404" r34="0" r41="1183.6035" r42="296.49844" r43="2380.1287" r44="1"></containerEntry>
          <containerEntry r11="0.7769305" r12="0.05928613" r13="0.62678915" r14="0" r21="0.16748804" r22="0.9402187" r23="-0.29654115" r24="0" r31="-0.6068997" r32="0.3353715" r33="0.72055495" r34="0" r41="1265.3109" r42="305.11526" r43="2341.5847" r44="1"></containerEntry>
          <containerEntry r11="-0.15535316" r12="-0.7201641" r13="-0.6761873" r14="0" r21="-0.17968297" r22="0.69367933" r23="-0.69751203" r24="0" r31="0.97138023" r32="0.013138711" r33="-0.23716652" r34="0" r41="1225.6978" r42="293.6577" r43="2321.5334" r44="1"></containerEntry>
          <containerEntry r11="-0.21427985" r12="-0.38237777" r13="-0.8988178" r14="0" r21="-0.34893116" r22="0.88943946" r23="-0.29520285" r24="0" r31="0.912323" r32="0.25036955" r33="-0.32401246" r34="0" r41="1226.912" r42="299.38467" r43="2355.6523" r44="1"></containerEntry>
          <containerEntry r11="0.9678078" r12="0.2479294" r13="-0.043347877" r14="0" r21="0.22995079" r22="-0.8009828" r23="0.55276686" r24="0" r31="0.102326214" r32="-0.54493994" r33="-0.832209" r34="0" r41="1248.5895" r42="301.4332" r43="2348.399" r44="1"></containerEntry>
          <containerEntry r11="-0.65036136" r12="-0.28231487" r13="-0.7052124" r14="0" r21="-0.08173129" r22="0.94898957" r23="-0.30453032" r24="0" r31="0.7552127" r32="-0.14041737" r33="-0.64026" r34="0" r41="1225.2694" r42="293.04773" r43="2320.367" r44="1"></containerEntry>
          <containerEntry r11="-0.9964133" r12="-0.07111026" r13="0.045826808" r14="0" r21="-0.08435854" r22="0.79448855" r23="-0.601391" r24="0" r31="0.006356256" r32="-0.6031011" r33="-0.7976373" r34="0" r41="1258.3185" r42="311.194" r43="2359.8752" r44="1"></containerEntry>
        </property>
        <property name="colors" type="UInt32" container="DynamicArray" arraySize="24">
          <containerEntry>4294967295</containerEntry>
          <containerEntry>4294967295</containerEntry>
          <containerEntry>4294967295</containerEntry>
          <containerEntry>4294967295</containerEntry>
          <containerEntry>4294967295</containerEntry>
          <containerEntry>4294967295</containerEntry>
          <containerEntry>4294967295</containerEntry>
          <containerEntry>4294967295</containerEntry>
          <containerEntry>4294967295</containerEntry>
          <containerEntry>4294967295</containerEntry>
          <containerEntry>4294967295</containerEntry>
          <containerEntry>4294967295</containerEntry>
          <containerEntry>4294967295</containerEntry>
          <containerEntry>4294967295</containerEntry>
          <containerEntry>4294967295</containerEntry>
          <containerEntry>4294967295</containerEntry>
          <containerEntry>4294967295</containerEntry>
          <containerEntry>4294967295</containerEntry>
          <containerEntry>4294967295</containerEntry>
          <containerEntry>4294967295</containerEntry>
          <containerEntry>4294967295</containerEntry>
          <containerEntry>4294967295</containerEntry>
          <containerEntry>4294967295</containerEntry>
          <containerEntry>4294967295</containerEntry>
        </property>
      </staticProperties>
      <dynamicProperties></dynamicProperties>
    </entity>
    <entity class="StaticModelArray" classVersion="4" classID="0xD0" addr="0x317DFA0" id="0x0">
      <staticProperties>
        <property name="name" type="String" container="StaticArray" arraySize="1">
          <containerEntry>StaticModelArray0004</containerEntry>
        </property>
        <property name="dataSet" type="EntityHandle" container="StaticArray" arraySize="1">
          <containerEntry>0x3303180</containerEntry>
        </property>
        <property name="modelFile" type="FilePtr" container="StaticArray" arraySize="1">
          <containerEntry>/Assets/tpp/environ/object/afghanistan/cliff/afgh_clff029/scenes/afgh_clff029.fmdl</containerEntry>
        </property>
        <property name="geomFile" type="FilePtr" container="StaticArray" arraySize="1">
          <containerEntry>/Assets/tpp/environ/object/afghanistan/cliff/afgh_clff029/scenes/afgh_clff029.geom</containerEntry>
        </property>
        <property name="isVisibleGeom" type="Bool" container="StaticArray" arraySize="1">
          <containerEntry>false</containerEntry>
        </property>
        <property name="lodFarSize" type="Float" container="StaticArray" arraySize="1">
          <containerEntry>-1</containerEntry>
        </property>
        <property name="lodNearSize" type="Float" container="StaticArray" arraySize="1">
          <containerEntry>-1</containerEntry>
        </property>
        <property name="lodPolygonSize" type="Float" container="StaticArray" arraySize="1">
          <containerEntry>-1</containerEntry>
        </property>
        <property name="drawRejectionLevel" type="Int32" container="StaticArray" arraySize="1">
          <containerEntry>8</containerEntry>
        </property>
        <property name="drawMode" type="Int32" container="StaticArray" arraySize="1">
          <containerEntry>0</containerEntry>
        </property>
        <property name="rejectFarRangeShadowCast" type="Int32" container="StaticArray" arraySize="1">
          <containerEntry>2</containerEntry>
        </property>
        <property name="parentLocator" type="EntityLink" container="StaticArray" arraySize="1">
