<fox formatVersion="2" fileVersion="0">
  <entities>
    <entity class="DataSet" classVersion="0" classID="0xE8" addr="0x2EF47D0" id="0x2D28FC">
      <staticProperties>
        <property name="name" type="String" container="StaticArray" arraySize="1">
          <containerEntry hash="0xB8A0BF169F98"></containerEntry>
        </property>
        <property name="dataSet" type="EntityHandle" container="StaticArray" arraySize="1">
          <containerEntry>0x0</containerEntry>
        </property>
        <property name="dataList" type="EntityPtr" container="StringMap" arraySize="9">
          <containerEntry key="StaticModelArray0000">
            <data>0x2D7E1D0</data>
          </containerEntry>
          <containerEntry key="StaticModelArray0001">
            <data>0x2D7E240</data>
          </containerEntry>
          <containerEntry key="StaticModelArray0002">
            <data>0x2D7E2B0</data>
          </containerEntry>
          <containerEntry key="StaticModelArray0003">
            <data>0x2D7DC20</data>
          </containerEntry>
          <containerEntry key="StaticModelArray0004">
            <data>0x2D7DA60</data>
          </containerEntry>
          <containerEntry key="StaticModelArray0005">
            <data>0x2D7DC90</data>
          </containerEntry>
          <containerEntry key="StaticModelArray0006">
            <data>0x2D7DB40</data>
          </containerEntry>
          <containerEntry key="StaticModelArray0007">
            <data>0x2D7DBB0</data>
          </containerEntry>
          <containerEntry key="TexturePackLoadConditioner0000">
            <data>0x2D7EA20</data>
          </containerEntry>
        </property>
      </staticProperties>
      <dynamicProperties></dynamicProperties>
    </entity>
    <entity class="StaticModelArray" classVersion="4" classID="0xD0" addr="0x2D7E1D0" id="0x0">
      <staticProperties>
        <property name="name" type="String" container="StaticArray" arraySize="1">
          <containerEntry>StaticModelArray0000</containerEntry>
        </property>
        <property name="dataSet" type="EntityHandle" container="StaticArray" arraySize="1">
          <containerEntry>0x2EF47D0</containerEntry>
        </property>
        <property name="modelFile" type="FilePtr" container="StaticArray" arraySize="1">
          <containerEntry>/Assets/tpp/environ/object/middle_africa/cliff/mafr_clff015/scenes/mafr_clff015_grnd002.fmdl</containerEntry>
        </property>
        <property name="geomFile" type="FilePtr" container="StaticArray" arraySize="1">
          <containerEntry>/Assets/tpp/environ/object/middle_africa/cliff/mafr_clff015/scenes/mafr_clff015_grnd002.geom</containerEntry>
        </property>
        <property name="isVisibleGeom" type="Bool" container="StaticArray" arraySize="1">
          <containerEntry>false</containerEntry>
        </property>
        <property name="lodFarSize" type="Float" container="StaticArray" arraySize="1">
          <containerEntry>-1</containerEntry>
        </property>
        <property name="lodNearSize" type="Float" container="StaticArray" arraySize="1">
          <containerEntry>-1</containerEntry>
        </property>
        <property name="lodPolygonSize" type="Float" container="StaticArray" arraySize="1">
          <containerEntry>-1</containerEntry>
        </property>
        <property name="drawRejectionLevel" type="Int32" container="StaticArray" arraySize="1">
          <containerEntry>8</containerEntry>
        </property>
        <property name="drawMode" type="Int32" container="StaticArray" arraySize="1">
          <containerEntry>0</containerEntry>
        </property>
        <property name="rejectFarRangeShadowCast" type="Int32" container="StaticArray" arraySize="1">
          <containerEntry>2</containerEntry>
        </property>
        <property name="parentLocator" type="EntityLink" container="StaticArray" arraySize="1">
          <containerEntry packagePathHash="0xB8A0BF169F98" archivePathHash="0xB8A0BF169F98" nameInArchiveHash="0xB8A0BF169F98">0x0</containerEntry>
        </property>
        <property name="transforms" type="Matrix4" container="DynamicArray" arraySize="2">
          <containerEntry r11="0.31021985" r12="0.12570277" r13="-0.9596885" r14="0" r21="-0.13090655" r22="1.0039669" r23="0.08918687" r24="0" r31="0.95899254" r32="0.09638278" r33="0.32261938" r34="0" r41="1820.6252" r42="169.8372" r43="-2175.134" r44="1"></containerEntry>
          <containerEntry r11="0.9679974" r12="0.04449506" r13="-0.30666256" r14="0" r21="-0.02855925" r22="1.0143827" r23="0.057032548" r24="0" r31="0.3085549" r32="-0.045700453" r33="0.96733963" r34="0" r41="1815.9998" r42="169.38274" r43="-2170.8743" r44="1"></containerEntry>
        </property>
        <property name="colors" type="UInt32" container="DynamicArray" arraySize="2">
          <containerEntry>4294967295</containerEntry>
          <containerEntry>4294967295</containerEntry>
        </property>
      </staticProperties>
      <dynamicProperties></dynamicProperties>
    </entity>
    <entity class="StaticModelArray" classVersion="4" classID="0xD0" addr="0x2D7E240" id="0x0">
      <staticProperties>
        <property name="name" type="String" container="StaticArray" arraySize="1">
          <containerEntry>StaticModelArray0001</containerEntry>
        </property>
        <property name="dataSet" type="EntityHandle" container="StaticArray" arraySize="1">
          <containerEntry>0x2EF47D0</containerEntry>
        </property>
        <property name="modelFile" type="FilePtr" container="StaticArray" arraySize="1">
          <containerEntry>/Assets/tpp/environ/object/middle_africa/rock/mafr_rock011/scenes/mafr_rock011.fmdl</containerEntry>
        </property>
        <property name="geomFile" type="FilePtr" container="StaticArray" arraySize="1">
          <containerEntry>/Assets/tpp/environ/object/middle_africa/rock/mafr_rock011/scenes/mafr_rock011.geom</containerEntry>
        </property>
        <property name="isVisibleGeom" type="Bool" container="StaticArray" arraySize="1">
          <containerEntry>false</containerEntry>
        </property>
        <property name="lodFarSize" type="Float" container="StaticArray" arraySize="1">
          <containerEntry>50</containerEntry>
        </property>
        <property name="lodNearSize" type="Float" container="StaticArray" arraySize="1">
          <containerEntry>600</containerEntry>
        </property>
        <property name="lodPolygonSize" type="Float" container="StaticArray" arraySize="1">
          <containerEntry>-1</containerEntry>
        </property>
        <property name="drawRejectionLevel" type="Int32" container="StaticArray" arraySize="1">
          <containerEntry>8</containerEntry>
        </property>
        <property name="drawMode" type="Int32" container="StaticArray" arraySize="1">
          <containerEntry>0</containerEntry>
        </property>
        <property name="rejectFarRangeShadowCast" type="Int32" container="StaticArray" arraySize="1">
          <containerEntry>2</containerEntry>
        </property>
        <property name="parentLocator" type="EntityLink" container="StaticArray" arraySize="1">
          <containerEntry packagePathHash="0xB8A0BF169F98" archivePathHash="0xB8A0BF169F98" nameInArchiveHash="0xB8A0BF169F98">0x0</containerEntry>
        </property>
        <property name="transforms" type="Matrix4" container="DynamicArray" arraySize="14">
          <containerEntry r11="-0.35961848" r12="-0.16991581" r13="0.917499" r14="0" r21="-0.4036594" r22="0.9148407" r23="0.011208513" r24="0" r31="-0.84127" r32="-0.36632615" r33="-0.39758182" r34="0" r41="1920.4303" r42="174.01315" r43="-2167.566" r44="1"></containerEntry>
          <containerEntry r11="-0.9687685" r12="-0.04502691" r13="-0.24384229" r14="0" r21="0.06189851" r22="0.90832895" r23="-0.41365084" r24="0" r31="0.24011444" r32="-0.41582564" r33="-0.8771733" r34="0" r41="1888.8319" r42="171.42984" r43="-2160.183" r44="1"></containerEntry>
          <containerEntry r11="-0.041785635" r12="0.11770958" r13="-0.99216706" r14="0" r21="0.43035552" r22="0.8983154" r23="0.08844871" r24="0" r31="0.9016902" r32="-0.42328912" r33="-0.088193595" r34="0" r41="1875.5278" r42="170.9972" r43="-2172.4329" r44="1"></containerEntry>
          <containerEntry r11="-0.8457155" r12="-0.06194531" r13="0.5300204" r14="0" r21="-0.3087444" r22="0.8669165" r23="-0.39132112" r24="0" r31="-0.43524274" r32="-0.49458873" r33="-0.75228965" r34="0" r41="1860.7822" r42="168.92645" r43="-2169.0447" r44="1"></containerEntry>
          <containerEntry r11="-0.8019025" r12="-0.0009737015" r13="-0.59744895" r14="0" r21="0.22220741" r22="0.9277744" r23="-0.29976356" r24="0" r31="0.5545896" r32="-0.37313992" r33="-0.74376804" r34="0" r41="1876.8602" r42="168.83511" r43="-2160.9668" r44="1"></containerEntry>
          <containerEntry r11="-0.99415195" r12="0.107762784" r13="-0.0067776665" r14="0" r21="0.10016505" r22="0.8969917" r23="-0.43054926" r24="0" r31="-0.040317714" r32="-0.42871094" r33="-0.90253997" r34="0" r41="1852.6827" r42="164.75456" r43="-2145.6091" r44="1"></containerEntry>
          <containerEntry r11="-0.8058706" r12="0.018045515" r13="-0.59181553" r14="0" r21="0.36139917" r22="0.8067328" r23="-0.46751764" r24="0" r31="0.4690003" r32="-0.5906407" r33="-0.65664375" r34="0" r41="1799.6252" r42="153.27052" r43="-2055.886" r44="1"></containerEntry>
          <containerEntry r11="-0.95736605" r12="0.041551262" r13="-0.28587258" r14="0" r21="0.15361264" r22="0.9113136" r23="-0.38198256" r24="0" r31="0.2446477" r32="-0.40961087" r33="-0.8788435" r34="0" r41="1843.2524" r42="164.75456" r43="-2146.4275" r44="1"></containerEntry>
          <containerEntry r11="-0.5434274" r12="0.055137403" r13="-0.83764064" r14="0" r21="0.29192048" r22="0.94797486" r23="-0.1269879" r24="0" r31="0.7870604" r32="-0.3135338" r33="-0.53125113" r34="0" r41="1879.8317" r42="166.71635" r43="-2146.3572" r44="1"></containerEntry>
          <containerEntry r11="-0.9483894" r12="0.017687432" r13="0.31661186" r14="0" r21="-0.15520835" r22="0.84478223" r23="-0.51210666" r24="0" r31="-0.27652588" r32="-0.53481776" r33="-0.7984371" r34="0" r41="1828.1946" r42="158.1339" r43="-2068.1" r44="1"></containerEntry>
          <containerEntry r11="0.47045723" r12="0.08591753" r13="0.8782288" r14="0" r21="-0.7729701" r22="0.5202082" r23="0.36317858" r24="0" r31="-0.4256574" r32="-0.84970564" r33="0.3111481" r34="0" r41="1884.9808" r42="167.35649" r43="-2143.966" r44="1"></containerEntry>
          <containerEntry r11="0.9684828" r12="0.18528543" r13="0.16646457" r14="0" r21="-0.24831969" r22="0.7704007" r23="0.58721423" r24="0" r31="-0.019442312" r32="-0.6100432" r33="0.7921298" r34="0" r41="1874.066" r42="164.60963" r43="-2133.3816" r44="1"></containerEntry>
          <containerEntry r11="-0.9175037" r12="0.039408028" r13="0.39577335" r14="0" r21="-0.09257456" r22="0.94659054" r23="-0.30886298" r24="0" r31="-0.38680702" r32="-0.32002106" r33="-0.86485225" r34="0" r41="1877.719" r42="163.71637" r43="-2102.148" r44="1"></containerEntry>
          <containerEntry r11="-0.97636247" r12="-0.06791155" r13="-0.20518638" r14="0" r21="0.011175048" r22="0.9322192" r23="-0.36172143" r24="0" r31="0.21584375" r32="-0.3554647" r33="-0.9094248" r34="0" r41="1868.8315" r42="163.5693" r43="-2102.148" r44="1"></containerEntry>
        </property>
        <property name="colors" type="UInt32" container="DynamicArray" arraySize="14">
          <containerEntry>4294967295</containerEntry>
          <containerEntry>4294967295</containerEntry>
          <containerEntry>4294967295</containerEntry>
          <containerEntry>4294967295</containerEntry>
          <containerEntry>4294967295</containerEntry>
          <containerEntry>4294967295</containerEntry>
          <containerEntry>4294967295</containerEntry>
          <containerEntry>4294967295</containerEntry>
          <containerEntry>4294967295</containerEntry>
          <containerEntry>4294967295</containerEntry>
          <containerEntry>4294967295</containerEntry>
          <containerEntry>4294967295</containerEntry>
          <containerEntry>4294967295</containerEntry>
          <containerEntry>4294967295</containerEntry>
        </property>
      </staticProperties>
      <dynamicProperties></dynamicProperties>
    </entity>
    <entity class="StaticModelArray" classVersion="4" classID="0xD0" addr="0x2D7E2B0" id="0x0">
      <staticProperties>
        <property name="name" type="String" container="StaticArray" arraySize="1">
          <containerEntry>StaticModelArray0002</containerEntry>
        </property>
        <property name="dataSet" type="EntityHandle" container="StaticArray" arraySize="1">
          <containerEntry>0x2EF47D0</containerEntry>
        </property>
        <property name="modelFile" type="FilePtr" container="StaticArray" arraySize="1">
          <containerEntry>/Assets/tpp/environ/object/middle_africa/rock/mafr_rock010/scenes/mafr_rock010.fmdl</containerEntry>
        </property>
        <property name="geomFile" type="FilePtr" container="StaticArray" arraySize="1">
          <containerEntry>/Assets/tpp/environ/object/middle_africa/rock/mafr_rock010/scenes/mafr_rock010.geom</containerEntry>
        </property>
        <property name="isVisibleGeom" type="Bool" container="StaticArray" arraySize="1">
          <containerEntry>false</containerEntry>
        </property>
        <property name="lodFarSize" type="Float" container="StaticArray" arraySize="1">
          <containerEntry>-1</containerEntry>
        </property>
        <property name="lodNearSize" type="Float" container="StaticArray" arraySize="1">
          <containerEntry>-1</containerEntry>
        </property>
        <property name="lodPolygonSize" type="Float" container="StaticArray" arraySize="1">
          <containerEntry>-1</containerEntry>
        </property>
        <property name="drawRejectionLevel" type="Int32" container="StaticArray" arraySize="1">
          <containerEntry>8</containerEntry>
        </property>
        <property name="drawMode" type="Int32" container="StaticArray" arraySize="1">
          <containerEntry>0</containerEntry>
        </property>
        <property name="rejectFarRangeShadowCast" type="Int32" container="StaticArray" arraySize="1">
          <containerEntry>2</containerEntry>
        </property>
        <property name="parentLocator" type="EntityLink" container="StaticArray" arraySize="1">
          <containerEntry packagePathHash="0xB8A0BF169F98" archivePathHash="0xB8A0BF169F98" nameInArchiveHash="0xB8A0BF169F98">0x0</containerEntry>
        </property>
        <property name="transforms" type="Matrix4" container="DynamicArray" arraySize="8">
          <containerEntry r11="-0.16353962" r12="-0.0041529834" r13="-0.98652405" r14="0" r21="0.13297708" r22="0.9907723" r23="-0.026215393" r24="0" r31="0.9775296" r32="-0.1354729" r33="-0.16147822" r34="0" r41="1818.4518" r42="156.79607" r43="-2060.3083" r44="1"></containerEntry>
          <containerEntry r11="0.9043596" r12="0.33470023" r13="-0.2647806" r14="0" r21="-0.22829841" r22="0.90360475" r23="0.36246037" r24="0" r31="0.36057296" r32="-0.2673452" r33="0.89359546" r34="0" r41="1831.9485" r42="158.38336" r43="-2052.2783" r44="1"></containerEntry>
          <containerEntry r11="0.9769254" r12="0.06381081" r13="0.2038253" r14="0" r21="-0.071161166" r22="0.99704516" r23="0.028930914" r24="0" r31="-0.20137691" r32="-0.04276785" r33="0.97857964" r34="0" r41="1859.9188" r42="160.97638" r43="-2073.6045" r44="1"></containerEntry>
          <containerEntry r11="0.98603725" r12="0.002733902" r13="0.166502" r14="0" r21="0.016101431" r22="0.99361503" r23="-0.11166829" r24="0" r31="-0.16574419" r32="0.11279002" r33="0.97969747" r34="0" r41="1856.5741" r42="172.06564" r43="-2171.1182" r44="1"></containerEntry>
          <containerEntry r11="-0.9081083" r12="-0.21464382" r13="-0.3595193" r14="0" r21="-0.17442225" r22="0.9744909" r23="-0.14122415" r24="0" r31="0.38066125" r32="-0.065539375" r33="-0.9223818" r34="0" r41="1882.5883" r42="171.24406" r43="-2160.7498" r44="1"></containerEntry>
          <containerEntry r11="0.98159415" r12="-0.1900363" r13="0.018947285" r14="0" r21="0.18956974" r22="0.95751816" r23="-0.21730626" r24="0" r31="0.023153871" r32="0.21689838" r33="0.9759195" r34="0" r41="1850.5859" r42="167.8401" r43="-2151.2473" r44="1"></containerEntry>
          <containerEntry r11="-0.8295247" r12="0.06405324" r13="-0.55477744" r14="0" r21="0.08816312" r22="0.99596375" r23="-0.016833972" r24="0" r31="0.55145997" r32="-0.062875286" r33="-0.8318237" r34="0" r41="1796.3975" r42="161.9485" r43="-2095.2273" r44="1"></containerEntry>
          <containerEntry r11="-0.9998633" r12="0.0015379692" r13="-0.016199345" r14="0" r21="0.0034727636" r22="0.99275625" r23="-0.12009568" r24="0" r31="0.015897298" r32="-0.12013603" r33="-0.9926259" r34="0" r41="1822.435" r42="159.50713" r43="-2072.9495" r44="1"></containerEntry>
        </property>
        <property name="colors" type="UInt32" container="DynamicArray" arraySize="8">
          <containerEntry>4294967295</containerEntry>
          <containerEntry>4294967295</containerEntry>
          <containerEntry>4294967295</containerEntry>
          <containerEntry>4294967295</containerEntry>
          <containerEntry>4294967295</containerEntry>
          <containerEntry>4294967295</containerEntry>
          <containerEntry>4294967295</containerEntry>
          <containerEntry>4294967295</containerEntry>
        </property>
      </staticProperties>
      <dynamicProperties></dynamicProperties>
    </entity>
    <entity class="StaticModelArray" classVersion="4" classID="0xD0" addr="0x2D7DC20" id="0x0">
      <staticProperties>
        <property name="name" type="String" container="StaticArray" arraySize="1">
          <containerEntry>StaticModelArray0003</containerEntry>
        </property>
        <property name="dataSet" type="EntityHandle" container="StaticArray" arraySize="1">
          <containerEntry>0x2EF47D0</containerEntry>
        </property>
        <property name="modelFile" type="FilePtr" container="StaticArray" arraySize="1">
          <containerEntry>/Assets/tpp/environ/object/middle_africa/tree/mafr_tree016/scenes/mafr_tree016_vrtn004.fmdl</containerEntry>
        </property>
        <property name="geomFile" type="FilePtr" container="StaticArray" arraySize="1">
          <containerEntry>/Assets/tpp/environ/object/middle_africa/tree/mafr_tree016/scenes/mafr_tree016_vrtn004.geom</containerEntry>
        </property>
        <property name="isVisibleGeom" type="Bool" container="StaticArray" arraySize="1">
          <containerEntry>false</containerEntry>
        </property>
        <property name="lodFarSize" type="Float" container="StaticArray" arraySize="1">
          <containerEntry>-1</containerEntry>
        </property>
        <property name="lodNearSize" type="Float" container="StaticArray" arraySize="1">
          <containerEntry>-1</containerEntry>
        </property>
        <property name="lodPolygonSize" type="Float" container="StaticArray" arraySize="1">
          <containerEntry>-1</containerEntry>
        </property>
        <property name="drawRejectionLevel" type="Int32" container="StaticArray" arraySize="1">
          <containerEntry>8</containerEntry>
        </property>
        <property name="drawMode" type="Int32" container="StaticArray" arraySize="1">
          <containerEntry>0</containerEntry>
        </property>
        <property name="rejectFarRangeShadowCast" type="Int32" container="StaticArray" arraySize="1">
          <containerEntry>2</containerEntry>
        </property>
        <property name="parentLocator" type="EntityLink" container="StaticArray" arraySize="1">
          <containerEntry packagePathHash="0xB8A0BF169F98" archivePathHash="0xB8A0BF169F98" nameInArchiveHash="0xB8A0BF169F98">0x0</containerEntry>
        </property>
        <property name="transforms" type="Matrix4" container="DynamicArray" arraySize="2">
          <containerEntry r11="0.9669205" r12="0" r13="0.2550781" r14="0" r21="0" r22="1" r23="0" r24="0" r31="-0.2550781" r32="0" r33="0.9669205" r34="0" r41="1911.799" r42="165.7951" r43="-2081.8665" r44="1"></containerEntry>
          <containerEntry r11="0.9669205" r12="0" r13="0.2550781" r14="0" r21="0" r22="1" r23="0" r24="0" r31="-0.2550781" r32="0" r33="0.9669205" r34="0" r41="1904.6982" r42="165.922" r43="-2073.6733" r44="1"></containerEntry>
        </property>
        <property name="colors" type="UInt32" container="DynamicArray" arraySize="2">
          <containerEntry>4294967295</containerEntry>
          <containerEntry>4294967295</containerEntry>
        </property>
      </staticProperties>
      <dynamicProperties></dynamicProperties>
    </entity>
    <entity class="StaticModelArray" classVersion="4" classID="0xD0" addr="0x2D7DA60" id="0x0">
      <staticProperties>
        <property name="name" type="String" container="StaticArray" arraySize="1">
          <containerEntry>StaticModelArray0004</containerEntry>
        </property>
        <property name="dataSet" type="EntityHandle" container="StaticArray" arraySize="1">
          <containerEntry>0x2EF47D0</containerEntry>
        </property>
        <property name="modelFile" type="FilePtr" container="StaticArray" arraySize="1">
          <containerEntry>/Assets/tpp/environ/object/middle_africa/cliff/mafr_clff004/scenes/mafr_clff004_rock001.fmdl</containerEntry>
        </property>
        <property name="geomFile" type="FilePtr" container="StaticArray" arraySize="1">
          <containerEntry>/Assets/tpp/environ/object/middle_africa/cliff/mafr_clff004/scenes/mafr_clff004_rock001.geom</containerEntry>
        </property>
        <property name="isVisibleGeom" type="Bool" container="StaticArray" arraySize="1">
          <containerEntry>false</containerEntry>
        </property>
        <property name="lodFarSize" type="Float" container="StaticArray" arraySize="1">
          <containerEntry>-1</containerEntry>
        </property>
        <property name="lodNearSize" type="Float" container="StaticArray" arraySize="1">
          <containerEntry>-1</containerEntry>
        </property>
        <property name="lodPolygonSize" type="Float" container="StaticArray" arraySize="1">
          <containerEntry>-1</containerEntry>
        </property>
        <property name="drawRejectionLevel" type="Int32" container="StaticArray" arraySize="1">
          <containerEntry>8</containerEntry>
        </property>
        <property name="drawMode" type="Int32" container="StaticArray" arraySize="1">
          <containerEntry>0</containerEntry>
        </property>
        <property name="rejectFarRangeShadowCast" type="Int32" container="StaticArray" arraySize="1">
          <containerEntry>2</containerEntry>
        </property>
        <property name="parentLocator" type="EntityLink" container="StaticArray" arraySize="1">
          <containerEntry packagePathHash="0xB8A0BF169F98" archivePathHash="0xB8A0BF169F98" nameInArchiveHash="0xB8A0BF169F98">0x0</containerEntry>
        </property>
        <property name="transforms" type="Matrix4" container="DynamicArray" arraySize="2">
          <containerEntry r11="0.39239243" r12="-0.3974799" r13="1.3921336" r14="0" r21="0.52812684" r22="1.3822672" r23="0.245803" r24="0" r31="-1.3480016" r32="0.42584834" r33="0.5015408" r34="0" r41="1918.6656" r42="175.40176" r43="-2157.0835" r44="1"></containerEntry>
          <containerEntry r11="-1.2017602" r12="0.025757708" r13="-0.022661265" r14="0" r21="0.022702081" r22="1.1924543" r23="0.15146688" r24="0" r31="0.025721742" r32="0.1509773" r33="-1.1924549" r34="0" r41="1909.743" r42="161.86253" r43="-2056.6145" r44="1"></containerEntry>
        </property>
        <property name="colors" type="UInt32" container="DynamicArray" arraySize="2">
          <containerEntry>4294967295</containerEntry>
          <containerEntry>4294967295</containerEntry>
        </property>
      </staticProperties>
      <dynamicProperties></dynamicProperties>
    </entity>
    <entity class="StaticModelArray" classVersion="4" classID="0xD0" addr="0x2D7DC90" id="0x0">
      <staticProperties>
        <property name="name" type="String" container="StaticArray" arraySize="1">
          <containerEntry>StaticModelArray0005</containerEntry>
        </property>
        <property name="dataSet" type="EntityHandle" container="StaticArray" arraySize="1">
          <containerEntry>0x2EF47D0</containerEntry>
        </property>
        <property name="modelFile" type="FilePtr" container="StaticArray" arraySize="1">
          <containerEntry>/Assets/tpp/environ/object/middle_africa/rock/mafr_rock002/scenes/mafr_rock002.fmdl</containerEntry>
        </property>
        <property name="geomFile" type="FilePtr" container="StaticArray" arraySize="1">
          <containerEntry>/Assets/tpp/environ/object/middle_africa/rock/mafr_rock002/scenes/mafr_rock002.geom</containerEntry>
        </property>
        <property name="isVisibleGeom" type="Bool" container="StaticArray" arraySize="1">
          <containerEntry>false</containerEntry>
        </property>
        <property name="lodFarSize" type="Float" container="StaticArray" arraySize="1">
          <containerEntry>-1</containerEntry>
        </property>
        <property name="lodNearSize" type="Float" container="StaticArray" arraySize="1">
          <containerEntry>-1</containerEntry>
        </property>
        <property name="lodPolygonSize" type="Float" container="StaticArray" arraySize="1">
          <containerEntry>-1</containerEntry>
        </property>
        <property name="drawRejectionLevel" type="Int32" container="StaticArray" arraySize="1">
          <containerEntry>8</containerEntry>
        </property>
        <property name="drawMode" type="Int32" container="StaticArray" arraySize="1">
          <containerEntry>0</containerEntry>
        </property>
        <property name="rejectFarRangeShadowCast" type="Int32" container="StaticArray" arraySize="1">
          <containerEntry>2</containerEntry>
        </property>
        <property name="parentLocator" type="EntityLink" container="StaticArray" arraySize="1">
          <containerEntry packagePathHash="0xB8A0BF169F98" archivePathHash="0xB8A0BF169F98" nameInArchiveHash="0xB8A0BF169F98">0x0</containerEntry>
        </property>
        <property name="transforms" type="Matrix4" container="DynamicArray" arraySize="25">
          <containerEntry r11="-0.7236354" r12="-0.100701675" r13="0.6827936" r14="0" r21="0.16629519" r22="0.9347128" r23="0.31409827" r24="0" r31="-0.6698462" r32="0.34083864" r33="-0.65964496" r34="0" r41="1916.3512" r42="171.70218" r43="-2114.7173" r44="1"></containerEntry>
          <containerEntry r11="-0.9868329" r12="0.0010465002" r13="-0.16172351" r14="0" r21="-0.029168595" r22="0.98242897" r23="0.1843435" r24="0" r31="0.15907477" r32="0.18663396" r33="-0.96946263" r34="0" r41="1911.2361" r42="171.77573" r43="-2114.9622" r44="1"></containerEntry>
          <containerEntry r11="0.73930115" r12="0.020546835" r13="0.67306125" r14="0" r21="-0.085627735" r22="0.9942887" r23="0.06370174" r24="0" r31="-0.6679083" r32="-0.1047275" r33="0.7368381" r34="0" r41="1906.4409" r42="173.8717" r43="-2133.1829" r44="1"></containerEntry>
          <containerEntry r11="-0.18634969" r12="0.046825506" r13="-0.98136616" r14="0" r21="-0.08562795" r22="0.9942887" r23="0.063701846" r24="0" r31="0.97874415" r32="0.0959033" r33="-0.18127578" r34="0" r41="1881.856" r42="175.44693" r43="-2172.4507" r44="1"></containerEntry>
          <containerEntry r11="0.7907225" r12="0.019644555" r13="0.61185926" r14="0" r21="-0.038190234" r22="0.9991211" r23="0.017276146" r24="0" r31="-0.6109821" r32="-0.0370277" r33="0.7907777" r34="0" r41="1883.2731" r42="174.74898" r43="-2167.1072" r44="1"></containerEntry>
          <containerEntry r11="0.5995577" r12="0.008791588" r13="0.8002833" r14="0" r21="-0.12069508" r22="0.9894969" r23="0.07955237" r24="0" r31="-0.79117846" r32="-0.14428648" r33="0.5943216" r34="0" r41="1814.9507" r42="158.36276" r43="-2065.4934" r44="1"></containerEntry>
          <containerEntry r11="0.38522887" r12="-0.103710756" r13="0.91697466" r14="0" r21="0.03563637" r22="0.99459547" r23="0.097518586" r24="0" r31="-0.9221326" r32="-0.0048893094" r33="0.3868428" r34="0" r41="1815.6453" r42="157.73431" r43="-2059.8735" r44="1"></containerEntry>
          <containerEntry r11="0.6563303" r12="0.078069225" r13="-0.7504233" r14="0" r21="0.11732584" r22="0.9719711" r23="0.20373215" r24="0" r31="0.7452949" r32="-0.22175963" r33="0.6287745" r34="0" r41="1877.9065" r42="164.73303" r43="-2057.6653" r44="1"></containerEntry>
          <containerEntry r11="0.25209823" r12="-0.11413632" r13="0.96094686" r14="0" r21="0.06546043" r22="0.99275684" r23="0.10074141" r24="0" r31="-0.9654848" r32="0.037507303" r33="0.25774366" r34="0" r41="1879.7766" r42="165.03696" r43="-2063.6064" r44="1"></containerEntry>
          <containerEntry r11="-0.99905294" r12="0.030485755" r13="0.031018985" r14="0" r21="0.032077685" r22="0.9981219" r23="0.05218841" r24="0" r31="-0.029369725" r32="0.053134046" r33="-0.9981545" r34="0" r41="1858.8105" r42="162.17802" r43="-2076.6208" r44="1"></containerEntry>
          <containerEntry r11="0.9997927" r12="0.012905918" r13="0.015749833" r14="0" r21="-0.011982553" r22="0.99828076" r23="-0.057375778" r24="0" r31="-0.016463244" r32="0.057175156" r33="0.99822843" r34="0" r41="1856.0707" r42="168.61693" r43="-2150.362" r44="1"></containerEntry>
          <containerEntry r11="-0.812875" r12="0.06454819" r13="-0.57884705" r14="0" r21="0.07107013" r22="0.99740595" r23="0.011418348" r24="0" r31="0.57808256" r32="-0.031857066" r33="-0.81535375" r34="0" r41="1845.6274" r42="168.61693" r43="-2152.3076" r44="1"></containerEntry>
          <containerEntry r11="-0.72398406" r12="-0.019821234" r13="-0.6895277" r14="0" r21="0.062086843" r22="0.9936577" r23="-0.09375326" r24="0" r31="0.68701273" r32="-0.11068681" r33="-0.71816164" r34="0" r41="1801.9253" r42="163.84416" r43="-2090.1155" r44="1"></containerEntry>
          <containerEntry r11="-0.70621127" r12="-0.0463939" r13="-0.70647234" r14="0" r21="-0.038298547" r22="0.998893" r23="-0.027312357" r24="0" r31="0.7069574" r32="0.0077685155" r33="-0.7072063" r34="0" r41="1793.801" r42="164.55696" r43="-2092.986" r44="1"></containerEntry>
          <containerEntry r11="-0.35066536" r12="-0.053531885" r13="0.93496615" r14="0" r21="0.017129688" r22="0.9978312" r23="0.06355576" r24="0" r31="-0.93634075" r32="0.038302723" r33="-0.34898788" r34="0" r41="1830.792" r42="161.65771" r43="-2074.631" r44="1"></containerEntry>
          <containerEntry r11="-0.98609155" r12="0.09893428" r13="0.13351403" r14="0" r21="0.114184424" r22="0.98714215" r23="0.11185799" r24="0" r31="-0.12073071" r32="0.125548" r33="-0.98470926" r34="0" r41="1810.6361" r42="163.10077" r43="-2075.6228" r44="1"></containerEntry>
          <containerEntry r11="-0.97484726" r12="0.032540917" r13="0.22045203" r14="0" r21="0.055206984" r22="0.99370825" r23="0.097447634" r24="0" r31="-0.21589394" r32="0.107167825" r33="-0.9705102" r34="0" r41="1809.6323" r42="162.87492" r43="-2078.3103" r44="1"></containerEntry>
          <containerEntry r11="0.96669745" r12="0.07967821" r13="0.24320199" r14="0" r21="0.009047102" r22="0.93906564" r23="-0.34361848" r24="0" r31="-0.25576156" r32="0.33437535" r33="0.90707153" r34="0" r41="1869.155" r42="168.19012" r43="-2113.1802" r44="1"></containerEntry>
          <containerEntry r11="-0.4082073" r12="0.059642125" r13="-0.91093636" r14="0" r21="0.090137914" r22="0.9956206" r23="0.024793971" r24="0" r31="0.9084258" r32="-0.071988896" r33="-0.41179562" r34="0" r41="1853.2683" r42="166.29762" r43="-2116.981" r44="1"></containerEntry>
          <containerEntry r11="-0.9963292" r12="-0.08026841" r13="0.029648788" r14="0" r21="-0.08497466" r22="0.9688909" r23="-0.23244275" r24="0" r31="-0.0100686" r32="-0.2341096" r33="-0.972155" r34="0" r41="1872.5494" r42="168.58482" r43="-2115.1926" r44="1"></containerEntry>
          <containerEntry r11="-0.9283815" r12="-0.024214707" r13="-0.3708306" r14="0" r21="-0.100331426" r22="0.9771509" r23="0.18737563" r24="0" r31="0.3578202" r32="0.21116266" r33="-0.9095983" r34="0" r41="1878.3721" r42="167.21373" r43="-2130.153" r44="1"></containerEntry>
          <containerEntry r11="-0.5576408" r12="0.012192417" r13="-0.82998973" r14="0" r21="-0.062521935" r22="0.99643487" r23="0.05664385" r24="0" r31="0.8277213" r32="0.083479725" r33="-0.55489045" r34="0" r41="1862.9376" r42="167.21373" r43="-2120.3516" r44="1"></containerEntry>
          <containerEntry r11="0.8659257" r12="-0.045560956" r13="-0.4980928" r14="0" r21="-0.009208386" r22="0.71453804" r23="-0.08136786" r24="0" r31="0.5000083" r32="0.10434313" r33="0.8597114" r34="0" r41="1864.1643" r42="167.83508" r43="-2109.5244" r44="1"></containerEntry>
          <containerEntry r11="0.9777033" r12="0.19439375" r13="0.07941828" r14="0" r21="-0.1929897" r22="0.9808806" r23="-0.02506198" r24="0" r31="-0.082771756" r32="0.009176239" r33="0.9965263" r34="0" r41="1859.0901" r42="164.95808" r43="-2102.8333" r44="1"></containerEntry>
          <containerEntry r11="-0.9984371" r12="-0.055184644" r13="0.008597903" r14="0" r21="-0.0557764" r22="0.99315256" r23="-0.1026494" r24="0" r31="-0.0028743534" r32="-0.102968745" r33="-0.9946784" r34="0" r41="1848.0054" r42="163.01569" r43="-2104.0784" r44="1"></containerEntry>
        </property>
        <property name="colors" type="UInt32" container="DynamicArray" arraySize="25">
          <containerEntry>4294967295</containerEntry>
          <containerEntry>4294967295</containerEntry>
          <containerEntry>4294967295</containerEntry>
          <containerEntry>4294967295</containerEntry>
          <containerEntry>4294967295</containerEntry>
          <containerEntry>4294967295</containerEntry>
          <containerEntry>4294967295</containerEntry>
          <containerEntry>4294967295</containerEntry>
          <containerEntry>4294967295</containerEntry>
          <containerEntry>4294967295</containerEntry>
          <containerEntry>4294967295</containerEntry>
          <containerEntry>4294967295</containerEntry>
          <containerEntry>4294967295</containerEntry>
          <containerEntry>4294967295</containerEntry>
          <containerEntry>4294967295</containerEntry>
          <containerEntry>4294967295</containerEntry>
          <containerEntry>4294967295</containerEntry>
          <containerEntry>4294967295</containerEntry>
          <containerEntry>4294967295</containerEntry>
          <containerEntry>4294967295</containerEntry>
          <containerEntry>4294967295</containerEntry>
          <containerEntry>4294967295</containerEntry>
          <containerEntry>4294967295</containerEntry>
          <containerEntry>4294967295</containerEntry>
          <containerEntry>4294967295</containerEntry>
        </property>
      </staticProperties>
      <dynamicProperties></dynamicProperties>
    </entity>
    <entity class="StaticModelArray" classVersion="4" classID="0xD0" addr="0x2D7DB40" id="0x0">
      <staticProperties>
        <property name="name" type="String" container="StaticArray" arraySize="1">
          <containerEntry>StaticModelArray0006</containerEntry>
        </property>
        <property name="dataSet" type="EntityHandle" container="StaticArray" arraySize="1">
          <containerEntry>0x2EF47D0</containerEntry>
        </property>
        <property name="modelFile" type="FilePtr" container="StaticArray" arraySize="1">
          <containerEntry>/Assets/tpp/environ/object/middle_africa/cliff/mafr_clff015/scenes/mafr_clff015_wall002.fmdl</containerEntry>
        </property>
        <property name="geomFile" type="FilePtr" container="StaticArray" arraySize="1">
          <containerEntry>/Assets/tpp/environ/object/middle_africa/cliff/mafr_clff015/scenes/mafr_clff015_wall002.geom</containerEntry>
        </property>
        <property name="isVisibleGeom" type="Bool" container="StaticArray" arraySize="1">
          <containerEntry>false</containerEntry>
        </property>
        <property name="lodFarSize" type="Float" container="StaticArray" arraySize="1">
          <containerEntry>-1</containerEntry>
        </property>
        <property name="lodNearSize" type="Float" container="StaticArray" arraySize="1">
          <containerEntry>-1</containerEntry>
        </property>
        <property name="lodPolygonSize" type="Float" container="StaticArray" arraySize="1">
          <containerEntry>-1</containerEntry>
        </property>
        <property name="drawRejectionLevel" type="Int32" container="StaticArray" arraySize="1">
          <containerEntry>5</containerEntry>
        </property>
        <property name="drawMode" type="Int32" container="StaticArray" arraySize="1">
          <containerEntry>0</containerEntry>
        </property>
        <property name="rejectFarRangeShadowCast" type="Int32" container="StaticArray" arraySize="1">
          <containerEntry>2</containerEntry>
        </property>
        <property name="parentLocator" type="EntityLink" container="StaticArray" arraySize="1">
          <containerEntry packagePathHash="0xB8A0BF169F98" archivePathHash="0xB8A0BF169F98" nameInArchiveHash="0xB8A0BF169F98">0x0</containerEntry>
        </property>
        <property name="transforms" type="Matrix4" container="DynamicArray" arraySize="2">
          <containerEntry r11="-0.41201246" r12="0.02956571" r13="-0.28172904" r14="0" r21="0.0372642" r22="0.4986047" r23="-0.0021713227" r24="0" r31="0.28081447" r32="-0.02278605" r33="-0.4130662" r34="0" r41="1809.1748" r42="154.60643" r43="-2080.7402" r44="1"></containerEntry>
          <containerEntry r11="0.49667227" r12="0.04913959" r13="-0.030032482" r14="0" r21="-0.050369978" r22="0.49706602" r23="-0.019703783" r24="0" r31="0.02791978" r32="0.022598114" r33="0.49870813" r34="0" r41="1859.731" r42="158.41965" r43="-2106.8042" r44="1"></containerEntry>
        </property>
        <property name="colors" type="UInt32" container="DynamicArray" arraySize="2">
          <containerEntry>4294967295</containerEntry>
          <containerEntry>4294967295</containerEntry>
        </property>
      </staticProperties>
      <dynamicProperties></dynamicProperties>
    </entity>
    <entity class="StaticModelArray" classVersion="4" classID="0xD0" addr="0x2D7DBB0" id="0x0">
      <staticProperties>
        <property name="name" type="String" container="StaticArray" arraySize="1">
          <containerEntry>StaticModelArray0007</containerEntry>
        </property>
        <property name="dataSet" type="EntityHandle" container="StaticArray" arraySize="1">
          <containerEntry>0x2EF47D0</containerEntry>
        </property>
        <property name="modelFile" type="FilePtr" container="StaticArray" arraySize="1">
          <containerEntry>/Assets/tpp/environ/object/middle_africa/cliff/mafr_clff003/scenes/mafr_clff003_vrtn001.fmdl</containerEntry>
        </property>
        <property name="geomFile" type="FilePtr" container="StaticArray" arraySize="1">
          <containerEntry>/Assets/tpp/environ/object/middle_africa/cliff/mafr_clff003/scenes/mafr_clff003_vrtn001.geom</containerEntry>
        </property>
        <property name="isVisibleGeom" type="Bool" container="StaticArray" arraySize="1">
          <containerEntry>false</containerEntry>
        </property>
        <property name="lodFarSize" type="Float" container="StaticArray" arraySize="1">
          <containerEntry>-1</containerEntry>
        </property>
        <property name="lodNearSize" type="Float" container="StaticArray" arraySize="1">
          <containerEntry>-1</containerEntry>
        </property>
        <property name="lodPolygonSize" type="Float" container="StaticArray" arraySize="1">
          <containerEntry>-1</containerEntry>
        </property>
        <property name="drawRejectionLevel" type="Int32" container="StaticArray" arraySize="1">
