<fox formatVersion="2" fileVersion="0">
  <entities>
    <entity class="DataSet" classVersion="0" classID="0xE8" addr="0x33548B0" id="0x2D04FC">
      <staticProperties>
        <property name="name" type="String" container="StaticArray" arraySize="1">
          <containerEntry hash="0xB8A0BF169F98"></containerEntry>
        </property>
        <property name="dataSet" type="EntityHandle" container="StaticArray" arraySize="1">
          <containerEntry>0x0</containerEntry>
        </property>
        <property name="dataList" type="EntityPtr" container="StringMap" arraySize="5">
          <containerEntry key="mafr_clff003_0001">
            <data>0x33560C0</data>
          </containerEntry>
          <containerEntry key="StaticModelArray0000">
            <data>0x3179CB0</data>
          </containerEntry>
          <containerEntry key="StaticModelArray0001">
            <data>0x3179D20</data>
          </containerEntry>
          <containerEntry key="StaticModelArray0002">
            <data>0x3179D90</data>
          </containerEntry>
          <containerEntry key="TexturePackLoadConditioner0000">
            <data>0x317A260</data>
          </containerEntry>
        </property>
      </staticProperties>
      <dynamicProperties></dynamicProperties>
    </entity>
    <entity class="StaticModel" classVersion="9" classID="0x160" addr="0x33560C0" id="0x2D0559">
      <staticProperties>
        <property name="name" type="String" container="StaticArray" arraySize="1">
          <containerEntry>mafr_clff003_0001</containerEntry>
        </property>
        <property name="dataSet" type="EntityHandle" container="StaticArray" arraySize="1">
          <containerEntry>0x33548B0</containerEntry>
        </property>
        <property name="parent" type="EntityHandle" container="StaticArray" arraySize="1">
          <containerEntry>0x0</containerEntry>
        </property>
        <property name="transform" type="EntityPtr" container="StaticArray" arraySize="1">
          <containerEntry>0x3356050</containerEntry>
        </property>
        <property name="shearTransform" type="EntityPtr" container="StaticArray" arraySize="1">
          <containerEntry>0x0</containerEntry>
        </property>
        <property name="pivotTransform" type="EntityPtr" container="StaticArray" arraySize="1">
          <containerEntry>0x0</containerEntry>
        </property>
        <property name="children" type="EntityHandle" container="List"></property>
        <property name="flags" type="UInt32" container="StaticArray" arraySize="1">
          <containerEntry>7</containerEntry>
        </property>
        <property name="modelFile" type="FilePtr" container="StaticArray" arraySize="1">
          <containerEntry>/Assets/tpp/environ/object/middle_africa/cliff/mafr_clff003/scenes/mafr_clff003.fmdl</containerEntry>
        </property>
        <property name="geomFile" type="FilePtr" container="StaticArray" arraySize="1">
          <containerEntry>/Assets/tpp/environ/object/middle_africa/cliff/mafr_clff003/scenes/mafr_clff003.geom</containerEntry>
        </property>
        <property name="isVisibleGeom" type="Bool" container="StaticArray" arraySize="1">
          <containerEntry>false</containerEntry>
        </property>
        <property name="isIsolated" type="Bool" container="StaticArray" arraySize="1">
          <containerEntry>false</containerEntry>
        </property>
        <property name="lodFarSize" type="Float" container="StaticArray" arraySize="1">
          <containerEntry>-1</containerEntry>
        </property>
        <property name="lodNearSize" type="Float" container="StaticArray" arraySize="1">
          <containerEntry>-1</containerEntry>
        </property>
        <property name="lodPolygonSize" type="Float" container="StaticArray" arraySize="1">
          <containerEntry>-1</containerEntry>
        </property>
        <property name="color" type="Color" container="StaticArray" arraySize="1">
          <containerEntry r="1" g="1" b="1" a="1"></containerEntry>
        </property>
        <property name="drawRejectionLevel" type="Int32" container="StaticArray" arraySize="1">
          <containerEntry>8</containerEntry>
        </property>
        <property name="drawMode" type="Int32" container="StaticArray" arraySize="1">
          <containerEntry>0</containerEntry>
        </property>
        <property name="rejectFarRangeShadowCast" type="Int32" container="StaticArray" arraySize="1">
          <containerEntry>2</containerEntry>
        </property>
      </staticProperties>
      <dynamicProperties></dynamicProperties>
    </entity>
    <entity class="TransformEntity" classVersion="0" classID="0x50" addr="0x3356050" id="0x2D055C">
      <staticProperties>
        <property name="owner" type="EntityHandle" container="StaticArray" arraySize="1">
          <containerEntry>0x33560C0</containerEntry>
        </property>
        <property name="transform_scale" type="Vector3" container="StaticArray" arraySize="1">
          <containerEntry x="1" y="1" z="1" w="0"></containerEntry>
        </property>
        <property name="transform_rotation_quat" type="Quat" container="StaticArray" arraySize="1">
          <containerEntry x="0" y="-0.450453" z="0" w="0.8928"></containerEntry>
        </property>
        <property name="transform_translation" type="Vector3" container="StaticArray" arraySize="1">
          <containerEntry x="1154.5728" y="88.986046" z="-744.9489" w="0"></containerEntry>
        </property>
      </staticProperties>
      <dynamicProperties></dynamicProperties>
    </entity>
    <entity class="StaticModelArray" classVersion="4" classID="0xD0" addr="0x3179CB0" id="0x0">
      <staticProperties>
        <property name="name" type="String" container="StaticArray" arraySize="1">
          <containerEntry>StaticModelArray0000</containerEntry>
        </property>
        <property name="dataSet" type="EntityHandle" container="StaticArray" arraySize="1">
          <containerEntry>0x33548B0</containerEntry>
        </property>
        <property name="modelFile" type="FilePtr" container="StaticArray" arraySize="1">
          <containerEntry>/Assets/tpp/environ/object/middle_africa/rock/mafr_rock002/scenes/mafr_rock002.fmdl</containerEntry>
        </property>
        <property name="geomFile" type="FilePtr" container="StaticArray" arraySize="1">
          <containerEntry>/Assets/tpp/environ/object/middle_africa/rock/mafr_rock002/scenes/mafr_rock002.geom</containerEntry>
        </property>
        <property name="isVisibleGeom" type="Bool" container="StaticArray" arraySize="1">
          <containerEntry>false</containerEntry>
        </property>
        <property name="lodFarSize" type="Float" container="StaticArray" arraySize="1">
          <containerEntry>-1</containerEntry>
        </property>
        <property name="lodNearSize" type="Float" container="StaticArray" arraySize="1">
          <containerEntry>-1</containerEntry>
        </property>
        <property name="lodPolygonSize" type="Float" container="StaticArray" arraySize="1">
          <containerEntry>-1</containerEntry>
        </property>
        <property name="drawRejectionLevel" type="Int32" container="StaticArray" arraySize="1">
          <containerEntry>8</containerEntry>
        </property>
        <property name="drawMode" type="Int32" container="StaticArray" arraySize="1">
          <containerEntry>0</containerEntry>
        </property>
        <property name="rejectFarRangeShadowCast" type="Int32" container="StaticArray" arraySize="1">
          <containerEntry>2</containerEntry>
        </property>
        <property name="parentLocator" type="EntityLink" container="StaticArray" arraySize="1">
          <containerEntry packagePathHash="0xB8A0BF169F98" archivePathHash="0xB8A0BF169F98" nameInArchiveHash="0xB8A0BF169F98">0x0</containerEntry>
        </property>
        <property name="transforms" type="Matrix4" container="DynamicArray" arraySize="4">
          <containerEntry r11="0.93590224" r12="0" r13="-0.35225978" r14="0" r21="0" r22="1" r23="0" r24="0" r31="0.35225978" r32="0" r33="0.93590224" r34="0" r41="1110.1276" r42="35.339035" r43="-685.3896" r44="1"></containerEntry>
          <containerEntry r11="-0.9075605" r12="0" r13="0.4199156" r14="0" r21="0" r22="1" r23="0" r24="0" r31="-0.4199156" r32="0" r33="-0.9075605" r34="0" r41="1107.4512" r42="36.060886" r43="-686.86847" r44="1"></containerEntry>
          <containerEntry r11="0.87658095" r12="0" r13="0.4812544" r14="0" r21="0" r22="1" r23="0" r24="0" r31="-0.4812544" r32="0" r33="0.87658095" r34="0" r41="1076.1029" r42="37.49612" r43="-735.0589" r44="1"></containerEntry>
          <containerEntry r11="0.8765813" r12="1.0151416e-06" r13="0.4812535" r14="0" r21="-0.03950218" r22="0.9966257" r23="0.071949236" r24="0" r31="-0.47962958" r32="-0.082079925" r33="0.87362355" r34="0" r41="1055.503" r42="33.021145" r43="-681.859" r44="1"></containerEntry>
        </property>
        <property name="colors" type="UInt32" container="DynamicArray" arraySize="4">
          <containerEntry>4294967295</containerEntry>
          <containerEntry>4294967295</containerEntry>
          <containerEntry>4294967295</containerEntry>
          <containerEntry>4294967295</containerEntry>
        </property>
      </staticProperties>
      <dynamicProperties></dynamicProperties>
    </entity>
    <entity class="StaticModelArray" classVersion="4" classID="0xD0" addr="0x3179D20" id="0x0">
      <staticProperties>
        <property name="name" type="String" container="StaticArray" arraySize="1">
          <containerEntry>StaticModelArray0001</containerEntry>
        </property>
        <property name="dataSet" type="EntityHandle" container="StaticArray" arraySize="1">
          <containerEntry>0x33548B0</containerEntry>
        </property>
        <property name="modelFile" type="FilePtr" container="StaticArray" arraySize="1">
          <containerEntry>/Assets/tpp/environ/object/middle_africa/rock/mafr_rock010/scenes/mafr_rock010.fmdl</containerEntry>
        </property>
        <property name="geomFile" type="FilePtr" container="StaticArray" arraySize="1">
          <containerEntry>/Assets/tpp/environ/object/middle_africa/rock/mafr_rock010/scenes/mafr_rock010.geom</containerEntry>
        </property>
        <property name="isVisibleGeom" type="Bool" container="StaticArray" arraySize="1">
          <containerEntry>false</containerEntry>
        </property>
        <property name="lodFarSize" type="Float" container="StaticArray" arraySize="1">
          <containerEntry>-1</containerEntry>
        </property>
        <property name="lodNearSize" type="Float" container="StaticArray" arraySize="1">
          <containerEntry>-1</containerEntry>
        </property>
        <property name="lodPolygonSize" type="Float" container="StaticArray" arraySize="1">
          <containerEntry>-1</containerEntry>
        </property>
        <property name="drawRejectionLevel" type="Int32" container="StaticArray" arraySize="1">
          <containerEntry>8</containerEntry>
        </property>
        <property name="drawMode" type="Int32" container="StaticArray" arraySize="1">
          <containerEntry>0</containerEntry>
        </property>
        <property name="rejectFarRangeShadowCast" type="Int32" container="StaticArray" arraySize="1">
          <containerEntry>2</containerEntry>
        </property>
        <property name="parentLocator" type="EntityLink" container="StaticArray" arraySize="1">
          <containerEntry packagePathHash="0xB8A0BF169F98" archivePathHash="0xB8A0BF169F98" nameInArchiveHash="0xB8A0BF169F98">0x0</containerEntry>
        </property>
        <property name="transforms" type="Matrix4" container="DynamicArray" arraySize="2">
          <containerEntry r11="0.16358614" r12="-0.1222838" r13="0.97892183" r14="0" r21="-0.5041586" r22="0.842564" r23="0.18950029" r24="0" r31="-0.8479772" r32="-0.5245312" r33="0.07618129" r34="0" r41="1130.712" r42="57.627373" r43="-747.4178" r44="1"></containerEntry>
          <containerEntry r11="-0.74724036" r12="-0.25675404" r13="0.6129556" r14="0" r21="-0.3290969" r22="0.9442793" r23="-0.0056547374" r24="0" r31="-0.5773494" r32="-0.20594692" r33="-0.79010063" r34="0" r41="1126.0278" r42="49.89781" r43="-732.5678" r44="1"></containerEntry>
        </property>
        <property name="colors" type="UInt32" container="DynamicArray" arraySize="2">
          <containerEntry>4294967295</containerEntry>
          <containerEntry>4294967295</containerEntry>
        </property>
      </staticProperties>
      <dynamicProperties></dynamicProperties>
    </entity>
    <entity class="StaticModelArray" classVersion="4" classID="0xD0" addr="0x3179D90" id="0x0">
      <staticProperties>
        <property name="name" type="String" container="StaticArray" arraySize="1">
          <containerEntry>StaticModelArray0002</containerEntry>
        </property>
        <property name="dataSet" type="EntityHandle" container="StaticArray" arraySize="1">
          <containerEntry>0x33548B0</containerEntry>
        </property>
        <property name="modelFile" type="FilePtr" container="StaticArray" arraySize="1">
          <containerEntry>/Assets/tpp/environ/object/middle_africa/rock/mafr_rock011/scenes/mafr_rock011.fmdl</containerEntry>
        </property>
        <property name="geomFile" type="FilePtr" container="StaticArray" arraySize="1">
          <containerEntry>/Assets/tpp/environ/object/middle_africa/rock/mafr_rock011/scenes/mafr_rock011.geom</containerEntry>
        </property>
        <property name="isVisibleGeom" type="Bool" container="StaticArray" arraySize="1">
          <containerEntry>false</containerEntry>
        </property>
        <property name="lodFarSize" type="Float" container="StaticArray" arraySize="1">
          <containerEntry>-1</containerEntry>
        </property>
        <property name="lodNearSize" type="Float" container="StaticArray" arraySize="1">
          <containerEntry>-1</containerEntry>
        </property>
        <property name="lodPolygonSize" type="Float" container="StaticArray" arraySize="1">
          <containerEntry>-1</containerEntry>
        </property>
        <property name="drawRejectionLevel" type="Int32" container="StaticArray" arraySize="1">
          <containerEntry>8</containerEntry>
        </property>
        <property name="drawMode" type="Int32" container="StaticArray" arraySize="1">
          <containerEntry>0</containerEntry>
        </property>
        <property name="rejectFarRangeShadowCast" type="Int32" container="StaticArray" arraySize="1">
          <containerEntry>2</containerEntry>
        </property>
        <property name="parentLocator" type="EntityLink" container="StaticArray" arraySize="1">
          <containerEntry packagePathHash="0xB8A0BF169F98" archivePathHash="0xB8A0BF169F98" nameInArchiveHash="0xB8A0BF169F98">0x0</containerEntry>
        </property>
        <property name="transforms" type="Matrix4" container="DynamicArray" arraySize="11">
          <containerEntry r11="-0.8029286" r12="-0.04875631" r13="-0.59407276" r14="0" r21="0.15345949" r22="0.9461446" r23="-0.28506222" r24="0" r31="0.57597727" r32="-0.32005176" r33="-0.75220424" r34="0" r41="1070.666" r42="38.7611" r43="-758.5835" r44="1"></containerEntry>
          <containerEntry r11="-0.9931815" r12="-0.110925384" r13="0.035751536" r14="0" r21="-0.1163322" r22="0.9621007" r23="-0.24663547" r24="0" r31="-0.0070384433" r32="-0.24911283" r33="-0.9684448" r34="0" r41="1091.9614" r42="47.453827" r43="-765.7282" r44="1"></containerEntry>
          <containerEntry r11="-0.6700473" r12="0.005611006" r13="-0.7422901" r14="0" r21="-0.04565158" r22="0.99776715" r23="0.04875092" r24="0" r31="0.7409062" r32="0.066552505" r33="-0.66829497" r34="0" r41="1134.821" r42="49.32531" r43="-720.50507" r44="1"></containerEntry>
          <containerEntry r11="-0.8683356" r12="-0.314268" r13="-0.3836893" r14="0" r21="-0.18499348" r22="0.92302245" r23="-0.33735222" r24="0" r31="0.4601731" r32="-0.22195661" r33="-0.8596305" r34="0" r41="1082.7394" r42="45.379364" r43="-767.5043" r44="1"></containerEntry>
          <containerEntry r11="-0.21599682" r12="0.2374255" r13="-0.9470826" r14="0" r21="0.10012553" r22="0.9702572" r23="0.22039866" r24="0" r31="0.971242" r32="-0.047221087" r33="-0.2333448" r34="0" r41="1132.1005" r42="50.167454" r43="-726.4342" r44="1"></containerEntry>
          <containerEntry r11="-0.8084963" r12="-0.01672719" r13="-0.58825153" r14="0" r21="-0.083281234" r22="0.9927881" r23="0.0862325" r24="0" r31="0.5825667" r32="0.11870977" r33="-0.8040585" r34="0" r41="1156.8064" r42="52.933376" r43="-719.2322" r44="1"></containerEntry>
          <containerEntry r11="0.8735376" r12="0.4833526" r13="-0.05745718" r14="0" r21="-0.13307275" r22="0.35069096" r23="0.9269857" r24="0" r31="0.46821222" r32="-0.8021104" r33="0.37066337" r34="0" r41="1174.7565" r42="56.845875" r43="-712.70715" r44="1"></containerEntry>
          <containerEntry r11="-0.108276494" r12="0.39832664" r13="-0.9108306" r14="0" r21="-0.062754765" r22="0.9116511" r23="0.40614557" r24="0" r31="0.99213827" r32="0.1011349" r33="-0.07371348" r34="0" r41="1114.4575" r42="57.61788" r43="-765.211" r44="1"></containerEntry>
          <containerEntry r11="-0.5883324" r12="0.1274873" r13="-0.798498" r14="0" r21="0.16663113" r22="0.98541355" r23="0.034554917" r24="0" r31="0.791256" r32="-0.11272517" r33="-0.6009941" r34="0" r41="1121.5972" r42="52.84787" r43="-748.15497" r44="1"></containerEntry>
          <containerEntry r11="-0.61114085" r12="0.09924773" r13="-0.78526634" r14="0" r21="-0.050648984" r22="0.98517066" r23="0.16393109" r24="0" r31="0.7898912" r32="0.13995826" r33="-0.59705114" r34="0" r41="1148.9052" r42="48.79828" r43="-702.6254" r44="1"></containerEntry>
          <containerEntry r11="-0.059481744" r12="0.29353857" r13="-0.95409083" r14="0" r21="0.033710673" r22="0.9558326" r23="0.2919715" r24="0" r31="0.9976561" r32="-0.014795065" r33="-0.06674981" r34="0" r41="1147.018" r42="50.167454" r43="-708.435" r44="1"></containerEntry>
        </property>
        <property name="colors" type="UInt32" container="DynamicArray" arraySize="11">
          <containerEntry>4294967295</containerEntry>
          <containerEntry>4294967295</containerEntry>
          <containerEntry>4294967295</containerEntry>
          <containerEntry>4294967295</containerEntry>
          <containerEntry>4294967295</containerEntry>
          <containerEntry>4294967295</containerEntry>
          <containerEntry>4294967295</containerEntry>
          <containerEntry>4294967295</containerEntry>
          <containerEntry>4294967295</containerEntry>
          <containerEntry>4294967295</containerEntry>
          <containerEntry>4294967295</containerEntry>
        </property>
      </staticProperties>
      <dynamicProperties></dynamicProperties>
    </entity>
    <entity class="TexturePackLoadConditioner" classVersion="0" classID="0x48" addr="0x317A260" id="0x0">
      <staticProperties>
        <property name="name" type="String" container="StaticArray" arraySize="1">
          <containerEntry>TexturePackLoadConditioner0000</containerEntry>
        </property>
        <property name="dataSet" type="EntityHandle" container="StaticArray" arraySize="1">
          <containerEntry>0x33548B0</containerEntry>
        </property>
        <property name="texturePackPath" type="Path" container="StaticArray" arraySize="1">
          <containerEntry hash="0xB8A0BF169F98"></containerEntry>
        </property>
      </staticProperties>
      <dynamicProperties></dynamicProperties>
    </entity>
  </entities>
</fox>