<fox formatVersion="2" fileVersion="0">
  <entities>
    <entity class="DataSet" classVersion="0" classID="0xE8" addr="0x2F53180" id="0x48489">
      <staticProperties>
        <property name="name" type="String" container="StaticArray" arraySize="1">
          <containerEntry hash="0xB8A0BF169F98"></containerEntry>
        </property>
        <property name="dataSet" type="EntityHandle" container="StaticArray" arraySize="1">
          <containerEntry>0x0</containerEntry>
        </property>
        <property name="dataList" type="EntityPtr" container="StringMap" arraySize="15">
          <containerEntry key="afgh_tree011_vrtn001_0001">
            <data>0x2D785F0</data>
          </containerEntry>
          <containerEntry key="StaticModelArray0000">
            <data>0x2D7D910</data>
          </containerEntry>
          <containerEntry key="StaticModelArray0001">
            <data>0x2D7D980</data>
          </containerEntry>
          <containerEntry key="StaticModelArray0002">
            <data>0x2D7D9F0</data>
          </containerEntry>
          <containerEntry key="StaticModelArray0003">
            <data>0x2D7D440</data>
          </containerEntry>
          <containerEntry key="StaticModelArray0004">
            <data>0x2D7D210</data>
          </containerEntry>
          <containerEntry key="StaticModelArray0005">
            <data>0x2D7D520</data>
          </containerEntry>
          <containerEntry key="StaticModelArray0006">
            <data>0x2D7D830</data>
          </containerEntry>
          <containerEntry key="StaticModelArray0007">
            <data>0x2D7D750</data>
          </containerEntry>
          <containerEntry key="StaticModelArray0008">
            <data>0x2D7D600</data>
          </containerEntry>
          <containerEntry key="StaticModelArray0009">
            <data>0x2D7CF70</data>
          </containerEntry>
          <containerEntry key="StaticModelArray0010">
            <data>0x2D7A490</data>
          </containerEntry>
          <containerEntry key="StaticModelArray0011">
            <data>0x2D7CC60</data>
          </containerEntry>
          <containerEntry key="StaticModelArray0012">
            <data>0x2D7CCD0</data>
          </containerEntry>
          <containerEntry key="TexturePackLoadConditioner0000">
            <data>0x2D7D7C0</data>
          </containerEntry>
        </property>
      </staticProperties>
      <dynamicProperties></dynamicProperties>
    </entity>
    <entity class="StaticModel" classVersion="9" classID="0x160" addr="0x2D785F0" id="0x48632">
      <staticProperties>
        <property name="name" type="String" container="StaticArray" arraySize="1">
          <containerEntry>afgh_tree011_vrtn001_0001</containerEntry>
        </property>
        <property name="dataSet" type="EntityHandle" container="StaticArray" arraySize="1">
          <containerEntry>0x2F53180</containerEntry>
        </property>
        <property name="parent" type="EntityHandle" container="StaticArray" arraySize="1">
          <containerEntry>0x0</containerEntry>
        </property>
        <property name="transform" type="EntityPtr" container="StaticArray" arraySize="1">
          <containerEntry>0x2D78660</containerEntry>
        </property>
        <property name="shearTransform" type="EntityPtr" container="StaticArray" arraySize="1">
          <containerEntry>0x0</containerEntry>
        </property>
        <property name="pivotTransform" type="EntityPtr" container="StaticArray" arraySize="1">
          <containerEntry>0x0</containerEntry>
        </property>
        <property name="children" type="EntityHandle" container="List"></property>
        <property name="flags" type="UInt32" container="StaticArray" arraySize="1">
          <containerEntry>7</containerEntry>
        </property>
        <property name="modelFile" type="FilePtr" container="StaticArray" arraySize="1">
          <containerEntry>/Assets/tpp/environ/object/afghanistan/tree/afgh_tree011/scenes/afgh_tree011_vrtn001.fmdl</containerEntry>
        </property>
        <property name="geomFile" type="FilePtr" container="StaticArray" arraySize="1">
          <containerEntry>/Assets/tpp/environ/object/afghanistan/tree/afgh_tree011/scenes/afgh_tree011_vrtn001.geom</containerEntry>
        </property>
        <property name="isVisibleGeom" type="Bool" container="StaticArray" arraySize="1">
          <containerEntry>false</containerEntry>
        </property>
        <property name="isIsolated" type="Bool" container="StaticArray" arraySize="1">
          <containerEntry>false</containerEntry>
        </property>
        <property name="lodFarSize" type="Float" container="StaticArray" arraySize="1">
          <containerEntry>-1</containerEntry>
        </property>
        <property name="lodNearSize" type="Float" container="StaticArray" arraySize="1">
          <containerEntry>-1</containerEntry>
        </property>
        <property name="lodPolygonSize" type="Float" container="StaticArray" arraySize="1">
          <containerEntry>-1</containerEntry>
        </property>
        <property name="color" type="Color" container="StaticArray" arraySize="1">
          <containerEntry r="1" g="1" b="1" a="1"></containerEntry>
        </property>
        <property name="drawRejectionLevel" type="Int32" container="StaticArray" arraySize="1">
          <containerEntry>8</containerEntry>
        </property>
        <property name="drawMode" type="Int32" container="StaticArray" arraySize="1">
          <containerEntry>0</containerEntry>
        </property>
        <property name="rejectFarRangeShadowCast" type="Int32" container="StaticArray" arraySize="1">
          <containerEntry>2</containerEntry>
        </property>
      </staticProperties>
      <dynamicProperties></dynamicProperties>
    </entity>
    <entity class="TransformEntity" classVersion="0" classID="0x50" addr="0x2D78660" id="0x48635">
      <staticProperties>
        <property name="owner" type="EntityHandle" container="StaticArray" arraySize="1">
          <containerEntry>0x2D785F0</containerEntry>
        </property>
        <property name="transform_scale" type="Vector3" container="StaticArray" arraySize="1">
          <containerEntry x="0.85" y="0.85" z="0.85" w="0"></containerEntry>
        </property>
        <property name="transform_rotation_quat" type="Quat" container="StaticArray" arraySize="1">
          <containerEntry x="0" y="0.958494" z="0" w="0.285113"></containerEntry>
        </property>
        <property name="transform_translation" type="Vector3" container="StaticArray" arraySize="1">
          <containerEntry x="1607.4417" y="329.56772" z="1892.7401" w="0"></containerEntry>
        </property>
      </staticProperties>
      <dynamicProperties></dynamicProperties>
    </entity>
    <entity class="StaticModelArray" classVersion="4" classID="0xD0" addr="0x2D7D910" id="0x0">
      <staticProperties>
        <property name="name" type="String" container="StaticArray" arraySize="1">
          <containerEntry>StaticModelArray0000</containerEntry>
        </property>
        <property name="dataSet" type="EntityHandle" container="StaticArray" arraySize="1">
          <containerEntry>0x2F53180</containerEntry>
        </property>
        <property name="modelFile" type="FilePtr" container="StaticArray" arraySize="1">
          <containerEntry>/Assets/tpp/environ/object/afghanistan/tree/afgh_tree011/scenes/afgh_tree011_vrtn003.fmdl</containerEntry>
        </property>
        <property name="geomFile" type="FilePtr" container="StaticArray" arraySize="1">
          <containerEntry>/Assets/tpp/environ/object/afghanistan/tree/afgh_tree011/scenes/afgh_tree011_vrtn003.geom</containerEntry>
        </property>
        <property name="isVisibleGeom" type="Bool" container="StaticArray" arraySize="1">
          <containerEntry>false</containerEntry>
        </property>
        <property name="lodFarSize" type="Float" container="StaticArray" arraySize="1">
          <containerEntry>-1</containerEntry>
        </property>
        <property name="lodNearSize" type="Float" container="StaticArray" arraySize="1">
          <containerEntry>-1</containerEntry>
        </property>
        <property name="lodPolygonSize" type="Float" container="StaticArray" arraySize="1">
          <containerEntry>-1</containerEntry>
        </property>
        <property name="drawRejectionLevel" type="Int32" container="StaticArray" arraySize="1">
          <containerEntry>8</containerEntry>
        </property>
        <property name="drawMode" type="Int32" container="StaticArray" arraySize="1">
          <containerEntry>0</containerEntry>
        </property>
        <property name="rejectFarRangeShadowCast" type="Int32" container="StaticArray" arraySize="1">
          <containerEntry>2</containerEntry>
        </property>
        <property name="parentLocator" type="EntityLink" container="StaticArray" arraySize="1">
          <containerEntry packagePathHash="0xB8A0BF169F98" archivePathHash="0xB8A0BF169F98" nameInArchiveHash="0xB8A0BF169F98">0x0</containerEntry>
        </property>
        <property name="transforms" type="Matrix4" container="DynamicArray" arraySize="2">
          <containerEntry r11="1" r12="0" r13="0" r14="0" r21="0" r22="1" r23="0" r24="0" r31="0" r32="0" r33="1" r34="0" r41="1598.8568" r42="331.52643" r43="1894.6532" r44="1"></containerEntry>
          <containerEntry r11="1" r12="0" r13="0" r14="0" r21="0" r22="1" r23="0" r24="0" r31="0" r32="0" r33="1" r34="0" r41="1629.8267" r42="349.26746" r43="1864.4343" r44="1"></containerEntry>
        </property>
        <property name="colors" type="UInt32" container="DynamicArray" arraySize="2">
          <containerEntry>4294967295</containerEntry>
          <containerEntry>4294967295</containerEntry>
        </property>
      </staticProperties>
      <dynamicProperties></dynamicProperties>
    </entity>
    <entity class="StaticModelArray" classVersion="4" classID="0xD0" addr="0x2D7D980" id="0x0">
      <staticProperties>
        <property name="name" type="String" container="StaticArray" arraySize="1">
          <containerEntry>StaticModelArray0001</containerEntry>
        </property>
        <property name="dataSet" type="EntityHandle" container="StaticArray" arraySize="1">
          <containerEntry>0x2F53180</containerEntry>
        </property>
        <property name="modelFile" type="FilePtr" container="StaticArray" arraySize="1">
          <containerEntry>/Assets/tpp/environ/object/afghanistan/cliff/afgh_clff007/scenes/afgh_clff007.fmdl</containerEntry>
        </property>
        <property name="geomFile" type="FilePtr" container="StaticArray" arraySize="1">
          <containerEntry>/Assets/tpp/environ/object/afghanistan/cliff/afgh_clff007/scenes/afgh_clff007.geom</containerEntry>
        </property>
        <property name="isVisibleGeom" type="Bool" container="StaticArray" arraySize="1">
          <containerEntry>false</containerEntry>
        </property>
        <property name="lodFarSize" type="Float" container="StaticArray" arraySize="1">
          <containerEntry>-1</containerEntry>
        </property>
        <property name="lodNearSize" type="Float" container="StaticArray" arraySize="1">
          <containerEntry>-1</containerEntry>
        </property>
        <property name="lodPolygonSize" type="Float" container="StaticArray" arraySize="1">
          <containerEntry>-1</containerEntry>
        </property>
        <property name="drawRejectionLevel" type="Int32" container="StaticArray" arraySize="1">
          <containerEntry>8</containerEntry>
        </property>
        <property name="drawMode" type="Int32" container="StaticArray" arraySize="1">
          <containerEntry>0</containerEntry>
        </property>
        <property name="rejectFarRangeShadowCast" type="Int32" container="StaticArray" arraySize="1">
          <containerEntry>2</containerEntry>
        </property>
        <property name="parentLocator" type="EntityLink" container="StaticArray" arraySize="1">
          <containerEntry packagePathHash="0xB8A0BF169F98" archivePathHash="0xB8A0BF169F98" nameInArchiveHash="0xB8A0BF169F98">0x0</containerEntry>
        </property>
        <property name="transforms" type="Matrix4" container="DynamicArray" arraySize="2">
          <containerEntry r11="-0.7780411" r12="-0.0030509129" r13="0.6281919" r14="0" r21="0.0013876848" r22="0.9999774" r23="0.006575239" r24="0" r31="-0.6281977" r32="0.0059876014" r33="-0.77801937" r34="0" r41="1558.3877" r42="310.8678" r43="1844.7432" r44="1"></containerEntry>
          <containerEntry r11="-0.7780423" r12="-0.003051806" r13="0.6281913" r14="0" r21="-0.0050305445" r22="0.9999864" r23="-0.0013725911" r24="0" r31="-0.62817854" r32="-0.0042281044" r33="-0.7780471" r34="0" r41="1565.584" r42="310.7519" r43="1837.8258" r44="1"></containerEntry>
        </property>
        <property name="colors" type="UInt32" container="DynamicArray" arraySize="2">
          <containerEntry>4294967295</containerEntry>
          <containerEntry>4294967295</containerEntry>
        </property>
      </staticProperties>
      <dynamicProperties></dynamicProperties>
    </entity>
    <entity class="StaticModelArray" classVersion="4" classID="0xD0" addr="0x2D7D9F0" id="0x0">
      <staticProperties>
        <property name="name" type="String" container="StaticArray" arraySize="1">
          <containerEntry>StaticModelArray0002</containerEntry>
        </property>
        <property name="dataSet" type="EntityHandle" container="StaticArray" arraySize="1">
          <containerEntry>0x2F53180</containerEntry>
        </property>
        <property name="modelFile" type="FilePtr" container="StaticArray" arraySize="1">
          <containerEntry>/Assets/tpp/environ/object/afghanistan/rock/afgh_rock009/scenes/afgh_rock009_rock002.fmdl</containerEntry>
        </property>
        <property name="geomFile" type="FilePtr" container="StaticArray" arraySize="1">
          <containerEntry>/Assets/tpp/environ/object/afghanistan/rock/afgh_rock009/scenes/afgh_rock009_rock002.geom</containerEntry>
        </property>
        <property name="isVisibleGeom" type="Bool" container="StaticArray" arraySize="1">
          <containerEntry>false</containerEntry>
        </property>
        <property name="lodFarSize" type="Float" container="StaticArray" arraySize="1">
          <containerEntry>-1</containerEntry>
        </property>
        <property name="lodNearSize" type="Float" container="StaticArray" arraySize="1">
          <containerEntry>-1</containerEntry>
        </property>
        <property name="lodPolygonSize" type="Float" container="StaticArray" arraySize="1">
          <containerEntry>-1</containerEntry>
        </property>
        <property name="drawRejectionLevel" type="Int32" container="StaticArray" arraySize="1">
          <containerEntry>8</containerEntry>
        </property>
        <property name="drawMode" type="Int32" container="StaticArray" arraySize="1">
          <containerEntry>0</containerEntry>
        </property>
        <property name="rejectFarRangeShadowCast" type="Int32" container="StaticArray" arraySize="1">
          <containerEntry>2</containerEntry>
        </property>
        <property name="parentLocator" type="EntityLink" container="StaticArray" arraySize="1">
          <containerEntry packagePathHash="0xB8A0BF169F98" archivePathHash="0xB8A0BF169F98" nameInArchiveHash="0xB8A0BF169F98">0x0</containerEntry>
        </property>
        <property name="transforms" type="Matrix4" container="DynamicArray" arraySize="7">
          <containerEntry r11="-0.3445773" r12="0.16010305" r13="-0.92498535" r14="0" r21="-0.060636833" r22="0.97949505" r23="0.19212511" r24="0" r31="0.9367786" r32="0.12229431" r33="-0.32780313" r34="0" r41="1557.5079" r42="310.7583" r43="1836.1086" r44="1"></containerEntry>
          <containerEntry r11="-0.3445773" r12="0.16010305" r13="-0.92498535" r14="0" r21="-0.060636833" r22="0.97949505" r23="0.19212511" r24="0" r31="0.9367786" r32="0.12229431" r33="-0.32780313" r34="0" r41="1579.6631" r42="316.83224" r43="1842.4347" r44="1"></containerEntry>
          <containerEntry r11="-0.3445773" r12="0.16010305" r13="-0.92498535" r14="0" r21="-0.060636833" r22="0.97949505" r23="0.19212511" r24="0" r31="0.9367786" r32="0.12229431" r33="-0.32780313" r34="0" r41="1594.9866" r42="314.7915" r43="1806.2433" r44="1"></containerEntry>
          <containerEntry r11="-0.7856665" r12="0.16010252" r13="-0.5975365" r14="0" r21="0.051453788" r22="0.9794951" r23="0.19478545" r24="0" r31="0.6164699" r32="0.12229491" r33="-0.777794" r34="0" r41="1545.6604" r42="309.0527" r43="1808.1285" r44="1"></containerEntry>
          <containerEntry r11="-0.9498337" r12="0.100795075" r13="-0.29598048" r14="0" r21="0.054297537" r22="0.98540664" r23="0.16132295" r24="0" r31="0.3332389" r32="0.14844032" r33="-1.0188497" r34="0" r41="1556.0667" r42="310.5588" r43="1795.9503" r44="1"></containerEntry>
          <containerEntry r11="-0.73053294" r12="0.08760741" r13="-0.6771997" r14="0" r21="-0.016189996" r22="0.98923475" r23="0.1454381" r24="0" r31="0.68265104" r32="0.11721476" r33="-0.72124994" r34="0" r41="1572.1111" r42="307.4303" r43="1805.3568" r44="1"></containerEntry>
          <containerEntry r11="-0.73053294" r12="0.08760741" r13="-0.6771997" r14="0" r21="-0.016189996" r22="0.98923475" r23="0.1454381" r24="0" r31="0.68265104" r32="0.11721476" r33="-0.72124994" r34="0" r41="1603.6383" r42="318.22476" r43="1808.0631" r44="1"></containerEntry>
        </property>
        <property name="colors" type="UInt32" container="DynamicArray" arraySize="7">
          <containerEntry>4294967295</containerEntry>
          <containerEntry>4294967295</containerEntry>
          <containerEntry>4294967295</containerEntry>
          <containerEntry>4294967295</containerEntry>
          <containerEntry>4294967295</containerEntry>
          <containerEntry>4294967295</containerEntry>
          <containerEntry>4294967295</containerEntry>
        </property>
      </staticProperties>
      <dynamicProperties></dynamicProperties>
    </entity>
    <entity class="StaticModelArray" classVersion="4" classID="0xD0" addr="0x2D7D440" id="0x0">
      <staticProperties>
        <property name="name" type="String" container="StaticArray" arraySize="1">
          <containerEntry>StaticModelArray0003</containerEntry>
        </property>
        <property name="dataSet" type="EntityHandle" container="StaticArray" arraySize="1">
          <containerEntry>0x2F53180</containerEntry>
        </property>
        <property name="modelFile" type="FilePtr" container="StaticArray" arraySize="1">
          <containerEntry>/Assets/tpp/environ/object/afghanistan/cliff/afgh_clff022/scenes/afgh_clff022_vrtn002.fmdl</containerEntry>
        </property>
        <property name="geomFile" type="FilePtr" container="StaticArray" arraySize="1">
          <containerEntry>/Assets/tpp/environ/object/afghanistan/cliff/afgh_clff022/scenes/afgh_clff022_vrtn002.geom</containerEntry>
        </property>
        <property name="isVisibleGeom" type="Bool" container="StaticArray" arraySize="1">
          <containerEntry>false</containerEntry>
        </property>
        <property name="lodFarSize" type="Float" container="StaticArray" arraySize="1">
          <containerEntry>-1</containerEntry>
        </property>
        <property name="lodNearSize" type="Float" container="StaticArray" arraySize="1">
          <containerEntry>-1</containerEntry>
        </property>
        <property name="lodPolygonSize" type="Float" container="StaticArray" arraySize="1">
          <containerEntry>-1</containerEntry>
        </property>
        <property name="drawRejectionLevel" type="Int32" container="StaticArray" arraySize="1">
          <containerEntry>8</containerEntry>
        </property>
        <property name="drawMode" type="Int32" container="StaticArray" arraySize="1">
          <containerEntry>0</containerEntry>
        </property>
        <property name="rejectFarRangeShadowCast" type="Int32" container="StaticArray" arraySize="1">
          <containerEntry>2</containerEntry>
        </property>
        <property name="parentLocator" type="EntityLink" container="StaticArray" arraySize="1">
          <containerEntry packagePathHash="0xB8A0BF169F98" archivePathHash="0xB8A0BF169F98" nameInArchiveHash="0xB8A0BF169F98">0x0</containerEntry>
        </property>
        <property name="transforms" type="Matrix4" container="DynamicArray" arraySize="2">
          <containerEntry r11="-0.44250804" r12="0" r13="0.89675796" r14="0" r21="0" r22="1" r23="0" r24="0" r31="-0.89675796" r32="0" r33="-0.44250804" r34="0" r41="1624.3364" r42="333.31213" r43="1811.7578" r44="1"></containerEntry>
          <containerEntry r11="-0.9999939" r12="0" r13="0.0011719965" r14="0" r21="0" r22="1" r23="0" r24="0" r31="-0.0011719965" r32="0" r33="-0.9999939" r34="0" r41="1552.985" r42="324.31915" r43="1870.3055" r44="1"></containerEntry>
        </property>
        <property name="colors" type="UInt32" container="DynamicArray" arraySize="2">
          <containerEntry>4294967295</containerEntry>
          <containerEntry>4294967295</containerEntry>
        </property>
      </staticProperties>
      <dynamicProperties></dynamicProperties>
    </entity>
    <entity class="StaticModelArray" classVersion="4" classID="0xD0" addr="0x2D7D210" id="0x0">
      <staticProperties>
        <property name="name" type="String" container="StaticArray" arraySize="1">
          <containerEntry>StaticModelArray0004</containerEntry>
        </property>
        <property name="dataSet" type="EntityHandle" container="StaticArray" arraySize="1">
          <containerEntry>0x2F53180</containerEntry>
        </property>
        <property name="modelFile" type="FilePtr" container="StaticArray" arraySize="1">
          <containerEntry>/Assets/tpp/environ/object/afghanistan/rock/afgh_rock001/scenes/afgh_rock001.fmdl</containerEntry>
        </property>
        <property name="geomFile" type="FilePtr" container="StaticArray" arraySize="1">
          <containerEntry>/Assets/tpp/environ/object/afghanistan/rock/afgh_rock001/scenes/afgh_rock001.geom</containerEntry>
        </property>
        <property name="isVisibleGeom" type="Bool" container="StaticArray" arraySize="1">
          <containerEntry>false</containerEntry>
        </property>
        <property name="lodFarSize" type="Float" container="StaticArray" arraySize="1">
          <containerEntry>-1</containerEntry>
        </property>
        <property name="lodNearSize" type="Float" container="StaticArray" arraySize="1">
          <containerEntry>-1</containerEntry>
        </property>
        <property name="lodPolygonSize" type="Float" container="StaticArray" arraySize="1">
          <containerEntry>-1</containerEntry>
        </property>
        <property name="drawRejectionLevel" type="Int32" container="StaticArray" arraySize="1">
          <containerEntry>8</containerEntry>
        </property>
        <property name="drawMode" type="Int32" container="StaticArray" arraySize="1">
          <containerEntry>0</containerEntry>
        </property>
        <property name="rejectFarRangeShadowCast" type="Int32" container="StaticArray" arraySize="1">
          <containerEntry>2</containerEntry>
        </property>
        <property name="parentLocator" type="EntityLink" container="StaticArray" arraySize="1">
          <containerEntry packagePathHash="0xB8A0BF169F98" archivePathHash="0xB8A0BF169F98" nameInArchiveHash="0xB8A0BF169F98">0x0</containerEntry>
        </property>
        <property name="transforms" type="Matrix4" container="DynamicArray" arraySize="17">
          <containerEntry r11="-0.4936149" r12="0.15686148" r13="-0.8554061" r14="0" r21="-0.050548576" r22="-0.9870984" r23="-0.15184236" r24="0" r31="-0.8681993" r32="-0.031713273" r33="0.49519473" r34="0" r41="1545.4175" r42="311.1933" r43="1844.5015" r44="1"></containerEntry>
          <containerEntry r11="0.3097167" r12="0.21935171" r13="-0.925177" r14="0" r21="0.5849865" r22="-0.81102234" r23="0.003541261" r24="0" r31="-0.74957216" r32="-0.54231596" r33="-0.37949842" r34="0" r41="1565.2552" r42="314.9335" r43="1845.8885" r44="1"></containerEntry>
          <containerEntry r11="0.09873623" r12="-0.20738108" r13="-0.97326005" r14="0" r21="0.0923578" r22="-0.97190243" r23="0.21646199" r24="0" r31="-0.99081385" r32="-0.111260265" r33="-0.07679964" r34="0" r41="1559.0327" r42="313.77393" r43="1853.7435" r44="1"></containerEntry>
          <containerEntry r11="0.16296971" r12="-0.6431835" r13="-0.74816376" r14="0" r21="0.025362432" r22="-0.7553154" r23="0.6548596" r24="0" r31="-0.9863016" r32="-0.12569535" r33="-0.10677482" r34="0" r41="1578.7865" r42="320.6262" r43="1851.7268" r44="1"></containerEntry>
          <containerEntry r11="-0.9621484" r12="-0.22071402" r13="0.15978575" r14="0" r21="0.26629338" r22="-0.88591754" r23="0.37975606" r24="0" r31="0.057740856" r32="0.40793642" r33="0.91118205" r34="0" r41="1587.252" r42="322.6874" r43="1846.4155" r44="1"></containerEntry>
          <containerEntry r11="-0.8566337" r12="-0.37595695" r13="0.35328442" r14="0" r21="0.5070881" r22="-0.7396273" r23="0.4424811" r24="0" r31="0.094947994" r32="0.5581973" r33="0.8242562" r34="0" r41="1587.0536" r42="317.89062" r43="1830.9213" r44="1"></containerEntry>
          <containerEntry r11="-0.87589556" r12="-0.28208917" r13="0.39142045" r14="0" r21="0.44051254" r22="-0.7984873" r23="0.4102987" r24="0" r31="0.196807" r32="0.5318101" r33="0.8236764" r34="0" r41="1590.1838" r42="315.18964" r43="1822.0793" r44="1"></containerEntry>
          <containerEntry r11="-0.87589556" r12="-0.28208917" r13="0.39142045" r14="0" r21="0.44051254" r22="-0.7984873" r23="0.4102987" r24="0" r31="0.196807" r32="0.5318101" r33="0.8236764" r34="0" r41="1606.5382" r42="317.7317" r43="1801.1055" r44="1"></containerEntry>
          <containerEntry r11="-0.9048237" r12="-0.1754598" r13="0.387923" r14="0" r21="0.28856325" r22="-0.9226599" r23="0.25574625" r24="0" r31="0.31305218" r32="0.34334934" r33="0.8854988" r34="0" r41="1584.8639" r42="310.66052" r43="1802.8466" r44="1"></containerEntry>
          <containerEntry r11="-0.7004242" r12="-0.15725267" r13="0.6961698" r14="0" r21="0.44051194" r22="-0.86269915" r23="0.24833822" r24="0" r31="0.5615426" r32="0.4806186" r33="0.67355096" r34="0" r41="1584.651" r42="312.6354" r43="1818.8624" r44="1"></containerEntry>
          <containerEntry r11="-0.00094759464" r12="-0.0198216" r13="0.9997954" r14="0" r21="-0.010207136" r22="-0.9997357" r23="-0.019830327" r24="0" r31="0.99993974" r32="-0.010224071" r33="0.0007605647" r34="0" r41="1542.8684" r42="307.45688" r43="1810.7183" r44="1"></containerEntry>
          <containerEntry r11="-0.9548602" r12="0.29234007" r13="-0.052424658" r14="0" r21="-0.272352" r22="-0.9322653" r23="-0.23806584" r24="0" r31="-0.11847122" r32="-0.21304521" r33="0.9698329" r34="0" r41="1547.5431" r42="306.0492" r43="1811.2072" r44="1"></containerEntry>
          <containerEntry r11="0.9778179" r12="-0.16046798" r13="-0.13461708" r14="0" r21="0.18497634" r22="0.96308374" r23="0.19558327" r24="0" r31="0.09826234" r32="-0.21614598" r33="0.9714036" r34="0" r41="1544.8118" r42="311.72754" r43="1798.0566" r44="1"></containerEntry>
          <containerEntry r11="0.69085056" r12="0.175414" r13="-0.70139205" r14="0" r21="-0.115687154" r22="0.9844415" r23="0.13225393" r24="0" r31="0.7136787" r32="-0.010224704" r33="0.7003952" r34="0" r41="1539.9904" r42="304.5829" r43="1818.5852" r44="1"></containerEntry>
          <containerEntry r11="0.69085133" r12="0.17541383" r13="-0.7013912" r14="0" r21="-0.40073347" r22="0.9003723" r23="-0.16953127" r24="0" r31="0.60177433" r32="0.3981936" r33="0.6923184" r34="0" r41="1550.6448" r42="305.5209" r43="1826.346" r44="1"></containerEntry>
          <containerEntry r11="1.0476712" r12="0.11404795" r13="-1.2381088" r14="0" r21="0.8168067" r22="-1.2837746" r23="0.5729065" r24="0" r31="-0.937415" r32="-0.99115497" r33="-0.8845044" r34="0" r41="1595.6099" r42="319.514" r43="1824.798" r44="1"></containerEntry>
          <containerEntry r11="0.43271402" r12="0.4972466" r13="1.4862766" r14="0" r21="0.12857184" r22="-1.547931" r23="0.4804479" r24="0" r31="1.5619671" r32="-0.0103302" r33="-0.45126233" r34="0" r41="1594.5295" r42="318.74713" r43="1822.7399" r44="1"></containerEntry>
        </property>
        <property name="colors" type="UInt32" container="DynamicArray" arraySize="17">
          <containerEntry>4294967295</containerEntry>
          <containerEntry>4294967295</containerEntry>
          <containerEntry>4294967295</containerEntry>
          <containerEntry>4294967295</containerEntry>
          <containerEntry>4294967295</containerEntry>
          <containerEntry>4294967295</containerEntry>
          <containerEntry>4294967295</containerEntry>
          <containerEntry>4294967295</containerEntry>
          <containerEntry>4294967295</containerEntry>
          <containerEntry>4294967295</containerEntry>
          <containerEntry>4294967295</containerEntry>
          <containerEntry>4294967295</containerEntry>
          <containerEntry>4294967295</containerEntry>
          <containerEntry>4294967295</containerEntry>
          <containerEntry>4294967295</containerEntry>
          <containerEntry>4294967295</containerEntry>
          <containerEntry>4294967295</containerEntry>
        </property>
      </staticProperties>
      <dynamicProperties></dynamicProperties>
    </entity>
    <entity class="StaticModelArray" classVersion="4" classID="0xD0" addr="0x2D7D520" id="0x0">
      <staticProperties>
        <property name="name" type="String" container="StaticArray" arraySize="1">
          <containerEntry>StaticModelArray0005</containerEntry>
        </property>
        <property name="dataSet" type="EntityHandle" container="StaticArray" arraySize="1">
          <containerEntry>0x2F53180</containerEntry>
        </property>
        <property name="modelFile" type="FilePtr" container="StaticArray" arraySize="1">
          <containerEntry>/Assets/tpp/environ/object/afghanistan/rock/afgh_rock010/scenes/afgh_rock010.fmdl</containerEntry>
        </property>
        <property name="geomFile" type="FilePtr" container="StaticArray" arraySize="1">
          <containerEntry>/Assets/tpp/environ/object/afghanistan/rock/afgh_rock010/scenes/afgh_rock010.geom</containerEntry>
        </property>
        <property name="isVisibleGeom" type="Bool" container="StaticArray" arraySize="1">
          <containerEntry>false</containerEntry>
        </property>
        <property name="lodFarSize" type="Float" container="StaticArray" arraySize="1">
          <containerEntry>-1</containerEntry>
        </property>
        <property name="lodNearSize" type="Float" container="StaticArray" arraySize="1">
          <containerEntry>-1</containerEntry>
        </property>
        <property name="lodPolygonSize" type="Float" container="StaticArray" arraySize="1">
          <containerEntry>-1</containerEntry>
        </property>
        <property name="drawRejectionLevel" type="Int32" container="StaticArray" arraySize="1">
          <containerEntry>8</containerEntry>
        </property>
        <property name="drawMode" type="Int32" container="StaticArray" arraySize="1">
          <containerEntry>0</containerEntry>
        </property>
        <property name="rejectFarRangeShadowCast" type="Int32" container="StaticArray" arraySize="1">
          <containerEntry>2</containerEntry>
        </property>
        <property name="parentLocator" type="EntityLink" container="StaticArray" arraySize="1">
          <containerEntry packagePathHash="0xB8A0BF169F98" archivePathHash="0xB8A0BF169F98" nameInArchiveHash="0xB8A0BF169F98">0x0</containerEntry>
        </property>
        <property name="transforms" type="Matrix4" container="DynamicArray" arraySize="2">
          <containerEntry r11="-0.55306756" r12="-0.13960162" r13="0.82135016" r14="0" r21="-0.07822081" r22="0.9902077" r23="0.115629606" r24="0" r31="-0.82944936" r32="-0.0002952665" r33="-0.55857146" r34="0" r41="1575.0009" r42="311.30865" r43="1826.1833" r44="1"></containerEntry>
          <containerEntry r11="-0.66276276" r12="0.066215366" r13="0.74588853" r14="0" r21="-0.3690487" r22="0.8378292" r23="-0.4022986" r24="0" r31="-0.65156525" r32="-0.54190093" r33="-0.5308443" r34="0" r41="1610.991" r42="319.74933" r43="1814.5133" r44="1"></containerEntry>
        </property>
        <property name="colors" type="UInt32" container="DynamicArray" arraySize="2">
          <containerEntry>4294967295</containerEntry>
          <containerEntry>4294967295</containerEntry>
        </property>
      </staticProperties>
      <dynamicProperties></dynamicProperties>
    </entity>
    <entity class="StaticModelArray" classVersion="4" classID="0xD0" addr="0x2D7D830" id="0x0">
      <staticProperties>
        <property name="name" type="String" container="StaticArray" arraySize="1">
          <containerEntry>StaticModelArray0006</containerEntry>
        </property>
        <property name="dataSet" type="EntityHandle" container="StaticArray" arraySize="1">
          <containerEntry>0x2F53180</containerEntry>
        </property>
        <property name="modelFile" type="FilePtr" container="StaticArray" arraySize="1">
          <containerEntry>/Assets/tpp/environ/object/afghanistan/cliff/afgh_clff022/scenes/afgh_clff022_vrtn004.fmdl</containerEntry>
        </property>
        <property name="geomFile" type="FilePtr" container="StaticArray" arraySize="1">
          <containerEntry>/Assets/tpp/environ/object/afghanistan/cliff/afgh_clff022/scenes/afgh_clff022_vrtn004.geom</containerEntry>
        </property>
        <property name="isVisibleGeom" type="Bool" container="StaticArray" arraySize="1">
          <containerEntry>false</containerEntry>
        </property>
        <property name="lodFarSize" type="Float" container="StaticArray" arraySize="1">
          <containerEntry>-1</containerEntry>
        </property>
        <property name="lodNearSize" type="Float" container="StaticArray" arraySize="1">
          <containerEntry>-1</containerEntry>
        </property>
        <property name="lodPolygonSize" type="Float" container="StaticArray" arraySize="1">
          <containerEntry>-1</containerEntry>
        </property>
        <property name="drawRejectionLevel" type="Int32" container="StaticArray" arraySize="1">
          <containerEntry>8</containerEntry>
        </property>
        <property name="drawMode" type="Int32" container="StaticArray" arraySize="1">
          <containerEntry>0</containerEntry>
        </property>
        <property name="rejectFarRangeShadowCast" type="Int32" container="StaticArray" arraySize="1">
          <containerEntry>2</containerEntry>
        </property>
        <property name="parentLocator" type="EntityLink" container="StaticArray" arraySize="1">
          <containerEntry packagePathHash="0xB8A0BF169F98" archivePathHash="0xB8A0BF169F98" nameInArchiveHash="0xB8A0BF169F98">0x0</containerEntry>
        </property>
        <property name="transforms" type="Matrix4" container="DynamicArray" arraySize="7">
          <containerEntry r11="-0.5785234" r12="0" r13="0.8156633" r14="0" r21="0" r22="1" r23="0" r24="0" r31="-0.8156633" r32="0" r33="-0.5785234" r34="0" r41="1591.654" r42="333.57596" r43="1852.6774" r44="1"></containerEntry>
          <containerEntry r11="-0.7437371" r12="0" r13="0.66846746" r14="0" r21="0" r22="1" r23="0" r24="0" r31="-0.66846746" r32="0" r33="-0.7437371" r34="0" r41="1617.8297" r42="346.53058" r43="1848.8041" r44="1"></containerEntry>
          <containerEntry r11="-1.0587121" r12="0.014018209" r13="-0.07414932" r14="0" r21="0.006504248" r22="1.0559961" r23="0.10677142" r24="0" r31="0.075181946" r32="0.10604683" r33="-1.0534077" r34="0" r41="1554.724" r42="330.74872" r43="1882.9408" r44="1"></containerEntry>
          <containerEntry r11="0.9168577" r12="0" r13="0.39921376" r14="0" r21="0" r22="1" r23="0" r24="0" r31="-0.39921376" r32="0" r33="0.9168577" r34="0" r41="1627.3163" r42="345.44373" r43="1880.1808" r44="1"></containerEntry>
          <containerEntry r11="-0.98694557" r12="-0.050930038" r13="0.15276794" r14="0" r21="-0.050058343" r22="0.9987006" r23="0.009549379" r24="0" r31="-0.1530558" r32="0.0017774263" r33="-0.98821265" r34="0" r41="1643.6953" r42="342.95325" r43="1909.8346" r44="1"></containerEntry>
          <containerEntry r11="-0.623373" r12="0.018807173" r13="-0.7816931" r14="0" r21="-0.009864178" r22="0.999442" r23="0.03191242" r24="0" r31="0.78185713" r32="0.027604252" r33="-0.6228396" r34="0" r41="1642.4786" r42="346.53058" r43="1852.7045" r44="1"></containerEntry>
          <containerEntry r11="-0.5452865" r12="-0.011068578" r13="-0.83817554" r14="0" r21="-0.027893826" r22="0.9995986" r23="0.004946476" r24="0" r31="0.8377844" r32="0.02607719" r33="-0.54537636" r34="0" r41="1581.7625" r42="331.6005" r43="1906.2827" r44="1"></containerEntry>
        </property>
        <property name="colors" type="UInt32" container="DynamicArray" arraySize="7">
          <containerEntry>4294967295</containerEntry>
          <containerEntry>4294967295</containerEntry>
          <containerEntry>4294967295</containerEntry>
          <containerEntry>4294967295</containerEntry>
          <containerEntry>4294967295</containerEntry>
          <containerEntry>4294967295</containerEntry>
          <containerEntry>4294967295</containerEntry>
        </property>
      </staticProperties>
      <dynamicProperties></dynamicProperties>
    </entity>
    <entity class="StaticModelArray" classVersion="4" classID="0xD0" addr="0x2D7D750" id="0x0">
      <staticProperties>
        <property name="name" type="String" container="StaticArray" arraySize="1">
          <containerEntry>StaticModelArray0007</containerEntry>
        </property>
        <property name="dataSet" type="EntityHandle" container="StaticArray" arraySize="1">
          <containerEntry>0x2F53180</containerEntry>
        </property>
        <property name="modelFile" type="FilePtr" container="StaticArray" arraySize="1">
          <containerEntry>/Assets/tpp/environ/object/afghanistan/rock/afgh_rock010/scenes/afgh_rock010_vrtn001.fmdl</containerEntry>
        </property>
        <property name="geomFile" type="FilePtr" container="StaticArray" arraySize="1">
          <containerEntry>/Assets/tpp/environ/object/afghanistan/rock/afgh_rock010/scenes/afgh_rock010_vrtn001.geom</containerEntry>
        </property>
        <property name="isVisibleGeom" type="Bool" container="StaticArray" arraySize="1">
          <containerEntry>false</containerEntry>
        </property>
        <property name="lodFarSize" type="Float" container="StaticArray" arraySize="1">
          <containerEntry>-1</containerEntry>
        </property>
        <property name="lodNearSize" type="Float" container="StaticArray" arraySize="1">
          <containerEntry>-1</containerEntry>
        </property>
        <property name="lodPolygonSize" type="Float" container="StaticArray" arraySize="1">
          <containerEntry>-1</containerEntry>
        </property>
        <property name="drawRejectionLevel" type="Int32" container="StaticArray" arraySize="1">
          <containerEntry>8</containerEntry>
        </property>
        <property name="drawMode" type="Int32" container="StaticArray" arraySize="1">
          <containerEntry>0</containerEntry>
        </property>
        <property name="rejectFarRangeShadowCast" type="Int32" container="StaticArray" arraySize="1">
          <containerEntry>2</containerEntry>
        </property>
        <property name="parentLocator" type="EntityLink" container="StaticArray" arraySize="1">
          <containerEntry packagePathHash="0xB8A0BF169F98" archivePathHash="0xB8A0BF169F98" nameInArchiveHash="0xB8A0BF169F98">0x0</containerEntry>
        </property>
        <property name="transforms" type="Matrix4" container="DynamicArray" arraySize="4">
