<fox formatVersion="2" fileVersion="0">
  <entities>
    <entity class="DataSet" classVersion="0" classID="0xE8" addr="0x3353CE0" id="0x31338F">
      <staticProperties>
        <property name="name" type="String" container="StaticArray" arraySize="1">
          <containerEntry hash="0xB8A0BF169F98"></containerEntry>
        </property>
        <property name="dataSet" type="EntityHandle" container="StaticArray" arraySize="1">
          <containerEntry>0x0</containerEntry>
        </property>
        <property name="dataList" type="EntityPtr" container="StringMap" arraySize="13">
          <containerEntry key="afgh_rock009_rock002_0000">
            <data>0x317D7C0</data>
          </containerEntry>
          <containerEntry key="mafr_wndm001_vrtn001_gim_n0000|mafr_wndm001_0000">
            <data>0x3352150</data>
          </containerEntry>
          <containerEntry key="mafr_wndm001_vrtn001_gim_n0000|SoundSource0000">
            <data>0x33524D0</data>
          </containerEntry>
          <containerEntry key="mafr_wndm001_vrtn001_gim_i0000|TppSharedGimmick_mafr_wndm001_vrtn001">
            <data>0x3352850</data>
          </containerEntry>
          <containerEntry key="StaticModelArray0000">
            <data>0x3352E00</data>
          </containerEntry>
          <containerEntry key="StaticModelArray0001">
            <data>0x33514A0</data>
          </containerEntry>
          <containerEntry key="StaticModelArray0002">
            <data>0x3352700</data>
          </containerEntry>
          <containerEntry key="StaticModelArray0003">
            <data>0x3179700</data>
          </containerEntry>
          <containerEntry key="StaticModelArray0004">
            <data>0x3351660</data>
          </containerEntry>
          <containerEntry key="StaticModelArray0005">
            <data>0x33516D0</data>
          </containerEntry>
          <containerEntry key="StaticModelArray0006">
            <data>0x3351740</data>
          </containerEntry>
          <containerEntry key="StaticModelArray0007">
            <data>0x3351CF0</data>
          </containerEntry>
          <containerEntry key="TexturePackLoadConditioner0000">
            <data>0x3354ED0</data>
          </containerEntry>
        </property>
      </staticProperties>
      <dynamicProperties></dynamicProperties>
    </entity>
    <entity class="StaticModel" classVersion="9" classID="0x160" addr="0x317D7C0" id="0x3136D7">
      <staticProperties>
        <property name="name" type="String" container="StaticArray" arraySize="1">
          <containerEntry>afgh_rock009_rock002_0000</containerEntry>
        </property>
        <property name="dataSet" type="EntityHandle" container="StaticArray" arraySize="1">
          <containerEntry>0x3353CE0</containerEntry>
        </property>
        <property name="parent" type="EntityHandle" container="StaticArray" arraySize="1">
          <containerEntry>0x0</containerEntry>
        </property>
        <property name="transform" type="EntityPtr" container="StaticArray" arraySize="1">
          <containerEntry>0x317D830</containerEntry>
        </property>
        <property name="shearTransform" type="EntityPtr" container="StaticArray" arraySize="1">
          <containerEntry>0x0</containerEntry>
        </property>
        <property name="pivotTransform" type="EntityPtr" container="StaticArray" arraySize="1">
          <containerEntry>0x0</containerEntry>
        </property>
        <property name="children" type="EntityHandle" container="List"></property>
        <property name="flags" type="UInt32" container="StaticArray" arraySize="1">
          <containerEntry>3221225479</containerEntry>
        </property>
        <property name="modelFile" type="FilePtr" container="StaticArray" arraySize="1">
          <containerEntry>/Assets/tpp/environ/object/afghanistan/rock/afgh_rock009/scenes/afgh_rock009_rock002.fmdl</containerEntry>
        </property>
        <property name="geomFile" type="FilePtr" container="StaticArray" arraySize="1">
          <containerEntry>/Assets/tpp/environ/object/afghanistan/rock/afgh_rock009/scenes/afgh_rock009_rock002.geom</containerEntry>
        </property>
        <property name="isVisibleGeom" type="Bool" container="StaticArray" arraySize="1">
          <containerEntry>false</containerEntry>
        </property>
        <property name="isIsolated" type="Bool" container="StaticArray" arraySize="1">
          <containerEntry>false</containerEntry>
        </property>
        <property name="lodFarSize" type="Float" container="StaticArray" arraySize="1">
          <containerEntry>-1</containerEntry>
        </property>
        <property name="lodNearSize" type="Float" container="StaticArray" arraySize="1">
          <containerEntry>-1</containerEntry>
        </property>
        <property name="lodPolygonSize" type="Float" container="StaticArray" arraySize="1">
          <containerEntry>-1</containerEntry>
        </property>
        <property name="color" type="Color" container="StaticArray" arraySize="1">
          <containerEntry r="1" g="1" b="1" a="1"></containerEntry>
        </property>
        <property name="drawRejectionLevel" type="Int32" container="StaticArray" arraySize="1">
          <containerEntry>8</containerEntry>
        </property>
        <property name="drawMode" type="Int32" container="StaticArray" arraySize="1">
          <containerEntry>0</containerEntry>
        </property>
        <property name="rejectFarRangeShadowCast" type="Int32" container="StaticArray" arraySize="1">
          <containerEntry>2</containerEntry>
        </property>
      </staticProperties>
      <dynamicProperties></dynamicProperties>
    </entity>
    <entity class="TransformEntity" classVersion="0" classID="0x50" addr="0x317D830" id="0x3136DA">
      <staticProperties>
        <property name="owner" type="EntityHandle" container="StaticArray" arraySize="1">
          <containerEntry>0x317D7C0</containerEntry>
        </property>
        <property name="transform_scale" type="Vector3" container="StaticArray" arraySize="1">
          <containerEntry x="1" y="1" z="1" w="0"></containerEntry>
        </property>
        <property name="transform_rotation_quat" type="Quat" container="StaticArray" arraySize="1">
          <containerEntry x="0" y="0" z="0" w="1"></containerEntry>
        </property>
        <property name="transform_translation" type="Vector3" container="StaticArray" arraySize="1">
          <containerEntry x="-1312.4866" y="387.82205" z="-569.1043" w="0"></containerEntry>
        </property>
      </staticProperties>
      <dynamicProperties></dynamicProperties>
    </entity>
    <entity class="StaticModel" classVersion="9" classID="0x160" addr="0x3352150" id="0x37192F1">
      <staticProperties>
        <property name="name" type="String" container="StaticArray" arraySize="1">
          <containerEntry>mafr_wndm001_vrtn001_gim_n0000|mafr_wndm001_0000</containerEntry>
        </property>
        <property name="dataSet" type="EntityHandle" container="StaticArray" arraySize="1">
          <containerEntry>0x3353CE0</containerEntry>
        </property>
        <property name="parent" type="EntityHandle" container="StaticArray" arraySize="1">
          <containerEntry>0x0</containerEntry>
        </property>
        <property name="transform" type="EntityPtr" container="StaticArray" arraySize="1">
          <containerEntry>0x33521C0</containerEntry>
        </property>
        <property name="shearTransform" type="EntityPtr" container="StaticArray" arraySize="1">
          <containerEntry>0x0</containerEntry>
        </property>
        <property name="pivotTransform" type="EntityPtr" container="StaticArray" arraySize="1">
          <containerEntry>0x0</containerEntry>
        </property>
        <property name="children" type="EntityHandle" container="List"></property>
        <property name="flags" type="UInt32" container="StaticArray" arraySize="1">
          <containerEntry>7</containerEntry>
        </property>
        <property name="modelFile" type="FilePtr" container="StaticArray" arraySize="1">
          <containerEntry>/Assets/tpp/environ/object/middle_africa/windmill/mafr_wndm001/scenes/mafr_wndm001.fmdl</containerEntry>
        </property>
        <property name="geomFile" type="FilePtr" container="StaticArray" arraySize="1">
          <containerEntry>/Assets/tpp/environ/object/middle_africa/windmill/mafr_wndm001/scenes/mafr_wndm001.geom</containerEntry>
        </property>
        <property name="isVisibleGeom" type="Bool" container="StaticArray" arraySize="1">
          <containerEntry>false</containerEntry>
        </property>
        <property name="isIsolated" type="Bool" container="StaticArray" arraySize="1">
          <containerEntry>false</containerEntry>
        </property>
        <property name="lodFarSize" type="Float" container="StaticArray" arraySize="1">
          <containerEntry>50</containerEntry>
        </property>
        <property name="lodNearSize" type="Float" container="StaticArray" arraySize="1">
          <containerEntry>400</containerEntry>
        </property>
        <property name="lodPolygonSize" type="Float" container="StaticArray" arraySize="1">
          <containerEntry>-1</containerEntry>
        </property>
        <property name="color" type="Color" container="StaticArray" arraySize="1">
          <containerEntry r="1" g="1" b="1" a="1"></containerEntry>
        </property>
        <property name="drawRejectionLevel" type="Int32" container="StaticArray" arraySize="1">
          <containerEntry>7</containerEntry>
        </property>
        <property name="drawMode" type="Int32" container="StaticArray" arraySize="1">
          <containerEntry>0</containerEntry>
        </property>
        <property name="rejectFarRangeShadowCast" type="Int32" container="StaticArray" arraySize="1">
          <containerEntry>2</containerEntry>
        </property>
      </staticProperties>
      <dynamicProperties></dynamicProperties>
    </entity>
    <entity class="TransformEntity" classVersion="0" classID="0x50" addr="0x33521C0" id="0x37192F4">
      <staticProperties>
        <property name="owner" type="EntityHandle" container="StaticArray" arraySize="1">
          <containerEntry>0x3352150</containerEntry>
        </property>
        <property name="transform_scale" type="Vector3" container="StaticArray" arraySize="1">
          <containerEntry x="0.9999993" y="1" z="0.9999993" w="1.1e-44"></containerEntry>
        </property>
        <property name="transform_rotation_quat" type="Quat" container="StaticArray" arraySize="1">
          <containerEntry x="0" y="0.9514792" z="0" w="-0.30771315"></containerEntry>
        </property>
        <property name="transform_translation" type="Vector3" container="StaticArray" arraySize="1">
          <containerEntry x="-1284" y="390.93433" z="-626" w="1"></containerEntry>
        </property>
      </staticProperties>
      <dynamicProperties></dynamicProperties>
    </entity>
    <entity class="SoundSource" classVersion="2" classID="0x120" addr="0x33524D0" id="0x37DA74E">
      <staticProperties>
        <property name="name" type="String" container="StaticArray" arraySize="1">
          <containerEntry>mafr_wndm001_vrtn001_gim_n0000|SoundSource0000</containerEntry>
        </property>
        <property name="dataSet" type="EntityHandle" container="StaticArray" arraySize="1">
          <containerEntry>0x3353CE0</containerEntry>
        </property>
        <property name="parent" type="EntityHandle" container="StaticArray" arraySize="1">
          <containerEntry>0x0</containerEntry>
        </property>
        <property name="transform" type="EntityPtr" container="StaticArray" arraySize="1">
          <containerEntry>0x3352540</containerEntry>
        </property>
        <property name="shearTransform" type="EntityPtr" container="StaticArray" arraySize="1">
          <containerEntry>0x0</containerEntry>
        </property>
        <property name="pivotTransform" type="EntityPtr" container="StaticArray" arraySize="1">
          <containerEntry>0x0</containerEntry>
        </property>
        <property name="children" type="EntityHandle" container="List"></property>
        <property name="flags" type="UInt32" container="StaticArray" arraySize="1">
          <containerEntry>7</containerEntry>
        </property>
        <property name="eventName" type="String" container="StaticArray" arraySize="1">
          <containerEntry>sfx_m_fan</containerEntry>
        </property>
        <property name="shapes" type="EntityLink" container="DynamicArray"></property>
        <property name="lodRange" type="Float" container="StaticArray" arraySize="1">
          <containerEntry>0</containerEntry>
        </property>
        <property name="playRange" type="Float" container="StaticArray" arraySize="1">
          <containerEntry>55</containerEntry>
        </property>
      </staticProperties>
      <dynamicProperties></dynamicProperties>
    </entity>
    <entity class="TransformEntity" classVersion="0" classID="0x50" addr="0x3352540" id="0x37DA74F">
      <staticProperties>
        <property name="owner" type="EntityHandle" container="StaticArray" arraySize="1">
          <containerEntry>0x33524D0</containerEntry>
        </property>
        <property name="transform_scale" type="Vector3" container="StaticArray" arraySize="1">
          <containerEntry x="0.9999994" y="0.99999905" z="0.99999964" w="1.1e-44"></containerEntry>
        </property>
        <property name="transform_rotation_quat" type="Quat" container="StaticArray" arraySize="1">
          <containerEntry x="-0.4542781" y="0.7128836" z="-0.48194918" w="-0.23055013"></containerEntry>
        </property>
        <property name="transform_translation" type="Vector3" container="StaticArray" arraySize="1">
          <containerEntry x="-1283.9061" y="411.6885" z="-626.70526" w="1"></containerEntry>
        </property>
      </staticProperties>
      <dynamicProperties></dynamicProperties>
    </entity>
    <entity class="TppSharedGimmickData" classVersion="1" classID="0xF0" addr="0x3352850" id="0x8DD05">
      <staticProperties>
        <property name="name" type="String" container="StaticArray" arraySize="1">
          <containerEntry>mafr_wndm001_vrtn001_gim_i0000|TppSharedGimmick_mafr_wndm001_vrtn001</containerEntry>
        </property>
        <property name="dataSet" type="EntityHandle" container="StaticArray" arraySize="1">
          <containerEntry>0x3353CE0</containerEntry>
        </property>
        <property name="modelFile" type="FilePtr" container="StaticArray" arraySize="1">
          <containerEntry hash="0xB8A0BF169F98"></containerEntry>
        </property>
        <property name="geomFile" type="FilePtr" container="StaticArray" arraySize="1">
          <containerEntry hash="0xB8A0BF169F98"></containerEntry>
        </property>
        <property name="breakedModelFile" type="FilePtr" container="StaticArray" arraySize="1">
          <containerEntry hash="0xB8A0BF169F98"></containerEntry>
        </property>
        <property name="breakedGeomFile" type="FilePtr" container="StaticArray" arraySize="1">
          <containerEntry hash="0xB8A0BF169F98"></containerEntry>
        </property>
        <property name="partsFile" type="FilePtr" container="StaticArray" arraySize="1">
          <containerEntry>/Assets/tpp/parts/environ/object/middle_africa/windmill/mafr_wndm001/mafr_wndm001_vrtn001.parts</containerEntry>
        </property>
        <property name="numDynamicGimmick" type="UInt32" container="StaticArray" arraySize="1">
          <containerEntry>1</containerEntry>
        </property>
        <property name="locaterFile" type="FilePtr" container="StaticArray" arraySize="1">
          <containerEntry>/Assets/tpp/level/location/afgh/block_small/122/122_128/lba/mafr_wndm001_vrtn001.lba</containerEntry>
        </property>
        <property name="flags1" type="UInt32" container="StaticArray" arraySize="1">
          <containerEntry>603979779</containerEntry>
        </property>
        <property name="flags2" type="UInt32" container="StaticArray" arraySize="1">
          <containerEntry>0</containerEntry>
        </property>
      </staticProperties>
      <dynamicProperties></dynamicProperties>
    </entity>
    <entity class="StaticModelArray" classVersion="4" classID="0xD0" addr="0x3352E00" id="0x0">
      <staticProperties>
        <property name="name" type="String" container="StaticArray" arraySize="1">
          <containerEntry>StaticModelArray0000</containerEntry>
        </property>
        <property name="dataSet" type="EntityHandle" container="StaticArray" arraySize="1">
          <containerEntry>0x3353CE0</containerEntry>
        </property>
        <property name="modelFile" type="FilePtr" container="StaticArray" arraySize="1">
          <containerEntry>/Assets/tpp/environ/object/afghanistan/cliff/afgh_clff007/scenes/afgh_clff007.fmdl</containerEntry>
        </property>
        <property name="geomFile" type="FilePtr" container="StaticArray" arraySize="1">
          <containerEntry>/Assets/tpp/environ/object/afghanistan/cliff/afgh_clff007/scenes/afgh_clff007.geom</containerEntry>
        </property>
        <property name="isVisibleGeom" type="Bool" container="StaticArray" arraySize="1">
          <containerEntry>false</containerEntry>
        </property>
        <property name="lodFarSize" type="Float" container="StaticArray" arraySize="1">
          <containerEntry>50</containerEntry>
        </property>
        <property name="lodNearSize" type="Float" container="StaticArray" arraySize="1">
          <containerEntry>400</containerEntry>
        </property>
        <property name="lodPolygonSize" type="Float" container="StaticArray" arraySize="1">
          <containerEntry>-1</containerEntry>
        </property>
        <property name="drawRejectionLevel" type="Int32" container="StaticArray" arraySize="1">
          <containerEntry>7</containerEntry>
        </property>
        <property name="drawMode" type="Int32" container="StaticArray" arraySize="1">
          <containerEntry>0</containerEntry>
        </property>
        <property name="rejectFarRangeShadowCast" type="Int32" container="StaticArray" arraySize="1">
          <containerEntry>2</containerEntry>
        </property>
        <property name="parentLocator" type="EntityLink" container="StaticArray" arraySize="1">
          <containerEntry packagePathHash="0xB8A0BF169F98" archivePathHash="0xB8A0BF169F98" nameInArchiveHash="0xB8A0BF169F98">0x0</containerEntry>
        </property>
        <property name="transforms" type="Matrix4" container="DynamicArray" arraySize="16">
          <containerEntry r11="-0.81018484" r12="0" r13="-0.5861778" r14="0" r21="0" r22="1" r23="0" r24="0" r31="0.5861778" r32="0" r33="-0.81018484" r34="0" r41="-1327.8977" r42="381.33975" r43="-634.6621" r44="1"></containerEntry>
          <containerEntry r11="-0.9659243" r12="0" r13="0.25883684" r14="0" r21="0" r22="1" r23="0" r24="0" r31="-0.25883684" r32="0" r33="-0.9659243" r34="0" r41="-1361.5835" r42="381.76306" r43="-636.3878" r44="1"></containerEntry>
          <containerEntry r11="-0.60791624" r12="-0.056790948" r13="0.79196453" r14="0" r21="0.015470263" r22="0.99640226" r23="0.083326004" r24="0" r31="-0.79384744" r32="0.06290716" r33="-0.60485053" r34="0" r41="-1374.2178" r42="384.30212" r43="-565.7617" r44="1"></containerEntry>
          <containerEntry r11="-0.6060551" r12="-8.130429e-05" r13="0.79541934" r14="0" r21="0.049988262" r22="0.9980194" r23="0.038189672" r24="0" r31="-0.7938471" r32="0.06290671" r33="-0.60485065" r34="0" r41="-1347.5806" r42="383.0733" r43="-595.4411" r44="1"></containerEntry>
          <containerEntry r11="-0.9338974" r12="0.010466511" r13="0.3573723" r14="0" r21="0.0097665675" r22="0.9999452" r23="-0.0037634405" r24="0" r31="-0.3573921" r32="-2.4369587e-05" r33="-0.93394846" r34="0" r41="-1406.9303" r42="380.1889" r43="-620.2639" r44="1"></containerEntry>
          <containerEntry r11="-0.3416087" r12="-0.018846473" r13="0.9396535" r14="0" r21="0.049987882" r22="0.9980194" r23="0.038190074" r24="0" r31="-0.9385122" r32="0.06001734" r33="-0.33999002" r34="0" r41="-1354.4553" r42="383.0733" r43="-585.23193" r44="1"></containerEntry>
          <containerEntry r11="-0.9972708" r12="0.04780072" r13="0.05621377" r14="0" r21="0.049989246" r22="0.99801934" r23="0.03819026" r24="0" r31="-0.054276906" r32="0.040896155" r33="-0.9976851" r34="0" r41="-1336.7749" r42="382.94254" r43="-599.4375" r44="1"></containerEntry>
          <containerEntry r11="-0.41740358" r12="0" r13="0.90872365" r14="0" r21="0" r22="1" r23="0" r24="0" r31="-0.90872365" r32="0" r33="-0.41740358" r34="0" r41="-1370.579" r42="381.76306" r43="-630.03815" r44="1"></containerEntry>
          <containerEntry r11="-0.9499135" r12="0" r13="-0.31251377" r14="0" r21="0" r22="1" r23="0" r24="0" r31="0.31251377" r32="0" r33="-0.9499135" r34="0" r41="-1322.0873" r42="386.42615" r43="-574.3502" r44="1"></containerEntry>
          <containerEntry r11="-0.9803297" r12="0.028635854" r13="0.19526774" r14="0" r21="0.022596186" r22="0.999197" r23="-0.03308852" r24="0" r31="-0.19605865" r32="-0.028025413" r33="-0.9801905" r34="0" r41="-1338.7511" r42="388.14938" r43="-564.3024" r44="1"></containerEntry>
          <containerEntry r11="-0.99799347" r12="0" r13="-0.06334825" r14="0" r21="0" r22="1" r23="0" r24="0" r31="0.063348316" r32="0" r33="-0.99799454" r34="0" r41="-1385.9524" r42="386.24545" r43="-546.4186" r44="1"></containerEntry>
          <containerEntry r11="-0.77987283" r12="-0.029221402" r13="-0.625256" r14="0" r21="-0.0227988" r22="0.999573" r23="-0.01827854" r24="0" r31="0.62552315" r32="1.5180558e-07" r33="-0.780206" r34="0" r41="-1396.3193" r42="380.32526" r43="-618.7542" r44="1"></containerEntry>
          <containerEntry r11="-0.523414" r12="-0.048641026" r13="-0.85068864" r14="0" r21="0.025936173" r22="0.99699724" r23="-0.07296479" r24="0" r31="0.85168415" r32="-0.06025448" r33="-0.52058125" r34="0" r41="-1402.5476" r42="387.41187" r43="-547.86346" r44="1"></containerEntry>
          <containerEntry r11="-0.89218163" r12="0" r13="-0.4516758" r14="0" r21="0" r22="1" r23="0" r24="0" r31="0.4516758" r32="0" r33="-0.89218163" r34="0" r41="-1328.8197" r42="391.35153" r43="-521.1385" r44="1"></containerEntry>
          <containerEntry r11="-0.91568905" r12="0.021669984" r13="0.40130666" r14="0" r21="0.005215007" r22="0.9991019" r23="-0.042050682" r24="0" r31="-0.40185747" r32="-0.03641247" r33="-0.91497964" r34="0" r41="-1340.2743" r42="391.40323" r43="-521.4256" r44="1"></containerEntry>
          <containerEntry r11="-0.87386096" r12="0.057998322" r13="0.4827048" r14="0" r21="0.056192674" r22="0.99825376" r23="-0.018215029" r24="0" r31="-0.48291874" r32="0.011207081" r33="-0.8755949" r34="0" r41="-1365.7124" r42="384.1189" r43="-573.419" r44="1"></containerEntry>
        </property>
        <property name="colors" type="UInt32" container="DynamicArray" arraySize="16">
          <containerEntry>4294967295</containerEntry>
          <containerEntry>4294967295</containerEntry>
          <containerEntry>4294967295</containerEntry>
          <containerEntry>4294967295</containerEntry>
          <containerEntry>4294967295</containerEntry>
          <containerEntry>4294967295</containerEntry>
          <containerEntry>4294967295</containerEntry>
          <containerEntry>4294967295</containerEntry>
          <containerEntry>4294967295</containerEntry>
          <containerEntry>4294967295</containerEntry>
          <containerEntry>4294967295</containerEntry>
          <containerEntry>4294967295</containerEntry>
          <containerEntry>4294967295</containerEntry>
          <containerEntry>4294967295</containerEntry>
          <containerEntry>4294967295</containerEntry>
          <containerEntry>4294967295</containerEntry>
        </property>
      </staticProperties>
      <dynamicProperties></dynamicProperties>
    </entity>
    <entity class="StaticModelArray" classVersion="4" classID="0xD0" addr="0x33514A0" id="0x0">
      <staticProperties>
        <property name="name" type="String" container="StaticArray" arraySize="1">
          <containerEntry>StaticModelArray0001</containerEntry>
        </property>
        <property name="dataSet" type="EntityHandle" container="StaticArray" arraySize="1">
          <containerEntry>0x3353CE0</containerEntry>
        </property>
        <property name="modelFile" type="FilePtr" container="StaticArray" arraySize="1">
          <containerEntry>/Assets/tpp/environ/object/afghanistan/sandbag/afgh_sndb002/scenes/afgh_sndb002.fmdl</containerEntry>
        </property>
        <property name="geomFile" type="FilePtr" container="StaticArray" arraySize="1">
          <containerEntry>/Assets/tpp/environ/object/afghanistan/sandbag/afgh_sndb002/scenes/afgh_sndb002.geom</containerEntry>
        </property>
        <property name="isVisibleGeom" type="Bool" container="StaticArray" arraySize="1">
          <containerEntry>false</containerEntry>
        </property>
        <property name="lodFarSize" type="Float" container="StaticArray" arraySize="1">
          <containerEntry>-1</containerEntry>
        </property>
        <property name="lodNearSize" type="Float" container="StaticArray" arraySize="1">
          <containerEntry>-1</containerEntry>
        </property>
        <property name="lodPolygonSize" type="Float" container="StaticArray" arraySize="1">
          <containerEntry>-1</containerEntry>
        </property>
        <property name="drawRejectionLevel" type="Int32" container="StaticArray" arraySize="1">
          <containerEntry>8</containerEntry>
        </property>
        <property name="drawMode" type="Int32" container="StaticArray" arraySize="1">
          <containerEntry>0</containerEntry>
        </property>
        <property name="rejectFarRangeShadowCast" type="Int32" container="StaticArray" arraySize="1">
          <containerEntry>2</containerEntry>
        </property>
        <property name="parentLocator" type="EntityLink" container="StaticArray" arraySize="1">
          <containerEntry packagePathHash="0xB8A0BF169F98" archivePathHash="0xB8A0BF169F98" nameInArchiveHash="0xB8A0BF169F98">0x0</containerEntry>
        </property>
        <property name="transforms" type="Matrix4" container="DynamicArray" arraySize="2">
          <containerEntry r11="-0.052598953" r12="0" r13="-0.9986156" r14="0" r21="0" r22="1" r23="0" r24="0" r31="0.9986156" r32="0" r33="-0.052598953" r34="0" r41="-1287.0029" r42="390.33917" r43="-624.9944" r44="1"></containerEntry>
          <containerEntry r11="-0.052598953" r12="0" r13="-0.9986156" r14="0" r21="0" r22="1" r23="0" r24="0" r31="0.9986156" r32="0" r33="-0.052598953" r34="0" r41="-1286.7136" r42="390.31824" r43="-620.65894" r44="1"></containerEntry>
        </property>
        <property name="colors" type="UInt32" container="DynamicArray" arraySize="2">
          <containerEntry>4294967295</containerEntry>
          <containerEntry>4294967295</containerEntry>
        </property>
      </staticProperties>
      <dynamicProperties></dynamicProperties>
    </entity>
    <entity class="StaticModelArray" classVersion="4" classID="0xD0" addr="0x3352700" id="0x0">
      <staticProperties>
        <property name="name" type="String" container="StaticArray" arraySize="1">
          <containerEntry>StaticModelArray0002</containerEntry>
        </property>
        <property name="dataSet" type="EntityHandle" container="StaticArray" arraySize="1">
          <containerEntry>0x3353CE0</containerEntry>
        </property>
        <property name="modelFile" type="FilePtr" container="StaticArray" arraySize="1">
          <containerEntry>/Assets/tpp/environ/object/afghanistan/rock/afgh_rock001/scenes/afgh_rock001.fmdl</containerEntry>
        </property>
        <property name="geomFile" type="FilePtr" container="StaticArray" arraySize="1">
          <containerEntry>/Assets/tpp/environ/object/afghanistan/rock/afgh_rock001/scenes/afgh_rock001.geom</containerEntry>
        </property>
        <property name="isVisibleGeom" type="Bool" container="StaticArray" arraySize="1">
          <containerEntry>false</containerEntry>
        </property>
        <property name="lodFarSize" type="Float" container="StaticArray" arraySize="1">
          <containerEntry>-1</containerEntry>
        </property>
        <property name="lodNearSize" type="Float" container="StaticArray" arraySize="1">
          <containerEntry>-1</containerEntry>
        </property>
        <property name="lodPolygonSize" type="Float" container="StaticArray" arraySize="1">
          <containerEntry>-1</containerEntry>
        </property>
        <property name="drawRejectionLevel" type="Int32" container="StaticArray" arraySize="1">
          <containerEntry>8</containerEntry>
        </property>
        <property name="drawMode" type="Int32" container="StaticArray" arraySize="1">
          <containerEntry>0</containerEntry>
        </property>
        <property name="rejectFarRangeShadowCast" type="Int32" container="StaticArray" arraySize="1">
          <containerEntry>2</containerEntry>
        </property>
        <property name="parentLocator" type="EntityLink" container="StaticArray" arraySize="1">
          <containerEntry packagePathHash="0xB8A0BF169F98" archivePathHash="0xB8A0BF169F98" nameInArchiveHash="0xB8A0BF169F98">0x0</containerEntry>
        </property>
        <property name="transforms" type="Matrix4" container="DynamicArray" arraySize="54">
          <containerEntry r11="0.9001951" r12="0.100287005" r13="-0.42378202" r14="0" r21="-0.21318693" r22="0.9500286" r23="-0.22802837" r24="0" r31="0.37973675" r32="0.29561484" r33="0.876591" r34="0" r41="-1361.4683" r42="382.28125" r43="-619.1279" r44="1"></containerEntry>
          <containerEntry r11="-0.93418354" r12="-0.3540933" r13="0.043782633" r14="0" r21="-0.34869942" r22="0.88011813" r23="-0.32218137" r24="0" r31="0.075548664" r32="-0.31624407" r33="-0.9456638" r34="0" r41="-1376" r42="381.47665" r43="-638" r44="1"></containerEntry>
          <containerEntry r11="0.4561782" r12="-0.34397817" r13="-0.82071865" r14="0" r21="0.16711271" r22="0.93897754" r23="-0.3006569" r24="0" r31="0.8740558" r32="7.8976075e-07" r33="0.48582414" r34="0" r41="-1355.193" r42="383.3027" r43="-624.0225" r44="1"></containerEntry>
          <containerEntry r11="0.47666496" r12="0.19326384" r13="-0.85757864" r14="0" r21="-0.093893394" r22="0.9811468" r23="0.16892269" r24="0" r31="0.8740572" r32="1.5199199e-06" r33="0.48582453" r34="0" r41="-1384.6632" r42="381.9785" r43="-611.0228" r44="1"></containerEntry>
          <containerEntry r11="0.3587224" r12="0.6743813" r13="-0.6453904" r14="0" r21="-0.32763165" r22="0.7383834" r23="0.5894469" r24="0" r31="0.8740574" r32="2.1755695e-06" r33="0.48582312" r34="0" r41="-1379.1213" r42="380.617" r43="-620.9202" r44="1"></containerEntry>
          <containerEntry r11="0.96257615" r12="-0.10618203" r13="-0.24934433" r14="0" r21="0.09424726" r22="0.9937776" r23="-0.05936032" r24="0" r31="0.2540958" r32="0.03363883" r33="0.9665939" r34="0" r41="-1378.7705" r42="381.75787" r43="-619.6484" r44="1"></containerEntry>
          <containerEntry r11="0.4561782" r12="-0.34397817" r13="-0.82071865" r14="0" r21="0.16711271" r22="0.93897754" r23="-0.3006569" r24="0" r31="0.8740558" r32="7.8976075e-07" r33="0.48582414" r34="0" r41="-1364.7313" r42="386.54388" r43="-565.2732" r44="1"></containerEntry>
          <containerEntry r11="0.4561782" r12="-0.34397817" r13="-0.82071865" r14="0" r21="0.16711271" r22="0.93897754" r23="-0.3006569" r24="0" r31="0.8740558" r32="7.8976075e-07" r33="0.48582414" r34="0" r41="-1377.0251" r42="386.38477" r43="-552.10266" r44="1"></containerEntry>
          <containerEntry r11="0.4561782" r12="-0.34397817" r13="-0.82071865" r14="0" r21="0.16711271" r22="0.93897754" r23="-0.3006569" r24="0" r31="0.8740558" r32="7.8976075e-07" r33="0.48582414" r34="0" r41="-1369.6617" r42="389.47635" r43="-523.58746" r44="1"></containerEntry>
          <containerEntry r11="0.4561782" r12="-0.34397817" r13="-0.82071865" r14="0" r21="0.16711271" r22="0.93897754" r23="-0.3006569" r24="0" r31="0.8740558" r32="7.8976075e-07" r33="0.48582414" r34="0" r41="-1406.4359" r42="389.20114" r43="-548.227" r44="1"></containerEntry>
          <containerEntry r11="0.94911015" r12="-0.070643455" r13="0.3069161" r14="0" r21="0.16711344" r22="0.93897736" r23="-0.3006571" r24="0" r31="-0.2669478" r32="0.33664647" r33="0.9029984" r34="0" r41="-1407.7875" r42="388.51642" r43="-550.8488" r44="1"></containerEntry>
          <containerEntry r11="-0.066337444" r12="0.31496134" r13="0.94677955" r14="0" r21="0.16711302" r22="0.93897754" r23="-0.30065656" r24="0" r31="-0.9837" r32="0.13827431" r33="-0.11492349" r34="0" r41="-1407.7257" r42="391.51486" r43="-532.3966" r44="1"></containerEntry>
          <containerEntry r11="-0.97635984" r12="0.2000123" r13="0.08196859" r14="0" r21="0.16711324" r22="0.9389771" r23="-0.30065802" r24="0" r31="-0.1371019" r32="-0.27985206" r33="-0.95020425" r34="0" r41="-1396.0848" r42="390.50867" r43="-532.4175" r44="1"></containerEntry>
          <containerEntry r11="-0.33469397" r12="-0.23280963" r13="-0.9131124" r14="0" r21="0.16711444" r22="0.9389767" r23="-0.30065846" r24="0" r31="0.9273874" r32="-0.2532231" r33="-0.2753639" r34="0" r41="-1402.0983" r42="392.5917" r43="-525.3442" r44="1"></containerEntry>
          <containerEntry r11="-0.066337444" r12="0.31496134" r13="0.94677955" r14="0" r21="0.16711302" r22="0.93897754" r23="-0.30065656" r24="0" r31="-0.9837" r32="0.13827431" r33="-0.11492349" r34="0" r41="-1404.5009" r42="390.6627" r43="-534.80365" r44="1"></containerEntry>
          <containerEntry r11="0.9001951" r12="0.100287005" r13="-0.42378202" r14="0" r21="-0.21318693" r22="0.9500286" r23="-0.22802837" r24="0" r31="0.37973675" r32="0.29561484" r33="0.876591" r34="0" r41="-1340.2135" r42="382.94992" r43="-614.8389" r44="1"></containerEntry>
          <containerEntry r11="0.9001951" r12="0.100287005" r13="-0.42378202" r14="0" r21="-0.21318693" r22="0.9500286" r23="-0.22802837" r24="0" r31="0.37973675" r32="0.29561484" r33="0.876591" r34="0" r41="-1344.8582" r42="384.44736" r43="-596.92596" r44="1"></containerEntry>
          <containerEntry r11="0.9001951" r12="0.100287005" r13="-0.42378202" r14="0" r21="-0.21318693" r22="0.9500286" r23="-0.22802837" r24="0" r31="0.37973675" r32="0.29561484" r33="0.876591" r34="0" r41="-1353.4282" r42="385.4651" r43="-572.50726" r44="1"></containerEntry>
          <containerEntry r11="0.8895291" r12="-0.09646311" r13="-0.44657877" r14="0" r21="0.21611223" r22="0.9500286" r23="0.22525766" r24="0" r31="0.4025335" r32="-0.29688445" r33="0.865925" r34="0" r41="-1325.3813" r42="382.49023" r43="-613.3575" r44="1"></containerEntry>
          <containerEntry r11="0.853114" r12="-0.17944601" r13="-0.4898933" r14="0" r21="0.41351512" r22="0.8051174" r23="0.42519513" r24="0" r31="0.31812188" r32="-0.5653183" r33="0.76106066" r34="0" r41="-1342.2742" r42="382.5644" r43="-613.885" r44="1"></containerEntry>
          <containerEntry r11="0.8895291" r12="-0.09646311" r13="-0.44657877" r14="0" r21="0.21611223" r22="0.9500286" r23="0.22525766" r24="0" r31="0.4025335" r32="-0.29688445" r33="0.865925" r34="0" r41="-1323.2762" r42="385.43164" r43="-587.9054" r44="1"></containerEntry>
          <containerEntry r11="0.8895295" r12="-0.09646264" r13="-0.44657838" r14="0" r21="-0.22486627" r22="0.75843304" r23="-0.61173093" r24="0" r31="0.397709" r32="0.6445731" r33="0.65295744" r34="0" r41="-1324.9833" r42="384.08194" r43="-595.23566" r44="1"></containerEntry>
          <containerEntry r11="0.8895299" r12="-0.096461095" r13="-0.44657823" r14="0" r21="0.10933435" r22="0.9939993" r23="0.003076556" r24="0" r31="0.44360167" r32="-0.051562987" r33="0.89473855" r34="0" r41="-1326.3733" r42="386.1744" r43="-584.4134" r44="1"></containerEntry>
          <containerEntry r11="0.88952947" r12="-0.09646125" r13="-0.44657883" r14="0" r21="-0.26262265" r22="-0.9077909" r23="-0.327029" r24="0" r31="-0.37385216" r32="0.4081834" r33="-0.8328408" r34="0" r41="-1317.6067" r42="385.83682" r43="-581.90985" r44="1"></containerEntry>
          <containerEntry r11="0.8895289" r12="-0.09646132" r13="-0.44657984" r14="0" r21="0.17577827" r22="-0.8299601" r23="0.52939886" r24="0" r31="-0.42171106" r32="-0.54941577" r33="-0.7213191" r34="0" r41="-1313.2175" r42="383.94022" r43="-608.2535" r44="1"></containerEntry>
          <containerEntry r11="0.8895287" r12="-0.0964628" r13="-0.4465799" r14="0" r21="0.45040357" r22="0.021159768" r23="0.8925742" r24="0" r31="-0.07665071" r32="-0.9951116" r33="0.062269405" r34="0" r41="-1313.4844" r42="383.1552" r43="-610.886" r44="1"></containerEntry>
          <containerEntry r11="0.88952976" r12="-0.096462905" r13="-0.44657764" r14="0" r21="0.3053774" r22="0.8525663" r23="0.42411694" r24="0" r31="0.33982542" r32="-0.5136394" r33="0.7878407" r34="0" r41="-1306.1099" r42="386.72366" r43="-612.76953" r44="1"></containerEntry>
          <containerEntry r11="0.9001951" r12="0.10028732" r13="-0.42378178" r14="0" r21="-0.10026123" r22="0.9947085" r23="0.022421852" r24="0" r31="0.42378798" r32="0.022304885" r33="0.90548664" r34="0" r41="-1324.9967" r42="382.175" r43="-618.2166" r44="1"></containerEntry>
          <containerEntry r11="0.9001951" r12="0.10028779" r13="-0.42378208" r14="0" r21="0.020431556" r22="0.9623247" r23="0.27113432" r24="0" r31="0.43500742" r32="-0.25273234" r33="0.86423093" r34="0" r41="-1336.018" r42="382.91403" r43="-624.3848" r44="1"></containerEntry>
          <containerEntry r11="0.9001951" r12="0.10028779" r13="-0.42378208" r14="0" r21="0.020431556" r22="0.9623247" r23="0.27113432" r24="0" r31="0.43500742" r32="-0.25273234" r33="0.86423093" r34="0" r41="-1346.7137" r42="383.03244" r43="-630.5105" r44="1"></containerEntry>
          <containerEntry r11="0.8895289" r12="-0.09646132" r13="-0.44657984" r14="0" r21="0.17577827" r22="-0.8299601" r23="0.52939886" r24="0" r31="-0.42171106" r32="-0.54941577" r33="-0.7213191" r34="0" r41="-1305.8468" r42="385.50436" r43="-586.3171" r44="1"></containerEntry>
          <containerEntry r11="0.8895289" r12="-0.09646132" r13="-0.44657984" r14="0" r21="0.17577827" r22="-0.8299601" r23="0.52939886" r24="0" r31="-0.42171106" r32="-0.54941577" r33="-0.7213191" r34="0" r41="-1302.6924" r42="385.86365" r43="-589.59064" r44="1"></containerEntry>
          <containerEntry r11="0.9001951" r12="0.100287005" r13="-0.42378202" r14="0" r21="-0.21318693" r22="0.9500286" r23="-0.22802837" r24="0" r31="0.37973675" r32="0.29561484" r33="0.876591" r34="0" r41="-1338.1794" r42="382.71085" r43="-604.17377" r44="1"></containerEntry>
          <containerEntry r11="0.9001951" r12="0.100287005" r13="-0.42378202" r14="0" r21="-0.21318693" r22="0.9500286" r23="-0.22802837" r24="0" r31="0.37973675" r32="0.29561484" r33="0.876591" r34="0" r41="-1360.9526" r42="383.08157" r43="-596.9021" r44="1"></containerEntry>
          <containerEntry r11="0.88952947" r12="-0.09646125" r13="-0.44657883" r14="0" r21="-0.26262265" r22="-0.9077909" r23="-0.327029" r24="0" r31="-0.37385216" r32="0.4081834" r33="-0.8328408" r34="0" r41="-1308.0195" r42="387.7229" r43="-562.07495" r44="1"></containerEntry>
          <containerEntry r11="0.8895295" r12="-0.09646022" r13="-0.4465787" r14="0" r21="0.023299677" r22="-0.9666021" r23="0.25519457" r24="0" r31="-0.45628303" r32="-0.23740828" r33="-0.8575734" r34="0" r41="-1320.3138" r42="389.05106" r43="-564.04694" r44="1"></containerEntry>
          <containerEntry r11="0.8895297" r12="-0.09646044" r13="-0.44657832" r14="0" r21="0.29933575" r22="-0.6153893" r23="0.7291638" r24="0" r31="-0.34515598" r32="-0.7822896" r33="-0.5185326" r34="0" r41="-1304.0739" r42="388.32407" r43="-560.72253" r44="1"></containerEntry>
