<fox formatVersion="2" fileVersion="0">
  <entities>
    <entity class="DataSet" classVersion="0" classID="0xE8" addr="0x2EF4AE0" id="0xEB7A5B">
      <staticProperties>
        <property name="name" type="String" container="StaticArray" arraySize="1">
          <containerEntry hash="0xB8A0BF169F98"></containerEntry>
        </property>
        <property name="dataSet" type="EntityHandle" container="StaticArray" arraySize="1">
          <containerEntry>0x0</containerEntry>
        </property>
        <property name="dataList" type="EntityPtr" container="StringMap" arraySize="6">
          <containerEntry key="StaticModelArray0000">
            <data>0x2D7C640</data>
          </containerEntry>
          <containerEntry key="StaticModelArray0001">
            <data>0x2D7C6B0</data>
          </containerEntry>
          <containerEntry key="StaticModelArray0002">
            <data>0x2D7C720</data>
          </containerEntry>
          <containerEntry key="StaticModelArray0003">
            <data>0x2D7C790</data>
          </containerEntry>
          <containerEntry key="StaticModelArray0004">
            <data>0x2D7C800</data>
          </containerEntry>
          <containerEntry key="TexturePackLoadConditioner0000">
            <data>0x2D7CD40</data>
          </containerEntry>
        </property>
      </staticProperties>
      <dynamicProperties></dynamicProperties>
    </entity>
    <entity class="StaticModelArray" classVersion="4" classID="0xD0" addr="0x2D7C640" id="0x0">
      <staticProperties>
        <property name="name" type="String" container="StaticArray" arraySize="1">
          <containerEntry>StaticModelArray0000</containerEntry>
        </property>
        <property name="dataSet" type="EntityHandle" container="StaticArray" arraySize="1">
          <containerEntry>0x2EF4AE0</containerEntry>
        </property>
        <property name="modelFile" type="FilePtr" container="StaticArray" arraySize="1">
          <containerEntry>/Assets/tpp/environ/object/middle_africa/rock/mafr_rock011/scenes/mafr_rock011.fmdl</containerEntry>
        </property>
        <property name="geomFile" type="FilePtr" container="StaticArray" arraySize="1">
          <containerEntry>/Assets/tpp/environ/object/middle_africa/rock/mafr_rock011/scenes/mafr_rock011.geom</containerEntry>
        </property>
        <property name="isVisibleGeom" type="Bool" container="StaticArray" arraySize="1">
          <containerEntry>false</containerEntry>
        </property>
        <property name="lodFarSize" type="Float" container="StaticArray" arraySize="1">
          <containerEntry>-1</containerEntry>
        </property>
        <property name="lodNearSize" type="Float" container="StaticArray" arraySize="1">
          <containerEntry>-1</containerEntry>
        </property>
        <property name="lodPolygonSize" type="Float" container="StaticArray" arraySize="1">
          <containerEntry>-1</containerEntry>
        </property>
        <property name="drawRejectionLevel" type="Int32" container="StaticArray" arraySize="1">
          <containerEntry>8</containerEntry>
        </property>
        <property name="drawMode" type="Int32" container="StaticArray" arraySize="1">
          <containerEntry>0</containerEntry>
        </property>
        <property name="rejectFarRangeShadowCast" type="Int32" container="StaticArray" arraySize="1">
          <containerEntry>2</containerEntry>
        </property>
        <property name="parentLocator" type="EntityLink" container="StaticArray" arraySize="1">
          <containerEntry packagePathHash="0xB8A0BF169F98" archivePathHash="0xB8A0BF169F98" nameInArchiveHash="0xB8A0BF169F98">0x0</containerEntry>
        </property>
        <property name="transforms" type="Matrix4" container="DynamicArray" arraySize="3">
          <containerEntry r11="-0.14011669" r12="0.07755166" r13="-0.9870914" r14="0" r21="0.013888482" r22="0.99698377" r23="0.07635727" r24="0" r31="0.9900358" r32="-0.0030101538" r33="-0.14077115" r34="0" r41="1028.7719" r42="51.569878" r43="-965.9856" r44="1"></containerEntry>
          <containerEntry r11="-0.2908163" r12="0" r13="-0.9567771" r14="0" r21="0" r22="1" r23="0" r24="0" r31="0.9567771" r32="0" r33="-0.2908163" r34="0" r41="1033.4701" r42="48.427788" r43="-934.7571" r44="1"></containerEntry>
          <containerEntry r11="0.0034047961" r12="0" r13="-0.99999344" r14="0" r21="0" r22="1" r23="0" r24="0" r31="0.99999344" r32="0" r33="0.0034047961" r34="0" r41="1034.2482" r42="48.427788" r43="-926.0341" r44="1"></containerEntry>
        </property>
        <property name="colors" type="UInt32" container="DynamicArray" arraySize="3">
          <containerEntry>4294967295</containerEntry>
          <containerEntry>4294967295</containerEntry>
          <containerEntry>4294967295</containerEntry>
        </property>
      </staticProperties>
      <dynamicProperties></dynamicProperties>
    </entity>
    <entity class="StaticModelArray" classVersion="4" classID="0xD0" addr="0x2D7C6B0" id="0x0">
      <staticProperties>
        <property name="name" type="String" container="StaticArray" arraySize="1">
          <containerEntry>StaticModelArray0001</containerEntry>
        </property>
        <property name="dataSet" type="EntityHandle" container="StaticArray" arraySize="1">
          <containerEntry>0x2EF4AE0</containerEntry>
        </property>
        <property name="modelFile" type="FilePtr" container="StaticArray" arraySize="1">
          <containerEntry>/Assets/tpp/environ/object/middle_africa/cliff/mafr_clff015/scenes/mafr_clff015_grnd002.fmdl</containerEntry>
        </property>
        <property name="geomFile" type="FilePtr" container="StaticArray" arraySize="1">
          <containerEntry>/Assets/tpp/environ/object/middle_africa/cliff/mafr_clff015/scenes/mafr_clff015_grnd002.geom</containerEntry>
        </property>
        <property name="isVisibleGeom" type="Bool" container="StaticArray" arraySize="1">
          <containerEntry>false</containerEntry>
        </property>
        <property name="lodFarSize" type="Float" container="StaticArray" arraySize="1">
          <containerEntry>-1</containerEntry>
        </property>
        <property name="lodNearSize" type="Float" container="StaticArray" arraySize="1">
          <containerEntry>-1</containerEntry>
        </property>
        <property name="lodPolygonSize" type="Float" container="StaticArray" arraySize="1">
          <containerEntry>-1</containerEntry>
        </property>
        <property name="drawRejectionLevel" type="Int32" container="StaticArray" arraySize="1">
          <containerEntry>8</containerEntry>
        </property>
        <property name="drawMode" type="Int32" container="StaticArray" arraySize="1">
          <containerEntry>0</containerEntry>
        </property>
        <property name="rejectFarRangeShadowCast" type="Int32" container="StaticArray" arraySize="1">
          <containerEntry>2</containerEntry>
        </property>
        <property name="parentLocator" type="EntityLink" container="StaticArray" arraySize="1">
          <containerEntry packagePathHash="0xB8A0BF169F98" archivePathHash="0xB8A0BF169F98" nameInArchiveHash="0xB8A0BF169F98">0x0</containerEntry>
        </property>
        <property name="transforms" type="Matrix4" container="DynamicArray" arraySize="2">
          <containerEntry r11="-0.61950445" r12="-0.16915122" r13="1.1469544" r14="0" r21="-0.29909393" r22="1.1311121" r23="0.005263877" r24="0" r31="-0.98761684" r32="-0.258491" r33="-0.5715633" r34="0" r41="1134.8856" r42="73.81822" r43="-934.302" r44="1"></containerEntry>
          <containerEntry r11="0.29149112" r12="-0.044718847" r13="1.2809913" r14="0" r21="-0.22475025" r22="1.1445909" r23="0.091098346" r24="0" r31="-1.1185106" r32="-0.2392223" r33="0.24616742" r34="0" r41="1133.8385" r42="73.23681" r43="-923.95764" r44="1"></containerEntry>
        </property>
        <property name="colors" type="UInt32" container="DynamicArray" arraySize="2">
          <containerEntry>4294967295</containerEntry>
          <containerEntry>4294967295</containerEntry>
        </property>
      </staticProperties>
      <dynamicProperties></dynamicProperties>
    </entity>
    <entity class="StaticModelArray" classVersion="4" classID="0xD0" addr="0x2D7C720" id="0x0">
      <staticProperties>
        <property name="name" type="String" container="StaticArray" arraySize="1">
          <containerEntry>StaticModelArray0002</containerEntry>
        </property>
        <property name="dataSet" type="EntityHandle" container="StaticArray" arraySize="1">
          <containerEntry>0x2EF4AE0</containerEntry>
        </property>
        <property name="modelFile" type="FilePtr" container="StaticArray" arraySize="1">
          <containerEntry>/Assets/tpp/environ/object/middle_africa/rock/mafr_rock010/scenes/mafr_rock010.fmdl</containerEntry>
        </property>
        <property name="geomFile" type="FilePtr" container="StaticArray" arraySize="1">
          <containerEntry>/Assets/tpp/environ/object/middle_africa/rock/mafr_rock010/scenes/mafr_rock010.geom</containerEntry>
        </property>
        <property name="isVisibleGeom" type="Bool" container="StaticArray" arraySize="1">
          <containerEntry>false</containerEntry>
        </property>
        <property name="lodFarSize" type="Float" container="StaticArray" arraySize="1">
          <containerEntry>-1</containerEntry>
        </property>
        <property name="lodNearSize" type="Float" container="StaticArray" arraySize="1">
          <containerEntry>-1</containerEntry>
        </property>
        <property name="lodPolygonSize" type="Float" container="StaticArray" arraySize="1">
          <containerEntry>-1</containerEntry>
        </property>
        <property name="drawRejectionLevel" type="Int32" container="StaticArray" arraySize="1">
          <containerEntry>8</containerEntry>
        </property>
        <property name="drawMode" type="Int32" container="StaticArray" arraySize="1">
          <containerEntry>0</containerEntry>
        </property>
        <property name="rejectFarRangeShadowCast" type="Int32" container="StaticArray" arraySize="1">
          <containerEntry>2</containerEntry>
        </property>
        <property name="parentLocator" type="EntityLink" container="StaticArray" arraySize="1">
          <containerEntry packagePathHash="0xB8A0BF169F98" archivePathHash="0xB8A0BF169F98" nameInArchiveHash="0xB8A0BF169F98">0x0</containerEntry>
        </property>
        <property name="transforms" type="Matrix4" container="DynamicArray" arraySize="2">
          <containerEntry r11="0.9488132" r12="0.3137604" r13="-0.036166094" r14="0" r21="-0.27639687" r22="0.8802769" r23="0.38563892" r24="0" r31="0.15283439" r32="-0.35590312" r33="0.9219407" r34="0" r41="1081.7588" r42="79.756096" r43="-1023.60645" r44="1"></containerEntry>
          <containerEntry r11="0.915086" r12="0.4032587" r13="0" r14="0" r21="-0.4032587" r22="0.915086" r23="0" r24="0" r31="0" r32="0" r33="1" r34="0" r41="1051.272" r42="66.09642" r43="-969.8152" r44="1"></containerEntry>
        </property>
        <property name="colors" type="UInt32" container="DynamicArray" arraySize="2">
          <containerEntry>4294967295</containerEntry>
          <containerEntry>4294967295</containerEntry>
        </property>
      </staticProperties>
      <dynamicProperties></dynamicProperties>
    </entity>
    <entity class="StaticModelArray" classVersion="4" classID="0xD0" addr="0x2D7C790" id="0x0">
      <staticProperties>
        <property name="name" type="String" container="StaticArray" arraySize="1">
          <containerEntry>StaticModelArray0003</containerEntry>
        </property>
        <property name="dataSet" type="EntityHandle" container="StaticArray" arraySize="1">
          <containerEntry>0x2EF4AE0</containerEntry>
        </property>
        <property name="modelFile" type="FilePtr" container="StaticArray" arraySize="1">
          <containerEntry>/Assets/tpp/environ/object/middle_africa/cliff/mafr_clff003/scenes/mafr_clff003_vrtn001.fmdl</containerEntry>
        </property>
        <property name="geomFile" type="FilePtr" container="StaticArray" arraySize="1">
          <containerEntry>/Assets/tpp/environ/object/middle_africa/cliff/mafr_clff003/scenes/mafr_clff003_vrtn001.geom</containerEntry>
        </property>
        <property name="isVisibleGeom" type="Bool" container="StaticArray" arraySize="1">
          <containerEntry>false</containerEntry>
        </property>
        <property name="lodFarSize" type="Float" container="StaticArray" arraySize="1">
          <containerEntry>-1</containerEntry>
        </property>
        <property name="lodNearSize" type="Float" container="StaticArray" arraySize="1">
          <containerEntry>-1</containerEntry>
        </property>
        <property name="lodPolygonSize" type="Float" container="StaticArray" arraySize="1">
          <containerEntry>-1</containerEntry>
        </property>
        <property name="drawRejectionLevel" type="Int32" container="StaticArray" arraySize="1">
          <containerEntry>8</containerEntry>
        </property>
        <property name="drawMode" type="Int32" container="StaticArray" arraySize="1">
          <containerEntry>0</containerEntry>
        </property>
        <property name="rejectFarRangeShadowCast" type="Int32" container="StaticArray" arraySize="1">
          <containerEntry>2</containerEntry>
        </property>
        <property name="parentLocator" type="EntityLink" container="StaticArray" arraySize="1">
          <containerEntry packagePathHash="0xB8A0BF169F98" archivePathHash="0xB8A0BF169F98" nameInArchiveHash="0xB8A0BF169F98">0x0</containerEntry>
        </property>
        <property name="transforms" type="Matrix4" container="DynamicArray" arraySize="18">
          <containerEntry r11="0.88067836" r12="0.3723214" r13="0.292886" r14="0" r21="-0.36604062" r22="0.9273103" r23="-0.078164876" r24="0" r31="-0.30069867" r32="-0.038370192" r33="0.952947" r34="0" r41="1118.6512" r42="86.611374" r43="-1021.4588" r44="1"></containerEntry>
          <containerEntry r11="-0.72971" r12="-0.06661433" r13="-0.6804938" r14="0" r21="-0.650876" r22="0.3725489" r23="0.6614852" r24="0" r31="0.20945092" r32="0.9256159" r33="-0.31520605" r34="0" r41="1086.5776" r42="77.25549" r43="-1021.3071" r44="1"></containerEntry>
          <containerEntry r11="-0.52546275" r12="-0.062132984" r13="-0.848541" r14="0" r21="-0.81983054" r22="0.30366564" r23="0.48545045" r24="0" r31="0.2275089" r32="0.950749" r33="-0.21050131" r34="0" r41="1095.2955" r42="81.053764" r43="-1022.8728" r44="1"></containerEntry>
          <containerEntry r11="-0.41786793" r12="-0.12550887" r13="-0.8997903" r14="0" r21="-0.8752663" r22="0.3210549" r23="0.36170042" r24="0" r31="0.24348283" r32="0.9387044" r33="-0.24400878" r34="0" r41="1085.0085" r42="73.23157" r43="-1006.2432" r44="1"></containerEntry>
          <containerEntry r11="-0.36828813" r12="-0.0002643168" r13="-0.92970896" r14="0" r21="-0.8177873" r22="0.47577673" r23="0.32381862" r24="0" r31="0.4422474" r32="0.87956494" r33="-0.17543775" r34="0" r41="1117.7513" r42="81.55189" r43="-996.9834" r44="1"></containerEntry>
          <containerEntry r11="0.36546913" r12="-0.13671923" r13="0.92072713" r14="0" r21="0.36348104" r22="0.9315825" r23="-0.005946994" r24="0" r31="-0.8569201" r32="0.33684075" r33="0.3901596" r34="0" r41="1113.3894" r42="79.580795" r43="-995.3358" r44="1"></containerEntry>
          <containerEntry r11="0.050305963" r12="0.048524648" r13="-0.9975535" r14="0" r21="-0.85356796" r22="0.52067935" r23="-0.017716438" r24="0" r31="0.51854545" r32="0.8523717" r33="0.06761277" r34="0" r41="1111.1876" r42="77.983025" r43="-989.65857" r44="1"></containerEntry>
          <containerEntry r11="-0.0051720142" r12="-0.044861257" r13="-0.99897754" r14="0" r21="-0.9615802" r22="0.27441978" r23="-0.007342726" r24="0" r31="0.2744669" r32="0.9605613" r33="-0.044555426" r34="0" r41="1127.4547" r42="83.85132" r43="-988.76764" r44="1"></containerEntry>
          <containerEntry r11="-0.015960153" r12="-0.2730932" r13="0.9618543" r14="0" r21="0.2205705" r22="0.9373174" r23="0.26978648" r24="0" r31="-0.9752396" r32="0.21646291" r33="0.0452767" r34="0" r41="1110.2152" r42="80.00913" r43="-1003.0188" r44="1"></containerEntry>
          <containerEntry r11="0.22196397" r12="0.026557654" r13="-0.97469175" r14="0" r21="-0.80357766" r22="0.57116354" r23="-0.16743267" r24="0" r31="0.552261" r32="0.82040566" r33="0.14811945" r34="0" r41="1103.7399" r42="71.380035" r43="-954.54694" r44="1"></containerEntry>
          <containerEntry r11="-0.30677116" r12="-0.18230855" r13="-0.9341546" r14="0" r21="-0.9190123" r22="0.31205237" r23="0.24090323" r24="0" r31="0.24758384" r32="0.9324063" r33="-0.26326966" r34="0" r41="1071.9952" r42="68.37718" r43="-991.553" r44="1"></containerEntry>
          <containerEntry r11="0.6606385" r12="-0.17510784" r13="0.7299956" r14="0" r21="0.33200026" r22="0.94030076" r23="-0.074901864" r24="0" r31="-0.67329943" r32="0.29184192" r33="0.67933476" r34="0" r41="1110.8796" r42="83.029945" r43="-1016.40845" r44="1"></containerEntry>
          <containerEntry r11="0.89398056" r12="0.4419765" r13="0.07385674" r14="0" r21="-0.055830196" r22="0.27339768" r23="-0.9602769" r24="0" r31="-0.44461337" r32="0.854345" r33="0.2690882" r34="0" r41="1043.7471" r42="61.07279" r43="-968.6815" r44="1"></containerEntry>
          <containerEntry r11="0.98789316" r12="0.15455286" r13="-0.013433486" r14="0" r21="-0.055829864" r22="0.27339762" r23="-0.96027714" r24="0" r31="-0.1447414" r32="0.9494012" r33="0.27871633" r34="0" r41="1044.4915" r42="63.516754" r43="-965.6333" r44="1"></containerEntry>
          <containerEntry r11="-0.1829313" r12="-0.06214568" r13="-0.98115516" r14="0" r21="-0.95568264" r22="0.24538165" r23="0.16264361" r24="0" r31="0.23064712" r32="0.9674297" r33="-0.10427648" r34="0" r41="1045.8722" r42="62.677025" r43="-1018.8034" r44="1"></containerEntry>
          <containerEntry r11="0.61902905" r12="-0.0956453" r13="0.77952105" r14="0" r21="0.2717356" r22="0.95733565" r23="-0.098325916" r24="0" r31="-0.7368588" r32="0.27269068" r33="0.6186089" r34="0" r41="1153.0486" r42="94.668205" r43="-976.1806" r44="1"></containerEntry>
          <containerEntry r11="-0.59919465" r12="-0.067833185" r13="-0.7977175" r14="0" r21="-0.75123256" r22="0.39210856" r23="0.5309391" r24="0" r31="0.2767747" r32="0.9174123" r33="-0.28590465" r34="0" r41="1153.4508" r42="91.9907" r43="-968.63934" r44="1"></containerEntry>
          <containerEntry r11="0.75285983" r12="0.0072978735" r13="0.65813917" r14="0" r21="0.084708974" r22="0.990548" r23="-0.107883826" r24="0" r31="-0.6527057" r32="0.13697179" r33="0.74512565" r34="0" r41="1143.9873" r42="89.36188" r43="-973.2834" r44="1"></containerEntry>
        </property>
        <property name="colors" type="UInt32" container="DynamicArray" arraySize="18">
          <containerEntry>4294967295</containerEntry>
          <containerEntry>4294967295</containerEntry>
          <containerEntry>4294967295</containerEntry>
          <containerEntry>4294967295</containerEntry>
          <containerEntry>4294967295</containerEntry>
          <containerEntry>4294967295</containerEntry>
          <containerEntry>4294967295</containerEntry>
          <containerEntry>4294967295</containerEntry>
          <containerEntry>4294967295</containerEntry>
          <containerEntry>4294967295</containerEntry>
          <containerEntry>4294967295</containerEntry>
          <containerEntry>4294967295</containerEntry>
          <containerEntry>4294967295</containerEntry>
          <containerEntry>4294967295</containerEntry>
          <containerEntry>4294967295</containerEntry>
          <containerEntry>4294967295</containerEntry>
          <containerEntry>4294967295</containerEntry>
          <containerEntry>4294967295</containerEntry>
        </property>
      </staticProperties>
      <dynamicProperties></dynamicProperties>
    </entity>
    <entity class="StaticModelArray" classVersion="4" classID="0xD0" addr="0x2D7C800" id="0x0">
      <staticProperties>
        <property name="name" type="String" container="StaticArray" arraySize="1">
          <containerEntry>StaticModelArray0004</containerEntry>
        </property>
        <property name="dataSet" type="EntityHandle" container="StaticArray" arraySize="1">
          <containerEntry>0x2EF4AE0</containerEntry>
        </property>
        <property name="modelFile" type="FilePtr" container="StaticArray" arraySize="1">
          <containerEntry>/Assets/tpp/environ/object/middle_africa/cliff/mafr_clff003/scenes/mafr_clff003.fmdl</containerEntry>
        </property>
        <property name="geomFile" type="FilePtr" container="StaticArray" arraySize="1">
          <containerEntry>/Assets/tpp/environ/object/middle_africa/cliff/mafr_clff003/scenes/mafr_clff003.geom</containerEntry>
        </property>
        <property name="isVisibleGeom" type="Bool" container="StaticArray" arraySize="1">
          <containerEntry>false</containerEntry>
        </property>
        <property name="lodFarSize" type="Float" container="StaticArray" arraySize="1">
          <containerEntry>-1</containerEntry>
        </property>
        <property name="lodNearSize" type="Float" container="StaticArray" arraySize="1">
          <containerEntry>-1</containerEntry>
        </property>
        <property name="lodPolygonSize" type="Float" container="StaticArray" arraySize="1">
          <containerEntry>-1</containerEntry>
        </property>
        <property name="drawRejectionLevel" type="Int32" container="StaticArray" arraySize="1">
          <containerEntry>8</containerEntry>
        </property>
        <property name="drawMode" type="Int32" container="StaticArray" arraySize="1">
          <containerEntry>0</containerEntry>
        </property>
        <property name="rejectFarRangeShadowCast" type="Int32" container="StaticArray" arraySize="1">
          <containerEntry>2</containerEntry>
        </property>
        <property name="parentLocator" type="EntityLink" container="StaticArray" arraySize="1">
          <containerEntry packagePathHash="0xB8A0BF169F98" archivePathHash="0xB8A0BF169F98" nameInArchiveHash="0xB8A0BF169F98">0x0</containerEntry>
        </property>
        <property name="transforms" type="Matrix4" container="DynamicArray" arraySize="5">
          <containerEntry r11="0.014813185" r12="0" r13="0.99988925" r14="0" r21="0" r22="1" r23="0" r24="0" r31="-0.99988925" r32="0" r33="0.014813185" r34="0" r41="1140.692" r42="90.51094" r43="-900.5773" r44="1"></containerEntry>
          <containerEntry r11="0.15444644" r12="0.016136069" r13="0.9878694" r14="0" r21="-0.0024926085" r22="0.9998698" r23="-0.015942384" r24="0" r31="-0.987998" r32="-1.2759119e-07" r33="0.15446657" r34="0" r41="1050.5609" r42="74.339836" r43="-929.2212" r44="1"></containerEntry>
          <containerEntry r11="0.014813185" r12="0" r13="0.99988925" r14="0" r21="0" r22="1" r23="0" r24="0" r31="-0.99988925" r32="0" r33="0.014813185" r34="0" r41="1139.9031" r42="90.77351" r43="-953.8345" r44="1"></containerEntry>
          <containerEntry r11="0.4025073" r12="-0.02311084" r13="0.91512305" r14="0" r21="0.02399163" r22="0.9996042" r23="0.014691892" r24="0" r31="-0.9151004" r32="0.016041793" r33="0.40290248" r34="0" r41="1147.7554" r42="99.70875" r43="-997.47546" r44="1"></containerEntry>
          <containerEntry r11="-0.0070106313" r12="0.058824934" r13="0.9982444" r14="0" r21="0.00011298247" r22="0.99826825" r23="-0.058825586" r24="0" r31="-0.99997616" r32="-0.0002995804" r33="-0.007005155" r34="0" r41="1046.067" r42="68.67888" r43="-983.2679" r44="1"></containerEntry>
        </property>
        <property name="colors" type="UInt32" container="DynamicArray" arraySize="5">
          <containerEntry>4294967295</containerEntry>
          <containerEntry>4294967295</containerEntry>
          <containerEntry>4294967295</containerEntry>
          <containerEntry>4294967295</containerEntry>
          <containerEntry>4294967295</containerEntry>
        </property>
      </staticProperties>
      <dynamicProperties></dynamicProperties>
    </entity>
    <entity class="TexturePackLoadConditioner" classVersion="0" classID="0x48" addr="0x2D7CD40" id="0x0">
      <staticProperties>
        <property name="name" type="String" container="StaticArray" arraySize="1">
          <containerEntry>TexturePackLoadConditioner0000</containerEntry>
        </property>
        <property name="dataSet" type="EntityHandle" container="StaticArray" arraySize="1">
          <containerEntry>0x2EF4AE0</containerEntry>
        </property>
        <property name="texturePackPath" type="Path" container="StaticArray" arraySize="1">
          <containerEntry hash="0xB8A0BF169F98"></containerEntry>
        </property>
      </staticProperties>
      <dynamicProperties></dynamicProperties>
    </entity>
  </entities>
</fox>