<fox formatVersion="2" fileVersion="0">
  <entities>
    <entity class="DataSet" classVersion="0" classID="0xE8" addr="0x2F73420" id="0x15D93B7">
      <staticProperties>
        <property name="name" type="String" container="StaticArray" arraySize="1">
          <containerEntry hash="0xB8A0BF169F98"></containerEntry>
        </property>
        <property name="dataSet" type="EntityHandle" container="StaticArray" arraySize="1">
          <containerEntry>0x0</containerEntry>
        </property>
        <property name="dataList" type="EntityPtr" container="StringMap" arraySize="16">
          <containerEntry key="afgh_clff022_vrtn004_0011">
            <data>0x2F73B90</data>
          </containerEntry>
          <containerEntry key="afgh_tree012_vrtn001_br_gim_i0000|TppSharedGimmick_afgh_tree012_vrtn001_br">
            <data>0x2F727E0</data>
          </containerEntry>
          <containerEntry key="StaticModelArray0000">
            <data>0x2F75720</data>
          </containerEntry>
          <containerEntry key="StaticModelArray0001">
            <data>0x2F73EA0</data>
          </containerEntry>
          <containerEntry key="StaticModelArray0002">
            <data>0x2F740D0</data>
          </containerEntry>
          <containerEntry key="StaticModelArray0003">
            <data>0x2F756B0</data>
          </containerEntry>
          <containerEntry key="StaticModelArray0004">
            <data>0x2F75330</data>
          </containerEntry>
          <containerEntry key="StaticModelArray0005">
            <data>0x2F72F50</data>
          </containerEntry>
          <containerEntry key="StaticModelArray0006">
            <data>0x2F73D50</data>
          </containerEntry>
          <containerEntry key="StaticModelArray0007">
            <data>0x2F74060</data>
          </containerEntry>
          <containerEntry key="StaticModelArray0008">
            <data>0x2F73FF0</data>
          </containerEntry>
          <containerEntry key="StaticModelArray0009">
            <data>0x2F74290</data>
          </containerEntry>
          <containerEntry key="StaticModelArray0010">
            <data>0x2F74300</data>
          </containerEntry>
          <containerEntry key="StaticModelArray0011">
            <data>0x2F74450</data>
          </containerEntry>
          <containerEntry key="StaticModelArray0012">
            <data>0x2F744C0</data>
          </containerEntry>
          <containerEntry key="TexturePackLoadConditioner0000">
            <data>0x2F75B80</data>
          </containerEntry>
        </property>
      </staticProperties>
      <dynamicProperties></dynamicProperties>
    </entity>
    <entity class="StaticModel" classVersion="9" classID="0x160" addr="0x2F73B90" id="0x15D93DD">
      <staticProperties>
        <property name="name" type="String" container="StaticArray" arraySize="1">
          <containerEntry>afgh_clff022_vrtn004_0011</containerEntry>
        </property>
        <property name="dataSet" type="EntityHandle" container="StaticArray" arraySize="1">
          <containerEntry>0x2F73420</containerEntry>
        </property>
        <property name="parent" type="EntityHandle" container="StaticArray" arraySize="1">
          <containerEntry>0x0</containerEntry>
        </property>
        <property name="transform" type="EntityPtr" container="StaticArray" arraySize="1">
          <containerEntry>0x2F73C00</containerEntry>
        </property>
        <property name="shearTransform" type="EntityPtr" container="StaticArray" arraySize="1">
          <containerEntry>0x0</containerEntry>
        </property>
        <property name="pivotTransform" type="EntityPtr" container="StaticArray" arraySize="1">
          <containerEntry>0x0</containerEntry>
        </property>
        <property name="children" type="EntityHandle" container="List"></property>
        <property name="flags" type="UInt32" container="StaticArray" arraySize="1">
          <containerEntry>3221225479</containerEntry>
        </property>
        <property name="modelFile" type="FilePtr" container="StaticArray" arraySize="1">
          <containerEntry>/Assets/tpp/environ/object/afghanistan/cliff/afgh_clff022/scenes/afgh_clff022_vrtn004.fmdl</containerEntry>
        </property>
        <property name="geomFile" type="FilePtr" container="StaticArray" arraySize="1">
          <containerEntry>/Assets/tpp/environ/object/afghanistan/cliff/afgh_clff022/scenes/afgh_clff022_vrtn004.geom</containerEntry>
        </property>
        <property name="isVisibleGeom" type="Bool" container="StaticArray" arraySize="1">
          <containerEntry>false</containerEntry>
        </property>
        <property name="isIsolated" type="Bool" container="StaticArray" arraySize="1">
          <containerEntry>false</containerEntry>
        </property>
        <property name="lodFarSize" type="Float" container="StaticArray" arraySize="1">
          <containerEntry>-1</containerEntry>
        </property>
        <property name="lodNearSize" type="Float" container="StaticArray" arraySize="1">
          <containerEntry>-1</containerEntry>
        </property>
        <property name="lodPolygonSize" type="Float" container="StaticArray" arraySize="1">
          <containerEntry>-1</containerEntry>
        </property>
        <property name="color" type="Color" container="StaticArray" arraySize="1">
          <containerEntry r="1" g="1" b="1" a="1"></containerEntry>
        </property>
        <property name="drawRejectionLevel" type="Int32" container="StaticArray" arraySize="1">
          <containerEntry>8</containerEntry>
        </property>
        <property name="drawMode" type="Int32" container="StaticArray" arraySize="1">
          <containerEntry>0</containerEntry>
        </property>
        <property name="rejectFarRangeShadowCast" type="Int32" container="StaticArray" arraySize="1">
          <containerEntry>2</containerEntry>
        </property>
      </staticProperties>
      <dynamicProperties></dynamicProperties>
    </entity>
    <entity class="TransformEntity" classVersion="0" classID="0x50" addr="0x2F73C00" id="0x15D93E0">
      <staticProperties>
        <property name="owner" type="EntityHandle" container="StaticArray" arraySize="1">
          <containerEntry>0x2F73B90</containerEntry>
        </property>
        <property name="transform_scale" type="Vector3" container="StaticArray" arraySize="1">
          <containerEntry x="1" y="1" z="1" w="0"></containerEntry>
        </property>
        <property name="transform_rotation_quat" type="Quat" container="StaticArray" arraySize="1">
          <containerEntry x="0.038747" y="-0.838304" z="-0.009537" w="-0.543739"></containerEntry>
        </property>
        <property name="transform_translation" type="Vector3" container="StaticArray" arraySize="1">
          <containerEntry x="1352.0217" y="311.9115" z="1962.0972" w="0"></containerEntry>
        </property>
      </staticProperties>
      <dynamicProperties></dynamicProperties>
    </entity>
    <entity class="TppSharedGimmickData" classVersion="1" classID="0xF0" addr="0x2F727E0" id="0x1432C5">
      <staticProperties>
        <property name="name" type="String" container="StaticArray" arraySize="1">
          <containerEntry>afgh_tree012_vrtn001_br_gim_i0000|TppSharedGimmick_afgh_tree012_vrtn001_br</containerEntry>
        </property>
        <property name="dataSet" type="EntityHandle" container="StaticArray" arraySize="1">
          <containerEntry>0x2F73420</containerEntry>
        </property>
        <property name="modelFile" type="FilePtr" container="StaticArray" arraySize="1">
          <containerEntry>/Assets/tpp/environ/object/afghanistan/tree/afgh_tree012/scenes/afgh_tree012_vrtn001_br.fmdl</containerEntry>
        </property>
        <property name="geomFile" type="FilePtr" container="StaticArray" arraySize="1">
          <containerEntry>/Assets/tpp/environ/object/afghanistan/tree/afgh_tree012/scenes/afgh_tree012_vrtn001_br.geom</containerEntry>
        </property>
        <property name="breakedModelFile" type="FilePtr" container="StaticArray" arraySize="1">
          <containerEntry hash="0xB8A0BF169F98"></containerEntry>
        </property>
        <property name="breakedGeomFile" type="FilePtr" container="StaticArray" arraySize="1">
          <containerEntry hash="0xB8A0BF169F98"></containerEntry>
        </property>
        <property name="partsFile" type="FilePtr" container="StaticArray" arraySize="1">
          <containerEntry>/Assets/tpp/parts/environ/object/afghanistan/tree/afgh_tree012/afgh_tree012_vrtn001_br.parts</containerEntry>
        </property>
        <property name="numDynamicGimmick" type="UInt32" container="StaticArray" arraySize="1">
          <containerEntry>2</containerEntry>
        </property>
        <property name="locaterFile" type="FilePtr" container="StaticArray" arraySize="1">
          <containerEntry>/Assets/tpp/level/location/afgh/block_small/143/143_148/lba/afgh_tree012_vrtn001_br.lba</containerEntry>
        </property>
        <property name="flags1" type="UInt32" container="StaticArray" arraySize="1">
          <containerEntry>270</containerEntry>
        </property>
        <property name="flags2" type="UInt32" container="StaticArray" arraySize="1">
          <containerEntry>0</containerEntry>
        </property>
      </staticProperties>
      <dynamicProperties></dynamicProperties>
    </entity>
    <entity class="StaticModelArray" classVersion="4" classID="0xD0" addr="0x2F75720" id="0x0">
      <staticProperties>
        <property name="name" type="String" container="StaticArray" arraySize="1">
          <containerEntry>StaticModelArray0000</containerEntry>
        </property>
        <property name="dataSet" type="EntityHandle" container="StaticArray" arraySize="1">
          <containerEntry>0x2F73420</containerEntry>
        </property>
        <property name="modelFile" type="FilePtr" container="StaticArray" arraySize="1">
          <containerEntry hash="0xB8A0BF169F98"></containerEntry>
        </property>
        <property name="geomFile" type="FilePtr" container="StaticArray" arraySize="1">
          <containerEntry>/Assets/tpp/environ/object/afghanistan/tree/afgh_tree012/scenes/afgh_tree012_vrtn001_br_pc.geom</containerEntry>
        </property>
        <property name="isVisibleGeom" type="Bool" container="StaticArray" arraySize="1">
          <containerEntry>false</containerEntry>
        </property>
        <property name="lodFarSize" type="Float" container="StaticArray" arraySize="1">
          <containerEntry>-1</containerEntry>
        </property>
        <property name="lodNearSize" type="Float" container="StaticArray" arraySize="1">
          <containerEntry>-1</containerEntry>
        </property>
        <property name="lodPolygonSize" type="Float" container="StaticArray" arraySize="1">
          <containerEntry>-1</containerEntry>
        </property>
        <property name="drawRejectionLevel" type="Int32" container="StaticArray" arraySize="1">
          <containerEntry>8</containerEntry>
        </property>
        <property name="drawMode" type="Int32" container="StaticArray" arraySize="1">
          <containerEntry>0</containerEntry>
        </property>
        <property name="rejectFarRangeShadowCast" type="Int32" container="StaticArray" arraySize="1">
          <containerEntry>2</containerEntry>
        </property>
        <property name="parentLocator" type="EntityLink" container="StaticArray" arraySize="1">
          <containerEntry packagePathHash="0xB8A0BF169F98" archivePathHash="0xB8A0BF169F98" nameInArchiveHash="0xB8A0BF169F98">0x0</containerEntry>
        </property>
        <property name="transforms" type="Matrix4" container="DynamicArray" arraySize="6">
          <containerEntry r11="1" r12="0" r13="0" r14="0" r21="0" r22="1" r23="0" r24="0" r31="0" r32="0" r33="1" r34="0" r41="1349.2314" r42="296.78995" r43="2041.0182" r44="1"></containerEntry>
          <containerEntry r11="-0.2731414" r12="0" r13="0.961969" r14="0" r21="0" r22="1" r23="0" r24="0" r31="-0.961969" r32="0" r33="-0.2731414" r34="0" r41="1367.9282" r42="294.49963" r43="2040.6984" r44="1"></containerEntry>
          <containerEntry r11="1" r12="0" r13="0" r14="0" r21="0" r22="1" r23="0" r24="0" r31="0" r32="0" r33="1" r34="0" r41="1363.9028" r42="296.39905" r43="2021.3795" r44="1"></containerEntry>
          <containerEntry r11="-0.33179033" r12="0" r13="0.9433531" r14="0" r21="0" r22="1" r23="0" r24="0" r31="-0.9433531" r32="0" r33="-0.33179033" r34="0" r41="1397.815" r42="294.39853" r43="2023.6046" r44="1"></containerEntry>
          <containerEntry r11="-0.2731414" r12="0" r13="0.961969" r14="0" r21="0" r22="1" r23="0" r24="0" r31="-0.961969" r32="0" r33="-0.2731414" r34="0" r41="1367.9282" r42="302.87158" r43="1951.7268" r44="1"></containerEntry>
          <containerEntry r11="-0.2731414" r12="0" r13="0.961969" r14="0" r21="0" r22="1" r23="0" r24="0" r31="-0.961969" r32="0" r33="-0.2731414" r34="0" r41="1405.3418" r42="298.681" r43="1951.7268" r44="1"></containerEntry>
        </property>
        <property name="colors" type="UInt32" container="DynamicArray" arraySize="6">
          <containerEntry>4294967295</containerEntry>
          <containerEntry>4294967295</containerEntry>
          <containerEntry>4294967295</containerEntry>
          <containerEntry>4294967295</containerEntry>
          <containerEntry>4294967295</containerEntry>
          <containerEntry>4294967295</containerEntry>
        </property>
      </staticProperties>
      <dynamicProperties></dynamicProperties>
    </entity>
    <entity class="StaticModelArray" classVersion="4" classID="0xD0" addr="0x2F73EA0" id="0x0">
      <staticProperties>
        <property name="name" type="String" container="StaticArray" arraySize="1">
          <containerEntry>StaticModelArray0001</containerEntry>
        </property>
        <property name="dataSet" type="EntityHandle" container="StaticArray" arraySize="1">
          <containerEntry>0x2F73420</containerEntry>
        </property>
        <property name="modelFile" type="FilePtr" container="StaticArray" arraySize="1">
          <containerEntry>/Assets/tpp/environ/object/afghanistan/tree/afgh_tree012/scenes/afgh_tree012_ropl001.fmdl</containerEntry>
        </property>
        <property name="geomFile" type="FilePtr" container="StaticArray" arraySize="1">
          <containerEntry hash="0xB8A0BF169F98"></containerEntry>
        </property>
        <property name="isVisibleGeom" type="Bool" container="StaticArray" arraySize="1">
          <containerEntry>false</containerEntry>
        </property>
        <property name="lodFarSize" type="Float" container="StaticArray" arraySize="1">
          <containerEntry>-1</containerEntry>
        </property>
        <property name="lodNearSize" type="Float" container="StaticArray" arraySize="1">
          <containerEntry>-1</containerEntry>
        </property>
        <property name="lodPolygonSize" type="Float" container="StaticArray" arraySize="1">
          <containerEntry>-1</containerEntry>
        </property>
        <property name="drawRejectionLevel" type="Int32" container="StaticArray" arraySize="1">
          <containerEntry>8</containerEntry>
        </property>
        <property name="drawMode" type="Int32" container="StaticArray" arraySize="1">
          <containerEntry>0</containerEntry>
        </property>
        <property name="rejectFarRangeShadowCast" type="Int32" container="StaticArray" arraySize="1">
          <containerEntry>2</containerEntry>
        </property>
        <property name="parentLocator" type="EntityLink" container="StaticArray" arraySize="1">
          <containerEntry packagePathHash="0xB8A0BF169F98" archivePathHash="0xB8A0BF169F98" nameInArchiveHash="0xB8A0BF169F98">0x0</containerEntry>
        </property>
        <property name="transforms" type="Matrix4" container="DynamicArray" arraySize="6">
          <containerEntry r11="1" r12="0" r13="0" r14="0" r21="0" r22="1" r23="0" r24="0" r31="0" r32="0" r33="1" r34="0" r41="1349.2314" r42="296.78995" r43="2041.0182" r44="1"></containerEntry>
          <containerEntry r11="-0.2731414" r12="0" r13="0.961969" r14="0" r21="0" r22="1" r23="0" r24="0" r31="-0.961969" r32="0" r33="-0.2731414" r34="0" r41="1367.9282" r42="294.49963" r43="2040.6984" r44="1"></containerEntry>
          <containerEntry r11="1" r12="0" r13="0" r14="0" r21="0" r22="1" r23="0" r24="0" r31="0" r32="0" r33="1" r34="0" r41="1363.9028" r42="296.39905" r43="2021.3795" r44="1"></containerEntry>
          <containerEntry r11="-0.33179033" r12="0" r13="0.9433531" r14="0" r21="0" r22="1" r23="0" r24="0" r31="-0.9433531" r32="0" r33="-0.33179033" r34="0" r41="1397.815" r42="294.39853" r43="2023.6046" r44="1"></containerEntry>
          <containerEntry r11="-0.2731414" r12="0" r13="0.961969" r14="0" r21="0" r22="1" r23="0" r24="0" r31="-0.961969" r32="0" r33="-0.2731414" r34="0" r41="1367.9282" r42="302.87158" r43="1951.7268" r44="1"></containerEntry>
          <containerEntry r11="-0.2731414" r12="0" r13="0.961969" r14="0" r21="0" r22="1" r23="0" r24="0" r31="-0.961969" r32="0" r33="-0.2731414" r34="0" r41="1405.3418" r42="298.681" r43="1951.7268" r44="1"></containerEntry>
        </property>
        <property name="colors" type="UInt32" container="DynamicArray" arraySize="6">
          <containerEntry>4294967295</containerEntry>
          <containerEntry>4294967295</containerEntry>
          <containerEntry>4294967295</containerEntry>
          <containerEntry>4294967295</containerEntry>
          <containerEntry>4294967295</containerEntry>
          <containerEntry>4294967295</containerEntry>
        </property>
      </staticProperties>
      <dynamicProperties></dynamicProperties>
    </entity>
    <entity class="StaticModelArray" classVersion="4" classID="0xD0" addr="0x2F740D0" id="0x0">
      <staticProperties>
        <property name="name" type="String" container="StaticArray" arraySize="1">
          <containerEntry>StaticModelArray0002</containerEntry>
        </property>
        <property name="dataSet" type="EntityHandle" container="StaticArray" arraySize="1">
          <containerEntry>0x2F73420</containerEntry>
        </property>
        <property name="modelFile" type="FilePtr" container="StaticArray" arraySize="1">
          <containerEntry>/Assets/tpp/environ/object/afghanistan/cliff/afgh_clff035/scenes/afgh_clff035_vrtn003.fmdl</containerEntry>
        </property>
        <property name="geomFile" type="FilePtr" container="StaticArray" arraySize="1">
          <containerEntry>/Assets/tpp/environ/object/afghanistan/cliff/afgh_clff035/scenes/afgh_clff035_vrtn003.geom</containerEntry>
        </property>
        <property name="isVisibleGeom" type="Bool" container="StaticArray" arraySize="1">
          <containerEntry>false</containerEntry>
        </property>
        <property name="lodFarSize" type="Float" container="StaticArray" arraySize="1">
          <containerEntry>-1</containerEntry>
        </property>
        <property name="lodNearSize" type="Float" container="StaticArray" arraySize="1">
          <containerEntry>-1</containerEntry>
        </property>
        <property name="lodPolygonSize" type="Float" container="StaticArray" arraySize="1">
          <containerEntry>-1</containerEntry>
        </property>
        <property name="drawRejectionLevel" type="Int32" container="StaticArray" arraySize="1">
          <containerEntry>8</containerEntry>
        </property>
        <property name="drawMode" type="Int32" container="StaticArray" arraySize="1">
          <containerEntry>0</containerEntry>
        </property>
        <property name="rejectFarRangeShadowCast" type="Int32" container="StaticArray" arraySize="1">
          <containerEntry>2</containerEntry>
        </property>
        <property name="parentLocator" type="EntityLink" container="StaticArray" arraySize="1">
          <containerEntry packagePathHash="0xB8A0BF169F98" archivePathHash="0xB8A0BF169F98" nameInArchiveHash="0xB8A0BF169F98">0x0</containerEntry>
        </property>
        <property name="transforms" type="Matrix4" container="DynamicArray" arraySize="3">
          <containerEntry r11="0.75625473" r12="-0.12175928" r13="-0.64284784" r14="0" r21="0.0010642" r22="0.9827589" r23="-0.18488854" r24="0" r31="0.6542763" r32="0.1391387" r33="0.7433457" r34="0" r41="1324.1194" r42="326.90256" r43="2001.1526" r44="1"></containerEntry>
          <containerEntry r11="0.9342802" r12="0" r13="-0.35653934" r14="0" r21="0" r22="1" r23="0" r24="0" r31="0.35653934" r32="0" r33="0.9342802" r34="0" r41="1293.501" r42="320.59372" r43="2027.0605" r44="1"></containerEntry>
          <containerEntry r11="0.7478322" r12="-0.07716949" r13="-0.65938723" r14="0" r21="0.071235836" r22="0.99681437" r23="-0.035868466" r24="0" r31="0.6600547" r32="-0.020148447" r33="0.7509471" r34="0" r41="1320.5306" r42="318.0424" r43="2018.7775" r44="1"></containerEntry>
        </property>
        <property name="colors" type="UInt32" container="DynamicArray" arraySize="3">
          <containerEntry>4294967295</containerEntry>
          <containerEntry>4294967295</containerEntry>
          <containerEntry>4294967295</containerEntry>
        </property>
      </staticProperties>
      <dynamicProperties></dynamicProperties>
    </entity>
    <entity class="StaticModelArray" classVersion="4" classID="0xD0" addr="0x2F756B0" id="0x0">
      <staticProperties>
        <property name="name" type="String" container="StaticArray" arraySize="1">
          <containerEntry>StaticModelArray0003</containerEntry>
        </property>
        <property name="dataSet" type="EntityHandle" container="StaticArray" arraySize="1">
          <containerEntry>0x2F73420</containerEntry>
        </property>
        <property name="modelFile" type="FilePtr" container="StaticArray" arraySize="1">
          <containerEntry>/Assets/tpp/environ/object/afghanistan/cliff/afgh_clff007/scenes/afgh_clff007.fmdl</containerEntry>
        </property>
        <property name="geomFile" type="FilePtr" container="StaticArray" arraySize="1">
          <containerEntry>/Assets/tpp/environ/object/afghanistan/cliff/afgh_clff007/scenes/afgh_clff007.geom</containerEntry>
        </property>
        <property name="isVisibleGeom" type="Bool" container="StaticArray" arraySize="1">
          <containerEntry>false</containerEntry>
        </property>
        <property name="lodFarSize" type="Float" container="StaticArray" arraySize="1">
          <containerEntry>-1</containerEntry>
        </property>
        <property name="lodNearSize" type="Float" container="StaticArray" arraySize="1">
          <containerEntry>-1</containerEntry>
        </property>
        <property name="lodPolygonSize" type="Float" container="StaticArray" arraySize="1">
          <containerEntry>-1</containerEntry>
        </property>
        <property name="drawRejectionLevel" type="Int32" container="StaticArray" arraySize="1">
          <containerEntry>8</containerEntry>
        </property>
        <property name="drawMode" type="Int32" container="StaticArray" arraySize="1">
          <containerEntry>0</containerEntry>
        </property>
        <property name="rejectFarRangeShadowCast" type="Int32" container="StaticArray" arraySize="1">
          <containerEntry>2</containerEntry>
        </property>
        <property name="parentLocator" type="EntityLink" container="StaticArray" arraySize="1">
          <containerEntry packagePathHash="0xB8A0BF169F98" archivePathHash="0xB8A0BF169F98" nameInArchiveHash="0xB8A0BF169F98">0x0</containerEntry>
        </property>
        <property name="transforms" type="Matrix4" container="DynamicArray" arraySize="2">
          <containerEntry r11="-0.9826047" r12="0.049983274" r13="0.17881338" r14="0" r21="0.042856004" r22="0.99813366" r23="-0.043504078" r24="0" r31="-0.18065412" r32="-0.035084393" r33="-0.98291284" r34="0" r41="1295.3325" r42="310.4585" r43="1931.9999" r44="1"></containerEntry>
          <containerEntry r11="-0.99663216" r12="0.074229315" r13="-0.03464675" r14="0" r21="0.07567248" r22="0.9962314" r23="-0.04238711" r24="0" r31="0.031369805" r32="-0.04486647" r33="-0.9984933" r34="0" r41="1305.9196" r42="309.90576" r43="1930.9424" r44="1"></containerEntry>
        </property>
        <property name="colors" type="UInt32" container="DynamicArray" arraySize="2">
          <containerEntry>4294967295</containerEntry>
          <containerEntry>4294967295</containerEntry>
        </property>
      </staticProperties>
      <dynamicProperties></dynamicProperties>
    </entity>
    <entity class="StaticModelArray" classVersion="4" classID="0xD0" addr="0x2F75330" id="0x0">
      <staticProperties>
        <property name="name" type="String" container="StaticArray" arraySize="1">
          <containerEntry>StaticModelArray0004</containerEntry>
        </property>
        <property name="dataSet" type="EntityHandle" container="StaticArray" arraySize="1">
          <containerEntry>0x2F73420</containerEntry>
        </property>
        <property name="modelFile" type="FilePtr" container="StaticArray" arraySize="1">
          <containerEntry>/Assets/tpp/environ/object/afghanistan/cliff/afgh_clff022/scenes/afgh_clff022_vrtn001.fmdl</containerEntry>
        </property>
        <property name="geomFile" type="FilePtr" container="StaticArray" arraySize="1">
          <containerEntry>/Assets/tpp/environ/object/afghanistan/cliff/afgh_clff022/scenes/afgh_clff022_vrtn001.geom</containerEntry>
        </property>
        <property name="isVisibleGeom" type="Bool" container="StaticArray" arraySize="1">
          <containerEntry>false</containerEntry>
        </property>
        <property name="lodFarSize" type="Float" container="StaticArray" arraySize="1">
          <containerEntry>-1</containerEntry>
        </property>
        <property name="lodNearSize" type="Float" container="StaticArray" arraySize="1">
          <containerEntry>-1</containerEntry>
        </property>
        <property name="lodPolygonSize" type="Float" container="StaticArray" arraySize="1">
          <containerEntry>-1</containerEntry>
        </property>
        <property name="drawRejectionLevel" type="Int32" container="StaticArray" arraySize="1">
          <containerEntry>8</containerEntry>
        </property>
        <property name="drawMode" type="Int32" container="StaticArray" arraySize="1">
          <containerEntry>0</containerEntry>
        </property>
        <property name="rejectFarRangeShadowCast" type="Int32" container="StaticArray" arraySize="1">
          <containerEntry>2</containerEntry>
        </property>
        <property name="parentLocator" type="EntityLink" container="StaticArray" arraySize="1">
          <containerEntry packagePathHash="0xB8A0BF169F98" archivePathHash="0xB8A0BF169F98" nameInArchiveHash="0xB8A0BF169F98">0x0</containerEntry>
        </property>
        <property name="transforms" type="Matrix4" container="DynamicArray" arraySize="6">
          <containerEntry r11="0.7071074" r12="0" r13="0.70710564" r14="0" r21="0" r22="1" r23="0" r24="0" r31="-0.70710564" r32="0" r33="0.7071074" r34="0" r41="1364.1788" r42="312.84418" r43="1978.5326" r44="1"></containerEntry>
          <containerEntry r11="-0.81915224" r12="0" r13="0.57357687" r14="0" r21="0" r22="1" r23="0" r24="0" r31="-0.57357687" r32="0" r33="-0.81915224" r34="0" r41="1336.6034" r42="318.22067" r43="2006.9259" r44="1"></containerEntry>
          <containerEntry r11="0.78673875" r12="0" r13="-1.0785483" r14="0" r21="0" r22="1.335" r23="0" r24="0" r31="1.0785483" r32="0" r33="0.78673875" r34="0" r41="1296.0527" r42="329.82254" r43="2008.5621" r44="1"></containerEntry>
          <containerEntry r11="-0.5801264" r12="0" r13="0.81452715" r14="0" r21="0" r22="1" r23="0" r24="0" r31="-0.81452715" r32="0" r33="-0.5801264" r34="0" r41="1284.1665" r42="325.29813" r43="2019.8389" r44="1"></containerEntry>
          <containerEntry r11="-0.4740789" r12="0" r13="0.88048273" r14="0" r21="0" r22="1" r23="0" r24="0" r31="-0.88048273" r32="0" r33="-0.4740789" r34="0" r41="1320.9666" r42="329.0208" r43="1955.2526" r44="1"></containerEntry>
          <containerEntry r11="-0.99948406" r12="0" r13="0.032085862" r14="0" r21="0" r22="1" r23="0" r24="0" r31="-0.032085862" r32="0" r33="-0.99948406" r34="0" r41="1306.6666" r42="327.60764" r43="1947.3423" r44="1"></containerEntry>
        </property>
        <property name="colors" type="UInt32" container="DynamicArray" arraySize="6">
          <containerEntry>4294967295</containerEntry>
          <containerEntry>4294967295</containerEntry>
          <containerEntry>4294967295</containerEntry>
          <containerEntry>4294967295</containerEntry>
          <containerEntry>4294967295</containerEntry>
          <containerEntry>4294967295</containerEntry>
        </property>
      </staticProperties>
      <dynamicProperties></dynamicProperties>
    </entity>
    <entity class="StaticModelArray" classVersion="4" classID="0xD0" addr="0x2F72F50" id="0x0">
      <staticProperties>
        <property name="name" type="String" container="StaticArray" arraySize="1">
          <containerEntry>StaticModelArray0005</containerEntry>
        </property>
        <property name="dataSet" type="EntityHandle" container="StaticArray" arraySize="1">
          <containerEntry>0x2F73420</containerEntry>
        </property>
        <property name="modelFile" type="FilePtr" container="StaticArray" arraySize="1">
          <containerEntry>/Assets/tpp/environ/object/afghanistan/rock/afgh_rock009/scenes/afgh_rock009_rock002.fmdl</containerEntry>
        </property>
        <property name="geomFile" type="FilePtr" container="StaticArray" arraySize="1">
          <containerEntry>/Assets/tpp/environ/object/afghanistan/rock/afgh_rock009/scenes/afgh_rock009_rock002.geom</containerEntry>
        </property>
        <property name="isVisibleGeom" type="Bool" container="StaticArray" arraySize="1">
          <containerEntry>false</containerEntry>
        </property>
        <property name="lodFarSize" type="Float" container="StaticArray" arraySize="1">
          <containerEntry>-1</containerEntry>
        </property>
        <property name="lodNearSize" type="Float" container="StaticArray" arraySize="1">
          <containerEntry>-1</containerEntry>
        </property>
        <property name="lodPolygonSize" type="Float" container="StaticArray" arraySize="1">
          <containerEntry>-1</containerEntry>
        </property>
        <property name="drawRejectionLevel" type="Int32" container="StaticArray" arraySize="1">
          <containerEntry>8</containerEntry>
        </property>
        <property name="drawMode" type="Int32" container="StaticArray" arraySize="1">
          <containerEntry>0</containerEntry>
        </property>
        <property name="rejectFarRangeShadowCast" type="Int32" container="StaticArray" arraySize="1">
          <containerEntry>2</containerEntry>
        </property>
        <property name="parentLocator" type="EntityLink" container="StaticArray" arraySize="1">
          <containerEntry packagePathHash="0xB8A0BF169F98" archivePathHash="0xB8A0BF169F98" nameInArchiveHash="0xB8A0BF169F98">0x0</containerEntry>
        </property>
        <property name="transforms" type="Matrix4" container="DynamicArray" arraySize="23">
          <containerEntry r11="-0.8237334" r12="-0.16149291" r13="-0.543469" r14="0" r21="-0.09723598" r22="0.9846131" r23="-0.14519642" r24="0" r31="0.55855495" r32="-0.066759855" r33="-0.8267615" r34="0" r41="1371.2003" r42="299.48755" r43="1997.7373" r44="1"></containerEntry>
          <containerEntry r11="-0.49249768" r12="-0.17437638" r13="-0.85265356" r14="0" r21="-0.09723671" r22="0.984613" r23="-0.14519674" r24="0" r31="0.8648527" r32="0.011399232" r33="-0.50187534" r34="0" r41="1368.4784" r42="295.13504" r43="2031.2809" r44="1"></containerEntry>
          <containerEntry r11="0.829436" r12="0.053382978" r13="0.5560431" r14="0" r21="0.0070134345" r22="-0.996327" r23="0.08519141" r24="0" r31="0.55855566" r32="-0.066760935" r33="-0.8267617" r34="0" r41="1349.9717" r42="297.50146" r43="2031.4686" r44="1"></containerEntry>
          <containerEntry r11="0.19825214" r12="0.08488863" r13="0.97646207" r14="0" r21="-0.08579234" r22="-0.9909011" r23="0.10356239" r24="0" r31="0.97638303" r32="-0.10430444" r33="-0.18915361" r34="0" r41="1338.4918" r42="298.33514" r43="2046.7797" r44="1"></containerEntry>
          <containerEntry r11="0.13852829" r12="-0.36960512" r13="0.918798" r14="0" r21="-0.16575092" r22="-0.9233013" r23="-0.34643036" r24="0" r31="0.97638327" r32="-0.10430442" r33="-0.18915439" r34="0" r41="1303.16" r42="305.97894" r43="2038.4874" r44="1"></containerEntry>
          <containerEntry r11="0.1385274" r12="-0.36960515" r13="0.9187985" r14="0" r21="-0.3163285" r22="-0.89565" r23="-0.3126053" r24="0" r31="0.93847483" r32="-0.24734148" r33="-0.2409786" r34="0" r41="1289.9498" r42="306.57684" r43="2039.5973" r44="1"></containerEntry>
          <containerEntry r11="0.0024046842" r12="-0.38675556" r13="0.9221727" r14="0" r21="-0.10598299" r22="0.91688913" r23="0.38481283" r24="0" r31="-0.9943591" r32="-0.09865826" r33="-0.038784444" r34="0" r41="1289.9498" r42="303.6057" r43="2045.3293" r44="1"></containerEntry>
          <containerEntry r11="0.0024037063" r12="-0.38675636" r13="0.9221728" r14="0" r21="0.2407431" r22="0.89528155" r23="0.3748499" r24="0" r31="-0.9705802" r32="0.221109" r33="0.09526199" r34="0" r41="1350.9977" r42="299.0727" r43="2020.6359" r44="1"></containerEntry>
          <containerEntry r11="0.54993665" r12="-0.10904221" r13="0.8280541" r14="0" r21="0.0131169595" r22="-0.99017763" r23="-0.13910359" r24="0" r31="0.8350998" r32="0.08735937" r33="-0.5430986" r34="0" r41="1330.9501" r42="303.37775" r43="2031.3556" r44="1"></containerEntry>
          <containerEntry r11="0.54993665" r12="-0.10904221" r13="0.8280541" r14="0" r21="0.0131169595" r22="-0.99017763" r23="-0.13910359" r24="0" r31="0.8350998" r32="0.08735937" r33="-0.5430986" r34="0" r41="1334.745" r42="311.3874" r43="2016.3579" r44="1"></containerEntry>
          <containerEntry r11="0.99604934" r12="0.00071962364" r13="0.088798456" r14="0" r21="0.013116573" r22="-0.9901783" r23="-0.13910276" r24="0" r31="0.08782733" r32="0.13971794" r33="-0.9862758" r34="0" r41="1376.0265" r42="295.5088" r43="2017.3507" r44="1"></containerEntry>
          <containerEntry r11="0.61069995" r12="-0.10222107" r13="0.78523356" r14="0" r21="0.013116561" r22="-0.9901791" r23="-0.13910253" r24="0" r31="0.7917505" r32="0.09524922" r33="-0.60335696" r34="0" r41="1394.397" r42="295.19562" r43="2018.0465" r44="1"></containerEntry>
          <containerEntry r11="0.72566307" r12="-0.086281106" r13="0.682616" r14="0" r21="0.013117496" r22="-0.99017656" r23="-0.13910155" r24="0" r31="0.68792224" r32="0.10989486" r33="-0.7173988" r34="0" r41="1399.5286" r42="298.90738" r43="1987.6421" r44="1"></containerEntry>
          <containerEntry r11="0.8912909" r12="-0.05147896" r13="0.45049843" r14="0" r21="-0.030265063" r22="-0.99805826" r23="-0.05417249" r24="0" r31="0.452419" r32="0.034648944" r33="-0.8911167" r34="0" r41="1381.7217" r42="299.46365" r43="1970.981" r44="1"></containerEntry>
          <containerEntry r11="0.28040653" r12="-0.9574895" r13="-0.06763633" r14="0" r21="-0.958547" r22="-0.2830125" r23="0.032731112" r24="0" r31="-0.050482556" r32="0.05565529" r33="-0.99715716" r34="0" r41="1375.6049" r42="300.93262" r43="1958.7891" r44="1"></containerEntry>
          <containerEntry r11="0.8300256" r12="0.047144573" r13="-0.5557267" r14="0" r21="-0.018760037" r22="0.9982171" r23="0.056662712" r24="0" r31="0.5574072" r32="-0.03660589" r33="0.8294302" r34="0" r41="1360.894" r42="303.9568" r43="1949.7964" r44="1"></containerEntry>
          <containerEntry r11="0.8300256" r12="0.047144573" r13="-0.5557267" r14="0" r21="-0.018760037" r22="0.9982171" r23="0.056662712" r24="0" r31="0.5574072" r32="-0.03660589" r33="0.8294302" r34="0" r41="1344.329" r42="313.07938" r43="1954.2778" r44="1"></containerEntry>
          <containerEntry r11="0.8300256" r12="0.047144573" r13="-0.5557267" r14="0" r21="-0.018760037" r22="0.9982171" r23="0.056662712" r24="0" r31="0.5574072" r32="-0.03660589" r33="0.8294302" r34="0" r41="1341.71" r42="315.86655" r43="1968.3171" r44="1"></containerEntry>
          <containerEntry r11="-0.42465782" r12="0.043350495" r13="-0.9043032" r14="0" r21="-0.018760813" r22="0.9982171" r23="0.056662347" r24="0" r31="0.9051473" r32="0.041028332" r33="-0.42308736" r34="0" r41="1354.3369" r42="314.1979" r43="1981.2192" r44="1"></containerEntry>
          <containerEntry r11="0.3137673" r12="0.42992014" r13="-0.8465855" r14="0" r21="0.35520536" r22="0.7737305" r23="0.524563" r24="0" r31="0.88054955" r32="-0.46530193" r33="0.090061486" r34="0" r41="1356.0646" r42="308.68542" r43="1993.137" r44="1"></containerEntry>
          <containerEntry r11="0.42023194" r12="-0.16995609" r13="0.8913533" r14="0" r21="-0.3117765" r22="-0.94952816" r23="-0.034064524" r24="0" r31="0.8521685" r32="-0.2635904" r33="-0.45200175" r34="0" r41="1351.7725" r42="303.3337" r43="2007.161" r44="1"></containerEntry>
          <containerEntry r11="0.73288137" r12="-0.08511874" r13="0.6750086" r14="0" r21="0.013116609" r22="-0.9901791" r23="-0.13910364" r24="0" r31="0.6802277" r32="0.11080012" r33="-0.7245642" r34="0" r41="1403.1636" r42="294.5539" r43="2038.0498" r44="1"></containerEntry>
          <containerEntry r11="0.13852763" r12="-0.36960584" r13="0.9187981" r14="0" r21="0.0681549" r22="-0.92197794" r23="-0.38116303" r24="0" r31="0.9880047" r32="0.11542037" r33="-0.10251744" r34="0" r41="1301.6857" r42="302.59982" r43="2047.1837" r44="1"></containerEntry>
        </property>
        <property name="colors" type="UInt32" container="DynamicArray" arraySize="23">
          <containerEntry>4294967295</containerEntry>
          <containerEntry>4294967295</containerEntry>
          <containerEntry>4294967295</containerEntry>
          <containerEntry>4294967295</containerEntry>
          <containerEntry>4294967295</containerEntry>
          <containerEntry>4294967295</containerEntry>
          <containerEntry>4294967295</containerEntry>
          <containerEntry>4294967295</containerEntry>
          <containerEntry>4294967295</containerEntry>
          <containerEntry>4294967295</containerEntry>
          <containerEntry>4294967295</containerEntry>
          <containerEntry>4294967295</containerEntry>
          <containerEntry>4294967295</containerEntry>
          <containerEntry>4294967295</containerEntry>
          <containerEntry>4294967295</containerEntry>
          <containerEntry>4294967295</containerEntry>
          <containerEntry>4294967295</containerEntry>
          <containerEntry>4294967295</containerEntry>
          <containerEntry>4294967295</containerEntry>
          <containerEntry>4294967295</containerEntry>
          <containerEntry>4294967295</containerEntry>
          <containerEntry>4294967295</containerEntry>
          <containerEntry>4294967295</containerEntry>
        </property>
      </staticProperties>
      <dynamicProperties></dynamicProperties>
    </entity>
    <entity class="StaticModelArray" classVersion="4" classID="0xD0" addr="0x2F73D50" id="0x0">
      <staticProperties>
        <property name="name" type="String" container="StaticArray" arraySize="1">
          <containerEntry>StaticModelArray0006</containerEntry>
        </property>
        <property name="dataSet" type="EntityHandle" container="StaticArray" arraySize="1">
          <containerEntry>0x2F73420</containerEntry>
        </property>
        <property name="modelFile" type="FilePtr" container="StaticArray" arraySize="1">
          <containerEntry>/Assets/tpp/environ/object/afghanistan/rock/afgh_rock001/scenes/afgh_rock001.fmdl</containerEntry>
        </property>
        <property name="geomFile" type="FilePtr" container="StaticArray" arraySize="1">
