<fox formatVersion="2" fileVersion="0">
  <entities>
    <entity class="DataSet" classVersion="0" classID="0xE8" addr="0x32EA3B0" id="0x1259B6">
      <staticProperties>
        <property name="name" type="String" container="StaticArray" arraySize="1">
          <containerEntry hash="0xB8A0BF169F98"></containerEntry>
        </property>
        <property name="dataSet" type="EntityHandle" container="StaticArray" arraySize="1">
          <containerEntry>0x0</containerEntry>
        </property>
        <property name="dataList" type="EntityPtr" container="StringMap" arraySize="7">
          <containerEntry key="afgh_clff022_vrtn003_0005">
            <data>0x32E8CF0</data>
          </containerEntry>
          <containerEntry key="StaticModelArray0000">
            <data>0x317F350</data>
          </containerEntry>
          <containerEntry key="StaticModelArray0001">
            <data>0x317F3C0</data>
          </containerEntry>
          <containerEntry key="StaticModelArray0002">
            <data>0x317F4A0</data>
          </containerEntry>
          <containerEntry key="StaticModelArray0003">
            <data>0x317F430</data>
          </containerEntry>
          <containerEntry key="StaticModelArray0004">
            <data>0x317F510</data>
          </containerEntry>
          <containerEntry key="TexturePackLoadConditioner0000">
            <data>0x317F9E0</data>
          </containerEntry>
        </property>
      </staticProperties>
      <dynamicProperties></dynamicProperties>
    </entity>
    <entity class="StaticModel" classVersion="9" classID="0x160" addr="0x32E8CF0" id="0x125A2C">
      <staticProperties>
        <property name="name" type="String" container="StaticArray" arraySize="1">
          <containerEntry>afgh_clff022_vrtn003_0005</containerEntry>
        </property>
        <property name="dataSet" type="EntityHandle" container="StaticArray" arraySize="1">
          <containerEntry>0x32EA3B0</containerEntry>
        </property>
        <property name="parent" type="EntityHandle" container="StaticArray" arraySize="1">
          <containerEntry>0x0</containerEntry>
        </property>
        <property name="transform" type="EntityPtr" container="StaticArray" arraySize="1">
          <containerEntry>0x32E8C80</containerEntry>
        </property>
        <property name="shearTransform" type="EntityPtr" container="StaticArray" arraySize="1">
          <containerEntry>0x0</containerEntry>
        </property>
        <property name="pivotTransform" type="EntityPtr" container="StaticArray" arraySize="1">
          <containerEntry>0x0</containerEntry>
        </property>
        <property name="children" type="EntityHandle" container="List"></property>
        <property name="flags" type="UInt32" container="StaticArray" arraySize="1">
          <containerEntry>7</containerEntry>
        </property>
        <property name="modelFile" type="FilePtr" container="StaticArray" arraySize="1">
          <containerEntry>/Assets/tpp/environ/object/afghanistan/cliff/afgh_clff022/scenes/afgh_clff022_vrtn003.fmdl</containerEntry>
        </property>
        <property name="geomFile" type="FilePtr" container="StaticArray" arraySize="1">
          <containerEntry>/Assets/tpp/environ/object/afghanistan/cliff/afgh_clff022/scenes/afgh_clff022_vrtn003.geom</containerEntry>
        </property>
        <property name="isVisibleGeom" type="Bool" container="StaticArray" arraySize="1">
          <containerEntry>false</containerEntry>
        </property>
        <property name="isIsolated" type="Bool" container="StaticArray" arraySize="1">
          <containerEntry>false</containerEntry>
        </property>
        <property name="lodFarSize" type="Float" container="StaticArray" arraySize="1">
          <containerEntry>-1</containerEntry>
        </property>
        <property name="lodNearSize" type="Float" container="StaticArray" arraySize="1">
          <containerEntry>-1</containerEntry>
        </property>
        <property name="lodPolygonSize" type="Float" container="StaticArray" arraySize="1">
          <containerEntry>-1</containerEntry>
        </property>
        <property name="color" type="Color" container="StaticArray" arraySize="1">
          <containerEntry r="1" g="1" b="1" a="1"></containerEntry>
        </property>
        <property name="drawRejectionLevel" type="Int32" container="StaticArray" arraySize="1">
          <containerEntry>8</containerEntry>
        </property>
        <property name="drawMode" type="Int32" container="StaticArray" arraySize="1">
          <containerEntry>0</containerEntry>
        </property>
        <property name="rejectFarRangeShadowCast" type="Int32" container="StaticArray" arraySize="1">
          <containerEntry>0</containerEntry>
        </property>
      </staticProperties>
      <dynamicProperties></dynamicProperties>
    </entity>
    <entity class="TransformEntity" classVersion="0" classID="0x50" addr="0x32E8C80" id="0x125A2F">
      <staticProperties>
        <property name="owner" type="EntityHandle" container="StaticArray" arraySize="1">
          <containerEntry>0x32E8CF0</containerEntry>
        </property>
        <property name="transform_scale" type="Vector3" container="StaticArray" arraySize="1">
          <containerEntry x="1" y="1" z="1" w="0"></containerEntry>
        </property>
        <property name="transform_rotation_quat" type="Quat" container="StaticArray" arraySize="1">
          <containerEntry x="0" y="-0.974955" z="0" w="0.222401"></containerEntry>
        </property>
        <property name="transform_translation" type="Vector3" container="StaticArray" arraySize="1">
          <containerEntry x="641.53625" y="465.8113" z="-1002.7383" w="0"></containerEntry>
        </property>
      </staticProperties>
      <dynamicProperties></dynamicProperties>
    </entity>
    <entity class="StaticModelArray" classVersion="4" classID="0xD0" addr="0x317F350" id="0x0">
      <staticProperties>
        <property name="name" type="String" container="StaticArray" arraySize="1">
          <containerEntry>StaticModelArray0000</containerEntry>
        </property>
        <property name="dataSet" type="EntityHandle" container="StaticArray" arraySize="1">
          <containerEntry>0x32EA3B0</containerEntry>
        </property>
        <property name="modelFile" type="FilePtr" container="StaticArray" arraySize="1">
          <containerEntry>/Assets/tpp/environ/object/afghanistan/cliff/afgh_clff013/scenes/afgh_clff013.fmdl</containerEntry>
        </property>
        <property name="geomFile" type="FilePtr" container="StaticArray" arraySize="1">
          <containerEntry>/Assets/tpp/environ/object/afghanistan/cliff/afgh_clff013/scenes/afgh_clff013.geom</containerEntry>
        </property>
        <property name="isVisibleGeom" type="Bool" container="StaticArray" arraySize="1">
          <containerEntry>false</containerEntry>
        </property>
        <property name="lodFarSize" type="Float" container="StaticArray" arraySize="1">
          <containerEntry>-1</containerEntry>
        </property>
        <property name="lodNearSize" type="Float" container="StaticArray" arraySize="1">
          <containerEntry>-1</containerEntry>
        </property>
        <property name="lodPolygonSize" type="Float" container="StaticArray" arraySize="1">
          <containerEntry>-1</containerEntry>
        </property>
        <property name="drawRejectionLevel" type="Int32" container="StaticArray" arraySize="1">
          <containerEntry>8</containerEntry>
        </property>
        <property name="drawMode" type="Int32" container="StaticArray" arraySize="1">
          <containerEntry>0</containerEntry>
        </property>
        <property name="rejectFarRangeShadowCast" type="Int32" container="StaticArray" arraySize="1">
          <containerEntry>0</containerEntry>
        </property>
        <property name="parentLocator" type="EntityLink" container="StaticArray" arraySize="1">
          <containerEntry packagePathHash="0xB8A0BF169F98" archivePathHash="0xB8A0BF169F98" nameInArchiveHash="0xB8A0BF169F98">0x0</containerEntry>
        </property>
        <property name="transforms" type="Matrix4" container="DynamicArray" arraySize="4">
          <containerEntry r11="-0.899509" r12="-0.029229453" r13="-0.0045751506" r14="0" r21="-0.03253676" r22="0.9993971" r23="0.012114683" r24="0" r31="0.0046869847" r32="0.012273537" r33="-0.9999086" r34="0" r41="732.3386" r42="453.606" r43="-909.23846" r44="1"></containerEntry>
          <containerEntry r11="-0.40335673" r12="4.95594e-05" r13="0.9150435" r14="0" r21="0.006658398" r22="0.9999737" r23="0.0028809" r24="0" r31="-0.9150193" r32="0.0072547495" r33="-0.40334642" r34="0" r41="722.97797" r42="441.15524" r43="-951.3246" r44="1"></containerEntry>
          <containerEntry r11="-0.7837241" r12="-0.0031737462" r13="0.621097" r14="0" r21="-0.0044719866" r22="0.99998987" r23="-0.00053308974" r24="0" r31="-0.62108904" r32="-0.003195338" r33="-0.7837303" r34="0" r41="685.8915" r42="432.99597" r43="-934.01685" r44="1"></containerEntry>
          <containerEntry r11="-0.4926431" r12="-0.0017389233" r13="0.8702266" r14="0" r21="-0.0044707754" r22="0.99998987" r23="-0.0005327371" r24="0" r31="-0.87021685" r32="-0.0041530454" r33="-0.49264586" r34="0" r41="693.3156" r42="433.3079" r43="-948.3947" r44="1"></containerEntry>
        </property>
        <property name="colors" type="UInt32" container="DynamicArray" arraySize="4">
          <containerEntry>4294967295</containerEntry>
          <containerEntry>4294967295</containerEntry>
          <containerEntry>4294967295</containerEntry>
          <containerEntry>4294967295</containerEntry>
        </property>
      </staticProperties>
      <dynamicProperties></dynamicProperties>
    </entity>
    <entity class="StaticModelArray" classVersion="4" classID="0xD0" addr="0x317F3C0" id="0x0">
      <staticProperties>
        <property name="name" type="String" container="StaticArray" arraySize="1">
          <containerEntry>StaticModelArray0001</containerEntry>
        </property>
        <property name="dataSet" type="EntityHandle" container="StaticArray" arraySize="1">
          <containerEntry>0x32EA3B0</containerEntry>
        </property>
        <property name="modelFile" type="FilePtr" container="StaticArray" arraySize="1">
          <containerEntry>/Assets/tpp/environ/object/afghanistan/cliff/afgh_clff038/scenes/afgh_clff038_vrtn003_gen8.fmdl</containerEntry>
        </property>
        <property name="geomFile" type="FilePtr" container="StaticArray" arraySize="1">
          <containerEntry>/Assets/tpp/environ/object/afghanistan/cliff/afgh_clff038/scenes/afgh_clff038_vrtn003_gen8.geom</containerEntry>
        </property>
        <property name="isVisibleGeom" type="Bool" container="StaticArray" arraySize="1">
          <containerEntry>false</containerEntry>
        </property>
        <property name="lodFarSize" type="Float" container="StaticArray" arraySize="1">
          <containerEntry>-1</containerEntry>
        </property>
        <property name="lodNearSize" type="Float" container="StaticArray" arraySize="1">
          <containerEntry>-1</containerEntry>
        </property>
        <property name="lodPolygonSize" type="Float" container="StaticArray" arraySize="1">
          <containerEntry>-1</containerEntry>
        </property>
        <property name="drawRejectionLevel" type="Int32" container="StaticArray" arraySize="1">
          <containerEntry>8</containerEntry>
        </property>
        <property name="drawMode" type="Int32" container="StaticArray" arraySize="1">
          <containerEntry>0</containerEntry>
        </property>
        <property name="rejectFarRangeShadowCast" type="Int32" container="StaticArray" arraySize="1">
          <containerEntry>0</containerEntry>
        </property>
        <property name="parentLocator" type="EntityLink" container="StaticArray" arraySize="1">
          <containerEntry packagePathHash="0xB8A0BF169F98" archivePathHash="0xB8A0BF169F98" nameInArchiveHash="0xB8A0BF169F98">0x0</containerEntry>
        </property>
        <property name="transforms" type="Matrix4" container="DynamicArray" arraySize="6">
          <containerEntry r11="0.9953872" r12="0.18236557" r13="-0.13221091" r14="0" r21="0.20718244" r22="-1.081721" r23="0.06775333" r24="0" r31="-0.11602346" r32="-0.08420965" r33="-0.98966855" r34="0" r41="754.46277" r42="458.30008" r43="-916.79987" r44="1"></containerEntry>
          <containerEntry r11="0.9925392" r12="-0.10836908" r13="0.055874895" r14="0" r21="-0.10878299" r22="-0.99405134" r23="0.0044113654" r24="0" r31="0.055064704" r32="-0.0104567055" r33="-0.99842364" r34="0" r41="752.0741" r42="458.23706" r43="-918.0862" r44="1"></containerEntry>
          <containerEntry r11="0.0028637648" r12="0.004123945" r13="0.99998575" r14="0" r21="-0.10878317" r22="-0.99405247" r23="0.004410837" r24="0" r31="0.99405974" r32="-0.108794436" r33="-0.0023948771" r34="0" r41="749.316" r42="458.33246" r43="-922.12964" r44="1"></containerEntry>
          <containerEntry r11="0.13042718" r12="-0.018671822" r13="-0.99128073" r14="0" r21="-0.10878329" r22="-0.9940527" r23="0.0044111237" r24="0" r31="-0.9854706" r32="0.10725962" r33="-0.13168012" r34="0" r41="748.83746" r42="453.73077" r43="-922.14105" r44="1"></containerEntry>
          <containerEntry r11="0.47542608" r12="-0.037140913" r13="-0.87897086" r14="0" r21="0.020978335" r22="-0.9983441" r23="0.053532004" r24="0" r31="-0.87950504" r32="-0.043889843" r33="-0.4738588" r34="0" r41="677.93207" r42="440.84314" r43="-910.73" r44="1"></containerEntry>
          <containerEntry r11="0.35247242" r12="-0.04272102" r13="-0.9348461" r14="0" r21="0.020977914" r22="-0.99834454" r23="0.05353228" r24="0" r31="-0.93558663" r32="-0.038479768" r33="-0.35099196" r34="0" r41="678.71246" r42="444.93857" r43="-911.2019" r44="1"></containerEntry>
        </property>
        <property name="colors" type="UInt32" container="DynamicArray" arraySize="6">
          <containerEntry>4294967295</containerEntry>
          <containerEntry>4294967295</containerEntry>
          <containerEntry>4294967295</containerEntry>
          <containerEntry>4294967295</containerEntry>
          <containerEntry>4294967295</containerEntry>
          <containerEntry>4294967295</containerEntry>
        </property>
      </staticProperties>
      <dynamicProperties></dynamicProperties>
    </entity>
    <entity class="StaticModelArray" classVersion="4" classID="0xD0" addr="0x317F4A0" id="0x0">
      <staticProperties>
        <property name="name" type="String" container="StaticArray" arraySize="1">
          <containerEntry>StaticModelArray0002</containerEntry>
        </property>
        <property name="dataSet" type="EntityHandle" container="StaticArray" arraySize="1">
          <containerEntry>0x32EA3B0</containerEntry>
        </property>
        <property name="modelFile" type="FilePtr" container="StaticArray" arraySize="1">
          <containerEntry>/Assets/tpp/environ/object/afghanistan/rock/afgh_rock010/scenes/afgh_rock010_vrtn001.fmdl</containerEntry>
        </property>
        <property name="geomFile" type="FilePtr" container="StaticArray" arraySize="1">
          <containerEntry>/Assets/tpp/environ/object/afghanistan/rock/afgh_rock010/scenes/afgh_rock010_vrtn001.geom</containerEntry>
        </property>
        <property name="isVisibleGeom" type="Bool" container="StaticArray" arraySize="1">
          <containerEntry>false</containerEntry>
        </property>
        <property name="lodFarSize" type="Float" container="StaticArray" arraySize="1">
          <containerEntry>-1</containerEntry>
        </property>
        <property name="lodNearSize" type="Float" container="StaticArray" arraySize="1">
          <containerEntry>-1</containerEntry>
        </property>
        <property name="lodPolygonSize" type="Float" container="StaticArray" arraySize="1">
          <containerEntry>-1</containerEntry>
        </property>
        <property name="drawRejectionLevel" type="Int32" container="StaticArray" arraySize="1">
          <containerEntry>8</containerEntry>
        </property>
        <property name="drawMode" type="Int32" container="StaticArray" arraySize="1">
          <containerEntry>0</containerEntry>
        </property>
        <property name="rejectFarRangeShadowCast" type="Int32" container="StaticArray" arraySize="1">
          <containerEntry>0</containerEntry>
        </property>
        <property name="parentLocator" type="EntityLink" container="StaticArray" arraySize="1">
          <containerEntry packagePathHash="0xB8A0BF169F98" archivePathHash="0xB8A0BF169F98" nameInArchiveHash="0xB8A0BF169F98">0x0</containerEntry>
        </property>
        <property name="transforms" type="Matrix4" container="DynamicArray" arraySize="6">
          <containerEntry r11="0.61068994" r12="-0.5504591" r13="0.34079957" r14="0" r21="0.6016528" r22="0.6555464" r23="-0.019283354" r24="0" r31="-0.23909557" r32="0.24361752" r33="0.8219345" r34="0" r41="738.86444" r42="458.08276" r43="-904.2562" r44="1"></containerEntry>
          <containerEntry r11="0.8156456" r12="0.011732213" r13="0.5784323" r14="0" r21="-0.0065763243" r22="-0.99953777" r23="0.02954667" r24="0" r31="0.57851386" r32="-0.027903564" r33="-0.8151906" r34="0" r41="763.7527" r42="456.45032" r43="-946.35596" r44="1"></containerEntry>
          <containerEntry r11="0.94901747" r12="0.05177805" r13="0.14100711" r14="0" r21="0.15264395" r22="0.22939067" r23="-1.1115685" r24="0" r31="-0.07512699" r32="0.8995312" r33="0.17531657" r34="0" r41="765.9777" r42="454.5014" r43="-1014.3604" r44="1"></containerEntry>
          <containerEntry r11="-0.6777957" r12="0.0060321987" r13="-0.7352171" r14="0" r21="0.73440176" r22="-0.04227228" r23="-0.67739457" r24="0" r31="-0.03516833" r32="-0.99908614" r33="0.024228323" r34="0" r41="749.8476" r42="442.59784" r43="-1001.97754" r44="1"></containerEntry>
          <containerEntry r11="-0.9050357" r12="0.06990049" r13="-0.4195521" r14="0" r21="0.077507876" r22="0.99699116" r23="-0.0010898337" r24="0" r31="0.41821355" r32="-0.033504933" r33="-0.9077304" r34="0" r41="668.15814" r42="433.1281" r43="-922.4985" r44="1"></containerEntry>
          <containerEntry r11="0.029563667" r12="-0.9154823" r13="0.40126255" r14="0" r21="-0.58707535" r22="-0.3408059" r23="-0.73429763" r24="0" r31="0.8089895" r32="-0.21386312" r33="-0.5475324" r34="0" r41="672.1839" r42="433.3369" r43="-1022.32227" r44="1"></containerEntry>
        </property>
        <property name="colors" type="UInt32" container="DynamicArray" arraySize="6">
          <containerEntry>4294967295</containerEntry>
          <containerEntry>4294967295</containerEntry>
          <containerEntry>4294967295</containerEntry>
          <containerEntry>4294967295</containerEntry>
          <containerEntry>4294967295</containerEntry>
          <containerEntry>4294967295</containerEntry>
        </property>
      </staticProperties>
      <dynamicProperties></dynamicProperties>
    </entity>
    <entity class="StaticModelArray" classVersion="4" classID="0xD0" addr="0x317F430" id="0x0">
      <staticProperties>
        <property name="name" type="String" container="StaticArray" arraySize="1">
          <containerEntry>StaticModelArray0003</containerEntry>
        </property>
        <property name="dataSet" type="EntityHandle" container="StaticArray" arraySize="1">
          <containerEntry>0x32EA3B0</containerEntry>
        </property>
        <property name="modelFile" type="FilePtr" container="StaticArray" arraySize="1">
          <containerEntry>/Assets/tpp/environ/object/afghanistan/cliff/afgh_clff022/scenes/afgh_clff022_vrtn002.fmdl</containerEntry>
        </property>
        <property name="geomFile" type="FilePtr" container="StaticArray" arraySize="1">
          <containerEntry>/Assets/tpp/environ/object/afghanistan/cliff/afgh_clff022/scenes/afgh_clff022_vrtn002.geom</containerEntry>
        </property>
        <property name="isVisibleGeom" type="Bool" container="StaticArray" arraySize="1">
          <containerEntry>false</containerEntry>
        </property>
        <property name="lodFarSize" type="Float" container="StaticArray" arraySize="1">
          <containerEntry>-1</containerEntry>
        </property>
        <property name="lodNearSize" type="Float" container="StaticArray" arraySize="1">
          <containerEntry>-1</containerEntry>
        </property>
        <property name="lodPolygonSize" type="Float" container="StaticArray" arraySize="1">
          <containerEntry>-1</containerEntry>
        </property>
        <property name="drawRejectionLevel" type="Int32" container="StaticArray" arraySize="1">
          <containerEntry>8</containerEntry>
        </property>
        <property name="drawMode" type="Int32" container="StaticArray" arraySize="1">
          <containerEntry>0</containerEntry>
        </property>
        <property name="rejectFarRangeShadowCast" type="Int32" container="StaticArray" arraySize="1">
          <containerEntry>0</containerEntry>
        </property>
        <property name="parentLocator" type="EntityLink" container="StaticArray" arraySize="1">
          <containerEntry packagePathHash="0xB8A0BF169F98" archivePathHash="0xB8A0BF169F98" nameInArchiveHash="0xB8A0BF169F98">0x0</containerEntry>
        </property>
        <property name="transforms" type="Matrix4" container="DynamicArray" arraySize="2">
          <containerEntry r11="0.5798503" r12="-0.10272123" r13="-0.8082214" r14="0" r21="0.065665156" r22="0.99468493" r23="-0.079309076" r24="0" r31="0.81207234" r32="-0.0070845895" r33="0.5835136" r34="0" r41="649.9956" r42="449.96313" r43="-1002.7743" r44="1"></containerEntry>
          <containerEntry r11="0.6079484" r12="-0.1538551" r13="-0.77892613" r14="0" r21="0.07633425" r22="0.987827" r23="-0.13553892" r24="0" r31="0.7902976" r32="0.022941727" r33="0.61229235" r34="0" r41="655.6219" r42="439.10022" r43="-986.7463" r44="1"></containerEntry>
        </property>
        <property name="colors" type="UInt32" container="DynamicArray" arraySize="2">
          <containerEntry>4294967295</containerEntry>
          <containerEntry>4294967295</containerEntry>
        </property>
      </staticProperties>
      <dynamicProperties></dynamicProperties>
    </entity>
    <entity class="StaticModelArray" classVersion="4" classID="0xD0" addr="0x317F510" id="0x0">
      <staticProperties>
        <property name="name" type="String" container="StaticArray" arraySize="1">
          <containerEntry>StaticModelArray0004</containerEntry>
        </property>
        <property name="dataSet" type="EntityHandle" container="StaticArray" arraySize="1">
          <containerEntry>0x32EA3B0</containerEntry>
        </property>
        <property name="modelFile" type="FilePtr" container="StaticArray" arraySize="1">
          <containerEntry>/Assets/tpp/environ/object/afghanistan/cliff/afgh_clff007/scenes/afgh_clff007.fmdl</containerEntry>
        </property>
        <property name="geomFile" type="FilePtr" container="StaticArray" arraySize="1">
          <containerEntry>/Assets/tpp/environ/object/afghanistan/cliff/afgh_clff007/scenes/afgh_clff007.geom</containerEntry>
        </property>
        <property name="isVisibleGeom" type="Bool" container="StaticArray" arraySize="1">
          <containerEntry>false</containerEntry>
        </property>
        <property name="lodFarSize" type="Float" container="StaticArray" arraySize="1">
          <containerEntry>-1</containerEntry>
        </property>
        <property name="lodNearSize" type="Float" container="StaticArray" arraySize="1">
          <containerEntry>-1</containerEntry>
        </property>
        <property name="lodPolygonSize" type="Float" container="StaticArray" arraySize="1">
          <containerEntry>-1</containerEntry>
        </property>
        <property name="drawRejectionLevel" type="Int32" container="StaticArray" arraySize="1">
          <containerEntry>8</containerEntry>
        </property>
        <property name="drawMode" type="Int32" container="StaticArray" arraySize="1">
          <containerEntry>0</containerEntry>
        </property>
        <property name="rejectFarRangeShadowCast" type="Int32" container="StaticArray" arraySize="1">
          <containerEntry>0</containerEntry>
        </property>
        <property name="parentLocator" type="EntityLink" container="StaticArray" arraySize="1">
          <containerEntry packagePathHash="0xB8A0BF169F98" archivePathHash="0xB8A0BF169F98" nameInArchiveHash="0xB8A0BF169F98">0x0</containerEntry>
        </property>
        <property name="transforms" type="Matrix4" container="DynamicArray" arraySize="6">
          <containerEntry r11="0.41035658" r12="0.015672565" r13="0.9117902" r14="0" r21="-0.08059546" r22="0.9965631" r23="0.019142723" r24="0" r31="-0.90835637" r32="-0.08134152" r33="0.41020936" r34="0" r41="720.47705" r42="438.13495" r43="-988.63324" r44="1"></containerEntry>
          <containerEntry r11="-0.09251469" r12="0.08196901" r13="0.9923323" r14="0" r21="0.0136367045" r22="0.9966166" r23="-0.08105162" r24="0" r31="-0.9956185" r32="0.0060337186" r33="-0.093319476" r34="0" r41="752.55347" r42="446.2909" r43="-993.62714" r44="1"></containerEntry>
          <containerEntry r11="0.054829765" r12="0.07310873" r13="0.99581593" r14="0" r21="0.01971576" r22="0.9970422" r23="-0.074284345" r24="0" r31="-0.9983013" r32="0.023706276" r33="0.053226173" r34="0" r41="751.94617" r42="445.6243" r43="-1006.35406" r44="1"></containerEntry>
          <containerEntry r11="-0.9276715" r12="0.105886914" r13="0.35804912" r14="0" r21="0.10825152" r22="0.9940319" r23="-0.0134962555" r24="0" r31="-0.35734132" r32="0.026239319" r33="-0.9335975" r34="0" r41="647.7346" r42="428.9005" r43="-922.4153" r44="1"></containerEntry>
          <containerEntry r11="0.27273685" r12="-0.11492093" r13="-0.9551993" r14="0" r21="0.0032294132" r22="0.992944" r23="-0.11853978" r24="0" r31="0.9620822" r32="0.029245306" r33="0.27118355" r34="0" r41="698.48376" r42="427.9097" r43="-1018.4969" r44="1"></containerEntry>
          <containerEntry r11="-0.13343771" r12="0.09858625" r13="0.9861396" r14="0" r21="0.16087537" r22="0.9839975" r23="-0.076603085" r24="0" r31="-0.9779108" r32="0.14842394" r33="-0.14716244" r34="0" r41="701.9398" r42="428.54974" r43="-1003.1097" r44="1"></containerEntry>
        </property>
        <property name="colors" type="UInt32" container="DynamicArray" arraySize="6">
          <containerEntry>4294967295</containerEntry>
          <containerEntry>4294967295</containerEntry>
          <containerEntry>4294967295</containerEntry>
          <containerEntry>4294967295</containerEntry>
          <containerEntry>4294967295</containerEntry>
          <containerEntry>4294967295</containerEntry>
        </property>
      </staticProperties>
      <dynamicProperties></dynamicProperties>
    </entity>
    <entity class="TexturePackLoadConditioner" classVersion="0" classID="0x48" addr="0x317F9E0" id="0x0">
      <staticProperties>
        <property name="name" type="String" container="StaticArray" arraySize="1">
          <containerEntry>TexturePackLoadConditioner0000</containerEntry>
        </property>
        <property name="dataSet" type="EntityHandle" container="StaticArray" arraySize="1">
          <containerEntry>0x32EA3B0</containerEntry>
        </property>
        <property name="texturePackPath" type="Path" container="StaticArray" arraySize="1">
          <containerEntry hash="0xB8A0BF169F98"></containerEntry>
        </property>
      </staticProperties>
      <dynamicProperties></dynamicProperties>
    </entity>
  </entities>
</fox>