<fox formatVersion="2" fileVersion="0">
  <entities>
    <entity class="DataSet" classVersion="0" classID="0xE8" addr="0x2F52E00" id="0x1090D83">
      <staticProperties>
        <property name="name" type="String" container="StaticArray" arraySize="1">
          <containerEntry hash="0xB8A0BF169F98"></containerEntry>
        </property>
        <property name="dataSet" type="EntityHandle" container="StaticArray" arraySize="1">
          <containerEntry>0x0</containerEntry>
        </property>
        <property name="dataList" type="EntityPtr" container="StringMap" arraySize="9">
          <containerEntry key="afgh_tree012_vrtn001_br_gim_i0000|TppSharedGimmick_afgh_tree012_vrtn001_br">
            <data>0x2D772B0</data>
          </containerEntry>
          <containerEntry key="StaticModelArray0000">
            <data>0x2D7C4F0</data>
          </containerEntry>
          <containerEntry key="StaticModelArray0001">
            <data>0x2D7C560</data>
          </containerEntry>
          <containerEntry key="StaticModelArray0002">
            <data>0x2D7C5D0</data>
          </containerEntry>
          <containerEntry key="StaticModelArray0003">
            <data>0x2D7C640</data>
          </containerEntry>
          <containerEntry key="StaticModelArray0004">
            <data>0x2D7C720</data>
          </containerEntry>
          <containerEntry key="StaticModelArray0005">
            <data>0x2D7C6B0</data>
          </containerEntry>
          <containerEntry key="StaticModelArray0006">
            <data>0x2F528C0</data>
          </containerEntry>
          <containerEntry key="TexturePackLoadConditioner0000">
            <data>0x2D7CB10</data>
          </containerEntry>
        </property>
      </staticProperties>
      <dynamicProperties></dynamicProperties>
    </entity>
    <entity class="TppSharedGimmickData" classVersion="1" classID="0xF0" addr="0x2D772B0" id="0x1432C5">
      <staticProperties>
        <property name="name" type="String" container="StaticArray" arraySize="1">
          <containerEntry>afgh_tree012_vrtn001_br_gim_i0000|TppSharedGimmick_afgh_tree012_vrtn001_br</containerEntry>
        </property>
        <property name="dataSet" type="EntityHandle" container="StaticArray" arraySize="1">
          <containerEntry>0x2F52E00</containerEntry>
        </property>
        <property name="modelFile" type="FilePtr" container="StaticArray" arraySize="1">
          <containerEntry>/Assets/tpp/environ/object/afghanistan/tree/afgh_tree012/scenes/afgh_tree012_vrtn001_br.fmdl</containerEntry>
        </property>
        <property name="geomFile" type="FilePtr" container="StaticArray" arraySize="1">
          <containerEntry>/Assets/tpp/environ/object/afghanistan/tree/afgh_tree012/scenes/afgh_tree012_vrtn001_br.geom</containerEntry>
        </property>
        <property name="breakedModelFile" type="FilePtr" container="StaticArray" arraySize="1">
          <containerEntry hash="0xB8A0BF169F98"></containerEntry>
        </property>
        <property name="breakedGeomFile" type="FilePtr" container="StaticArray" arraySize="1">
          <containerEntry hash="0xB8A0BF169F98"></containerEntry>
        </property>
        <property name="partsFile" type="FilePtr" container="StaticArray" arraySize="1">
          <containerEntry>/Assets/tpp/parts/environ/object/afghanistan/tree/afgh_tree012/afgh_tree012_vrtn001_br.parts</containerEntry>
        </property>
        <property name="numDynamicGimmick" type="UInt32" container="StaticArray" arraySize="1">
          <containerEntry>2</containerEntry>
        </property>
        <property name="locaterFile" type="FilePtr" container="StaticArray" arraySize="1">
          <containerEntry>/Assets/tpp/level/location/afgh/block_small/138/138_152/lba/afgh_tree012_vrtn001_br.lba</containerEntry>
        </property>
        <property name="flags1" type="UInt32" container="StaticArray" arraySize="1">
          <containerEntry>270</containerEntry>
        </property>
        <property name="flags2" type="UInt32" container="StaticArray" arraySize="1">
          <containerEntry>0</containerEntry>
        </property>
      </staticProperties>
      <dynamicProperties></dynamicProperties>
    </entity>
    <entity class="StaticModelArray" classVersion="4" classID="0xD0" addr="0x2D7C4F0" id="0x0">
      <staticProperties>
        <property name="name" type="String" container="StaticArray" arraySize="1">
          <containerEntry>StaticModelArray0000</containerEntry>
        </property>
        <property name="dataSet" type="EntityHandle" container="StaticArray" arraySize="1">
          <containerEntry>0x2F52E00</containerEntry>
        </property>
        <property name="modelFile" type="FilePtr" container="StaticArray" arraySize="1">
          <containerEntry hash="0xB8A0BF169F98"></containerEntry>
        </property>
        <property name="geomFile" type="FilePtr" container="StaticArray" arraySize="1">
          <containerEntry>/Assets/tpp/environ/object/afghanistan/tree/afgh_tree012/scenes/afgh_tree012_vrtn001_br_pc.geom</containerEntry>
        </property>
        <property name="isVisibleGeom" type="Bool" container="StaticArray" arraySize="1">
          <containerEntry>false</containerEntry>
        </property>
        <property name="lodFarSize" type="Float" container="StaticArray" arraySize="1">
          <containerEntry>-1</containerEntry>
        </property>
        <property name="lodNearSize" type="Float" container="StaticArray" arraySize="1">
          <containerEntry>-1</containerEntry>
        </property>
        <property name="lodPolygonSize" type="Float" container="StaticArray" arraySize="1">
          <containerEntry>-1</containerEntry>
        </property>
        <property name="drawRejectionLevel" type="Int32" container="StaticArray" arraySize="1">
          <containerEntry>8</containerEntry>
        </property>
        <property name="drawMode" type="Int32" container="StaticArray" arraySize="1">
          <containerEntry>0</containerEntry>
        </property>
        <property name="rejectFarRangeShadowCast" type="Int32" container="StaticArray" arraySize="1">
          <containerEntry>2</containerEntry>
        </property>
        <property name="parentLocator" type="EntityLink" container="StaticArray" arraySize="1">
          <containerEntry packagePathHash="0xB8A0BF169F98" archivePathHash="0xB8A0BF169F98" nameInArchiveHash="0xB8A0BF169F98">0x0</containerEntry>
        </property>
        <property name="transforms" type="Matrix4" container="DynamicArray" arraySize="2">
          <containerEntry r11="1" r12="0" r13="0" r14="0" r21="0" r22="1" r23="0" r24="0" r31="0" r32="0" r33="1" r34="0" r41="678" r42="276.34326" r43="2494" r44="1"></containerEntry>
          <containerEntry r11="0.13119811" r12="0" r13="0.9913559" r14="0" r21="0" r22="1" r23="0" r24="0" r31="-0.9913559" r32="0" r33="0.13119811" r34="0" r41="666" r42="280.24072" r43="2438" r44="1"></containerEntry>
        </property>
        <property name="colors" type="UInt32" container="DynamicArray" arraySize="2">
          <containerEntry>4294967295</containerEntry>
          <containerEntry>4294967295</containerEntry>
        </property>
      </staticProperties>
      <dynamicProperties></dynamicProperties>
    </entity>
    <entity class="StaticModelArray" classVersion="4" classID="0xD0" addr="0x2D7C560" id="0x0">
      <staticProperties>
        <property name="name" type="String" container="StaticArray" arraySize="1">
          <containerEntry>StaticModelArray0001</containerEntry>
        </property>
        <property name="dataSet" type="EntityHandle" container="StaticArray" arraySize="1">
          <containerEntry>0x2F52E00</containerEntry>
        </property>
        <property name="modelFile" type="FilePtr" container="StaticArray" arraySize="1">
          <containerEntry>/Assets/tpp/environ/object/afghanistan/tree/afgh_tree012/scenes/afgh_tree012_ropl001.fmdl</containerEntry>
        </property>
        <property name="geomFile" type="FilePtr" container="StaticArray" arraySize="1">
          <containerEntry hash="0xB8A0BF169F98"></containerEntry>
        </property>
        <property name="isVisibleGeom" type="Bool" container="StaticArray" arraySize="1">
          <containerEntry>false</containerEntry>
        </property>
        <property name="lodFarSize" type="Float" container="StaticArray" arraySize="1">
          <containerEntry>-1</containerEntry>
        </property>
        <property name="lodNearSize" type="Float" container="StaticArray" arraySize="1">
          <containerEntry>-1</containerEntry>
        </property>
        <property name="lodPolygonSize" type="Float" container="StaticArray" arraySize="1">
          <containerEntry>-1</containerEntry>
        </property>
        <property name="drawRejectionLevel" type="Int32" container="StaticArray" arraySize="1">
          <containerEntry>8</containerEntry>
        </property>
        <property name="drawMode" type="Int32" container="StaticArray" arraySize="1">
          <containerEntry>0</containerEntry>
        </property>
        <property name="rejectFarRangeShadowCast" type="Int32" container="StaticArray" arraySize="1">
          <containerEntry>2</containerEntry>
        </property>
        <property name="parentLocator" type="EntityLink" container="StaticArray" arraySize="1">
          <containerEntry packagePathHash="0xB8A0BF169F98" archivePathHash="0xB8A0BF169F98" nameInArchiveHash="0xB8A0BF169F98">0x0</containerEntry>
        </property>
        <property name="transforms" type="Matrix4" container="DynamicArray" arraySize="2">
          <containerEntry r11="1" r12="0" r13="0" r14="0" r21="0" r22="1" r23="0" r24="0" r31="0" r32="0" r33="1" r34="0" r41="678" r42="276.34326" r43="2494" r44="1"></containerEntry>
          <containerEntry r11="0.13119811" r12="0" r13="0.9913559" r14="0" r21="0" r22="1" r23="0" r24="0" r31="-0.9913559" r32="0" r33="0.13119811" r34="0" r41="666" r42="280.24072" r43="2438" r44="1"></containerEntry>
        </property>
        <property name="colors" type="UInt32" container="DynamicArray" arraySize="2">
          <containerEntry>4294967295</containerEntry>
          <containerEntry>4294967295</containerEntry>
        </property>
      </staticProperties>
      <dynamicProperties></dynamicProperties>
    </entity>
    <entity class="StaticModelArray" classVersion="4" classID="0xD0" addr="0x2D7C5D0" id="0x0">
      <staticProperties>
        <property name="name" type="String" container="StaticArray" arraySize="1">
          <containerEntry>StaticModelArray0002</containerEntry>
        </property>
        <property name="dataSet" type="EntityHandle" container="StaticArray" arraySize="1">
          <containerEntry>0x2F52E00</containerEntry>
        </property>
        <property name="modelFile" type="FilePtr" container="StaticArray" arraySize="1">
          <containerEntry>/Assets/tpp/environ/object/middle_africa/rock/mafr_rock010/scenes/mafr_rock010_vrtn001.fmdl</containerEntry>
        </property>
        <property name="geomFile" type="FilePtr" container="StaticArray" arraySize="1">
          <containerEntry>/Assets/tpp/environ/object/middle_africa/rock/mafr_rock010/scenes/mafr_rock010_vrtn001.geom</containerEntry>
        </property>
        <property name="isVisibleGeom" type="Bool" container="StaticArray" arraySize="1">
          <containerEntry>false</containerEntry>
        </property>
        <property name="lodFarSize" type="Float" container="StaticArray" arraySize="1">
          <containerEntry>-1</containerEntry>
        </property>
        <property name="lodNearSize" type="Float" container="StaticArray" arraySize="1">
          <containerEntry>-1</containerEntry>
        </property>
        <property name="lodPolygonSize" type="Float" container="StaticArray" arraySize="1">
          <containerEntry>-1</containerEntry>
        </property>
        <property name="drawRejectionLevel" type="Int32" container="StaticArray" arraySize="1">
          <containerEntry>8</containerEntry>
        </property>
        <property name="drawMode" type="Int32" container="StaticArray" arraySize="1">
          <containerEntry>0</containerEntry>
        </property>
        <property name="rejectFarRangeShadowCast" type="Int32" container="StaticArray" arraySize="1">
          <containerEntry>2</containerEntry>
        </property>
        <property name="parentLocator" type="EntityLink" container="StaticArray" arraySize="1">
          <containerEntry packagePathHash="0xB8A0BF169F98" archivePathHash="0xB8A0BF169F98" nameInArchiveHash="0xB8A0BF169F98">0x0</containerEntry>
        </property>
        <property name="transforms" type="Matrix4" container="DynamicArray" arraySize="5">
          <containerEntry r11="0.65552664" r12="0.2683364" r13="0.7058885" r14="0" r21="-0.26225463" r22="0.9574553" r23="-0.12042297" r24="0" r31="-0.70817053" r32="-0.1061827" r33="0.6980101" r34="0" r41="690.7304" r42="272.83768" r43="2548.7107" r44="1"></containerEntry>
          <containerEntry r11="0.7018329" r12="0.0018879473" r13="0.7123384" r14="0" r21="-0.076956406" r22="0.9943448" r23="0.073185906" r24="0" r31="-0.7081718" r32="-0.106183335" r33="0.6980092" r34="0" r41="731.1842" r42="277.0452" r43="2511.4426" r44="1"></containerEntry>
          <containerEntry r11="-0.8334148" r12="-0.1044449" r13="0.54268163" r14="0" r21="-0.07695686" r22="0.9943447" r23="0.073186316" r24="0" r31="-0.5472565" r32="0.019231683" r33="-0.8367393" r34="0" r41="741.5859" r42="277.0452" r43="2508.5256" r44="1"></containerEntry>
          <containerEntry r11="-0.8069008" r12="-0.16494724" r13="0.56717956" r14="0" r21="-0.13062397" r22="0.98627454" r23="0.10099411" r24="0" r31="-0.5760535" r32="0.007405307" r33="-0.8173717" r34="0" r41="656.64966" r42="266.58084" r43="2548.7107" r44="1"></containerEntry>
          <containerEntry r11="-0.10839962" r12="-0.11546482" r13="0.9873757" r14="0" r21="-0.13062388" r22="0.9862745" r23="0.10099469" r24="0" r31="-0.9854848" r32="-0.118027106" r33="-0.12199426" r34="0" r41="649.68164" r42="265.62543" r43="2551.811" r44="1"></containerEntry>
        </property>
        <property name="colors" type="UInt32" container="DynamicArray" arraySize="5">
          <containerEntry>4294967295</containerEntry>
          <containerEntry>4294967295</containerEntry>
          <containerEntry>4294967295</containerEntry>
          <containerEntry>4294967295</containerEntry>
          <containerEntry>4294967295</containerEntry>
        </property>
      </staticProperties>
      <dynamicProperties></dynamicProperties>
    </entity>
    <entity class="StaticModelArray" classVersion="4" classID="0xD0" addr="0x2D7C640" id="0x0">
      <staticProperties>
        <property name="name" type="String" container="StaticArray" arraySize="1">
          <containerEntry>StaticModelArray0003</containerEntry>
        </property>
        <property name="dataSet" type="EntityHandle" container="StaticArray" arraySize="1">
          <containerEntry>0x2F52E00</containerEntry>
        </property>
        <property name="modelFile" type="FilePtr" container="StaticArray" arraySize="1">
          <containerEntry>/Assets/tpp/environ/object/afghanistan/rock/afgh_rock006/scenes/afgh_rock006.fmdl</containerEntry>
        </property>
        <property name="geomFile" type="FilePtr" container="StaticArray" arraySize="1">
          <containerEntry>/Assets/tpp/environ/object/afghanistan/rock/afgh_rock006/scenes/afgh_rock006.geom</containerEntry>
        </property>
        <property name="isVisibleGeom" type="Bool" container="StaticArray" arraySize="1">
          <containerEntry>false</containerEntry>
        </property>
        <property name="lodFarSize" type="Float" container="StaticArray" arraySize="1">
          <containerEntry>-1</containerEntry>
        </property>
        <property name="lodNearSize" type="Float" container="StaticArray" arraySize="1">
          <containerEntry>-1</containerEntry>
        </property>
        <property name="lodPolygonSize" type="Float" container="StaticArray" arraySize="1">
          <containerEntry>-1</containerEntry>
        </property>
        <property name="drawRejectionLevel" type="Int32" container="StaticArray" arraySize="1">
          <containerEntry>8</containerEntry>
        </property>
        <property name="drawMode" type="Int32" container="StaticArray" arraySize="1">
          <containerEntry>0</containerEntry>
        </property>
        <property name="rejectFarRangeShadowCast" type="Int32" container="StaticArray" arraySize="1">
          <containerEntry>2</containerEntry>
        </property>
        <property name="parentLocator" type="EntityLink" container="StaticArray" arraySize="1">
          <containerEntry packagePathHash="0xB8A0BF169F98" archivePathHash="0xB8A0BF169F98" nameInArchiveHash="0xB8A0BF169F98">0x0</containerEntry>
        </property>
        <property name="transforms" type="Matrix4" container="DynamicArray" arraySize="4">
          <containerEntry r11="1" r12="0" r13="0" r14="0" r21="0" r22="1" r23="0" r24="0" r31="0" r32="0" r33="1" r34="0" r41="667.5264" r42="278.86554" r43="2467.4045" r44="1"></containerEntry>
          <containerEntry r11="1" r12="0" r13="0" r14="0" r21="0" r22="1" r23="0" r24="0" r31="0" r32="0" r33="1" r34="0" r41="701.24365" r42="275.80875" r43="2545.2979" r44="1"></containerEntry>
          <containerEntry r11="1" r12="0" r13="0" r14="0" r21="0" r22="1" r23="0" r24="0" r31="0" r32="0" r33="1" r34="0" r41="701.24365" r42="278.56113" r43="2497.9048" r44="1"></containerEntry>
          <containerEntry r11="0.8646051" r12="-6.183982e-07" r13="0.5024518" r14="0" r21="-0.053878155" r22="0.994234" r23="0.09271319" r24="0" r31="-0.49955475" r32="-0.10723148" r33="0.85961986" r34="0" r41="706" r42="288.06668" r43="2476" r44="1"></containerEntry>
        </property>
        <property name="colors" type="UInt32" container="DynamicArray" arraySize="4">
          <containerEntry>4294967295</containerEntry>
          <containerEntry>4294967295</containerEntry>
          <containerEntry>4294967295</containerEntry>
          <containerEntry>4294967295</containerEntry>
        </property>
      </staticProperties>
      <dynamicProperties></dynamicProperties>
    </entity>
    <entity class="StaticModelArray" classVersion="4" classID="0xD0" addr="0x2D7C720" id="0x0">
      <staticProperties>
        <property name="name" type="String" container="StaticArray" arraySize="1">
          <containerEntry>StaticModelArray0004</containerEntry>
        </property>
        <property name="dataSet" type="EntityHandle" container="StaticArray" arraySize="1">
          <containerEntry>0x2F52E00</containerEntry>
        </property>
        <property name="modelFile" type="FilePtr" container="StaticArray" arraySize="1">
          <containerEntry>/Assets/tpp/environ/object/afghanistan/cliff/afgh_clff027/scenes/afgh_clff027_vrtn007.fmdl</containerEntry>
        </property>
        <property name="geomFile" type="FilePtr" container="StaticArray" arraySize="1">
          <containerEntry>/Assets/tpp/environ/object/afghanistan/cliff/afgh_clff027/scenes/afgh_clff027_vrtn007.geom</containerEntry>
        </property>
        <property name="isVisibleGeom" type="Bool" container="StaticArray" arraySize="1">
          <containerEntry>false</containerEntry>
        </property>
        <property name="lodFarSize" type="Float" container="StaticArray" arraySize="1">
          <containerEntry>-1</containerEntry>
        </property>
        <property name="lodNearSize" type="Float" container="StaticArray" arraySize="1">
          <containerEntry>-1</containerEntry>
        </property>
        <property name="lodPolygonSize" type="Float" container="StaticArray" arraySize="1">
          <containerEntry>-1</containerEntry>
        </property>
        <property name="drawRejectionLevel" type="Int32" container="StaticArray" arraySize="1">
          <containerEntry>8</containerEntry>
        </property>
        <property name="drawMode" type="Int32" container="StaticArray" arraySize="1">
          <containerEntry>0</containerEntry>
        </property>
        <property name="rejectFarRangeShadowCast" type="Int32" container="StaticArray" arraySize="1">
          <containerEntry>2</containerEntry>
        </property>
        <property name="parentLocator" type="EntityLink" container="StaticArray" arraySize="1">
          <containerEntry packagePathHash="0xB8A0BF169F98" archivePathHash="0xB8A0BF169F98" nameInArchiveHash="0xB8A0BF169F98">0x0</containerEntry>
        </property>
        <property name="transforms" type="Matrix4" container="DynamicArray" arraySize="3">
          <containerEntry r11="0.86602545" r12="0" r13="0.5" r14="0" r21="0" r22="1" r23="0" r24="0" r31="-0.5" r32="0" r33="0.86602545" r34="0" r41="689.3421" r42="291.4545" r43="2445.0994" r44="1"></containerEntry>
          <containerEntry r11="0.5" r12="0" r13="-0.866025" r14="0" r21="0" r22="1" r23="0" r24="0" r31="0.866025" r32="0" r33="0.5" r34="0" r41="696.6215" r42="291.9645" r43="2462.1863" r44="1"></containerEntry>
          <containerEntry r11="0.9992199" r12="0" r13="-0.039492298" r14="0" r21="0" r22="1" r23="0" r24="0" r31="0.039492298" r32="0" r33="0.9992199" r34="0" r41="722.2547" r42="289.41586" r43="2488.4229" r44="1"></containerEntry>
        </property>
        <property name="colors" type="UInt32" container="DynamicArray" arraySize="3">
          <containerEntry>4294967295</containerEntry>
          <containerEntry>4294967295</containerEntry>
          <containerEntry>4294967295</containerEntry>
        </property>
      </staticProperties>
      <dynamicProperties></dynamicProperties>
    </entity>
    <entity class="StaticModelArray" classVersion="4" classID="0xD0" addr="0x2D7C6B0" id="0x0">
      <staticProperties>
        <property name="name" type="String" container="StaticArray" arraySize="1">
          <containerEntry>StaticModelArray0005</containerEntry>
        </property>
        <property name="dataSet" type="EntityHandle" container="StaticArray" arraySize="1">
          <containerEntry>0x2F52E00</containerEntry>
        </property>
        <property name="modelFile" type="FilePtr" container="StaticArray" arraySize="1">
          <containerEntry>/Assets/tpp/environ/object/afghanistan/rock/afgh_rock001/scenes/afgh_rock001_vrtn001.fmdl</containerEntry>
        </property>
        <property name="geomFile" type="FilePtr" container="StaticArray" arraySize="1">
          <containerEntry>/Assets/tpp/environ/object/afghanistan/rock/afgh_rock001/scenes/afgh_rock001_vrtn001.geom</containerEntry>
        </property>
        <property name="isVisibleGeom" type="Bool" container="StaticArray" arraySize="1">
          <containerEntry>false</containerEntry>
        </property>
        <property name="lodFarSize" type="Float" container="StaticArray" arraySize="1">
          <containerEntry>-1</containerEntry>
        </property>
        <property name="lodNearSize" type="Float" container="StaticArray" arraySize="1">
          <containerEntry>-1</containerEntry>
        </property>
        <property name="lodPolygonSize" type="Float" container="StaticArray" arraySize="1">
          <containerEntry>-1</containerEntry>
        </property>
        <property name="drawRejectionLevel" type="Int32" container="StaticArray" arraySize="1">
          <containerEntry>8</containerEntry>
        </property>
        <property name="drawMode" type="Int32" container="StaticArray" arraySize="1">
          <containerEntry>0</containerEntry>
        </property>
        <property name="rejectFarRangeShadowCast" type="Int32" container="StaticArray" arraySize="1">
          <containerEntry>2</containerEntry>
        </property>
        <property name="parentLocator" type="EntityLink" container="StaticArray" arraySize="1">
          <containerEntry packagePathHash="0xB8A0BF169F98" archivePathHash="0xB8A0BF169F98" nameInArchiveHash="0xB8A0BF169F98">0x0</containerEntry>
        </property>
        <property name="transforms" type="Matrix4" container="DynamicArray" arraySize="18">
          <containerEntry r11="1" r12="0" r13="0" r14="0" r21="0" r22="1" r23="0" r24="0" r31="0" r32="0" r33="1" r34="0" r41="687.828" r42="281.0789" r43="2481.8125" r44="1"></containerEntry>
          <containerEntry r11="0.786819" r12="0" r13="-0.6171835" r14="0" r21="0" r22="1" r23="0" r24="0" r31="0.6171835" r32="0" r33="0.786819" r34="0" r41="684" r42="272.06268" r43="2548" r44="1"></containerEntry>
          <containerEntry r11="-0.5412458" r12="0.6342929" r13="-0.5520184" r14="0" r21="-0.83595735" r22="-0.4767136" r23="0.27187935" r24="0" r31="-0.090703815" r32="0.6086178" r33="0.7882621" r34="0" r41="710" r42="278.38852" r43="2552" r44="1"></containerEntry>
          <containerEntry r11="0.786819" r12="0" r13="-0.6171835" r14="0" r21="0" r22="1" r23="0" r24="0" r31="0.6171835" r32="0" r33="0.786819" r34="0" r41="714" r42="277.524" r43="2513.1877" r44="1"></containerEntry>
          <containerEntry r11="-0.9005909" r12="0" r13="-0.4346674" r14="0" r21="0" r22="1" r23="0" r24="0" r31="0.4346674" r32="0" r33="-0.9005909" r34="0" r41="708" r42="284.44058" r43="2485.5015" r44="1"></containerEntry>
          <containerEntry r11="0.13592392" r12="0" r13="-0.9907186" r14="0" r21="0" r22="1" r23="0" r24="0" r31="0.9907186" r32="0" r33="0.13592392" r34="0" r41="676" r42="271.69446" r43="2556" r44="1"></containerEntry>
          <containerEntry r11="-0.9551939" r12="0" r13="-0.29597783" r14="0" r21="0" r22="1" r23="0" r24="0" r31="0.29597783" r32="0" r33="-0.9551939" r34="0" r41="648" r42="270.7054" r43="2516" r44="1"></containerEntry>
          <containerEntry r11="-0.43676674" r12="0" r13="-0.89957374" r14="0" r21="0" r22="1" r23="0" r24="0" r31="0.89957374" r32="0" r33="-0.43676674" r34="0" r41="674" r42="279.44193" r43="2472" r44="1"></containerEntry>
          <containerEntry r11="-0.9086703" r12="0.36977512" r13="-0.19385263" r14="0" r21="0.23733519" r22="0.8394808" r23="0.48881853" r24="0" r31="0.34348872" r32="0.3981682" r33="-0.8505716" r34="0" r41="662.9844" r42="279.11746" r43="2452" r44="1"></containerEntry>
          <containerEntry r11="0.06944759" r12="-0.91396636" r13="-0.39979893" r14="0" r21="-0.93658346" r22="0.078260064" r23="-0.3415896" r24="0" r31="0.3434896" r32="0.39816776" r33="-0.85057074" r34="0" r41="665.9218" r42="279.8646" r43="2446" r44="1"></containerEntry>
          <containerEntry r11="0.06944808" r12="-0.91396606" r13="-0.399799" r14="0" r21="-0.17492089" r22="0.38340315" r23="-0.9068639" r24="0" r31="0.98212826" r32="0.13291165" r33="-0.13324434" r34="0" r41="674" r42="280.43164" r43="2460" r44="1"></containerEntry>
          <containerEntry r11="-0.09003275" r12="0.34251875" r13="-0.93518716" r14="0" r21="0.032823414" r22="0.939511" r23="0.34094238" r24="0" r31="0.99539775" r32="-4.4703484e-08" r33="-0.09582937" r34="0" r41="704" r42="286.59717" r43="2478" r44="1"></containerEntry>
          <containerEntry r11="0.779802" r12="0.15400824" r13="-0.606787" r14="0" r21="-0.21802586" r22="0.97539747" r23="-0.032627255" r24="0" r31="0.58683366" r32="0.15773802" r33="0.79419464" r34="0" r41="708.65955" r42="286.95917" r43="2480" r44="1"></containerEntry>
          <containerEntry r11="0.28585374" r12="-0.7008727" r13="-0.65349936" r14="0" r21="-0.81737894" r22="0.1776225" r23="-0.54803085" r24="0" r31="0.5001757" r32="0.69081366" r33="-0.52210456" r34="0" r41="674" r42="280.11313" r43="2464" r44="1"></containerEntry>
          <containerEntry r11="0.786819" r12="0" r13="-0.6171835" r14="0" r21="0" r22="1" r23="0" r24="0" r31="0.6171835" r32="0" r33="0.786819" r34="0" r41="760" r42="283.8225" r43="2496" r44="1"></containerEntry>
          <containerEntry r11="0.86591876" r12="0" r13="0.5001845" r14="0" r21="0" r22="1" r23="0" r24="0" r31="-0.5001845" r32="0" r33="0.86591876" r34="0" r41="746" r42="280.92935" r43="2498" r44="1"></containerEntry>
          <containerEntry r11="-0.86574113" r12="0.020298883" r13="-0.5000804" r14="0" r21="0.15605722" r22="-0.9384152" r23="-0.3082583" r24="0" r31="-0.4755403" r32="-0.344913" r33="0.80925673" r34="0" r41="742.6962" r42="282.68555" r43="2494" r44="1"></containerEntry>
          <containerEntry r11="-0.92249405" r12="0.29320008" r13="-0.25106257" r14="0" r21="0.15593773" r22="0.8780517" r23="0.45244694" r24="0" r31="0.35310358" r32="0.3782308" r33="-0.8557181" r34="0" r41="746" r42="277.43066" r43="2512" r44="1"></containerEntry>
        </property>
        <property name="colors" type="UInt32" container="DynamicArray" arraySize="18">
          <containerEntry>4294967295</containerEntry>
          <containerEntry>4294967295</containerEntry>
          <containerEntry>4294967295</containerEntry>
          <containerEntry>4294967295</containerEntry>
          <containerEntry>4294967295</containerEntry>
          <containerEntry>4294967295</containerEntry>
          <containerEntry>4294967295</containerEntry>
          <containerEntry>4294967295</containerEntry>
          <containerEntry>4294967295</containerEntry>
          <containerEntry>4294967295</containerEntry>
          <containerEntry>4294967295</containerEntry>
          <containerEntry>4294967295</containerEntry>
          <containerEntry>4294967295</containerEntry>
          <containerEntry>4294967295</containerEntry>
          <containerEntry>4294967295</containerEntry>
          <containerEntry>4294967295</containerEntry>
          <containerEntry>4294967295</containerEntry>
          <containerEntry>4294967295</containerEntry>
        </property>
      </staticProperties>
      <dynamicProperties></dynamicProperties>
    </entity>
    <entity class="StaticModelArray" classVersion="4" classID="0xD0" addr="0x2F528C0" id="0x0">
      <staticProperties>
        <property name="name" type="String" container="StaticArray" arraySize="1">
          <containerEntry>StaticModelArray0006</containerEntry>
        </property>
        <property name="dataSet" type="EntityHandle" container="StaticArray" arraySize="1">
          <containerEntry>0x2F52E00</containerEntry>
        </property>
        <property name="modelFile" type="FilePtr" container="StaticArray" arraySize="1">
          <containerEntry>/Assets/tpp/environ/object/afghanistan/cliff/afgh_clff027/scenes/afgh_clff027_vrtn003.fmdl</containerEntry>
        </property>
        <property name="geomFile" type="FilePtr" container="StaticArray" arraySize="1">
          <containerEntry>/Assets/tpp/environ/object/afghanistan/cliff/afgh_clff027/scenes/afgh_clff027_vrtn003.geom</containerEntry>
        </property>
        <property name="isVisibleGeom" type="Bool" container="StaticArray" arraySize="1">
          <containerEntry>false</containerEntry>
        </property>
        <property name="lodFarSize" type="Float" container="StaticArray" arraySize="1">
          <containerEntry>-1</containerEntry>
        </property>
        <property name="lodNearSize" type="Float" container="StaticArray" arraySize="1">
          <containerEntry>-1</containerEntry>
        </property>
        <property name="lodPolygonSize" type="Float" container="StaticArray" arraySize="1">
          <containerEntry>-1</containerEntry>
        </property>
        <property name="drawRejectionLevel" type="Int32" container="StaticArray" arraySize="1">
          <containerEntry>8</containerEntry>
        </property>
        <property name="drawMode" type="Int32" container="StaticArray" arraySize="1">
          <containerEntry>0</containerEntry>
        </property>
        <property name="rejectFarRangeShadowCast" type="Int32" container="StaticArray" arraySize="1">
          <containerEntry>2</containerEntry>
        </property>
        <property name="parentLocator" type="EntityLink" container="StaticArray" arraySize="1">
          <containerEntry packagePathHash="0xB8A0BF169F98" archivePathHash="0xB8A0BF169F98" nameInArchiveHash="0xB8A0BF169F98">0x0</containerEntry>
        </property>
        <property name="transforms" type="Matrix4" container="DynamicArray" arraySize="4">
          <containerEntry r11="0.08715618" r12="0" r13="0.99619186" r14="0" r21="0" r22="1" r23="0" r24="0" r31="-0.99619186" r32="0" r33="0.08715618" r34="0" r41="699.85675" r42="304.9953" r43="2441.243" r44="1"></containerEntry>
          <containerEntry r11="0.98242134" r12="0" r13="-0.18668221" r14="0" r21="0" r22="1" r23="0" r24="0" r31="0.18668221" r32="0" r33="0.98242134" r34="0" r41="766.00183" r42="295.20654" r43="2485.8276" r44="1"></containerEntry>
          <containerEntry r11="0.90630835" r12="0" r13="0.42261943" r14="0" r21="0" r22="1" r23="0" r24="0" r31="-0.42261943" r32="0" r33="0.90630835" r34="0" r41="724.1965" r42="299.96292" r43="2477.6482" r44="1"></containerEntry>
          <containerEntry r11="0.9659268" r12="0" r13="-0.25881895" r14="0" r21="0" r22="1" r23="0" r24="0" r31="0.25881895" r32="0" r33="0.9659268" r34="0" r41="763.39264" r42="307.1861" r43="2471.177" r44="1"></containerEntry>
        </property>
        <property name="colors" type="UInt32" container="DynamicArray" arraySize="4">
          <containerEntry>4294967295</containerEntry>
          <containerEntry>4294967295</containerEntry>
          <containerEntry>4294967295</containerEntry>
          <containerEntry>4294967295</containerEntry>
        </property>
      </staticProperties>
      <dynamicProperties></dynamicProperties>
    </entity>
    <entity class="TexturePackLoadConditioner" classVersion="0" classID="0x48" addr="0x2D7CB10" id="0x0">
      <staticProperties>
        <property name="name" type="String" container="StaticArray" arraySize="1">
          <containerEntry>TexturePackLoadConditioner0000</containerEntry>
        </property>
        <property name="dataSet" type="EntityHandle" container="StaticArray" arraySize="1">
          <containerEntry>0x2F52E00</containerEntry>
        </property>
        <property name="texturePackPath" type="Path" container="StaticArray" arraySize="1">
          <containerEntry hash="0xB8A0BF169F98"></containerEntry>
        </property>
      </staticProperties>
      <dynamicProperties></dynamicProperties>
    </entity>
  </entities>
</fox>