<fox formatVersion="2" fileVersion="0">
  <entities>
    <entity class="DataSet" classVersion="0" classID="0xE8" addr="0x2EF1EB0" id="0xC78B3E">
      <staticProperties>
        <property name="name" type="String" container="StaticArray" arraySize="1">
          <containerEntry hash="0xB8A0BF169F98"></containerEntry>
        </property>
        <property name="dataSet" type="EntityHandle" container="StaticArray" arraySize="1">
          <containerEntry>0x0</containerEntry>
        </property>
        <property name="dataList" type="EntityPtr" container="StringMap" arraySize="8">
          <containerEntry key="StaticModelArray0000">
            <data>0x2D7C410</data>
          </containerEntry>
          <containerEntry key="StaticModelArray0001">
            <data>0x2D7C480</data>
          </containerEntry>
          <containerEntry key="StaticModelArray0002">
            <data>0x2D7C560</data>
          </containerEntry>
          <containerEntry key="StaticModelArray0003">
            <data>0x2D7C4F0</data>
          </containerEntry>
          <containerEntry key="StaticModelArray0004">
            <data>0x2D7C020</data>
          </containerEntry>
          <containerEntry key="StaticModelArray0005">
            <data>0x2EF23F0</data>
          </containerEntry>
          <containerEntry key="StaticModelArray0006">
            <data>0x2D7C3A0</data>
          </containerEntry>
          <containerEntry key="TexturePackLoadConditioner0000">
            <data>0x2D7CB80</data>
          </containerEntry>
        </property>
      </staticProperties>
      <dynamicProperties></dynamicProperties>
    </entity>
    <entity class="StaticModelArray" classVersion="4" classID="0xD0" addr="0x2D7C410" id="0x0">
      <staticProperties>
        <property name="name" type="String" container="StaticArray" arraySize="1">
          <containerEntry>StaticModelArray0000</containerEntry>
        </property>
        <property name="dataSet" type="EntityHandle" container="StaticArray" arraySize="1">
          <containerEntry>0x2EF1EB0</containerEntry>
        </property>
        <property name="modelFile" type="FilePtr" container="StaticArray" arraySize="1">
          <containerEntry>/Assets/tpp/environ/object/middle_africa/cliff/mafr_clff003/scenes/mafr_clff003.fmdl</containerEntry>
        </property>
        <property name="geomFile" type="FilePtr" container="StaticArray" arraySize="1">
          <containerEntry>/Assets/tpp/environ/object/middle_africa/cliff/mafr_clff003/scenes/mafr_clff003.geom</containerEntry>
        </property>
        <property name="isVisibleGeom" type="Bool" container="StaticArray" arraySize="1">
          <containerEntry>false</containerEntry>
        </property>
        <property name="lodFarSize" type="Float" container="StaticArray" arraySize="1">
          <containerEntry>50</containerEntry>
        </property>
        <property name="lodNearSize" type="Float" container="StaticArray" arraySize="1">
          <containerEntry>400</containerEntry>
        </property>
        <property name="lodPolygonSize" type="Float" container="StaticArray" arraySize="1">
          <containerEntry>-1</containerEntry>
        </property>
        <property name="drawRejectionLevel" type="Int32" container="StaticArray" arraySize="1">
          <containerEntry>7</containerEntry>
        </property>
        <property name="drawMode" type="Int32" container="StaticArray" arraySize="1">
          <containerEntry>0</containerEntry>
        </property>
        <property name="rejectFarRangeShadowCast" type="Int32" container="StaticArray" arraySize="1">
          <containerEntry>2</containerEntry>
        </property>
        <property name="parentLocator" type="EntityLink" container="StaticArray" arraySize="1">
          <containerEntry packagePathHash="0xB8A0BF169F98" archivePathHash="0xB8A0BF169F98" nameInArchiveHash="0xB8A0BF169F98">0x0</containerEntry>
        </property>
        <property name="transforms" type="Matrix4" container="DynamicArray" arraySize="2">
          <containerEntry r11="0.18456125" r12="0.061324216" r13="-0.9809011" r14="0" r21="-0.011338949" r22="0.9981179" r23="0.060267117" r24="0" r31="0.98274976" r32="-6.034934e-07" r33="0.18490906" r34="0" r41="2350.1675" r42="109.061966" r43="-1177.1996" r44="1"></containerEntry>
          <containerEntry r11="-0.045816384" r12="0" r13="-0.9989435" r14="0" r21="0" r22="1" r23="0" r24="0" r31="0.99894255" r32="0" r33="-0.04581634" r34="0" r41="2353.1047" r42="113.88012" r43="-1245.3776" r44="1"></containerEntry>
        </property>
        <property name="colors" type="UInt32" container="DynamicArray" arraySize="2">
          <containerEntry>4294967295</containerEntry>
          <containerEntry>4294967295</containerEntry>
        </property>
      </staticProperties>
      <dynamicProperties></dynamicProperties>
    </entity>
    <entity class="StaticModelArray" classVersion="4" classID="0xD0" addr="0x2D7C480" id="0x0">
      <staticProperties>
        <property name="name" type="String" container="StaticArray" arraySize="1">
          <containerEntry>StaticModelArray0001</containerEntry>
        </property>
        <property name="dataSet" type="EntityHandle" container="StaticArray" arraySize="1">
          <containerEntry>0x2EF1EB0</containerEntry>
        </property>
        <property name="modelFile" type="FilePtr" container="StaticArray" arraySize="1">
          <containerEntry>/Assets/tpp/environ/object/middle_africa/tree/mafr_tree032/scenes/mafr_tree032.fmdl</containerEntry>
        </property>
        <property name="geomFile" type="FilePtr" container="StaticArray" arraySize="1">
          <containerEntry>/Assets/tpp/environ/object/middle_africa/tree/mafr_tree032/scenes/mafr_tree032.geom</containerEntry>
        </property>
        <property name="isVisibleGeom" type="Bool" container="StaticArray" arraySize="1">
          <containerEntry>false</containerEntry>
        </property>
        <property name="lodFarSize" type="Float" container="StaticArray" arraySize="1">
          <containerEntry>-1</containerEntry>
        </property>
        <property name="lodNearSize" type="Float" container="StaticArray" arraySize="1">
          <containerEntry>-1</containerEntry>
        </property>
        <property name="lodPolygonSize" type="Float" container="StaticArray" arraySize="1">
          <containerEntry>-1</containerEntry>
        </property>
        <property name="drawRejectionLevel" type="Int32" container="StaticArray" arraySize="1">
          <containerEntry>8</containerEntry>
        </property>
        <property name="drawMode" type="Int32" container="StaticArray" arraySize="1">
          <containerEntry>0</containerEntry>
        </property>
        <property name="rejectFarRangeShadowCast" type="Int32" container="StaticArray" arraySize="1">
          <containerEntry>2</containerEntry>
        </property>
        <property name="parentLocator" type="EntityLink" container="StaticArray" arraySize="1">
          <containerEntry packagePathHash="0xB8A0BF169F98" archivePathHash="0xB8A0BF169F98" nameInArchiveHash="0xB8A0BF169F98">0x0</containerEntry>
        </property>
        <property name="transforms" type="Matrix4" container="DynamicArray" arraySize="12">
          <containerEntry r11="0.5099979" r12="0" r13="-0.6292869" r14="0" r21="0" r22="0.81" r23="0" r24="0" r31="0.6292869" r32="0" r33="0.5099979" r34="0" r41="2358.88" r42="106.89686" r43="-1149.4863" r44="1"></containerEntry>
          <containerEntry r11="0.7333683" r12="0.20905852" r13="-0.27306682" r14="0" r21="-0.19591792" r22="0.7825564" r23="0.072949514" r24="0" r31="0.2826431" r32="-2.3234635e-07" r33="0.75908685" r34="0" r41="2348.5105" r42="108.4385" r43="-1148.142" r44="1"></containerEntry>
          <containerEntry r11="0.7357141" r12="0" r13="0.33885804" r14="0" r21="0" r22="0.81" r23="0" r24="0" r31="-0.33885804" r32="0" r33="0.7357141" r34="0" r41="2357.453" r42="109.22672" r43="-1181.0249" r44="1"></containerEntry>
          <containerEntry r11="-0.14674199" r12="0" r13="0.796598" r14="0" r21="0" r22="0.81" r23="0" r24="0" r31="-0.796598" r32="0" r33="-0.14674199" r34="0" r41="2370.1794" r42="97.7744" r43="-1180.5819" r44="1"></containerEntry>
          <containerEntry r11="-0.6475827" r12="0" r13="0.48656026" r14="0" r21="0" r22="0.81" r23="0" r24="0" r31="-0.48656026" r32="0" r33="-0.6475827" r34="0" r41="2364.8796" r42="113.17155" r43="-1215.6213" r44="1"></containerEntry>
          <containerEntry r11="-0.43829957" r12="0" r13="0.68117505" r14="0" r21="0" r22="0.81" r23="0" r24="0" r31="-0.68117505" r32="0" r33="-0.43829957" r34="0" r41="2350.9055" r42="107.00961" r43="-1202.555" r44="1"></containerEntry>
          <containerEntry r11="-0.1744544" r12="0" r13="0.7909957" r14="0" r21="0" r22="0.588868" r23="0" r24="0" r31="-0.7909957" r32="0" r33="-0.1744544" r34="0" r41="2358.2686" r42="115.69159" r43="-1221.034" r44="1"></containerEntry>
          <containerEntry r11="0.64293295" r12="0" r13="0.47606435" r14="0" r21="0" r22="0.8" r23="0" r24="0" r31="-0.47606435" r32="0" r33="0.64293295" r34="0" r41="2364.382" r42="112.496124" r43="-1241.0446" r44="1"></containerEntry>
          <containerEntry r11="0.38651735" r12="-0.07829743" r13="-0.9189522" r14="0" r21="0.026040435" r22="0.8551985" r23="-0.06191263" r24="0" r31="0.921782" r32="4.1350722e-07" r33="0.3877076" r34="0" r41="2370.9355" r42="101.80678" r43="-1245.4631" r44="1"></containerEntry>
          <containerEntry r11="-0.12588634" r12="-0.067818716" r13="-0.9897229" r14="0" r21="0.02604027" r22="0.8551985" r23="-0.061912835" r24="0" r31="0.99157923" r32="-0.039129704" r33="-0.12344116" r34="0" r41="2354.6245" r42="114.304375" r43="-1254.5891" r44="1"></containerEntry>
          <containerEntry r11="-0.98697025" r12="0.069570735" r13="-0.1450714" r14="0" r21="0.05734496" r22="0.8556745" r23="0.020211244" r24="0" r31="0.14634569" r32="0.013556031" r33="-0.98913866" r34="0" r41="2351.8743" r42="109.44387" r43="-1270.7825" r44="1"></containerEntry>
          <containerEntry r11="0.2566154" r12="0" r13="-0.76827836" r14="0" r21="0" r22="0.609149" r23="0" r24="0" r31="0.76827836" r32="0" r33="0.2566154" r34="0" r41="2367.4966" r42="113.57448" r43="-1219.1014" r44="1"></containerEntry>
        </property>
        <property name="colors" type="UInt32" container="DynamicArray" arraySize="12">
          <containerEntry>4294967295</containerEntry>
          <containerEntry>4294967295</containerEntry>
          <containerEntry>4294967295</containerEntry>
          <containerEntry>4294967295</containerEntry>
          <containerEntry>4294967295</containerEntry>
          <containerEntry>4294967295</containerEntry>
          <containerEntry>4294967295</containerEntry>
          <containerEntry>4294967295</containerEntry>
          <containerEntry>4294967295</containerEntry>
          <containerEntry>4294967295</containerEntry>
          <containerEntry>4294967295</containerEntry>
          <containerEntry>4294967295</containerEntry>
        </property>
      </staticProperties>
      <dynamicProperties></dynamicProperties>
    </entity>
    <entity class="StaticModelArray" classVersion="4" classID="0xD0" addr="0x2D7C560" id="0x0">
      <staticProperties>
        <property name="name" type="String" container="StaticArray" arraySize="1">
          <containerEntry>StaticModelArray0002</containerEntry>
        </property>
        <property name="dataSet" type="EntityHandle" container="StaticArray" arraySize="1">
          <containerEntry>0x2EF1EB0</containerEntry>
        </property>
        <property name="modelFile" type="FilePtr" container="StaticArray" arraySize="1">
          <containerEntry>/Assets/tpp/environ/object/middle_africa/cliff/mafr_clff003/scenes/mafr_clff003.fmdl</containerEntry>
        </property>
        <property name="geomFile" type="FilePtr" container="StaticArray" arraySize="1">
          <containerEntry>/Assets/tpp/environ/object/middle_africa/cliff/mafr_clff003/scenes/mafr_clff003.geom</containerEntry>
        </property>
        <property name="isVisibleGeom" type="Bool" container="StaticArray" arraySize="1">
          <containerEntry>false</containerEntry>
        </property>
        <property name="lodFarSize" type="Float" container="StaticArray" arraySize="1">
          <containerEntry>50</containerEntry>
        </property>
        <property name="lodNearSize" type="Float" container="StaticArray" arraySize="1">
          <containerEntry>400</containerEntry>
        </property>
        <property name="lodPolygonSize" type="Float" container="StaticArray" arraySize="1">
          <containerEntry>-1</containerEntry>
        </property>
        <property name="drawRejectionLevel" type="Int32" container="StaticArray" arraySize="1">
          <containerEntry>8</containerEntry>
        </property>
        <property name="drawMode" type="Int32" container="StaticArray" arraySize="1">
          <containerEntry>0</containerEntry>
        </property>
        <property name="rejectFarRangeShadowCast" type="Int32" container="StaticArray" arraySize="1">
          <containerEntry>2</containerEntry>
        </property>
        <property name="parentLocator" type="EntityLink" container="StaticArray" arraySize="1">
          <containerEntry packagePathHash="0xB8A0BF169F98" archivePathHash="0xB8A0BF169F98" nameInArchiveHash="0xB8A0BF169F98">0x0</containerEntry>
        </property>
        <property name="transforms" type="Matrix4" container="DynamicArray" arraySize="2">
          <containerEntry r11="-0.42401463" r12="0" r13="-0.9056482" r14="0" r21="0" r22="1" r23="0" r24="0" r31="0.9056473" r32="0" r33="-0.42401424" r34="0" r41="2405.6147" r42="76.37013" r43="-1231.9775" r44="1"></containerEntry>
          <containerEntry r11="0.1745519" r12="0" r13="-0.9846476" r14="0" r21="0" r22="1" r23="0" r24="0" r31="0.9846476" r32="0" r33="0.1745519" r34="0" r41="2374.027" r42="86.355484" r43="-1185.3839" r44="1"></containerEntry>
        </property>
        <property name="colors" type="UInt32" container="DynamicArray" arraySize="2">
          <containerEntry>4294967295</containerEntry>
          <containerEntry>4294967295</containerEntry>
        </property>
      </staticProperties>
      <dynamicProperties></dynamicProperties>
    </entity>
    <entity class="StaticModelArray" classVersion="4" classID="0xD0" addr="0x2D7C4F0" id="0x0">
      <staticProperties>
        <property name="name" type="String" container="StaticArray" arraySize="1">
          <containerEntry>StaticModelArray0003</containerEntry>
        </property>
        <property name="dataSet" type="EntityHandle" container="StaticArray" arraySize="1">
          <containerEntry>0x2EF1EB0</containerEntry>
        </property>
        <property name="modelFile" type="FilePtr" container="StaticArray" arraySize="1">
          <containerEntry>/Assets/tpp/environ/object/middle_africa/rock/mafr_rock002/scenes/mafr_rock002.fmdl</containerEntry>
        </property>
        <property name="geomFile" type="FilePtr" container="StaticArray" arraySize="1">
          <containerEntry>/Assets/tpp/environ/object/middle_africa/rock/mafr_rock002/scenes/mafr_rock002.geom</containerEntry>
        </property>
        <property name="isVisibleGeom" type="Bool" container="StaticArray" arraySize="1">
          <containerEntry>false</containerEntry>
        </property>
        <property name="lodFarSize" type="Float" container="StaticArray" arraySize="1">
          <containerEntry>-1</containerEntry>
        </property>
        <property name="lodNearSize" type="Float" container="StaticArray" arraySize="1">
          <containerEntry>-1</containerEntry>
        </property>
        <property name="lodPolygonSize" type="Float" container="StaticArray" arraySize="1">
          <containerEntry>-1</containerEntry>
        </property>
        <property name="drawRejectionLevel" type="Int32" container="StaticArray" arraySize="1">
          <containerEntry>8</containerEntry>
        </property>
        <property name="drawMode" type="Int32" container="StaticArray" arraySize="1">
          <containerEntry>0</containerEntry>
        </property>
        <property name="rejectFarRangeShadowCast" type="Int32" container="StaticArray" arraySize="1">
          <containerEntry>2</containerEntry>
        </property>
        <property name="parentLocator" type="EntityLink" container="StaticArray" arraySize="1">
          <containerEntry packagePathHash="0xB8A0BF169F98" archivePathHash="0xB8A0BF169F98" nameInArchiveHash="0xB8A0BF169F98">0x0</containerEntry>
        </property>
        <property name="transforms" type="Matrix4" container="DynamicArray" arraySize="29">
          <containerEntry r11="1" r12="0" r13="0" r14="0" r21="0" r22="1" r23="0" r24="0" r31="0" r32="0" r33="1" r34="0" r41="2416.6611" r42="76.63731" r43="-1173.7987" r44="1"></containerEntry>
          <containerEntry r11="0.063390315" r12="0" r13="-0.9979884" r14="0" r21="0" r22="1" r23="0" r24="0" r31="0.9979884" r32="0" r33="0.063390315" r34="0" r41="2401.1946" r42="75.76738" r43="-1214.4108" r44="1"></containerEntry>
          <containerEntry r11="-0.9947115" r12="0" r13="0.10270794" r14="0" r21="0" r22="1" r23="0" r24="0" r31="-0.10270794" r32="0" r33="-0.9947115" r34="0" r41="2389.3179" r42="81.65989" r43="-1178.534" r44="1"></containerEntry>
          <containerEntry r11="-0.85935163" r12="0.029318266" r13="-0.5105419" r14="0" r21="0.11157008" r22="0.9850538" r23="-0.13122909" r24="0" r31="0.49906385" r32="-0.1697333" r33="-0.84977865" r34="0" r41="2398.161" r42="80.25855" r43="-1178.9784" r44="1"></containerEntry>
          <containerEntry r11="0.94781107" r12="-0.07188723" r13="-0.31062266" r14="0" r21="0.06831258" r22="0.9974128" r23="-0.022386745" r24="0" r31="0.31142834" r32="-1.0384247e-06" r33="0.95026964" r34="0" r41="2394.3088" r42="77.092896" r43="-1210.2487" r44="1"></containerEntry>
          <containerEntry r11="0.9030539" r12="0" r13="0.42952713" r14="0" r21="0" r22="1" r23="0" r24="0" r31="-0.42952713" r32="0" r33="0.9030539" r34="0" r41="2403.5247" r42="75.76738" r43="-1220.0707" r44="1"></containerEntry>
          <containerEntry r11="-0.7342111" r12="0" r13="0.67891955" r14="0" r21="0" r22="1" r23="0" r24="0" r31="-0.67891955" r32="0" r33="-0.7342111" r34="0" r41="2397.5237" r42="78.64278" r43="-1265.7255" r44="1"></containerEntry>
          <containerEntry r11="-0.3576547" r12="0" r13="-0.9338523" r14="0" r21="0" r22="1" r23="0" r24="0" r31="0.9338523" r32="0" r33="-0.3576547" r34="0" r41="2371.8691" r42="78.92174" r43="-1266.5217" r44="1"></containerEntry>
          <containerEntry r11="-0.7376563" r12="-0.17231098" r13="0.65281695" r14="0" r21="0.0349838" r22="0.9558326" r23="0.29182208" r24="0" r31="-0.6742678" r32="0.23810273" r33="-0.69904774" r34="0" r41="2410.4248" r42="76.37309" r43="-1262.5073" r44="1"></containerEntry>
          <containerEntry r11="0.015265225" r12="-0.16895694" r13="0.9855035" r14="0" r21="0.4367473" r22="0.88775045" r23="0.14543296" r24="0" r31="-0.8994531" r32="0.42819634" r33="0.087343305" r34="0" r41="2423.9463" r42="73.93133" r43="-1263.4418" r44="1"></containerEntry>
          <containerEntry r11="0.3733215" r12="0.086222365" r13="-0.92368615" r14="0" r21="0.17626779" r22="0.97094095" r23="0.16187452" r24="0" r31="0.9108019" r32="-0.2232474" r33="0.3472749" r34="0" r41="2428.7056" r42="73.138695" r43="-1270.7477" r44="1"></containerEntry>
          <containerEntry r11="-0.3576547" r12="0" r13="-0.9338523" r14="0" r21="0" r22="1" r23="0" r24="0" r31="0.9338523" r32="0" r33="-0.3576547" r34="0" r41="2389.484" r42="79.3734" r43="-1267.7938" r44="1"></containerEntry>
          <containerEntry r11="-0.6736664" r12="0.13853681" r13="-0.7259341" r14="0" r21="0.13377887" r22="0.9889051" r23="0.06457522" r24="0" r31="0.7268259" r32="-0.053612486" r33="-0.68472546" r34="0" r41="2398.8716" r42="81.813576" r43="-1166.0217" r44="1"></containerEntry>
          <containerEntry r11="0.18918078" r12="0.026592081" r13="-0.9815829" r14="0" r21="0.029752279" r22="0.9990191" r23="0.032798663" r24="0" r31="0.98149216" r32="-0.035409205" r33="0.18820405" r34="0" r41="2370.9673" r42="82.8634" r43="-1225.2759" r44="1"></containerEntry>
          <containerEntry r11="0.11753863" r12="0" r13="-0.9930673" r14="0" r21="0" r22="1" r23="0" r24="0" r31="0.9930673" r32="0" r33="0.11753863" r34="0" r41="2383.8318" r42="82.44217" r43="-1199.4258" r44="1"></containerEntry>
          <containerEntry r11="0.6316941" r12="-0.09479392" r13="-0.7693998" r14="0" r21="0.09412094" r22="0.99453163" r23="-0.04525593" r24="0" r31="0.76948243" r32="-0.043828808" r33="0.63716185" r34="0" r41="2388.9316" r42="78.39849" r43="-1237.61" r44="1"></containerEntry>
          <containerEntry r11="-0.60866505" r12="0.005801979" r13="-0.79340565" r14="0" r21="0.01104787" r22="0.9999383" r23="-0.001163132" r24="0" r31="0.7933492" r32="-0.009473393" r33="-0.608691" r34="0" r41="2396.018" r42="76.84373" r43="-1242.8973" r44="1"></containerEntry>
          <containerEntry r11="-0.41127637" r12="-0.04011493" r13="0.9106251" r14="0" r21="0.017922748" r22="0.9984821" r23="0.052079856" r24="0" r31="-0.911332" r32="0.037740193" r33="-0.4099331" r34="0" r41="2393.7524" r42="77.97628" r43="-1245.44" r44="1"></containerEntry>
          <containerEntry r11="-0.97387385" r12="0" r13="-0.22707416" r14="0" r21="0" r22="1" r23="0" r24="0" r31="0.22707416" r32="0" r33="-0.97387385" r34="0" r41="2405.2166" r42="79.022545" r43="-1275.6423" r44="1"></containerEntry>
          <containerEntry r11="-0.58777976" r12="0" r13="-0.80902004" r14="0" r21="0" r22="1" r23="0" r24="0" r31="0.80902004" r32="0" r33="-0.58777976" r34="0" r41="2411.2192" r42="74.86034" r43="-1192.6117" r44="1"></containerEntry>
          <containerEntry r11="0.12943338" r12="0" r13="0.99158657" r14="0" r21="0" r22="1" r23="0" r24="0" r31="-0.99158657" r32="0" r33="0.12943338" r34="0" r41="2422.2285" r42="74.1943" r43="-1198.8025" r44="1"></containerEntry>
          <containerEntry r11="0.3604187" r12="0" r13="-0.9327881" r14="0" r21="0" r22="1" r23="0" r24="0" r31="0.9327881" r32="0" r33="0.3604187" r34="0" r41="2411.6938" r42="74.48963" r43="-1206.0499" r44="1"></containerEntry>
          <containerEntry r11="-0.58777976" r12="0" r13="-0.80902004" r14="0" r21="0" r22="1" r23="0" r24="0" r31="0.80902004" r32="0" r33="-0.58777976" r34="0" r41="2413.7185" r42="75.81735" r43="-1181.4591" r44="1"></containerEntry>
          <containerEntry r11="-0.58777916" r12="0" r13="-0.8090192" r14="0" r21="0" r22="1" r23="0" r24="0" r31="0.8090192" r32="0" r33="-0.58777916" r34="0" r41="2408.574" r42="76.9196" r43="-1186.3049" r44="1"></containerEntry>
          <containerEntry r11="1" r12="0" r13="0" r14="0" r21="0" r22="1" r23="0" r24="0" r31="0" r32="0" r33="1" r34="0" r41="2421.9463" r42="73.88956" r43="-1187.1493" r44="1"></containerEntry>
          <containerEntry r11="3.4489012" r12="-0.07005969" r13="4.909191" r14="0" r21="0.0022832835" r22="5.9994116" r23="0.08401423" r24="0" r31="-4.909691" r32="-0.0464246" r33="3.4485893" r34="0" r41="2325.0774" r42="115.484566" r43="-1265.3014" r44="1"></containerEntry>
          <containerEntry r11="-1.1246086" r12="-0.23363936" r13="4.866272" r14="0" r21="1.250702" r22="4.8130255" r23="0.52012455" r24="0" r31="-4.7086024" r32="1.3342404" r33="-1.0241109" r34="0" r41="2343.2053" r42="114.05503" r43="-1208.8783" r44="1"></containerEntry>
          <containerEntry r11="-1.246003" r12="0.23397732" r13="5.8645287" r14="0" r21="1.0511557" r22="5.907192" r23="-0.01234594" r24="0" r31="-5.7742977" r32="1.0248587" r33="-1.267721" r34="0" r41="2324.1313" r42="111.12154" r43="-1150.8318" r44="1"></containerEntry>
          <containerEntry r11="-0.6560983" r12="-0.027559543" r13="0.7541676" r14="0" r21="0.017921884" r22="0.99848217" r23="0.0520789" r24="0" r31="-0.7544581" r32="0.047685124" r33="-0.6546085" r34="0" r41="2404.2668" r42="76.99313" r43="-1236.9575" r44="1"></containerEntry>
        </property>
        <property name="colors" type="UInt32" container="DynamicArray" arraySize="29">
          <containerEntry>4294967295</containerEntry>
          <containerEntry>4294967295</containerEntry>
          <containerEntry>4294967295</containerEntry>
          <containerEntry>4294967295</containerEntry>
          <containerEntry>4294967295</containerEntry>
          <containerEntry>4294967295</containerEntry>
          <containerEntry>4294967295</containerEntry>
          <containerEntry>4294967295</containerEntry>
          <containerEntry>4294967295</containerEntry>
          <containerEntry>4294967295</containerEntry>
          <containerEntry>4294967295</containerEntry>
          <containerEntry>4294967295</containerEntry>
          <containerEntry>4294967295</containerEntry>
          <containerEntry>4294967295</containerEntry>
          <containerEntry>4294967295</containerEntry>
          <containerEntry>4294967295</containerEntry>
          <containerEntry>4294967295</containerEntry>
          <containerEntry>4294967295</containerEntry>
          <containerEntry>4294967295</containerEntry>
          <containerEntry>4294967295</containerEntry>
          <containerEntry>4294967295</containerEntry>
          <containerEntry>4294967295</containerEntry>
          <containerEntry>4294967295</containerEntry>
          <containerEntry>4294967295</containerEntry>
          <containerEntry>4294967295</containerEntry>
          <containerEntry>4294967295</containerEntry>
          <containerEntry>4294967295</containerEntry>
          <containerEntry>4294967295</containerEntry>
          <containerEntry>4294967295</containerEntry>
        </property>
      </staticProperties>
      <dynamicProperties></dynamicProperties>
    </entity>
    <entity class="StaticModelArray" classVersion="4" classID="0xD0" addr="0x2D7C020" id="0x0">
      <staticProperties>
        <property name="name" type="String" container="StaticArray" arraySize="1">
          <containerEntry>StaticModelArray0004</containerEntry>
        </property>
        <property name="dataSet" type="EntityHandle" container="StaticArray" arraySize="1">
          <containerEntry>0x2EF1EB0</containerEntry>
        </property>
        <property name="modelFile" type="FilePtr" container="StaticArray" arraySize="1">
          <containerEntry>/Assets/tpp/environ/object/middle_africa/rock/mafr_rock010/scenes/mafr_rock010.fmdl</containerEntry>
        </property>
        <property name="geomFile" type="FilePtr" container="StaticArray" arraySize="1">
          <containerEntry>/Assets/tpp/environ/object/middle_africa/rock/mafr_rock010/scenes/mafr_rock010.geom</containerEntry>
        </property>
        <property name="isVisibleGeom" type="Bool" container="StaticArray" arraySize="1">
          <containerEntry>false</containerEntry>
        </property>
        <property name="lodFarSize" type="Float" container="StaticArray" arraySize="1">
          <containerEntry>-1</containerEntry>
        </property>
        <property name="lodNearSize" type="Float" container="StaticArray" arraySize="1">
          <containerEntry>-1</containerEntry>
        </property>
        <property name="lodPolygonSize" type="Float" container="StaticArray" arraySize="1">
          <containerEntry>-1</containerEntry>
        </property>
        <property name="drawRejectionLevel" type="Int32" container="StaticArray" arraySize="1">
          <containerEntry>8</containerEntry>
        </property>
        <property name="drawMode" type="Int32" container="StaticArray" arraySize="1">
          <containerEntry>0</containerEntry>
        </property>
        <property name="rejectFarRangeShadowCast" type="Int32" container="StaticArray" arraySize="1">
          <containerEntry>2</containerEntry>
        </property>
        <property name="parentLocator" type="EntityLink" container="StaticArray" arraySize="1">
          <containerEntry packagePathHash="0xB8A0BF169F98" archivePathHash="0xB8A0BF169F98" nameInArchiveHash="0xB8A0BF169F98">0x0</containerEntry>
        </property>
        <property name="transforms" type="Matrix4" container="DynamicArray" arraySize="4">
          <containerEntry r11="0.98048484" r12="-0.19659472" r13="7.50646e-07" r14="0" r21="0.18934062" r22="0.9443052" r23="-0.26914293" r24="0" r31="0.052911334" r32="0.26389068" r33="0.9631003" r34="0" r41="2428.271" r42="74.3739" r43="-1167.9087" r44="1"></containerEntry>
          <containerEntry r11="0.98048484" r12="-0.19659472" r13="7.50646e-07" r14="0" r21="0.18934062" r22="0.9443052" r23="-0.26914293" r24="0" r31="0.052911334" r32="0.26389068" r33="0.9631003" r34="0" r41="2416.5217" r42="77.06481" r43="-1159.5051" r44="1"></containerEntry>
          <containerEntry r11="0.9535892" r12="0.043311685" r13="0.2979796" r14="0" r21="0.017340899" r22="0.9800593" r23="-0.19794708" r24="0" r31="-0.30061108" r32="0.19392744" r33="0.93382293" r34="0" r41="2435.6174" r42="68.45963" r43="-1212.7025" r44="1"></containerEntry>
          <containerEntry r11="0.445851" r12="0.2129806" r13="1.093553" r14="0" r21="0.020809392" r22="1.1760713" r23="-0.2375363" r24="0" r31="-1.1139057" r32="0.10721844" r33="0.43326712" r34="0" r41="2466.7078" r42="67.72615" r43="-1253.0857" r44="1"></containerEntry>
        </property>
        <property name="colors" type="UInt32" container="DynamicArray" arraySize="4">
          <containerEntry>4294967295</containerEntry>
          <containerEntry>4294967295</containerEntry>
          <containerEntry>4294967295</containerEntry>
          <containerEntry>4294967295</containerEntry>
        </property>
      </staticProperties>
      <dynamicProperties></dynamicProperties>
    </entity>
    <entity class="StaticModelArray" classVersion="4" classID="0xD0" addr="0x2EF23F0" id="0x0">
      <staticProperties>
        <property name="name" type="String" container="StaticArray" arraySize="1">
          <containerEntry>StaticModelArray0005</containerEntry>
        </property>
        <property name="dataSet" type="EntityHandle" container="StaticArray" arraySize="1">
          <containerEntry>0x2EF1EB0</containerEntry>
        </property>
        <property name="modelFile" type="FilePtr" container="StaticArray" arraySize="1">
          <containerEntry>/Assets/tpp/environ/object/middle_africa/rock/mafr_rock011/scenes/mafr_rock011.fmdl</containerEntry>
        </property>
        <property name="geomFile" type="FilePtr" container="StaticArray" arraySize="1">
          <containerEntry>/Assets/tpp/environ/object/middle_africa/rock/mafr_rock011/scenes/mafr_rock011.geom</containerEntry>
        </property>
        <property name="isVisibleGeom" type="Bool" container="StaticArray" arraySize="1">
          <containerEntry>false</containerEntry>
        </property>
        <property name="lodFarSize" type="Float" container="StaticArray" arraySize="1">
          <containerEntry>-1</containerEntry>
        </property>
        <property name="lodNearSize" type="Float" container="StaticArray" arraySize="1">
          <containerEntry>-1</containerEntry>
        </property>
        <property name="lodPolygonSize" type="Float" container="StaticArray" arraySize="1">
          <containerEntry>-1</containerEntry>
        </property>
        <property name="drawRejectionLevel" type="Int32" container="StaticArray" arraySize="1">
          <containerEntry>8</containerEntry>
        </property>
        <property name="drawMode" type="Int32" container="StaticArray" arraySize="1">
          <containerEntry>0</containerEntry>
        </property>
        <property name="rejectFarRangeShadowCast" type="Int32" container="StaticArray" arraySize="1">
          <containerEntry>2</containerEntry>
        </property>
        <property name="parentLocator" type="EntityLink" container="StaticArray" arraySize="1">
          <containerEntry packagePathHash="0xB8A0BF169F98" archivePathHash="0xB8A0BF169F98" nameInArchiveHash="0xB8A0BF169F98">0x0</containerEntry>
        </property>
        <property name="transforms" type="Matrix4" container="DynamicArray" arraySize="2">
          <containerEntry r11="0.403972" r12="0.12055482" r13="0.90679204" r14="0" r21="-0.51231056" r22="0.85105383" r23="0.11508709" r24="0" r31="-0.75785434" r32="-0.51105154" r33="0.4055636" r34="0" r41="2392.4153" r42="76.11824" r43="-1225.7825" r44="1"></containerEntry>
          <containerEntry r11="0.14229843" r12="0.02934967" r13="0.9893896" r14="0" r21="-0.28416055" r22="0.9586962" r23="0.012430355" r24="0" r31="-0.9481593" r32="-0.28291398" r33="0.1447609" r34="0" r41="2400.6184" r42="79.82732" r43="-1156.2634" r44="1"></containerEntry>
        </property>
        <property name="colors" type="UInt32" container="DynamicArray" arraySize="2">
          <containerEntry>4294967295</containerEntry>
          <containerEntry>4294967295</containerEntry>
        </property>
      </staticProperties>
      <dynamicProperties></dynamicProperties>
    </entity>
    <entity class="StaticModelArray" classVersion="4" classID="0xD0" addr="0x2D7C3A0" id="0x0">
      <staticProperties>
        <property name="name" type="String" container="StaticArray" arraySize="1">
          <containerEntry>StaticModelArray0006</containerEntry>
        </property>
        <property name="dataSet" type="EntityHandle" container="StaticArray" arraySize="1">
          <containerEntry>0x2EF1EB0</containerEntry>
        </property>
        <property name="modelFile" type="FilePtr" container="StaticArray" arraySize="1">
          <containerEntry>/Assets/tpp/environ/object/middle_africa/tree/mafr_tree038/scenes/mafr_tree038.fmdl</containerEntry>
        </property>
        <property name="geomFile" type="FilePtr" container="StaticArray" arraySize="1">
          <containerEntry>/Assets/tpp/environ/object/middle_africa/tree/mafr_tree038/scenes/mafr_tree038.geom</containerEntry>
        </property>
        <property name="isVisibleGeom" type="Bool" container="StaticArray" arraySize="1">
          <containerEntry>false</containerEntry>
        </property>
        <property name="lodFarSize" type="Float" container="StaticArray" arraySize="1">
          <containerEntry>50</containerEntry>
        </property>
        <property name="lodNearSize" type="Float" container="StaticArray" arraySize="1">
          <containerEntry>400</containerEntry>
        </property>
        <property name="lodPolygonSize" type="Float" container="StaticArray" arraySize="1">
          <containerEntry>-1</containerEntry>
        </property>
        <property name="drawRejectionLevel" type="Int32" container="StaticArray" arraySize="1">
          <containerEntry>8</containerEntry>
        </property>
        <property name="drawMode" type="Int32" container="StaticArray" arraySize="1">
          <containerEntry>0</containerEntry>
        </property>
        <property name="rejectFarRangeShadowCast" type="Int32" container="StaticArray" arraySize="1">
          <containerEntry>2</containerEntry>
        </property>
        <property name="parentLocator" type="EntityLink" container="StaticArray" arraySize="1">
          <containerEntry packagePathHash="0xB8A0BF169F98" archivePathHash="0xB8A0BF169F98" nameInArchiveHash="0xB8A0BF169F98">0x0</containerEntry>
        </property>
        <property name="transforms" type="Matrix4" container="DynamicArray" arraySize="7">
          <containerEntry r11="0.16136447" r12="0" r13="0.78355706" r14="0" r21="0" r22="0.8" r23="0" r24="0" r31="-0.78355706" r32="0" r33="0.16136447" r34="0" r41="2349.8489" r42="104.6709" r43="-1186.2987" r44="1"></containerEntry>
          <containerEntry r11="0.9398309" r12="0" r13="0.34164006" r14="0" r21="0" r22="1" r23="0" r24="0" r31="-0.34164006" r32="0" r33="0.9398309" r34="0" r41="2318.3086" r42="110.41614" r43="-1211.6832" r44="1"></containerEntry>
          <containerEntry r11="0.62687135" r12="-3.9935114e-07" r13="-0.49702358" r14="0" r21="0.13638346" r22="0.76929253" r23="0.17201321" r24="0" r31="0.47794563" r32="-0.2195199" r33="0.60280937" r34="0" r41="2350.7732" r42="108.094666" r43="-1229.1257" r44="1"></containerEntry>
          <containerEntry r11="-0.09013312" r12="0.034018088" r13="-0.79417807" r14="0" r21="0.25640747" r22="0.75778884" r23="0.0033591152" r24="0" r31="0.75241697" r32="-0.25416303" r33="-0.09628048" r34="0" r41="2359.1294" r42="109.35922" r43="-1257.1349" r44="1"></containerEntry>
          <containerEntry r11="-0.8332229" r12="0" r13="0.55294603" r14="0" r21="0" r22="1" r23="0" r24="0" r31="-0.55294603" r32="0" r33="-0.8332229" r34="0" r41="2322.9714" r42="107.53781" r43="-1231.8186" r44="1"></containerEntry>
          <containerEntry r11="0.7015871" r12="-0.0014133304" r13="0.7125817" r14="0" r21="0.11295488" r22="0.98757523" r23="-0.109253064" r24="0" r31="-0.70357364" r32="0.15714018" r33="0.69302964" r34="0" r41="2312.0103" r42="115.99956" r43="-1252.3599" r44="1"></containerEntry>
          <containerEntry r11="0.78358907" r12="0" r13="-0.62127966" r14="0" r21="0" r22="1" r23="0" r24="0" r31="0.62127966" r32="0" r33="0.78358907" r34="0" r41="2378.3506" r42="80.7765" r43="-1272.4884" r44="1"></containerEntry>
        </property>
        <property name="colors" type="UInt32" container="DynamicArray" arraySize="7">
          <containerEntry>4294967295</containerEntry>
          <containerEntry>4294967295</containerEntry>
          <containerEntry>4294967295</containerEntry>
          <containerEntry>4294967295</containerEntry>
          <containerEntry>4294967295</containerEntry>
          <containerEntry>4294967295</containerEntry>
          <containerEntry>4294967295</containerEntry>
        </property>
      </staticProperties>
      <dynamicProperties></dynamicProperties>
    </entity>
    <entity class="TexturePackLoadConditioner" classVersion="0" classID="0x48" addr="0x2D7CB80" id="0x0">
      <staticProperties>
        <property name="name" type="String" container="StaticArray" arraySize="1">
          <containerEntry>TexturePackLoadConditioner0000</containerEntry>
        </property>
        <property name="dataSet" type="EntityHandle" container="StaticArray" arraySize="1">
          <containerEntry>0x2EF1EB0</containerEntry>
        </property>
        <property name="texturePackPath" type="Path" container="StaticArray" arraySize="1">
          <containerEntry hash="0xB8A0BF169F98"></containerEntry>
        </property>
      </staticProperties>
      <dynamicProperties></dynamicProperties>
    </entity>
  </entities>
</fox>