<fox formatVersion="2" fileVersion="0">
  <entities>
    <entity class="DataSet" classVersion="0" classID="0xE8" addr="0x317DDE0" id="0x191D95">
      <staticProperties>
        <property name="name" type="String" container="StaticArray" arraySize="1">
          <containerEntry hash="0xB8A0BF169F98"></containerEntry>
        </property>
        <property name="dataSet" type="EntityHandle" container="StaticArray" arraySize="1">
          <containerEntry>0x0</containerEntry>
        </property>
        <property name="dataList" type="EntityPtr" container="StringMap" arraySize="9">
          <containerEntry key="StaticModelArray0000">
            <data>0x7291BA0</data>
          </containerEntry>
          <containerEntry key="StaticModelArray0001">
            <data>0x7291CF0</data>
          </containerEntry>
          <containerEntry key="StaticModelArray0002">
            <data>0x7291D60</data>
          </containerEntry>
          <containerEntry key="StaticModelArray0003">
            <data>0x7291DD0</data>
          </containerEntry>
          <containerEntry key="StaticModelArray0004">
            <data>0x72919E0</data>
          </containerEntry>
          <containerEntry key="StaticModelArray0005">
            <data>0x72908D0</data>
          </containerEntry>
          <containerEntry key="StaticModelArray0006">
            <data>0x7290780</data>
          </containerEntry>
          <containerEntry key="StaticModelArray0007">
            <data>0x7290860</data>
          </containerEntry>
          <containerEntry key="TexturePackLoadConditioner0000">
            <data>0x7291200</data>
          </containerEntry>
        </property>
      </staticProperties>
      <dynamicProperties></dynamicProperties>
    </entity>
    <entity class="StaticModelArray" classVersion="4" classID="0xD0" addr="0x7291BA0" id="0x0">
      <staticProperties>
        <property name="name" type="String" container="StaticArray" arraySize="1">
          <containerEntry>StaticModelArray0000</containerEntry>
        </property>
        <property name="dataSet" type="EntityHandle" container="StaticArray" arraySize="1">
          <containerEntry>0x317DDE0</containerEntry>
        </property>
        <property name="modelFile" type="FilePtr" container="StaticArray" arraySize="1">
          <containerEntry>/Assets/tpp/environ/object/middle_africa/rock/mafr_rock010/scenes/mafr_rock010.fmdl</containerEntry>
        </property>
        <property name="geomFile" type="FilePtr" container="StaticArray" arraySize="1">
          <containerEntry>/Assets/tpp/environ/object/middle_africa/rock/mafr_rock010/scenes/mafr_rock010.geom</containerEntry>
        </property>
        <property name="isVisibleGeom" type="Bool" container="StaticArray" arraySize="1">
          <containerEntry>false</containerEntry>
        </property>
        <property name="lodFarSize" type="Float" container="StaticArray" arraySize="1">
          <containerEntry>-1</containerEntry>
        </property>
        <property name="lodNearSize" type="Float" container="StaticArray" arraySize="1">
          <containerEntry>-1</containerEntry>
        </property>
        <property name="lodPolygonSize" type="Float" container="StaticArray" arraySize="1">
          <containerEntry>-1</containerEntry>
        </property>
        <property name="drawRejectionLevel" type="Int32" container="StaticArray" arraySize="1">
          <containerEntry>8</containerEntry>
        </property>
        <property name="drawMode" type="Int32" container="StaticArray" arraySize="1">
          <containerEntry>0</containerEntry>
        </property>
        <property name="rejectFarRangeShadowCast" type="Int32" container="StaticArray" arraySize="1">
          <containerEntry>2</containerEntry>
        </property>
        <property name="parentLocator" type="EntityLink" container="StaticArray" arraySize="1">
          <containerEntry packagePathHash="0xB8A0BF169F98" archivePathHash="0xB8A0BF169F98" nameInArchiveHash="0xB8A0BF169F98">0x0</containerEntry>
        </property>
        <property name="transforms" type="Matrix4" container="DynamicArray" arraySize="23">
          <containerEntry r11="0.13506734" r12="-0.06101845" r13="0.9889527" r14="0" r21="-0.13070297" r22="0.9882828" r23="0.078828" r24="0" r31="-0.98217493" r32="-0.13990614" r33="0.12550943" r34="0" r41="2578.7896" r42="77.4297" r43="-1746.9048" r44="1"></containerEntry>
          <containerEntry r11="0.8413687" r12="0.06851215" r13="0.5360954" r14="0" r21="-0.13070308" r22="0.9882827" r23="0.0788292" r24="0" r31="-0.52441305" r32="-0.13639386" r33="0.84046483" r34="0" r41="2566.3975" r42="81.95829" r43="-1753.2407" r44="1"></containerEntry>
          <containerEntry r11="0.999996" r12="0" r13="0" r14="0" r21="0" r22="1" r23="0" r24="0" r31="0" r32="0" r33="0.999996" r34="0" r41="2562.467" r42="79.627014" r43="-1740.5074" r44="1"></containerEntry>
          <containerEntry r11="0.27362677" r12="0" r13="0.96183044" r14="0" r21="0" r22="1" r23="0" r24="0" r31="-0.96183044" r32="0" r33="0.27362677" r34="0" r41="2574.5525" r42="76.20969" r43="-1710.944" r44="1"></containerEntry>
          <containerEntry r11="0.1774984" r12="0" r13="0.98411596" r14="0" r21="0" r22="1" r23="0" r24="0" r31="-0.98411596" r32="0" r33="0.1774984" r34="0" r41="2565.759" r42="77.62721" r43="-1689.2639" r44="1"></containerEntry>
          <containerEntry r11="0.27362704" r12="0" r13="0.96183014" r14="0" r21="0" r22="1" r23="0" r24="0" r31="-0.96183014" r32="0" r33="0.27362704" r34="0" r41="2587.6853" r42="73.14905" r43="-1675.8566" r44="1"></containerEntry>
          <containerEntry r11="-0.820124" r12="0" r13="0.57217616" r14="0" r21="0" r22="1" r23="0" r24="0" r31="-0.57217616" r32="0" r33="-0.820124" r34="0" r41="2577.1924" r42="74.82126" r43="-1675.7882" r44="1"></containerEntry>
          <containerEntry r11="0.27362677" r12="0" r13="0.96183044" r14="0" r21="0" r22="1" r23="0" r24="0" r31="-0.96183044" r32="0" r33="0.27362677" r34="0" r41="2590.0283" r42="72.54121" r43="-1717.6432" r44="1"></containerEntry>
          <containerEntry r11="0.9236993" r12="0.1502708" r13="-0.35240918" r14="0" r21="-0.13070278" r22="0.98828274" r23="0.078828715" r24="0" r31="0.36012557" r32="-0.02675313" r33="0.9325169" r34="0" r41="2601.339" r42="73.3358" r43="-1747.0023" r44="1"></containerEntry>
          <containerEntry r11="0.15094835" r12="-0.10806752" r13="-0.98261386" r14="0" r21="-0.06211926" r22="0.9910051" r23="-0.1185331" r24="0" r31="0.98658496" r32="0.07893162" r33="0.1428775" r34="0" r41="2603.963" r42="74.71076" r43="-1772.3956" r44="1"></containerEntry>
          <containerEntry r11="0.19277717" r12="-0.038022213" r13="0.980502" r14="0" r21="0.17137837" r22="0.9851949" r23="0.004509464" r24="0" r31="-0.96615714" r32="0.16716765" r33="0.19643928" r34="0" r41="2603.5864" r42="71.80407" r43="-1719.173" r44="1"></containerEntry>
          <containerEntry r11="0.9989512" r12="-0.045718268" r13="0.0005751491" r14="0" r21="0.045718405" r22="0.99863786" r23="-0.025143422" r24="0" r31="0.0005751491" r32="0.025143348" r33="0.9996807" r34="0" r41="2620.0293" r42="71.15929" r43="-1759.3572" r44="1"></containerEntry>
          <containerEntry r11="0.99795324" r12="0.06388272" r13="-0.0015326213" r14="0" r21="-0.06388292" r22="0.9968069" r23="-0.047905695" r24="0" r31="-0.0015326213" r32="0.047905553" r33="0.9988477" r34="0" r41="2646.035" r42="68.06784" r43="-1691.6995" r44="1"></containerEntry>
          <containerEntry r11="0.99351954" r12="0.11361388" r13="-0.0022022966" r14="0" r21="-0.11361422" r22="0.9927738" r23="-0.038628034" r24="0" r31="-0.0022022966" r32="0.03862792" r33="0.99924827" r34="0" r41="2664.8481" r42="68.73267" r43="-1709.1771" r44="1"></containerEntry>
          <containerEntry r11="0.03171644" r12="0.0390024" r13="0.9987324" r14="0" r21="-0.14707232" r22="0.98854345" r23="-0.033933997" r24="0" r31="-0.98861396" r32="-0.14580968" r33="0.037089236" r34="0" r41="2638.396" r42="67.55919" r43="-1673.9683" r44="1"></containerEntry>
          <containerEntry r11="0.848417" r12="0.14744636" r13="-0.50837195" r14="0" r21="-0.14124362" r22="0.98865896" r23="0.05102692" r24="0" r31="0.5101301" r32="0.028512254" r33="0.85962087" r34="0" r41="2661.0168" r42="68.719475" r43="-1694.8903" r44="1"></containerEntry>
          <containerEntry r11="-0.39090508" r12="0.14487824" r13="0.9089541" r14="0" r21="0.23588087" r22="0.9703238" r23="-0.05321694" r24="0" r31="-0.8896897" r32="0.1936021" r33="-0.41347846" r34="0" r41="2628.8901" r42="69.565056" r43="-1751.2671" r44="1"></containerEntry>
          <containerEntry r11="0.96136045" r12="-0.17183279" r13="0.21506624" r14="0" r21="0.19033183" r22="0.9793391" r23="-0.06832735" r24="0" r31="-0.1988819" r32="0.1066212" r33="0.97420317" r34="0" r41="2628.839" r42="71.082245" r43="-1760.4463" r44="1"></containerEntry>
          <containerEntry r11="-0.061791506" r12="0.12043923" r13="-0.99079186" r14="0" r21="-0.018549327" r22="0.99238265" r23="0.121789366" r24="0" r31="0.9979128" r32="0.025904195" r33="-0.059086744" r34="0" r41="2665.6218" r42="67.79401" r43="-1766.8138" r44="1"></containerEntry>
          <containerEntry r11="-0.4738919" r12="-0.040107638" r13="0.8796656" r14="0" r21="0.2954258" r22="0.9338251" r23="0.20172828" r24="0" r31="-0.8295447" r32="0.35547334" r33="-0.43068328" r34="0" r41="2666.0808" r42="67.8193" r43="-1770.9336" r44="1"></containerEntry>
          <containerEntry r11="-0.49322087" r12="0.027025858" r13="0.86948" r14="0" r21="0.2487584" r22="0.9621605" r23="0.11120413" r24="0" r31="-0.8335739" r32="0.27113882" r33="-0.4812805" r34="0" r41="2638.488" r42="67.03165" r43="-1717.2941" r44="1"></containerEntry>
          <containerEntry r11="-0.46928757" r12="-0.13395599" r13="0.8728216" r14="0" r21="-0.07106368" r22="0.99095" r23="0.11387698" r24="0" r31="-0.8801772" r32="-0.0085848095" r33="-0.47456" r34="0" r41="2670.0706" r42="67.74157" r43="-1781.951" r44="1"></containerEntry>
          <containerEntry r11="-0.6674115" r12="0" r13="0.7446821" r14="0" r21="0" r22="1" r23="0" r24="0" r31="-0.7446821" r32="0" r33="-0.6674115" r34="0" r41="2566.0632" r42="78.2085" r43="-1712.9886" r44="1"></containerEntry>
        </property>
        <property name="colors" type="UInt32" container="DynamicArray" arraySize="23">
          <containerEntry>4294967295</containerEntry>
          <containerEntry>4294967295</containerEntry>
          <containerEntry>4294967295</containerEntry>
          <containerEntry>4294967295</containerEntry>
          <containerEntry>4294967295</containerEntry>
          <containerEntry>4294967295</containerEntry>
          <containerEntry>4294967295</containerEntry>
          <containerEntry>4294967295</containerEntry>
          <containerEntry>4294967295</containerEntry>
          <containerEntry>4294967295</containerEntry>
          <containerEntry>4294967295</containerEntry>
          <containerEntry>4294967295</containerEntry>
          <containerEntry>4294967295</containerEntry>
          <containerEntry>4294967295</containerEntry>
          <containerEntry>4294967295</containerEntry>
          <containerEntry>4294967295</containerEntry>
          <containerEntry>4294967295</containerEntry>
          <containerEntry>4294967295</containerEntry>
          <containerEntry>4294967295</containerEntry>
          <containerEntry>4294967295</containerEntry>
          <containerEntry>4294967295</containerEntry>
          <containerEntry>4294967295</containerEntry>
          <containerEntry>4294967295</containerEntry>
        </property>
      </staticProperties>
      <dynamicProperties></dynamicProperties>
    </entity>
    <entity class="StaticModelArray" classVersion="4" classID="0xD0" addr="0x7291CF0" id="0x0">
      <staticProperties>
        <property name="name" type="String" container="StaticArray" arraySize="1">
          <containerEntry>StaticModelArray0001</containerEntry>
        </property>
        <property name="dataSet" type="EntityHandle" container="StaticArray" arraySize="1">
          <containerEntry>0x317DDE0</containerEntry>
        </property>
        <property name="modelFile" type="FilePtr" container="StaticArray" arraySize="1">
          <containerEntry>/Assets/tpp/environ/object/middle_africa/tree/mafr_tree038/scenes/mafr_tree038.fmdl</containerEntry>
        </property>
        <property name="geomFile" type="FilePtr" container="StaticArray" arraySize="1">
          <containerEntry>/Assets/tpp/environ/object/middle_africa/tree/mafr_tree038/scenes/mafr_tree038.geom</containerEntry>
        </property>
        <property name="isVisibleGeom" type="Bool" container="StaticArray" arraySize="1">
          <containerEntry>false</containerEntry>
        </property>
        <property name="lodFarSize" type="Float" container="StaticArray" arraySize="1">
          <containerEntry>-1</containerEntry>
        </property>
        <property name="lodNearSize" type="Float" container="StaticArray" arraySize="1">
          <containerEntry>-1</containerEntry>
        </property>
        <property name="lodPolygonSize" type="Float" container="StaticArray" arraySize="1">
          <containerEntry>-1</containerEntry>
        </property>
        <property name="drawRejectionLevel" type="Int32" container="StaticArray" arraySize="1">
          <containerEntry>8</containerEntry>
        </property>
        <property name="drawMode" type="Int32" container="StaticArray" arraySize="1">
          <containerEntry>0</containerEntry>
        </property>
        <property name="rejectFarRangeShadowCast" type="Int32" container="StaticArray" arraySize="1">
          <containerEntry>2</containerEntry>
        </property>
        <property name="parentLocator" type="EntityLink" container="StaticArray" arraySize="1">
          <containerEntry packagePathHash="0xB8A0BF169F98" archivePathHash="0xB8A0BF169F98" nameInArchiveHash="0xB8A0BF169F98">0x0</containerEntry>
        </property>
        <property name="transforms" type="Matrix4" container="DynamicArray" arraySize="2">
          <containerEntry r11="-0.43922567" r12="0" r13="-0.89837515" r14="0" r21="0" r22="1" r23="0" r24="0" r31="0.89837515" r32="0" r33="-0.43922567" r34="0" r41="2603.7178" r42="71.14432" r43="-1696.5898" r44="1"></containerEntry>
          <containerEntry r11="-0.35138056" r12="0" r13="-0.7187001" r14="0" r21="0" r22="0.8" r23="0" r24="0" r31="0.7187001" r32="0" r33="-0.35138056" r34="0" r41="2611.6028" r42="71.14432" r43="-1748.286" r44="1"></containerEntry>
        </property>
        <property name="colors" type="UInt32" container="DynamicArray" arraySize="2">
          <containerEntry>4294967295</containerEntry>
          <containerEntry>4294967295</containerEntry>
        </property>
      </staticProperties>
      <dynamicProperties></dynamicProperties>
    </entity>
    <entity class="StaticModelArray" classVersion="4" classID="0xD0" addr="0x7291D60" id="0x0">
      <staticProperties>
        <property name="name" type="String" container="StaticArray" arraySize="1">
          <containerEntry>StaticModelArray0002</containerEntry>
        </property>
        <property name="dataSet" type="EntityHandle" container="StaticArray" arraySize="1">
          <containerEntry>0x317DDE0</containerEntry>
        </property>
        <property name="modelFile" type="FilePtr" container="StaticArray" arraySize="1">
          <containerEntry>/Assets/tpp/environ/object/middle_africa/tree/mafr_tree032/scenes/mafr_tree032.fmdl</containerEntry>
        </property>
        <property name="geomFile" type="FilePtr" container="StaticArray" arraySize="1">
          <containerEntry>/Assets/tpp/environ/object/middle_africa/tree/mafr_tree032/scenes/mafr_tree032.geom</containerEntry>
        </property>
        <property name="isVisibleGeom" type="Bool" container="StaticArray" arraySize="1">
          <containerEntry>false</containerEntry>
        </property>
        <property name="lodFarSize" type="Float" container="StaticArray" arraySize="1">
          <containerEntry>-1</containerEntry>
        </property>
        <property name="lodNearSize" type="Float" container="StaticArray" arraySize="1">
          <containerEntry>-1</containerEntry>
        </property>
        <property name="lodPolygonSize" type="Float" container="StaticArray" arraySize="1">
          <containerEntry>-1</containerEntry>
        </property>
        <property name="drawRejectionLevel" type="Int32" container="StaticArray" arraySize="1">
          <containerEntry>8</containerEntry>
        </property>
        <property name="drawMode" type="Int32" container="StaticArray" arraySize="1">
          <containerEntry>0</containerEntry>
        </property>
        <property name="rejectFarRangeShadowCast" type="Int32" container="StaticArray" arraySize="1">
          <containerEntry>2</containerEntry>
        </property>
        <property name="parentLocator" type="EntityLink" container="StaticArray" arraySize="1">
          <containerEntry packagePathHash="0xB8A0BF169F98" archivePathHash="0xB8A0BF169F98" nameInArchiveHash="0xB8A0BF169F98">0x0</containerEntry>
        </property>
        <property name="transforms" type="Matrix4" container="DynamicArray" arraySize="16">
          <containerEntry r11="0.29605442" r12="-0.029318655" r13="-0.4018609" r14="0" r21="-0.043177262" r22="0.4934948" r23="-0.06781307" r24="0" r31="0.4006089" r32="0.07485522" r33="0.28967083" r34="0" r41="2680.415" r42="88.17587" r43="-1690.1608" r44="1"></containerEntry>
          <containerEntry r11="0.29158106" r12="-0.01992272" r13="-0.40568927" r14="0" r21="-0.030280447" r22="0.4969423" r23="-0.046167523" r24="0" r31="0.40504786" r32="0.051492043" r33="0.28859138" r34="0" r41="2675.977" r42="86.81846" r43="-1703.4473" r44="1"></containerEntry>
          <containerEntry r11="0.77494854" r12="-0.06929994" r13="-0.18615118" r14="0" r21="0.050649296" r22="0.7938902" r23="-0.084694184" r24="0" r31="0.1920661" r32="0.070256494" r33="0.7734175" r34="0" r41="2672.3953" r42="85.8372" r43="-1670.1274" r44="1"></containerEntry>
          <containerEntry r11="-0.6085717" r12="0" r13="0.22834177" r14="0" r21="0" r22="0.65" r23="0" r24="0" r31="-0.22834177" r32="0" r33="-0.6085717" r34="0" r41="2665.272" r42="86.28352" r43="-1670.097" r44="1"></containerEntry>
          <containerEntry r11="-0.13970152" r12="0.05540264" r13="0.6323867" r14="0" r21="-0.055996116" r22="0.64392024" r23="-0.068783276" r24="0" r31="-0.63233435" r32="-0.0692622" r33="-0.13362199" r34="0" r41="2651.2825" r42="84.65566" r43="-1670.4923" r44="1"></containerEntry>
          <containerEntry r11="-0.36150762" r12="-0.040684216" r13="0.3430114" r14="0" r21="-0.10403442" r22="0.48628834" r23="-0.051966183" r24="0" r31="-0.3293765" r32="-0.10894237" r33="-0.36005902" r34="0" r41="2650.887" r42="75.82673" r43="-1684.6162" r44="1"></containerEntry>
          <containerEntry r11="-0.4346313" r12="-0.108459376" r13="0.47099128" r14="0" r21="-0.1471617" r22="0.63304335" r23="0.0099757165" r24="0" r31="-0.46036902" r32="-0.099963225" r33="-0.44784853" r34="0" r41="2646.469" r42="77.1759" r43="-1671.1704" r44="1"></containerEntry>
          <containerEntry r11="-0.40023357" r12="-0.08969998" r13="0.28595003" r14="0" r21="-0.13449003" r22="0.48009986" r23="-0.03763741" r24="0" r31="-0.267817" r32="-0.1070423" r33="-0.40843165" r34="0" r41="2657.2585" r42="82.58838" r43="-1686.1606" r44="1"></containerEntry>
          <containerEntry r11="-0.62779605" r12="-0.08049886" r13="0.2989855" r14="0" r21="-0.13032432" r22="0.6818378" r23="-0.09007096" r24="0" r31="-0.28087002" r32="-0.13644464" r33="-0.6264944" r34="0" r41="2660.9968" r42="83.66177" r43="-1687.8589" r44="1"></containerEntry>
          <containerEntry r11="0.17740253" r12="0.00908232" r13="0.4673817" r14="0" r21="-0.017094463" r22="0.4996973" r23="-0.0032218047" r24="0" r31="-0.46715727" r32="-0.014836179" r33="0.17760563" r34="0" r41="2666.0757" r42="85.40912" r43="-1692.2969" r44="1"></containerEntry>
          <containerEntry r11="0.4938058" r12="-0.043121427" r13="-0.06554682" r14="0" r21="0.03704541" r22="0.4963623" r23="-0.04745636" r24="0" r31="0.069162704" r32="0.042012043" r33="0.49340808" r34="0" r41="2685.536" r42="85.881836" r43="-1708.2587" r44="1"></containerEntry>
          <containerEntry r11="-0.465857" r12="0.006695521" r13="0.18147309" r14="0" r21="-0.025597636" r22="0.49225" r23="-0.08387308" r24="0" r31="-0.17978342" r32="-0.08743627" r33="-0.45829344" r34="0" r41="2654.0923" r42="75.14236" r43="-1686.2747" r44="1"></containerEntry>
          <containerEntry r11="-0.44465438" r12="-0.050041586" r13="0.42190403" r14="0" r21="-0.12796234" r22="0.59813464" r23="-0.063918404" r24="0" r31="-0.4051331" r32="-0.13399911" r33="-0.4428726" r34="0" r41="2678.1233" r42="84.37008" r43="-1709.4957" r44="1"></containerEntry>
          <containerEntry r11="-0.692687" r12="0.08544262" r13="0.053717293" r14="0" r21="0.10062969" r22="0.55618894" r23="0.41294995" r24="0" r31="0.0077236206" r32="0.4163575" r33="-0.5626614" r34="0" r41="2683.0613" r42="83.999954" r43="-1712.6115" r44="1"></containerEntry>
          <containerEntry r11="-0.6111012" r12="0.05533803" r13="0.04144246" r14="0" r21="0.06824137" r22="0.42369998" r23="0.440507" r24="0" r31="0.011085579" r32="0.44231322" r33="-0.42715418" r34="0" r41="2676.243" r42="87.33686" r43="-1697.362" r44="1"></containerEntry>
          <containerEntry r11="-0.5952563" r12="0.016404562" r13="0.15370487" r14="0" r21="0.1403586" r22="0.31355557" r23="0.51010513" r24="0" r31="-0.06475926" r32="0.5288087" r33="-0.307233" r34="0" r41="2669.8591" r42="87.00399" r43="-1696.4304" r44="1"></containerEntry>
        </property>
        <property name="colors" type="UInt32" container="DynamicArray" arraySize="16">
          <containerEntry>4294967295</containerEntry>
          <containerEntry>4294967295</containerEntry>
          <containerEntry>4294967295</containerEntry>
          <containerEntry>4294967295</containerEntry>
          <containerEntry>4294967295</containerEntry>
          <containerEntry>4294967295</containerEntry>
          <containerEntry>4294967295</containerEntry>
          <containerEntry>4294967295</containerEntry>
          <containerEntry>4294967295</containerEntry>
          <containerEntry>4294967295</containerEntry>
          <containerEntry>4294967295</containerEntry>
          <containerEntry>4294967295</containerEntry>
          <containerEntry>4294967295</containerEntry>
          <containerEntry>4294967295</containerEntry>
          <containerEntry>4294967295</containerEntry>
          <containerEntry>4294967295</containerEntry>
        </property>
      </staticProperties>
      <dynamicProperties></dynamicProperties>
    </entity>
    <entity class="StaticModelArray" classVersion="4" classID="0xD0" addr="0x7291DD0" id="0x0">
      <staticProperties>
        <property name="name" type="String" container="StaticArray" arraySize="1">
          <containerEntry>StaticModelArray0003</containerEntry>
        </property>
        <property name="dataSet" type="EntityHandle" container="StaticArray" arraySize="1">
          <containerEntry>0x317DDE0</containerEntry>
        </property>
        <property name="modelFile" type="FilePtr" container="StaticArray" arraySize="1">
          <containerEntry>/Assets/tpp/environ/object/middle_africa/rock/mafr_rock007/scenes/mafr_rock007.fmdl</containerEntry>
        </property>
        <property name="geomFile" type="FilePtr" container="StaticArray" arraySize="1">
          <containerEntry>/Assets/tpp/environ/object/middle_africa/rock/mafr_rock007/scenes/mafr_rock007.geom</containerEntry>
        </property>
        <property name="isVisibleGeom" type="Bool" container="StaticArray" arraySize="1">
          <containerEntry>false</containerEntry>
        </property>
        <property name="lodFarSize" type="Float" container="StaticArray" arraySize="1">
          <containerEntry>-1</containerEntry>
        </property>
        <property name="lodNearSize" type="Float" container="StaticArray" arraySize="1">
          <containerEntry>-1</containerEntry>
        </property>
        <property name="lodPolygonSize" type="Float" container="StaticArray" arraySize="1">
          <containerEntry>-1</containerEntry>
        </property>
        <property name="drawRejectionLevel" type="Int32" container="StaticArray" arraySize="1">
          <containerEntry>8</containerEntry>
        </property>
        <property name="drawMode" type="Int32" container="StaticArray" arraySize="1">
          <containerEntry>0</containerEntry>
        </property>
        <property name="rejectFarRangeShadowCast" type="Int32" container="StaticArray" arraySize="1">
          <containerEntry>2</containerEntry>
        </property>
        <property name="parentLocator" type="EntityLink" container="StaticArray" arraySize="1">
          <containerEntry packagePathHash="0xB8A0BF169F98" archivePathHash="0xB8A0BF169F98" nameInArchiveHash="0xB8A0BF169F98">0x0</containerEntry>
        </property>
        <property name="transforms" type="Matrix4" container="DynamicArray" arraySize="38">
          <containerEntry r11="0.16134247" r12="0.031130418" r13="0.9864073" r14="0" r21="0.17889065" r22="0.9820223" r23="-0.06025239" r24="0" r31="-0.9705496" r32="0.18618032" r33="0.15287298" r34="0" r41="2636.8682" r42="69.93975" r43="-1750.8566" r44="1"></containerEntry>
          <containerEntry r11="0.9768264" r12="-0.21383643" r13="-0.009172175" r14="0" r21="0.21383643" r22="0.973196" r23="0.08463705" r24="0" r31="-0.009172175" r32="-0.08463705" r33="0.9963696" r34="0" r41="2632.8843" r42="70.92154" r43="-1761.9614" r44="1"></containerEntry>
          <containerEntry r11="0.59622407" r12="0.1942794" r13="-0.77895564" r14="0" r21="-0.097943336" r22="0.9806318" r23="0.16961217" r24="0" r31="0.7968208" r32="-0.024833255" r33="0.6037047" r34="0" r41="2638.9548" r42="70.08931" r43="-1766.2141" r44="1"></containerEntry>
          <containerEntry r11="0.89644897" r12="-0.18515936" r13="-0.4026106" r14="0" r21="0.24299821" r22="0.9651456" r23="0.0971901" r24="0" r31="0.37058216" r32="-0.18495964" r33="0.91019714" r34="0" r41="2637.3667" r42="69.64042" r43="-1762.6305" r44="1"></containerEntry>
          <containerEntry r11="-0.1149763" r12="-0.07086881" r13="0.9908365" r14="0" r21="0.18800506" r22="0.9778725" r23="0.09175766" r24="0" r31="-0.9754145" r32="0.19683239" r33="-0.09910846" r34="0" r41="2642.2456" r42="69.84314" r43="-1778.4325" r44="1"></containerEntry>
          <containerEntry r11="0.8081168" r12="0.18775645" r13="-0.5582962" r14="0" r21="-0.11391455" r22="0.97975904" r23="0.16460758" r24="0" r31="0.57790196" r32="-0.06942407" r33="0.8131479" r34="0" r41="2647.0386" r42="69.21634" r43="-1772.7642" r44="1"></containerEntry>
          <containerEntry r11="-0.9996685" r12="0.0023226095" r13="-0.025675077" r14="0" r21="0.011657384" r22="0.92902094" r23="-0.3698435" r24="0" r31="0.022993684" r32="-0.37001988" r33="-0.9287401" r34="0" r41="2640.722" r42="69.69193" r43="-1769.7156" r44="1"></containerEntry>
          <containerEntry r11="0.99190015" r12="-0.12698017" r13="-0.003181568" r14="0" r21="0.12698017" r22="0.9906505" r23="0.049877014" r24="0" r31="-0.003181568" r32="-0.049877014" r33="0.9987503" r34="0" r41="2621.2083" r42="70.78625" r43="-1728.4612" r44="1"></containerEntry>
          <containerEntry r11="0.1499971" r12="-0.225143" r13="0.96270925" r14="0" r21="-0.25741908" r22="0.93125" r23="0.25789288" r24="0" r31="-0.95458573" r32="-0.28650293" r33="0.0817287" r34="0" r41="2618.161" r42="69.5716" r43="-1702.7999" r44="1"></containerEntry>
          <containerEntry r11="-0.7809505" r12="0.302004" r13="0.5467237" r14="0" r21="0.17516345" r22="0.94610304" r23="-0.2724091" r24="0" r31="-0.5995257" r32="-0.116972335" r33="-0.7917596" r34="0" r41="2651.033" r42="68.86753" r43="-1773.8208" r44="1"></containerEntry>
          <containerEntry r11="0.9971622" r12="-0.07526993" r13="-0.0013756354" r14="0" r21="0.07526993" r22="0.99649537" r23="0.03648797" r24="0" r31="-0.0013756354" r32="-0.03648797" r33="0.99933314" r34="0" r41="2655.345" r42="69.20195" r43="-1783.8573" r44="1"></containerEntry>
          <containerEntry r11="0.8237373" r12="0.0012982993" r13="0.5669698" r14="0" r21="-3.8789585e-07" r22="0.9999974" r23="-0.0022893196" r24="0" r31="-0.56697124" r32="0.0018855778" r33="0.8237352" r34="0" r41="2673.017" r42="68.562065" r43="-1737.0286" r44="1"></containerEntry>
          <containerEntry r11="1" r12="0" r13="0" r14="0" r21="0" r22="1" r23="0" r24="0" r31="0" r32="0" r33="1" r34="0" r41="2660.3765" r42="69.011215" r43="-1726.8583" r44="1"></containerEntry>
          <containerEntry r11="0.74650806" r12="-0.12187518" r13="0.6541195" r14="0" r21="6.146729e-07" r22="0.9830819" r23="0.18316664" r24="0" r31="-0.66537654" r32="-0.13673498" r33="0.7338786" r34="0" r41="2656.1658" r42="68.361755" r43="-1771.938" r44="1"></containerEntry>
          <containerEntry r11="0.99795276" r12="0.063955046" r13="-0.00014621258" r14="0" r21="-0.063955046" r22="0.9979423" r23="-0.0045676464" r24="0" r31="-0.00014621258" r32="0.0045676464" r33="0.99998957" r34="0" r41="2640.5842" r42="69.03027" r43="-1691.0164" r44="1"></containerEntry>
          <containerEntry r11="0.984886" r12="0.17255872" r13="-0.014934397" r14="0" r21="-0.17255872" r22="0.9701291" r23="-0.1705082" r24="0" r31="-0.014934397" r32="0.1705082" r33="0.9852431" r34="0" r41="2683.2744" r42="69.115906" r43="-1745.2362" r44="1"></containerEntry>
          <containerEntry r11="0.98457617" r12="-0.17468789" r13="-0.009689239" r14="0" r21="0.17464435" r22="0.98461795" r23="-0.0051773586" r24="0" r31="0.010444622" r32="0.003405332" r33="0.9999396" r34="0" r41="2606.897" r42="70.906654" r43="-1700.8027" r44="1"></containerEntry>
          <containerEntry r11="0.9563322" r12="-0.28989357" r13="-0.037288584" r14="0" r21="0.28989357" r22="0.9244909" r23="0.24754438" r24="0" r31="-0.037288584" r32="-0.24754438" r33="0.9681587" r34="0" r41="2591.0974" r42="75.258865" r43="-1730.2651" r44="1"></containerEntry>
          <containerEntry r11="0.99336976" r12="-0.029472718" r13="-0.11112141" r14="0" r21="0.034151252" r22="0.99859834" r23="0.040436972" r24="0" r31="0.10977387" r32="-0.0439638" r33="0.9929839" r34="0" r41="2613.0054" r42="73.35845" r43="-1738.7686" r44="1"></containerEntry>
          <containerEntry r11="0.14758481" r12="-0.022957958" r13="0.988782" r14="0" r21="0.17232794" r22="0.9850355" r23="-0.002850391" r24="0" r31="-0.9739199" r32="0.17081562" r33="0.14933258" r34="0" r41="2648.707" r42="69.14115" r43="-1770.5273" r44="1"></containerEntry>
          <containerEntry r11="-0.72344965" r12="-0.06380095" r13="-0.6874212" r14="0" r21="-0.10518236" r22="0.9942824" r23="0.018413842" r24="0" r31="0.68231606" r32="0.08562614" r33="-0.72602403" r34="0" r41="2628.85" r42="69.14636" r43="-1733.2031" r44="1"></containerEntry>
          <containerEntry r11="0.9982368" r12="0.05934231" r13="-0.0013562712" r14="0" r21="-0.05934231" r22="0.9971935" r23="-0.045645934" r24="0" r31="-0.0013562712" r32="0.045645934" r33="0.99895674" r34="0" r41="2657.602" r42="69.2309" r43="-1712.6835" r44="1"></containerEntry>
          <containerEntry r11="1" r12="0" r13="0" r14="0" r21="0" r22="1" r23="0" r24="0" r31="0" r32="0" r33="1" r34="0" r41="2677.4934" r42="68.3013" r43="-1749.8652" r44="1"></containerEntry>
          <containerEntry r11="-0.69993126" r12="-0.2734946" r13="-0.65976727" r14="0" r21="-0.07251968" r22="0.9462164" r23="-0.3153019" r24="0" r31="0.7105161" r32="-0.17284413" r33="-0.68212014" r34="0" r41="2623.177" r42="68.71207" r43="-1701.535" r44="1"></containerEntry>
          <containerEntry r11="-0.4136529" r12="0.22732902" r13="0.88159513" r14="0" r21="-0.25898436" r22="0.8989395" r23="-0.35331947" r24="0" r31="-0.8728205" r32="-0.37447172" r33="-0.3129741" r34="0" r41="2627.4175" r42="69.57196" r43="-1729.5801" r44="1"></containerEntry>
          <containerEntry r11="0.9769706" r12="0.19698997" r13="0.08199609" r14="0" r21="-0.20434116" r22="0.97439843" r23="0.09376767" r24="0" r31="-0.061425544" r32="-0.10836345" r33="0.9922118" r34="0" r41="2671.8044" r42="69.05677" r43="-1787.5104" r44="1"></containerEntry>
          <containerEntry r11="0.75387174" r12="0.1347364" r13="-0.6430578" r14="0" r21="-0.141845" r22="0.9890419" r23="0.040940378" r24="0" r31="0.6415273" r32="0.06035078" r33="0.7647224" r34="0" r41="2668.9878" r42="69.02303" r43="-1770.0481" r44="1"></containerEntry>
          <containerEntry r11="-0.026041292" r12="0.25837517" r13="-0.96569246" r14="0" r21="-0.25340378" r22="0.9327628" r23="0.2563981" r24="0" r31="0.9670089" r32="0.25138763" r33="0.041183054" r34="0" r41="2673.6282" r42="70.007645" r43="-1784.4419" r44="1"></containerEntry>
          <containerEntry r11="-0.6423163" r12="-0.022341326" r13="-0.76611084" r14="0" r21="-0.16049582" r22="0.9813342" r23="0.105944246" r24="0" r31="0.7494438" r32="0.19100773" r33="-0.6339126" r34="0" r41="2636.4158" r42="68.6584" r43="-1712.8484" r44="1"></containerEntry>
          <containerEntry r11="0.09038757" r12="-0.4721182" r13="-0.87688965" r14="0" r21="-0.16827549" r22="0.8605932" r23="-0.48068994" r24="0" r31="0.9815877" r32="0.1910076" r33="-0.0016590357" r34="0" r41="2635.7744" r42="68.035484" r43="-1714.8466" r44="1"></containerEntry>
          <containerEntry r11="0.14758481" r12="-0.022957958" r13="0.988782" r14="0" r21="0.17232794" r22="0.9850355" r23="-0.002850391" r24="0" r31="-0.9739199" r32="0.17081562" r33="0.14933258" r34="0" r41="2635.897" r42="68.99643" r43="-1727.4731" r44="1"></containerEntry>
          <containerEntry r11="0.8081168" r12="0.18775645" r13="-0.5582962" r14="0" r21="-0.11391455" r22="0.97975904" r23="0.16460758" r24="0" r31="0.57790196" r32="-0.06942407" r33="0.8131479" r34="0" r41="2646.6575" r42="69.21634" r43="-1750.7532" r44="1"></containerEntry>
          <containerEntry r11="0.12192492" r12="0.098577045" r13="0.9876309" r14="0" r21="-0.13782102" r22="0.98709756" r23="-0.08150958" r24="0" r31="-0.982923" r32="-0.12617849" r33="0.13393784" r34="0" r41="2625.4023" r42="68.51724" r43="-1692.5427" r44="1"></containerEntry>
          <containerEntry r11="0.10683552" r12="0.23848441" r13="0.9652509" r14="0" r21="-0.2308658" r22="0.9502253" r23="-0.20921943" r24="0" r31="-0.9671014" r32="-0.20049182" r33="0.1565758" r34="0" r41="2621.2214" r42="72.388145" r43="-1748.743" r44="1"></containerEntry>
          <containerEntry r11="-0.013924975" r12="0.057005756" r13="-0.9982759" r14="0" r21="0.20434439" r22="0.97746503" r23="0.052966736" r24="0" r31="0.9787991" r32="-0.20325464" r33="-0.025259972" r34="0" r41="2652.762" r42="68.32743" r43="-1754.0353" r44="1"></containerEntry>
          <containerEntry r11="0.9040565" r12="0.072067514" r13="0.42129347" r14="0" r21="-0.15142342" r22="0.9757556" r23="0.1580254" r24="0" r31="-0.39969096" r32="-0.20665757" r33="0.89305085" r34="0" r41="2655.2422" r42="68.28177" r43="-1755.6237" r44="1"></containerEntry>
          <containerEntry r11="-0.8805273" r12="0.0338903" r13="0.47278097" r14="0" r21="-0.060396932" r22="0.9812881" r23="-0.18282737" r24="0" r31="-0.4701304" r32="-0.18953915" r33="-0.8620041" r34="0" r41="2640.9092" r42="68.31528" r43="-1704.6797" r44="1"></containerEntry>
          <containerEntry r11="0.95328575" r12="0.08155206" r13="0.29085276" r14="0" r21="-0.12597758" r22="0.98246837" r23="0.13742428" r24="0" r31="-0.27454636" r32="-0.16764559" r33="0.9468469" r34="0" r41="2645.0835" r42="68.32387" r43="-1712.9073" r44="1"></containerEntry>
        </property>
        <property name="colors" type="UInt32" container="DynamicArray" arraySize="38">
          <containerEntry>4294967295</containerEntry>
          <containerEntry>4294967295</containerEntry>
          <containerEntry>4294967295</containerEntry>
          <containerEntry>4294967295</containerEntry>
          <containerEntry>4294967295</containerEntry>
          <containerEntry>4294967295</containerEntry>
          <containerEntry>4294967295</containerEntry>
          <containerEntry>4294967295</containerEntry>
          <containerEntry>4294967295</containerEntry>
          <containerEntry>4294967295</containerEntry>
          <containerEntry>4294967295</containerEntry>
          <containerEntry>4294967295</containerEntry>
          <containerEntry>4294967295</containerEntry>
          <containerEntry>4294967295</containerEntry>
          <containerEntry>4294967295</containerEntry>
          <containerEntry>4294967295</containerEntry>
          <containerEntry>4294967295</containerEntry>
          <containerEntry>4294967295</containerEntry>
          <containerEntry>4294967295</containerEntry>
          <containerEntry>4294967295</containerEntry>
          <containerEntry>4294967295</containerEntry>
          <containerEntry>4294967295</containerEntry>
          <containerEntry>4294967295</containerEntry>
          <containerEntry>4294967295</containerEntry>
          <containerEntry>4294967295</containerEntry>
          <containerEntry>4294967295</containerEntry>
          <containerEntry>4294967295</containerEntry>
          <containerEntry>4294967295</containerEntry>
          <containerEntry>4294967295</containerEntry>
          <containerEntry>4294967295</containerEntry>
          <containerEntry>4294967295</containerEntry>
          <containerEntry>4294967295</containerEntry>
          <containerEntry>4294967295</containerEntry>
          <containerEntry>4294967295</containerEntry>
          <containerEntry>4294967295</containerEntry>
          <containerEntry>4294967295</containerEntry>
          <containerEntry>4294967295</containerEntry>
          <containerEntry>4294967295</containerEntry>
        </property>
      </staticProperties>
      <dynamicProperties></dynamicProperties>
    </entity>
    <entity class="StaticModelArray" classVersion="4" classID="0xD0" addr="0x72919E0" id="0x0">
      <staticProperties>
        <property name="name" type="String" container="StaticArray" arraySize="1">
          <containerEntry>StaticModelArray0004</containerEntry>
        </property>
        <property name="dataSet" type="EntityHandle" container="StaticArray" arraySize="1">
          <containerEntry>0x317DDE0</containerEntry>
        </property>
        <property name="modelFile" type="FilePtr" container="StaticArray" arraySize="1">
          <containerEntry>/Assets/tpp/environ/object/middle_africa/rock/mafr_rock011/scenes/mafr_rock011.fmdl</containerEntry>
        </property>
        <property name="geomFile" type="FilePtr" container="StaticArray" arraySize="1">
          <containerEntry>/Assets/tpp/environ/object/middle_africa/rock/mafr_rock011/scenes/mafr_rock011.geom</containerEntry>
        </property>
        <property name="isVisibleGeom" type="Bool" container="StaticArray" arraySize="1">
          <containerEntry>false</containerEntry>
        </property>
        <property name="lodFarSize" type="Float" container="StaticArray" arraySize="1">
          <containerEntry>-1</containerEntry>
        </property>
        <property name="lodNearSize" type="Float" container="StaticArray" arraySize="1">
          <containerEntry>-1</containerEntry>
        </property>
        <property name="lodPolygonSize" type="Float" container="StaticArray" arraySize="1">
          <containerEntry>-1</containerEntry>
        </property>
        <property name="drawRejectionLevel" type="Int32" container="StaticArray" arraySize="1">
          <containerEntry>8</containerEntry>
        </property>
        <property name="drawMode" type="Int32" container="StaticArray" arraySize="1">
          <containerEntry>0</containerEntry>
        </property>
        <property name="rejectFarRangeShadowCast" type="Int32" container="StaticArray" arraySize="1">
          <containerEntry>2</containerEntry>
        </property>
        <property name="parentLocator" type="EntityLink" container="StaticArray" arraySize="1">
