<fox formatVersion="2" fileVersion="0">
  <entities>
    <entity class="DataSet" classVersion="0" classID="0xE8" addr="0x2F54530" id="0x348F31">
      <staticProperties>
        <property name="name" type="String" container="StaticArray" arraySize="1">
          <containerEntry hash="0xB8A0BF169F98"></containerEntry>
        </property>
        <property name="dataSet" type="EntityHandle" container="StaticArray" arraySize="1">
          <containerEntry>0x0</containerEntry>
        </property>
        <property name="dataList" type="EntityPtr" container="StringMap" arraySize="6">
          <containerEntry key="mafr_clff003_0001">
            <data>0x2F544C0</data>
          </containerEntry>
          <containerEntry key="mafr_clff003_vrtn001_0017">
            <data>0x2F54300</data>
          </containerEntry>
          <containerEntry key="StaticModelArray0000">
            <data>0x2D7E390</data>
          </containerEntry>
          <containerEntry key="StaticModelArray0001">
            <data>0x2D7E400</data>
          </containerEntry>
          <containerEntry key="StaticModelArray0002">
            <data>0x2D7DF30</data>
          </containerEntry>
          <containerEntry key="TexturePackLoadConditioner0000">
            <data>0x2D7EB70</data>
          </containerEntry>
        </property>
      </staticProperties>
      <dynamicProperties></dynamicProperties>
    </entity>
    <entity class="StaticModel" classVersion="9" classID="0x160" addr="0x2F544C0" id="0x348F33">
      <staticProperties>
        <property name="name" type="String" container="StaticArray" arraySize="1">
          <containerEntry>mafr_clff003_0001</containerEntry>
        </property>
        <property name="dataSet" type="EntityHandle" container="StaticArray" arraySize="1">
          <containerEntry>0x2F54530</containerEntry>
        </property>
        <property name="parent" type="EntityHandle" container="StaticArray" arraySize="1">
          <containerEntry>0x0</containerEntry>
        </property>
        <property name="transform" type="EntityPtr" container="StaticArray" arraySize="1">
          <containerEntry>0x2F54450</containerEntry>
        </property>
        <property name="shearTransform" type="EntityPtr" container="StaticArray" arraySize="1">
          <containerEntry>0x0</containerEntry>
        </property>
        <property name="pivotTransform" type="EntityPtr" container="StaticArray" arraySize="1">
          <containerEntry>0x0</containerEntry>
        </property>
        <property name="children" type="EntityHandle" container="List"></property>
        <property name="flags" type="UInt32" container="StaticArray" arraySize="1">
          <containerEntry>2147483655</containerEntry>
        </property>
        <property name="modelFile" type="FilePtr" container="StaticArray" arraySize="1">
          <containerEntry>/Assets/tpp/environ/object/middle_africa/cliff/mafr_clff003/scenes/mafr_clff003.fmdl</containerEntry>
        </property>
        <property name="geomFile" type="FilePtr" container="StaticArray" arraySize="1">
          <containerEntry>/Assets/tpp/environ/object/middle_africa/cliff/mafr_clff003/scenes/mafr_clff003.geom</containerEntry>
        </property>
        <property name="isVisibleGeom" type="Bool" container="StaticArray" arraySize="1">
          <containerEntry>false</containerEntry>
        </property>
        <property name="isIsolated" type="Bool" container="StaticArray" arraySize="1">
          <containerEntry>false</containerEntry>
        </property>
        <property name="lodFarSize" type="Float" container="StaticArray" arraySize="1">
          <containerEntry>-1</containerEntry>
        </property>
        <property name="lodNearSize" type="Float" container="StaticArray" arraySize="1">
          <containerEntry>-1</containerEntry>
        </property>
        <property name="lodPolygonSize" type="Float" container="StaticArray" arraySize="1">
          <containerEntry>-1</containerEntry>
        </property>
        <property name="color" type="Color" container="StaticArray" arraySize="1">
          <containerEntry r="1" g="1" b="1" a="1"></containerEntry>
        </property>
        <property name="drawRejectionLevel" type="Int32" container="StaticArray" arraySize="1">
          <containerEntry>8</containerEntry>
        </property>
        <property name="drawMode" type="Int32" container="StaticArray" arraySize="1">
          <containerEntry>0</containerEntry>
        </property>
        <property name="rejectFarRangeShadowCast" type="Int32" container="StaticArray" arraySize="1">
          <containerEntry>2</containerEntry>
        </property>
      </staticProperties>
      <dynamicProperties></dynamicProperties>
    </entity>
    <entity class="TransformEntity" classVersion="0" classID="0x50" addr="0x2F54450" id="0x348F36">
      <staticProperties>
        <property name="owner" type="EntityHandle" container="StaticArray" arraySize="1">
          <containerEntry>0x2F544C0</containerEntry>
        </property>
        <property name="transform_scale" type="Vector3" container="StaticArray" arraySize="1">
          <containerEntry x="1" y="1" z="1" w="0"></containerEntry>
        </property>
        <property name="transform_rotation_quat" type="Quat" container="StaticArray" arraySize="1">
          <containerEntry x="-0.01345" y="0.207309" z="-0.020421" w="0.97797"></containerEntry>
        </property>
        <property name="transform_translation" type="Vector3" container="StaticArray" arraySize="1">
          <containerEntry x="-742.252" y="14.046019" z="-193.26411" w="0"></containerEntry>
        </property>
      </staticProperties>
      <dynamicProperties></dynamicProperties>
    </entity>
    <entity class="StaticModel" classVersion="9" classID="0x160" addr="0x2F54300" id="0x348F3C">
      <staticProperties>
        <property name="name" type="String" container="StaticArray" arraySize="1">
          <containerEntry>mafr_clff003_vrtn001_0017</containerEntry>
        </property>
        <property name="dataSet" type="EntityHandle" container="StaticArray" arraySize="1">
          <containerEntry>0x2F54530</containerEntry>
        </property>
        <property name="parent" type="EntityHandle" container="StaticArray" arraySize="1">
          <containerEntry>0x0</containerEntry>
        </property>
        <property name="transform" type="EntityPtr" container="StaticArray" arraySize="1">
          <containerEntry>0x2F54290</containerEntry>
        </property>
        <property name="shearTransform" type="EntityPtr" container="StaticArray" arraySize="1">
          <containerEntry>0x0</containerEntry>
        </property>
        <property name="pivotTransform" type="EntityPtr" container="StaticArray" arraySize="1">
          <containerEntry>0x0</containerEntry>
        </property>
        <property name="children" type="EntityHandle" container="List"></property>
        <property name="flags" type="UInt32" container="StaticArray" arraySize="1">
          <containerEntry>7</containerEntry>
        </property>
        <property name="modelFile" type="FilePtr" container="StaticArray" arraySize="1">
          <containerEntry>/Assets/tpp/environ/object/middle_africa/cliff/mafr_clff003/scenes/mafr_clff003_vrtn001.fmdl</containerEntry>
        </property>
        <property name="geomFile" type="FilePtr" container="StaticArray" arraySize="1">
          <containerEntry>/Assets/tpp/environ/object/middle_africa/cliff/mafr_clff003/scenes/mafr_clff003_vrtn001.geom</containerEntry>
        </property>
        <property name="isVisibleGeom" type="Bool" container="StaticArray" arraySize="1">
          <containerEntry>false</containerEntry>
        </property>
        <property name="isIsolated" type="Bool" container="StaticArray" arraySize="1">
          <containerEntry>false</containerEntry>
        </property>
        <property name="lodFarSize" type="Float" container="StaticArray" arraySize="1">
          <containerEntry>-1</containerEntry>
        </property>
        <property name="lodNearSize" type="Float" container="StaticArray" arraySize="1">
          <containerEntry>-1</containerEntry>
        </property>
        <property name="lodPolygonSize" type="Float" container="StaticArray" arraySize="1">
          <containerEntry>-1</containerEntry>
        </property>
        <property name="color" type="Color" container="StaticArray" arraySize="1">
          <containerEntry r="1" g="1" b="1" a="1"></containerEntry>
        </property>
        <property name="drawRejectionLevel" type="Int32" container="StaticArray" arraySize="1">
          <containerEntry>8</containerEntry>
        </property>
        <property name="drawMode" type="Int32" container="StaticArray" arraySize="1">
          <containerEntry>0</containerEntry>
        </property>
        <property name="rejectFarRangeShadowCast" type="Int32" container="StaticArray" arraySize="1">
          <containerEntry>2</containerEntry>
        </property>
      </staticProperties>
      <dynamicProperties></dynamicProperties>
    </entity>
    <entity class="TransformEntity" classVersion="0" classID="0x50" addr="0x2F54290" id="0x348F3F">
      <staticProperties>
        <property name="owner" type="EntityHandle" container="StaticArray" arraySize="1">
          <containerEntry>0x2F54300</containerEntry>
        </property>
        <property name="transform_scale" type="Vector3" container="StaticArray" arraySize="1">
          <containerEntry x="0.865" y="0.865" z="0.865" w="0"></containerEntry>
        </property>
        <property name="transform_rotation_quat" type="Quat" container="StaticArray" arraySize="1">
          <containerEntry x="0.034242" y="-0.891704" z="-0.123191" w="-0.434178"></containerEntry>
        </property>
        <property name="transform_translation" type="Vector3" container="StaticArray" arraySize="1">
          <containerEntry x="-696.328" y="7.931503" z="-243.74985" w="0"></containerEntry>
        </property>
      </staticProperties>
      <dynamicProperties></dynamicProperties>
    </entity>
    <entity class="StaticModelArray" classVersion="4" classID="0xD0" addr="0x2D7E390" id="0x0">
      <staticProperties>
        <property name="name" type="String" container="StaticArray" arraySize="1">
          <containerEntry>StaticModelArray0000</containerEntry>
        </property>
        <property name="dataSet" type="EntityHandle" container="StaticArray" arraySize="1">
          <containerEntry>0x2F54530</containerEntry>
        </property>
        <property name="modelFile" type="FilePtr" container="StaticArray" arraySize="1">
          <containerEntry>/Assets/tpp/environ/object/middle_africa/rock/mafr_rock007/scenes/mafr_rock007.fmdl</containerEntry>
        </property>
        <property name="geomFile" type="FilePtr" container="StaticArray" arraySize="1">
          <containerEntry>/Assets/tpp/environ/object/middle_africa/rock/mafr_rock007/scenes/mafr_rock007.geom</containerEntry>
        </property>
        <property name="isVisibleGeom" type="Bool" container="StaticArray" arraySize="1">
          <containerEntry>false</containerEntry>
        </property>
        <property name="lodFarSize" type="Float" container="StaticArray" arraySize="1">
          <containerEntry>-1</containerEntry>
        </property>
        <property name="lodNearSize" type="Float" container="StaticArray" arraySize="1">
          <containerEntry>-1</containerEntry>
        </property>
        <property name="lodPolygonSize" type="Float" container="StaticArray" arraySize="1">
          <containerEntry>-1</containerEntry>
        </property>
        <property name="drawRejectionLevel" type="Int32" container="StaticArray" arraySize="1">
          <containerEntry>8</containerEntry>
        </property>
        <property name="drawMode" type="Int32" container="StaticArray" arraySize="1">
          <containerEntry>0</containerEntry>
        </property>
        <property name="rejectFarRangeShadowCast" type="Int32" container="StaticArray" arraySize="1">
          <containerEntry>2</containerEntry>
        </property>
        <property name="parentLocator" type="EntityLink" container="StaticArray" arraySize="1">
          <containerEntry packagePathHash="0xB8A0BF169F98" archivePathHash="0xB8A0BF169F98" nameInArchiveHash="0xB8A0BF169F98">0x0</containerEntry>
        </property>
        <property name="transforms" type="Matrix4" container="DynamicArray" arraySize="8">
          <containerEntry r11="0.99682134" r12="-0.07931936" r13="0.0074558067" r14="0" r21="0.07780038" r22="0.9893189" r23="0.123268396" r24="0" r31="-0.017153742" r32="-0.12229651" r33="0.99234533" r34="0" r41="-662.66736" r42="7.482223" r43="-241.47737" r44="1"></containerEntry>
          <containerEntry r11="0.99682134" r12="-0.07931936" r13="0.0074558067" r14="0" r21="0.07780038" r22="0.9893189" r23="0.123268396" r24="0" r31="-0.017153742" r32="-0.12229651" r33="0.99234533" r34="0" r41="-657.79346" r42="1.487438" r43="-162.31772" r44="1"></containerEntry>
          <containerEntry r11="0.21671931" r12="0.012989223" r13="0.9761479" r14="0" r21="-0.4264374" r22="0.9007295" r23="0.08268994" r24="0" r31="-0.8781712" r32="-0.43418634" r33="0.20074451" r34="0" r41="-640.2086" r42="2.406976" r43="-144.93729" r44="1"></containerEntry>
          <containerEntry r11="1" r12="0" r13="0" r14="0" r21="0" r22="1" r23="0" r24="0" r31="0" r32="0" r33="1" r34="0" r41="-631.7454" r42="7.43478" r43="-192.95139" r44="1"></containerEntry>
          <containerEntry r11="0.57718694" r12="0.25992244" r13="0.7741422" r14="0" r21="-0.21772623" r22="0.9626585" r23="-0.16088496" r24="0" r31="-0.7870522" r32="-0.075690225" r33="0.6122258" r34="0" r41="-623.4992" r42="8.264753" r43="-251.01717" r44="1"></containerEntry>
          <containerEntry r11="0.972199" r12="0.23281772" r13="0.024997003" r14="0" r21="-0.23407544" r22="0.96910846" r23="0.07770043" r24="0" r31="-0.006134766" r32="-0.081391476" r33="0.9966633" r34="0" r41="-605.08484" r42="5.897485" r43="-214.13083" r44="1"></containerEntry>
          <containerEntry r11="0.9470021" r12="-0.06241565" r13="0.31510523" r14="0" r21="-0.023591269" r22="0.96477884" r23="0.26200232" r24="0" r31="-0.32035992" r32="-0.25555047" r33="0.9121752" r34="0" r41="-614.2278" r42="6.445395" r43="-187.06178" r44="1"></containerEntry>
          <containerEntry r11="-0.5091059" r12="-0.062415607" r13="0.858438" r14="0" r21="-0.2510092" r22="0.96477884" r23="-0.07871618" r24="0" r31="-0.82328975" r32="-0.25555065" r33="-0.5068415" r34="0" r41="-622.9392" r42="7.318429" r43="-156.95038" r44="1"></containerEntry>
        </property>
        <property name="colors" type="UInt32" container="DynamicArray" arraySize="8">
          <containerEntry>4294967295</containerEntry>
          <containerEntry>4294967295</containerEntry>
          <containerEntry>4294967295</containerEntry>
          <containerEntry>4294967295</containerEntry>
          <containerEntry>4294967295</containerEntry>
          <containerEntry>4294967295</containerEntry>
          <containerEntry>4294967295</containerEntry>
          <containerEntry>4294967295</containerEntry>
        </property>
      </staticProperties>
      <dynamicProperties></dynamicProperties>
    </entity>
    <entity class="StaticModelArray" classVersion="4" classID="0xD0" addr="0x2D7E400" id="0x0">
      <staticProperties>
        <property name="name" type="String" container="StaticArray" arraySize="1">
          <containerEntry>StaticModelArray0001</containerEntry>
        </property>
        <property name="dataSet" type="EntityHandle" container="StaticArray" arraySize="1">
          <containerEntry>0x2F54530</containerEntry>
        </property>
        <property name="modelFile" type="FilePtr" container="StaticArray" arraySize="1">
          <containerEntry>/Assets/tpp/environ/object/middle_africa/rock/mafr_rock011/scenes/mafr_rock011.fmdl</containerEntry>
        </property>
        <property name="geomFile" type="FilePtr" container="StaticArray" arraySize="1">
          <containerEntry>/Assets/tpp/environ/object/middle_africa/rock/mafr_rock011/scenes/mafr_rock011.geom</containerEntry>
        </property>
        <property name="isVisibleGeom" type="Bool" container="StaticArray" arraySize="1">
          <containerEntry>false</containerEntry>
        </property>
        <property name="lodFarSize" type="Float" container="StaticArray" arraySize="1">
          <containerEntry>-1</containerEntry>
        </property>
        <property name="lodNearSize" type="Float" container="StaticArray" arraySize="1">
          <containerEntry>-1</containerEntry>
        </property>
        <property name="lodPolygonSize" type="Float" container="StaticArray" arraySize="1">
          <containerEntry>-1</containerEntry>
        </property>
        <property name="drawRejectionLevel" type="Int32" container="StaticArray" arraySize="1">
          <containerEntry>8</containerEntry>
        </property>
        <property name="drawMode" type="Int32" container="StaticArray" arraySize="1">
          <containerEntry>0</containerEntry>
        </property>
        <property name="rejectFarRangeShadowCast" type="Int32" container="StaticArray" arraySize="1">
          <containerEntry>2</containerEntry>
        </property>
        <property name="parentLocator" type="EntityLink" container="StaticArray" arraySize="1">
          <containerEntry packagePathHash="0xB8A0BF169F98" archivePathHash="0xB8A0BF169F98" nameInArchiveHash="0xB8A0BF169F98">0x0</containerEntry>
        </property>
        <property name="transforms" type="Matrix4" container="DynamicArray" arraySize="31">
          <containerEntry r11="0.42026612" r12="-0.024724856" r13="0.90706265" r14="0" r21="-0.26990455" r22="0.9509773" r23="0.15097514" r24="0" r31="-0.8663287" r32="-0.30827042" r33="0.39299023" r34="0" r41="-673.79865" r42="3.581145" r43="-208.32068" r44="1"></containerEntry>
          <containerEntry r11="0.66307336" r12="-0.00039078295" r13="0.7485537" r14="0" r21="-0.38829243" r22="0.85476255" r23="0.34439737" r24="0" r31="-0.6399701" r32="-0.5190187" r33="0.5666187" r34="0" r41="-665.8553" r42="2.362914" r43="-191.37344" r44="1"></containerEntry>
          <containerEntry r11="0.42026624" r12="-0.024724767" r13="0.9070625" r14="0" r21="-0.38034928" r22="0.90277356" r23="0.20083281" r24="0" r31="-0.82383746" r32="-0.42940435" r33="0.37000132" r34="0" r41="-684.99536" r42="7.045153" r43="-229.77774" r44="1"></containerEntry>
          <containerEntry r11="-0.40294498" r12="0.018850625" r13="0.91502535" r14="0" r21="-0.544655" r22="0.7985363" r23="-0.2562995" r24="0" r31="-0.7355118" r32="-0.60165036" r33="-0.31149822" r34="0" r41="-660.8965" r42="2.389899" r43="-208.84764" r44="1"></containerEntry>
          <containerEntry r11="-0.34335905" r12="0.21020989" r13="-0.91537714" r14="0" r21="0.41622722" r22="0.9077534" r23="0.052331537" r24="0" r31="0.8419373" r32="-0.3630365" r33="-0.3991804" r34="0" r41="-639.6439" r42="5.323481" r43="-237.44098" r44="1"></containerEntry>
          <containerEntry r11="-0.84916544" r12="-0.040178254" r13="-0.5265937" r14="0" r21="0.18348736" r22="0.91254276" r23="-0.36551067" r24="0" r31="0.4952248" r32="-0.4070029" r33="-0.7675274" r34="0" r41="-642.53986" r42="5.593338" r43="-242.14613" r44="1"></containerEntry>
          <containerEntry r11="0.9251782" r12="0.040603407" r13="0.3773545" r14="0" r21="-0.27729517" r22="0.7511789" r23="0.5990298" r24="0" r31="-0.25913787" r32="-0.6588479" r33="0.70623356" r34="0" r41="-659.59155" r42="4.581382" r43="-245.46016" r44="1"></containerEntry>
          <containerEntry r11="0.90172285" r12="-0.09069221" r13="0.42269245" r14="0" r21="-0.10057467" r22="0.90691197" r23="0.40914" r24="0" r31="-0.42045066" r32="-0.411443" r33="0.8086618" r34="0" r41="-675.2386" r42="4.58978" r43="-223.12567" r44="1"></containerEntry>
          <containerEntry r11="-0.12047225" r12="0.06835244" r13="0.9903582" r14="0" r21="-0.3017854" r22="0.94788957" r23="-0.102131985" r24="0" r31="-0.9457322" r32="-0.31117985" r33="-0.09356677" r34="0" r41="-671.34424" r42="3.765386" r43="-215.53526" r44="1"></containerEntry>
          <containerEntry r11="-0.4960835" r12="0.03511984" r13="-0.8675639" r14="0" r21="0.24358472" r22="0.9646873" r23="-0.10023326" r24="0" r31="0.833407" r32="-0.26104918" r33="-0.48711967" r34="0" r41="-652.44055" r42="2.781308" r43="-197.82858" r44="1"></containerEntry>
          <containerEntry r11="0.55295813" r12="0.24860762" r13="-0.7952541" r14="0" r21="0.16591589" r22="0.90248084" r23="0.39749184" r24="0" r31="0.81652117" r32="-0.35174152" r33="0.4577862" r34="0" r41="-651.42413" r42="3.786686" r43="-205.76251" r44="1"></containerEntry>
          <containerEntry r11="-0.64531153" r12="0.014386311" r13="-0.7637802" r14="0" r21="0.37523627" r22="0.87686133" r23="-0.3005186" r24="0" r31="0.6654058" r32="-0.48052755" r33="-0.5712467" r34="0" r41="-655.1863" r42="3.969044" r43="-217.11848" r44="1"></containerEntry>
          <containerEntry r11="-0.6860931" r12="-0.028449282" r13="0.72695833" r14="0" r21="-0.37317413" r22="0.87152755" r23="-0.3180893" r24="0" r31="-0.6245149" r32="-0.48952055" r33="-0.6085657" r34="0" r41="-600.18195" r42="-5.238878" r43="-118.68075" r44="1"></containerEntry>
          <containerEntry r11="-0.17290585" r12="0.111003935" r13="0.9786626" r14="0" r21="-0.5226923" r22="0.8318275" r23="-0.1866965" r24="0" r31="-0.8348025" r32="-0.54382074" r33="-0.08580679" r34="0" r41="-611.15564" r42="-6.629848" r43="-102.15146" r44="1"></containerEntry>
          <containerEntry r11="-0.19277452" r12="0.13913451" r13="-0.97132766" r14="0" r21="0.543479" r22="0.8393315" r23="0.012365013" r24="0" r31="0.8169862" r32="-0.52551305" r33="-0.2374183" r34="0" r41="-616.14905" r42="-5.792242" r43="-114.76448" r44="1"></containerEntry>
          <containerEntry r11="-0.71189874" r12="0.014429897" r13="-0.7021306" r14="0" r21="0.31113553" r22="0.9027947" r23="-0.29691085" r24="0" r31="0.62959534" r32="-0.4298292" r33="-0.6471879" r34="0" r41="-620.766" r42="-4.8381" r43="-120.95026" r44="1"></containerEntry>
          <containerEntry r11="0.7480489" r12="0.09078476" r13="0.6574044" r14="0" r21="-0.3603229" r22="0.8874331" r23="0.287454" r24="0" r31="-0.55730593" r32="-0.45190763" r33="0.6965552" r34="0" r41="-634.58685" r42="5.737108" r43="-252.27188" r44="1"></containerEntry>
          <containerEntry r11="0.852428" r12="-0.06330167" r13="-0.51899797" r14="0" r21="0.34553128" r22="0.81318593" r23="0.46833336" r24="0" r31="0.39239538" r32="-0.5785507" r33="0.7150553" r34="0" r41="-621.8795" r42="5.042609" r43="-233.62186" r44="1"></containerEntry>
          <containerEntry r11="-0.9796614" r12="0.19859073" r13="0.02861559" r14="0" r21="0.16057613" r22="0.86153597" r23="-0.48163337" r24="0" r31="-0.120301425" r32="-0.46724415" r33="-0.87590206" r34="0" r41="-614.29926" r42="3.896153" r43="-216.71815" r44="1"></containerEntry>
          <containerEntry r11="0.8575823" r12="-0.05812289" r13="0.5110516" r14="0" r21="-0.17771962" r22="0.89891404" r23="0.40046084" r24="0" r31="-0.4826673" r32="-0.43425208" r33="0.76056314" r34="0" r41="-622.8982" r42="4.663808" r43="-208.5937" r44="1"></containerEntry>
          <containerEntry r11="-0.22208463" r12="0.055632114" r13="0.97343636" r14="0" r21="-0.3280007" r22="0.93592155" r23="-0.12832043" r24="0" r31="-0.9181987" r32="-0.34778678" r33="-0.18960619" r34="0" r41="-619.7567" r42="3.934582" r43="-200.65288" r44="1"></containerEntry>
          <containerEntry r11="-0.7277987" r12="0.03807112" r13="0.6847292" r14="0" r21="-0.1595652" r22="0.96165425" r23="-0.22306994" r24="0" r31="-0.6669653" r32="-0.27160862" r33="-0.69381595" r34="0" r41="-614.38916" r42="2.537748" r43="-151.29994" r44="1"></containerEntry>
          <containerEntry r11="0.16551016" r12="0.014111713" r13="0.9861058" r14="0" r21="-0.45980215" r22="0.8856757" r23="0.06449902" r24="0" r31="-0.87245965" r32="-0.46408945" r33="0.15307707" r34="0" r41="-610.88776" r42="3.379113" r43="-158.90941" r44="1"></containerEntry>
          <containerEntry r11="0.8846798" r12="-0.11688621" r13="0.45130777" r14="0" r21="-0.14325143" r22="0.85306895" r23="0.50174874" r24="0" r31="-0.44364417" r32="-0.5085375" r33="0.7379488" r34="0" r41="-615.5408" r42="4.378606" r43="-181.98357" r44="1"></containerEntry>
          <containerEntry r11="-0.4042991" r12="0.016351432" r13="-0.9144757" r14="0" r21="0.46013072" r22="0.8677367" r23="-0.18791454" r24="0" r31="0.79045105" r32="-0.49675423" r33="-0.35834837" r34="0" r41="-649.8186" r42="0.70261" r43="-170.50081" r44="1"></containerEntry>
          <containerEntry r11="0.27646753" r12="0.013209522" r13="0.9609304" r14="0" r21="-0.38571507" r22="0.9173595" r23="0.098361745" r24="0" r31="-0.88021904" r32="-0.39783996" r33="0.2587154" r34="0" r41="-582.8206" r42="-1.2868586" r43="-203.91713" r44="1"></containerEntry>
          <containerEntry r11="-0.613938" r12="0.05617851" r13="-0.78734666" r14="0" r21="0.34574705" r22="0.9158269" r23="-0.20425388" r24="0" r31="0.70959836" r32="-0.39762375" r33="-0.5816841" r34="0" r41="-644.723" r42="-1.135484" r43="-150.46196" r44="1"></containerEntry>
          <containerEntry r11="-0.99126625" r12="0.01635217" r13="0.13080898" r14="0" r21="-0.027239777" r22="0.9454548" r23="-0.32461184" r24="0" r31="-0.12898207" r32="-0.32534206" r33="-0.93675166" r34="0" r41="-604.31964" r42="0.253586" r43="-147.03714" r44="1"></containerEntry>
          <containerEntry r11="-0.99126625" r12="0.01635217" r13="0.13080898" r14="0" r21="-0.027239777" r22="0.9454548" r23="-0.32461184" r24="0" r31="-0.12898207" r32="-0.32534206" r33="-0.93675166" r34="0" r41="-591.21533" r42="-2.438573" r43="-140.96135" r44="1"></containerEntry>
          <containerEntry r11="0.7487159" r12="0.098726615" r13="-0.6554967" r14="0" r21="0.40523565" r22="0.7143935" r23="0.5704596" r24="0" r31="0.5246017" r32="-0.6927432" r33="0.4948703" r34="0" r41="-609.9628" r42="-2.451712" r43="-134.79362" r44="1"></containerEntry>
          <containerEntry r11="0.99480367" r12="-0.019520057" r13="-0.09992313" r14="0" r21="0.061442725" r22="0.897681" r23="0.43634018" r24="0" r31="0.08118162" r32="-0.4402124" r33="0.8942157" r34="0" r41="-589.1531" r42="-1.025509" r43="-210.8326" r44="1"></containerEntry>
        </property>
        <property name="colors" type="UInt32" container="DynamicArray" arraySize="31">
          <containerEntry>4294967295</containerEntry>
          <containerEntry>4294967295</containerEntry>
          <containerEntry>4294967295</containerEntry>
          <containerEntry>4294967295</containerEntry>
          <containerEntry>4294967295</containerEntry>
          <containerEntry>4294967295</containerEntry>
          <containerEntry>4294967295</containerEntry>
          <containerEntry>4294967295</containerEntry>
          <containerEntry>4294967295</containerEntry>
          <containerEntry>4294967295</containerEntry>
          <containerEntry>4294967295</containerEntry>
          <containerEntry>4294967295</containerEntry>
          <containerEntry>4294967295</containerEntry>
          <containerEntry>4294967295</containerEntry>
          <containerEntry>4294967295</containerEntry>
          <containerEntry>4294967295</containerEntry>
          <containerEntry>4294967295</containerEntry>
          <containerEntry>4294967295</containerEntry>
          <containerEntry>4294967295</containerEntry>
          <containerEntry>4294967295</containerEntry>
          <containerEntry>4294967295</containerEntry>
          <containerEntry>4294967295</containerEntry>
          <containerEntry>4294967295</containerEntry>
          <containerEntry>4294967295</containerEntry>
          <containerEntry>4294967295</containerEntry>
          <containerEntry>4294967295</containerEntry>
          <containerEntry>4294967295</containerEntry>
          <containerEntry>4294967295</containerEntry>
          <containerEntry>4294967295</containerEntry>
          <containerEntry>4294967295</containerEntry>
          <containerEntry>4294967295</containerEntry>
        </property>
      </staticProperties>
      <dynamicProperties></dynamicProperties>
    </entity>
    <entity class="StaticModelArray" classVersion="4" classID="0xD0" addr="0x2D7DF30" id="0x0">
      <staticProperties>
        <property name="name" type="String" container="StaticArray" arraySize="1">
          <containerEntry>StaticModelArray0002</containerEntry>
        </property>
        <property name="dataSet" type="EntityHandle" container="StaticArray" arraySize="1">
          <containerEntry>0x2F54530</containerEntry>
        </property>
        <property name="modelFile" type="FilePtr" container="StaticArray" arraySize="1">
          <containerEntry>/Assets/tpp/environ/object/middle_africa/rock/mafr_rock002/scenes/mafr_rock002.fmdl</containerEntry>
        </property>
        <property name="geomFile" type="FilePtr" container="StaticArray" arraySize="1">
          <containerEntry>/Assets/tpp/environ/object/middle_africa/rock/mafr_rock002/scenes/mafr_rock002.geom</containerEntry>
        </property>
        <property name="isVisibleGeom" type="Bool" container="StaticArray" arraySize="1">
          <containerEntry>false</containerEntry>
        </property>
        <property name="lodFarSize" type="Float" container="StaticArray" arraySize="1">
          <containerEntry>-1</containerEntry>
        </property>
        <property name="lodNearSize" type="Float" container="StaticArray" arraySize="1">
          <containerEntry>-1</containerEntry>
        </property>
        <property name="lodPolygonSize" type="Float" container="StaticArray" arraySize="1">
          <containerEntry>-1</containerEntry>
        </property>
        <property name="drawRejectionLevel" type="Int32" container="StaticArray" arraySize="1">
          <containerEntry>8</containerEntry>
        </property>
        <property name="drawMode" type="Int32" container="StaticArray" arraySize="1">
          <containerEntry>0</containerEntry>
        </property>
        <property name="rejectFarRangeShadowCast" type="Int32" container="StaticArray" arraySize="1">
          <containerEntry>2</containerEntry>
        </property>
        <property name="parentLocator" type="EntityLink" container="StaticArray" arraySize="1">
          <containerEntry packagePathHash="0xB8A0BF169F98" archivePathHash="0xB8A0BF169F98" nameInArchiveHash="0xB8A0BF169F98">0x0</containerEntry>
        </property>
        <property name="transforms" type="Matrix4" container="DynamicArray" arraySize="9">
          <containerEntry r11="-0.8620641" r12="0" r13="-0.5068041" r14="0" r21="0" r22="1" r23="0" r24="0" r31="0.5068041" r32="0" r33="-0.8620641" r34="0" r41="-679.2652" r42="8.874354" r43="-238.21902" r44="1"></containerEntry>
          <containerEntry r11="-0.8668131" r12="-0.026717018" r13="-0.49792403" r14="0" r21="-0.10982907" r22="0.9842702" r23="0.13838308" r24="0" r31="0.48639458" r32="0.1746382" r33="-0.85611266" r34="0" r41="-641.75934" r42="8.060205" r43="-219.68141" r44="1"></containerEntry>
          <containerEntry r11="0.97835803" r12="-0.20596087" r13="-0.019892301" r14="0" r21="0.20596087" r22="0.96007395" r23="0.1893096" r24="0" r31="-0.019892301" r32="-0.1893096" r33="0.9817159" r34="0" r41="-749.14996" r42="15.116871" r43="-192.9931" r44="1"></containerEntry>
          <containerEntry r11="0.8835082" r12="-0.099270426" r13="-0.4577756" r14="0" r21="0.20596087" r22="0.960074" r23="0.18930908" r24="0" r31="0.42070562" r32="-0.26154006" r33="0.86867905" r34="0" r41="-733.375" r42="14.232792" r43="-193.7666" r44="1"></containerEntry>
          <containerEntry r11="0.9965297" r12="-0.08291727" r13="-0.00729654" r14="0" r21="0.08291727" r22="0.9811881" r23="0.17434026" r24="0" r31="-0.00729654" r32="-0.17434026" r33="0.9846584" r34="0" r41="-758.35657" r42="16.381477" r43="-190.50719" r44="1"></containerEntry>
          <containerEntry r11="0.8089169" r12="0.028605219" r13="-0.5872264" r14="0" r21="0.11978845" r22="0.9698447" r23="0.21225442" r24="0" r31="0.57559" r32="-0.24203916" r33="0.7810972" r34="0" r41="-766.6193" r42="16.52702" r43="-186.48834" r44="1"></containerEntry>
          <containerEntry r11="-0.8482579" r12="0.17824985" r13="-0.4986869" r14="0" r21="0.15366264" r22="0.9839853" r23="0.09033715" r24="0" r31="0.50680315" r32="-4.246831e-07" r33="-0.86206365" r34="0" r41="-704.9318" r42="15.715107" r43="-229.87001" r44="1"></containerEntry>
          <containerEntry r11="-0.8851903" r12="-0.02671782" r13="0.46446988" r14="0" r21="0.0578774" r22="0.98427004" r23="0.16692148" r24="0" r31="-0.46162358" r32="0.17463885" r33="-0.86972" r34="0" r41="-623.05145" r42="7.065261" r43="-180.56915" r44="1"></containerEntry>
          <containerEntry r11="-0.12230945" r12="0.009347826" r13="0.9924491" r14="0" r21="0.18329832" r22="0.98296696" r23="0.013330989" r24="0" r31="-0.97542006" r32="0.18354458" r33="-0.1219396" r34="0" r41="-623.30054" r42="7.308712" r43="-165.3162" r44="1"></containerEntry>
        </property>
        <property name="colors" type="UInt32" container="DynamicArray" arraySize="9">
          <containerEntry>4294967295</containerEntry>
          <containerEntry>4294967295</containerEntry>
          <containerEntry>4294967295</containerEntry>
          <containerEntry>4294967295</containerEntry>
          <containerEntry>4294967295</containerEntry>
          <containerEntry>4294967295</containerEntry>
          <containerEntry>4294967295</containerEntry>
          <containerEntry>4294967295</containerEntry>
          <containerEntry>4294967295</containerEntry>
        </property>
      </staticProperties>
      <dynamicProperties></dynamicProperties>
    </entity>
    <entity class="TexturePackLoadConditioner" classVersion="0" classID="0x48" addr="0x2D7EB70" id="0x0">
      <staticProperties>
        <property name="name" type="String" container="StaticArray" arraySize="1">
          <containerEntry>TexturePackLoadConditioner0000</containerEntry>
        </property>
        <property name="dataSet" type="EntityHandle" container="StaticArray" arraySize="1">
          <containerEntry>0x2F54530</containerEntry>
        </property>
        <property name="texturePackPath" type="Path" container="StaticArray" arraySize="1">
          <containerEntry hash="0xB8A0BF169F98"></containerEntry>
        </property>
      </staticProperties>
      <dynamicProperties></dynamicProperties>
    </entity>
  </entities>
</fox>