<fox formatVersion="2" fileVersion="0">
  <entities>
    <entity class="DataSet" classVersion="0" classID="0xE8" addr="0x2EE3110" id="0x1720D">
      <staticProperties>
        <property name="name" type="String" container="StaticArray" arraySize="1">
          <containerEntry hash="0xB8A0BF169F98"></containerEntry>
        </property>
        <property name="dataSet" type="EntityHandle" container="StaticArray" arraySize="1">
          <containerEntry>0x0</containerEntry>
        </property>
        <property name="dataList" type="EntityPtr" container="StringMap" arraySize="8">
          <containerEntry key="afgh_rock006_0000">
            <data>0x2EE1120</data>
          </containerEntry>
          <containerEntry key="afgh_rock010_vrtn001_0001">
            <data>0x2D75560</data>
          </containerEntry>
          <containerEntry key="StaticModelArray0000">
            <data>0x2D7B4C0</data>
          </containerEntry>
          <containerEntry key="StaticModelArray0001">
            <data>0x2D7B530</data>
          </containerEntry>
          <containerEntry key="StaticModelArray0002">
            <data>0x2D7B5A0</data>
          </containerEntry>
          <containerEntry key="StaticModelArray0003">
            <data>0x2D7B450</data>
          </containerEntry>
          <containerEntry key="StaticModelArray0004">
            <data>0x2EE35E0</data>
          </containerEntry>
          <containerEntry key="TexturePackLoadConditioner0000">
            <data>0x2D7BAE0</data>
          </containerEntry>
        </property>
      </staticProperties>
      <dynamicProperties></dynamicProperties>
    </entity>
    <entity class="StaticModel" classVersion="9" classID="0x160" addr="0x2EE1120" id="0x172B1">
      <staticProperties>
        <property name="name" type="String" container="StaticArray" arraySize="1">
          <containerEntry>afgh_rock006_0000</containerEntry>
        </property>
        <property name="dataSet" type="EntityHandle" container="StaticArray" arraySize="1">
          <containerEntry>0x2EE3110</containerEntry>
        </property>
        <property name="parent" type="EntityHandle" container="StaticArray" arraySize="1">
          <containerEntry>0x0</containerEntry>
        </property>
        <property name="transform" type="EntityPtr" container="StaticArray" arraySize="1">
          <containerEntry>0x2EE10B0</containerEntry>
        </property>
        <property name="shearTransform" type="EntityPtr" container="StaticArray" arraySize="1">
          <containerEntry>0x0</containerEntry>
        </property>
        <property name="pivotTransform" type="EntityPtr" container="StaticArray" arraySize="1">
          <containerEntry>0x0</containerEntry>
        </property>
        <property name="children" type="EntityHandle" container="List"></property>
        <property name="flags" type="UInt32" container="StaticArray" arraySize="1">
          <containerEntry>3221225479</containerEntry>
        </property>
        <property name="modelFile" type="FilePtr" container="StaticArray" arraySize="1">
          <containerEntry>/Assets/tpp/environ/object/afghanistan/rock/afgh_rock006/scenes/afgh_rock006.fmdl</containerEntry>
        </property>
        <property name="geomFile" type="FilePtr" container="StaticArray" arraySize="1">
          <containerEntry>/Assets/tpp/environ/object/afghanistan/rock/afgh_rock006/scenes/afgh_rock006.geom</containerEntry>
        </property>
        <property name="isVisibleGeom" type="Bool" container="StaticArray" arraySize="1">
          <containerEntry>false</containerEntry>
        </property>
        <property name="isIsolated" type="Bool" container="StaticArray" arraySize="1">
          <containerEntry>false</containerEntry>
        </property>
        <property name="lodFarSize" type="Float" container="StaticArray" arraySize="1">
          <containerEntry>-1</containerEntry>
        </property>
        <property name="lodNearSize" type="Float" container="StaticArray" arraySize="1">
          <containerEntry>-1</containerEntry>
        </property>
        <property name="lodPolygonSize" type="Float" container="StaticArray" arraySize="1">
          <containerEntry>-1</containerEntry>
        </property>
        <property name="color" type="Color" container="StaticArray" arraySize="1">
          <containerEntry r="1" g="1" b="1" a="1"></containerEntry>
        </property>
        <property name="drawRejectionLevel" type="Int32" container="StaticArray" arraySize="1">
          <containerEntry>8</containerEntry>
        </property>
        <property name="drawMode" type="Int32" container="StaticArray" arraySize="1">
          <containerEntry>0</containerEntry>
        </property>
        <property name="rejectFarRangeShadowCast" type="Int32" container="StaticArray" arraySize="1">
          <containerEntry>2</containerEntry>
        </property>
      </staticProperties>
      <dynamicProperties></dynamicProperties>
    </entity>
    <entity class="TransformEntity" classVersion="0" classID="0x50" addr="0x2EE10B0" id="0x172B4">
      <staticProperties>
        <property name="owner" type="EntityHandle" container="StaticArray" arraySize="1">
          <containerEntry>0x2EE1120</containerEntry>
        </property>
        <property name="transform_scale" type="Vector3" container="StaticArray" arraySize="1">
          <containerEntry x="1" y="1" z="1" w="0"></containerEntry>
        </property>
        <property name="transform_rotation_quat" type="Quat" container="StaticArray" arraySize="1">
          <containerEntry x="-0.149313" y="-0.757098" z="-0.127042" w="-0.623192"></containerEntry>
        </property>
        <property name="transform_translation" type="Vector3" container="StaticArray" arraySize="1">
          <containerEntry x="597.593" y="348.216" z="929.032" w="0"></containerEntry>
        </property>
      </staticProperties>
      <dynamicProperties></dynamicProperties>
    </entity>
    <entity class="StaticModel" classVersion="9" classID="0x160" addr="0x2D75560" id="0x1730B">
      <staticProperties>
        <property name="name" type="String" container="StaticArray" arraySize="1">
          <containerEntry>afgh_rock010_vrtn001_0001</containerEntry>
        </property>
        <property name="dataSet" type="EntityHandle" container="StaticArray" arraySize="1">
          <containerEntry>0x2EE3110</containerEntry>
        </property>
        <property name="parent" type="EntityHandle" container="StaticArray" arraySize="1">
          <containerEntry>0x0</containerEntry>
        </property>
        <property name="transform" type="EntityPtr" container="StaticArray" arraySize="1">
          <containerEntry>0x2D755D0</containerEntry>
        </property>
        <property name="shearTransform" type="EntityPtr" container="StaticArray" arraySize="1">
          <containerEntry>0x0</containerEntry>
        </property>
        <property name="pivotTransform" type="EntityPtr" container="StaticArray" arraySize="1">
          <containerEntry>0x0</containerEntry>
        </property>
        <property name="children" type="EntityHandle" container="List"></property>
        <property name="flags" type="UInt32" container="StaticArray" arraySize="1">
          <containerEntry>3221225479</containerEntry>
        </property>
        <property name="modelFile" type="FilePtr" container="StaticArray" arraySize="1">
          <containerEntry>/Assets/tpp/environ/object/afghanistan/rock/afgh_rock010/scenes/afgh_rock010_vrtn001.fmdl</containerEntry>
        </property>
        <property name="geomFile" type="FilePtr" container="StaticArray" arraySize="1">
          <containerEntry>/Assets/tpp/environ/object/afghanistan/rock/afgh_rock010/scenes/afgh_rock010_vrtn001.geom</containerEntry>
        </property>
        <property name="isVisibleGeom" type="Bool" container="StaticArray" arraySize="1">
          <containerEntry>false</containerEntry>
        </property>
        <property name="isIsolated" type="Bool" container="StaticArray" arraySize="1">
          <containerEntry>false</containerEntry>
        </property>
        <property name="lodFarSize" type="Float" container="StaticArray" arraySize="1">
          <containerEntry>-1</containerEntry>
        </property>
        <property name="lodNearSize" type="Float" container="StaticArray" arraySize="1">
          <containerEntry>-1</containerEntry>
        </property>
        <property name="lodPolygonSize" type="Float" container="StaticArray" arraySize="1">
          <containerEntry>-1</containerEntry>
        </property>
        <property name="color" type="Color" container="StaticArray" arraySize="1">
          <containerEntry r="1" g="1" b="1" a="1"></containerEntry>
        </property>
        <property name="drawRejectionLevel" type="Int32" container="StaticArray" arraySize="1">
          <containerEntry>8</containerEntry>
        </property>
        <property name="drawMode" type="Int32" container="StaticArray" arraySize="1">
          <containerEntry>0</containerEntry>
        </property>
        <property name="rejectFarRangeShadowCast" type="Int32" container="StaticArray" arraySize="1">
          <containerEntry>2</containerEntry>
        </property>
      </staticProperties>
      <dynamicProperties></dynamicProperties>
    </entity>
    <entity class="TransformEntity" classVersion="0" classID="0x50" addr="0x2D755D0" id="0x1730E">
      <staticProperties>
        <property name="owner" type="EntityHandle" container="StaticArray" arraySize="1">
          <containerEntry>0x2D75560</containerEntry>
        </property>
        <property name="transform_scale" type="Vector3" container="StaticArray" arraySize="1">
          <containerEntry x="1" y="1" z="1" w="0"></containerEntry>
        </property>
        <property name="transform_rotation_quat" type="Quat" container="StaticArray" arraySize="1">
          <containerEntry x="0.840778" y="0.106345" z="-0.492385" w="-0.19834"></containerEntry>
        </property>
        <property name="transform_translation" type="Vector3" container="StaticArray" arraySize="1">
          <containerEntry x="591.89746" y="327.779" z="1014.2343" w="0"></containerEntry>
        </property>
      </staticProperties>
      <dynamicProperties></dynamicProperties>
    </entity>
    <entity class="StaticModelArray" classVersion="4" classID="0xD0" addr="0x2D7B4C0" id="0x0">
      <staticProperties>
        <property name="name" type="String" container="StaticArray" arraySize="1">
          <containerEntry>StaticModelArray0000</containerEntry>
        </property>
        <property name="dataSet" type="EntityHandle" container="StaticArray" arraySize="1">
          <containerEntry>0x2EE3110</containerEntry>
        </property>
        <property name="modelFile" type="FilePtr" container="StaticArray" arraySize="1">
          <containerEntry>/Assets/tpp/environ/object/afghanistan/cliff/afgh_clff030/scenes/afgh_clff030_vrtn011.fmdl</containerEntry>
        </property>
        <property name="geomFile" type="FilePtr" container="StaticArray" arraySize="1">
          <containerEntry>/Assets/tpp/environ/object/afghanistan/cliff/afgh_clff030/scenes/afgh_clff030_vrtn011.geom</containerEntry>
        </property>
        <property name="isVisibleGeom" type="Bool" container="StaticArray" arraySize="1">
          <containerEntry>false</containerEntry>
        </property>
        <property name="lodFarSize" type="Float" container="StaticArray" arraySize="1">
          <containerEntry>-1</containerEntry>
        </property>
        <property name="lodNearSize" type="Float" container="StaticArray" arraySize="1">
          <containerEntry>-1</containerEntry>
        </property>
        <property name="lodPolygonSize" type="Float" container="StaticArray" arraySize="1">
          <containerEntry>-1</containerEntry>
        </property>
        <property name="drawRejectionLevel" type="Int32" container="StaticArray" arraySize="1">
          <containerEntry>8</containerEntry>
        </property>
        <property name="drawMode" type="Int32" container="StaticArray" arraySize="1">
          <containerEntry>0</containerEntry>
        </property>
        <property name="rejectFarRangeShadowCast" type="Int32" container="StaticArray" arraySize="1">
          <containerEntry>2</containerEntry>
        </property>
        <property name="parentLocator" type="EntityLink" container="StaticArray" arraySize="1">
          <containerEntry packagePathHash="0xB8A0BF169F98" archivePathHash="0xB8A0BF169F98" nameInArchiveHash="0xB8A0BF169F98">0x0</containerEntry>
        </property>
        <property name="transforms" type="Matrix4" container="DynamicArray" arraySize="3">
          <containerEntry r11="0.85686445" r12="0.035542134" r13="-0.5143144" r14="0" r21="-0.028806258" r22="0.9993629" r23="0.021069631" r24="0" r31="0.5147356" r32="-0.0032383036" r33="0.8573424" r34="0" r41="603.2614" r42="348.346" r43="938.48334" r44="1"></containerEntry>
          <containerEntry r11="0.6554961" r12="0.097306944" r13="0.7489022" r14="0" r21="-0.090919144" r22="0.99461955" r23="-0.049654312" r24="0" r31="-0.7497045" r32="-0.035541542" r33="0.6608164" r34="0" r41="595.4691" r42="347.1365" r43="907.1284" r44="1"></containerEntry>
          <containerEntry r11="0.8811305" r12="0.035340402" r13="-0.47155017" r14="0" r21="-0.028806243" r22="0.99936295" r23="0.021070529" r24="0" r31="0.4719944" r32="-0.004982258" r33="0.88158715" r34="0" r41="630.34" r42="348.1073" r43="923.3169" r44="1"></containerEntry>
        </property>
        <property name="colors" type="UInt32" container="DynamicArray" arraySize="3">
          <containerEntry>4294967295</containerEntry>
          <containerEntry>4294967295</containerEntry>
          <containerEntry>4294967295</containerEntry>
        </property>
      </staticProperties>
      <dynamicProperties></dynamicProperties>
    </entity>
    <entity class="StaticModelArray" classVersion="4" classID="0xD0" addr="0x2D7B530" id="0x0">
      <staticProperties>
        <property name="name" type="String" container="StaticArray" arraySize="1">
          <containerEntry>StaticModelArray0001</containerEntry>
        </property>
        <property name="dataSet" type="EntityHandle" container="StaticArray" arraySize="1">
          <containerEntry>0x2EE3110</containerEntry>
        </property>
        <property name="modelFile" type="FilePtr" container="StaticArray" arraySize="1">
          <containerEntry>/Assets/tpp/environ/object/afghanistan/rock/afgh_rock009/scenes/afgh_rock009_rock002.fmdl</containerEntry>
        </property>
        <property name="geomFile" type="FilePtr" container="StaticArray" arraySize="1">
          <containerEntry>/Assets/tpp/environ/object/afghanistan/rock/afgh_rock009/scenes/afgh_rock009_rock002.geom</containerEntry>
        </property>
        <property name="isVisibleGeom" type="Bool" container="StaticArray" arraySize="1">
          <containerEntry>false</containerEntry>
        </property>
        <property name="lodFarSize" type="Float" container="StaticArray" arraySize="1">
          <containerEntry>-1</containerEntry>
        </property>
        <property name="lodNearSize" type="Float" container="StaticArray" arraySize="1">
          <containerEntry>-1</containerEntry>
        </property>
        <property name="lodPolygonSize" type="Float" container="StaticArray" arraySize="1">
          <containerEntry>-1</containerEntry>
        </property>
        <property name="drawRejectionLevel" type="Int32" container="StaticArray" arraySize="1">
          <containerEntry>8</containerEntry>
        </property>
        <property name="drawMode" type="Int32" container="StaticArray" arraySize="1">
          <containerEntry>0</containerEntry>
        </property>
        <property name="rejectFarRangeShadowCast" type="Int32" container="StaticArray" arraySize="1">
          <containerEntry>2</containerEntry>
        </property>
        <property name="parentLocator" type="EntityLink" container="StaticArray" arraySize="1">
          <containerEntry packagePathHash="0xB8A0BF169F98" archivePathHash="0xB8A0BF169F98" nameInArchiveHash="0xB8A0BF169F98">0x0</containerEntry>
        </property>
        <property name="transforms" type="Matrix4" container="DynamicArray" arraySize="3">
          <containerEntry r11="0.1184932" r12="-0.98736966" r13="-0.10516286" r14="0" r21="0.6206559" r22="-0.009021044" r23="0.78403026" r24="0" r31="-0.77507704" r32="-0.15817171" r33="0.61174893" r34="0" r41="619.8665" r42="348.7289" r43="926.74194" r44="1"></containerEntry>
          <containerEntry r11="-0.3380828" r12="-0.71088517" r13="-0.6167204" r14="0" r21="-0.1523062" r22="0.6879966" r23="-0.7095518" r24="0" r31="0.92871124" r32="-0.14595637" r33="-0.3408723" r34="0" r41="545.0836" r42="327.7216" r43="1010.162" r44="1"></containerEntry>
          <containerEntry r11="0.2858678" r12="0.7179055" r13="0.63473713" r14="0" r21="-0.15230528" r22="0.68799776" r23="-0.7095506" r24="0" r31="-0.9460881" r32="0.10616383" r33="0.30601722" r34="0" r41="518.7761" r42="328.91452" r43="961.5792" r44="1"></containerEntry>
        </property>
        <property name="colors" type="UInt32" container="DynamicArray" arraySize="3">
          <containerEntry>4294967295</containerEntry>
          <containerEntry>4294967295</containerEntry>
          <containerEntry>4294967295</containerEntry>
        </property>
      </staticProperties>
      <dynamicProperties></dynamicProperties>
    </entity>
    <entity class="StaticModelArray" classVersion="4" classID="0xD0" addr="0x2D7B5A0" id="0x0">
      <staticProperties>
        <property name="name" type="String" container="StaticArray" arraySize="1">
          <containerEntry>StaticModelArray0002</containerEntry>
        </property>
        <property name="dataSet" type="EntityHandle" container="StaticArray" arraySize="1">
          <containerEntry>0x2EE3110</containerEntry>
        </property>
        <property name="modelFile" type="FilePtr" container="StaticArray" arraySize="1">
          <containerEntry>/Assets/tpp/environ/object/afghanistan/cliff/afgh_clff007/scenes/afgh_clff007.fmdl</containerEntry>
        </property>
        <property name="geomFile" type="FilePtr" container="StaticArray" arraySize="1">
          <containerEntry>/Assets/tpp/environ/object/afghanistan/cliff/afgh_clff007/scenes/afgh_clff007.geom</containerEntry>
        </property>
        <property name="isVisibleGeom" type="Bool" container="StaticArray" arraySize="1">
          <containerEntry>false</containerEntry>
        </property>
        <property name="lodFarSize" type="Float" container="StaticArray" arraySize="1">
          <containerEntry>-1</containerEntry>
        </property>
        <property name="lodNearSize" type="Float" container="StaticArray" arraySize="1">
          <containerEntry>-1</containerEntry>
        </property>
        <property name="lodPolygonSize" type="Float" container="StaticArray" arraySize="1">
          <containerEntry>-1</containerEntry>
        </property>
        <property name="drawRejectionLevel" type="Int32" container="StaticArray" arraySize="1">
          <containerEntry>8</containerEntry>
        </property>
        <property name="drawMode" type="Int32" container="StaticArray" arraySize="1">
          <containerEntry>0</containerEntry>
        </property>
        <property name="rejectFarRangeShadowCast" type="Int32" container="StaticArray" arraySize="1">
          <containerEntry>2</containerEntry>
        </property>
        <property name="parentLocator" type="EntityLink" container="StaticArray" arraySize="1">
          <containerEntry packagePathHash="0xB8A0BF169F98" archivePathHash="0xB8A0BF169F98" nameInArchiveHash="0xB8A0BF169F98">0x0</containerEntry>
        </property>
        <property name="transforms" type="Matrix4" container="DynamicArray" arraySize="21">
          <containerEntry r11="0.21369928" r12="0" r13="0.9768988" r14="0" r21="0" r22="1" r23="0" r24="0" r31="-0.9768988" r32="0" r33="0.21369928" r34="0" r41="534.7728" r42="334.20856" r43="942.3839" r44="1"></containerEntry>
          <containerEntry r11="0.7721375" r12="0" r13="0.63545525" r14="0" r21="0" r22="1" r23="0" r24="0" r31="-0.63545525" r32="0" r33="0.7721375" r34="0" r41="570.45605" r42="342.09808" r43="944.3362" r44="1"></containerEntry>
          <containerEntry r11="0.8988356" r12="1.6158447e-07" r13="0.43828568" r14="0" r21="-0.009735243" r22="0.9997533" r23="0.019964626" r24="0" r31="-0.43817756" r32="-0.022211736" r33="0.8986138" r34="0" r41="598.5329" r42="338.83017" r43="976.47156" r44="1"></containerEntry>
          <containerEntry r11="0.98120314" r12="-1.648441e-07" r13="0.19297767" r14="0" r21="-0.01637581" r22="0.9963929" r23="0.083264396" r24="0" r31="-0.1922816" r32="-0.084859446" r33="0.9776639" r34="0" r41="606.5147" r42="338.82007" r43="978.6897" r44="1"></containerEntry>
          <containerEntry r11="0.8628278" r12="0.04785628" r13="0.5032271" r14="0" r21="-0.18565804" r22="0.955935" r23="0.22741856" r24="0" r31="-0.47016898" r32="-0.2896513" r33="0.8336922" r34="0" r41="562.83624" r42="337.3912" r43="960.12537" r44="1"></containerEntry>
          <containerEntry r11="0.047718335" r12="-2.8312206e-07" r13="0.9988593" r14="0" r21="-0.11527622" r22="0.9933182" r23="0.005507171" r24="0" r31="-0.9921851" r32="-0.11540769" r33="0.04739946" r34="0" r41="547.2639" r42="341.02872" r43="922.47595" r44="1"></containerEntry>
          <containerEntry r11="0.62930053" r12="0.028195553" r13="0.77664953" r14="0" r21="-0.11206464" r22="0.9921897" r23="0.054782543" r24="0" r31="-0.769039" r32="-0.12150976" r33="0.62754524" r34="0" r41="538.2638" r42="333.64532" r43="952.3628" r44="1"></containerEntry>
          <containerEntry r11="0.766582" r12="0" r13="0.6421467" r14="0" r21="0" r22="1" r23="0" r24="0" r31="-0.6421467" r32="0" r33="0.766582" r34="0" r41="589.534" r42="328.807" r43="1002.144" r44="1"></containerEntry>
          <containerEntry r11="-0.24888086" r12="-0.060217403" r13="0.9666602" r14="0" r21="-0.0021562632" r22="0.9980973" r23="0.061620593" r24="0" r31="-0.96853155" r32="0.013251821" r33="-0.24853718" r34="0" r41="534.12335" r42="337.1551" r43="912.15656" r44="1"></containerEntry>
          <containerEntry r11="0.24469613" r12="0.09256778" r13="0.96517044" r14="0" r21="0.09853416" r22="0.98790485" r23="-0.119729064" r24="0" r31="-0.96457964" r32="0.124399506" r33="0.23261541" r34="0" r41="616.864" r42="347.727" r43="932.111" r44="1"></containerEntry>
          <containerEntry r11="0.24469613" r12="0.09256778" r13="0.96517044" r14="0" r21="0.09853416" r22="0.98790485" r23="-0.119729064" r24="0" r31="-0.96457964" r32="0.124399506" r33="0.23261541" r34="0" r41="613.417" r42="347.283" r43="924.868" r44="1"></containerEntry>
          <containerEntry r11="0.24469613" r12="0.09256778" r13="0.96517044" r14="0" r21="0.09853416" r22="0.98790485" r23="-0.119729064" r24="0" r31="-0.96457964" r32="0.124399506" r33="0.23261541" r34="0" r41="627.668" r42="347.283" r43="908.293" r44="1"></containerEntry>
          <containerEntry r11="-0.9603935" r12="-0.03213575" r13="-0.27677506" r14="0" r21="-0.14338192" r22="0.9087146" r23="0.3920193" r24="0" r31="0.23891163" r32="0.4161788" r33="-0.8773309" r34="0" r41="627.385" r42="345.281" r43="964.295" r44="1"></containerEntry>
          <containerEntry r11="-0.9813175" r12="-0.07768005" r13="0.17598855" r14="0" r21="0.012936439" r22="0.8861263" r23="0.4632627" r24="0" r31="-0.19193438" r32="0.45688674" r33="-0.8685658" r34="0" r41="620.758" r42="345.452" r43="964.295" r44="1"></containerEntry>
          <containerEntry r11="0.9867362" r12="0.1078949" r13="-0.121286295" r14="0" r21="-0.110914394" r22="0.9936595" r23="-0.018406514" r24="0" r31="0.11853131" r32="0.031614784" r33="0.9924469" r34="0" r41="631.021" r42="334.57" r43="998.311" r44="1"></containerEntry>
          <containerEntry r11="0.9835926" r12="0.10842918" r13="0.14418232" r14="0" r21="-0.10728262" r22="0.99410415" r23="-0.015726633" r24="0" r31="-0.14503747" r32="3.17581e-07" r33="0.98942614" r34="0" r41="621.015" r42="333.248" r43="998.098" r44="1"></containerEntry>
          <containerEntry r11="0.82362705" r12="0.039968126" r13="0.5657218" r14="0" r21="0.07205886" r22="0.98205394" r23="-0.17429158" r24="0" r31="-0.56253546" r32="0.18431652" r33="0.80596614" r34="0" r41="610.308" r42="347.069" r43="905.065" r44="1"></containerEntry>
          <containerEntry r11="0.64278805" r12="0" r13="0.76604414" r14="0" r21="0" r22="1" r23="0" r24="0" r31="-0.76604414" r32="0" r33="0.64278805" r34="0" r41="525.59467" r42="330.4743" r43="957.3541" r44="1"></containerEntry>
          <containerEntry r11="0.819153" r12="0" r13="0.5735749" r14="0" r21="0" r22="1" r23="0" r24="0" r31="-0.5735749" r32="0" r33="0.819153" r34="0" r41="542.71954" r42="330.42157" r43="976.52356" r44="1"></containerEntry>
          <containerEntry r11="0.7071074" r12="0" r13="0.70710635" r14="0" r21="0" r22="1" r23="0" r24="0" r31="-0.70710635" r32="0" r33="0.7071074" r34="0" r41="533.36896" r42="330.4743" r43="967.4334" r44="1"></containerEntry>
          <containerEntry r11="0.984808" r12="0" r13="0.17364675" r14="0" r21="0" r22="1" r23="0" r24="0" r31="-0.17364675" r32="0" r33="0.984808" r34="0" r41="552.8245" r42="330.42157" r43="983.11444" r44="1"></containerEntry>
        </property>
        <property name="colors" type="UInt32" container="DynamicArray" arraySize="21">
          <containerEntry>4294967295</containerEntry>
          <containerEntry>4294967295</containerEntry>
          <containerEntry>4294967295</containerEntry>
          <containerEntry>4294967295</containerEntry>
          <containerEntry>4294967295</containerEntry>
          <containerEntry>4294967295</containerEntry>
          <containerEntry>4294967295</containerEntry>
          <containerEntry>4294967295</containerEntry>
          <containerEntry>4294967295</containerEntry>
          <containerEntry>4294967295</containerEntry>
          <containerEntry>4294967295</containerEntry>
          <containerEntry>4294967295</containerEntry>
          <containerEntry>4294967295</containerEntry>
          <containerEntry>4294967295</containerEntry>
          <containerEntry>4294967295</containerEntry>
          <containerEntry>4294967295</containerEntry>
          <containerEntry>4294967295</containerEntry>
          <containerEntry>4294967295</containerEntry>
          <containerEntry>4294967295</containerEntry>
          <containerEntry>4294967295</containerEntry>
          <containerEntry>4294967295</containerEntry>
        </property>
      </staticProperties>
      <dynamicProperties></dynamicProperties>
    </entity>
    <entity class="StaticModelArray" classVersion="4" classID="0xD0" addr="0x2D7B450" id="0x0">
      <staticProperties>
        <property name="name" type="String" container="StaticArray" arraySize="1">
          <containerEntry>StaticModelArray0003</containerEntry>
        </property>
        <property name="dataSet" type="EntityHandle" container="StaticArray" arraySize="1">
          <containerEntry>0x2EE3110</containerEntry>
        </property>
        <property name="modelFile" type="FilePtr" container="StaticArray" arraySize="1">
          <containerEntry>/Assets/tpp/environ/object/afghanistan/rock/afgh_rock001/scenes/afgh_rock001.fmdl</containerEntry>
        </property>
        <property name="geomFile" type="FilePtr" container="StaticArray" arraySize="1">
          <containerEntry>/Assets/tpp/environ/object/afghanistan/rock/afgh_rock001/scenes/afgh_rock001.geom</containerEntry>
        </property>
        <property name="isVisibleGeom" type="Bool" container="StaticArray" arraySize="1">
          <containerEntry>false</containerEntry>
        </property>
        <property name="lodFarSize" type="Float" container="StaticArray" arraySize="1">
          <containerEntry>-1</containerEntry>
        </property>
        <property name="lodNearSize" type="Float" container="StaticArray" arraySize="1">
          <containerEntry>-1</containerEntry>
        </property>
        <property name="lodPolygonSize" type="Float" container="StaticArray" arraySize="1">
          <containerEntry>-1</containerEntry>
        </property>
        <property name="drawRejectionLevel" type="Int32" container="StaticArray" arraySize="1">
          <containerEntry>8</containerEntry>
        </property>
        <property name="drawMode" type="Int32" container="StaticArray" arraySize="1">
          <containerEntry>0</containerEntry>
        </property>
        <property name="rejectFarRangeShadowCast" type="Int32" container="StaticArray" arraySize="1">
          <containerEntry>2</containerEntry>
        </property>
        <property name="parentLocator" type="EntityLink" container="StaticArray" arraySize="1">
          <containerEntry packagePathHash="0xB8A0BF169F98" archivePathHash="0xB8A0BF169F98" nameInArchiveHash="0xB8A0BF169F98">0x0</containerEntry>
        </property>
        <property name="transforms" type="Matrix4" container="DynamicArray" arraySize="9">
          <containerEntry r11="1" r12="0" r13="0" r14="0" r21="0" r22="1" r23="0" r24="0" r31="0" r32="0" r33="1" r34="0" r41="550.9947" r42="339.80652" r43="942.2865" r44="1"></containerEntry>
          <containerEntry r11="-0.28895283" r12="0.18631524" r13="0.9390375" r14="0" r21="0.054796696" r22="0.98249" r23="-0.17807496" r24="0" r31="-0.95577306" r32="7.972121e-07" r33="-0.29410273" r34="0" r41="575.702" r42="343.68335" r43="947.91675" r44="1"></containerEntry>
          <containerEntry r11="1" r12="0" r13="0" r14="0" r21="0" r22="1" r23="0" r24="0" r31="0" r32="0" r33="1" r34="0" r41="548.79047" r42="342.62723" r43="923.8488" r44="1"></containerEntry>
          <containerEntry r11="1" r12="0" r13="0" r14="0" r21="0" r22="0.96507645" r23="-0.2619685" r24="0" r31="0" r32="0.2619685" r33="0.96507645" r34="0" r41="598.90894" r42="338.27518" r43="979.76575" r44="1"></containerEntry>
          <containerEntry r11="0.42299035" r12="0" r13="0.4532983" r14="0" r21="0" r22="0.62" r23="0" r24="0" r31="-0.4532983" r32="0" r33="0.42299035" r34="0" r41="597.77234" r42="338.42892" r43="979.27295" r44="1"></containerEntry>
          <containerEntry r11="-0.5002117" r12="1.4901161e-07" r13="0.8659033" r14="0" r21="0.78041315" r22="-0.43325675" r23="0.45082608" r24="0" r31="0.37515837" r32="0.90127075" r33="0.21671975" r34="0" r41="562.7337" r42="337.0138" r43="962.98987" r44="1"></containerEntry>
          <containerEntry r11="-0.60855067" r12="0" r13="-0.7935154" r14="0" r21="0" r22="1" r23="0" r24="0" r31="0.7935154" r32="0" r33="-0.60855067" r34="0" r41="531.782" r42="337.569" r43="921.592" r44="1"></containerEntry>
          <containerEntry r11="0.8704809" r12="0" r13="-0.49220204" r14="0" r21="0" r22="1" r23="0" r24="0" r31="0.49220204" r32="0" r33="0.8704809" r34="0" r41="538.204" r42="339.069" r43="906.492" r44="1"></containerEntry>
          <containerEntry r11="-0.33691657" r12="0.94153357" r13="0" r14="0" r21="-0.94153357" r22="-0.33691657" r23="0" r24="0" r31="0" r32="0" r33="1" r34="0" r41="595.321" r42="347.627" r43="930.173" r44="1"></containerEntry>
        </property>
        <property name="colors" type="UInt32" container="DynamicArray" arraySize="9">
          <containerEntry>4294967295</containerEntry>
          <containerEntry>4294967295</containerEntry>
          <containerEntry>4294967295</containerEntry>
          <containerEntry>4294967295</containerEntry>
          <containerEntry>4294967295</containerEntry>
          <containerEntry>4294967295</containerEntry>
          <containerEntry>4294967295</containerEntry>
          <containerEntry>4294967295</containerEntry>
          <containerEntry>4294967295</containerEntry>
        </property>
      </staticProperties>
      <dynamicProperties></dynamicProperties>
    </entity>
    <entity class="StaticModelArray" classVersion="4" classID="0xD0" addr="0x2EE35E0" id="0x0">
      <staticProperties>
        <property name="name" type="String" container="StaticArray" arraySize="1">
          <containerEntry>StaticModelArray0004</containerEntry>
        </property>
        <property name="dataSet" type="EntityHandle" container="StaticArray" arraySize="1">
          <containerEntry>0x2EE3110</containerEntry>
        </property>
        <property name="modelFile" type="FilePtr" container="StaticArray" arraySize="1">
          <containerEntry>/Assets/tpp/environ/object/afghanistan/rock/afgh_rock009/scenes/afgh_rock009_rock001.fmdl</containerEntry>
        </property>
        <property name="geomFile" type="FilePtr" container="StaticArray" arraySize="1">
          <containerEntry>/Assets/tpp/environ/object/afghanistan/rock/afgh_rock009/scenes/afgh_rock009_rock001.geom</containerEntry>
        </property>
        <property name="isVisibleGeom" type="Bool" container="StaticArray" arraySize="1">
          <containerEntry>false</containerEntry>
        </property>
        <property name="lodFarSize" type="Float" container="StaticArray" arraySize="1">
          <containerEntry>-1</containerEntry>
        </property>
        <property name="lodNearSize" type="Float" container="StaticArray" arraySize="1">
          <containerEntry>-1</containerEntry>
        </property>
        <property name="lodPolygonSize" type="Float" container="StaticArray" arraySize="1">
          <containerEntry>-1</containerEntry>
        </property>
        <property name="drawRejectionLevel" type="Int32" container="StaticArray" arraySize="1">
          <containerEntry>8</containerEntry>
        </property>
        <property name="drawMode" type="Int32" container="StaticArray" arraySize="1">
          <containerEntry>0</containerEntry>
        </property>
        <property name="rejectFarRangeShadowCast" type="Int32" container="StaticArray" arraySize="1">
          <containerEntry>2</containerEntry>
        </property>
        <property name="parentLocator" type="EntityLink" container="StaticArray" arraySize="1">
          <containerEntry packagePathHash="0xB8A0BF169F98" archivePathHash="0xB8A0BF169F98" nameInArchiveHash="0xB8A0BF169F98">0x0</containerEntry>
        </property>
        <property name="transforms" type="Matrix4" container="DynamicArray" arraySize="4">
          <containerEntry r11="-0.041998267" r12="-0.6640111" r13="-0.7465449" r14="0" r21="0.52660155" r22="-0.6497051" r23="0.5482521" r24="0" r31="-0.84907645" r32="-0.37010646" r33="0.37695187" r34="0" r41="628.2938" r42="342.24246" r43="977.6624" r44="1"></containerEntry>
          <containerEntry r11="-0.73100096" r12="0.2197873" r13="-0.646013" r14="0" r21="-0.051678903" r22="-0.96182233" r23="-0.2687545" r24="0" r31="-0.68042016" r32="-0.16307464" r33="0.71444756" r34="0" r41="537.6143" r42="327.22784" r43="997.5573" r44="1"></containerEntry>
          <containerEntry r11="-0.053946614" r12="0.6918819" r13="-0.7199919" r14="0" r21="0.7078168" r22="-0.48209953" r23="-0.51630825" r24="0" r31="-0.7043314" r32="-0.53747547" r33="-0.46372" r34="0" r41="579.8355" r42="327.11984" r43="1018.40656" r44="1"></containerEntry>
          <containerEntry r11="0.3924146" r12="-0.7321808" r13="0.5567048" r14="0" r21="0.84325355" r22="0.52810025" r23="0.10016084" r24="0" r31="-0.3673315" r32="0.43013948" r33="0.82464963" r34="0" r41="539.105" r42="326.05585" r43="1012.4887" r44="1"></containerEntry>
        </property>
        <property name="colors" type="UInt32" container="DynamicArray" arraySize="4">
          <containerEntry>4294967295</containerEntry>
          <containerEntry>4294967295</containerEntry>
          <containerEntry>4294967295</containerEntry>
          <containerEntry>4294967295</containerEntry>
        </property>
      </staticProperties>
      <dynamicProperties></dynamicProperties>
    </entity>
    <entity class="TexturePackLoadConditioner" classVersion="0" classID="0x48" addr="0x2D7BAE0" id="0x0">
      <staticProperties>
        <property name="name" type="String" container="StaticArray" arraySize="1">
          <containerEntry>TexturePackLoadConditioner0000</containerEntry>
        </property>
        <property name="dataSet" type="EntityHandle" container="StaticArray" arraySize="1">
          <containerEntry>0x2EE3110</containerEntry>
        </property>
        <property name="texturePackPath" type="Path" container="StaticArray" arraySize="1">
          <containerEntry hash="0xB8A0BF169F98"></containerEntry>
        </property>
      </staticProperties>
      <dynamicProperties></dynamicProperties>
    </entity>
  </entities>
</fox>