<fox formatVersion="2" fileVersion="0">
  <entities>
    <entity class="DataSet" classVersion="0" classID="0xE8" addr="0x2EF8580" id="0x3B02AEE">
      <staticProperties>
        <property name="name" type="String" container="StaticArray" arraySize="1">
          <containerEntry hash="0xB8A0BF169F98"></containerEntry>
        </property>
        <property name="dataSet" type="EntityHandle" container="StaticArray" arraySize="1">
          <containerEntry>0x0</containerEntry>
        </property>
        <property name="dataList" type="EntityPtr" container="StringMap" arraySize="4">
          <containerEntry key="afgh_tree011_vrtn001_0001">
            <data>0x2D74760</data>
          </containerEntry>
          <containerEntry key="StaticModelArray0000">
            <data>0x2D77400</data>
          </containerEntry>
          <containerEntry key="StaticModelArray0001">
            <data>0x2D774E0</data>
          </containerEntry>
          <containerEntry key="TexturePackLoadConditioner0000">
            <data>0x2D77550</data>
          </containerEntry>
        </property>
      </staticProperties>
      <dynamicProperties></dynamicProperties>
    </entity>
    <entity class="StaticModel" classVersion="9" classID="0x160" addr="0x2D74760" id="0x3B1A679">
      <staticProperties>
        <property name="name" type="String" container="StaticArray" arraySize="1">
          <containerEntry>afgh_tree011_vrtn001_0001</containerEntry>
        </property>
        <property name="dataSet" type="EntityHandle" container="StaticArray" arraySize="1">
          <containerEntry>0x2EF8580</containerEntry>
        </property>
        <property name="parent" type="EntityHandle" container="StaticArray" arraySize="1">
          <containerEntry>0x0</containerEntry>
        </property>
        <property name="transform" type="EntityPtr" container="StaticArray" arraySize="1">
          <containerEntry>0x2D747D0</containerEntry>
        </property>
        <property name="shearTransform" type="EntityPtr" container="StaticArray" arraySize="1">
          <containerEntry>0x0</containerEntry>
        </property>
        <property name="pivotTransform" type="EntityPtr" container="StaticArray" arraySize="1">
          <containerEntry>0x0</containerEntry>
        </property>
        <property name="children" type="EntityHandle" container="List"></property>
        <property name="flags" type="UInt32" container="StaticArray" arraySize="1">
          <containerEntry>7</containerEntry>
        </property>
        <property name="modelFile" type="FilePtr" container="StaticArray" arraySize="1">
          <containerEntry>/Assets/tpp/environ/object/afghanistan/tree/afgh_tree011/scenes/afgh_tree011_vrtn001.fmdl</containerEntry>
        </property>
        <property name="geomFile" type="FilePtr" container="StaticArray" arraySize="1">
          <containerEntry>/Assets/tpp/environ/object/afghanistan/tree/afgh_tree011/scenes/afgh_tree011_vrtn001.geom</containerEntry>
        </property>
        <property name="isVisibleGeom" type="Bool" container="StaticArray" arraySize="1">
          <containerEntry>false</containerEntry>
        </property>
        <property name="isIsolated" type="Bool" container="StaticArray" arraySize="1">
          <containerEntry>false</containerEntry>
        </property>
        <property name="lodFarSize" type="Float" container="StaticArray" arraySize="1">
          <containerEntry>-1</containerEntry>
        </property>
        <property name="lodNearSize" type="Float" container="StaticArray" arraySize="1">
          <containerEntry>-1</containerEntry>
        </property>
        <property name="lodPolygonSize" type="Float" container="StaticArray" arraySize="1">
          <containerEntry>-1</containerEntry>
        </property>
        <property name="color" type="Color" container="StaticArray" arraySize="1">
          <containerEntry r="1" g="1" b="1" a="1"></containerEntry>
        </property>
        <property name="drawRejectionLevel" type="Int32" container="StaticArray" arraySize="1">
          <containerEntry>8</containerEntry>
        </property>
        <property name="drawMode" type="Int32" container="StaticArray" arraySize="1">
          <containerEntry>0</containerEntry>
        </property>
        <property name="rejectFarRangeShadowCast" type="Int32" container="StaticArray" arraySize="1">
          <containerEntry>2</containerEntry>
        </property>
      </staticProperties>
      <dynamicProperties></dynamicProperties>
    </entity>
    <entity class="TransformEntity" classVersion="0" classID="0x50" addr="0x2D747D0" id="0x3B1A67A">
      <staticProperties>
        <property name="owner" type="EntityHandle" container="StaticArray" arraySize="1">
          <containerEntry>0x2D74760</containerEntry>
        </property>
        <property name="transform_scale" type="Vector3" container="StaticArray" arraySize="1">
          <containerEntry x="0.7" y="0.7" z="0.7" w="0"></containerEntry>
        </property>
        <property name="transform_rotation_quat" type="Quat" container="StaticArray" arraySize="1">
          <containerEntry x="0.094245" y="0.854589" z="-0.022656" w="0.510179"></containerEntry>
        </property>
        <property name="transform_translation" type="Vector3" container="StaticArray" arraySize="1">
          <containerEntry x="-661.9744" y="618.1629" z="-1847.8892" w="0"></containerEntry>
        </property>
      </staticProperties>
      <dynamicProperties></dynamicProperties>
    </entity>
    <entity class="StaticModelArray" classVersion="4" classID="0xD0" addr="0x2D77400" id="0x0">
      <staticProperties>
        <property name="name" type="String" container="StaticArray" arraySize="1">
          <containerEntry>StaticModelArray0000</containerEntry>
        </property>
        <property name="dataSet" type="EntityHandle" container="StaticArray" arraySize="1">
          <containerEntry>0x2EF8580</containerEntry>
        </property>
        <property name="modelFile" type="FilePtr" container="StaticArray" arraySize="1">
          <containerEntry>/Assets/tpp/environ/object/afghanistan/tree/afgh_tree011/scenes/afgh_tree011_vrtn002.fmdl</containerEntry>
        </property>
        <property name="geomFile" type="FilePtr" container="StaticArray" arraySize="1">
          <containerEntry>/Assets/tpp/environ/object/afghanistan/tree/afgh_tree011/scenes/afgh_tree011_vrtn002.geom</containerEntry>
        </property>
        <property name="isVisibleGeom" type="Bool" container="StaticArray" arraySize="1">
          <containerEntry>false</containerEntry>
        </property>
        <property name="lodFarSize" type="Float" container="StaticArray" arraySize="1">
          <containerEntry>-1</containerEntry>
        </property>
        <property name="lodNearSize" type="Float" container="StaticArray" arraySize="1">
          <containerEntry>-1</containerEntry>
        </property>
        <property name="lodPolygonSize" type="Float" container="StaticArray" arraySize="1">
          <containerEntry>-1</containerEntry>
        </property>
        <property name="drawRejectionLevel" type="Int32" container="StaticArray" arraySize="1">
          <containerEntry>8</containerEntry>
        </property>
        <property name="drawMode" type="Int32" container="StaticArray" arraySize="1">
          <containerEntry>0</containerEntry>
        </property>
        <property name="rejectFarRangeShadowCast" type="Int32" container="StaticArray" arraySize="1">
          <containerEntry>2</containerEntry>
        </property>
        <property name="parentLocator" type="EntityLink" container="StaticArray" arraySize="1">
          <containerEntry packagePathHash="0xB8A0BF169F98" archivePathHash="0xB8A0BF169F98" nameInArchiveHash="0xB8A0BF169F98">0x0</containerEntry>
        </property>
        <property name="transforms" type="Matrix4" container="DynamicArray" arraySize="10">
          <containerEntry r11="0.82970655" r12="0.16253704" r13="-0.5340119" r14="0" r21="-0.042064365" r22="0.9721538" r23="0.23053777" r24="0" r31="0.55661255" r32="-0.16881582" r33="0.81343937" r34="0" r41="-712.50116" r42="610.48444" r43="-1760.5371" r44="1"></containerEntry>
          <containerEntry r11="0.5738447" r12="-0.17215693" r13="0.80066514" r14="0" r21="0.0898678" r22="0.98498875" r23="0.14738059" r24="0" r31="-0.8140187" r32="-0.012619622" r33="0.5807019" r34="0" r41="-702.4048" r42="613.43115" r43="-1773.721" r44="1"></containerEntry>
          <containerEntry r11="0.96615326" r12="-0.15975137" r13="0.20255207" r14="0" r21="0.15635242" r22="0.9871573" r23="0.032778434" r24="0" r31="-0.20518716" r32="5.0105155e-07" r33="0.97872275" r34="0" r41="-716.0178" r42="616.85974" r43="-1781.0309" r44="1"></containerEntry>
          <containerEntry r11="0.9467142" r12="-0.115302384" r13="0.30072838" r14="0" r21="0.10989125" r22="0.9933304" r23="0.034907773" r24="0" r31="-0.3027476" r32="-2.7380884e-07" r33="0.95307076" r34="0" r41="-730.13855" r42="622.7688" r43="-1786.477" r44="1"></containerEntry>
          <containerEntry r11="0.88507366" r12="-0.083254226" r13="-0.45794478" r14="0" r21="0.12981649" r22="0.98898554" r23="0.071100175" r24="0" r31="0.4469814" r32="-0.122377664" r33="0.88613284" r34="0" r41="-677.1401" r42="613.11707" r43="-1791.8351" r44="1"></containerEntry>
          <containerEntry r11="0.9753624" r12="-0.12662177" r13="-0.18065177" r14="0" r21="0.14634289" r22="0.984133" r23="0.1003295" r24="0" r31="0.16508149" r32="-0.12429471" r33="0.97841656" r34="0" r41="-679.4314" r42="616.99786" r43="-1807.395" r44="1"></containerEntry>
          <containerEntry r11="-0.3043966" r12="0.11010124" r13="-0.9461598" r14="0" r21="0.122711495" r22="0.9895533" r23="0.07567209" r24="0" r31="0.9446071" r32="-0.09307037" r33="-0.3147273" r34="0" r41="-669.19635" r42="615.83746" r43="-1822.4231" r44="1"></containerEntry>
          <containerEntry r11="-0.4138701" r12="0.07042493" r13="-0.9076085" r14="0" r21="0.18533798" r22="0.9826401" r23="-0.008267194" r24="0" r31="0.8912703" r32="-0.17163578" r33="-0.41973776" r34="0" r41="-657.3426" r42="613.49805" r43="-1830.2289" r44="1"></containerEntry>
          <containerEntry r11="0.9609327" r12="-0.2628746" r13="0.08663382" r14="0" r21="0.24993771" r22="0.9586028" r23="0.13642524" r24="0" r31="-0.11891012" r32="-0.109442435" r33="0.986855" r34="0" r41="-646.9804" r42="614.90424" r43="-1848.7367" r44="1"></containerEntry>
          <containerEntry r11="0.9573494" r12="-0.1278334" r13="-0.25911522" r14="0" r21="0.15907675" r22="0.9818417" r23="0.103351325" r24="0" r31="0.24119838" r32="-0.14016251" r33="0.9603009" r34="0" r41="-650.72235" r42="620.655" r43="-1866.1019" r44="1"></containerEntry>
        </property>
        <property name="colors" type="UInt32" container="DynamicArray" arraySize="10">
          <containerEntry>4294967295</containerEntry>
          <containerEntry>4294967295</containerEntry>
          <containerEntry>4294967295</containerEntry>
          <containerEntry>4294967295</containerEntry>
          <containerEntry>4294967295</containerEntry>
          <containerEntry>4294967295</containerEntry>
          <containerEntry>4294967295</containerEntry>
          <containerEntry>4294967295</containerEntry>
          <containerEntry>4294967295</containerEntry>
          <containerEntry>4294967295</containerEntry>
        </property>
      </staticProperties>
      <dynamicProperties></dynamicProperties>
    </entity>
    <entity class="StaticModelArray" classVersion="4" classID="0xD0" addr="0x2D774E0" id="0x0">
      <staticProperties>
        <property name="name" type="String" container="StaticArray" arraySize="1">
          <containerEntry>StaticModelArray0001</containerEntry>
        </property>
        <property name="dataSet" type="EntityHandle" container="StaticArray" arraySize="1">
          <containerEntry>0x2EF8580</containerEntry>
        </property>
        <property name="modelFile" type="FilePtr" container="StaticArray" arraySize="1">
          <containerEntry>/Assets/tpp/environ/object/afghanistan/cliff/afgh_clff024/scenes/afgh_clff024.fmdl</containerEntry>
        </property>
        <property name="geomFile" type="FilePtr" container="StaticArray" arraySize="1">
          <containerEntry>/Assets/tpp/environ/object/afghanistan/cliff/afgh_clff024/scenes/afgh_clff024.geom</containerEntry>
        </property>
        <property name="isVisibleGeom" type="Bool" container="StaticArray" arraySize="1">
          <containerEntry>false</containerEntry>
        </property>
        <property name="lodFarSize" type="Float" container="StaticArray" arraySize="1">
          <containerEntry>-1</containerEntry>
        </property>
        <property name="lodNearSize" type="Float" container="StaticArray" arraySize="1">
          <containerEntry>-1</containerEntry>
        </property>
        <property name="lodPolygonSize" type="Float" container="StaticArray" arraySize="1">
          <containerEntry>-1</containerEntry>
        </property>
        <property name="drawRejectionLevel" type="Int32" container="StaticArray" arraySize="1">
          <containerEntry>8</containerEntry>
        </property>
        <property name="drawMode" type="Int32" container="StaticArray" arraySize="1">
          <containerEntry>0</containerEntry>
        </property>
        <property name="rejectFarRangeShadowCast" type="Int32" container="StaticArray" arraySize="1">
          <containerEntry>2</containerEntry>
        </property>
        <property name="parentLocator" type="EntityLink" container="StaticArray" arraySize="1">
          <containerEntry packagePathHash="0xB8A0BF169F98" archivePathHash="0xB8A0BF169F98" nameInArchiveHash="0xB8A0BF169F98">0x0</containerEntry>
        </property>
        <property name="transforms" type="Matrix4" container="DynamicArray" arraySize="3">
          <containerEntry r11="0.6864699" r12="-0.060103722" r13="-1.0429026" r14="0" r21="-0.47873262" r22="1.0910702" r23="-0.37799555" r24="0" r31="0.9284791" r32="0.6070034" r33="0.5761706" r34="0" r41="-676.15045" r42="646.272" r43="-1904.2057" r44="1"></containerEntry>
          <containerEntry r11="0.5399457" r12="-0.067203" r13="-1.1253632" r14="0" r21="-0.3524146" r22="1.1751833" r23="-0.23926556" r24="0" r31="1.0708699" r32="0.4206279" r33="0.48868155" r34="0" r41="-704.43805" r42="646.2594" r43="-1837.4872" r44="1"></containerEntry>
          <containerEntry r11="1.2470275" r12="-0.025462387" r13="0.08230521" r14="0" r21="0.056598466" r22="1.1424421" r23="-0.50410575" r24="0" r31="-0.06495455" r32="0.50663364" r33="1.1408783" r34="0" r41="-767.47614" r42="656.8355" r43="-1819.8873" r44="1"></containerEntry>
        </property>
        <property name="colors" type="UInt32" container="DynamicArray" arraySize="3">
          <containerEntry>4294967295</containerEntry>
          <containerEntry>4294967295</containerEntry>
          <containerEntry>4294967295</containerEntry>
        </property>
      </staticProperties>
      <dynamicProperties></dynamicProperties>
    </entity>
    <entity class="TexturePackLoadConditioner" classVersion="0" classID="0x48" addr="0x2D77550" id="0x0">
      <staticProperties>
        <property name="name" type="String" container="StaticArray" arraySize="1">
          <containerEntry>TexturePackLoadConditioner0000</containerEntry>
        </property>
        <property name="dataSet" type="EntityHandle" container="StaticArray" arraySize="1">
          <containerEntry>0x2EF8580</containerEntry>
        </property>
        <property name="texturePackPath" type="Path" container="StaticArray" arraySize="1">
          <containerEntry hash="0xB8A0BF169F98"></containerEntry>
        </property>
      </staticProperties>
      <dynamicProperties></dynamicProperties>
    </entity>
  </entities>
</fox>