<fox formatVersion="2" fileVersion="0">
  <entities>
    <entity class="DataSet" classVersion="0" classID="0xE8" addr="0x3304AE0" id="0x10C75E2">
      <staticProperties>
        <property name="name" type="String" container="StaticArray" arraySize="1">
          <containerEntry hash="0xB8A0BF169F98"></containerEntry>
        </property>
        <property name="dataSet" type="EntityHandle" container="StaticArray" arraySize="1">
          <containerEntry>0x0</containerEntry>
        </property>
        <property name="dataList" type="EntityPtr" container="StringMap" arraySize="12">
          <containerEntry key="TppGimmickElectricCableLinkSetData0000">
            <data>0x3177D30</data>
          </containerEntry>
          <containerEntry key="TppGimmickElectricCableLinkSetData0001">
            <data>0x31790E0</data>
          </containerEntry>
          <containerEntry key="mafr_rock007_0000">
            <data>0x3179150</data>
          </containerEntry>
          <containerEntry key="cypr_utpl001_vrtn001_gim_i0000|TppSharedGimmickData_cypr_utpl001_vrtn001">
            <data>0x3179AF0</data>
          </containerEntry>
          <containerEntry key="cypr_cabl002_vrtn001_gim_i0000|TppSharedGimmick_cypr_cabl002_vrtn001">
            <data>0x3179E00</data>
          </containerEntry>
          <containerEntry key="StaticModelArray0000">
            <data>0x317E710</data>
          </containerEntry>
          <containerEntry key="StaticModelArray0001">
            <data>0x317E780</data>
          </containerEntry>
          <containerEntry key="StaticModelArray0002">
            <data>0x317E860</data>
          </containerEntry>
          <containerEntry key="StaticModelArray0003">
            <data>0x317E7F0</data>
          </containerEntry>
          <containerEntry key="StaticModelArray0004">
            <data>0x317E240</data>
          </containerEntry>
          <containerEntry key="StaticModelArray0005">
            <data>0x33051E0</data>
          </containerEntry>
          <containerEntry key="TexturePackLoadConditioner0000">
            <data>0x317E940</data>
          </containerEntry>
        </property>
      </staticProperties>
      <dynamicProperties></dynamicProperties>
    </entity>
    <entity class="TppGimmickElectricCableLinkSetData" classVersion="0" classID="0xB0" addr="0x3177D30" id="0x10C7788">
      <staticProperties>
        <property name="name" type="String" container="StaticArray" arraySize="1">
          <containerEntry>TppGimmickElectricCableLinkSetData0000</containerEntry>
        </property>
        <property name="dataSet" type="EntityHandle" container="StaticArray" arraySize="1">
          <containerEntry>0x3304AE0</containerEntry>
        </property>
        <property name="electricCableData" type="EntityLink" container="StaticArray" arraySize="1">
          <containerEntry packagePathHash="0xB8A0BF169F98" archivePath="/Assets/tpp/level/location/mafr/block_small/146/146_127/mafr_146_127_asset.fox2" nameInArchive="cypr_cabl002_vrtn001_gim_i0000|TppSharedGimmick_cypr_cabl002_vrtn001">0x0</containerEntry>
        </property>
        <property name="poleData" type="EntityLink" container="StaticArray" arraySize="1">
          <containerEntry packagePathHash="0xB8A0BF169F98" archivePath="/Assets/tpp/level/location/mafr/block_small/146/146_127/mafr_146_127_asset.fox2" nameInArchive="cypr_utpl001_vrtn001_gim_i0000|TppSharedGimmickData_cypr_utpl001_vrtn001">0x0</containerEntry>
        </property>
        <property name="electricCable" type="String" container="DynamicArray" arraySize="9">
          <containerEntry>cypr_cabl002_vrtn001_gim_n0001|srt_cypr_cabl002_vrtn001</containerEntry>
          <containerEntry>cypr_cabl002_vrtn001_gim_n0002|srt_cypr_cabl002_vrtn001</containerEntry>
          <containerEntry>cypr_cabl002_vrtn001_gim_n0003|srt_cypr_cabl002_vrtn001</containerEntry>
          <containerEntry>cypr_cabl002_vrtn001_gim_n0004|srt_cypr_cabl002_vrtn001</containerEntry>
          <containerEntry>cypr_cabl002_vrtn001_gim_n0004|srt_cypr_cabl002_vrtn001</containerEntry>
          <containerEntry>cypr_cabl002_vrtn001_gim_n0005|srt_cypr_cabl002_vrtn001</containerEntry>
          <containerEntry>cypr_cabl002_vrtn001_gim_n0005|srt_cypr_cabl002_vrtn001</containerEntry>
          <containerEntry>cypr_cabl002_vrtn001_gim_n0006|srt_cypr_cabl002_vrtn001</containerEntry>
          <containerEntry>cypr_cabl002_vrtn001_gim_n0006|srt_cypr_cabl002_vrtn001</containerEntry>
        </property>
        <property name="pole" type="String" container="DynamicArray" arraySize="9">
          <containerEntry>cypr_utpl001_vrtn001_gim_n0000|srt_cypr_utpl001_vrtn001</containerEntry>
          <containerEntry>cypr_utpl001_vrtn001_gim_n0000|srt_cypr_utpl001_vrtn001</containerEntry>
          <containerEntry>cypr_utpl001_vrtn001_gim_n0000|srt_cypr_utpl001_vrtn001</containerEntry>
          <containerEntry>cypr_utpl001_vrtn001_gim_n0001|srt_cypr_utpl001_vrtn001</containerEntry>
          <containerEntry>cypr_utpl001_vrtn001_gim_n0000|srt_cypr_utpl001_vrtn001</containerEntry>
          <containerEntry>cypr_utpl001_vrtn001_gim_n0001|srt_cypr_utpl001_vrtn001</containerEntry>
          <containerEntry>cypr_utpl001_vrtn001_gim_n0000|srt_cypr_utpl001_vrtn001</containerEntry>
          <containerEntry>cypr_utpl001_vrtn001_gim_n0001|srt_cypr_utpl001_vrtn001</containerEntry>
          <containerEntry>cypr_utpl001_vrtn001_gim_n0000|srt_cypr_utpl001_vrtn001</containerEntry>
        </property>
        <property name="cnpIndex" type="UInt8" container="DynamicArray" arraySize="9">
          <containerEntry>0</containerEntry>
          <containerEntry>1</containerEntry>
          <containerEntry>2</containerEntry>
          <containerEntry>0</containerEntry>
          <containerEntry>0</containerEntry>
          <containerEntry>1</containerEntry>
          <containerEntry>1</containerEntry>
          <containerEntry>2</containerEntry>
          <containerEntry>2</containerEntry>
        </property>
      </staticProperties>
      <dynamicProperties></dynamicProperties>
    </entity>
    <entity class="TppGimmickElectricCableLinkSetData" classVersion="0" classID="0xB0" addr="0x31790E0" id="0x10C77CF">
      <staticProperties>
        <property name="name" type="String" container="StaticArray" arraySize="1">
          <containerEntry>TppGimmickElectricCableLinkSetData0001</containerEntry>
        </property>
        <property name="dataSet" type="EntityHandle" container="StaticArray" arraySize="1">
          <containerEntry>0x3304AE0</containerEntry>
        </property>
        <property name="electricCableData" type="EntityLink" container="StaticArray" arraySize="1">
          <containerEntry packagePath="/Assets/tpp/pack/location/mafr/pack_small/145/mafr_145_127.fpk" archivePath="/Assets/tpp/level/location/mafr/block_small/145/145_127/mafr_145_127_asset.fox2" nameInArchive="cypr_cabl002_vrtn001_gim_i0000|TppSharedGimmick_cypr_cabl002_vrtn001">0x0</containerEntry>
        </property>
        <property name="poleData" type="EntityLink" container="StaticArray" arraySize="1">
          <containerEntry packagePathHash="0xB8A0BF169F98" archivePath="/Assets/tpp/level/location/mafr/block_small/146/146_127/mafr_146_127_asset.fox2" nameInArchive="cypr_utpl001_vrtn001_gim_i0000|TppSharedGimmickData_cypr_utpl001_vrtn001">0x0</containerEntry>
        </property>
        <property name="electricCable" type="String" container="DynamicArray" arraySize="3">
          <containerEntry>cypr_cabl002_vrtn001_gim_n0001|srt_cypr_cabl002_vrtn001</containerEntry>
          <containerEntry>cypr_cabl002_vrtn001_gim_n0002|srt_cypr_cabl002_vrtn001</containerEntry>
          <containerEntry>cypr_cabl002_vrtn001_gim_n0003|srt_cypr_cabl002_vrtn001</containerEntry>
        </property>
        <property name="pole" type="String" container="DynamicArray" arraySize="3">
          <containerEntry>cypr_utpl001_vrtn001_gim_n0001|srt_cypr_utpl001_vrtn001</containerEntry>
          <containerEntry>cypr_utpl001_vrtn001_gim_n0001|srt_cypr_utpl001_vrtn001</containerEntry>
          <containerEntry>cypr_utpl001_vrtn001_gim_n0001|srt_cypr_utpl001_vrtn001</containerEntry>
        </property>
        <property name="cnpIndex" type="UInt8" container="DynamicArray" arraySize="3">
          <containerEntry>0</containerEntry>
          <containerEntry>1</containerEntry>
          <containerEntry>2</containerEntry>
        </property>
      </staticProperties>
      <dynamicProperties></dynamicProperties>
    </entity>
    <entity class="StaticModel" classVersion="9" classID="0x160" addr="0x3179150" id="0x10C80F6">
      <staticProperties>
        <property name="name" type="String" container="StaticArray" arraySize="1">
          <containerEntry>mafr_rock007_0000</containerEntry>
        </property>
        <property name="dataSet" type="EntityHandle" container="StaticArray" arraySize="1">
          <containerEntry>0x3304AE0</containerEntry>
        </property>
        <property name="parent" type="EntityHandle" container="StaticArray" arraySize="1">
          <containerEntry>0x0</containerEntry>
        </property>
        <property name="transform" type="EntityPtr" container="StaticArray" arraySize="1">
          <containerEntry>0x31791C0</containerEntry>
        </property>
        <property name="shearTransform" type="EntityPtr" container="StaticArray" arraySize="1">
          <containerEntry>0x0</containerEntry>
        </property>
        <property name="pivotTransform" type="EntityPtr" container="StaticArray" arraySize="1">
          <containerEntry>0x0</containerEntry>
        </property>
        <property name="children" type="EntityHandle" container="List"></property>
        <property name="flags" type="UInt32" container="StaticArray" arraySize="1">
          <containerEntry>7</containerEntry>
        </property>
        <property name="modelFile" type="FilePtr" container="StaticArray" arraySize="1">
          <containerEntry>/Assets/tpp/environ/object/middle_africa/rock/mafr_rock007/scenes/mafr_rock007.fmdl</containerEntry>
        </property>
        <property name="geomFile" type="FilePtr" container="StaticArray" arraySize="1">
          <containerEntry>/Assets/tpp/environ/object/middle_africa/rock/mafr_rock007/scenes/mafr_rock007.geom</containerEntry>
        </property>
        <property name="isVisibleGeom" type="Bool" container="StaticArray" arraySize="1">
          <containerEntry>false</containerEntry>
        </property>
        <property name="isIsolated" type="Bool" container="StaticArray" arraySize="1">
          <containerEntry>false</containerEntry>
        </property>
        <property name="lodFarSize" type="Float" container="StaticArray" arraySize="1">
          <containerEntry>-1</containerEntry>
        </property>
        <property name="lodNearSize" type="Float" container="StaticArray" arraySize="1">
          <containerEntry>-1</containerEntry>
        </property>
        <property name="lodPolygonSize" type="Float" container="StaticArray" arraySize="1">
          <containerEntry>-1</containerEntry>
        </property>
        <property name="color" type="Color" container="StaticArray" arraySize="1">
          <containerEntry r="1" g="1" b="1" a="1"></containerEntry>
        </property>
        <property name="drawRejectionLevel" type="Int32" container="StaticArray" arraySize="1">
          <containerEntry>8</containerEntry>
        </property>
        <property name="drawMode" type="Int32" container="StaticArray" arraySize="1">
          <containerEntry>0</containerEntry>
        </property>
        <property name="rejectFarRangeShadowCast" type="Int32" container="StaticArray" arraySize="1">
          <containerEntry>2</containerEntry>
        </property>
      </staticProperties>
      <dynamicProperties></dynamicProperties>
    </entity>
    <entity class="TransformEntity" classVersion="0" classID="0x50" addr="0x31791C0" id="0x10C80F7">
      <staticProperties>
        <property name="owner" type="EntityHandle" container="StaticArray" arraySize="1">
          <containerEntry>0x3179150</containerEntry>
        </property>
        <property name="transform_scale" type="Vector3" container="StaticArray" arraySize="1">
          <containerEntry x="0.6" y="0.6" z="0.6" w="0"></containerEntry>
        </property>
        <property name="transform_rotation_quat" type="Quat" container="StaticArray" arraySize="1">
          <containerEntry x="-0.167862" y="-0.827493" z="-0.00804" w="0.535737"></containerEntry>
        </property>
        <property name="transform_translation" type="Vector3" container="StaticArray" arraySize="1">
          <containerEntry x="1732.0591" y="105.0178" z="-688.2404" w="0"></containerEntry>
        </property>
      </staticProperties>
      <dynamicProperties></dynamicProperties>
    </entity>
    <entity class="TppSharedGimmickData" classVersion="1" classID="0xF0" addr="0x3179AF0" id="0xC619">
      <staticProperties>
        <property name="name" type="String" container="StaticArray" arraySize="1">
          <containerEntry>cypr_utpl001_vrtn001_gim_i0000|TppSharedGimmickData_cypr_utpl001_vrtn001</containerEntry>
        </property>
        <property name="dataSet" type="EntityHandle" container="StaticArray" arraySize="1">
          <containerEntry>0x3304AE0</containerEntry>
        </property>
        <property name="modelFile" type="FilePtr" container="StaticArray" arraySize="1">
          <containerEntry>/Assets/tpp/environ/object/cyprus/utility_pole/cypr_utpl001/scenes/cypr_utpl001_vrtn001.fmdl</containerEntry>
        </property>
        <property name="geomFile" type="FilePtr" container="StaticArray" arraySize="1">
          <containerEntry>/Assets/tpp/environ/object/cyprus/utility_pole/cypr_utpl001/scenes/cypr_utpl001_vrtn001.geom</containerEntry>
        </property>
        <property name="breakedModelFile" type="FilePtr" container="StaticArray" arraySize="1">
          <containerEntry hash="0xB8A0BF169F98"></containerEntry>
        </property>
        <property name="breakedGeomFile" type="FilePtr" container="StaticArray" arraySize="1">
          <containerEntry hash="0xB8A0BF169F98"></containerEntry>
        </property>
        <property name="partsFile" type="FilePtr" container="StaticArray" arraySize="1">
          <containerEntry>/Assets/tpp/parts/environ/object/cyprus/utility_pole/cypr_utpl001/cypr_utpl001_vrtn001.parts</containerEntry>
        </property>
        <property name="numDynamicGimmick" type="UInt32" container="StaticArray" arraySize="1">
          <containerEntry>2</containerEntry>
        </property>
        <property name="locaterFile" type="FilePtr" container="StaticArray" arraySize="1">
          <containerEntry>/Assets/tpp/level/location/mafr/block_small/146/146_127/lba/cypr_utpl001_vrtn001.lba</containerEntry>
        </property>
        <property name="flags1" type="UInt32" container="StaticArray" arraySize="1">
          <containerEntry>284</containerEntry>
        </property>
        <property name="flags2" type="UInt32" container="StaticArray" arraySize="1">
          <containerEntry>0</containerEntry>
        </property>
      </staticProperties>
      <dynamicProperties></dynamicProperties>
    </entity>
    <entity class="TppSharedGimmickData" classVersion="1" classID="0xF0" addr="0x3179E00" id="0xCF4">
      <staticProperties>
        <property name="name" type="String" container="StaticArray" arraySize="1">
          <containerEntry>cypr_cabl002_vrtn001_gim_i0000|TppSharedGimmick_cypr_cabl002_vrtn001</containerEntry>
        </property>
        <property name="dataSet" type="EntityHandle" container="StaticArray" arraySize="1">
          <containerEntry>0x3304AE0</containerEntry>
        </property>
        <property name="modelFile" type="FilePtr" container="StaticArray" arraySize="1">
          <containerEntry>/Assets/tpp/environ/object/cyprus/cable/cypr_cabl002/scenes/cypr_cabl002_vrtn001_fl.fmdl</containerEntry>
        </property>
        <property name="geomFile" type="FilePtr" container="StaticArray" arraySize="1">
          <containerEntry hash="0xB8A0BF169F98"></containerEntry>
        </property>
        <property name="breakedModelFile" type="FilePtr" container="StaticArray" arraySize="1">
          <containerEntry hash="0xB8A0BF169F98"></containerEntry>
        </property>
        <property name="breakedGeomFile" type="FilePtr" container="StaticArray" arraySize="1">
          <containerEntry hash="0xB8A0BF169F98"></containerEntry>
        </property>
        <property name="partsFile" type="FilePtr" container="StaticArray" arraySize="1">
          <containerEntry>/Assets/tpp/parts/environ/object/cyprus/cable/cypr_cabl002/cypr_cabl002_vrtn001.parts</containerEntry>
        </property>
        <property name="numDynamicGimmick" type="UInt32" container="StaticArray" arraySize="1">
          <containerEntry>6</containerEntry>
        </property>
        <property name="locaterFile" type="FilePtr" container="StaticArray" arraySize="1">
          <containerEntry>/Assets/tpp/level/location/mafr/block_small/146/146_127/lba/cypr_cabl002_vrtn001_scl.lba</containerEntry>
        </property>
        <property name="flags1" type="UInt32" container="StaticArray" arraySize="1">
          <containerEntry>274</containerEntry>
        </property>
        <property name="flags2" type="UInt32" container="StaticArray" arraySize="1">
          <containerEntry>0</containerEntry>
        </property>
      </staticProperties>
      <dynamicProperties></dynamicProperties>
    </entity>
    <entity class="StaticModelArray" classVersion="4" classID="0xD0" addr="0x317E710" id="0x0">
      <staticProperties>
        <property name="name" type="String" container="StaticArray" arraySize="1">
          <containerEntry>StaticModelArray0000</containerEntry>
        </property>
        <property name="dataSet" type="EntityHandle" container="StaticArray" arraySize="1">
          <containerEntry>0x3304AE0</containerEntry>
        </property>
        <property name="modelFile" type="FilePtr" container="StaticArray" arraySize="1">
          <containerEntry>/Assets/tpp/environ/object/middle_africa/rock/mafr_rock011/scenes/mafr_rock011.fmdl</containerEntry>
        </property>
        <property name="geomFile" type="FilePtr" container="StaticArray" arraySize="1">
          <containerEntry>/Assets/tpp/environ/object/middle_africa/rock/mafr_rock011/scenes/mafr_rock011.geom</containerEntry>
        </property>
        <property name="isVisibleGeom" type="Bool" container="StaticArray" arraySize="1">
          <containerEntry>false</containerEntry>
        </property>
        <property name="lodFarSize" type="Float" container="StaticArray" arraySize="1">
          <containerEntry>-1</containerEntry>
        </property>
        <property name="lodNearSize" type="Float" container="StaticArray" arraySize="1">
          <containerEntry>-1</containerEntry>
        </property>
        <property name="lodPolygonSize" type="Float" container="StaticArray" arraySize="1">
          <containerEntry>-1</containerEntry>
        </property>
        <property name="drawRejectionLevel" type="Int32" container="StaticArray" arraySize="1">
          <containerEntry>8</containerEntry>
        </property>
        <property name="drawMode" type="Int32" container="StaticArray" arraySize="1">
          <containerEntry>0</containerEntry>
        </property>
        <property name="rejectFarRangeShadowCast" type="Int32" container="StaticArray" arraySize="1">
          <containerEntry>2</containerEntry>
        </property>
        <property name="parentLocator" type="EntityLink" container="StaticArray" arraySize="1">
          <containerEntry packagePathHash="0xB8A0BF169F98" archivePathHash="0xB8A0BF169F98" nameInArchiveHash="0xB8A0BF169F98">0x0</containerEntry>
        </property>
        <property name="transforms" type="Matrix4" container="DynamicArray" arraySize="5">
          <containerEntry r11="-0.94936645" r12="-0.043535665" r13="-0.31114164" r14="0" r21="0.04489234" r22="0.9613917" r23="-0.27149725" r24="0" r31="0.31094882" r32="-0.27171808" r33="-0.9107586" r34="0" r41="1726.5032" r42="99.40271" r43="-685.1525" r44="1"></containerEntry>
          <containerEntry r11="-0.85296875" r12="-0.0015681759" r13="-0.5219603" r14="0" r21="0.13678935" r22="0.96437365" r23="-0.22643356" r24="0" r31="0.50371987" r32="-0.26453927" r33="-0.8223661" r34="0" r41="1718.3735" r42="99.65689" r43="-689.71564" r44="1"></containerEntry>
          <containerEntry r11="-0.9981078" r12="-0.035756063" r13="0.049979113" r14="0" r21="-0.04431979" r22="0.98222786" r23="-0.18238454" r24="0" r31="-0.042569518" r32="-0.1842549" r33="-0.9819539" r34="0" r41="1726.1235" r42="102.90689" r43="-691.96564" r44="1"></containerEntry>
          <containerEntry r11="-0.93610376" r12="0.022930913" r13="0.350967" r14="0" r21="-0.08054728" r22="0.95737535" r23="-0.27738845" r24="0" r31="-0.3423679" r32="-0.28793472" r33="-0.89435554" r34="0" r41="1736.4817" r42="98.56336" r43="-680.0313" r44="1"></containerEntry>
          <containerEntry r11="-0.99081093" r12="0.0014787312" r13="0.13521717" r14="0" r21="-0.015034024" r22="0.99253654" r23="-0.12101716" r24="0" r31="-0.13438694" r32="-0.12193845" r33="-0.98339385" r34="0" r41="1737.9817" r42="101.81336" r43="-684.0313" r44="1"></containerEntry>
        </property>
        <property name="colors" type="UInt32" container="DynamicArray" arraySize="5">
          <containerEntry>4294967295</containerEntry>
          <containerEntry>4294967295</containerEntry>
          <containerEntry>4294967295</containerEntry>
          <containerEntry>4294967295</containerEntry>
          <containerEntry>4294967295</containerEntry>
        </property>
      </staticProperties>
      <dynamicProperties></dynamicProperties>
    </entity>
    <entity class="StaticModelArray" classVersion="4" classID="0xD0" addr="0x317E780" id="0x0">
      <staticProperties>
        <property name="name" type="String" container="StaticArray" arraySize="1">
          <containerEntry>StaticModelArray0001</containerEntry>
        </property>
        <property name="dataSet" type="EntityHandle" container="StaticArray" arraySize="1">
          <containerEntry>0x3304AE0</containerEntry>
        </property>
        <property name="modelFile" type="FilePtr" container="StaticArray" arraySize="1">
          <containerEntry>/Assets/tpp/environ/object/middle_africa/rock/mafr_rock002/scenes/mafr_rock002.fmdl</containerEntry>
        </property>
        <property name="geomFile" type="FilePtr" container="StaticArray" arraySize="1">
          <containerEntry>/Assets/tpp/environ/object/middle_africa/rock/mafr_rock002/scenes/mafr_rock002.geom</containerEntry>
        </property>
        <property name="isVisibleGeom" type="Bool" container="StaticArray" arraySize="1">
          <containerEntry>false</containerEntry>
        </property>
        <property name="lodFarSize" type="Float" container="StaticArray" arraySize="1">
          <containerEntry>-1</containerEntry>
        </property>
        <property name="lodNearSize" type="Float" container="StaticArray" arraySize="1">
          <containerEntry>-1</containerEntry>
        </property>
        <property name="lodPolygonSize" type="Float" container="StaticArray" arraySize="1">
          <containerEntry>-1</containerEntry>
        </property>
        <property name="drawRejectionLevel" type="Int32" container="StaticArray" arraySize="1">
          <containerEntry>8</containerEntry>
        </property>
        <property name="drawMode" type="Int32" container="StaticArray" arraySize="1">
          <containerEntry>0</containerEntry>
        </property>
        <property name="rejectFarRangeShadowCast" type="Int32" container="StaticArray" arraySize="1">
          <containerEntry>2</containerEntry>
        </property>
        <property name="parentLocator" type="EntityLink" container="StaticArray" arraySize="1">
          <containerEntry packagePathHash="0xB8A0BF169F98" archivePathHash="0xB8A0BF169F98" nameInArchiveHash="0xB8A0BF169F98">0x0</containerEntry>
        </property>
        <property name="transforms" type="Matrix4" container="DynamicArray" arraySize="7">
          <containerEntry r11="0.986288" r12="0" r13="0.16503333" r14="0" r21="0" r22="1" r23="0" r24="0" r31="-0.16503333" r32="0" r33="0.986288" r34="0" r41="1775.3878" r42="98.88353" r43="-726.9672" r44="1"></containerEntry>
          <containerEntry r11="0.8441528" r12="-0.100352354" r13="-0.5266263" r14="0" r21="-0.026415698" r22="0.9733448" r23="-0.22782049" r24="0" r31="0.53545123" r32="0.2062265" r33="0.81900084" r34="0" r41="1783.1012" r42="95.923836" r43="-737.45624" r44="1"></containerEntry>
          <containerEntry r11="-0.91516274" r12="-0.031735554" r13="-0.4018193" r14="0" r21="-0.02438452" r22="0.9994288" r23="-0.023397237" r24="0" r31="0.4023323" r32="-0.011614211" r33="-0.91541386" r34="0" r41="1773.5222" r42="96.437645" r43="-736.75604" r44="1"></containerEntry>
          <containerEntry r11="0.8418127" r12="-0.031735446" r13="0.53883487" r14="0" r21="0.020462085" r22="0.9994288" r23="0.02689512" r24="0" r31="-0.5393806" r32="-0.011614904" r33="0.8419812" r34="0" r41="1773.5222" r42="93.05341" r43="-754.7643" r44="1"></containerEntry>
          <containerEntry r11="0.39157352" r12="-0.031734828" r13="0.91959673" r14="0" r21="0.0017395979" r22="0.99942887" r23="0.033748925" r24="0" r31="-0.9201425" r32="-0.011615364" r33="0.3914051" r34="0" r41="1727.3702" r42="95.85665" r43="-761.3338" r44="1"></containerEntry>
          <containerEntry r11="-0.96831846" r12="0.06674047" r13="0.24063407" r14="0" r21="0.10940227" r22="0.97960436" r23="0.16854219" r24="0" r31="-0.2244776" r32="0.18952845" r33="-0.9558705" r34="0" r41="1691.5436" r42="104.864655" r43="-736.45294" r44="1"></containerEntry>
          <containerEntry r11="0.16649804" r12="-0.020335801" r13="0.98583174" r14="0" r21="0.16966" r22="0.9854675" r23="-0.008325681" r24="0" r31="-0.97133577" r32="0.16864248" r33="0.16752857" r34="0" r41="1676.5737" r42="108.11605" r43="-759.0468" r44="1"></containerEntry>
        </property>
        <property name="colors" type="UInt32" container="DynamicArray" arraySize="7">
          <containerEntry>4294967295</containerEntry>
          <containerEntry>4294967295</containerEntry>
          <containerEntry>4294967295</containerEntry>
          <containerEntry>4294967295</containerEntry>
          <containerEntry>4294967295</containerEntry>
          <containerEntry>4294967295</containerEntry>
          <containerEntry>4294967295</containerEntry>
        </property>
      </staticProperties>
      <dynamicProperties></dynamicProperties>
    </entity>
    <entity class="StaticModelArray" classVersion="4" classID="0xD0" addr="0x317E860" id="0x0">
      <staticProperties>
        <property name="name" type="String" container="StaticArray" arraySize="1">
          <containerEntry>StaticModelArray0002</containerEntry>
        </property>
        <property name="dataSet" type="EntityHandle" container="StaticArray" arraySize="1">
          <containerEntry>0x3304AE0</containerEntry>
        </property>
        <property name="modelFile" type="FilePtr" container="StaticArray" arraySize="1">
          <containerEntry>/Assets/tpp/environ/object/middle_africa/cliff/mafr_clff003/scenes/mafr_clff003_vrtn001.fmdl</containerEntry>
        </property>
        <property name="geomFile" type="FilePtr" container="StaticArray" arraySize="1">
          <containerEntry>/Assets/tpp/environ/object/middle_africa/cliff/mafr_clff003/scenes/mafr_clff003_vrtn001.geom</containerEntry>
        </property>
        <property name="isVisibleGeom" type="Bool" container="StaticArray" arraySize="1">
          <containerEntry>false</containerEntry>
        </property>
        <property name="lodFarSize" type="Float" container="StaticArray" arraySize="1">
          <containerEntry>-1</containerEntry>
        </property>
        <property name="lodNearSize" type="Float" container="StaticArray" arraySize="1">
          <containerEntry>-1</containerEntry>
        </property>
        <property name="lodPolygonSize" type="Float" container="StaticArray" arraySize="1">
          <containerEntry>-1</containerEntry>
        </property>
        <property name="drawRejectionLevel" type="Int32" container="StaticArray" arraySize="1">
          <containerEntry>8</containerEntry>
        </property>
        <property name="drawMode" type="Int32" container="StaticArray" arraySize="1">
          <containerEntry>0</containerEntry>
        </property>
        <property name="rejectFarRangeShadowCast" type="Int32" container="StaticArray" arraySize="1">
          <containerEntry>2</containerEntry>
        </property>
        <property name="parentLocator" type="EntityLink" container="StaticArray" arraySize="1">
          <containerEntry packagePathHash="0xB8A0BF169F98" archivePathHash="0xB8A0BF169F98" nameInArchiveHash="0xB8A0BF169F98">0x0</containerEntry>
        </property>
        <property name="transforms" type="Matrix4" container="DynamicArray" arraySize="25">
          <containerEntry r11="-0.6856076" r12="0.0638462" r13="-0.72516495" r14="0" r21="-0.6016917" r22="0.51101846" r23="0.61386216" r24="0" r31="0.4097653" r32="0.857195" r33="-0.31194198" r34="0" r41="1763.564" r42="97.296875" r43="-662.2131" r44="1"></containerEntry>
          <containerEntry r11="-0.91158295" r12="0.03292215" r13="-0.4097912" r14="0" r21="-0.339503" r22="0.5018421" r23="0.79554456" r24="0" r31="0.23184136" r32="0.8643319" r33="-0.44629258" r34="0" r41="1742.5052" r42="99.25025" r43="-678.2688" r44="1"></containerEntry>
          <containerEntry r11="0.9999374" r12="0.01118346" r13="2.3250177e-05" r14="0" r21="-0.011068345" r22="0.98993796" r23="-0.14106831" r24="0" r31="-0.001600649" r32="0.14105922" r33="0.98999983" r34="0" r41="1773.038" r42="96.95577" r43="-657.80817" r44="1"></containerEntry>
          <containerEntry r11="-0.66492295" r12="-0.03321878" r13="-0.74617267" r14="0" r21="-0.25768486" r22="0.9478763" r23="0.18742755" r24="0" r31="0.70105326" r32="0.3169023" r33="-0.63882464" r34="0" r41="1740.01" r42="93.19512" r43="-651.3314" r44="1"></containerEntry>
          <containerEntry r11="0.6372543" r12="0.025561959" r13="0.770229" r14="0" r21="0.7296897" r22="0.3014977" r23="-0.6137186" r24="0" r31="-0.24790952" r32="0.95312333" r33="0.17347866" r34="0" r41="1730.2535" r42="94.05626" r43="-658.7158" r44="1"></containerEntry>
          <containerEntry r11="-0.865328" r12="0.0067931116" r13="-0.50115275" r14="0" r21="-0.18349646" r22="0.92619026" r23="0.32939392" r24="0" r31="0.46640036" r32="0.3769949" r33="-0.8002116" r34="0" r41="1722.6757" r42="93.34699" r43="-665.47406" r44="1"></containerEntry>
          <containerEntry r11="0.898373" r12="-0.11746149" r13="0.42323545" r14="0" r21="0.40255904" r22="0.60564226" r23="-0.68639755" r24="0" r31="-0.17570332" r32="0.78701854" r33="0.59137803" r34="0" r41="1710.9395" r42="94.83615" r43="-670.95416" r44="1"></containerEntry>
          <containerEntry r11="0.5770016" r12="-0.15572137" r13="0.80176026" r14="0" r21="0.5757446" r22="0.77381855" r23="-0.26405054" r24="0" r31="-0.57929856" r32="0.61396694" r33="0.5361504" r34="0" r41="1746.1932" r42="93.28991" r43="-641.5692" r44="1"></containerEntry>
          <containerEntry r11="-0.9893508" r12="0.029137038" r13="-0.1426091" r14="0" r21="0.025920302" r22="0.9993671" r23="0.02436271" r24="0" r31="0.1432287" r32="0.020406779" r33="-0.9894799" r34="0" r41="1752.1844" r42="95.34329" r43="-728.2826" r44="1"></containerEntry>
          <containerEntry r11="-0.9230135" r12="-0.11046283" r13="-0.36856067" r14="0" r21="-0.3831485" r22="0.35142276" r23="0.854223" r24="0" r31="0.03516011" r32="0.92967606" r33="-0.36668938" r34="0" r41="1759.5344" r42="99.445656" r43="-675.2007" r44="1"></containerEntry>
          <containerEntry r11="0.2534417" r12="-0.4584132" r13="0.8518352" r14="0" r21="0.4185649" r22="0.8458527" r23="0.3306605" r24="0" r31="-0.87210625" r32="0.2727457" r33="0.4062503" r34="0" r41="1735.6736" r42="101.15137" r43="-685.2278" r44="1"></containerEntry>
          <containerEntry r11="-0.9712627" r12="0.1386995" r13="-0.1933941" r14="0" r21="-0.125287" r22="0.39290613" r23="0.91100216" r24="0" r31="0.20234129" r32="0.9090568" r33="-0.36423475" r34="0" r41="1761.0698" r42="104.56324" r43="-689.21686" r44="1"></containerEntry>
          <containerEntry r11="-0.8562022" r12="0.409334" r13="-0.31520212" r14="0" r21="-0.09349692" r22="0.47726825" r23="0.87376785" r24="0" r31="0.50809944" r32="0.7775973" r33="-0.3703636" r34="0" r41="1733.3224" r42="106.80144" r43="-699.95746" r44="1"></containerEntry>
          <containerEntry r11="-0.9207878" r12="0.08167743" r13="-0.3814091" r14="0" r21="-0.30299494" r22="0.46601355" r23="0.83127844" r24="0" r31="0.24563831" r32="0.8809986" r33="-0.40435016" r34="0" r41="1736.1917" r42="106.5867" r43="-694.9134" r44="1"></containerEntry>
          <containerEntry r11="0.6372543" r12="0.025561959" r13="0.770229" r14="0" r21="0.7296897" r22="0.3014977" r23="-0.6137186" r24="0" r31="-0.24790952" r32="0.95312333" r33="0.17347866" r34="0" r41="1720.3495" r42="97.70497" r43="-648.10516" r44="1"></containerEntry>
          <containerEntry r11="0.81103116" r12="0.025562674" r13="0.58444345" r14="0" r21="0.57899165" r22="0.10776937" r23="-0.808177" r24="0" r31="-0.08364305" r32="0.9938451" r33="0.07260412" r34="0" r41="1715.8103" r42="97.58178" r43="-652.1637" r44="1"></containerEntry>
          <containerEntry r11="0.8894917" r12="-0.13048224" r13="0.43792504" r14="0" r21="0.42182016" r22="0.6029712" r23="-0.67712" r24="0" r31="-0.17570336" r32="0.78701854" r33="0.5913782" r34="0" r41="1695.9696" r42="97.69521" r43="-663.8261" r44="1"></containerEntry>
          <containerEntry r11="0.8048234" r12="-0.13048212" r13="0.57899296" r14="0" r21="0.5279897" r22="0.60297084" r23="-0.5980397" r24="0" r31="-0.2710818" r32="0.7870191" r33="0.55417854" r34="0" r41="1686.5287" r42="100.93311" r43="-661.5927" r44="1"></containerEntry>
          <containerEntry r11="-0.98157" r12="0.027716376" r13="0.18907398" r14="0" r21="0.16140553" r22="0.6499282" r23="0.7426581" r24="0" r31="-0.102300644" r32="0.7594897" r33="-0.64242303" r34="0" r41="1744.0337" r42="89.82954" r43="-758.1181" r44="1"></containerEntry>
          <containerEntry r11="-0.99318343" r12="-0.10008894" r13="0.059708588" r14="0" r21="-0.060001746" r22="0.8783301" r23="0.474274" r24="0" r31="-0.09991347" r32="0.46745935" r33="-0.8783482" r34="0" r41="1747.829" r42="94.828476" r43="-731.47723" r44="1"></containerEntry>
          <containerEntry r11="-0.97514665" r12="-0.21173495" r13="-0.065221414" r14="0" r21="-0.22044069" r22="0.89780456" r23="0.38125148" r24="0" r31="-0.022168268" r32="0.38615426" r33="-0.92216593" r34="0" r41="1743.2872" r42="100.90155" r43="-708.2097" r44="1"></containerEntry>
          <containerEntry r11="-0.899599" r12="0.0032047927" r13="-0.43670154" r14="0" r21="-0.21331151" r22="0.86934537" r23="0.4457989" r24="0" r31="0.38107312" r32="0.49419448" r33="-0.7813784" r34="0" r41="1710.5269" r42="94.752914" r43="-764.8281" r44="1"></containerEntry>
          <containerEntry r11="-0.994805" r12="0.10169131" r13="-0.0036708862" r14="0" r21="0.09045883" r22="0.90029603" r23="0.4257745" r24="0" r31="0.04660254" r32="0.42323232" r33="-0.9048174" r34="0" r41="1697.7505" r42="97.66261" r43="-764.41003" r44="1"></containerEntry>
          <containerEntry r11="-0.868255" r12="-0.004472859" r13="0.4961019" r14="0" r21="0.13086933" r22="0.96247756" r23="0.23771903" r24="0" r31="-0.47855023" r32="0.27132472" r33="-0.83509064" r34="0" r41="1772.0157" r42="99.32446" r43="-710.9641" r44="1"></containerEntry>
          <containerEntry r11="-0.4579469" r12="0.05414833" r13="-0.8873249" r14="0" r21="-0.33531553" r22="0.91389364" r23="0.22882622" r24="0" r31="0.8233111" r32="0.40232563" r33="-0.40035766" r34="0" r41="1693.2809" r42="99.284386" r43="-757.453" r44="1"></containerEntry>
        </property>
        <property name="colors" type="UInt32" container="DynamicArray" arraySize="25">
          <containerEntry>4294967295</containerEntry>
          <containerEntry>4294967295</containerEntry>
          <containerEntry>4294967295</containerEntry>
          <containerEntry>4294967295</containerEntry>
          <containerEntry>4294967295</containerEntry>
          <containerEntry>4294967295</containerEntry>
          <containerEntry>4294967295</containerEntry>
          <containerEntry>4294967295</containerEntry>
          <containerEntry>4294967295</containerEntry>
          <containerEntry>4294967295</containerEntry>
          <containerEntry>4294967295</containerEntry>
          <containerEntry>4294967295</containerEntry>
          <containerEntry>4294967295</containerEntry>
          <containerEntry>4294967295</containerEntry>
          <containerEntry>4294967295</containerEntry>
          <containerEntry>4294967295</containerEntry>
          <containerEntry>4294967295</containerEntry>
          <containerEntry>4294967295</containerEntry>
          <containerEntry>4294967295</containerEntry>
          <containerEntry>4294967295</containerEntry>
          <containerEntry>4294967295</containerEntry>
          <containerEntry>4294967295</containerEntry>
          <containerEntry>4294967295</containerEntry>
          <containerEntry>4294967295</containerEntry>
          <containerEntry>4294967295</containerEntry>
        </property>
      </staticProperties>
      <dynamicProperties></dynamicProperties>
    </entity>
    <entity class="StaticModelArray" classVersion="4" classID="0xD0" addr="0x317E7F0" id="0x0">
      <staticProperties>
        <property name="name" type="String" container="StaticArray" arraySize="1">
          <containerEntry>StaticModelArray0003</containerEntry>
        </property>
        <property name="dataSet" type="EntityHandle" container="StaticArray" arraySize="1">
          <containerEntry>0x3304AE0</containerEntry>
        </property>
        <property name="modelFile" type="FilePtr" container="StaticArray" arraySize="1">
          <containerEntry>/Assets/tpp/environ/object/middle_africa/cliff/mafr_clff015/scenes/mafr_clff015_wall002.fmdl</containerEntry>
        </property>
        <property name="geomFile" type="FilePtr" container="StaticArray" arraySize="1">
          <containerEntry>/Assets/tpp/environ/object/middle_africa/cliff/mafr_clff015/scenes/mafr_clff015_wall002.geom</containerEntry>
        </property>
        <property name="isVisibleGeom" type="Bool" container="StaticArray" arraySize="1">
          <containerEntry>false</containerEntry>
        </property>
        <property name="lodFarSize" type="Float" container="StaticArray" arraySize="1">
          <containerEntry>-1</containerEntry>
        </property>
        <property name="lodNearSize" type="Float" container="StaticArray" arraySize="1">
          <containerEntry>-1</containerEntry>
        </property>
        <property name="lodPolygonSize" type="Float" container="StaticArray" arraySize="1">
          <containerEntry>-1</containerEntry>
        </property>
        <property name="drawRejectionLevel" type="Int32" container="StaticArray" arraySize="1">
          <containerEntry>8</containerEntry>
        </property>
        <property name="drawMode" type="Int32" container="StaticArray" arraySize="1">
          <containerEntry>0</containerEntry>
        </property>
        <property name="rejectFarRangeShadowCast" type="Int32" container="StaticArray" arraySize="1">
          <containerEntry>2</containerEntry>
        </property>
        <property name="parentLocator" type="EntityLink" container="StaticArray" arraySize="1">
          <containerEntry packagePathHash="0xB8A0BF169F98" archivePathHash="0xB8A0BF169F98" nameInArchiveHash="0xB8A0BF169F98">0x0</containerEntry>
        </property>
        <property name="transforms" type="Matrix4" container="DynamicArray" arraySize="3">
