<fox formatVersion="2" fileVersion="0">
  <entities>
    <entity class="DataSet" classVersion="0" classID="0xE8" addr="0x2F54610" id="0x1D811B">
      <staticProperties>
        <property name="name" type="String" container="StaticArray" arraySize="1">
          <containerEntry hash="0xB8A0BF169F98"></containerEntry>
        </property>
        <property name="dataSet" type="EntityHandle" container="StaticArray" arraySize="1">
          <containerEntry>0x0</containerEntry>
        </property>
        <property name="dataList" type="EntityPtr" container="StringMap" arraySize="9">
          <containerEntry key="mafr_clff003_0000">
            <data>0x2D76E50</data>
          </containerEntry>
          <containerEntry key="cm_mafr_dc_grnd006_">
            <data>0x2D78200</data>
          </containerEntry>
          <containerEntry key="StaticModelArray0000">
            <data>0x2D7D830</data>
          </containerEntry>
          <containerEntry key="StaticModelArray0001">
            <data>0x2D7D8A0</data>
          </containerEntry>
          <containerEntry key="StaticModelArray0002">
            <data>0x2D7D910</data>
          </containerEntry>
          <containerEntry key="StaticModelArray0003">
            <data>0x2D7D980</data>
          </containerEntry>
          <containerEntry key="StaticModelArray0004">
            <data>0x2D7D9F0</data>
          </containerEntry>
          <containerEntry key="DecalArray0000">
            <data>0x2D7D3D0</data>
          </containerEntry>
          <containerEntry key="TexturePackLoadConditioner0000">
            <data>0x2D7E160</data>
          </containerEntry>
        </property>
      </staticProperties>
      <dynamicProperties></dynamicProperties>
    </entity>
    <entity class="StaticModel" classVersion="9" classID="0x160" addr="0x2D76E50" id="0x1D81FE">
      <staticProperties>
        <property name="name" type="String" container="StaticArray" arraySize="1">
          <containerEntry>mafr_clff003_0000</containerEntry>
        </property>
        <property name="dataSet" type="EntityHandle" container="StaticArray" arraySize="1">
          <containerEntry>0x2F54610</containerEntry>
        </property>
        <property name="parent" type="EntityHandle" container="StaticArray" arraySize="1">
          <containerEntry>0x0</containerEntry>
        </property>
        <property name="transform" type="EntityPtr" container="StaticArray" arraySize="1">
          <containerEntry>0x2D76EC0</containerEntry>
        </property>
        <property name="shearTransform" type="EntityPtr" container="StaticArray" arraySize="1">
          <containerEntry>0x0</containerEntry>
        </property>
        <property name="pivotTransform" type="EntityPtr" container="StaticArray" arraySize="1">
          <containerEntry>0x0</containerEntry>
        </property>
        <property name="children" type="EntityHandle" container="List"></property>
        <property name="flags" type="UInt32" container="StaticArray" arraySize="1">
          <containerEntry>2147483655</containerEntry>
        </property>
        <property name="modelFile" type="FilePtr" container="StaticArray" arraySize="1">
          <containerEntry>/Assets/tpp/environ/object/middle_africa/cliff/mafr_clff003/scenes/mafr_clff003.fmdl</containerEntry>
        </property>
        <property name="geomFile" type="FilePtr" container="StaticArray" arraySize="1">
          <containerEntry>/Assets/tpp/environ/object/middle_africa/cliff/mafr_clff003/scenes/mafr_clff003.geom</containerEntry>
        </property>
        <property name="isVisibleGeom" type="Bool" container="StaticArray" arraySize="1">
          <containerEntry>false</containerEntry>
        </property>
        <property name="isIsolated" type="Bool" container="StaticArray" arraySize="1">
          <containerEntry>false</containerEntry>
        </property>
        <property name="lodFarSize" type="Float" container="StaticArray" arraySize="1">
          <containerEntry>-1</containerEntry>
        </property>
        <property name="lodNearSize" type="Float" container="StaticArray" arraySize="1">
          <containerEntry>-1</containerEntry>
        </property>
        <property name="lodPolygonSize" type="Float" container="StaticArray" arraySize="1">
          <containerEntry>-1</containerEntry>
        </property>
        <property name="color" type="Color" container="StaticArray" arraySize="1">
          <containerEntry r="1" g="1" b="1" a="1"></containerEntry>
        </property>
        <property name="drawRejectionLevel" type="Int32" container="StaticArray" arraySize="1">
          <containerEntry>8</containerEntry>
        </property>
        <property name="drawMode" type="Int32" container="StaticArray" arraySize="1">
          <containerEntry>0</containerEntry>
        </property>
        <property name="rejectFarRangeShadowCast" type="Int32" container="StaticArray" arraySize="1">
          <containerEntry>2</containerEntry>
        </property>
      </staticProperties>
      <dynamicProperties></dynamicProperties>
    </entity>
    <entity class="TransformEntity" classVersion="0" classID="0x50" addr="0x2D76EC0" id="0x1D8201">
      <staticProperties>
        <property name="owner" type="EntityHandle" container="StaticArray" arraySize="1">
          <containerEntry>0x2D76E50</containerEntry>
        </property>
        <property name="transform_scale" type="Vector3" container="StaticArray" arraySize="1">
          <containerEntry x="0.999999" y="1" z="0.999999" w="0"></containerEntry>
        </property>
        <property name="transform_rotation_quat" type="Quat" container="StaticArray" arraySize="1">
          <containerEntry x="-0.077008" y="0.974246" z="-0.001414" w="-0.211924"></containerEntry>
        </property>
        <property name="transform_translation" type="Vector3" container="StaticArray" arraySize="1">
          <containerEntry x="2544.2043" y="89.830864" z="-128.80522" w="0"></containerEntry>
        </property>
      </staticProperties>
      <dynamicProperties></dynamicProperties>
    </entity>
    <entity class="Material" classVersion="6" classID="0xB0" addr="0x2D78200" id="0x1D8272">
      <staticProperties>
        <property name="name" type="String" container="StaticArray" arraySize="1">
          <containerEntry>cm_mafr_dc_grnd006_</containerEntry>
        </property>
        <property name="dataSet" type="EntityHandle" container="StaticArray" arraySize="1">
          <containerEntry>0x2F54610</containerEntry>
        </property>
        <property name="materialName" type="String" container="StaticArray" arraySize="1">
          <containerEntry hash="0xB8A0BF169F98"></containerEntry>
        </property>
        <property name="shader" type="Path" container="StaticArray" arraySize="1">
          <containerEntry hash="0xB8A0BF169F98"></containerEntry>
        </property>
        <property name="diffuseTexture" type="Path" container="StaticArray" arraySize="1">
          <containerEntry>/Assets/tpp/common_source/fmtr/decal/middle_africa/cm_mafr_dc_grnd006/sourceimages/cm_mafr_dc_grnd006_bsm_alp.ftex</containerEntry>
        </property>
        <property name="srmTexture" type="Path" container="StaticArray" arraySize="1">
          <containerEntry>/Assets/tpp/common_source/fmtr/decal/middle_africa/cm_mafr_dc_grnd006/sourceimages/cm_mafr_dc_grnd006_srm.ftex</containerEntry>
        </property>
        <property name="normalTexture" type="Path" container="StaticArray" arraySize="1">
          <containerEntry>/Assets/tpp/common_source/fmtr/decal/middle_africa/cm_mafr_dc_grnd006/sourceimages/cm_mafr_dc_grnd006_nrm.ftex</containerEntry>
        </property>
        <property name="materialMapTexture" type="Path" container="StaticArray" arraySize="1">
          <containerEntry hash="0xB8A0BF169F98"></containerEntry>
        </property>
        <property name="materialIndex" type="UInt8" container="StaticArray" arraySize="1">
          <containerEntry>21</containerEntry>
        </property>
        <property name="diffuseColor" type="Color" container="StaticArray" arraySize="1">
          <containerEntry r="1" g="1" b="1" a="1"></containerEntry>
        </property>
        <property name="specularColor" type="Color" container="StaticArray" arraySize="1">
          <containerEntry r="0" g="0" b="0" a="0"></containerEntry>
        </property>
        <property name="fmtrPath" type="Path" container="StaticArray" arraySize="1">
          <containerEntry hash="0xB8A0BF169F98"></containerEntry>
        </property>
        <property name="residentFlag" type="Bool" container="StaticArray" arraySize="1">
          <containerEntry>false</containerEntry>
        </property>
      </staticProperties>
      <dynamicProperties></dynamicProperties>
    </entity>
    <entity class="StaticModelArray" classVersion="4" classID="0xD0" addr="0x2D7D830" id="0x0">
      <staticProperties>
        <property name="name" type="String" container="StaticArray" arraySize="1">
          <containerEntry>StaticModelArray0000</containerEntry>
        </property>
        <property name="dataSet" type="EntityHandle" container="StaticArray" arraySize="1">
          <containerEntry>0x2F54610</containerEntry>
        </property>
        <property name="modelFile" type="FilePtr" container="StaticArray" arraySize="1">
          <containerEntry>/Assets/tpp/environ/object/afghanistan/barricade/afgh_brrc001/scenes/afgh_brrc001.fmdl</containerEntry>
        </property>
        <property name="geomFile" type="FilePtr" container="StaticArray" arraySize="1">
          <containerEntry>/Assets/tpp/environ/object/afghanistan/barricade/afgh_brrc001/scenes/afgh_brrc001.geom</containerEntry>
        </property>
        <property name="isVisibleGeom" type="Bool" container="StaticArray" arraySize="1">
          <containerEntry>false</containerEntry>
        </property>
        <property name="lodFarSize" type="Float" container="StaticArray" arraySize="1">
          <containerEntry>-1</containerEntry>
        </property>
        <property name="lodNearSize" type="Float" container="StaticArray" arraySize="1">
          <containerEntry>-1</containerEntry>
        </property>
        <property name="lodPolygonSize" type="Float" container="StaticArray" arraySize="1">
          <containerEntry>-1</containerEntry>
        </property>
        <property name="drawRejectionLevel" type="Int32" container="StaticArray" arraySize="1">
          <containerEntry>8</containerEntry>
        </property>
        <property name="drawMode" type="Int32" container="StaticArray" arraySize="1">
          <containerEntry>0</containerEntry>
        </property>
        <property name="rejectFarRangeShadowCast" type="Int32" container="StaticArray" arraySize="1">
          <containerEntry>2</containerEntry>
        </property>
        <property name="parentLocator" type="EntityLink" container="StaticArray" arraySize="1">
          <containerEntry packagePathHash="0xB8A0BF169F98" archivePathHash="0xB8A0BF169F98" nameInArchiveHash="0xB8A0BF169F98">0x0</containerEntry>
        </property>
        <property name="transforms" type="Matrix4" container="DynamicArray" arraySize="4">
          <containerEntry r11="0.14859623" r12="0.018479027" r13="0.9887224" r14="0" r21="-0.091675326" r22="0.99577725" r23="-0.0048328787" r24="0" r31="-0.9846365" r32="-0.08992329" r33="0.14966282" r34="0" r41="2433.8867" r42="66.66189" r43="-187.0081" r44="1"></containerEntry>
          <containerEntry r11="-0.3029619" r12="-0.023268407" r13="0.9527147" r14="0" r21="0.08907479" r22="0.9946341" r23="0.052617908" r24="0" r31="-0.94882685" r32="0.100804165" r33="-0.2992636" r34="0" r41="2436.2224" r42="67.42231" r43="-195.35121" r44="1"></containerEntry>
          <containerEntry r11="-0.19173169" r12="-0.037139796" r13="0.9807388" r14="0" r21="-0.017982012" r22="0.9992489" r23="0.0343253" r24="0" r31="-0.981278" r32="-0.011054409" r33="-0.19225574" r34="0" r41="2434.3667" r42="67.267654" r43="-189.8211" r44="1"></containerEntry>
          <containerEntry r11="0.30251238" r12="0.065423675" r13="-0.95089" r14="0" r21="-0.1262378" r22="0.99160296" r23="0.028064046" r24="0" r31="0.9447432" r32="0.11154879" r33="0.3082317" r34="0" r41="2435.8435" r42="67.50615" r43="-192.46515" r44="1"></containerEntry>
        </property>
        <property name="colors" type="UInt32" container="DynamicArray" arraySize="4">
          <containerEntry>4294967295</containerEntry>
          <containerEntry>4294967295</containerEntry>
          <containerEntry>4294967295</containerEntry>
          <containerEntry>4294967295</containerEntry>
        </property>
      </staticProperties>
      <dynamicProperties></dynamicProperties>
    </entity>
    <entity class="StaticModelArray" classVersion="4" classID="0xD0" addr="0x2D7D8A0" id="0x0">
      <staticProperties>
        <property name="name" type="String" container="StaticArray" arraySize="1">
          <containerEntry>StaticModelArray0001</containerEntry>
        </property>
        <property name="dataSet" type="EntityHandle" container="StaticArray" arraySize="1">
          <containerEntry>0x2F54610</containerEntry>
        </property>
        <property name="modelFile" type="FilePtr" container="StaticArray" arraySize="1">
          <containerEntry>/Assets/tpp/environ/object/middle_africa/barricade/mafr_brrc002/scenes/mafr_brrc002.fmdl</containerEntry>
        </property>
        <property name="geomFile" type="FilePtr" container="StaticArray" arraySize="1">
          <containerEntry>/Assets/tpp/environ/object/middle_africa/barricade/mafr_brrc002/scenes/mafr_brrc002.geom</containerEntry>
        </property>
        <property name="isVisibleGeom" type="Bool" container="StaticArray" arraySize="1">
          <containerEntry>false</containerEntry>
        </property>
        <property name="lodFarSize" type="Float" container="StaticArray" arraySize="1">
          <containerEntry>-1</containerEntry>
        </property>
        <property name="lodNearSize" type="Float" container="StaticArray" arraySize="1">
          <containerEntry>-1</containerEntry>
        </property>
        <property name="lodPolygonSize" type="Float" container="StaticArray" arraySize="1">
          <containerEntry>-1</containerEntry>
        </property>
        <property name="drawRejectionLevel" type="Int32" container="StaticArray" arraySize="1">
          <containerEntry>8</containerEntry>
        </property>
        <property name="drawMode" type="Int32" container="StaticArray" arraySize="1">
          <containerEntry>0</containerEntry>
        </property>
        <property name="rejectFarRangeShadowCast" type="Int32" container="StaticArray" arraySize="1">
          <containerEntry>2</containerEntry>
        </property>
        <property name="parentLocator" type="EntityLink" container="StaticArray" arraySize="1">
          <containerEntry packagePathHash="0xB8A0BF169F98" archivePathHash="0xB8A0BF169F98" nameInArchiveHash="0xB8A0BF169F98">0x0</containerEntry>
        </property>
        <property name="transforms" type="Matrix4" container="DynamicArray" arraySize="3">
          <containerEntry r11="-0.2793991" r12="-0.06863252" r13="0.95771736" r14="0" r21="0.026873304" r22="0.9964924" r23="0.07925105" r24="0" r31="-0.9597973" r32="0.04787986" r33="-0.27657467" r34="0" r41="2436.847" r42="67.22898" r43="-190.46178" r44="1"></containerEntry>
          <containerEntry r11="-0.27467814" r12="0.0822117" r13="0.9580154" r14="0" r21="0.04132658" r22="0.9964269" r23="-0.073659" r24="0" r31="-0.9606479" r32="0.019358989" r33="-0.2770942" r34="0" r41="2437.8455" r42="67.18837" r43="-193.9173" r44="1"></containerEntry>
          <containerEntry r11="-0.22492494" r12="-0.05794904" r13="0.97265047" r14="0" r21="-0.0082529895" r22="0.9983074" r23="0.057569094" r24="0" r31="-0.97434026" r32="0.0049214903" r33="-0.2250225" r34="0" r41="2436.079" r42="66.88136" r43="-186.76897" r44="1"></containerEntry>
        </property>
        <property name="colors" type="UInt32" container="DynamicArray" arraySize="3">
          <containerEntry>4294967295</containerEntry>
          <containerEntry>4294967295</containerEntry>
          <containerEntry>4294967295</containerEntry>
        </property>
      </staticProperties>
      <dynamicProperties></dynamicProperties>
    </entity>
    <entity class="StaticModelArray" classVersion="4" classID="0xD0" addr="0x2D7D910" id="0x0">
      <staticProperties>
        <property name="name" type="String" container="StaticArray" arraySize="1">
          <containerEntry>StaticModelArray0002</containerEntry>
        </property>
        <property name="dataSet" type="EntityHandle" container="StaticArray" arraySize="1">
          <containerEntry>0x2F54610</containerEntry>
        </property>
        <property name="modelFile" type="FilePtr" container="StaticArray" arraySize="1">
          <containerEntry>/Assets/tpp/environ/object/middle_africa/rock/mafr_rock011/scenes/mafr_rock011.fmdl</containerEntry>
        </property>
        <property name="geomFile" type="FilePtr" container="StaticArray" arraySize="1">
          <containerEntry>/Assets/tpp/environ/object/middle_africa/rock/mafr_rock011/scenes/mafr_rock011.geom</containerEntry>
        </property>
        <property name="isVisibleGeom" type="Bool" container="StaticArray" arraySize="1">
          <containerEntry>false</containerEntry>
        </property>
        <property name="lodFarSize" type="Float" container="StaticArray" arraySize="1">
          <containerEntry>-1</containerEntry>
        </property>
        <property name="lodNearSize" type="Float" container="StaticArray" arraySize="1">
          <containerEntry>-1</containerEntry>
        </property>
        <property name="lodPolygonSize" type="Float" container="StaticArray" arraySize="1">
          <containerEntry>-1</containerEntry>
        </property>
        <property name="drawRejectionLevel" type="Int32" container="StaticArray" arraySize="1">
          <containerEntry>8</containerEntry>
        </property>
        <property name="drawMode" type="Int32" container="StaticArray" arraySize="1">
          <containerEntry>0</containerEntry>
        </property>
        <property name="rejectFarRangeShadowCast" type="Int32" container="StaticArray" arraySize="1">
          <containerEntry>2</containerEntry>
        </property>
        <property name="parentLocator" type="EntityLink" container="StaticArray" arraySize="1">
          <containerEntry packagePathHash="0xB8A0BF169F98" archivePathHash="0xB8A0BF169F98" nameInArchiveHash="0xB8A0BF169F98">0x0</containerEntry>
        </property>
        <property name="transforms" type="Matrix4" container="DynamicArray" arraySize="2">
          <containerEntry r11="0.9963861" r12="0" r13="0.08493914" r14="0" r21="0" r22="1" r23="0" r24="0" r31="-0.08493914" r32="0" r33="0.9963861" r34="0" r41="2516.6094" r42="63.569912" r43="-142.21878" r44="1"></containerEntry>
          <containerEntry r11="-0.8389708" r12="0" r13="-0.5441766" r14="0" r21="0" r22="1" r23="0" r24="0" r31="0.5441766" r32="0" r33="-0.8389708" r34="0" r41="2555.7666" r42="64.47414" r43="-242.8614" r44="1"></containerEntry>
        </property>
        <property name="colors" type="UInt32" container="DynamicArray" arraySize="2">
          <containerEntry>4294967295</containerEntry>
          <containerEntry>4294967295</containerEntry>
        </property>
      </staticProperties>
      <dynamicProperties></dynamicProperties>
    </entity>
    <entity class="StaticModelArray" classVersion="4" classID="0xD0" addr="0x2D7D980" id="0x0">
      <staticProperties>
        <property name="name" type="String" container="StaticArray" arraySize="1">
          <containerEntry>StaticModelArray0003</containerEntry>
        </property>
        <property name="dataSet" type="EntityHandle" container="StaticArray" arraySize="1">
          <containerEntry>0x2F54610</containerEntry>
        </property>
        <property name="modelFile" type="FilePtr" container="StaticArray" arraySize="1">
          <containerEntry>/Assets/tpp/environ/object/middle_africa/rock/mafr_rock010/scenes/mafr_rock010.fmdl</containerEntry>
        </property>
        <property name="geomFile" type="FilePtr" container="StaticArray" arraySize="1">
          <containerEntry>/Assets/tpp/environ/object/middle_africa/rock/mafr_rock010/scenes/mafr_rock010.geom</containerEntry>
        </property>
        <property name="isVisibleGeom" type="Bool" container="StaticArray" arraySize="1">
          <containerEntry>false</containerEntry>
        </property>
        <property name="lodFarSize" type="Float" container="StaticArray" arraySize="1">
          <containerEntry>-1</containerEntry>
        </property>
        <property name="lodNearSize" type="Float" container="StaticArray" arraySize="1">
          <containerEntry>-1</containerEntry>
        </property>
        <property name="lodPolygonSize" type="Float" container="StaticArray" arraySize="1">
          <containerEntry>-1</containerEntry>
        </property>
        <property name="drawRejectionLevel" type="Int32" container="StaticArray" arraySize="1">
          <containerEntry>8</containerEntry>
        </property>
        <property name="drawMode" type="Int32" container="StaticArray" arraySize="1">
          <containerEntry>0</containerEntry>
        </property>
        <property name="rejectFarRangeShadowCast" type="Int32" container="StaticArray" arraySize="1">
          <containerEntry>2</containerEntry>
        </property>
        <property name="parentLocator" type="EntityLink" container="StaticArray" arraySize="1">
          <containerEntry packagePathHash="0xB8A0BF169F98" archivePathHash="0xB8A0BF169F98" nameInArchiveHash="0xB8A0BF169F98">0x0</containerEntry>
        </property>
        <property name="transforms" type="Matrix4" container="DynamicArray" arraySize="14">
          <containerEntry r11="1" r12="0" r13="0" r14="0" r21="0" r22="1" r23="0" r24="0" r31="0" r32="0" r33="1" r34="0" r41="2523.837" r42="63.698975" r43="-161.04517" r44="1"></containerEntry>
          <containerEntry r11="1" r12="0" r13="0" r14="0" r21="0" r22="1" r23="0" r24="0" r31="0" r32="0" r33="1" r34="0" r41="2502.5076" r42="62.350605" r43="-197.64304" r44="1"></containerEntry>
          <containerEntry r11="0.16808152" r12="0" r13="0.9857723" r14="0" r21="0" r22="1" r23="0" r24="0" r31="-0.9857723" r32="0" r33="0.16808152" r34="0" r41="2482.0342" r42="61.679638" r43="-232.60674" r44="1"></containerEntry>
          <containerEntry r11="-0.3699031" r12="0" r13="0.9290707" r14="0" r21="0" r22="1" r23="0" r24="0" r31="-0.9290707" r32="0" r33="-0.3699031" r34="0" r41="2484.723" r42="64.95102" r43="-251.90984" r44="1"></containerEntry>
          <containerEntry r11="-0.3699031" r12="0" r13="0.9290707" r14="0" r21="0" r22="1" r23="0" r24="0" r31="-0.9290707" r32="0" r33="-0.3699031" r34="0" r41="2444.6282" r42="66.04813" r43="-245.0366" r44="1"></containerEntry>
          <containerEntry r11="0.3905986" r12="0" r13="0.92056096" r14="0" r21="0" r22="1" r23="0" r24="0" r31="-0.92056096" r32="0" r33="0.3905986" r34="0" r41="2534.6238" r42="65.15871" r43="-222.46233" r44="1"></containerEntry>
          <containerEntry r11="1" r12="0" r13="0" r14="0" r21="0" r22="1" r23="0" r24="0" r31="0" r32="0" r33="1" r34="0" r41="2454.9976" r42="60.864532" r43="-137.53572" r44="1"></containerEntry>
          <containerEntry r11="0.01631785" r12="-0.10736475" r13="-0.9940856" r14="0" r21="-0.18168107" r22="0.97734904" r23="-0.10853937" r24="0" r31="0.98322195" r32="0.18237767" r33="-0.0035579205" r34="0" r41="2545.6929" r42="66.53692" r43="-178.89738" r44="1"></containerEntry>
          <containerEntry r11="-0.33438325" r12="0" r13="-0.94243807" r14="0" r21="0" r22="1" r23="0" r24="0" r31="0.94243807" r32="0" r33="-0.33438325" r34="0" r41="2527.277" r42="63.579193" r43="-189.14862" r44="1"></containerEntry>
          <containerEntry r11="-0.3446717" r12="0.16304256" r13="-0.9244576" r14="0" r21="0.18456452" r22="0.9773493" r23="0.10355863" r24="0" r31="0.92040247" r32="-0.13492833" r33="-0.36695647" r34="0" r41="2514.7893" r42="63.336758" r43="-201.06833" r44="1"></containerEntry>
          <containerEntry r11="0.95105875" r12="0" r13="-0.3090166" r14="0" r21="0" r22="1" r23="0" r24="0" r31="0.30901688" r32="0" r33="0.9510597" r34="0" r41="2529.6233" r42="63.138523" r43="-202.56992" r44="1"></containerEntry>
          <containerEntry r11="-0.018685028" r12="0.11201359" r13="0.99353045" r14="0" r21="0.0021050237" r22="0.99370664" r23="-0.111993805" r24="0" r31="-0.9998227" r32="-1.2628734e-06" r33="-0.018803239" r34="0" r41="2495.7976" r42="62.350605" r43="-197.64304" r44="1"></containerEntry>
          <containerEntry r11="-0.3699031" r12="0" r13="0.9290707" r14="0" r21="0" r22="1" r23="0" r24="0" r31="-0.9290707" r32="0" r33="-0.3699031" r34="0" r41="2432.7725" r42="65.52872" r43="-193.0335" r44="1"></containerEntry>
          <containerEntry r11="-0.3699031" r12="0" r13="0.9290707" r14="0" r21="0" r22="1" r23="0" r24="0" r31="-0.9290707" r32="0" r33="-0.3699031" r34="0" r41="2470.8967" r42="63.27721" r43="-208.24416" r44="1"></containerEntry>
        </property>
        <property name="colors" type="UInt32" container="DynamicArray" arraySize="14">
          <containerEntry>4294967295</containerEntry>
          <containerEntry>4294967295</containerEntry>
          <containerEntry>4294967295</containerEntry>
          <containerEntry>4294967295</containerEntry>
          <containerEntry>4294967295</containerEntry>
          <containerEntry>4294967295</containerEntry>
          <containerEntry>4294967295</containerEntry>
          <containerEntry>4294967295</containerEntry>
          <containerEntry>4294967295</containerEntry>
          <containerEntry>4294967295</containerEntry>
          <containerEntry>4294967295</containerEntry>
          <containerEntry>4294967295</containerEntry>
          <containerEntry>4294967295</containerEntry>
          <containerEntry>4294967295</containerEntry>
        </property>
      </staticProperties>
      <dynamicProperties></dynamicProperties>
    </entity>
    <entity class="StaticModelArray" classVersion="4" classID="0xD0" addr="0x2D7D9F0" id="0x0">
      <staticProperties>
        <property name="name" type="String" container="StaticArray" arraySize="1">
          <containerEntry>StaticModelArray0004</containerEntry>
        </property>
        <property name="dataSet" type="EntityHandle" container="StaticArray" arraySize="1">
          <containerEntry>0x2F54610</containerEntry>
        </property>
        <property name="modelFile" type="FilePtr" container="StaticArray" arraySize="1">
          <containerEntry>/Assets/tpp/environ/object/middle_africa/rock/mafr_rock002/scenes/mafr_rock002.fmdl</containerEntry>
        </property>
        <property name="geomFile" type="FilePtr" container="StaticArray" arraySize="1">
          <containerEntry>/Assets/tpp/environ/object/middle_africa/rock/mafr_rock002/scenes/mafr_rock002.geom</containerEntry>
        </property>
        <property name="isVisibleGeom" type="Bool" container="StaticArray" arraySize="1">
          <containerEntry>false</containerEntry>
        </property>
        <property name="lodFarSize" type="Float" container="StaticArray" arraySize="1">
          <containerEntry>-1</containerEntry>
        </property>
        <property name="lodNearSize" type="Float" container="StaticArray" arraySize="1">
          <containerEntry>-1</containerEntry>
        </property>
        <property name="lodPolygonSize" type="Float" container="StaticArray" arraySize="1">
          <containerEntry>-1</containerEntry>
        </property>
        <property name="drawRejectionLevel" type="Int32" container="StaticArray" arraySize="1">
          <containerEntry>8</containerEntry>
        </property>
        <property name="drawMode" type="Int32" container="StaticArray" arraySize="1">
          <containerEntry>0</containerEntry>
        </property>
        <property name="rejectFarRangeShadowCast" type="Int32" container="StaticArray" arraySize="1">
          <containerEntry>2</containerEntry>
        </property>
        <property name="parentLocator" type="EntityLink" container="StaticArray" arraySize="1">
          <containerEntry packagePathHash="0xB8A0BF169F98" archivePathHash="0xB8A0BF169F98" nameInArchiveHash="0xB8A0BF169F98">0x0</containerEntry>
        </property>
        <property name="transforms" type="Matrix4" container="DynamicArray" arraySize="22">
          <containerEntry r11="1" r12="0" r13="0" r14="0" r21="0" r22="1" r23="0" r24="0" r31="0" r32="0" r33="1" r34="0" r41="2480.464" r42="64.54835" r43="-189.61398" r44="1"></containerEntry>
          <containerEntry r11="0.50710857" r12="0" r13="0.86188215" r14="0" r21="0" r22="1" r23="0" r24="0" r31="-0.86188215" r32="0" r33="0.50710857" r34="0" r41="2497.3308" r42="63.092983" r43="-237.87294" r44="1"></containerEntry>
          <containerEntry r11="-0.9836297" r12="0" r13="0.18020394" r14="0" r21="0" r22="1" r23="0" r24="0" r31="-0.18020394" r32="0" r33="-0.9836297" r34="0" r41="2489.0085" r42="62.62838" r43="-233.03284" r44="1"></containerEntry>
          <containerEntry r11="0.4695974" r12="0" r13="-0.8828807" r14="0" r21="0" r22="1" r23="0" r24="0" r31="0.8828807" r32="0" r33="0.4695974" r34="0" r41="2436.0835" r42="68.4873" r43="-233.90692" r44="1"></containerEntry>
          <containerEntry r11="0.98766285" r12="0" r13="-0.15658864" r14="0" r21="0" r22="1" r23="0" r24="0" r31="0.15658864" r32="0" r33="0.98766285" r34="0" r41="2446.7046" r42="68.05437" r43="-255.9758" r44="1"></containerEntry>
          <containerEntry r11="-0.37472156" r12="-0.13066548" r13="0.9178817" r14="0" r21="-0.04938646" r22="0.99142647" r23="0.1209732" r24="0" r31="-0.9258193" r32="3.0919847e-07" r33="-0.377962" r34="0" r41="2479.1106" r42="67.1006" r43="-253.25888" r44="1"></containerEntry>
          <containerEntry r11="0.8542663" r12="0" r13="-0.5198317" r14="0" r21="0" r22="1" r23="0" r24="0" r31="0.5198317" r32="0" r33="0.8542663" r34="0" r41="2451.5405" r42="67.8206" r43="-253.25888" r44="1"></containerEntry>
          <containerEntry r11="-0.3771519" r12="0" r13="0.92615014" r14="0" r21="0" r22="1" r23="0" r24="0" r31="-0.92615014" r32="0" r33="-0.3771519" r34="0" r41="2444.2366" r42="69.348495" r43="-253.63213" r44="1"></containerEntry>
          <containerEntry r11="-0.91810405" r12="0" r13="0.39634126" r14="0" r21="0" r22="1" r23="0" r24="0" r31="-0.39634126" r32="0" r33="-0.91810405" r34="0" r41="2466.709" r42="63.235718" r43="-145.15828" r44="1"></containerEntry>
          <containerEntry r11="-0.08492637" r12="0" r13="0.9963878" r14="0" r21="0" r22="1" r23="0" r24="0" r31="-0.9963878" r32="0" r33="-0.08492637" r34="0" r41="2484.586" r42="65.05016" r43="-140.09439" r44="1"></containerEntry>
          <containerEntry r11="0.6694358" r12="0" r13="-0.7428691" r14="0" r21="0" r22="1" r23="0" r24="0" r31="0.7428691" r32="0" r33="0.6694358" r34="0" r41="2488.677" r42="64.25668" r43="-147.04532" r44="1"></containerEntry>
          <containerEntry r11="-0.59365165" r12="-0.062461544" r13="0.802295" r14="0" r21="-0.15514815" r22="0.9871622" r23="-0.037946228" r24="0" r31="-0.78962517" r32="-0.14700125" r33="-0.5957213" r34="0" r41="2499.972" r42="65.35576" r43="-132.41718" r44="1"></containerEntry>
          <containerEntry r11="-0.6238111" r12="0" r13="-0.7815759" r14="0" r21="0" r22="1" r23="0" r24="0" r31="0.7815759" r32="0" r33="-0.6238111" r34="0" r41="2519.5088" r42="64.41311" r43="-190.18286" r44="1"></containerEntry>
          <containerEntry r11="0.91598856" r12="0" r13="-0.4012045" r14="0" r21="0" r22="1" r23="0" r24="0" r31="0.4012045" r32="0" r33="0.91598856" r34="0" r41="2437.1511" r42="60.81884" r43="-132.10744" r44="1"></containerEntry>
          <containerEntry r11="-0.6238111" r12="0" r13="-0.7815759" r14="0" r21="0" r22="1" r23="0" r24="0" r31="0.7815759" r32="0" r33="-0.6238111" r34="0" r41="2546.1938" r42="66.28299" r43="-197.0238" r44="1"></containerEntry>
          <containerEntry r11="-0.7508377" r12="0" r13="0.66049" r14="0" r21="0" r22="1" r23="0" r24="0" r31="-0.66049" r32="0" r33="-0.7508377" r34="0" r41="2549.3853" r42="66.525444" r43="-203.3599" r44="1"></containerEntry>
          <containerEntry r11="-0.90659297" r12="0" r13="0.42201012" r14="0" r21="0" r22="1" r23="0" r24="0" r31="-0.42201012" r32="0" r33="-0.90659297" r34="0" r41="2549.282" r42="67.67161" r43="-183.80078" r44="1"></containerEntry>
          <containerEntry r11="0.5911081" r12="0" r13="-0.806592" r14="0" r21="0" r22="1" r23="0" r24="0" r31="0.806592" r32="0" r33="0.5911081" r34="0" r41="2534.7163" r42="67.3248" r43="-157.81447" r44="1"></containerEntry>
          <containerEntry r11="0.8542663" r12="0" r13="-0.5198317" r14="0" r21="0" r22="1" r23="0" r24="0" r31="0.5198317" r32="0" r33="0.8542663" r34="0" r41="2440.411" r42="66.88615" r43="-204.27461" r44="1"></containerEntry>
          <containerEntry r11="-0.783692" r12="0" r13="0.62114817" r14="0" r21="0" r22="1" r23="0" r24="0" r31="-0.62114817" r32="0" r33="-0.783692" r34="0" r41="2546.7034" r42="67.60489" r43="-224.64717" r44="1"></containerEntry>
          <containerEntry r11="0.7901934" r12="0.08742475" r13="-0.60659003" r14="0" r21="-0.069348656" r22="0.9961711" r23="0.053233914" r24="0" r31="0.6089214" r32="1.1101365e-06" r33="0.7932306" r34="0" r41="2556.9048" r42="73.02842" r43="-153.91649" r44="1"></containerEntry>
          <containerEntry r11="-0.9272509" r12="-0.006928142" r13="-0.37437144" r14="0" r21="-0.10143243" r22="0.96709204" r23="0.23333316" r24="0" r31="0.36043504" r32="0.25433227" r33="-0.89743966" r34="0" r41="2557.0256" r42="70.62892" r43="-246.91315" r44="1"></containerEntry>
        </property>
        <property name="colors" type="UInt32" container="DynamicArray" arraySize="22">
          <containerEntry>4294967295</containerEntry>
          <containerEntry>4294967295</containerEntry>
          <containerEntry>4294967295</containerEntry>
          <containerEntry>4294967295</containerEntry>
          <containerEntry>4294967295</containerEntry>
          <containerEntry>4294967295</containerEntry>
          <containerEntry>4294967295</containerEntry>
          <containerEntry>4294967295</containerEntry>
          <containerEntry>4294967295</containerEntry>
          <containerEntry>4294967295</containerEntry>
          <containerEntry>4294967295</containerEntry>
          <containerEntry>4294967295</containerEntry>
          <containerEntry>4294967295</containerEntry>
          <containerEntry>4294967295</containerEntry>
          <containerEntry>4294967295</containerEntry>
          <containerEntry>4294967295</containerEntry>
          <containerEntry>4294967295</containerEntry>
          <containerEntry>4294967295</containerEntry>
          <containerEntry>4294967295</containerEntry>
          <containerEntry>4294967295</containerEntry>
          <containerEntry>4294967295</containerEntry>
          <containerEntry>4294967295</containerEntry>
        </property>
      </staticProperties>
      <dynamicProperties></dynamicProperties>
    </entity>
    <entity class="DecalArray" classVersion="1" classID="0x1C0" addr="0x2D7D3D0" id="0x0">
      <staticProperties>
        <property name="name" type="String" container="StaticArray" arraySize="1">
          <containerEntry>DecalArray0000</containerEntry>
        </property>
        <property name="dataSet" type="EntityHandle" container="StaticArray" arraySize="1">
          <containerEntry>0x2F54610</containerEntry>
        </property>
        <property name="parent" type="EntityHandle" container="StaticArray" arraySize="1">
          <containerEntry>0x0</containerEntry>
        </property>
        <property name="transform" type="EntityPtr" container="StaticArray" arraySize="1">
          <containerEntry>0x0</containerEntry>
        </property>
        <property name="shearTransform" type="EntityPtr" container="StaticArray" arraySize="1">
          <containerEntry>0x0</containerEntry>
        </property>
        <property name="pivotTransform" type="EntityPtr" container="StaticArray" arraySize="1">
          <containerEntry>0x0</containerEntry>
        </property>
        <property name="children" type="EntityHandle" container="List"></property>
        <property name="flags" type="UInt32" container="StaticArray" arraySize="1">
          <containerEntry>134217735</containerEntry>
        </property>
        <property name="material" type="EntityLink" container="StaticArray" arraySize="1">
          <containerEntry packagePathHash="0xB8A0BF169F98" archivePath="/Assets/tpp/level/location/mafr/block_small/152/152_131/mafr_152_131_asset.fox2" nameInArchive="cm_mafr_dc_grnd006_">0x2D78200</containerEntry>
        </property>
        <property name="projectionMode" type="Int32" container="StaticArray" arraySize="1">
          <containerEntry>0</containerEntry>
        </property>
        <property name="nearClipScale" type="Float" container="StaticArray" arraySize="1">
          <containerEntry>0.5</containerEntry>
        </property>
        <property name="projectionTarget" type="Int32" container="StaticArray" arraySize="1">
          <containerEntry>1</containerEntry>
        </property>
        <property name="repeatU" type="Float" container="StaticArray" arraySize="1">
          <containerEntry>1</containerEntry>
        </property>
        <property name="repeatV" type="Float" container="StaticArray" arraySize="1">
          <containerEntry>1</containerEntry>
        </property>
        <property name="transparency" type="Float" container="StaticArray" arraySize="1">
          <containerEntry>1</containerEntry>
        </property>
        <property name="polygonDataSource" type="Int32" container="StaticArray" arraySize="1">
          <containerEntry>0</containerEntry>
        </property>
        <property name="drawRejectionLevel" type="Int32" container="StaticArray" arraySize="1">
          <containerEntry>1</containerEntry>
        </property>
        <property name="drawRejectionDegree" type="Float" container="StaticArray" arraySize="1">
          <containerEntry>90</containerEntry>
        </property>
        <property name="decalFlags" type="UInt32" container="StaticArray" arraySize="1">
          <containerEntry>4</containerEntry>
        </property>
        <property name="scales" type="Vector3" container="DynamicArray" arraySize="6">
          <containerEntry x="6.0000033" y="1" z="6.0000033" w="0"></containerEntry>
          <containerEntry x="6.0000033" y="1" z="6.0000033" w="0"></containerEntry>
          <containerEntry x="6.0000033" y="1" z="6.0000033" w="0"></containerEntry>
          <containerEntry x="6.0000033" y="1" z="6.0000033" w="0"></containerEntry>
          <containerEntry x="4" y="2" z="4" w="0"></containerEntry>
          <containerEntry x="3.0000017" y="1" z="3.0000017" w="0"></containerEntry>
        </property>
        <property name="rotations" type="Quat" container="DynamicArray" arraySize="6">
          <containerEntry x="0" y="0.6994099" z="0" w="0.7147206"></containerEntry>
          <containerEntry x="0" y="0.6994099" z="0" w="0.7147206"></containerEntry>
          <containerEntry x="0" y="0.6994099" z="0" w="0.7147206"></containerEntry>
          <containerEntry x="0" y="0.6994099" z="0" w="0.7147206"></containerEntry>
          <containerEntry x="0" y="-0.79015905" z="0" w="0.612902"></containerEntry>
          <containerEntry x="0" y="0.6994099" z="0" w="0.7147206"></containerEntry>
        </property>
        <property name="translations" type="Vector3" container="DynamicArray" arraySize="6">
          <containerEntry x="2465.0527" y="65.33518" z="-231.98997" w="1"></containerEntry>
          <containerEntry x="2459.094" y="63.92996" z="-162.48099" w="1"></containerEntry>
          <containerEntry x="2498.9172" y="64.12582" z="-172.4583" w="1"></containerEntry>
