<fox formatVersion="2" fileVersion="0">
  <entities>
    <entity class="DataSet" classVersion="0" classID="0xE8" addr="0x32F45A0" id="0xB2C895">
      <staticProperties>
        <property name="name" type="String" container="StaticArray" arraySize="1">
          <containerEntry hash="0xB8A0BF169F98"></containerEntry>
        </property>
        <property name="dataSet" type="EntityHandle" container="StaticArray" arraySize="1">
          <containerEntry>0x0</containerEntry>
        </property>
        <property name="dataList" type="EntityPtr" container="StringMap" arraySize="6">
          <containerEntry key="StaticModelArray0000">
            <data>0x32F0390</data>
          </containerEntry>
          <containerEntry key="StaticModelArray0001">
            <data>0x32F0400</data>
          </containerEntry>
          <containerEntry key="StaticModelArray0002">
            <data>0x32F0320</data>
          </containerEntry>
          <containerEntry key="StaticModelArray0003">
            <data>0x317FE40</data>
          </containerEntry>
          <containerEntry key="StaticModelArray0004">
            <data>0x3178350</data>
          </containerEntry>
          <containerEntry key="TexturePackLoadConditioner0000">
            <data>0x32F0CC0</data>
          </containerEntry>
        </property>
      </staticProperties>
      <dynamicProperties></dynamicProperties>
    </entity>
    <entity class="StaticModelArray" classVersion="4" classID="0xD0" addr="0x32F0390" id="0x0">
      <staticProperties>
        <property name="name" type="String" container="StaticArray" arraySize="1">
          <containerEntry>StaticModelArray0000</containerEntry>
        </property>
        <property name="dataSet" type="EntityHandle" container="StaticArray" arraySize="1">
          <containerEntry>0x32F45A0</containerEntry>
        </property>
        <property name="modelFile" type="FilePtr" container="StaticArray" arraySize="1">
          <containerEntry>/Assets/tpp/environ/object/middle_africa/mud/mafr_mudd003/scenes/mafr_mudd003_rock001.fmdl</containerEntry>
        </property>
        <property name="geomFile" type="FilePtr" container="StaticArray" arraySize="1">
          <containerEntry>/Assets/tpp/environ/object/middle_africa/mud/mafr_mudd003/scenes/mafr_mudd003_rock001.geom</containerEntry>
        </property>
        <property name="isVisibleGeom" type="Bool" container="StaticArray" arraySize="1">
          <containerEntry>false</containerEntry>
        </property>
        <property name="lodFarSize" type="Float" container="StaticArray" arraySize="1">
          <containerEntry>-1</containerEntry>
        </property>
        <property name="lodNearSize" type="Float" container="StaticArray" arraySize="1">
          <containerEntry>-1</containerEntry>
        </property>
        <property name="lodPolygonSize" type="Float" container="StaticArray" arraySize="1">
          <containerEntry>-1</containerEntry>
        </property>
        <property name="drawRejectionLevel" type="Int32" container="StaticArray" arraySize="1">
          <containerEntry>8</containerEntry>
        </property>
        <property name="drawMode" type="Int32" container="StaticArray" arraySize="1">
          <containerEntry>0</containerEntry>
        </property>
        <property name="rejectFarRangeShadowCast" type="Int32" container="StaticArray" arraySize="1">
          <containerEntry>2</containerEntry>
        </property>
        <property name="parentLocator" type="EntityLink" container="StaticArray" arraySize="1">
          <containerEntry packagePathHash="0xB8A0BF169F98" archivePathHash="0xB8A0BF169F98" nameInArchiveHash="0xB8A0BF169F98">0x0</containerEntry>
        </property>
        <property name="transforms" type="Matrix4" container="DynamicArray" arraySize="2">
          <containerEntry r11="-0.42376053" r12="0" r13="-0.90577453" r14="0" r21="0" r22="1" r23="0" r24="0" r31="0.90577453" r32="0" r33="-0.42376053" r34="0" r41="-529.77985" r42="-7.693734" r43="219.58226" r44="1"></containerEntry>
          <containerEntry r11="-0.5989797" r12="0" r13="-0.800765" r14="0" r21="0" r22="1" r23="0" r24="0" r31="0.800765" r32="0" r33="-0.5989797" r34="0" r41="-557.7749" r42="-7.426064" r43="210.34662" r44="1"></containerEntry>
        </property>
        <property name="colors" type="UInt32" container="DynamicArray" arraySize="2">
          <containerEntry>4294967295</containerEntry>
          <containerEntry>4294967295</containerEntry>
        </property>
      </staticProperties>
      <dynamicProperties></dynamicProperties>
    </entity>
    <entity class="StaticModelArray" classVersion="4" classID="0xD0" addr="0x32F0400" id="0x0">
      <staticProperties>
        <property name="name" type="String" container="StaticArray" arraySize="1">
          <containerEntry>StaticModelArray0001</containerEntry>
        </property>
        <property name="dataSet" type="EntityHandle" container="StaticArray" arraySize="1">
          <containerEntry>0x32F45A0</containerEntry>
        </property>
        <property name="modelFile" type="FilePtr" container="StaticArray" arraySize="1">
          <containerEntry>/Assets/tpp/environ/object/middle_africa/cliff/mafr_clff004/scenes/mafr_clff004_rock001.fmdl</containerEntry>
        </property>
        <property name="geomFile" type="FilePtr" container="StaticArray" arraySize="1">
          <containerEntry>/Assets/tpp/environ/object/middle_africa/cliff/mafr_clff004/scenes/mafr_clff004_rock001.geom</containerEntry>
        </property>
        <property name="isVisibleGeom" type="Bool" container="StaticArray" arraySize="1">
          <containerEntry>false</containerEntry>
        </property>
        <property name="lodFarSize" type="Float" container="StaticArray" arraySize="1">
          <containerEntry>-1</containerEntry>
        </property>
        <property name="lodNearSize" type="Float" container="StaticArray" arraySize="1">
          <containerEntry>-1</containerEntry>
        </property>
        <property name="lodPolygonSize" type="Float" container="StaticArray" arraySize="1">
          <containerEntry>-1</containerEntry>
        </property>
        <property name="drawRejectionLevel" type="Int32" container="StaticArray" arraySize="1">
          <containerEntry>8</containerEntry>
        </property>
        <property name="drawMode" type="Int32" container="StaticArray" arraySize="1">
          <containerEntry>0</containerEntry>
        </property>
        <property name="rejectFarRangeShadowCast" type="Int32" container="StaticArray" arraySize="1">
          <containerEntry>2</containerEntry>
        </property>
        <property name="parentLocator" type="EntityLink" container="StaticArray" arraySize="1">
          <containerEntry packagePathHash="0xB8A0BF169F98" archivePathHash="0xB8A0BF169F98" nameInArchiveHash="0xB8A0BF169F98">0x0</containerEntry>
        </property>
        <property name="transforms" type="Matrix4" container="DynamicArray" arraySize="2">
          <containerEntry r11="0.98944396" r12="-0.14490841" r13="-0.0014843848" r14="0" r21="0.14490841" r22="0.9892352" r23="0.020376934" r24="0" r31="-0.0014843848" r32="-0.020376934" r33="0.99979126" r34="0" r41="-530.4852" r42="-3.417036" r43="178.5269" r44="1"></containerEntry>
          <containerEntry r11="0.98944396" r12="-0.14490841" r13="-0.0014843848" r14="0" r21="0.14490841" r22="0.9892352" r23="0.020376934" r24="0" r31="-0.0014843848" r32="-0.020376934" r33="0.99979126" r34="0" r41="-593.0333" r42="-2.635668" r43="194.15286" r44="1"></containerEntry>
        </property>
        <property name="colors" type="UInt32" container="DynamicArray" arraySize="2">
          <containerEntry>4294967295</containerEntry>
          <containerEntry>4294967295</containerEntry>
        </property>
      </staticProperties>
      <dynamicProperties></dynamicProperties>
    </entity>
    <entity class="StaticModelArray" classVersion="4" classID="0xD0" addr="0x32F0320" id="0x0">
      <staticProperties>
        <property name="name" type="String" container="StaticArray" arraySize="1">
          <containerEntry>StaticModelArray0002</containerEntry>
        </property>
        <property name="dataSet" type="EntityHandle" container="StaticArray" arraySize="1">
          <containerEntry>0x32F45A0</containerEntry>
        </property>
        <property name="modelFile" type="FilePtr" container="StaticArray" arraySize="1">
          <containerEntry>/Assets/tpp/environ/object/middle_africa/rock/mafr_rock002/scenes/mafr_rock002.fmdl</containerEntry>
        </property>
        <property name="geomFile" type="FilePtr" container="StaticArray" arraySize="1">
          <containerEntry>/Assets/tpp/environ/object/middle_africa/rock/mafr_rock002/scenes/mafr_rock002.geom</containerEntry>
        </property>
        <property name="isVisibleGeom" type="Bool" container="StaticArray" arraySize="1">
          <containerEntry>false</containerEntry>
        </property>
        <property name="lodFarSize" type="Float" container="StaticArray" arraySize="1">
          <containerEntry>-1</containerEntry>
        </property>
        <property name="lodNearSize" type="Float" container="StaticArray" arraySize="1">
          <containerEntry>-1</containerEntry>
        </property>
        <property name="lodPolygonSize" type="Float" container="StaticArray" arraySize="1">
          <containerEntry>-1</containerEntry>
        </property>
        <property name="drawRejectionLevel" type="Int32" container="StaticArray" arraySize="1">
          <containerEntry>8</containerEntry>
        </property>
        <property name="drawMode" type="Int32" container="StaticArray" arraySize="1">
          <containerEntry>0</containerEntry>
        </property>
        <property name="rejectFarRangeShadowCast" type="Int32" container="StaticArray" arraySize="1">
          <containerEntry>2</containerEntry>
        </property>
        <property name="parentLocator" type="EntityLink" container="StaticArray" arraySize="1">
          <containerEntry packagePathHash="0xB8A0BF169F98" archivePathHash="0xB8A0BF169F98" nameInArchiveHash="0xB8A0BF169F98">0x0</containerEntry>
        </property>
        <property name="transforms" type="Matrix4" container="DynamicArray" arraySize="3">
          <containerEntry r11="0.034061193" r12="0" r13="0.9994192" r14="0" r21="0" r22="1" r23="0" r24="0" r31="-0.9994192" r32="0" r33="0.034061193" r34="0" r41="-534.2442" r42="-3.515928" r43="186.42522" r44="1"></containerEntry>
          <containerEntry r11="0.014891803" r12="0" r13="0.99988854" r14="0" r21="0" r22="1" r23="0" r24="0" r31="-0.99988854" r32="0" r33="0.014891803" r34="0" r41="-594.2257" r42="-3.29285" r43="186.91795" r44="1"></containerEntry>
          <containerEntry r11="0.4873759" r12="-0.017306052" r13="-0.8730206" r14="0" r21="0.014256764" r22="0.99982804" r23="-0.011860741" r24="0" r31="0.87307566" r32="-0.006665813" r33="0.4875388" r34="0" r41="-571.05493" r42="-3.573219" r43="157.93367" r44="1"></containerEntry>
        </property>
        <property name="colors" type="UInt32" container="DynamicArray" arraySize="3">
          <containerEntry>4294967295</containerEntry>
          <containerEntry>4294967295</containerEntry>
          <containerEntry>4294967295</containerEntry>
        </property>
      </staticProperties>
      <dynamicProperties></dynamicProperties>
    </entity>
    <entity class="StaticModelArray" classVersion="4" classID="0xD0" addr="0x317FE40" id="0x0">
      <staticProperties>
        <property name="name" type="String" container="StaticArray" arraySize="1">
          <containerEntry>StaticModelArray0003</containerEntry>
        </property>
        <property name="dataSet" type="EntityHandle" container="StaticArray" arraySize="1">
          <containerEntry>0x32F45A0</containerEntry>
        </property>
        <property name="modelFile" type="FilePtr" container="StaticArray" arraySize="1">
          <containerEntry>/Assets/tpp/environ/object/middle_africa/mud/mafr_mudd003/scenes/mafr_mudd003.fmdl</containerEntry>
        </property>
        <property name="geomFile" type="FilePtr" container="StaticArray" arraySize="1">
          <containerEntry>/Assets/tpp/environ/object/middle_africa/mud/mafr_mudd003/scenes/mafr_mudd003.geom</containerEntry>
        </property>
        <property name="isVisibleGeom" type="Bool" container="StaticArray" arraySize="1">
          <containerEntry>false</containerEntry>
        </property>
        <property name="lodFarSize" type="Float" container="StaticArray" arraySize="1">
          <containerEntry>-1</containerEntry>
        </property>
        <property name="lodNearSize" type="Float" container="StaticArray" arraySize="1">
          <containerEntry>-1</containerEntry>
        </property>
        <property name="lodPolygonSize" type="Float" container="StaticArray" arraySize="1">
          <containerEntry>-1</containerEntry>
        </property>
        <property name="drawRejectionLevel" type="Int32" container="StaticArray" arraySize="1">
          <containerEntry>8</containerEntry>
        </property>
        <property name="drawMode" type="Int32" container="StaticArray" arraySize="1">
          <containerEntry>0</containerEntry>
        </property>
        <property name="rejectFarRangeShadowCast" type="Int32" container="StaticArray" arraySize="1">
          <containerEntry>2</containerEntry>
        </property>
        <property name="parentLocator" type="EntityLink" container="StaticArray" arraySize="1">
          <containerEntry packagePathHash="0xB8A0BF169F98" archivePathHash="0xB8A0BF169F98" nameInArchiveHash="0xB8A0BF169F98">0x0</containerEntry>
        </property>
        <property name="transforms" type="Matrix4" container="DynamicArray" arraySize="58">
          <containerEntry r11="0.26962766" r12="0.0030168176" r13="0.9629598" r14="0" r21="-0.0033890682" r22="0.99999183" r23="-0.0021838984" r24="0" r31="-0.96295863" r32="-0.0026746974" r33="0.26963568" r34="0" r41="-522.36" r42="-4.033363" r43="250.42078" r44="1"></containerEntry>
          <containerEntry r11="0.37443197" r12="0" r13="0.9272545" r14="0" r21="0" r22="1" r23="0" r24="0" r31="-0.9272545" r32="0" r33="0.37443197" r34="0" r41="-569.9674" r42="-3.993396" r43="245.72404" r44="1"></containerEntry>
          <containerEntry r11="0.998498" r12="0" r13="-0.05478739" r14="0" r21="0" r22="1" r23="0" r24="0" r31="0.05478739" r32="0" r33="0.998498" r34="0" r41="-539.1069" r42="-3.968117" r43="237.5258" r44="1"></containerEntry>
          <containerEntry r11="0.72016275" r12="0" r13="0.6938054" r14="0" r21="0" r22="1" r23="0" r24="0" r31="-0.6938054" r32="0" r33="0.72016275" r34="0" r41="-549.4626" r42="-4.096797" r43="218.3115" r44="1"></containerEntry>
          <containerEntry r11="0.38698107" r12="0" r13="-0.9220879" r14="0" r21="0" r22="1" r23="0" r24="0" r31="0.9220879" r32="0" r33="0.38698107" r34="0" r41="-576.23364" r42="-4.077774" r43="209.25824" r44="1"></containerEntry>
          <containerEntry r11="0.72016275" r12="0" r13="0.6938054" r14="0" r21="0" r22="1" r23="0" r24="0" r31="-0.6938054" r32="0" r33="0.72016275" r34="0" r41="-542.63385" r42="-4.096797" r43="156.82028" r44="1"></containerEntry>
          <containerEntry r11="-0.10848904" r12="0" r13="-0.9940973" r14="0" r21="0" r22="1" r23="0" r24="0" r31="0.9940973" r32="0" r33="-0.10848904" r34="0" r41="-556.2095" r42="-4.096797" r43="152.61612" r44="1"></containerEntry>
          <containerEntry r11="-0.24131763" r12="0" r13="-0.9704465" r14="0" r21="0" r22="1" r23="0" r24="0" r31="0.9704465" r32="0" r33="-0.24131763" r34="0" r41="-586.45404" r42="-3.96115" r43="182.72371" r44="1"></containerEntry>
          <containerEntry r11="-0.29828238" r12="0" r13="-0.9544771" r14="0" r21="0" r22="1" r23="0" r24="0" r31="0.9544771" r32="0" r33="-0.29828238" r34="0" r41="-563.3982" r42="-4.096797" r43="229.36961" r44="1"></containerEntry>
          <containerEntry r11="0.10857248" r12="0" r13="-0.9940885" r14="0" r21="0" r22="1" r23="0" r24="0" r31="0.9940885" r32="0" r33="0.10857248" r34="0" r41="-548.0323" r42="-4.096797" r43="183.94373" r44="1"></containerEntry>
          <containerEntry r11="0.6954708" r12="0" r13="-0.718554" r14="0" r21="0" r22="1" r23="0" r24="0" r31="0.718554" r32="0" r33="0.6954708" r34="0" r41="-551.94885" r42="-4.096797" r43="173.53285" r44="1"></containerEntry>
          <containerEntry r11="0.72016275" r12="0" r13="0.6938054" r14="0" r21="0" r22="1" r23="0" r24="0" r31="-0.6938054" r32="0" r33="0.72016275" r34="0" r41="-549.45667" r42="-4.096797" r43="238.79417" r44="1"></containerEntry>
          <containerEntry r11="0.46142328" r12="0" r13="-0.8871804" r14="0" r21="0" r22="1" r23="0" r24="0" r31="0.8871804" r32="0" r33="0.46142328" r34="0" r41="-560.57965" r42="-4.096797" r43="247.99011" r44="1"></containerEntry>
          <containerEntry r11="0.6954708" r12="0" r13="-0.718554" r14="0" r21="0" r22="1" r23="0" r24="0" r31="0.718554" r32="0" r33="0.6954708" r34="0" r41="-582.4371" r42="-4.096797" r43="160.70195" r44="1"></containerEntry>
          <containerEntry r11="0.73888993" r12="0" r13="0.6738259" r14="0" r21="0" r22="1" r23="0" r24="0" r31="-0.6738259" r32="0" r33="0.73888993" r34="0" r41="-565.0388" r42="-4.096797" r43="147.2735" r44="1"></containerEntry>
          <containerEntry r11="0.73888993" r12="0" r13="0.6738259" r14="0" r21="0" r22="1" r23="0" r24="0" r31="-0.6738259" r32="0" r33="0.73888993" r34="0" r41="-564.26807" r42="-4.096797" r43="162.4792" r44="1"></containerEntry>
          <containerEntry r11="0.083897054" r12="0" r13="-0.9964737" r14="0" r21="0" r22="1" r23="0" r24="0" r31="0.9964737" r32="0" r33="0.083897054" r34="0" r41="-555.14355" r42="-4.096797" r43="237.84038" r44="1"></containerEntry>
          <containerEntry r11="0.25354123" r12="0" r13="-0.967324" r14="0" r21="0" r22="1" r23="0" r24="0" r31="0.967324" r32="0" r33="0.25354123" r34="0" r41="-600.4929" r42="-4.096797" r43="185.51756" r44="1"></containerEntry>
          <containerEntry r11="0.10857248" r12="0" r13="-0.9940885" r14="0" r21="0" r22="1" r23="0" r24="0" r31="0.9940885" r32="0" r33="0.10857248" r34="0" r41="-546.8526" r42="-4.096797" r43="204.49637" r44="1"></containerEntry>
          <containerEntry r11="-0.29828238" r12="0" r13="-0.9544771" r14="0" r21="0" r22="1" r23="0" r24="0" r31="0.9544771" r32="0" r33="-0.29828238" r34="0" r41="-565.7838" r42="-4.096797" r43="223.9777" r44="1"></containerEntry>
          <containerEntry r11="0.23266995" r12="0" r13="-0.9725557" r14="0" r21="0" r22="1" r23="0" r24="0" r31="0.9725557" r32="0" r33="0.23266995" r34="0" r41="-566.5078" r42="-4.113811" r43="190.34279" r44="1"></containerEntry>
          <containerEntry r11="-0.22393656" r12="0" r13="0.97460383" r14="0" r21="0" r22="1" r23="0" r24="0" r31="-0.97460383" r32="0" r33="-0.22393656" r34="0" r41="-564.56506" r42="-4.096797" r43="235.73941" r44="1"></containerEntry>
          <containerEntry r11="-0.64291525" r12="0" r13="-0.76593596" r14="0" r21="0" r22="1" r23="0" r24="0" r31="0.76593596" r32="0" r33="-0.64291525" r34="0" r41="-592.7649" r42="-4.04829" r43="203.433" r44="1"></containerEntry>
          <containerEntry r11="-0.64291525" r12="0" r13="-0.76593596" r14="0" r21="0" r22="1" r23="0" r24="0" r31="0.76593596" r32="0" r33="-0.64291525" r34="0" r41="-602.0592" r42="-4.04829" r43="190.1576" r44="1"></containerEntry>
          <containerEntry r11="0.6141048" r12="0" r13="0.78922457" r14="0" r21="0" r22="1" r23="0" r24="0" r31="-0.78922457" r32="0" r33="0.6141048" r34="0" r41="-547.55084" r42="-4.096797" r43="197.82053" r44="1"></containerEntry>
          <containerEntry r11="0.9167639" r12="0" r13="-0.39942956" r14="0" r21="0" r22="1" r23="0" r24="0" r31="0.39942956" r32="0" r33="0.9167639" r34="0" r41="-570.6598" r42="-4.077774" r43="205.08826" r44="1"></containerEntry>
          <containerEntry r11="-0.8740325" r12="0" r13="-0.48586428" r14="0" r21="0" r22="1" r23="0" r24="0" r31="0.48586428" r32="0" r33="-0.8740325" r34="0" r41="-577.0477" r42="-3.993396" r43="231.12" r44="1"></containerEntry>
          <containerEntry r11="0.6311282" r12="0" r13="-0.77567863" r14="0" r21="0" r22="1" r23="0" r24="0" r31="0.77567863" r32="0" r33="0.6311282" r34="0" r41="-577.9541" r42="-3.993396" r43="215.71617" r44="1"></containerEntry>
          <containerEntry r11="0.36103004" r12="0" r13="0.93255377" r14="0" r21="0" r22="1" r23="0" r24="0" r31="-0.93255377" r32="0" r33="0.36103004" r34="0" r41="-594.3616" r42="-3.993396" r43="228.05415" r44="1"></containerEntry>
          <containerEntry r11="-0.22935903" r12="0" r13="-0.9733421" r14="0" r21="0" r22="1" r23="0" r24="0" r31="0.9733421" r32="0" r33="-0.22935903" r34="0" r41="-618.46533" r42="-4.126924" r43="179.0309" r44="1"></containerEntry>
          <containerEntry r11="0.3067869" r12="0" r13="0.95177764" r14="0" r21="0" r22="1" r23="0" r24="0" r31="-0.95177764" r32="0" r33="0.3067869" r34="0" r41="-618.72534" r42="-4.126924" r43="185.4229" r44="1"></containerEntry>
          <containerEntry r11="-0.17923331" r12="0" r13="0.9838071" r14="0" r21="0" r22="1" r23="0" r24="0" r31="-0.9838071" r32="0" r33="-0.17923331" r34="0" r41="-619.9917" r42="-4.116665" r43="192.16447" r44="1"></containerEntry>
          <containerEntry r11="0.45250672" r12="0" r13="-0.89176095" r14="0" r21="0" r22="1" r23="0" r24="0" r31="0.89176095" r32="0" r33="0.45250672" r34="0" r41="-616.4191" r42="-4.126924" r43="174.87009" r44="1"></containerEntry>
          <containerEntry r11="-0.9500321" r12="0" r13="0.31215596" r14="0" r21="0" r22="1" r23="0" r24="0" r31="-0.31215596" r32="0" r33="-0.9500321" r34="0" r41="-605.88226" r42="-4.092017" r43="167.11717" r44="1"></containerEntry>
          <containerEntry r11="0.68586564" r12="0" r13="-0.72772837" r14="0" r21="0" r22="1" r23="0" r24="0" r31="0.72772837" r32="0" r33="0.68586564" r34="0" r41="-600.94904" r42="-4.092017" r43="166.13145" r44="1"></containerEntry>
          <containerEntry r11="-0.5772904" r12="0" r13="-0.8165382" r14="0" r21="0" r22="1" r23="0" r24="0" r31="0.8165382" r32="0" r33="-0.5772904" r34="0" r41="-593.65436" r42="-4.092017" r43="156.86403" r44="1"></containerEntry>
          <containerEntry r11="-0.763766" r12="0.0020485315" r13="0.64548993" r14="0" r21="0.01702866" r22="0.99971086" r23="0.01697621" r24="0" r31="-0.64526856" r32="0.023957679" r33="-0.7635801" r34="0" r41="-583.74316" r42="-4.145437" r43="150.19844" r44="1"></containerEntry>
          <containerEntry r11="-0.39071897" r12="-0.008974178" r13="0.9204659" r14="0" r21="0.017028676" r22="0.99971086" r23="0.016975114" r24="0" r31="-0.92035216" r32="0.022306824" r33="-0.39045322" r34="0" r41="-579.14984" r42="-4.136166" r43="145.61238" r44="1"></containerEntry>
          <containerEntry r11="-0.30380997" r12="-0.01100178" r13="0.95266944" r14="0" r21="0.017027609" r22="0.9997109" r23="0.016975202" r24="0" r31="-0.95258075" r32="0.021378908" r33="-0.3035348" r34="0" r41="-567.73865" r42="-4.132888" r43="130.83992" r44="1"></containerEntry>
          <containerEntry r11="-0.13318495" r12="0.019094253" r13="-0.9909078" r14="0" r21="0.017027417" r22="0.9997109" r23="0.016975299" r24="0" r31="0.99094546" r32="-0.014611748" r33="-0.13347155" r34="0" r41="-572.2426" r42="-4.133974" r43="136.11526" r44="1"></containerEntry>
          <containerEntry r11="-0.64291525" r12="0" r13="-0.76593596" r14="0" r21="0" r22="1" r23="0" r24="0" r31="0.76593596" r32="0" r33="-0.64291525" r34="0" r41="-612.05286" r42="-4.229626" r43="202.43428" r44="1"></containerEntry>
          <containerEntry r11="-0.64291525" r12="0" r13="-0.76593596" r14="0" r21="0" r22="1" r23="0" r24="0" r31="0.76593596" r32="0" r33="-0.64291525" r34="0" r41="-608.3031" r42="-4.229626" r43="205.41226" r44="1"></containerEntry>
          <containerEntry r11="-0.64291525" r12="0" r13="-0.76593596" r14="0" r21="0" r22="1" r23="0" r24="0" r31="0.76593596" r32="0" r33="-0.64291525" r34="0" r41="-602.38684" r42="-4.229626" r43="211.97716" r44="1"></containerEntry>
          <containerEntry r11="0.6144228" r12="0" r13="0.78897655" r14="0" r21="0" r22="1" r23="0" r24="0" r31="-0.78897655" r32="0" r33="0.6144228" r34="0" r41="-598.63995" r42="-4.229626" r43="218.60092" r44="1"></containerEntry>
          <containerEntry r11="0.36103004" r12="0" r13="0.93255377" r14="0" r21="0" r22="1" r23="0" r24="0" r31="-0.93255377" r32="0" r33="0.36103004" r34="0" r41="-590.60974" r42="-4.11014" r43="242.87216" r44="1"></containerEntry>
          <containerEntry r11="0.36103004" r12="0" r13="0.93255377" r14="0" r21="0" r22="1" r23="0" r24="0" r31="-0.93255377" r32="0" r33="0.36103004" r34="0" r41="-589.79614" r42="-4.129741" r43="247.44101" r44="1"></containerEntry>
          <containerEntry r11="0.046626687" r12="0" r13="-0.9989124" r14="0" r21="0" r22="1" r23="0" r24="0" r31="0.9989124" r32="0" r33="0.046626687" r34="0" r41="-566.32684" r42="-4.096797" r43="241.27133" r44="1"></containerEntry>
          <containerEntry r11="0.77622354" r12="0" r13="0.63045794" r14="0" r21="0" r22="1" r23="0" r24="0" r31="-0.63045794" r32="0" r33="0.77622354" r34="0" r41="-571.8707" r42="-3.993396" r43="243.60104" r44="1"></containerEntry>
          <containerEntry r11="-0.06718457" r12="0" r13="0.99773985" r14="0" r21="0" r22="1" r23="0" r24="0" r31="-0.99773985" r32="0" r33="-0.06718457" r34="0" r41="-583.25757" r42="-4.004189" r43="177.80873" r44="1"></containerEntry>
          <containerEntry r11="-0.6640316" r12="0" r13="0.747705" r14="0" r21="0" r22="1" r23="0" r24="0" r31="-0.747705" r32="0" r33="-0.6640316" r34="0" r41="-569.3398" r42="-4.096797" r43="164.72662" r44="1"></containerEntry>
          <containerEntry r11="0.56822306" r12="0" r13="-0.82287484" r14="0" r21="0" r22="1" r23="0" r24="0" r31="0.82287484" r32="0" r33="0.56822306" r34="0" r41="-574.4507" r42="-4.096797" r43="169.03645" r44="1"></containerEntry>
          <containerEntry r11="-0.12671673" r12="0" r13="0.9919395" r14="0" r21="0" r22="1" r23="0" r24="0" r31="-0.9919395" r32="0" r33="-0.12671673" r34="0" r41="-565.23285" r42="-4.10293" r43="217.93178" r44="1"></containerEntry>
          <containerEntry r11="0.8975842" r12="-0.022763532" r13="0.44025493" r14="0" r21="0.01702791" r22="0.9997109" r23="0.016974181" r24="0" r31="-0.44051403" r32="-0.0077391374" r33="0.89771235" r34="0" r41="-595.93506" r42="-4.140914" r43="128.95824" r44="1"></containerEntry>
          <containerEntry r11="0.8975842" r12="-0.022763532" r13="0.44025493" r14="0" r21="0.01702791" r22="0.9997109" r23="0.016974181" r24="0" r31="-0.44051403" r32="-0.0077391374" r33="0.89771235" r34="0" r41="-593.5499" r42="-4.140914" r43="132.73865" r44="1"></containerEntry>
          <containerEntry r11="0.56822306" r12="0" r13="-0.82287484" r14="0" r21="0" r22="1" r23="0" r24="0" r31="0.82287484" r32="0" r33="0.56822306" r34="0" r41="-567.3717" r42="-4.096797" r43="174.5812" r44="1"></containerEntry>
          <containerEntry r11="-0.76874197" r12="0" r13="-0.6395578" r14="0" r21="0" r22="1" r23="0" r24="0" r31="0.6395578" r32="0" r33="-0.76874197" r34="0" r41="-629.91864" r42="-4.243179" r43="162.79987" r44="1"></containerEntry>
          <containerEntry r11="0.8726157" r12="0" r13="0.4884074" r14="0" r21="0" r22="1" r23="0" r24="0" r31="-0.4884074" r32="0" r33="0.8726157" r34="0" r41="-626.2117" r42="-4.28465" r43="167.60416" r44="1"></containerEntry>
          <containerEntry r11="0.8726157" r12="0" r13="0.4884074" r14="0" r21="0" r22="1" r23="0" r24="0" r31="-0.4884074" r32="0" r33="0.8726157" r34="0" r41="-626.2117" r42="-4.370814" r43="180.43176" r44="1"></containerEntry>
        </property>
        <property name="colors" type="UInt32" container="DynamicArray" arraySize="58">
          <containerEntry>4294967295</containerEntry>
          <containerEntry>4294967295</containerEntry>
          <containerEntry>4294967295</containerEntry>
          <containerEntry>4294967295</containerEntry>
          <containerEntry>4294967295</containerEntry>
          <containerEntry>4294967295</containerEntry>
          <containerEntry>4294967295</containerEntry>
          <containerEntry>4294967295</containerEntry>
          <containerEntry>4294967295</containerEntry>
          <containerEntry>4294967295</containerEntry>
          <containerEntry>4294967295</containerEntry>
          <containerEntry>4294967295</containerEntry>
          <containerEntry>4294967295</containerEntry>
          <containerEntry>4294967295</containerEntry>
          <containerEntry>4294967295</containerEntry>
          <containerEntry>4294967295</containerEntry>
          <containerEntry>4294967295</containerEntry>
          <containerEntry>4294967295</containerEntry>
          <containerEntry>4294967295</containerEntry>
          <containerEntry>4294967295</containerEntry>
          <containerEntry>4294967295</containerEntry>
          <containerEntry>4294967295</containerEntry>
          <containerEntry>4294967295</containerEntry>
          <containerEntry>4294967295</containerEntry>
          <containerEntry>4294967295</containerEntry>
          <containerEntry>4294967295</containerEntry>
          <containerEntry>4294967295</containerEntry>
          <containerEntry>4294967295</containerEntry>
          <containerEntry>4294967295</containerEntry>
          <containerEntry>4294967295</containerEntry>
          <containerEntry>4294967295</containerEntry>
          <containerEntry>4294967295</containerEntry>
          <containerEntry>4294967295</containerEntry>
          <containerEntry>4294967295</containerEntry>
          <containerEntry>4294967295</containerEntry>
          <containerEntry>4294967295</containerEntry>
          <containerEntry>4294967295</containerEntry>
          <containerEntry>4294967295</containerEntry>
          <containerEntry>4294967295</containerEntry>
          <containerEntry>4294967295</containerEntry>
          <containerEntry>4294967295</containerEntry>
          <containerEntry>4294967295</containerEntry>
          <containerEntry>4294967295</containerEntry>
          <containerEntry>4294967295</containerEntry>
          <containerEntry>4294967295</containerEntry>
          <containerEntry>4294967295</containerEntry>
          <containerEntry>4294967295</containerEntry>
          <containerEntry>4294967295</containerEntry>
          <containerEntry>4294967295</containerEntry>
          <containerEntry>4294967295</containerEntry>
          <containerEntry>4294967295</containerEntry>
          <containerEntry>4294967295</containerEntry>
          <containerEntry>4294967295</containerEntry>
          <containerEntry>4294967295</containerEntry>
          <containerEntry>4294967295</containerEntry>
          <containerEntry>4294967295</containerEntry>
          <containerEntry>4294967295</containerEntry>
          <containerEntry>4294967295</containerEntry>
        </property>
      </staticProperties>
      <dynamicProperties></dynamicProperties>
    </entity>
    <entity class="StaticModelArray" classVersion="4" classID="0xD0" addr="0x3178350" id="0x0">
      <staticProperties>
        <property name="name" type="String" container="StaticArray" arraySize="1">
          <containerEntry>StaticModelArray0004</containerEntry>
        </property>
        <property name="dataSet" type="EntityHandle" container="StaticArray" arraySize="1">
          <containerEntry>0x32F45A0</containerEntry>
        </property>
        <property name="modelFile" type="FilePtr" container="StaticArray" arraySize="1">
          <containerEntry>/Assets/tpp/environ/object/middle_africa/mud/mafr_mudd003/scenes/mafr_mudd003_grnd001.fmdl</containerEntry>
        </property>
        <property name="geomFile" type="FilePtr" container="StaticArray" arraySize="1">
          <containerEntry>/Assets/tpp/environ/object/middle_africa/mud/mafr_mudd003/scenes/mafr_mudd003_grnd001.geom</containerEntry>
        </property>
        <property name="isVisibleGeom" type="Bool" container="StaticArray" arraySize="1">
          <containerEntry>false</containerEntry>
        </property>
        <property name="lodFarSize" type="Float" container="StaticArray" arraySize="1">
          <containerEntry>-1</containerEntry>
        </property>
        <property name="lodNearSize" type="Float" container="StaticArray" arraySize="1">
          <containerEntry>-1</containerEntry>
        </property>
        <property name="lodPolygonSize" type="Float" container="StaticArray" arraySize="1">
          <containerEntry>-1</containerEntry>
        </property>
        <property name="drawRejectionLevel" type="Int32" container="StaticArray" arraySize="1">
          <containerEntry>8</containerEntry>
        </property>
        <property name="drawMode" type="Int32" container="StaticArray" arraySize="1">
          <containerEntry>0</containerEntry>
        </property>
        <property name="rejectFarRangeShadowCast" type="Int32" container="StaticArray" arraySize="1">
          <containerEntry>2</containerEntry>
        </property>
        <property name="parentLocator" type="EntityLink" container="StaticArray" arraySize="1">
          <containerEntry packagePathHash="0xB8A0BF169F98" archivePathHash="0xB8A0BF169F98" nameInArchiveHash="0xB8A0BF169F98">0x0</containerEntry>
        </property>
        <property name="transforms" type="Matrix4" container="DynamicArray" arraySize="24">
          <containerEntry r11="0.8889139" r12="0.0093173245" r13="-0.45797962" r14="0" r21="-0.009497344" r22="0.9999531" r23="0.0019096199" r24="0" r31="0.45797592" r32="0.0026520996" r33="0.8889607" r34="0" r41="-519.2831" r42="-3.92077" r43="183.62683" r44="1"></containerEntry>
          <containerEntry r11="0.45704925" r12="0" r13="-0.88944083" r14="0" r21="0" r22="1" r23="0" r24="0" r31="0.88944083" r32="0" r33="0.45704925" r34="0" r41="-529.13354" r42="-3.92077" r43="182.03519" r44="1"></containerEntry>
          <containerEntry r11="-0.714252" r12="0" r13="0.6998872" r14="0" r21="0" r22="1" r23="0" r24="0" r31="-0.6998872" r32="0" r33="-0.714252" r34="0" r41="-526.3744" r42="-3.92077" r43="176.57353" r44="1"></containerEntry>
          <containerEntry r11="-0.025715828" r12="0" r13="0.99966985" r14="0" r21="0" r22="1" r23="0" r24="0" r31="-0.99966985" r32="0" r33="-0.025715828" r34="0" r41="-533.7668" r42="-3.92077" r43="223.62158" r44="1"></containerEntry>
          <containerEntry r11="-0.45767915" r12="0" r13="0.88911635" r14="0" r21="0" r22="1" r23="0" r24="0" r31="-0.88911635" r32="0" r33="-0.45767915" r34="0" r41="-530.0797" r42="-3.92077" r43="232.54063" r44="1"></containerEntry>
          <containerEntry r11="0.41768962" r12="0" r13="-0.90858954" r14="0" r21="0" r22="1" r23="0" r24="0" r31="0.90858954" r32="0" r33="0.41768962" r34="0" r41="-528.30023" r42="-3.92077" r43="225.36066" r44="1"></containerEntry>
          <containerEntry r11="0.530031" r12="0.0066525713" r13="-0.8479517" r14="0" r21="-0.009496966" r22="0.9999531" r23="0.0019088048" r24="0" r31="0.84792465" r32="0.007041251" r33="0.53006935" r34="0" r41="-530.09784" r42="-3.92077" r43="213.4643" r44="1"></containerEntry>
          <containerEntry r11="0.8889139" r12="0.0093173245" r13="-0.45797962" r14="0" r21="-0.009497344" r22="0.9999531" r23="0.0019096199" r24="0" r31="0.45797592" r32="0.0026520996" r33="0.8889607" r34="0" r41="-514.7801" r42="-3.974585" r43="171.52313" r44="1"></containerEntry>
          <containerEntry r11="0.8889139" r12="0.0093173245" r13="-0.45797962" r14="0" r21="-0.009497344" r22="0.9999531" r23="0.0019096199" r24="0" r31="0.45797592" r32="0.0026520996" r33="0.8889607" r34="0" r41="-514.9227" r42="-3.988056" r43="161.4477" r44="1"></containerEntry>
          <containerEntry r11="-0.61096215" r12="0" r13="0.7916598" r14="0" r21="0" r22="1" r23="0" r24="0" r31="-0.7916598" r32="0" r33="-0.61096215" r34="0" r41="-529.9894" r42="-3.791978" r43="193.71562" r44="1"></containerEntry>
          <containerEntry r11="-0.45767915" r12="0" r13="0.88911635" r14="0" r21="0" r22="1" r23="0" r24="0" r31="-0.88911635" r32="0" r33="-0.45767915" r34="0" r41="-530.99976" r42="-3.92077" r43="240.81941" r44="1"></containerEntry>
          <containerEntry r11="0.69010925" r12="0" r13="-0.7237048" r14="0" r21="0" r22="1" r23="0" r24="0" r31="0.7237048" r32="0" r33="0.69010925" r34="0" r41="-537.9678" r42="-3.92077" r43="179.86752" r44="1"></containerEntry>
          <containerEntry r11="0.69010925" r12="0" r13="-0.7237048" r14="0" r21="0" r22="1" r23="0" r24="0" r31="0.7237048" r32="0" r33="0.69010925" r34="0" r41="-531.89624" r42="-3.932276" r43="171.54501" r44="1"></containerEntry>
          <containerEntry r11="0.87775666" r12="0" r13="-0.4791066" r14="0" r21="0" r22="1" r23="0" r24="0" r31="0.4791066" r32="0" r33="0.87775666" r34="0" r41="-514.2737" r42="-3.92077" r43="141.21338" r44="1"></containerEntry>
          <containerEntry r11="0.988486" r12="0" r13="-0.1513125" r14="0" r21="0" r22="1" r23="0" r24="0" r31="0.1513125" r32="0" r33="0.988486" r34="0" r41="-551.7899" r42="-3.92077" r43="141.60672" r44="1"></containerEntry>
          <containerEntry r11="0.9519444" r12="0" r13="-0.3062708" r14="0" r21="0" r22="1" r23="0" r24="0" r31="0.3062708" r32="0" r33="0.9519444" r34="0" r41="-541.01917" r42="-3.92077" r43="146.73488" r44="1"></containerEntry>
          <containerEntry r11="0.69010925" r12="0" r13="-0.7237048" r14="0" r21="0" r22="1" r23="0" r24="0" r31="0.7237048" r32="0" r33="0.69010925" r34="0" r41="-546.2661" r42="-3.92077" r43="174.86775" r44="1"></containerEntry>
          <containerEntry r11="-0.4676504" r12="0" r13="0.883913" r14="0" r21="0" r22="1" r23="0" r24="0" r31="-0.883913" r32="0" r33="-0.4676504" r34="0" r41="-531.12354" r42="-3.791978" r43="197.41019" r44="1"></containerEntry>
          <containerEntry r11="-0.924981" r12="0" r13="0.38001198" r14="0" r21="0" r22="1" r23="0" r24="0" r31="-0.38001198" r32="0" r33="-0.924981" r34="0" r41="-545.8477" r42="-3.92077" r43="161.20738" r44="1"></containerEntry>
          <containerEntry r11="0.23739487" r12="0" r13="0.97141296" r14="0" r21="0" r22="1" r23="0" r24="0" r31="-0.97141296" r32="0" r33="0.23739487" r34="0" r41="-526.8366" r42="-3.932276" r43="171.54501" r44="1"></containerEntry>
          <containerEntry r11="0.9344354" r12="0.009554869" r13="-0.3560043" r14="0" r21="-0.00949695" r22="0.9999531" r23="0.0019104634" r24="0" r31="0.35600585" r32="0.0015957523" r33="0.93448234" r34="0" r41="-516.42896" r42="-3.974585" r43="172.45975" r44="1"></containerEntry>
          <containerEntry r11="-0.45767915" r12="0" r13="0.88911635" r14="0" r21="0" r22="1" r23="0" r24="0" r31="-0.88911635" r32="0" r33="-0.45767915" r34="0" r41="-543.50696" r42="-3.92077" r43="247.62354" r44="1"></containerEntry>
          <containerEntry r11="0.988486" r12="0" r13="-0.1513125" r14="0" r21="0" r22="1" r23="0" r24="0" r31="0.1513125" r32="0" r33="0.988486" r34="0" r41="-545.4934" r42="-3.92077" r43="138.72343" r44="1"></containerEntry>
          <containerEntry r11="0.45704925" r12="0" r13="-0.88944083" r14="0" r21="0" r22="1" r23="0" r24="0" r31="0.88944083" r32="0" r33="0.45704925" r34="0" r41="-520.4348" r42="-3.92077" r43="191.59488" r44="1"></containerEntry>
        </property>
        <property name="colors" type="UInt32" container="DynamicArray" arraySize="24">
          <containerEntry>4294967295</containerEntry>
          <containerEntry>4294967295</containerEntry>
          <containerEntry>4294967295</containerEntry>
          <containerEntry>4294967295</containerEntry>
          <containerEntry>4294967295</containerEntry>
          <containerEntry>4294967295</containerEntry>
          <containerEntry>4294967295</containerEntry>
          <containerEntry>4294967295</containerEntry>
          <containerEntry>4294967295</containerEntry>
          <containerEntry>4294967295</containerEntry>
          <containerEntry>4294967295</containerEntry>
          <containerEntry>4294967295</containerEntry>
          <containerEntry>4294967295</containerEntry>
          <containerEntry>4294967295</containerEntry>
