<fox formatVersion="2" fileVersion="0">
  <entities>
    <entity class="DataSet" classVersion="0" classID="0xE8" addr="0x2EF4A70" id="0x499A85">
      <staticProperties>
        <property name="name" type="String" container="StaticArray" arraySize="1">
          <containerEntry hash="0xB8A0BF169F98"></containerEntry>
        </property>
        <property name="dataSet" type="EntityHandle" container="StaticArray" arraySize="1">
          <containerEntry>0x0</containerEntry>
        </property>
        <property name="dataList" type="EntityPtr" container="StringMap" arraySize="7">
          <containerEntry key="mafr_clff003_0000">
            <data>0x2EF4E60</data>
          </containerEntry>
          <containerEntry key="StaticModelArray0000">
            <data>0x2D7C6B0</data>
          </containerEntry>
          <containerEntry key="StaticModelArray0001">
            <data>0x2D7C720</data>
          </containerEntry>
          <containerEntry key="StaticModelArray0002">
            <data>0x2D7C800</data>
          </containerEntry>
          <containerEntry key="StaticModelArray0003">
            <data>0x2D7C790</data>
          </containerEntry>
          <containerEntry key="StaticModelArray0004">
            <data>0x2D7C250</data>
          </containerEntry>
          <containerEntry key="TexturePackLoadConditioner0000">
            <data>0x2D7CE90</data>
          </containerEntry>
        </property>
      </staticProperties>
      <dynamicProperties></dynamicProperties>
    </entity>
    <entity class="StaticModel" classVersion="9" classID="0x160" addr="0x2EF4E60" id="0x499ABE">
      <staticProperties>
        <property name="name" type="String" container="StaticArray" arraySize="1">
          <containerEntry>mafr_clff003_0000</containerEntry>
        </property>
        <property name="dataSet" type="EntityHandle" container="StaticArray" arraySize="1">
          <containerEntry>0x2EF4A70</containerEntry>
        </property>
        <property name="parent" type="EntityHandle" container="StaticArray" arraySize="1">
          <containerEntry>0x0</containerEntry>
        </property>
        <property name="transform" type="EntityPtr" container="StaticArray" arraySize="1">
          <containerEntry>0x2EF4ED0</containerEntry>
        </property>
        <property name="shearTransform" type="EntityPtr" container="StaticArray" arraySize="1">
          <containerEntry>0x0</containerEntry>
        </property>
        <property name="pivotTransform" type="EntityPtr" container="StaticArray" arraySize="1">
          <containerEntry>0x0</containerEntry>
        </property>
        <property name="children" type="EntityHandle" container="List"></property>
        <property name="flags" type="UInt32" container="StaticArray" arraySize="1">
          <containerEntry>3221225479</containerEntry>
        </property>
        <property name="modelFile" type="FilePtr" container="StaticArray" arraySize="1">
          <containerEntry>/Assets/tpp/environ/object/middle_africa/cliff/mafr_clff003/scenes/mafr_clff003.fmdl</containerEntry>
        </property>
        <property name="geomFile" type="FilePtr" container="StaticArray" arraySize="1">
          <containerEntry>/Assets/tpp/environ/object/middle_africa/cliff/mafr_clff003/scenes/mafr_clff003.geom</containerEntry>
        </property>
        <property name="isVisibleGeom" type="Bool" container="StaticArray" arraySize="1">
          <containerEntry>false</containerEntry>
        </property>
        <property name="isIsolated" type="Bool" container="StaticArray" arraySize="1">
          <containerEntry>false</containerEntry>
        </property>
        <property name="lodFarSize" type="Float" container="StaticArray" arraySize="1">
          <containerEntry>-1</containerEntry>
        </property>
        <property name="lodNearSize" type="Float" container="StaticArray" arraySize="1">
          <containerEntry>-1</containerEntry>
        </property>
        <property name="lodPolygonSize" type="Float" container="StaticArray" arraySize="1">
          <containerEntry>-1</containerEntry>
        </property>
        <property name="color" type="Color" container="StaticArray" arraySize="1">
          <containerEntry r="1" g="1" b="1" a="1"></containerEntry>
        </property>
        <property name="drawRejectionLevel" type="Int32" container="StaticArray" arraySize="1">
          <containerEntry>8</containerEntry>
        </property>
        <property name="drawMode" type="Int32" container="StaticArray" arraySize="1">
          <containerEntry>0</containerEntry>
        </property>
        <property name="rejectFarRangeShadowCast" type="Int32" container="StaticArray" arraySize="1">
          <containerEntry>2</containerEntry>
        </property>
      </staticProperties>
      <dynamicProperties></dynamicProperties>
    </entity>
    <entity class="TransformEntity" classVersion="0" classID="0x50" addr="0x2EF4ED0" id="0x499AC1">
      <staticProperties>
        <property name="owner" type="EntityHandle" container="StaticArray" arraySize="1">
          <containerEntry>0x2EF4E60</containerEntry>
        </property>
        <property name="transform_scale" type="Vector3" container="StaticArray" arraySize="1">
          <containerEntry x="1" y="1" z="1" w="0"></containerEntry>
        </property>
        <property name="transform_rotation_quat" type="Quat" container="StaticArray" arraySize="1">
          <containerEntry x="-0.007916" y="-0.138122" z="0.001564" w="0.990382"></containerEntry>
        </property>
        <property name="transform_translation" type="Vector3" container="StaticArray" arraySize="1">
          <containerEntry x="1075.4241" y="67.352684" z="-894.46643" w="0"></containerEntry>
        </property>
      </staticProperties>
      <dynamicProperties></dynamicProperties>
    </entity>
    <entity class="StaticModelArray" classVersion="4" classID="0xD0" addr="0x2D7C6B0" id="0x0">
      <staticProperties>
        <property name="name" type="String" container="StaticArray" arraySize="1">
          <containerEntry>StaticModelArray0000</containerEntry>
        </property>
        <property name="dataSet" type="EntityHandle" container="StaticArray" arraySize="1">
          <containerEntry>0x2EF4A70</containerEntry>
        </property>
        <property name="modelFile" type="FilePtr" container="StaticArray" arraySize="1">
          <containerEntry>/Assets/tpp/environ/object/middle_africa/tree/mafr_tree038/scenes/mafr_tree038.fmdl</containerEntry>
        </property>
        <property name="geomFile" type="FilePtr" container="StaticArray" arraySize="1">
          <containerEntry>/Assets/tpp/environ/object/middle_africa/tree/mafr_tree038/scenes/mafr_tree038.geom</containerEntry>
        </property>
        <property name="isVisibleGeom" type="Bool" container="StaticArray" arraySize="1">
          <containerEntry>false</containerEntry>
        </property>
        <property name="lodFarSize" type="Float" container="StaticArray" arraySize="1">
          <containerEntry>-1</containerEntry>
        </property>
        <property name="lodNearSize" type="Float" container="StaticArray" arraySize="1">
          <containerEntry>-1</containerEntry>
        </property>
        <property name="lodPolygonSize" type="Float" container="StaticArray" arraySize="1">
          <containerEntry>-1</containerEntry>
        </property>
        <property name="drawRejectionLevel" type="Int32" container="StaticArray" arraySize="1">
          <containerEntry>8</containerEntry>
        </property>
        <property name="drawMode" type="Int32" container="StaticArray" arraySize="1">
          <containerEntry>0</containerEntry>
        </property>
        <property name="rejectFarRangeShadowCast" type="Int32" container="StaticArray" arraySize="1">
          <containerEntry>2</containerEntry>
        </property>
        <property name="parentLocator" type="EntityLink" container="StaticArray" arraySize="1">
          <containerEntry packagePathHash="0xB8A0BF169F98" archivePathHash="0xB8A0BF169F98" nameInArchiveHash="0xB8A0BF169F98">0x0</containerEntry>
        </property>
        <property name="transforms" type="Matrix4" container="DynamicArray" arraySize="2">
          <containerEntry r11="0.79124135" r12="0.010798758" r13="-0.61140835" r14="0" r21="0.025362728" r22="0.99840415" r23="0.0504565" r24="0" r31="0.61097753" r32="-0.055430256" r33="0.7897047" r34="0" r41="1032.8125" r42="36.34753" r43="-799.73914" r44="1"></containerEntry>
          <containerEntry r11="0.79124135" r12="0.010798758" r13="-0.61140835" r14="0" r21="0.025362728" r22="0.99840415" r23="0.0504565" r24="0" r31="0.61097753" r32="-0.055430256" r33="0.7897047" r34="0" r41="1093.6765" r42="57.70183" r43="-783.9066" r44="1"></containerEntry>
        </property>
        <property name="colors" type="UInt32" container="DynamicArray" arraySize="2">
          <containerEntry>4294967295</containerEntry>
          <containerEntry>4294967295</containerEntry>
        </property>
      </staticProperties>
      <dynamicProperties></dynamicProperties>
    </entity>
    <entity class="StaticModelArray" classVersion="4" classID="0xD0" addr="0x2D7C720" id="0x0">
      <staticProperties>
        <property name="name" type="String" container="StaticArray" arraySize="1">
          <containerEntry>StaticModelArray0001</containerEntry>
        </property>
        <property name="dataSet" type="EntityHandle" container="StaticArray" arraySize="1">
          <containerEntry>0x2EF4A70</containerEntry>
        </property>
        <property name="modelFile" type="FilePtr" container="StaticArray" arraySize="1">
          <containerEntry>/Assets/tpp/environ/object/middle_africa/rock/mafr_rock010/scenes/mafr_rock010.fmdl</containerEntry>
        </property>
        <property name="geomFile" type="FilePtr" container="StaticArray" arraySize="1">
          <containerEntry>/Assets/tpp/environ/object/middle_africa/rock/mafr_rock010/scenes/mafr_rock010.geom</containerEntry>
        </property>
        <property name="isVisibleGeom" type="Bool" container="StaticArray" arraySize="1">
          <containerEntry>false</containerEntry>
        </property>
        <property name="lodFarSize" type="Float" container="StaticArray" arraySize="1">
          <containerEntry>-1</containerEntry>
        </property>
        <property name="lodNearSize" type="Float" container="StaticArray" arraySize="1">
          <containerEntry>-1</containerEntry>
        </property>
        <property name="lodPolygonSize" type="Float" container="StaticArray" arraySize="1">
          <containerEntry>-1</containerEntry>
        </property>
        <property name="drawRejectionLevel" type="Int32" container="StaticArray" arraySize="1">
          <containerEntry>8</containerEntry>
        </property>
        <property name="drawMode" type="Int32" container="StaticArray" arraySize="1">
          <containerEntry>0</containerEntry>
        </property>
        <property name="rejectFarRangeShadowCast" type="Int32" container="StaticArray" arraySize="1">
          <containerEntry>2</containerEntry>
        </property>
        <property name="parentLocator" type="EntityLink" container="StaticArray" arraySize="1">
          <containerEntry packagePathHash="0xB8A0BF169F98" archivePathHash="0xB8A0BF169F98" nameInArchiveHash="0xB8A0BF169F98">0x0</containerEntry>
        </property>
        <property name="transforms" type="Matrix4" container="DynamicArray" arraySize="9">
          <containerEntry r11="0.91010654" r12="0.21425842" r13="0.35468224" r14="0" r21="-0.24915312" r22="0.9668875" r23="0.05523855" r24="0" r31="-0.33110252" r32="-0.1386431" r33="0.9333538" r34="0" r41="1096.2467" r42="64.50359" r43="-819.76483" r44="1"></containerEntry>
          <containerEntry r11="0.24653736" r12="0.06936504" r13="0.9666487" r14="0" r21="-0.39371705" r22="0.91858417" r23="0.034499362" r24="0" r31="-0.88555527" r32="-0.389091" r33="0.25377542" r34="0" r41="1110.8468" r42="67.65579" r43="-800.2247" r44="1"></containerEntry>
          <containerEntry r11="0.5398704" r12="0.046633437" r13="0.84045637" r14="0" r21="-0.3514675" r22="0.9197494" r23="0.17473406" r24="0" r31="-0.76486087" r32="-0.38972646" r33="0.5129355" r34="0" r41="1071.358" r42="43.951447" r43="-773.9647" r44="1"></containerEntry>
          <containerEntry r11="0.97779334" r12="0.09686986" r13="0.18584004" r14="0" r21="-0.12294229" r22="0.98328215" r23="0.13431871" r24="0" r31="-0.16972178" r32="-0.1541835" r33="0.97335607" r34="0" r41="1070.858" r42="50.36527" r43="-810.4701" r44="1"></containerEntry>
          <containerEntry r11="0.6807265" r12="0.42753294" r13="0.5948341" r14="0" r21="-0.3838652" r22="0.8997905" r23="-0.20742407" r24="0" r31="-0.6239066" r32="-0.087136716" r33="0.7766261" r34="0" r41="1066.5277" r42="52.00415" r43="-850.5655" r44="1"></containerEntry>
          <containerEntry r11="-0.7398983" r12="-0.2124157" r13="0.6383044" r14="0" r21="-0.34131664" r22="0.9361787" r23="-0.084098086" r24="0" r31="-0.5797033" r32="-0.2800877" r33="-0.7651781" r34="0" r41="1058.957" r42="47.733974" r43="-842.8965" r44="1"></containerEntry>
          <containerEntry r11="-0.08494251" r12="-0.026378088" r13="-0.99603707" r14="0" r21="-0.086241774" r22="0.99609256" r23="-0.019024868" r24="0" r31="0.992647" r32="0.08428396" r33="-0.08688551" r34="0" r41="1070.2048" r42="53.88111" r43="-858.9442" r44="1"></containerEntry>
          <containerEntry r11="0.90858877" r12="0.3100155" r13="0.2799233" r14="0" r21="-0.34928346" r22="0.93143153" r23="0.10215949" r24="0" r31="-0.2290584" r32="-0.19059345" r33="0.95457137" r34="0" r41="1114.7646" r42="64.148415" r43="-777.9207" r44="1"></containerEntry>
          <containerEntry r11="0.14956978" r12="0.11504927" r13="0.9820361" r14="0" r21="-0.2987083" r22="0.9520567" r23="-0.0660418" r24="0" r31="-0.9425522" r32="-0.28346398" r33="0.17676497" r34="0" r41="1123.9126" r42="72.14736" r43="-790.5849" r44="1"></containerEntry>
        </property>
        <property name="colors" type="UInt32" container="DynamicArray" arraySize="9">
          <containerEntry>4294967295</containerEntry>
          <containerEntry>4294967295</containerEntry>
          <containerEntry>4294967295</containerEntry>
          <containerEntry>4294967295</containerEntry>
          <containerEntry>4294967295</containerEntry>
          <containerEntry>4294967295</containerEntry>
          <containerEntry>4294967295</containerEntry>
          <containerEntry>4294967295</containerEntry>
          <containerEntry>4294967295</containerEntry>
        </property>
      </staticProperties>
      <dynamicProperties></dynamicProperties>
    </entity>
    <entity class="StaticModelArray" classVersion="4" classID="0xD0" addr="0x2D7C800" id="0x0">
      <staticProperties>
        <property name="name" type="String" container="StaticArray" arraySize="1">
          <containerEntry>StaticModelArray0002</containerEntry>
        </property>
        <property name="dataSet" type="EntityHandle" container="StaticArray" arraySize="1">
          <containerEntry>0x2EF4A70</containerEntry>
        </property>
        <property name="modelFile" type="FilePtr" container="StaticArray" arraySize="1">
          <containerEntry>/Assets/tpp/environ/object/middle_africa/cliff/mafr_clff003/scenes/mafr_clff003_vrtn001.fmdl</containerEntry>
        </property>
        <property name="geomFile" type="FilePtr" container="StaticArray" arraySize="1">
          <containerEntry>/Assets/tpp/environ/object/middle_africa/cliff/mafr_clff003/scenes/mafr_clff003_vrtn001.geom</containerEntry>
        </property>
        <property name="isVisibleGeom" type="Bool" container="StaticArray" arraySize="1">
          <containerEntry>false</containerEntry>
        </property>
        <property name="lodFarSize" type="Float" container="StaticArray" arraySize="1">
          <containerEntry>-1</containerEntry>
        </property>
        <property name="lodNearSize" type="Float" container="StaticArray" arraySize="1">
          <containerEntry>-1</containerEntry>
        </property>
        <property name="lodPolygonSize" type="Float" container="StaticArray" arraySize="1">
          <containerEntry>-1</containerEntry>
        </property>
        <property name="drawRejectionLevel" type="Int32" container="StaticArray" arraySize="1">
          <containerEntry>8</containerEntry>
        </property>
        <property name="drawMode" type="Int32" container="StaticArray" arraySize="1">
          <containerEntry>0</containerEntry>
        </property>
        <property name="rejectFarRangeShadowCast" type="Int32" container="StaticArray" arraySize="1">
          <containerEntry>2</containerEntry>
        </property>
        <property name="parentLocator" type="EntityLink" container="StaticArray" arraySize="1">
          <containerEntry packagePathHash="0xB8A0BF169F98" archivePathHash="0xB8A0BF169F98" nameInArchiveHash="0xB8A0BF169F98">0x0</containerEntry>
        </property>
        <property name="transforms" type="Matrix4" container="DynamicArray" arraySize="12">
          <containerEntry r11="-0.26743698" r12="-0.13034183" r13="-0.95471877" r14="0" r21="-0.9205975" r22="0.32717025" r23="0.21321261" r24="0" r31="0.2845649" r32="0.9359329" r33="-0.20748961" r34="0" r41="1114.1794" r42="72.83823" r43="-853.6384" r44="1"></containerEntry>
          <containerEntry r11="0.56390226" r12="-0.002653394" r13="0.8258371" r14="0" r21="0.1236193" r22="0.98899925" r23="-0.081232674" r24="0" r31="-0.8165367" r32="0.1478967" r33="0.5580269" r34="0" r41="1140.3146" r42="81.6164" r43="-852.4931" r44="1"></containerEntry>
          <containerEntry r11="0.3403894" r12="0.11583926" r13="0.93312156" r14="0" r21="-0.015753414" r22="0.9929457" r23="-0.11751926" r24="0" r31="-0.9401523" r32="0.025302425" r33="0.33981305" r34="0" r41="1109.5317" r42="70.93819" r43="-864.66034" r44="1"></containerEntry>
          <containerEntry r11="-0.29785746" r12="-0.07190129" r13="-0.9518966" r14="0" r21="-0.8724896" r22="0.42512015" r23="0.24090043" r24="0" r31="0.38734847" r32="0.9022757" r33="-0.18935728" r34="0" r41="1137.8264" r42="82.47448" r43="-861.5746" r44="1"></containerEntry>
          <containerEntry r11="-0.4749478" r12="-0.23835993" r13="-0.84711844" r14="0" r21="-0.60813355" r22="0.7846873" r23="0.120164484" r24="0" r31="0.6360807" r32="0.57223284" r33="-0.51764023" r34="0" r41="1108.7413" r42="69.0561" r43="-860.09296" r44="1"></containerEntry>
          <containerEntry r11="0.31127062" r12="-0.04783901" r13="0.949116" r14="0" r21="0.1258263" r22="0.9920139" r23="0.008735482" r24="0" r31="-0.941954" r32="0.11670473" r33="0.3148042" r34="0" r41="1129.5479" r42="77.89385" r43="-869.9472" r44="1"></containerEntry>
          <containerEntry r11="-0.3083996" r12="-0.091627896" r13="-0.94683284" r14="0" r21="-0.8586534" r22="0.4551842" r23="0.23562908" r24="0" r31="0.40939277" r32="0.8856698" r33="-0.21905482" r34="0" r41="1108.9244" r42="70.73746" r43="-871.8892" r44="1"></containerEntry>
          <containerEntry r11="-0.67811525" r12="-0.20335773" r13="-0.70625865" r14="0" r21="-0.72093165" r22="0.370863" r23="0.58542" r24="0" r31="0.14287487" r32="0.9061483" r33="-0.39809382" r34="0" r41="1126.665" r42="75.60689" r43="-869.534" r44="1"></containerEntry>
          <containerEntry r11="0.14762945" r12="-0.0041359365" r13="0.98903376" r14="0" r21="0.4827828" r22="0.8730638" r23="-0.068412066" r24="0" r31="-0.86320657" r32="0.4875883" r33="0.13088673" r34="0" r41="1103.7968" r42="67.56629" r43="-870.5569" r44="1"></containerEntry>
          <containerEntry r11="-0.3593281" r12="-0.019752294" r13="-0.93299955" r14="0" r21="-0.79446316" r22="0.530998" r23="0.2947333" r24="0" r31="0.48959833" r32="0.84714186" r33="-0.20649385" r34="0" r41="1043.876" r42="45.529068" r43="-877.3898" r44="1"></containerEntry>
          <containerEntry r11="-0.48862448" r12="-0.10670361" r13="-0.8659431" r14="0" r21="-0.8127855" r22="0.41650862" r23="0.4073072" r24="0" r31="0.31721103" r32="0.9028476" r33="-0.2902426" r34="0" r41="1050.9956" r42="34.68107" r43="-778.3116" r44="1"></containerEntry>
          <containerEntry r11="-0.044803858" r12="0.16038957" r13="-0.9860359" r14="0" r21="-0.7632476" r22="0.6313328" r23="0.13737422" r24="0" r31="0.64455" r32="0.75874484" r33="0.09413105" r34="0" r41="1046.0483" r42="34.879295" r43="-788.4192" r44="1"></containerEntry>
        </property>
        <property name="colors" type="UInt32" container="DynamicArray" arraySize="12">
          <containerEntry>4294967295</containerEntry>
          <containerEntry>4294967295</containerEntry>
          <containerEntry>4294967295</containerEntry>
          <containerEntry>4294967295</containerEntry>
          <containerEntry>4294967295</containerEntry>
          <containerEntry>4294967295</containerEntry>
          <containerEntry>4294967295</containerEntry>
          <containerEntry>4294967295</containerEntry>
          <containerEntry>4294967295</containerEntry>
          <containerEntry>4294967295</containerEntry>
          <containerEntry>4294967295</containerEntry>
          <containerEntry>4294967295</containerEntry>
        </property>
      </staticProperties>
      <dynamicProperties></dynamicProperties>
    </entity>
    <entity class="StaticModelArray" classVersion="4" classID="0xD0" addr="0x2D7C790" id="0x0">
      <staticProperties>
        <property name="name" type="String" container="StaticArray" arraySize="1">
          <containerEntry>StaticModelArray0003</containerEntry>
        </property>
        <property name="dataSet" type="EntityHandle" container="StaticArray" arraySize="1">
          <containerEntry>0x2EF4A70</containerEntry>
        </property>
        <property name="modelFile" type="FilePtr" container="StaticArray" arraySize="1">
          <containerEntry>/Assets/tpp/environ/object/middle_africa/rock/mafr_rock002/scenes/mafr_rock002.fmdl</containerEntry>
        </property>
        <property name="geomFile" type="FilePtr" container="StaticArray" arraySize="1">
          <containerEntry>/Assets/tpp/environ/object/middle_africa/rock/mafr_rock002/scenes/mafr_rock002.geom</containerEntry>
        </property>
        <property name="isVisibleGeom" type="Bool" container="StaticArray" arraySize="1">
          <containerEntry>false</containerEntry>
        </property>
        <property name="lodFarSize" type="Float" container="StaticArray" arraySize="1">
          <containerEntry>-1</containerEntry>
        </property>
        <property name="lodNearSize" type="Float" container="StaticArray" arraySize="1">
          <containerEntry>-1</containerEntry>
        </property>
        <property name="lodPolygonSize" type="Float" container="StaticArray" arraySize="1">
          <containerEntry>-1</containerEntry>
        </property>
        <property name="drawRejectionLevel" type="Int32" container="StaticArray" arraySize="1">
          <containerEntry>8</containerEntry>
        </property>
        <property name="drawMode" type="Int32" container="StaticArray" arraySize="1">
          <containerEntry>0</containerEntry>
        </property>
        <property name="rejectFarRangeShadowCast" type="Int32" container="StaticArray" arraySize="1">
          <containerEntry>2</containerEntry>
        </property>
        <property name="parentLocator" type="EntityLink" container="StaticArray" arraySize="1">
          <containerEntry packagePathHash="0xB8A0BF169F98" archivePathHash="0xB8A0BF169F98" nameInArchiveHash="0xB8A0BF169F98">0x0</containerEntry>
        </property>
        <property name="transforms" type="Matrix4" container="DynamicArray" arraySize="6">
          <containerEntry r11="0.058688965" r12="-4.7683716e-07" r13="-0.99827725" r14="0" r21="-0.45987475" r22="0.88757217" r23="-0.02703704" r24="0" r31="0.88604325" r32="0.46066886" r33="0.052090347" r34="0" r41="1075.5242" r42="59.16956" r43="-878.43317" r44="1"></containerEntry>
          <containerEntry r11="0.05868899" r12="-2.3841858e-07" r13="-0.99827766" r14="0" r21="-0.58767134" r22="0.80836207" r23="-0.03455043" r24="0" r31="0.8069701" r32="0.5886861" r33="0.047441542" r34="0" r41="1077.2603" r42="61.65574" r43="-869.7598" r44="1"></containerEntry>
          <containerEntry r11="-0.09621501" r12="-0.022534192" r13="0.9951057" r14="0" r21="-0.5127197" r22="0.85802674" r23="-0.030143842" r24="0" r31="-0.85314804" r32="-0.51311046" r33="-0.09410882" r34="0" r41="1076.2148" r42="59.391342" r43="-865.0708" r44="1"></containerEntry>
          <containerEntry r11="-0.14247559" r12="1.8626451e-07" r13="-0.9897994" r14="0" r21="-0.24542359" r22="0.96877205" r23="0.03532719" r24="0" r31="0.9588901" r32="0.24795312" r33="-0.13802636" r34="0" r41="1078.7382" r42="61.83858" r43="-879.3641" r44="1"></containerEntry>
          <containerEntry r11="0.8733065" r12="0.13146529" r13="0.46909764" r14="0" r21="-0.35456645" r22="0.8318596" r23="0.42695704" r24="0" r31="-0.3340933" r32="-0.53919065" r33="0.77308154" r34="0" r41="1042.9882" r42="54.09206" r43="-895.95404" r44="1"></containerEntry>
          <containerEntry r11="-0.77742684" r12="-0.52832" r13="0.34129274" r14="0" r21="-0.29836816" r22="0.7874608" r23="0.5393342" r24="0" r31="-0.553696" r32="0.3174631" r33="-0.76982677" r34="0" r41="1058.4924" r42="57.054806" r43="-891.5678" r44="1"></containerEntry>
        </property>
        <property name="colors" type="UInt32" container="DynamicArray" arraySize="6">
          <containerEntry>4294967295</containerEntry>
          <containerEntry>4294967295</containerEntry>
          <containerEntry>4294967295</containerEntry>
          <containerEntry>4294967295</containerEntry>
          <containerEntry>4294967295</containerEntry>
          <containerEntry>4294967295</containerEntry>
        </property>
      </staticProperties>
      <dynamicProperties></dynamicProperties>
    </entity>
    <entity class="StaticModelArray" classVersion="4" classID="0xD0" addr="0x2D7C250" id="0x0">
      <staticProperties>
        <property name="name" type="String" container="StaticArray" arraySize="1">
          <containerEntry>StaticModelArray0004</containerEntry>
        </property>
        <property name="dataSet" type="EntityHandle" container="StaticArray" arraySize="1">
          <containerEntry>0x2EF4A70</containerEntry>
        </property>
        <property name="modelFile" type="FilePtr" container="StaticArray" arraySize="1">
          <containerEntry>/Assets/tpp/environ/object/middle_africa/rock/mafr_rock011/scenes/mafr_rock011.fmdl</containerEntry>
        </property>
        <property name="geomFile" type="FilePtr" container="StaticArray" arraySize="1">
          <containerEntry>/Assets/tpp/environ/object/middle_africa/rock/mafr_rock011/scenes/mafr_rock011.geom</containerEntry>
        </property>
        <property name="isVisibleGeom" type="Bool" container="StaticArray" arraySize="1">
          <containerEntry>false</containerEntry>
        </property>
        <property name="lodFarSize" type="Float" container="StaticArray" arraySize="1">
          <containerEntry>-1</containerEntry>
        </property>
        <property name="lodNearSize" type="Float" container="StaticArray" arraySize="1">
          <containerEntry>-1</containerEntry>
        </property>
        <property name="lodPolygonSize" type="Float" container="StaticArray" arraySize="1">
          <containerEntry>-1</containerEntry>
        </property>
        <property name="drawRejectionLevel" type="Int32" container="StaticArray" arraySize="1">
          <containerEntry>8</containerEntry>
        </property>
        <property name="drawMode" type="Int32" container="StaticArray" arraySize="1">
          <containerEntry>0</containerEntry>
        </property>
        <property name="rejectFarRangeShadowCast" type="Int32" container="StaticArray" arraySize="1">
          <containerEntry>2</containerEntry>
        </property>
        <property name="parentLocator" type="EntityLink" container="StaticArray" arraySize="1">
          <containerEntry packagePathHash="0xB8A0BF169F98" archivePathHash="0xB8A0BF169F98" nameInArchiveHash="0xB8A0BF169F98">0x0</containerEntry>
        </property>
        <property name="transforms" type="Matrix4" container="DynamicArray" arraySize="26">
          <containerEntry r11="-0.46216068" r12="0.0071962327" r13="-0.88676894" r14="0" r21="0.06847331" r22="0.99727124" r23="-0.027593425" r24="0" r31="0.8841506" r32="-0.07347248" r33="-0.46139234" r34="0" r41="1076.7739" r42="48.230442" r43="-788.7845" r44="1"></containerEntry>
          <containerEntry r11="0.107975304" r12="-0.010536976" r13="-0.99409693" r14="0" r21="0.17669171" r22="0.98422724" r23="0.008759119" r24="0" r31="0.97832495" r32="-0.17659461" r33="0.10813403" r34="0" r41="1082.3083" r42="61.818905" r43="-874.0916" r44="1"></containerEntry>
          <containerEntry r11="-0.3885282" r12="-0.21768698" r13="0.8953516" r14="0" r21="-0.89095354" r22="0.33661368" r23="-0.30478045" r24="0" r31="-0.23504001" r32="-0.9161341" r33="-0.32473195" r34="0" r41="1083.0134" r42="62.05782" r43="-864.1834" r44="1"></containerEntry>
          <containerEntry r11="-0.2096204" r12="0.057489626" r13="-0.97609234" r14="0" r21="0.22633973" r22="0.97400904" r23="0.008759648" r24="0" r31="0.95122635" r32="-0.2190921" r33="-0.21718436" r34="0" r41="1082.0258" r42="61.209183" r43="-882.71826" r44="1"></containerEntry>
          <containerEntry r11="-0.6786095" r12="0.06842195" r13="-0.73130906" r14="0" r21="-0.11187822" r22="0.9744051" r23="0.1949822" r24="0" r31="0.72593236" r32="0.21413368" r33="-0.65358573" r34="0" r41="1074.1328" r42="56.68838" r43="-887.67035" r44="1"></containerEntry>
          <containerEntry r11="0.49973184" r12="0.16674975" r13="-0.8499774" r14="0" r21="0.018182151" r22="0.97905904" r23="0.2027629" r24="0" r31="0.86598873" r32="-0.11678142" r33="0.48623517" r34="0" r41="1073.8079" r42="55.423756" r43="-858.36597" r44="1"></containerEntry>
          <containerEntry r11="-0.7501857" r12="-0.030013599" r13="-0.66054285" r14="0" r21="0.21861297" r22="0.9315337" r23="-0.29060826" r24="0" r31="0.6240401" r32="-0.3624141" r33="-0.6922618" r34="0" r41="1059.8513" r42="48.21756" r43="-865.9651" r44="1"></containerEntry>
          <containerEntry r11="-0.54002184" r12="0.022567183" r13="-0.8413457" r14="0" r21="0.28004003" r22="0.9475016" r23="-0.154331" r24="0" r31="0.7936936" r32="-0.31895328" r33="-0.5179912" r34="0" r41="1055.2388" r42="44.193535" r43="-844.6524" r44="1"></containerEntry>
          <containerEntry r11="-0.74752086" r12="0.013361812" r13="-0.6640989" r14="0" r21="0.2500324" r22="0.9319211" r23="-0.26269093" r24="0" r31="0.6153777" r32="-0.3624144" r33="-0.69997114" r34="0" r41="1053.9572" r42="48.2803" r43="-875.65015" r44="1"></containerEntry>
          <containerEntry r11="-0.46908274" r12="0.030242302" r13="-0.88263744" r14="0" r21="0.010252613" r22="0.9995327" r23="0.028798772" r24="0" r31="0.8830959" r32="0.0044596437" r33="-0.46917355" r34="0" r41="1071.1373" r42="50.15632" r43="-831.3424" r44="1"></containerEntry>
          <containerEntry r11="-0.091475904" r12="0.104342625" r13="-0.99032474" r14="0" r21="0.41835868" r22="0.90649986" r23="0.056866646" r24="0" r31="0.9036628" r32="-0.40910932" r33="-0.12657547" r34="0" r41="1036.0935" r42="39.338783" r43="-827.35706" r44="1"></containerEntry>
          <containerEntry r11="0.004643641" r12="0.09348968" r13="-0.9956098" r14="0" r21="0.073324054" r22="0.9929082" r23="0.09357804" r24="0" r31="0.9972977" r32="-0.07343669" r33="-0.0022443533" r34="0" r41="1071.955" r42="49.511894" r43="-823.2643" r44="1"></containerEntry>
          <containerEntry r11="0.24268304" r12="0.27590647" r13="-0.9300442" r14="0" r21="-0.029662013" r22="0.9603653" r23="0.2771619" r24="0" r31="0.9696529" r32="-0.039675772" r33="0.24124825" r34="0" r41="1127.9551" r42="72.652084" r43="-787.2751" r44="1"></containerEntry>
          <containerEntry r11="-0.07552216" r12="0.397847" r13="-0.914339" r14="0" r21="-0.1504429" r22="0.9019144" r23="0.40486723" r24="0" r31="0.9857307" r32="0.16813183" r33="-0.008261383" r34="0" r41="1124.508" r42="68.58896" r43="-778.3071" r44="1"></containerEntry>
          <containerEntry r11="-0.40962335" r12="-0.2270028" r13="0.8835598" r14="0" r21="-0.8314335" r22="0.49146545" r23="-0.25919095" r24="0" r31="-0.37540197" r32="-0.84079206" r33="-0.3900534" r34="0" r41="1086.226" r42="62.94532" r43="-854.5709" r44="1"></containerEntry>
          <containerEntry r11="0.9199057" r12="0.38933712" r13="0.04679531" r14="0" r21="-0.16899972" r22="0.28593618" r23="0.94322705" r24="0" r31="0.3538535" r32="-0.8755883" r33="0.3288324" r34="0" r41="1065.5806" r42="56.80691" r43="-893.24146" r44="1"></containerEntry>
          <containerEntry r11="-0.74826777" r12="0.024571419" r13="-0.66293806" r14="0" r21="0.35920972" r22="0.8551483" r23="-0.3737504" r24="0" r31="0.5577267" r32="-0.51780033" r33="-0.64870584" r34="0" r41="1045.3263" r42="43.85506" r43="-852.00256" r44="1"></containerEntry>
          <containerEntry r11="0.032964423" r12="0.24483603" r13="-0.9690053" r14="0" r21="0.15441385" r22="0.9566423" r23="0.24696544" r24="0" r31="0.98745745" r32="-0.15776893" r33="-0.0062708915" r34="0" r41="1093.448" r42="57.755676" r43="-797.638" r44="1"></containerEntry>
          <containerEntry r11="-0.75459623" r12="-0.02579182" r13="-0.6556832" r14="0" r21="0.05812579" r22="0.992672" r23="-0.10594188" r24="0" r31="0.65361077" r32="-0.11805537" r33="-0.74756736" r34="0" r41="1096.7704" r42="57.419357" r43="-789.535" r44="1"></containerEntry>
          <containerEntry r11="-0.4397967" r12="-0.0012112334" r13="-0.8980965" r14="0" r21="0.08278846" r22="0.9956866" r23="-0.04188425" r24="0" r31="0.89427334" r32="-0.09277258" r33="-0.4377994" r34="0" r41="1089.4081" r42="60.09511" r43="-823.78394" r44="1"></containerEntry>
          <containerEntry r11="-0.9301102" r12="-0.27468053" r13="-0.24380615" r14="0" r21="-0.1869249" r22="0.9254539" r23="-0.329536" r24="0" r31="0.31614855" r32="-0.260932" r33="-0.9121187" r34="0" r41="1095.9092" r42="62.296093" r43="-818.3455" r44="1"></containerEntry>
          <containerEntry r11="0.4707794" r12="0.36112112" r13="-0.80495846" r14="0" r21="0.06007655" r22="0.8971523" r23="0.43761685" r24="0" r31="0.880203" r32="-0.25438008" r33="0.40066588" r34="0" r41="1116.6194" r42="69.13265" r43="-801.40576" r44="1"></containerEntry>
          <containerEntry r11="-0.33297995" r12="0.06763755" r13="-0.9405042" r14="0" r21="0.17460243" r22="0.9845979" r23="0.008991517" r24="0" r31="0.9266267" r32="-0.1612204" r33="-0.33966106" r34="0" r41="1116.2787" r42="67.698" r43="-793.4077" r44="1"></containerEntry>
          <containerEntry r11="0.08844343" r12="0.17735393" r13="-0.9801654" r14="0" r21="0.2100503" r22="0.9585723" r23="0.19240053" r24="0" r31="0.97368246" r32="-0.22290058" r33="0.04752618" r34="0" r41="1121.3408" r42="73.718315" r43="-830.63043" r44="1"></containerEntry>
          <containerEntry r11="-0.65068954" r12="-0.093035296" r13="-0.7536231" r14="0" r21="0.10770285" r22="0.9711246" r23="-0.21287824" r24="0" r31="0.75166714" r32="-0.21968497" r33="-0.6218804" r34="0" r41="1123.6425" r42="73.30539" r43="-822.21533" r44="1"></containerEntry>
          <containerEntry r11="-0.020786501" r12="0.102697656" r13="-0.99449456" r14="0" r21="0.28809613" r22="0.9531327" r23="0.09240437" r24="0" r31="0.95737493" r32="-0.28458944" r33="-0.049399078" r34="0" r41="1125.6777" r42="73.38033" r43="-816.1906" r44="1"></containerEntry>
        </property>
        <property name="colors" type="UInt32" container="DynamicArray" arraySize="26">
          <containerEntry>4294967295</containerEntry>
          <containerEntry>4294967295</containerEntry>
          <containerEntry>4294967295</containerEntry>
          <containerEntry>4294967295</containerEntry>
          <containerEntry>4294967295</containerEntry>
          <containerEntry>4294967295</containerEntry>
          <containerEntry>4294967295</containerEntry>
          <containerEntry>4294967295</containerEntry>
          <containerEntry>4294967295</containerEntry>
          <containerEntry>4294967295</containerEntry>
          <containerEntry>4294967295</containerEntry>
          <containerEntry>4294967295</containerEntry>
          <containerEntry>4294967295</containerEntry>
          <containerEntry>4294967295</containerEntry>
          <containerEntry>4294967295</containerEntry>
          <containerEntry>4294967295</containerEntry>
          <containerEntry>4294967295</containerEntry>
          <containerEntry>4294967295</containerEntry>
          <containerEntry>4294967295</containerEntry>
          <containerEntry>4294967295</containerEntry>
          <containerEntry>4294967295</containerEntry>
          <containerEntry>4294967295</containerEntry>
          <containerEntry>4294967295</containerEntry>
          <containerEntry>4294967295</containerEntry>
          <containerEntry>4294967295</containerEntry>
          <containerEntry>4294967295</containerEntry>
        </property>
      </staticProperties>
      <dynamicProperties></dynamicProperties>
    </entity>
    <entity class="TexturePackLoadConditioner" classVersion="0" classID="0x48" addr="0x2D7CE90" id="0x0">
      <staticProperties>
        <property name="name" type="String" container="StaticArray" arraySize="1">
          <containerEntry>TexturePackLoadConditioner0000</containerEntry>
        </property>
        <property name="dataSet" type="EntityHandle" container="StaticArray" arraySize="1">
          <containerEntry>0x2EF4A70</containerEntry>
        </property>
        <property name="texturePackPath" type="Path" container="StaticArray" arraySize="1">
          <containerEntry hash="0xB8A0BF169F98"></containerEntry>
        </property>
      </staticProperties>
      <dynamicProperties></dynamicProperties>
    </entity>
  </entities>
</fox>