<fox formatVersion="2" fileVersion="0">
  <entities>
    <entity class="DataSet" classVersion="0" classID="0xE8" addr="0x33039D0" id="0x5ED23CF">
      <staticProperties>
        <property name="name" type="String" container="StaticArray" arraySize="1">
          <containerEntry hash="0xB8A0BF169F98"></containerEntry>
        </property>
        <property name="dataSet" type="EntityHandle" container="StaticArray" arraySize="1">
          <containerEntry>0x0</containerEntry>
        </property>
        <property name="dataList" type="EntityPtr" container="StringMap" arraySize="21">
          <containerEntry key="StaticModelArray0000">
            <data>0x33015F0</data>
          </containerEntry>
          <containerEntry key="StaticModelArray0001">
            <data>0x3301660</data>
          </containerEntry>
          <containerEntry key="StaticModelArray0002">
            <data>0x33016D0</data>
          </containerEntry>
          <containerEntry key="StaticModelArray0003">
            <data>0x3301740</data>
          </containerEntry>
          <containerEntry key="StaticModelArray0004">
            <data>0x33017B0</data>
          </containerEntry>
          <containerEntry key="StaticModelArray0005">
            <data>0x3301820</data>
          </containerEntry>
          <containerEntry key="StaticModelArray0006">
            <data>0x3301890</data>
          </containerEntry>
          <containerEntry key="StaticModelArray0007">
            <data>0x3301900</data>
          </containerEntry>
          <containerEntry key="StaticModelArray0008">
            <data>0x33008D0</data>
          </containerEntry>
          <containerEntry key="StaticModelArray0009">
            <data>0x3301580</data>
          </containerEntry>
          <containerEntry key="StaticModelArray0010">
            <data>0x3301120</data>
          </containerEntry>
          <containerEntry key="StaticModelArray0011">
            <data>0x3300E10</data>
          </containerEntry>
          <containerEntry key="StaticModelArray0012">
            <data>0x3300BE0</data>
          </containerEntry>
          <containerEntry key="StaticModelArray0013">
            <data>0x3179AF0</data>
          </containerEntry>
          <containerEntry key="StaticModelArray0014">
            <data>0x3300860</data>
          </containerEntry>
          <containerEntry key="StaticModelArray0015">
            <data>0x3300940</data>
          </containerEntry>
          <containerEntry key="StaticModelArray0016">
            <data>0x33009B0</data>
          </containerEntry>
          <containerEntry key="StaticModelArray0017">
            <data>0x3300A20</data>
          </containerEntry>
          <containerEntry key="StaticModelArray0018">
            <data>0x3300A90</data>
          </containerEntry>
          <containerEntry key="GeoxGeomSetLoader0000">
            <data>0x3301190</data>
          </containerEntry>
          <containerEntry key="TexturePackLoadConditioner0000">
            <data>0x3301C10</data>
          </containerEntry>
        </property>
      </staticProperties>
      <dynamicProperties></dynamicProperties>
    </entity>
    <entity class="StaticModelArray" classVersion="4" classID="0xD0" addr="0x33015F0" id="0x0">
      <staticProperties>
        <property name="name" type="String" container="StaticArray" arraySize="1">
          <containerEntry>StaticModelArray0000</containerEntry>
        </property>
        <property name="dataSet" type="EntityHandle" container="StaticArray" arraySize="1">
          <containerEntry>0x33039D0</containerEntry>
        </property>
        <property name="modelFile" type="FilePtr" container="StaticArray" arraySize="1">
          <containerEntry>/Assets/tpp/environ/object/afghanistan/cliff/afgh_clff013/scenes/afgh_clff013.fmdl</containerEntry>
        </property>
        <property name="geomFile" type="FilePtr" container="StaticArray" arraySize="1">
          <containerEntry>/Assets/tpp/environ/object/afghanistan/cliff/afgh_clff013/scenes/afgh_clff013.geom</containerEntry>
        </property>
        <property name="isVisibleGeom" type="Bool" container="StaticArray" arraySize="1">
          <containerEntry>false</containerEntry>
        </property>
        <property name="lodFarSize" type="Float" container="StaticArray" arraySize="1">
          <containerEntry>50</containerEntry>
        </property>
        <property name="lodNearSize" type="Float" container="StaticArray" arraySize="1">
          <containerEntry>400</containerEntry>
        </property>
        <property name="lodPolygonSize" type="Float" container="StaticArray" arraySize="1">
          <containerEntry>-1</containerEntry>
        </property>
        <property name="drawRejectionLevel" type="Int32" container="StaticArray" arraySize="1">
          <containerEntry>8</containerEntry>
        </property>
        <property name="drawMode" type="Int32" container="StaticArray" arraySize="1">
          <containerEntry>0</containerEntry>
        </property>
        <property name="rejectFarRangeShadowCast" type="Int32" container="StaticArray" arraySize="1">
          <containerEntry>2</containerEntry>
        </property>
        <property name="parentLocator" type="EntityLink" container="StaticArray" arraySize="1">
          <containerEntry packagePathHash="0xB8A0BF169F98" archivePathHash="0xB8A0BF169F98" nameInArchiveHash="0xB8A0BF169F98">0x0</containerEntry>
        </property>
        <property name="transforms" type="Matrix4" container="DynamicArray" arraySize="2">
          <containerEntry r11="-0.5373111" r12="0" r13="0.84338444" r14="0" r21="0" r22="1" r23="0" r24="0" r31="-0.84338444" r32="0" r33="-0.5373111" r34="0" r41="629.5424" r42="352.02063" r43="321.15286" r44="1"></containerEntry>
          <containerEntry r11="-0.44727883" r12="0.08910717" r13="0.88994265" r14="0" r21="-0.0042923875" r22="0.9947994" r23="-0.10176334" r24="0" r31="-0.89438224" r32="-0.049336758" r33="-0.44457018" r34="0" r41="615.71906" r42="359.32623" r43="354.13382" r44="1"></containerEntry>
        </property>
        <property name="colors" type="UInt32" container="DynamicArray" arraySize="2">
          <containerEntry>4294967295</containerEntry>
          <containerEntry>4294967295</containerEntry>
        </property>
      </staticProperties>
      <dynamicProperties></dynamicProperties>
    </entity>
    <entity class="StaticModelArray" classVersion="4" classID="0xD0" addr="0x3301660" id="0x0">
      <staticProperties>
        <property name="name" type="String" container="StaticArray" arraySize="1">
          <containerEntry>StaticModelArray0001</containerEntry>
        </property>
        <property name="dataSet" type="EntityHandle" container="StaticArray" arraySize="1">
          <containerEntry>0x33039D0</containerEntry>
        </property>
        <property name="modelFile" type="FilePtr" container="StaticArray" arraySize="1">
          <containerEntry>/Assets/tpp/environ/object/afghanistan/cliff/afgh_clff022/scenes/afgh_clff022_vrtn001.fmdl</containerEntry>
        </property>
        <property name="geomFile" type="FilePtr" container="StaticArray" arraySize="1">
          <containerEntry>/Assets/tpp/environ/object/afghanistan/cliff/afgh_clff022/scenes/afgh_clff022_vrtn001.geom</containerEntry>
        </property>
        <property name="isVisibleGeom" type="Bool" container="StaticArray" arraySize="1">
          <containerEntry>false</containerEntry>
        </property>
        <property name="lodFarSize" type="Float" container="StaticArray" arraySize="1">
          <containerEntry>-1</containerEntry>
        </property>
        <property name="lodNearSize" type="Float" container="StaticArray" arraySize="1">
          <containerEntry>-1</containerEntry>
        </property>
        <property name="lodPolygonSize" type="Float" container="StaticArray" arraySize="1">
          <containerEntry>-1</containerEntry>
        </property>
        <property name="drawRejectionLevel" type="Int32" container="StaticArray" arraySize="1">
          <containerEntry>8</containerEntry>
        </property>
        <property name="drawMode" type="Int32" container="StaticArray" arraySize="1">
          <containerEntry>0</containerEntry>
        </property>
        <property name="rejectFarRangeShadowCast" type="Int32" container="StaticArray" arraySize="1">
          <containerEntry>2</containerEntry>
        </property>
        <property name="parentLocator" type="EntityLink" container="StaticArray" arraySize="1">
          <containerEntry packagePathHash="0xB8A0BF169F98" archivePathHash="0xB8A0BF169F98" nameInArchiveHash="0xB8A0BF169F98">0x0</containerEntry>
        </property>
        <property name="transforms" type="Matrix4" container="DynamicArray" arraySize="2">
          <containerEntry r11="0.6639328" r12="0" r13="0.7477923" r14="0" r21="0" r22="1" r23="0" r24="0" r31="-0.7477923" r32="0" r33="0.6639328" r34="0" r41="572.65643" r42="372.18793" r43="369.33716" r44="1"></containerEntry>
          <containerEntry r11="1" r12="0" r13="0" r14="0" r21="0" r22="1" r23="0" r24="0" r31="0" r32="0" r33="1" r34="0" r41="556.6292" r42="381.32748" r43="369.92688" r44="1"></containerEntry>
        </property>
        <property name="colors" type="UInt32" container="DynamicArray" arraySize="2">
          <containerEntry>4294967295</containerEntry>
          <containerEntry>4294967295</containerEntry>
        </property>
      </staticProperties>
      <dynamicProperties></dynamicProperties>
    </entity>
    <entity class="StaticModelArray" classVersion="4" classID="0xD0" addr="0x33016D0" id="0x0">
      <staticProperties>
        <property name="name" type="String" container="StaticArray" arraySize="1">
          <containerEntry>StaticModelArray0002</containerEntry>
        </property>
        <property name="dataSet" type="EntityHandle" container="StaticArray" arraySize="1">
          <containerEntry>0x33039D0</containerEntry>
        </property>
        <property name="modelFile" type="FilePtr" container="StaticArray" arraySize="1">
          <containerEntry>/Assets/tpp/environ/object/afghanistan/rock/afgh_rock011/scenes/afgh_rock011.fmdl</containerEntry>
        </property>
        <property name="geomFile" type="FilePtr" container="StaticArray" arraySize="1">
          <containerEntry>/Assets/tpp/environ/object/afghanistan/rock/afgh_rock011/scenes/afgh_rock011.geom</containerEntry>
        </property>
        <property name="isVisibleGeom" type="Bool" container="StaticArray" arraySize="1">
          <containerEntry>false</containerEntry>
        </property>
        <property name="lodFarSize" type="Float" container="StaticArray" arraySize="1">
          <containerEntry>-1</containerEntry>
        </property>
        <property name="lodNearSize" type="Float" container="StaticArray" arraySize="1">
          <containerEntry>-1</containerEntry>
        </property>
        <property name="lodPolygonSize" type="Float" container="StaticArray" arraySize="1">
          <containerEntry>-1</containerEntry>
        </property>
        <property name="drawRejectionLevel" type="Int32" container="StaticArray" arraySize="1">
          <containerEntry>8</containerEntry>
        </property>
        <property name="drawMode" type="Int32" container="StaticArray" arraySize="1">
          <containerEntry>0</containerEntry>
        </property>
        <property name="rejectFarRangeShadowCast" type="Int32" container="StaticArray" arraySize="1">
          <containerEntry>2</containerEntry>
        </property>
        <property name="parentLocator" type="EntityLink" container="StaticArray" arraySize="1">
          <containerEntry packagePathHash="0xB8A0BF169F98" archivePathHash="0xB8A0BF169F98" nameInArchiveHash="0xB8A0BF169F98">0x0</containerEntry>
        </property>
        <property name="transforms" type="Matrix4" container="DynamicArray" arraySize="2">
          <containerEntry r11="-0.46665385" r12="0.062009845" r13="0.8822603" r14="0" r21="0.0016650967" r22="0.99759895" r23="-0.069235586" r24="0" r31="-0.8844353" r32="-0.030840198" r33="-0.4656366" r34="0" r41="604.7562" r42="353.20694" r43="320.74088" r44="1"></containerEntry>
          <containerEntry r11="-0.41260245" r12="-0.0872233" r13="-0.9067206" r14="0" r21="0.041454546" r22="0.9925757" r23="-0.114345945" r24="0" r31="0.9099625" r32="-0.08476775" r33="-0.4059233" r34="0" r41="631.3448" r42="372.11127" r43="359.15805" r44="1"></containerEntry>
        </property>
        <property name="colors" type="UInt32" container="DynamicArray" arraySize="2">
          <containerEntry>4294967295</containerEntry>
          <containerEntry>4294967295</containerEntry>
        </property>
      </staticProperties>
      <dynamicProperties></dynamicProperties>
    </entity>
    <entity class="StaticModelArray" classVersion="4" classID="0xD0" addr="0x3301740" id="0x0">
      <staticProperties>
        <property name="name" type="String" container="StaticArray" arraySize="1">
          <containerEntry>StaticModelArray0003</containerEntry>
        </property>
        <property name="dataSet" type="EntityHandle" container="StaticArray" arraySize="1">
          <containerEntry>0x33039D0</containerEntry>
        </property>
        <property name="modelFile" type="FilePtr" container="StaticArray" arraySize="1">
          <containerEntry>/Assets/tpp/environ/object/afghanistan/rock/afgh_rock010/scenes/afgh_rock010.fmdl</containerEntry>
        </property>
        <property name="geomFile" type="FilePtr" container="StaticArray" arraySize="1">
          <containerEntry>/Assets/tpp/environ/object/afghanistan/rock/afgh_rock010/scenes/afgh_rock010.geom</containerEntry>
        </property>
        <property name="isVisibleGeom" type="Bool" container="StaticArray" arraySize="1">
          <containerEntry>false</containerEntry>
        </property>
        <property name="lodFarSize" type="Float" container="StaticArray" arraySize="1">
          <containerEntry>-1</containerEntry>
        </property>
        <property name="lodNearSize" type="Float" container="StaticArray" arraySize="1">
          <containerEntry>-1</containerEntry>
        </property>
        <property name="lodPolygonSize" type="Float" container="StaticArray" arraySize="1">
          <containerEntry>-1</containerEntry>
        </property>
        <property name="drawRejectionLevel" type="Int32" container="StaticArray" arraySize="1">
          <containerEntry>8</containerEntry>
        </property>
        <property name="drawMode" type="Int32" container="StaticArray" arraySize="1">
          <containerEntry>0</containerEntry>
        </property>
        <property name="rejectFarRangeShadowCast" type="Int32" container="StaticArray" arraySize="1">
          <containerEntry>2</containerEntry>
        </property>
        <property name="parentLocator" type="EntityLink" container="StaticArray" arraySize="1">
          <containerEntry packagePathHash="0xB8A0BF169F98" archivePathHash="0xB8A0BF169F98" nameInArchiveHash="0xB8A0BF169F98">0x0</containerEntry>
        </property>
        <property name="transforms" type="Matrix4" container="DynamicArray" arraySize="3">
          <containerEntry r11="0.6903985" r12="-0.00150002" r13="-0.72342664" r14="0" r21="-0.0064239623" r22="0.9999457" r23="-0.008204028" r24="0" r31="0.7233997" r32="0.010311319" r33="0.69035137" r34="0" r41="625.4755" r42="371.73923" r43="367.7602" r44="1"></containerEntry>
          <containerEntry r11="0.6422579" r12="-0.095832184" r13="-0.7604732" r14="0" r21="-0.01575632" r22="0.9902929" r23="-0.13809998" r24="0" r31="0.76632565" r32="0.10067799" r33="0.6345135" r34="0" r41="643.2205" r42="366.45447" r43="325.65076" r44="1"></containerEntry>
          <containerEntry r11="-0.038165383" r12="0.01932291" r13="0.9390235" r14="0" r21="-0.10472329" r22="0.93385327" r23="-0.023473091" r24="0" r31="-0.93336576" r32="-0.10556789" r33="-0.035763074" r34="0" r41="650.5284" r42="379.77573" r43="360.34555" r44="1"></containerEntry>
        </property>
        <property name="colors" type="UInt32" container="DynamicArray" arraySize="3">
          <containerEntry>4294967295</containerEntry>
          <containerEntry>4294967295</containerEntry>
          <containerEntry>4294967295</containerEntry>
        </property>
      </staticProperties>
      <dynamicProperties></dynamicProperties>
    </entity>
    <entity class="StaticModelArray" classVersion="4" classID="0xD0" addr="0x33017B0" id="0x0">
      <staticProperties>
        <property name="name" type="String" container="StaticArray" arraySize="1">
          <containerEntry>StaticModelArray0004</containerEntry>
        </property>
        <property name="dataSet" type="EntityHandle" container="StaticArray" arraySize="1">
          <containerEntry>0x33039D0</containerEntry>
        </property>
        <property name="modelFile" type="FilePtr" container="StaticArray" arraySize="1">
          <containerEntry>/Assets/tpp/environ/object/afghanistan/rock/afgh_rock001/scenes/afgh_rock001.fmdl</containerEntry>
        </property>
        <property name="geomFile" type="FilePtr" container="StaticArray" arraySize="1">
          <containerEntry>/Assets/tpp/environ/object/afghanistan/rock/afgh_rock001/scenes/afgh_rock001.geom</containerEntry>
        </property>
        <property name="isVisibleGeom" type="Bool" container="StaticArray" arraySize="1">
          <containerEntry>false</containerEntry>
        </property>
        <property name="lodFarSize" type="Float" container="StaticArray" arraySize="1">
          <containerEntry>-1</containerEntry>
        </property>
        <property name="lodNearSize" type="Float" container="StaticArray" arraySize="1">
          <containerEntry>-1</containerEntry>
        </property>
        <property name="lodPolygonSize" type="Float" container="StaticArray" arraySize="1">
          <containerEntry>-1</containerEntry>
        </property>
        <property name="drawRejectionLevel" type="Int32" container="StaticArray" arraySize="1">
          <containerEntry>8</containerEntry>
        </property>
        <property name="drawMode" type="Int32" container="StaticArray" arraySize="1">
          <containerEntry>0</containerEntry>
        </property>
        <property name="rejectFarRangeShadowCast" type="Int32" container="StaticArray" arraySize="1">
          <containerEntry>2</containerEntry>
        </property>
        <property name="parentLocator" type="EntityLink" container="StaticArray" arraySize="1">
          <containerEntry packagePathHash="0xB8A0BF169F98" archivePathHash="0xB8A0BF169F98" nameInArchiveHash="0xB8A0BF169F98">0x0</containerEntry>
        </property>
        <property name="transforms" type="Matrix4" container="DynamicArray" arraySize="6">
          <containerEntry r11="1" r12="0" r13="0" r14="0" r21="0" r22="0.9612011" r23="-0.27584857" r24="0" r31="0" r32="0.27584857" r33="0.9612011" r34="0" r41="598.37537" r42="352.55103" r43="314.02582" r44="1"></containerEntry>
          <containerEntry r11="1" r12="0" r13="0" r14="0" r21="0" r22="0.47513425" r23="-0.879913" r24="0" r31="0" r32="0.879913" r33="0.47513425" r34="0" r41="625.56995" r42="347.68" r43="303.14447" r44="1"></containerEntry>
          <containerEntry r11="0.48313648" r12="-0.15963745" r13="-0.8608685" r14="0" r21="-2.2351742e-07" r22="0.9832375" r23="-0.18232933" r24="0" r31="0.87554485" r32="0.0880901" r33="0.47503787" r34="0" r41="625.7325" r42="342.9522" r43="288.04086" r44="1"></containerEntry>
          <containerEntry r11="0.48313648" r12="-0.15963745" r13="-0.8608685" r14="0" r21="-2.2351742e-07" r22="0.9832375" r23="-0.18232933" r24="0" r31="0.87554485" r32="0.0880901" r33="0.47503787" r34="0" r41="604.0125" r42="354.52356" r43="330.31998" r44="1"></containerEntry>
          <containerEntry r11="0.48313648" r12="-0.15963745" r13="-0.8608685" r14="0" r21="-2.2351742e-07" r22="0.9832375" r23="-0.18232933" r24="0" r31="0.87554485" r32="0.0880901" r33="0.47503787" r34="0" r41="582.6565" r42="357.32355" r43="360.0865" r44="1"></containerEntry>
          <containerEntry r11="0.97296387" r12="-0.117750905" r13="-0.1986853" r14="0" r21="1.0952353e-06" r22="0.86027235" r23="-0.50983435" r24="0" r31="0.23095699" r32="0.49605018" r33="0.8370141" r34="0" r41="638.6713" r42="343.47253" r43="269.25317" r44="1"></containerEntry>
        </property>
        <property name="colors" type="UInt32" container="DynamicArray" arraySize="6">
          <containerEntry>4294967295</containerEntry>
          <containerEntry>4294967295</containerEntry>
          <containerEntry>4294967295</containerEntry>
          <containerEntry>4294967295</containerEntry>
          <containerEntry>4294967295</containerEntry>
          <containerEntry>4294967295</containerEntry>
        </property>
      </staticProperties>
      <dynamicProperties></dynamicProperties>
    </entity>
    <entity class="StaticModelArray" classVersion="4" classID="0xD0" addr="0x3301820" id="0x0">
      <staticProperties>
        <property name="name" type="String" container="StaticArray" arraySize="1">
          <containerEntry>StaticModelArray0005</containerEntry>
        </property>
        <property name="dataSet" type="EntityHandle" container="StaticArray" arraySize="1">
          <containerEntry>0x33039D0</containerEntry>
        </property>
        <property name="modelFile" type="FilePtr" container="StaticArray" arraySize="1">
          <containerEntry>/Assets/tpp/environ/object/afghanistan/rock/afgh_rock006/scenes/afgh_rock006.fmdl</containerEntry>
        </property>
        <property name="geomFile" type="FilePtr" container="StaticArray" arraySize="1">
          <containerEntry>/Assets/tpp/environ/object/afghanistan/rock/afgh_rock006/scenes/afgh_rock006.geom</containerEntry>
        </property>
        <property name="isVisibleGeom" type="Bool" container="StaticArray" arraySize="1">
          <containerEntry>false</containerEntry>
        </property>
        <property name="lodFarSize" type="Float" container="StaticArray" arraySize="1">
          <containerEntry>-1</containerEntry>
        </property>
        <property name="lodNearSize" type="Float" container="StaticArray" arraySize="1">
          <containerEntry>-1</containerEntry>
        </property>
        <property name="lodPolygonSize" type="Float" container="StaticArray" arraySize="1">
          <containerEntry>-1</containerEntry>
        </property>
        <property name="drawRejectionLevel" type="Int32" container="StaticArray" arraySize="1">
          <containerEntry>5</containerEntry>
        </property>
        <property name="drawMode" type="Int32" container="StaticArray" arraySize="1">
          <containerEntry>0</containerEntry>
        </property>
        <property name="rejectFarRangeShadowCast" type="Int32" container="StaticArray" arraySize="1">
          <containerEntry>2</containerEntry>
        </property>
        <property name="parentLocator" type="EntityLink" container="StaticArray" arraySize="1">
          <containerEntry packagePathHash="0xB8A0BF169F98" archivePathHash="0xB8A0BF169F98" nameInArchiveHash="0xB8A0BF169F98">0x0</containerEntry>
        </property>
        <property name="transforms" type="Matrix4" container="DynamicArray" arraySize="7">
          <containerEntry r11="0.5875535" r12="0.10009476" r13="0.8029694" r14="0" r21="-0.124595456" r22="0.9916769" r23="-0.03244859" r24="0" r31="-0.79953414" r32="-0.08098134" r33="0.5951346" r34="0" r41="602.8008" r42="342.82996" r43="272.47858" r44="1"></containerEntry>
          <containerEntry r11="-0.49235103" r12="-0.39140925" r13="-0.7774199" r14="0" r21="0.32969472" r22="0.7427597" r23="-0.58275896" r24="0" r31="0.8055335" r32="-0.5432361" r33="-0.23665166" r34="0" r41="617.8099" r42="343.1569" r43="287.2929" r44="1"></containerEntry>
          <containerEntry r11="-0.9434382" r12="-0.14088094" r13="-0.30011272" r14="0" r21="0.01506713" r22="0.88606864" r23="-0.4633085" r24="0" r31="0.3311919" r32="-0.44162697" r33="-0.8338278" r34="0" r41="612.22723" r42="357.68362" r43="347.4997" r44="1"></containerEntry>
          <containerEntry r11="-1.1371813" r12="-0.07455746" r13="0.5135589" r14="0" r21="-0.17594677" r22="1.2191554" r23="-0.21260874" r24="0" r31="-0.48820522" r32="-0.26570836" r33="-1.119615" r34="0" r41="637.26746" r42="368.0602" r43="333.39066" r44="1"></containerEntry>
          <containerEntry r11="0.9680528" r12="-0.19809847" r13="-0.15372223" r14="0" r21="0.20248018" r22="0.97919685" r23="0.013232327" r24="0" r31="0.147903" r32="-0.04393538" r33="0.9880254" r34="0" r41="632.9392" r42="367.53552" r43="337.55588" r44="1"></containerEntry>
          <containerEntry r11="-0.6554121" r12="0.18142267" r13="0.7331534" r14="0" r21="0.32245564" r22="0.9450191" r23="0.0544149" r24="0" r31="-0.6829718" r32="0.2720743" r33="-0.67787766" r34="0" r41="640.02185" r42="368.97952" r43="337.15002" r44="1"></containerEntry>
          <containerEntry r11="0.37804505" r12="-0.06329269" r13="0.9236191" r14="0" r21="-0.0024503227" r22="0.9975884" r23="0.069364294" r24="0" r31="-0.9257819" r32="-0.028485866" r33="0.37697828" r34="0" r41="616.5261" r42="363.32864" r43="351.35214" r44="1"></containerEntry>
        </property>
        <property name="colors" type="UInt32" container="DynamicArray" arraySize="7">
          <containerEntry>4294967295</containerEntry>
          <containerEntry>4294967295</containerEntry>
          <containerEntry>4294967295</containerEntry>
          <containerEntry>4294967295</containerEntry>
          <containerEntry>4294967295</containerEntry>
          <containerEntry>4294967295</containerEntry>
          <containerEntry>4294967295</containerEntry>
        </property>
      </staticProperties>
      <dynamicProperties></dynamicProperties>
    </entity>
    <entity class="StaticModelArray" classVersion="4" classID="0xD0" addr="0x3301890" id="0x0">
      <staticProperties>
        <property name="name" type="String" container="StaticArray" arraySize="1">
          <containerEntry>StaticModelArray0006</containerEntry>
        </property>
        <property name="dataSet" type="EntityHandle" container="StaticArray" arraySize="1">
          <containerEntry>0x33039D0</containerEntry>
        </property>
        <property name="modelFile" type="FilePtr" container="StaticArray" arraySize="1">
          <containerEntry>/Assets/tpp/environ/object/afghanistan/cliff/afgh_clff035/scenes/afgh_clff035_vrtn003.fmdl</containerEntry>
        </property>
        <property name="geomFile" type="FilePtr" container="StaticArray" arraySize="1">
          <containerEntry>/Assets/tpp/environ/object/afghanistan/cliff/afgh_clff035/scenes/afgh_clff035_vrtn003.geom</containerEntry>
        </property>
        <property name="isVisibleGeom" type="Bool" container="StaticArray" arraySize="1">
          <containerEntry>false</containerEntry>
        </property>
        <property name="lodFarSize" type="Float" container="StaticArray" arraySize="1">
          <containerEntry>-1</containerEntry>
        </property>
        <property name="lodNearSize" type="Float" container="StaticArray" arraySize="1">
          <containerEntry>-1</containerEntry>
        </property>
        <property name="lodPolygonSize" type="Float" container="StaticArray" arraySize="1">
          <containerEntry>-1</containerEntry>
        </property>
        <property name="drawRejectionLevel" type="Int32" container="StaticArray" arraySize="1">
          <containerEntry>8</containerEntry>
        </property>
        <property name="drawMode" type="Int32" container="StaticArray" arraySize="1">
          <containerEntry>0</containerEntry>
        </property>
        <property name="rejectFarRangeShadowCast" type="Int32" container="StaticArray" arraySize="1">
          <containerEntry>2</containerEntry>
        </property>
        <property name="parentLocator" type="EntityLink" container="StaticArray" arraySize="1">
          <containerEntry packagePathHash="0xB8A0BF169F98" archivePathHash="0xB8A0BF169F98" nameInArchiveHash="0xB8A0BF169F98">0x0</containerEntry>
        </property>
        <property name="transforms" type="Matrix4" container="DynamicArray" arraySize="2">
          <containerEntry r11="-0.38740826" r12="0" r13="-0.92190814" r14="0" r21="0" r22="1" r23="0" r24="0" r31="0.92190814" r32="0" r33="-0.38740826" r34="0" r41="565.14056" r42="378.04114" r43="350.4502" r44="1"></containerEntry>
          <containerEntry r11="-0.38740826" r12="0" r13="-0.92190814" r14="0" r21="0" r22="1" r23="0" r24="0" r31="0.92190814" r32="0" r33="-0.38740826" r34="0" r41="588.00684" r42="365.01035" r43="316.24454" r44="1"></containerEntry>
        </property>
        <property name="colors" type="UInt32" container="DynamicArray" arraySize="2">
          <containerEntry>4294967295</containerEntry>
          <containerEntry>4294967295</containerEntry>
        </property>
      </staticProperties>
      <dynamicProperties></dynamicProperties>
    </entity>
    <entity class="StaticModelArray" classVersion="4" classID="0xD0" addr="0x3301900" id="0x0">
      <staticProperties>
        <property name="name" type="String" container="StaticArray" arraySize="1">
          <containerEntry>StaticModelArray0007</containerEntry>
        </property>
        <property name="dataSet" type="EntityHandle" container="StaticArray" arraySize="1">
          <containerEntry>0x33039D0</containerEntry>
        </property>
        <property name="modelFile" type="FilePtr" container="StaticArray" arraySize="1">
          <containerEntry>/Assets/tpp/environ/object/afghanistan/rock/afgh_rock010/scenes/afgh_rock010.fmdl</containerEntry>
        </property>
        <property name="geomFile" type="FilePtr" container="StaticArray" arraySize="1">
          <containerEntry>/Assets/tpp/environ/object/afghanistan/rock/afgh_rock010/scenes/afgh_rock010.geom</containerEntry>
        </property>
        <property name="isVisibleGeom" type="Bool" container="StaticArray" arraySize="1">
          <containerEntry>false</containerEntry>
        </property>
        <property name="lodFarSize" type="Float" container="StaticArray" arraySize="1">
          <containerEntry>-1</containerEntry>
        </property>
        <property name="lodNearSize" type="Float" container="StaticArray" arraySize="1">
          <containerEntry>-1</containerEntry>
        </property>
        <property name="lodPolygonSize" type="Float" container="StaticArray" arraySize="1">
          <containerEntry>-1</containerEntry>
        </property>
        <property name="drawRejectionLevel" type="Int32" container="StaticArray" arraySize="1">
          <containerEntry>4</containerEntry>
        </property>
        <property name="drawMode" type="Int32" container="StaticArray" arraySize="1">
          <containerEntry>0</containerEntry>
        </property>
        <property name="rejectFarRangeShadowCast" type="Int32" container="StaticArray" arraySize="1">
          <containerEntry>2</containerEntry>
        </property>
        <property name="parentLocator" type="EntityLink" container="StaticArray" arraySize="1">
          <containerEntry packagePathHash="0xB8A0BF169F98" archivePathHash="0xB8A0BF169F98" nameInArchiveHash="0xB8A0BF169F98">0x0</containerEntry>
        </property>
        <property name="transforms" type="Matrix4" container="DynamicArray" arraySize="9">
          <containerEntry r11="0.9982252" r12="-0.0047469996" r13="-0.059362683" r14="0" r21="-0.025970431" r22="0.8623369" r23="-0.5056683" r24="0" r31="0.05359103" r32="0.5063125" r33="0.86068314" r34="0" r41="544.33984" r42="352.4439" r43="260.0125" r44="1"></containerEntry>
          <containerEntry r11="0.6152002" r12="-0.17707193" r13="-0.7682279" r14="0" r21="-0.07370895" r22="0.9572627" r23="-0.27966967" r24="0" r31="0.78491753" r32="0.22867808" r33="0.57585645" r34="0" r41="626.2608" r42="355.25" r43="334.756" r44="1"></containerEntry>
          <containerEntry r11="-0.42261672" r12="0" r13="0.90630794" r14="0" r21="0" r22="1" r23="0" r24="0" r31="-0.90630794" r32="0" r33="-0.42261672" r34="0" r41="518.2114" r42="368.76514" r43="296.5642" r44="1"></containerEntry>
          <containerEntry r11="-0.89503896" r12="-0.13253301" r13="-0.42584118" r14="0" r21="-0.051206104" r22="0.9790492" r23="-0.1970803" r24="0" r31="0.4430391" r32="-0.15458883" r33="-0.8830737" r34="0" r41="539.2879" r42="364.22034" r43="281.59604" r44="1"></containerEntry>
          <containerEntry r11="-0.42261672" r12="0" r13="0.90630794" r14="0" r21="0" r22="1" r23="0" r24="0" r31="-0.90630794" r32="0" r33="-0.42261672" r34="0" r41="589.5286" r42="352.14542" r43="306.95795" r44="1"></containerEntry>
          <containerEntry r11="-0.9865455" r12="-0.13355319" r13="0.09423702" r14="0" r21="-0.12423182" r22="0.9873329" r23="0.09869175" r24="0" r31="-0.10622395" r32="0.085657164" r33="-0.9906404" r34="0" r41="628.9462" r42="338.2737" r43="269.91968" r44="1"></containerEntry>
          <containerEntry r11="-0.98049986" r12="0" r13="0.19651292" r14="0" r21="0" r22="1" r23="0" r24="0" r31="-0.19651292" r32="0" r33="-0.98049986" r34="0" r41="576.37445" r42="364.2087" r43="329.63303" r44="1"></containerEntry>
          <containerEntry r11="-0.736562" r12="0" r13="-0.67636985" r14="0" r21="0" r22="1" r23="0" r24="0" r31="0.67636985" r32="0" r33="-0.736562" r34="0" r41="595.40186" r42="359.45587" r43="379.276" r44="1"></containerEntry>
          <containerEntry r11="-0.013191402" r12="-0.11523542" r13="-0.99325037" r14="0" r21="-0.001530379" r22="0.9933382" r23="-0.115225255" r24="0" r31="0.99991155" r32="3.7252903e-08" r33="-0.013279855" r34="0" r41="578.07355" r42="363.946" r43="338.55136" r44="1"></containerEntry>
        </property>
        <property name="colors" type="UInt32" container="DynamicArray" arraySize="9">
          <containerEntry>4294967295</containerEntry>
          <containerEntry>4294967295</containerEntry>
          <containerEntry>4294967295</containerEntry>
          <containerEntry>4294967295</containerEntry>
          <containerEntry>4294967295</containerEntry>
          <containerEntry>4294967295</containerEntry>
          <containerEntry>4294967295</containerEntry>
          <containerEntry>4294967295</containerEntry>
          <containerEntry>4294967295</containerEntry>
        </property>
      </staticProperties>
      <dynamicProperties></dynamicProperties>
    </entity>
    <entity class="StaticModelArray" classVersion="4" classID="0xD0" addr="0x33008D0" id="0x0">
      <staticProperties>
        <property name="name" type="String" container="StaticArray" arraySize="1">
          <containerEntry>StaticModelArray0008</containerEntry>
        </property>
        <property name="dataSet" type="EntityHandle" container="StaticArray" arraySize="1">
          <containerEntry>0x33039D0</containerEntry>
        </property>
        <property name="modelFile" type="FilePtr" container="StaticArray" arraySize="1">
          <containerEntry>/Assets/tpp/environ/object/afghanistan/cliff/afgh_clff022/scenes/afgh_clff022_vrtn003.fmdl</containerEntry>
        </property>
        <property name="geomFile" type="FilePtr" container="StaticArray" arraySize="1">
          <containerEntry>/Assets/tpp/environ/object/afghanistan/cliff/afgh_clff022/scenes/afgh_clff022_vrtn003.geom</containerEntry>
        </property>
        <property name="isVisibleGeom" type="Bool" container="StaticArray" arraySize="1">
          <containerEntry>false</containerEntry>
        </property>
        <property name="lodFarSize" type="Float" container="StaticArray" arraySize="1">
          <containerEntry>-1</containerEntry>
        </property>
        <property name="lodNearSize" type="Float" container="StaticArray" arraySize="1">
          <containerEntry>-1</containerEntry>
        </property>
        <property name="lodPolygonSize" type="Float" container="StaticArray" arraySize="1">
          <containerEntry>-1</containerEntry>
        </property>
        <property name="drawRejectionLevel" type="Int32" container="StaticArray" arraySize="1">
          <containerEntry>8</containerEntry>
        </property>
        <property name="drawMode" type="Int32" container="StaticArray" arraySize="1">
          <containerEntry>0</containerEntry>
        </property>
        <property name="rejectFarRangeShadowCast" type="Int32" container="StaticArray" arraySize="1">
          <containerEntry>2</containerEntry>
        </property>
        <property name="parentLocator" type="EntityLink" container="StaticArray" arraySize="1">
          <containerEntry packagePathHash="0xB8A0BF169F98" archivePathHash="0xB8A0BF169F98" nameInArchiveHash="0xB8A0BF169F98">0x0</containerEntry>
        </property>
        <property name="transforms" type="Matrix4" container="DynamicArray" arraySize="3">
          <containerEntry r11="0.043244727" r12="-0.029308436" r13="0.9986315" r14="0" r21="0.059230156" r22="0.9978866" r23="0.026721766" r24="0" r31="-0.9973042" r32="0.057993792" r33="0.04488927" r34="0" r41="547.7781" r42="383.33252" r43="380.2844" r44="1"></containerEntry>
          <containerEntry r11="-0.24661341" r12="0.057672545" r13="0.9673935" r14="0" r21="-0.036510617" r22="0.9969661" r23="-0.068743" r24="0" r31="-0.9684231" r32="-0.05227334" r33="-0.24375951" r34="0" r41="579.4492" r42="364.66562" r43="277.8578" r44="1"></containerEntry>
          <containerEntry r11="-0.5264245" r12="-0.04087585" r13="-0.8492324" r14="0" r21="0.0214561" r22="0.9978868" r23="-0.061331175" r24="0" r31="0.8499448" r32="-0.050507843" r33="-0.52443504" r34="0" r41="528.24414" r42="384.6889" r43="381.97714" r44="1"></containerEntry>
        </property>
        <property name="colors" type="UInt32" container="DynamicArray" arraySize="3">
          <containerEntry>4294967295</containerEntry>
          <containerEntry>4294967295</containerEntry>
          <containerEntry>4294967295</containerEntry>
        </property>
      </staticProperties>
      <dynamicProperties></dynamicProperties>
    </entity>
    <entity class="StaticModelArray" classVersion="4" classID="0xD0" addr="0x3301580" id="0x0">
      <staticProperties>
        <property name="name" type="String" container="StaticArray" arraySize="1">
          <containerEntry>StaticModelArray0009</containerEntry>
        </property>
        <property name="dataSet" type="EntityHandle" container="StaticArray" arraySize="1">
          <containerEntry>0x33039D0</containerEntry>
        </property>
        <property name="modelFile" type="FilePtr" container="StaticArray" arraySize="1">
          <containerEntry>/Assets/tpp/environ/object/afghanistan/tree/afgh_tree011/scenes/afgh_tree011_vrtn002.fmdl</containerEntry>
        </property>
        <property name="geomFile" type="FilePtr" container="StaticArray" arraySize="1">
          <containerEntry>/Assets/tpp/environ/object/afghanistan/tree/afgh_tree011/scenes/afgh_tree011_vrtn002.geom</containerEntry>
        </property>
        <property name="isVisibleGeom" type="Bool" container="StaticArray" arraySize="1">
          <containerEntry>false</containerEntry>
        </property>
        <property name="lodFarSize" type="Float" container="StaticArray" arraySize="1">
          <containerEntry>-1</containerEntry>
        </property>
        <property name="lodNearSize" type="Float" container="StaticArray" arraySize="1">
          <containerEntry>-1</containerEntry>
        </property>
        <property name="lodPolygonSize" type="Float" container="StaticArray" arraySize="1">
          <containerEntry>-1</containerEntry>
        </property>
        <property name="drawRejectionLevel" type="Int32" container="StaticArray" arraySize="1">
          <containerEntry>8</containerEntry>
        </property>
        <property name="drawMode" type="Int32" container="StaticArray" arraySize="1">
          <containerEntry>0</containerEntry>
        </property>
        <property name="rejectFarRangeShadowCast" type="Int32" container="StaticArray" arraySize="1">
