<fox formatVersion="2" fileVersion="0">
  <entities>
    <entity class="DataSet" classVersion="0" classID="0xE8" addr="0x2EE47D0" id="0xB93B4">
      <staticProperties>
        <property name="name" type="String" container="StaticArray" arraySize="1">
          <containerEntry hash="0xB8A0BF169F98"></containerEntry>
        </property>
        <property name="dataSet" type="EntityHandle" container="StaticArray" arraySize="1">
          <containerEntry>0x0</containerEntry>
        </property>
        <property name="dataList" type="EntityPtr" container="StringMap" arraySize="20">
          <containerEntry key="afgh_clff022_vrtn003_0008">
            <data>0x2EE4990</data>
          </containerEntry>
          <containerEntry key="afgh_clff013_0001">
            <data>0x2EE5E20</data>
          </containerEntry>
          <containerEntry key="ObjectBrushPluginStaticModel0000">
            <data>0x2D7AF10</data>
          </containerEntry>
          <containerEntry key="afgh_rbbl006_0006">
            <data>0x2EE9D90</data>
          </containerEntry>
          <containerEntry key="afgh_brbw001_vrtn004_gim_i0000|TppSharedGimmick_afgh_brbw001_vrtn004">
            <data>0x2EEB610</data>
          </containerEntry>
          <containerEntry key="StaticModelArray0000">
            <data>0x2D7D520</data>
          </containerEntry>
          <containerEntry key="StaticModelArray0001">
            <data>0x2D7D280</data>
          </containerEntry>
          <containerEntry key="StaticModelArray0002">
            <data>0x2D7D360</data>
          </containerEntry>
          <containerEntry key="StaticModelArray0003">
            <data>0x2EE4140</data>
          </containerEntry>
          <containerEntry key="StaticModelArray0004">
            <data>0x2D7DDE0</data>
          </containerEntry>
          <containerEntry key="StaticModelArray0005">
            <data>0x2D7DD00</data>
          </containerEntry>
          <containerEntry key="StaticModelArray0006">
            <data>0x2D78C10</data>
          </containerEntry>
          <containerEntry key="StaticModelArray0007">
            <data>0x2D7D0C0</data>
          </containerEntry>
          <containerEntry key="StaticModelArray0008">
            <data>0x2D7D1A0</data>
          </containerEntry>
          <containerEntry key="StaticModelArray0009">
            <data>0x2D7D210</data>
          </containerEntry>
          <containerEntry key="StaticModelArray0010">
            <data>0x2D7D2F0</data>
          </containerEntry>
          <containerEntry key="StaticModelArray0011">
            <data>0x2D7D3D0</data>
          </containerEntry>
          <containerEntry key="GeoxPathPack0000">
            <data>0x2D7DB40</data>
          </containerEntry>
          <containerEntry key="DecalArray0000">
            <data>0x2D7D4B0</data>
          </containerEntry>
          <containerEntry key="TexturePackLoadConditioner0000">
            <data>0x2D7E1D0</data>
          </containerEntry>
        </property>
      </staticProperties>
      <dynamicProperties></dynamicProperties>
    </entity>
    <entity class="StaticModel" classVersion="9" classID="0x160" addr="0x2EE4990" id="0xB93C6">
      <staticProperties>
        <property name="name" type="String" container="StaticArray" arraySize="1">
          <containerEntry>afgh_clff022_vrtn003_0008</containerEntry>
        </property>
        <property name="dataSet" type="EntityHandle" container="StaticArray" arraySize="1">
          <containerEntry>0x2EE47D0</containerEntry>
        </property>
        <property name="parent" type="EntityHandle" container="StaticArray" arraySize="1">
          <containerEntry>0x0</containerEntry>
        </property>
        <property name="transform" type="EntityPtr" container="StaticArray" arraySize="1">
          <containerEntry>0x2EE4A00</containerEntry>
        </property>
        <property name="shearTransform" type="EntityPtr" container="StaticArray" arraySize="1">
          <containerEntry>0x0</containerEntry>
        </property>
        <property name="pivotTransform" type="EntityPtr" container="StaticArray" arraySize="1">
          <containerEntry>0x0</containerEntry>
        </property>
        <property name="children" type="EntityHandle" container="List"></property>
        <property name="flags" type="UInt32" container="StaticArray" arraySize="1">
          <containerEntry>3221225479</containerEntry>
        </property>
        <property name="modelFile" type="FilePtr" container="StaticArray" arraySize="1">
          <containerEntry>/Assets/tpp/environ/object/afghanistan/cliff/afgh_clff022/scenes/afgh_clff022_vrtn003.fmdl</containerEntry>
        </property>
        <property name="geomFile" type="FilePtr" container="StaticArray" arraySize="1">
          <containerEntry>/Assets/tpp/environ/object/afghanistan/cliff/afgh_clff022/scenes/afgh_clff022_vrtn003.geom</containerEntry>
        </property>
        <property name="isVisibleGeom" type="Bool" container="StaticArray" arraySize="1">
          <containerEntry>false</containerEntry>
        </property>
        <property name="isIsolated" type="Bool" container="StaticArray" arraySize="1">
          <containerEntry>false</containerEntry>
        </property>
        <property name="lodFarSize" type="Float" container="StaticArray" arraySize="1">
          <containerEntry>-1</containerEntry>
        </property>
        <property name="lodNearSize" type="Float" container="StaticArray" arraySize="1">
          <containerEntry>-1</containerEntry>
        </property>
        <property name="lodPolygonSize" type="Float" container="StaticArray" arraySize="1">
          <containerEntry>-1</containerEntry>
        </property>
        <property name="color" type="Color" container="StaticArray" arraySize="1">
          <containerEntry r="1" g="1" b="1" a="1"></containerEntry>
        </property>
        <property name="drawRejectionLevel" type="Int32" container="StaticArray" arraySize="1">
          <containerEntry>8</containerEntry>
        </property>
        <property name="drawMode" type="Int32" container="StaticArray" arraySize="1">
          <containerEntry>0</containerEntry>
        </property>
        <property name="rejectFarRangeShadowCast" type="Int32" container="StaticArray" arraySize="1">
          <containerEntry>2</containerEntry>
        </property>
      </staticProperties>
      <dynamicProperties></dynamicProperties>
    </entity>
    <entity class="TransformEntity" classVersion="0" classID="0x50" addr="0x2EE4A00" id="0xB93C9">
      <staticProperties>
        <property name="owner" type="EntityHandle" container="StaticArray" arraySize="1">
          <containerEntry>0x2EE4990</containerEntry>
        </property>
        <property name="transform_scale" type="Vector3" container="StaticArray" arraySize="1">
          <containerEntry x="1" y="1" z="1" w="0"></containerEntry>
        </property>
        <property name="transform_rotation_quat" type="Quat" container="StaticArray" arraySize="1">
          <containerEntry x="0.027181" y="0.488844" z="-0.002817" w="0.871943"></containerEntry>
        </property>
        <property name="transform_translation" type="Vector3" container="StaticArray" arraySize="1">
          <containerEntry x="-735.585" y="433.0124" z="-889.2772" w="0"></containerEntry>
        </property>
      </staticProperties>
      <dynamicProperties></dynamicProperties>
    </entity>
    <entity class="StaticModel" classVersion="9" classID="0x160" addr="0x2EE5E20" id="0xB93E8">
      <staticProperties>
        <property name="name" type="String" container="StaticArray" arraySize="1">
          <containerEntry>afgh_clff013_0001</containerEntry>
        </property>
        <property name="dataSet" type="EntityHandle" container="StaticArray" arraySize="1">
          <containerEntry>0x2EE47D0</containerEntry>
        </property>
        <property name="parent" type="EntityHandle" container="StaticArray" arraySize="1">
          <containerEntry>0x0</containerEntry>
        </property>
        <property name="transform" type="EntityPtr" container="StaticArray" arraySize="1">
          <containerEntry>0x2EE5DB0</containerEntry>
        </property>
        <property name="shearTransform" type="EntityPtr" container="StaticArray" arraySize="1">
          <containerEntry>0x0</containerEntry>
        </property>
        <property name="pivotTransform" type="EntityPtr" container="StaticArray" arraySize="1">
          <containerEntry>0x0</containerEntry>
        </property>
        <property name="children" type="EntityHandle" container="List"></property>
        <property name="flags" type="UInt32" container="StaticArray" arraySize="1">
          <containerEntry>3221225479</containerEntry>
        </property>
        <property name="modelFile" type="FilePtr" container="StaticArray" arraySize="1">
          <containerEntry>/Assets/tpp/environ/object/afghanistan/cliff/afgh_clff013/scenes/afgh_clff013.fmdl</containerEntry>
        </property>
        <property name="geomFile" type="FilePtr" container="StaticArray" arraySize="1">
          <containerEntry>/Assets/tpp/environ/object/afghanistan/cliff/afgh_clff013/scenes/afgh_clff013.geom</containerEntry>
        </property>
        <property name="isVisibleGeom" type="Bool" container="StaticArray" arraySize="1">
          <containerEntry>false</containerEntry>
        </property>
        <property name="isIsolated" type="Bool" container="StaticArray" arraySize="1">
          <containerEntry>false</containerEntry>
        </property>
        <property name="lodFarSize" type="Float" container="StaticArray" arraySize="1">
          <containerEntry>-1</containerEntry>
        </property>
        <property name="lodNearSize" type="Float" container="StaticArray" arraySize="1">
          <containerEntry>-1</containerEntry>
        </property>
        <property name="lodPolygonSize" type="Float" container="StaticArray" arraySize="1">
          <containerEntry>-1</containerEntry>
        </property>
        <property name="color" type="Color" container="StaticArray" arraySize="1">
          <containerEntry r="1" g="1" b="1" a="1"></containerEntry>
        </property>
        <property name="drawRejectionLevel" type="Int32" container="StaticArray" arraySize="1">
          <containerEntry>8</containerEntry>
        </property>
        <property name="drawMode" type="Int32" container="StaticArray" arraySize="1">
          <containerEntry>0</containerEntry>
        </property>
        <property name="rejectFarRangeShadowCast" type="Int32" container="StaticArray" arraySize="1">
          <containerEntry>2</containerEntry>
        </property>
      </staticProperties>
      <dynamicProperties></dynamicProperties>
    </entity>
    <entity class="TransformEntity" classVersion="0" classID="0x50" addr="0x2EE5DB0" id="0xB93EB">
      <staticProperties>
        <property name="owner" type="EntityHandle" container="StaticArray" arraySize="1">
          <containerEntry>0x2EE5E20</containerEntry>
        </property>
        <property name="transform_scale" type="Vector3" container="StaticArray" arraySize="1">
          <containerEntry x="1" y="1" z="1" w="0"></containerEntry>
        </property>
        <property name="transform_rotation_quat" type="Quat" container="StaticArray" arraySize="1">
          <containerEntry x="-0.023742" y="-0.544984" z="0.036477" w="0.837316"></containerEntry>
        </property>
        <property name="transform_translation" type="Vector3" container="StaticArray" arraySize="1">
          <containerEntry x="-645.996" y="421.6939" z="-851.2385" w="0"></containerEntry>
        </property>
      </staticProperties>
      <dynamicProperties></dynamicProperties>
    </entity>
    <entity class="ObjectBrushPluginStaticModel" classVersion="3" classID="0x98" addr="0x2D7AF10" id="0xB95B4">
      <staticProperties>
        <property name="name" type="String" container="StaticArray" arraySize="1">
          <containerEntry>ObjectBrushPluginStaticModel0000</containerEntry>
        </property>
        <property name="dataSet" type="EntityHandle" container="StaticArray" arraySize="1">
          <containerEntry>0x2EE47D0</containerEntry>
        </property>
        <property name="parentDataName" type="String" container="StaticArray" arraySize="1">
          <containerEntry hash="0xB8A0BF169F98"></containerEntry>
        </property>
        <property name="visibility" type="Bool" container="StaticArray" arraySize="1">
          <containerEntry>true</containerEntry>
        </property>
        <property name="modelFile" type="FilePtr" container="StaticArray" arraySize="1">
          <containerEntry hash="0xB8A0BF169F98"></containerEntry>
        </property>
        <property name="geomFile" type="FilePtr" container="StaticArray" arraySize="1">
          <containerEntry hash="0xB8A0BF169F98"></containerEntry>
        </property>
        <property name="minSize" type="Float" container="StaticArray" arraySize="1">
          <containerEntry>1</containerEntry>
        </property>
        <property name="maxSize" type="Float" container="StaticArray" arraySize="1">
          <containerEntry>1</containerEntry>
        </property>
        <property name="lodFarSize" type="Float" container="StaticArray" arraySize="1">
          <containerEntry>50</containerEntry>
        </property>
        <property name="lodNearSize" type="Float" container="StaticArray" arraySize="1">
          <containerEntry>400</containerEntry>
        </property>
        <property name="drawRejectionLevel" type="Int32" container="StaticArray" arraySize="1">
          <containerEntry>5</containerEntry>
        </property>
        <property name="isGeomActivity" type="Bool" container="StaticArray" arraySize="1">
          <containerEntry>true</containerEntry>
        </property>
      </staticProperties>
      <dynamicProperties></dynamicProperties>
    </entity>
    <entity class="StaticModel" classVersion="9" classID="0x160" addr="0x2EE9D90" id="0xB98B6">
      <staticProperties>
        <property name="name" type="String" container="StaticArray" arraySize="1">
          <containerEntry>afgh_rbbl006_0006</containerEntry>
        </property>
        <property name="dataSet" type="EntityHandle" container="StaticArray" arraySize="1">
          <containerEntry>0x2EE47D0</containerEntry>
        </property>
        <property name="parent" type="EntityHandle" container="StaticArray" arraySize="1">
          <containerEntry>0x0</containerEntry>
        </property>
        <property name="transform" type="EntityPtr" container="StaticArray" arraySize="1">
          <containerEntry>0x2EE9E00</containerEntry>
        </property>
        <property name="shearTransform" type="EntityPtr" container="StaticArray" arraySize="1">
          <containerEntry>0x0</containerEntry>
        </property>
        <property name="pivotTransform" type="EntityPtr" container="StaticArray" arraySize="1">
          <containerEntry>0x0</containerEntry>
        </property>
        <property name="children" type="EntityHandle" container="List"></property>
        <property name="flags" type="UInt32" container="StaticArray" arraySize="1">
          <containerEntry>7</containerEntry>
        </property>
        <property name="modelFile" type="FilePtr" container="StaticArray" arraySize="1">
          <containerEntry>/Assets/tpp/environ/object/afghanistan/rubble/afgh_rbbl006/scenes/afgh_rbbl006.fmdl</containerEntry>
        </property>
        <property name="geomFile" type="FilePtr" container="StaticArray" arraySize="1">
          <containerEntry>/Assets/tpp/environ/object/afghanistan/rubble/afgh_rbbl006/scenes/afgh_rbbl006.geom</containerEntry>
        </property>
        <property name="isVisibleGeom" type="Bool" container="StaticArray" arraySize="1">
          <containerEntry>false</containerEntry>
        </property>
        <property name="isIsolated" type="Bool" container="StaticArray" arraySize="1">
          <containerEntry>false</containerEntry>
        </property>
        <property name="lodFarSize" type="Float" container="StaticArray" arraySize="1">
          <containerEntry>-1</containerEntry>
        </property>
        <property name="lodNearSize" type="Float" container="StaticArray" arraySize="1">
          <containerEntry>-1</containerEntry>
        </property>
        <property name="lodPolygonSize" type="Float" container="StaticArray" arraySize="1">
          <containerEntry>-1</containerEntry>
        </property>
        <property name="color" type="Color" container="StaticArray" arraySize="1">
          <containerEntry r="1" g="1" b="1" a="1"></containerEntry>
        </property>
        <property name="drawRejectionLevel" type="Int32" container="StaticArray" arraySize="1">
          <containerEntry>8</containerEntry>
        </property>
        <property name="drawMode" type="Int32" container="StaticArray" arraySize="1">
          <containerEntry>0</containerEntry>
        </property>
        <property name="rejectFarRangeShadowCast" type="Int32" container="StaticArray" arraySize="1">
          <containerEntry>2</containerEntry>
        </property>
      </staticProperties>
      <dynamicProperties></dynamicProperties>
    </entity>
    <entity class="TransformEntity" classVersion="0" classID="0x50" addr="0x2EE9E00" id="0xB98B9">
      <staticProperties>
        <property name="owner" type="EntityHandle" container="StaticArray" arraySize="1">
          <containerEntry>0x2EE9D90</containerEntry>
        </property>
        <property name="transform_scale" type="Vector3" container="StaticArray" arraySize="1">
          <containerEntry x="1" y="1" z="1" w="0"></containerEntry>
        </property>
        <property name="transform_rotation_quat" type="Quat" container="StaticArray" arraySize="1">
          <containerEntry x="0.030135" y="0.793328" z="0.072769" w="0.603677"></containerEntry>
        </property>
        <property name="transform_translation" type="Vector3" container="StaticArray" arraySize="1">
          <containerEntry x="-765.6144" y="415.51523" z="-851.56573" w="0"></containerEntry>
        </property>
      </staticProperties>
      <dynamicProperties></dynamicProperties>
    </entity>
    <entity class="TppSharedGimmickData" classVersion="1" classID="0xF0" addr="0x2EEB610" id="0xB62">
      <staticProperties>
        <property name="name" type="String" container="StaticArray" arraySize="1">
          <containerEntry>afgh_brbw001_vrtn004_gim_i0000|TppSharedGimmick_afgh_brbw001_vrtn004</containerEntry>
        </property>
        <property name="dataSet" type="EntityHandle" container="StaticArray" arraySize="1">
          <containerEntry>0x2EE47D0</containerEntry>
        </property>
        <property name="modelFile" type="FilePtr" container="StaticArray" arraySize="1">
          <containerEntry>/Assets/tpp/environ/object/afghanistan/barbwire/afgh_brbw001/scenes/afgh_brbw001_vrtn004.fmdl</containerEntry>
        </property>
        <property name="geomFile" type="FilePtr" container="StaticArray" arraySize="1">
          <containerEntry>/Assets/tpp/environ/object/afghanistan/barbwire/afgh_brbw001/scenes/afgh_brbw001_vrtn004.geom</containerEntry>
        </property>
        <property name="breakedModelFile" type="FilePtr" container="StaticArray" arraySize="1">
          <containerEntry hash="0xB8A0BF169F98"></containerEntry>
        </property>
        <property name="breakedGeomFile" type="FilePtr" container="StaticArray" arraySize="1">
          <containerEntry hash="0xB8A0BF169F98"></containerEntry>
        </property>
        <property name="partsFile" type="FilePtr" container="StaticArray" arraySize="1">
          <containerEntry>/Assets/tpp/parts/environ/object/afghanistan/barbwire/afgh_brbw001/afgh_brbw001_vrtn004.parts</containerEntry>
        </property>
        <property name="numDynamicGimmick" type="UInt32" container="StaticArray" arraySize="1">
          <containerEntry>2</containerEntry>
        </property>
        <property name="locaterFile" type="FilePtr" container="StaticArray" arraySize="1">
          <containerEntry>/Assets/tpp/level/location/afgh/block_small/127/127_126/lba/afgh_brbw001_vrtn004.lba</containerEntry>
        </property>
        <property name="flags1" type="UInt32" container="StaticArray" arraySize="1">
          <containerEntry>16781568</containerEntry>
        </property>
        <property name="flags2" type="UInt32" container="StaticArray" arraySize="1">
          <containerEntry>0</containerEntry>
        </property>
      </staticProperties>
      <dynamicProperties></dynamicProperties>
    </entity>
    <entity class="StaticModelArray" classVersion="4" classID="0xD0" addr="0x2D7D520" id="0x0">
      <staticProperties>
        <property name="name" type="String" container="StaticArray" arraySize="1">
          <containerEntry>StaticModelArray0000</containerEntry>
        </property>
        <property name="dataSet" type="EntityHandle" container="StaticArray" arraySize="1">
          <containerEntry>0x2EE47D0</containerEntry>
        </property>
        <property name="modelFile" type="FilePtr" container="StaticArray" arraySize="1">
          <containerEntry>/Assets/tpp/environ/object/afghanistan/cliff/afgh_clff022/scenes/afgh_clff022_vrtn004.fmdl</containerEntry>
        </property>
        <property name="geomFile" type="FilePtr" container="StaticArray" arraySize="1">
          <containerEntry>/Assets/tpp/environ/object/afghanistan/cliff/afgh_clff022/scenes/afgh_clff022_vrtn004.geom</containerEntry>
        </property>
        <property name="isVisibleGeom" type="Bool" container="StaticArray" arraySize="1">
          <containerEntry>false</containerEntry>
        </property>
        <property name="lodFarSize" type="Float" container="StaticArray" arraySize="1">
          <containerEntry>-1</containerEntry>
        </property>
        <property name="lodNearSize" type="Float" container="StaticArray" arraySize="1">
          <containerEntry>-1</containerEntry>
        </property>
        <property name="lodPolygonSize" type="Float" container="StaticArray" arraySize="1">
          <containerEntry>-1</containerEntry>
        </property>
        <property name="drawRejectionLevel" type="Int32" container="StaticArray" arraySize="1">
          <containerEntry>8</containerEntry>
        </property>
        <property name="drawMode" type="Int32" container="StaticArray" arraySize="1">
          <containerEntry>0</containerEntry>
        </property>
        <property name="rejectFarRangeShadowCast" type="Int32" container="StaticArray" arraySize="1">
          <containerEntry>2</containerEntry>
        </property>
        <property name="parentLocator" type="EntityLink" container="StaticArray" arraySize="1">
          <containerEntry packagePathHash="0xB8A0BF169F98" archivePathHash="0xB8A0BF169F98" nameInArchiveHash="0xB8A0BF169F98">0x0</containerEntry>
        </property>
        <property name="transforms" type="Matrix4" container="DynamicArray" arraySize="2">
          <containerEntry r11="-0.7301108" r12="-0.040928878" r13="0.68210816" r14="0" r21="0.009945012" r22="0.99746245" r23="0.07049615" r24="0" r31="-0.6832626" r32="0.058253482" r33="-0.7278511" r34="0" r41="-653.1791" r42="432.32108" r43="-779.0165" r44="1"></containerEntry>
          <containerEntry r11="0.8636066" r12="0" r13="-0.504166" r14="0" r21="0" r22="1" r23="0" r24="0" r31="0.504166" r32="0" r33="0.8636066" r34="0" r41="-761.8467" r42="436.9655" r43="-887.0515" r44="1"></containerEntry>
        </property>
        <property name="colors" type="UInt32" container="DynamicArray" arraySize="2">
          <containerEntry>4294967295</containerEntry>
          <containerEntry>4294967295</containerEntry>
        </property>
      </staticProperties>
      <dynamicProperties></dynamicProperties>
    </entity>
    <entity class="StaticModelArray" classVersion="4" classID="0xD0" addr="0x2D7D280" id="0x0">
      <staticProperties>
        <property name="name" type="String" container="StaticArray" arraySize="1">
          <containerEntry>StaticModelArray0001</containerEntry>
        </property>
        <property name="dataSet" type="EntityHandle" container="StaticArray" arraySize="1">
          <containerEntry>0x2EE47D0</containerEntry>
        </property>
        <property name="modelFile" type="FilePtr" container="StaticArray" arraySize="1">
          <containerEntry>/Assets/tpp/environ/object/afghanistan/cliff/afgh_clff030/scenes/afgh_clff030_vrtn011.fmdl</containerEntry>
        </property>
        <property name="geomFile" type="FilePtr" container="StaticArray" arraySize="1">
          <containerEntry>/Assets/tpp/environ/object/afghanistan/cliff/afgh_clff030/scenes/afgh_clff030_vrtn011.geom</containerEntry>
        </property>
        <property name="isVisibleGeom" type="Bool" container="StaticArray" arraySize="1">
          <containerEntry>false</containerEntry>
        </property>
        <property name="lodFarSize" type="Float" container="StaticArray" arraySize="1">
          <containerEntry>-1</containerEntry>
        </property>
        <property name="lodNearSize" type="Float" container="StaticArray" arraySize="1">
          <containerEntry>-1</containerEntry>
        </property>
        <property name="lodPolygonSize" type="Float" container="StaticArray" arraySize="1">
          <containerEntry>-1</containerEntry>
        </property>
        <property name="drawRejectionLevel" type="Int32" container="StaticArray" arraySize="1">
          <containerEntry>8</containerEntry>
        </property>
        <property name="drawMode" type="Int32" container="StaticArray" arraySize="1">
          <containerEntry>0</containerEntry>
        </property>
        <property name="rejectFarRangeShadowCast" type="Int32" container="StaticArray" arraySize="1">
          <containerEntry>2</containerEntry>
        </property>
        <property name="parentLocator" type="EntityLink" container="StaticArray" arraySize="1">
          <containerEntry packagePathHash="0xB8A0BF169F98" archivePathHash="0xB8A0BF169F98" nameInArchiveHash="0xB8A0BF169F98">0x0</containerEntry>
        </property>
        <property name="transforms" type="Matrix4" container="DynamicArray" arraySize="7">
          <containerEntry r11="-0.8538522" r12="-0.13205361" r13="0.5034827" r14="0" r21="-0.12135634" r22="0.99113107" r23="0.05414649" r24="0" r31="-0.50616753" r32="-0.014867678" r33="-0.862305" r34="0" r41="-726.07104" r42="418.76282" r43="-869.3771" r44="1"></containerEntry>
          <containerEntry r11="-0.5307561" r12="0.080263175" r13="-0.84371185" r14="0" r21="-0.12710872" r22="0.97670734" r23="0.17287594" r24="0" r31="0.8379351" r32="0.19899884" r33="-0.5081911" r34="0" r41="-663.4181" r42="421.17892" r43="-868.0515" r44="1"></containerEntry>
          <containerEntry r11="0.8297236" r12="0.13175684" r13="0.5424006" r14="0" r21="-0.08583902" r22="0.9903012" r23="-0.109248124" r24="0" r31="-0.5515342" r32="0.04408654" r33="0.83298624" r34="0" r41="-717.68866" r42="419.628" r43="-841.418" r44="1"></containerEntry>
          <containerEntry r11="0.7503522" r12="0.2009108" r13="0.6297661" r14="0" r21="-0.05754611" r22="0.96893007" r23="-0.24054703" r24="0" r31="-0.65852785" r32="0.14425421" r33="0.7386005" r34="0" r41="-716.7611" r42="421.0076" r43="-832.9683" r44="1"></containerEntry>
          <containerEntry r11="0.83795464" r12="-0.0005540252" r13="-0.54573894" r14="0" r21="-0.15445425" r22="0.95887333" r23="-0.23812945" r24="0" r31="0.5234264" r32="0.28383347" r33="0.8034068" r34="0" r41="-728.31555" r42="420.74316" r43="-827.2841" r44="1"></containerEntry>
          <containerEntry r11="-0.2068227" r12="0.079787925" r13="0.9751178" r14="0" r21="0.2556963" r22="0.9664378" r23="-0.024843939" r24="0" r31="-0.9443729" r32="0.24419603" r33="-0.22028273" r34="0" r41="-697.8641" r42="421.70142" r43="-811.96045" r44="1"></containerEntry>
          <containerEntry r11="0.65448034" r12="0.10001941" r13="0.7494333" r14="0" r21="-0.16445924" r22="0.986311" r23="0.011989031" r24="0" r31="-0.7379751" r32="-0.13109806" r33="0.6619703" r34="0" r41="-760.73975" r42="413.76193" r43="-824.1567" r44="1"></containerEntry>
        </property>
        <property name="colors" type="UInt32" container="DynamicArray" arraySize="7">
          <containerEntry>4294967295</containerEntry>
          <containerEntry>4294967295</containerEntry>
          <containerEntry>4294967295</containerEntry>
          <containerEntry>4294967295</containerEntry>
          <containerEntry>4294967295</containerEntry>
          <containerEntry>4294967295</containerEntry>
          <containerEntry>4294967295</containerEntry>
        </property>
      </staticProperties>
      <dynamicProperties></dynamicProperties>
    </entity>
    <entity class="StaticModelArray" classVersion="4" classID="0xD0" addr="0x2D7D360" id="0x0">
      <staticProperties>
        <property name="name" type="String" container="StaticArray" arraySize="1">
          <containerEntry>StaticModelArray0002</containerEntry>
        </property>
        <property name="dataSet" type="EntityHandle" container="StaticArray" arraySize="1">
          <containerEntry>0x2EE47D0</containerEntry>
        </property>
        <property name="modelFile" type="FilePtr" container="StaticArray" arraySize="1">
          <containerEntry>/Assets/tpp/environ/object/afghanistan/rock/afgh_rock006/scenes/afgh_rock006.fmdl</containerEntry>
        </property>
        <property name="geomFile" type="FilePtr" container="StaticArray" arraySize="1">
          <containerEntry>/Assets/tpp/environ/object/afghanistan/rock/afgh_rock006/scenes/afgh_rock006.geom</containerEntry>
        </property>
        <property name="isVisibleGeom" type="Bool" container="StaticArray" arraySize="1">
          <containerEntry>false</containerEntry>
        </property>
        <property name="lodFarSize" type="Float" container="StaticArray" arraySize="1">
          <containerEntry>-1</containerEntry>
        </property>
        <property name="lodNearSize" type="Float" container="StaticArray" arraySize="1">
          <containerEntry>-1</containerEntry>
        </property>
        <property name="lodPolygonSize" type="Float" container="StaticArray" arraySize="1">
          <containerEntry>-1</containerEntry>
        </property>
        <property name="drawRejectionLevel" type="Int32" container="StaticArray" arraySize="1">
          <containerEntry>8</containerEntry>
        </property>
        <property name="drawMode" type="Int32" container="StaticArray" arraySize="1">
          <containerEntry>0</containerEntry>
        </property>
        <property name="rejectFarRangeShadowCast" type="Int32" container="StaticArray" arraySize="1">
          <containerEntry>2</containerEntry>
        </property>
        <property name="parentLocator" type="EntityLink" container="StaticArray" arraySize="1">
          <containerEntry packagePathHash="0xB8A0BF169F98" archivePathHash="0xB8A0BF169F98" nameInArchiveHash="0xB8A0BF169F98">0x0</containerEntry>
        </property>
        <property name="transforms" type="Matrix4" container="DynamicArray" arraySize="6">
          <containerEntry r11="0.8632424" r12="0.06513612" r13="0.5005697" r14="0" r21="-0.3417346" r22="0.80525357" r23="0.48454568" r24="0" r31="-0.3715242" r32="-0.5893423" r33="0.7173882" r34="0" r41="-702.01044" r42="420.02768" r43="-859.41675" r44="1"></containerEntry>
          <containerEntry r11="0.98622364" r12="-0.09605058" r13="-0.13467443" r14="0" r21="0.054184668" r22="0.95681316" r23="-0.28560898" r24="0" r31="0.15629119" r32="0.27437702" r33="0.9488362" r34="0" r41="-713.05756" r42="420.56772" r43="-838.8271" r44="1"></containerEntry>
          <containerEntry r11="0.98622364" r12="-0.09605058" r13="-0.13467443" r14="0" r21="0.054184668" r22="0.95681316" r23="-0.28560898" r24="0" r31="0.15629119" r32="0.27437702" r33="0.9488362" r34="0" r41="-754.9099" r42="409.53647" r43="-781.6408" r44="1"></containerEntry>
          <containerEntry r11="1" r12="0" r13="0" r14="0" r21="0" r22="1" r23="0" r24="0" r31="0" r32="0" r33="1" r34="0" r41="-717.4218" r42="419.9223" r43="-889.8058" r44="1"></containerEntry>
          <containerEntry r11="0.99991244" r12="0.013230162" r13="-0.00030647297" r14="0" r21="-0.013230162" r22="0.99883986" r23="-0.046302572" r24="0" r31="-0.00030647297" r32="0.046302572" r33="0.9989274" r34="0" r41="-662.1681" r42="420.76617" r43="-812.7153" r44="1"></containerEntry>
          <containerEntry r11="-0.9737107" r12="-0.05712176" r13="0.22050276" r14="0" r21="-0.0035128035" r22="0.97169614" r23="0.2362079" r24="0" r31="-0.2277543" r32="0.22922394" r33="-0.9463516" r34="0" r41="-641.08936" r42="423.2404" r43="-801.4425" r44="1"></containerEntry>
        </property>
        <property name="colors" type="UInt32" container="DynamicArray" arraySize="6">
          <containerEntry>4294967295</containerEntry>
          <containerEntry>4294967295</containerEntry>
          <containerEntry>4294967295</containerEntry>
          <containerEntry>4294967295</containerEntry>
          <containerEntry>4294967295</containerEntry>
          <containerEntry>4294967295</containerEntry>
        </property>
      </staticProperties>
      <dynamicProperties></dynamicProperties>
    </entity>
    <entity class="StaticModelArray" classVersion="4" classID="0xD0" addr="0x2EE4140" id="0x0">
      <staticProperties>
        <property name="name" type="String" container="StaticArray" arraySize="1">
          <containerEntry>StaticModelArray0003</containerEntry>
        </property>
        <property name="dataSet" type="EntityHandle" container="StaticArray" arraySize="1">
          <containerEntry>0x2EE47D0</containerEntry>
        </property>
        <property name="modelFile" type="FilePtr" container="StaticArray" arraySize="1">
          <containerEntry>/Assets/tpp/environ/object/afghanistan/masonry/afgh_msnr001/scenes/afgh_msnr001.fmdl</containerEntry>
        </property>
        <property name="geomFile" type="FilePtr" container="StaticArray" arraySize="1">
          <containerEntry>/Assets/tpp/environ/object/afghanistan/masonry/afgh_msnr001/scenes/afgh_msnr001.geom</containerEntry>
        </property>
        <property name="isVisibleGeom" type="Bool" container="StaticArray" arraySize="1">
          <containerEntry>false</containerEntry>
        </property>
        <property name="lodFarSize" type="Float" container="StaticArray" arraySize="1">
          <containerEntry>-1</containerEntry>
        </property>
        <property name="lodNearSize" type="Float" container="StaticArray" arraySize="1">
          <containerEntry>-1</containerEntry>
        </property>
        <property name="lodPolygonSize" type="Float" container="StaticArray" arraySize="1">
          <containerEntry>-1</containerEntry>
        </property>
        <property name="drawRejectionLevel" type="Int32" container="StaticArray" arraySize="1">
          <containerEntry>8</containerEntry>
        </property>
        <property name="drawMode" type="Int32" container="StaticArray" arraySize="1">
          <containerEntry>0</containerEntry>
        </property>
        <property name="rejectFarRangeShadowCast" type="Int32" container="StaticArray" arraySize="1">
          <containerEntry>2</containerEntry>
        </property>
        <property name="parentLocator" type="EntityLink" container="StaticArray" arraySize="1">
          <containerEntry packagePathHash="0xB8A0BF169F98" archivePathHash="0xB8A0BF169F98" nameInArchiveHash="0xB8A0BF169F98">0x0</containerEntry>
        </property>
        <property name="transforms" type="Matrix4" container="DynamicArray" arraySize="31">
          <containerEntry r11="-0.0917978" r12="-0.0015259683" r13="-0.9957765" r14="0" r21="0.34987402" r22="0.9361908" r23="-0.033688545" r24="0" r31="0.9322882" r32="-0.3514889" r33="-0.08540636" r34="0" r41="-642.177" r42="426.62476" r43="-868.29395" r44="1"></containerEntry>
          <containerEntry r11="0.08975759" r12="0.005337253" r13="0.99594784" r14="0" r21="0.39259392" r22="0.9188282" r23="-0.04030499" r24="0" r31="-0.9153199" r32="0.39462134" r33="0.080376565" r34="0" r41="-641.549" r42="427.47794" r43="-868.1972" r44="1"></containerEntry>
          <containerEntry r11="-0.008462101" r12="0.04743114" r13="0.99883676" r14="0" r21="0.96733284" r22="0.25347534" r23="-0.0038395524" r24="0" r31="-0.2533612" r32="0.96617687" r33="-0.04802537" r34="0" r41="-640.2092" r42="428.818" r43="-867.40204" r44="1"></containerEntry>
          <containerEntry r11="-0.052567557" r12="0.1019481" r13="-0.9933988" r14="0" r21="0.35787576" r22="0.93062466" r23="0.076567724" r24="0" r31="0.9322872" r32="-0.35148865" r33="-0.08540535" r34="0" r41="-640.3075" r42="428.62018" r43="-862.6557" r44="1"></containerEntry>
          <containerEntry r11="0.8040495" r12="0" r13="-0.59456253" r14="0" r21="0" r22="1" r23="0" r24="0" r31="0.59456253" r32="0" r33="0.8040495" r34="0" r41="-713.15845" r42="419.37964" r43="-867.3424" r44="1"></containerEntry>
          <containerEntry r11="0.98423374" r12="0" r13="0.17687276" r14="0" r21="0" r22="1" r23="0" r24="0" r31="-0.17687276" r32="0" r33="0.98423374" r34="0" r41="-700.51373" r42="420.3264" r43="-880.56995" r44="1"></containerEntry>
          <containerEntry r11="0.9187588" r12="0.042459022" r13="-0.3925296" r14="0" r21="-0.039044637" r22="0.99909824" r23="0.01668188" r24="0" r31="0.3928839" r32="-4.5262277e-07" r33="0.9195881" r34="0" r41="-688.97046" r42="420.71948" r43="-885.73016" r44="1"></containerEntry>
          <containerEntry r11="0.57964355" r12="0" r13="0.81487" r14="0" r21="0" r22="1" r23="0" r24="0" r31="-0.81487" r32="0" r33="0.57964355" r34="0" r41="-702.75586" r42="421.0438" r43="-829.0363" r44="1"></containerEntry>
          <containerEntry r11="-0.89229846" r12="0" r13="-0.45144463" r14="0" r21="0" r22="1" r23="0" r24="0" r31="0.45144463" r32="0" r33="-0.89229846" r34="0" r41="-705.2884" r42="420.6548" r43="-831.2668" r44="1"></containerEntry>
          <containerEntry r11="-0.9504192" r12="0" r13="-0.3109663" r14="0" r21="0" r22="1" r23="0" r24="0" r31="0.3109663" r32="0" r33="-0.9504192" r34="0" r41="-708.63776" r42="420.9396" r43="-832.41064" r44="1"></containerEntry>
          <containerEntry r11="-0.7342557" r12="0" r13="-0.6788724" r14="0" r21="0" r22="1" r23="0" r24="0" r31="0.6788724" r32="0" r33="-0.7342557" r34="0" r41="-704.3518" r42="419.77148" r43="-838.2117" r44="1"></containerEntry>
          <containerEntry r11="0.6466101" r12="0" r13="0.762821" r14="0" r21="0" r22="1" r23="0" r24="0" r31="-0.762821" r32="0" r33="0.6466101" r34="0" r41="-682.77356" r42="419.74298" r43="-809.3046" r44="1"></containerEntry>
          <containerEntry r11="0.59323585" r12="0" r13="0.80502903" r14="0" r21="0" r22="1" r23="0" r24="0" r31="-0.80502903" r32="0" r33="0.59323585" r34="0" r41="-696.3557" r42="420.41754" r43="-823.0777" r44="1"></containerEntry>
          <containerEntry r11="0.50963247" r12="0.048955023" r13="0.85899824" r14="0" r21="-0.024979739" r22="0.998801" r23="-0.042102344" r24="0" r31="-0.8600294" r32="-8.4005296e-07" r33="0.51024425" r34="0" r41="-680.5675" r42="420.5382" r43="-798.086" r44="1"></containerEntry>
          <containerEntry r11="0.50963247" r12="0.048955023" r13="0.85899824" r14="0" r21="-0.024979739" r22="0.998801" r23="-0.042102344" r24="0" r31="-0.8600294" r32="-8.4005296e-07" r33="0.51024425" r34="0" r41="-682.3448" r42="420.53674" r43="-800.9348" r44="1"></containerEntry>
          <containerEntry r11="0.41813415" r12="0" r13="0.90838504" r14="0" r21="0" r22="1" r23="0" r24="0" r31="-0.90838504" r32="0" r33="0.41813415" r34="0" r41="-705.25775" r42="422.81683" r43="-819.57166" r44="1"></containerEntry>
          <containerEntry r11="0.78492516" r12="0" r13="0.619591" r14="0" r21="0" r22="1" r23="0" r24="0" r31="-0.619591" r32="0" r33="0.78492516" r34="0" r41="-707.07306" r42="422.81683" r43="-822.0208" r44="1"></containerEntry>
