<fox formatVersion="2" fileVersion="0">
  <entities>
    <entity class="DataSet" classVersion="0" classID="0xE8" addr="0x32E2C40" id="0xEEA355">
      <staticProperties>
        <property name="name" type="String" container="StaticArray" arraySize="1">
          <containerEntry hash="0xB8A0BF169F98"></containerEntry>
        </property>
        <property name="dataSet" type="EntityHandle" container="StaticArray" arraySize="1">
          <containerEntry>0x0</containerEntry>
        </property>
        <property name="dataList" type="EntityPtr" container="StringMap" arraySize="10">
          <containerEntry key="StaticModelArray0000">
            <data>0x32E2150</data>
          </containerEntry>
          <containerEntry key="StaticModelArray0001">
            <data>0x32E19E0</data>
          </containerEntry>
          <containerEntry key="StaticModelArray0002">
            <data>0x32E1F20</data>
          </containerEntry>
          <containerEntry key="StaticModelArray0003">
            <data>0x32E1BA0</data>
          </containerEntry>
          <containerEntry key="StaticModelArray0004">
            <data>0x317EB00</data>
          </containerEntry>
          <containerEntry key="StaticModelArray0005">
            <data>0x32E1A50</data>
          </containerEntry>
          <containerEntry key="StaticModelArray0006">
            <data>0x32E1AC0</data>
          </containerEntry>
          <containerEntry key="StaticModelArray0007">
            <data>0x32E1B30</data>
          </containerEntry>
          <containerEntry key="GeoxPathPack0000">
            <data>0x32E2F50</data>
          </containerEntry>
          <containerEntry key="TexturePackLoadConditioner0000">
            <data>0x32E4840</data>
          </containerEntry>
        </property>
      </staticProperties>
      <dynamicProperties></dynamicProperties>
    </entity>
    <entity class="StaticModelArray" classVersion="4" classID="0xD0" addr="0x32E2150" id="0x0">
      <staticProperties>
        <property name="name" type="String" container="StaticArray" arraySize="1">
          <containerEntry>StaticModelArray0000</containerEntry>
        </property>
        <property name="dataSet" type="EntityHandle" container="StaticArray" arraySize="1">
          <containerEntry>0x32E2C40</containerEntry>
        </property>
        <property name="modelFile" type="FilePtr" container="StaticArray" arraySize="1">
          <containerEntry>/Assets/tpp/environ/object/afghanistan/rock/afgh_rock010/scenes/afgh_rock010.fmdl</containerEntry>
        </property>
        <property name="geomFile" type="FilePtr" container="StaticArray" arraySize="1">
          <containerEntry>/Assets/tpp/environ/object/afghanistan/rock/afgh_rock010/scenes/afgh_rock010.geom</containerEntry>
        </property>
        <property name="isVisibleGeom" type="Bool" container="StaticArray" arraySize="1">
          <containerEntry>false</containerEntry>
        </property>
        <property name="lodFarSize" type="Float" container="StaticArray" arraySize="1">
          <containerEntry>-1</containerEntry>
        </property>
        <property name="lodNearSize" type="Float" container="StaticArray" arraySize="1">
          <containerEntry>-1</containerEntry>
        </property>
        <property name="lodPolygonSize" type="Float" container="StaticArray" arraySize="1">
          <containerEntry>-1</containerEntry>
        </property>
        <property name="drawRejectionLevel" type="Int32" container="StaticArray" arraySize="1">
          <containerEntry>8</containerEntry>
        </property>
        <property name="drawMode" type="Int32" container="StaticArray" arraySize="1">
          <containerEntry>0</containerEntry>
        </property>
        <property name="rejectFarRangeShadowCast" type="Int32" container="StaticArray" arraySize="1">
          <containerEntry>2</containerEntry>
        </property>
        <property name="parentLocator" type="EntityLink" container="StaticArray" arraySize="1">
          <containerEntry packagePathHash="0xB8A0BF169F98" archivePathHash="0xB8A0BF169F98" nameInArchiveHash="0xB8A0BF169F98">0x0</containerEntry>
        </property>
        <property name="transforms" type="Matrix4" container="DynamicArray" arraySize="3">
          <containerEntry r11="0.24140412" r12="0.14927347" r13="1.224202" r14="0" r21="-0.08509067" r22="1.2464789" r23="-0.13521051" r24="0" r31="-1.2303303" r32="-0.056918345" r33="0.24955292" r34="0" r41="782.20404" r42="315.21457" r43="1498.8151" r44="1"></containerEntry>
          <containerEntry r11="-0.8477796" r12="-0.12899753" r13="0.91861653" r14="0" r21="-0.20119765" r22="1.240411" r23="-0.011497207" r24="0" r31="-0.9055475" r32="-0.15482977" r33="-0.85746044" r34="0" r41="783.3583" r42="319.8822" r43="1451.7494" r44="1"></containerEntry>
          <containerEntry r11="0.95420617" r12="0.08242853" r13="-0.2875692" r14="0" r21="-0.016520213" r22="0.97434163" r23="0.22446704" r24="0" r31="0.29869315" r32="-0.20943713" r33="0.9310846" r34="0" r41="888.59576" r42="323.84958" r43="1468.5197" r44="1"></containerEntry>
        </property>
        <property name="colors" type="UInt32" container="DynamicArray" arraySize="3">
          <containerEntry>4294967295</containerEntry>
          <containerEntry>4294967295</containerEntry>
          <containerEntry>4294967295</containerEntry>
        </property>
      </staticProperties>
      <dynamicProperties></dynamicProperties>
    </entity>
    <entity class="StaticModelArray" classVersion="4" classID="0xD0" addr="0x32E19E0" id="0x0">
      <staticProperties>
        <property name="name" type="String" container="StaticArray" arraySize="1">
          <containerEntry>StaticModelArray0001</containerEntry>
        </property>
        <property name="dataSet" type="EntityHandle" container="StaticArray" arraySize="1">
          <containerEntry>0x32E2C40</containerEntry>
        </property>
        <property name="modelFile" type="FilePtr" container="StaticArray" arraySize="1">
          <containerEntry>/Assets/tpp/environ/object/afghanistan/rock/afgh_rock009/scenes/afgh_rock009_rock001.fmdl</containerEntry>
        </property>
        <property name="geomFile" type="FilePtr" container="StaticArray" arraySize="1">
          <containerEntry>/Assets/tpp/environ/object/afghanistan/rock/afgh_rock009/scenes/afgh_rock009_rock001.geom</containerEntry>
        </property>
        <property name="isVisibleGeom" type="Bool" container="StaticArray" arraySize="1">
          <containerEntry>false</containerEntry>
        </property>
        <property name="lodFarSize" type="Float" container="StaticArray" arraySize="1">
          <containerEntry>-1</containerEntry>
        </property>
        <property name="lodNearSize" type="Float" container="StaticArray" arraySize="1">
          <containerEntry>-1</containerEntry>
        </property>
        <property name="lodPolygonSize" type="Float" container="StaticArray" arraySize="1">
          <containerEntry>-1</containerEntry>
        </property>
        <property name="drawRejectionLevel" type="Int32" container="StaticArray" arraySize="1">
          <containerEntry>8</containerEntry>
        </property>
        <property name="drawMode" type="Int32" container="StaticArray" arraySize="1">
          <containerEntry>0</containerEntry>
        </property>
        <property name="rejectFarRangeShadowCast" type="Int32" container="StaticArray" arraySize="1">
          <containerEntry>2</containerEntry>
        </property>
        <property name="parentLocator" type="EntityLink" container="StaticArray" arraySize="1">
          <containerEntry packagePathHash="0xB8A0BF169F98" archivePathHash="0xB8A0BF169F98" nameInArchiveHash="0xB8A0BF169F98">0x0</containerEntry>
        </property>
        <property name="transforms" type="Matrix4" container="DynamicArray" arraySize="40">
          <containerEntry r11="0.98980033" r12="0.002782574" r13="0.14243454" r14="0" r21="-0.031922445" r22="-0.97005373" r23="0.24078499" r24="0" r31="0.1388391" r32="-0.24287592" r33="-0.96007067" r34="0" r41="843.25116" r42="322.29364" r43="1407.6067" r44="1"></containerEntry>
          <containerEntry r11="-0.36406046" r12="-0.8358972" r13="-0.4107715" r14="0" r21="0.6660315" r22="-0.5419458" r23="0.51253664" r24="0" r31="-0.65104485" r32="-0.086992025" r33="0.75403744" r34="0" r41="888.3078" r42="327.33466" r43="1427.9476" r44="1"></containerEntry>
          <containerEntry r11="-0.75032926" r12="-0.07626946" r13="-0.6566446" r14="0" r21="0.11463308" r22="-0.99328125" r23="-0.015618201" r24="0" r31="-0.65104413" r32="-0.08699219" r33="0.75403774" r34="0" r41="922.3723" r42="327.33466" r43="1427.9476" r44="1"></containerEntry>
          <containerEntry r11="-0.3299725" r12="-0.8565406" r13="-0.39680162" r14="0" r21="-0.35736972" r22="-0.27570975" r23="0.89233756" r24="0" r31="-0.8737278" r32="0.43625414" r33="-0.21512258" r34="0" r41="912.8811" r42="327.33466" r43="1435.1743" r44="1"></containerEntry>
          <containerEntry r11="0.25046462" r12="0.024375096" r13="-0.96781677" r14="0" r21="-0.41697127" r22="-0.89948773" r23="-0.13056251" r24="0" r31="-0.8737268" r32="0.43625388" r33="-0.21512228" r34="0" r41="912.8811" r42="326.66742" r43="1451.376" r44="1"></containerEntry>
          <containerEntry r11="0.25046462" r12="0.024375096" r13="-0.96781677" r14="0" r21="-0.41697127" r22="-0.89948773" r23="-0.13056251" r24="0" r31="-0.8737268" r32="0.43625388" r33="-0.21512228" r34="0" r41="887.49207" r42="327.04694" r43="1464.9164" r44="1"></containerEntry>
          <containerEntry r11="0.62567383" r12="-0.77996486" r13="-0.013587121" r14="0" r21="-0.77365667" r22="-0.61818737" r23="-0.13888459" r24="0" r31="0.099925995" r32="0.09740807" r33="-0.9902086" r34="0" r41="867.27356" r42="323.9201" r43="1461.9231" r44="1"></containerEntry>
          <containerEntry r11="-0.24900776" r12="-0.9460919" r13="-0.20711881" r14="0" r21="-0.3348669" r22="-0.116556585" r23="0.93502533" r24="0" r31="-0.90876406" r32="0.30218935" r33="-0.28778827" r34="0" r41="869.50574" r42="323.9201" r43="1461.9231" r44="1"></containerEntry>
          <containerEntry r11="-0.24900776" r12="-0.9460919" r13="-0.20711881" r14="0" r21="-0.3348669" r22="-0.116556585" r23="0.93502533" r24="0" r31="-0.90876406" r32="0.30218935" r33="-0.28778827" r34="0" r41="855.83704" r42="321.29242" r43="1400.8513" r44="1"></containerEntry>
          <containerEntry r11="0.18307313" r12="-0.98145527" r13="-0.056783915" r14="0" r21="-0.33486563" r22="-0.116556525" r23="0.93502533" r24="0" r31="-0.9243073" r32="-0.15216044" r33="-0.3499921" r34="0" r41="832.5488" r42="326.88077" r43="1425.718" r44="1"></containerEntry>
          <containerEntry r11="0.37979674" r12="-0.45684987" r13="-0.80438745" r14="0" r21="-0.03749849" r22="-0.87642723" r23="0.48006123" r24="0" r31="-0.9243078" r32="-0.15216148" r33="-0.34999222" r34="0" r41="818.6177" r42="327.30432" r43="1448.1083" r44="1"></containerEntry>
          <containerEntry r11="0.054321636" r12="-0.99246067" r13="-0.10984234" r14="0" r21="-0.9696774" r22="-0.026177585" r23="-0.24296972" r24="0" r31="0.23826286" r32="0.11970979" r33="-0.9637887" r34="0" r41="797.2835" r42="321.8908" r43="1472.2954" r44="1"></containerEntry>
          <containerEntry r11="-0.0877288" r12="-0.9958751" r13="-0.023029774" r14="0" r21="-0.041915804" r22="0.02679187" r23="-0.99875915" r24="0" r31="0.99525905" r32="-0.08665764" r33="-0.04409051" r34="0" r41="774.4944" r42="317.09238" r43="1493.8596" r44="1"></containerEntry>
          <containerEntry r11="-0.0877288" r12="-0.9958751" r13="-0.023029774" r14="0" r21="-0.041915804" r22="0.02679187" r23="-0.99875915" r24="0" r31="0.99525905" r32="-0.08665764" r33="-0.04409051" r34="0" r41="852.0085" r42="321.2725" r43="1494.7902" r44="1"></containerEntry>
          <containerEntry r11="-0.0877288" r12="-0.9958751" r13="-0.023029774" r14="0" r21="-0.041915804" r22="0.02679187" r23="-0.99875915" r24="0" r31="0.99525905" r32="-0.08665764" r33="-0.04409051" r34="0" r41="839.35956" r42="324.96866" r43="1487.4213" r44="1"></containerEntry>
          <containerEntry r11="-0.15107626" r12="-0.8400189" r13="-0.52109087" r14="0" r21="0.98496515" r22="-0.08326717" r23="-0.15133522" r24="0" r31="0.08373305" r32="-0.536122" r33="0.83997667" r34="0" r41="839.35956" r42="323.9814" r43="1489.4602" r44="1"></containerEntry>
          <containerEntry r11="-0.2361505" r12="-0.8202941" r13="-0.52090204" r14="0" r21="0.9697451" r22="-0.23302668" r23="-0.07267405" r24="0" r31="-0.06177269" r32="-0.52230704" r33="0.8505164" r34="0" r41="817.8938" r42="324.18253" r43="1491.7914" r44="1"></containerEntry>
          <containerEntry r11="-0.069232404" r12="-0.9929895" r13="0.09576607" r14="0" r21="0.98496526" r22="-0.08326797" r23="-0.15133466" r24="0" r31="0.15824887" r32="0.08384873" r33="0.9838326" r34="0" r41="803.0849" r42="319.24533" r43="1504.2719" r44="1"></containerEntry>
          <containerEntry r11="0.4088182" r12="-0.21933413" r13="-0.8858646" r14="0" r21="-0.06364716" r22="-0.97517174" r23="0.21207449" r24="0" r31="-0.91039145" r32="-0.030316524" r33="-0.412624" r34="0" r41="844.1289" r42="327.98117" r43="1456.3662" r44="1"></containerEntry>
          <containerEntry r11="-0.22482538" r12="0.34694442" r13="-0.9105359" r14="0" r21="-0.14059028" r22="-0.93622905" r23="-0.32202116" r24="0" r31="-0.96419936" r32="0.05561313" r33="0.25927252" r34="0" r41="795.2238" r42="317.53778" r43="1420.5518" r44="1"></containerEntry>
          <containerEntry r11="0.10355371" r12="-0.9758581" r13="-0.19227979" r14="0" r21="0.755108" r22="-0.048690006" r23="0.6537844" r24="0" r31="-0.6473658" r32="-0.21289226" r33="0.7318419" r34="0" r41="780.79407" r42="314.69272" r43="1425.9297" r44="1"></containerEntry>
          <containerEntry r11="0.26841688" r12="-0.962361" r13="-0.042519182" r14="0" r21="0.71334755" r22="0.16891412" r23="0.68014455" r24="0" r31="-0.6473652" r32="-0.21289134" r33="0.73184246" r34="0" r41="777.8177" r42="319.1838" r43="1467.5876" r44="1"></containerEntry>
          <containerEntry r11="-0.035557985" r12="-0.9024193" r13="-0.42938134" r14="0" r21="0.72012126" r22="-0.32104534" r23="0.61509895" r24="0" r31="-0.69293165" r32="-0.28733388" r33="0.66127354" r34="0" r41="776.76965" r42="318.90375" r43="1466.2683" r44="1"></containerEntry>
          <containerEntry r11="0.5632909" r12="-0.8254402" r13="0.03672626" r14="0" r21="-0.79115826" r22="-0.55164045" r23="-0.26410383" r24="0" r31="0.23826253" r32="0.11971051" r33="-0.9637878" r34="0" r41="726.7255" r42="316.7249" r43="1472.2954" r44="1"></containerEntry>
          <containerEntry r11="0.17690676" r12="-0.98111933" r13="-0.078130364" r14="0" r21="-0.33717948" r22="-0.13498914" r23="0.93170905" r24="0" r31="-0.92466724" r32="-0.1384795" r33="-0.35469216" r34="0" r41="727.07874" r42="316.87375" r43="1443.9397" r44="1"></containerEntry>
          <containerEntry r11="-0.34289312" r12="-0.91361403" r13="-0.21846236" r14="0" r21="0.6214464" r22="-0.39501947" r23="0.6765765" r24="0" r31="-0.70442945" r32="0.09623304" r33="0.70321876" r34="0" r41="740.5674" r42="315.82996" r43="1447.7395" r44="1"></containerEntry>
          <containerEntry r11="0.17690647" r12="-0.9811195" r13="-0.07812947" r14="0" r21="0.30468628" r22="-0.02088815" r23="0.95222086" r24="0" r31="-0.93587714" r32="-0.19225699" r33="0.29524142" r34="0" r41="740.87317" r42="316.87375" r43="1429.7625" r44="1"></containerEntry>
          <containerEntry r11="0.17690694" r12="-0.98111963" r13="-0.0781298" r14="0" r21="0.47945273" r22="0.016581088" r23="0.8774084" r24="0" r31="-0.8595493" r32="-0.19267753" r33="0.47333685" r34="0" r41="736.7179" r42="319.97693" r43="1423.428" r44="1"></containerEntry>
          <containerEntry r11="0.17690712" r12="-0.9811194" r13="-0.07812906" r14="0" r21="0.93819296" r22="0.14410852" r23="0.31467754" r24="0" r31="-0.2974782" r32="-0.1289683" r33="0.9459776" r34="0" r41="764.54285" r42="314.85904" r43="1448.1636" r44="1"></containerEntry>
          <containerEntry r11="0.1769064" r12="-0.98111975" r13="-0.07812904" r14="0" r21="-0.9549507" r22="-0.15188122" r23="-0.25494233" r24="0" r31="0.238263" r32="0.119709976" r33="-0.96378964" r34="0" r41="752.2473" r42="316.87375" r43="1496.2252" r44="1"></containerEntry>
          <containerEntry r11="0.17690632" r12="-0.9811191" r13="-0.07812929" r14="0" r21="-0.16402" r22="0.048886776" r23="-0.9852418" r24="0" r31="0.97046185" r32="0.18710768" r33="-0.15227276" r34="0" r41="752.2473" r42="316.87375" r43="1519.9724" r44="1"></containerEntry>
          <containerEntry r11="0.24277627" r12="-0.80157685" r13="-0.54638064" r14="0" r21="-0.15794402" r22="-0.58837557" r23="0.7930088" r24="0" r31="-0.95713687" r32="-0.1062251" r33="-0.26944622" r34="0" r41="923.567" r42="327.58197" r43="1426.2719" r44="1"></containerEntry>
          <containerEntry r11="-0.2793209" r12="0.95571065" r13="-0.09268722" r14="0" r21="-0.83625484" r22="-0.289567" r23="-0.46564233" r24="0" r31="-0.47185984" r32="-0.05255474" r33="0.88010556" r34="0" r41="965.7445" r42="324.72714" r43="1441.467" r44="1"></containerEntry>
          <containerEntry r11="0.07114208" r12="0.21967787" r13="0.9729722" r14="0" r21="0.028969757" r22="-0.9754842" r23="0.21812755" r24="0" r31="0.9970426" r32="0.012669399" r33="-0.07575659" r34="0" r41="920.97363" r42="323.42004" r43="1486.6715" r44="1"></containerEntry>
          <containerEntry r11="-0.5262067" r12="0.8311393" r13="0.17973407" r14="0" r21="-0.7781173" r22="-0.55587834" r23="0.29244298" r24="0" r31="0.34297282" r32="0.01403226" r33="0.93924034" r34="0" r41="900.78864" r42="323.81815" r43="1470.609" r44="1"></containerEntry>
          <containerEntry r11="-0.26806054" r12="-0.9359787" r13="0.22820747" r14="0" r21="-0.96327966" r22="0.26411116" r23="-0.048295684" r24="0" r31="-0.015067667" r32="-0.23277476" r33="-0.9724069" r34="0" r41="858.5074" r42="319.79385" r43="1502.1833" r44="1"></containerEntry>
          <containerEntry r11="-0.26806054" r12="-0.9359787" r13="0.22820747" r14="0" r21="-0.96327966" r22="0.26411116" r23="-0.048295684" r24="0" r31="-0.015067667" r32="-0.23277476" r33="-0.9724069" r34="0" r41="825.37537" r42="319.79385" r43="1525.6902" r44="1"></containerEntry>
          <containerEntry r11="0.4346766" r12="-0.46849984" r13="-0.7691297" r14="0" r21="-0.24570471" r22="-0.8833214" r23="0.3991995" r24="0" r31="-0.8664189" r32="0.015457466" r33="-0.49906868" r34="0" r41="876.2204" r42="323.15402" r43="1525.6902" r44="1"></containerEntry>
          <containerEntry r11="0.42197832" r12="-0.7677887" r13="0.482112" r14="0" r21="0.20703894" r22="0.59933716" r23="0.773258" r24="0" r31="-0.88264734" r32="-0.22648078" r33="0.4118704" r34="0" r41="890.86676" r42="327.3394" r43="1525.6902" r44="1"></containerEntry>
          <containerEntry r11="0.42197832" r12="-0.7677887" r13="0.482112" r14="0" r21="0.20703894" r22="0.59933716" r23="0.773258" r24="0" r31="-0.88264734" r32="-0.22648078" r33="0.4118704" r34="0" r41="781.22296" r42="321.21017" r43="1534.0348" r44="1"></containerEntry>
        </property>
        <property name="colors" type="UInt32" container="DynamicArray" arraySize="40">
          <containerEntry>4294967295</containerEntry>
          <containerEntry>4294967295</containerEntry>
          <containerEntry>4294967295</containerEntry>
          <containerEntry>4294967295</containerEntry>
          <containerEntry>4294967295</containerEntry>
          <containerEntry>4294967295</containerEntry>
          <containerEntry>4294967295</containerEntry>
          <containerEntry>4294967295</containerEntry>
          <containerEntry>4294967295</containerEntry>
          <containerEntry>4294967295</containerEntry>
          <containerEntry>4294967295</containerEntry>
          <containerEntry>4294967295</containerEntry>
          <containerEntry>4294967295</containerEntry>
          <containerEntry>4294967295</containerEntry>
          <containerEntry>4294967295</containerEntry>
          <containerEntry>4294967295</containerEntry>
          <containerEntry>4294967295</containerEntry>
          <containerEntry>4294967295</containerEntry>
          <containerEntry>4294967295</containerEntry>
          <containerEntry>4294967295</containerEntry>
          <containerEntry>4294967295</containerEntry>
          <containerEntry>4294967295</containerEntry>
          <containerEntry>4294967295</containerEntry>
          <containerEntry>4294967295</containerEntry>
          <containerEntry>4294967295</containerEntry>
          <containerEntry>4294967295</containerEntry>
          <containerEntry>4294967295</containerEntry>
          <containerEntry>4294967295</containerEntry>
          <containerEntry>4294967295</containerEntry>
          <containerEntry>4294967295</containerEntry>
          <containerEntry>4294967295</containerEntry>
          <containerEntry>4294967295</containerEntry>
          <containerEntry>4294967295</containerEntry>
          <containerEntry>4294967295</containerEntry>
          <containerEntry>4294967295</containerEntry>
          <containerEntry>4294967295</containerEntry>
          <containerEntry>4294967295</containerEntry>
          <containerEntry>4294967295</containerEntry>
          <containerEntry>4294967295</containerEntry>
          <containerEntry>4294967295</containerEntry>
        </property>
      </staticProperties>
      <dynamicProperties></dynamicProperties>
    </entity>
    <entity class="StaticModelArray" classVersion="4" classID="0xD0" addr="0x32E1F20" id="0x0">
      <staticProperties>
        <property name="name" type="String" container="StaticArray" arraySize="1">
          <containerEntry>StaticModelArray0002</containerEntry>
        </property>
        <property name="dataSet" type="EntityHandle" container="StaticArray" arraySize="1">
          <containerEntry>0x32E2C40</containerEntry>
        </property>
        <property name="modelFile" type="FilePtr" container="StaticArray" arraySize="1">
          <containerEntry>/Assets/tpp/environ/object/afghanistan/cliff/afgh_clff025/scenes/afgh_clff025.fmdl</containerEntry>
        </property>
        <property name="geomFile" type="FilePtr" container="StaticArray" arraySize="1">
          <containerEntry>/Assets/tpp/environ/object/afghanistan/cliff/afgh_clff025/scenes/afgh_clff025.geom</containerEntry>
        </property>
        <property name="isVisibleGeom" type="Bool" container="StaticArray" arraySize="1">
          <containerEntry>false</containerEntry>
        </property>
        <property name="lodFarSize" type="Float" container="StaticArray" arraySize="1">
          <containerEntry>-1</containerEntry>
        </property>
        <property name="lodNearSize" type="Float" container="StaticArray" arraySize="1">
          <containerEntry>-1</containerEntry>
        </property>
        <property name="lodPolygonSize" type="Float" container="StaticArray" arraySize="1">
          <containerEntry>-1</containerEntry>
        </property>
        <property name="drawRejectionLevel" type="Int32" container="StaticArray" arraySize="1">
          <containerEntry>8</containerEntry>
        </property>
        <property name="drawMode" type="Int32" container="StaticArray" arraySize="1">
          <containerEntry>0</containerEntry>
        </property>
        <property name="rejectFarRangeShadowCast" type="Int32" container="StaticArray" arraySize="1">
          <containerEntry>2</containerEntry>
        </property>
        <property name="parentLocator" type="EntityLink" container="StaticArray" arraySize="1">
          <containerEntry packagePathHash="0xB8A0BF169F98" archivePathHash="0xB8A0BF169F98" nameInArchiveHash="0xB8A0BF169F98">0x0</containerEntry>
        </property>
        <property name="transforms" type="Matrix4" container="DynamicArray" arraySize="2">
          <containerEntry r11="-0.7043047" r12="-0.0045026476" r13="0.70988506" r14="0" r21="-0.0043334663" r22="0.99998856" r23="0.002043318" r24="0" r31="-0.70988613" r32="-0.0016371448" r33="-0.70431614" r34="0" r41="883.592" r42="324.18073" r43="1525.3462" r44="1"></containerEntry>
          <containerEntry r11="-0.91166997" r12="-0.0047904346" r13="0.41089764" r14="0" r21="-0.0043331636" r22="0.9999885" r23="0.00204423" r24="0" r31="-0.4109027" r32="8.317549e-05" r33="-0.9116803" r34="0" r41="893.0053" r42="324.18073" r43="1517.8759" r44="1"></containerEntry>
        </property>
        <property name="colors" type="UInt32" container="DynamicArray" arraySize="2">
          <containerEntry>4294967295</containerEntry>
          <containerEntry>4294967295</containerEntry>
        </property>
      </staticProperties>
      <dynamicProperties></dynamicProperties>
    </entity>
    <entity class="StaticModelArray" classVersion="4" classID="0xD0" addr="0x32E1BA0" id="0x0">
      <staticProperties>
        <property name="name" type="String" container="StaticArray" arraySize="1">
          <containerEntry>StaticModelArray0003</containerEntry>
        </property>
        <property name="dataSet" type="EntityHandle" container="StaticArray" arraySize="1">
          <containerEntry>0x32E2C40</containerEntry>
        </property>
        <property name="modelFile" type="FilePtr" container="StaticArray" arraySize="1">
          <containerEntry>/Assets/tpp/environ/object/afghanistan/cliff/afgh_clff013/scenes/afgh_clff013.fmdl</containerEntry>
        </property>
        <property name="geomFile" type="FilePtr" container="StaticArray" arraySize="1">
          <containerEntry>/Assets/tpp/environ/object/afghanistan/cliff/afgh_clff013/scenes/afgh_clff013.geom</containerEntry>
        </property>
        <property name="isVisibleGeom" type="Bool" container="StaticArray" arraySize="1">
          <containerEntry>false</containerEntry>
        </property>
        <property name="lodFarSize" type="Float" container="StaticArray" arraySize="1">
          <containerEntry>-1</containerEntry>
        </property>
        <property name="lodNearSize" type="Float" container="StaticArray" arraySize="1">
          <containerEntry>-1</containerEntry>
        </property>
        <property name="lodPolygonSize" type="Float" container="StaticArray" arraySize="1">
          <containerEntry>-1</containerEntry>
        </property>
        <property name="drawRejectionLevel" type="Int32" container="StaticArray" arraySize="1">
          <containerEntry>8</containerEntry>
        </property>
        <property name="drawMode" type="Int32" container="StaticArray" arraySize="1">
          <containerEntry>0</containerEntry>
        </property>
        <property name="rejectFarRangeShadowCast" type="Int32" container="StaticArray" arraySize="1">
          <containerEntry>2</containerEntry>
        </property>
        <property name="parentLocator" type="EntityLink" container="StaticArray" arraySize="1">
          <containerEntry packagePathHash="0xB8A0BF169F98" archivePathHash="0xB8A0BF169F98" nameInArchiveHash="0xB8A0BF169F98">0x0</containerEntry>
        </property>
        <property name="transforms" type="Matrix4" container="DynamicArray" arraySize="3">
          <containerEntry r11="-0.90544087" r12="0.014399806" r13="0.4242299" r14="0" r21="-0.0021699774" r22="0.99925435" r23="-0.03854952" r24="0" r31="-0.42446867" r32="-0.03582485" r33="-0.90473443" r34="0" r41="783.96375" r42="316.18274" r43="1523.6213" r44="1"></containerEntry>
          <containerEntry r11="-0.72011656" r12="0.025186352" r13="0.69339705" r14="0" r21="-0.002169217" r22="0.9992544" r23="-0.038548872" r24="0" r31="-0.6938509" r32="-0.029263778" r33="-0.719525" r34="0" r41="798.03894" r42="316.07098" r43="1512.097" r44="1"></containerEntry>
          <containerEntry r11="-0.078037776" r12="-0.024510983" r13="0.996649" r14="0" r21="-0.005304112" r22="0.99969375" r23="0.024170551" r24="0" r31="-0.9969363" r32="-0.0034001218" r33="-0.078143895" r34="0" r41="871.8745" r42="321.87192" r43="1428.1403" r44="1"></containerEntry>
        </property>
        <property name="colors" type="UInt32" container="DynamicArray" arraySize="3">
          <containerEntry>4294967295</containerEntry>
          <containerEntry>4294967295</containerEntry>
          <containerEntry>4294967295</containerEntry>
        </property>
      </staticProperties>
      <dynamicProperties></dynamicProperties>
    </entity>
    <entity class="StaticModelArray" classVersion="4" classID="0xD0" addr="0x317EB00" id="0x0">
      <staticProperties>
        <property name="name" type="String" container="StaticArray" arraySize="1">
          <containerEntry>StaticModelArray0004</containerEntry>
        </property>
        <property name="dataSet" type="EntityHandle" container="StaticArray" arraySize="1">
          <containerEntry>0x32E2C40</containerEntry>
        </property>
        <property name="modelFile" type="FilePtr" container="StaticArray" arraySize="1">
          <containerEntry>/Assets/tpp/environ/object/afghanistan/rock/afgh_rock011/scenes/afgh_rock011.fmdl</containerEntry>
        </property>
        <property name="geomFile" type="FilePtr" container="StaticArray" arraySize="1">
          <containerEntry>/Assets/tpp/environ/object/afghanistan/rock/afgh_rock011/scenes/afgh_rock011.geom</containerEntry>
        </property>
        <property name="isVisibleGeom" type="Bool" container="StaticArray" arraySize="1">
          <containerEntry>false</containerEntry>
        </property>
        <property name="lodFarSize" type="Float" container="StaticArray" arraySize="1">
          <containerEntry>-1</containerEntry>
        </property>
        <property name="lodNearSize" type="Float" container="StaticArray" arraySize="1">
          <containerEntry>-1</containerEntry>
        </property>
        <property name="lodPolygonSize" type="Float" container="StaticArray" arraySize="1">
          <containerEntry>-1</containerEntry>
        </property>
        <property name="drawRejectionLevel" type="Int32" container="StaticArray" arraySize="1">
          <containerEntry>8</containerEntry>
        </property>
        <property name="drawMode" type="Int32" container="StaticArray" arraySize="1">
          <containerEntry>0</containerEntry>
        </property>
        <property name="rejectFarRangeShadowCast" type="Int32" container="StaticArray" arraySize="1">
          <containerEntry>2</containerEntry>
        </property>
        <property name="parentLocator" type="EntityLink" container="StaticArray" arraySize="1">
          <containerEntry packagePathHash="0xB8A0BF169F98" archivePathHash="0xB8A0BF169F98" nameInArchiveHash="0xB8A0BF169F98">0x0</containerEntry>
        </property>
        <property name="transforms" type="Matrix4" container="DynamicArray" arraySize="15">
          <containerEntry r11="-0.84057987" r12="0.1040391" r13="-0.53159714" r14="0" r21="-0.03902519" r22="0.9672003" r23="0.25099897" r24="0" r31="0.5402746" r32="0.23173112" r33="-0.8089489" r34="0" r41="828.7901" r42="322.97305" r43="1495.2653" r44="1"></containerEntry>
          <containerEntry r11="0.44405892" r12="0.11056514" r13="-0.8891489" r14="0" r21="-0.045274984" r22="0.99385834" r23="0.10097438" r24="0" r31="0.8948522" r32="-0.0045822524" r33="0.44633752" r34="0" r41="822.9086" r42="323.48682" r43="1492.1342" r44="1"></containerEntry>
          <containerEntry r11="0.26833904" r12="-0.008599175" r13="-0.96328557" r14="0" r21="0.007544372" r22="0.99994826" r23="-0.0068248496" r24="0" r31="0.9632944" r32="-0.0054360204" r33="0.26839006" r34="0" r41="776.9645" r42="316.06293" r43="1497.5607" r44="1"></containerEntry>
          <containerEntry r11="-0.65711474" r12="-0.02872994" r13="-0.7532435" r14="0" r21="-0.02537162" r22="0.9995502" r23="-0.015990801" r24="0" r31="0.75336415" r32="0.008603221" r33="-0.65754807" r34="0" r41="778.09753" r42="315.53986" r43="1502.5082" r44="1"></containerEntry>
          <containerEntry r11="-0.6475633" r12="-0.18452412" r13="-0.73933214" r14="0" r21="-0.13965175" r22="0.98254323" r23="-0.12290757" r24="0" r31="0.74910516" r32="0.023658581" r33="-0.662028" r34="0" r41="798.2882" r42="322.17474" r43="1447.0599" r44="1"></containerEntry>
          <containerEntry r11="0.74447066" r12="-0.07093827" r13="-0.6638759" r14="0" r21="0.020589197" r22="0.9963058" r23="-0.08337123" r24="0" r31="0.6673376" r32="0.048398755" r33="0.743181" r34="0" r41="812.87915" r42="320.6209" r43="1426.392" r44="1"></containerEntry>
          <containerEntry r11="0.8417073" r12="0.35116288" r13="0.41013736" r14="0" r21="-0.28104892" r22="0.9335397" r23="-0.2225191" r24="0" r31="-0.46102005" r32="0.072026946" r33="0.8844614" r34="0" r41="818.2504" r42="322.2321" r43="1428.4681" r44="1"></containerEntry>
          <containerEntry r11="-0.68649215" r12="-0.17468035" r13="-0.7058445" r14="0" r21="-0.06592419" r22="0.9816699" r23="-0.17882423" r24="0" r31="0.7241434" r32="-0.07622911" r33="-0.6854243" r34="0" r41="832.17194" r42="326.2284" r43="1431.3622" r44="1"></containerEntry>
          <containerEntry r11="0.41220102" r12="0.077363715" r13="-0.90780175" r14="0" r21="0.14801623" r22="0.97746515" r23="0.15050924" r24="0" r31="0.8989885" r32="-0.1964095" r33="0.391461" r34="0" r41="867.9874" r42="322.09592" r43="1478.2051" r44="1"></containerEntry>
          <containerEntry r11="0.9922124" r12="0.11932875" r13="0.035709478" r14="0" r21="-0.11834213" r22="0.99256146" r23="-0.02858046" r24="0" r31="-0.03885433" r32="0.024131946" r33="0.99895346" r34="0" r41="829.4004" r42="322.2938" r43="1419.5378" r44="1"></containerEntry>
          <containerEntry r11="0.9053726" r12="-0.09315046" r13="-0.414274" r14="0" r21="0.09746272" r22="0.9951809" r23="-0.010769431" r24="0" r31="0.41328076" r32="-0.030626029" r33="0.91008824" r34="0" r41="848.0869" r42="321.53464" r43="1410.7094" r44="1"></containerEntry>
          <containerEntry r11="0.4295734" r12="0.00783666" r13="0.902996" r14="0" r21="-0.04736805" r22="0.99878126" r23="0.013865866" r24="0" r31="-0.90178686" r32="-0.048729673" r33="0.42942107" r34="0" r41="859.5027" r42="319.9809" r43="1390.7178" r44="1"></containerEntry>
          <containerEntry r11="-0.83910036" r12="-0.050101563" r13="-0.5416506" r14="0" r21="-0.15229486" r22="0.9775653" r23="0.145507" r24="0" r31="0.52220863" r32="0.204587" r33="-0.8279054" r34="0" r41="824.6115" r42="327.52823" r43="1468.3639" r44="1"></containerEntry>
          <containerEntry r11="-0.8745027" r12="-0.13032547" r13="-0.46717986" r14="0" r21="-0.09474881" r22="0.99056906" r23="-0.09897277" r24="0" r31="0.47567257" r32="-0.042287346" r33="-0.87860346" r34="0" r41="790.42303" r42="319.89307" r43="1524.2731" r44="1"></containerEntry>
          <containerEntry r11="0.66058946" r12="0.07585667" r13="-0.74690413" r14="0" r21="-0.12677468" r22="0.9918661" r23="-0.011388648" r24="0" r31="0.73996496" r32="0.10221197" r33="0.66483307" r34="0" r41="873.12067" r42="323.6262" r43="1417.9663" r44="1"></containerEntry>
        </property>
        <property name="colors" type="UInt32" container="DynamicArray" arraySize="15">
          <containerEntry>4294967295</containerEntry>
          <containerEntry>4294967295</containerEntry>
          <containerEntry>4294967295</containerEntry>
          <containerEntry>4294967295</containerEntry>
          <containerEntry>4294967295</containerEntry>
          <containerEntry>4294967295</containerEntry>
          <containerEntry>4294967295</containerEntry>
          <containerEntry>4294967295</containerEntry>
          <containerEntry>4294967295</containerEntry>
          <containerEntry>4294967295</containerEntry>
          <containerEntry>4294967295</containerEntry>
          <containerEntry>4294967295</containerEntry>
          <containerEntry>4294967295</containerEntry>
          <containerEntry>4294967295</containerEntry>
          <containerEntry>4294967295</containerEntry>
        </property>
      </staticProperties>
      <dynamicProperties></dynamicProperties>
    </entity>
    <entity class="StaticModelArray" classVersion="4" classID="0xD0" addr="0x32E1A50" id="0x0">
      <staticProperties>
        <property name="name" type="String" container="StaticArray" arraySize="1">
          <containerEntry>StaticModelArray0005</containerEntry>
        </property>
        <property name="dataSet" type="EntityHandle" container="StaticArray" arraySize="1">
          <containerEntry>0x32E2C40</containerEntry>
        </property>
        <property name="modelFile" type="FilePtr" container="StaticArray" arraySize="1">
          <containerEntry>/Assets/tpp/environ/object/afghanistan/rock/afgh_rock001/scenes/afgh_rock001.fmdl</containerEntry>
        </property>
        <property name="geomFile" type="FilePtr" container="StaticArray" arraySize="1">
          <containerEntry>/Assets/tpp/environ/object/afghanistan/rock/afgh_rock001/scenes/afgh_rock001.geom</containerEntry>
        </property>
        <property name="isVisibleGeom" type="Bool" container="StaticArray" arraySize="1">
          <containerEntry>false</containerEntry>
        </property>
        <property name="lodFarSize" type="Float" container="StaticArray" arraySize="1">
          <containerEntry>50</containerEntry>
        </property>
        <property name="lodNearSize" type="Float" container="StaticArray" arraySize="1">
          <containerEntry>400</containerEntry>
        </property>
        <property name="lodPolygonSize" type="Float" container="StaticArray" arraySize="1">
          <containerEntry>-1</containerEntry>
        </property>
        <property name="drawRejectionLevel" type="Int32" container="StaticArray" arraySize="1">
          <containerEntry>5</containerEntry>
        </property>
        <property name="drawMode" type="Int32" container="StaticArray" arraySize="1">
          <containerEntry>0</containerEntry>
        </property>
        <property name="rejectFarRangeShadowCast" type="Int32" container="StaticArray" arraySize="1">
          <containerEntry>2</containerEntry>
        </property>
        <property name="parentLocator" type="EntityLink" container="StaticArray" arraySize="1">
          <containerEntry packagePathHash="0xB8A0BF169F98" archivePathHash="0xB8A0BF169F98" nameInArchiveHash="0xB8A0BF169F98">0x0</containerEntry>
        </property>
        <property name="transforms" type="Matrix4" container="DynamicArray" arraySize="16">
          <containerEntry r11="0.17154995" r12="0.10048921" r13="-0.9800385" r14="0" r21="0.11675284" r22="0.9857002" r23="0.12150702" r24="0" r31="0.9782343" r32="-0.13526678" r33="0.15736443" r34="0" r41="881.5217" r42="326.32608" r43="1418.0797" r44="1"></containerEntry>
          <containerEntry r11="-0.16552871" r12="-0.051298767" r13="0.98487103" r14="0" r21="-0.12514761" r22="-0.9894823" r23="-0.072572514" r24="0" r31="0.97823346" r32="-0.13526689" r33="0.15736553" r34="0" r41="822.18164" r42="321.02094" r43="1411.5427" r44="1"></containerEntry>
          <containerEntry r11="-0.16552871" r12="-0.051298767" r13="0.98487103" r14="0" r21="-0.12514761" r22="-0.9894823" r23="-0.072572514" r24="0" r31="0.97823346" r32="-0.13526689" r33="0.15736553" r34="0" r41="775.31995" r42="316.5706" r43="1412.3163" r44="1"></containerEntry>
          <containerEntry r11="-0.9766114" r12="0.109968506" r13="0.18476531" r14="0" r21="0.09515069" r22="0.99163085" r23="-0.087261915" r24="0" r31="-0.19281504" r32="-0.067640394" r33="-0.97890157" r34="0" r41="773.8047" r42="316.2096" r43="1414.8517" r44="1"></containerEntry>
          <containerEntry r11="-0.16552795" r12="-0.051298425" r13="0.9848708" r14="0" r21="-0.100684226" r22="0.9943073" r23="0.034867972" r24="0" r31="-0.9810529" r32="-0.09338929" r33="-0.16975057" r34="0" r41="816.8082" r42="321.6351" r43="1417.3816" r44="1"></containerEntry>
          <containerEntry r11="-0.19363308" r12="0.44291005" r13="0.87540805" r14="0" r21="-0.0065699816" r22="0.89168906" r23="-0.45260105" r24="0" r31="-0.98105323" r32="-0.09338942" r33="-0.16975069" r34="0" r41="816.8082" r42="321.395" r43="1416.5818" r44="1"></containerEntry>
