<fox formatVersion="2" fileVersion="0">
  <entities>
    <entity class="DataSet" classVersion="0" classID="0xE8" addr="0x2EF4680" id="0x10A1D2D">
      <staticProperties>
        <property name="name" type="String" container="StaticArray" arraySize="1">
          <containerEntry hash="0xB8A0BF169F98"></containerEntry>
        </property>
        <property name="dataSet" type="EntityHandle" container="StaticArray" arraySize="1">
          <containerEntry>0x0</containerEntry>
        </property>
        <property name="dataList" type="EntityPtr" container="StringMap" arraySize="13">
          <containerEntry key="mafr_rock011_0000">
            <data>0x2D77F60</data>
          </containerEntry>
          <containerEntry key="cm_mafr_dc_grbg003__">
            <data>0x2D7A7A0</data>
          </containerEntry>
          <containerEntry key="cm_mafr_dc_grnd006__">
            <data>0x2D7A8F0</data>
          </containerEntry>
          <containerEntry key="StaticModelArray0000">
            <data>0x2EF1B30</data>
          </containerEntry>
          <containerEntry key="StaticModelArray0001">
            <data>0x2EF1BA0</data>
          </containerEntry>
          <containerEntry key="StaticModelArray0002">
            <data>0x2EF1C80</data>
          </containerEntry>
          <containerEntry key="StaticModelArray0003">
            <data>0x2EF1C10</data>
          </containerEntry>
          <containerEntry key="StaticModelArray0004">
            <data>0x2EF4CA0</data>
          </containerEntry>
          <containerEntry key="StaticModelArray0005">
            <data>0x2D7EB00</data>
          </containerEntry>
          <containerEntry key="DecalArray0000">
            <data>0x2EF1660</data>
          </containerEntry>
          <containerEntry key="DecalArray0001">
            <data>0x2EF1580</data>
          </containerEntry>
          <containerEntry key="DecalArray0002">
            <data>0x2EF15F0</data>
          </containerEntry>
          <containerEntry key="TexturePackLoadConditioner0000">
            <data>0x2EF22A0</data>
          </containerEntry>
        </property>
      </staticProperties>
      <dynamicProperties></dynamicProperties>
    </entity>
    <entity class="StaticModel" classVersion="9" classID="0x160" addr="0x2D77F60" id="0x10A1E5C">
      <staticProperties>
        <property name="name" type="String" container="StaticArray" arraySize="1">
          <containerEntry>mafr_rock011_0000</containerEntry>
        </property>
        <property name="dataSet" type="EntityHandle" container="StaticArray" arraySize="1">
          <containerEntry>0x2EF4680</containerEntry>
        </property>
        <property name="parent" type="EntityHandle" container="StaticArray" arraySize="1">
          <containerEntry>0x0</containerEntry>
        </property>
        <property name="transform" type="EntityPtr" container="StaticArray" arraySize="1">
          <containerEntry>0x2D77FD0</containerEntry>
        </property>
        <property name="shearTransform" type="EntityPtr" container="StaticArray" arraySize="1">
          <containerEntry>0x0</containerEntry>
        </property>
        <property name="pivotTransform" type="EntityPtr" container="StaticArray" arraySize="1">
          <containerEntry>0x0</containerEntry>
        </property>
        <property name="children" type="EntityHandle" container="List"></property>
        <property name="flags" type="UInt32" container="StaticArray" arraySize="1">
          <containerEntry>7</containerEntry>
        </property>
        <property name="modelFile" type="FilePtr" container="StaticArray" arraySize="1">
          <containerEntry>/Assets/tpp/environ/object/middle_africa/rock/mafr_rock011/scenes/mafr_rock011.fmdl</containerEntry>
        </property>
        <property name="geomFile" type="FilePtr" container="StaticArray" arraySize="1">
          <containerEntry>/Assets/tpp/environ/object/middle_africa/rock/mafr_rock011/scenes/mafr_rock011.geom</containerEntry>
        </property>
        <property name="isVisibleGeom" type="Bool" container="StaticArray" arraySize="1">
          <containerEntry>false</containerEntry>
        </property>
        <property name="isIsolated" type="Bool" container="StaticArray" arraySize="1">
          <containerEntry>false</containerEntry>
        </property>
        <property name="lodFarSize" type="Float" container="StaticArray" arraySize="1">
          <containerEntry>-1</containerEntry>
        </property>
        <property name="lodNearSize" type="Float" container="StaticArray" arraySize="1">
          <containerEntry>-1</containerEntry>
        </property>
        <property name="lodPolygonSize" type="Float" container="StaticArray" arraySize="1">
          <containerEntry>-1</containerEntry>
        </property>
        <property name="color" type="Color" container="StaticArray" arraySize="1">
          <containerEntry r="1" g="1" b="1" a="1"></containerEntry>
        </property>
        <property name="drawRejectionLevel" type="Int32" container="StaticArray" arraySize="1">
          <containerEntry>8</containerEntry>
        </property>
        <property name="drawMode" type="Int32" container="StaticArray" arraySize="1">
          <containerEntry>0</containerEntry>
        </property>
        <property name="rejectFarRangeShadowCast" type="Int32" container="StaticArray" arraySize="1">
          <containerEntry>2</containerEntry>
        </property>
      </staticProperties>
      <dynamicProperties></dynamicProperties>
    </entity>
    <entity class="TransformEntity" classVersion="0" classID="0x50" addr="0x2D77FD0" id="0x10A1E5F">
      <staticProperties>
        <property name="owner" type="EntityHandle" container="StaticArray" arraySize="1">
          <containerEntry>0x2D77F60</containerEntry>
        </property>
        <property name="transform_scale" type="Vector3" container="StaticArray" arraySize="1">
          <containerEntry x="0.72" y="0.72" z="0.72" w="0"></containerEntry>
        </property>
        <property name="transform_rotation_quat" type="Quat" container="StaticArray" arraySize="1">
          <containerEntry x="0" y="0.094923" z="0" w="0.995484"></containerEntry>
        </property>
        <property name="transform_translation" type="Vector3" container="StaticArray" arraySize="1">
          <containerEntry x="2206.7014" y="78.09808" z="-95.729996" w="0"></containerEntry>
        </property>
      </staticProperties>
      <dynamicProperties></dynamicProperties>
    </entity>
    <entity class="Material" classVersion="6" classID="0xB0" addr="0x2D7A7A0" id="0x10A1FA8">
      <staticProperties>
        <property name="name" type="String" container="StaticArray" arraySize="1">
          <containerEntry>cm_mafr_dc_grbg003__</containerEntry>
        </property>
        <property name="dataSet" type="EntityHandle" container="StaticArray" arraySize="1">
          <containerEntry>0x2EF4680</containerEntry>
        </property>
        <property name="materialName" type="String" container="StaticArray" arraySize="1">
          <containerEntry hash="0xB8A0BF169F98"></containerEntry>
        </property>
        <property name="shader" type="Path" container="StaticArray" arraySize="1">
          <containerEntry hash="0xB8A0BF169F98"></containerEntry>
        </property>
        <property name="diffuseTexture" type="Path" container="StaticArray" arraySize="1">
          <containerEntry>/Assets/tpp/common_source/fmtr/decal/middle_africa/cm_mafr_dc_grbg003/sourceimages/cm_mafr_dc_grbg003_bsm_alp.ftex</containerEntry>
        </property>
        <property name="srmTexture" type="Path" container="StaticArray" arraySize="1">
          <containerEntry>/Assets/tpp/common_source/fmtr/decal/middle_africa/cm_mafr_dc_grbg003/sourceimages/cm_mafr_dc_grbg003_srm.ftex</containerEntry>
        </property>
        <property name="normalTexture" type="Path" container="StaticArray" arraySize="1">
          <containerEntry>/Assets/tpp/common_source/fmtr/decal/middle_africa/cm_mafr_dc_grbg003/sourceimages/cm_mafr_dc_grbg003_nrm.ftex</containerEntry>
        </property>
        <property name="materialMapTexture" type="Path" container="StaticArray" arraySize="1">
          <containerEntry hash="0xB8A0BF169F98"></containerEntry>
        </property>
        <property name="materialIndex" type="UInt8" container="StaticArray" arraySize="1">
          <containerEntry>21</containerEntry>
        </property>
        <property name="diffuseColor" type="Color" container="StaticArray" arraySize="1">
          <containerEntry r="1" g="1" b="1" a="1"></containerEntry>
        </property>
        <property name="specularColor" type="Color" container="StaticArray" arraySize="1">
          <containerEntry r="0" g="0" b="0" a="0"></containerEntry>
        </property>
        <property name="fmtrPath" type="Path" container="StaticArray" arraySize="1">
          <containerEntry hash="0xB8A0BF169F98"></containerEntry>
        </property>
        <property name="residentFlag" type="Bool" container="StaticArray" arraySize="1">
          <containerEntry>false</containerEntry>
        </property>
      </staticProperties>
      <dynamicProperties></dynamicProperties>
    </entity>
    <entity class="Material" classVersion="6" classID="0xB0" addr="0x2D7A8F0" id="0x10A1FAA">
      <staticProperties>
        <property name="name" type="String" container="StaticArray" arraySize="1">
          <containerEntry>cm_mafr_dc_grnd006__</containerEntry>
        </property>
        <property name="dataSet" type="EntityHandle" container="StaticArray" arraySize="1">
          <containerEntry>0x2EF4680</containerEntry>
        </property>
        <property name="materialName" type="String" container="StaticArray" arraySize="1">
          <containerEntry hash="0xB8A0BF169F98"></containerEntry>
        </property>
        <property name="shader" type="Path" container="StaticArray" arraySize="1">
          <containerEntry hash="0xB8A0BF169F98"></containerEntry>
        </property>
        <property name="diffuseTexture" type="Path" container="StaticArray" arraySize="1">
          <containerEntry>/Assets/tpp/common_source/fmtr/decal/middle_africa/cm_mafr_dc_grnd006/sourceimages/cm_mafr_dc_grnd006_bsm_alp.ftex</containerEntry>
        </property>
        <property name="srmTexture" type="Path" container="StaticArray" arraySize="1">
          <containerEntry>/Assets/tpp/common_source/fmtr/decal/middle_africa/cm_mafr_dc_grnd006/sourceimages/cm_mafr_dc_grnd006_srm.ftex</containerEntry>
        </property>
        <property name="normalTexture" type="Path" container="StaticArray" arraySize="1">
          <containerEntry>/Assets/tpp/common_source/fmtr/decal/middle_africa/cm_mafr_dc_grnd006/sourceimages/cm_mafr_dc_grnd006_nrm.ftex</containerEntry>
        </property>
        <property name="materialMapTexture" type="Path" container="StaticArray" arraySize="1">
          <containerEntry hash="0xB8A0BF169F98"></containerEntry>
        </property>
        <property name="materialIndex" type="UInt8" container="StaticArray" arraySize="1">
          <containerEntry>21</containerEntry>
        </property>
        <property name="diffuseColor" type="Color" container="StaticArray" arraySize="1">
          <containerEntry r="1" g="1" b="1" a="1"></containerEntry>
        </property>
        <property name="specularColor" type="Color" container="StaticArray" arraySize="1">
          <containerEntry r="0" g="0" b="0" a="0"></containerEntry>
        </property>
        <property name="fmtrPath" type="Path" container="StaticArray" arraySize="1">
          <containerEntry hash="0xB8A0BF169F98"></containerEntry>
        </property>
        <property name="residentFlag" type="Bool" container="StaticArray" arraySize="1">
          <containerEntry>false</containerEntry>
        </property>
      </staticProperties>
      <dynamicProperties></dynamicProperties>
    </entity>
    <entity class="StaticModelArray" classVersion="4" classID="0xD0" addr="0x2EF1B30" id="0x0">
      <staticProperties>
        <property name="name" type="String" container="StaticArray" arraySize="1">
          <containerEntry>StaticModelArray0000</containerEntry>
        </property>
        <property name="dataSet" type="EntityHandle" container="StaticArray" arraySize="1">
          <containerEntry>0x2EF4680</containerEntry>
        </property>
        <property name="modelFile" type="FilePtr" container="StaticArray" arraySize="1">
          <containerEntry>/Assets/tpp/environ/object/middle_africa/tree/mafr_tree038/scenes/mafr_tree038.fmdl</containerEntry>
        </property>
        <property name="geomFile" type="FilePtr" container="StaticArray" arraySize="1">
          <containerEntry>/Assets/tpp/environ/object/middle_africa/tree/mafr_tree038/scenes/mafr_tree038.geom</containerEntry>
        </property>
        <property name="isVisibleGeom" type="Bool" container="StaticArray" arraySize="1">
          <containerEntry>false</containerEntry>
        </property>
        <property name="lodFarSize" type="Float" container="StaticArray" arraySize="1">
          <containerEntry>-1</containerEntry>
        </property>
        <property name="lodNearSize" type="Float" container="StaticArray" arraySize="1">
          <containerEntry>-1</containerEntry>
        </property>
        <property name="lodPolygonSize" type="Float" container="StaticArray" arraySize="1">
          <containerEntry>-1</containerEntry>
        </property>
        <property name="drawRejectionLevel" type="Int32" container="StaticArray" arraySize="1">
          <containerEntry>8</containerEntry>
        </property>
        <property name="drawMode" type="Int32" container="StaticArray" arraySize="1">
          <containerEntry>0</containerEntry>
        </property>
        <property name="rejectFarRangeShadowCast" type="Int32" container="StaticArray" arraySize="1">
          <containerEntry>2</containerEntry>
        </property>
        <property name="parentLocator" type="EntityLink" container="StaticArray" arraySize="1">
          <containerEntry packagePathHash="0xB8A0BF169F98" archivePathHash="0xB8A0BF169F98" nameInArchiveHash="0xB8A0BF169F98">0x0</containerEntry>
        </property>
        <property name="transforms" type="Matrix4" container="DynamicArray" arraySize="9">
          <containerEntry r11="1" r12="0" r13="0" r14="0" r21="0" r22="1" r23="0" r24="0" r31="0" r32="0" r33="1" r34="0" r41="2236.2239" r42="78.32364" r43="-31.34589" r44="1"></containerEntry>
          <containerEntry r11="0.30901998" r12="0" r13="-0.9510557" r14="0" r21="0" r22="1" r23="0" r24="0" r31="0.9510557" r32="0" r33="0.30901998" r34="0" r41="2220.7886" r42="81.11859" r43="-11.3256" r44="1"></containerEntry>
          <containerEntry r11="-0.80901504" r12="0" r13="-0.58779067" r14="0" r21="0" r22="1" r23="0" r24="0" r31="0.58779067" r32="0" r33="-0.80901504" r34="0" r41="2239.3865" r42="81.83608" r43="-16.061869" r44="1"></containerEntry>
          <containerEntry r11="-0.80902493" r12="0" r13="0.5877803" r14="0" r21="0" r22="1" r23="0" r24="0" r31="-0.5877803" r32="0" r33="-0.80902493" r34="0" r41="2210.9985" r42="80.954834" r43="-70.42852" r44="1"></containerEntry>
          <containerEntry r11="0.30900735" r12="0" r13="0.9510655" r14="0" r21="0" r22="1" r23="0" r24="0" r31="-0.9510655" r32="0" r33="0.30900735" r34="0" r41="2264.3691" r42="77.78691" r43="-6.825483" r44="1"></containerEntry>
          <containerEntry r11="1.000008" r12="0" r13="1.6000127e-05" r14="0" r21="0" r22="1" r23="0" r24="0" r31="-1.6000127e-05" r32="0" r33="1.000008" r34="0" r41="2240.3843" r42="80.55917" r43="-72.592606" r44="1"></containerEntry>
          <containerEntry r11="0.30903947" r12="0" r13="-0.9510598" r14="0" r21="0" r22="1" r23="0" r24="0" r31="0.9510598" r32="0" r33="0.30903947" r34="0" r41="2189.752" r42="80.372536" r43="-31.981941" r44="1"></containerEntry>
          <containerEntry r11="-0.8090479" r12="0" r13="0.5877714" r14="0" r21="0" r22="1" r23="0" r24="0" r31="-0.5877714" r32="0" r33="-0.8090479" r34="0" r41="2210.1023" r42="86.64588" r43="-129.6409" r44="1"></containerEntry>
          <containerEntry r11="0.30899084" r12="0" r13="0.9510861" r14="0" r21="0" r22="1" r23="0" r24="0" r31="-0.9510861" r32="0" r33="0.30899084" r34="0" r41="2180.4575" r42="84.193054" r43="-128.52426" r44="1"></containerEntry>
        </property>
        <property name="colors" type="UInt32" container="DynamicArray" arraySize="9">
          <containerEntry>4294967295</containerEntry>
          <containerEntry>4294967295</containerEntry>
          <containerEntry>4294967295</containerEntry>
          <containerEntry>4294967295</containerEntry>
          <containerEntry>4294967295</containerEntry>
          <containerEntry>4294967295</containerEntry>
          <containerEntry>4294967295</containerEntry>
          <containerEntry>4294967295</containerEntry>
          <containerEntry>4294967295</containerEntry>
        </property>
      </staticProperties>
      <dynamicProperties></dynamicProperties>
    </entity>
    <entity class="StaticModelArray" classVersion="4" classID="0xD0" addr="0x2EF1BA0" id="0x0">
      <staticProperties>
        <property name="name" type="String" container="StaticArray" arraySize="1">
          <containerEntry>StaticModelArray0001</containerEntry>
        </property>
        <property name="dataSet" type="EntityHandle" container="StaticArray" arraySize="1">
          <containerEntry>0x2EF4680</containerEntry>
        </property>
        <property name="modelFile" type="FilePtr" container="StaticArray" arraySize="1">
          <containerEntry>/Assets/tpp/environ/object/middle_africa/tree/mafr_tree032/scenes/mafr_tree032.fmdl</containerEntry>
        </property>
        <property name="geomFile" type="FilePtr" container="StaticArray" arraySize="1">
          <containerEntry>/Assets/tpp/environ/object/middle_africa/tree/mafr_tree032/scenes/mafr_tree032.geom</containerEntry>
        </property>
        <property name="isVisibleGeom" type="Bool" container="StaticArray" arraySize="1">
          <containerEntry>false</containerEntry>
        </property>
        <property name="lodFarSize" type="Float" container="StaticArray" arraySize="1">
          <containerEntry>-1</containerEntry>
        </property>
        <property name="lodNearSize" type="Float" container="StaticArray" arraySize="1">
          <containerEntry>-1</containerEntry>
        </property>
        <property name="lodPolygonSize" type="Float" container="StaticArray" arraySize="1">
          <containerEntry>-1</containerEntry>
        </property>
        <property name="drawRejectionLevel" type="Int32" container="StaticArray" arraySize="1">
          <containerEntry>8</containerEntry>
        </property>
        <property name="drawMode" type="Int32" container="StaticArray" arraySize="1">
          <containerEntry>0</containerEntry>
        </property>
        <property name="rejectFarRangeShadowCast" type="Int32" container="StaticArray" arraySize="1">
          <containerEntry>2</containerEntry>
        </property>
        <property name="parentLocator" type="EntityLink" container="StaticArray" arraySize="1">
          <containerEntry packagePathHash="0xB8A0BF169F98" archivePathHash="0xB8A0BF169F98" nameInArchiveHash="0xB8A0BF169F98">0x0</containerEntry>
        </property>
        <property name="transforms" type="Matrix4" container="DynamicArray" arraySize="3">
          <containerEntry r11="0.44616604" r12="0" r13="0.89495033" r14="0" r21="0" r22="1" r23="0" r24="0" r31="-0.89495033" r32="0" r33="0.44616604" r34="0" r41="2282.649" r42="79.589355" r43="-61.14872" r44="1"></containerEntry>
          <containerEntry r11="0.57" r12="0" r13="0" r14="0" r21="0" r22="0.57" r23="0" r24="0" r31="0" r32="0" r33="0.57" r34="0" r41="2288.0315" r42="80.31457" r43="-75.275406" r44="1"></containerEntry>
          <containerEntry r11="-0.09523845" r12="0" r13="0.99545515" r14="0" r21="0" r22="1" r23="0" r24="0" r31="-0.99545515" r32="0" r33="-0.09523845" r34="0" r41="2289.4932" r42="79.3977" r43="-28.175919" r44="1"></containerEntry>
        </property>
        <property name="colors" type="UInt32" container="DynamicArray" arraySize="3">
          <containerEntry>4294967295</containerEntry>
          <containerEntry>4294967295</containerEntry>
          <containerEntry>4294967295</containerEntry>
        </property>
      </staticProperties>
      <dynamicProperties></dynamicProperties>
    </entity>
    <entity class="StaticModelArray" classVersion="4" classID="0xD0" addr="0x2EF1C80" id="0x0">
      <staticProperties>
        <property name="name" type="String" container="StaticArray" arraySize="1">
          <containerEntry>StaticModelArray0002</containerEntry>
        </property>
        <property name="dataSet" type="EntityHandle" container="StaticArray" arraySize="1">
          <containerEntry>0x2EF4680</containerEntry>
        </property>
        <property name="modelFile" type="FilePtr" container="StaticArray" arraySize="1">
          <containerEntry>/Assets/tpp/environ/object/middle_africa/rock/mafr_rock010/scenes/mafr_rock010.fmdl</containerEntry>
        </property>
        <property name="geomFile" type="FilePtr" container="StaticArray" arraySize="1">
          <containerEntry>/Assets/tpp/environ/object/middle_africa/rock/mafr_rock010/scenes/mafr_rock010.geom</containerEntry>
        </property>
        <property name="isVisibleGeom" type="Bool" container="StaticArray" arraySize="1">
          <containerEntry>false</containerEntry>
        </property>
        <property name="lodFarSize" type="Float" container="StaticArray" arraySize="1">
          <containerEntry>-1</containerEntry>
        </property>
        <property name="lodNearSize" type="Float" container="StaticArray" arraySize="1">
          <containerEntry>-1</containerEntry>
        </property>
        <property name="lodPolygonSize" type="Float" container="StaticArray" arraySize="1">
          <containerEntry>-1</containerEntry>
        </property>
        <property name="drawRejectionLevel" type="Int32" container="StaticArray" arraySize="1">
          <containerEntry>8</containerEntry>
        </property>
        <property name="drawMode" type="Int32" container="StaticArray" arraySize="1">
          <containerEntry>0</containerEntry>
        </property>
        <property name="rejectFarRangeShadowCast" type="Int32" container="StaticArray" arraySize="1">
          <containerEntry>2</containerEntry>
        </property>
        <property name="parentLocator" type="EntityLink" container="StaticArray" arraySize="1">
          <containerEntry packagePathHash="0xB8A0BF169F98" archivePathHash="0xB8A0BF169F98" nameInArchiveHash="0xB8A0BF169F98">0x0</containerEntry>
        </property>
        <property name="transforms" type="Matrix4" container="DynamicArray" arraySize="12">
          <containerEntry r11="1" r12="0" r13="0" r14="0" r21="0" r22="1" r23="0" r24="0" r31="0" r32="0" r33="1" r34="0" r41="2275.7183" r42="67.99818" r43="-121.479836" r44="1"></containerEntry>
          <containerEntry r11="0.879437" r12="-0.43423718" r13="0.19500893" r14="0" r21="0.47597355" r22="0.80759937" r23="-0.34818432" r24="0" r31="-0.0062944517" r32="0.3990253" r33="0.9169183" r34="0" r41="2300.0032" r42="68.42991" r43="-58.415215" r44="1"></containerEntry>
          <containerEntry r11="1" r12="0" r13="0" r14="0" r21="0" r22="1" r23="0" r24="0" r31="0" r32="0" r33="1" r34="0" r41="2294.6084" r42="68.49916" r43="-73.888016" r44="1"></containerEntry>
          <containerEntry r11="-0.6861348" r12="0" r13="-0.7274759" r14="0" r21="0" r22="1" r23="0" r24="0" r31="0.7274759" r32="0" r33="-0.6861348" r34="0" r41="2272.2446" r42="81.70808" r43="-64.576706" r44="1"></containerEntry>
          <containerEntry r11="1.9848715" r12="0" r13="-0.24553844" r14="0" r21="0" r22="2" r23="0" r24="0" r31="0.24553844" r32="0" r33="1.9848715" r34="0" r41="2214.8203" r42="84.06866" r43="-135.9175" r44="1"></containerEntry>
          <containerEntry r11="0.5756705" r12="-0.04418194" r13="0.8164873" r14="0" r21="0.018581498" r22="0.9989881" r23="0.040956445" r24="0" r31="-0.81747067" r32="-0.008405862" r33="0.57590896" r34="0" r41="2296.9182" r42="68.850365" r43="-35.81558" r44="1"></containerEntry>
          <containerEntry r11="-0.7071307" r12="0" r13="-0.70708317" r14="0" r21="0" r22="1" r23="0" r24="0" r31="0.70708317" r32="0" r33="-0.7071307" r34="0" r41="2294.8987" r42="66.895065" r43="-108.62701" r44="1"></containerEntry>
          <containerEntry r11="-0.58779395" r12="0" r13="0.80900943" r14="0" r21="0" r22="1" r23="0" r24="0" r31="-0.80900943" r32="0" r33="-0.58779395" r34="0" r41="2288.164" r42="67.88047" r43="-97.84902" r44="1"></containerEntry>
          <containerEntry r11="-0.9436034" r12="0" r13="-0.33108094" r14="0" r21="0" r22="1" r23="0" r24="0" r31="0.33108094" r32="0" r33="-0.9436034" r34="0" r41="2201.0845" r42="70.59542" r43="-109.027084" r44="1"></containerEntry>
          <containerEntry r11="-0.9436043" r12="0" r13="-0.33108127" r14="0" r21="0" r22="1" r23="0" r24="0" r31="0.33108127" r32="0" r33="-0.9436043" r34="0" r41="2171.4893" r42="69.74288" r43="-105.57228" r44="1"></containerEntry>
          <containerEntry r11="-0.71833616" r12="0" r13="0.69569707" r14="0" r21="0" r22="1" r23="0" r24="0" r31="-0.69569707" r32="0" r33="-0.71833616" r34="0" r41="2191.6128" r42="70.6075" r43="-105.73195" r44="1"></containerEntry>
          <containerEntry r11="-0.7071307" r12="0" r13="-0.70708317" r14="0" r21="0" r22="1" r23="0" r24="0" r31="0.70708317" r32="0" r33="-0.7071307" r34="0" r41="2296.9749" r42="68.154305" r43="-123.16896" r44="1"></containerEntry>
        </property>
        <property name="colors" type="UInt32" container="DynamicArray" arraySize="12">
          <containerEntry>4294967295</containerEntry>
          <containerEntry>4294967295</containerEntry>
          <containerEntry>4294967295</containerEntry>
          <containerEntry>4294967295</containerEntry>
          <containerEntry>4294967295</containerEntry>
          <containerEntry>4294967295</containerEntry>
          <containerEntry>4294967295</containerEntry>
          <containerEntry>4294967295</containerEntry>
          <containerEntry>4294967295</containerEntry>
          <containerEntry>4294967295</containerEntry>
          <containerEntry>4294967295</containerEntry>
          <containerEntry>4294967295</containerEntry>
        </property>
      </staticProperties>
      <dynamicProperties></dynamicProperties>
    </entity>
    <entity class="StaticModelArray" classVersion="4" classID="0xD0" addr="0x2EF1C10" id="0x0">
      <staticProperties>
        <property name="name" type="String" container="StaticArray" arraySize="1">
          <containerEntry>StaticModelArray0003</containerEntry>
        </property>
        <property name="dataSet" type="EntityHandle" container="StaticArray" arraySize="1">
          <containerEntry>0x2EF4680</containerEntry>
        </property>
        <property name="modelFile" type="FilePtr" container="StaticArray" arraySize="1">
          <containerEntry>/Assets/tpp/environ/object/middle_africa/barricade/mafr_brrc002/scenes/mafr_brrc002.fmdl</containerEntry>
        </property>
        <property name="geomFile" type="FilePtr" container="StaticArray" arraySize="1">
          <containerEntry>/Assets/tpp/environ/object/middle_africa/barricade/mafr_brrc002/scenes/mafr_brrc002.geom</containerEntry>
        </property>
        <property name="isVisibleGeom" type="Bool" container="StaticArray" arraySize="1">
          <containerEntry>false</containerEntry>
        </property>
        <property name="lodFarSize" type="Float" container="StaticArray" arraySize="1">
          <containerEntry>-1</containerEntry>
        </property>
        <property name="lodNearSize" type="Float" container="StaticArray" arraySize="1">
          <containerEntry>-1</containerEntry>
        </property>
        <property name="lodPolygonSize" type="Float" container="StaticArray" arraySize="1">
          <containerEntry>-1</containerEntry>
        </property>
        <property name="drawRejectionLevel" type="Int32" container="StaticArray" arraySize="1">
          <containerEntry>8</containerEntry>
        </property>
        <property name="drawMode" type="Int32" container="StaticArray" arraySize="1">
          <containerEntry>0</containerEntry>
        </property>
        <property name="rejectFarRangeShadowCast" type="Int32" container="StaticArray" arraySize="1">
          <containerEntry>2</containerEntry>
        </property>
        <property name="parentLocator" type="EntityLink" container="StaticArray" arraySize="1">
          <containerEntry packagePathHash="0xB8A0BF169F98" archivePathHash="0xB8A0BF169F98" nameInArchiveHash="0xB8A0BF169F98">0x0</containerEntry>
        </property>
        <property name="transforms" type="Matrix4" container="DynamicArray" arraySize="4">
          <containerEntry r11="0.12474093" r12="-0.01906319" r13="-0.9920075" r14="0" r21="-0.0052491752" r22="0.9997887" r23="-0.019872773" r24="0" r31="0.9921769" r32="0.007686138" r33="0.12461457" r34="0" r41="2278.2246" r42="69.114" r43="-105.73972" r44="1"></containerEntry>
          <containerEntry r11="0.05130121" r12="-0.05819542" r13="-0.99698544" r14="0" r21="-0.011921443" r22="0.9981939" r23="-0.058879416" r24="0" r31="0.99861133" r32="0.014906055" r33="0.050514728" r34="0" r41="2277.9338" r42="69.24391" r43="-102.30677" r44="1"></containerEntry>
          <containerEntry r11="0.12534925" r12="0.036196522" r13="-0.9914498" r14="0" r21="0.007178167" r22="0.99927497" r23="0.037389748" r24="0" r31="0.99208426" r32="-0.01180359" r33="0.12499857" r34="0" r41="2270.1252" r42="69.173775" r43="-109.191826" r44="1"></containerEntry>
          <containerEntry r11="0.12526655" r12="0.02558995" r13="-0.99179506" r14="0" r21="0.008508978" r22="0.9996028" r23="0.02686612" r24="0" r31="0.99208856" r32="-0.011804674" r33="0.12499902" r34="0" r41="2270.6807" r42="69.3512" r43="-112.459595" r44="1"></containerEntry>
        </property>
        <property name="colors" type="UInt32" container="DynamicArray" arraySize="4">
          <containerEntry>4294967295</containerEntry>
          <containerEntry>4294967295</containerEntry>
          <containerEntry>4294967295</containerEntry>
          <containerEntry>4294967295</containerEntry>
        </property>
      </staticProperties>
      <dynamicProperties></dynamicProperties>
    </entity>
    <entity class="StaticModelArray" classVersion="4" classID="0xD0" addr="0x2EF4CA0" id="0x0">
      <staticProperties>
        <property name="name" type="String" container="StaticArray" arraySize="1">
          <containerEntry>StaticModelArray0004</containerEntry>
        </property>
        <property name="dataSet" type="EntityHandle" container="StaticArray" arraySize="1">
          <containerEntry>0x2EF4680</containerEntry>
        </property>
        <property name="modelFile" type="FilePtr" container="StaticArray" arraySize="1">
          <containerEntry>/Assets/tpp/environ/object/middle_africa/rock/mafr_rock002/scenes/mafr_rock002.fmdl</containerEntry>
        </property>
        <property name="geomFile" type="FilePtr" container="StaticArray" arraySize="1">
          <containerEntry>/Assets/tpp/environ/object/middle_africa/rock/mafr_rock002/scenes/mafr_rock002.geom</containerEntry>
        </property>
        <property name="isVisibleGeom" type="Bool" container="StaticArray" arraySize="1">
          <containerEntry>false</containerEntry>
        </property>
        <property name="lodFarSize" type="Float" container="StaticArray" arraySize="1">
          <containerEntry>-1</containerEntry>
        </property>
        <property name="lodNearSize" type="Float" container="StaticArray" arraySize="1">
          <containerEntry>-1</containerEntry>
        </property>
        <property name="lodPolygonSize" type="Float" container="StaticArray" arraySize="1">
          <containerEntry>-1</containerEntry>
        </property>
        <property name="drawRejectionLevel" type="Int32" container="StaticArray" arraySize="1">
          <containerEntry>8</containerEntry>
        </property>
        <property name="drawMode" type="Int32" container="StaticArray" arraySize="1">
          <containerEntry>0</containerEntry>
        </property>
        <property name="rejectFarRangeShadowCast" type="Int32" container="StaticArray" arraySize="1">
          <containerEntry>2</containerEntry>
        </property>
        <property name="parentLocator" type="EntityLink" container="StaticArray" arraySize="1">
          <containerEntry packagePathHash="0xB8A0BF169F98" archivePathHash="0xB8A0BF169F98" nameInArchiveHash="0xB8A0BF169F98">0x0</containerEntry>
        </property>
        <property name="transforms" type="Matrix4" container="DynamicArray" arraySize="16">
          <containerEntry r11="0.42148077" r12="0" r13="-0.90683347" r14="0" r21="0" r22="1" r23="0" r24="0" r31="0.90683347" r32="0" r33="0.42148077" r34="0" r41="2291.4814" r42="70.66983" r43="-85.61042" r44="1"></containerEntry>
          <containerEntry r11="0.8656933" r12="0" r13="0.50057065" r14="0" r21="0" r22="1" r23="0" r24="0" r31="-0.50057065" r32="0" r33="0.8656933" r34="0" r41="2273.79" r42="69.07817" r43="-120.90647" r44="1"></containerEntry>
          <containerEntry r11="-0.09968859" r12="0" r13="-0.9950137" r14="0" r21="0" r22="1" r23="0" r24="0" r31="0.9950137" r32="0" r33="-0.09968859" r34="0" r41="2269.7002" r42="69.05529" r43="-125.83756" r44="1"></containerEntry>
          <containerEntry r11="-0.9522761" r12="0.06827291" r13="-0.29746857" r14="0" r21="0.06516789" r22="0.99766666" r23="0.020356644" r24="0" r31="0.29816428" r32="-2.0209578e-07" r33="-0.95450336" r34="0" r41="2246.4" r42="72.32228" r43="-112.69346" r44="1"></containerEntry>
          <containerEntry r11="-0.9684301" r12="0.020275155" r13="-0.24844638" r14="0" r21="0.01872115" r22="0.9997876" r23="0.0086164195" r24="0" r31="0.2485683" r32="0.0036931993" r33="-0.96860397" r34="0" r41="2259.8992" r42="69.398796" r43="-104.81576" r44="1"></containerEntry>
          <containerEntry r11="0.85628873" r12="7.841713e-07" r13="0.51649135" r14="0" r21="0.017069947" r22="0.99945366" r23="-0.028301675" r24="0" r31="-0.5162092" r32="0.03305089" r33="0.85582095" r34="0" r41="2301.3127" r42="68.32264" r43="-117.04347" r44="1"></containerEntry>
          <containerEntry r11="0.03893638" r12="0" r13="-0.9992381" r14="0" r21="0" r22="1" r23="0" r24="0" r31="0.9992381" r32="0" r33="0.03893638" r34="0" r41="2300.1763" r42="68.595276" r43="-63.232098" r44="1"></containerEntry>
          <containerEntry r11="-0.9265152" r12="-0.08640188" r13="-0.36624753" r14="0" r21="-0.08035052" r22="0.99626046" r23="-0.031762466" r24="0" r31="0.36762226" r32="-2.0675672e-07" r33="-0.9299929" r34="0" r41="2174.0532" r42="72.31271" r43="-119.013664" r44="1"></containerEntry>
          <containerEntry r11="-0.5656961" r12="0" r13="0.8246127" r14="0" r21="0" r22="1" r23="0" r24="0" r31="-0.8246127" r32="0" r33="-0.5656961" r34="0" r41="2289.8171" r42="70.12831" r43="-141.58508" r44="1"></containerEntry>
          <containerEntry r11="0.98886704" r12="0" r13="-0.14878173" r14="0" r21="0" r22="1" r23="0" r24="0" r31="0.14878173" r32="0" r33="0.98886704" r34="0" r41="2289.5261" r42="69.49361" r43="-111.24738" r44="1"></containerEntry>
          <containerEntry r11="-0.9999759" r12="0" r13="0.00664996" r14="0" r21="0" r22="1" r23="0" r24="0" r31="-0.00664996" r32="0" r33="-0.9999759" r34="0" r41="2234.532" r42="72.32606" r43="-102.36992" r44="1"></containerEntry>
          <containerEntry r11="4.998054" r12="-0.1262522" r13="0.059284776" r14="0" r21="0.1262433" r22="4.998406" r23="0.0014986491" r24="0" r31="-0.05930372" r32="-1.2054807e-06" r33="4.999648" r34="0" r41="2187.6885" r42="82.00005" r43="-75.49967" r44="1"></containerEntry>
          <containerEntry r11="-5.9428067" r12="0.095891945" r13="-0.8207729" r14="0" r21="0.10397961" r22="5.9988737" r23="-0.052010324" r24="0" r31="0.8197876" r32="-0.06573864" r33="-5.9433527" r34="0" r41="2242.3118" r42="82.693085" r43="-72.31195" r44="1"></containerEntry>
          <containerEntry r11="0.4501183" r12="0" r13="0.8929689" r14="0" r21="0" r22="1" r23="0" r24="0" r31="-0.8929689" r32="0" r33="0.4501183" r34="0" r41="2273.2083" r42="80.267715" r43="-62.90567" r44="1"></containerEntry>
          <containerEntry r11="0.111335814" r12="0.30000108" r13="-5.991466" r14="0" r21="-0.051906846" r22="5.9923167" r23="0.2990793" r24="0" r31="5.9987473" r32="0.046283025" r33="0.113788605" r34="0" r41="2265.771" r42="78.98841" r43="-29.374956" r44="1"></containerEntry>
          <containerEntry r11="-0.9233775" r12="0" r13="-0.38388136" r14="0" r21="0" r22="1" r23="0" r24="0" r31="0.38388136" r32="0" r33="-0.9233775" r34="0" r41="2285.667" r42="70.345245" r43="-85.76773" r44="1"></containerEntry>
        </property>
        <property name="colors" type="UInt32" container="DynamicArray" arraySize="16">
          <containerEntry>4294967295</containerEntry>
          <containerEntry>4294967295</containerEntry>
          <containerEntry>4294967295</containerEntry>
          <containerEntry>4294967295</containerEntry>
          <containerEntry>4294967295</containerEntry>
          <containerEntry>4294967295</containerEntry>
          <containerEntry>4294967295</containerEntry>
          <containerEntry>4294967295</containerEntry>
          <containerEntry>4294967295</containerEntry>
          <containerEntry>4294967295</containerEntry>
          <containerEntry>4294967295</containerEntry>
          <containerEntry>4294967295</containerEntry>
          <containerEntry>4294967295</containerEntry>
          <containerEntry>4294967295</containerEntry>
          <containerEntry>4294967295</containerEntry>
          <containerEntry>4294967295</containerEntry>
        </property>
      </staticProperties>
      <dynamicProperties></dynamicProperties>
    </entity>
    <entity class="StaticModelArray" classVersion="4" classID="0xD0" addr="0x2D7EB00" id="0x0">
      <staticProperties>
        <property name="name" type="String" container="StaticArray" arraySize="1">
          <containerEntry>StaticModelArray0005</containerEntry>
        </property>
        <property name="dataSet" type="EntityHandle" container="StaticArray" arraySize="1">
          <containerEntry>0x2EF4680</containerEntry>
        </property>
        <property name="modelFile" type="FilePtr" container="StaticArray" arraySize="1">
          <containerEntry>/Assets/tpp/environ/object/middle_africa/cliff/mafr_clff003/scenes/mafr_clff003.fmdl</containerEntry>
        </property>
        <property name="geomFile" type="FilePtr" container="StaticArray" arraySize="1">
          <containerEntry>/Assets/tpp/environ/object/middle_africa/cliff/mafr_clff003/scenes/mafr_clff003.geom</containerEntry>
        </property>
        <property name="isVisibleGeom" type="Bool" container="StaticArray" arraySize="1">
          <containerEntry>false</containerEntry>
        </property>
        <property name="lodFarSize" type="Float" container="StaticArray" arraySize="1">
          <containerEntry>-1</containerEntry>
        </property>
        <property name="lodNearSize" type="Float" container="StaticArray" arraySize="1">
          <containerEntry>-1</containerEntry>
        </property>
        <property name="lodPolygonSize" type="Float" container="StaticArray" arraySize="1">
          <containerEntry>-1</containerEntry>
        </property>
        <property name="drawRejectionLevel" type="Int32" container="StaticArray" arraySize="1">
          <containerEntry>8</containerEntry>
        </property>
        <property name="drawMode" type="Int32" container="StaticArray" arraySize="1">
          <containerEntry>0</containerEntry>
        </property>
        <property name="rejectFarRangeShadowCast" type="Int32" container="StaticArray" arraySize="1">
