<fox formatVersion="2" fileVersion="0">
  <entities>
    <entity class="DataSet" classVersion="0" classID="0xE8" addr="0x2F73110" id="0x1F1283">
      <staticProperties>
        <property name="name" type="String" container="StaticArray" arraySize="1">
          <containerEntry hash="0xB8A0BF169F98"></containerEntry>
        </property>
        <property name="dataSet" type="EntityHandle" container="StaticArray" arraySize="1">
          <containerEntry>0x0</containerEntry>
        </property>
        <property name="dataList" type="EntityPtr" container="StringMap" arraySize="11">
          <containerEntry key="mafr_lamp001_wide_gim_i0000|TppSharedGimmick_mafr_lamp001_wide">
            <data>0x2D79850</data>
          </containerEntry>
          <containerEntry key="StaticModelArray0000">
            <data>0x2D7EB70</data>
          </containerEntry>
          <containerEntry key="StaticModelArray0001">
            <data>0x2D7EBE0</data>
          </containerEntry>
          <containerEntry key="StaticModelArray0002">
            <data>0x2D7EC50</data>
          </containerEntry>
          <containerEntry key="StaticModelArray0003">
            <data>0x2D7ECC0</data>
          </containerEntry>
          <containerEntry key="StaticModelArray0004">
            <data>0x2D7ED30</data>
          </containerEntry>
          <containerEntry key="StaticModelArray0005">
            <data>0x2D7E5C0</data>
          </containerEntry>
          <containerEntry key="StaticModelArray0006">
            <data>0x2D7EB00</data>
          </containerEntry>
          <containerEntry key="StaticModelArray0007">
            <data>0x2D7E390</data>
          </containerEntry>
          <containerEntry key="StaticModelArray0008">
            <data>0x2D7E6A0</data>
          </containerEntry>
          <containerEntry key="TexturePackLoadConditioner0000">
            <data>0x2D7F190</data>
          </containerEntry>
        </property>
      </staticProperties>
      <dynamicProperties></dynamicProperties>
    </entity>
    <entity class="TppSharedGimmickData" classVersion="1" classID="0xF0" addr="0x2D79850" id="0x8FEE3">
      <staticProperties>
        <property name="name" type="String" container="StaticArray" arraySize="1">
          <containerEntry>mafr_lamp001_wide_gim_i0000|TppSharedGimmick_mafr_lamp001_wide</containerEntry>
        </property>
        <property name="dataSet" type="EntityHandle" container="StaticArray" arraySize="1">
          <containerEntry>0x2F73110</containerEntry>
        </property>
        <property name="modelFile" type="FilePtr" container="StaticArray" arraySize="1">
          <containerEntry>/Assets/tpp/environ/object/middle_africa/lamp/mafr_lamp001/scenes/mafr_lamp001.fmdl</containerEntry>
        </property>
        <property name="geomFile" type="FilePtr" container="StaticArray" arraySize="1">
          <containerEntry>/Assets/tpp/environ/object/middle_africa/lamp/mafr_lamp001/scenes/mafr_lamp001.geom</containerEntry>
        </property>
        <property name="breakedModelFile" type="FilePtr" container="StaticArray" arraySize="1">
          <containerEntry hash="0xB8A0BF169F98"></containerEntry>
        </property>
        <property name="breakedGeomFile" type="FilePtr" container="StaticArray" arraySize="1">
          <containerEntry hash="0xB8A0BF169F98"></containerEntry>
        </property>
        <property name="partsFile" type="FilePtr" container="StaticArray" arraySize="1">
          <containerEntry>/Assets/tpp/parts/environ/object/middle_africa/lamp/mafr_lamp001/mafr_lamp001_wide.parts</containerEntry>
        </property>
        <property name="numDynamicGimmick" type="UInt32" container="StaticArray" arraySize="1">
          <containerEntry>2</containerEntry>
        </property>
        <property name="locaterFile" type="FilePtr" container="StaticArray" arraySize="1">
          <containerEntry>/Assets/tpp/level/location/afgh/block_small/141/141_146/lba/mafr_lamp001_wide.lba</containerEntry>
        </property>
        <property name="flags1" type="UInt32" container="StaticArray" arraySize="1">
          <containerEntry>1573397</containerEntry>
        </property>
        <property name="flags2" type="UInt32" container="StaticArray" arraySize="1">
          <containerEntry>0</containerEntry>
        </property>
      </staticProperties>
      <dynamicProperties></dynamicProperties>
    </entity>
    <entity class="StaticModelArray" classVersion="4" classID="0xD0" addr="0x2D7EB70" id="0x0">
      <staticProperties>
        <property name="name" type="String" container="StaticArray" arraySize="1">
          <containerEntry>StaticModelArray0000</containerEntry>
        </property>
        <property name="dataSet" type="EntityHandle" container="StaticArray" arraySize="1">
          <containerEntry>0x2F73110</containerEntry>
        </property>
        <property name="modelFile" type="FilePtr" container="StaticArray" arraySize="1">
          <containerEntry>/Assets/tpp/environ/object/afghanistan/cliff/afgh_clff022/scenes/afgh_clff022_vrtn004.fmdl</containerEntry>
        </property>
        <property name="geomFile" type="FilePtr" container="StaticArray" arraySize="1">
          <containerEntry>/Assets/tpp/environ/object/afghanistan/cliff/afgh_clff022/scenes/afgh_clff022_vrtn004.geom</containerEntry>
        </property>
        <property name="isVisibleGeom" type="Bool" container="StaticArray" arraySize="1">
          <containerEntry>false</containerEntry>
        </property>
        <property name="lodFarSize" type="Float" container="StaticArray" arraySize="1">
          <containerEntry>-1</containerEntry>
        </property>
        <property name="lodNearSize" type="Float" container="StaticArray" arraySize="1">
          <containerEntry>-1</containerEntry>
        </property>
        <property name="lodPolygonSize" type="Float" container="StaticArray" arraySize="1">
          <containerEntry>-1</containerEntry>
        </property>
        <property name="drawRejectionLevel" type="Int32" container="StaticArray" arraySize="1">
          <containerEntry>8</containerEntry>
        </property>
        <property name="drawMode" type="Int32" container="StaticArray" arraySize="1">
          <containerEntry>0</containerEntry>
        </property>
        <property name="rejectFarRangeShadowCast" type="Int32" container="StaticArray" arraySize="1">
          <containerEntry>2</containerEntry>
        </property>
        <property name="parentLocator" type="EntityLink" container="StaticArray" arraySize="1">
          <containerEntry packagePathHash="0xB8A0BF169F98" archivePathHash="0xB8A0BF169F98" nameInArchiveHash="0xB8A0BF169F98">0x0</containerEntry>
        </property>
        <property name="transforms" type="Matrix4" container="DynamicArray" arraySize="2">
          <containerEntry r11="0.34203035" r12="0" r13="0.9396887" r14="0" r21="0" r22="1" r23="0" r24="0" r31="-0.9396887" r32="0" r33="0.34203035" r34="0" r41="1127.6986" r42="337.96576" r43="1744.4755" r44="1"></containerEntry>
          <containerEntry r11="-0.7070974" r12="0" r13="0.7071151" r14="0" r21="0" r22="1" r23="0" r24="0" r31="-0.7071151" r32="0" r33="-0.7070974" r34="0" r41="1139.47" r42="337.96576" r43="1717.8949" r44="1"></containerEntry>
        </property>
        <property name="colors" type="UInt32" container="DynamicArray" arraySize="2">
          <containerEntry>4294967295</containerEntry>
          <containerEntry>4294967295</containerEntry>
        </property>
      </staticProperties>
      <dynamicProperties></dynamicProperties>
    </entity>
    <entity class="StaticModelArray" classVersion="4" classID="0xD0" addr="0x2D7EBE0" id="0x0">
      <staticProperties>
        <property name="name" type="String" container="StaticArray" arraySize="1">
          <containerEntry>StaticModelArray0001</containerEntry>
        </property>
        <property name="dataSet" type="EntityHandle" container="StaticArray" arraySize="1">
          <containerEntry>0x2F73110</containerEntry>
        </property>
        <property name="modelFile" type="FilePtr" container="StaticArray" arraySize="1">
          <containerEntry>/Assets/tpp/environ/object/afghanistan/cliff/afgh_clff013/scenes/afgh_clff013.fmdl</containerEntry>
        </property>
        <property name="geomFile" type="FilePtr" container="StaticArray" arraySize="1">
          <containerEntry>/Assets/tpp/environ/object/afghanistan/cliff/afgh_clff013/scenes/afgh_clff013.geom</containerEntry>
        </property>
        <property name="isVisibleGeom" type="Bool" container="StaticArray" arraySize="1">
          <containerEntry>false</containerEntry>
        </property>
        <property name="lodFarSize" type="Float" container="StaticArray" arraySize="1">
          <containerEntry>-1</containerEntry>
        </property>
        <property name="lodNearSize" type="Float" container="StaticArray" arraySize="1">
          <containerEntry>-1</containerEntry>
        </property>
        <property name="lodPolygonSize" type="Float" container="StaticArray" arraySize="1">
          <containerEntry>-1</containerEntry>
        </property>
        <property name="drawRejectionLevel" type="Int32" container="StaticArray" arraySize="1">
          <containerEntry>8</containerEntry>
        </property>
        <property name="drawMode" type="Int32" container="StaticArray" arraySize="1">
          <containerEntry>0</containerEntry>
        </property>
        <property name="rejectFarRangeShadowCast" type="Int32" container="StaticArray" arraySize="1">
          <containerEntry>2</containerEntry>
        </property>
        <property name="parentLocator" type="EntityLink" container="StaticArray" arraySize="1">
          <containerEntry packagePathHash="0xB8A0BF169F98" archivePathHash="0xB8A0BF169F98" nameInArchiveHash="0xB8A0BF169F98">0x0</containerEntry>
        </property>
        <property name="transforms" type="Matrix4" container="DynamicArray" arraySize="3">
          <containerEntry r11="-0.50095487" r12="0" r13="0.8654728" r14="0" r21="0" r22="1" r23="0" r24="0" r31="-0.8654728" r32="0" r33="-0.50095487" r34="0" r41="1062.8927" r42="319.05078" r43="1674.4816" r44="1"></containerEntry>
          <containerEntry r11="-0.1849407" r12="0" r13="0.9827489" r14="0" r21="0" r22="1" r23="0" r24="0" r31="-0.9827489" r32="0" r33="-0.1849407" r34="0" r41="1055.0223" r42="319.05078" r43="1694.328" r44="1"></containerEntry>
          <containerEntry r11="-0.3119992" r12="0" r13="0.9500816" r14="0" r21="0" r22="1" r23="0" r24="0" r31="-0.9500816" r32="0" r33="-0.3119992" r34="0" r41="1051.7997" r42="319.05078" r43="1708.1244" r44="1"></containerEntry>
        </property>
        <property name="colors" type="UInt32" container="DynamicArray" arraySize="3">
          <containerEntry>4294967295</containerEntry>
          <containerEntry>4294967295</containerEntry>
          <containerEntry>4294967295</containerEntry>
        </property>
      </staticProperties>
      <dynamicProperties></dynamicProperties>
    </entity>
    <entity class="StaticModelArray" classVersion="4" classID="0xD0" addr="0x2D7EC50" id="0x0">
      <staticProperties>
        <property name="name" type="String" container="StaticArray" arraySize="1">
          <containerEntry>StaticModelArray0002</containerEntry>
        </property>
        <property name="dataSet" type="EntityHandle" container="StaticArray" arraySize="1">
          <containerEntry>0x2F73110</containerEntry>
        </property>
        <property name="modelFile" type="FilePtr" container="StaticArray" arraySize="1">
          <containerEntry>/Assets/tpp/environ/object/afghanistan/cliff/afgh_clff022/scenes/afgh_clff022_vrtn002.fmdl</containerEntry>
        </property>
        <property name="geomFile" type="FilePtr" container="StaticArray" arraySize="1">
          <containerEntry>/Assets/tpp/environ/object/afghanistan/cliff/afgh_clff022/scenes/afgh_clff022_vrtn002.geom</containerEntry>
        </property>
        <property name="isVisibleGeom" type="Bool" container="StaticArray" arraySize="1">
          <containerEntry>false</containerEntry>
        </property>
        <property name="lodFarSize" type="Float" container="StaticArray" arraySize="1">
          <containerEntry>-1</containerEntry>
        </property>
        <property name="lodNearSize" type="Float" container="StaticArray" arraySize="1">
          <containerEntry>-1</containerEntry>
        </property>
        <property name="lodPolygonSize" type="Float" container="StaticArray" arraySize="1">
          <containerEntry>-1</containerEntry>
        </property>
        <property name="drawRejectionLevel" type="Int32" container="StaticArray" arraySize="1">
          <containerEntry>8</containerEntry>
        </property>
        <property name="drawMode" type="Int32" container="StaticArray" arraySize="1">
          <containerEntry>0</containerEntry>
        </property>
        <property name="rejectFarRangeShadowCast" type="Int32" container="StaticArray" arraySize="1">
          <containerEntry>2</containerEntry>
        </property>
        <property name="parentLocator" type="EntityLink" container="StaticArray" arraySize="1">
          <containerEntry packagePathHash="0xB8A0BF169F98" archivePathHash="0xB8A0BF169F98" nameInArchiveHash="0xB8A0BF169F98">0x0</containerEntry>
        </property>
        <property name="transforms" type="Matrix4" container="DynamicArray" arraySize="2">
          <containerEntry r11="-0.97771454" r12="0" r13="-0.20993252" r14="0" r21="0" r22="1" r23="0" r24="0" r31="0.20993252" r32="0" r33="-0.97771454" r34="0" r41="1107.5706" r42="331.66083" r43="1675.9497" r44="1"></containerEntry>
          <containerEntry r11="0.31967854" r12="0" r13="-0.947525" r14="0" r21="0" r22="1" r23="0" r24="0" r31="0.947525" r32="0" r33="0.31967854" r34="0" r41="1024.2532" r42="332.46405" r43="1672.704" r44="1"></containerEntry>
        </property>
        <property name="colors" type="UInt32" container="DynamicArray" arraySize="2">
          <containerEntry>4294967295</containerEntry>
          <containerEntry>4294967295</containerEntry>
        </property>
      </staticProperties>
      <dynamicProperties></dynamicProperties>
    </entity>
    <entity class="StaticModelArray" classVersion="4" classID="0xD0" addr="0x2D7ECC0" id="0x0">
      <staticProperties>
        <property name="name" type="String" container="StaticArray" arraySize="1">
          <containerEntry>StaticModelArray0003</containerEntry>
        </property>
        <property name="dataSet" type="EntityHandle" container="StaticArray" arraySize="1">
          <containerEntry>0x2F73110</containerEntry>
        </property>
        <property name="modelFile" type="FilePtr" container="StaticArray" arraySize="1">
          <containerEntry>/Assets/tpp/environ/object/afghanistan/rock/afgh_rock010/scenes/afgh_rock010.fmdl</containerEntry>
        </property>
        <property name="geomFile" type="FilePtr" container="StaticArray" arraySize="1">
          <containerEntry>/Assets/tpp/environ/object/afghanistan/rock/afgh_rock010/scenes/afgh_rock010.geom</containerEntry>
        </property>
        <property name="isVisibleGeom" type="Bool" container="StaticArray" arraySize="1">
          <containerEntry>false</containerEntry>
        </property>
        <property name="lodFarSize" type="Float" container="StaticArray" arraySize="1">
          <containerEntry>-1</containerEntry>
        </property>
        <property name="lodNearSize" type="Float" container="StaticArray" arraySize="1">
          <containerEntry>-1</containerEntry>
        </property>
        <property name="lodPolygonSize" type="Float" container="StaticArray" arraySize="1">
          <containerEntry>-1</containerEntry>
        </property>
        <property name="drawRejectionLevel" type="Int32" container="StaticArray" arraySize="1">
          <containerEntry>8</containerEntry>
        </property>
        <property name="drawMode" type="Int32" container="StaticArray" arraySize="1">
          <containerEntry>0</containerEntry>
        </property>
        <property name="rejectFarRangeShadowCast" type="Int32" container="StaticArray" arraySize="1">
          <containerEntry>2</containerEntry>
        </property>
        <property name="parentLocator" type="EntityLink" container="StaticArray" arraySize="1">
          <containerEntry packagePathHash="0xB8A0BF169F98" archivePathHash="0xB8A0BF169F98" nameInArchiveHash="0xB8A0BF169F98">0x0</containerEntry>
        </property>
        <property name="transforms" type="Matrix4" container="DynamicArray" arraySize="8">
          <containerEntry r11="-0.14970721" r12="0.08563192" r13="-0.98501545" r14="0" r21="0.020942818" r22="0.9962936" r23="0.083429426" r24="0" r31="0.98850876" r32="-0.008139033" r33="-0.15094572" r34="0" r41="1106.3047" r42="331.37256" r43="1735.9185" r44="1"></containerEntry>
          <containerEntry r11="0.9961693" r12="0.0036615683" r13="-0.0873685" r14="0" r21="0.009256845" r22="0.9890934" r23="0.14699829" r24="0" r31="0.08695386" r32="-0.14724395" r33="0.9852706" r34="0" r41="1117.5272" r42="322.1286" r43="1776.6282" r44="1"></containerEntry>
          <containerEntry r11="0.99577343" r12="0.025319947" r13="-0.08828454" r14="0" r21="-0.01360357" r22="0.99130625" r23="0.13086931" r24="0" r31="0.090830624" r32="-0.12911521" r33="0.9874609" r34="0" r41="1059.4984" r42="320.34845" r43="1665.6534" r44="1"></containerEntry>
          <containerEntry r11="0.81384426" r12="0.09164472" r13="0.5738106" r14="0" r21="-0.14591415" r22="0.98807585" r23="0.04914415" r24="0" r31="-0.5624646" r32="-0.12372281" r33="0.8175121" r34="0" r41="1042.6091" r42="321.6832" r43="1733.7109" r44="1"></containerEntry>
          <containerEntry r11="0.8267407" r12="-0.070344865" r13="0.55816734" r14="0" r21="0.16784525" r22="0.9778082" r23="-0.12537561" r24="0" r31="-0.5369611" r32="0.19733898" r33="0.8202009" r34="0" r41="977.3475" r42="327.73367" r43="1722.4447" r44="1"></containerEntry>
          <containerEntry r11="-0.9755502" r12="-0.046819545" r13="1.1450474" r14="0" r21="-0.09202353" r22="1.502088" r23="-0.016983159" r24="0" r31="-1.1423035" r32="-0.08102276" r33="-0.97652537" r34="0" r41="1140.8456" r42="334.13745" r43="1756.2207" r44="1"></containerEntry>
          <containerEntry r11="0.8197818" r12="0.03596049" r13="-1.2616209" r14="0" r21="-0.092024215" r22="1.502088" r23="-0.016981214" r24="0" r31="1.258774" r32="0.086392485" r33="0.8203943" r34="0" r41="1136.4497" r42="335.29095" r43="1730.5326" r44="1"></containerEntry>
          <containerEntry r11="0.9958614" r12="-0.01340621" r13="-0.08989077" r14="0" r21="0.017032" r22="0.9990668" r23="0.039690495" r24="0" r31="0.08927479" r32="-0.04105725" r33="0.99516046" r34="0" r41="1103.3308" r42="331.37256" r43="1737.133" r44="1"></containerEntry>
        </property>
        <property name="colors" type="UInt32" container="DynamicArray" arraySize="8">
          <containerEntry>4294967295</containerEntry>
          <containerEntry>4294967295</containerEntry>
          <containerEntry>4294967295</containerEntry>
          <containerEntry>4294967295</containerEntry>
          <containerEntry>4294967295</containerEntry>
          <containerEntry>4294967295</containerEntry>
          <containerEntry>4294967295</containerEntry>
          <containerEntry>4294967295</containerEntry>
        </property>
      </staticProperties>
      <dynamicProperties></dynamicProperties>
    </entity>
    <entity class="StaticModelArray" classVersion="4" classID="0xD0" addr="0x2D7ED30" id="0x0">
      <staticProperties>
        <property name="name" type="String" container="StaticArray" arraySize="1">
          <containerEntry>StaticModelArray0004</containerEntry>
        </property>
        <property name="dataSet" type="EntityHandle" container="StaticArray" arraySize="1">
          <containerEntry>0x2F73110</containerEntry>
        </property>
        <property name="modelFile" type="FilePtr" container="StaticArray" arraySize="1">
          <containerEntry>/Assets/tpp/environ/object/afghanistan/cliff/afgh_clff025/scenes/afgh_clff025.fmdl</containerEntry>
        </property>
        <property name="geomFile" type="FilePtr" container="StaticArray" arraySize="1">
          <containerEntry>/Assets/tpp/environ/object/afghanistan/cliff/afgh_clff025/scenes/afgh_clff025.geom</containerEntry>
        </property>
        <property name="isVisibleGeom" type="Bool" container="StaticArray" arraySize="1">
          <containerEntry>false</containerEntry>
        </property>
        <property name="lodFarSize" type="Float" container="StaticArray" arraySize="1">
          <containerEntry>-1</containerEntry>
        </property>
        <property name="lodNearSize" type="Float" container="StaticArray" arraySize="1">
          <containerEntry>-1</containerEntry>
        </property>
        <property name="lodPolygonSize" type="Float" container="StaticArray" arraySize="1">
          <containerEntry>-1</containerEntry>
        </property>
        <property name="drawRejectionLevel" type="Int32" container="StaticArray" arraySize="1">
          <containerEntry>8</containerEntry>
        </property>
        <property name="drawMode" type="Int32" container="StaticArray" arraySize="1">
          <containerEntry>0</containerEntry>
        </property>
        <property name="rejectFarRangeShadowCast" type="Int32" container="StaticArray" arraySize="1">
          <containerEntry>2</containerEntry>
        </property>
        <property name="parentLocator" type="EntityLink" container="StaticArray" arraySize="1">
          <containerEntry packagePathHash="0xB8A0BF169F98" archivePathHash="0xB8A0BF169F98" nameInArchiveHash="0xB8A0BF169F98">0x0</containerEntry>
        </property>
        <property name="transforms" type="Matrix4" container="DynamicArray" arraySize="5">
          <containerEntry r11="-0.67783964" r12="0" r13="1.3381052" r14="0" r21="0" r22="1.5" r23="0" r24="0" r31="-1.3381052" r32="0" r33="-0.67783964" r34="0" r41="1075.4454" r42="328.2588" r43="1693.1896" r44="1"></containerEntry>
          <containerEntry r11="0.9972892" r12="0" r13="-0.073582" r14="0" r21="0" r22="1" r23="0" r24="0" r31="0.073582" r32="0" r33="0.9972892" r34="0" r41="1110.9955" r42="328.9644" r43="1742.63" r44="1"></containerEntry>
          <containerEntry r11="0.7138009" r12="0" r13="0.7003478" r14="0" r21="0" r22="1" r23="0" r24="0" r31="-0.7003478" r32="0" r33="0.7138009" r34="0" r41="1078.208" r42="327.98615" r43="1733.7307" r44="1"></containerEntry>
          <containerEntry r11="0.9475554" r12="0" r13="0.3195913" r14="0" r21="0" r22="1" r23="0" r24="0" r31="-0.3195913" r32="0" r33="0.9475554" r34="0" r41="1099.3514" r42="328.90793" r43="1742.5646" r44="1"></containerEntry>
          <containerEntry r11="0.8714502" r12="0" r13="0.49048364" r14="0" r21="0" r22="1" r23="0" r24="0" r31="-0.49048364" r32="0" r33="0.8714502" r34="0" r41="1087.9943" r42="327.94864" r43="1740.2946" r44="1"></containerEntry>
        </property>
        <property name="colors" type="UInt32" container="DynamicArray" arraySize="5">
          <containerEntry>4294967295</containerEntry>
          <containerEntry>4294967295</containerEntry>
          <containerEntry>4294967295</containerEntry>
          <containerEntry>4294967295</containerEntry>
          <containerEntry>4294967295</containerEntry>
        </property>
      </staticProperties>
      <dynamicProperties></dynamicProperties>
    </entity>
    <entity class="StaticModelArray" classVersion="4" classID="0xD0" addr="0x2D7E5C0" id="0x0">
      <staticProperties>
        <property name="name" type="String" container="StaticArray" arraySize="1">
          <containerEntry>StaticModelArray0005</containerEntry>
        </property>
        <property name="dataSet" type="EntityHandle" container="StaticArray" arraySize="1">
          <containerEntry>0x2F73110</containerEntry>
        </property>
        <property name="modelFile" type="FilePtr" container="StaticArray" arraySize="1">
          <containerEntry>/Assets/tpp/environ/object/afghanistan/rock/afgh_rock011/scenes/afgh_rock011.fmdl</containerEntry>
        </property>
        <property name="geomFile" type="FilePtr" container="StaticArray" arraySize="1">
          <containerEntry>/Assets/tpp/environ/object/afghanistan/rock/afgh_rock011/scenes/afgh_rock011.geom</containerEntry>
        </property>
        <property name="isVisibleGeom" type="Bool" container="StaticArray" arraySize="1">
          <containerEntry>false</containerEntry>
        </property>
        <property name="lodFarSize" type="Float" container="StaticArray" arraySize="1">
          <containerEntry>-1</containerEntry>
        </property>
        <property name="lodNearSize" type="Float" container="StaticArray" arraySize="1">
          <containerEntry>-1</containerEntry>
        </property>
        <property name="lodPolygonSize" type="Float" container="StaticArray" arraySize="1">
          <containerEntry>-1</containerEntry>
        </property>
        <property name="drawRejectionLevel" type="Int32" container="StaticArray" arraySize="1">
          <containerEntry>8</containerEntry>
        </property>
        <property name="drawMode" type="Int32" container="StaticArray" arraySize="1">
          <containerEntry>0</containerEntry>
        </property>
        <property name="rejectFarRangeShadowCast" type="Int32" container="StaticArray" arraySize="1">
          <containerEntry>2</containerEntry>
        </property>
        <property name="parentLocator" type="EntityLink" container="StaticArray" arraySize="1">
          <containerEntry packagePathHash="0xB8A0BF169F98" archivePathHash="0xB8A0BF169F98" nameInArchiveHash="0xB8A0BF169F98">0x0</containerEntry>
        </property>
        <property name="transforms" type="Matrix4" container="DynamicArray" arraySize="10">
          <containerEntry r11="-0.86472815" r12="-0.1460196" r13="0.4805363" r14="0" r21="-0.14185871" r22="0.98885417" r23="0.045204137" r24="0" r31="-0.48178104" r32="-0.029078934" r33="-0.8758042" r34="0" r41="1073.423" r42="331.34717" r43="1708.5449" r44="1"></containerEntry>
          <containerEntry r11="0.15213187" r12="0.098810904" r13="-0.9834075" r14="0" r21="-0.061750673" r22="0.9939964" r23="0.09032206" r24="0" r31="0.98642826" r32="0.046985373" r33="0.1573202" r34="0" r41="1088.2148" r42="330.80948" r43="1733.8625" r44="1"></containerEntry>
          <containerEntry r11="-0.3799056" r12="0.13092795" r13="-0.91571176" r14="0" r21="-0.045223095" r22="0.98612" r23="0.15975676" r24="0" r31="0.92391825" r32="0.10210396" r33="-0.36871153" r34="0" r41="1073.9916" r42="324.11127" r43="1742.2455" r44="1"></containerEntry>
          <containerEntry r11="-0.45864895" r12="-0.20548353" r13="0.86452866" r14="0" r21="-0.07194496" r22="0.97828954" r23="0.19435349" r24="0" r31="-0.88569593" r32="0.026942134" r33="-0.463475" r34="0" r41="1076.5605" r42="323.94785" r43="1742.7156" r44="1"></containerEntry>
          <containerEntry r11="-0.8199678" r12="0.15167376" r13="-0.55194074" r14="0" r21="0.15612283" r22="0.98695636" r23="0.039277613" r24="0" r31="0.5506988" r32="-0.053964213" r33="-0.8329522" r34="0" r41="1027.5186" r42="319.40686" r43="1693.7842" r44="1"></containerEntry>
          <containerEntry r11="-0.5533641" r12="-0.2234807" r13="-0.8023948" r14="0" r21="-0.21028197" r22="0.9696123" r23="-0.12503338" r24="0" r31="0.8059544" r32="0.099540114" r33="-0.5835426" r34="0" r41="1040.713" r42="321.52725" r43="1727.4242" r44="1"></containerEntry>
          <containerEntry r11="0.9792877" r12="0.1893535" r13="-0.07169982" r14="0" r21="-0.19455853" r22="0.9780729" r23="-0.07429921" r24="0" r31="0.056058805" r32="0.08671013" r33="0.9946551" r34="0" r41="1063.2013" r42="323.44604" r43="1683.3639" r44="1"></containerEntry>
          <containerEntry r11="0.86858785" r12="0.00094389543" r13="-0.49553388" r14="0" r21="0.0684306" r22="0.9901888" r23="0.12183331" r24="0" r31="0.4907871" r32="-0.13973264" r33="0.8600014" r34="0" r41="1107.6945" r42="331.04117" r43="1692.8732" r44="1"></containerEntry>
          <containerEntry r11="0.7932761" r12="-0.25652257" r13="-0.5521849" r14="0" r21="0.2715114" r22="0.96078783" r23="-0.05628606" r24="0" r31="0.54497117" r32="-0.10527452" r33="0.831819" r34="0" r41="1030.2147" r42="320.39136" r43="1684.5758" r44="1"></containerEntry>
          <containerEntry r11="-1.3194932" r12="-0.12981115" r13="0.7226115" r14="0" r21="-0.13301851" r22="1.5038825" r23="0.02726612" r24="0" r31="-0.72202796" r32="-0.039829984" r33="-1.3255829" r34="0" r41="1132.0923" r42="337.1163" r43="1740.2966" r44="1"></containerEntry>
        </property>
        <property name="colors" type="UInt32" container="DynamicArray" arraySize="10">
          <containerEntry>4294967295</containerEntry>
          <containerEntry>4294967295</containerEntry>
          <containerEntry>4294967295</containerEntry>
          <containerEntry>4294967295</containerEntry>
          <containerEntry>4294967295</containerEntry>
          <containerEntry>4294967295</containerEntry>
          <containerEntry>4294967295</containerEntry>
          <containerEntry>4294967295</containerEntry>
          <containerEntry>4294967295</containerEntry>
          <containerEntry>4294967295</containerEntry>
        </property>
      </staticProperties>
      <dynamicProperties></dynamicProperties>
    </entity>
    <entity class="StaticModelArray" classVersion="4" classID="0xD0" addr="0x2D7EB00" id="0x0">
      <staticProperties>
        <property name="name" type="String" container="StaticArray" arraySize="1">
          <containerEntry>StaticModelArray0006</containerEntry>
        </property>
        <property name="dataSet" type="EntityHandle" container="StaticArray" arraySize="1">
          <containerEntry>0x2F73110</containerEntry>
        </property>
        <property name="modelFile" type="FilePtr" container="StaticArray" arraySize="1">
          <containerEntry>/Assets/tpp/environ/object/afghanistan/rock/afgh_rock001/scenes/afgh_rock001.fmdl</containerEntry>
        </property>
        <property name="geomFile" type="FilePtr" container="StaticArray" arraySize="1">
          <containerEntry>/Assets/tpp/environ/object/afghanistan/rock/afgh_rock001/scenes/afgh_rock001.geom</containerEntry>
        </property>
        <property name="isVisibleGeom" type="Bool" container="StaticArray" arraySize="1">
          <containerEntry>false</containerEntry>
        </property>
        <property name="lodFarSize" type="Float" container="StaticArray" arraySize="1">
          <containerEntry>50</containerEntry>
        </property>
        <property name="lodNearSize" type="Float" container="StaticArray" arraySize="1">
          <containerEntry>400</containerEntry>
        </property>
        <property name="lodPolygonSize" type="Float" container="StaticArray" arraySize="1">
          <containerEntry>-1</containerEntry>
        </property>
        <property name="drawRejectionLevel" type="Int32" container="StaticArray" arraySize="1">
          <containerEntry>5</containerEntry>
        </property>
        <property name="drawMode" type="Int32" container="StaticArray" arraySize="1">
          <containerEntry>0</containerEntry>
        </property>
        <property name="rejectFarRangeShadowCast" type="Int32" container="StaticArray" arraySize="1">
          <containerEntry>2</containerEntry>
        </property>
        <property name="parentLocator" type="EntityLink" container="StaticArray" arraySize="1">
          <containerEntry packagePathHash="0xB8A0BF169F98" archivePathHash="0xB8A0BF169F98" nameInArchiveHash="0xB8A0BF169F98">0x0</containerEntry>
        </property>
        <property name="transforms" type="Matrix4" container="DynamicArray" arraySize="9">
          <containerEntry r11="0.57795817" r12="-0.10581599" r13="-0.8091745" r14="0" r21="-0.18216808" r22="0.94980824" r23="-0.25431973" r24="0" r31="0.7954716" r32="0.2943921" r33="0.5296732" r34="0" r41="1137.3741" r42="327.99252" r43="1687.2081" r44="1"></containerEntry>
          <containerEntry r11="0.94146156" r12="0.24310526" r13="0.23355824" r14="0" r21="-0.18216866" r22="0.9498083" r23="-0.25431928" r24="0" r31="-0.28366214" r32="0.19688459" r33="0.9384944" r34="0" r41="1103.4603" r42="332.77988" r43="1689.8912" r44="1"></containerEntry>
          <containerEntry r11="0.63138115" r12="0.039706305" r13="0.77445376" r14="0" r21="0.13856429" r22="0.9768394" r23="-0.16304773" r24="0" r31="-0.76299095" r32="0.21025705" r33="0.6112561" r34="0" r41="1119.275" r42="330.3117" r43="1707.9098" r44="1"></containerEntry>
          <containerEntry r11="0.969803" r12="-0.14092715" r13="0.19905178" r14="0" r21="0.16891052" r22="0.9768391" r23="-0.1313563" r24="0" r31="-0.17592986" r32="0.16101173" r33="0.9711456" r34="0" r41="1076.4097" r42="331.79593" r43="1717.7823" r44="1"></containerEntry>
          <containerEntry r11="0.9460925" r12="0.31481183" r13="-0.07617228" r14="0" r21="-0.32286227" r22="0.9353977" r23="-0.14418967" r24="0" r31="0.025858575" r32="0.16100998" r33="0.9866139" r34="0" r41="1048.8569" r42="323.66443" r43="1718.2104" r44="1"></containerEntry>
          <containerEntry r11="0.52234834" r12="0.049063988" r13="-0.8513174" r14="0" r21="-0.09704117" r22="0.99527794" r23="-0.0021811016" r24="0" r31="0.8471904" r32="0.08375244" r33="0.52464306" r34="0" r41="1068.0725" r42="326.32373" r43="1737.8159" r44="1"></containerEntry>
          <containerEntry r11="0.8005526" r12="0.076751955" r13="-0.5943258" r14="0" r21="-0.097040094" r22="0.99527806" r23="-0.0021807533" r24="0" r31="0.591352" r32="0.05941946" r33="0.8042205" r34="0" r41="1115.4186" r42="326.07977" r43="1758.375" r44="1"></containerEntry>
          <containerEntry r11="0.8005526" r12="0.076751955" r13="-0.5943258" r14="0" r21="-0.097040094" r22="0.99527806" r23="-0.0021807533" r24="0" r31="0.591352" r32="0.05941946" r33="0.8042205" r34="0" r41="1081.7488" r42="324.25528" r43="1786.3779" r44="1"></containerEntry>
          <containerEntry r11="0.9900156" r12="-0.14092644" r13="-0.0029487396" r14="0" r21="0.13856517" r22="0.97683936" r23="-0.16304727" r24="0" r31="0.025858186" r32="0.16101076" r33="0.9866138" r34="0" r41="1091.399" r42="332.5488" r43="1725.4849" r44="1"></containerEntry>
        </property>
        <property name="colors" type="UInt32" container="DynamicArray" arraySize="9">
          <containerEntry>4294967295</containerEntry>
          <containerEntry>4294967295</containerEntry>
          <containerEntry>4294967295</containerEntry>
          <containerEntry>4294967295</containerEntry>
          <containerEntry>4294967295</containerEntry>
          <containerEntry>4294967295</containerEntry>
          <containerEntry>4294967295</containerEntry>
          <containerEntry>4294967295</containerEntry>
          <containerEntry>4294967295</containerEntry>
        </property>
      </staticProperties>
      <dynamicProperties></dynamicProperties>
    </entity>
    <entity class="StaticModelArray" classVersion="4" classID="0xD0" addr="0x2D7E390" id="0x0">
      <staticProperties>
        <property name="name" type="String" container="StaticArray" arraySize="1">
          <containerEntry>StaticModelArray0007</containerEntry>
        </property>
        <property name="dataSet" type="EntityHandle" container="StaticArray" arraySize="1">
          <containerEntry>0x2F73110</containerEntry>
        </property>
        <property name="modelFile" type="FilePtr" container="StaticArray" arraySize="1">
          <containerEntry>/Assets/tpp/environ/object/afghanistan/rock/afgh_rock009/scenes/afgh_rock009_rock001.fmdl</containerEntry>
        </property>
        <property name="geomFile" type="FilePtr" container="StaticArray" arraySize="1">
          <containerEntry>/Assets/tpp/environ/object/afghanistan/rock/afgh_rock009/scenes/afgh_rock009_rock001.geom</containerEntry>
        </property>
        <property name="isVisibleGeom" type="Bool" container="StaticArray" arraySize="1">
          <containerEntry>false</containerEntry>
        </property>
        <property name="lodFarSize" type="Float" container="StaticArray" arraySize="1">
          <containerEntry>-1</containerEntry>
        </property>
        <property name="lodNearSize" type="Float" container="StaticArray" arraySize="1">
          <containerEntry>-1</containerEntry>
        </property>
        <property name="lodPolygonSize" type="Float" container="StaticArray" arraySize="1">
          <containerEntry>-1</containerEntry>
        </property>
        <property name="drawRejectionLevel" type="Int32" container="StaticArray" arraySize="1">
          <containerEntry>8</containerEntry>
        </property>
        <property name="drawMode" type="Int32" container="StaticArray" arraySize="1">
          <containerEntry>0</containerEntry>
        </property>
        <property name="rejectFarRangeShadowCast" type="Int32" container="StaticArray" arraySize="1">
          <containerEntry>2</containerEntry>
        </property>
        <property name="parentLocator" type="EntityLink" container="StaticArray" arraySize="1">
          <containerEntry packagePathHash="0xB8A0BF169F98" archivePathHash="0xB8A0BF169F98" nameInArchiveHash="0xB8A0BF169F98">0x0</containerEntry>
        </property>
        <property name="transforms" type="Matrix4" container="DynamicArray" arraySize="12">
          <containerEntry r11="-0.9723987" r12="-0.14052072" r13="-0.18625543" r14="0" r21="-0.04971577" r22="0.9047491" r23="-0.42303345" r24="0" r31="0.22795942" r32="-0.4020981" r33="-0.88676274" r34="0" r41="1078.4736" r42="330.46436" r43="1696.8855" r44="1"></containerEntry>
          <containerEntry r11="0.06105824" r12="0.18778577" r13="-0.9803107" r14="0" r21="-0.22559997" r22="0.9593236" r23="0.16971412" r24="0" r31="0.97230506" r32="0.21079549" r33="0.100939035" r34="0" r41="1069.845" r42="328.70294" r43="1722.0343" r44="1"></containerEntry>
          <containerEntry r11="-0.9069215" r12="-0.0591211" r13="-0.4171337" r14="0" r21="-0.14745651" r22="0.9720237" r23="0.18282926" r24="0" r31="0.39465475" r32="0.22732061" r33="-0.890267" r34="0" r41="1089.6324" r42="330.9854" r43="1737.3284" r44="1"></containerEntry>
          <containerEntry r11="0.59868085" r12="-0.09193176" r13="-0.7956936" r14="0" r21="0.16643521" r22="0.98598754" r23="0.011308193" r24="0" r31="0.7835043" r32="-0.13920167" r33="0.6055926" r34="0" r41="1111.2899" r42="332.2417" r43="1721.3308" r44="1"></containerEntry>
          <containerEntry r11="-0.118546" r12="0.16411778" r13="-0.979289" r14="0" r21="-0.18330899" r22="0.96567684" r23="0.18402672" r24="0" r31="0.9758788" r32="0.20132902" r33="-0.08439273" r34="0" r41="1111.2899" r42="323.9269" r43="1763.5208" r44="1"></containerEntry>
          <containerEntry r11="-0.118546" r12="0.16411778" r13="-0.979289" r14="0" r21="-0.18330899" r22="0.96567684" r23="0.18402672" r24="0" r31="0.9758788" r32="0.20132902" r33="-0.08439273" r34="0" r41="1057.0775" r42="323.9269" r43="1742.9829" r44="1"></containerEntry>
          <containerEntry r11="-0.9828161" r12="0.10771188" r13="-0.14986248" r14="0" r21="0.17128375" r22="0.8347177" r23="-0.52336156" r24="0" r31="0.068720356" r32="-0.5400404" r33="-0.8388223" r34="0" r41="1040.1166" r42="320.42566" r43="1703.995" r44="1"></containerEntry>
          <containerEntry r11="0.60936886" r12="-1.1309873" r13="-0.25618562" r14="0" r21="-0.6321756" r22="-0.5665992" r23="0.9976986" r24="0" r31="-0.9721714" r32="-0.34046516" r33="-0.8093501" r34="0" r41="1031.975" r42="321.45486" r43="1673.6558" r44="1"></containerEntry>
          <containerEntry r11="-0.10388915" r12="0.19511983" r13="-0.97525734" r14="0" r21="-0.49749288" r22="0.83888763" r23="0.22083287" r24="0" r31="0.8612197" r32="0.50812846" r33="0.009920478" r34="0" r41="1078.5815" r42="331.90842" r43="1714.784" r44="1"></containerEntry>
