<fox formatVersion="2" fileVersion="0">
  <entities>
    <entity class="DataSet" classVersion="0" classID="0xE8" addr="0x32F5480" id="0xD329C7">
      <staticProperties>
        <property name="name" type="String" container="StaticArray" arraySize="1">
          <containerEntry hash="0xB8A0BF169F98"></containerEntry>
        </property>
        <property name="dataSet" type="EntityHandle" container="StaticArray" arraySize="1">
          <containerEntry>0x0</containerEntry>
        </property>
        <property name="dataList" type="EntityPtr" container="StringMap" arraySize="18">
          <containerEntry key="cm_mafr_dc_mudd006">
            <data>0x317F200</data>
          </containerEntry>
          <containerEntry key="cm_mafr_dc_grnd004">
            <data>0x317F350</data>
          </containerEntry>
          <containerEntry key="TppGimmickElectricCableLinkSetData0000">
            <data>0x32F0320</data>
          </containerEntry>
          <containerEntry key="TppGimmickElectricCableLinkSetData0001">
            <data>0x32F1350</data>
          </containerEntry>
          <containerEntry key="mafr_brrc001_vrtn001_gim_i0000|TppSharedGimmick_mafr_brrc001_vrtn001">
            <data>0x32F77F0</data>
          </containerEntry>
          <containerEntry key="cypr_cabl002_vrtn001_gim_i0000|TppSharedGimmick_cypr_cabl002_vrtn001">
            <data>0x32F7DA0</data>
          </containerEntry>
          <containerEntry key="cypr_utpl001_vrtn001_gim_i0000|TppSharedGimmickData_cypr_utpl001_vrtn001">
            <data>0x32F8430</data>
          </containerEntry>
          <containerEntry key="StaticModelArray0000">
            <data>0x32FEC50</data>
          </containerEntry>
          <containerEntry key="StaticModelArray0001">
            <data>0x32FEB70</data>
          </containerEntry>
          <containerEntry key="StaticModelArray0002">
            <data>0x32FEBE0</data>
          </containerEntry>
          <containerEntry key="StaticModelArray0003">
            <data>0x32F7630</data>
          </containerEntry>
          <containerEntry key="StaticModelArray0004">
            <data>0x32F1740</data>
          </containerEntry>
          <containerEntry key="StaticModelArray0005">
            <data>0x32F19E0</data>
          </containerEntry>
          <containerEntry key="StaticModelArray0006">
            <data>0x32F1C80</data>
          </containerEntry>
          <containerEntry key="StaticModelArray0007">
            <data>0x32F2460</data>
          </containerEntry>
          <containerEntry key="DecalArray0000">
            <data>0x32F70F0</data>
          </containerEntry>
          <containerEntry key="DecalArray0001">
            <data>0x32FE8D0</data>
          </containerEntry>
          <containerEntry key="TexturePackLoadConditioner0000">
            <data>0x32FECC0</data>
          </containerEntry>
        </property>
      </staticProperties>
      <dynamicProperties></dynamicProperties>
    </entity>
    <entity class="Material" classVersion="6" classID="0xB0" addr="0x317F200" id="0xD32D51">
      <staticProperties>
        <property name="name" type="String" container="StaticArray" arraySize="1">
          <containerEntry>cm_mafr_dc_mudd006</containerEntry>
        </property>
        <property name="dataSet" type="EntityHandle" container="StaticArray" arraySize="1">
          <containerEntry>0x32F5480</containerEntry>
        </property>
        <property name="materialName" type="String" container="StaticArray" arraySize="1">
          <containerEntry hash="0xB8A0BF169F98"></containerEntry>
        </property>
        <property name="shader" type="Path" container="StaticArray" arraySize="1">
          <containerEntry hash="0xB8A0BF169F98"></containerEntry>
        </property>
        <property name="diffuseTexture" type="Path" container="StaticArray" arraySize="1">
          <containerEntry>/Assets/tpp/common_source/fmtr/decal/middle_africa/cm_mafr_dc_mudd006/sourceimages/cm_mafr_dc_mudd006_bsm_alp.ftex</containerEntry>
        </property>
        <property name="srmTexture" type="Path" container="StaticArray" arraySize="1">
          <containerEntry>/Assets/tpp/common_source/fmtr/decal/middle_africa/cm_mafr_dc_mudd006/sourceimages/cm_mafr_dc_mudd006_srm.ftex</containerEntry>
        </property>
        <property name="normalTexture" type="Path" container="StaticArray" arraySize="1">
          <containerEntry>/Assets/tpp/common_source/fmtr/decal/middle_africa/cm_mafr_dc_mudd006/sourceimages/cm_mafr_dc_mudd006_nrm.ftex</containerEntry>
        </property>
        <property name="materialMapTexture" type="Path" container="StaticArray" arraySize="1">
          <containerEntry hash="0xB8A0BF169F98"></containerEntry>
        </property>
        <property name="materialIndex" type="UInt8" container="StaticArray" arraySize="1">
          <containerEntry>21</containerEntry>
        </property>
        <property name="diffuseColor" type="Color" container="StaticArray" arraySize="1">
          <containerEntry r="1" g="1" b="1" a="1"></containerEntry>
        </property>
        <property name="specularColor" type="Color" container="StaticArray" arraySize="1">
          <containerEntry r="0" g="0" b="0" a="0"></containerEntry>
        </property>
        <property name="fmtrPath" type="Path" container="StaticArray" arraySize="1">
          <containerEntry hash="0xB8A0BF169F98"></containerEntry>
        </property>
        <property name="residentFlag" type="Bool" container="StaticArray" arraySize="1">
          <containerEntry>false</containerEntry>
        </property>
      </staticProperties>
      <dynamicProperties></dynamicProperties>
    </entity>
    <entity class="Material" classVersion="6" classID="0xB0" addr="0x317F350" id="0xD32D53">
      <staticProperties>
        <property name="name" type="String" container="StaticArray" arraySize="1">
          <containerEntry>cm_mafr_dc_grnd004</containerEntry>
        </property>
        <property name="dataSet" type="EntityHandle" container="StaticArray" arraySize="1">
          <containerEntry>0x32F5480</containerEntry>
        </property>
        <property name="materialName" type="String" container="StaticArray" arraySize="1">
          <containerEntry hash="0xB8A0BF169F98"></containerEntry>
        </property>
        <property name="shader" type="Path" container="StaticArray" arraySize="1">
          <containerEntry hash="0xB8A0BF169F98"></containerEntry>
        </property>
        <property name="diffuseTexture" type="Path" container="StaticArray" arraySize="1">
          <containerEntry>/Assets/tpp/common_source/fmtr/decal/middle_africa/cm_mafr_dc_grnd004/sourceimages/cm_mafr_dc_grnd004_bsm_alp.ftex</containerEntry>
        </property>
        <property name="srmTexture" type="Path" container="StaticArray" arraySize="1">
          <containerEntry>/Assets/tpp/common_source/fmtr/decal/middle_africa/cm_mafr_dc_grnd004/sourceimages/cm_mafr_dc_grnd004_srm.ftex</containerEntry>
        </property>
        <property name="normalTexture" type="Path" container="StaticArray" arraySize="1">
          <containerEntry>/Assets/tpp/common_source/fmtr/decal/middle_africa/cm_mafr_dc_grnd004/sourceimages/cm_mafr_dc_grnd004_nrm.ftex</containerEntry>
        </property>
        <property name="materialMapTexture" type="Path" container="StaticArray" arraySize="1">
          <containerEntry hash="0xB8A0BF169F98"></containerEntry>
        </property>
        <property name="materialIndex" type="UInt8" container="StaticArray" arraySize="1">
          <containerEntry>21</containerEntry>
        </property>
        <property name="diffuseColor" type="Color" container="StaticArray" arraySize="1">
          <containerEntry r="1" g="1" b="1" a="1"></containerEntry>
        </property>
        <property name="specularColor" type="Color" container="StaticArray" arraySize="1">
          <containerEntry r="0" g="0" b="0" a="0"></containerEntry>
        </property>
        <property name="fmtrPath" type="Path" container="StaticArray" arraySize="1">
          <containerEntry hash="0xB8A0BF169F98"></containerEntry>
        </property>
        <property name="residentFlag" type="Bool" container="StaticArray" arraySize="1">
          <containerEntry>false</containerEntry>
        </property>
      </staticProperties>
      <dynamicProperties></dynamicProperties>
    </entity>
    <entity class="TppGimmickElectricCableLinkSetData" classVersion="0" classID="0xB0" addr="0x32F0320" id="0xD32D87">
      <staticProperties>
        <property name="name" type="String" container="StaticArray" arraySize="1">
          <containerEntry>TppGimmickElectricCableLinkSetData0000</containerEntry>
        </property>
        <property name="dataSet" type="EntityHandle" container="StaticArray" arraySize="1">
          <containerEntry>0x32F5480</containerEntry>
        </property>
        <property name="electricCableData" type="EntityLink" container="StaticArray" arraySize="1">
          <containerEntry packagePathHash="0xB8A0BF169F98" archivePath="/Assets/tpp/level/location/mafr/block_small/133/133_132/mafr_133_132_asset.fox2" nameInArchive="cypr_cabl002_vrtn001_gim_i0000|TppSharedGimmick_cypr_cabl002_vrtn001">0x0</containerEntry>
        </property>
        <property name="poleData" type="EntityLink" container="StaticArray" arraySize="1">
          <containerEntry packagePathHash="0xB8A0BF169F98" archivePath="/Assets/tpp/level/location/mafr/block_small/133/133_132/mafr_133_132_asset.fox2" nameInArchive="cypr_utpl001_vrtn001_gim_i0000|TppSharedGimmickData_cypr_utpl001_vrtn001">0x0</containerEntry>
        </property>
        <property name="electricCable" type="String" container="DynamicArray" arraySize="9">
          <containerEntry>cypr_cabl002_vrtn001_gim_n0000|srt_cypr_cabl002_vrtn001</containerEntry>
          <containerEntry>cypr_cabl002_vrtn001_gim_n0000|srt_cypr_cabl002_vrtn001</containerEntry>
          <containerEntry>cypr_cabl002_vrtn001_gim_n0001|srt_cypr_cabl002_vrtn001</containerEntry>
          <containerEntry>cypr_cabl002_vrtn001_gim_n0001|srt_cypr_cabl002_vrtn001</containerEntry>
          <containerEntry>cypr_cabl002_vrtn001_gim_n0002|srt_cypr_cabl002_vrtn001</containerEntry>
          <containerEntry>cypr_cabl002_vrtn001_gim_n0002|srt_cypr_cabl002_vrtn001</containerEntry>
          <containerEntry>cypr_cabl002_vrtn001_gim_n0003|srt_cypr_cabl002_vrtn001</containerEntry>
          <containerEntry>cypr_cabl002_vrtn001_gim_n0004|srt_cypr_cabl002_vrtn001</containerEntry>
          <containerEntry>cypr_cabl002_vrtn001_gim_n0005|srt_cypr_cabl002_vrtn001</containerEntry>
        </property>
        <property name="pole" type="String" container="DynamicArray" arraySize="9">
          <containerEntry>cypr_utpl001_vrtn001_gim_n0001|srt_cypr_utpl001_vrtn001</containerEntry>
          <containerEntry>cypr_utpl001_vrtn001_gim_n0000|srt_cypr_utpl001_vrtn001</containerEntry>
          <containerEntry>cypr_utpl001_vrtn001_gim_n0001|srt_cypr_utpl001_vrtn001</containerEntry>
          <containerEntry>cypr_utpl001_vrtn001_gim_n0000|srt_cypr_utpl001_vrtn001</containerEntry>
          <containerEntry>cypr_utpl001_vrtn001_gim_n0001|srt_cypr_utpl001_vrtn001</containerEntry>
          <containerEntry>cypr_utpl001_vrtn001_gim_n0000|srt_cypr_utpl001_vrtn001</containerEntry>
          <containerEntry>cypr_utpl001_vrtn001_gim_n0001|srt_cypr_utpl001_vrtn001</containerEntry>
          <containerEntry>cypr_utpl001_vrtn001_gim_n0001|srt_cypr_utpl001_vrtn001</containerEntry>
          <containerEntry>cypr_utpl001_vrtn001_gim_n0001|srt_cypr_utpl001_vrtn001</containerEntry>
        </property>
        <property name="cnpIndex" type="UInt8" container="DynamicArray" arraySize="9">
          <containerEntry>0</containerEntry>
          <containerEntry>0</containerEntry>
          <containerEntry>1</containerEntry>
          <containerEntry>1</containerEntry>
          <containerEntry>2</containerEntry>
          <containerEntry>2</containerEntry>
          <containerEntry>0</containerEntry>
          <containerEntry>1</containerEntry>
          <containerEntry>2</containerEntry>
        </property>
      </staticProperties>
      <dynamicProperties></dynamicProperties>
    </entity>
    <entity class="TppGimmickElectricCableLinkSetData" classVersion="0" classID="0xB0" addr="0x32F1350" id="0xD32DC1">
      <staticProperties>
        <property name="name" type="String" container="StaticArray" arraySize="1">
          <containerEntry>TppGimmickElectricCableLinkSetData0001</containerEntry>
        </property>
        <property name="dataSet" type="EntityHandle" container="StaticArray" arraySize="1">
          <containerEntry>0x32F5480</containerEntry>
        </property>
        <property name="electricCableData" type="EntityLink" container="StaticArray" arraySize="1">
          <containerEntry packagePath="/Assets/tpp/pack/location/mafr/pack_small/134/mafr_134_132.fpk" archivePath="/Assets/tpp/level/location/mafr/block_small/134/134_132/mafr_134_132_asset.fox2" nameInArchive="cypr_cabl002_vrtn001_gim_i0000|TppSharedGimmick_cypr_cabl002_vrtn001">0x0</containerEntry>
        </property>
        <property name="poleData" type="EntityLink" container="StaticArray" arraySize="1">
          <containerEntry packagePathHash="0xB8A0BF169F98" archivePath="/Assets/tpp/level/location/mafr/block_small/133/133_132/mafr_133_132_asset.fox2" nameInArchive="cypr_utpl001_vrtn001_gim_i0000|TppSharedGimmickData_cypr_utpl001_vrtn001">0x0</containerEntry>
        </property>
        <property name="electricCable" type="String" container="DynamicArray" arraySize="3">
          <containerEntry>cypr_cabl002_vrtn001_gim_n0000|srt_cypr_cabl002_vrtn001</containerEntry>
          <containerEntry>cypr_cabl002_vrtn001_gim_n0010|srt_cypr_cabl002_vrtn001</containerEntry>
          <containerEntry>cypr_cabl002_vrtn001_gim_n0011|srt_cypr_cabl002_vrtn001</containerEntry>
        </property>
        <property name="pole" type="String" container="DynamicArray" arraySize="3">
          <containerEntry>cypr_utpl001_vrtn001_gim_n0000|srt_cypr_utpl001_vrtn001</containerEntry>
          <containerEntry>cypr_utpl001_vrtn001_gim_n0000|srt_cypr_utpl001_vrtn001</containerEntry>
          <containerEntry>cypr_utpl001_vrtn001_gim_n0000|srt_cypr_utpl001_vrtn001</containerEntry>
        </property>
        <property name="cnpIndex" type="UInt8" container="DynamicArray" arraySize="3">
          <containerEntry>0</containerEntry>
          <containerEntry>1</containerEntry>
          <containerEntry>2</containerEntry>
        </property>
      </staticProperties>
      <dynamicProperties></dynamicProperties>
    </entity>
    <entity class="TppSharedGimmickData" classVersion="1" classID="0xF0" addr="0x32F77F0" id="0x630D3">
      <staticProperties>
        <property name="name" type="String" container="StaticArray" arraySize="1">
          <containerEntry>mafr_brrc001_vrtn001_gim_i0000|TppSharedGimmick_mafr_brrc001_vrtn001</containerEntry>
        </property>
        <property name="dataSet" type="EntityHandle" container="StaticArray" arraySize="1">
          <containerEntry>0x32F5480</containerEntry>
        </property>
        <property name="modelFile" type="FilePtr" container="StaticArray" arraySize="1">
          <containerEntry>/Assets/tpp/environ/object/middle_africa/barricade/mafr_brrc001/scenes/mafr_brrc001_vrtn011.fmdl</containerEntry>
        </property>
        <property name="geomFile" type="FilePtr" container="StaticArray" arraySize="1">
          <containerEntry>/Assets/tpp/environ/object/middle_africa/barricade/mafr_brrc001/scenes/mafr_brrc001_vrtn011.geom</containerEntry>
        </property>
        <property name="breakedModelFile" type="FilePtr" container="StaticArray" arraySize="1">
          <containerEntry hash="0xB8A0BF169F98"></containerEntry>
        </property>
        <property name="breakedGeomFile" type="FilePtr" container="StaticArray" arraySize="1">
          <containerEntry hash="0xB8A0BF169F98"></containerEntry>
        </property>
        <property name="partsFile" type="FilePtr" container="StaticArray" arraySize="1">
          <containerEntry>/Assets/tpp/parts/environ/object/middle_africa/barricade/mafr_brrc001/mafr_brrc001_vrtn010.parts</containerEntry>
        </property>
        <property name="numDynamicGimmick" type="UInt32" container="StaticArray" arraySize="1">
          <containerEntry>12</containerEntry>
        </property>
        <property name="locaterFile" type="FilePtr" container="StaticArray" arraySize="1">
          <containerEntry>/Assets/tpp/level/location/mafr/block_small/133/133_132/lba/mafr_brrc001_vrtn001.lba</containerEntry>
        </property>
        <property name="flags1" type="UInt32" container="StaticArray" arraySize="1">
          <containerEntry>16642</containerEntry>
        </property>
        <property name="flags2" type="UInt32" container="StaticArray" arraySize="1">
          <containerEntry>0</containerEntry>
        </property>
      </staticProperties>
      <dynamicProperties></dynamicProperties>
    </entity>
    <entity class="TppSharedGimmickData" classVersion="1" classID="0xF0" addr="0x32F7DA0" id="0xCF4">
      <staticProperties>
        <property name="name" type="String" container="StaticArray" arraySize="1">
          <containerEntry>cypr_cabl002_vrtn001_gim_i0000|TppSharedGimmick_cypr_cabl002_vrtn001</containerEntry>
        </property>
        <property name="dataSet" type="EntityHandle" container="StaticArray" arraySize="1">
          <containerEntry>0x32F5480</containerEntry>
        </property>
        <property name="modelFile" type="FilePtr" container="StaticArray" arraySize="1">
          <containerEntry>/Assets/tpp/environ/object/cyprus/cable/cypr_cabl002/scenes/cypr_cabl002_vrtn001_fl.fmdl</containerEntry>
        </property>
        <property name="geomFile" type="FilePtr" container="StaticArray" arraySize="1">
          <containerEntry hash="0xB8A0BF169F98"></containerEntry>
        </property>
        <property name="breakedModelFile" type="FilePtr" container="StaticArray" arraySize="1">
          <containerEntry hash="0xB8A0BF169F98"></containerEntry>
        </property>
        <property name="breakedGeomFile" type="FilePtr" container="StaticArray" arraySize="1">
          <containerEntry hash="0xB8A0BF169F98"></containerEntry>
        </property>
        <property name="partsFile" type="FilePtr" container="StaticArray" arraySize="1">
          <containerEntry>/Assets/tpp/parts/environ/object/cyprus/cable/cypr_cabl002/cypr_cabl002_vrtn001.parts</containerEntry>
        </property>
        <property name="numDynamicGimmick" type="UInt32" container="StaticArray" arraySize="1">
          <containerEntry>6</containerEntry>
        </property>
        <property name="locaterFile" type="FilePtr" container="StaticArray" arraySize="1">
          <containerEntry>/Assets/tpp/level/location/mafr/block_small/133/133_132/lba/cypr_cabl002_vrtn001_scl.lba</containerEntry>
        </property>
        <property name="flags1" type="UInt32" container="StaticArray" arraySize="1">
          <containerEntry>274</containerEntry>
        </property>
        <property name="flags2" type="UInt32" container="StaticArray" arraySize="1">
          <containerEntry>0</containerEntry>
        </property>
      </staticProperties>
      <dynamicProperties></dynamicProperties>
    </entity>
    <entity class="TppSharedGimmickData" classVersion="1" classID="0xF0" addr="0x32F8430" id="0xC619">
      <staticProperties>
        <property name="name" type="String" container="StaticArray" arraySize="1">
          <containerEntry>cypr_utpl001_vrtn001_gim_i0000|TppSharedGimmickData_cypr_utpl001_vrtn001</containerEntry>
        </property>
        <property name="dataSet" type="EntityHandle" container="StaticArray" arraySize="1">
          <containerEntry>0x32F5480</containerEntry>
        </property>
        <property name="modelFile" type="FilePtr" container="StaticArray" arraySize="1">
          <containerEntry>/Assets/tpp/environ/object/cyprus/utility_pole/cypr_utpl001/scenes/cypr_utpl001_vrtn001.fmdl</containerEntry>
        </property>
        <property name="geomFile" type="FilePtr" container="StaticArray" arraySize="1">
          <containerEntry>/Assets/tpp/environ/object/cyprus/utility_pole/cypr_utpl001/scenes/cypr_utpl001_vrtn001.geom</containerEntry>
        </property>
        <property name="breakedModelFile" type="FilePtr" container="StaticArray" arraySize="1">
          <containerEntry hash="0xB8A0BF169F98"></containerEntry>
        </property>
        <property name="breakedGeomFile" type="FilePtr" container="StaticArray" arraySize="1">
          <containerEntry hash="0xB8A0BF169F98"></containerEntry>
        </property>
        <property name="partsFile" type="FilePtr" container="StaticArray" arraySize="1">
          <containerEntry>/Assets/tpp/parts/environ/object/cyprus/utility_pole/cypr_utpl001/cypr_utpl001_vrtn001.parts</containerEntry>
        </property>
        <property name="numDynamicGimmick" type="UInt32" container="StaticArray" arraySize="1">
          <containerEntry>2</containerEntry>
        </property>
        <property name="locaterFile" type="FilePtr" container="StaticArray" arraySize="1">
          <containerEntry>/Assets/tpp/level/location/mafr/block_small/133/133_132/lba/cypr_utpl001_vrtn001.lba</containerEntry>
        </property>
        <property name="flags1" type="UInt32" container="StaticArray" arraySize="1">
          <containerEntry>284</containerEntry>
        </property>
        <property name="flags2" type="UInt32" container="StaticArray" arraySize="1">
          <containerEntry>0</containerEntry>
        </property>
      </staticProperties>
      <dynamicProperties></dynamicProperties>
    </entity>
    <entity class="StaticModelArray" classVersion="4" classID="0xD0" addr="0x32FEC50" id="0x0">
      <staticProperties>
        <property name="name" type="String" container="StaticArray" arraySize="1">
          <containerEntry>StaticModelArray0000</containerEntry>
        </property>
        <property name="dataSet" type="EntityHandle" container="StaticArray" arraySize="1">
          <containerEntry>0x32F5480</containerEntry>
        </property>
        <property name="modelFile" type="FilePtr" container="StaticArray" arraySize="1">
          <containerEntry>/Assets/tpp/environ/object/middle_africa/mud/mafr_mudd003/scenes/mafr_mudd003_rock001.fmdl</containerEntry>
        </property>
        <property name="geomFile" type="FilePtr" container="StaticArray" arraySize="1">
          <containerEntry>/Assets/tpp/environ/object/middle_africa/mud/mafr_mudd003/scenes/mafr_mudd003_rock001.geom</containerEntry>
        </property>
        <property name="isVisibleGeom" type="Bool" container="StaticArray" arraySize="1">
          <containerEntry>false</containerEntry>
        </property>
        <property name="lodFarSize" type="Float" container="StaticArray" arraySize="1">
          <containerEntry>-1</containerEntry>
        </property>
        <property name="lodNearSize" type="Float" container="StaticArray" arraySize="1">
          <containerEntry>-1</containerEntry>
        </property>
        <property name="lodPolygonSize" type="Float" container="StaticArray" arraySize="1">
          <containerEntry>-1</containerEntry>
        </property>
        <property name="drawRejectionLevel" type="Int32" container="StaticArray" arraySize="1">
          <containerEntry>8</containerEntry>
        </property>
        <property name="drawMode" type="Int32" container="StaticArray" arraySize="1">
          <containerEntry>0</containerEntry>
        </property>
        <property name="rejectFarRangeShadowCast" type="Int32" container="StaticArray" arraySize="1">
          <containerEntry>2</containerEntry>
        </property>
        <property name="parentLocator" type="EntityLink" container="StaticArray" arraySize="1">
          <containerEntry packagePathHash="0xB8A0BF169F98" archivePathHash="0xB8A0BF169F98" nameInArchiveHash="0xB8A0BF169F98">0x0</containerEntry>
        </property>
        <property name="transforms" type="Matrix4" container="DynamicArray" arraySize="8">
          <containerEntry r11="0.87686396" r12="-0.026247883" r13="0.48002154" r14="0" r21="0.028601272" r22="0.999588" r23="0.0024116556" r24="0" r31="-0.47988707" r32="0.011614533" r33="0.8772534" r34="0" r41="27.236238" r42="-9.177046" r43="-29.267498" r44="1"></containerEntry>
          <containerEntry r11="-0.6671609" r12="0.020886106" r13="-0.74462193" r14="0" r21="0.02860182" r22="0.99958795" r23="0.002411305" r24="0" r31="0.7443655" r32="-0.019688804" r33="-0.66748345" r34="0" r41="21.809809" r42="-8.970924" r43="-37.234905" r44="1"></containerEntry>
          <containerEntry r11="-0.11873681" r12="0.005792749" r13="-0.9929085" r14="0" r21="0.028602827" r22="0.99958795" r23="0.0024112407" r24="0" r31="0.9925133" r32="-0.028113695" r33="-0.11885357" r34="0" r41="16.12362" r42="-8.359113" r43="-53.02063" r44="1"></containerEntry>
          <containerEntry r11="-0.6774119" r12="-0.01865594" r13="-0.73537064" r14="0" r21="-0.094558336" r22="0.9935931" r23="0.061898533" r24="0" r31="0.72950447" r32="0.111465976" r33="-0.6748359" r34="0" r41="40.38328" r42="-10.476672" r43="-76.913895" r44="1"></containerEntry>
          <containerEntry r11="-0.6774119" r12="-0.01865594" r13="-0.73537064" r14="0" r21="-0.094558336" r22="0.9935931" r23="0.061898533" r24="0" r31="0.72950447" r32="0.111465976" r33="-0.6748359" r34="0" r41="31.901054" r42="-10.080612" r43="-96.22915" r44="1"></containerEntry>
          <containerEntry r11="0.7197759" r12="0.025280695" r13="0.69374627" r14="0" r21="-0.09455787" r22="0.9935932" r23="0.061898395" r24="0" r31="-0.6877367" r32="-0.11015211" r33="0.7175549" r34="0" r41="24.854908" r42="-10.340958" r43="-71.949974" r44="1"></containerEntry>
          <containerEntry r11="-0.8525325" r12="-0.05254104" r13="-0.520027" r14="0" r21="-0.07528477" r22="0.99690366" r23="0.022699492" r24="0" r31="0.51722413" r32="0.05850216" r33="-0.85384834" r34="0" r41="12.355649" r42="-10.203508" r43="-95.99594" r44="1"></containerEntry>
          <containerEntry r11="-0.27529818" r12="-0.14519298" r13="-0.9503306" r14="0" r21="-0.45382142" r22="0.8910803" r23="-0.0046741515" r24="0" r31="0.8474995" r32="0.42999387" r33="-0.31120443" r34="0" r41="25.205109" r42="-9.767866" r43="-65.136795" r44="1"></containerEntry>
        </property>
        <property name="colors" type="UInt32" container="DynamicArray" arraySize="8">
          <containerEntry>4294967295</containerEntry>
          <containerEntry>4294967295</containerEntry>
          <containerEntry>4294967295</containerEntry>
          <containerEntry>4294967295</containerEntry>
          <containerEntry>4294967295</containerEntry>
          <containerEntry>4294967295</containerEntry>
          <containerEntry>4294967295</containerEntry>
          <containerEntry>4294967295</containerEntry>
        </property>
      </staticProperties>
      <dynamicProperties></dynamicProperties>
    </entity>
    <entity class="StaticModelArray" classVersion="4" classID="0xD0" addr="0x32FEB70" id="0x0">
      <staticProperties>
        <property name="name" type="String" container="StaticArray" arraySize="1">
          <containerEntry>StaticModelArray0001</containerEntry>
        </property>
        <property name="dataSet" type="EntityHandle" container="StaticArray" arraySize="1">
          <containerEntry>0x32F5480</containerEntry>
        </property>
        <property name="modelFile" type="FilePtr" container="StaticArray" arraySize="1">
          <containerEntry>/Assets/tpp/environ/object/middle_africa/tree/mafr_tree038/scenes/mafr_tree038.fmdl</containerEntry>
        </property>
        <property name="geomFile" type="FilePtr" container="StaticArray" arraySize="1">
          <containerEntry>/Assets/tpp/environ/object/middle_africa/tree/mafr_tree038/scenes/mafr_tree038.geom</containerEntry>
        </property>
        <property name="isVisibleGeom" type="Bool" container="StaticArray" arraySize="1">
          <containerEntry>false</containerEntry>
        </property>
        <property name="lodFarSize" type="Float" container="StaticArray" arraySize="1">
          <containerEntry>-1</containerEntry>
        </property>
        <property name="lodNearSize" type="Float" container="StaticArray" arraySize="1">
          <containerEntry>-1</containerEntry>
        </property>
        <property name="lodPolygonSize" type="Float" container="StaticArray" arraySize="1">
          <containerEntry>-1</containerEntry>
        </property>
        <property name="drawRejectionLevel" type="Int32" container="StaticArray" arraySize="1">
          <containerEntry>8</containerEntry>
        </property>
        <property name="drawMode" type="Int32" container="StaticArray" arraySize="1">
          <containerEntry>0</containerEntry>
        </property>
        <property name="rejectFarRangeShadowCast" type="Int32" container="StaticArray" arraySize="1">
          <containerEntry>2</containerEntry>
        </property>
        <property name="parentLocator" type="EntityLink" container="StaticArray" arraySize="1">
          <containerEntry packagePathHash="0xB8A0BF169F98" archivePathHash="0xB8A0BF169F98" nameInArchiveHash="0xB8A0BF169F98">0x0</containerEntry>
        </property>
        <property name="transforms" type="Matrix4" container="DynamicArray" arraySize="5">
          <containerEntry r11="0.073891275" r12="-0.056098692" r13="0.9956873" r14="0" r21="-0.059454978" r22="0.99639285" r23="0.06055069" r24="0" r31="-0.9954925" r32="-0.06367273" r33="0.07028937" r34="0" r41="33.846493" r42="-5.071217" r43="-115.04692" r44="1"></containerEntry>
          <containerEntry r11="0.073891275" r12="-0.056098692" r13="0.9956873" r14="0" r21="-0.059454978" r22="0.99639285" r23="0.06055069" r24="0" r31="-0.9954925" r32="-0.06367273" r33="0.07028937" r34="0" r41="58.194885" r42="-6.692683" r43="-74.16521" r44="1"></containerEntry>
          <containerEntry r11="0.91090685" r12="-0.0679642" r13="0.40697592" r14="0" r21="0.028109193" r22="0.99427104" r23="0.103126325" r24="0" r31="-0.41165328" r32="-0.08249868" r33="0.9075987" r34="0" r41="46.212208" r42="-16.18077" r43="-74.06152" r44="1"></containerEntry>
          <containerEntry r11="0.061861373" r12="0.00013891194" r13="0.9980816" r14="0" r21="-0.08727671" r22="0.99617016" r23="0.005270779" r24="0" r31="-0.99425834" r32="-0.08743536" r33="0.061636563" r34="0" r41="17.66573" r42="-7.474827" r43="-71.50402" r44="1"></containerEntry>
          <containerEntry r11="-0.9632657" r12="-0.044045344" r13="-0.2649104" r14="0" r21="-0.046526246" r22="0.9989123" r23="0.0030944138" r24="0" r31="0.26448596" r32="0.015306037" r33="-0.96426725" r34="0" r41="52.75271" r42="-7.542307" r43="-108.17845" r44="1"></containerEntry>
        </property>
        <property name="colors" type="UInt32" container="DynamicArray" arraySize="5">
          <containerEntry>4294967295</containerEntry>
          <containerEntry>4294967295</containerEntry>
          <containerEntry>4294967295</containerEntry>
          <containerEntry>4294967295</containerEntry>
          <containerEntry>4294967295</containerEntry>
        </property>
      </staticProperties>
      <dynamicProperties></dynamicProperties>
    </entity>
    <entity class="StaticModelArray" classVersion="4" classID="0xD0" addr="0x32FEBE0" id="0x0">
      <staticProperties>
        <property name="name" type="String" container="StaticArray" arraySize="1">
          <containerEntry>StaticModelArray0002</containerEntry>
        </property>
        <property name="dataSet" type="EntityHandle" container="StaticArray" arraySize="1">
          <containerEntry>0x32F5480</containerEntry>
        </property>
        <property name="modelFile" type="FilePtr" container="StaticArray" arraySize="1">
          <containerEntry hash="0xB8A0BF169F98"></containerEntry>
        </property>
        <property name="geomFile" type="FilePtr" container="StaticArray" arraySize="1">
          <containerEntry>/Assets/tpp/environ/object/middle_africa/barricade/mafr_brrc001/scenes/mafr_brrc001_vrtn011_pc.geom</containerEntry>
        </property>
        <property name="isVisibleGeom" type="Bool" container="StaticArray" arraySize="1">
          <containerEntry>false</containerEntry>
        </property>
        <property name="lodFarSize" type="Float" container="StaticArray" arraySize="1">
          <containerEntry>-1</containerEntry>
        </property>
        <property name="lodNearSize" type="Float" container="StaticArray" arraySize="1">
          <containerEntry>-1</containerEntry>
        </property>
        <property name="lodPolygonSize" type="Float" container="StaticArray" arraySize="1">
          <containerEntry>-1</containerEntry>
        </property>
        <property name="drawRejectionLevel" type="Int32" container="StaticArray" arraySize="1">
          <containerEntry>8</containerEntry>
        </property>
        <property name="drawMode" type="Int32" container="StaticArray" arraySize="1">
          <containerEntry>0</containerEntry>
        </property>
        <property name="rejectFarRangeShadowCast" type="Int32" container="StaticArray" arraySize="1">
          <containerEntry>2</containerEntry>
        </property>
        <property name="parentLocator" type="EntityLink" container="StaticArray" arraySize="1">
          <containerEntry packagePathHash="0xB8A0BF169F98" archivePathHash="0xB8A0BF169F98" nameInArchiveHash="0xB8A0BF169F98">0x0</containerEntry>
        </property>
        <property name="transforms" type="Matrix4" container="DynamicArray" arraySize="15">
          <containerEntry r11="0.12286119" r12="-0.015559729" r13="-0.9923025" r14="0" r21="-0.0010330565" r22="0.99987453" r23="-0.01580638" r24="0" r31="0.99242395" r32="0.0029671043" r33="0.122829676" r34="0" r41="63.081314" r42="-5.541743" r43="-24.375774" r44="1"></containerEntry>
          <containerEntry r11="0.60237473" r12="-0.012276864" r13="-0.79811907" r14="0" r21="-0.015828034" r22="0.9995014" r23="-0.027320676" r24="0" r31="0.7980565" r32="0.029089939" r33="0.6018801" r34="0" r41="61.790745" r42="-5.505475" r43="-21.286472" r44="1"></containerEntry>
          <containerEntry r11="0.12283867" r12="-0.005026265" r13="-0.9924144" r14="0" r21="-0.0032969427" r22="0.9999796" r23="-0.0054726726" r24="0" r31="0.9924217" r32="0.0039441907" r33="0.1228196" r34="0" r41="63.504124" r42="-5.583772" r43="-27.738714" r44="1"></containerEntry>
          <containerEntry r11="-0.13787228" r12="0.005731162" r13="-0.99043256" r14="0" r21="0.008084195" r22="0.9999564" r23="0.004660909" r24="0" r31="0.9904161" r32="-0.0073642414" r33="-0.13791263" r34="0" r41="62.558804" r42="-5.486994" r43="-1.226256" r44="1"></containerEntry>
          <containerEntry r11="0.9660783" r12="-0.022620846" r13="-0.25725698" r14="0" r21="0.014003403" r22="0.9992794" r23="-0.03528055" r24="0" r31="0.25786966" r32="0.030481305" r33="0.96569884" r34="0" r41="59.07431" r42="-5.418408" r43="-19.467468" r44="1"></containerEntry>
          <containerEntry r11="0.99344146" r12="-0.02198998" r13="0.11220708" r14="0" r21="0.025947718" r22="0.99908715" r23="-0.033934012" r24="0" r31="-0.11135844" r32="0.03662297" r33="0.99310523" r34="0" r41="55.74165" r42="-5.346866" r43="-19.292261" r44="1"></containerEntry>
          <containerEntry r11="0.99344146" r12="-0.02198998" r13="0.11220708" r14="0" r21="0.025947718" r22="0.99908715" r23="-0.033934012" r24="0" r31="-0.11135844" r32="0.03662297" r33="0.99310523" r34="0" r41="52.34422" r42="-5.271664" r43="-19.675993" r44="1"></containerEntry>
          <containerEntry r11="-0.99325377" r12="0.025667602" r13="-0.11309449" r14="0" r21="0.029304275" r22="0.99910164" r23="-0.030611614" r24="0" r31="0.11220717" r32="-0.033719216" r33="-0.9931137" r34="0" r41="55.026566" r42="-5.341283" r43="-6.776179" r44="1"></containerEntry>
          <containerEntry r11="-0.9953096" r12="0.026339876" r13="-0.09310424" r14="0" r21="0.029303638" r22="0.99910176" r23="-0.030610107" r24="0" r31="0.092214346" r32="-0.033194773" r33="-0.9951874" r34="0" r41="51.636414" r42="-5.248866" r43="-7.132891" r44="1"></containerEntry>
          <containerEntry r11="0.12288043" r12="-0.025309898" r13="-0.99209833" r14="0" r21="-0.0008041486" r22="0.9996719" r23="-0.025602702" r24="0" r31="0.9924208" r32="0.003943856" r33="0.12281978" r34="0" r41="64.25776" r42="-5.735766" r43="-33.823414" r44="1"></containerEntry>
          <containerEntry r11="0.12288328" r12="-0.027549373" r13="-0.99203855" r14="0" r21="-0.00052953884" r22="0.9996126" r23="-0.0278253" r24="0" r31="0.99242085" r32="0.003944584" r33="0.12282109" r34="0" r41="65.011345" r42="-5.922526" r43="-39.906696" r44="1"></containerEntry>
          <containerEntry r11="-0.99399984" r12="0.05032683" r13="-0.09709924" r14="0" r21="0.05337228" r22="0.9981528" r23="-0.029024499" r24="0" r31="0.095459156" r32="-0.034032807" r33="-0.99484974" r34="0" r41="46.030125" r42="-5.020239" r43="-7.686594" r44="1"></containerEntry>
          <containerEntry r11="-0.722386" r12="-0.0011346713" r13="-0.69148964" r14="0" r21="0.030036531" r22="0.99900335" r23="-0.03301785" r24="0" r31="0.6908379" r32="-0.044621564" r33="-0.72163194" r34="0" r41="61.02423" r42="-5.452488" r43="-4.117553" r44="1"></containerEntry>
          <containerEntry r11="-0.9923024" r12="0.08267612" r13="-0.092173755" r14="0" r21="0.08560518" r22="0.99592763" r23="-0.028283369" r24="0" r31="0.08946003" r32="-0.035956282" r33="-0.99533886" r34="0" r41="40.336308" r42="-4.655182" r43="-8.246753" r44="1"></containerEntry>
          <containerEntry r11="0.9909204" r12="-0.07166886" r13="0.113755606" r14="0" r21="0.07534073" r22="0.99675596" r23="-0.028309032" r24="0" r31="-0.1113577" r32="0.036622427" r33="0.9931054" r34="0" r41="41.826736" r42="-4.751541" r43="-20.874516" r44="1"></containerEntry>
        </property>
        <property name="colors" type="UInt32" container="DynamicArray" arraySize="15">
          <containerEntry>4294967295</containerEntry>
          <containerEntry>4294967295</containerEntry>
          <containerEntry>4294967295</containerEntry>
          <containerEntry>4294967295</containerEntry>
          <containerEntry>4294967295</containerEntry>
          <containerEntry>4294967295</containerEntry>
          <containerEntry>4294967295</containerEntry>
          <containerEntry>4294967295</containerEntry>
          <containerEntry>4294967295</containerEntry>
          <containerEntry>4294967295</containerEntry>
          <containerEntry>4294967295</containerEntry>
          <containerEntry>4294967295</containerEntry>
          <containerEntry>4294967295</containerEntry>
          <containerEntry>4294967295</containerEntry>
          <containerEntry>4294967295</containerEntry>
        </property>
      </staticProperties>
      <dynamicProperties></dynamicProperties>
    </entity>
    <entity class="StaticModelArray" classVersion="4" classID="0xD0" addr="0x32F7630" id="0x0">
      <staticProperties>
        <property name="name" type="String" container="StaticArray" arraySize="1">
          <containerEntry>StaticModelArray0003</containerEntry>
        </property>
        <property name="dataSet" type="EntityHandle" container="StaticArray" arraySize="1">
          <containerEntry>0x32F5480</containerEntry>
        </property>
        <property name="modelFile" type="FilePtr" container="StaticArray" arraySize="1">
          <containerEntry>/Assets/tpp/environ/object/middle_africa/mud/mafr_mudd003/scenes/mafr_mudd003_grnd001.fmdl</containerEntry>
        </property>
        <property name="geomFile" type="FilePtr" container="StaticArray" arraySize="1">
          <containerEntry>/Assets/tpp/environ/object/middle_africa/mud/mafr_mudd003/scenes/mafr_mudd003_grnd001.geom</containerEntry>
        </property>
        <property name="isVisibleGeom" type="Bool" container="StaticArray" arraySize="1">
