<fox formatVersion="2" fileVersion="0">
  <entities>
    <entity class="DataSet" classVersion="0" classID="0xE8" addr="0x2F5CA30" id="0x436DE0">
      <staticProperties>
        <property name="name" type="String" container="StaticArray" arraySize="1">
          <containerEntry hash="0xB8A0BF169F98"></containerEntry>
        </property>
        <property name="dataSet" type="EntityHandle" container="StaticArray" arraySize="1">
          <containerEntry>0x0</containerEntry>
        </property>
        <property name="dataList" type="EntityPtr" container="StringMap" arraySize="11">
          <containerEntry key="StaticModelArray0000">
            <data>0x2D7C870</data>
          </containerEntry>
          <containerEntry key="StaticModelArray0001">
            <data>0x2D7C8E0</data>
          </containerEntry>
          <containerEntry key="StaticModelArray0002">
            <data>0x2D7C560</data>
          </containerEntry>
          <containerEntry key="StaticModelArray0003">
            <data>0x2D7BFB0</data>
          </containerEntry>
          <containerEntry key="StaticModelArray0004">
            <data>0x2D7C100</data>
          </containerEntry>
          <containerEntry key="StaticModelArray0005">
            <data>0x2D7C090</data>
          </containerEntry>
          <containerEntry key="StaticModelArray0006">
            <data>0x2D7C170</data>
          </containerEntry>
          <containerEntry key="StaticModelArray0007">
            <data>0x2D7C020</data>
          </containerEntry>
          <containerEntry key="StaticModelArray0008">
            <data>0x2D7C1E0</data>
          </containerEntry>
          <containerEntry key="StaticModelArray0009">
            <data>0x2D7C250</data>
          </containerEntry>
          <containerEntry key="TexturePackLoadConditioner0000">
            <data>0x2D7CE90</data>
          </containerEntry>
        </property>
      </staticProperties>
      <dynamicProperties></dynamicProperties>
    </entity>
    <entity class="StaticModelArray" classVersion="4" classID="0xD0" addr="0x2D7C870" id="0x0">
      <staticProperties>
        <property name="name" type="String" container="StaticArray" arraySize="1">
          <containerEntry>StaticModelArray0000</containerEntry>
        </property>
        <property name="dataSet" type="EntityHandle" container="StaticArray" arraySize="1">
          <containerEntry>0x2F5CA30</containerEntry>
        </property>
        <property name="modelFile" type="FilePtr" container="StaticArray" arraySize="1">
          <containerEntry>/Assets/tpp/environ/object/afghanistan/cliff/afgh_clff007/scenes/afgh_clff007.fmdl</containerEntry>
        </property>
        <property name="geomFile" type="FilePtr" container="StaticArray" arraySize="1">
          <containerEntry>/Assets/tpp/environ/object/afghanistan/cliff/afgh_clff007/scenes/afgh_clff007.geom</containerEntry>
        </property>
        <property name="isVisibleGeom" type="Bool" container="StaticArray" arraySize="1">
          <containerEntry>false</containerEntry>
        </property>
        <property name="lodFarSize" type="Float" container="StaticArray" arraySize="1">
          <containerEntry>-1</containerEntry>
        </property>
        <property name="lodNearSize" type="Float" container="StaticArray" arraySize="1">
          <containerEntry>-1</containerEntry>
        </property>
        <property name="lodPolygonSize" type="Float" container="StaticArray" arraySize="1">
          <containerEntry>-1</containerEntry>
        </property>
        <property name="drawRejectionLevel" type="Int32" container="StaticArray" arraySize="1">
          <containerEntry>4</containerEntry>
        </property>
        <property name="drawMode" type="Int32" container="StaticArray" arraySize="1">
          <containerEntry>0</containerEntry>
        </property>
        <property name="rejectFarRangeShadowCast" type="Int32" container="StaticArray" arraySize="1">
          <containerEntry>2</containerEntry>
        </property>
        <property name="parentLocator" type="EntityLink" container="StaticArray" arraySize="1">
          <containerEntry packagePathHash="0xB8A0BF169F98" archivePathHash="0xB8A0BF169F98" nameInArchiveHash="0xB8A0BF169F98">0x0</containerEntry>
        </property>
        <property name="transforms" type="Matrix4" container="DynamicArray" arraySize="4">
          <containerEntry r11="0.848227" r12="0" r13="0.5296326" r14="0" r21="0" r22="1" r23="0" r24="0" r31="-0.5296326" r32="0" r33="0.848227" r34="0" r41="-491.86926" r42="310.1055" r43="799.06256" r44="1"></containerEntry>
          <containerEntry r11="0.90566665" r12="-0.08480715" r13="0.41542205" r14="0" r21="0.07772454" r22="0.99639624" r23="0.03396304" r24="0" r31="-0.41680524" r32="0.0015293267" r33="0.90899444" r34="0" r41="-442.77786" r42="307.10373" r43="810.6848" r44="1"></containerEntry>
          <containerEntry r11="0.66691816" r12="-0.21100995" r13="0.7146286" r14="0" r21="0.1832807" r22="0.97605443" r23="0.11715728" r24="0" r31="-0.7222377" r32="0.052843574" r33="0.6896225" r34="0" r41="-443.35406" r42="313.09976" r43="784.0564" r44="1"></containerEntry>
          <containerEntry r11="0.29856843" r12="-0.21438779" r13="0.9299962" r14="0" r21="0.18777849" r22="0.9685918" r23="0.16300012" r24="0" r31="-0.93573195" r32="0.12596698" r33="0.3294484" r34="0" r41="-448.75253" r42="309.35175" r43="800.4199" r44="1"></containerEntry>
        </property>
        <property name="colors" type="UInt32" container="DynamicArray" arraySize="4">
          <containerEntry>4294967295</containerEntry>
          <containerEntry>4294967295</containerEntry>
          <containerEntry>4294967295</containerEntry>
          <containerEntry>4294967295</containerEntry>
        </property>
      </staticProperties>
      <dynamicProperties></dynamicProperties>
    </entity>
    <entity class="StaticModelArray" classVersion="4" classID="0xD0" addr="0x2D7C8E0" id="0x0">
      <staticProperties>
        <property name="name" type="String" container="StaticArray" arraySize="1">
          <containerEntry>StaticModelArray0001</containerEntry>
        </property>
        <property name="dataSet" type="EntityHandle" container="StaticArray" arraySize="1">
          <containerEntry>0x2F5CA30</containerEntry>
        </property>
        <property name="modelFile" type="FilePtr" container="StaticArray" arraySize="1">
          <containerEntry>/Assets/tpp/environ/object/afghanistan/cliff/afgh_clff022/scenes/afgh_clff022_vrtn002.fmdl</containerEntry>
        </property>
        <property name="geomFile" type="FilePtr" container="StaticArray" arraySize="1">
          <containerEntry>/Assets/tpp/environ/object/afghanistan/cliff/afgh_clff022/scenes/afgh_clff022_vrtn002.geom</containerEntry>
        </property>
        <property name="isVisibleGeom" type="Bool" container="StaticArray" arraySize="1">
          <containerEntry>false</containerEntry>
        </property>
        <property name="lodFarSize" type="Float" container="StaticArray" arraySize="1">
          <containerEntry>-1</containerEntry>
        </property>
        <property name="lodNearSize" type="Float" container="StaticArray" arraySize="1">
          <containerEntry>-1</containerEntry>
        </property>
        <property name="lodPolygonSize" type="Float" container="StaticArray" arraySize="1">
          <containerEntry>-1</containerEntry>
        </property>
        <property name="drawRejectionLevel" type="Int32" container="StaticArray" arraySize="1">
          <containerEntry>8</containerEntry>
        </property>
        <property name="drawMode" type="Int32" container="StaticArray" arraySize="1">
          <containerEntry>0</containerEntry>
        </property>
        <property name="rejectFarRangeShadowCast" type="Int32" container="StaticArray" arraySize="1">
          <containerEntry>2</containerEntry>
        </property>
        <property name="parentLocator" type="EntityLink" container="StaticArray" arraySize="1">
          <containerEntry packagePathHash="0xB8A0BF169F98" archivePathHash="0xB8A0BF169F98" nameInArchiveHash="0xB8A0BF169F98">0x0</containerEntry>
        </property>
        <property name="transforms" type="Matrix4" container="DynamicArray" arraySize="5">
          <containerEntry r11="-0.97152615" r12="0" r13="0.23693515" r14="0" r21="0" r22="1" r23="0" r24="0" r31="-0.23693515" r32="0" r33="-0.97152615" r34="0" r41="-475.06973" r42="311.5629" r43="846.5115" r44="1"></containerEntry>
          <containerEntry r11="-0.44918835" r12="0" r13="-0.89343846" r14="0" r21="0" r22="1" r23="0" r24="0" r31="0.89343846" r32="0" r33="-0.44918835" r34="0" r41="-438.64227" r42="313.2836" r43="861.98627" r44="1"></containerEntry>
          <containerEntry r11="-0.99418426" r12="0" r13="-0.107711054" r14="0" r21="0" r22="1" r23="0" r24="0" r31="0.107711054" r32="0" r33="-0.99418426" r34="0" r41="-491.66412" r42="318.94888" r43="861.8383" r44="1"></containerEntry>
          <containerEntry r11="-0.73855674" r12="0" r13="-0.67419046" r14="0" r21="0" r22="1" r23="0" r24="0" r31="0.67419046" r32="0" r33="-0.73855674" r34="0" r41="-433.60345" r42="315.0966" r43="887.9207" r44="1"></containerEntry>
          <containerEntry r11="-0.97418773" r12="0" r13="0.22573507" r14="0" r21="0" r22="1" r23="0" r24="0" r31="-0.22573507" r32="0" r33="-0.97418773" r34="0" r41="-486.0801" r42="335.1652" r43="878.1588" r44="1"></containerEntry>
        </property>
        <property name="colors" type="UInt32" container="DynamicArray" arraySize="5">
          <containerEntry>4294967295</containerEntry>
          <containerEntry>4294967295</containerEntry>
          <containerEntry>4294967295</containerEntry>
          <containerEntry>4294967295</containerEntry>
          <containerEntry>4294967295</containerEntry>
        </property>
      </staticProperties>
      <dynamicProperties></dynamicProperties>
    </entity>
    <entity class="StaticModelArray" classVersion="4" classID="0xD0" addr="0x2D7C560" id="0x0">
      <staticProperties>
        <property name="name" type="String" container="StaticArray" arraySize="1">
          <containerEntry>StaticModelArray0002</containerEntry>
        </property>
        <property name="dataSet" type="EntityHandle" container="StaticArray" arraySize="1">
          <containerEntry>0x2F5CA30</containerEntry>
        </property>
        <property name="modelFile" type="FilePtr" container="StaticArray" arraySize="1">
          <containerEntry>/Assets/tpp/environ/object/afghanistan/cliff/afgh_clff007/scenes/afgh_clff007.fmdl</containerEntry>
        </property>
        <property name="geomFile" type="FilePtr" container="StaticArray" arraySize="1">
          <containerEntry>/Assets/tpp/environ/object/afghanistan/cliff/afgh_clff007/scenes/afgh_clff007.geom</containerEntry>
        </property>
        <property name="isVisibleGeom" type="Bool" container="StaticArray" arraySize="1">
          <containerEntry>false</containerEntry>
        </property>
        <property name="lodFarSize" type="Float" container="StaticArray" arraySize="1">
          <containerEntry>50</containerEntry>
        </property>
        <property name="lodNearSize" type="Float" container="StaticArray" arraySize="1">
          <containerEntry>400</containerEntry>
        </property>
        <property name="lodPolygonSize" type="Float" container="StaticArray" arraySize="1">
          <containerEntry>-1</containerEntry>
        </property>
        <property name="drawRejectionLevel" type="Int32" container="StaticArray" arraySize="1">
          <containerEntry>4</containerEntry>
        </property>
        <property name="drawMode" type="Int32" container="StaticArray" arraySize="1">
          <containerEntry>0</containerEntry>
        </property>
        <property name="rejectFarRangeShadowCast" type="Int32" container="StaticArray" arraySize="1">
          <containerEntry>2</containerEntry>
        </property>
        <property name="parentLocator" type="EntityLink" container="StaticArray" arraySize="1">
          <containerEntry packagePathHash="0xB8A0BF169F98" archivePathHash="0xB8A0BF169F98" nameInArchiveHash="0xB8A0BF169F98">0x0</containerEntry>
        </property>
        <property name="transforms" type="Matrix4" container="DynamicArray" arraySize="5">
          <containerEntry r11="-0.46071622" r12="0.1618405" r13="-0.87266666" r14="0" r21="0.22158298" r22="0.9730732" r23="0.06347857" r24="0" r31="0.85944194" r32="-0.16412252" r33="-0.4841717" r34="0" r41="-420.01178" r42="299.81937" r43="864.7674" r44="1"></containerEntry>
          <containerEntry r11="-0.14822772" r12="0.0532898" r13="-0.9875167" r14="0" r21="0.18164031" r22="0.9830269" r23="0.025783092" r24="0" r31="0.9721295" r32="-0.17555104" r33="-0.15539145" r34="0" r41="-417.76385" r42="298.6807" r43="876.8301" r44="1"></containerEntry>
          <containerEntry r11="-0.55105406" r12="0.051615827" r13="-0.83287203" r14="0" r21="0.21835694" r22="0.97222805" r23="-0.08421951" r24="0" r31="0.80539453" r32="-0.22827283" r33="-0.54702085" r34="0" r41="-414.19098" r42="298.4397" r43="887.876" r44="1"></containerEntry>
          <containerEntry r11="-0.98625576" r12="0" r13="0.16522135" r14="0" r21="0" r22="1" r23="0" r24="0" r31="-0.16522135" r32="0" r33="-0.98625576" r34="0" r41="-505.65988" r42="306.35736" r43="844.5777" r44="1"></containerEntry>
          <containerEntry r11="0.9936556" r12="-0.07744507" r13="0.08155217" r14="0" r21="0.07897908" r22="0.99675184" r23="-0.015750555" r24="0" r31="-0.08006746" r32="0.02209155" r33="0.9965446" r34="0" r41="-467.95404" r42="306.6614" r43="825.91376" r44="1"></containerEntry>
        </property>
        <property name="colors" type="UInt32" container="DynamicArray" arraySize="5">
          <containerEntry>4294967295</containerEntry>
          <containerEntry>4294967295</containerEntry>
          <containerEntry>4294967295</containerEntry>
          <containerEntry>4294967295</containerEntry>
          <containerEntry>4294967295</containerEntry>
        </property>
      </staticProperties>
      <dynamicProperties></dynamicProperties>
    </entity>
    <entity class="StaticModelArray" classVersion="4" classID="0xD0" addr="0x2D7BFB0" id="0x0">
      <staticProperties>
        <property name="name" type="String" container="StaticArray" arraySize="1">
          <containerEntry>StaticModelArray0003</containerEntry>
        </property>
        <property name="dataSet" type="EntityHandle" container="StaticArray" arraySize="1">
          <containerEntry>0x2F5CA30</containerEntry>
        </property>
        <property name="modelFile" type="FilePtr" container="StaticArray" arraySize="1">
          <containerEntry>/Assets/tpp/environ/object/afghanistan/cliff/afgh_clff030/scenes/afgh_clff030_vrtn011.fmdl</containerEntry>
        </property>
        <property name="geomFile" type="FilePtr" container="StaticArray" arraySize="1">
          <containerEntry>/Assets/tpp/environ/object/afghanistan/cliff/afgh_clff030/scenes/afgh_clff030_vrtn011.geom</containerEntry>
        </property>
        <property name="isVisibleGeom" type="Bool" container="StaticArray" arraySize="1">
          <containerEntry>false</containerEntry>
        </property>
        <property name="lodFarSize" type="Float" container="StaticArray" arraySize="1">
          <containerEntry>-1</containerEntry>
        </property>
        <property name="lodNearSize" type="Float" container="StaticArray" arraySize="1">
          <containerEntry>-1</containerEntry>
        </property>
        <property name="lodPolygonSize" type="Float" container="StaticArray" arraySize="1">
          <containerEntry>-1</containerEntry>
        </property>
        <property name="drawRejectionLevel" type="Int32" container="StaticArray" arraySize="1">
          <containerEntry>8</containerEntry>
        </property>
        <property name="drawMode" type="Int32" container="StaticArray" arraySize="1">
          <containerEntry>0</containerEntry>
        </property>
        <property name="rejectFarRangeShadowCast" type="Int32" container="StaticArray" arraySize="1">
          <containerEntry>2</containerEntry>
        </property>
        <property name="parentLocator" type="EntityLink" container="StaticArray" arraySize="1">
          <containerEntry packagePathHash="0xB8A0BF169F98" archivePathHash="0xB8A0BF169F98" nameInArchiveHash="0xB8A0BF169F98">0x0</containerEntry>
        </property>
        <property name="transforms" type="Matrix4" container="DynamicArray" arraySize="7">
          <containerEntry r11="0.99655616" r12="0.051877007" r13="-0.064687654" r14="0" r21="-0.036963366" r22="0.9762502" r23="0.21346948" r24="0" r31="0.074225515" r32="-0.21034324" r33="0.9748057" r34="0" r41="-415.57312" r42="305.0462" r43="816.2161" r44="1"></containerEntry>
          <containerEntry r11="0.99536914" r12="-0.016556462" r13="-0.09469013" r14="0" r21="0.041796118" r22="0.96161" r23="0.27121773" r24="0" r31="0.086564556" r32="-0.27391943" r33="0.9578489" r34="0" r41="-452.16696" r42="308.26184" r43="808.6291" r44="1"></containerEntry>
          <containerEntry r11="0.99536914" r12="-0.016556462" r13="-0.09469013" r14="0" r21="0.041796118" r22="0.96161" r23="0.27121773" r24="0" r31="0.086564556" r32="-0.27391943" r33="0.9578489" r34="0" r41="-459.12625" r42="317.67557" r43="771.66797" r44="1"></containerEntry>
          <containerEntry r11="0.8813889" r12="-0.030253755" r13="0.4714213" r14="0" r21="0.041032627" r22="0.99907833" r23="-0.012599808" r24="0" r31="-0.4706056" r32="0.030449007" r33="0.881818" r34="0" r41="-388.8743" r42="302.4212" r43="853.22705" r44="1"></containerEntry>
          <containerEntry r11="0.12135914" r12="-0.11580011" r13="0.9858299" r14="0" r21="0.0777698" r22="0.9912279" r23="0.106860414" r24="0" r31="-0.9895565" r32="0.06369947" r33="0.12930036" r34="0" r41="-390.89853" r42="311.7651" r43="790.19904" r44="1"></containerEntry>
          <containerEntry r11="0.81341976" r12="0.09071088" r13="-0.5745596" r14="0" r21="0.0059550516" r22="0.98641497" r23="0.16416441" r24="0" r31="0.5816458" r32="-0.13695602" r33="0.8018292" r34="0" r41="-476.25186" r42="316.12265" r43="784.8687" r44="1"></containerEntry>
          <containerEntry r11="-0.20697103" r12="0.031082984" r13="-0.9778488" r14="0" r21="0.036809724" r22="0.9990349" r23="0.023965053" r24="0" r31="0.97765" r32="-0.031034298" r33="-0.20791543" r34="0" r41="-506.3538" r42="310.38638" r43="814.87885" r44="1"></containerEntry>
        </property>
        <property name="colors" type="UInt32" container="DynamicArray" arraySize="7">
          <containerEntry>4294967295</containerEntry>
          <containerEntry>4294967295</containerEntry>
          <containerEntry>4294967295</containerEntry>
          <containerEntry>4294967295</containerEntry>
          <containerEntry>4294967295</containerEntry>
          <containerEntry>4294967295</containerEntry>
          <containerEntry>4294967295</containerEntry>
        </property>
      </staticProperties>
      <dynamicProperties></dynamicProperties>
    </entity>
    <entity class="StaticModelArray" classVersion="4" classID="0xD0" addr="0x2D7C100" id="0x0">
      <staticProperties>
        <property name="name" type="String" container="StaticArray" arraySize="1">
          <containerEntry>StaticModelArray0004</containerEntry>
        </property>
        <property name="dataSet" type="EntityHandle" container="StaticArray" arraySize="1">
          <containerEntry>0x2F5CA30</containerEntry>
        </property>
        <property name="modelFile" type="FilePtr" container="StaticArray" arraySize="1">
          <containerEntry>/Assets/tpp/environ/object/afghanistan/rock/afgh_rock010/scenes/afgh_rock010_vrtn001.fmdl</containerEntry>
        </property>
        <property name="geomFile" type="FilePtr" container="StaticArray" arraySize="1">
          <containerEntry>/Assets/tpp/environ/object/afghanistan/rock/afgh_rock010/scenes/afgh_rock010_vrtn001.geom</containerEntry>
        </property>
        <property name="isVisibleGeom" type="Bool" container="StaticArray" arraySize="1">
          <containerEntry>false</containerEntry>
        </property>
        <property name="lodFarSize" type="Float" container="StaticArray" arraySize="1">
          <containerEntry>-1</containerEntry>
        </property>
        <property name="lodNearSize" type="Float" container="StaticArray" arraySize="1">
          <containerEntry>-1</containerEntry>
        </property>
        <property name="lodPolygonSize" type="Float" container="StaticArray" arraySize="1">
          <containerEntry>-1</containerEntry>
        </property>
        <property name="drawRejectionLevel" type="Int32" container="StaticArray" arraySize="1">
          <containerEntry>8</containerEntry>
        </property>
        <property name="drawMode" type="Int32" container="StaticArray" arraySize="1">
          <containerEntry>0</containerEntry>
        </property>
        <property name="rejectFarRangeShadowCast" type="Int32" container="StaticArray" arraySize="1">
          <containerEntry>2</containerEntry>
        </property>
        <property name="parentLocator" type="EntityLink" container="StaticArray" arraySize="1">
          <containerEntry packagePathHash="0xB8A0BF169F98" archivePathHash="0xB8A0BF169F98" nameInArchiveHash="0xB8A0BF169F98">0x0</containerEntry>
        </property>
        <property name="transforms" type="Matrix4" container="DynamicArray" arraySize="5">
          <containerEntry r11="0.044998996" r12="0.1928541" r13="-0.9801949" r14="0" r21="0.07404786" r22="0.97784597" r23="0.19579133" r24="0" r31="0.9962388" r32="-0.08139176" r33="0.029721677" r34="0" r41="-480.63043" r42="304.509" r43="839.90045" r44="1"></containerEntry>
          <containerEntry r11="0.91846466" r12="0.03029447" r13="0.39434066" r14="0" r21="-0.052834466" r22="0.99752355" r23="0.046424583" r24="0" r31="-0.39195767" r32="-0.06347415" r33="0.9177908" r34="0" r41="-465.7786" r42="333.45184" r43="881.328" r44="1"></containerEntry>
          <containerEntry r11="-0.7818562" r12="-0.30735475" r13="0.54242694" r14="0" r21="0.42340535" r22="-0.90038764" r23="0.100112796" r24="0" r31="0.45762634" r32="0.30794108" r33="0.8341162" r34="0" r41="-469.19128" r42="336.28482" r43="881.38055" r44="1"></containerEntry>
          <containerEntry r11="-0.54956424" r12="-0.47148693" r13="0.6896897" r14="0" r21="0.78981185" r22="-0.56231326" r23="0.24493587" r24="0" r31="0.27233988" r32="0.6793353" r33="0.68141985" r34="0" r41="-485.3998" r42="338.4358" r43="886.7375" r44="1"></containerEntry>
          <containerEntry r11="-0.6295645" r12="-0.42505947" r13="0.6503606" r14="0" r21="0.5760809" r22="-0.8170475" r23="0.02365844" r24="0" r31="0.5213207" r32="0.38955534" r33="0.7592567" r34="0" r41="-445.67285" r42="313.20093" r43="852.3474" r44="1"></containerEntry>
        </property>
        <property name="colors" type="UInt32" container="DynamicArray" arraySize="5">
          <containerEntry>4294967295</containerEntry>
          <containerEntry>4294967295</containerEntry>
          <containerEntry>4294967295</containerEntry>
          <containerEntry>4294967295</containerEntry>
          <containerEntry>4294967295</containerEntry>
        </property>
      </staticProperties>
      <dynamicProperties></dynamicProperties>
    </entity>
    <entity class="StaticModelArray" classVersion="4" classID="0xD0" addr="0x2D7C090" id="0x0">
      <staticProperties>
        <property name="name" type="String" container="StaticArray" arraySize="1">
          <containerEntry>StaticModelArray0005</containerEntry>
        </property>
        <property name="dataSet" type="EntityHandle" container="StaticArray" arraySize="1">
          <containerEntry>0x2F5CA30</containerEntry>
        </property>
        <property name="modelFile" type="FilePtr" container="StaticArray" arraySize="1">
          <containerEntry>/Assets/tpp/environ/object/afghanistan/cliff/afgh_clff025/scenes/afgh_clff025.fmdl</containerEntry>
        </property>
        <property name="geomFile" type="FilePtr" container="StaticArray" arraySize="1">
          <containerEntry>/Assets/tpp/environ/object/afghanistan/cliff/afgh_clff025/scenes/afgh_clff025.geom</containerEntry>
        </property>
        <property name="isVisibleGeom" type="Bool" container="StaticArray" arraySize="1">
          <containerEntry>false</containerEntry>
        </property>
        <property name="lodFarSize" type="Float" container="StaticArray" arraySize="1">
          <containerEntry>-1</containerEntry>
        </property>
        <property name="lodNearSize" type="Float" container="StaticArray" arraySize="1">
          <containerEntry>-1</containerEntry>
        </property>
        <property name="lodPolygonSize" type="Float" container="StaticArray" arraySize="1">
          <containerEntry>-1</containerEntry>
        </property>
        <property name="drawRejectionLevel" type="Int32" container="StaticArray" arraySize="1">
          <containerEntry>8</containerEntry>
        </property>
        <property name="drawMode" type="Int32" container="StaticArray" arraySize="1">
          <containerEntry>0</containerEntry>
        </property>
        <property name="rejectFarRangeShadowCast" type="Int32" container="StaticArray" arraySize="1">
          <containerEntry>2</containerEntry>
        </property>
        <property name="parentLocator" type="EntityLink" container="StaticArray" arraySize="1">
          <containerEntry packagePathHash="0xB8A0BF169F98" archivePathHash="0xB8A0BF169F98" nameInArchiveHash="0xB8A0BF169F98">0x0</containerEntry>
        </property>
        <property name="transforms" type="Matrix4" container="DynamicArray" arraySize="13">
          <containerEntry r11="0.5089053" r12="-0.004392611" r13="0.86080945" r14="0" r21="0.06166701" r22="0.9976038" r23="-0.03136629" r24="0" r31="-0.85860896" r32="0.06904614" r33="0.50795674" r34="0" r41="-401.02768" r42="307.8661" r43="809.5107" r44="1"></containerEntry>
          <containerEntry r11="-0.19163764" r12="0" r13="-0.98146355" r14="0" r21="0" r22="1" r23="0" r24="0" r31="0.98146355" r32="0" r33="-0.19163764" r34="0" r41="-414.60284" r42="296.75873" r43="873.7043" r44="1"></containerEntry>
          <containerEntry r11="-0.5258647" r12="0" r13="-0.8505649" r14="0" r21="0" r22="1" r23="0" r24="0" r31="0.8505649" r32="0" r33="-0.5258647" r34="0" r41="-407.63995" r42="295.90646" r43="890.15027" r44="1"></containerEntry>
          <containerEntry r11="-0.96437204" r12="0" r13="-0.26454177" r14="0" r21="0" r22="1" r23="0" r24="0" r31="0.26454177" r32="0" r33="-0.96437204" r34="0" r41="-449.88745" r42="304.86432" r43="837.18085" r44="1"></containerEntry>
          <containerEntry r11="0.18476069" r12="0" r13="-0.98278165" r14="0" r21="0" r22="1" r23="0" r24="0" r31="0.98278165" r32="0" r33="0.18476069" r34="0" r41="-431.35107" r42="304.52795" r43="847.6556" r44="1"></containerEntry>
          <containerEntry r11="-0.23765141" r12="-0.02434339" r13="-0.97104204" r14="0" r21="-0.10189851" r22="0.9947948" r23="-2.2351742e-08" r24="0" r31="0.96598756" r32="0.09894799" r33="-0.23889494" r34="0" r41="-433.16724" r42="305.04483" r43="838.17883" r44="1"></containerEntry>
          <containerEntry r11="-0.9797435" r12="0" r13="-0.20022826" r14="0" r21="0" r22="1" r23="0" r24="0" r31="0.20022826" r32="0" r33="-0.9797435" r34="0" r41="-440.66037" r42="304.95392" r43="832.69727" r44="1"></containerEntry>
          <containerEntry r11="-0.6098984" r12="0.01598165" r13="-0.7923139" r14="0" r21="-0.016512675" r22="0.99932325" r23="0.032868147" r24="0" r31="0.792303" r32="0.033129603" r33="-0.60922176" r34="0" r41="-435.8338" r42="305.88428" r43="844.1736" r44="1"></containerEntry>
          <containerEntry r11="-0.11461711" r12="0" r13="-0.9934073" r14="0" r21="0" r22="1" r23="0" r24="0" r31="0.9934073" r32="0" r33="-0.11461711" r34="0" r41="-429.89365" r42="304.6498" r43="857.54285" r44="1"></containerEntry>
          <containerEntry r11="-0.96963215" r12="0" r13="0.24454005" r14="0" r21="0" r22="1" r23="0" r24="0" r31="-0.24454005" r32="0" r33="-0.96963215" r34="0" r41="-447.83832" r42="305.30597" r43="834.5238" r44="1"></containerEntry>
          <containerEntry r11="-0.9797435" r12="0" r13="-0.20022826" r14="0" r21="0" r22="1" r23="0" r24="0" r31="0.20022826" r32="0" r33="-0.9797435" r34="0" r41="-441.94208" r42="306.2735" r43="838.41284" r44="1"></containerEntry>
          <containerEntry r11="0.5210203" r12="0" r13="0.853543" r14="0" r21="0" r22="1" r23="0" r24="0" r31="-0.853543" r32="0" r33="0.5210203" r34="0" r41="-388.97067" r42="306.52725" r43="825.79626" r44="1"></containerEntry>
          <containerEntry r11="0.508904" r12="0" r13="0.8608224" r14="0" r21="0" r22="1" r23="0" r24="0" r31="-0.8608224" r32="0" r33="0.508904" r34="0" r41="-385.0586" r42="304.7349" r43="840.2373" r44="1"></containerEntry>
        </property>
        <property name="colors" type="UInt32" container="DynamicArray" arraySize="13">
          <containerEntry>4294967295</containerEntry>
          <containerEntry>4294967295</containerEntry>
          <containerEntry>4294967295</containerEntry>
          <containerEntry>4294967295</containerEntry>
          <containerEntry>4294967295</containerEntry>
          <containerEntry>4294967295</containerEntry>
          <containerEntry>4294967295</containerEntry>
          <containerEntry>4294967295</containerEntry>
          <containerEntry>4294967295</containerEntry>
          <containerEntry>4294967295</containerEntry>
          <containerEntry>4294967295</containerEntry>
          <containerEntry>4294967295</containerEntry>
          <containerEntry>4294967295</containerEntry>
        </property>
      </staticProperties>
      <dynamicProperties></dynamicProperties>
    </entity>
    <entity class="StaticModelArray" classVersion="4" classID="0xD0" addr="0x2D7C170" id="0x0">
      <staticProperties>
        <property name="name" type="String" container="StaticArray" arraySize="1">
          <containerEntry>StaticModelArray0006</containerEntry>
        </property>
        <property name="dataSet" type="EntityHandle" container="StaticArray" arraySize="1">
          <containerEntry>0x2F5CA30</containerEntry>
        </property>
        <property name="modelFile" type="FilePtr" container="StaticArray" arraySize="1">
          <containerEntry>/Assets/tpp/environ/object/afghanistan/rock/afgh_rock001/scenes/afgh_rock001.fmdl</containerEntry>
        </property>
        <property name="geomFile" type="FilePtr" container="StaticArray" arraySize="1">
          <containerEntry>/Assets/tpp/environ/object/afghanistan/rock/afgh_rock001/scenes/afgh_rock001.geom</containerEntry>
        </property>
        <property name="isVisibleGeom" type="Bool" container="StaticArray" arraySize="1">
          <containerEntry>false</containerEntry>
        </property>
        <property name="lodFarSize" type="Float" container="StaticArray" arraySize="1">
          <containerEntry>-1</containerEntry>
        </property>
        <property name="lodNearSize" type="Float" container="StaticArray" arraySize="1">
          <containerEntry>-1</containerEntry>
        </property>
        <property name="lodPolygonSize" type="Float" container="StaticArray" arraySize="1">
          <containerEntry>-1</containerEntry>
        </property>
        <property name="drawRejectionLevel" type="Int32" container="StaticArray" arraySize="1">
          <containerEntry>8</containerEntry>
        </property>
        <property name="drawMode" type="Int32" container="StaticArray" arraySize="1">
          <containerEntry>0</containerEntry>
        </property>
        <property name="rejectFarRangeShadowCast" type="Int32" container="StaticArray" arraySize="1">
          <containerEntry>2</containerEntry>
        </property>
        <property name="parentLocator" type="EntityLink" container="StaticArray" arraySize="1">
          <containerEntry packagePathHash="0xB8A0BF169F98" archivePathHash="0xB8A0BF169F98" nameInArchiveHash="0xB8A0BF169F98">0x0</containerEntry>
        </property>
        <property name="transforms" type="Matrix4" container="DynamicArray" arraySize="9">
          <containerEntry r11="-0.9630566" r12="-0.26864728" r13="0.01860328" r14="0" r21="-0.25246832" r22="0.9247745" r23="0.28469557" r24="0" r31="-0.09368661" r32="0.26948184" r33="-0.9584351" r34="0" r41="-463.87778" r42="314.6524" r43="787.3627" r44="1"></containerEntry>
          <containerEntry r11="0.9951768" r12="0.053473543" r13="-0.08224174" r14="0" r21="0.02908836" r22="-0.9615162" r23="-0.27319172" r24="0" r31="-0.09368559" r32="0.26948175" r33="-0.95843405" r34="0" r41="-430.4188" r42="317.03275" r43="776.4323" r44="1"></containerEntry>
          <containerEntry r11="-0.11059865" r12="-0.0556005" r13="0.99230444" r14="0" r21="0.28239846" r22="0.9555225" r23="0.08501552" r24="0" r31="-0.9528959" r32="0.28962928" r33="-0.08997774" r34="0" r41="-393.0899" r42="302.64838" r43="849.9551" r44="1"></containerEntry>
          <containerEntry r11="-0.9630566" r12="-0.26864728" r13="0.01860328" r14="0" r21="-0.25246832" r22="0.9247745" r23="0.28469557" r24="0" r31="-0.09368661" r32="0.26948184" r33="-0.9584351" r34="0" r41="-437.1486" r42="313.74185" r43="787.97296" r44="1"></containerEntry>
          <containerEntry r11="-0.9630566" r12="-0.26864728" r13="0.01860328" r14="0" r21="-0.25246832" r22="0.9247745" r23="0.28469557" r24="0" r31="-0.09368661" r32="0.26948184" r33="-0.9584351" r34="0" r41="-443.22543" r42="309.59457" r43="801.1628" r44="1"></containerEntry>
          <containerEntry r11="-0.06553602" r12="0.18554938" r13="-0.9804466" r14="0" r21="0.9378319" r22="-0.32416826" r23="-0.12403679" r24="0" r31="-0.3408452" r32="-0.9276234" r33="-0.15276891" r34="0" r41="-403.04468" r42="295.21478" r43="885.0868" r44="1"></containerEntry>
          <containerEntry r11="-0.32296115" r12="0.07033098" r13="-0.9437946" r14="0" r21="0.37712222" r22="-0.9050782" r23="-0.19649519" r24="0" r31="-0.8680285" r32="-0.41938657" r33="0.265783" r34="0" r41="-409.54297" r42="297.24814" r43="865.7768" r44="1"></containerEntry>
          <containerEntry r11="-0.28554553" r12="-0.75681376" r13="0.5879495" r14="0" r21="-0.72075963" r22="0.57393503" r23="0.38871592" r24="0" r31="-0.63163054" r32="-0.31277382" r33="-0.70936537" r34="0" r41="-408.35608" r42="304.18628" r43="824.6755" r44="1"></containerEntry>
          <containerEntry r11="-0.06553602" r12="0.18554816" r13="-0.9804472" r14="0" r21="0.30762157" r22="-0.93094623" r23="-0.19674256" r24="0" r31="-0.949249" r32="-0.31450048" r33="0.003932126" r34="0" r41="-487.945" r42="309.9776" r43="826.6936" r44="1"></containerEntry>
        </property>
        <property name="colors" type="UInt32" container="DynamicArray" arraySize="9">
          <containerEntry>4294967295</containerEntry>
          <containerEntry>4294967295</containerEntry>
          <containerEntry>4294967295</containerEntry>
          <containerEntry>4294967295</containerEntry>
          <containerEntry>4294967295</containerEntry>
          <containerEntry>4294967295</containerEntry>
          <containerEntry>4294967295</containerEntry>
          <containerEntry>4294967295</containerEntry>
          <containerEntry>4294967295</containerEntry>
        </property>
      </staticProperties>
      <dynamicProperties></dynamicProperties>
    </entity>
    <entity class="StaticModelArray" classVersion="4" classID="0xD0" addr="0x2D7C020" id="0x0">
      <staticProperties>
        <property name="name" type="String" container="StaticArray" arraySize="1">
          <containerEntry>StaticModelArray0007</containerEntry>
        </property>
        <property name="dataSet" type="EntityHandle" container="StaticArray" arraySize="1">
          <containerEntry>0x2F5CA30</containerEntry>
        </property>
        <property name="modelFile" type="FilePtr" container="StaticArray" arraySize="1">
          <containerEntry>/Assets/tpp/environ/object/afghanistan/cliff/afgh_clff013/scenes/afgh_clff013.fmdl</containerEntry>
        </property>
        <property name="geomFile" type="FilePtr" container="StaticArray" arraySize="1">
          <containerEntry>/Assets/tpp/environ/object/afghanistan/cliff/afgh_clff013/scenes/afgh_clff013.geom</containerEntry>
        </property>
        <property name="isVisibleGeom" type="Bool" container="StaticArray" arraySize="1">
          <containerEntry>false</containerEntry>
        </property>
        <property name="lodFarSize" type="Float" container="StaticArray" arraySize="1">
          <containerEntry>-1</containerEntry>
        </property>
        <property name="lodNearSize" type="Float" container="StaticArray" arraySize="1">
          <containerEntry>-1</containerEntry>
        </property>
        <property name="lodPolygonSize" type="Float" container="StaticArray" arraySize="1">
          <containerEntry>-1</containerEntry>
        </property>
        <property name="drawRejectionLevel" type="Int32" container="StaticArray" arraySize="1">
          <containerEntry>8</containerEntry>
        </property>
        <property name="drawMode" type="Int32" container="StaticArray" arraySize="1">
          <containerEntry>0</containerEntry>
        </property>
        <property name="rejectFarRangeShadowCast" type="Int32" container="StaticArray" arraySize="1">
          <containerEntry>2</containerEntry>
        </property>
        <property name="parentLocator" type="EntityLink" container="StaticArray" arraySize="1">
          <containerEntry packagePathHash="0xB8A0BF169F98" archivePathHash="0xB8A0BF169F98" nameInArchiveHash="0xB8A0BF169F98">0x0</containerEntry>
        </property>
        <property name="transforms" type="Matrix4" container="DynamicArray" arraySize="5">
          <containerEntry r11="0.9831804" r12="0" r13="0.18263711" r14="0" r21="0" r22="1" r23="0" r24="0" r31="-0.18263711" r32="0" r33="0.9831804" r34="0" r41="-473.75983" r42="309.97794" r43="799.2306" r44="1"></containerEntry>
          <containerEntry r11="0.64973056" r12="0" r13="0.7601646" r14="0" r21="0" r22="1" r23="0" r24="0" r31="-0.7601646" r32="0" r33="0.64973056" r34="0" r41="-396.46103" r42="297.57974" r43="867.5542" r44="1"></containerEntry>
          <containerEntry r11="0.80381405" r12="0" r13="0.59488016" r14="0" r21="0" r22="1" r23="0" r24="0" r31="-0.59488016" r32="0" r33="0.80381405" r34="0" r41="-509.5931" r42="312.7279" r43="780.93475" r44="1"></containerEntry>
          <containerEntry r11="0.9834092" r12="0" r13="0.18140058" r14="0" r21="0" r22="1" r23="0" r24="0" r31="-0.18140058" r32="0" r33="0.9834092" r34="0" r41="-495.1392" r42="305.73083" r43="825.9042" r44="1"></containerEntry>
          <containerEntry r11="0.63545984" r12="0" r13="0.7721337" r14="0" r21="0" r22="1" r23="0" r24="0" r31="-0.7721337" r32="0" r33="0.63545984" r34="0" r41="-386.1045" r42="295.02313" r43="886.09015" r44="1"></containerEntry>
        </property>
        <property name="colors" type="UInt32" container="DynamicArray" arraySize="5">
          <containerEntry>4294967295</containerEntry>
          <containerEntry>4294967295</containerEntry>
          <containerEntry>4294967295</containerEntry>
          <containerEntry>4294967295</containerEntry>
          <containerEntry>4294967295</containerEntry>
        </property>
      </staticProperties>
      <dynamicProperties></dynamicProperties>
    </entity>
    <entity class="StaticModelArray" classVersion="4" classID="0xD0" addr="0x2D7C1E0" id="0x0">
      <staticProperties>
        <property name="name" type="String" container="StaticArray" arraySize="1">
          <containerEntry>StaticModelArray0008</containerEntry>
        </property>
        <property name="dataSet" type="EntityHandle" container="StaticArray" arraySize="1">
          <containerEntry>0x2F5CA30</containerEntry>
        </property>
        <property name="modelFile" type="FilePtr" container="StaticArray" arraySize="1">
