<fox formatVersion="2" fileVersion="0">
  <entities>
    <entity class="DataSet" classVersion="0" classID="0xE8" addr="0x3354530" id="0x9A621">
      <staticProperties>
        <property name="name" type="String" container="StaticArray" arraySize="1">
          <containerEntry hash="0xB8A0BF169F98"></containerEntry>
        </property>
        <property name="dataSet" type="EntityHandle" container="StaticArray" arraySize="1">
          <containerEntry>0x0</containerEntry>
        </property>
        <property name="dataList" type="EntityPtr" container="StringMap" arraySize="7">
          <containerEntry key="StaticModelArray0000">
            <data>0x317CE20</data>
          </containerEntry>
          <containerEntry key="StaticModelArray0001">
            <data>0x317CF00</data>
          </containerEntry>
          <containerEntry key="StaticModelArray0002">
            <data>0x317CE90</data>
          </containerEntry>
          <containerEntry key="StaticModelArray0003">
            <data>0x3354A00</data>
          </containerEntry>
          <containerEntry key="StaticModelArray0004">
            <data>0x3354A70</data>
          </containerEntry>
          <containerEntry key="StaticModelArray0005">
            <data>0x317CA30</data>
          </containerEntry>
          <containerEntry key="TexturePackLoadConditioner0000">
            <data>0x317D590</data>
          </containerEntry>
        </property>
      </staticProperties>
      <dynamicProperties></dynamicProperties>
    </entity>
    <entity class="StaticModelArray" classVersion="4" classID="0xD0" addr="0x317CE20" id="0x0">
      <staticProperties>
        <property name="name" type="String" container="StaticArray" arraySize="1">
          <containerEntry>StaticModelArray0000</containerEntry>
        </property>
        <property name="dataSet" type="EntityHandle" container="StaticArray" arraySize="1">
          <containerEntry>0x3354530</containerEntry>
        </property>
        <property name="modelFile" type="FilePtr" container="StaticArray" arraySize="1">
          <containerEntry>/Assets/tpp/environ/object/middle_africa/rock/mafr_rock010/scenes/mafr_rock010.fmdl</containerEntry>
        </property>
        <property name="geomFile" type="FilePtr" container="StaticArray" arraySize="1">
          <containerEntry>/Assets/tpp/environ/object/middle_africa/rock/mafr_rock010/scenes/mafr_rock010.geom</containerEntry>
        </property>
        <property name="isVisibleGeom" type="Bool" container="StaticArray" arraySize="1">
          <containerEntry>false</containerEntry>
        </property>
        <property name="lodFarSize" type="Float" container="StaticArray" arraySize="1">
          <containerEntry>-1</containerEntry>
        </property>
        <property name="lodNearSize" type="Float" container="StaticArray" arraySize="1">
          <containerEntry>-1</containerEntry>
        </property>
        <property name="lodPolygonSize" type="Float" container="StaticArray" arraySize="1">
          <containerEntry>-1</containerEntry>
        </property>
        <property name="drawRejectionLevel" type="Int32" container="StaticArray" arraySize="1">
          <containerEntry>8</containerEntry>
        </property>
        <property name="drawMode" type="Int32" container="StaticArray" arraySize="1">
          <containerEntry>0</containerEntry>
        </property>
        <property name="rejectFarRangeShadowCast" type="Int32" container="StaticArray" arraySize="1">
          <containerEntry>2</containerEntry>
        </property>
        <property name="parentLocator" type="EntityLink" container="StaticArray" arraySize="1">
          <containerEntry packagePathHash="0xB8A0BF169F98" archivePathHash="0xB8A0BF169F98" nameInArchiveHash="0xB8A0BF169F98">0x0</containerEntry>
        </property>
        <property name="transforms" type="Matrix4" container="DynamicArray" arraySize="11">
          <containerEntry r11="0.5421082" r12="-0.011428552" r13="0.25687453" r14="0" r21="0.055517722" r22="0.5904711" r23="-0.09089413" r24="0" r31="-0.25106448" r32="0.10589292" r33="0.5345579" r34="0" r41="1706.9929" r42="-7.092662" r43="1559.9532" r44="1"></containerEntry>
          <containerEntry r11="-0.17383584" r12="-0.041982137" r13="-1.1157594" r14="0" r21="-0.5519373" r22="0.98482" r23="0.048936713" r24="0" r31="0.9705909" r32="0.5525098" r33="-0.17200753" r34="0" r41="1759.1477" r42="-0.55891913" r43="1583.9655" r44="1"></containerEntry>
          <containerEntry r11="0.28258458" r12="-0.1251962" r13="0.51426506" r14="0" r21="0.42930964" r22="0.39519513" r23="-0.13969354" r24="0" r31="-0.30957773" r32="0.4337582" r33="0.2757074" r34="0" r41="1711.3826" r42="-9.348653" r43="1560.6995" r44="1"></containerEntry>
          <containerEntry r11="0.58054644" r12="-0.15049681" r13="-0.017688995" r14="0" r21="0.14183718" r22="0.5150339" r23="0.27317077" r24="0" r31="-0.053335063" r32="-0.26849633" r33="0.53391373" r34="0" r41="1710.4258" r42="-8.98883" r43="1562.7445" r44="1"></containerEntry>
          <containerEntry r11="0.49568796" r12="-0.14285897" r13="-0.30640018" r14="0" r21="0.0357543" r22="0.5629002" r23="-0.20460935" r24="0" r31="0.33617282" r32="0.15077928" r33="0.47355273" r34="0" r41="1715.6821" r42="-10.236267" r43="1550.9413" r44="1"></containerEntry>
          <containerEntry r11="-0.5723527" r12="-0.0816226" r13="-0.1604548" r14="0" r21="0.0009832263" r22="0.5333581" r23="-0.27482408" r24="0" r31="0.18002012" r32="-0.26242417" r33="-0.5086495" r34="0" r41="1745.9095" r42="-4.719944" r43="1572.3445" r44="1"></containerEntry>
          <containerEntry r11="-0.2637935" r12="0.008999259" r13="0.5388199" r14="0" r21="0.03788624" r22="0.59874165" r23="0.0085482225" r24="0" r31="-0.53756344" r32="0.03778157" r33="-0.26380938" r34="0" r41="1746.6174" r42="-4.079946" r43="1574.8759" r44="1"></containerEntry>
          <containerEntry r11="0.2724118" r12="0.033507388" r13="-0.53354007" r14="0" r21="-0.108185135" r22="0.5898857" r23="-0.018190451" r24="0" r31="0.523532" r32="0.1044611" r33="0.2738623" r34="0" r41="1741.9833" r42="-3.987786" r43="1577.5476" r44="1"></containerEntry>
          <containerEntry r11="0.4592206" r12="0.13596302" r13="0.36142352" r14="0" r21="-0.09061056" r22="0.5838395" r23="-0.104504436" r24="0" r31="-0.37537134" r32="0.025403133" r33="0.46738625" r34="0" r41="1703.7258" r42="-8.392236" r43="1559.1993" r44="1"></containerEntry>
          <containerEntry r11="0.73164" r12="-0.58059776" r13="0.35722393" r14="0" r21="0.5403495" r22="0.81341743" r23="0.21534698" r24="0" r31="-0.4156022" r32="0.035469398" r33="0.9088546" r34="0" r41="1769.7222" r42="-3.171646" r43="1588.6373" r44="1"></containerEntry>
          <containerEntry r11="0.37822384" r12="0.14318351" r13="1.055151" r14="0" r21="0.19884235" r22="1.0905437" r23="-0.21926191" r24="0" r31="-1.0460911" r32="0.25906092" r33="0.33982185" r34="0" r41="1764.7034" r42="-2.845582" r43="1579.1752" r44="1"></containerEntry>
        </property>
        <property name="colors" type="UInt32" container="DynamicArray" arraySize="11">
          <containerEntry>4294967295</containerEntry>
          <containerEntry>4294967295</containerEntry>
          <containerEntry>4294967295</containerEntry>
          <containerEntry>4294967295</containerEntry>
          <containerEntry>4294967295</containerEntry>
          <containerEntry>4294967295</containerEntry>
          <containerEntry>4294967295</containerEntry>
          <containerEntry>4294967295</containerEntry>
          <containerEntry>4294967295</containerEntry>
          <containerEntry>4294967295</containerEntry>
          <containerEntry>4294967295</containerEntry>
        </property>
      </staticProperties>
      <dynamicProperties></dynamicProperties>
    </entity>
    <entity class="StaticModelArray" classVersion="4" classID="0xD0" addr="0x317CF00" id="0x0">
      <staticProperties>
        <property name="name" type="String" container="StaticArray" arraySize="1">
          <containerEntry>StaticModelArray0001</containerEntry>
        </property>
        <property name="dataSet" type="EntityHandle" container="StaticArray" arraySize="1">
          <containerEntry>0x3354530</containerEntry>
        </property>
        <property name="modelFile" type="FilePtr" container="StaticArray" arraySize="1">
          <containerEntry>/Assets/tpp/environ/object/middle_africa/rock/mafr_rock001/scenes/mafr_rock001_vrtn003.fmdl</containerEntry>
        </property>
        <property name="geomFile" type="FilePtr" container="StaticArray" arraySize="1">
          <containerEntry>/Assets/tpp/environ/object/middle_africa/rock/mafr_rock001/scenes/mafr_rock001_vrtn003.geom</containerEntry>
        </property>
        <property name="isVisibleGeom" type="Bool" container="StaticArray" arraySize="1">
          <containerEntry>false</containerEntry>
        </property>
        <property name="lodFarSize" type="Float" container="StaticArray" arraySize="1">
          <containerEntry>-1</containerEntry>
        </property>
        <property name="lodNearSize" type="Float" container="StaticArray" arraySize="1">
          <containerEntry>-1</containerEntry>
        </property>
        <property name="lodPolygonSize" type="Float" container="StaticArray" arraySize="1">
          <containerEntry>-1</containerEntry>
        </property>
        <property name="drawRejectionLevel" type="Int32" container="StaticArray" arraySize="1">
          <containerEntry>8</containerEntry>
        </property>
        <property name="drawMode" type="Int32" container="StaticArray" arraySize="1">
          <containerEntry>0</containerEntry>
        </property>
        <property name="rejectFarRangeShadowCast" type="Int32" container="StaticArray" arraySize="1">
          <containerEntry>2</containerEntry>
        </property>
        <property name="parentLocator" type="EntityLink" container="StaticArray" arraySize="1">
          <containerEntry packagePathHash="0xB8A0BF169F98" archivePathHash="0xB8A0BF169F98" nameInArchiveHash="0xB8A0BF169F98">0x0</containerEntry>
        </property>
        <property name="transforms" type="Matrix4" container="DynamicArray" arraySize="4">
          <containerEntry r11="-0.96417665" r12="-0.061213206" r13="-0.25809953" r14="0" r21="-0.053297777" r22="0.997872" r23="-0.03756087" r24="0" r31="0.25984952" r32="-0.022459198" r33="-0.96538746" r34="0" r41="1737.2025" r42="-8.379725" r43="1556.9564" r44="1"></containerEntry>
          <containerEntry r11="-0.69975495" r12="0" r13="0.71438396" r14="0" r21="0" r22="1" r23="0" r24="0" r31="-0.71438396" r32="0" r33="-0.69975495" r34="0" r41="1783.9004" r42="-5.029138" r43="1592.5828" r44="1"></containerEntry>
          <containerEntry r11="0.5636474" r12="-0.02104074" r13="-0.8257453" r14="0" r21="-0.17962995" r22="0.97262895" r23="-0.14739756" r24="0" r31="0.8062451" r32="0.2314088" r33="0.5444401" r34="0" r41="1729.4148" r42="-8.731069" r43="1562.119" r44="1"></containerEntry>
          <containerEntry r11="0.88357615" r12="0.0771668" r13="0.46187872" r14="0" r21="-0.052767098" r22="0.9964541" r23="-0.06553531" r24="0" r31="-0.4652981" r32="0.033533346" r33="0.8845149" r34="0" r41="1727.0244" r42="-8.851176" r43="1656.9711" r44="1"></containerEntry>
        </property>
        <property name="colors" type="UInt32" container="DynamicArray" arraySize="4">
          <containerEntry>4294967295</containerEntry>
          <containerEntry>4294967295</containerEntry>
          <containerEntry>4294967295</containerEntry>
          <containerEntry>4294967295</containerEntry>
        </property>
      </staticProperties>
      <dynamicProperties></dynamicProperties>
    </entity>
    <entity class="StaticModelArray" classVersion="4" classID="0xD0" addr="0x317CE90" id="0x0">
      <staticProperties>
        <property name="name" type="String" container="StaticArray" arraySize="1">
          <containerEntry>StaticModelArray0002</containerEntry>
        </property>
        <property name="dataSet" type="EntityHandle" container="StaticArray" arraySize="1">
          <containerEntry>0x3354530</containerEntry>
        </property>
        <property name="modelFile" type="FilePtr" container="StaticArray" arraySize="1">
          <containerEntry>/Assets/tpp/environ/object/middle_africa/cliff/mafr_clff003/scenes/mafr_clff003_vrtn001.fmdl</containerEntry>
        </property>
        <property name="geomFile" type="FilePtr" container="StaticArray" arraySize="1">
          <containerEntry>/Assets/tpp/environ/object/middle_africa/cliff/mafr_clff003/scenes/mafr_clff003_vrtn001.geom</containerEntry>
        </property>
        <property name="isVisibleGeom" type="Bool" container="StaticArray" arraySize="1">
          <containerEntry>false</containerEntry>
        </property>
        <property name="lodFarSize" type="Float" container="StaticArray" arraySize="1">
          <containerEntry>-1</containerEntry>
        </property>
        <property name="lodNearSize" type="Float" container="StaticArray" arraySize="1">
          <containerEntry>-1</containerEntry>
        </property>
        <property name="lodPolygonSize" type="Float" container="StaticArray" arraySize="1">
          <containerEntry>-1</containerEntry>
        </property>
        <property name="drawRejectionLevel" type="Int32" container="StaticArray" arraySize="1">
          <containerEntry>8</containerEntry>
        </property>
        <property name="drawMode" type="Int32" container="StaticArray" arraySize="1">
          <containerEntry>0</containerEntry>
        </property>
        <property name="rejectFarRangeShadowCast" type="Int32" container="StaticArray" arraySize="1">
          <containerEntry>2</containerEntry>
        </property>
        <property name="parentLocator" type="EntityLink" container="StaticArray" arraySize="1">
          <containerEntry packagePathHash="0xB8A0BF169F98" archivePathHash="0xB8A0BF169F98" nameInArchiveHash="0xB8A0BF169F98">0x0</containerEntry>
        </property>
        <property name="transforms" type="Matrix4" container="DynamicArray" arraySize="12">
          <containerEntry r11="-0.41878277" r12="-0.042060245" r13="0.90710974" r14="0" r21="0.75763845" r22="0.5344976" r23="0.37456053" r24="0" r31="-0.50060177" r32="0.8441215" r33="-0.19197147" r34="0" r41="1702.7408" r42="-12.750977" r43="1616.2214" r44="1"></containerEntry>
          <containerEntry r11="-0.96274394" r12="-0.2702163" r13="0.010008961" r14="0" r21="-0.1348686" r22="0.51194507" r23="0.8483637" r24="0" r31="-0.23436615" r32="0.8154101" r33="-0.52931404" r34="0" r41="1742.2888" r42="-9.043633" r43="1583.9932" r44="1"></containerEntry>
          <containerEntry r11="-0.22055666" r12="-0.092990644" r13="-0.7107781" r14="0" r21="-0.5598502" r22="0.48678398" r23="0.11003861" r24="0" r31="0.44768345" r32="0.56293297" r33="-0.21256533" r34="0" r41="1734.3099" r42="-9.911348" r43="1583.9932" r44="1"></containerEntry>
          <containerEntry r11="-0.70819664" r12="-0.0932269" r13="-0.22861259" r14="0" r21="-0.21657261" r22="0.56801414" r23="0.4392674" r24="0" r31="0.1185381" r32="0.48079962" r33="-0.56327444" r34="0" r41="1743.9489" r42="-9.804168" r43="1594.0328" r44="1"></containerEntry>
          <containerEntry r11="0.6656449" r12="-0.024844326" r13="-0.74585426" r14="0" r21="-0.24720293" r22="0.93567866" r23="-0.2517854" r24="0" r31="0.7041353" r32="0.35197717" r33="0.61668813" r34="0" r41="1768.61" r42="-7.055822" r43="1592.1451" r44="1"></containerEntry>
          <containerEntry r11="0.9438441" r12="-0.12033936" r13="-0.3076956" r14="0" r21="-0.24698079" r22="0.36160082" r23="-0.8990234" r24="0" r31="0.21945074" r32="0.9245329" r33="0.31157333" r34="0" r41="1761.3367" r42="-6.83339" r43="1574.9369" r44="1"></containerEntry>
          <containerEntry r11="-0.32594973" r12="-0.045890316" r13="-0.67390484" r14="0" r21="-0.39099556" r22="0.62297946" r23="0.14669251" r24="0" r31="0.5507959" r32="0.4150787" r33="-0.29467022" r34="0" r41="1776.3121" r42="-7.383225" r43="1587.6134" r44="1"></containerEntry>
          <containerEntry r11="-0.4722101" r12="0.03139999" r13="0.8809217" r14="0" r21="0.59195554" r22="0.7517895" r23="0.29051685" r24="0" r31="-0.65314496" r32="0.6586536" r33="-0.37358925" r34="0" r41="1708.9131" r42="-12.967711" r43="1654.8231" r44="1"></containerEntry>
          <containerEntry r11="0.45079356" r12="0.0035667568" r13="-0.5993927" r14="0" r21="-0.4025773" r22="0.5574571" r23="-0.2994537" r24="0" r31="0.44408986" r32="0.5017253" r33="0.33697876" r34="0" r41="1786.7743" r42="-7.851707" r43="1596.4669" r44="1"></containerEntry>
          <containerEntry r11="0.72827685" r12="-0.06165271" r13="-0.16826053" r14="0" r21="-0.07049983" r22="0.5488552" r23="-0.5062479" r24="0" r31="0.1647496" r32="0.50740135" r33="0.52716273" r34="0" r41="1785.7057" r42="-7.944101" r43="1578.4784" r44="1"></containerEntry>
          <containerEntry r11="0.5818817" r12="-0.045547385" r13="0.47099775" r14="0" r21="0.3064413" r22="0.605103" r23="-0.32006845" r24="0" r31="-0.360565" r32="0.44076696" r33="0.4880747" r34="0" r41="1783.1349" r42="-8.167233" r43="1616.4933" r44="1"></containerEntry>
          <containerEntry r11="0.21060044" r12="-0.034569494" r13="0.7189928" r14="0" r21="0.49132526" r22="0.554391" r23="-0.11725791" r24="0" r31="-0.5260658" r32="0.5039394" r33="0.17832014" r34="0" r41="1722.8164" r42="-11.800434" r43="1656.9469" r44="1"></containerEntry>
        </property>
        <property name="colors" type="UInt32" container="DynamicArray" arraySize="12">
          <containerEntry>4294967295</containerEntry>
          <containerEntry>4294967295</containerEntry>
          <containerEntry>4294967295</containerEntry>
          <containerEntry>4294967295</containerEntry>
          <containerEntry>4294967295</containerEntry>
          <containerEntry>4294967295</containerEntry>
          <containerEntry>4294967295</containerEntry>
          <containerEntry>4294967295</containerEntry>
          <containerEntry>4294967295</containerEntry>
          <containerEntry>4294967295</containerEntry>
          <containerEntry>4294967295</containerEntry>
          <containerEntry>4294967295</containerEntry>
        </property>
      </staticProperties>
      <dynamicProperties></dynamicProperties>
    </entity>
    <entity class="StaticModelArray" classVersion="4" classID="0xD0" addr="0x3354A00" id="0x0">
      <staticProperties>
        <property name="name" type="String" container="StaticArray" arraySize="1">
          <containerEntry>StaticModelArray0003</containerEntry>
        </property>
        <property name="dataSet" type="EntityHandle" container="StaticArray" arraySize="1">
          <containerEntry>0x3354530</containerEntry>
        </property>
        <property name="modelFile" type="FilePtr" container="StaticArray" arraySize="1">
          <containerEntry>/Assets/tpp/environ/object/middle_africa/rock/mafr_rock002/scenes/mafr_rock002.fmdl</containerEntry>
        </property>
        <property name="geomFile" type="FilePtr" container="StaticArray" arraySize="1">
          <containerEntry>/Assets/tpp/environ/object/middle_africa/rock/mafr_rock002/scenes/mafr_rock002.geom</containerEntry>
        </property>
        <property name="isVisibleGeom" type="Bool" container="StaticArray" arraySize="1">
          <containerEntry>false</containerEntry>
        </property>
        <property name="lodFarSize" type="Float" container="StaticArray" arraySize="1">
          <containerEntry>-1</containerEntry>
        </property>
        <property name="lodNearSize" type="Float" container="StaticArray" arraySize="1">
          <containerEntry>-1</containerEntry>
        </property>
        <property name="lodPolygonSize" type="Float" container="StaticArray" arraySize="1">
          <containerEntry>-1</containerEntry>
        </property>
        <property name="drawRejectionLevel" type="Int32" container="StaticArray" arraySize="1">
          <containerEntry>5</containerEntry>
        </property>
        <property name="drawMode" type="Int32" container="StaticArray" arraySize="1">
          <containerEntry>0</containerEntry>
        </property>
        <property name="rejectFarRangeShadowCast" type="Int32" container="StaticArray" arraySize="1">
          <containerEntry>2</containerEntry>
        </property>
        <property name="parentLocator" type="EntityLink" container="StaticArray" arraySize="1">
          <containerEntry packagePathHash="0xB8A0BF169F98" archivePathHash="0xB8A0BF169F98" nameInArchiveHash="0xB8A0BF169F98">0x0</containerEntry>
        </property>
        <property name="transforms" type="Matrix4" container="DynamicArray" arraySize="10">
          <containerEntry r11="0.15606451" r12="0.3016534" r13="-0.9405571" r14="0" r21="0.057247955" r22="0.94786066" r23="0.31349444" r24="0" r31="0.9860808" r32="-0.10276984" r33="0.13065803" r34="0" r41="1762.9021" r42="0.089317" r43="1588.8556" r44="1"></containerEntry>
          <containerEntry r11="0.15799256" r12="0.44795802" r13="0.72290456" r14="0" r21="-0.079125844" r22="0.7398274" r23="-0.44115105" r24="0" r31="-0.84675646" r32="0.014448492" r33="0.1761074" r34="0" r41="1761.956" r42="-0.52627385" r43="1579.5052" r44="1"></containerEntry>
          <containerEntry r11="-0.15223089" r12="0.96787757" r13="0.2000848" r14="0" r21="0.33038646" r22="0.2406328" r23="-0.9126562" r24="0" r31="-0.93148696" r32="-0.0728288" r33="-0.3564059" r34="0" r41="1707.9843" r42="-13.075188" r43="1555.9595" r44="1"></containerEntry>
          <containerEntry r11="-0.2569018" r12="0.9622835" r13="-0.08945746" r14="0" r21="0.93418616" r22="0.22355281" r23="-0.27805308" r24="0" r31="-0.24756882" r32="-0.15500325" r33="-0.95638776" r34="0" r41="1710.5895" r42="-13.146271" r43="1558.7473" r44="1"></containerEntry>
          <containerEntry r11="-0.1149688" r12="0.94014305" r13="-0.3207912" r14="0" r21="0.8303598" r22="0.26820177" r23="0.48842975" r24="0" r31="0.54523206" r32="-0.2102188" r33="-0.8114943" r34="0" r41="1710.422" r42="-12.946569" r43="1562.6643" r44="1"></containerEntry>
          <containerEntry r11="0.5598662" r12="0.707884" r13="-0.43062973" r14="0" r21="-0.41618374" r22="0.68965185" r23="0.59258866" r24="0" r31="0.71646935" r32="-0.15254939" r33="0.68072337" r34="0" r41="1702.5878" r42="-10.238914" r43="1564.5256" r44="1"></containerEntry>
          <containerEntry r11="0.1271459" r12="0.9186358" r13="-0.37409028" r14="0" r21="0.26216447" r22="0.33261308" r23="0.9058892" r24="0" r31="0.9566072" r32="-0.2132534" r33="-0.19854318" r34="0" r41="1707.5627" r42="-12.626938" r43="1564.6683" r44="1"></containerEntry>
          <containerEntry r11="0.09800999" r12="0.9524744" r13="0.28840366" r14="0" r21="-0.42119184" r22="0.3022658" r23="-0.8551192" r24="0" r31="-0.9016565" r32="-0.037663013" r33="0.43080077" r34="0" r41="1704.1224" r42="-12.751081" r43="1556.4027" r44="1"></containerEntry>
          <containerEntry r11="0.35939074" r12="0.9243567" r13="0.12805974" r14="0" r21="-0.91679716" r22="0.37534246" r23="-0.13635768" r24="0" r31="-0.17411032" r32="-0.068399735" r33="0.9823487" r34="0" r41="1702.0391" r42="-12.439096" r43="1559.5321" r44="1"></containerEntry>
          <containerEntry r11="-0.79693395" r12="-0.35264632" r13="-0.49043915" r14="0" r21="-0.33250678" r22="0.9339235" r23="-0.13122514" r24="0" r31="0.5043112" r32="0.058496762" r33="-0.861537" r34="0" r41="1753.455" r42="-2.354413" r43="1578.4031" r44="1"></containerEntry>
        </property>
        <property name="colors" type="UInt32" container="DynamicArray" arraySize="10">
          <containerEntry>4294967295</containerEntry>
          <containerEntry>4294967295</containerEntry>
          <containerEntry>4294967295</containerEntry>
          <containerEntry>4294967295</containerEntry>
          <containerEntry>4294967295</containerEntry>
          <containerEntry>4294967295</containerEntry>
          <containerEntry>4294967295</containerEntry>
          <containerEntry>4294967295</containerEntry>
          <containerEntry>4294967295</containerEntry>
          <containerEntry>4294967295</containerEntry>
        </property>
      </staticProperties>
      <dynamicProperties></dynamicProperties>
    </entity>
    <entity class="StaticModelArray" classVersion="4" classID="0xD0" addr="0x3354A70" id="0x0">
      <staticProperties>
        <property name="name" type="String" container="StaticArray" arraySize="1">
          <containerEntry>StaticModelArray0004</containerEntry>
        </property>
        <property name="dataSet" type="EntityHandle" container="StaticArray" arraySize="1">
          <containerEntry>0x3354530</containerEntry>
        </property>
        <property name="modelFile" type="FilePtr" container="StaticArray" arraySize="1">
          <containerEntry>/Assets/tpp/environ/object/middle_africa/rock/mafr_rock001/scenes/mafr_rock001.fmdl</containerEntry>
        </property>
        <property name="geomFile" type="FilePtr" container="StaticArray" arraySize="1">
          <containerEntry>/Assets/tpp/environ/object/middle_africa/rock/mafr_rock001/scenes/mafr_rock001.geom</containerEntry>
        </property>
        <property name="isVisibleGeom" type="Bool" container="StaticArray" arraySize="1">
          <containerEntry>false</containerEntry>
        </property>
        <property name="lodFarSize" type="Float" container="StaticArray" arraySize="1">
          <containerEntry>-1</containerEntry>
        </property>
        <property name="lodNearSize" type="Float" container="StaticArray" arraySize="1">
          <containerEntry>-1</containerEntry>
        </property>
        <property name="lodPolygonSize" type="Float" container="StaticArray" arraySize="1">
          <containerEntry>-1</containerEntry>
        </property>
        <property name="drawRejectionLevel" type="Int32" container="StaticArray" arraySize="1">
          <containerEntry>8</containerEntry>
        </property>
        <property name="drawMode" type="Int32" container="StaticArray" arraySize="1">
          <containerEntry>0</containerEntry>
        </property>
        <property name="rejectFarRangeShadowCast" type="Int32" container="StaticArray" arraySize="1">
          <containerEntry>2</containerEntry>
        </property>
        <property name="parentLocator" type="EntityLink" container="StaticArray" arraySize="1">
          <containerEntry packagePathHash="0xB8A0BF169F98" archivePathHash="0xB8A0BF169F98" nameInArchiveHash="0xB8A0BF169F98">0x0</containerEntry>
        </property>
        <property name="transforms" type="Matrix4" container="DynamicArray" arraySize="4">
          <containerEntry r11="-0.9839962" r12="-0.054110985" r13="0.16975746" r14="0" r21="-0.06951138" r22="0.9938564" r23="-0.086125836" r24="0" r31="-0.16405433" r32="-0.09654784" r33="-0.98171324" r34="0" r41="1729.6711" r42="-8.181864" r43="1566.3873" r44="1"></containerEntry>
          <containerEntry r11="0.61376363" r12="0.12959914" r13="-0.49648568" r14="0" r21="-0.15478684" r22="0.7847667" r23="0.013500032" r24="0" r31="0.48921877" r32="0.08570462" r33="0.6271519" r34="0" r41="1732.2274" r42="-8.741833" r43="1554.4066" r44="1"></containerEntry>
          <containerEntry r11="-0.95643866" r12="-0.088067435" r13="-0.2783315" r14="0" r21="-0.09904758" r22="0.9947531" r23="0.025608025" r24="0" r31="0.2746159" r32="0.052060544" r33="-0.9601432" r34="0" r41="1696.5917" r42="-8.153677" r43="1659.2131" r44="1"></containerEntry>
          <containerEntry r11="0.18244712" r12="-0.0704546" r13="-0.7757258" r14="0" r21="-0.02459241" r22="0.7958024" r23="-0.07806219" r24="0" r31="0.7785303" r32="0.041649032" r33="0.17932402" r34="0" r41="1694.6549" r42="-8.153677" r43="1661.2152" r44="1"></containerEntry>
        </property>
        <property name="colors" type="UInt32" container="DynamicArray" arraySize="4">
          <containerEntry>4294967295</containerEntry>
          <containerEntry>4294967295</containerEntry>
          <containerEntry>4294967295</containerEntry>
          <containerEntry>4294967295</containerEntry>
        </property>
      </staticProperties>
      <dynamicProperties></dynamicProperties>
    </entity>
    <entity class="StaticModelArray" classVersion="4" classID="0xD0" addr="0x317CA30" id="0x0">
      <staticProperties>
        <property name="name" type="String" container="StaticArray" arraySize="1">
          <containerEntry>StaticModelArray0005</containerEntry>
        </property>
        <property name="dataSet" type="EntityHandle" container="StaticArray" arraySize="1">
          <containerEntry>0x3354530</containerEntry>
        </property>
        <property name="modelFile" type="FilePtr" container="StaticArray" arraySize="1">
          <containerEntry>/Assets/tpp/environ/object/middle_africa/rock/mafr_rock002/scenes/mafr_rock002.fmdl</containerEntry>
        </property>
        <property name="geomFile" type="FilePtr" container="StaticArray" arraySize="1">
          <containerEntry>/Assets/tpp/environ/object/middle_africa/rock/mafr_rock002/scenes/mafr_rock002.geom</containerEntry>
        </property>
        <property name="isVisibleGeom" type="Bool" container="StaticArray" arraySize="1">
          <containerEntry>false</containerEntry>
        </property>
        <property name="lodFarSize" type="Float" container="StaticArray" arraySize="1">
          <containerEntry>-1</containerEntry>
        </property>
        <property name="lodNearSize" type="Float" container="StaticArray" arraySize="1">
          <containerEntry>-1</containerEntry>
        </property>
        <property name="lodPolygonSize" type="Float" container="StaticArray" arraySize="1">
          <containerEntry>-1</containerEntry>
        </property>
        <property name="drawRejectionLevel" type="Int32" container="StaticArray" arraySize="1">
          <containerEntry>8</containerEntry>
        </property>
        <property name="drawMode" type="Int32" container="StaticArray" arraySize="1">
          <containerEntry>0</containerEntry>
        </property>
        <property name="rejectFarRangeShadowCast" type="Int32" container="StaticArray" arraySize="1">
          <containerEntry>2</containerEntry>
        </property>
        <property name="parentLocator" type="EntityLink" container="StaticArray" arraySize="1">
          <containerEntry packagePathHash="0xB8A0BF169F98" archivePathHash="0xB8A0BF169F98" nameInArchiveHash="0xB8A0BF169F98">0x0</containerEntry>
        </property>
        <property name="transforms" type="Matrix4" container="DynamicArray" arraySize="15">
          <containerEntry r11="0.8984894" r12="-4.945323e-07" r13="-0.43899503" r14="0" r21="-0.013167538" r22="0.99955004" r23="-0.026951058" r24="0" r31="0.4387975" r32="0.029995726" r33="0.8980851" r34="0" r41="1739.9855" r42="-7.228356" r43="1610.9069" r44="1"></containerEntry>
          <containerEntry r11="0.39826265" r12="0.042847507" r13="0.9162691" r14="0" r21="-0.015207482" r22="0.9990796" r23="-0.04010994" r24="0" r31="-0.91714436" r32="0.0020401531" r33="0.3985477" r34="0" r41="1698.0428" r42="-9.328406" r43="1617.9653" r44="1"></containerEntry>
          <containerEntry r11="-0.9813565" r12="-0.004959211" r13="0.192135" r14="0" r21="-0.03020663" r22="0.99122345" r23="-0.12869991" r24="0" r31="-0.18981048" r32="-0.13210404" r33="-0.97289336" r34="0" r41="1699.4479" r42="-9.318053" r43="1612.2285" r44="1"></containerEntry>
          <containerEntry r11="-0.26304615" r12="0.20718478" r13="-0.9422741" r14="0" r21="-0.108865365" r22="0.96405774" r23="0.24236552" r24="0" r31="0.95862114" r32="0.16633412" r33="-0.23103648" r34="0" r41="1751.4938" r42="-5.649148" r43="1595.67" r44="1"></containerEntry>
          <containerEntry r11="0.6599906" r12="-0.05782322" r13="-0.74904364" r14="0" r21="-0.24285352" r22="0.92708385" r23="-0.28554785" r24="0" r31="0.7109376" r32="0.37036684" r33="0.5978241" r34="0" r41="1743.403" r42="-4.982059" r43="1574.1892" r44="1"></containerEntry>
          <containerEntry r11="-0.54377353" r12="-0.08745202" r13="0.83466214" r14="0" r21="-0.13788903" r22="0.9903497" r23="0.013931032" r24="0" r31="-0.8278257" r32="-0.10751542" r33="-0.5505846" r34="0" r41="1755.3125" r42="-2.096673" r43="1583.9954" r44="1"></containerEntry>
          <containerEntry r11="0.9967311" r12="0.046510294" r13="0.066044964" r14="0" r21="-0.045925144" r22="0.9988913" r23="-0.010352179" r24="0" r31="-0.066453226" r32="0.0072852145" r33="0.99776196" r34="0" r41="1751.704" r42="-3.95037" r43="1587.6262" r44="1"></containerEntry>
          <containerEntry r11="-0.26418534" r12="0.109289214" r13="0.9582572" r14="0" r21="-0.009364471" r22="0.9932216" r23="-0.115858495" r24="0" r31="-0.9644238" r32="-0.03958188" r33="-0.2613711" r34="0" r41="1702.0542" r42="-9.824973" r43="1558.3113" r44="1"></containerEntry>
          <containerEntry r11="0.74622923" r12="-0.070182815" r13="-0.66197723" r14="0" r21="-0.009364964" r22="0.99322164" r23="-0.11585813" r24="0" r31="0.66562134" r32="0.092656106" r33="0.74051374" r34="0" r41="1714.1517" r42="-10.010067" r43="1554.5267" r44="1"></containerEntry>
          <containerEntry r11="0.8449123" r12="-0.16051862" r13="0.51025176" r14="0" r21="0.01810152" r22="0.96194535" r23="0.27264157" r24="0" r31="-0.53459835" r32="-0.22112185" r33="0.815665" r34="0" r41="1760.2573" r42="-3.492948" r43="1593.0404" r44="1"></containerEntry>
          <containerEntry r11="-0.31304362" r12="-0.024122462" r13="-0.9494314" r14="0" r21="0.11149728" r22="0.9918311" r23="-0.06196232" r24="0" r31="0.9431703" r32="-0.12525606" r33="-0.30779684" r34="0" r41="1772.0251" r42="-2.585817" r43="1581.2144" r44="1"></containerEntry>
          <containerEntry r11="-0.95190126" r12="-0.069243826" r13="0.2984595" r14="0" r21="-0.13931254" r22="0.9654232" r23="-0.22034037" r24="0" r31="-0.27288246" r32="-0.2513225" r33="-0.928634" r34="0" r41="1745.605" r42="-5.502816" r43="1570.6898" r44="1"></containerEntry>
          <containerEntry r11="-0.9813555" r12="-0.078905456" r13="0.17525499" r14="0" r21="-0.030207263" r22="0.9638303" r23="0.26479948" r24="0" r31="-0.18981019" r32="0.2545683" r33="-0.9482437" r34="0" r41="1699.4479" r42="-8.867831" r43="1658.8698" r44="1"></containerEntry>
          <containerEntry r11="0.8213541" r12="0.0037225643" r13="0.5704064" r14="0" r21="-0.022745863" r22="0.9993971" r23="0.026230557" r24="0" r31="-0.5699648" r32="-0.034518965" r33="0.8209436" r34="0" r41="1785.0762" r42="-4.503495" r43="1613.0894" r44="1"></containerEntry>
          <containerEntry r11="-0.5639046" r12="0.08262142" r13="0.82169634" r14="0" r21="0.29248625" r22="0.9504706" r23="0.105154335" r24="0" r31="-0.77231026" r32="0.2996317" r33="-0.5601404" r34="0" r41="1724.3921" r42="-9.081301" r43="1653.3656" r44="1"></containerEntry>
        </property>
        <property name="colors" type="UInt32" container="DynamicArray" arraySize="15">
          <containerEntry>4294967295</containerEntry>
          <containerEntry>4294967295</containerEntry>
          <containerEntry>4294967295</containerEntry>
          <containerEntry>4294967295</containerEntry>
          <containerEntry>4294967295</containerEntry>
          <containerEntry>4294967295</containerEntry>
          <containerEntry>4294967295</containerEntry>
          <containerEntry>4294967295</containerEntry>
          <containerEntry>4294967295</containerEntry>
          <containerEntry>4294967295</containerEntry>
          <containerEntry>4294967295</containerEntry>
          <containerEntry>4294967295</containerEntry>
          <containerEntry>4294967295</containerEntry>
          <containerEntry>4294967295</containerEntry>
          <containerEntry>4294967295</containerEntry>
        </property>
      </staticProperties>
      <dynamicProperties></dynamicProperties>
    </entity>
    <entity class="TexturePackLoadConditioner" classVersion="0" classID="0x48" addr="0x317D590" id="0x0">
      <staticProperties>
        <property name="name" type="String" container="StaticArray" arraySize="1">
          <containerEntry>TexturePackLoadConditioner0000</containerEntry>
        </property>
        <property name="dataSet" type="EntityHandle" container="StaticArray" arraySize="1">
          <containerEntry>0x3354530</containerEntry>
        </property>
        <property name="texturePackPath" type="Path" container="StaticArray" arraySize="1">
          <containerEntry hash="0xB8A0BF169F98"></containerEntry>
        </property>
      </staticProperties>
      <dynamicProperties></dynamicProperties>
    </entity>
  </entities>
</fox>