<fox formatVersion="2" fileVersion="0">
  <entities>
    <entity class="DataSet" classVersion="0" classID="0xE8" addr="0x32F4AE0" id="0x6DD7A9">
      <staticProperties>
        <property name="name" type="String" container="StaticArray" arraySize="1">
          <containerEntry hash="0xB8A0BF169F98"></containerEntry>
        </property>
        <property name="dataSet" type="EntityHandle" container="StaticArray" arraySize="1">
          <containerEntry>0x0</containerEntry>
        </property>
        <property name="dataList" type="EntityPtr" container="StringMap" arraySize="6">
          <containerEntry key="mafr_rock010_0025">
            <data>0x3175640</data>
          </containerEntry>
          <containerEntry key="StaticModelArray0000">
            <data>0x317CF00</data>
          </containerEntry>
          <containerEntry key="StaticModelArray0001">
            <data>0x317CF70</data>
          </containerEntry>
          <containerEntry key="StaticModelArray0002">
            <data>0x317D050</data>
          </containerEntry>
          <containerEntry key="StaticModelArray0003">
            <data>0x317CFE0</data>
          </containerEntry>
          <containerEntry key="TexturePackLoadConditioner0000">
            <data>0x317D600</data>
          </containerEntry>
        </property>
      </staticProperties>
      <dynamicProperties></dynamicProperties>
    </entity>
    <entity class="StaticModel" classVersion="9" classID="0x160" addr="0x3175640" id="0x6DD8B8">
      <staticProperties>
        <property name="name" type="String" container="StaticArray" arraySize="1">
          <containerEntry>mafr_rock010_0025</containerEntry>
        </property>
        <property name="dataSet" type="EntityHandle" container="StaticArray" arraySize="1">
          <containerEntry>0x32F4AE0</containerEntry>
        </property>
        <property name="parent" type="EntityHandle" container="StaticArray" arraySize="1">
          <containerEntry>0x0</containerEntry>
        </property>
        <property name="transform" type="EntityPtr" container="StaticArray" arraySize="1">
          <containerEntry>0x31756B0</containerEntry>
        </property>
        <property name="shearTransform" type="EntityPtr" container="StaticArray" arraySize="1">
          <containerEntry>0x0</containerEntry>
        </property>
        <property name="pivotTransform" type="EntityPtr" container="StaticArray" arraySize="1">
          <containerEntry>0x0</containerEntry>
        </property>
        <property name="children" type="EntityHandle" container="List"></property>
        <property name="flags" type="UInt32" container="StaticArray" arraySize="1">
          <containerEntry>2147483655</containerEntry>
        </property>
        <property name="modelFile" type="FilePtr" container="StaticArray" arraySize="1">
          <containerEntry>/Assets/tpp/environ/object/middle_africa/rock/mafr_rock010/scenes/mafr_rock010.fmdl</containerEntry>
        </property>
        <property name="geomFile" type="FilePtr" container="StaticArray" arraySize="1">
          <containerEntry>/Assets/tpp/environ/object/middle_africa/rock/mafr_rock010/scenes/mafr_rock010.geom</containerEntry>
        </property>
        <property name="isVisibleGeom" type="Bool" container="StaticArray" arraySize="1">
          <containerEntry>false</containerEntry>
        </property>
        <property name="isIsolated" type="Bool" container="StaticArray" arraySize="1">
          <containerEntry>false</containerEntry>
        </property>
        <property name="lodFarSize" type="Float" container="StaticArray" arraySize="1">
          <containerEntry>-1</containerEntry>
        </property>
        <property name="lodNearSize" type="Float" container="StaticArray" arraySize="1">
          <containerEntry>-1</containerEntry>
        </property>
        <property name="lodPolygonSize" type="Float" container="StaticArray" arraySize="1">
          <containerEntry>-1</containerEntry>
        </property>
        <property name="color" type="Color" container="StaticArray" arraySize="1">
          <containerEntry r="1" g="1" b="1" a="1"></containerEntry>
        </property>
        <property name="drawRejectionLevel" type="Int32" container="StaticArray" arraySize="1">
          <containerEntry>5</containerEntry>
        </property>
        <property name="drawMode" type="Int32" container="StaticArray" arraySize="1">
          <containerEntry>0</containerEntry>
        </property>
        <property name="rejectFarRangeShadowCast" type="Int32" container="StaticArray" arraySize="1">
          <containerEntry>2</containerEntry>
        </property>
      </staticProperties>
      <dynamicProperties></dynamicProperties>
    </entity>
    <entity class="TransformEntity" classVersion="0" classID="0x50" addr="0x31756B0" id="0x6DD8BB">
      <staticProperties>
        <property name="owner" type="EntityHandle" container="StaticArray" arraySize="1">
          <containerEntry>0x3175640</containerEntry>
        </property>
        <property name="transform_scale" type="Vector3" container="StaticArray" arraySize="1">
          <containerEntry x="1" y="1" z="1" w="0"></containerEntry>
        </property>
        <property name="transform_rotation_quat" type="Quat" container="StaticArray" arraySize="1">
          <containerEntry x="0.025148" y="0.95624" z="0.138986" w="0.256233"></containerEntry>
        </property>
        <property name="transform_translation" type="Vector3" container="StaticArray" arraySize="1">
          <containerEntry x="1196.0392" y="50.072315" z="-669.3021" w="0"></containerEntry>
        </property>
      </staticProperties>
      <dynamicProperties></dynamicProperties>
    </entity>
    <entity class="StaticModelArray" classVersion="4" classID="0xD0" addr="0x317CF00" id="0x0">
      <staticProperties>
        <property name="name" type="String" container="StaticArray" arraySize="1">
          <containerEntry>StaticModelArray0000</containerEntry>
        </property>
        <property name="dataSet" type="EntityHandle" container="StaticArray" arraySize="1">
          <containerEntry>0x32F4AE0</containerEntry>
        </property>
        <property name="modelFile" type="FilePtr" container="StaticArray" arraySize="1">
          <containerEntry>/Assets/tpp/environ/object/middle_africa/rock/mafr_rock011/scenes/mafr_rock011.fmdl</containerEntry>
        </property>
        <property name="geomFile" type="FilePtr" container="StaticArray" arraySize="1">
          <containerEntry>/Assets/tpp/environ/object/middle_africa/rock/mafr_rock011/scenes/mafr_rock011.geom</containerEntry>
        </property>
        <property name="isVisibleGeom" type="Bool" container="StaticArray" arraySize="1">
          <containerEntry>false</containerEntry>
        </property>
        <property name="lodFarSize" type="Float" container="StaticArray" arraySize="1">
          <containerEntry>-1</containerEntry>
        </property>
        <property name="lodNearSize" type="Float" container="StaticArray" arraySize="1">
          <containerEntry>-1</containerEntry>
        </property>
        <property name="lodPolygonSize" type="Float" container="StaticArray" arraySize="1">
          <containerEntry>-1</containerEntry>
        </property>
        <property name="drawRejectionLevel" type="Int32" container="StaticArray" arraySize="1">
          <containerEntry>8</containerEntry>
        </property>
        <property name="drawMode" type="Int32" container="StaticArray" arraySize="1">
          <containerEntry>0</containerEntry>
        </property>
        <property name="rejectFarRangeShadowCast" type="Int32" container="StaticArray" arraySize="1">
          <containerEntry>2</containerEntry>
        </property>
        <property name="parentLocator" type="EntityLink" container="StaticArray" arraySize="1">
          <containerEntry packagePathHash="0xB8A0BF169F98" archivePathHash="0xB8A0BF169F98" nameInArchiveHash="0xB8A0BF169F98">0x0</containerEntry>
        </property>
        <property name="transforms" type="Matrix4" container="DynamicArray" arraySize="7">
          <containerEntry r11="0.6857064" r12="0.039189994" r13="0.726822" r14="0" r21="-0.6775895" r22="0.39908546" r23="0.6177395" r24="0" r31="-0.26585442" r32="-0.91607517" r33="0.30021042" r34="0" r41="1175.8688" r42="51.804024" r43="-698.90344" r44="1"></containerEntry>
          <containerEntry r11="0.75722754" r12="0.017002136" r13="0.6529298" r14="0" r21="-0.64447176" r22="0.18187594" r23="0.74268246" r24="0" r31="-0.10612503" r32="-0.98317444" r33="0.14867891" r34="0" r41="1165.7357" r42="59.264053" r43="-727.54034" r44="1"></containerEntry>
          <containerEntry r11="0.021511562" r12="0.5784919" r13="-0.81540334" r14="0" r21="-0.08168292" r22="0.8138832" r23="0.575258" r24="0" r31="0.9964253" r32="0.05423042" r33="0.06476104" r34="0" r41="1124.5847" r42="63.651005" r43="-768.62756" r44="1"></containerEntry>
          <containerEntry r11="-0.98507744" r12="-0.044657014" r13="-0.16621046" r14="0" r21="0.024696998" r22="0.9190757" r23="-0.3933064" r24="0" r31="0.17032373" r32="-0.39154142" r33="-0.9042571" r34="0" r41="1164.4926" r42="89.805855" r43="-761.9942" r44="1"></containerEntry>
          <containerEntry r11="-0.43607646" r12="0.11691947" r13="-0.8922805" r14="0" r21="0.36722666" r22="0.92833203" r23="-0.057828516" r24="0" r31="0.8215712" r32="-0.3528872" r33="-0.44775963" r34="0" r41="1158.2139" r42="89.431366" r43="-767.7899" r44="1"></containerEntry>
          <containerEntry r11="-0.60147345" r12="-0.15269598" r13="-0.78416246" r14="0" r21="0.14703585" r22="0.94363683" r23="-0.29653" r24="0" r31="0.78524286" r32="-0.2936544" r33="-0.54512024" r34="0" r41="1239.0084" r42="88.07483" r43="-708.05206" r44="1"></containerEntry>
          <containerEntry r11="-0.66985714" r12="0.16270158" r13="-0.72444093" r14="0" r21="0.26122797" r22="0.9649577" r23="-0.024827302" r24="0" r31="0.69501543" r32="-0.20587532" r33="-0.68888605" r34="0" r41="1233.062" r42="89.25537" r43="-716.69934" r44="1"></containerEntry>
        </property>
        <property name="colors" type="UInt32" container="DynamicArray" arraySize="7">
          <containerEntry>4294967295</containerEntry>
          <containerEntry>4294967295</containerEntry>
          <containerEntry>4294967295</containerEntry>
          <containerEntry>4294967295</containerEntry>
          <containerEntry>4294967295</containerEntry>
          <containerEntry>4294967295</containerEntry>
          <containerEntry>4294967295</containerEntry>
        </property>
      </staticProperties>
      <dynamicProperties></dynamicProperties>
    </entity>
    <entity class="StaticModelArray" classVersion="4" classID="0xD0" addr="0x317CF70" id="0x0">
      <staticProperties>
        <property name="name" type="String" container="StaticArray" arraySize="1">
          <containerEntry>StaticModelArray0001</containerEntry>
        </property>
        <property name="dataSet" type="EntityHandle" container="StaticArray" arraySize="1">
          <containerEntry>0x32F4AE0</containerEntry>
        </property>
        <property name="modelFile" type="FilePtr" container="StaticArray" arraySize="1">
          <containerEntry>/Assets/tpp/environ/object/middle_africa/rock/mafr_rock007/scenes/mafr_rock007.fmdl</containerEntry>
        </property>
        <property name="geomFile" type="FilePtr" container="StaticArray" arraySize="1">
          <containerEntry>/Assets/tpp/environ/object/middle_africa/rock/mafr_rock007/scenes/mafr_rock007.geom</containerEntry>
        </property>
        <property name="isVisibleGeom" type="Bool" container="StaticArray" arraySize="1">
          <containerEntry>false</containerEntry>
        </property>
        <property name="lodFarSize" type="Float" container="StaticArray" arraySize="1">
          <containerEntry>-1</containerEntry>
        </property>
        <property name="lodNearSize" type="Float" container="StaticArray" arraySize="1">
          <containerEntry>-1</containerEntry>
        </property>
        <property name="lodPolygonSize" type="Float" container="StaticArray" arraySize="1">
          <containerEntry>-1</containerEntry>
        </property>
        <property name="drawRejectionLevel" type="Int32" container="StaticArray" arraySize="1">
          <containerEntry>8</containerEntry>
        </property>
        <property name="drawMode" type="Int32" container="StaticArray" arraySize="1">
          <containerEntry>0</containerEntry>
        </property>
        <property name="rejectFarRangeShadowCast" type="Int32" container="StaticArray" arraySize="1">
          <containerEntry>2</containerEntry>
        </property>
        <property name="parentLocator" type="EntityLink" container="StaticArray" arraySize="1">
          <containerEntry packagePathHash="0xB8A0BF169F98" archivePathHash="0xB8A0BF169F98" nameInArchiveHash="0xB8A0BF169F98">0x0</containerEntry>
        </property>
        <property name="transforms" type="Matrix4" container="DynamicArray" arraySize="6">
          <containerEntry r11="0.96171004" r12="0.17294213" r13="-0.21261406" r14="0" r21="-0.060061313" r22="0.88990194" r23="0.4521803" r24="0" r31="0.26740673" r32="-0.42209646" r33="0.86621475" r34="0" r41="1266.968" r42="86.875916" r43="-678.22986" r44="1"></containerEntry>
          <containerEntry r11="0.80495214" r12="0.21960056" r13="0.55120575" r14="0" r21="-0.43656927" r22="0.84833175" r23="0.2995675" r24="0" r31="-0.4018202" r32="-0.48177692" r33="0.77873725" r34="0" r41="1254.8364" r42="91.18482" r43="-689.5732" r44="1"></containerEntry>
          <containerEntry r11="0.9511931" r12="0.06606694" r13="0.3014412" r14="0" r21="-0.2719937" r22="0.64092267" r23="0.7177997" r24="0" r31="-0.14577743" r32="-0.76475626" r33="0.62761104" r34="0" r41="1258.2869" r42="88.83991" r43="-684.6583" r44="1"></containerEntry>
          <containerEntry r11="-0.3368138" r12="-0.49401575" r13="1.0977231" r14="0" r21="-0.46939343" r22="1.1035545" r23="0.35261387" r24="0" r31="-1.1084752" r32="-0.31719893" r33="-0.48286408" r34="0" r41="1217.2184" r42="60.645172" r43="-678.24084" r44="1"></containerEntry>
          <containerEntry r11="1.1991882" r12="0.24080831" r13="-0.25779587" r14="0" r21="-0.1556946" r22="1.18097" r23="0.3789046" r24="0" r31="0.3165542" r32="-0.33139232" r33="1.1629584" r34="0" r41="1215.511" r42="57.13383" r43="-673.3013" r44="1"></containerEntry>
          <containerEntry r11="-0.5203806" r12="-0.65281296" r13="0.9303366" r14="0" r21="-0.28722453" r22="1.06555" r23="0.58702976" r24="0" r31="-1.0996331" r32="0.030612536" r33="-0.59359604" r34="0" r41="1221.0834" r42="58.524372" r43="-675.07623" r44="1"></containerEntry>
        </property>
        <property name="colors" type="UInt32" container="DynamicArray" arraySize="6">
          <containerEntry>4294967295</containerEntry>
          <containerEntry>4294967295</containerEntry>
          <containerEntry>4294967295</containerEntry>
          <containerEntry>4294967295</containerEntry>
          <containerEntry>4294967295</containerEntry>
          <containerEntry>4294967295</containerEntry>
        </property>
      </staticProperties>
      <dynamicProperties></dynamicProperties>
    </entity>
    <entity class="StaticModelArray" classVersion="4" classID="0xD0" addr="0x317D050" id="0x0">
      <staticProperties>
        <property name="name" type="String" container="StaticArray" arraySize="1">
          <containerEntry>StaticModelArray0002</containerEntry>
        </property>
        <property name="dataSet" type="EntityHandle" container="StaticArray" arraySize="1">
          <containerEntry>0x32F4AE0</containerEntry>
        </property>
        <property name="modelFile" type="FilePtr" container="StaticArray" arraySize="1">
          <containerEntry>/Assets/tpp/environ/object/middle_africa/cliff/mafr_clff003/scenes/mafr_clff003_vrtn001.fmdl</containerEntry>
        </property>
        <property name="geomFile" type="FilePtr" container="StaticArray" arraySize="1">
          <containerEntry>/Assets/tpp/environ/object/middle_africa/cliff/mafr_clff003/scenes/mafr_clff003_vrtn001.geom</containerEntry>
        </property>
        <property name="isVisibleGeom" type="Bool" container="StaticArray" arraySize="1">
          <containerEntry>false</containerEntry>
        </property>
        <property name="lodFarSize" type="Float" container="StaticArray" arraySize="1">
          <containerEntry>-1</containerEntry>
        </property>
        <property name="lodNearSize" type="Float" container="StaticArray" arraySize="1">
          <containerEntry>-1</containerEntry>
        </property>
        <property name="lodPolygonSize" type="Float" container="StaticArray" arraySize="1">
          <containerEntry>-1</containerEntry>
        </property>
        <property name="drawRejectionLevel" type="Int32" container="StaticArray" arraySize="1">
          <containerEntry>5</containerEntry>
        </property>
        <property name="drawMode" type="Int32" container="StaticArray" arraySize="1">
          <containerEntry>0</containerEntry>
        </property>
        <property name="rejectFarRangeShadowCast" type="Int32" container="StaticArray" arraySize="1">
          <containerEntry>2</containerEntry>
        </property>
        <property name="parentLocator" type="EntityLink" container="StaticArray" arraySize="1">
          <containerEntry packagePathHash="0xB8A0BF169F98" archivePathHash="0xB8A0BF169F98" nameInArchiveHash="0xB8A0BF169F98">0x0</containerEntry>
        </property>
        <property name="transforms" type="Matrix4" container="DynamicArray" arraySize="33">
          <containerEntry r11="0.6441486" r12="-0.0112626925" r13="0.76481533" r14="0" r21="0.1984545" r22="0.96811223" r23="-0.15288626" r24="0" r31="-0.73870504" r32="0.25026298" r33="0.6258433" r34="0" r41="1211.5868" r42="89.4895" r43="-727.85474" r44="1"></containerEntry>
          <containerEntry r11="-0.8870369" r12="-0.107052535" r13="-0.44910133" r14="0" r21="-0.46162185" r22="0.18967679" r23="0.8665577" r24="0" r31="-0.007584691" r32="0.9759902" r33="-0.21766293" r34="0" r41="1206.2709" r42="90.30743" r43="-733.5548" r44="1"></containerEntry>
          <containerEntry r11="0.81136984" r12="-0.030415788" r13="0.5837398" r14="0" r21="0.30072087" r22="0.8780707" r23="-0.37223345" r24="0" r31="-0.5012427" r32="0.4775622" r33="0.72158694" r34="0" r41="1184.8268" r42="90.05934" r43="-751.6468" r44="1"></containerEntry>
          <containerEntry r11="0.98123056" r12="-0.053504925" r13="0.18526626" r14="0" r21="0.1173204" r22="0.92811435" r23="-0.35332513" r24="0" r31="-0.15304342" r32="0.368429" r33="0.91697145" r34="0" r41="1189.0724" r42="89.29644" r43="-733.02905" r44="1"></containerEntry>
          <containerEntry r11="-0.114828646" r12="-0.11796427" r13="-0.9863504" r14="0" r21="-0.93696404" r22="0.34271616" r23="0.068097085" r24="0" r31="0.3300018" r32="0.93199956" r33="-0.14987862" r34="0" r41="1185.8864" r42="89.7215" r43="-739.7923" r44="1"></containerEntry>
          <containerEntry r11="0.9374604" r12="-0.21913613" r13="0.27045727" r14="0" r21="0.2640095" r22="0.9539877" r23="-0.14214896" r24="0" r31="-0.22686289" r32="0.2046624" r33="0.9521798" r34="0" r41="1224.1978" r42="52.687008" r43="-672.65875" r44="1"></containerEntry>
          <containerEntry r11="-0.9040138" r12="0.01253444" r13="-0.4273138" r14="0" r21="-0.41778356" r22="0.18597238" r23="0.8893082" r24="0" r31="0.09061511" r32="0.98247397" r33="-0.16288292" r34="0" r41="1221.2954" r42="57.950436" r43="-680.5939" r44="1"></containerEntry>
          <containerEntry r11="0.8735085" r12="-0.1026806" r13="0.47585613" r14="0" r21="0.08044701" r22="0.9945097" r23="0.06692289" r24="0" r31="-0.48011523" r32="-0.02017642" r33="0.8769731" r34="0" r41="1214.4324" r42="54.850483" r43="-678.47437" r44="1"></containerEntry>
          <containerEntry r11="0.95908636" r12="0.11268453" r13="0.259722" r14="0" r21="-0.08520676" r22="0.9897318" r23="-0.114764154" r24="0" r31="-0.2699873" r32="0.08793862" r33="0.95883965" r34="0" r41="1210.0188" r42="56.181366" r43="-682.8681" r44="1"></containerEntry>
          <containerEntry r11="-0.7166399" r12="-0.14465538" r13="-0.68227303" r14="0" r21="-0.6552191" r22="0.4748379" r23="0.58755016" r24="0" r31="0.23897612" r32="0.86810255" r33="-0.43506742" r34="0" r41="1192.824" r42="53.58431" r43="-691.5038" r44="1"></containerEntry>
          <containerEntry r11="0.8122477" r12="-0.17747647" r13="0.5556575" r14="0" r21="0.29096168" r22="0.9488926" r23="-0.122245625" r24="0" r31="-0.5055635" r32="0.26096898" r33="0.82237476" r34="0" r41="1212.3944" r42="49.486675" r43="-668.5268" r44="1"></containerEntry>
          <containerEntry r11="-0.7468138" r12="0.008494198" r13="-0.66497767" r14="0" r21="-0.64470017" r22="0.23611137" r23="0.7270573" r24="0" r31="0.16318434" r32="0.97168845" r33="-0.17085433" r34="0" r41="1204.1151" r42="51.19461" r43="-675.4305" r44="1"></containerEntry>
          <containerEntry r11="-0.88728493" r12="-0.096403494" r13="-0.45102486" r14="0" r21="-0.44674557" r22="0.42265478" r23="0.7885295" r24="0" r31="0.114610046" r32="0.9011475" r33="-0.41808075" r34="0" r41="1199.169" r42="60.81286" r43="-711.89954" r44="1"></containerEntry>
          <containerEntry r11="0.9266733" r12="0.017720684" r13="0.37544933" r14="0" r21="0.020939652" r22="0.9949028" r23="-0.09864041" r24="0" r31="-0.37528357" r32="0.09926921" r33="0.9215788" r34="0" r41="1184.5994" r42="59.839077" r43="-712.9983" r44="1"></containerEntry>
          <containerEntry r11="-0.89403486" r12="-0.32507294" r13="-0.30825454" r14="0" r21="-0.39237982" r22="0.236182" r23="0.8889616" r24="0" r31="-0.21617438" r32="0.91571957" r33="-0.3387041" r34="0" r41="1176.7439" r42="57.84215" r43="-719.0683" r44="1"></containerEntry>
          <containerEntry r11="0.90196735" r12="0.20545691" r13="0.37979224" r14="0" r21="-0.071996085" r22="0.9387921" r23="-0.33687645" r24="0" r31="-0.42575964" r32="0.2765079" r33="0.86155194" r34="0" r41="1165.449" r42="52.822536" r43="-715.4421" r44="1"></containerEntry>
          <containerEntry r11="-0.9110071" r12="-0.4120946" r13="-0.015441135" r14="0" r21="-0.13864505" r22="0.2708075" r23="0.9525958" r24="0" r31="-0.38837862" r32="0.869965" r33="-0.30384046" r34="0" r41="1216.7605" r42="62.17174" r43="-689.26044" r44="1"></containerEntry>
          <containerEntry r11="-0.75997573" r12="0.062571466" r13="-0.6469284" r14="0" r21="-0.61680955" r22="0.2443349" r23="0.74822736" r24="0" r31="0.2048842" r32="0.9676689" r33="-0.14709187" r34="0" r41="1216.1823" r42="46.483204" r43="-659.2401" r44="1"></containerEntry>
          <containerEntry r11="0.8759619" r12="-0.1544586" r13="0.45698252" r14="0" r21="0.2437916" r22="0.9592124" r23="-0.14309837" r24="0" r31="-0.41624048" r32="0.23675732" r33="0.8778893" r34="0" r41="1224.6991" r42="44.073204" r43="-651.93677" r44="1"></containerEntry>
          <containerEntry r11="0.8915345" r12="-0.03261134" r13="0.45177665" r14="0" r21="0.24742922" r22="0.87050617" r23="-0.42543757" r24="0" r31="-0.3794001" r32="0.49107522" r33="0.7841553" r34="0" r41="1250.5504" r42="48.62839" r43="-653.49475" r44="1"></containerEntry>
          <containerEntry r11="0.8433134" r12="-0.0599362" r13="0.5340684" r14="0" r21="0.09169595" r22="0.99523675" r23="-0.033099875" r24="0" r31="-0.5295406" r32="0.07688563" r33="0.8447924" r34="0" r41="1256.4548" r42="54.029285" r43="-659.088" r44="1"></containerEntry>
          <containerEntry r11="0.95419985" r12="-0.0032336814" r13="0.29915196" r14="0" r21="0.017589606" r22="0.99881816" r23="-0.045308385" r24="0" r31="-0.29865187" r32="0.04849523" r33="0.953129" r34="0" r41="1267.0226" r42="54.539494" r43="-653.89557" r44="1"></containerEntry>
          <containerEntry r11="-0.90238225" r12="-0.005750701" r13="-0.43088493" r14="0" r21="-0.39127457" r22="0.42988804" r23="0.81369346" r24="0" r31="0.18055221" r32="0.902862" r33="-0.39017022" r34="0" r41="1276.3364" r42="52.594868" r43="-648.29565" r44="1"></containerEntry>
          <containerEntry r11="-0.49014938" r12="0.029325426" r13="-0.8711436" r14="0" r21="-0.75901467" r22="0.4770135" r23="0.4431185" r24="0" r31="0.42854154" r32="0.8784061" r33="-0.21154875" r34="0" r41="1177.939" r42="41.297913" r43="-662.08514" r44="1"></containerEntry>
          <containerEntry r11="-0.80392706" r12="-0.049675226" r13="-0.592643" r14="0" r21="-0.53533304" r22="0.49452174" r23="0.6847369" r24="0" r31="0.2590596" r32="0.8677433" r33="-0.42415023" r34="0" r41="1195.7488" r42="40.83785" r43="-641.9111" r44="1"></containerEntry>
          <containerEntry r11="0.8293478" r12="0.0018726289" r13="0.55872893" r14="0" r21="0.33402723" r22="0.79995644" r23="-0.49849227" r24="0" r31="-0.44789207" r32="0.6000544" r33="0.66281676" r34="0" r41="1188.8131" r42="39.656525" r43="-641.5653" r44="1"></containerEntry>
          <containerEntry r11="-0.23996525" r12="-0.28930804" r13="0.92666876" r14="0" r21="0.38697496" r22="0.8469352" r23="0.3646242" r24="0" r31="-0.8903171" r32="0.4460956" r33="-0.091279745" r34="0" r41="1178.7867" r42="39.848095" r43="-654.59906" r44="1"></containerEntry>
          <containerEntry r11="0.9406887" r12="-0.026053341" r13="0.33826846" r14="0" r21="0.024101721" r22="0.9996598" r23="0.009969164" r24="0" r31="-0.33841312" r32="-0.0012250016" r33="0.94099665" r34="0" r41="1264.1698" r42="52.559372" r43="-651.9744" r44="1"></containerEntry>
          <containerEntry r11="-0.73308253" r12="0.008165866" r13="-0.68008256" r14="0" r21="-0.62319624" r22="0.39242885" r23="0.6764778" r24="0" r31="0.2724067" r32="0.919744" r33="-0.28259045" r34="0" r41="1267.4408" r42="49.40965" r43="-643.6115" r44="1"></containerEntry>
          <containerEntry r11="-0.8132487" r12="-0.10373171" r13="-0.5725931" r14="0" r21="-0.55658454" r22="0.42580643" r23="0.71337324" r24="0" r31="0.16981399" r32="0.8988479" r33="-0.40402108" r34="0" r41="1248.6272" r42="45.25507" r43="-641.7194" r44="1"></containerEntry>
          <containerEntry r11="0.92207575" r12="-0.038285945" r13="0.38511065" r14="0" r21="0.11616078" r22="0.9765922" r23="-0.18103665" r24="0" r31="-0.36916485" r32="0.21166432" r33="0.9049393" r34="0" r41="1237.4156" r42="44.69713" r43="-647.06836" r44="1"></containerEntry>
          <containerEntry r11="0.9988057" r12="0.004838932" r13="0.048618894" r14="0" r21="0.006050966" r22="0.97517234" r23="-0.22136423" r24="0" r31="-0.048482966" r32="0.22139403" r33="0.9739784" r34="0" r41="1220.5037" r42="88.818245" r43="-722.3845" r44="1"></containerEntry>
          <containerEntry r11="0.5957551" r12="0.019344449" r13="0.80293095" r14="0" r21="0.4575972" r22="0.81341004" r23="-0.35912016" r24="0" r31="-0.6600584" r32="0.5813676" r33="0.4757415" r34="0" r41="1220.0336" r42="91.98219" r43="-744.2431" r44="1"></containerEntry>
        </property>
        <property name="colors" type="UInt32" container="DynamicArray" arraySize="33">
          <containerEntry>4294967295</containerEntry>
          <containerEntry>4294967295</containerEntry>
          <containerEntry>4294967295</containerEntry>
          <containerEntry>4294967295</containerEntry>
          <containerEntry>4294967295</containerEntry>
          <containerEntry>4294967295</containerEntry>
          <containerEntry>4294967295</containerEntry>
          <containerEntry>4294967295</containerEntry>
          <containerEntry>4294967295</containerEntry>
          <containerEntry>4294967295</containerEntry>
          <containerEntry>4294967295</containerEntry>
          <containerEntry>4294967295</containerEntry>
          <containerEntry>4294967295</containerEntry>
          <containerEntry>4294967295</containerEntry>
          <containerEntry>4294967295</containerEntry>
          <containerEntry>4294967295</containerEntry>
          <containerEntry>4294967295</containerEntry>
          <containerEntry>4294967295</containerEntry>
          <containerEntry>4294967295</containerEntry>
          <containerEntry>4294967295</containerEntry>
          <containerEntry>4294967295</containerEntry>
          <containerEntry>4294967295</containerEntry>
          <containerEntry>4294967295</containerEntry>
          <containerEntry>4294967295</containerEntry>
          <containerEntry>4294967295</containerEntry>
          <containerEntry>4294967295</containerEntry>
          <containerEntry>4294967295</containerEntry>
          <containerEntry>4294967295</containerEntry>
          <containerEntry>4294967295</containerEntry>
          <containerEntry>4294967295</containerEntry>
          <containerEntry>4294967295</containerEntry>
          <containerEntry>4294967295</containerEntry>
          <containerEntry>4294967295</containerEntry>
        </property>
      </staticProperties>
      <dynamicProperties></dynamicProperties>
    </entity>
    <entity class="StaticModelArray" classVersion="4" classID="0xD0" addr="0x317CFE0" id="0x0">
      <staticProperties>
        <property name="name" type="String" container="StaticArray" arraySize="1">
          <containerEntry>StaticModelArray0003</containerEntry>
        </property>
        <property name="dataSet" type="EntityHandle" container="StaticArray" arraySize="1">
          <containerEntry>0x32F4AE0</containerEntry>
        </property>
        <property name="modelFile" type="FilePtr" container="StaticArray" arraySize="1">
          <containerEntry>/Assets/tpp/environ/object/middle_africa/cliff/mafr_clff003/scenes/mafr_clff003.fmdl</containerEntry>
        </property>
        <property name="geomFile" type="FilePtr" container="StaticArray" arraySize="1">
          <containerEntry>/Assets/tpp/environ/object/middle_africa/cliff/mafr_clff003/scenes/mafr_clff003.geom</containerEntry>
        </property>
        <property name="isVisibleGeom" type="Bool" container="StaticArray" arraySize="1">
          <containerEntry>false</containerEntry>
        </property>
        <property name="lodFarSize" type="Float" container="StaticArray" arraySize="1">
          <containerEntry>-1</containerEntry>
        </property>
        <property name="lodNearSize" type="Float" container="StaticArray" arraySize="1">
          <containerEntry>-1</containerEntry>
        </property>
        <property name="lodPolygonSize" type="Float" container="StaticArray" arraySize="1">
          <containerEntry>-1</containerEntry>
        </property>
        <property name="drawRejectionLevel" type="Int32" container="StaticArray" arraySize="1">
          <containerEntry>8</containerEntry>
        </property>
        <property name="drawMode" type="Int32" container="StaticArray" arraySize="1">
          <containerEntry>0</containerEntry>
        </property>
        <property name="rejectFarRangeShadowCast" type="Int32" container="StaticArray" arraySize="1">
          <containerEntry>2</containerEntry>
        </property>
        <property name="parentLocator" type="EntityLink" container="StaticArray" arraySize="1">
          <containerEntry packagePathHash="0xB8A0BF169F98" archivePathHash="0xB8A0BF169F98" nameInArchiveHash="0xB8A0BF169F98">0x0</containerEntry>
        </property>
        <property name="transforms" type="Matrix4" container="DynamicArray" arraySize="5">
          <containerEntry r11="0.8749457" r12="-0.004471559" r13="0.48420018" r14="0" r21="0.023357857" r22="0.99918306" r23="-0.03298002" r24="0" r31="-0.48365712" r32="0.040165614" r33="0.87433535" r34="0" r41="1269.5369" r42="90.514465" r43="-694.4845" r44="1"></containerEntry>
          <containerEntry r11="0.89068544" r12="-0.13789904" r13="0.43320137" r14="0" r21="0.048730224" r22="0.9763555" r23="0.21060702" r24="0" r31="-0.45200104" r32="-0.16647464" r33="0.87634546" r34="0" r41="1247.2671" r42="71.37439" r43="-678.2688" r44="1"></containerEntry>
          <containerEntry r11="0.8749457" r12="-0.004471559" r13="0.48420018" r14="0" r21="0.023357857" r22="0.99918306" r23="-0.03298002" r24="0" r31="-0.48365712" r32="0.040165614" r33="0.87433535" r34="0" r41="1247.7432" r42="86.413605" r43="-700.97723" r44="1"></containerEntry>
          <containerEntry r11="0.98863167" r12="0.028012395" r13="0.1477251" r14="0" r21="-0.029980801" r22="0.99948865" r23="0.011114564" r24="0" r31="-0.14733821" r32="-0.015417123" r33="0.988966" r34="0" r41="1211.4617" r42="90.53719" r43="-719.86084" r44="1"></containerEntry>
          <containerEntry r11="0.9910869" r12="-0.05613" r13="0.120814376" r14="0" r21="0.04322792" r22="0.9933314" r23="0.10688354" r24="0" r31="-0.12600808" r32="-0.10070832" r33="0.98690414" r34="0" r41="1193.5513" r42="79.70337" r43="-713.86694" r44="1"></containerEntry>
        </property>
        <property name="colors" type="UInt32" container="DynamicArray" arraySize="5">
          <containerEntry>4294967295</containerEntry>
          <containerEntry>4294967295</containerEntry>
          <containerEntry>4294967295</containerEntry>
          <containerEntry>4294967295</containerEntry>
          <containerEntry>4294967295</containerEntry>
        </property>
      </staticProperties>
      <dynamicProperties></dynamicProperties>
    </entity>
    <entity class="TexturePackLoadConditioner" classVersion="0" classID="0x48" addr="0x317D600" id="0x0">
      <staticProperties>
        <property name="name" type="String" container="StaticArray" arraySize="1">
          <containerEntry>TexturePackLoadConditioner0000</containerEntry>
        </property>
        <property name="dataSet" type="EntityHandle" container="StaticArray" arraySize="1">
          <containerEntry>0x32F4AE0</containerEntry>
        </property>
        <property name="texturePackPath" type="Path" container="StaticArray" arraySize="1">
          <containerEntry hash="0xB8A0BF169F98"></containerEntry>
        </property>
      </staticProperties>
      <dynamicProperties></dynamicProperties>
    </entity>
  </entities>
</fox>