<fox formatVersion="2" fileVersion="0">
  <entities>
    <entity class="DataSet" classVersion="0" classID="0xE8" addr="0x3374140" id="0x28E379C">
      <staticProperties>
        <property name="name" type="String" container="StaticArray" arraySize="1">
          <containerEntry hash="0xB8A0BF169F98"></containerEntry>
        </property>
        <property name="dataSet" type="EntityHandle" container="StaticArray" arraySize="1">
          <containerEntry>0x0</containerEntry>
        </property>
        <property name="dataList" type="EntityPtr" container="StringMap" arraySize="17">
          <containerEntry key="afgh_clff013_0000">
            <data>0x317FEB0</data>
          </containerEntry>
          <containerEntry key="afgh_clff007_0001">
            <data>0x317F7B0</data>
          </containerEntry>
          <containerEntry key="afgh_brrc002_vrtn003_gim_i0000|TppSharedGimmick_afgh_brrc002_vrtn003">
            <data>0x317D980</data>
          </containerEntry>
          <containerEntry key="StaticModelArray0000">
            <data>0x317F9E0</data>
          </containerEntry>
          <containerEntry key="StaticModelArray0001">
            <data>0x317E1D0</data>
          </containerEntry>
          <containerEntry key="StaticModelArray0002">
            <data>0x317DF30</data>
          </containerEntry>
          <containerEntry key="StaticModelArray0003">
            <data>0x317DC90</data>
          </containerEntry>
          <containerEntry key="StaticModelArray0004">
            <data>0x317D670</data>
          </containerEntry>
          <containerEntry key="StaticModelArray0005">
            <data>0x317F6D0</data>
          </containerEntry>
          <containerEntry key="StaticModelArray0006">
            <data>0x3370630</data>
          </containerEntry>
          <containerEntry key="StaticModelArray0007">
            <data>0x3370240</data>
          </containerEntry>
          <containerEntry key="StaticModelArray0008">
            <data>0x317F890</data>
          </containerEntry>
          <containerEntry key="StaticModelArray0009">
            <data>0x317F4A0</data>
          </containerEntry>
          <containerEntry key="StaticModelArray0010">
            <data>0x3176440</data>
          </containerEntry>
          <containerEntry key="StaticModelArray0011">
            <data>0x317F510</data>
          </containerEntry>
          <containerEntry key="DecalArray0000">
            <data>0x317F820</data>
          </containerEntry>
          <containerEntry key="TexturePackLoadConditioner0000">
            <data>0x33709B0</data>
          </containerEntry>
        </property>
      </staticProperties>
      <dynamicProperties></dynamicProperties>
    </entity>
    <entity class="StaticModel" classVersion="9" classID="0x160" addr="0x317FEB0" id="0x28E3801">
      <staticProperties>
        <property name="name" type="String" container="StaticArray" arraySize="1">
          <containerEntry>afgh_clff013_0000</containerEntry>
        </property>
        <property name="dataSet" type="EntityHandle" container="StaticArray" arraySize="1">
          <containerEntry>0x3374140</containerEntry>
        </property>
        <property name="parent" type="EntityHandle" container="StaticArray" arraySize="1">
          <containerEntry>0x0</containerEntry>
        </property>
        <property name="transform" type="EntityPtr" container="StaticArray" arraySize="1">
          <containerEntry>0x317FE40</containerEntry>
        </property>
        <property name="shearTransform" type="EntityPtr" container="StaticArray" arraySize="1">
          <containerEntry>0x0</containerEntry>
        </property>
        <property name="pivotTransform" type="EntityPtr" container="StaticArray" arraySize="1">
          <containerEntry>0x0</containerEntry>
        </property>
        <property name="children" type="EntityHandle" container="List"></property>
        <property name="flags" type="UInt32" container="StaticArray" arraySize="1">
          <containerEntry>3221225479</containerEntry>
        </property>
        <property name="modelFile" type="FilePtr" container="StaticArray" arraySize="1">
          <containerEntry>/Assets/tpp/environ/object/afghanistan/cliff/afgh_clff013/scenes/afgh_clff013.fmdl</containerEntry>
        </property>
        <property name="geomFile" type="FilePtr" container="StaticArray" arraySize="1">
          <containerEntry>/Assets/tpp/environ/object/afghanistan/cliff/afgh_clff013/scenes/afgh_clff013.geom</containerEntry>
        </property>
        <property name="isVisibleGeom" type="Bool" container="StaticArray" arraySize="1">
          <containerEntry>false</containerEntry>
        </property>
        <property name="isIsolated" type="Bool" container="StaticArray" arraySize="1">
          <containerEntry>false</containerEntry>
        </property>
        <property name="lodFarSize" type="Float" container="StaticArray" arraySize="1">
          <containerEntry>-1</containerEntry>
        </property>
        <property name="lodNearSize" type="Float" container="StaticArray" arraySize="1">
          <containerEntry>-1</containerEntry>
        </property>
        <property name="lodPolygonSize" type="Float" container="StaticArray" arraySize="1">
          <containerEntry>-1</containerEntry>
        </property>
        <property name="color" type="Color" container="StaticArray" arraySize="1">
          <containerEntry r="1" g="1" b="1" a="1"></containerEntry>
        </property>
        <property name="drawRejectionLevel" type="Int32" container="StaticArray" arraySize="1">
          <containerEntry>8</containerEntry>
        </property>
        <property name="drawMode" type="Int32" container="StaticArray" arraySize="1">
          <containerEntry>0</containerEntry>
        </property>
        <property name="rejectFarRangeShadowCast" type="Int32" container="StaticArray" arraySize="1">
          <containerEntry>2</containerEntry>
        </property>
      </staticProperties>
      <dynamicProperties></dynamicProperties>
    </entity>
    <entity class="TransformEntity" classVersion="0" classID="0x50" addr="0x317FE40" id="0x28E3804">
      <staticProperties>
        <property name="owner" type="EntityHandle" container="StaticArray" arraySize="1">
          <containerEntry>0x317FEB0</containerEntry>
        </property>
        <property name="transform_scale" type="Vector3" container="StaticArray" arraySize="1">
          <containerEntry x="1" y="1" z="1" w="0"></containerEntry>
        </property>
        <property name="transform_rotation_quat" type="Quat" container="StaticArray" arraySize="1">
          <containerEntry x="0" y="0.872781" z="0" w="0.488111"></containerEntry>
        </property>
        <property name="transform_translation" type="Vector3" container="StaticArray" arraySize="1">
          <containerEntry x="-844.3402" y="511.36285" z="-1241.6138" w="0"></containerEntry>
        </property>
      </staticProperties>
      <dynamicProperties></dynamicProperties>
    </entity>
    <entity class="StaticModel" classVersion="9" classID="0x160" addr="0x317F7B0" id="0x28E3826">
      <staticProperties>
        <property name="name" type="String" container="StaticArray" arraySize="1">
          <containerEntry>afgh_clff007_0001</containerEntry>
        </property>
        <property name="dataSet" type="EntityHandle" container="StaticArray" arraySize="1">
          <containerEntry>0x3374140</containerEntry>
        </property>
        <property name="parent" type="EntityHandle" container="StaticArray" arraySize="1">
          <containerEntry>0x0</containerEntry>
        </property>
        <property name="transform" type="EntityPtr" container="StaticArray" arraySize="1">
          <containerEntry>0x317F740</containerEntry>
        </property>
        <property name="shearTransform" type="EntityPtr" container="StaticArray" arraySize="1">
          <containerEntry>0x0</containerEntry>
        </property>
        <property name="pivotTransform" type="EntityPtr" container="StaticArray" arraySize="1">
          <containerEntry>0x0</containerEntry>
        </property>
        <property name="children" type="EntityHandle" container="List"></property>
        <property name="flags" type="UInt32" container="StaticArray" arraySize="1">
          <containerEntry>3221225479</containerEntry>
        </property>
        <property name="modelFile" type="FilePtr" container="StaticArray" arraySize="1">
          <containerEntry>/Assets/tpp/environ/object/afghanistan/cliff/afgh_clff007/scenes/afgh_clff007.fmdl</containerEntry>
        </property>
        <property name="geomFile" type="FilePtr" container="StaticArray" arraySize="1">
          <containerEntry>/Assets/tpp/environ/object/afghanistan/cliff/afgh_clff007/scenes/afgh_clff007.geom</containerEntry>
        </property>
        <property name="isVisibleGeom" type="Bool" container="StaticArray" arraySize="1">
          <containerEntry>false</containerEntry>
        </property>
        <property name="isIsolated" type="Bool" container="StaticArray" arraySize="1">
          <containerEntry>false</containerEntry>
        </property>
        <property name="lodFarSize" type="Float" container="StaticArray" arraySize="1">
          <containerEntry>-1</containerEntry>
        </property>
        <property name="lodNearSize" type="Float" container="StaticArray" arraySize="1">
          <containerEntry>-1</containerEntry>
        </property>
        <property name="lodPolygonSize" type="Float" container="StaticArray" arraySize="1">
          <containerEntry>-1</containerEntry>
        </property>
        <property name="color" type="Color" container="StaticArray" arraySize="1">
          <containerEntry r="1" g="1" b="1" a="1"></containerEntry>
        </property>
        <property name="drawRejectionLevel" type="Int32" container="StaticArray" arraySize="1">
          <containerEntry>8</containerEntry>
        </property>
        <property name="drawMode" type="Int32" container="StaticArray" arraySize="1">
          <containerEntry>0</containerEntry>
        </property>
        <property name="rejectFarRangeShadowCast" type="Int32" container="StaticArray" arraySize="1">
          <containerEntry>2</containerEntry>
        </property>
      </staticProperties>
      <dynamicProperties></dynamicProperties>
    </entity>
    <entity class="TransformEntity" classVersion="0" classID="0x50" addr="0x317F740" id="0x28E3829">
      <staticProperties>
        <property name="owner" type="EntityHandle" container="StaticArray" arraySize="1">
          <containerEntry>0x317F7B0</containerEntry>
        </property>
        <property name="transform_scale" type="Vector3" container="StaticArray" arraySize="1">
          <containerEntry x="1" y="1" z="1" w="0"></containerEntry>
        </property>
        <property name="transform_rotation_quat" type="Quat" container="StaticArray" arraySize="1">
          <containerEntry x="0.093148" y="-0.524868" z="0.007584" w="0.846037"></containerEntry>
        </property>
        <property name="transform_translation" type="Vector3" container="StaticArray" arraySize="1">
          <containerEntry x="-785.2828" y="516.12177" z="-1254.1951" w="0"></containerEntry>
        </property>
      </staticProperties>
      <dynamicProperties></dynamicProperties>
    </entity>
    <entity class="TppSharedGimmickData" classVersion="1" classID="0xF0" addr="0x317D980" id="0x381F1">
      <staticProperties>
        <property name="name" type="String" container="StaticArray" arraySize="1">
          <containerEntry>afgh_brrc002_vrtn003_gim_i0000|TppSharedGimmick_afgh_brrc002_vrtn003</containerEntry>
        </property>
        <property name="dataSet" type="EntityHandle" container="StaticArray" arraySize="1">
          <containerEntry>0x3374140</containerEntry>
        </property>
        <property name="modelFile" type="FilePtr" container="StaticArray" arraySize="1">
          <containerEntry>/Assets/tpp/environ/object/afghanistan/barricade/afgh_brrc002/scenes/afgh_brrc002_brrc003_fl.fmdl</containerEntry>
        </property>
        <property name="geomFile" type="FilePtr" container="StaticArray" arraySize="1">
          <containerEntry>/Assets/tpp/environ/object/afghanistan/barricade/afgh_brrc002/scenes/afgh_brrc002_brrc003_fl.geom</containerEntry>
        </property>
        <property name="breakedModelFile" type="FilePtr" container="StaticArray" arraySize="1">
          <containerEntry hash="0xB8A0BF169F98"></containerEntry>
        </property>
        <property name="breakedGeomFile" type="FilePtr" container="StaticArray" arraySize="1">
          <containerEntry hash="0xB8A0BF169F98"></containerEntry>
        </property>
        <property name="partsFile" type="FilePtr" container="StaticArray" arraySize="1">
          <containerEntry>/Assets/tpp/parts/environ/object/afghanistan/barricade/afgh_brrc002/afgh_brrc002_vrtn003.parts</containerEntry>
        </property>
        <property name="numDynamicGimmick" type="UInt32" container="StaticArray" arraySize="1">
          <containerEntry>3</containerEntry>
        </property>
        <property name="locaterFile" type="FilePtr" container="StaticArray" arraySize="1">
          <containerEntry>/Assets/tpp/level/location/afgh/block_small/126/126_123/lba/afgh_brrc002_vrtn003.lba</containerEntry>
        </property>
        <property name="flags1" type="UInt32" container="StaticArray" arraySize="1">
          <containerEntry>258</containerEntry>
        </property>
        <property name="flags2" type="UInt32" container="StaticArray" arraySize="1">
          <containerEntry>0</containerEntry>
        </property>
      </staticProperties>
      <dynamicProperties></dynamicProperties>
    </entity>
    <entity class="StaticModelArray" classVersion="4" classID="0xD0" addr="0x317F9E0" id="0x0">
      <staticProperties>
        <property name="name" type="String" container="StaticArray" arraySize="1">
          <containerEntry>StaticModelArray0000</containerEntry>
        </property>
        <property name="dataSet" type="EntityHandle" container="StaticArray" arraySize="1">
          <containerEntry>0x3374140</containerEntry>
        </property>
        <property name="modelFile" type="FilePtr" container="StaticArray" arraySize="1">
          <containerEntry hash="0xB8A0BF169F98"></containerEntry>
        </property>
        <property name="geomFile" type="FilePtr" container="StaticArray" arraySize="1">
          <containerEntry>/Assets/tpp/environ/object/afghanistan/barricade/afgh_brrc002/scenes/afgh_brrc002_brrc003_fl_pc.geom</containerEntry>
        </property>
        <property name="isVisibleGeom" type="Bool" container="StaticArray" arraySize="1">
          <containerEntry>false</containerEntry>
        </property>
        <property name="lodFarSize" type="Float" container="StaticArray" arraySize="1">
          <containerEntry>-1</containerEntry>
        </property>
        <property name="lodNearSize" type="Float" container="StaticArray" arraySize="1">
          <containerEntry>-1</containerEntry>
        </property>
        <property name="lodPolygonSize" type="Float" container="StaticArray" arraySize="1">
          <containerEntry>-1</containerEntry>
        </property>
        <property name="drawRejectionLevel" type="Int32" container="StaticArray" arraySize="1">
          <containerEntry>8</containerEntry>
        </property>
        <property name="drawMode" type="Int32" container="StaticArray" arraySize="1">
          <containerEntry>0</containerEntry>
        </property>
        <property name="rejectFarRangeShadowCast" type="Int32" container="StaticArray" arraySize="1">
          <containerEntry>2</containerEntry>
        </property>
        <property name="parentLocator" type="EntityLink" container="StaticArray" arraySize="1">
          <containerEntry packagePathHash="0xB8A0BF169F98" archivePathHash="0xB8A0BF169F98" nameInArchiveHash="0xB8A0BF169F98">0x0</containerEntry>
        </property>
        <property name="transforms" type="Matrix4" container="DynamicArray" arraySize="4">
          <containerEntry r11="-0.56500244" r12="0" r13="-0.8250898" r14="0" r21="0" r22="1" r23="0" r24="0" r31="0.8250898" r32="0" r33="-0.56500244" r34="0" r41="-793.10034" r42="514.8888" r43="-1238.5192" r44="1"></containerEntry>
          <containerEntry r11="-0.61855674" r12="0" r13="-0.78574216" r14="0" r21="0" r22="1" r23="0" r24="0" r31="0.78574216" r32="0" r33="-0.61855674" r34="0" r41="-802.97156" r42="514.8888" r43="-1228.8969" r44="1"></containerEntry>
          <containerEntry r11="-0.36327463" r12="0.0389966" r13="-0.9308647" r14="0" r21="0.014178081" r22="0.9992393" r23="0.036327906" r24="0" r31="0.9315733" r32="-8.4377825e-07" r33="-0.3635512" r34="0" r41="-810.1928" r42="515.073" r43="-1240.8518" r44="1"></containerEntry>
          <containerEntry r11="-0.3860534" r12="0.05254029" r13="-0.9209798" r14="0" r21="0.020310748" r22="0.99861884" r23="0.048455708" r24="0" r31="0.92225367" r32="6.7427754e-07" r33="-0.38658732" r34="0" r41="-800.37854" r42="515.21313" r43="-1249.4585" r44="1"></containerEntry>
        </property>
        <property name="colors" type="UInt32" container="DynamicArray" arraySize="4">
          <containerEntry>4294967295</containerEntry>
          <containerEntry>4294967295</containerEntry>
          <containerEntry>4294967295</containerEntry>
          <containerEntry>4294967295</containerEntry>
        </property>
      </staticProperties>
      <dynamicProperties></dynamicProperties>
    </entity>
    <entity class="StaticModelArray" classVersion="4" classID="0xD0" addr="0x317E1D0" id="0x0">
      <staticProperties>
        <property name="name" type="String" container="StaticArray" arraySize="1">
          <containerEntry>StaticModelArray0001</containerEntry>
        </property>
        <property name="dataSet" type="EntityHandle" container="StaticArray" arraySize="1">
          <containerEntry>0x3374140</containerEntry>
        </property>
        <property name="modelFile" type="FilePtr" container="StaticArray" arraySize="1">
          <containerEntry>/Assets/tpp/environ/object/afghanistan/cliff/afgh_clff030/scenes/afgh_clff030_vrtn011.fmdl</containerEntry>
        </property>
        <property name="geomFile" type="FilePtr" container="StaticArray" arraySize="1">
          <containerEntry>/Assets/tpp/environ/object/afghanistan/cliff/afgh_clff030/scenes/afgh_clff030_vrtn011.geom</containerEntry>
        </property>
        <property name="isVisibleGeom" type="Bool" container="StaticArray" arraySize="1">
          <containerEntry>false</containerEntry>
        </property>
        <property name="lodFarSize" type="Float" container="StaticArray" arraySize="1">
          <containerEntry>-1</containerEntry>
        </property>
        <property name="lodNearSize" type="Float" container="StaticArray" arraySize="1">
          <containerEntry>-1</containerEntry>
        </property>
        <property name="lodPolygonSize" type="Float" container="StaticArray" arraySize="1">
          <containerEntry>-1</containerEntry>
        </property>
        <property name="drawRejectionLevel" type="Int32" container="StaticArray" arraySize="1">
          <containerEntry>8</containerEntry>
        </property>
        <property name="drawMode" type="Int32" container="StaticArray" arraySize="1">
          <containerEntry>0</containerEntry>
        </property>
        <property name="rejectFarRangeShadowCast" type="Int32" container="StaticArray" arraySize="1">
          <containerEntry>2</containerEntry>
        </property>
        <property name="parentLocator" type="EntityLink" container="StaticArray" arraySize="1">
          <containerEntry packagePathHash="0xB8A0BF169F98" archivePathHash="0xB8A0BF169F98" nameInArchiveHash="0xB8A0BF169F98">0x0</containerEntry>
        </property>
        <property name="transforms" type="Matrix4" container="DynamicArray" arraySize="3">
          <containerEntry r11="0.88431185" r12="-0.026088666" r13="0.4661673" r14="0" r21="-9.9651515e-08" r22="0.9984377" r23="0.055876926" r24="0" r31="-0.46689674" r32="-0.049412675" r33="0.8829303" r34="0" r41="-795.46356" r42="514.84784" r43="-1248.973" r44="1"></containerEntry>
          <containerEntry r11="0.91303056" r12="0.17441721" r13="-0.3687191" r14="0" r21="-0.12910654" r22="0.9810635" r23="0.14438118" r24="0" r31="0.38691944" r32="-0.08422033" r33="0.91825926" r34="0" r41="-780.31244" r42="515.2851" r43="-1242.9922" r44="1"></containerEntry>
          <containerEntry r11="-0.76576287" r12="-0.023543717" r13="-0.64268947" r14="0" r21="-0.011434818" r22="0.9996702" r23="-0.022996427" r24="0" r31="0.64301884" r32="-0.010260804" r33="-0.7657795" r34="0" r41="-816.323" r42="515.0249" r43="-1250.7458" r44="1"></containerEntry>
        </property>
        <property name="colors" type="UInt32" container="DynamicArray" arraySize="3">
          <containerEntry>4294967295</containerEntry>
          <containerEntry>4294967295</containerEntry>
          <containerEntry>4294967295</containerEntry>
        </property>
      </staticProperties>
      <dynamicProperties></dynamicProperties>
    </entity>
    <entity class="StaticModelArray" classVersion="4" classID="0xD0" addr="0x317DF30" id="0x0">
      <staticProperties>
        <property name="name" type="String" container="StaticArray" arraySize="1">
          <containerEntry>StaticModelArray0002</containerEntry>
        </property>
        <property name="dataSet" type="EntityHandle" container="StaticArray" arraySize="1">
          <containerEntry>0x3374140</containerEntry>
        </property>
        <property name="modelFile" type="FilePtr" container="StaticArray" arraySize="1">
          <containerEntry>/Assets/tpp/environ/object/afghanistan/rock/afgh_rock009/scenes/afgh_rock009_rock002.fmdl</containerEntry>
        </property>
        <property name="geomFile" type="FilePtr" container="StaticArray" arraySize="1">
          <containerEntry>/Assets/tpp/environ/object/afghanistan/rock/afgh_rock009/scenes/afgh_rock009_rock002.geom</containerEntry>
        </property>
        <property name="isVisibleGeom" type="Bool" container="StaticArray" arraySize="1">
          <containerEntry>false</containerEntry>
        </property>
        <property name="lodFarSize" type="Float" container="StaticArray" arraySize="1">
          <containerEntry>-1</containerEntry>
        </property>
        <property name="lodNearSize" type="Float" container="StaticArray" arraySize="1">
          <containerEntry>-1</containerEntry>
        </property>
        <property name="lodPolygonSize" type="Float" container="StaticArray" arraySize="1">
          <containerEntry>-1</containerEntry>
        </property>
        <property name="drawRejectionLevel" type="Int32" container="StaticArray" arraySize="1">
          <containerEntry>8</containerEntry>
        </property>
        <property name="drawMode" type="Int32" container="StaticArray" arraySize="1">
          <containerEntry>0</containerEntry>
        </property>
        <property name="rejectFarRangeShadowCast" type="Int32" container="StaticArray" arraySize="1">
          <containerEntry>2</containerEntry>
        </property>
        <property name="parentLocator" type="EntityLink" container="StaticArray" arraySize="1">
          <containerEntry packagePathHash="0xB8A0BF169F98" archivePathHash="0xB8A0BF169F98" nameInArchiveHash="0xB8A0BF169F98">0x0</containerEntry>
        </property>
        <property name="transforms" type="Matrix4" container="DynamicArray" arraySize="8">
          <containerEntry r11="1" r12="0" r13="0" r14="0" r21="0" r22="1" r23="0" r24="0" r31="0" r32="0" r33="1" r34="0" r41="-817.46094" r42="515.0555" r43="-1247.896" r44="1"></containerEntry>
          <containerEntry r11="-0.26875284" r12="-0.21516196" r13="-0.9388695" r14="0" r21="-0.15417306" r22="0.9717733" r23="-0.17857009" r24="0" r31="0.9507898" r32="0.096757114" r33="-0.294339" r34="0" r41="-852.6173" r42="515.44196" r43="-1251.0037" r44="1"></containerEntry>
          <containerEntry r11="1" r12="0" r13="0" r14="0" r21="0" r22="1" r23="0" r24="0" r31="0" r32="0" r33="1" r34="0" r41="-799.9241" r42="516.31757" r43="-1262.2737" r44="1"></containerEntry>
          <containerEntry r11="-0.8197433" r12="0.044898234" r13="-0.57096696" r14="0" r21="0.077890165" r22="-0.97891957" r23="-0.18880561" r24="0" r31="-0.5674083" r32="-0.19924504" r33="0.7989674" r34="0" r41="-817.63055" r42="515.11414" r43="-1241.3278" r44="1"></containerEntry>
          <containerEntry r11="0.17198616" r12="-0.48266596" r13="-0.85875046" r14="0" r21="-0.20798181" r22="-0.86987936" r23="0.44726846" r24="0" r31="-0.9628928" r32="0.10168114" r33="-0.24999124" r34="0" r41="-829.0042" r42="511.074" r43="-1243.046" r44="1"></containerEntry>
          <containerEntry r11="0.99013126" r12="0.13688615" r13="0.030037042" r14="0" r21="-0.13688615" r22="0.8987087" r23="0.4166351" r24="0" r31="0.030037042" r32="-0.4166351" r33="0.90857744" r34="0" r41="-860.45483" r42="514.312" r43="-1281.4868" r44="1"></containerEntry>
          <containerEntry r11="0.972752" r12="0.2297759" r13="0.030929698" r14="0" r21="-0.2297759" r22="0.9376432" r23="0.2608223" r24="0" r31="0.030929698" r32="-0.2608223" r33="0.9648912" r34="0" r41="-865.9234" r42="511.6016" r43="-1277.7979" r44="1"></containerEntry>
          <containerEntry r11="0.9712724" r12="0.23796523" r13="0.0015527636" r14="0" r21="-0.23796523" r22="0.9711885" r23="0.0128623415" r24="0" r31="0.0015527636" r32="-0.0128623415" r33="0.9999161" r34="0" r41="-870.4066" r42="509.8536" r43="-1262.7269" r44="1"></containerEntry>
        </property>
        <property name="colors" type="UInt32" container="DynamicArray" arraySize="8">
          <containerEntry>4294967295</containerEntry>
          <containerEntry>4294967295</containerEntry>
          <containerEntry>4294967295</containerEntry>
          <containerEntry>4294967295</containerEntry>
          <containerEntry>4294967295</containerEntry>
          <containerEntry>4294967295</containerEntry>
          <containerEntry>4294967295</containerEntry>
          <containerEntry>4294967295</containerEntry>
        </property>
      </staticProperties>
      <dynamicProperties></dynamicProperties>
    </entity>
    <entity class="StaticModelArray" classVersion="4" classID="0xD0" addr="0x317DC90" id="0x0">
      <staticProperties>
        <property name="name" type="String" container="StaticArray" arraySize="1">
          <containerEntry>StaticModelArray0003</containerEntry>
        </property>
        <property name="dataSet" type="EntityHandle" container="StaticArray" arraySize="1">
          <containerEntry>0x3374140</containerEntry>
        </property>
        <property name="modelFile" type="FilePtr" container="StaticArray" arraySize="1">
          <containerEntry>/Assets/tpp/environ/object/afghanistan/rock/afgh_rock001/scenes/afgh_rock001.fmdl</containerEntry>
        </property>
        <property name="geomFile" type="FilePtr" container="StaticArray" arraySize="1">
          <containerEntry>/Assets/tpp/environ/object/afghanistan/rock/afgh_rock001/scenes/afgh_rock001.geom</containerEntry>
        </property>
        <property name="isVisibleGeom" type="Bool" container="StaticArray" arraySize="1">
          <containerEntry>false</containerEntry>
        </property>
        <property name="lodFarSize" type="Float" container="StaticArray" arraySize="1">
          <containerEntry>-1</containerEntry>
        </property>
        <property name="lodNearSize" type="Float" container="StaticArray" arraySize="1">
          <containerEntry>-1</containerEntry>
        </property>
        <property name="lodPolygonSize" type="Float" container="StaticArray" arraySize="1">
          <containerEntry>-1</containerEntry>
        </property>
        <property name="drawRejectionLevel" type="Int32" container="StaticArray" arraySize="1">
          <containerEntry>8</containerEntry>
        </property>
        <property name="drawMode" type="Int32" container="StaticArray" arraySize="1">
          <containerEntry>0</containerEntry>
        </property>
        <property name="rejectFarRangeShadowCast" type="Int32" container="StaticArray" arraySize="1">
          <containerEntry>2</containerEntry>
        </property>
        <property name="parentLocator" type="EntityLink" container="StaticArray" arraySize="1">
          <containerEntry packagePathHash="0xB8A0BF169F98" archivePathHash="0xB8A0BF169F98" nameInArchiveHash="0xB8A0BF169F98">0x0</containerEntry>
        </property>
        <property name="transforms" type="Matrix4" container="DynamicArray" arraySize="7">
          <containerEntry r11="1" r12="0" r13="0" r14="0" r21="0" r22="1" r23="0" r24="0" r31="0" r32="0" r33="1" r34="0" r41="-820.3289" r42="515.5757" r43="-1255.1447" r44="1"></containerEntry>
          <containerEntry r11="0.9255298" r12="0.37824613" r13="-0.018015506" r14="0" r21="-0.37824613" r22="0.92117155" r23="-0.091503635" r24="0" r31="-0.018015506" r32="0.091503635" r33="0.99564177" r34="0" r41="-858.605" r42="514.52026" r43="-1251.8282" r44="1"></containerEntry>
          <containerEntry r11="1" r12="0" r13="0" r14="0" r21="0" r22="1" r23="0" r24="0" r31="0" r32="0" r33="1" r34="0" r41="-799.9241" r42="516.31757" r43="-1262.2737" r44="1"></containerEntry>
          <containerEntry r11="0.99429774" r12="-0.104972266" r13="0.018783752" r14="0" r21="0.104972266" r22="0.93242246" r23="-0.3457876" r24="0" r31="0.018783752" r32="0.3457876" r33="0.9381247" r34="0" r41="-789.7595" r42="514.9022" r43="-1212.6996" r44="1"></containerEntry>
          <containerEntry r11="0.5864806" r12="0.27614254" r13="-0.7614364" r14="0" r21="0.31309563" r22="-0.9443021" r23="-0.101305544" r24="0" r31="-0.74700147" r32="-0.17898881" r33="-0.6402736" r34="0" r41="-833.536" r42="511.3383" r43="-1240.9875" r44="1"></containerEntry>
          <containerEntry r11="0.99831635" r12="0.05751892" r13="0.0074827108" r14="0" r21="-0.05751892" r22="0.9650601" r23="0.25563744" r24="0" r31="0.0074827108" r32="-0.25563744" r33="0.96674377" r34="0" r41="-852.6682" r42="512.7081" r43="-1263.283" r44="1"></containerEntry>
          <containerEntry r11="0.99049866" r12="0.13744776" r13="0.004524375" r14="0" r21="-0.13744776" r22="0.98834425" r23="0.06545045" r24="0" r31="0.004524375" r32="-0.06545045" r33="0.9978456" r34="0" r41="-834.86395" r42="514.84656" r43="-1266.6536" r44="1"></containerEntry>
        </property>
        <property name="colors" type="UInt32" container="DynamicArray" arraySize="7">
          <containerEntry>4294967295</containerEntry>
          <containerEntry>4294967295</containerEntry>
          <containerEntry>4294967295</containerEntry>
          <containerEntry>4294967295</containerEntry>
          <containerEntry>4294967295</containerEntry>
          <containerEntry>4294967295</containerEntry>
          <containerEntry>4294967295</containerEntry>
        </property>
      </staticProperties>
      <dynamicProperties></dynamicProperties>
    </entity>
    <entity class="StaticModelArray" classVersion="4" classID="0xD0" addr="0x317D670" id="0x0">
      <staticProperties>
        <property name="name" type="String" container="StaticArray" arraySize="1">
          <containerEntry>StaticModelArray0004</containerEntry>
        </property>
        <property name="dataSet" type="EntityHandle" container="StaticArray" arraySize="1">
          <containerEntry>0x3374140</containerEntry>
        </property>
        <property name="modelFile" type="FilePtr" container="StaticArray" arraySize="1">
          <containerEntry>/Assets/tpp/environ/object/afghanistan/cliff/afgh_clff022/scenes/afgh_clff022_vrtn002.fmdl</containerEntry>
        </property>
        <property name="geomFile" type="FilePtr" container="StaticArray" arraySize="1">
          <containerEntry>/Assets/tpp/environ/object/afghanistan/cliff/afgh_clff022/scenes/afgh_clff022_vrtn002.geom</containerEntry>
        </property>
        <property name="isVisibleGeom" type="Bool" container="StaticArray" arraySize="1">
          <containerEntry>false</containerEntry>
        </property>
        <property name="lodFarSize" type="Float" container="StaticArray" arraySize="1">
          <containerEntry>-1</containerEntry>
        </property>
        <property name="lodNearSize" type="Float" container="StaticArray" arraySize="1">
          <containerEntry>-1</containerEntry>
        </property>
        <property name="lodPolygonSize" type="Float" container="StaticArray" arraySize="1">
          <containerEntry>-1</containerEntry>
        </property>
        <property name="drawRejectionLevel" type="Int32" container="StaticArray" arraySize="1">
          <containerEntry>8</containerEntry>
        </property>
        <property name="drawMode" type="Int32" container="StaticArray" arraySize="1">
          <containerEntry>0</containerEntry>
        </property>
        <property name="rejectFarRangeShadowCast" type="Int32" container="StaticArray" arraySize="1">
          <containerEntry>2</containerEntry>
        </property>
        <property name="parentLocator" type="EntityLink" container="StaticArray" arraySize="1">
          <containerEntry packagePathHash="0xB8A0BF169F98" archivePathHash="0xB8A0BF169F98" nameInArchiveHash="0xB8A0BF169F98">0x0</containerEntry>
        </property>
        <property name="transforms" type="Matrix4" container="DynamicArray" arraySize="5">
          <containerEntry r11="-0.77228665" r12="0.077955306" r13="-0.63047385" r14="0" r21="0.018453097" r22="0.9947764" r23="0.10039599" r24="0" r31="0.6350069" r32="0.06590024" r33="-0.76969105" r34="0" r41="-830.80206" r42="519.13794" r43="-1217.6711" r44="1"></containerEntry>
          <containerEntry r11="-0.9321686" r12="0.053429134" r13="-0.35806373" r14="0" r21="0.018453652" r22="0.9947764" r23="0.100396015" r24="0" r31="0.3615574" r32="0.08697831" r33="-0.9282853" r34="0" r41="-794.11456" r42="521.02045" r43="-1198.6849" r44="1"></containerEntry>
          <containerEntry r11="-0.99770284" r12="0.024867352" r13="-0.06301322" r14="0" r21="0.018453531" r22="0.99477637" r23="0.10039663" r24="0" r31="0.06518065" r32="0.099003196" r33="-0.9929501" r34="0" r41="-874.41284" r42="529.02203" r43="-1233.6328" r44="1"></containerEntry>
          <containerEntry r11="-0.9983267" r12="0.012825778" r13="0.056410734" r14="0" r21="0.018453116" r22="0.99477637" r23="0.10039639" r24="0" r31="-0.0548284" r32="0.10126921" r33="-0.99334854" r34="0" r41="-893.1329" r42="514.2997" r43="-1245.5837" r44="1"></containerEntry>
          <containerEntry r11="0.028437734" r12="0" r13="0.9995962" r14="0" r21="0" r22="1" r23="0" r24="0" r31="-0.9995962" r32="0" r33="0.028437734" r34="0" r41="-769.71423" r42="531.90784" r43="-1276.7299" r44="1"></containerEntry>
        </property>
        <property name="colors" type="UInt32" container="DynamicArray" arraySize="5">
          <containerEntry>4294967295</containerEntry>
          <containerEntry>4294967295</containerEntry>
          <containerEntry>4294967295</containerEntry>
          <containerEntry>4294967295</containerEntry>
          <containerEntry>4294967295</containerEntry>
        </property>
      </staticProperties>
      <dynamicProperties></dynamicProperties>
    </entity>
    <entity class="StaticModelArray" classVersion="4" classID="0xD0" addr="0x317F6D0" id="0x0">
      <staticProperties>
        <property name="name" type="String" container="StaticArray" arraySize="1">
          <containerEntry>StaticModelArray0005</containerEntry>
        </property>
        <property name="dataSet" type="EntityHandle" container="StaticArray" arraySize="1">
          <containerEntry>0x3374140</containerEntry>
        </property>
        <property name="modelFile" type="FilePtr" container="StaticArray" arraySize="1">
          <containerEntry>/Assets/tpp/environ/object/afghanistan/rock/afgh_rock006/scenes/afgh_rock006.fmdl</containerEntry>
        </property>
        <property name="geomFile" type="FilePtr" container="StaticArray" arraySize="1">
          <containerEntry>/Assets/tpp/environ/object/afghanistan/rock/afgh_rock006/scenes/afgh_rock006.geom</containerEntry>
        </property>
        <property name="isVisibleGeom" type="Bool" container="StaticArray" arraySize="1">
          <containerEntry>false</containerEntry>
        </property>
        <property name="lodFarSize" type="Float" container="StaticArray" arraySize="1">
          <containerEntry>-1</containerEntry>
        </property>
        <property name="lodNearSize" type="Float" container="StaticArray" arraySize="1">
          <containerEntry>-1</containerEntry>
        </property>
        <property name="lodPolygonSize" type="Float" container="StaticArray" arraySize="1">
          <containerEntry>-1</containerEntry>
        </property>
        <property name="drawRejectionLevel" type="Int32" container="StaticArray" arraySize="1">
          <containerEntry>8</containerEntry>
        </property>
        <property name="drawMode" type="Int32" container="StaticArray" arraySize="1">
          <containerEntry>0</containerEntry>
        </property>
        <property name="rejectFarRangeShadowCast" type="Int32" container="StaticArray" arraySize="1">
          <containerEntry>2</containerEntry>
        </property>
        <property name="parentLocator" type="EntityLink" container="StaticArray" arraySize="1">
          <containerEntry packagePathHash="0xB8A0BF169F98" archivePathHash="0xB8A0BF169F98" nameInArchiveHash="0xB8A0BF169F98">0x0</containerEntry>
        </property>
        <property name="transforms" type="Matrix4" container="DynamicArray" arraySize="9">
          <containerEntry r11="0.9773538" r12="0.21096973" r13="0.016469928" r14="0" r21="-0.21096973" r22="0.9653757" r23="0.15343237" r24="0" r31="0.016469928" r32="-0.15343237" r33="0.9880219" r34="0" r41="-830.2846" r42="512.2911" r43="-1250.7439" r44="1"></containerEntry>
          <containerEntry r11="-0.39962745" r12="0.010373199" r13="-0.91662043" r14="0" r21="0.054230005" r22="0.9984522" r23="-0.012343815" r24="0" r31="0.9150736" r32="-0.054641187" r33="-0.39957142" r34="0" r41="-798.5547" r42="515.7996" r43="-1214.0652" r44="1"></containerEntry>
          <containerEntry r11="-0.29297343" r12="-0.37544307" r13="-0.879323" r14="0" r21="0.111717254" r22="0.8999363" r23="-0.4214663" r24="0" r31="0.9495714" r32="-0.221714" r33="-0.22171396" r34="0" r41="-867.16565" r42="516.1312" r43="-1247.5945" r44="1"></containerEntry>
          <containerEntry r11="0.9773538" r12="0.21096973" r13="0.016469928" r14="0" r21="-0.21096973" r22="0.9653757" r23="0.15343237" r24="0" r31="0.016469928" r32="-0.15343237" r33="0.9880219" r34="0" r41="-799.9241" r42="516.31757" r43="-1262.2737" r44="1"></containerEntry>
          <containerEntry r11="-0.07185558" r12="-0.09205569" r13="-0.99315745" r14="0" r21="-0.37713474" r22="0.924316" r23="-0.058388665" r24="0" r31="0.92336637" r32="0.3703587" r33="-0.10113466" r34="0" r41="-831.20575" r42="512.7769" r43="-1232.1832" r44="1"></containerEntry>
          <containerEntry r11="-0.98957354" r12="-0.14400963" r13="-0.0028884225" r14="0" r21="-0.13953458" r22="0.9534603" r23="0.26728958" r24="0" r31="-0.035738252" r32="0.26490533" r33="-0.9636134" r34="0" r41="-779.7997" r42="521.90393" r43="-1198.7404" r44="1"></containerEntry>
          <containerEntry r11="-0.065574184" r12="0.33368555" r13="0.9404013" r14="0" r21="-0.046099186" r22="0.9404101" r23="-0.33690324" r24="0" r31="-0.99678254" r32="-0.065443784" r33="-0.04628402" r34="0" r41="-789.9993" r42="521.4153" r43="-1195.7797" r44="1"></containerEntry>
          <containerEntry r11="0.9713223" r12="0.23564476" r13="0.03169602" r14="0" r21="-0.23564476" r22="0.9362903" r23="0.26044604" r24="0" r31="0.03169602" r32="-0.26044604" r33="0.964968" r34="0" r41="-875.3694" r42="508.8564" r43="-1278.616" r44="1"></containerEntry>
