<fox formatVersion="2" fileVersion="0">
  <entities>
    <entity class="DataSet" classVersion="0" classID="0xE8" addr="0x33735E0" id="0xBF89D6">
      <staticProperties>
        <property name="name" type="String" container="StaticArray" arraySize="1">
          <containerEntry hash="0xB8A0BF169F98"></containerEntry>
        </property>
        <property name="dataSet" type="EntityHandle" container="StaticArray" arraySize="1">
          <containerEntry>0x0</containerEntry>
        </property>
        <property name="dataList" type="EntityPtr" container="StringMap" arraySize="16">
          <containerEntry key="afgh_sndb002_0003">
            <data>0x317A960</data>
          </containerEntry>
          <containerEntry key="afgh_brrc002_vrtn003_gim_i0000|TppSharedGimmick_afgh_brrc002_vrtn003">
            <data>0x317D600</data>
          </containerEntry>
          <containerEntry key="StaticModelArray0000">
            <data>0x33725B0</data>
          </containerEntry>
          <containerEntry key="StaticModelArray0001">
            <data>0x317D2F0</data>
          </containerEntry>
          <containerEntry key="StaticModelArray0002">
            <data>0x317D050</data>
          </containerEntry>
          <containerEntry key="StaticModelArray0003">
            <data>0x3372770</data>
          </containerEntry>
          <containerEntry key="StaticModelArray0004">
            <data>0x3372700</data>
          </containerEntry>
          <containerEntry key="StaticModelArray0005">
            <data>0x33727E0</data>
          </containerEntry>
          <containerEntry key="StaticModelArray0006">
            <data>0x3372850</data>
          </containerEntry>
          <containerEntry key="StaticModelArray0007">
            <data>0x33728C0</data>
          </containerEntry>
          <containerEntry key="StaticModelArray0008">
            <data>0x3371E40</data>
          </containerEntry>
          <containerEntry key="StaticModelArray0009">
            <data>0x3372230</data>
          </containerEntry>
          <containerEntry key="StaticModelArray0010">
            <data>0x3372310</data>
          </containerEntry>
          <containerEntry key="StaticModelArray0011">
            <data>0x3373030</data>
          </containerEntry>
          <containerEntry key="StaticModelArray0012">
            <data>0x3372620</data>
          </containerEntry>
          <containerEntry key="TexturePackLoadConditioner0000">
            <data>0x3372930</data>
          </containerEntry>
        </property>
      </staticProperties>
      <dynamicProperties></dynamicProperties>
    </entity>
    <entity class="StaticModel" classVersion="9" classID="0x160" addr="0x317A960" id="0xBF8C43">
      <staticProperties>
        <property name="name" type="String" container="StaticArray" arraySize="1">
          <containerEntry>afgh_sndb002_0003</containerEntry>
        </property>
        <property name="dataSet" type="EntityHandle" container="StaticArray" arraySize="1">
          <containerEntry>0x33735E0</containerEntry>
        </property>
        <property name="parent" type="EntityHandle" container="StaticArray" arraySize="1">
          <containerEntry>0x0</containerEntry>
        </property>
        <property name="transform" type="EntityPtr" container="StaticArray" arraySize="1">
          <containerEntry>0x317A9D0</containerEntry>
        </property>
        <property name="shearTransform" type="EntityPtr" container="StaticArray" arraySize="1">
          <containerEntry>0x0</containerEntry>
        </property>
        <property name="pivotTransform" type="EntityPtr" container="StaticArray" arraySize="1">
          <containerEntry>0x0</containerEntry>
        </property>
        <property name="children" type="EntityHandle" container="List"></property>
        <property name="flags" type="UInt32" container="StaticArray" arraySize="1">
          <containerEntry>3221225479</containerEntry>
        </property>
        <property name="modelFile" type="FilePtr" container="StaticArray" arraySize="1">
          <containerEntry>/Assets/tpp/environ/object/afghanistan/sandbag/afgh_sndb002/scenes/afgh_sndb002.fmdl</containerEntry>
        </property>
        <property name="geomFile" type="FilePtr" container="StaticArray" arraySize="1">
          <containerEntry>/Assets/tpp/environ/object/afghanistan/sandbag/afgh_sndb002/scenes/afgh_sndb002.geom</containerEntry>
        </property>
        <property name="isVisibleGeom" type="Bool" container="StaticArray" arraySize="1">
          <containerEntry>false</containerEntry>
        </property>
        <property name="isIsolated" type="Bool" container="StaticArray" arraySize="1">
          <containerEntry>false</containerEntry>
        </property>
        <property name="lodFarSize" type="Float" container="StaticArray" arraySize="1">
          <containerEntry>-1</containerEntry>
        </property>
        <property name="lodNearSize" type="Float" container="StaticArray" arraySize="1">
          <containerEntry>-1</containerEntry>
        </property>
        <property name="lodPolygonSize" type="Float" container="StaticArray" arraySize="1">
          <containerEntry>-1</containerEntry>
        </property>
        <property name="color" type="Color" container="StaticArray" arraySize="1">
          <containerEntry r="1" g="1" b="1" a="1"></containerEntry>
        </property>
        <property name="drawRejectionLevel" type="Int32" container="StaticArray" arraySize="1">
          <containerEntry>8</containerEntry>
        </property>
        <property name="drawMode" type="Int32" container="StaticArray" arraySize="1">
          <containerEntry>0</containerEntry>
        </property>
        <property name="rejectFarRangeShadowCast" type="Int32" container="StaticArray" arraySize="1">
          <containerEntry>2</containerEntry>
        </property>
      </staticProperties>
      <dynamicProperties></dynamicProperties>
    </entity>
    <entity class="TransformEntity" classVersion="0" classID="0x50" addr="0x317A9D0" id="0xBF8C46">
      <staticProperties>
        <property name="owner" type="EntityHandle" container="StaticArray" arraySize="1">
          <containerEntry>0x317A960</containerEntry>
        </property>
        <property name="transform_scale" type="Vector3" container="StaticArray" arraySize="1">
          <containerEntry x="1" y="1" z="1" w="0"></containerEntry>
        </property>
        <property name="transform_rotation_quat" type="Quat" container="StaticArray" arraySize="1">
          <containerEntry x="0" y="1e-06" z="0" w="1"></containerEntry>
        </property>
        <property name="transform_translation" type="Vector3" container="StaticArray" arraySize="1">
          <containerEntry x="1154.2777" y="314.78937" z="1822" w="0"></containerEntry>
        </property>
      </staticProperties>
      <dynamicProperties></dynamicProperties>
    </entity>
    <entity class="TppSharedGimmickData" classVersion="1" classID="0xF0" addr="0x317D600" id="0x381F1">
      <staticProperties>
        <property name="name" type="String" container="StaticArray" arraySize="1">
          <containerEntry>afgh_brrc002_vrtn003_gim_i0000|TppSharedGimmick_afgh_brrc002_vrtn003</containerEntry>
        </property>
        <property name="dataSet" type="EntityHandle" container="StaticArray" arraySize="1">
          <containerEntry>0x33735E0</containerEntry>
        </property>
        <property name="modelFile" type="FilePtr" container="StaticArray" arraySize="1">
          <containerEntry>/Assets/tpp/environ/object/afghanistan/barricade/afgh_brrc002/scenes/afgh_brrc002_brrc003_fl.fmdl</containerEntry>
        </property>
        <property name="geomFile" type="FilePtr" container="StaticArray" arraySize="1">
          <containerEntry>/Assets/tpp/environ/object/afghanistan/barricade/afgh_brrc002/scenes/afgh_brrc002_brrc003_fl.geom</containerEntry>
        </property>
        <property name="breakedModelFile" type="FilePtr" container="StaticArray" arraySize="1">
          <containerEntry hash="0xB8A0BF169F98"></containerEntry>
        </property>
        <property name="breakedGeomFile" type="FilePtr" container="StaticArray" arraySize="1">
          <containerEntry hash="0xB8A0BF169F98"></containerEntry>
        </property>
        <property name="partsFile" type="FilePtr" container="StaticArray" arraySize="1">
          <containerEntry>/Assets/tpp/parts/environ/object/afghanistan/barricade/afgh_brrc002/afgh_brrc002_vrtn003.parts</containerEntry>
        </property>
        <property name="numDynamicGimmick" type="UInt32" container="StaticArray" arraySize="1">
          <containerEntry>2</containerEntry>
        </property>
        <property name="locaterFile" type="FilePtr" container="StaticArray" arraySize="1">
          <containerEntry>/Assets/tpp/level/location/afgh/block_small/142/142_147/lba/afgh_brrc002_vrtn003.lba</containerEntry>
        </property>
        <property name="flags1" type="UInt32" container="StaticArray" arraySize="1">
          <containerEntry>258</containerEntry>
        </property>
        <property name="flags2" type="UInt32" container="StaticArray" arraySize="1">
          <containerEntry>0</containerEntry>
        </property>
      </staticProperties>
      <dynamicProperties></dynamicProperties>
    </entity>
    <entity class="StaticModelArray" classVersion="4" classID="0xD0" addr="0x33725B0" id="0x0">
      <staticProperties>
        <property name="name" type="String" container="StaticArray" arraySize="1">
          <containerEntry>StaticModelArray0000</containerEntry>
        </property>
        <property name="dataSet" type="EntityHandle" container="StaticArray" arraySize="1">
          <containerEntry>0x33735E0</containerEntry>
        </property>
        <property name="modelFile" type="FilePtr" container="StaticArray" arraySize="1">
          <containerEntry hash="0xB8A0BF169F98"></containerEntry>
        </property>
        <property name="geomFile" type="FilePtr" container="StaticArray" arraySize="1">
          <containerEntry>/Assets/tpp/environ/object/afghanistan/barricade/afgh_brrc002/scenes/afgh_brrc002_brrc003_fl_pc.geom</containerEntry>
        </property>
        <property name="isVisibleGeom" type="Bool" container="StaticArray" arraySize="1">
          <containerEntry>false</containerEntry>
        </property>
        <property name="lodFarSize" type="Float" container="StaticArray" arraySize="1">
          <containerEntry>-1</containerEntry>
        </property>
        <property name="lodNearSize" type="Float" container="StaticArray" arraySize="1">
          <containerEntry>-1</containerEntry>
        </property>
        <property name="lodPolygonSize" type="Float" container="StaticArray" arraySize="1">
          <containerEntry>-1</containerEntry>
        </property>
        <property name="drawRejectionLevel" type="Int32" container="StaticArray" arraySize="1">
          <containerEntry>8</containerEntry>
        </property>
        <property name="drawMode" type="Int32" container="StaticArray" arraySize="1">
          <containerEntry>0</containerEntry>
        </property>
        <property name="rejectFarRangeShadowCast" type="Int32" container="StaticArray" arraySize="1">
          <containerEntry>2</containerEntry>
        </property>
        <property name="parentLocator" type="EntityLink" container="StaticArray" arraySize="1">
          <containerEntry packagePathHash="0xB8A0BF169F98" archivePathHash="0xB8A0BF169F98" nameInArchiveHash="0xB8A0BF169F98">0x0</containerEntry>
        </property>
        <property name="transforms" type="Matrix4" container="DynamicArray" arraySize="2">
          <containerEntry r11="-0.69855446" r12="0.08721592" r13="-0.710225" r14="0" r21="0.071648285" r22="0.9960815" r23="0.051848434" r24="0" r31="0.7119639" r32="-0.014667482" r33="-0.702066" r34="0" r41="1153.3452" r42="315.11487" r43="1799.4296" r44="1"></containerEntry>
          <containerEntry r11="-0.70150447" r12="0.030135183" r13="-0.71202445" r14="0" r21="0.031600323" r22="0.9994382" r23="0.011165962" r24="0" r31="0.7119609" r32="-0.014667233" r33="-0.70206267" r34="0" r41="1155.6471" r42="314.86337" r43="1801.7406" r44="1"></containerEntry>
        </property>
        <property name="colors" type="UInt32" container="DynamicArray" arraySize="2">
          <containerEntry>4294967295</containerEntry>
          <containerEntry>4294967295</containerEntry>
        </property>
      </staticProperties>
      <dynamicProperties></dynamicProperties>
    </entity>
    <entity class="StaticModelArray" classVersion="4" classID="0xD0" addr="0x317D2F0" id="0x0">
      <staticProperties>
        <property name="name" type="String" container="StaticArray" arraySize="1">
          <containerEntry>StaticModelArray0001</containerEntry>
        </property>
        <property name="dataSet" type="EntityHandle" container="StaticArray" arraySize="1">
          <containerEntry>0x33735E0</containerEntry>
        </property>
        <property name="modelFile" type="FilePtr" container="StaticArray" arraySize="1">
          <containerEntry>/Assets/tpp/environ/object/afghanistan/cliff/afgh_clff013/scenes/afgh_clff013.fmdl</containerEntry>
        </property>
        <property name="geomFile" type="FilePtr" container="StaticArray" arraySize="1">
          <containerEntry>/Assets/tpp/environ/object/afghanistan/cliff/afgh_clff013/scenes/afgh_clff013.geom</containerEntry>
        </property>
        <property name="isVisibleGeom" type="Bool" container="StaticArray" arraySize="1">
          <containerEntry>false</containerEntry>
        </property>
        <property name="lodFarSize" type="Float" container="StaticArray" arraySize="1">
          <containerEntry>-1</containerEntry>
        </property>
        <property name="lodNearSize" type="Float" container="StaticArray" arraySize="1">
          <containerEntry>-1</containerEntry>
        </property>
        <property name="lodPolygonSize" type="Float" container="StaticArray" arraySize="1">
          <containerEntry>-1</containerEntry>
        </property>
        <property name="drawRejectionLevel" type="Int32" container="StaticArray" arraySize="1">
          <containerEntry>8</containerEntry>
        </property>
        <property name="drawMode" type="Int32" container="StaticArray" arraySize="1">
          <containerEntry>0</containerEntry>
        </property>
        <property name="rejectFarRangeShadowCast" type="Int32" container="StaticArray" arraySize="1">
          <containerEntry>2</containerEntry>
        </property>
        <property name="parentLocator" type="EntityLink" container="StaticArray" arraySize="1">
          <containerEntry packagePathHash="0xB8A0BF169F98" archivePathHash="0xB8A0BF169F98" nameInArchiveHash="0xB8A0BF169F98">0x0</containerEntry>
        </property>
        <property name="transforms" type="Matrix4" container="DynamicArray" arraySize="7">
          <containerEntry r11="-0.6759619" r12="0.021365462" r13="-0.73661965" r14="0" r21="0.027132748" r22="0.9996235" r23="0.004095137" r24="0" r31="0.73642975" r32="-0.017218398" r33="-0.67628706" r34="0" r41="1187.3148" r42="314.53995" r43="1857.9733" r44="1"></containerEntry>
          <containerEntry r11="0.9990112" r12="-0.027260808" r13="0.03511996" r14="0" r21="0.027133534" r22="0.9996234" r23="0.004095583" r24="0" r31="-0.03521838" r32="-0.0031386008" r33="0.9993747" r34="0" r41="1216.1816" r42="313.94107" r43="1844.9165" r44="1"></containerEntry>
          <containerEntry r11="0.66606605" r12="-0.021134231" r13="0.74559164" r14="0" r21="0.027132839" r22="0.9996235" r23="0.0040961187" r24="0" r31="-0.74539745" r32="0.017501812" r33="0.6663887" r34="0" r41="1199.7267" r42="314.12134" r43="1835.1018" r44="1"></containerEntry>
          <containerEntry r11="-0.85097915" r12="0.020947907" r13="0.52476645" r14="0" r21="0.0271332" r22="0.9996234" r23="0.0040970105" r24="0" r31="-0.52448297" r32="0.017725157" r33="-0.8512271" r34="0" r41="1193.41" r42="314.88623" r43="1804.3132" r44="1"></containerEntry>
          <containerEntry r11="0.48102158" r12="-0.016649289" r13="0.87654865" r14="0" r21="0.027133564" r22="0.9996234" r23="0.0040970054" r24="0" r31="-0.87628675" r32="0.021813227" r33="0.4812922" r34="0" r41="1188.2727" r42="314.88623" r43="1820.1392" r44="1"></containerEntry>
          <containerEntry r11="-0.3515351" r12="0.0057050297" r13="0.9361532" r14="0" r21="0.027132109" r22="0.9996234" r23="0.0040966608" r24="0" r31="-0.9357773" r32="0.026840018" r33="-0.35155755" r34="0" r41="1253.1798" r42="316.89017" r43="1816.254" r44="1"></containerEntry>
          <containerEntry r11="0.16001412" r12="0.01514998" r13="0.9869959" r14="0" r21="0.023373477" r22="0.9995437" r23="-0.01913183" r24="0" r31="-0.9868354" r32="0.02613091" r33="0.15958703" r34="0" r41="1249.8612" r42="316.84412" r43="1836.5386" r44="1"></containerEntry>
        </property>
        <property name="colors" type="UInt32" container="DynamicArray" arraySize="7">
          <containerEntry>4294967295</containerEntry>
          <containerEntry>4294967295</containerEntry>
          <containerEntry>4294967295</containerEntry>
          <containerEntry>4294967295</containerEntry>
          <containerEntry>4294967295</containerEntry>
          <containerEntry>4294967295</containerEntry>
          <containerEntry>4294967295</containerEntry>
        </property>
      </staticProperties>
      <dynamicProperties></dynamicProperties>
    </entity>
    <entity class="StaticModelArray" classVersion="4" classID="0xD0" addr="0x317D050" id="0x0">
      <staticProperties>
        <property name="name" type="String" container="StaticArray" arraySize="1">
          <containerEntry>StaticModelArray0002</containerEntry>
        </property>
        <property name="dataSet" type="EntityHandle" container="StaticArray" arraySize="1">
          <containerEntry>0x33735E0</containerEntry>
        </property>
        <property name="modelFile" type="FilePtr" container="StaticArray" arraySize="1">
          <containerEntry>/Assets/tpp/environ/object/afghanistan/cliff/afgh_clff025/scenes/afgh_clff025.fmdl</containerEntry>
        </property>
        <property name="geomFile" type="FilePtr" container="StaticArray" arraySize="1">
          <containerEntry>/Assets/tpp/environ/object/afghanistan/cliff/afgh_clff025/scenes/afgh_clff025.geom</containerEntry>
        </property>
        <property name="isVisibleGeom" type="Bool" container="StaticArray" arraySize="1">
          <containerEntry>false</containerEntry>
        </property>
        <property name="lodFarSize" type="Float" container="StaticArray" arraySize="1">
          <containerEntry>-1</containerEntry>
        </property>
        <property name="lodNearSize" type="Float" container="StaticArray" arraySize="1">
          <containerEntry>-1</containerEntry>
        </property>
        <property name="lodPolygonSize" type="Float" container="StaticArray" arraySize="1">
          <containerEntry>-1</containerEntry>
        </property>
        <property name="drawRejectionLevel" type="Int32" container="StaticArray" arraySize="1">
          <containerEntry>8</containerEntry>
        </property>
        <property name="drawMode" type="Int32" container="StaticArray" arraySize="1">
          <containerEntry>0</containerEntry>
        </property>
        <property name="rejectFarRangeShadowCast" type="Int32" container="StaticArray" arraySize="1">
          <containerEntry>2</containerEntry>
        </property>
        <property name="parentLocator" type="EntityLink" container="StaticArray" arraySize="1">
          <containerEntry packagePathHash="0xB8A0BF169F98" archivePathHash="0xB8A0BF169F98" nameInArchiveHash="0xB8A0BF169F98">0x0</containerEntry>
        </property>
        <property name="transforms" type="Matrix4" container="DynamicArray" arraySize="4">
          <containerEntry r11="0.121979274" r12="-0.006981182" r13="0.99250823" r14="0" r21="0.012088102" r22="0.99991155" r23="0.0055476287" r24="0" r31="-0.9924591" r32="0.011320843" r33="0.12205285" r34="0" r41="1235.8176" r42="315.0611" r43="1865.982" r44="1"></containerEntry>
          <containerEntry r11="-0.9955385" r12="0" r13="-0.7392593" r14="0" r21="0" r22="1.24" r23="0" r24="0" r31="0.7392593" r32="0" r33="-0.9955385" r34="0" r41="1167.2563" r42="337.21008" r43="1895.9727" r44="1"></containerEntry>
          <containerEntry r11="-0.8357734" r12="0.08726231" r13="-0.9254024" r14="0" r21="-0.077632025" r22="1.2335782" r23="0.1864353" r24="0" r31="0.92626" r32="0.1821267" r33="-0.819374" r34="0" r41="1216.1097" r42="327.18283" r43="1910.5369" r44="1"></containerEntry>
          <containerEntry r11="-1.111872" r12="0.17411762" r13="-0.5439889" r14="0" r21="0.064996906" r22="1.221341" r23="0.25807288" r24="0" r31="0.56746477" r32="0.20126909" r33="-1.0954335" r34="0" r41="1177.7913" r42="328.2811" r43="1887.287" r44="1"></containerEntry>
        </property>
        <property name="colors" type="UInt32" container="DynamicArray" arraySize="4">
          <containerEntry>4294967295</containerEntry>
          <containerEntry>4294967295</containerEntry>
          <containerEntry>4294967295</containerEntry>
          <containerEntry>4294967295</containerEntry>
        </property>
      </staticProperties>
      <dynamicProperties></dynamicProperties>
    </entity>
    <entity class="StaticModelArray" classVersion="4" classID="0xD0" addr="0x3372770" id="0x0">
      <staticProperties>
        <property name="name" type="String" container="StaticArray" arraySize="1">
          <containerEntry>StaticModelArray0003</containerEntry>
        </property>
        <property name="dataSet" type="EntityHandle" container="StaticArray" arraySize="1">
          <containerEntry>0x33735E0</containerEntry>
        </property>
        <property name="modelFile" type="FilePtr" container="StaticArray" arraySize="1">
          <containerEntry>/Assets/tpp/environ/object/afghanistan/cliff/afgh_clff022/scenes/afgh_clff022_vrtn001.fmdl</containerEntry>
        </property>
        <property name="geomFile" type="FilePtr" container="StaticArray" arraySize="1">
          <containerEntry>/Assets/tpp/environ/object/afghanistan/cliff/afgh_clff022/scenes/afgh_clff022_vrtn001.geom</containerEntry>
        </property>
        <property name="isVisibleGeom" type="Bool" container="StaticArray" arraySize="1">
          <containerEntry>false</containerEntry>
        </property>
        <property name="lodFarSize" type="Float" container="StaticArray" arraySize="1">
          <containerEntry>-1</containerEntry>
        </property>
        <property name="lodNearSize" type="Float" container="StaticArray" arraySize="1">
          <containerEntry>-1</containerEntry>
        </property>
        <property name="lodPolygonSize" type="Float" container="StaticArray" arraySize="1">
          <containerEntry>-1</containerEntry>
        </property>
        <property name="drawRejectionLevel" type="Int32" container="StaticArray" arraySize="1">
          <containerEntry>8</containerEntry>
        </property>
        <property name="drawMode" type="Int32" container="StaticArray" arraySize="1">
          <containerEntry>0</containerEntry>
        </property>
        <property name="rejectFarRangeShadowCast" type="Int32" container="StaticArray" arraySize="1">
          <containerEntry>2</containerEntry>
        </property>
        <property name="parentLocator" type="EntityLink" container="StaticArray" arraySize="1">
          <containerEntry packagePathHash="0xB8A0BF169F98" archivePathHash="0xB8A0BF169F98" nameInArchiveHash="0xB8A0BF169F98">0x0</containerEntry>
        </property>
        <property name="transforms" type="Matrix4" container="DynamicArray" arraySize="3">
          <containerEntry r11="0.9872588" r12="0" r13="-0.15912278" r14="0" r21="0" r22="1" r23="0" r24="0" r31="0.15912278" r32="0" r33="0.9872588" r34="0" r41="1196.8796" r42="328.39163" r43="1886.7981" r44="1"></containerEntry>
          <containerEntry r11="0.83589625" r12="0" r13="-0.54888743" r14="0" r21="0" r22="1" r23="0" r24="0" r31="0.54888743" r32="0" r33="0.83589625" r34="0" r41="1165.6951" r42="333.07172" r43="1881.3191" r44="1"></containerEntry>
          <containerEntry r11="-0.9762906" r12="0" r13="0.21647336" r14="0" r21="0" r22="1" r23="0" r24="0" r31="-0.21647336" r32="0" r33="-0.9762906" r34="0" r41="1155.3654" r42="335.30237" r43="1883.8113" r44="1"></containerEntry>
        </property>
        <property name="colors" type="UInt32" container="DynamicArray" arraySize="3">
          <containerEntry>4294967295</containerEntry>
          <containerEntry>4294967295</containerEntry>
          <containerEntry>4294967295</containerEntry>
        </property>
      </staticProperties>
      <dynamicProperties></dynamicProperties>
    </entity>
    <entity class="StaticModelArray" classVersion="4" classID="0xD0" addr="0x3372700" id="0x0">
      <staticProperties>
        <property name="name" type="String" container="StaticArray" arraySize="1">
          <containerEntry>StaticModelArray0004</containerEntry>
        </property>
        <property name="dataSet" type="EntityHandle" container="StaticArray" arraySize="1">
          <containerEntry>0x33735E0</containerEntry>
        </property>
        <property name="modelFile" type="FilePtr" container="StaticArray" arraySize="1">
          <containerEntry>/Assets/tpp/environ/object/afghanistan/barricade/afgh_brrc001/scenes/afgh_brrc001.fmdl</containerEntry>
        </property>
        <property name="geomFile" type="FilePtr" container="StaticArray" arraySize="1">
          <containerEntry>/Assets/tpp/environ/object/afghanistan/barricade/afgh_brrc001/scenes/afgh_brrc001.geom</containerEntry>
        </property>
        <property name="isVisibleGeom" type="Bool" container="StaticArray" arraySize="1">
          <containerEntry>false</containerEntry>
        </property>
        <property name="lodFarSize" type="Float" container="StaticArray" arraySize="1">
          <containerEntry>-1</containerEntry>
        </property>
        <property name="lodNearSize" type="Float" container="StaticArray" arraySize="1">
          <containerEntry>-1</containerEntry>
        </property>
        <property name="lodPolygonSize" type="Float" container="StaticArray" arraySize="1">
          <containerEntry>-1</containerEntry>
        </property>
        <property name="drawRejectionLevel" type="Int32" container="StaticArray" arraySize="1">
          <containerEntry>8</containerEntry>
        </property>
        <property name="drawMode" type="Int32" container="StaticArray" arraySize="1">
          <containerEntry>0</containerEntry>
        </property>
        <property name="rejectFarRangeShadowCast" type="Int32" container="StaticArray" arraySize="1">
          <containerEntry>2</containerEntry>
        </property>
        <property name="parentLocator" type="EntityLink" container="StaticArray" arraySize="1">
          <containerEntry packagePathHash="0xB8A0BF169F98" archivePathHash="0xB8A0BF169F98" nameInArchiveHash="0xB8A0BF169F98">0x0</containerEntry>
        </property>
        <property name="transforms" type="Matrix4" container="DynamicArray" arraySize="5">
          <containerEntry r11="0.7071074" r12="0" r13="-0.70710635" r14="0" r21="0" r22="1" r23="0" r24="0" r31="0.70710635" r32="0" r33="0.7071074" r34="0" r41="1170.2283" r42="314.35394" r43="1806.4623" r44="1"></containerEntry>
          <containerEntry r11="-0.7071049" r12="0" r13="-0.7071074" r14="0" r21="0" r22="1" r23="0" r24="0" r31="0.7071074" r32="0" r33="-0.7071049" r34="0" r41="1157.3153" r42="314.80814" r43="1803.2267" r44="1"></containerEntry>
          <containerEntry r11="0.7071074" r12="0" r13="-0.70710635" r14="0" r21="0" r22="1" r23="0" r24="0" r31="0.70710635" r32="0" r33="0.7071074" r34="0" r41="1163.915" r42="314.50363" r43="1821.3586" r44="1"></containerEntry>
          <containerEntry r11="0.7071074" r12="0" r13="-0.70710635" r14="0" r21="0" r22="1" r23="0" r24="0" r31="0.70710635" r32="0" r33="0.7071074" r34="0" r41="1163.0168" r42="314.56342" r43="1822.1398" r44="1"></containerEntry>
          <containerEntry r11="0.7071074" r12="0" r13="-0.70710635" r14="0" r21="0" r22="1" r23="0" r24="0" r31="0.70710635" r32="0" r33="0.7071074" r34="0" r41="1162.1997" r42="314.6365" r43="1822.9906" r44="1"></containerEntry>
        </property>
        <property name="colors" type="UInt32" container="DynamicArray" arraySize="5">
          <containerEntry>4294967295</containerEntry>
          <containerEntry>4294967295</containerEntry>
          <containerEntry>4294967295</containerEntry>
          <containerEntry>4294967295</containerEntry>
          <containerEntry>4294967295</containerEntry>
        </property>
      </staticProperties>
      <dynamicProperties></dynamicProperties>
    </entity>
    <entity class="StaticModelArray" classVersion="4" classID="0xD0" addr="0x33727E0" id="0x0">
      <staticProperties>
        <property name="name" type="String" container="StaticArray" arraySize="1">
          <containerEntry>StaticModelArray0005</containerEntry>
        </property>
        <property name="dataSet" type="EntityHandle" container="StaticArray" arraySize="1">
          <containerEntry>0x33735E0</containerEntry>
        </property>
        <property name="modelFile" type="FilePtr" container="StaticArray" arraySize="1">
          <containerEntry>/Assets/tpp/environ/object/afghanistan/rock/afgh_rock010/scenes/afgh_rock010_vrtn001.fmdl</containerEntry>
        </property>
        <property name="geomFile" type="FilePtr" container="StaticArray" arraySize="1">
          <containerEntry>/Assets/tpp/environ/object/afghanistan/rock/afgh_rock010/scenes/afgh_rock010_vrtn001.geom</containerEntry>
        </property>
        <property name="isVisibleGeom" type="Bool" container="StaticArray" arraySize="1">
          <containerEntry>false</containerEntry>
        </property>
        <property name="lodFarSize" type="Float" container="StaticArray" arraySize="1">
          <containerEntry>-1</containerEntry>
        </property>
        <property name="lodNearSize" type="Float" container="StaticArray" arraySize="1">
          <containerEntry>-1</containerEntry>
        </property>
        <property name="lodPolygonSize" type="Float" container="StaticArray" arraySize="1">
          <containerEntry>-1</containerEntry>
        </property>
        <property name="drawRejectionLevel" type="Int32" container="StaticArray" arraySize="1">
          <containerEntry>8</containerEntry>
        </property>
        <property name="drawMode" type="Int32" container="StaticArray" arraySize="1">
          <containerEntry>0</containerEntry>
        </property>
        <property name="rejectFarRangeShadowCast" type="Int32" container="StaticArray" arraySize="1">
          <containerEntry>2</containerEntry>
        </property>
        <property name="parentLocator" type="EntityLink" container="StaticArray" arraySize="1">
          <containerEntry packagePathHash="0xB8A0BF169F98" archivePathHash="0xB8A0BF169F98" nameInArchiveHash="0xB8A0BF169F98">0x0</containerEntry>
        </property>
        <property name="transforms" type="Matrix4" container="DynamicArray" arraySize="4">
          <containerEntry r11="-0.35850373" r12="-0.6923074" r13="0.6262473" r14="0" r21="-0.2347777" r22="0.71614164" r23="0.6572827" r24="0" r31="-0.90352345" r32="0.0886094" r33="-0.4192778" r34="0" r41="1176.9974" r42="318.12408" r43="1852.9858" r44="1"></containerEntry>
          <containerEntry r11="-0.15440531" r12="0.8653611" r13="-0.4767658" r14="0" r21="0.24486765" r22="0.5010171" r23="0.8300724" r24="0" r31="0.9571809" r32="0.011424392" r33="-0.28925806" r34="0" r41="1194.0751" r42="318.02762" r43="1808.287" r44="1"></containerEntry>
          <containerEntry r11="0.47231573" r12="-0.8612465" r13="-0.18754171" r14="0" r21="-0.59625405" r22="-0.46888787" r23="0.6516322" r24="0" r31="-0.6491522" r32="-0.19595353" r33="-0.7349849" r34="0" r41="1235.9167" r42="312.74026" r43="1916.3019" r44="1"></containerEntry>
          <containerEntry r11="-0.05025217" r12="-0.9464779" r13="0.31882936" r14="0" r21="-0.33180514" r22="0.3169232" r23="0.8885176" r24="0" r31="-0.94200736" r32="-0.06113842" r33="-0.3299719" r34="0" r41="1261.831" r42="314.6144" r43="1889.5009" r44="1"></containerEntry>
        </property>
        <property name="colors" type="UInt32" container="DynamicArray" arraySize="4">
          <containerEntry>4294967295</containerEntry>
          <containerEntry>4294967295</containerEntry>
          <containerEntry>4294967295</containerEntry>
          <containerEntry>4294967295</containerEntry>
        </property>
      </staticProperties>
      <dynamicProperties></dynamicProperties>
    </entity>
    <entity class="StaticModelArray" classVersion="4" classID="0xD0" addr="0x3372850" id="0x0">
      <staticProperties>
        <property name="name" type="String" container="StaticArray" arraySize="1">
          <containerEntry>StaticModelArray0006</containerEntry>
        </property>
        <property name="dataSet" type="EntityHandle" container="StaticArray" arraySize="1">
          <containerEntry>0x33735E0</containerEntry>
        </property>
        <property name="modelFile" type="FilePtr" container="StaticArray" arraySize="1">
          <containerEntry>/Assets/tpp/environ/object/afghanistan/cliff/afgh_clff022/scenes/afgh_clff022_vrtn002.fmdl</containerEntry>
        </property>
        <property name="geomFile" type="FilePtr" container="StaticArray" arraySize="1">
          <containerEntry>/Assets/tpp/environ/object/afghanistan/cliff/afgh_clff022/scenes/afgh_clff022_vrtn002.geom</containerEntry>
        </property>
        <property name="isVisibleGeom" type="Bool" container="StaticArray" arraySize="1">
          <containerEntry>false</containerEntry>
        </property>
        <property name="lodFarSize" type="Float" container="StaticArray" arraySize="1">
          <containerEntry>-1</containerEntry>
        </property>
        <property name="lodNearSize" type="Float" container="StaticArray" arraySize="1">
          <containerEntry>-1</containerEntry>
        </property>
        <property name="lodPolygonSize" type="Float" container="StaticArray" arraySize="1">
          <containerEntry>-1</containerEntry>
        </property>
        <property name="drawRejectionLevel" type="Int32" container="StaticArray" arraySize="1">
          <containerEntry>8</containerEntry>
        </property>
        <property name="drawMode" type="Int32" container="StaticArray" arraySize="1">
          <containerEntry>0</containerEntry>
        </property>
        <property name="rejectFarRangeShadowCast" type="Int32" container="StaticArray" arraySize="1">
          <containerEntry>2</containerEntry>
        </property>
        <property name="parentLocator" type="EntityLink" container="StaticArray" arraySize="1">
          <containerEntry packagePathHash="0xB8A0BF169F98" archivePathHash="0xB8A0BF169F98" nameInArchiveHash="0xB8A0BF169F98">0x0</containerEntry>
        </property>
        <property name="transforms" type="Matrix4" container="DynamicArray" arraySize="2">
          <containerEntry r11="-0.7178966" r12="0" r13="-0.696144" r14="0" r21="0" r22="1" r23="0" r24="0" r31="0.696144" r32="0" r33="-0.7178966" r34="0" r41="1216.5753" r42="325.39563" r43="1909.6124" r44="1"></containerEntry>
          <containerEntry r11="-0.973411" r12="0" r13="-0.22904578" r14="0" r21="0" r22="1" r23="0" r24="0" r31="0.22904578" r32="0" r33="-0.973411" r34="0" r41="1192.6064" r42="323.3443" r43="1891.0529" r44="1"></containerEntry>
        </property>
        <property name="colors" type="UInt32" container="DynamicArray" arraySize="2">
          <containerEntry>4294967295</containerEntry>
          <containerEntry>4294967295</containerEntry>
        </property>
      </staticProperties>
      <dynamicProperties></dynamicProperties>
    </entity>
    <entity class="StaticModelArray" classVersion="4" classID="0xD0" addr="0x33728C0" id="0x0">
      <staticProperties>
        <property name="name" type="String" container="StaticArray" arraySize="1">
          <containerEntry>StaticModelArray0007</containerEntry>
        </property>
        <property name="dataSet" type="EntityHandle" container="StaticArray" arraySize="1">
          <containerEntry>0x33735E0</containerEntry>
        </property>
        <property name="modelFile" type="FilePtr" container="StaticArray" arraySize="1">
          <containerEntry>/Assets/tpp/environ/object/afghanistan/rock/afgh_rock009/scenes/afgh_rock009_rock001.fmdl</containerEntry>
        </property>
        <property name="geomFile" type="FilePtr" container="StaticArray" arraySize="1">
          <containerEntry>/Assets/tpp/environ/object/afghanistan/rock/afgh_rock009/scenes/afgh_rock009_rock001.geom</containerEntry>
        </property>
        <property name="isVisibleGeom" type="Bool" container="StaticArray" arraySize="1">
          <containerEntry>false</containerEntry>
        </property>
        <property name="lodFarSize" type="Float" container="StaticArray" arraySize="1">
          <containerEntry>-1</containerEntry>
        </property>
        <property name="lodNearSize" type="Float" container="StaticArray" arraySize="1">
          <containerEntry>-1</containerEntry>
        </property>
        <property name="lodPolygonSize" type="Float" container="StaticArray" arraySize="1">
          <containerEntry>-1</containerEntry>
        </property>
        <property name="drawRejectionLevel" type="Int32" container="StaticArray" arraySize="1">
          <containerEntry>8</containerEntry>
        </property>
        <property name="drawMode" type="Int32" container="StaticArray" arraySize="1">
          <containerEntry>0</containerEntry>
        </property>
        <property name="rejectFarRangeShadowCast" type="Int32" container="StaticArray" arraySize="1">
          <containerEntry>2</containerEntry>
        </property>
        <property name="parentLocator" type="EntityLink" container="StaticArray" arraySize="1">
          <containerEntry packagePathHash="0xB8A0BF169F98" archivePathHash="0xB8A0BF169F98" nameInArchiveHash="0xB8A0BF169F98">0x0</containerEntry>
        </property>
        <property name="transforms" type="Matrix4" container="DynamicArray" arraySize="5">
          <containerEntry r11="-0.16353118" r12="-0.9751852" r13="0.14923364" r14="0" r21="-0.81041163" r22="0.21905255" r23="0.54336774" r24="0" r31="-0.5625743" r32="-0.032082975" r33="-0.82612336" r34="0" r41="1219.8379" r42="315.055" r43="1897.8264" r44="1"></containerEntry>
          <containerEntry r11="0.57411635" r12="-0.029318407" r13="0.8182494" r14="0" r21="-0.4797551" r22="0.7977867" r23="0.36520132" r24="0" r31="-0.66349584" r32="-0.60222703" r33="0.4439566" r34="0" r41="1222" r42="314.76108" r43="1862" r44="1"></containerEntry>
          <containerEntry r11="-0.410975" r12="-0.9116451" r13="0.0020794421" r14="0" r21="-0.7873159" r22="0.3537739" r23="-0.50495386" r24="0" r31="0.45960277" r32="-0.20916018" r33="-0.86314505" r34="0" r41="1227.1368" r42="312.77396" r43="1899.812" r44="1"></containerEntry>
          <containerEntry r11="0.07369667" r12="-0.9945524" r13="0.07371503" r14="0" r21="0.23690209" r22="0.08925903" r23="0.96742433" r24="0" r31="-0.9687341" r32="-0.05383247" r33="0.24218991" r34="0" r41="1194.1833" r42="319.79596" r43="1816.6318" r44="1"></containerEntry>
          <containerEntry r11="0.5206194" r12="0.8290635" r13="-0.2039825" r14="0" r21="-0.4683538" r22="0.4770794" r23="0.7436663" r24="0" r31="0.71386266" r32="-0.29163098" r33="0.636672" r34="0" r41="1180.1024" r42="314.91034" r43="1798" r44="1"></containerEntry>
        </property>
        <property name="colors" type="UInt32" container="DynamicArray" arraySize="5">
          <containerEntry>4294967295</containerEntry>
          <containerEntry>4294967295</containerEntry>
          <containerEntry>4294967295</containerEntry>
