<fox formatVersion="2" fileVersion="0">
  <entities>
    <entity class="DataSet" classVersion="0" classID="0xE8" addr="0x2F37BE0" id="0x3B9C65">
      <staticProperties>
        <property name="name" type="String" container="StaticArray" arraySize="1">
          <containerEntry hash="0xB8A0BF169F98"></containerEntry>
        </property>
        <property name="dataSet" type="EntityHandle" container="StaticArray" arraySize="1">
          <containerEntry>0x0</containerEntry>
        </property>
        <property name="dataList" type="EntityPtr" container="StringMap" arraySize="17">
          <containerEntry key="mafr_rock011_0045">
            <data>0x2F36D70</data>
          </containerEntry>
          <containerEntry key="mafr_tree031_vrtn009_0004">
            <data>0x2D7B3E0</data>
          </containerEntry>
          <containerEntry key="mafr_tree016_vrtn004_0019">
            <data>0x2D7C1E0</data>
          </containerEntry>
          <containerEntry key="mafr_leaf002_vrtn004_0012">
            <data>0x2D7C3A0</data>
          </containerEntry>
          <containerEntry key="StaticModelArray0000">
            <data>0x2D7E940</data>
          </containerEntry>
          <containerEntry key="StaticModelArray0001">
            <data>0x2D7F0B0</data>
          </containerEntry>
          <containerEntry key="StaticModelArray0002">
            <data>0x2D7E550</data>
          </containerEntry>
          <containerEntry key="StaticModelArray0003">
            <data>0x2D7EEF0</data>
          </containerEntry>
          <containerEntry key="StaticModelArray0004">
            <data>0x2D7E860</data>
          </containerEntry>
          <containerEntry key="StaticModelArray0005">
            <data>0x2D7E9B0</data>
          </containerEntry>
          <containerEntry key="StaticModelArray0006">
            <data>0x2D7A490</data>
          </containerEntry>
          <containerEntry key="StaticModelArray0007">
            <data>0x2D7E630</data>
          </containerEntry>
          <containerEntry key="StaticModelArray0008">
            <data>0x2D7E6A0</data>
          </containerEntry>
          <containerEntry key="StaticModelArray0009">
            <data>0x2D7E710</data>
          </containerEntry>
          <containerEntry key="StaticModelArray0010">
            <data>0x2D7E780</data>
          </containerEntry>
          <containerEntry key="StaticModelArray0011">
            <data>0x2D7E7F0</data>
          </containerEntry>
          <containerEntry key="TexturePackLoadConditioner0000">
            <data>0x2D7F820</data>
          </containerEntry>
        </property>
      </staticProperties>
      <dynamicProperties></dynamicProperties>
    </entity>
    <entity class="StaticModel" classVersion="9" classID="0x160" addr="0x2F36D70" id="0x3B9CAF">
      <staticProperties>
        <property name="name" type="String" container="StaticArray" arraySize="1">
          <containerEntry>mafr_rock011_0045</containerEntry>
        </property>
        <property name="dataSet" type="EntityHandle" container="StaticArray" arraySize="1">
          <containerEntry>0x2F37BE0</containerEntry>
        </property>
        <property name="parent" type="EntityHandle" container="StaticArray" arraySize="1">
          <containerEntry>0x0</containerEntry>
        </property>
        <property name="transform" type="EntityPtr" container="StaticArray" arraySize="1">
          <containerEntry>0x2F36D00</containerEntry>
        </property>
        <property name="shearTransform" type="EntityPtr" container="StaticArray" arraySize="1">
          <containerEntry>0x0</containerEntry>
        </property>
        <property name="pivotTransform" type="EntityPtr" container="StaticArray" arraySize="1">
          <containerEntry>0x0</containerEntry>
        </property>
        <property name="children" type="EntityHandle" container="List"></property>
        <property name="flags" type="UInt32" container="StaticArray" arraySize="1">
          <containerEntry>7</containerEntry>
        </property>
        <property name="modelFile" type="FilePtr" container="StaticArray" arraySize="1">
          <containerEntry>/Assets/tpp/environ/object/middle_africa/rock/mafr_rock011/scenes/mafr_rock011.fmdl</containerEntry>
        </property>
        <property name="geomFile" type="FilePtr" container="StaticArray" arraySize="1">
          <containerEntry>/Assets/tpp/environ/object/middle_africa/rock/mafr_rock011/scenes/mafr_rock011.geom</containerEntry>
        </property>
        <property name="isVisibleGeom" type="Bool" container="StaticArray" arraySize="1">
          <containerEntry>false</containerEntry>
        </property>
        <property name="isIsolated" type="Bool" container="StaticArray" arraySize="1">
          <containerEntry>false</containerEntry>
        </property>
        <property name="lodFarSize" type="Float" container="StaticArray" arraySize="1">
          <containerEntry>-1</containerEntry>
        </property>
        <property name="lodNearSize" type="Float" container="StaticArray" arraySize="1">
          <containerEntry>-1</containerEntry>
        </property>
        <property name="lodPolygonSize" type="Float" container="StaticArray" arraySize="1">
          <containerEntry>-1</containerEntry>
        </property>
        <property name="color" type="Color" container="StaticArray" arraySize="1">
          <containerEntry r="1" g="1" b="1" a="1"></containerEntry>
        </property>
        <property name="drawRejectionLevel" type="Int32" container="StaticArray" arraySize="1">
          <containerEntry>8</containerEntry>
        </property>
        <property name="drawMode" type="Int32" container="StaticArray" arraySize="1">
          <containerEntry>0</containerEntry>
        </property>
        <property name="rejectFarRangeShadowCast" type="Int32" container="StaticArray" arraySize="1">
          <containerEntry>2</containerEntry>
        </property>
      </staticProperties>
      <dynamicProperties></dynamicProperties>
    </entity>
    <entity class="TransformEntity" classVersion="0" classID="0x50" addr="0x2F36D00" id="0x3B9CB2">
      <staticProperties>
        <property name="owner" type="EntityHandle" container="StaticArray" arraySize="1">
          <containerEntry>0x2F36D70</containerEntry>
        </property>
        <property name="transform_scale" type="Vector3" container="StaticArray" arraySize="1">
          <containerEntry x="1" y="1" z="1" w="0"></containerEntry>
        </property>
        <property name="transform_rotation_quat" type="Quat" container="StaticArray" arraySize="1">
          <containerEntry x="0.088078" y="0.667294" z="0.053719" w="0.737615"></containerEntry>
        </property>
        <property name="transform_translation" type="Vector3" container="StaticArray" arraySize="1">
          <containerEntry x="2434.1304" y="87.42477" z="-900.25134" w="0"></containerEntry>
        </property>
      </staticProperties>
      <dynamicProperties></dynamicProperties>
    </entity>
    <entity class="StaticModel" classVersion="9" classID="0x160" addr="0x2D7B3E0" id="0x3B9F3C">
      <staticProperties>
        <property name="name" type="String" container="StaticArray" arraySize="1">
          <containerEntry>mafr_tree031_vrtn009_0004</containerEntry>
        </property>
        <property name="dataSet" type="EntityHandle" container="StaticArray" arraySize="1">
          <containerEntry>0x2F37BE0</containerEntry>
        </property>
        <property name="parent" type="EntityHandle" container="StaticArray" arraySize="1">
          <containerEntry>0x0</containerEntry>
        </property>
        <property name="transform" type="EntityPtr" container="StaticArray" arraySize="1">
          <containerEntry>0x2D7B450</containerEntry>
        </property>
        <property name="shearTransform" type="EntityPtr" container="StaticArray" arraySize="1">
          <containerEntry>0x0</containerEntry>
        </property>
        <property name="pivotTransform" type="EntityPtr" container="StaticArray" arraySize="1">
          <containerEntry>0x0</containerEntry>
        </property>
        <property name="children" type="EntityHandle" container="List"></property>
        <property name="flags" type="UInt32" container="StaticArray" arraySize="1">
          <containerEntry>5</containerEntry>
        </property>
        <property name="modelFile" type="FilePtr" container="StaticArray" arraySize="1">
          <containerEntry>/Assets/tpp/environ/object/middle_africa/tree/mafr_tree031/scenes/mafr_tree031_vrtn009.fmdl</containerEntry>
        </property>
        <property name="geomFile" type="FilePtr" container="StaticArray" arraySize="1">
          <containerEntry>/Assets/tpp/environ/object/middle_africa/tree/mafr_tree031/scenes/mafr_tree031_vrtn009.geom</containerEntry>
        </property>
        <property name="isVisibleGeom" type="Bool" container="StaticArray" arraySize="1">
          <containerEntry>false</containerEntry>
        </property>
        <property name="isIsolated" type="Bool" container="StaticArray" arraySize="1">
          <containerEntry>false</containerEntry>
        </property>
        <property name="lodFarSize" type="Float" container="StaticArray" arraySize="1">
          <containerEntry>-1</containerEntry>
        </property>
        <property name="lodNearSize" type="Float" container="StaticArray" arraySize="1">
          <containerEntry>-1</containerEntry>
        </property>
        <property name="lodPolygonSize" type="Float" container="StaticArray" arraySize="1">
          <containerEntry>-1</containerEntry>
        </property>
        <property name="color" type="Color" container="StaticArray" arraySize="1">
          <containerEntry r="1" g="1" b="1" a="1"></containerEntry>
        </property>
        <property name="drawRejectionLevel" type="Int32" container="StaticArray" arraySize="1">
          <containerEntry>8</containerEntry>
        </property>
        <property name="drawMode" type="Int32" container="StaticArray" arraySize="1">
          <containerEntry>0</containerEntry>
        </property>
        <property name="rejectFarRangeShadowCast" type="Int32" container="StaticArray" arraySize="1">
          <containerEntry>2</containerEntry>
        </property>
      </staticProperties>
      <dynamicProperties></dynamicProperties>
    </entity>
    <entity class="TransformEntity" classVersion="0" classID="0x50" addr="0x2D7B450" id="0x3B9F3F">
      <staticProperties>
        <property name="owner" type="EntityHandle" container="StaticArray" arraySize="1">
          <containerEntry>0x2D7B3E0</containerEntry>
        </property>
        <property name="transform_scale" type="Vector3" container="StaticArray" arraySize="1">
          <containerEntry x="1.39999" y="1.4" z="1.39999" w="0"></containerEntry>
        </property>
        <property name="transform_rotation_quat" type="Quat" container="StaticArray" arraySize="1">
          <containerEntry x="0.008199" y="-0.919722" z="0.064645" w="0.387124"></containerEntry>
        </property>
        <property name="transform_translation" type="Vector3" container="StaticArray" arraySize="1">
          <containerEntry x="2517.793" y="107.32798" z="-1008.37244" w="0"></containerEntry>
        </property>
      </staticProperties>
      <dynamicProperties></dynamicProperties>
    </entity>
    <entity class="StaticModel" classVersion="9" classID="0x160" addr="0x2D7C1E0" id="0x3B9F84">
      <staticProperties>
        <property name="name" type="String" container="StaticArray" arraySize="1">
          <containerEntry>mafr_tree016_vrtn004_0019</containerEntry>
        </property>
        <property name="dataSet" type="EntityHandle" container="StaticArray" arraySize="1">
          <containerEntry>0x2F37BE0</containerEntry>
        </property>
        <property name="parent" type="EntityHandle" container="StaticArray" arraySize="1">
          <containerEntry>0x0</containerEntry>
        </property>
        <property name="transform" type="EntityPtr" container="StaticArray" arraySize="1">
          <containerEntry>0x2D7C250</containerEntry>
        </property>
        <property name="shearTransform" type="EntityPtr" container="StaticArray" arraySize="1">
          <containerEntry>0x0</containerEntry>
        </property>
        <property name="pivotTransform" type="EntityPtr" container="StaticArray" arraySize="1">
          <containerEntry>0x0</containerEntry>
        </property>
        <property name="children" type="EntityHandle" container="List"></property>
        <property name="flags" type="UInt32" container="StaticArray" arraySize="1">
          <containerEntry>7</containerEntry>
        </property>
        <property name="modelFile" type="FilePtr" container="StaticArray" arraySize="1">
          <containerEntry>/Assets/tpp/environ/object/middle_africa/tree/mafr_tree016/scenes/mafr_tree016_vrtn004.fmdl</containerEntry>
        </property>
        <property name="geomFile" type="FilePtr" container="StaticArray" arraySize="1">
          <containerEntry>/Assets/tpp/environ/object/middle_africa/tree/mafr_tree016/scenes/mafr_tree016_vrtn004.geom</containerEntry>
        </property>
        <property name="isVisibleGeom" type="Bool" container="StaticArray" arraySize="1">
          <containerEntry>false</containerEntry>
        </property>
        <property name="isIsolated" type="Bool" container="StaticArray" arraySize="1">
          <containerEntry>false</containerEntry>
        </property>
        <property name="lodFarSize" type="Float" container="StaticArray" arraySize="1">
          <containerEntry>50</containerEntry>
        </property>
        <property name="lodNearSize" type="Float" container="StaticArray" arraySize="1">
          <containerEntry>400</containerEntry>
        </property>
        <property name="lodPolygonSize" type="Float" container="StaticArray" arraySize="1">
          <containerEntry>-1</containerEntry>
        </property>
        <property name="color" type="Color" container="StaticArray" arraySize="1">
          <containerEntry r="1" g="1" b="1" a="1"></containerEntry>
        </property>
        <property name="drawRejectionLevel" type="Int32" container="StaticArray" arraySize="1">
          <containerEntry>8</containerEntry>
        </property>
        <property name="drawMode" type="Int32" container="StaticArray" arraySize="1">
          <containerEntry>0</containerEntry>
        </property>
        <property name="rejectFarRangeShadowCast" type="Int32" container="StaticArray" arraySize="1">
          <containerEntry>2</containerEntry>
        </property>
      </staticProperties>
      <dynamicProperties></dynamicProperties>
    </entity>
    <entity class="TransformEntity" classVersion="0" classID="0x50" addr="0x2D7C250" id="0x3B9F87">
      <staticProperties>
        <property name="owner" type="EntityHandle" container="StaticArray" arraySize="1">
          <containerEntry>0x2D7C1E0</containerEntry>
        </property>
        <property name="transform_scale" type="Vector3" container="StaticArray" arraySize="1">
          <containerEntry x="1" y="1" z="1" w="0"></containerEntry>
        </property>
        <property name="transform_rotation_quat" type="Quat" container="StaticArray" arraySize="1">
          <containerEntry x="-0.137083" y="0.915889" z="0.018404" w="-0.376851"></containerEntry>
        </property>
        <property name="transform_translation" type="Vector3" container="StaticArray" arraySize="1">
          <containerEntry x="2445.4688" y="99.02161" z="-899.0913" w="0"></containerEntry>
        </property>
      </staticProperties>
      <dynamicProperties></dynamicProperties>
    </entity>
    <entity class="StaticModel" classVersion="9" classID="0x160" addr="0x2D7C3A0" id="0x3B9F8D">
      <staticProperties>
        <property name="name" type="String" container="StaticArray" arraySize="1">
          <containerEntry>mafr_leaf002_vrtn004_0012</containerEntry>
        </property>
        <property name="dataSet" type="EntityHandle" container="StaticArray" arraySize="1">
          <containerEntry>0x2F37BE0</containerEntry>
        </property>
        <property name="parent" type="EntityHandle" container="StaticArray" arraySize="1">
          <containerEntry>0x0</containerEntry>
        </property>
        <property name="transform" type="EntityPtr" container="StaticArray" arraySize="1">
          <containerEntry>0x2D7C410</containerEntry>
        </property>
        <property name="shearTransform" type="EntityPtr" container="StaticArray" arraySize="1">
          <containerEntry>0x0</containerEntry>
        </property>
        <property name="pivotTransform" type="EntityPtr" container="StaticArray" arraySize="1">
          <containerEntry>0x0</containerEntry>
        </property>
        <property name="children" type="EntityHandle" container="List"></property>
        <property name="flags" type="UInt32" container="StaticArray" arraySize="1">
          <containerEntry>7</containerEntry>
        </property>
        <property name="modelFile" type="FilePtr" container="StaticArray" arraySize="1">
          <containerEntry>/Assets/tpp/environ/object/middle_africa/leaf/mafr_leaf002/scenes/mafr_leaf002_vrtn004.fmdl</containerEntry>
        </property>
        <property name="geomFile" type="FilePtr" container="StaticArray" arraySize="1">
          <containerEntry>/Assets/tpp/environ/object/middle_africa/leaf/mafr_leaf002/scenes/mafr_leaf002_vrtn004.geom</containerEntry>
        </property>
        <property name="isVisibleGeom" type="Bool" container="StaticArray" arraySize="1">
          <containerEntry>false</containerEntry>
        </property>
        <property name="isIsolated" type="Bool" container="StaticArray" arraySize="1">
          <containerEntry>false</containerEntry>
        </property>
        <property name="lodFarSize" type="Float" container="StaticArray" arraySize="1">
          <containerEntry>-1</containerEntry>
        </property>
        <property name="lodNearSize" type="Float" container="StaticArray" arraySize="1">
          <containerEntry>-1</containerEntry>
        </property>
        <property name="lodPolygonSize" type="Float" container="StaticArray" arraySize="1">
          <containerEntry>-1</containerEntry>
        </property>
        <property name="color" type="Color" container="StaticArray" arraySize="1">
          <containerEntry r="1" g="1" b="1" a="1"></containerEntry>
        </property>
        <property name="drawRejectionLevel" type="Int32" container="StaticArray" arraySize="1">
          <containerEntry>8</containerEntry>
        </property>
        <property name="drawMode" type="Int32" container="StaticArray" arraySize="1">
          <containerEntry>0</containerEntry>
        </property>
        <property name="rejectFarRangeShadowCast" type="Int32" container="StaticArray" arraySize="1">
          <containerEntry>2</containerEntry>
        </property>
      </staticProperties>
      <dynamicProperties></dynamicProperties>
    </entity>
    <entity class="TransformEntity" classVersion="0" classID="0x50" addr="0x2D7C410" id="0x3B9F90">
      <staticProperties>
        <property name="owner" type="EntityHandle" container="StaticArray" arraySize="1">
          <containerEntry>0x2D7C3A0</containerEntry>
        </property>
        <property name="transform_scale" type="Vector3" container="StaticArray" arraySize="1">
          <containerEntry x="1" y="1" z="1" w="0"></containerEntry>
        </property>
        <property name="transform_rotation_quat" type="Quat" container="StaticArray" arraySize="1">
          <containerEntry x="-0.057096" y="-0.468926" z="-0.062256" w="0.879189"></containerEntry>
        </property>
        <property name="transform_translation" type="Vector3" container="StaticArray" arraySize="1">
          <containerEntry x="2511.103" y="103.169525" z="-909.121" w="0"></containerEntry>
        </property>
      </staticProperties>
      <dynamicProperties></dynamicProperties>
    </entity>
    <entity class="StaticModelArray" classVersion="4" classID="0xD0" addr="0x2D7E940" id="0x0">
      <staticProperties>
        <property name="name" type="String" container="StaticArray" arraySize="1">
          <containerEntry>StaticModelArray0000</containerEntry>
        </property>
        <property name="dataSet" type="EntityHandle" container="StaticArray" arraySize="1">
          <containerEntry>0x2F37BE0</containerEntry>
        </property>
        <property name="modelFile" type="FilePtr" container="StaticArray" arraySize="1">
          <containerEntry>/Assets/tpp/environ/object/middle_africa/rock/mafr_rock012/scenes/mafr_rock012.fmdl</containerEntry>
        </property>
        <property name="geomFile" type="FilePtr" container="StaticArray" arraySize="1">
          <containerEntry>/Assets/tpp/environ/object/middle_africa/rock/mafr_rock012/scenes/mafr_rock012.geom</containerEntry>
        </property>
        <property name="isVisibleGeom" type="Bool" container="StaticArray" arraySize="1">
          <containerEntry>false</containerEntry>
        </property>
        <property name="lodFarSize" type="Float" container="StaticArray" arraySize="1">
          <containerEntry>-1</containerEntry>
        </property>
        <property name="lodNearSize" type="Float" container="StaticArray" arraySize="1">
          <containerEntry>-1</containerEntry>
        </property>
        <property name="lodPolygonSize" type="Float" container="StaticArray" arraySize="1">
          <containerEntry>-1</containerEntry>
        </property>
        <property name="drawRejectionLevel" type="Int32" container="StaticArray" arraySize="1">
          <containerEntry>2</containerEntry>
        </property>
        <property name="drawMode" type="Int32" container="StaticArray" arraySize="1">
          <containerEntry>0</containerEntry>
        </property>
        <property name="rejectFarRangeShadowCast" type="Int32" container="StaticArray" arraySize="1">
          <containerEntry>2</containerEntry>
        </property>
        <property name="parentLocator" type="EntityLink" container="StaticArray" arraySize="1">
          <containerEntry packagePathHash="0xB8A0BF169F98" archivePathHash="0xB8A0BF169F98" nameInArchiveHash="0xB8A0BF169F98">0x0</containerEntry>
        </property>
        <property name="transforms" type="Matrix4" container="DynamicArray" arraySize="19">
          <containerEntry r11="0.6945796" r12="-0.46877894" r13="0.5457158" r14="0" r21="-0.46024838" r22="-0.87256" r23="-0.16374484" r24="0" r31="0.5529294" r32="-0.13743085" r33="-0.82181734" r34="0" r41="2543.0457" r42="102.20968" r43="-937.69604" r44="1"></containerEntry>
          <containerEntry r11="0.50324214" r12="-0.4241849" r13="0.75287116" r14="0" r21="-0.21518321" r22="-0.9053001" r23="-0.36623147" r24="0" r31="0.83692527" r32="0.022298068" r33="-0.54686403" r34="0" r41="2477.016" r42="113.793686" r43="-921.94037" r44="1"></containerEntry>
          <containerEntry r11="0.5624605" r12="0.14779235" r13="-0.8135083" r14="0" r21="-0.0772696" r22="0.9889848" r23="0.1262474" r24="0" r31="0.8232057" r32="-0.008149728" r33="0.5676847" r34="0" r41="2478.779" r42="116.95807" r43="-935.5524" r44="1"></containerEntry>
          <containerEntry r11="0.99821657" r12="0.05889454" r13="0.009756633" r14="0" r21="-0.05952776" r22="0.99430496" r23="0.08839745" r24="0" r31="-0.0044949437" r32="-0.088820584" r33="0.9960375" r34="0" r41="2477.442" r42="114.50307" r43="-924.7396" r44="1"></containerEntry>
          <containerEntry r11="0.1892024" r12="0.17084128" r13="0.9669615" r14="0" r21="0.0041113496" r22="0.98460203" r23="-0.17476231" r24="0" r31="-0.98192894" r32="0.037040874" r33="0.18558669" r34="0" r41="2474.7463" r42="116.952255" r43="-946.516" r44="1"></containerEntry>
          <containerEntry r11="0.86660576" r12="0.15814167" r13="0.4732713" r14="0" r21="-0.113616586" r22="0.9860737" r23="-0.121449515" r24="0" r31="-0.48588663" r32="0.051477402" r33="0.87250465" r34="0" r41="2535.8286" r42="92.251625" r43="-905.97955" r44="1"></containerEntry>
          <containerEntry r11="-0.6729884" r12="-0.17300521" r13="0.71913594" r14="0" r21="-0.107021496" r22="-0.93925333" r23="-0.32611364" r24="0" r31="0.7318693" r32="-0.2964334" r33="0.6135913" r34="0" r41="2534.2046" r42="93.901375" r43="-908.36804" r44="1"></containerEntry>
          <containerEntry r11="0.9727274" r12="0.025160078" r13="-0.23058279" r14="0" r21="-0.014862216" r22="0.99881756" r23="0.046288997" r24="0" r31="0.23147477" r32="-0.0415996" r33="0.9719511" r34="0" r41="2547.3264" r42="92.902" r43="-910.27313" r44="1"></containerEntry>
          <containerEntry r11="0.8047576" r12="0.16827697" r13="0.5692524" r14="0" r21="-0.34185225" r22="0.9153695" r23="0.21268716" r24="0" r31="-0.4852859" r32="-0.36576173" r33="0.7941764" r34="0" r41="2438.4248" r42="106.73937" r43="-962.59143" r44="1"></containerEntry>
          <containerEntry r11="-0.12214023" r12="-0.11866535" r13="0.9853936" r14="0" r21="0.089175135" r22="0.98749936" r23="0.12997225" r24="0" r31="-0.98849875" r32="0.10374742" r33="-0.110031426" r34="0" r41="2519.454" r42="103.07867" r43="-923.29736" r44="1"></containerEntry>
          <containerEntry r11="-0.41797593" r12="-0.061647188" r13="0.5581182" r14="0" r21="-0.11866493" r22="-0.6703568" r23="-0.16291295" r24="0" r31="0.5488305" r32="-0.19188961" r33="0.38982493" r34="0" r41="2534.667" r42="95.64141" r43="-916.2015" r44="1"></containerEntry>
          <containerEntry r11="-0.18398479" r12="0.39490846" r13="-0.9001105" r14="0" r21="-0.25312698" r22="0.8658203" r23="0.43160394" r24="0" r31="0.9497771" r32="0.30725047" r33="-0.05933571" r34="0" r41="2435.3308" r42="99.1747" r43="-943.7396" r44="1"></containerEntry>
          <containerEntry r11="-0.9480802" r12="-0.3106319" r13="0.06823147" r14="0" r21="-0.31795996" r22="0.9305202" r23="-0.18176816" r24="0" r31="-0.0070277276" r32="-0.1940249" r33="-0.98097223" r34="0" r41="2439.1567" r42="103.75866" r43="-924.2828" r44="1"></containerEntry>
          <containerEntry r11="0.8740161" r12="0.25345272" r13="0.41456407" r14="0" r21="-0.19903868" r22="0.9650707" r23="-0.170388" r24="0" r31="-0.44326726" r32="0.066407196" r33="0.89393073" r34="0" r41="2457.1262" r42="112.09369" r43="-944.9963" r44="1"></containerEntry>
          <containerEntry r11="-0.7981064" r12="-0.05404574" r13="-0.6000992" r14="0" r21="-0.03882378" r22="0.9985191" r23="-0.038294155" r24="0" r31="0.601276" r32="-0.007264588" r33="-0.7990171" r34="0" r41="2465.0156" r42="115.80536" r43="-936.5376" r44="1"></containerEntry>
          <containerEntry r11="-0.13899413" r12="-0.13388114" r13="0.6728717" r14="0" r21="-0.1392978" r22="-0.66673434" r23="-0.16143459" r24="0" r31="0.6717712" r32="-0.16595435" r33="0.10574715" r34="0" r41="2545.1643" r42="92.20229" r43="-906.2363" r44="1"></containerEntry>
          <containerEntry r11="-0.97844774" r12="0.13835897" r13="-0.15328361" r14="0" r21="-0.12000622" r22="-0.98510385" r23="-0.12315825" r24="0" r31="-0.16804041" r32="-0.10210897" r33="0.9804775" r34="0" r41="2528.2864" r42="98.38074" r43="-899.15344" r44="1"></containerEntry>
          <containerEntry r11="0.29982963" r12="-0.34038866" r13="0.8912006" r14="0" r21="-0.024964169" r22="0.93105984" r23="0.36401162" r24="0" r31="-0.9536665" r32="-0.13138968" r33="0.27066177" r34="0" r41="2495.1794" r42="120.16612" r43="-953.16394" r44="1"></containerEntry>
          <containerEntry r11="0.89614993" r12="-0.43893972" r13="-0.065170266" r14="0" r21="0.3829576" r22="0.69079685" r23="0.61330503" r24="0" r31="-0.2241846" r32="-0.5745707" r33="0.7871529" r34="0" r41="2492.565" r42="117.33737" r43="-945.77466" r44="1"></containerEntry>
        </property>
        <property name="colors" type="UInt32" container="DynamicArray" arraySize="19">
          <containerEntry>4294967295</containerEntry>
          <containerEntry>4294967295</containerEntry>
          <containerEntry>4294967295</containerEntry>
          <containerEntry>4294967295</containerEntry>
          <containerEntry>4294967295</containerEntry>
          <containerEntry>4294967295</containerEntry>
          <containerEntry>4294967295</containerEntry>
          <containerEntry>4294967295</containerEntry>
          <containerEntry>4294967295</containerEntry>
          <containerEntry>4294967295</containerEntry>
          <containerEntry>4294967295</containerEntry>
          <containerEntry>4294967295</containerEntry>
          <containerEntry>4294967295</containerEntry>
          <containerEntry>4294967295</containerEntry>
          <containerEntry>4294967295</containerEntry>
          <containerEntry>4294967295</containerEntry>
          <containerEntry>4294967295</containerEntry>
          <containerEntry>4294967295</containerEntry>
          <containerEntry>4294967295</containerEntry>
        </property>
      </staticProperties>
      <dynamicProperties></dynamicProperties>
    </entity>
    <entity class="StaticModelArray" classVersion="4" classID="0xD0" addr="0x2D7F0B0" id="0x0">
      <staticProperties>
        <property name="name" type="String" container="StaticArray" arraySize="1">
          <containerEntry>StaticModelArray0001</containerEntry>
        </property>
        <property name="dataSet" type="EntityHandle" container="StaticArray" arraySize="1">
          <containerEntry>0x2F37BE0</containerEntry>
        </property>
        <property name="modelFile" type="FilePtr" container="StaticArray" arraySize="1">
          <containerEntry>/Assets/tpp/environ/object/middle_africa/rock/mafr_rock009/scenes/mafr_rock009.fmdl</containerEntry>
        </property>
        <property name="geomFile" type="FilePtr" container="StaticArray" arraySize="1">
          <containerEntry>/Assets/tpp/environ/object/middle_africa/rock/mafr_rock009/scenes/mafr_rock009.geom</containerEntry>
        </property>
        <property name="isVisibleGeom" type="Bool" container="StaticArray" arraySize="1">
          <containerEntry>false</containerEntry>
        </property>
        <property name="lodFarSize" type="Float" container="StaticArray" arraySize="1">
          <containerEntry>-1</containerEntry>
        </property>
        <property name="lodNearSize" type="Float" container="StaticArray" arraySize="1">
          <containerEntry>-1</containerEntry>
        </property>
        <property name="lodPolygonSize" type="Float" container="StaticArray" arraySize="1">
          <containerEntry>-1</containerEntry>
        </property>
        <property name="drawRejectionLevel" type="Int32" container="StaticArray" arraySize="1">
          <containerEntry>5</containerEntry>
        </property>
        <property name="drawMode" type="Int32" container="StaticArray" arraySize="1">
          <containerEntry>0</containerEntry>
        </property>
        <property name="rejectFarRangeShadowCast" type="Int32" container="StaticArray" arraySize="1">
          <containerEntry>2</containerEntry>
        </property>
        <property name="parentLocator" type="EntityLink" container="StaticArray" arraySize="1">
          <containerEntry packagePathHash="0xB8A0BF169F98" archivePathHash="0xB8A0BF169F98" nameInArchiveHash="0xB8A0BF169F98">0x0</containerEntry>
        </property>
        <property name="transforms" type="Matrix4" container="DynamicArray" arraySize="5">
          <containerEntry r11="-0.5326599" r12="-0.16337626" r13="-0.8304145" r14="0" r21="-0.16634212" r22="0.98226213" r23="-0.08655294" r24="0" r31="0.82982534" r32="0.09202963" r33="-0.55038804" r34="0" r41="2455.0327" r42="100.61237" r43="-920.4698" r44="1"></containerEntry>
          <containerEntry r11="0.61784047" r12="-0.3560312" r13="-0.7010801" r14="0" r21="0.11084383" r22="0.92214906" r23="-0.37061414" r24="0" r31="0.77845055" r32="0.15127015" r33="0.6092049" r34="0" r41="2528.1843" r42="98.71565" r43="-927.05194" r44="1"></containerEntry>
          <containerEntry r11="-0.38861847" r12="0.0017809087" r13="0.9213954" r14="0" r21="-0.49436325" r22="0.84347314" r23="-0.2101385" r24="0" r31="-0.7775466" r32="-0.5371675" r33="-0.3269089" r34="0" r41="2525.062" r42="82.25145" r43="-903.1561" r44="1"></containerEntry>
          <containerEntry r11="0.6043373" r12="0.05460428" r13="-0.79485106" r14="0" r21="-0.0643126" r22="0.9977354" r23="0.019644093" r24="0" r31="0.79412526" r32="0.039247412" r33="0.6064816" r34="0" r41="2507.597" r42="101.36807" r43="-924.6734" r44="1"></containerEntry>
          <containerEntry r11="1" r12="0" r13="0" r14="0" r21="0" r22="1" r23="0" r24="0" r31="0" r32="0" r33="1" r34="0" r41="2471.4426" r42="98.76152" r43="-895.58624" r44="1"></containerEntry>
        </property>
        <property name="colors" type="UInt32" container="DynamicArray" arraySize="5">
          <containerEntry>4294967295</containerEntry>
          <containerEntry>4294967295</containerEntry>
          <containerEntry>4294967295</containerEntry>
          <containerEntry>4294967295</containerEntry>
          <containerEntry>4294967295</containerEntry>
        </property>
      </staticProperties>
      <dynamicProperties></dynamicProperties>
    </entity>
    <entity class="StaticModelArray" classVersion="4" classID="0xD0" addr="0x2D7E550" id="0x0">
      <staticProperties>
        <property name="name" type="String" container="StaticArray" arraySize="1">
          <containerEntry>StaticModelArray0002</containerEntry>
        </property>
        <property name="dataSet" type="EntityHandle" container="StaticArray" arraySize="1">
          <containerEntry>0x2F37BE0</containerEntry>
        </property>
        <property name="modelFile" type="FilePtr" container="StaticArray" arraySize="1">
          <containerEntry>/Assets/tpp/environ/object/middle_africa/cliff/mafr_clff027/scenes/mafr_clff027_rock001.fmdl</containerEntry>
        </property>
        <property name="geomFile" type="FilePtr" container="StaticArray" arraySize="1">
          <containerEntry>/Assets/tpp/environ/object/middle_africa/cliff/mafr_clff027/scenes/mafr_clff027_rock001.geom</containerEntry>
        </property>
        <property name="isVisibleGeom" type="Bool" container="StaticArray" arraySize="1">
          <containerEntry>false</containerEntry>
        </property>
        <property name="lodFarSize" type="Float" container="StaticArray" arraySize="1">
          <containerEntry>-1</containerEntry>
        </property>
        <property name="lodNearSize" type="Float" container="StaticArray" arraySize="1">
          <containerEntry>-1</containerEntry>
        </property>
        <property name="lodPolygonSize" type="Float" container="StaticArray" arraySize="1">
          <containerEntry>-1</containerEntry>
        </property>
        <property name="drawRejectionLevel" type="Int32" container="StaticArray" arraySize="1">
          <containerEntry>8</containerEntry>
        </property>
        <property name="drawMode" type="Int32" container="StaticArray" arraySize="1">
          <containerEntry>0</containerEntry>
        </property>
        <property name="rejectFarRangeShadowCast" type="Int32" container="StaticArray" arraySize="1">
          <containerEntry>2</containerEntry>
        </property>
        <property name="parentLocator" type="EntityLink" container="StaticArray" arraySize="1">
          <containerEntry packagePathHash="0xB8A0BF169F98" archivePathHash="0xB8A0BF169F98" nameInArchiveHash="0xB8A0BF169F98">0x0</containerEntry>
        </property>
        <property name="transforms" type="Matrix4" container="DynamicArray" arraySize="2">
          <containerEntry r11="0.9598238" r12="0.23134802" r13="0.15879644" r14="0" r21="-0.20727555" r22="0.9660043" r23="-0.15450698" r24="0" r31="-0.18914296" r32="0.11538484" r33="0.9751468" r34="0" r41="2465.4404" r42="105.13578" r43="-971.11224" r44="1"></containerEntry>
          <containerEntry r11="0.9572233" r12="-0.117530555" r13="-0.26440537" r14="0" r21="0.12186739" r22="0.9925464" r23="-8.419156e-07" r24="0" r31="0.26243472" r32="-0.032221556" r33="0.9644117" r34="0" r41="2533.012" r42="108.49142" r43="-968.2812" r44="1"></containerEntry>
        </property>
        <property name="colors" type="UInt32" container="DynamicArray" arraySize="2">
          <containerEntry>4294967295</containerEntry>
          <containerEntry>4294967295</containerEntry>
        </property>
      </staticProperties>
      <dynamicProperties></dynamicProperties>
    </entity>
    <entity class="StaticModelArray" classVersion="4" classID="0xD0" addr="0x2D7EEF0" id="0x0">
      <staticProperties>
        <property name="name" type="String" container="StaticArray" arraySize="1">
          <containerEntry>StaticModelArray0003</containerEntry>
        </property>
        <property name="dataSet" type="EntityHandle" container="StaticArray" arraySize="1">
          <containerEntry>0x2F37BE0</containerEntry>
        </property>
        <property name="modelFile" type="FilePtr" container="StaticArray" arraySize="1">
          <containerEntry>/Assets/tpp/environ/object/middle_africa/rock/mafr_rock010/scenes/mafr_rock010.fmdl</containerEntry>
        </property>
        <property name="geomFile" type="FilePtr" container="StaticArray" arraySize="1">
          <containerEntry>/Assets/tpp/environ/object/middle_africa/rock/mafr_rock010/scenes/mafr_rock010.geom</containerEntry>
        </property>
        <property name="isVisibleGeom" type="Bool" container="StaticArray" arraySize="1">
          <containerEntry>false</containerEntry>
        </property>
        <property name="lodFarSize" type="Float" container="StaticArray" arraySize="1">
          <containerEntry>-1</containerEntry>
        </property>
        <property name="lodNearSize" type="Float" container="StaticArray" arraySize="1">
          <containerEntry>-1</containerEntry>
        </property>
        <property name="lodPolygonSize" type="Float" container="StaticArray" arraySize="1">
          <containerEntry>-1</containerEntry>
        </property>
        <property name="drawRejectionLevel" type="Int32" container="StaticArray" arraySize="1">
          <containerEntry>3</containerEntry>
        </property>
        <property name="drawMode" type="Int32" container="StaticArray" arraySize="1">
          <containerEntry>0</containerEntry>
        </property>
        <property name="rejectFarRangeShadowCast" type="Int32" container="StaticArray" arraySize="1">
          <containerEntry>2</containerEntry>
        </property>
        <property name="parentLocator" type="EntityLink" container="StaticArray" arraySize="1">
          <containerEntry packagePathHash="0xB8A0BF169F98" archivePathHash="0xB8A0BF169F98" nameInArchiveHash="0xB8A0BF169F98">0x0</containerEntry>
        </property>
        <property name="transforms" type="Matrix4" container="DynamicArray" arraySize="11">
          <containerEntry r11="0.989463" r12="-0.14204937" r13="-0.028016336" r14="0" r21="0.14445007" r22="0.9553402" r23="0.25779685" r24="0" r31="-0.009854774" r32="-0.2591274" r33="0.96579283" r34="0" r41="2500.5808" r42="113.801765" r43="-942.8729" r44="1"></containerEntry>
          <containerEntry r11="0.8014943" r12="-0.1718061" r13="0.5727909" r14="0" r21="0.1734108" r22="0.98345816" r23="0.052333813" r24="0" r31="-0.57230717" r32="0.0573829" r33="0.81802917" r34="0" r41="2516.9646" r42="101.81219" r43="-901.0572" r44="1"></containerEntry>
          <containerEntry r11="0.53983706" r12="-0.39321184" r13="0.74428517" r14="0" r21="0.2717275" r22="0.91825867" r23="0.2880369" r24="0" r31="-0.7967058" r32="0.046749733" r33="0.60255647" r34="0" r41="2518.2905" r42="107.371475" r43="-937.6495" r44="1"></containerEntry>
          <containerEntry r11="0.19277214" r12="0.07788485" r13="0.978148" r14="0" r21="-0.6747357" r22="0.73428905" r23="0.07450867" r24="0" r31="-0.7124404" r32="-0.6743544" r33="0.19410205" r34="0" r41="2435.9424" r42="93.48352" r43="-916.9468" r44="1"></containerEntry>
