<fox formatVersion="2" fileVersion="0">
  <entities>
    <entity class="DataSet" classVersion="0" classID="0xE8" addr="0x2F03FF0" id="0x3F8F2">
      <staticProperties>
        <property name="name" type="String" container="StaticArray" arraySize="1">
          <containerEntry hash="0xB8A0BF169F98"></containerEntry>
        </property>
        <property name="dataSet" type="EntityHandle" container="StaticArray" arraySize="1">
          <containerEntry>0x0</containerEntry>
        </property>
        <property name="dataList" type="EntityPtr" container="StringMap" arraySize="17">
          <containerEntry key="afgh_clff024_0001">
            <data>0x2F05950</data>
          </containerEntry>
          <containerEntry key="afgh_clff022_vrtn003_0002">
            <data>0x2F05720</data>
          </containerEntry>
          <containerEntry key="afgh_clff007_0001">
            <data>0x2D7FCF0</data>
          </containerEntry>
          <containerEntry key="afgh_rbbl006_0000">
            <data>0x2D7B680</data>
          </containerEntry>
          <containerEntry key="StaticModelArray0000">
            <data>0x2F00240</data>
          </containerEntry>
          <containerEntry key="StaticModelArray0001">
            <data>0x2F002B0</data>
          </containerEntry>
          <containerEntry key="StaticModelArray0002">
            <data>0x2F00320</data>
          </containerEntry>
          <containerEntry key="StaticModelArray0003">
            <data>0x2F00400</data>
          </containerEntry>
          <containerEntry key="StaticModelArray0004">
            <data>0x2F00390</data>
          </containerEntry>
          <containerEntry key="StaticModelArray0005">
            <data>0x2D7F040</data>
          </containerEntry>
          <containerEntry key="StaticModelArray0006">
            <data>0x2D7F0B0</data>
          </containerEntry>
          <containerEntry key="StaticModelArray0007">
            <data>0x2D7F120</data>
          </containerEntry>
          <containerEntry key="StaticModelArray0008">
            <data>0x2D7F190</data>
          </containerEntry>
          <containerEntry key="StaticModelArray0009">
            <data>0x2D7F200</data>
          </containerEntry>
          <containerEntry key="StaticModelArray0010">
            <data>0x2D7F270</data>
          </containerEntry>
          <containerEntry key="StaticModelArray0011">
            <data>0x2D7F2E0</data>
          </containerEntry>
          <containerEntry key="TexturePackLoadConditioner0000">
            <data>0x2F00630</data>
          </containerEntry>
        </property>
      </staticProperties>
      <dynamicProperties></dynamicProperties>
    </entity>
    <entity class="StaticModel" classVersion="9" classID="0x160" addr="0x2F05950" id="0x3F919">
      <staticProperties>
        <property name="name" type="String" container="StaticArray" arraySize="1">
          <containerEntry>afgh_clff024_0001</containerEntry>
        </property>
        <property name="dataSet" type="EntityHandle" container="StaticArray" arraySize="1">
          <containerEntry>0x2F03FF0</containerEntry>
        </property>
        <property name="parent" type="EntityHandle" container="StaticArray" arraySize="1">
          <containerEntry>0x0</containerEntry>
        </property>
        <property name="transform" type="EntityPtr" container="StaticArray" arraySize="1">
          <containerEntry>0x2F058E0</containerEntry>
        </property>
        <property name="shearTransform" type="EntityPtr" container="StaticArray" arraySize="1">
          <containerEntry>0x0</containerEntry>
        </property>
        <property name="pivotTransform" type="EntityPtr" container="StaticArray" arraySize="1">
          <containerEntry>0x0</containerEntry>
        </property>
        <property name="children" type="EntityHandle" container="List"></property>
        <property name="flags" type="UInt32" container="StaticArray" arraySize="1">
          <containerEntry>7</containerEntry>
        </property>
        <property name="modelFile" type="FilePtr" container="StaticArray" arraySize="1">
          <containerEntry>/Assets/tpp/environ/object/afghanistan/cliff/afgh_clff024/scenes/afgh_clff024.fmdl</containerEntry>
        </property>
        <property name="geomFile" type="FilePtr" container="StaticArray" arraySize="1">
          <containerEntry>/Assets/tpp/environ/object/afghanistan/cliff/afgh_clff024/scenes/afgh_clff024.geom</containerEntry>
        </property>
        <property name="isVisibleGeom" type="Bool" container="StaticArray" arraySize="1">
          <containerEntry>false</containerEntry>
        </property>
        <property name="isIsolated" type="Bool" container="StaticArray" arraySize="1">
          <containerEntry>false</containerEntry>
        </property>
        <property name="lodFarSize" type="Float" container="StaticArray" arraySize="1">
          <containerEntry>-1</containerEntry>
        </property>
        <property name="lodNearSize" type="Float" container="StaticArray" arraySize="1">
          <containerEntry>-1</containerEntry>
        </property>
        <property name="lodPolygonSize" type="Float" container="StaticArray" arraySize="1">
          <containerEntry>-1</containerEntry>
        </property>
        <property name="color" type="Color" container="StaticArray" arraySize="1">
          <containerEntry r="1" g="1" b="1" a="1"></containerEntry>
        </property>
        <property name="drawRejectionLevel" type="Int32" container="StaticArray" arraySize="1">
          <containerEntry>8</containerEntry>
        </property>
        <property name="drawMode" type="Int32" container="StaticArray" arraySize="1">
          <containerEntry>0</containerEntry>
        </property>
        <property name="rejectFarRangeShadowCast" type="Int32" container="StaticArray" arraySize="1">
          <containerEntry>2</containerEntry>
        </property>
      </staticProperties>
      <dynamicProperties></dynamicProperties>
    </entity>
    <entity class="TransformEntity" classVersion="0" classID="0x50" addr="0x2F058E0" id="0x3F91C">
      <staticProperties>
        <property name="owner" type="EntityHandle" container="StaticArray" arraySize="1">
          <containerEntry>0x2F05950</containerEntry>
        </property>
        <property name="transform_scale" type="Vector3" container="StaticArray" arraySize="1">
          <containerEntry x="1" y="1" z="1" w="0"></containerEntry>
        </property>
        <property name="transform_rotation_quat" type="Quat" container="StaticArray" arraySize="1">
          <containerEntry x="-0.061843" y="-0.94019" z="-0.11947" w="0.312962"></containerEntry>
        </property>
        <property name="transform_translation" type="Vector3" container="StaticArray" arraySize="1">
          <containerEntry x="-1549.0558" y="486.96017" z="-1546.2362" w="0"></containerEntry>
        </property>
      </staticProperties>
      <dynamicProperties></dynamicProperties>
    </entity>
    <entity class="StaticModel" classVersion="9" classID="0x160" addr="0x2F05720" id="0x3F922">
      <staticProperties>
        <property name="name" type="String" container="StaticArray" arraySize="1">
          <containerEntry>afgh_clff022_vrtn003_0002</containerEntry>
        </property>
        <property name="dataSet" type="EntityHandle" container="StaticArray" arraySize="1">
          <containerEntry>0x2F03FF0</containerEntry>
        </property>
        <property name="parent" type="EntityHandle" container="StaticArray" arraySize="1">
          <containerEntry>0x0</containerEntry>
        </property>
        <property name="transform" type="EntityPtr" container="StaticArray" arraySize="1">
          <containerEntry>0x2F056B0</containerEntry>
        </property>
        <property name="shearTransform" type="EntityPtr" container="StaticArray" arraySize="1">
          <containerEntry>0x0</containerEntry>
        </property>
        <property name="pivotTransform" type="EntityPtr" container="StaticArray" arraySize="1">
          <containerEntry>0x0</containerEntry>
        </property>
        <property name="children" type="EntityHandle" container="List"></property>
        <property name="flags" type="UInt32" container="StaticArray" arraySize="1">
          <containerEntry>7</containerEntry>
        </property>
        <property name="modelFile" type="FilePtr" container="StaticArray" arraySize="1">
          <containerEntry>/Assets/tpp/environ/object/afghanistan/cliff/afgh_clff022/scenes/afgh_clff022_vrtn003.fmdl</containerEntry>
        </property>
        <property name="geomFile" type="FilePtr" container="StaticArray" arraySize="1">
          <containerEntry>/Assets/tpp/environ/object/afghanistan/cliff/afgh_clff022/scenes/afgh_clff022_vrtn003.geom</containerEntry>
        </property>
        <property name="isVisibleGeom" type="Bool" container="StaticArray" arraySize="1">
          <containerEntry>false</containerEntry>
        </property>
        <property name="isIsolated" type="Bool" container="StaticArray" arraySize="1">
          <containerEntry>false</containerEntry>
        </property>
        <property name="lodFarSize" type="Float" container="StaticArray" arraySize="1">
          <containerEntry>-1</containerEntry>
        </property>
        <property name="lodNearSize" type="Float" container="StaticArray" arraySize="1">
          <containerEntry>-1</containerEntry>
        </property>
        <property name="lodPolygonSize" type="Float" container="StaticArray" arraySize="1">
          <containerEntry>-1</containerEntry>
        </property>
        <property name="color" type="Color" container="StaticArray" arraySize="1">
          <containerEntry r="1" g="1" b="1" a="1"></containerEntry>
        </property>
        <property name="drawRejectionLevel" type="Int32" container="StaticArray" arraySize="1">
          <containerEntry>8</containerEntry>
        </property>
        <property name="drawMode" type="Int32" container="StaticArray" arraySize="1">
          <containerEntry>0</containerEntry>
        </property>
        <property name="rejectFarRangeShadowCast" type="Int32" container="StaticArray" arraySize="1">
          <containerEntry>2</containerEntry>
        </property>
      </staticProperties>
      <dynamicProperties></dynamicProperties>
    </entity>
    <entity class="TransformEntity" classVersion="0" classID="0x50" addr="0x2F056B0" id="0x3F925">
      <staticProperties>
        <property name="owner" type="EntityHandle" container="StaticArray" arraySize="1">
          <containerEntry>0x2F05720</containerEntry>
        </property>
        <property name="transform_scale" type="Vector3" container="StaticArray" arraySize="1">
          <containerEntry x="1" y="1" z="1" w="0"></containerEntry>
        </property>
        <property name="transform_rotation_quat" type="Quat" container="StaticArray" arraySize="1">
          <containerEntry x="0" y="0.353539" z="0" w="0.93542"></containerEntry>
        </property>
        <property name="transform_translation" type="Vector3" container="StaticArray" arraySize="1">
          <containerEntry x="-1561.2177" y="466.95154" z="-1616.8529" w="0"></containerEntry>
        </property>
      </staticProperties>
      <dynamicProperties></dynamicProperties>
    </entity>
    <entity class="StaticModel" classVersion="9" classID="0x160" addr="0x2D7FCF0" id="0x3F958">
      <staticProperties>
        <property name="name" type="String" container="StaticArray" arraySize="1">
          <containerEntry>afgh_clff007_0001</containerEntry>
        </property>
        <property name="dataSet" type="EntityHandle" container="StaticArray" arraySize="1">
          <containerEntry>0x2F03FF0</containerEntry>
        </property>
        <property name="parent" type="EntityHandle" container="StaticArray" arraySize="1">
          <containerEntry>0x0</containerEntry>
        </property>
        <property name="transform" type="EntityPtr" container="StaticArray" arraySize="1">
          <containerEntry>0x2D7FC80</containerEntry>
        </property>
        <property name="shearTransform" type="EntityPtr" container="StaticArray" arraySize="1">
          <containerEntry>0x0</containerEntry>
        </property>
        <property name="pivotTransform" type="EntityPtr" container="StaticArray" arraySize="1">
          <containerEntry>0x0</containerEntry>
        </property>
        <property name="children" type="EntityHandle" container="List"></property>
        <property name="flags" type="UInt32" container="StaticArray" arraySize="1">
          <containerEntry>7</containerEntry>
        </property>
        <property name="modelFile" type="FilePtr" container="StaticArray" arraySize="1">
          <containerEntry>/Assets/tpp/environ/object/afghanistan/cliff/afgh_clff007/scenes/afgh_clff007.fmdl</containerEntry>
        </property>
        <property name="geomFile" type="FilePtr" container="StaticArray" arraySize="1">
          <containerEntry>/Assets/tpp/environ/object/afghanistan/cliff/afgh_clff007/scenes/afgh_clff007.geom</containerEntry>
        </property>
        <property name="isVisibleGeom" type="Bool" container="StaticArray" arraySize="1">
          <containerEntry>false</containerEntry>
        </property>
        <property name="isIsolated" type="Bool" container="StaticArray" arraySize="1">
          <containerEntry>false</containerEntry>
        </property>
        <property name="lodFarSize" type="Float" container="StaticArray" arraySize="1">
          <containerEntry>-1</containerEntry>
        </property>
        <property name="lodNearSize" type="Float" container="StaticArray" arraySize="1">
          <containerEntry>-1</containerEntry>
        </property>
        <property name="lodPolygonSize" type="Float" container="StaticArray" arraySize="1">
          <containerEntry>-1</containerEntry>
        </property>
        <property name="color" type="Color" container="StaticArray" arraySize="1">
          <containerEntry r="1" g="1" b="1" a="1"></containerEntry>
        </property>
        <property name="drawRejectionLevel" type="Int32" container="StaticArray" arraySize="1">
          <containerEntry>8</containerEntry>
        </property>
        <property name="drawMode" type="Int32" container="StaticArray" arraySize="1">
          <containerEntry>0</containerEntry>
        </property>
        <property name="rejectFarRangeShadowCast" type="Int32" container="StaticArray" arraySize="1">
          <containerEntry>2</containerEntry>
        </property>
      </staticProperties>
      <dynamicProperties></dynamicProperties>
    </entity>
    <entity class="TransformEntity" classVersion="0" classID="0x50" addr="0x2D7FC80" id="0x3F95B">
      <staticProperties>
        <property name="owner" type="EntityHandle" container="StaticArray" arraySize="1">
          <containerEntry>0x2D7FCF0</containerEntry>
        </property>
        <property name="transform_scale" type="Vector3" container="StaticArray" arraySize="1">
          <containerEntry x="1" y="1" z="1" w="0"></containerEntry>
        </property>
        <property name="transform_rotation_quat" type="Quat" container="StaticArray" arraySize="1">
          <containerEntry x="0" y="-0.878765" z="0" w="0.477254"></containerEntry>
        </property>
        <property name="transform_translation" type="Vector3" container="StaticArray" arraySize="1">
          <containerEntry x="-1579.3108" y="455.2378" z="-1627.9149" w="0"></containerEntry>
        </property>
      </staticProperties>
      <dynamicProperties></dynamicProperties>
    </entity>
    <entity class="StaticModel" classVersion="9" classID="0x160" addr="0x2D7B680" id="0x3FB86">
      <staticProperties>
        <property name="name" type="String" container="StaticArray" arraySize="1">
          <containerEntry>afgh_rbbl006_0000</containerEntry>
        </property>
        <property name="dataSet" type="EntityHandle" container="StaticArray" arraySize="1">
          <containerEntry>0x2F03FF0</containerEntry>
        </property>
        <property name="parent" type="EntityHandle" container="StaticArray" arraySize="1">
          <containerEntry>0x0</containerEntry>
        </property>
        <property name="transform" type="EntityPtr" container="StaticArray" arraySize="1">
          <containerEntry>0x2D7B6F0</containerEntry>
        </property>
        <property name="shearTransform" type="EntityPtr" container="StaticArray" arraySize="1">
          <containerEntry>0x0</containerEntry>
        </property>
        <property name="pivotTransform" type="EntityPtr" container="StaticArray" arraySize="1">
          <containerEntry>0x0</containerEntry>
        </property>
        <property name="children" type="EntityHandle" container="List"></property>
        <property name="flags" type="UInt32" container="StaticArray" arraySize="1">
          <containerEntry>7</containerEntry>
        </property>
        <property name="modelFile" type="FilePtr" container="StaticArray" arraySize="1">
          <containerEntry>/Assets/tpp/environ/object/afghanistan/rubble/afgh_rbbl006/scenes/afgh_rbbl006.fmdl</containerEntry>
        </property>
        <property name="geomFile" type="FilePtr" container="StaticArray" arraySize="1">
          <containerEntry>/Assets/tpp/environ/object/afghanistan/rubble/afgh_rbbl006/scenes/afgh_rbbl006.geom</containerEntry>
        </property>
        <property name="isVisibleGeom" type="Bool" container="StaticArray" arraySize="1">
          <containerEntry>false</containerEntry>
        </property>
        <property name="isIsolated" type="Bool" container="StaticArray" arraySize="1">
          <containerEntry>false</containerEntry>
        </property>
        <property name="lodFarSize" type="Float" container="StaticArray" arraySize="1">
          <containerEntry>-1</containerEntry>
        </property>
        <property name="lodNearSize" type="Float" container="StaticArray" arraySize="1">
          <containerEntry>-1</containerEntry>
        </property>
        <property name="lodPolygonSize" type="Float" container="StaticArray" arraySize="1">
          <containerEntry>-1</containerEntry>
        </property>
        <property name="color" type="Color" container="StaticArray" arraySize="1">
          <containerEntry r="1" g="1" b="1" a="1"></containerEntry>
        </property>
        <property name="drawRejectionLevel" type="Int32" container="StaticArray" arraySize="1">
          <containerEntry>8</containerEntry>
        </property>
        <property name="drawMode" type="Int32" container="StaticArray" arraySize="1">
          <containerEntry>0</containerEntry>
        </property>
        <property name="rejectFarRangeShadowCast" type="Int32" container="StaticArray" arraySize="1">
          <containerEntry>2</containerEntry>
        </property>
      </staticProperties>
      <dynamicProperties></dynamicProperties>
    </entity>
    <entity class="TransformEntity" classVersion="0" classID="0x50" addr="0x2D7B6F0" id="0x3FB89">
      <staticProperties>
        <property name="owner" type="EntityHandle" container="StaticArray" arraySize="1">
          <containerEntry>0x2D7B680</containerEntry>
        </property>
        <property name="transform_scale" type="Vector3" container="StaticArray" arraySize="1">
          <containerEntry x="1" y="1" z="1" w="0"></containerEntry>
        </property>
        <property name="transform_rotation_quat" type="Quat" container="StaticArray" arraySize="1">
          <containerEntry x="-0.143486" y="0.527532" z="-0.039518" w="0.836397"></containerEntry>
        </property>
        <property name="transform_translation" type="Vector3" container="StaticArray" arraySize="1">
          <containerEntry x="-1655.4866" y="456.59576" z="-1587.1735" w="0"></containerEntry>
        </property>
      </staticProperties>
      <dynamicProperties></dynamicProperties>
    </entity>
    <entity class="StaticModelArray" classVersion="4" classID="0xD0" addr="0x2F00240" id="0x0">
      <staticProperties>
        <property name="name" type="String" container="StaticArray" arraySize="1">
          <containerEntry>StaticModelArray0000</containerEntry>
        </property>
        <property name="dataSet" type="EntityHandle" container="StaticArray" arraySize="1">
          <containerEntry>0x2F03FF0</containerEntry>
        </property>
        <property name="modelFile" type="FilePtr" container="StaticArray" arraySize="1">
          <containerEntry>/Assets/tpp/environ/object/afghanistan/rock/afgh_rock009/scenes/afgh_rock009_rock001.fmdl</containerEntry>
        </property>
        <property name="geomFile" type="FilePtr" container="StaticArray" arraySize="1">
          <containerEntry>/Assets/tpp/environ/object/afghanistan/rock/afgh_rock009/scenes/afgh_rock009_rock001.geom</containerEntry>
        </property>
        <property name="isVisibleGeom" type="Bool" container="StaticArray" arraySize="1">
          <containerEntry>false</containerEntry>
        </property>
        <property name="lodFarSize" type="Float" container="StaticArray" arraySize="1">
          <containerEntry>-1</containerEntry>
        </property>
        <property name="lodNearSize" type="Float" container="StaticArray" arraySize="1">
          <containerEntry>-1</containerEntry>
        </property>
        <property name="lodPolygonSize" type="Float" container="StaticArray" arraySize="1">
          <containerEntry>-1</containerEntry>
        </property>
        <property name="drawRejectionLevel" type="Int32" container="StaticArray" arraySize="1">
          <containerEntry>8</containerEntry>
        </property>
        <property name="drawMode" type="Int32" container="StaticArray" arraySize="1">
          <containerEntry>0</containerEntry>
        </property>
        <property name="rejectFarRangeShadowCast" type="Int32" container="StaticArray" arraySize="1">
          <containerEntry>2</containerEntry>
        </property>
        <property name="parentLocator" type="EntityLink" container="StaticArray" arraySize="1">
          <containerEntry packagePathHash="0xB8A0BF169F98" archivePathHash="0xB8A0BF169F98" nameInArchiveHash="0xB8A0BF169F98">0x0</containerEntry>
        </property>
        <property name="transforms" type="Matrix4" container="DynamicArray" arraySize="2">
          <containerEntry r11="-0.5575187" r12="0.03345874" r13="0.8294885" r14="0" r21="-0.18693966" r22="0.9684646" r23="-0.1647112" r24="0" r31="-0.80884135" r32="-0.24689418" r33="-0.53368235" r34="0" r41="-1595.0883" r42="453.6032" r43="-1629.1177" r44="1"></containerEntry>
          <containerEntry r11="-0.28351644" r12="-0.48660964" r13="0.82633513" r14="0" r21="0.59347624" r22="0.5878201" r23="0.54977596" r24="0" r31="-0.7532627" r32="0.64628065" r33="0.12213451" r34="0" r41="-1629.4252" r42="452.34805" r43="-1650.7958" r44="1"></containerEntry>
        </property>
        <property name="colors" type="UInt32" container="DynamicArray" arraySize="2">
          <containerEntry>4294967295</containerEntry>
          <containerEntry>4294967295</containerEntry>
        </property>
      </staticProperties>
      <dynamicProperties></dynamicProperties>
    </entity>
    <entity class="StaticModelArray" classVersion="4" classID="0xD0" addr="0x2F002B0" id="0x0">
      <staticProperties>
        <property name="name" type="String" container="StaticArray" arraySize="1">
          <containerEntry>StaticModelArray0001</containerEntry>
        </property>
        <property name="dataSet" type="EntityHandle" container="StaticArray" arraySize="1">
          <containerEntry>0x2F03FF0</containerEntry>
        </property>
        <property name="modelFile" type="FilePtr" container="StaticArray" arraySize="1">
          <containerEntry>/Assets/tpp/environ/object/afghanistan/cliff/afgh_clff022/scenes/afgh_clff022_vrtn001.fmdl</containerEntry>
        </property>
        <property name="geomFile" type="FilePtr" container="StaticArray" arraySize="1">
          <containerEntry>/Assets/tpp/environ/object/afghanistan/cliff/afgh_clff022/scenes/afgh_clff022_vrtn001.geom</containerEntry>
        </property>
        <property name="isVisibleGeom" type="Bool" container="StaticArray" arraySize="1">
          <containerEntry>false</containerEntry>
        </property>
        <property name="lodFarSize" type="Float" container="StaticArray" arraySize="1">
          <containerEntry>-1</containerEntry>
        </property>
        <property name="lodNearSize" type="Float" container="StaticArray" arraySize="1">
          <containerEntry>-1</containerEntry>
        </property>
        <property name="lodPolygonSize" type="Float" container="StaticArray" arraySize="1">
          <containerEntry>-1</containerEntry>
        </property>
        <property name="drawRejectionLevel" type="Int32" container="StaticArray" arraySize="1">
          <containerEntry>8</containerEntry>
        </property>
        <property name="drawMode" type="Int32" container="StaticArray" arraySize="1">
          <containerEntry>0</containerEntry>
        </property>
        <property name="rejectFarRangeShadowCast" type="Int32" container="StaticArray" arraySize="1">
          <containerEntry>2</containerEntry>
        </property>
        <property name="parentLocator" type="EntityLink" container="StaticArray" arraySize="1">
          <containerEntry packagePathHash="0xB8A0BF169F98" archivePathHash="0xB8A0BF169F98" nameInArchiveHash="0xB8A0BF169F98">0x0</containerEntry>
        </property>
        <property name="transforms" type="Matrix4" container="DynamicArray" arraySize="2">
          <containerEntry r11="-0.5706973" r12="0" r13="-0.82116264" r14="0" r21="0" r22="1" r23="0" r24="0" r31="0.82116264" r32="0" r33="-0.5706973" r34="0" r41="-1647.044" r42="464.1879" r43="-1574.9939" r44="1"></containerEntry>
          <containerEntry r11="2" r12="0" r13="0" r14="0" r21="0" r22="2" r23="0" r24="0" r31="0" r32="0" r33="2" r34="0" r41="-1575.3536" r42="488.6218" r43="-1539.3578" r44="1"></containerEntry>
        </property>
        <property name="colors" type="UInt32" container="DynamicArray" arraySize="2">
          <containerEntry>4294967295</containerEntry>
          <containerEntry>4294967295</containerEntry>
        </property>
      </staticProperties>
      <dynamicProperties></dynamicProperties>
    </entity>
    <entity class="StaticModelArray" classVersion="4" classID="0xD0" addr="0x2F00320" id="0x0">
      <staticProperties>
        <property name="name" type="String" container="StaticArray" arraySize="1">
          <containerEntry>StaticModelArray0002</containerEntry>
        </property>
        <property name="dataSet" type="EntityHandle" container="StaticArray" arraySize="1">
          <containerEntry>0x2F03FF0</containerEntry>
        </property>
        <property name="modelFile" type="FilePtr" container="StaticArray" arraySize="1">
          <containerEntry>/Assets/tpp/environ/object/afghanistan/rock/afgh_rock006/scenes/afgh_rock006.fmdl</containerEntry>
        </property>
        <property name="geomFile" type="FilePtr" container="StaticArray" arraySize="1">
          <containerEntry>/Assets/tpp/environ/object/afghanistan/rock/afgh_rock006/scenes/afgh_rock006.geom</containerEntry>
        </property>
        <property name="isVisibleGeom" type="Bool" container="StaticArray" arraySize="1">
          <containerEntry>false</containerEntry>
        </property>
        <property name="lodFarSize" type="Float" container="StaticArray" arraySize="1">
          <containerEntry>-1</containerEntry>
        </property>
        <property name="lodNearSize" type="Float" container="StaticArray" arraySize="1">
          <containerEntry>-1</containerEntry>
        </property>
        <property name="lodPolygonSize" type="Float" container="StaticArray" arraySize="1">
          <containerEntry>-1</containerEntry>
        </property>
        <property name="drawRejectionLevel" type="Int32" container="StaticArray" arraySize="1">
          <containerEntry>8</containerEntry>
        </property>
        <property name="drawMode" type="Int32" container="StaticArray" arraySize="1">
          <containerEntry>0</containerEntry>
        </property>
        <property name="rejectFarRangeShadowCast" type="Int32" container="StaticArray" arraySize="1">
          <containerEntry>2</containerEntry>
        </property>
        <property name="parentLocator" type="EntityLink" container="StaticArray" arraySize="1">
          <containerEntry packagePathHash="0xB8A0BF169F98" archivePathHash="0xB8A0BF169F98" nameInArchiveHash="0xB8A0BF169F98">0x0</containerEntry>
        </property>
        <property name="transforms" type="Matrix4" container="DynamicArray" arraySize="7">
          <containerEntry r11="0.984457" r12="-0.17548968" r13="0.0069073755" r14="0" r21="0.17548968" r22="0.9813873" r23="-0.07798856" r24="0" r31="0.0069073755" r32="0.07798856" r33="0.9969303" r34="0" r41="-1626.0609" r42="454.07562" r43="-1631.8398" r44="1"></containerEntry>
          <containerEntry r11="0.549379" r12="0.5433477" r13="-0.6347877" r14="0" r21="-0.104515344" r22="0.7984221" r23="0.5929573" r24="0" r31="0.8290106" r32="-0.259413" r33="0.49542463" r34="0" r41="-1630.1052" r42="453.63937" r43="-1637.9238" r44="1"></containerEntry>
          <containerEntry r11="0.9870202" r12="0.1596799" r13="-0.01713189" r14="0" r21="-0.1596799" r22="0.96440804" r23="-0.21075924" r24="0" r31="-0.01713189" r32="0.21075924" r33="0.97738785" r34="0" r41="-1546.0964" r42="459.62988" r43="-1642.2676" r44="1"></containerEntry>
          <containerEntry r11="0.99735767" r12="0.07264635" r13="0.00048044784" r14="0" r21="-0.07264635" r22="0.9972703" r23="0.013208971" r24="0" r31="0.00048044784" r32="-0.013208971" r33="0.9999126" r34="0" r41="-1587.4902" r42="454.93155" r43="-1646.858" r44="1"></containerEntry>
          <containerEntry r11="0.99735767" r12="0.07264635" r13="0.00048044784" r14="0" r21="-0.07264635" r22="0.9972703" r23="0.013208971" r24="0" r31="0.00048044784" r32="-0.013208971" r33="0.9999126" r34="0" r41="-1598.0354" r42="456.01074" r43="-1610.6306" r44="1"></containerEntry>
          <containerEntry r11="0.20059116" r12="0.12258257" r13="0.97197497" r14="0" r21="0.49237335" r22="0.8451168" r23="-0.20819654" r24="0" r31="-0.8469535" r32="0.5203372" r33="0.10916662" r34="0" r41="-1629.2521" r42="456.26657" r43="-1594.9468" r44="1"></containerEntry>
          <containerEntry r11="0.9551691" r12="0.25969744" r13="-0.14215906" r14="0" r21="-0.26019102" r22="0.9654338" r23="0.015435075" r24="0" r31="0.1412536" r32="0.022245428" r33="0.9897235" r34="0" r41="-1603.5364" r42="455.03238" r43="-1658.4879" r44="1"></containerEntry>
        </property>
        <property name="colors" type="UInt32" container="DynamicArray" arraySize="7">
          <containerEntry>4294967295</containerEntry>
          <containerEntry>4294967295</containerEntry>
          <containerEntry>4294967295</containerEntry>
          <containerEntry>4294967295</containerEntry>
          <containerEntry>4294967295</containerEntry>
          <containerEntry>4294967295</containerEntry>
          <containerEntry>4294967295</containerEntry>
        </property>
      </staticProperties>
      <dynamicProperties></dynamicProperties>
    </entity>
    <entity class="StaticModelArray" classVersion="4" classID="0xD0" addr="0x2F00400" id="0x0">
      <staticProperties>
        <property name="name" type="String" container="StaticArray" arraySize="1">
          <containerEntry>StaticModelArray0003</containerEntry>
        </property>
        <property name="dataSet" type="EntityHandle" container="StaticArray" arraySize="1">
          <containerEntry>0x2F03FF0</containerEntry>
        </property>
        <property name="modelFile" type="FilePtr" container="StaticArray" arraySize="1">
          <containerEntry>/Assets/tpp/environ/object/afghanistan/rock/afgh_rock009/scenes/afgh_rock009_rock002.fmdl</containerEntry>
        </property>
        <property name="geomFile" type="FilePtr" container="StaticArray" arraySize="1">
          <containerEntry>/Assets/tpp/environ/object/afghanistan/rock/afgh_rock009/scenes/afgh_rock009_rock002.geom</containerEntry>
        </property>
        <property name="isVisibleGeom" type="Bool" container="StaticArray" arraySize="1">
          <containerEntry>false</containerEntry>
        </property>
        <property name="lodFarSize" type="Float" container="StaticArray" arraySize="1">
          <containerEntry>-1</containerEntry>
        </property>
        <property name="lodNearSize" type="Float" container="StaticArray" arraySize="1">
          <containerEntry>-1</containerEntry>
        </property>
        <property name="lodPolygonSize" type="Float" container="StaticArray" arraySize="1">
          <containerEntry>-1</containerEntry>
        </property>
        <property name="drawRejectionLevel" type="Int32" container="StaticArray" arraySize="1">
          <containerEntry>8</containerEntry>
        </property>
        <property name="drawMode" type="Int32" container="StaticArray" arraySize="1">
          <containerEntry>0</containerEntry>
        </property>
        <property name="rejectFarRangeShadowCast" type="Int32" container="StaticArray" arraySize="1">
          <containerEntry>2</containerEntry>
        </property>
        <property name="parentLocator" type="EntityLink" container="StaticArray" arraySize="1">
          <containerEntry packagePathHash="0xB8A0BF169F98" archivePathHash="0xB8A0BF169F98" nameInArchiveHash="0xB8A0BF169F98">0x0</containerEntry>
        </property>
        <property name="transforms" type="Matrix4" container="DynamicArray" arraySize="40">
          <containerEntry r11="0.808758" r12="-0.037269607" r13="0.58695984" r14="0" r21="0.17758323" r22="0.9668854" r23="-0.18329458" r24="0" r31="-0.5606916" r32="0.2524751" r33="0.7885947" r34="0" r41="-1632.3594" r42="454.7668" r43="-1625.1897" r44="1"></containerEntry>
          <containerEntry r11="0.2184479" r12="-0.11753372" r13="-0.96874493" r14="0" r21="0.1640211" r22="0.9830194" r23="-0.08227951" r24="0" r31="0.96196574" r32="-0.14092077" r33="0.23401654" r34="0" r41="-1614.7747" r42="453.55145" r43="-1633.6316" r44="1"></containerEntry>
          <containerEntry r11="0.984457" r12="-0.17548968" r13="0.0069073755" r14="0" r21="0.17548968" r22="0.9813873" r23="-0.07798856" r24="0" r31="0.0069073755" r32="0.07798856" r33="0.9969303" r34="0" r41="-1594.5895" r42="454.5031" r43="-1621.965" r44="1"></containerEntry>
          <containerEntry r11="0.9740895" r12="0.22561456" r13="-0.015736755" r14="0" r21="-0.21915318" r22="0.9588005" r23="0.18075776" r24="0" r31="0.055870008" r32="-0.17262548" r33="0.9834017" r34="0" r41="-1633.0669" r42="454.45718" r43="-1628.2554" r44="1"></containerEntry>
          <containerEntry r11="-0.45320725" r12="-0.8214761" r13="-0.34609196" r14="0" r21="0.2688667" r22="-0.49614578" r23="0.8255601" r24="0" r31="-0.8498901" r32="0.28109744" r33="0.4457249" r34="0" r41="-1602.1906" r42="454.55624" r43="-1620.3373" r44="1"></containerEntry>
          <containerEntry r11="-0.31751907" r12="0.30895776" r13="-0.8965096" r14="0" r21="0.26337165" r22="0.936968" r23="0.2296223" r24="0" r31="0.9109444" r32="-0.16320583" r33="-0.3788759" r34="0" r41="-1658.7448" r42="456.29303" r43="-1630.0669" r44="1"></containerEntry>
          <containerEntry r11="0.20658812" r12="0.34597102" r13="-0.9152188" r14="0" r21="-0.14703003" r22="0.93575275" r23="0.32054484" r24="0" r31="0.96731764" r32="0.06834389" r33="0.24418354" r34="0" r41="-1640.9688" r42="453.9591" r43="-1640.6442" r44="1"></containerEntry>
          <containerEntry r11="-0.13827442" r12="0.31578088" r13="-0.93870103" r14="0" r21="-0.039414898" r22="0.9453017" r23="0.32380694" r24="0" r31="0.9896078" r32="0.08177355" r33="-0.1182645" r34="0" r41="-1662.6587" r42="456.82425" r43="-1628.1522" r44="1"></containerEntry>
          <containerEntry r11="0.99980456" r12="-0.019737992" r13="0.0011074364" r14="0" r21="0.019737992" r22="0.99352896" r23="-0.11185063" r24="0" r31="0.0011074364" r32="0.11185063" r33="0.9937244" r34="0" r41="-1654.9658" r42="456.7455" r43="-1618.7872" r44="1"></containerEntry>
          <containerEntry r11="-0.18506503" r12="0.47286046" r13="0.86148274" r14="0" r21="-0.03219618" r22="0.873238" r23="-0.48622894" r24="0" r31="-0.982198" r32="-0.11772078" r33="-0.14638144" r34="0" r41="-1632.3131" r42="453.7672" r43="-1637.2805" r44="1"></containerEntry>
          <containerEntry r11="0.8833883" r12="-0.19417052" r13="0.4265244" r14="0" r21="0.1593876" r22="0.98035556" r23="0.11618332" r24="0" r31="-0.44070494" r32="-0.03465233" r33="0.89698297" r34="0" r41="-1559.6624" r42="459.11826" r43="-1634.3359" r44="1"></containerEntry>
          <containerEntry r11="-0.6426453" r12="0.04185383" r13="-0.76501906" r14="0" r21="-0.024864733" r22="0.9968415" r23="0.075424045" r24="0" r31="0.76575947" r32="0.06749295" r33="-0.63957477" r34="0" r41="-1563.1432" r42="456.9078" r43="-1641.7864" r44="1"></containerEntry>
          <containerEntry r11="0.014643557" r12="0.68030775" r13="-0.7327793" r14="0" r21="0.03134808" r22="0.73218596" r23="0.6803827" r24="0" r31="0.99940056" r32="-0.03293401" r33="-0.010604382" r34="0" r41="-1565.8264" r42="455.56912" r43="-1655.5955" r44="1"></containerEntry>
          <containerEntry r11="0.9928005" r12="0.1181483" r13="-0.019702384" r14="0" r21="-0.1181483" r22="0.93888247" r23="-0.32332754" r24="0" r31="-0.019702384" r32="0.32332754" r33="0.946082" r34="0" r41="-1552.636" r42="457.8888" r43="-1644.7318" r44="1"></containerEntry>
          <containerEntry r11="0.9992113" r12="0.03970468" r13="-0.00052556186" r14="0" r21="-0.03970468" r22="0.9988611" r23="-0.026458457" r24="0" r31="-0.00052556186" r32="0.026458457" r33="0.99964976" r34="0" r41="-1553.8031" r42="456.13196" r43="-1654.2078" r44="1"></containerEntry>
          <containerEntry r11="0.66044366" r12="0.013854265" r13="-0.7507474" r14="0" r21="-0.19644207" r22="0.9681953" r23="-0.15494576" r24="0" r31="0.7247234" r32="0.24981138" r33="0.64216006" r34="0" r41="-1571.6292" r42="457.85983" r43="-1626.5428" r44="1"></containerEntry>
          <containerEntry r11="-0.03878254" r12="0.25602162" r13="0.9658932" r14="0" r21="0.37169206" r22="0.9009553" r23="-0.22388513" r24="0" r31="-0.9275461" r32="0.35033196" r33="-0.13010257" r34="0" r41="-1582.4604" r42="455.04172" r43="-1646.7698" r44="1"></containerEntry>
          <containerEntry r11="0.9998029" r12="0.019852307" r13="-0.00032855725" r14="0" r21="-0.019852307" r22="0.9992553" r23="-0.033087842" r24="0" r31="-0.00032855725" r32="0.033087842" r33="0.9994524" r34="0" r41="-1570.0897" r42="457.5071" r43="-1633.1014" r44="1"></containerEntry>
          <containerEntry r11="0.9968746" r12="0.0789276" r13="-0.00338583" r14="0" r21="-0.0789276" r22="0.9932066" r23="-0.08550439" r24="0" r31="-0.00338583" r32="0.08550439" r33="0.99633205" r34="0" r41="-1588.6132" r42="455.06146" r43="-1644.4387" r44="1"></containerEntry>
          <containerEntry r11="0.40288872" r12="0.45657414" r13="0.7932344" r14="0" r21="-0.23122847" r22="0.88934803" r23="-0.39445338" r24="0" r31="-0.88555866" r32="-0.024497569" r33="0.4638812" r34="0" r41="-1579.3517" r42="455.34424" r43="-1652.6057" r44="1"></containerEntry>
          <containerEntry r11="0.99735767" r12="0.07264635" r13="0.00048044784" r14="0" r21="-0.07264635" r22="0.9972703" r23="0.013208971" r24="0" r31="0.00048044784" r32="-0.013208971" r33="0.9999126" r34="0" r41="-1623.1937" r42="457.53113" r43="-1604.211" r44="1"></containerEntry>
          <containerEntry r11="0.99735767" r12="0.07264635" r13="0.00048044784" r14="0" r21="-0.07264635" r22="0.9972703" r23="0.013208971" r24="0" r31="0.00048044784" r32="-0.013208971" r33="0.9999126" r34="0" r41="-1616.3246" r42="455.2161" r43="-1612.9144" r44="1"></containerEntry>
