<fox formatVersion="2" fileVersion="0">
  <entities>
    <entity class="DataSet" classVersion="0" classID="0xE8" addr="0x3304A00" id="0x1656E8">
      <staticProperties>
        <property name="name" type="String" container="StaticArray" arraySize="1">
          <containerEntry hash="0xB8A0BF169F98"></containerEntry>
        </property>
        <property name="dataSet" type="EntityHandle" container="StaticArray" arraySize="1">
          <containerEntry>0x0</containerEntry>
        </property>
        <property name="dataList" type="EntityPtr" container="StringMap" arraySize="10">
          <containerEntry key="TppGimmickElectricCableLinkSetData0000">
            <data>0x3177400</data>
          </containerEntry>
          <containerEntry key="TppGimmickElectricCableLinkSetData0001">
            <data>0x31797E0</data>
          </containerEntry>
          <containerEntry key="cypr_cabl002_vrtn001_gim_i0000|TppSharedGimmick_cypr_cabl002_vrtn001">
            <data>0x3179F50</data>
          </containerEntry>
          <containerEntry key="cypr_utpl001_vrtn001_gim_i0000|TppSharedGimmickData_cypr_utpl001_vrtn001">
            <data>0x317A5E0</data>
          </containerEntry>
          <containerEntry key="StaticModelArray0000">
            <data>0x317E4E0</data>
          </containerEntry>
          <containerEntry key="StaticModelArray0001">
            <data>0x317E550</data>
          </containerEntry>
          <containerEntry key="StaticModelArray0002">
            <data>0x317E1D0</data>
          </containerEntry>
          <containerEntry key="StaticModelArray0003">
            <data>0x317E400</data>
          </containerEntry>
          <containerEntry key="StaticModelArray0004">
            <data>0x3178EB0</data>
          </containerEntry>
          <containerEntry key="TexturePackLoadConditioner0000">
            <data>0x317ED30</data>
          </containerEntry>
        </property>
      </staticProperties>
      <dynamicProperties></dynamicProperties>
    </entity>
    <entity class="TppGimmickElectricCableLinkSetData" classVersion="0" classID="0xB0" addr="0x3177400" id="0x16587E">
      <staticProperties>
        <property name="name" type="String" container="StaticArray" arraySize="1">
          <containerEntry>TppGimmickElectricCableLinkSetData0000</containerEntry>
        </property>
        <property name="dataSet" type="EntityHandle" container="StaticArray" arraySize="1">
          <containerEntry>0x3304A00</containerEntry>
        </property>
        <property name="electricCableData" type="EntityLink" container="StaticArray" arraySize="1">
          <containerEntry packagePathHash="0xB8A0BF169F98" archivePath="/Assets/tpp/level/location/mafr/block_small/146/146_141/mafr_146_141_asset.fox2" nameInArchive="cypr_cabl002_vrtn001_gim_i0000|TppSharedGimmick_cypr_cabl002_vrtn001">0x0</containerEntry>
        </property>
        <property name="poleData" type="EntityLink" container="StaticArray" arraySize="1">
          <containerEntry packagePathHash="0xB8A0BF169F98" archivePath="/Assets/tpp/level/location/mafr/block_small/146/146_141/mafr_146_141_asset.fox2" nameInArchive="cypr_utpl001_vrtn001_gim_i0000|TppSharedGimmickData_cypr_utpl001_vrtn001">0x0</containerEntry>
        </property>
        <property name="electricCable" type="String" container="DynamicArray" arraySize="18">
          <containerEntry>cypr_cabl002_vrtn001_gim_n0000|srt_cypr_cabl002_vrtn001</containerEntry>
          <containerEntry>cypr_cabl002_vrtn001_gim_n0000|srt_cypr_cabl002_vrtn001</containerEntry>
          <containerEntry>cypr_cabl002_vrtn001_gim_n0001|srt_cypr_cabl002_vrtn001</containerEntry>
          <containerEntry>cypr_cabl002_vrtn001_gim_n0001|srt_cypr_cabl002_vrtn001</containerEntry>
          <containerEntry>cypr_cabl002_vrtn001_gim_n0002|srt_cypr_cabl002_vrtn001</containerEntry>
          <containerEntry>cypr_cabl002_vrtn001_gim_n0002|srt_cypr_cabl002_vrtn001</containerEntry>
          <containerEntry>cypr_cabl002_vrtn001_gim_n0003|srt_cypr_cabl002_vrtn001</containerEntry>
          <containerEntry>cypr_cabl002_vrtn001_gim_n0003|srt_cypr_cabl002_vrtn001</containerEntry>
          <containerEntry>cypr_cabl002_vrtn001_gim_n0004|srt_cypr_cabl002_vrtn001</containerEntry>
          <containerEntry>cypr_cabl002_vrtn001_gim_n0004|srt_cypr_cabl002_vrtn001</containerEntry>
          <containerEntry>cypr_cabl002_vrtn001_gim_n0005|srt_cypr_cabl002_vrtn001</containerEntry>
          <containerEntry>cypr_cabl002_vrtn001_gim_n0005|srt_cypr_cabl002_vrtn001</containerEntry>
          <containerEntry>cypr_cabl002_vrtn001_gim_n0006|srt_cypr_cabl002_vrtn001</containerEntry>
          <containerEntry>cypr_cabl002_vrtn001_gim_n0007|srt_cypr_cabl002_vrtn001</containerEntry>
          <containerEntry>cypr_cabl002_vrtn001_gim_n0008|srt_cypr_cabl002_vrtn001</containerEntry>
          <containerEntry>cypr_cabl002_vrtn001_gim_n0009|srt_cypr_cabl002_vrtn001</containerEntry>
          <containerEntry>cypr_cabl002_vrtn001_gim_n0010|srt_cypr_cabl002_vrtn001</containerEntry>
          <containerEntry>cypr_cabl002_vrtn001_gim_n0011|srt_cypr_cabl002_vrtn001</containerEntry>
        </property>
        <property name="pole" type="String" container="DynamicArray" arraySize="18">
          <containerEntry>cypr_utpl001_vrtn001_gim_n0001|srt_cypr_utpl001_vrtn001</containerEntry>
          <containerEntry>cypr_utpl001_vrtn001_gim_n0000|srt_cypr_utpl001_vrtn001</containerEntry>
          <containerEntry>cypr_utpl001_vrtn001_gim_n0001|srt_cypr_utpl001_vrtn001</containerEntry>
          <containerEntry>cypr_utpl001_vrtn001_gim_n0000|srt_cypr_utpl001_vrtn001</containerEntry>
          <containerEntry>cypr_utpl001_vrtn001_gim_n0001|srt_cypr_utpl001_vrtn001</containerEntry>
          <containerEntry>cypr_utpl001_vrtn001_gim_n0000|srt_cypr_utpl001_vrtn001</containerEntry>
          <containerEntry>cypr_utpl001_vrtn001_gim_n0002|srt_cypr_utpl001_vrtn001</containerEntry>
          <containerEntry>cypr_utpl001_vrtn001_gim_n0001|srt_cypr_utpl001_vrtn001</containerEntry>
          <containerEntry>cypr_utpl001_vrtn001_gim_n0002|srt_cypr_utpl001_vrtn001</containerEntry>
          <containerEntry>cypr_utpl001_vrtn001_gim_n0001|srt_cypr_utpl001_vrtn001</containerEntry>
          <containerEntry>cypr_utpl001_vrtn001_gim_n0002|srt_cypr_utpl001_vrtn001</containerEntry>
          <containerEntry>cypr_utpl001_vrtn001_gim_n0001|srt_cypr_utpl001_vrtn001</containerEntry>
          <containerEntry>cypr_utpl001_vrtn001_gim_n0002|srt_cypr_utpl001_vrtn001</containerEntry>
          <containerEntry>cypr_utpl001_vrtn001_gim_n0002|srt_cypr_utpl001_vrtn001</containerEntry>
          <containerEntry>cypr_utpl001_vrtn001_gim_n0002|srt_cypr_utpl001_vrtn001</containerEntry>
          <containerEntry>cypr_utpl001_vrtn001_gim_n0002|srt_cypr_utpl001_vrtn001</containerEntry>
          <containerEntry>cypr_utpl001_vrtn001_gim_n0002|srt_cypr_utpl001_vrtn001</containerEntry>
          <containerEntry>cypr_utpl001_vrtn001_gim_n0002|srt_cypr_utpl001_vrtn001</containerEntry>
        </property>
        <property name="cnpIndex" type="UInt8" container="DynamicArray" arraySize="18">
          <containerEntry>0</containerEntry>
          <containerEntry>0</containerEntry>
          <containerEntry>1</containerEntry>
          <containerEntry>1</containerEntry>
          <containerEntry>2</containerEntry>
          <containerEntry>2</containerEntry>
          <containerEntry>0</containerEntry>
          <containerEntry>0</containerEntry>
          <containerEntry>1</containerEntry>
          <containerEntry>1</containerEntry>
          <containerEntry>2</containerEntry>
          <containerEntry>2</containerEntry>
          <containerEntry>0</containerEntry>
          <containerEntry>1</containerEntry>
          <containerEntry>2</containerEntry>
          <containerEntry>0</containerEntry>
          <containerEntry>1</containerEntry>
          <containerEntry>2</containerEntry>
        </property>
      </staticProperties>
      <dynamicProperties></dynamicProperties>
    </entity>
    <entity class="TppGimmickElectricCableLinkSetData" classVersion="0" classID="0xB0" addr="0x31797E0" id="0x165903">
      <staticProperties>
        <property name="name" type="String" container="StaticArray" arraySize="1">
          <containerEntry>TppGimmickElectricCableLinkSetData0001</containerEntry>
        </property>
        <property name="dataSet" type="EntityHandle" container="StaticArray" arraySize="1">
          <containerEntry>0x3304A00</containerEntry>
        </property>
        <property name="electricCableData" type="EntityLink" container="StaticArray" arraySize="1">
          <containerEntry packagePath="/Assets/tpp/pack/location/mafr/pack_small/146/mafr_146_142.fpk" archivePath="/Assets/tpp/level/location/mafr/block_small/146/146_142/mafr_146_142_asset.fox2" nameInArchive="cypr_cabl002_vrtn001_gim_i0000|TppSharedGimmick_cypr_cabl002_vrtn001">0x0</containerEntry>
        </property>
        <property name="poleData" type="EntityLink" container="StaticArray" arraySize="1">
          <containerEntry packagePathHash="0xB8A0BF169F98" archivePath="/Assets/tpp/level/location/mafr/block_small/146/146_141/mafr_146_141_asset.fox2" nameInArchive="cypr_utpl001_vrtn001_gim_i0000|TppSharedGimmickData_cypr_utpl001_vrtn001">0x0</containerEntry>
        </property>
        <property name="electricCable" type="String" container="DynamicArray" arraySize="3">
          <containerEntry>cypr_cabl002_vrtn001_gim_n0001|srt_cypr_cabl002_vrtn001</containerEntry>
          <containerEntry>cypr_cabl002_vrtn001_gim_n0002|srt_cypr_cabl002_vrtn001</containerEntry>
          <containerEntry>cypr_cabl002_vrtn001_gim_n0003|srt_cypr_cabl002_vrtn001</containerEntry>
        </property>
        <property name="pole" type="String" container="DynamicArray" arraySize="3">
          <containerEntry>cypr_utpl001_vrtn001_gim_n0000|srt_cypr_utpl001_vrtn001</containerEntry>
          <containerEntry>cypr_utpl001_vrtn001_gim_n0000|srt_cypr_utpl001_vrtn001</containerEntry>
          <containerEntry>cypr_utpl001_vrtn001_gim_n0000|srt_cypr_utpl001_vrtn001</containerEntry>
        </property>
        <property name="cnpIndex" type="UInt8" container="DynamicArray" arraySize="3">
          <containerEntry>0</containerEntry>
          <containerEntry>1</containerEntry>
          <containerEntry>2</containerEntry>
        </property>
      </staticProperties>
      <dynamicProperties></dynamicProperties>
    </entity>
    <entity class="TppSharedGimmickData" classVersion="1" classID="0xF0" addr="0x3179F50" id="0xCF4">
      <staticProperties>
        <property name="name" type="String" container="StaticArray" arraySize="1">
          <containerEntry>cypr_cabl002_vrtn001_gim_i0000|TppSharedGimmick_cypr_cabl002_vrtn001</containerEntry>
        </property>
        <property name="dataSet" type="EntityHandle" container="StaticArray" arraySize="1">
          <containerEntry>0x3304A00</containerEntry>
        </property>
        <property name="modelFile" type="FilePtr" container="StaticArray" arraySize="1">
          <containerEntry>/Assets/tpp/environ/object/cyprus/cable/cypr_cabl002/scenes/cypr_cabl002_vrtn001_fl.fmdl</containerEntry>
        </property>
        <property name="geomFile" type="FilePtr" container="StaticArray" arraySize="1">
          <containerEntry hash="0xB8A0BF169F98"></containerEntry>
        </property>
        <property name="breakedModelFile" type="FilePtr" container="StaticArray" arraySize="1">
          <containerEntry hash="0xB8A0BF169F98"></containerEntry>
        </property>
        <property name="breakedGeomFile" type="FilePtr" container="StaticArray" arraySize="1">
          <containerEntry hash="0xB8A0BF169F98"></containerEntry>
        </property>
        <property name="partsFile" type="FilePtr" container="StaticArray" arraySize="1">
          <containerEntry>/Assets/tpp/parts/environ/object/cyprus/cable/cypr_cabl002/cypr_cabl002_vrtn001.parts</containerEntry>
        </property>
        <property name="numDynamicGimmick" type="UInt32" container="StaticArray" arraySize="1">
          <containerEntry>6</containerEntry>
        </property>
        <property name="locaterFile" type="FilePtr" container="StaticArray" arraySize="1">
          <containerEntry>/Assets/tpp/level/location/mafr/block_small/146/146_141/lba/cypr_cabl002_vrtn001_scl.lba</containerEntry>
        </property>
        <property name="flags1" type="UInt32" container="StaticArray" arraySize="1">
          <containerEntry>274</containerEntry>
        </property>
        <property name="flags2" type="UInt32" container="StaticArray" arraySize="1">
          <containerEntry>0</containerEntry>
        </property>
      </staticProperties>
      <dynamicProperties></dynamicProperties>
    </entity>
    <entity class="TppSharedGimmickData" classVersion="1" classID="0xF0" addr="0x317A5E0" id="0xC619">
      <staticProperties>
        <property name="name" type="String" container="StaticArray" arraySize="1">
          <containerEntry>cypr_utpl001_vrtn001_gim_i0000|TppSharedGimmickData_cypr_utpl001_vrtn001</containerEntry>
        </property>
        <property name="dataSet" type="EntityHandle" container="StaticArray" arraySize="1">
          <containerEntry>0x3304A00</containerEntry>
        </property>
        <property name="modelFile" type="FilePtr" container="StaticArray" arraySize="1">
          <containerEntry>/Assets/tpp/environ/object/cyprus/utility_pole/cypr_utpl001/scenes/cypr_utpl001_vrtn001.fmdl</containerEntry>
        </property>
        <property name="geomFile" type="FilePtr" container="StaticArray" arraySize="1">
          <containerEntry>/Assets/tpp/environ/object/cyprus/utility_pole/cypr_utpl001/scenes/cypr_utpl001_vrtn001.geom</containerEntry>
        </property>
        <property name="breakedModelFile" type="FilePtr" container="StaticArray" arraySize="1">
          <containerEntry hash="0xB8A0BF169F98"></containerEntry>
        </property>
        <property name="breakedGeomFile" type="FilePtr" container="StaticArray" arraySize="1">
          <containerEntry hash="0xB8A0BF169F98"></containerEntry>
        </property>
        <property name="partsFile" type="FilePtr" container="StaticArray" arraySize="1">
          <containerEntry>/Assets/tpp/parts/environ/object/cyprus/utility_pole/cypr_utpl001/cypr_utpl001_vrtn001.parts</containerEntry>
        </property>
        <property name="numDynamicGimmick" type="UInt32" container="StaticArray" arraySize="1">
          <containerEntry>2</containerEntry>
        </property>
        <property name="locaterFile" type="FilePtr" container="StaticArray" arraySize="1">
          <containerEntry>/Assets/tpp/level/location/mafr/block_small/146/146_141/lba/cypr_utpl001_vrtn001.lba</containerEntry>
        </property>
        <property name="flags1" type="UInt32" container="StaticArray" arraySize="1">
          <containerEntry>284</containerEntry>
        </property>
        <property name="flags2" type="UInt32" container="StaticArray" arraySize="1">
          <containerEntry>0</containerEntry>
        </property>
      </staticProperties>
      <dynamicProperties></dynamicProperties>
    </entity>
    <entity class="StaticModelArray" classVersion="4" classID="0xD0" addr="0x317E4E0" id="0x0">
      <staticProperties>
        <property name="name" type="String" container="StaticArray" arraySize="1">
          <containerEntry>StaticModelArray0000</containerEntry>
        </property>
        <property name="dataSet" type="EntityHandle" container="StaticArray" arraySize="1">
          <containerEntry>0x3304A00</containerEntry>
        </property>
        <property name="modelFile" type="FilePtr" container="StaticArray" arraySize="1">
          <containerEntry>/Assets/tpp/environ/object/middle_africa/rock/mafr_rock001/scenes/mafr_rock001_vrtn001.fmdl</containerEntry>
        </property>
        <property name="geomFile" type="FilePtr" container="StaticArray" arraySize="1">
          <containerEntry>/Assets/tpp/environ/object/middle_africa/rock/mafr_rock001/scenes/mafr_rock001_vrtn001.geom</containerEntry>
        </property>
        <property name="isVisibleGeom" type="Bool" container="StaticArray" arraySize="1">
          <containerEntry>false</containerEntry>
        </property>
        <property name="lodFarSize" type="Float" container="StaticArray" arraySize="1">
          <containerEntry>-1</containerEntry>
        </property>
        <property name="lodNearSize" type="Float" container="StaticArray" arraySize="1">
          <containerEntry>-1</containerEntry>
        </property>
        <property name="lodPolygonSize" type="Float" container="StaticArray" arraySize="1">
          <containerEntry>-1</containerEntry>
        </property>
        <property name="drawRejectionLevel" type="Int32" container="StaticArray" arraySize="1">
          <containerEntry>8</containerEntry>
        </property>
        <property name="drawMode" type="Int32" container="StaticArray" arraySize="1">
          <containerEntry>0</containerEntry>
        </property>
        <property name="rejectFarRangeShadowCast" type="Int32" container="StaticArray" arraySize="1">
          <containerEntry>2</containerEntry>
        </property>
        <property name="parentLocator" type="EntityLink" container="StaticArray" arraySize="1">
          <containerEntry packagePathHash="0xB8A0BF169F98" archivePathHash="0xB8A0BF169F98" nameInArchiveHash="0xB8A0BF169F98">0x0</containerEntry>
        </property>
        <property name="transforms" type="Matrix4" container="DynamicArray" arraySize="5">
          <containerEntry r11="-0.41888496" r12="-0.071281314" r13="-0.9052346" r14="0" r21="-0.2863771" r22="0.9564077" r23="0.057206057" r24="0" r31="0.86169565" r32="0.28320107" r33="-0.42103815" r34="0" r41="1738.6393" r42="-11.334613" r43="1110.2988" r44="1"></containerEntry>
          <containerEntry r11="0.68078566" r12="-0.016049568" r13="0.16209039" r14="0" r21="0.099866435" r22="0.59143156" r23="-0.3608814" r24="0" r31="-0.12867624" r32="0.3741004" r33="0.577487" r34="0" r41="1729.9395" r42="-10.79512" r43="1101.1494" r44="1"></containerEntry>
          <containerEntry r11="-0.37053418" r12="-0.13083431" r13="0.9195554" r14="0" r21="0.22155926" r22="0.9489999" r23="0.22430074" r24="0" r31="-0.9020042" r32="0.28684685" r33="-0.32264936" r34="0" r41="1731.5944" r42="-11.334613" r43="1111.7388" r44="1"></containerEntry>
          <containerEntry r11="0.101810366" r12="-0.060106725" r13="-0.68994284" r14="0" r21="-0.60609835" r22="0.32967114" r23="-0.118157804" r24="0" r31="0.33508015" r32="0.614576" r33="-0.00409497" r34="0" r41="1728.6057" r42="-10.770355" r43="1107.1548" r44="1"></containerEntry>
          <containerEntry r11="0.16694072" r12="-0.02024109" r13="-0.98575747" r14="0" r21="0.12002013" r22="0.9927715" r23="-5.9224665e-05" r24="0" r31="0.97863305" r32="-0.11830067" r33="0.16816333" r34="0" r41="1730.7098" r42="-11.972146" r43="1126.0924" r44="1"></containerEntry>
        </property>
        <property name="colors" type="UInt32" container="DynamicArray" arraySize="5">
          <containerEntry>4294967295</containerEntry>
          <containerEntry>4294967295</containerEntry>
          <containerEntry>4294967295</containerEntry>
          <containerEntry>4294967295</containerEntry>
          <containerEntry>4294967295</containerEntry>
        </property>
      </staticProperties>
      <dynamicProperties></dynamicProperties>
    </entity>
    <entity class="StaticModelArray" classVersion="4" classID="0xD0" addr="0x317E550" id="0x0">
      <staticProperties>
        <property name="name" type="String" container="StaticArray" arraySize="1">
          <containerEntry>StaticModelArray0001</containerEntry>
        </property>
        <property name="dataSet" type="EntityHandle" container="StaticArray" arraySize="1">
          <containerEntry>0x3304A00</containerEntry>
        </property>
        <property name="modelFile" type="FilePtr" container="StaticArray" arraySize="1">
          <containerEntry>/Assets/tpp/environ/object/middle_africa/cliff/mafr_clff003/scenes/mafr_clff003_vrtn001.fmdl</containerEntry>
        </property>
        <property name="geomFile" type="FilePtr" container="StaticArray" arraySize="1">
          <containerEntry>/Assets/tpp/environ/object/middle_africa/cliff/mafr_clff003/scenes/mafr_clff003_vrtn001.geom</containerEntry>
        </property>
        <property name="isVisibleGeom" type="Bool" container="StaticArray" arraySize="1">
          <containerEntry>false</containerEntry>
        </property>
        <property name="lodFarSize" type="Float" container="StaticArray" arraySize="1">
          <containerEntry>-1</containerEntry>
        </property>
        <property name="lodNearSize" type="Float" container="StaticArray" arraySize="1">
          <containerEntry>-1</containerEntry>
        </property>
        <property name="lodPolygonSize" type="Float" container="StaticArray" arraySize="1">
          <containerEntry>-1</containerEntry>
        </property>
        <property name="drawRejectionLevel" type="Int32" container="StaticArray" arraySize="1">
          <containerEntry>8</containerEntry>
        </property>
        <property name="drawMode" type="Int32" container="StaticArray" arraySize="1">
          <containerEntry>0</containerEntry>
        </property>
        <property name="rejectFarRangeShadowCast" type="Int32" container="StaticArray" arraySize="1">
          <containerEntry>2</containerEntry>
        </property>
        <property name="parentLocator" type="EntityLink" container="StaticArray" arraySize="1">
          <containerEntry packagePathHash="0xB8A0BF169F98" archivePathHash="0xB8A0BF169F98" nameInArchiveHash="0xB8A0BF169F98">0x0</containerEntry>
        </property>
        <property name="transforms" type="Matrix4" container="DynamicArray" arraySize="25">
          <containerEntry r11="-0.2739911" r12="-0.06836816" r13="0.9592961" r14="0" r21="0.7779306" r22="0.5707224" r23="0.26286605" r24="0" r31="-0.5654628" r32="0.81829035" r33="-0.103186265" r34="0" r41="1774.384" r42="-16.49531" r43="1043.7828" r44="1"></containerEntry>
          <containerEntry r11="-0.5959306" r12="-0.16511932" r13="0.7858733" r14="0" r21="0.19679506" r22="0.91876125" r23="0.3422708" r24="0" r31="-0.7785454" r32="0.35862643" r33="-0.51502305" r34="0" r41="1783.076" r42="-16.944769" r43="1055.6442" r44="1"></containerEntry>
          <containerEntry r11="-0.051927544" r12="-0.020185867" r13="-0.9984439" r14="0" r21="-0.73958653" r22="0.6726011" r23="0.024867982" r24="0" r31="0.6710518" r32="0.7397284" r33="-0.04985506" r34="0" r41="1787.0397" r42="-16.09571" r43="1062.5408" r44="1"></containerEntry>
          <containerEntry r11="-0.8595783" r12="-0.006724738" r13="-0.51095295" r14="0" r21="-0.42950368" r22="0.55124265" r23="0.715302" r24="0" r31="0.27684852" r32="0.8343164" r33="-0.4767235" r34="0" r41="1729.7383" r42="-12.100182" r43="1033.9532" r44="1"></containerEntry>
          <containerEntry r11="-0.9893375" r12="-0.14467824" r13="0.016459731" r14="0" r21="-0.067403555" r22="0.5552299" r23="0.82896024" r24="0" r31="-0.12907162" r32="0.8190147" r33="-0.5590601" r34="0" r41="1722.9553" r42="-11.385057" r43="1029.263" r44="1"></containerEntry>
          <containerEntry r11="0.10263011" r12="-0.07495536" r13="-0.9918881" r14="0" r21="-0.50844145" r22="0.8531003" r23="-0.117074" r24="0" r31="0.854955" r32="0.5163334" r33="0.049443614" r34="0" r41="1751.617" r42="-11.274992" r43="1029.9214" r44="1"></containerEntry>
          <containerEntry r11="0.36199868" r12="-0.001096297" r13="0.6568519" r14="0" r21="0.3156015" r22="0.6580458" r23="-0.17283247" r24="0" r31="-0.57606536" r32="0.3598252" r33="0.31807703" r34="0" r41="1779.5822" r42="-15.807245" r43="1081.7582" r44="1"></containerEntry>
          <containerEntry r11="-0.12637943" r12="-0.027397424" r13="-0.7387657" r14="0" r21="-0.53923273" r22="0.5161228" r23="0.07310627" r24="0" r31="0.50572073" r32="0.54347575" r33="-0.10666734" r34="0" r41="1743.9073" r42="-15.356623" r43="1078.2778" r44="1"></containerEntry>
          <containerEntry r11="-0.700274" r12="-0.15726262" r13="0.21766561" r14="0" r21="0.050185964" r22="0.52057475" r23="0.5375707" r24="0" r31="-0.2638015" r32="0.5164972" r33="-0.47553545" r34="0" r41="1750.8633" r42="-15.35827" r43="1085.6703" r44="1"></containerEntry>
          <containerEntry r11="-0.6247441" r12="0.21364689" r13="-0.35573044" r14="0" r21="-0.15283993" r22="0.47927544" r23="0.55626786" r24="0" r31="0.38578373" r32="0.53586286" r33="-0.3556928" r34="0" r41="1730.2551" r42="-13.837819" r43="1068.6365" r44="1"></containerEntry>
          <containerEntry r11="0.7298043" r12="-0.17267767" r13="0.008255744" r14="0" r21="0.12715462" r22="0.5119151" r23="-0.5331735" r24="0" r31="0.11712147" r32="0.520216" r33="0.5274061" r34="0" r41="1733.4373" r42="-14.216822" r43="1066.1" r44="1"></containerEntry>
          <containerEntry r11="-0.679332" r12="-0.09976776" r13="-0.3017416" r14="0" r21="-0.31731093" r22="0.25271955" r23="0.6308283" r24="0" r31="0.017758694" r32="0.69905436" r33="-0.27111447" r34="0" r41="1705.6533" r42="-13.009869" r43="1069.6947" r44="1"></containerEntry>
          <containerEntry r11="-0.53029656" r12="0.15507276" r13="0.5071812" r14="0" r21="0.4102242" r22="0.57452106" r23="0.25326064" r24="0" r31="-0.3361495" r32="0.45648363" r33="-0.49104095" r34="0" r41="1698.7615" r42="-13.662065" r43="1082.7294" r44="1"></containerEntry>
          <containerEntry r11="-0.9157205" r12="-0.3935378" r13="0.08107951" r14="0" r21="-0.31096768" r22="0.8219158" r23="0.47723454" r24="0" r31="-0.2544507" r32="0.41180223" r33="-0.87502223" r34="0" r41="1778.44" r42="-16.544037" r43="1062.0785" r44="1"></containerEntry>
          <containerEntry r11="0.21127468" r12="-0.22554779" r13="0.95104414" r14="0" r21="0.71280324" r22="0.7013175" r23="0.0079751015" r24="0" r31="-0.668782" r32="0.6762243" r33="0.30894288" r34="0" r41="1782.7896" r42="-15.618347" r43="1067.4053" r44="1"></containerEntry>
          <containerEntry r11="-0.095064044" r12="-0.027403526" r13="-0.74344516" r14="0" r21="-0.61430013" r22="0.42565632" r23="0.06286121" r24="0" r31="0.41963902" r32="0.61689967" r33="-0.07639781" r34="0" r41="1789.4412" r42="-15.849395" r43="1140.7153" r44="1"></containerEntry>
          <containerEntry r11="0.4250874" r12="-0.13714978" r13="0.6024866" r14="0" r21="0.5363188" r22="0.44506693" r23="-0.27708697" r24="0" r31="-0.30685902" r32="0.58788174" r33="0.3503313" r34="0" r41="1779.377" r42="-15.086709" r43="1135.6084" r44="1"></containerEntry>
          <containerEntry r11="0.6876302" r12="-0.064661734" r13="-0.7231738" r14="0" r21="-0.3348987" r22="0.8554952" r23="-0.3949306" r24="0" r31="0.64420843" r32="0.5137564" r33="0.56660926" r34="0" r41="1748.4971" r42="-11.121507" r43="1025.1075" r44="1"></containerEntry>
          <containerEntry r11="-0.63589144" r12="0.102319345" r13="-0.38427496" r14="0" r21="-0.13815242" r22="0.6227645" r23="0.3944334" r24="0" r31="0.3728946" r32="0.40520927" r33="-0.509166" r34="0" r41="1725.8623" r42="-11.815366" r43="1059.7344" r44="1"></containerEntry>
          <containerEntry r11="-0.6438552" r12="-0.01663534" r13="-0.38427472" r14="0" r21="-0.2505669" r22="0.58663285" r23="0.39443305" r24="0" r31="0.29182187" r32="0.46699512" r33="-0.5091655" r34="0" r41="1718.606" r42="-10.482841" r43="1059.7344" r44="1"></containerEntry>
          <containerEntry r11="-0.71295047" r12="-0.07748619" r13="0.2195242" r14="0" r21="0.082823955" r22="0.5765353" r23="0.47248963" r24="0" r31="-0.21756652" r32="0.47339424" r33="-0.53949684" r34="0" r41="1708.5703" r42="-10.458623" r43="1057.246" r44="1"></containerEntry>
          <containerEntry r11="1" r12="0" r13="0" r14="0" r21="0" r22="0.7071074" r23="-0.70710564" r24="0" r31="0" r32="0.70710564" r33="0.7071074" r34="0" r41="1693.2823" r42="-13.425895" r43="1114.7396" r44="1"></containerEntry>
          <containerEntry r11="0.49999934" r12="-7.748604e-07" r13="0.8660256" r14="0" r21="0.61237246" r22="0.7071073" r23="-0.353552" r24="0" r31="-0.6123727" r32="0.7071061" r33="0.3535537" r34="0" r41="1693.2823" r42="-13.425895" r43="1120.4309" r44="1"></containerEntry>
          <containerEntry r11="-1.2814999e-06" r12="-7.4505806e-07" r13="0.9999994" r14="0" r21="0.7071054" r22="0.7071079" r23="1.847744e-06" r24="0" r31="-0.7071073" r32="0.70710534" r33="-2.3841858e-07" r34="0" r41="1684.3875" r42="-13.425895" r43="1127.6704" r44="1"></containerEntry>
          <containerEntry r11="-0.013910816" r12="-0.060084216" r13="-0.9980949" r14="0" r21="-0.19377187" r22="0.9794321" r23="-0.056259707" r24="0" r31="0.98094654" r32="0.1926203" r33="-0.025267303" r34="0" r41="1759.4137" r42="-13.059021" r43="1025.9882" r44="1"></containerEntry>
        </property>
        <property name="colors" type="UInt32" container="DynamicArray" arraySize="25">
          <containerEntry>4294967295</containerEntry>
          <containerEntry>4294967295</containerEntry>
          <containerEntry>4294967295</containerEntry>
          <containerEntry>4294967295</containerEntry>
          <containerEntry>4294967295</containerEntry>
          <containerEntry>4294967295</containerEntry>
          <containerEntry>4294967295</containerEntry>
          <containerEntry>4294967295</containerEntry>
          <containerEntry>4294967295</containerEntry>
          <containerEntry>4294967295</containerEntry>
          <containerEntry>4294967295</containerEntry>
          <containerEntry>4294967295</containerEntry>
          <containerEntry>4294967295</containerEntry>
          <containerEntry>4294967295</containerEntry>
          <containerEntry>4294967295</containerEntry>
          <containerEntry>4294967295</containerEntry>
          <containerEntry>4294967295</containerEntry>
          <containerEntry>4294967295</containerEntry>
          <containerEntry>4294967295</containerEntry>
          <containerEntry>4294967295</containerEntry>
          <containerEntry>4294967295</containerEntry>
          <containerEntry>4294967295</containerEntry>
          <containerEntry>4294967295</containerEntry>
          <containerEntry>4294967295</containerEntry>
          <containerEntry>4294967295</containerEntry>
        </property>
      </staticProperties>
      <dynamicProperties></dynamicProperties>
    </entity>
    <entity class="StaticModelArray" classVersion="4" classID="0xD0" addr="0x317E1D0" id="0x0">
      <staticProperties>
        <property name="name" type="String" container="StaticArray" arraySize="1">
          <containerEntry>StaticModelArray0002</containerEntry>
        </property>
        <property name="dataSet" type="EntityHandle" container="StaticArray" arraySize="1">
          <containerEntry>0x3304A00</containerEntry>
        </property>
        <property name="modelFile" type="FilePtr" container="StaticArray" arraySize="1">
          <containerEntry>/Assets/tpp/environ/object/middle_africa/rock/mafr_rock001/scenes/mafr_rock001.fmdl</containerEntry>
        </property>
        <property name="geomFile" type="FilePtr" container="StaticArray" arraySize="1">
          <containerEntry>/Assets/tpp/environ/object/middle_africa/rock/mafr_rock001/scenes/mafr_rock001.geom</containerEntry>
        </property>
        <property name="isVisibleGeom" type="Bool" container="StaticArray" arraySize="1">
          <containerEntry>false</containerEntry>
        </property>
        <property name="lodFarSize" type="Float" container="StaticArray" arraySize="1">
          <containerEntry>-1</containerEntry>
        </property>
        <property name="lodNearSize" type="Float" container="StaticArray" arraySize="1">
          <containerEntry>-1</containerEntry>
        </property>
        <property name="lodPolygonSize" type="Float" container="StaticArray" arraySize="1">
          <containerEntry>-1</containerEntry>
        </property>
        <property name="drawRejectionLevel" type="Int32" container="StaticArray" arraySize="1">
          <containerEntry>8</containerEntry>
        </property>
        <property name="drawMode" type="Int32" container="StaticArray" arraySize="1">
          <containerEntry>0</containerEntry>
        </property>
        <property name="rejectFarRangeShadowCast" type="Int32" container="StaticArray" arraySize="1">
          <containerEntry>2</containerEntry>
        </property>
        <property name="parentLocator" type="EntityLink" container="StaticArray" arraySize="1">
          <containerEntry packagePathHash="0xB8A0BF169F98" archivePathHash="0xB8A0BF169F98" nameInArchiveHash="0xB8A0BF169F98">0x0</containerEntry>
        </property>
        <property name="transforms" type="Matrix4" container="DynamicArray" arraySize="8">
          <containerEntry r11="0.939486" r12="-0.06993615" r13="0.33536977" r14="0" r21="0.034342878" r22="0.99323606" r23="0.110917695" r24="0" r31="-0.34085816" r32="-0.092687964" r33="0.9355322" r34="0" r41="1752.2297" r42="-11.642049" r43="1053.7498" r44="1"></containerEntry>
          <containerEntry r11="0.9253792" r12="0.10495198" r13="-0.3642201" r14="0" r21="-0.070809975" r22="0.99185246" r23="0.105899595" r24="0" r31="0.3723666" r32="-0.07220676" r33="0.9252704" r34="0" r41="1755.0577" r42="-11.24512" r43="1047.9906" r44="1"></containerEntry>
          <containerEntry r11="-0.95854914" r12="0" r13="-0.28491876" r14="0" r21="0" r22="1" r23="0" r24="0" r31="0.28491876" r32="0" r33="-0.95854914" r34="0" r41="1746.7139" r42="-12.546369" r43="1092.421" r44="1"></containerEntry>
          <containerEntry r11="0.42602962" r12="0" r13="-0.9047081" r14="0" r21="0" r22="1" r23="0" r24="0" r31="0.9047081" r32="0" r33="0.42602962" r34="0" r41="1746.7139" r42="-11.941579" r43="1078.3516" r44="1"></containerEntry>
          <containerEntry r11="0.36954337" r12="0" r13="-0.9292131" r14="0" r21="0" r22="1" r23="0" r24="0" r31="0.9292131" r32="0" r33="0.36954337" r34="0" r41="1721.6676" r42="-9.591622" r43="1102.4579" r44="1"></containerEntry>
          <containerEntry r11="0.7322245" r12="0.26321623" r13="0.18591487" r14="0" r21="-0.2679216" r22="0.7537086" r23="-0.01188489" r24="0" r31="-0.17906742" r32="-0.051385343" r33="0.7780067" r34="0" r41="1722.669" r42="-10.066385" r43="1121.8402" r44="1"></containerEntry>
          <containerEntry r11="-0.20036545" r12="-0.08336591" r13="-0.77000153" r14="0" r21="-0.26792225" r22="0.7537084" r23="-0.011884356" r24="0" r31="0.7266842" r32="0.25489938" r33="-0.21669088" r34="0" r41="1721.4037" r42="-10.066385" r43="1116.3905" r44="1"></containerEntry>
          <containerEntry r11="0.365367" r12="0.030642545" r13="-0.71103287" r14="0" r21="0.3427871" r22="0.69286376" r23="0.2060018" r24="0" r31="0.6237016" r32="-0.39874902" r33="0.30330712" r34="0" r41="1731.4403" r42="-10.066385" r43="1121.9292" r44="1"></containerEntry>
        </property>
        <property name="colors" type="UInt32" container="DynamicArray" arraySize="8">
          <containerEntry>4294967295</containerEntry>
          <containerEntry>4294967295</containerEntry>
          <containerEntry>4294967295</containerEntry>
          <containerEntry>4294967295</containerEntry>
          <containerEntry>4294967295</containerEntry>
          <containerEntry>4294967295</containerEntry>
          <containerEntry>4294967295</containerEntry>
          <containerEntry>4294967295</containerEntry>
        </property>
      </staticProperties>
      <dynamicProperties></dynamicProperties>
    </entity>
    <entity class="StaticModelArray" classVersion="4" classID="0xD0" addr="0x317E400" id="0x0">
      <staticProperties>
        <property name="name" type="String" container="StaticArray" arraySize="1">
          <containerEntry>StaticModelArray0003</containerEntry>
        </property>
        <property name="dataSet" type="EntityHandle" container="StaticArray" arraySize="1">
          <containerEntry>0x3304A00</containerEntry>
        </property>
        <property name="modelFile" type="FilePtr" container="StaticArray" arraySize="1">
          <containerEntry>/Assets/tpp/environ/object/middle_africa/rock/mafr_rock001/scenes/mafr_rock001_vrtn003.fmdl</containerEntry>
        </property>
        <property name="geomFile" type="FilePtr" container="StaticArray" arraySize="1">
          <containerEntry>/Assets/tpp/environ/object/middle_africa/rock/mafr_rock001/scenes/mafr_rock001_vrtn003.geom</containerEntry>
        </property>
        <property name="isVisibleGeom" type="Bool" container="StaticArray" arraySize="1">
          <containerEntry>false</containerEntry>
        </property>
        <property name="lodFarSize" type="Float" container="StaticArray" arraySize="1">
          <containerEntry>-1</containerEntry>
        </property>
        <property name="lodNearSize" type="Float" container="StaticArray" arraySize="1">
          <containerEntry>-1</containerEntry>
        </property>
        <property name="lodPolygonSize" type="Float" container="StaticArray" arraySize="1">
          <containerEntry>-1</containerEntry>
        </property>
        <property name="drawRejectionLevel" type="Int32" container="StaticArray" arraySize="1">
          <containerEntry>8</containerEntry>
        </property>
        <property name="drawMode" type="Int32" container="StaticArray" arraySize="1">
          <containerEntry>0</containerEntry>
        </property>
        <property name="rejectFarRangeShadowCast" type="Int32" container="StaticArray" arraySize="1">
          <containerEntry>2</containerEntry>
        </property>
        <property name="parentLocator" type="EntityLink" container="StaticArray" arraySize="1">
          <containerEntry packagePathHash="0xB8A0BF169F98" archivePathHash="0xB8A0BF169F98" nameInArchiveHash="0xB8A0BF169F98">0x0</containerEntry>
        </property>
        <property name="transforms" type="Matrix4" container="DynamicArray" arraySize="14">
          <containerEntry r11="-0.98482406" r12="0.04644468" r13="-0.16722399" r14="0" r21="0.033242077" r22="0.9961674" r23="0.0809041" r24="0" r31="0.17034064" r32="0.07411738" r33="-0.98259354" r34="0" r41="1753.165" r42="-11.830629" r43="1050.536" r44="1"></containerEntry>
          <containerEntry r11="-0.038187195" r12="0.08175806" r13="0.9959188" r14="0" r21="0.1417283" r22="0.9870151" r23="-0.075592846" r24="0" r31="-0.9891673" r32="0.13826317" r33="-0.049278755" r34="0" r41="1773.01" r42="-12.932399" r43="1096.9458" r44="1"></containerEntry>
          <containerEntry r11="-0.1260434" r12="0.094223045" r13="-0.98753697" r14="0" r21="0.12810501" r22="0.98869" r23="0.077982314" r24="0" r31="0.98371565" r32="-0.1166793" r33="-0.13668825" r34="0" r41="1772.7709" r42="-12.969584" r43="1092.1334" r44="1"></containerEntry>
          <containerEntry r11="-0.7956645" r12="-0.01072315" r13="-0.60563546" r14="0" r21="-0.055090375" r22="0.9969806" r23="0.054723952" r24="0" r31="0.60322005" r32="0.07690676" r33="-0.7938528" r34="0" r41="1782.1063" r42="-12.910518" r43="1076.4355" r44="1"></containerEntry>
          <containerEntry r11="-0.8962237" r12="0.088282056" r13="-0.43471906" r14="0" r21="0.099989004" r22="0.99498016" r23="-0.0040804483" r24="0" r31="0.43217665" r32="-0.047124185" r33="-0.900552" r34="0" r41="1748.701" r42="-12.692132" r43="1133.398" r44="1"></containerEntry>
          <containerEntry r11="-0.038187195" r12="0.08175806" r13="0.9959188" r14="0" r21="0.1417283" r22="0.9870151" r23="-0.075592846" r24="0" r31="-0.9891673" r32="0.13826317" r33="-0.049278755" r34="0" r41="1748.9402" r42="-12.932399" r43="1137.8684" r44="1"></containerEntry>
          <containerEntry r11="0.8507888" r12="0.11951861" r13="-0.51172644" r14="0" r21="-0.08040479" r22="0.9919334" r23="0.09799576" r24="0" r31="0.51931083" r32="-0.04222844" r33="0.8535356" r34="0" r41="1727.6298" r42="-10.014323" r43="1117.6106" r44="1"></containerEntry>
