<fox formatVersion="2" fileVersion="0">
  <entities>
    <entity class="DataSet" classVersion="0" classID="0xE8" addr="0x32EB140" id="0x78C7E">
      <staticProperties>
        <property name="name" type="String" container="StaticArray" arraySize="1">
          <containerEntry hash="0xB8A0BF169F98"></containerEntry>
        </property>
        <property name="dataSet" type="EntityHandle" container="StaticArray" arraySize="1">
          <containerEntry>0x0</containerEntry>
        </property>
        <property name="dataList" type="EntityPtr" container="StringMap" arraySize="6">
          <containerEntry key="afgh_clff029_0011">
            <data>0x32EA960</data>
          </containerEntry>
          <containerEntry key="StaticModelArray0000">
            <data>0x31798C0</data>
          </containerEntry>
          <containerEntry key="StaticModelArray0001">
            <data>0x3179930</data>
          </containerEntry>
          <containerEntry key="StaticModelArray0002">
            <data>0x3179A10</data>
          </containerEntry>
          <containerEntry key="StaticModelArray0003">
            <data>0x31799A0</data>
          </containerEntry>
          <containerEntry key="TexturePackLoadConditioner0000">
            <data>0x3179F50</data>
          </containerEntry>
        </property>
      </staticProperties>
      <dynamicProperties></dynamicProperties>
    </entity>
    <entity class="StaticModel" classVersion="9" classID="0x160" addr="0x32EA960" id="0x78CA7">
      <staticProperties>
        <property name="name" type="String" container="StaticArray" arraySize="1">
          <containerEntry>afgh_clff029_0011</containerEntry>
        </property>
        <property name="dataSet" type="EntityHandle" container="StaticArray" arraySize="1">
          <containerEntry>0x32EB140</containerEntry>
        </property>
        <property name="parent" type="EntityHandle" container="StaticArray" arraySize="1">
          <containerEntry>0x0</containerEntry>
        </property>
        <property name="transform" type="EntityPtr" container="StaticArray" arraySize="1">
          <containerEntry>0x32EA8F0</containerEntry>
        </property>
        <property name="shearTransform" type="EntityPtr" container="StaticArray" arraySize="1">
          <containerEntry>0x0</containerEntry>
        </property>
        <property name="pivotTransform" type="EntityPtr" container="StaticArray" arraySize="1">
          <containerEntry>0x0</containerEntry>
        </property>
        <property name="children" type="EntityHandle" container="List"></property>
        <property name="flags" type="UInt32" container="StaticArray" arraySize="1">
          <containerEntry>3221225479</containerEntry>
        </property>
        <property name="modelFile" type="FilePtr" container="StaticArray" arraySize="1">
          <containerEntry>/Assets/tpp/environ/object/afghanistan/cliff/afgh_clff029/scenes/afgh_clff029.fmdl</containerEntry>
        </property>
        <property name="geomFile" type="FilePtr" container="StaticArray" arraySize="1">
          <containerEntry>/Assets/tpp/environ/object/afghanistan/cliff/afgh_clff029/scenes/afgh_clff029.geom</containerEntry>
        </property>
        <property name="isVisibleGeom" type="Bool" container="StaticArray" arraySize="1">
          <containerEntry>false</containerEntry>
        </property>
        <property name="isIsolated" type="Bool" container="StaticArray" arraySize="1">
          <containerEntry>false</containerEntry>
        </property>
        <property name="lodFarSize" type="Float" container="StaticArray" arraySize="1">
          <containerEntry>-1</containerEntry>
        </property>
        <property name="lodNearSize" type="Float" container="StaticArray" arraySize="1">
          <containerEntry>-1</containerEntry>
        </property>
        <property name="lodPolygonSize" type="Float" container="StaticArray" arraySize="1">
          <containerEntry>-1</containerEntry>
        </property>
        <property name="color" type="Color" container="StaticArray" arraySize="1">
          <containerEntry r="1" g="1" b="1" a="1"></containerEntry>
        </property>
        <property name="drawRejectionLevel" type="Int32" container="StaticArray" arraySize="1">
          <containerEntry>8</containerEntry>
        </property>
        <property name="drawMode" type="Int32" container="StaticArray" arraySize="1">
          <containerEntry>0</containerEntry>
        </property>
        <property name="rejectFarRangeShadowCast" type="Int32" container="StaticArray" arraySize="1">
          <containerEntry>2</containerEntry>
        </property>
      </staticProperties>
      <dynamicProperties></dynamicProperties>
    </entity>
    <entity class="TransformEntity" classVersion="0" classID="0x50" addr="0x32EA8F0" id="0x78CAA">
      <staticProperties>
        <property name="owner" type="EntityHandle" container="StaticArray" arraySize="1">
          <containerEntry>0x32EA960</containerEntry>
        </property>
        <property name="transform_scale" type="Vector3" container="StaticArray" arraySize="1">
          <containerEntry x="1" y="1" z="1" w="0"></containerEntry>
        </property>
        <property name="transform_rotation_quat" type="Quat" container="StaticArray" arraySize="1">
          <containerEntry x="-0.013665" y="0.773171" z="0.000237" w="0.63405"></containerEntry>
        </property>
        <property name="transform_translation" type="Vector3" container="StaticArray" arraySize="1">
          <containerEntry x="266.68008" y="270.41977" z="2395.6287" w="0"></containerEntry>
        </property>
      </staticProperties>
      <dynamicProperties></dynamicProperties>
    </entity>
    <entity class="StaticModelArray" classVersion="4" classID="0xD0" addr="0x31798C0" id="0x0">
      <staticProperties>
        <property name="name" type="String" container="StaticArray" arraySize="1">
          <containerEntry>StaticModelArray0000</containerEntry>
        </property>
        <property name="dataSet" type="EntityHandle" container="StaticArray" arraySize="1">
          <containerEntry>0x32EB140</containerEntry>
        </property>
        <property name="modelFile" type="FilePtr" container="StaticArray" arraySize="1">
          <containerEntry>/Assets/tpp/environ/object/afghanistan/ground/afgh_grnd003/scenes/afgh_grnd003.fmdl</containerEntry>
        </property>
        <property name="geomFile" type="FilePtr" container="StaticArray" arraySize="1">
          <containerEntry>/Assets/tpp/environ/object/afghanistan/ground/afgh_grnd003/scenes/afgh_grnd003.geom</containerEntry>
        </property>
        <property name="isVisibleGeom" type="Bool" container="StaticArray" arraySize="1">
          <containerEntry>false</containerEntry>
        </property>
        <property name="lodFarSize" type="Float" container="StaticArray" arraySize="1">
          <containerEntry>-1</containerEntry>
        </property>
        <property name="lodNearSize" type="Float" container="StaticArray" arraySize="1">
          <containerEntry>-1</containerEntry>
        </property>
        <property name="lodPolygonSize" type="Float" container="StaticArray" arraySize="1">
          <containerEntry>-1</containerEntry>
        </property>
        <property name="drawRejectionLevel" type="Int32" container="StaticArray" arraySize="1">
          <containerEntry>8</containerEntry>
        </property>
        <property name="drawMode" type="Int32" container="StaticArray" arraySize="1">
          <containerEntry>0</containerEntry>
        </property>
        <property name="rejectFarRangeShadowCast" type="Int32" container="StaticArray" arraySize="1">
          <containerEntry>2</containerEntry>
        </property>
        <property name="parentLocator" type="EntityLink" container="StaticArray" arraySize="1">
          <containerEntry packagePathHash="0xB8A0BF169F98" archivePathHash="0xB8A0BF169F98" nameInArchiveHash="0xB8A0BF169F98">0x0</containerEntry>
        </property>
        <property name="transforms" type="Matrix4" container="DynamicArray" arraySize="2">
          <containerEntry r11="-0.6158805" r12="0" r13="0.78783923" r14="0" r21="0" r22="1" r23="0" r24="0" r31="-0.78783923" r32="0" r33="-0.6158805" r34="0" r41="333.43384" r42="268.22412" r43="2316.7297" r44="1"></containerEntry>
          <containerEntry r11="-0.42508042" r12="0" r13="0.9051526" r14="0" r21="0" r22="1" r23="0" r24="0" r31="-0.9051526" r32="0" r33="-0.42508042" r34="0" r41="299.4402" r42="268.75507" r43="2315.5474" r44="1"></containerEntry>
        </property>
        <property name="colors" type="UInt32" container="DynamicArray" arraySize="2">
          <containerEntry>4294967295</containerEntry>
          <containerEntry>4294967295</containerEntry>
        </property>
      </staticProperties>
      <dynamicProperties></dynamicProperties>
    </entity>
    <entity class="StaticModelArray" classVersion="4" classID="0xD0" addr="0x3179930" id="0x0">
      <staticProperties>
        <property name="name" type="String" container="StaticArray" arraySize="1">
          <containerEntry>StaticModelArray0001</containerEntry>
        </property>
        <property name="dataSet" type="EntityHandle" container="StaticArray" arraySize="1">
          <containerEntry>0x32EB140</containerEntry>
        </property>
        <property name="modelFile" type="FilePtr" container="StaticArray" arraySize="1">
          <containerEntry>/Assets/tpp/environ/object/middle_africa/rock/mafr_rock010/scenes/mafr_rock010_vrtn001.fmdl</containerEntry>
        </property>
        <property name="geomFile" type="FilePtr" container="StaticArray" arraySize="1">
          <containerEntry>/Assets/tpp/environ/object/middle_africa/rock/mafr_rock010/scenes/mafr_rock010_vrtn001.geom</containerEntry>
        </property>
        <property name="isVisibleGeom" type="Bool" container="StaticArray" arraySize="1">
          <containerEntry>false</containerEntry>
        </property>
        <property name="lodFarSize" type="Float" container="StaticArray" arraySize="1">
          <containerEntry>-1</containerEntry>
        </property>
        <property name="lodNearSize" type="Float" container="StaticArray" arraySize="1">
          <containerEntry>-1</containerEntry>
        </property>
        <property name="lodPolygonSize" type="Float" container="StaticArray" arraySize="1">
          <containerEntry>-1</containerEntry>
        </property>
        <property name="drawRejectionLevel" type="Int32" container="StaticArray" arraySize="1">
          <containerEntry>8</containerEntry>
        </property>
        <property name="drawMode" type="Int32" container="StaticArray" arraySize="1">
          <containerEntry>0</containerEntry>
        </property>
        <property name="rejectFarRangeShadowCast" type="Int32" container="StaticArray" arraySize="1">
          <containerEntry>2</containerEntry>
        </property>
        <property name="parentLocator" type="EntityLink" container="StaticArray" arraySize="1">
          <containerEntry packagePathHash="0xB8A0BF169F98" archivePathHash="0xB8A0BF169F98" nameInArchiveHash="0xB8A0BF169F98">0x0</containerEntry>
        </property>
        <property name="transforms" type="Matrix4" container="DynamicArray" arraySize="11">
          <containerEntry r11="0.72893816" r12="0.16310623" r13="0.6648646" r14="0" r21="-0.023145579" r22="0.9765187" r23="-0.21418564" r24="0" r31="-0.6841877" r32="0.14073934" r33="0.7155969" r34="0" r41="324.0149" r42="270.51974" r43="2309.8225" r44="1"></containerEntry>
          <containerEntry r11="0.79636276" r12="-0.22663411" r13="-0.56075233" r14="0" r21="0.2549748" r22="0.96652687" r23="-0.028525125" r24="0" r31="0.54844695" r32="-0.120261416" r33="0.827492" r34="0" r41="265.07358" r42="273.9474" r43="2424.7024" r44="1"></containerEntry>
          <containerEntry r11="-0.6397578" r12="0.14650506" r13="-0.75448495" r14="0" r21="0.25497565" r22="0.9665267" r23="-0.028524697" r24="0" r31="0.72505087" r32="-0.21062408" r33="-0.6556982" r34="0" r41="262.0388" r42="274.42395" r43="2423.8406" r44="1"></containerEntry>
          <containerEntry r11="-0.79833734" r12="0.09438609" r13="0.59476596" r14="0" r21="0.093980886" r22="0.9950671" r23="-0.03176365" r24="0" r31="-0.5948301" r32="0.03053852" r33="-0.80326974" r34="0" r41="257.8982" r42="275.18506" r43="2405.241" r44="1"></containerEntry>
          <containerEntry r11="0.93590736" r12="0.102832384" r13="-0.3369015" r14="0" r21="-0.061352916" r22="0.9894079" r23="0.13155906" r24="0" r31="0.34686154" r32="-0.10245715" r33="0.9323032" r34="0" r41="285.5784" r42="267.4689" r43="2340.2202" r44="1"></containerEntry>
          <containerEntry r11="0.5795467" r12="-0.011797652" r13="-0.81485146" r14="0" r21="-0.36099088" r22="0.8927275" r23="-0.2696707" r24="0" r31="0.7306214" r32="0.45044145" r33="0.5131186" r34="0" r41="270.7945" r42="266.0192" r43="2331.322" r44="1"></containerEntry>
          <containerEntry r11="0.72237796" r12="0.0707759" r13="0.6878664" r14="0" r21="-0.021122122" r22="0.9965426" r23="-0.08035423" r24="0" r31="-0.6911753" r32="0.043516874" r33="0.7213753" r34="0" r41="304.12607" r42="267.4234" r43="2322.1758" r44="1"></containerEntry>
          <containerEntry r11="0.34219596" r12="0.23594627" r13="0.9095204" r14="0" r21="0.01242689" r22="0.9667385" r23="-0.25546435" r24="0" r31="-0.9395443" r32="0.09872091" r33="0.327882" r34="0" r41="291.0457" r42="267.41846" r43="2353.3176" r44="1"></containerEntry>
          <containerEntry r11="0.33127856" r12="0.056927465" r13="-0.9418137" r14="0" r21="-0.17853603" r22="0.9839277" r23="-0.003326103" r24="0" r31="0.9264873" r32="0.16924962" r33="0.33611774" r34="0" r41="321.6448" r42="272.06125" r43="2321.4373" r44="1"></containerEntry>
          <containerEntry r11="-0.70161235" r12="-0.13253674" r13="0.70011675" r14="0" r21="-0.24974334" r22="0.9659623" r23="-0.0674155" r24="0" r31="-0.66735125" r32="-0.22214994" r33="-0.71083117" r34="0" r41="306.32303" r42="269.7541" r43="2260.8347" r44="1"></containerEntry>
          <containerEntry r11="0.34769723" r12="-0.12886462" r13="-0.92870724" r14="0" r21="-0.34106508" r22="0.90526915" r23="-0.25330192" r24="0" r31="0.8733716" r32="0.40482235" r33="0.2708084" r34="0" r41="309.12845" r42="270.01733" r43="2255.1248" r44="1"></containerEntry>
        </property>
        <property name="colors" type="UInt32" container="DynamicArray" arraySize="11">
          <containerEntry>4294967295</containerEntry>
          <containerEntry>4294967295</containerEntry>
          <containerEntry>4294967295</containerEntry>
          <containerEntry>4294967295</containerEntry>
          <containerEntry>4294967295</containerEntry>
          <containerEntry>4294967295</containerEntry>
          <containerEntry>4294967295</containerEntry>
          <containerEntry>4294967295</containerEntry>
          <containerEntry>4294967295</containerEntry>
          <containerEntry>4294967295</containerEntry>
          <containerEntry>4294967295</containerEntry>
        </property>
      </staticProperties>
      <dynamicProperties></dynamicProperties>
    </entity>
    <entity class="StaticModelArray" classVersion="4" classID="0xD0" addr="0x3179A10" id="0x0">
      <staticProperties>
        <property name="name" type="String" container="StaticArray" arraySize="1">
          <containerEntry>StaticModelArray0002</containerEntry>
        </property>
        <property name="dataSet" type="EntityHandle" container="StaticArray" arraySize="1">
          <containerEntry>0x32EB140</containerEntry>
        </property>
        <property name="modelFile" type="FilePtr" container="StaticArray" arraySize="1">
          <containerEntry>/Assets/tpp/environ/object/afghanistan/rock/afgh_rock006/scenes/afgh_rock006.fmdl</containerEntry>
        </property>
        <property name="geomFile" type="FilePtr" container="StaticArray" arraySize="1">
          <containerEntry>/Assets/tpp/environ/object/afghanistan/rock/afgh_rock006/scenes/afgh_rock006.geom</containerEntry>
        </property>
        <property name="isVisibleGeom" type="Bool" container="StaticArray" arraySize="1">
          <containerEntry>false</containerEntry>
        </property>
        <property name="lodFarSize" type="Float" container="StaticArray" arraySize="1">
          <containerEntry>-1</containerEntry>
        </property>
        <property name="lodNearSize" type="Float" container="StaticArray" arraySize="1">
          <containerEntry>-1</containerEntry>
        </property>
        <property name="lodPolygonSize" type="Float" container="StaticArray" arraySize="1">
          <containerEntry>-1</containerEntry>
        </property>
        <property name="drawRejectionLevel" type="Int32" container="StaticArray" arraySize="1">
          <containerEntry>8</containerEntry>
        </property>
        <property name="drawMode" type="Int32" container="StaticArray" arraySize="1">
          <containerEntry>0</containerEntry>
        </property>
        <property name="rejectFarRangeShadowCast" type="Int32" container="StaticArray" arraySize="1">
          <containerEntry>2</containerEntry>
        </property>
        <property name="parentLocator" type="EntityLink" container="StaticArray" arraySize="1">
          <containerEntry packagePathHash="0xB8A0BF169F98" archivePathHash="0xB8A0BF169F98" nameInArchiveHash="0xB8A0BF169F98">0x0</containerEntry>
        </property>
        <property name="transforms" type="Matrix4" container="DynamicArray" arraySize="3">
          <containerEntry r11="1" r12="0" r13="0" r14="0" r21="0" r22="0.9538248" r23="-0.30036318" r24="0" r31="0" r32="0.30036318" r33="0.9538248" r34="0" r41="333.7923" r42="276.1875" r43="2331.7625" r44="1"></containerEntry>
          <containerEntry r11="0.93171006" r12="-0.32599866" r13="-0.16012836" r14="0" r21="0.3090223" r22="0.9431805" r23="-0.122129396" r24="0" r31="0.190844" r32="0.06430589" r33="0.97951174" r34="0" r41="276" r42="272.04596" r43="2420" r44="1"></containerEntry>
          <containerEntry r11="1" r12="0" r13="0" r14="0" r21="0" r22="0.8379601" r23="-0.5457312" r24="0" r31="0" r32="0.5457312" r33="0.8379601" r34="0" r41="268" r42="269.4272" r43="2374" r44="1"></containerEntry>
        </property>
        <property name="colors" type="UInt32" container="DynamicArray" arraySize="3">
          <containerEntry>4294967295</containerEntry>
          <containerEntry>4294967295</containerEntry>
          <containerEntry>4294967295</containerEntry>
        </property>
      </staticProperties>
      <dynamicProperties></dynamicProperties>
    </entity>
    <entity class="StaticModelArray" classVersion="4" classID="0xD0" addr="0x31799A0" id="0x0">
      <staticProperties>
        <property name="name" type="String" container="StaticArray" arraySize="1">
          <containerEntry>StaticModelArray0003</containerEntry>
        </property>
        <property name="dataSet" type="EntityHandle" container="StaticArray" arraySize="1">
          <containerEntry>0x32EB140</containerEntry>
        </property>
        <property name="modelFile" type="FilePtr" container="StaticArray" arraySize="1">
          <containerEntry>/Assets/tpp/environ/object/afghanistan/rock/afgh_rock001/scenes/afgh_rock001_vrtn001.fmdl</containerEntry>
        </property>
        <property name="geomFile" type="FilePtr" container="StaticArray" arraySize="1">
          <containerEntry>/Assets/tpp/environ/object/afghanistan/rock/afgh_rock001/scenes/afgh_rock001_vrtn001.geom</containerEntry>
        </property>
        <property name="isVisibleGeom" type="Bool" container="StaticArray" arraySize="1">
          <containerEntry>false</containerEntry>
        </property>
        <property name="lodFarSize" type="Float" container="StaticArray" arraySize="1">
          <containerEntry>-1</containerEntry>
        </property>
        <property name="lodNearSize" type="Float" container="StaticArray" arraySize="1">
          <containerEntry>-1</containerEntry>
        </property>
        <property name="lodPolygonSize" type="Float" container="StaticArray" arraySize="1">
          <containerEntry>-1</containerEntry>
        </property>
        <property name="drawRejectionLevel" type="Int32" container="StaticArray" arraySize="1">
          <containerEntry>8</containerEntry>
        </property>
        <property name="drawMode" type="Int32" container="StaticArray" arraySize="1">
          <containerEntry>0</containerEntry>
        </property>
        <property name="rejectFarRangeShadowCast" type="Int32" container="StaticArray" arraySize="1">
          <containerEntry>2</containerEntry>
        </property>
        <property name="parentLocator" type="EntityLink" container="StaticArray" arraySize="1">
          <containerEntry packagePathHash="0xB8A0BF169F98" archivePathHash="0xB8A0BF169F98" nameInArchiveHash="0xB8A0BF169F98">0x0</containerEntry>
        </property>
        <property name="transforms" type="Matrix4" container="DynamicArray" arraySize="10">
          <containerEntry r11="0.6468723" r12="0" r13="-0.76259845" r14="0" r21="0" r22="1" r23="0" r24="0" r31="0.76259845" r32="0" r33="0.6468723" r34="0" r41="338.62097" r42="277.02484" r43="2317.8203" r44="1"></containerEntry>
          <containerEntry r11="-0.9291116" r12="0" r13="-0.3698028" r14="0" r21="0" r22="1" r23="0" r24="0" r31="0.3698028" r32="0" r33="-0.9291116" r34="0" r41="275.43594" r42="271.877" r43="2412.4182" r44="1"></containerEntry>
          <containerEntry r11="0.5868268" r12="0" r13="0.8097129" r14="0" r21="0" r22="1" r23="0" r24="0" r31="-0.8097129" r32="0" r33="0.5868268" r34="0" r41="270" r42="273.38818" r43="2428" r44="1"></containerEntry>
          <containerEntry r11="0.3928821" r12="-0.7428098" r13="0.5421046" r14="0" r21="0.43590105" r22="0.66950256" r23="0.60146207" r24="0" r31="-0.8097123" r32="2.3841858e-07" r33="0.5868271" r34="0" r41="249.19682" r42="276.93408" r43="2406" r44="1"></containerEntry>
          <containerEntry r11="-0.8763951" r12="0" r13="-0.48159283" r14="0" r21="0" r22="1" r23="0" r24="0" r31="0.48159283" r32="0" r33="-0.8763951" r34="0" r41="266.05774" r42="274.40872" r43="2404" r44="1"></containerEntry>
          <containerEntry r11="-0.8763951" r12="0" r13="-0.48159283" r14="0" r21="0" r22="1" r23="0" r24="0" r31="0.48159283" r32="0" r33="-0.8763951" r34="0" r41="262" r42="274.7141" r43="2416.4053" r44="1"></containerEntry>
          <containerEntry r11="0.43118864" r12="-0.76114374" r13="0.48449624" r14="0" r21="0.50602096" r22="0.64858323" r23="0.56857944" r24="0" r31="-0.7470068" r32="2.0861626e-07" r33="0.6648164" r34="0" r41="269.93417" r42="273.7238" r43="2408.2463" r44="1"></containerEntry>
          <containerEntry r11="-0.9375987" r12="-0.12214494" r13="-0.3255559" r14="0" r21="-0.12310095" r22="0.9922355" r23="-0.017745264" r24="0" r31="0.32519558" r32="0.023438308" r33="-0.9453549" r34="0" r41="262" r42="268.81952" r43="2368" r44="1"></containerEntry>
          <containerEntry r11="-0.9375987" r12="-0.12214494" r13="-0.3255559" r14="0" r21="-0.12310095" r22="0.9922355" r23="-0.017745264" r24="0" r31="0.32519558" r32="0.023438308" r33="-0.9453549" r34="0" r41="259.42175" r42="269.38107" r43="2364.8062" r44="1"></containerEntry>
          <containerEntry r11="0.6468717" r12="-5.811453e-07" r13="-0.76259893" r14="0" r21="-0.46508723" r22="-0.79250073" r23="-0.3945079" r24="0" r31="-0.6043599" r32="0.60987103" r33="-0.51264656" r34="0" r41="266.66068" r42="268.79468" r43="2368.6492" r44="1"></containerEntry>
        </property>
        <property name="colors" type="UInt32" container="DynamicArray" arraySize="10">
          <containerEntry>4294967295</containerEntry>
          <containerEntry>4294967295</containerEntry>
          <containerEntry>4294967295</containerEntry>
          <containerEntry>4294967295</containerEntry>
          <containerEntry>4294967295</containerEntry>
          <containerEntry>4294967295</containerEntry>
          <containerEntry>4294967295</containerEntry>
          <containerEntry>4294967295</containerEntry>
          <containerEntry>4294967295</containerEntry>
          <containerEntry>4294967295</containerEntry>
        </property>
      </staticProperties>
      <dynamicProperties></dynamicProperties>
    </entity>
    <entity class="TexturePackLoadConditioner" classVersion="0" classID="0x48" addr="0x3179F50" id="0x0">
      <staticProperties>
        <property name="name" type="String" container="StaticArray" arraySize="1">
          <containerEntry>TexturePackLoadConditioner0000</containerEntry>
        </property>
        <property name="dataSet" type="EntityHandle" container="StaticArray" arraySize="1">
          <containerEntry>0x32EB140</containerEntry>
        </property>
        <property name="texturePackPath" type="Path" container="StaticArray" arraySize="1">
          <containerEntry hash="0xB8A0BF169F98"></containerEntry>
        </property>
      </staticProperties>
      <dynamicProperties></dynamicProperties>
    </entity>
  </entities>
</fox>