<fox formatVersion="2" fileVersion="0">
  <entities>
    <entity class="DataSet" classVersion="0" classID="0xE8" addr="0x2EE2C40" id="0x608D3">
      <staticProperties>
        <property name="name" type="String" container="StaticArray" arraySize="1">
          <containerEntry hash="0xB8A0BF169F98"></containerEntry>
        </property>
        <property name="dataSet" type="EntityHandle" container="StaticArray" arraySize="1">
          <containerEntry>0x0</containerEntry>
        </property>
        <property name="dataList" type="EntityPtr" container="StringMap" arraySize="10">
          <containerEntry key="afgh_clff027_vrtn007_0017">
            <data>0x2EE2E70</data>
          </containerEntry>
          <containerEntry key="afgh_clff027_vrtn006_0003">
            <data>0x2EE31F0</data>
          </containerEntry>
          <containerEntry key="afgh_clff027_vrtn005_0009">
            <data>0x2EE3730</data>
          </containerEntry>
          <containerEntry key="StaticModelArray0000">
            <data>0x2D7A810</data>
          </containerEntry>
          <containerEntry key="StaticModelArray0001">
            <data>0x2D7A880</data>
          </containerEntry>
          <containerEntry key="StaticModelArray0002">
            <data>0x2D7A8F0</data>
          </containerEntry>
          <containerEntry key="StaticModelArray0003">
            <data>0x2EE2700</data>
          </containerEntry>
          <containerEntry key="StaticModelArray0004">
            <data>0x2D7A0A0</data>
          </containerEntry>
          <containerEntry key="GeoxPathPack0000">
            <data>0x2D7A6C0</data>
          </containerEntry>
          <containerEntry key="TexturePackLoadConditioner0000">
            <data>0x2D7ACE0</data>
          </containerEntry>
        </property>
      </staticProperties>
      <dynamicProperties></dynamicProperties>
    </entity>
    <entity class="StaticModel" classVersion="9" classID="0x160" addr="0x2EE2E70" id="0x608DE">
      <staticProperties>
        <property name="name" type="String" container="StaticArray" arraySize="1">
          <containerEntry>afgh_clff027_vrtn007_0017</containerEntry>
        </property>
        <property name="dataSet" type="EntityHandle" container="StaticArray" arraySize="1">
          <containerEntry>0x2EE2C40</containerEntry>
        </property>
        <property name="parent" type="EntityHandle" container="StaticArray" arraySize="1">
          <containerEntry>0x0</containerEntry>
        </property>
        <property name="transform" type="EntityPtr" container="StaticArray" arraySize="1">
          <containerEntry>0x2EE2EE0</containerEntry>
        </property>
        <property name="shearTransform" type="EntityPtr" container="StaticArray" arraySize="1">
          <containerEntry>0x0</containerEntry>
        </property>
        <property name="pivotTransform" type="EntityPtr" container="StaticArray" arraySize="1">
          <containerEntry>0x0</containerEntry>
        </property>
        <property name="children" type="EntityHandle" container="List"></property>
        <property name="flags" type="UInt32" container="StaticArray" arraySize="1">
          <containerEntry>2147483655</containerEntry>
        </property>
        <property name="modelFile" type="FilePtr" container="StaticArray" arraySize="1">
          <containerEntry>/Assets/tpp/environ/object/afghanistan/cliff/afgh_clff027/scenes/afgh_clff027_vrtn007.fmdl</containerEntry>
        </property>
        <property name="geomFile" type="FilePtr" container="StaticArray" arraySize="1">
          <containerEntry>/Assets/tpp/environ/object/afghanistan/cliff/afgh_clff027/scenes/afgh_clff027_vrtn007.geom</containerEntry>
        </property>
        <property name="isVisibleGeom" type="Bool" container="StaticArray" arraySize="1">
          <containerEntry>false</containerEntry>
        </property>
        <property name="isIsolated" type="Bool" container="StaticArray" arraySize="1">
          <containerEntry>false</containerEntry>
        </property>
        <property name="lodFarSize" type="Float" container="StaticArray" arraySize="1">
          <containerEntry>-1</containerEntry>
        </property>
        <property name="lodNearSize" type="Float" container="StaticArray" arraySize="1">
          <containerEntry>-1</containerEntry>
        </property>
        <property name="lodPolygonSize" type="Float" container="StaticArray" arraySize="1">
          <containerEntry>-1</containerEntry>
        </property>
        <property name="color" type="Color" container="StaticArray" arraySize="1">
          <containerEntry r="1" g="1" b="1" a="1"></containerEntry>
        </property>
        <property name="drawRejectionLevel" type="Int32" container="StaticArray" arraySize="1">
          <containerEntry>8</containerEntry>
        </property>
        <property name="drawMode" type="Int32" container="StaticArray" arraySize="1">
          <containerEntry>0</containerEntry>
        </property>
        <property name="rejectFarRangeShadowCast" type="Int32" container="StaticArray" arraySize="1">
          <containerEntry>2</containerEntry>
        </property>
      </staticProperties>
      <dynamicProperties></dynamicProperties>
    </entity>
    <entity class="TransformEntity" classVersion="0" classID="0x50" addr="0x2EE2EE0" id="0x608E1">
      <staticProperties>
        <property name="owner" type="EntityHandle" container="StaticArray" arraySize="1">
          <containerEntry>0x2EE2E70</containerEntry>
        </property>
        <property name="transform_scale" type="Vector3" container="StaticArray" arraySize="1">
          <containerEntry x="1" y="1" z="1" w="0"></containerEntry>
        </property>
        <property name="transform_rotation_quat" type="Quat" container="StaticArray" arraySize="1">
          <containerEntry x="-0.029459" y="0.499225" z="0.034098" w="-0.865299"></containerEntry>
        </property>
        <property name="transform_translation" type="Vector3" container="StaticArray" arraySize="1">
          <containerEntry x="212.92015" y="286.38974" z="2605.4836" w="0"></containerEntry>
        </property>
      </staticProperties>
      <dynamicProperties></dynamicProperties>
    </entity>
    <entity class="StaticModel" classVersion="9" classID="0x160" addr="0x2EE31F0" id="0x608F0">
      <staticProperties>
        <property name="name" type="String" container="StaticArray" arraySize="1">
          <containerEntry>afgh_clff027_vrtn006_0003</containerEntry>
        </property>
        <property name="dataSet" type="EntityHandle" container="StaticArray" arraySize="1">
          <containerEntry>0x2EE2C40</containerEntry>
        </property>
        <property name="parent" type="EntityHandle" container="StaticArray" arraySize="1">
          <containerEntry>0x0</containerEntry>
        </property>
        <property name="transform" type="EntityPtr" container="StaticArray" arraySize="1">
          <containerEntry>0x2EE3260</containerEntry>
        </property>
        <property name="shearTransform" type="EntityPtr" container="StaticArray" arraySize="1">
          <containerEntry>0x0</containerEntry>
        </property>
        <property name="pivotTransform" type="EntityPtr" container="StaticArray" arraySize="1">
          <containerEntry>0x0</containerEntry>
        </property>
        <property name="children" type="EntityHandle" container="List"></property>
        <property name="flags" type="UInt32" container="StaticArray" arraySize="1">
          <containerEntry>2147483655</containerEntry>
        </property>
        <property name="modelFile" type="FilePtr" container="StaticArray" arraySize="1">
          <containerEntry>/Assets/tpp/environ/object/afghanistan/cliff/afgh_clff027/scenes/afgh_clff027_vrtn006.fmdl</containerEntry>
        </property>
        <property name="geomFile" type="FilePtr" container="StaticArray" arraySize="1">
          <containerEntry>/Assets/tpp/environ/object/afghanistan/cliff/afgh_clff027/scenes/afgh_clff027_vrtn006.geom</containerEntry>
        </property>
        <property name="isVisibleGeom" type="Bool" container="StaticArray" arraySize="1">
          <containerEntry>false</containerEntry>
        </property>
        <property name="isIsolated" type="Bool" container="StaticArray" arraySize="1">
          <containerEntry>false</containerEntry>
        </property>
        <property name="lodFarSize" type="Float" container="StaticArray" arraySize="1">
          <containerEntry>-1</containerEntry>
        </property>
        <property name="lodNearSize" type="Float" container="StaticArray" arraySize="1">
          <containerEntry>-1</containerEntry>
        </property>
        <property name="lodPolygonSize" type="Float" container="StaticArray" arraySize="1">
          <containerEntry>-1</containerEntry>
        </property>
        <property name="color" type="Color" container="StaticArray" arraySize="1">
          <containerEntry r="1" g="1" b="1" a="1"></containerEntry>
        </property>
        <property name="drawRejectionLevel" type="Int32" container="StaticArray" arraySize="1">
          <containerEntry>8</containerEntry>
        </property>
        <property name="drawMode" type="Int32" container="StaticArray" arraySize="1">
          <containerEntry>0</containerEntry>
        </property>
        <property name="rejectFarRangeShadowCast" type="Int32" container="StaticArray" arraySize="1">
          <containerEntry>2</containerEntry>
        </property>
      </staticProperties>
      <dynamicProperties></dynamicProperties>
    </entity>
    <entity class="TransformEntity" classVersion="0" classID="0x50" addr="0x2EE3260" id="0x608F3">
      <staticProperties>
        <property name="owner" type="EntityHandle" container="StaticArray" arraySize="1">
          <containerEntry>0x2EE31F0</containerEntry>
        </property>
        <property name="transform_scale" type="Vector3" container="StaticArray" arraySize="1">
          <containerEntry x="1" y="1" z="1" w="0"></containerEntry>
        </property>
        <property name="transform_rotation_quat" type="Quat" container="StaticArray" arraySize="1">
          <containerEntry x="0" y="0.843392" z="0" w="-0.537299"></containerEntry>
        </property>
        <property name="transform_translation" type="Vector3" container="StaticArray" arraySize="1">
          <containerEntry x="232.88107" y="305.13562" z="2590.2632" w="1"></containerEntry>
        </property>
      </staticProperties>
      <dynamicProperties></dynamicProperties>
    </entity>
    <entity class="StaticModel" classVersion="9" classID="0x160" addr="0x2EE3730" id="0x6090B">
      <staticProperties>
        <property name="name" type="String" container="StaticArray" arraySize="1">
          <containerEntry>afgh_clff027_vrtn005_0009</containerEntry>
        </property>
        <property name="dataSet" type="EntityHandle" container="StaticArray" arraySize="1">
          <containerEntry>0x2EE2C40</containerEntry>
        </property>
        <property name="parent" type="EntityHandle" container="StaticArray" arraySize="1">
          <containerEntry>0x0</containerEntry>
        </property>
        <property name="transform" type="EntityPtr" container="StaticArray" arraySize="1">
          <containerEntry>0x2EE37A0</containerEntry>
        </property>
        <property name="shearTransform" type="EntityPtr" container="StaticArray" arraySize="1">
          <containerEntry>0x0</containerEntry>
        </property>
        <property name="pivotTransform" type="EntityPtr" container="StaticArray" arraySize="1">
          <containerEntry>0x0</containerEntry>
        </property>
        <property name="children" type="EntityHandle" container="List"></property>
        <property name="flags" type="UInt32" container="StaticArray" arraySize="1">
          <containerEntry>2147483655</containerEntry>
        </property>
        <property name="modelFile" type="FilePtr" container="StaticArray" arraySize="1">
          <containerEntry>/Assets/tpp/environ/object/afghanistan/cliff/afgh_clff027/scenes/afgh_clff027_vrtn005.fmdl</containerEntry>
        </property>
        <property name="geomFile" type="FilePtr" container="StaticArray" arraySize="1">
          <containerEntry>/Assets/tpp/environ/object/afghanistan/cliff/afgh_clff027/scenes/afgh_clff027_vrtn005.geom</containerEntry>
        </property>
        <property name="isVisibleGeom" type="Bool" container="StaticArray" arraySize="1">
          <containerEntry>false</containerEntry>
        </property>
        <property name="isIsolated" type="Bool" container="StaticArray" arraySize="1">
          <containerEntry>false</containerEntry>
        </property>
        <property name="lodFarSize" type="Float" container="StaticArray" arraySize="1">
          <containerEntry>-1</containerEntry>
        </property>
        <property name="lodNearSize" type="Float" container="StaticArray" arraySize="1">
          <containerEntry>-1</containerEntry>
        </property>
        <property name="lodPolygonSize" type="Float" container="StaticArray" arraySize="1">
          <containerEntry>-1</containerEntry>
        </property>
        <property name="color" type="Color" container="StaticArray" arraySize="1">
          <containerEntry r="1" g="1" b="1" a="1"></containerEntry>
        </property>
        <property name="drawRejectionLevel" type="Int32" container="StaticArray" arraySize="1">
          <containerEntry>8</containerEntry>
        </property>
        <property name="drawMode" type="Int32" container="StaticArray" arraySize="1">
          <containerEntry>0</containerEntry>
        </property>
        <property name="rejectFarRangeShadowCast" type="Int32" container="StaticArray" arraySize="1">
          <containerEntry>2</containerEntry>
        </property>
      </staticProperties>
      <dynamicProperties></dynamicProperties>
    </entity>
    <entity class="TransformEntity" classVersion="0" classID="0x50" addr="0x2EE37A0" id="0x6090E">
      <staticProperties>
        <property name="owner" type="EntityHandle" container="StaticArray" arraySize="1">
          <containerEntry>0x2EE3730</containerEntry>
        </property>
        <property name="transform_scale" type="Vector3" container="StaticArray" arraySize="1">
          <containerEntry x="1" y="1" z="1" w="0"></containerEntry>
        </property>
        <property name="transform_rotation_quat" type="Quat" container="StaticArray" arraySize="1">
          <containerEntry x="0" y="0.858548" z="0" w="0.512734"></containerEntry>
        </property>
        <property name="transform_translation" type="Vector3" container="StaticArray" arraySize="1">
          <containerEntry x="183.35924" y="296.89935" z="2637.5286" w="0"></containerEntry>
        </property>
      </staticProperties>
      <dynamicProperties></dynamicProperties>
    </entity>
    <entity class="StaticModelArray" classVersion="4" classID="0xD0" addr="0x2D7A810" id="0x0">
      <staticProperties>
        <property name="name" type="String" container="StaticArray" arraySize="1">
          <containerEntry>StaticModelArray0000</containerEntry>
        </property>
        <property name="dataSet" type="EntityHandle" container="StaticArray" arraySize="1">
          <containerEntry>0x2EE2C40</containerEntry>
        </property>
        <property name="modelFile" type="FilePtr" container="StaticArray" arraySize="1">
          <containerEntry>/Assets/tpp/environ/object/afghanistan/rock/afgh_rock001/scenes/afgh_rock001_vrtn001.fmdl</containerEntry>
        </property>
        <property name="geomFile" type="FilePtr" container="StaticArray" arraySize="1">
          <containerEntry>/Assets/tpp/environ/object/afghanistan/rock/afgh_rock001/scenes/afgh_rock001_vrtn001.geom</containerEntry>
        </property>
        <property name="isVisibleGeom" type="Bool" container="StaticArray" arraySize="1">
          <containerEntry>false</containerEntry>
        </property>
        <property name="lodFarSize" type="Float" container="StaticArray" arraySize="1">
          <containerEntry>-1</containerEntry>
        </property>
        <property name="lodNearSize" type="Float" container="StaticArray" arraySize="1">
          <containerEntry>-1</containerEntry>
        </property>
        <property name="lodPolygonSize" type="Float" container="StaticArray" arraySize="1">
          <containerEntry>-1</containerEntry>
        </property>
        <property name="drawRejectionLevel" type="Int32" container="StaticArray" arraySize="1">
          <containerEntry>8</containerEntry>
        </property>
        <property name="drawMode" type="Int32" container="StaticArray" arraySize="1">
          <containerEntry>0</containerEntry>
        </property>
        <property name="rejectFarRangeShadowCast" type="Int32" container="StaticArray" arraySize="1">
          <containerEntry>2</containerEntry>
        </property>
        <property name="parentLocator" type="EntityLink" container="StaticArray" arraySize="1">
          <containerEntry packagePathHash="0xB8A0BF169F98" archivePathHash="0xB8A0BF169F98" nameInArchiveHash="0xB8A0BF169F98">0x0</containerEntry>
        </property>
        <property name="transforms" type="Matrix4" container="DynamicArray" arraySize="8">
          <containerEntry r11="-0.92263603" r12="0.37594917" r13="0.086048886" r14="0" r21="0.374504" r22="0.9266385" r23="-0.032981463" r24="0" r31="-0.09213556" r32="0.0017957557" r33="-0.9957446" r34="0" r41="206.39265" r42="278.10458" r43="2568" r44="1"></containerEntry>
          <containerEntry r11="0.8075037" r12="-0.2534085" r13="0.5326556" r14="0" r21="0.35606134" r22="0.92934585" r23="-0.09765548" r24="0" r31="-0.47027457" r32="0.26851517" r33="0.84067917" r34="0" r41="179.63805" r42="280.09952" r43="2572" r44="1"></containerEntry>
          <containerEntry r11="0.816954" r12="-0.56472075" r13="-0.11694501" r14="0" r21="0.507777" r22="0.80050427" r23="-0.31836274" r24="0" r31="0.27340126" r32="0.20070556" r33="0.94072783" r34="0" r41="185.56227" r42="278.38693" r43="2576" r44="1"></containerEntry>
          <containerEntry r11="-0.32741237" r12="0.22195148" r13="0.9184438" r14="0" r21="0.35606158" r22="0.92934585" r23="-0.09765517" r24="0" r31="-0.8752266" r32="0.295049" r33="-0.3833077" r34="0" r41="194" r42="285.67075" r43="2624" r44="1"></containerEntry>
          <containerEntry r11="0.9002249" r12="0.40156865" r13="0.16833737" r14="0" r21="0.36483175" r22="-0.9066587" r23="0.21181148" r24="0" r31="0.23768178" r32="-0.12926307" r33="-0.96270174" r34="0" r41="205.52422" r42="286.42264" r43="2619.2803" r44="1"></containerEntry>
          <containerEntry r11="-0.5541066" r12="-0.067569755" r13="-0.8296959" r14="0" r21="-0.1160397" r22="0.99323875" r23="-0.003391903" r24="0" r31="0.82431525" r32="0.094398335" r33="-0.5582009" r34="0" r41="202.04063" r42="288.64114" r43="2629.7434" r44="1"></containerEntry>
          <containerEntry r11="1.4550567" r12="-0.040508457" r13="-0.20510785" r14="0" r21="0.12521864" r22="-0.98600894" r23="1.0830481" r24="0" r31="-0.167423" r32="-1.08951" r33="-0.9725349" r34="0" r41="236.57243" r42="308.34326" r43="2657.3184" r44="1"></containerEntry>
          <containerEntry r11="-0.31580657" r12="-0.8548722" r13="-0.4116579" r14="0" r21="0.16509274" r22="0.377734" r23="-0.91107774" r24="0" r31="0.9343517" r32="-0.3556849" r33="0.021841407" r34="0" r41="172" r42="290.46814" r43="2598" r44="1"></containerEntry>
        </property>
        <property name="colors" type="UInt32" container="DynamicArray" arraySize="8">
          <containerEntry>4294967295</containerEntry>
          <containerEntry>4294967295</containerEntry>
          <containerEntry>4294967295</containerEntry>
          <containerEntry>4294967295</containerEntry>
          <containerEntry>4294967295</containerEntry>
          <containerEntry>4294967295</containerEntry>
          <containerEntry>4294967295</containerEntry>
          <containerEntry>4294967295</containerEntry>
        </property>
      </staticProperties>
      <dynamicProperties></dynamicProperties>
    </entity>
    <entity class="StaticModelArray" classVersion="4" classID="0xD0" addr="0x2D7A880" id="0x0">
      <staticProperties>
        <property name="name" type="String" container="StaticArray" arraySize="1">
          <containerEntry>StaticModelArray0001</containerEntry>
        </property>
        <property name="dataSet" type="EntityHandle" container="StaticArray" arraySize="1">
          <containerEntry>0x2EE2C40</containerEntry>
        </property>
        <property name="modelFile" type="FilePtr" container="StaticArray" arraySize="1">
          <containerEntry>/Assets/tpp/environ/object/middle_africa/rock/mafr_rock010/scenes/mafr_rock010_vrtn001.fmdl</containerEntry>
        </property>
        <property name="geomFile" type="FilePtr" container="StaticArray" arraySize="1">
          <containerEntry>/Assets/tpp/environ/object/middle_africa/rock/mafr_rock010/scenes/mafr_rock010_vrtn001.geom</containerEntry>
        </property>
        <property name="isVisibleGeom" type="Bool" container="StaticArray" arraySize="1">
          <containerEntry>false</containerEntry>
        </property>
        <property name="lodFarSize" type="Float" container="StaticArray" arraySize="1">
          <containerEntry>-1</containerEntry>
        </property>
        <property name="lodNearSize" type="Float" container="StaticArray" arraySize="1">
          <containerEntry>-1</containerEntry>
        </property>
        <property name="lodPolygonSize" type="Float" container="StaticArray" arraySize="1">
          <containerEntry>-1</containerEntry>
        </property>
        <property name="drawRejectionLevel" type="Int32" container="StaticArray" arraySize="1">
          <containerEntry>8</containerEntry>
        </property>
        <property name="drawMode" type="Int32" container="StaticArray" arraySize="1">
          <containerEntry>0</containerEntry>
        </property>
        <property name="rejectFarRangeShadowCast" type="Int32" container="StaticArray" arraySize="1">
          <containerEntry>2</containerEntry>
        </property>
        <property name="parentLocator" type="EntityLink" container="StaticArray" arraySize="1">
          <containerEntry packagePathHash="0xB8A0BF169F98" archivePathHash="0xB8A0BF169F98" nameInArchiveHash="0xB8A0BF169F98">0x0</containerEntry>
        </property>
        <property name="transforms" type="Matrix4" container="DynamicArray" arraySize="17">
          <containerEntry r11="-0.6202418" r12="0.032395512" r13="0.78373575" r14="0" r21="-0.23411477" r22="0.94596213" r23="-0.22437826" r24="0" r31="-0.74865305" r32="-0.3226544" r33="-0.5791408" r34="0" r41="203.18713" r42="277.25156" r43="2574" r44="1"></containerEntry>
          <containerEntry r11="0.666765" r12="0.32419035" r13="0.67106134" r14="0" r21="-0.23411515" r22="0.945962" r23="-0.22437847" r24="0" r31="-0.70754" r32="-0.0074985474" r33="0.7066324" r34="0" r41="203.18713" r42="276.47266" r43="2569.292" r44="1"></containerEntry>
          <containerEntry r11="0.7552571" r12="-0.18451789" r13="0.6289182" r14="0" r21="0.2963976" r22="0.9519848" r23="-0.07663595" r24="0" r31="-0.5845797" r32="0.24429029" r33="0.77368414" r34="0" r41="188" r42="277.38794" r43="2580" r44="1"></containerEntry>
          <containerEntry r11="0.45007116" r12="-0.2773108" r13="-0.8488411" r14="0" r21="-0.045743488" r22="0.9421525" r23="-0.33204788" r24="0" r31="0.8918184" r32="0.18827367" r33="0.41135055" r34="0" r41="202.18735" r42="282.8288" r43="2616" r44="1"></containerEntry>
          <containerEntry r11="-0.85142356" r12="-0.21061939" r13="-0.48031563" r14="0" r21="-0.045743056" r22="0.94215244" r23="-0.33204803" r24="0" r31="0.5224665" r32="-0.26074472" r33="-0.8118048" r34="0" r41="198.85779" r42="283.89215" r43="2619.6" r44="1"></containerEntry>
          <containerEntry r11="-0.70024633" r12="-0.26729766" r13="-0.66196233" r14="0" r21="-0.045744173" r22="0.9421531" r23="-0.33204603" r24="0" r31="0.7124252" r32="-0.20223512" r33="-0.6719662" r34="0" r41="199.60857" r42="289.9094" r43="2643.5806" r44="1"></containerEntry>
          <containerEntry r11="0.97403014" r12="0.21341045" r13="0.07563763" r14="0" r21="-0.17524482" r22="0.92210615" r23="-0.34497675" r24="0" r31="-0.1433678" r32="0.32276258" r33="0.93555844" r34="0" r41="211.3047" r42="288.66296" r43="2624.0564" r44="1"></containerEntry>
          <containerEntry r11="-0.71217424" r12="0.2956743" r13="0.63668966" r14="0" r21="0.33469293" r22="0.9402669" r23="-0.062276937" r24="0" r31="-0.61707187" r32="0.16874385" r33="-0.7685939" r34="0" r41="152.34839" r42="287.84192" r43="2567.0908" r44="1"></containerEntry>
          <containerEntry r11="1.5600286" r12="-0.43419352" r13="-0.046755973" r14="0" r21="0.4130293" r22="1.5233086" r23="-0.36515248" r24="0" r31="0.14183404" r32="0.33971393" r33="1.5776175" r34="0" r41="159.36769" r42="288.2596" r43="2567.2407" r44="1"></containerEntry>
          <containerEntry r11="-0.6232213" r12="-0.038333554" r13="0.7811036" r14="0" r21="-0.16201246" r22="0.9834586" r23="-0.08100119" r24="0" r31="-0.76507795" r32="-0.17703041" r33="-0.6191228" r34="0" r41="238.35371" r42="304.56836" r43="2601.0713" r44="1"></containerEntry>
          <containerEntry r11="-1.7674235" r12="-0.30883992" r13="-0.21465702" r14="0" r21="-0.29275545" r22="1.7771097" r23="-0.14636989" r24="0" r31="0.23612285" r32="-0.10838721" r33="-1.7882236" r34="0" r41="250.28726" r42="306.35843" r43="2621.5037" r44="1"></containerEntry>
          <containerEntry r11="-0.79223377" r12="-0.17857116" r13="-0.58350384" r14="0" r21="-0.16201288" r22="0.9834584" r23="-0.081002265" r24="0" r31="0.58831644" r32="0.030362379" r33="-0.80805975" r34="0" r41="232.72272" r42="307.25302" r43="2660.378" r44="1"></containerEntry>
          <containerEntry r11="-0.9462151" r12="0.2122578" r13="-0.24417597" r14="0" r21="0.25393677" r22="0.9548863" r23="-0.15397476" r24="0" r31="0.20047793" r32="-0.20769866" r33="-0.9574279" r34="0" r41="173.4806" r42="289.38293" r43="2604.1995" r44="1"></containerEntry>
          <containerEntry r11="-0.26455888" r12="0.19712004" r13="-1.776624" r14="0" r21="0.07557194" r22="1.795607" r23="0.18797244" r24="0" r31="1.7859278" r32="-0.046780773" r33="-0.27113473" r34="0" r41="152.78865" r42="297.66446" r43="2634.4712" r44="1"></containerEntry>
          <containerEntry r11="-1.7460704" r12="0.024849476" r13="0.4646038" r14="0" r21="0.0755711" r22="1.795607" r23="0.18797253" r24="0" r31="-0.4590895" r32="0.2010651" r33="-1.7361007" r34="0" r41="143.63232" r42="302.14264" r43="2666.0198" r44="1"></containerEntry>
          <containerEntry r11="0.7496536" r12="-0.07374132" r13="1.6425052" r14="0" r21="0.022136953" r22="1.8054707" r23="0.07095415" r24="0" r31="-1.6440107" r32="-0.0093141915" r33="0.7499225" r34="0" r41="174.1938" r42="303.71762" r43="2661.5586" r44="1"></containerEntry>
          <containerEntry r11="-1.7460704" r12="0.024849476" r13="0.4646038" r14="0" r21="0.0755711" r22="1.795607" r23="0.18797253" r24="0" r31="-0.4590895" r32="0.2010651" r33="-1.7361007" r34="0" r41="129.74689" r42="299.44867" r43="2576.5999" r44="1"></containerEntry>
        </property>
        <property name="colors" type="UInt32" container="DynamicArray" arraySize="17">
          <containerEntry>4294967295</containerEntry>
          <containerEntry>4294967295</containerEntry>
          <containerEntry>4294967295</containerEntry>
          <containerEntry>4294967295</containerEntry>
          <containerEntry>4294967295</containerEntry>
          <containerEntry>4294967295</containerEntry>
          <containerEntry>4294967295</containerEntry>
          <containerEntry>4294967295</containerEntry>
          <containerEntry>4294967295</containerEntry>
          <containerEntry>4294967295</containerEntry>
          <containerEntry>4294967295</containerEntry>
          <containerEntry>4294967295</containerEntry>
          <containerEntry>4294967295</containerEntry>
          <containerEntry>4294967295</containerEntry>
          <containerEntry>4294967295</containerEntry>
          <containerEntry>4294967295</containerEntry>
          <containerEntry>4294967295</containerEntry>
        </property>
      </staticProperties>
      <dynamicProperties></dynamicProperties>
    </entity>
    <entity class="StaticModelArray" classVersion="4" classID="0xD0" addr="0x2D7A8F0" id="0x0">
      <staticProperties>
        <property name="name" type="String" container="StaticArray" arraySize="1">
          <containerEntry>StaticModelArray0002</containerEntry>
        </property>
        <property name="dataSet" type="EntityHandle" container="StaticArray" arraySize="1">
          <containerEntry>0x2EE2C40</containerEntry>
        </property>
        <property name="modelFile" type="FilePtr" container="StaticArray" arraySize="1">
          <containerEntry>/Assets/tpp/environ/object/afghanistan/rock/afgh_rock006/scenes/afgh_rock006.fmdl</containerEntry>
        </property>
        <property name="geomFile" type="FilePtr" container="StaticArray" arraySize="1">
          <containerEntry>/Assets/tpp/environ/object/afghanistan/rock/afgh_rock006/scenes/afgh_rock006.geom</containerEntry>
        </property>
        <property name="isVisibleGeom" type="Bool" container="StaticArray" arraySize="1">
          <containerEntry>false</containerEntry>
        </property>
        <property name="lodFarSize" type="Float" container="StaticArray" arraySize="1">
          <containerEntry>-1</containerEntry>
        </property>
        <property name="lodNearSize" type="Float" container="StaticArray" arraySize="1">
          <containerEntry>-1</containerEntry>
        </property>
        <property name="lodPolygonSize" type="Float" container="StaticArray" arraySize="1">
          <containerEntry>-1</containerEntry>
        </property>
        <property name="drawRejectionLevel" type="Int32" container="StaticArray" arraySize="1">
          <containerEntry>8</containerEntry>
        </property>
        <property name="drawMode" type="Int32" container="StaticArray" arraySize="1">
          <containerEntry>0</containerEntry>
        </property>
        <property name="rejectFarRangeShadowCast" type="Int32" container="StaticArray" arraySize="1">
          <containerEntry>2</containerEntry>
        </property>
        <property name="parentLocator" type="EntityLink" container="StaticArray" arraySize="1">
          <containerEntry packagePathHash="0xB8A0BF169F98" archivePathHash="0xB8A0BF169F98" nameInArchiveHash="0xB8A0BF169F98">0x0</containerEntry>
        </property>
        <property name="transforms" type="Matrix4" container="DynamicArray" arraySize="4">
          <containerEntry r11="-0.10594034" r12="0.03232488" r13="0.9938436" r14="0" r21="0.3964207" r22="-0.915233" r23="0.07202645" r24="0" r31="0.9119324" r32="0.4016121" r33="0.084152095" r34="0" r41="210" r42="280.30646" r43="2578" r44="1"></containerEntry>
          <containerEntry r11="0.6189648" r12="0.055759937" r13="0.7834358" r14="0" r21="0.23320177" r22="0.9394475" r23="-0.25110745" r24="0" r31="-0.74999857" r32="0.33812553" r33="0.5684817" r34="0" r41="196" r42="277.04602" r43="2588" r44="1"></containerEntry>
          <containerEntry r11="0.99839634" r12="-0.03213707" r13="0.046604138" r14="0" r21="-0.04233973" r22="-0.9703609" r23="0.23789866" r24="0" r31="0.037577707" r32="-0.23949037" r33="-0.97016543" r34="0" r41="178" r42="279.51273" r43="2567.9602" r44="1"></containerEntry>
          <containerEntry r11="-0.23918504" r12="-0.22134358" r13="-0.94540536" r14="0" r21="-0.042338572" r22="-0.97036165" r23="0.23789874" r24="0" r31="-0.97004724" r32="0.096929766" r33="0.22273074" r34="0" r41="157.9908" r42="289.37888" r43="2573.7048" r44="1"></containerEntry>
        </property>
        <property name="colors" type="UInt32" container="DynamicArray" arraySize="4">
          <containerEntry>4294967295</containerEntry>
          <containerEntry>4294967295</containerEntry>
          <containerEntry>4294967295</containerEntry>
          <containerEntry>4294967295</containerEntry>
        </property>
      </staticProperties>
      <dynamicProperties></dynamicProperties>
    </entity>
    <entity class="StaticModelArray" classVersion="4" classID="0xD0" addr="0x2EE2700" id="0x0">
      <staticProperties>
        <property name="name" type="String" container="StaticArray" arraySize="1">
          <containerEntry>StaticModelArray0003</containerEntry>
        </property>
        <property name="dataSet" type="EntityHandle" container="StaticArray" arraySize="1">
          <containerEntry>0x2EE2C40</containerEntry>
        </property>
        <property name="modelFile" type="FilePtr" container="StaticArray" arraySize="1">
          <containerEntry>/Assets/tpp/environ/object/afghanistan/cliff/afgh_clff027/scenes/afgh_clff027_vrtn004.fmdl</containerEntry>
        </property>
        <property name="geomFile" type="FilePtr" container="StaticArray" arraySize="1">
          <containerEntry>/Assets/tpp/environ/object/afghanistan/cliff/afgh_clff027/scenes/afgh_clff027_vrtn004.geom</containerEntry>
        </property>
        <property name="isVisibleGeom" type="Bool" container="StaticArray" arraySize="1">
          <containerEntry>false</containerEntry>
        </property>
        <property name="lodFarSize" type="Float" container="StaticArray" arraySize="1">
          <containerEntry>-1</containerEntry>
        </property>
        <property name="lodNearSize" type="Float" container="StaticArray" arraySize="1">
          <containerEntry>-1</containerEntry>
        </property>
        <property name="lodPolygonSize" type="Float" container="StaticArray" arraySize="1">
          <containerEntry>-1</containerEntry>
        </property>
        <property name="drawRejectionLevel" type="Int32" container="StaticArray" arraySize="1">
          <containerEntry>8</containerEntry>
        </property>
        <property name="drawMode" type="Int32" container="StaticArray" arraySize="1">
          <containerEntry>0</containerEntry>
        </property>
        <property name="rejectFarRangeShadowCast" type="Int32" container="StaticArray" arraySize="1">
          <containerEntry>2</containerEntry>
        </property>
        <property name="parentLocator" type="EntityLink" container="StaticArray" arraySize="1">
          <containerEntry packagePathHash="0xB8A0BF169F98" archivePathHash="0xB8A0BF169F98" nameInArchiveHash="0xB8A0BF169F98">0x0</containerEntry>
        </property>
        <property name="transforms" type="Matrix4" container="DynamicArray" arraySize="2">
          <containerEntry r11="-0.19502091" r12="0" r13="0.9807997" r14="0" r21="0" r22="1" r23="0" r24="0" r31="-0.9807997" r32="0" r33="-0.19502091" r34="0" r41="223.60744" r42="304.72858" r43="2621.6436" r44="1"></containerEntry>
          <containerEntry r11="-0.9936638" r12="0.036928497" r13="-0.1061622" r14="0" r21="0.031790547" r22="0.99825865" r23="0.04968914" r24="0" r31="0.10781228" r32="0.0459993" r33="-0.9931075" r34="0" r41="195.3333" r42="304.50452" r43="2649.2969" r44="1"></containerEntry>
        </property>
        <property name="colors" type="UInt32" container="DynamicArray" arraySize="2">
          <containerEntry>4294967295</containerEntry>
          <containerEntry>4294967295</containerEntry>
        </property>
      </staticProperties>
      <dynamicProperties></dynamicProperties>
    </entity>
    <entity class="StaticModelArray" classVersion="4" classID="0xD0" addr="0x2D7A0A0" id="0x0">
      <staticProperties>
        <property name="name" type="String" container="StaticArray" arraySize="1">
          <containerEntry>StaticModelArray0004</containerEntry>
        </property>
        <property name="dataSet" type="EntityHandle" container="StaticArray" arraySize="1">
          <containerEntry>0x2EE2C40</containerEntry>
        </property>
        <property name="modelFile" type="FilePtr" container="StaticArray" arraySize="1">
          <containerEntry>/Assets/tpp/environ/object/afghanistan/cliff/afgh_clff027/scenes/afgh_clff027_vrtn003.fmdl</containerEntry>
        </property>
        <property name="geomFile" type="FilePtr" container="StaticArray" arraySize="1">
          <containerEntry>/Assets/tpp/environ/object/afghanistan/cliff/afgh_clff027/scenes/afgh_clff027_vrtn003.geom</containerEntry>
        </property>
        <property name="isVisibleGeom" type="Bool" container="StaticArray" arraySize="1">
          <containerEntry>false</containerEntry>
        </property>
        <property name="lodFarSize" type="Float" container="StaticArray" arraySize="1">
          <containerEntry>-1</containerEntry>
        </property>
        <property name="lodNearSize" type="Float" container="StaticArray" arraySize="1">
          <containerEntry>-1</containerEntry>
        </property>
        <property name="lodPolygonSize" type="Float" container="StaticArray" arraySize="1">
          <containerEntry>-1</containerEntry>
        </property>
        <property name="drawRejectionLevel" type="Int32" container="StaticArray" arraySize="1">
          <containerEntry>8</containerEntry>
        </property>
        <property name="drawMode" type="Int32" container="StaticArray" arraySize="1">
          <containerEntry>0</containerEntry>
        </property>
        <property name="rejectFarRangeShadowCast" type="Int32" container="StaticArray" arraySize="1">
          <containerEntry>2</containerEntry>
        </property>
        <property name="parentLocator" type="EntityLink" container="StaticArray" arraySize="1">
          <containerEntry packagePathHash="0xB8A0BF169F98" archivePathHash="0xB8A0BF169F98" nameInArchiveHash="0xB8A0BF169F98">0x0</containerEntry>
        </property>
        <property name="transforms" type="Matrix4" container="DynamicArray" arraySize="4">
          <containerEntry r11="-0.57357705" r12="0" r13="0.81915283" r14="0" r21="0" r22="1" r23="0" r24="0" r31="-0.81915283" r32="0" r33="-0.57357705" r34="0" r41="215.82558" r42="306.36578" r43="2646.2332" r44="1"></containerEntry>
          <containerEntry r11="-0.10813951" r12="0.051159933" r13="-0.99281853" r14="0" r21="0.020843918" r22="0.9985721" r23="0.049186062" r24="0" r31="0.9939173" r32="-0.015375275" r33="-0.109051466" r34="0" r41="183.4578" r42="289.1852" r43="2603.5151" r44="1"></containerEntry>
          <containerEntry r11="-0.52721715" r12="0" r13="-0.84973055" r14="0" r21="0" r22="1" r23="0" r24="0" r31="0.84973055" r32="0" r33="-0.52721715" r34="0" r41="166.63924" r42="289.41977" r43="2562.7683" r44="1"></containerEntry>
          <containerEntry r11="-0.7372476" r12="0.22793828" r13="-0.6360096" r14="0" r21="0.14462574" r22="0.9727928" r23="0.18099025" r24="0" r31="0.65996015" r32="0.041451395" r33="-0.7501549" r34="0" r41="144.07886" r42="299.61423" r43="2562.4294" r44="1"></containerEntry>
        </property>
        <property name="colors" type="UInt32" container="DynamicArray" arraySize="4">
          <containerEntry>4294967295</containerEntry>
          <containerEntry>4294967295</containerEntry>
          <containerEntry>4294967295</containerEntry>
          <containerEntry>4294967295</containerEntry>
        </property>
      </staticProperties>
      <dynamicProperties></dynamicProperties>
    </entity>
    <entity class="GeoxPathPack" classVersion="0" classID="0x120" addr="0x2D7A6C0" id="0x0">
      <staticProperties>
        <property name="name" type="String" container="StaticArray" arraySize="1">
          <containerEntry>GeoxPathPack0000</containerEntry>
        </property>
        <property name="dataSet" type="EntityHandle" container="StaticArray" arraySize="1">
          <containerEntry>0x2EE2C40</containerEntry>
        </property>
        <property name="parent" type="EntityHandle" container="StaticArray" arraySize="1">
          <containerEntry>0x0</containerEntry>
        </property>
        <property name="transform" type="EntityPtr" container="StaticArray" arraySize="1">
