<fox formatVersion="2" fileVersion="0">
  <entities>
    <entity class="DataSet" classVersion="0" classID="0xE8" addr="0x2EF4220" id="0xA4414">
      <staticProperties>
        <property name="name" type="String" container="StaticArray" arraySize="1">
          <containerEntry hash="0xB8A0BF169F98"></containerEntry>
        </property>
        <property name="dataSet" type="EntityHandle" container="StaticArray" arraySize="1">
          <containerEntry>0x0</containerEntry>
        </property>
        <property name="dataList" type="EntityPtr" container="StringMap" arraySize="2">
          <containerEntry key="StaticModelArray0000">
            <data>0x2D75870</data>
          </containerEntry>
          <containerEntry key="TexturePackLoadConditioner0000">
            <data>0x2D78BA0</data>
          </containerEntry>
        </property>
      </staticProperties>
      <dynamicProperties></dynamicProperties>
    </entity>
    <entity class="StaticModelArray" classVersion="4" classID="0xD0" addr="0x2D75870" id="0x0">
      <staticProperties>
        <property name="name" type="String" container="StaticArray" arraySize="1">
          <containerEntry>StaticModelArray0000</containerEntry>
        </property>
        <property name="dataSet" type="EntityHandle" container="StaticArray" arraySize="1">
          <containerEntry>0x2EF4220</containerEntry>
        </property>
        <property name="modelFile" type="FilePtr" container="StaticArray" arraySize="1">
          <containerEntry>/Assets/tpp/environ/object/middle_africa/rock/mafr_rock011/scenes/mafr_rock011.fmdl</containerEntry>
        </property>
        <property name="geomFile" type="FilePtr" container="StaticArray" arraySize="1">
          <containerEntry>/Assets/tpp/environ/object/middle_africa/rock/mafr_rock011/scenes/mafr_rock011.geom</containerEntry>
        </property>
        <property name="isVisibleGeom" type="Bool" container="StaticArray" arraySize="1">
          <containerEntry>false</containerEntry>
        </property>
        <property name="lodFarSize" type="Float" container="StaticArray" arraySize="1">
          <containerEntry>-1</containerEntry>
        </property>
        <property name="lodNearSize" type="Float" container="StaticArray" arraySize="1">
          <containerEntry>-1</containerEntry>
        </property>
        <property name="lodPolygonSize" type="Float" container="StaticArray" arraySize="1">
          <containerEntry>-1</containerEntry>
        </property>
        <property name="drawRejectionLevel" type="Int32" container="StaticArray" arraySize="1">
          <containerEntry>8</containerEntry>
        </property>
        <property name="drawMode" type="Int32" container="StaticArray" arraySize="1">
          <containerEntry>0</containerEntry>
        </property>
        <property name="rejectFarRangeShadowCast" type="Int32" container="StaticArray" arraySize="1">
          <containerEntry>2</containerEntry>
        </property>
        <property name="parentLocator" type="EntityLink" container="StaticArray" arraySize="1">
          <containerEntry packagePathHash="0xB8A0BF169F98" archivePathHash="0xB8A0BF169F98" nameInArchiveHash="0xB8A0BF169F98">0x0</containerEntry>
        </property>
        <property name="transforms" type="Matrix4" container="DynamicArray" arraySize="10">
          <containerEntry r11="0.42406327" r12="0.030683905" r13="0.90511227" r14="0" r21="-0.5643513" r22="0.79060096" r23="0.23760773" r24="0" r31="-0.70829177" r32="-0.61156225" r33="0.35258138" r34="0" r41="3010.095" r42="-8.316206" r43="4046.5908" r44="1"></containerEntry>
          <containerEntry r11="-0.87509346" r12="0.032804787" r13="-0.48284423" r14="0" r21="0.32999596" r22="0.77023774" r23="-0.54574436" r24="0" r31="0.35400194" r32="-0.6369129" r33="-0.6848559" r34="0" r41="1658.9021" r42="-1.22114" r43="2004.9862" r44="1"></containerEntry>
          <containerEntry r11="0.18588157" r12="-0.09800017" r13="0.9776724" r14="0" r21="-0.6951137" r22="0.69013083" r23="0.20133576" r24="0" r31="-0.694452" r32="-0.717019" r33="0.06016121" r34="0" r41="1339.5096" r42="-9.337857" r43="2056.4353" r44="1"></containerEntry>
          <containerEntry r11="0.56557244" r12="0.20348383" r13="-0.7991983" r14="0" r21="0.4570673" r22="0.7292915" r23="0.50913984" r24="0" r31="0.6864503" r32="-0.6532429" r33="0.31946138" r34="0" r41="3012.3643" r42="-8.731598" r43="4066.6245" r44="1"></containerEntry>
          <containerEntry r11="-0.90462464" r12="-0.031191386" r13="-0.42506826" r14="0" r21="0.22083089" r22="0.8187095" r23="-0.5300458" r24="0" r31="0.36454034" r32="-0.57336026" r33="-0.73373693" r34="0" r41="1644.5742" r42="-1.906831" r43="2007.8833" r44="1"></containerEntry>
          <containerEntry r11="0.25796694" r12="0.27705997" r13="-0.9255719" r14="0" r21="0.35901162" r22="0.8619151" r23="0.35806566" r24="0" r31="0.8969719" r32="-0.42466104" r33="0.12287813" r34="0" r41="1629.0466" r42="-5.008009" r43="2012.8776" r44="1"></containerEntry>
          <containerEntry r11="0.75091594" r12="-0.010107482" r13="-0.6603173" r14="0" r21="0.2798993" r22="0.9105031" r23="0.3043657" r24="0" r31="0.5981457" r32="-0.41337627" r33="0.68654174" r34="0" r41="2988.8308" r42="-10.997137" r43="4033.9473" r44="1"></containerEntry>
          <containerEntry r11="0.4596458" r12="0.17081578" r13="0.8715194" r14="0" r21="-0.49967486" r22="0.8610126" r23="0.0947759" r24="0" r31="-0.7342" r32="-0.4790395" r33="0.48111314" r34="0" r41="3008.925" r42="-10.005475" r43="4028.4946" r44="1"></containerEntry>
          <containerEntry r11="0.91551965" r12="-0.06975538" r13="0.3961766" r14="0" r21="-0.25887948" r22="0.651647" r23="0.7129781" r24="0" r31="-0.30790138" r32="-0.7553075" r33="0.5785374" r34="0" r41="2998.0754" r42="-12.984458" r43="4087.67" r44="1"></containerEntry>
          <containerEntry r11="-0.02046071" r12="0.01638946" r13="-0.99965465" r14="0" r21="0.7127892" r22="0.7013708" r23="-0.0030923646" r24="0" r31="0.7010766" r32="-0.7126082" r33="-0.026031267" r34="0" r41="1373.9902" r42="-11.507008" r43="2059.0942" r44="1"></containerEntry>
        </property>
        <property name="colors" type="UInt32" container="DynamicArray" arraySize="10">
          <containerEntry>4294967295</containerEntry>
          <containerEntry>4294967295</containerEntry>
          <containerEntry>4294967295</containerEntry>
          <containerEntry>4294967295</containerEntry>
          <containerEntry>4294967295</containerEntry>
          <containerEntry>4294967295</containerEntry>
          <containerEntry>4294967295</containerEntry>
          <containerEntry>4294967295</containerEntry>
          <containerEntry>4294967295</containerEntry>
          <containerEntry>4294967295</containerEntry>
        </property>
      </staticProperties>
      <dynamicProperties></dynamicProperties>
    </entity>
    <entity class="TexturePackLoadConditioner" classVersion="0" classID="0x48" addr="0x2D78BA0" id="0x0">
      <staticProperties>
        <property name="name" type="String" container="StaticArray" arraySize="1">
          <containerEntry>TexturePackLoadConditioner0000</containerEntry>
        </property>
        <property name="dataSet" type="EntityHandle" container="StaticArray" arraySize="1">
          <containerEntry>0x2EF4220</containerEntry>
        </property>
        <property name="texturePackPath" type="Path" container="StaticArray" arraySize="1">
          <containerEntry hash="0xB8A0BF169F98"></containerEntry>
        </property>
      </staticProperties>
      <dynamicProperties></dynamicProperties>
    </entity>
  </entities>
</fox>