<fox formatVersion="2" fileVersion="0">
  <entities>
    <entity class="DataSet" classVersion="0" classID="0xE8" addr="0x2EF4760" id="0x1934354">
      <staticProperties>
        <property name="name" type="String" container="StaticArray" arraySize="1">
          <containerEntry hash="0xB8A0BF169F98"></containerEntry>
        </property>
        <property name="dataSet" type="EntityHandle" container="StaticArray" arraySize="1">
          <containerEntry>0x0</containerEntry>
        </property>
        <property name="dataList" type="EntityPtr" container="StringMap" arraySize="9">
          <containerEntry key="mafr_tree031_vrtn001_0003">
            <data>0x2D74BC0</data>
          </containerEntry>
          <containerEntry key="StaticModelArray0000">
            <data>0x2D79EE0</data>
          </containerEntry>
          <containerEntry key="StaticModelArray0001">
            <data>0x2D79F50</data>
          </containerEntry>
          <containerEntry key="StaticModelArray0002">
            <data>0x2D79FC0</data>
          </containerEntry>
          <containerEntry key="StaticModelArray0003">
            <data>0x2D7A030</data>
          </containerEntry>
          <containerEntry key="StaticModelArray0004">
            <data>0x2D7A0A0</data>
          </containerEntry>
          <containerEntry key="StaticModelArray0005">
            <data>0x2D7A110</data>
          </containerEntry>
          <containerEntry key="StaticModelArray0006">
            <data>0x2D79E70</data>
          </containerEntry>
          <containerEntry key="TexturePackLoadConditioner0000">
            <data>0x2D7A420</data>
          </containerEntry>
        </property>
      </staticProperties>
      <dynamicProperties></dynamicProperties>
    </entity>
    <entity class="StaticModel" classVersion="9" classID="0x160" addr="0x2D74BC0" id="0x193438C">
      <staticProperties>
        <property name="name" type="String" container="StaticArray" arraySize="1">
          <containerEntry>mafr_tree031_vrtn001_0003</containerEntry>
        </property>
        <property name="dataSet" type="EntityHandle" container="StaticArray" arraySize="1">
          <containerEntry>0x2EF4760</containerEntry>
        </property>
        <property name="parent" type="EntityHandle" container="StaticArray" arraySize="1">
          <containerEntry>0x0</containerEntry>
        </property>
        <property name="transform" type="EntityPtr" container="StaticArray" arraySize="1">
          <containerEntry>0x2D74C30</containerEntry>
        </property>
        <property name="shearTransform" type="EntityPtr" container="StaticArray" arraySize="1">
          <containerEntry>0x0</containerEntry>
        </property>
        <property name="pivotTransform" type="EntityPtr" container="StaticArray" arraySize="1">
          <containerEntry>0x0</containerEntry>
        </property>
        <property name="children" type="EntityHandle" container="List"></property>
        <property name="flags" type="UInt32" container="StaticArray" arraySize="1">
          <containerEntry>2147483655</containerEntry>
        </property>
        <property name="modelFile" type="FilePtr" container="StaticArray" arraySize="1">
          <containerEntry>/Assets/tpp/environ/object/middle_africa/tree/mafr_tree031/scenes/mafr_tree031_vrtn001.fmdl</containerEntry>
        </property>
        <property name="geomFile" type="FilePtr" container="StaticArray" arraySize="1">
          <containerEntry>/Assets/tpp/environ/object/middle_africa/tree/mafr_tree031/scenes/mafr_tree031_vrtn001.geom</containerEntry>
        </property>
        <property name="isVisibleGeom" type="Bool" container="StaticArray" arraySize="1">
          <containerEntry>false</containerEntry>
        </property>
        <property name="isIsolated" type="Bool" container="StaticArray" arraySize="1">
          <containerEntry>false</containerEntry>
        </property>
        <property name="lodFarSize" type="Float" container="StaticArray" arraySize="1">
          <containerEntry>-1</containerEntry>
        </property>
        <property name="lodNearSize" type="Float" container="StaticArray" arraySize="1">
          <containerEntry>-1</containerEntry>
        </property>
        <property name="lodPolygonSize" type="Float" container="StaticArray" arraySize="1">
          <containerEntry>-1</containerEntry>
        </property>
        <property name="color" type="Color" container="StaticArray" arraySize="1">
          <containerEntry r="1" g="1" b="1" a="1"></containerEntry>
        </property>
        <property name="drawRejectionLevel" type="Int32" container="StaticArray" arraySize="1">
          <containerEntry>8</containerEntry>
        </property>
        <property name="drawMode" type="Int32" container="StaticArray" arraySize="1">
          <containerEntry>0</containerEntry>
        </property>
        <property name="rejectFarRangeShadowCast" type="Int32" container="StaticArray" arraySize="1">
          <containerEntry>2</containerEntry>
        </property>
      </staticProperties>
      <dynamicProperties></dynamicProperties>
    </entity>
    <entity class="TransformEntity" classVersion="0" classID="0x50" addr="0x2D74C30" id="0x193438F">
      <staticProperties>
        <property name="owner" type="EntityHandle" container="StaticArray" arraySize="1">
          <containerEntry>0x2D74BC0</containerEntry>
        </property>
        <property name="transform_scale" type="Vector3" container="StaticArray" arraySize="1">
          <containerEntry x="1" y="1" z="1" w="0"></containerEntry>
        </property>
        <property name="transform_rotation_quat" type="Quat" container="StaticArray" arraySize="1">
          <containerEntry x="0" y="-0.323489" z="0" w="0.946231"></containerEntry>
        </property>
        <property name="transform_translation" type="Vector3" container="StaticArray" arraySize="1">
          <containerEntry x="1685.3447" y="150.88976" z="-2376.0298" w="1"></containerEntry>
        </property>
      </staticProperties>
      <dynamicProperties></dynamicProperties>
    </entity>
    <entity class="StaticModelArray" classVersion="4" classID="0xD0" addr="0x2D79EE0" id="0x0">
      <staticProperties>
        <property name="name" type="String" container="StaticArray" arraySize="1">
          <containerEntry>StaticModelArray0000</containerEntry>
        </property>
        <property name="dataSet" type="EntityHandle" container="StaticArray" arraySize="1">
          <containerEntry>0x2EF4760</containerEntry>
        </property>
        <property name="modelFile" type="FilePtr" container="StaticArray" arraySize="1">
          <containerEntry>/Assets/tpp/environ/object/middle_africa/tree/mafr_tree031/scenes/mafr_tree031_vrtn007.fmdl</containerEntry>
        </property>
        <property name="geomFile" type="FilePtr" container="StaticArray" arraySize="1">
          <containerEntry>/Assets/tpp/environ/object/middle_africa/tree/mafr_tree031/scenes/mafr_tree031_vrtn007.geom</containerEntry>
        </property>
        <property name="isVisibleGeom" type="Bool" container="StaticArray" arraySize="1">
          <containerEntry>false</containerEntry>
        </property>
        <property name="lodFarSize" type="Float" container="StaticArray" arraySize="1">
          <containerEntry>-1</containerEntry>
        </property>
        <property name="lodNearSize" type="Float" container="StaticArray" arraySize="1">
          <containerEntry>-1</containerEntry>
        </property>
        <property name="lodPolygonSize" type="Float" container="StaticArray" arraySize="1">
          <containerEntry>-1</containerEntry>
        </property>
        <property name="drawRejectionLevel" type="Int32" container="StaticArray" arraySize="1">
          <containerEntry>8</containerEntry>
        </property>
        <property name="drawMode" type="Int32" container="StaticArray" arraySize="1">
          <containerEntry>0</containerEntry>
        </property>
        <property name="rejectFarRangeShadowCast" type="Int32" container="StaticArray" arraySize="1">
          <containerEntry>2</containerEntry>
        </property>
        <property name="parentLocator" type="EntityLink" container="StaticArray" arraySize="1">
          <containerEntry packagePathHash="0xB8A0BF169F98" archivePathHash="0xB8A0BF169F98" nameInArchiveHash="0xB8A0BF169F98">0x0</containerEntry>
        </property>
        <property name="transforms" type="Matrix4" container="DynamicArray" arraySize="2">
          <containerEntry r11="-1.0419333" r12="-0.20376791" r13="-0.9126094" r14="0" r21="-0.12826772" r22="1.3845844" r23="-0.16270666" r24="0" r31="0.92624223" r32="-0.037479334" r33="-1.0491296" r34="0" r41="1861.0215" r42="209.82202" r43="-2510.3376" r44="1"></containerEntry>
          <containerEntry r11="-1.049034" r12="0.020364685" r13="-0.92688394" r14="0" r21="0.04007543" r22="1.39935" r23="-0.014611489" r24="0" r31="0.92624104" r32="-0.03748087" r33="-1.0491298" r34="0" r41="1874.883" r42="215.8313" r43="-2548.7622" r44="1"></containerEntry>
        </property>
        <property name="colors" type="UInt32" container="DynamicArray" arraySize="2">
          <containerEntry>4294967295</containerEntry>
          <containerEntry>4294967295</containerEntry>
        </property>
      </staticProperties>
      <dynamicProperties></dynamicProperties>
    </entity>
    <entity class="StaticModelArray" classVersion="4" classID="0xD0" addr="0x2D79F50" id="0x0">
      <staticProperties>
        <property name="name" type="String" container="StaticArray" arraySize="1">
          <containerEntry>StaticModelArray0001</containerEntry>
        </property>
        <property name="dataSet" type="EntityHandle" container="StaticArray" arraySize="1">
          <containerEntry>0x2EF4760</containerEntry>
        </property>
        <property name="modelFile" type="FilePtr" container="StaticArray" arraySize="1">
          <containerEntry>/Assets/tpp/environ/object/middle_africa/tree/mafr_tree031/scenes/mafr_tree031.fmdl</containerEntry>
        </property>
        <property name="geomFile" type="FilePtr" container="StaticArray" arraySize="1">
          <containerEntry>/Assets/tpp/environ/object/middle_africa/tree/mafr_tree031/scenes/mafr_tree031.geom</containerEntry>
        </property>
        <property name="isVisibleGeom" type="Bool" container="StaticArray" arraySize="1">
          <containerEntry>false</containerEntry>
        </property>
        <property name="lodFarSize" type="Float" container="StaticArray" arraySize="1">
          <containerEntry>-1</containerEntry>
        </property>
        <property name="lodNearSize" type="Float" container="StaticArray" arraySize="1">
          <containerEntry>-1</containerEntry>
        </property>
        <property name="lodPolygonSize" type="Float" container="StaticArray" arraySize="1">
          <containerEntry>-1</containerEntry>
        </property>
        <property name="drawRejectionLevel" type="Int32" container="StaticArray" arraySize="1">
          <containerEntry>8</containerEntry>
        </property>
        <property name="drawMode" type="Int32" container="StaticArray" arraySize="1">
          <containerEntry>0</containerEntry>
        </property>
        <property name="rejectFarRangeShadowCast" type="Int32" container="StaticArray" arraySize="1">
          <containerEntry>2</containerEntry>
        </property>
        <property name="parentLocator" type="EntityLink" container="StaticArray" arraySize="1">
          <containerEntry packagePathHash="0xB8A0BF169F98" archivePathHash="0xB8A0BF169F98" nameInArchiveHash="0xB8A0BF169F98">0x0</containerEntry>
        </property>
        <property name="transforms" type="Matrix4" container="DynamicArray" arraySize="3">
          <containerEntry r11="0.99969196" r12="0" r13="-0.02482004" r14="0" r21="0" r22="1" r23="0" r24="0" r31="0.02482004" r32="0" r33="0.99969196" r34="0" r41="1684.7322" r42="156.22476" r43="-2396.0217" r44="1"></containerEntry>
          <containerEntry r11="0.9853148" r12="0" r13="0.17074732" r14="0" r21="0" r22="1" r23="0" r24="0" r31="-0.17074732" r32="0" r33="0.9853148" r34="0" r41="1724.1974" r42="154.25085" r43="-2393.36" r44="1"></containerEntry>
          <containerEntry r11="0.94847244" r12="0" r13="0.31685898" r14="0" r21="0" r22="1" r23="0" r24="0" r31="-0.31685898" r32="0" r33="0.94847244" r34="0" r41="1761.8209" r42="155.59631" r43="-2384.343" r44="1"></containerEntry>
        </property>
        <property name="colors" type="UInt32" container="DynamicArray" arraySize="3">
          <containerEntry>4294967295</containerEntry>
          <containerEntry>4294967295</containerEntry>
          <containerEntry>4294967295</containerEntry>
        </property>
      </staticProperties>
      <dynamicProperties></dynamicProperties>
    </entity>
    <entity class="StaticModelArray" classVersion="4" classID="0xD0" addr="0x2D79FC0" id="0x0">
      <staticProperties>
        <property name="name" type="String" container="StaticArray" arraySize="1">
          <containerEntry>StaticModelArray0002</containerEntry>
        </property>
        <property name="dataSet" type="EntityHandle" container="StaticArray" arraySize="1">
          <containerEntry>0x2EF4760</containerEntry>
        </property>
        <property name="modelFile" type="FilePtr" container="StaticArray" arraySize="1">
          <containerEntry>/Assets/tpp/environ/object/middle_africa/tree/mafr_tree031/scenes/mafr_tree031_vrtn008.fmdl</containerEntry>
        </property>
        <property name="geomFile" type="FilePtr" container="StaticArray" arraySize="1">
          <containerEntry>/Assets/tpp/environ/object/middle_africa/tree/mafr_tree031/scenes/mafr_tree031_vrtn008.geom</containerEntry>
        </property>
        <property name="isVisibleGeom" type="Bool" container="StaticArray" arraySize="1">
          <containerEntry>false</containerEntry>
        </property>
        <property name="lodFarSize" type="Float" container="StaticArray" arraySize="1">
          <containerEntry>-1</containerEntry>
        </property>
        <property name="lodNearSize" type="Float" container="StaticArray" arraySize="1">
          <containerEntry>-1</containerEntry>
        </property>
        <property name="lodPolygonSize" type="Float" container="StaticArray" arraySize="1">
          <containerEntry>-1</containerEntry>
        </property>
        <property name="drawRejectionLevel" type="Int32" container="StaticArray" arraySize="1">
          <containerEntry>8</containerEntry>
        </property>
        <property name="drawMode" type="Int32" container="StaticArray" arraySize="1">
          <containerEntry>0</containerEntry>
        </property>
        <property name="rejectFarRangeShadowCast" type="Int32" container="StaticArray" arraySize="1">
          <containerEntry>2</containerEntry>
        </property>
        <property name="parentLocator" type="EntityLink" container="StaticArray" arraySize="1">
          <containerEntry packagePathHash="0xB8A0BF169F98" archivePathHash="0xB8A0BF169F98" nameInArchiveHash="0xB8A0BF169F98">0x0</containerEntry>
        </property>
        <property name="transforms" type="Matrix4" container="DynamicArray" arraySize="12">
          <containerEntry r11="0.8449801" r12="0.18144904" r13="0.5030752" r14="0" r21="-0.1559086" r22="0.9834003" r23="-0.09282383" r24="0" r31="-0.51156706" r32="4.991889e-07" r33="0.8592432" r34="0" r41="1822.6396" r42="199.15411" r43="-2482.312" r44="1"></containerEntry>
          <containerEntry r11="-0.47440493" r12="-0.03736063" r13="-0.87951183" r14="0" r21="-0.100230046" r22="0.99489427" r23="0.01180188" r24="0" r31="0.8745804" r32="0.09375249" r33="-0.47572744" r34="0" r41="1854.0406" r42="207.13545" r43="-2479.717" r44="1"></containerEntry>
          <containerEntry r11="0.7003066" r12="0.23030356" r13="0.6756702" r14="0" r21="-0.19306692" r22="0.9723576" r23="-0.13132341" r24="0" r31="-0.6872373" r32="-0.038483117" r33="0.7254125" r34="0" r41="1843.5969" r42="206.84972" r43="-2499.4836" r44="1"></containerEntry>
          <containerEntry r11="0.667861" r12="0.35936657" r13="0.65177935" r14="0" r21="-0.2857723" r22="0.9324025" r23="-0.22126813" r24="0" r31="-0.6872371" r32="-0.0384845" r33="0.7254125" r34="0" r41="1845.1476" r42="206.20459" r43="-2512.7441" r44="1"></containerEntry>
          <containerEntry r11="-0.7714254" r12="0.040549874" r13="-0.63502336" r14="0" r21="0.013431959" r22="0.99878275" r23="0.047460776" r24="0" r31="0.6361749" r32="0.028082926" r33="-0.7710311" r34="0" r41="1874.1027" r42="213.59013" r43="-2486.0474" r44="1"></containerEntry>
          <containerEntry r11="-0.45588666" r12="0.06870455" r13="-0.8873799" r14="0" r21="-0.056551117" r22="0.9927656" r23="0.10591676" r24="0" r31="0.88823724" r32="0.09846864" r33="-0.4487033" r34="0" r41="1861.7931" r42="205.60043" r43="-2446.001" r44="1"></containerEntry>
          <containerEntry r11="-0.51900715" r12="-0.007502853" r13="-0.8547351" r14="0" r21="-0.0072498145" r22="0.9999641" r23="-0.0043754643" r24="0" r31="0.8547372" r32="0.0039257733" r33="-0.5190429" r34="0" r41="1856.844" r42="210.65489" r43="-2540.224" r44="1"></containerEntry>
          <containerEntry r11="0.5426454" r12="0.08481839" r13="0.8356682" r14="0" r21="-0.049302295" r22="0.99638957" r23="-0.069116525" r24="0" r31="-0.8385135" r32="-0.0036946312" r33="0.544868" r34="0" r41="1870.5527" r42="214.28111" r43="-2534.447" r44="1"></containerEntry>
          <containerEntry r11="0.8553103" r12="0.09557481" r13="0.5092241" r14="0" r21="-0.08212206" r22="0.99542224" r23="-0.04889287" r24="0" r31="-0.511566" r32="-3.9115548e-08" r33="0.85924375" r34="0" r41="1818.29" r42="198.69724" r43="-2534.4207" r44="1"></containerEntry>
          <containerEntry r11="0.56731856" r12="0.16607693" r13="0.8065773" r14="0" r21="-0.15590847" r22="0.9834003" r23="-0.09282474" r24="0" r31="-0.80860436" r32="-0.07309125" r33="0.58379406" r34="0" r41="1819.1764" r42="193.69081" r43="-2459.8386" r44="1"></containerEntry>
          <containerEntry r11="0.52447504" r12="0.0009960681" r13="0.8514246" r14="0" r21="-0.0889797" r22="0.99458766" r23="0.053647548" r24="0" r31="-0.8467629" r32="-0.103896365" r33="0.52172494" r34="0" r41="1855.8944" r42="205.51634" r43="-2466.8818" r44="1"></containerEntry>
          <containerEntry r11="-0.7543456" r12="0.056316692" r13="-0.6540511" r14="0" r21="-0.10963307" r22="0.9715142" r23="0.21009642" r24="0" r31="0.6472519" r32="0.23019198" r33="-0.7266832" r34="0" r41="1823.2594" r42="198.00317" r43="-2469.453" r44="1"></containerEntry>
        </property>
        <property name="colors" type="UInt32" container="DynamicArray" arraySize="12">
          <containerEntry>4294967295</containerEntry>
          <containerEntry>4294967295</containerEntry>
          <containerEntry>4294967295</containerEntry>
          <containerEntry>4294967295</containerEntry>
          <containerEntry>4294967295</containerEntry>
          <containerEntry>4294967295</containerEntry>
          <containerEntry>4294967295</containerEntry>
          <containerEntry>4294967295</containerEntry>
          <containerEntry>4294967295</containerEntry>
          <containerEntry>4294967295</containerEntry>
          <containerEntry>4294967295</containerEntry>
          <containerEntry>4294967295</containerEntry>
        </property>
      </staticProperties>
      <dynamicProperties></dynamicProperties>
    </entity>
    <entity class="StaticModelArray" classVersion="4" classID="0xD0" addr="0x2D7A030" id="0x0">
      <staticProperties>
        <property name="name" type="String" container="StaticArray" arraySize="1">
          <containerEntry>StaticModelArray0003</containerEntry>
        </property>
        <property name="dataSet" type="EntityHandle" container="StaticArray" arraySize="1">
          <containerEntry>0x2EF4760</containerEntry>
        </property>
        <property name="modelFile" type="FilePtr" container="StaticArray" arraySize="1">
          <containerEntry>/Assets/tpp/environ/object/middle_africa/tree/mafr_tree031/scenes/mafr_tree031_vrtn004.fmdl</containerEntry>
        </property>
        <property name="geomFile" type="FilePtr" container="StaticArray" arraySize="1">
          <containerEntry>/Assets/tpp/environ/object/middle_africa/tree/mafr_tree031/scenes/mafr_tree031_vrtn004.geom</containerEntry>
        </property>
        <property name="isVisibleGeom" type="Bool" container="StaticArray" arraySize="1">
          <containerEntry>false</containerEntry>
        </property>
        <property name="lodFarSize" type="Float" container="StaticArray" arraySize="1">
          <containerEntry>-1</containerEntry>
        </property>
        <property name="lodNearSize" type="Float" container="StaticArray" arraySize="1">
          <containerEntry>-1</containerEntry>
        </property>
        <property name="lodPolygonSize" type="Float" container="StaticArray" arraySize="1">
          <containerEntry>-1</containerEntry>
        </property>
        <property name="drawRejectionLevel" type="Int32" container="StaticArray" arraySize="1">
          <containerEntry>8</containerEntry>
        </property>
        <property name="drawMode" type="Int32" container="StaticArray" arraySize="1">
          <containerEntry>0</containerEntry>
        </property>
        <property name="rejectFarRangeShadowCast" type="Int32" container="StaticArray" arraySize="1">
          <containerEntry>2</containerEntry>
        </property>
        <property name="parentLocator" type="EntityLink" container="StaticArray" arraySize="1">
          <containerEntry packagePathHash="0xB8A0BF169F98" archivePathHash="0xB8A0BF169F98" nameInArchiveHash="0xB8A0BF169F98">0x0</containerEntry>
        </property>
        <property name="transforms" type="Matrix4" container="DynamicArray" arraySize="4">
          <containerEntry r11="0.780189" r12="0" r13="0.6255438" r14="0" r21="0" r22="1" r23="0" r24="0" r31="-0.6255438" r32="0" r33="0.780189" r34="0" r41="1678.9576" r42="148.62349" r43="-2363.9111" r44="1"></containerEntry>
          <containerEntry r11="0.6098958" r12="0" r13="0.79248166" r14="0" r21="0" r22="1" r23="0" r24="0" r31="-0.79248166" r32="0" r33="0.6098958" r34="0" r41="1728.8381" r42="148.13058" r43="-2362.711" r44="1"></containerEntry>
          <containerEntry r11="0.6098958" r12="0" r13="0.79248166" r14="0" r21="0" r22="1" r23="0" r24="0" r31="-0.79248166" r32="0" r33="0.6098958" r34="0" r41="1714.7312" r42="154.92839" r43="-2316.309" r44="1"></containerEntry>
          <containerEntry r11="0.39661807" r12="0" r13="0.9179839" r14="0" r21="0" r22="1" r23="0" r24="0" r31="-0.9179839" r32="0" r33="0.39661807" r34="0" r41="1735.2152" r42="151.7956" r43="-2335.4097" r44="1"></containerEntry>
        </property>
        <property name="colors" type="UInt32" container="DynamicArray" arraySize="4">
          <containerEntry>4294967295</containerEntry>
          <containerEntry>4294967295</containerEntry>
          <containerEntry>4294967295</containerEntry>
          <containerEntry>4294967295</containerEntry>
        </property>
      </staticProperties>
      <dynamicProperties></dynamicProperties>
    </entity>
    <entity class="StaticModelArray" classVersion="4" classID="0xD0" addr="0x2D7A0A0" id="0x0">
      <staticProperties>
        <property name="name" type="String" container="StaticArray" arraySize="1">
          <containerEntry>StaticModelArray0004</containerEntry>
        </property>
        <property name="dataSet" type="EntityHandle" container="StaticArray" arraySize="1">
          <containerEntry>0x2EF4760</containerEntry>
        </property>
        <property name="modelFile" type="FilePtr" container="StaticArray" arraySize="1">
          <containerEntry>/Assets/tpp/environ/object/middle_africa/tree/mafr_tree031/scenes/mafr_tree031_vrtn009.fmdl</containerEntry>
        </property>
        <property name="geomFile" type="FilePtr" container="StaticArray" arraySize="1">
          <containerEntry>/Assets/tpp/environ/object/middle_africa/tree/mafr_tree031/scenes/mafr_tree031_vrtn009.geom</containerEntry>
        </property>
        <property name="isVisibleGeom" type="Bool" container="StaticArray" arraySize="1">
          <containerEntry>false</containerEntry>
        </property>
        <property name="lodFarSize" type="Float" container="StaticArray" arraySize="1">
          <containerEntry>-1</containerEntry>
        </property>
        <property name="lodNearSize" type="Float" container="StaticArray" arraySize="1">
          <containerEntry>-1</containerEntry>
        </property>
        <property name="lodPolygonSize" type="Float" container="StaticArray" arraySize="1">
          <containerEntry>-1</containerEntry>
        </property>
        <property name="drawRejectionLevel" type="Int32" container="StaticArray" arraySize="1">
          <containerEntry>8</containerEntry>
        </property>
        <property name="drawMode" type="Int32" container="StaticArray" arraySize="1">
          <containerEntry>0</containerEntry>
        </property>
        <property name="rejectFarRangeShadowCast" type="Int32" container="StaticArray" arraySize="1">
          <containerEntry>2</containerEntry>
        </property>
        <property name="parentLocator" type="EntityLink" container="StaticArray" arraySize="1">
          <containerEntry packagePathHash="0xB8A0BF169F98" archivePathHash="0xB8A0BF169F98" nameInArchiveHash="0xB8A0BF169F98">0x0</containerEntry>
        </property>
        <property name="transforms" type="Matrix4" container="DynamicArray" arraySize="2">
          <containerEntry r11="0.7870109" r12="0" r13="0.61693895" r14="0" r21="0" r22="1" r23="0" r24="0" r31="-0.61693895" r32="0" r33="0.7870109" r34="0" r41="1724.8994" r42="158.14214" r43="-2439.363" r44="1"></containerEntry>
          <containerEntry r11="0.99995637" r12="0" r13="-0.0093418965" r14="0" r21="0" r22="1" r23="0" r24="0" r31="0.0093418965" r32="0" r33="0.99995637" r34="0" r41="1666.0582" r42="156.18217" r43="-2438.8203" r44="1"></containerEntry>
        </property>
        <property name="colors" type="UInt32" container="DynamicArray" arraySize="2">
          <containerEntry>4294967295</containerEntry>
          <containerEntry>4294967295</containerEntry>
        </property>
      </staticProperties>
      <dynamicProperties></dynamicProperties>
    </entity>
    <entity class="StaticModelArray" classVersion="4" classID="0xD0" addr="0x2D7A110" id="0x0">
      <staticProperties>
        <property name="name" type="String" container="StaticArray" arraySize="1">
          <containerEntry>StaticModelArray0005</containerEntry>
        </property>
        <property name="dataSet" type="EntityHandle" container="StaticArray" arraySize="1">
          <containerEntry>0x2EF4760</containerEntry>
        </property>
        <property name="modelFile" type="FilePtr" container="StaticArray" arraySize="1">
          <containerEntry>/Assets/tpp/environ/object/middle_africa/tree/mafr_tree031/scenes/mafr_tree031_vrtn005.fmdl</containerEntry>
        </property>
        <property name="geomFile" type="FilePtr" container="StaticArray" arraySize="1">
          <containerEntry>/Assets/tpp/environ/object/middle_africa/tree/mafr_tree031/scenes/mafr_tree031_vrtn005.geom</containerEntry>
        </property>
        <property name="isVisibleGeom" type="Bool" container="StaticArray" arraySize="1">
          <containerEntry>false</containerEntry>
        </property>
        <property name="lodFarSize" type="Float" container="StaticArray" arraySize="1">
          <containerEntry>-1</containerEntry>
        </property>
        <property name="lodNearSize" type="Float" container="StaticArray" arraySize="1">
          <containerEntry>-1</containerEntry>
        </property>
        <property name="lodPolygonSize" type="Float" container="StaticArray" arraySize="1">
          <containerEntry>-1</containerEntry>
        </property>
        <property name="drawRejectionLevel" type="Int32" container="StaticArray" arraySize="1">
          <containerEntry>8</containerEntry>
        </property>
        <property name="drawMode" type="Int32" container="StaticArray" arraySize="1">
          <containerEntry>0</containerEntry>
        </property>
        <property name="rejectFarRangeShadowCast" type="Int32" container="StaticArray" arraySize="1">
          <containerEntry>2</containerEntry>
        </property>
        <property name="parentLocator" type="EntityLink" container="StaticArray" arraySize="1">
          <containerEntry packagePathHash="0xB8A0BF169F98" archivePathHash="0xB8A0BF169F98" nameInArchiveHash="0xB8A0BF169F98">0x0</containerEntry>
        </property>
        <property name="transforms" type="Matrix4" container="DynamicArray" arraySize="6">
          <containerEntry r11="1" r12="0" r13="0" r14="0" r21="0" r22="1" r23="0" r24="0" r31="0" r32="0" r33="1" r34="0" r41="1787.6198" r42="158.81163" r43="-2391.8154" r44="1"></containerEntry>
          <containerEntry r11="0.77310455" r12="0" r13="0.63427854" r14="0" r21="0" r22="1" r23="0" r24="0" r31="-0.63427854" r32="0" r33="0.77310455" r34="0" r41="1762.8292" r42="154.89024" r43="-2404.7942" r44="1"></containerEntry>
          <containerEntry r11="0.9812626" r12="0" r13="0.19267511" r14="0" r21="0" r22="1" r23="0" r24="0" r31="-0.19267511" r32="0" r33="0.9812626" r34="0" r41="1750.23" r42="156.6658" r43="-2423.7456" r44="1"></containerEntry>
          <containerEntry r11="-0.04094851" r12="0" r13="0.99916273" r14="0" r21="0" r22="1" r23="0" r24="0" r31="-0.99916273" r32="0" r33="-0.04094851" r34="0" r41="1783.7413" r42="161.66136" r43="-2420.465" r44="1"></containerEntry>
          <containerEntry r11="-1.173585" r12="0" r13="0.122878335" r14="0" r21="0" r22="1.18" r23="0" r24="0" r31="-0.122878335" r32="0" r33="-1.173585" r34="0" r41="1800.6906" r42="164.76689" r43="-2409.4526" r44="1"></containerEntry>
          <containerEntry r11="0.9874002" r12="0" r13="0.15824316" r14="0" r21="0" r22="1" r23="0" r24="0" r31="-0.15824316" r32="0" r33="0.9874002" r34="0" r41="1773.5625" r42="164.43352" r43="-2434.6636" r44="1"></containerEntry>
        </property>
        <property name="colors" type="UInt32" container="DynamicArray" arraySize="6">
          <containerEntry>4294967295</containerEntry>
          <containerEntry>4294967295</containerEntry>
          <containerEntry>4294967295</containerEntry>
          <containerEntry>4294967295</containerEntry>
          <containerEntry>4294967295</containerEntry>
          <containerEntry>4294967295</containerEntry>
        </property>
      </staticProperties>
      <dynamicProperties></dynamicProperties>
    </entity>
    <entity class="StaticModelArray" classVersion="4" classID="0xD0" addr="0x2D79E70" id="0x0">
      <staticProperties>
        <property name="name" type="String" container="StaticArray" arraySize="1">
          <containerEntry>StaticModelArray0006</containerEntry>
        </property>
        <property name="dataSet" type="EntityHandle" container="StaticArray" arraySize="1">
          <containerEntry>0x2EF4760</containerEntry>
        </property>
        <property name="modelFile" type="FilePtr" container="StaticArray" arraySize="1">
          <containerEntry>/Assets/tpp/environ/object/middle_africa/cliff/mafr_clff003/scenes/mafr_clff003.fmdl</containerEntry>
        </property>
        <property name="geomFile" type="FilePtr" container="StaticArray" arraySize="1">
          <containerEntry>/Assets/tpp/environ/object/middle_africa/cliff/mafr_clff003/scenes/mafr_clff003.geom</containerEntry>
        </property>
        <property name="isVisibleGeom" type="Bool" container="StaticArray" arraySize="1">
          <containerEntry>false</containerEntry>
        </property>
        <property name="lodFarSize" type="Float" container="StaticArray" arraySize="1">
          <containerEntry>-1</containerEntry>
        </property>
        <property name="lodNearSize" type="Float" container="StaticArray" arraySize="1">
          <containerEntry>-1</containerEntry>
        </property>
        <property name="lodPolygonSize" type="Float" container="StaticArray" arraySize="1">
          <containerEntry>-1</containerEntry>
        </property>
        <property name="drawRejectionLevel" type="Int32" container="StaticArray" arraySize="1">
          <containerEntry>8</containerEntry>
        </property>
        <property name="drawMode" type="Int32" container="StaticArray" arraySize="1">
          <containerEntry>0</containerEntry>
        </property>
        <property name="rejectFarRangeShadowCast" type="Int32" container="StaticArray" arraySize="1">
          <containerEntry>2</containerEntry>
        </property>
        <property name="parentLocator" type="EntityLink" container="StaticArray" arraySize="1">
          <containerEntry packagePathHash="0xB8A0BF169F98" archivePathHash="0xB8A0BF169F98" nameInArchiveHash="0xB8A0BF169F98">0x0</containerEntry>
        </property>
        <property name="transforms" type="Matrix4" container="DynamicArray" arraySize="3">
          <containerEntry r11="0.95194256" r12="0" r13="-0.3062764" r14="0" r21="0" r22="1" r23="0" r24="0" r31="0.3062764" r32="0" r33="0.95194256" r34="0" r41="1683.2649" r42="149.99681" r43="-2363.9788" r44="1"></containerEntry>
          <containerEntry r11="0.60832024" r12="0" r13="-0.79369104" r14="0" r21="0" r22="1" r23="0" r24="0" r31="0.79369104" r32="0" r33="0.60832024" r34="0" r41="1641.0035" r42="148.74161" r43="-2331.3662" r44="1"></containerEntry>
          <containerEntry r11="-0.73366296" r12="0.057474468" r13="0.67707676" r14="0" r21="0.042237114" r22="0.998347" r23="-0.038978726" r24="0" r31="-0.6781978" r32="4.9360096e-07" r33="-0.73487777" r34="0" r41="1693.351" r42="154.1339" r43="-2317.0112" r44="1"></containerEntry>
        </property>
        <property name="colors" type="UInt32" container="DynamicArray" arraySize="3">
          <containerEntry>4294967295</containerEntry>
          <containerEntry>4294967295</containerEntry>
          <containerEntry>4294967295</containerEntry>
        </property>
      </staticProperties>
      <dynamicProperties></dynamicProperties>
    </entity>
    <entity class="TexturePackLoadConditioner" classVersion="0" classID="0x48" addr="0x2D7A420" id="0x0">
      <staticProperties>
        <property name="name" type="String" container="StaticArray" arraySize="1">
          <containerEntry>TexturePackLoadConditioner0000</containerEntry>
        </property>
        <property name="dataSet" type="EntityHandle" container="StaticArray" arraySize="1">
          <containerEntry>0x2EF4760</containerEntry>
        </property>
        <property name="texturePackPath" type="Path" container="StaticArray" arraySize="1">
          <containerEntry hash="0xB8A0BF169F98"></containerEntry>
        </property>
      </staticProperties>
      <dynamicProperties></dynamicProperties>
    </entity>
  </entities>
</fox>