<fox formatVersion="2" fileVersion="0">
  <entities>
    <entity class="DataSet" classVersion="0" classID="0xE8" addr="0x3334F40" id="0x12AB10C">
      <staticProperties>
        <property name="name" type="String" container="StaticArray" arraySize="1">
          <containerEntry hash="0xB8A0BF169F98"></containerEntry>
        </property>
        <property name="dataSet" type="EntityHandle" container="StaticArray" arraySize="1">
          <containerEntry>0x0</containerEntry>
        </property>
        <property name="dataList" type="EntityPtr" container="StringMap" arraySize="15">
          <containerEntry key="afgh_bnch002_0000">
            <data>0x317BB50</data>
          </containerEntry>
          <containerEntry key="TppGimmickElectricCableLinkSetData0000">
            <data>0x317D0C0</data>
          </containerEntry>
          <containerEntry key="TppGimmickElectricCableLinkSetData0001">
            <data>0x317EEF0</data>
          </containerEntry>
          <containerEntry key="cypr_utpl001_vrtn001_gim_i0000|TppSharedGimmickData_cypr_utpl001_vrtn001">
            <data>0x317F7B0</data>
          </containerEntry>
          <containerEntry key="cypr_cabl002_vrtn001_gim_i0000|TppSharedGimmick_cypr_cabl002_vrtn001">
            <data>0x317FAC0</data>
          </containerEntry>
          <containerEntry key="StaticModelArray0000">
            <data>0x3333EA0</data>
          </containerEntry>
          <containerEntry key="StaticModelArray0001">
            <data>0x3333FF0</data>
          </containerEntry>
          <containerEntry key="StaticModelArray0002">
            <data>0x3334060</data>
          </containerEntry>
          <containerEntry key="StaticModelArray0003">
            <data>0x33341B0</data>
          </containerEntry>
          <containerEntry key="StaticModelArray0004">
            <data>0x33330A0</data>
          </containerEntry>
          <containerEntry key="StaticModelArray0005">
            <data>0x3332D90</data>
          </containerEntry>
          <containerEntry key="StaticModelArray0006">
            <data>0x3332D20</data>
          </containerEntry>
          <containerEntry key="StaticModelArray0007">
            <data>0x3332BD0</data>
          </containerEntry>
          <containerEntry key="StaticModelArray0008">
            <data>0x3332B60</data>
          </containerEntry>
          <containerEntry key="TexturePackLoadConditioner0000">
            <data>0x3335410</data>
          </containerEntry>
        </property>
      </staticProperties>
      <dynamicProperties></dynamicProperties>
    </entity>
    <entity class="StaticModel" classVersion="9" classID="0x160" addr="0x317BB50" id="0x12AB3EE">
      <staticProperties>
        <property name="name" type="String" container="StaticArray" arraySize="1">
          <containerEntry>afgh_bnch002_0000</containerEntry>
        </property>
        <property name="dataSet" type="EntityHandle" container="StaticArray" arraySize="1">
          <containerEntry>0x3334F40</containerEntry>
        </property>
        <property name="parent" type="EntityHandle" container="StaticArray" arraySize="1">
          <containerEntry>0x0</containerEntry>
        </property>
        <property name="transform" type="EntityPtr" container="StaticArray" arraySize="1">
          <containerEntry>0x317BBC0</containerEntry>
        </property>
        <property name="shearTransform" type="EntityPtr" container="StaticArray" arraySize="1">
          <containerEntry>0x0</containerEntry>
        </property>
        <property name="pivotTransform" type="EntityPtr" container="StaticArray" arraySize="1">
          <containerEntry>0x0</containerEntry>
        </property>
        <property name="children" type="EntityHandle" container="List"></property>
        <property name="flags" type="UInt32" container="StaticArray" arraySize="1">
          <containerEntry>5</containerEntry>
        </property>
        <property name="modelFile" type="FilePtr" container="StaticArray" arraySize="1">
          <containerEntry>/Assets/tpp/environ/object/afghanistan/bench/afgh_bnch002/scenes/afgh_bnch002.fmdl</containerEntry>
        </property>
        <property name="geomFile" type="FilePtr" container="StaticArray" arraySize="1">
          <containerEntry>/Assets/tpp/environ/object/afghanistan/bench/afgh_bnch002/scenes/afgh_bnch002.geom</containerEntry>
        </property>
        <property name="isVisibleGeom" type="Bool" container="StaticArray" arraySize="1">
          <containerEntry>false</containerEntry>
        </property>
        <property name="isIsolated" type="Bool" container="StaticArray" arraySize="1">
          <containerEntry>false</containerEntry>
        </property>
        <property name="lodFarSize" type="Float" container="StaticArray" arraySize="1">
          <containerEntry>-1</containerEntry>
        </property>
        <property name="lodNearSize" type="Float" container="StaticArray" arraySize="1">
          <containerEntry>-1</containerEntry>
        </property>
        <property name="lodPolygonSize" type="Float" container="StaticArray" arraySize="1">
          <containerEntry>-1</containerEntry>
        </property>
        <property name="color" type="Color" container="StaticArray" arraySize="1">
          <containerEntry r="1" g="1" b="1" a="1"></containerEntry>
        </property>
        <property name="drawRejectionLevel" type="Int32" container="StaticArray" arraySize="1">
          <containerEntry>8</containerEntry>
        </property>
        <property name="drawMode" type="Int32" container="StaticArray" arraySize="1">
          <containerEntry>0</containerEntry>
        </property>
        <property name="rejectFarRangeShadowCast" type="Int32" container="StaticArray" arraySize="1">
          <containerEntry>2</containerEntry>
        </property>
      </staticProperties>
      <dynamicProperties></dynamicProperties>
    </entity>
    <entity class="TransformEntity" classVersion="0" classID="0x50" addr="0x317BBC0" id="0x12AB3F1">
      <staticProperties>
        <property name="owner" type="EntityHandle" container="StaticArray" arraySize="1">
          <containerEntry>0x317BB50</containerEntry>
        </property>
        <property name="transform_scale" type="Vector3" container="StaticArray" arraySize="1">
          <containerEntry x="1" y="1" z="1" w="0"></containerEntry>
        </property>
        <property name="transform_rotation_quat" type="Quat" container="StaticArray" arraySize="1">
          <containerEntry x="0" y="0.10511" z="0" w="0.994461"></containerEntry>
        </property>
        <property name="transform_translation" type="Vector3" container="StaticArray" arraySize="1">
          <containerEntry x="-304.3477" y="-3.60952" z="47.215557" w="0"></containerEntry>
        </property>
      </staticProperties>
      <dynamicProperties></dynamicProperties>
    </entity>
    <entity class="TppGimmickElectricCableLinkSetData" classVersion="0" classID="0xB0" addr="0x317D0C0" id="0x12AB450">
      <staticProperties>
        <property name="name" type="String" container="StaticArray" arraySize="1">
          <containerEntry>TppGimmickElectricCableLinkSetData0000</containerEntry>
        </property>
        <property name="dataSet" type="EntityHandle" container="StaticArray" arraySize="1">
          <containerEntry>0x3334F40</containerEntry>
        </property>
        <property name="electricCableData" type="EntityLink" container="StaticArray" arraySize="1">
          <containerEntry packagePathHash="0xB8A0BF169F98" archivePath="/Assets/tpp/level/location/mafr/block_small/130/130_134/mafr_130_134_asset.fox2" nameInArchive="cypr_cabl002_vrtn001_gim_i0000|TppSharedGimmick_cypr_cabl002_vrtn001">0x0</containerEntry>
        </property>
        <property name="poleData" type="EntityLink" container="StaticArray" arraySize="1">
          <containerEntry packagePathHash="0xB8A0BF169F98" archivePath="/Assets/tpp/level/location/mafr/block_small/130/130_134/mafr_130_134_asset.fox2" nameInArchive="cypr_utpl001_vrtn001_gim_i0000|TppSharedGimmickData_cypr_utpl001_vrtn001">0x0</containerEntry>
        </property>
        <property name="electricCable" type="String" container="DynamicArray" arraySize="15">
          <containerEntry>cypr_cabl002_vrtn001_gim_n0001|srt_cypr_cabl002_vrtn001</containerEntry>
          <containerEntry>cypr_cabl002_vrtn001_gim_n0001|srt_cypr_cabl002_vrtn001</containerEntry>
          <containerEntry>cypr_cabl002_vrtn001_gim_n0002|srt_cypr_cabl002_vrtn001</containerEntry>
          <containerEntry>cypr_cabl002_vrtn001_gim_n0002|srt_cypr_cabl002_vrtn001</containerEntry>
          <containerEntry>cypr_cabl002_vrtn001_gim_n0003|srt_cypr_cabl002_vrtn001</containerEntry>
          <containerEntry>cypr_cabl002_vrtn001_gim_n0003|srt_cypr_cabl002_vrtn001</containerEntry>
          <containerEntry>cypr_cabl002_vrtn001_gim_n0004|srt_cypr_cabl002_vrtn001</containerEntry>
          <containerEntry>cypr_cabl002_vrtn001_gim_n0004|srt_cypr_cabl002_vrtn001</containerEntry>
          <containerEntry>cypr_cabl002_vrtn001_gim_n0005|srt_cypr_cabl002_vrtn001</containerEntry>
          <containerEntry>cypr_cabl002_vrtn001_gim_n0005|srt_cypr_cabl002_vrtn001</containerEntry>
          <containerEntry>cypr_cabl002_vrtn001_gim_n0006|srt_cypr_cabl002_vrtn001</containerEntry>
          <containerEntry>cypr_cabl002_vrtn001_gim_n0006|srt_cypr_cabl002_vrtn001</containerEntry>
          <containerEntry>cypr_cabl002_vrtn001_gim_n0000|srt_cypr_cabl002_vrtn001</containerEntry>
          <containerEntry>cypr_cabl002_vrtn001_gim_n0007|srt_cypr_cabl002_vrtn001</containerEntry>
          <containerEntry>cypr_cabl002_vrtn001_gim_n0008|srt_cypr_cabl002_vrtn001</containerEntry>
        </property>
        <property name="pole" type="String" container="DynamicArray" arraySize="15">
          <containerEntry>cypr_utpl001_vrtn001_gim_n0001|srt_cypr_utpl001_vrtn001</containerEntry>
          <containerEntry>cypr_utpl001_vrtn001_gim_n0000|srt_cypr_utpl001_vrtn001</containerEntry>
          <containerEntry>cypr_utpl001_vrtn001_gim_n0001|srt_cypr_utpl001_vrtn001</containerEntry>
          <containerEntry>cypr_utpl001_vrtn001_gim_n0000|srt_cypr_utpl001_vrtn001</containerEntry>
          <containerEntry>cypr_utpl001_vrtn001_gim_n0001|srt_cypr_utpl001_vrtn001</containerEntry>
          <containerEntry>cypr_utpl001_vrtn001_gim_n0000|srt_cypr_utpl001_vrtn001</containerEntry>
          <containerEntry>cypr_utpl001_vrtn001_gim_n0002|srt_cypr_utpl001_vrtn001</containerEntry>
          <containerEntry>cypr_utpl001_vrtn001_gim_n0001|srt_cypr_utpl001_vrtn001</containerEntry>
          <containerEntry>cypr_utpl001_vrtn001_gim_n0002|srt_cypr_utpl001_vrtn001</containerEntry>
          <containerEntry>cypr_utpl001_vrtn001_gim_n0001|srt_cypr_utpl001_vrtn001</containerEntry>
          <containerEntry>cypr_utpl001_vrtn001_gim_n0002|srt_cypr_utpl001_vrtn001</containerEntry>
          <containerEntry>cypr_utpl001_vrtn001_gim_n0001|srt_cypr_utpl001_vrtn001</containerEntry>
          <containerEntry>cypr_utpl001_vrtn001_gim_n0000|srt_cypr_utpl001_vrtn001</containerEntry>
          <containerEntry>cypr_utpl001_vrtn001_gim_n0000|srt_cypr_utpl001_vrtn001</containerEntry>
          <containerEntry>cypr_utpl001_vrtn001_gim_n0000|srt_cypr_utpl001_vrtn001</containerEntry>
        </property>
        <property name="cnpIndex" type="UInt8" container="DynamicArray" arraySize="15">
          <containerEntry>0</containerEntry>
          <containerEntry>0</containerEntry>
          <containerEntry>1</containerEntry>
          <containerEntry>1</containerEntry>
          <containerEntry>2</containerEntry>
          <containerEntry>2</containerEntry>
          <containerEntry>0</containerEntry>
          <containerEntry>0</containerEntry>
          <containerEntry>1</containerEntry>
          <containerEntry>1</containerEntry>
          <containerEntry>2</containerEntry>
          <containerEntry>2</containerEntry>
          <containerEntry>0</containerEntry>
          <containerEntry>1</containerEntry>
          <containerEntry>2</containerEntry>
        </property>
      </staticProperties>
      <dynamicProperties></dynamicProperties>
    </entity>
    <entity class="TppGimmickElectricCableLinkSetData" classVersion="0" classID="0xB0" addr="0x317EEF0" id="0x12AB4BB">
      <staticProperties>
        <property name="name" type="String" container="StaticArray" arraySize="1">
          <containerEntry>TppGimmickElectricCableLinkSetData0001</containerEntry>
        </property>
        <property name="dataSet" type="EntityHandle" container="StaticArray" arraySize="1">
          <containerEntry>0x3334F40</containerEntry>
        </property>
        <property name="electricCableData" type="EntityLink" container="StaticArray" arraySize="1">
          <containerEntry packagePath="/Assets/tpp/pack/location/mafr/pack_small/131/mafr_131_134.fpk" archivePath="/Assets/tpp/level/location/mafr/block_small/131/131_134/mafr_131_134_asset.fox2" nameInArchive="cypr_cabl002_vrtn001_gim_i0000|TppSharedGimmick_cypr_cabl002_vrtn001">0x0</containerEntry>
        </property>
        <property name="poleData" type="EntityLink" container="StaticArray" arraySize="1">
          <containerEntry packagePathHash="0xB8A0BF169F98" archivePath="/Assets/tpp/level/location/mafr/block_small/130/130_134/mafr_130_134_asset.fox2" nameInArchive="cypr_utpl001_vrtn001_gim_i0000|TppSharedGimmickData_cypr_utpl001_vrtn001">0x0</containerEntry>
        </property>
        <property name="electricCable" type="String" container="DynamicArray" arraySize="3">
          <containerEntry>cypr_cabl002_vrtn001_gim_n0007|srt_cypr_cabl002_vrtn001</containerEntry>
          <containerEntry>cypr_cabl002_vrtn001_gim_n0008|srt_cypr_cabl002_vrtn001</containerEntry>
          <containerEntry>cypr_cabl002_vrtn001_gim_n0009|srt_cypr_cabl002_vrtn001</containerEntry>
        </property>
        <property name="pole" type="String" container="DynamicArray" arraySize="3">
          <containerEntry>cypr_utpl001_vrtn001_gim_n0002|srt_cypr_utpl001_vrtn001</containerEntry>
          <containerEntry>cypr_utpl001_vrtn001_gim_n0002|srt_cypr_utpl001_vrtn001</containerEntry>
          <containerEntry>cypr_utpl001_vrtn001_gim_n0002|srt_cypr_utpl001_vrtn001</containerEntry>
        </property>
        <property name="cnpIndex" type="UInt8" container="DynamicArray" arraySize="3">
          <containerEntry>0</containerEntry>
          <containerEntry>1</containerEntry>
          <containerEntry>2</containerEntry>
        </property>
      </staticProperties>
      <dynamicProperties></dynamicProperties>
    </entity>
    <entity class="TppSharedGimmickData" classVersion="1" classID="0xF0" addr="0x317F7B0" id="0xC619">
      <staticProperties>
        <property name="name" type="String" container="StaticArray" arraySize="1">
          <containerEntry>cypr_utpl001_vrtn001_gim_i0000|TppSharedGimmickData_cypr_utpl001_vrtn001</containerEntry>
        </property>
        <property name="dataSet" type="EntityHandle" container="StaticArray" arraySize="1">
          <containerEntry>0x3334F40</containerEntry>
        </property>
        <property name="modelFile" type="FilePtr" container="StaticArray" arraySize="1">
          <containerEntry>/Assets/tpp/environ/object/cyprus/utility_pole/cypr_utpl001/scenes/cypr_utpl001_vrtn001.fmdl</containerEntry>
        </property>
        <property name="geomFile" type="FilePtr" container="StaticArray" arraySize="1">
          <containerEntry>/Assets/tpp/environ/object/cyprus/utility_pole/cypr_utpl001/scenes/cypr_utpl001_vrtn001.geom</containerEntry>
        </property>
        <property name="breakedModelFile" type="FilePtr" container="StaticArray" arraySize="1">
          <containerEntry hash="0xB8A0BF169F98"></containerEntry>
        </property>
        <property name="breakedGeomFile" type="FilePtr" container="StaticArray" arraySize="1">
          <containerEntry hash="0xB8A0BF169F98"></containerEntry>
        </property>
        <property name="partsFile" type="FilePtr" container="StaticArray" arraySize="1">
          <containerEntry>/Assets/tpp/parts/environ/object/cyprus/utility_pole/cypr_utpl001/cypr_utpl001_vrtn001.parts</containerEntry>
        </property>
        <property name="numDynamicGimmick" type="UInt32" container="StaticArray" arraySize="1">
          <containerEntry>2</containerEntry>
        </property>
        <property name="locaterFile" type="FilePtr" container="StaticArray" arraySize="1">
          <containerEntry>/Assets/tpp/level/location/mafr/block_small/130/130_134/lba/cypr_utpl001_vrtn001.lba</containerEntry>
        </property>
        <property name="flags1" type="UInt32" container="StaticArray" arraySize="1">
          <containerEntry>284</containerEntry>
        </property>
        <property name="flags2" type="UInt32" container="StaticArray" arraySize="1">
          <containerEntry>0</containerEntry>
        </property>
      </staticProperties>
      <dynamicProperties></dynamicProperties>
    </entity>
    <entity class="TppSharedGimmickData" classVersion="1" classID="0xF0" addr="0x317FAC0" id="0xCF4">
      <staticProperties>
        <property name="name" type="String" container="StaticArray" arraySize="1">
          <containerEntry>cypr_cabl002_vrtn001_gim_i0000|TppSharedGimmick_cypr_cabl002_vrtn001</containerEntry>
        </property>
        <property name="dataSet" type="EntityHandle" container="StaticArray" arraySize="1">
          <containerEntry>0x3334F40</containerEntry>
        </property>
        <property name="modelFile" type="FilePtr" container="StaticArray" arraySize="1">
          <containerEntry>/Assets/tpp/environ/object/cyprus/cable/cypr_cabl002/scenes/cypr_cabl002_vrtn001_fl.fmdl</containerEntry>
        </property>
        <property name="geomFile" type="FilePtr" container="StaticArray" arraySize="1">
          <containerEntry hash="0xB8A0BF169F98"></containerEntry>
        </property>
        <property name="breakedModelFile" type="FilePtr" container="StaticArray" arraySize="1">
          <containerEntry hash="0xB8A0BF169F98"></containerEntry>
        </property>
        <property name="breakedGeomFile" type="FilePtr" container="StaticArray" arraySize="1">
          <containerEntry hash="0xB8A0BF169F98"></containerEntry>
        </property>
        <property name="partsFile" type="FilePtr" container="StaticArray" arraySize="1">
          <containerEntry>/Assets/tpp/parts/environ/object/cyprus/cable/cypr_cabl002/cypr_cabl002_vrtn001.parts</containerEntry>
        </property>
        <property name="numDynamicGimmick" type="UInt32" container="StaticArray" arraySize="1">
          <containerEntry>6</containerEntry>
        </property>
        <property name="locaterFile" type="FilePtr" container="StaticArray" arraySize="1">
          <containerEntry>/Assets/tpp/level/location/mafr/block_small/130/130_134/lba/cypr_cabl002_vrtn001_scl.lba</containerEntry>
        </property>
        <property name="flags1" type="UInt32" container="StaticArray" arraySize="1">
          <containerEntry>274</containerEntry>
        </property>
        <property name="flags2" type="UInt32" container="StaticArray" arraySize="1">
          <containerEntry>0</containerEntry>
        </property>
      </staticProperties>
      <dynamicProperties></dynamicProperties>
    </entity>
    <entity class="StaticModelArray" classVersion="4" classID="0xD0" addr="0x3333EA0" id="0x0">
      <staticProperties>
        <property name="name" type="String" container="StaticArray" arraySize="1">
          <containerEntry>StaticModelArray0000</containerEntry>
        </property>
        <property name="dataSet" type="EntityHandle" container="StaticArray" arraySize="1">
          <containerEntry>0x3334F40</containerEntry>
        </property>
        <property name="modelFile" type="FilePtr" container="StaticArray" arraySize="1">
          <containerEntry>/Assets/tpp/environ/object/middle_africa/rock/mafr_rock007/scenes/mafr_rock007.fmdl</containerEntry>
        </property>
        <property name="geomFile" type="FilePtr" container="StaticArray" arraySize="1">
          <containerEntry>/Assets/tpp/environ/object/middle_africa/rock/mafr_rock007/scenes/mafr_rock007.geom</containerEntry>
        </property>
        <property name="isVisibleGeom" type="Bool" container="StaticArray" arraySize="1">
          <containerEntry>false</containerEntry>
        </property>
        <property name="lodFarSize" type="Float" container="StaticArray" arraySize="1">
          <containerEntry>-1</containerEntry>
        </property>
        <property name="lodNearSize" type="Float" container="StaticArray" arraySize="1">
          <containerEntry>-1</containerEntry>
        </property>
        <property name="lodPolygonSize" type="Float" container="StaticArray" arraySize="1">
          <containerEntry>-1</containerEntry>
        </property>
        <property name="drawRejectionLevel" type="Int32" container="StaticArray" arraySize="1">
          <containerEntry>8</containerEntry>
        </property>
        <property name="drawMode" type="Int32" container="StaticArray" arraySize="1">
          <containerEntry>0</containerEntry>
        </property>
        <property name="rejectFarRangeShadowCast" type="Int32" container="StaticArray" arraySize="1">
          <containerEntry>2</containerEntry>
        </property>
        <property name="parentLocator" type="EntityLink" container="StaticArray" arraySize="1">
          <containerEntry packagePathHash="0xB8A0BF169F98" archivePathHash="0xB8A0BF169F98" nameInArchiveHash="0xB8A0BF169F98">0x0</containerEntry>
        </property>
        <property name="transforms" type="Matrix4" container="DynamicArray" arraySize="8">
          <containerEntry r11="1" r12="0" r13="0" r14="0" r21="0" r22="1" r23="0" r24="0" r31="0" r32="0" r33="1" r34="0" r41="-320.76935" r42="-4.057507" r43="216.92079" r44="1"></containerEntry>
          <containerEntry r11="0.7744566" r12="-0.06144177" r13="0.6296361" r14="0" r21="-0.122595854" r22="0.9618294" r23="0.24465173" r24="0" r31="-0.6206344" r32="-0.26666296" r33="0.7373626" r34="0" r41="-349.51236" r42="-4.07289" r43="200.51099" r44="1"></containerEntry>
          <containerEntry r11="-0.05902235" r12="0.23568621" r13="-0.9700351" r14="0" r21="0.44122818" r22="0.87781566" r23="0.18643308" r24="0" r31="0.89545166" r32="-0.41700315" r33="-0.15580213" r34="0" r41="-349.29108" r42="-4.07289" r43="198.15364" r44="1"></containerEntry>
          <containerEntry r11="0.7184544" r12="-0.116521105" r13="-0.6857444" r14="0" r21="0.26613098" r22="0.95690393" r23="0.11622888" r24="0" r31="0.64264834" r32="-0.26600316" r33="0.7185018" r34="0" r41="-350.618" r42="-3.328751" r43="161.65451" r44="1"></containerEntry>
          <containerEntry r11="-0.5485671" r12="0.100244574" r13="-0.83007556" r14="0" r21="0.3337909" r22="0.9364981" r23="-0.10749362" r24="0" r31="0.7665886" r32="-0.3360391" r33="-0.5471928" r34="0" r41="-296.3698" r42="-4.082815" r43="229.13852" r44="1"></containerEntry>
          <containerEntry r11="-0.5319258" r12="0.12528193" r13="0.83747035" r14="0" r21="0.022964936" r22="0.99076545" r23="-0.1336277" r24="0" r31="-0.8464778" r32="-0.05184774" r33="-0.5298908" r34="0" r41="-285.43527" r42="-1.623657" r43="242.2683" r44="1"></containerEntry>
          <containerEntry r11="0.9782473" r12="-0.037721485" r13="0.20398349" r14="0" r21="0.02410128" r22="0.9973359" r23="0.068848655" r24="0" r31="-0.20603713" r32="-0.06243475" r33="0.97655034" r34="0" r41="-280.12048" r42="-3.117914" r43="239.31984" r44="1"></containerEntry>
          <containerEntry r11="-0.9328627" r12="0.08468153" r13="0.35013387" r14="0" r21="0.101450466" r22="0.9943943" r23="0.02979615" r24="0" r31="-0.3456479" r32="0.063317016" r33="-0.9362243" r34="0" r41="-310.15942" r42="-2.601359" r43="119.74527" r44="1"></containerEntry>
        </property>
        <property name="colors" type="UInt32" container="DynamicArray" arraySize="8">
          <containerEntry>4294967295</containerEntry>
          <containerEntry>4294967295</containerEntry>
          <containerEntry>4294967295</containerEntry>
          <containerEntry>4294967295</containerEntry>
          <containerEntry>4294967295</containerEntry>
          <containerEntry>4294967295</containerEntry>
          <containerEntry>4294967295</containerEntry>
          <containerEntry>4294967295</containerEntry>
        </property>
      </staticProperties>
      <dynamicProperties></dynamicProperties>
    </entity>
    <entity class="StaticModelArray" classVersion="4" classID="0xD0" addr="0x3333FF0" id="0x0">
      <staticProperties>
        <property name="name" type="String" container="StaticArray" arraySize="1">
          <containerEntry>StaticModelArray0001</containerEntry>
        </property>
        <property name="dataSet" type="EntityHandle" container="StaticArray" arraySize="1">
          <containerEntry>0x3334F40</containerEntry>
        </property>
        <property name="modelFile" type="FilePtr" container="StaticArray" arraySize="1">
          <containerEntry>/Assets/tpp/environ/object/middle_africa/rock/mafr_rock010/scenes/mafr_rock010.fmdl</containerEntry>
        </property>
        <property name="geomFile" type="FilePtr" container="StaticArray" arraySize="1">
          <containerEntry>/Assets/tpp/environ/object/middle_africa/rock/mafr_rock010/scenes/mafr_rock010.geom</containerEntry>
        </property>
        <property name="isVisibleGeom" type="Bool" container="StaticArray" arraySize="1">
          <containerEntry>false</containerEntry>
        </property>
        <property name="lodFarSize" type="Float" container="StaticArray" arraySize="1">
          <containerEntry>-1</containerEntry>
        </property>
        <property name="lodNearSize" type="Float" container="StaticArray" arraySize="1">
          <containerEntry>-1</containerEntry>
        </property>
        <property name="lodPolygonSize" type="Float" container="StaticArray" arraySize="1">
          <containerEntry>-1</containerEntry>
        </property>
        <property name="drawRejectionLevel" type="Int32" container="StaticArray" arraySize="1">
          <containerEntry>8</containerEntry>
        </property>
        <property name="drawMode" type="Int32" container="StaticArray" arraySize="1">
          <containerEntry>0</containerEntry>
        </property>
        <property name="rejectFarRangeShadowCast" type="Int32" container="StaticArray" arraySize="1">
          <containerEntry>2</containerEntry>
        </property>
        <property name="parentLocator" type="EntityLink" container="StaticArray" arraySize="1">
          <containerEntry packagePathHash="0xB8A0BF169F98" archivePathHash="0xB8A0BF169F98" nameInArchiveHash="0xB8A0BF169F98">0x0</containerEntry>
        </property>
        <property name="transforms" type="Matrix4" container="DynamicArray" arraySize="9">
          <containerEntry r11="-0.69612855" r12="-0.030799406" r13="0.71725774" r14="0" r21="0.019446092" r22="0.9979038" r23="0.061723743" r24="0" r31="-0.7176553" r32="0.056915443" r33="-0.6940704" r34="0" r41="-365.66895" r42="-3.537674" r43="179.74927" r44="1"></containerEntry>
          <containerEntry r11="-0.69612855" r12="-0.030799406" r13="0.71725774" r14="0" r21="0.019446092" r22="0.9979038" r23="0.061723743" r24="0" r31="-0.7176553" r32="0.056915443" r33="-0.6940704" r34="0" r41="-310.39865" r42="-5.481132" r43="171.54077" r44="1"></containerEntry>
          <containerEntry r11="-0.87651116" r12="-0.24777085" r13="-0.41272" r14="0" r21="-0.3891763" r22="0.86934006" r23="0.30461398" r24="0" r31="0.28331956" r32="0.4276184" r33="-0.8584128" r34="0" r41="-339.88638" r42="-5.271837" r43="232.2033" r44="1"></containerEntry>
          <containerEntry r11="0.46734166" r12="0.14520067" r13="-0.872071" r14="0" r21="-0.42041004" r22="0.90425074" r23="-0.07473837" r24="0" r31="0.7777188" r32="0.40155596" r33="0.48363796" r34="0" r41="-365.54883" r42="-5.216986" r43="250.86012" r44="1"></containerEntry>
          <containerEntry r11="-0.87651116" r12="-0.24777085" r13="-0.41272" r14="0" r21="-0.3891763" r22="0.86934006" r23="0.30461398" r24="0" r31="0.28331956" r32="0.4276184" r33="-0.8584128" r34="0" r41="-305.7288" r42="-5.271837" r43="232.03162" r44="1"></containerEntry>
          <containerEntry r11="-0.87651116" r12="-0.24777085" r13="-0.41272" r14="0" r21="-0.3891763" r22="0.86934006" r23="0.30461398" r24="0" r31="0.28331956" r32="0.4276184" r33="-0.8584128" r34="0" r41="-292.57404" r42="-2.996878" r43="255.18164" r44="1"></containerEntry>
          <containerEntry r11="0.14266782" r12="0.034697413" r13="-0.9891621" r14="0" r21="0.07190451" r22="0.99638134" r23="0.045321487" r24="0" r31="0.9871552" r32="-0.077591136" r33="0.13965666" r34="0" r41="-273.79913" r42="-5.009086" r43="229.09036" r44="1"></containerEntry>
          <containerEntry r11="0.34939137" r12="0.039110705" r13="0.9361611" r14="0" r21="-0.45287246" r22="0.8817223" r23="0.13218394" r24="0" r31="-0.8202645" r32="-0.47014508" r33="0.3257782" r34="0" r41="-358.94046" r42="-5.645957" r43="122.57732" r44="1"></containerEntry>
          <containerEntry r11="-0.18500707" r12="-0.1165347" r13="0.9758044" r14="0" r21="0.09572936" r22="0.9860851" r23="0.13591224" r24="0" r31="-0.9780646" r32="0.118557625" r33="-0.17127693" r34="0" r41="-257.1472" r42="-3.191829" r43="115.71815" r44="1"></containerEntry>
        </property>
        <property name="colors" type="UInt32" container="DynamicArray" arraySize="9">
          <containerEntry>4294967295</containerEntry>
          <containerEntry>4294967295</containerEntry>
          <containerEntry>4294967295</containerEntry>
          <containerEntry>4294967295</containerEntry>
          <containerEntry>4294967295</containerEntry>
          <containerEntry>4294967295</containerEntry>
          <containerEntry>4294967295</containerEntry>
          <containerEntry>4294967295</containerEntry>
          <containerEntry>4294967295</containerEntry>
        </property>
      </staticProperties>
      <dynamicProperties></dynamicProperties>
    </entity>
    <entity class="StaticModelArray" classVersion="4" classID="0xD0" addr="0x3334060" id="0x0">
      <staticProperties>
        <property name="name" type="String" container="StaticArray" arraySize="1">
          <containerEntry>StaticModelArray0002</containerEntry>
        </property>
        <property name="dataSet" type="EntityHandle" container="StaticArray" arraySize="1">
          <containerEntry>0x3334F40</containerEntry>
        </property>
        <property name="modelFile" type="FilePtr" container="StaticArray" arraySize="1">
          <containerEntry>/Assets/tpp/environ/object/middle_africa/rock/mafr_rock002/scenes/mafr_rock002.fmdl</containerEntry>
        </property>
        <property name="geomFile" type="FilePtr" container="StaticArray" arraySize="1">
          <containerEntry>/Assets/tpp/environ/object/middle_africa/rock/mafr_rock002/scenes/mafr_rock002.geom</containerEntry>
        </property>
        <property name="isVisibleGeom" type="Bool" container="StaticArray" arraySize="1">
          <containerEntry>false</containerEntry>
        </property>
        <property name="lodFarSize" type="Float" container="StaticArray" arraySize="1">
          <containerEntry>-1</containerEntry>
        </property>
        <property name="lodNearSize" type="Float" container="StaticArray" arraySize="1">
          <containerEntry>-1</containerEntry>
        </property>
        <property name="lodPolygonSize" type="Float" container="StaticArray" arraySize="1">
          <containerEntry>-1</containerEntry>
        </property>
        <property name="drawRejectionLevel" type="Int32" container="StaticArray" arraySize="1">
          <containerEntry>8</containerEntry>
        </property>
        <property name="drawMode" type="Int32" container="StaticArray" arraySize="1">
          <containerEntry>0</containerEntry>
        </property>
        <property name="rejectFarRangeShadowCast" type="Int32" container="StaticArray" arraySize="1">
          <containerEntry>2</containerEntry>
        </property>
        <property name="parentLocator" type="EntityLink" container="StaticArray" arraySize="1">
          <containerEntry packagePathHash="0xB8A0BF169F98" archivePathHash="0xB8A0BF169F98" nameInArchiveHash="0xB8A0BF169F98">0x0</containerEntry>
        </property>
        <property name="transforms" type="Matrix4" container="DynamicArray" arraySize="11">
          <containerEntry r11="0.9993953" r12="0" r13="0.03477075" r14="0" r21="0" r22="1" r23="0" r24="0" r31="-0.03477075" r32="0" r33="0.9993953" r34="0" r41="-303.25098" r42="-3.636863" r43="176.044" r44="1"></containerEntry>
          <containerEntry r11="0.25233603" r12="0" r13="0.9676399" r14="0" r21="0" r22="1" r23="0" r24="0" r31="-0.9676399" r32="0" r33="0.25233603" r34="0" r41="-280.1664" r42="-4.393179" r43="163.52565" r44="1"></containerEntry>
          <containerEntry r11="0.06962312" r12="-0.042672705" r13="-0.99665976" r14="0" r21="0.03981873" r22="0.9984073" r23="-0.039965928" r24="0" r31="0.9967779" r32="-0.036903217" r33="0.0712114" r34="0" r41="-338.8788" r42="-3.209952" r43="182.1129" r44="1"></containerEntry>
          <containerEntry r11="0.69577885" r12="-0.090750605" r13="0.7124999" r14="0" r21="0.01182257" r22="0.99329853" r23="0.1149706" r24="0" r31="-0.7181588" r32="-0.07157054" r33="0.692189" r34="0" r41="-318.75687" r42="-3.552435" r43="210.3476" r44="1"></containerEntry>
          <containerEntry r11="-0.9850459" r12="-0.057209462" r13="0.16252549" r14="0" r21="-0.036218874" r22="0.99094415" r23="0.12929784" r24="0" r31="-0.16845073" r32="0.121477626" r33="-0.9781976" r34="0" r41="-280.03702" r42="-2.387878" r43="208.21902" r44="1"></containerEntry>
          <containerEntry r11="-0.85641265" r12="-0.0270565" r13="0.51558346" r14="0" r21="0.12649849" r22="0.9571912" r23="0.26035187" r24="0" r31="-0.5005562" r32="0.28818902" r33="-0.81632805" r34="0" r41="-274.4433" r42="-3.960906" r43="197.53552" r44="1"></containerEntry>
          <containerEntry r11="-0.3519119" r12="-0.016903654" r13="0.9358808" r14="0" r21="0.17933482" r22="0.9800974" r23="0.0851361" r24="0" r31="-0.9186934" r32="0.19779636" r33="-0.3418765" r34="0" r41="-319.21558" r42="-3.704238" r43="158.26093" r44="1"></containerEntry>
          <containerEntry r11="-0.7349407" r12="0.15823385" r13="0.65941757" r14="0" r21="0.16804588" r22="0.9845624" r23="-0.04896449" r24="0" r31="-0.6569856" r32="0.07482635" r33="-0.75018555" r34="0" r41="-312.71075" r42="-3.927195" r43="242.0705" r44="1"></containerEntry>
          <containerEntry r11="-0.6371797" r12="0.031858735" r13="-0.770059" r14="0" r21="0.052012518" r22="0.99864495" r23="-0.0017215032" r24="0" r31="0.7689607" r32="-0.041149564" r33="-0.63797337" r34="0" r41="-278.84015" r42="-3.678984" r43="238.14023" r44="1"></containerEntry>
          <containerEntry r11="0.3789974" r12="0.055231545" r13="0.9237476" r14="0" r21="-0.0460778" r22="0.9981054" r23="-0.040772535" r24="0" r31="-0.9242495" r32="-0.02711162" r33="0.38082427" r34="0" r41="-362.411" r42="-4.381469" r43="126.75392" r44="1"></containerEntry>
          <containerEntry r11="0.85828" r12="0.0005195718" r13="-0.5131813" r14="0" r21="0.029655872" r22="0.99827814" r23="0.05060924" r24="0" r31="0.512324" r32="-0.05865574" r33="0.8567868" r34="0" r41="-291.96976" r42="-3.483066" r43="127.242455" r44="1"></containerEntry>
        </property>
        <property name="colors" type="UInt32" container="DynamicArray" arraySize="11">
          <containerEntry>4294967295</containerEntry>
          <containerEntry>4294967295</containerEntry>
          <containerEntry>4294967295</containerEntry>
          <containerEntry>4294967295</containerEntry>
          <containerEntry>4294967295</containerEntry>
          <containerEntry>4294967295</containerEntry>
          <containerEntry>4294967295</containerEntry>
          <containerEntry>4294967295</containerEntry>
          <containerEntry>4294967295</containerEntry>
          <containerEntry>4294967295</containerEntry>
          <containerEntry>4294967295</containerEntry>
        </property>
      </staticProperties>
      <dynamicProperties></dynamicProperties>
    </entity>
    <entity class="StaticModelArray" classVersion="4" classID="0xD0" addr="0x33341B0" id="0x0">
      <staticProperties>
        <property name="name" type="String" container="StaticArray" arraySize="1">
          <containerEntry>StaticModelArray0003</containerEntry>
        </property>
        <property name="dataSet" type="EntityHandle" container="StaticArray" arraySize="1">
          <containerEntry>0x3334F40</containerEntry>
        </property>
        <property name="modelFile" type="FilePtr" container="StaticArray" arraySize="1">
          <containerEntry>/Assets/tpp/environ/object/middle_africa/mud/mafr_mudd003/scenes/mafr_mudd003_grnd001.fmdl</containerEntry>
        </property>
        <property name="geomFile" type="FilePtr" container="StaticArray" arraySize="1">
          <containerEntry>/Assets/tpp/environ/object/middle_africa/mud/mafr_mudd003/scenes/mafr_mudd003_grnd001.geom</containerEntry>
        </property>
        <property name="isVisibleGeom" type="Bool" container="StaticArray" arraySize="1">
          <containerEntry>false</containerEntry>
        </property>
        <property name="lodFarSize" type="Float" container="StaticArray" arraySize="1">
          <containerEntry>-1</containerEntry>
        </property>
        <property name="lodNearSize" type="Float" container="StaticArray" arraySize="1">
          <containerEntry>-1</containerEntry>
        </property>
        <property name="lodPolygonSize" type="Float" container="StaticArray" arraySize="1">
          <containerEntry>-1</containerEntry>
        </property>
        <property name="drawRejectionLevel" type="Int32" container="StaticArray" arraySize="1">
          <containerEntry>8</containerEntry>
        </property>
        <property name="drawMode" type="Int32" container="StaticArray" arraySize="1">
          <containerEntry>0</containerEntry>
        </property>
        <property name="rejectFarRangeShadowCast" type="Int32" container="StaticArray" arraySize="1">
          <containerEntry>2</containerEntry>
        </property>
        <property name="parentLocator" type="EntityLink" container="StaticArray" arraySize="1">
          <containerEntry packagePathHash="0xB8A0BF169F98" archivePathHash="0xB8A0BF169F98" nameInArchiveHash="0xB8A0BF169F98">0x0</containerEntry>
        </property>
        <property name="transforms" type="Matrix4" container="DynamicArray" arraySize="15">
          <containerEntry r11="0.9991512" r12="0" r13="0.041193265" r14="0" r21="0" r22="1" r23="0" r24="0" r31="-0.041193265" r32="0" r33="0.9991512" r34="0" r41="-330.4488" r42="-4.000901" r43="135.25862" r44="1"></containerEntry>
          <containerEntry r11="0.81021166" r12="0" r13="-0.5861371" r14="0" r21="0" r22="1" r23="0" r24="0" r31="0.5861371" r32="0" r33="0.81021166" r34="0" r41="-330.52927" r42="-3.92077" r43="188.9477" r44="1"></containerEntry>
          <containerEntry r11="0.35607794" r12="0.022825934" r13="-0.934176" r14="0" r21="-0.008572184" r22="0.99973935" r23="0.021160455" r24="0" r31="0.9344155" r32="0.00047320314" r33="0.3561808" r34="0" r41="-302.65344" r42="-4.138247" r43="211.49034" r44="1"></containerEntry>
          <containerEntry r11="0.6109004" r12="0" r13="0.79170763" r14="0" r21="0" r22="1" r23="0" r24="0" r31="-0.79170763" r32="0" r33="0.6109004" r34="0" r41="-334.0547" r42="-4.170383" r43="216.75963" r44="1"></containerEntry>
          <containerEntry r11="0.6066102" r12="0" r13="0.79499954" r14="0" r21="0" r22="1" r23="0" r24="0" r31="-0.79499954" r32="0" r33="0.6066102" r34="0" r41="-286.3477" r42="-3.92077" r43="137.04568" r44="1"></containerEntry>
