<fox formatVersion="2" fileVersion="0">
  <entities>
    <entity class="DataSet" classVersion="0" classID="0xE8" addr="0x3352D20" id="0x1E173">
      <staticProperties>
        <property name="name" type="String" container="StaticArray" arraySize="1">
          <containerEntry hash="0xB8A0BF169F98"></containerEntry>
        </property>
        <property name="dataSet" type="EntityHandle" container="StaticArray" arraySize="1">
          <containerEntry>0x0</containerEntry>
        </property>
        <property name="dataList" type="EntityPtr" container="StringMap" arraySize="10">
          <containerEntry key="afgh_clff027_vrtn004_0000">
            <data>0x3352D90</data>
          </containerEntry>
          <containerEntry key="afgh_clff029_0004">
            <data>0x3177080</data>
          </containerEntry>
          <containerEntry key="afgh_clff027_vrtn001_0000">
            <data>0x3177240</data>
          </containerEntry>
          <containerEntry key="StaticModelArray0000">
            <data>0x317BBC0</data>
          </containerEntry>
          <containerEntry key="StaticModelArray0001">
            <data>0x317BCA0</data>
          </containerEntry>
          <containerEntry key="StaticModelArray0002">
            <data>0x317BC30</data>
          </containerEntry>
          <containerEntry key="StaticModelArray0003">
            <data>0x317BD10</data>
          </containerEntry>
          <containerEntry key="StaticModelArray0004">
            <data>0x317B610</data>
          </containerEntry>
          <containerEntry key="StaticModelArray0005">
            <data>0x317BA70</data>
          </containerEntry>
          <containerEntry key="TexturePackLoadConditioner0000">
            <data>0x317B6F0</data>
          </containerEntry>
        </property>
      </staticProperties>
      <dynamicProperties></dynamicProperties>
    </entity>
    <entity class="StaticModel" classVersion="9" classID="0x160" addr="0x3352D90" id="0x1E175">
      <staticProperties>
        <property name="name" type="String" container="StaticArray" arraySize="1">
          <containerEntry>afgh_clff027_vrtn004_0000</containerEntry>
        </property>
        <property name="dataSet" type="EntityHandle" container="StaticArray" arraySize="1">
          <containerEntry>0x3352D20</containerEntry>
        </property>
        <property name="parent" type="EntityHandle" container="StaticArray" arraySize="1">
          <containerEntry>0x0</containerEntry>
        </property>
        <property name="transform" type="EntityPtr" container="StaticArray" arraySize="1">
          <containerEntry>0x3352E00</containerEntry>
        </property>
        <property name="shearTransform" type="EntityPtr" container="StaticArray" arraySize="1">
          <containerEntry>0x0</containerEntry>
        </property>
        <property name="pivotTransform" type="EntityPtr" container="StaticArray" arraySize="1">
          <containerEntry>0x0</containerEntry>
        </property>
        <property name="children" type="EntityHandle" container="List"></property>
        <property name="flags" type="UInt32" container="StaticArray" arraySize="1">
          <containerEntry>3221225479</containerEntry>
        </property>
        <property name="modelFile" type="FilePtr" container="StaticArray" arraySize="1">
          <containerEntry>/Assets/tpp/environ/object/afghanistan/cliff/afgh_clff027/scenes/afgh_clff027_vrtn004.fmdl</containerEntry>
        </property>
        <property name="geomFile" type="FilePtr" container="StaticArray" arraySize="1">
          <containerEntry>/Assets/tpp/environ/object/afghanistan/cliff/afgh_clff027/scenes/afgh_clff027_vrtn004.geom</containerEntry>
        </property>
        <property name="isVisibleGeom" type="Bool" container="StaticArray" arraySize="1">
          <containerEntry>false</containerEntry>
        </property>
        <property name="isIsolated" type="Bool" container="StaticArray" arraySize="1">
          <containerEntry>false</containerEntry>
        </property>
        <property name="lodFarSize" type="Float" container="StaticArray" arraySize="1">
          <containerEntry>-1</containerEntry>
        </property>
        <property name="lodNearSize" type="Float" container="StaticArray" arraySize="1">
          <containerEntry>-1</containerEntry>
        </property>
        <property name="lodPolygonSize" type="Float" container="StaticArray" arraySize="1">
          <containerEntry>-1</containerEntry>
        </property>
        <property name="color" type="Color" container="StaticArray" arraySize="1">
          <containerEntry r="1" g="1" b="1" a="1"></containerEntry>
        </property>
        <property name="drawRejectionLevel" type="Int32" container="StaticArray" arraySize="1">
          <containerEntry>8</containerEntry>
        </property>
        <property name="drawMode" type="Int32" container="StaticArray" arraySize="1">
          <containerEntry>0</containerEntry>
        </property>
        <property name="rejectFarRangeShadowCast" type="Int32" container="StaticArray" arraySize="1">
          <containerEntry>2</containerEntry>
        </property>
      </staticProperties>
      <dynamicProperties></dynamicProperties>
    </entity>
    <entity class="TransformEntity" classVersion="0" classID="0x50" addr="0x3352E00" id="0x1E178">
      <staticProperties>
        <property name="owner" type="EntityHandle" container="StaticArray" arraySize="1">
          <containerEntry>0x3352D90</containerEntry>
        </property>
        <property name="transform_scale" type="Vector3" container="StaticArray" arraySize="1">
          <containerEntry x="1" y="1" z="1" w="0"></containerEntry>
        </property>
        <property name="transform_rotation_quat" type="Quat" container="StaticArray" arraySize="1">
          <containerEntry x="0.012819" y="0.583832" z="-0.006807" w="0.811744"></containerEntry>
        </property>
        <property name="transform_translation" type="Vector3" container="StaticArray" arraySize="1">
          <containerEntry x="-102.35815" y="312.1949" z="2197.14" w="0"></containerEntry>
        </property>
      </staticProperties>
      <dynamicProperties></dynamicProperties>
    </entity>
    <entity class="StaticModel" classVersion="9" classID="0x160" addr="0x3177080" id="0x1E29E">
      <staticProperties>
        <property name="name" type="String" container="StaticArray" arraySize="1">
          <containerEntry>afgh_clff029_0004</containerEntry>
        </property>
        <property name="dataSet" type="EntityHandle" container="StaticArray" arraySize="1">
          <containerEntry>0x3352D20</containerEntry>
        </property>
        <property name="parent" type="EntityHandle" container="StaticArray" arraySize="1">
          <containerEntry>0x0</containerEntry>
        </property>
        <property name="transform" type="EntityPtr" container="StaticArray" arraySize="1">
          <containerEntry>0x31770F0</containerEntry>
        </property>
        <property name="shearTransform" type="EntityPtr" container="StaticArray" arraySize="1">
          <containerEntry>0x0</containerEntry>
        </property>
        <property name="pivotTransform" type="EntityPtr" container="StaticArray" arraySize="1">
          <containerEntry>0x0</containerEntry>
        </property>
        <property name="children" type="EntityHandle" container="List"></property>
        <property name="flags" type="UInt32" container="StaticArray" arraySize="1">
          <containerEntry>7</containerEntry>
        </property>
        <property name="modelFile" type="FilePtr" container="StaticArray" arraySize="1">
          <containerEntry>/Assets/tpp/environ/object/afghanistan/cliff/afgh_clff029/scenes/afgh_clff029.fmdl</containerEntry>
        </property>
        <property name="geomFile" type="FilePtr" container="StaticArray" arraySize="1">
          <containerEntry>/Assets/tpp/environ/object/afghanistan/cliff/afgh_clff029/scenes/afgh_clff029.geom</containerEntry>
        </property>
        <property name="isVisibleGeom" type="Bool" container="StaticArray" arraySize="1">
          <containerEntry>false</containerEntry>
        </property>
        <property name="isIsolated" type="Bool" container="StaticArray" arraySize="1">
          <containerEntry>false</containerEntry>
        </property>
        <property name="lodFarSize" type="Float" container="StaticArray" arraySize="1">
          <containerEntry>-1</containerEntry>
        </property>
        <property name="lodNearSize" type="Float" container="StaticArray" arraySize="1">
          <containerEntry>-1</containerEntry>
        </property>
        <property name="lodPolygonSize" type="Float" container="StaticArray" arraySize="1">
          <containerEntry>-1</containerEntry>
        </property>
        <property name="color" type="Color" container="StaticArray" arraySize="1">
          <containerEntry r="1" g="1" b="1" a="1"></containerEntry>
        </property>
        <property name="drawRejectionLevel" type="Int32" container="StaticArray" arraySize="1">
          <containerEntry>8</containerEntry>
        </property>
        <property name="drawMode" type="Int32" container="StaticArray" arraySize="1">
          <containerEntry>0</containerEntry>
        </property>
        <property name="rejectFarRangeShadowCast" type="Int32" container="StaticArray" arraySize="1">
          <containerEntry>2</containerEntry>
        </property>
      </staticProperties>
      <dynamicProperties></dynamicProperties>
    </entity>
    <entity class="TransformEntity" classVersion="0" classID="0x50" addr="0x31770F0" id="0x1E2A1">
      <staticProperties>
        <property name="owner" type="EntityHandle" container="StaticArray" arraySize="1">
          <containerEntry>0x3177080</containerEntry>
        </property>
        <property name="transform_scale" type="Vector3" container="StaticArray" arraySize="1">
          <containerEntry x="1" y="1" z="1" w="0"></containerEntry>
        </property>
        <property name="transform_rotation_quat" type="Quat" container="StaticArray" arraySize="1">
          <containerEntry x="-0.022895" y="0.969353" z="0.025169" w="-0.243303"></containerEntry>
        </property>
        <property name="transform_translation" type="Vector3" container="StaticArray" arraySize="1">
          <containerEntry x="-64.267555" y="286.40704" z="2280.7405" w="0"></containerEntry>
        </property>
      </staticProperties>
      <dynamicProperties></dynamicProperties>
    </entity>
    <entity class="StaticModel" classVersion="9" classID="0x160" addr="0x3177240" id="0x21C86">
      <staticProperties>
        <property name="name" type="String" container="StaticArray" arraySize="1">
          <containerEntry>afgh_clff027_vrtn001_0000</containerEntry>
        </property>
        <property name="dataSet" type="EntityHandle" container="StaticArray" arraySize="1">
          <containerEntry>0x3352D20</containerEntry>
        </property>
        <property name="parent" type="EntityHandle" container="StaticArray" arraySize="1">
          <containerEntry>0x0</containerEntry>
        </property>
        <property name="transform" type="EntityPtr" container="StaticArray" arraySize="1">
          <containerEntry>0x31772B0</containerEntry>
        </property>
        <property name="shearTransform" type="EntityPtr" container="StaticArray" arraySize="1">
          <containerEntry>0x0</containerEntry>
        </property>
        <property name="pivotTransform" type="EntityPtr" container="StaticArray" arraySize="1">
          <containerEntry>0x0</containerEntry>
        </property>
        <property name="children" type="EntityHandle" container="List"></property>
        <property name="flags" type="UInt32" container="StaticArray" arraySize="1">
          <containerEntry>7</containerEntry>
        </property>
        <property name="modelFile" type="FilePtr" container="StaticArray" arraySize="1">
          <containerEntry>/Assets/tpp/environ/object/afghanistan/cliff/afgh_clff027/scenes/afgh_clff027_vrtn001.fmdl</containerEntry>
        </property>
        <property name="geomFile" type="FilePtr" container="StaticArray" arraySize="1">
          <containerEntry>/Assets/tpp/environ/object/afghanistan/cliff/afgh_clff027/scenes/afgh_clff027_vrtn001.geom</containerEntry>
        </property>
        <property name="isVisibleGeom" type="Bool" container="StaticArray" arraySize="1">
          <containerEntry>false</containerEntry>
        </property>
        <property name="isIsolated" type="Bool" container="StaticArray" arraySize="1">
          <containerEntry>false</containerEntry>
        </property>
        <property name="lodFarSize" type="Float" container="StaticArray" arraySize="1">
          <containerEntry>-1</containerEntry>
        </property>
        <property name="lodNearSize" type="Float" container="StaticArray" arraySize="1">
          <containerEntry>-1</containerEntry>
        </property>
        <property name="lodPolygonSize" type="Float" container="StaticArray" arraySize="1">
          <containerEntry>-1</containerEntry>
        </property>
        <property name="color" type="Color" container="StaticArray" arraySize="1">
          <containerEntry r="1" g="1" b="1" a="1"></containerEntry>
        </property>
        <property name="drawRejectionLevel" type="Int32" container="StaticArray" arraySize="1">
          <containerEntry>8</containerEntry>
        </property>
        <property name="drawMode" type="Int32" container="StaticArray" arraySize="1">
          <containerEntry>0</containerEntry>
        </property>
        <property name="rejectFarRangeShadowCast" type="Int32" container="StaticArray" arraySize="1">
          <containerEntry>2</containerEntry>
        </property>
      </staticProperties>
      <dynamicProperties></dynamicProperties>
    </entity>
    <entity class="TransformEntity" classVersion="0" classID="0x50" addr="0x31772B0" id="0x21C87">
      <staticProperties>
        <property name="owner" type="EntityHandle" container="StaticArray" arraySize="1">
          <containerEntry>0x3177240</containerEntry>
        </property>
        <property name="transform_scale" type="Vector3" container="StaticArray" arraySize="1">
          <containerEntry x="1" y="1" z="1" w="0"></containerEntry>
        </property>
        <property name="transform_rotation_quat" type="Quat" container="StaticArray" arraySize="1">
          <containerEntry x="0" y="-0.998639" z="0" w="0.052144"></containerEntry>
        </property>
        <property name="transform_translation" type="Vector3" container="StaticArray" arraySize="1">
          <containerEntry x="-135.56876" y="323.99332" z="2193.4226" w="0"></containerEntry>
        </property>
      </staticProperties>
      <dynamicProperties></dynamicProperties>
    </entity>
    <entity class="StaticModelArray" classVersion="4" classID="0xD0" addr="0x317BBC0" id="0x0">
      <staticProperties>
        <property name="name" type="String" container="StaticArray" arraySize="1">
          <containerEntry>StaticModelArray0000</containerEntry>
        </property>
        <property name="dataSet" type="EntityHandle" container="StaticArray" arraySize="1">
          <containerEntry>0x3352D20</containerEntry>
        </property>
        <property name="modelFile" type="FilePtr" container="StaticArray" arraySize="1">
          <containerEntry>/Assets/tpp/environ/object/middle_africa/rock/mafr_rock010/scenes/mafr_rock010_vrtn001.fmdl</containerEntry>
        </property>
        <property name="geomFile" type="FilePtr" container="StaticArray" arraySize="1">
          <containerEntry>/Assets/tpp/environ/object/middle_africa/rock/mafr_rock010/scenes/mafr_rock010_vrtn001.geom</containerEntry>
        </property>
        <property name="isVisibleGeom" type="Bool" container="StaticArray" arraySize="1">
          <containerEntry>false</containerEntry>
        </property>
        <property name="lodFarSize" type="Float" container="StaticArray" arraySize="1">
          <containerEntry>-1</containerEntry>
        </property>
        <property name="lodNearSize" type="Float" container="StaticArray" arraySize="1">
          <containerEntry>-1</containerEntry>
        </property>
        <property name="lodPolygonSize" type="Float" container="StaticArray" arraySize="1">
          <containerEntry>-1</containerEntry>
        </property>
        <property name="drawRejectionLevel" type="Int32" container="StaticArray" arraySize="1">
          <containerEntry>8</containerEntry>
        </property>
        <property name="drawMode" type="Int32" container="StaticArray" arraySize="1">
          <containerEntry>0</containerEntry>
        </property>
        <property name="rejectFarRangeShadowCast" type="Int32" container="StaticArray" arraySize="1">
          <containerEntry>2</containerEntry>
        </property>
        <property name="parentLocator" type="EntityLink" container="StaticArray" arraySize="1">
          <containerEntry packagePathHash="0xB8A0BF169F98" archivePathHash="0xB8A0BF169F98" nameInArchiveHash="0xB8A0BF169F98">0x0</containerEntry>
        </property>
        <property name="transforms" type="Matrix4" container="DynamicArray" arraySize="13">
          <containerEntry r11="0.9207268" r12="-0.08828707" r13="-0.3800886" r14="0" r21="0.06000835" r22="0.99451715" r23="-0.08564234" r24="0" r31="0.38556573" r32="0.05604467" r33="0.9209766" r34="0" r41="-36.024487" r42="282.63702" r43="2258.0264" r44="1"></containerEntry>
          <containerEntry r11="-0.3650025" r12="0.27678657" r13="0.888909" r14="0" r21="0.07936196" r22="0.9605595" r23="-0.266509" r24="0" r31="-0.9276161" r32="-0.026731245" r33="-0.3725729" r34="0" r41="-40.589546" r42="282.49225" r43="2258.274" r44="1"></containerEntry>
          <containerEntry r11="0.7394247" r12="-0.044866383" r13="-0.67174226" r14="0" r21="0.12393685" r22="0.9897957" r23="0.07031469" r24="0" r31="0.66173285" r32="-0.13524608" r33="0.73744" r34="0" r41="-70.42379" r42="288.97943" r43="2206.4243" r44="1"></containerEntry>
          <containerEntry r11="0.9012918" r12="-0.19515972" r13="0.38676298" r14="0" r21="0.18047656" r22="0.98076737" r23="0.07432005" r24="0" r31="-0.3938288" r32="0.0028176345" r33="0.91917944" r34="0" r41="-91.46028" r42="295.1755" r43="2190.994" r44="1"></containerEntry>
          <containerEntry r11="0.9023796" r12="-0.1350407" r13="-0.40923694" r14="0" r21="0.1804764" r22="0.9807674" r23="0.07432034" r24="0" r31="0.39132997" r32="-0.14092284" r33="0.9093962" r34="0" r41="-74" r42="289.66397" r43="2208" r44="1"></containerEntry>
          <containerEntry r11="0.54248816" r12="-0.036227494" r13="-0.8392811" r14="0" r21="0.18047622" r22="0.9807675" r23="0.074319825" r24="0" r31="0.8204471" r32="-0.19178809" r33="0.538593" r34="0" r41="-70.35218" r42="287.58875" r43="2222.5637" r44="1"></containerEntry>
          <containerEntry r11="0.8354913" r12="-0.19273746" r13="0.514593" r14="0" r21="0.1804766" r22="0.9807675" r23="0.07431889" r24="0" r31="-0.5190201" r32="0.030779423" r33="0.8542074" r34="0" r41="-72" r42="288.45105" r43="2220" r44="1"></containerEntry>
          <containerEntry r11="-0.9640912" r12="0.23603775" r13="-0.12169668" r14="0" r21="0.24157475" r22="0.96982974" r23="-0.032738533" r24="0" r31="0.110297516" r32="-0.060961876" r33="-0.9920251" r34="0" r41="-52" r42="289.26468" r43="2200" r44="1"></containerEntry>
          <containerEntry r11="0.54248816" r12="-0.036227494" r13="-0.8392811" r14="0" r21="0.18047622" r22="0.9807675" r23="0.074319825" r24="0" r31="0.8204471" r32="-0.19178809" r33="0.538593" r34="0" r41="-90" r42="292.1943" r43="2227.0088" r44="1"></containerEntry>
          <containerEntry r11="0.9225605" r12="-0.044709098" r13="0.38325325" r14="0" r21="0.0043045506" r22="0.994395" r23="0.105640955" r24="0" r31="-0.38582823" r32="-0.09581042" r33="0.917582" r34="0" r41="-110" r42="287.17517" r43="2242" r44="1"></containerEntry>
          <containerEntry r11="0.48411214" r12="-0.13622187" r13="-0.86433685" r14="0" r21="-0.061288487" r22="0.9801023" r23="-0.1887941" r24="0" r31="0.8728564" r32="0.14437136" r33="0.4661306" r34="0" r41="-78.123695" r42="290.97565" r43="2296" r44="1"></containerEntry>
          <containerEntry r11="0.99279594" r12="0.040350005" r13="-0.11281874" r14="0" r21="-0.06128811" r22="0.9801025" r23="-0.18879327" r24="0" r31="0.102956094" r32="0.19434765" r33="0.9755147" r34="0" r41="-88.03851" r42="290.2559" r43="2297.0579" r44="1"></containerEntry>
          <containerEntry r11="0.43891278" r12="-0.1434153" r13="-0.88700944" r14="0" r21="-0.061288293" r22="0.98010236" r23="-0.18879342" r24="0" r31="0.8964359" r32="0.13722703" r33="0.42138976" r34="0" r41="-114" r42="286.77237" r43="2286" r44="1"></containerEntry>
        </property>
        <property name="colors" type="UInt32" container="DynamicArray" arraySize="13">
          <containerEntry>4294967295</containerEntry>
          <containerEntry>4294967295</containerEntry>
          <containerEntry>4294967295</containerEntry>
          <containerEntry>4294967295</containerEntry>
          <containerEntry>4294967295</containerEntry>
          <containerEntry>4294967295</containerEntry>
          <containerEntry>4294967295</containerEntry>
          <containerEntry>4294967295</containerEntry>
          <containerEntry>4294967295</containerEntry>
          <containerEntry>4294967295</containerEntry>
          <containerEntry>4294967295</containerEntry>
          <containerEntry>4294967295</containerEntry>
          <containerEntry>4294967295</containerEntry>
        </property>
      </staticProperties>
      <dynamicProperties></dynamicProperties>
    </entity>
    <entity class="StaticModelArray" classVersion="4" classID="0xD0" addr="0x317BCA0" id="0x0">
      <staticProperties>
        <property name="name" type="String" container="StaticArray" arraySize="1">
          <containerEntry>StaticModelArray0001</containerEntry>
        </property>
        <property name="dataSet" type="EntityHandle" container="StaticArray" arraySize="1">
          <containerEntry>0x3352D20</containerEntry>
        </property>
        <property name="modelFile" type="FilePtr" container="StaticArray" arraySize="1">
          <containerEntry>/Assets/tpp/environ/object/afghanistan/cliff/afgh_clff027/scenes/afgh_clff027_vrtn007.fmdl</containerEntry>
        </property>
        <property name="geomFile" type="FilePtr" container="StaticArray" arraySize="1">
          <containerEntry>/Assets/tpp/environ/object/afghanistan/cliff/afgh_clff027/scenes/afgh_clff027_vrtn007.geom</containerEntry>
        </property>
        <property name="isVisibleGeom" type="Bool" container="StaticArray" arraySize="1">
          <containerEntry>false</containerEntry>
        </property>
        <property name="lodFarSize" type="Float" container="StaticArray" arraySize="1">
          <containerEntry>-1</containerEntry>
        </property>
        <property name="lodNearSize" type="Float" container="StaticArray" arraySize="1">
          <containerEntry>-1</containerEntry>
        </property>
        <property name="lodPolygonSize" type="Float" container="StaticArray" arraySize="1">
          <containerEntry>-1</containerEntry>
        </property>
        <property name="drawRejectionLevel" type="Int32" container="StaticArray" arraySize="1">
          <containerEntry>8</containerEntry>
        </property>
        <property name="drawMode" type="Int32" container="StaticArray" arraySize="1">
          <containerEntry>0</containerEntry>
        </property>
        <property name="rejectFarRangeShadowCast" type="Int32" container="StaticArray" arraySize="1">
          <containerEntry>2</containerEntry>
        </property>
        <property name="parentLocator" type="EntityLink" container="StaticArray" arraySize="1">
          <containerEntry packagePathHash="0xB8A0BF169F98" archivePathHash="0xB8A0BF169F98" nameInArchiveHash="0xB8A0BF169F98">0x0</containerEntry>
        </property>
        <property name="transforms" type="Matrix4" container="DynamicArray" arraySize="3">
          <containerEntry r11="-0.833913" r12="-0.043528117" r13="-0.5501708" r14="0" r21="-0.06560611" r22="0.99763477" r23="0.020511491" r24="0" r31="0.5479766" r32="0.053199492" r33="-0.83479637" r34="0" r41="-26.275534" r42="293.047" r43="2183.1555" r44="1"></containerEntry>
          <containerEntry r11="0.39773893" r12="-0.06188876" r13="-0.91540736" r14="0" r21="-0.0028349683" r22="0.9976347" r23="-0.06867959" r24="0" r31="0.9174927" r32="0.02991161" r33="0.39662272" r34="0" r41="-13.707519" r42="287.67407" r43="2211.3909" r44="1"></containerEntry>
          <containerEntry r11="-0.64373016" r12="0.084175296" r13="0.7605998" r14="0" r21="0.039449133" r22="0.9962606" r23="-0.076867506" r24="0" r31="-0.7642259" r32="-0.019477338" r33="-0.6446436" r34="0" r41="-41.01729" r42="296.481" r43="2290.5696" r44="1"></containerEntry>
        </property>
        <property name="colors" type="UInt32" container="DynamicArray" arraySize="3">
          <containerEntry>4294967295</containerEntry>
          <containerEntry>4294967295</containerEntry>
          <containerEntry>4294967295</containerEntry>
        </property>
      </staticProperties>
      <dynamicProperties></dynamicProperties>
    </entity>
    <entity class="StaticModelArray" classVersion="4" classID="0xD0" addr="0x317BC30" id="0x0">
      <staticProperties>
        <property name="name" type="String" container="StaticArray" arraySize="1">
          <containerEntry>StaticModelArray0002</containerEntry>
        </property>
        <property name="dataSet" type="EntityHandle" container="StaticArray" arraySize="1">
          <containerEntry>0x3352D20</containerEntry>
        </property>
        <property name="modelFile" type="FilePtr" container="StaticArray" arraySize="1">
          <containerEntry>/Assets/tpp/environ/object/afghanistan/cliff/afgh_clff027/scenes/afgh_clff027_vrtn003.fmdl</containerEntry>
        </property>
        <property name="geomFile" type="FilePtr" container="StaticArray" arraySize="1">
          <containerEntry>/Assets/tpp/environ/object/afghanistan/cliff/afgh_clff027/scenes/afgh_clff027_vrtn003.geom</containerEntry>
        </property>
        <property name="isVisibleGeom" type="Bool" container="StaticArray" arraySize="1">
          <containerEntry>false</containerEntry>
        </property>
        <property name="lodFarSize" type="Float" container="StaticArray" arraySize="1">
          <containerEntry>-1</containerEntry>
        </property>
        <property name="lodNearSize" type="Float" container="StaticArray" arraySize="1">
          <containerEntry>-1</containerEntry>
        </property>
        <property name="lodPolygonSize" type="Float" container="StaticArray" arraySize="1">
          <containerEntry>-1</containerEntry>
        </property>
        <property name="drawRejectionLevel" type="Int32" container="StaticArray" arraySize="1">
          <containerEntry>8</containerEntry>
        </property>
        <property name="drawMode" type="Int32" container="StaticArray" arraySize="1">
          <containerEntry>0</containerEntry>
        </property>
        <property name="rejectFarRangeShadowCast" type="Int32" container="StaticArray" arraySize="1">
          <containerEntry>2</containerEntry>
        </property>
        <property name="parentLocator" type="EntityLink" container="StaticArray" arraySize="1">
          <containerEntry packagePathHash="0xB8A0BF169F98" archivePathHash="0xB8A0BF169F98" nameInArchiveHash="0xB8A0BF169F98">0x0</containerEntry>
        </property>
        <property name="transforms" type="Matrix4" container="DynamicArray" arraySize="2">
          <containerEntry r11="0.8287074" r12="0.1815163" r13="-0.5294293" r14="0" r21="-0.15940522" r22="0.9833173" r23="0.08761852" r24="0" r31="0.53650117" r32="0.011783823" r33="0.843817" r34="0" r41="-123.71412" r42="305.3033" r43="2231.7336" r44="1"></containerEntry>
          <containerEntry r11="-0.59168136" r12="0" r13="0.8061703" r14="0" r21="0" r22="1" r23="0" r24="0" r31="-0.8061703" r32="0" r33="-0.59168136" r34="0" r41="-30.908554" r42="303.79892" r43="2304.496" r44="1"></containerEntry>
        </property>
        <property name="colors" type="UInt32" container="DynamicArray" arraySize="2">
          <containerEntry>4294967295</containerEntry>
          <containerEntry>4294967295</containerEntry>
        </property>
      </staticProperties>
      <dynamicProperties></dynamicProperties>
    </entity>
    <entity class="StaticModelArray" classVersion="4" classID="0xD0" addr="0x317BD10" id="0x0">
      <staticProperties>
        <property name="name" type="String" container="StaticArray" arraySize="1">
          <containerEntry>StaticModelArray0003</containerEntry>
        </property>
        <property name="dataSet" type="EntityHandle" container="StaticArray" arraySize="1">
          <containerEntry>0x3352D20</containerEntry>
        </property>
        <property name="modelFile" type="FilePtr" container="StaticArray" arraySize="1">
          <containerEntry>/Assets/tpp/environ/object/afghanistan/rock/afgh_rock006/scenes/afgh_rock006.fmdl</containerEntry>
        </property>
        <property name="geomFile" type="FilePtr" container="StaticArray" arraySize="1">
          <containerEntry>/Assets/tpp/environ/object/afghanistan/rock/afgh_rock006/scenes/afgh_rock006.geom</containerEntry>
        </property>
        <property name="isVisibleGeom" type="Bool" container="StaticArray" arraySize="1">
          <containerEntry>false</containerEntry>
        </property>
        <property name="lodFarSize" type="Float" container="StaticArray" arraySize="1">
          <containerEntry>-1</containerEntry>
        </property>
        <property name="lodNearSize" type="Float" container="StaticArray" arraySize="1">
          <containerEntry>-1</containerEntry>
        </property>
        <property name="lodPolygonSize" type="Float" container="StaticArray" arraySize="1">
          <containerEntry>-1</containerEntry>
        </property>
        <property name="drawRejectionLevel" type="Int32" container="StaticArray" arraySize="1">
          <containerEntry>8</containerEntry>
        </property>
        <property name="drawMode" type="Int32" container="StaticArray" arraySize="1">
          <containerEntry>0</containerEntry>
        </property>
        <property name="rejectFarRangeShadowCast" type="Int32" container="StaticArray" arraySize="1">
          <containerEntry>2</containerEntry>
        </property>
        <property name="parentLocator" type="EntityLink" container="StaticArray" arraySize="1">
          <containerEntry packagePathHash="0xB8A0BF169F98" archivePathHash="0xB8A0BF169F98" nameInArchiveHash="0xB8A0BF169F98">0x0</containerEntry>
        </property>
        <property name="transforms" type="Matrix4" container="DynamicArray" arraySize="4">
          <containerEntry r11="0.5355706" r12="0.4024501" r13="0.7424256" r14="0" r21="0.40013102" r22="0.65326256" r23="-0.6427608" r24="0" r31="-0.74367803" r32="0.64131135" r33="0.18883544" r34="0" r41="-48.036488" r42="284.63828" r43="2264.0366" r44="1"></containerEntry>
          <containerEntry r11="-0.14645925" r12="0.2755618" r13="0.9500584" r14="0" r21="0.48914057" r22="0.85496175" r23="-0.17257272" r24="0" r31="-0.8598178" r32="0.43943775" r33="-0.26000547" r34="0" r41="-88.15354" r42="294.10483" r43="2200.069" r44="1"></containerEntry>
          <containerEntry r11="0.91648555" r12="-0.27102062" r13="0.29428157" r14="0" r21="0.30762574" r22="0.9476786" r23="-0.08527213" r24="0" r31="-0.25577375" r32="0.16867948" r33="0.9519069" r34="0" r41="-78" r42="288.3881" r43="2236" r44="1"></containerEntry>
          <containerEntry r11="0.003570497" r12="0.36873105" r13="0.9295285" r14="0" r21="-0.28024688" r22="0.89265513" r23="-0.35302734" r24="0" r31="-0.9599205" r32="-0.25923747" r33="0.1065231" r34="0" r41="-78" r42="290.59894" r43="2222" r44="1"></containerEntry>
        </property>
        <property name="colors" type="UInt32" container="DynamicArray" arraySize="4">
          <containerEntry>4294967295</containerEntry>
          <containerEntry>4294967295</containerEntry>
          <containerEntry>4294967295</containerEntry>
          <containerEntry>4294967295</containerEntry>
        </property>
      </staticProperties>
      <dynamicProperties></dynamicProperties>
    </entity>
    <entity class="StaticModelArray" classVersion="4" classID="0xD0" addr="0x317B610" id="0x0">
      <staticProperties>
        <property name="name" type="String" container="StaticArray" arraySize="1">
          <containerEntry>StaticModelArray0004</containerEntry>
        </property>
        <property name="dataSet" type="EntityHandle" container="StaticArray" arraySize="1">
          <containerEntry>0x3352D20</containerEntry>
        </property>
        <property name="modelFile" type="FilePtr" container="StaticArray" arraySize="1">
          <containerEntry>/Assets/tpp/environ/object/afghanistan/rock/afgh_rock001/scenes/afgh_rock001_vrtn001.fmdl</containerEntry>
        </property>
        <property name="geomFile" type="FilePtr" container="StaticArray" arraySize="1">
          <containerEntry>/Assets/tpp/environ/object/afghanistan/rock/afgh_rock001/scenes/afgh_rock001_vrtn001.geom</containerEntry>
        </property>
        <property name="isVisibleGeom" type="Bool" container="StaticArray" arraySize="1">
          <containerEntry>false</containerEntry>
        </property>
        <property name="lodFarSize" type="Float" container="StaticArray" arraySize="1">
          <containerEntry>-1</containerEntry>
        </property>
        <property name="lodNearSize" type="Float" container="StaticArray" arraySize="1">
          <containerEntry>-1</containerEntry>
        </property>
        <property name="lodPolygonSize" type="Float" container="StaticArray" arraySize="1">
          <containerEntry>-1</containerEntry>
        </property>
        <property name="drawRejectionLevel" type="Int32" container="StaticArray" arraySize="1">
          <containerEntry>8</containerEntry>
        </property>
        <property name="drawMode" type="Int32" container="StaticArray" arraySize="1">
          <containerEntry>0</containerEntry>
        </property>
        <property name="rejectFarRangeShadowCast" type="Int32" container="StaticArray" arraySize="1">
          <containerEntry>2</containerEntry>
        </property>
        <property name="parentLocator" type="EntityLink" container="StaticArray" arraySize="1">
          <containerEntry packagePathHash="0xB8A0BF169F98" archivePathHash="0xB8A0BF169F98" nameInArchiveHash="0xB8A0BF169F98">0x0</containerEntry>
        </property>
        <property name="transforms" type="Matrix4" container="DynamicArray" arraySize="17">
          <containerEntry r11="0.08719098" r12="-0.11815788" r13="-0.9891596" r14="0" r21="0.14601906" r22="0.9837323" r23="-0.104638495" r24="0" r31="0.98543215" r32="-0.13531257" r33="0.10302585" r34="0" r41="-22" r42="280.9268" r43="2258" r44="1"></containerEntry>
          <containerEntry r11="0.95127004" r12="-0.11058326" r13="0.2878482" r14="0" r21="0.14601977" r22="0.98373216" r23="-0.1046383" r24="0" r31="-0.27159432" r32="0.1415708" r33="0.9519423" r34="0" r41="-28" r42="283.54636" r43="2264" r44="1"></containerEntry>
          <containerEntry r11="0.08719098" r12="-0.11815788" r13="-0.9891596" r14="0" r21="0.14601906" r22="0.9837323" r23="-0.104638495" r24="0" r31="0.98543215" r32="-0.13531257" r33="0.10302585" r34="0" r41="-58" r42="284.55264" r43="2260" r44="1"></containerEntry>
          <containerEntry r11="0.02212935" r12="-0.9955103" r13="0.09202394" r14="0" r21="-0.75383073" r22="0.043847263" r23="0.65560323" r24="0" r31="-0.6566951" r32="-0.08387822" r33="-0.74947584" r34="0" r41="-56.57594" r42="286.23056" r43="2267.3801" r44="1"></containerEntry>
          <containerEntry r11="0.08719098" r12="-0.11815788" r13="-0.9891596" r14="0" r21="0.14601906" r22="0.9837323" r23="-0.104638495" r24="0" r31="0.98543215" r32="-0.13531257" r33="0.10302585" r34="0" r41="-60" r42="291.4854" r43="2286" r44="1"></containerEntry>
          <containerEntry r11="0.08719098" r12="-0.11815788" r13="-0.9891596" r14="0" r21="0.14601906" r22="0.9837323" r23="-0.104638495" r24="0" r31="0.98543215" r32="-0.13531257" r33="0.10302585" r34="0" r41="-85.826515" r42="292.2926" r43="2224" r44="1"></containerEntry>
          <containerEntry r11="0.96940446" r12="-0.24054807" r13="-0.048903532" r14="0" r21="-0.24281657" r22="-0.9104986" r23="-0.3347078" r24="0" r31="0.0359867" r32="0.3363418" r33="-0.9410505" r34="0" r41="-76.76425" r42="290.1403" r43="2223.5376" r44="1"></containerEntry>
          <containerEntry r11="-0.6851708" r12="-0.0075944215" r13="0.7283418" r14="0" r21="-0.2848556" r22="-0.9175118" r23="-0.27753848" r24="0" r31="0.6703706" r32="-0.3976338" r33="0.62649053" r34="0" r41="-66" r42="290.83765" r43="2199.3574" r44="1"></containerEntry>
          <containerEntry r11="0.26275587" r12="0.91679764" r13="0.30073315" r14="0" r21="0.8991374" r22="-0.3457259" r23="0.26837212" r24="0" r31="0.35001463" r32="0.1998844" r33="-0.9151684" r34="0" r41="-87.47132" r42="295.90698" r43="2185.0073" r44="1"></containerEntry>
          <containerEntry r11="-0.6851708" r12="-0.0075944215" r13="0.7283418" r14="0" r21="-0.2848556" r22="-0.9175118" r23="-0.27753848" r24="0" r31="0.6703706" r32="-0.3976338" r33="0.62649053" r34="0" r41="-98" r42="295.95746" r43="2208" r44="1"></containerEntry>
          <containerEntry r11="-0.3913104" r12="0.21611366" r13="0.894522" r14="0" r21="0.895792" r22="-0.13319397" r23="0.42404583" r24="0" r31="0.2107876" r32="0.96724" r33="-0.14147204" r34="0" r41="-93.90773" r42="295.3148" r43="2201.1172" r44="1"></containerEntry>
          <containerEntry r11="0.45592654" r12="-0.027442098" r13="-0.8895934" r14="0" r21="-0.44633415" r22="-0.8717995" r23="-0.20185731" r24="0" r31="-0.77000993" r32="0.48908842" r33="-0.40972355" r34="0" r41="-74" r42="287.8286" r43="2234" r44="1"></containerEntry>
          <containerEntry r11="-0.7571323" r12="0.60592926" r13="-0.24412546" r14="0" r21="-0.51876533" r22="-0.78481376" r23="-0.33903778" r24="0" r31="-0.3970265" r32="-0.13005304" r33="0.9085461" r34="0" r41="-45.391197" r42="289.58777" r43="2200" r44="1"></containerEntry>
          <containerEntry r11="0.1108551" r12="-0.45497817" r13="0.8835745" r14="0" r21="-0.518765" r22="-0.7848128" r23="-0.3390389" r24="0" r31="0.847698" r32="-0.42078424" r33="-0.32302558" r34="0" r41="-74.6875" r42="292.35968" r43="2202.8384" r44="1"></containerEntry>
          <containerEntry r11="0.11085543" r12="-0.4549784" r13="0.8835738" r14="0" r21="0.21158648" r22="0.87947714" r23="0.42632228" r24="0" r31="-0.9710505" r32="0.1396931" r33="0.19376248" r34="0" r41="-65.92271" r42="287.03925" r43="2227.6094" r44="1"></containerEntry>
          <containerEntry r11="0.08719098" r12="-0.11815788" r13="-0.9891596" r14="0" r21="0.14601906" r22="0.9837323" r23="-0.104638495" r24="0" r31="0.98543215" r32="-0.13531257" r33="0.10302585" r34="0" r41="-109.38228" r42="293.06473" r43="2227.1865" r44="1"></containerEntry>
          <containerEntry r11="0.89897734" r12="-0.17609519" r13="-0.40103623" r14="0" r21="0.14601809" r22="0.98373246" r23="-0.10463785" r24="0" r31="0.41293862" r32="0.035508435" r33="0.91006625" r34="0" r41="-110" r42="286.65775" r43="2248" r44="1"></containerEntry>
        </property>
        <property name="colors" type="UInt32" container="DynamicArray" arraySize="17">
          <containerEntry>4294967295</containerEntry>
          <containerEntry>4294967295</containerEntry>
          <containerEntry>4294967295</containerEntry>
          <containerEntry>4294967295</containerEntry>
          <containerEntry>4294967295</containerEntry>
          <containerEntry>4294967295</containerEntry>
          <containerEntry>4294967295</containerEntry>
          <containerEntry>4294967295</containerEntry>
