<fox formatVersion="2" fileVersion="0">
  <entities>
    <entity class="DataSet" classVersion="0" classID="0xE8" addr="0x2EF47D0" id="0x117DF3">
      <staticProperties>
        <property name="name" type="String" container="StaticArray" arraySize="1">
          <containerEntry hash="0xB8A0BF169F98"></containerEntry>
        </property>
        <property name="dataSet" type="EntityHandle" container="StaticArray" arraySize="1">
          <containerEntry>0x0</containerEntry>
        </property>
        <property name="dataList" type="EntityPtr" container="StringMap" arraySize="8">
          <containerEntry key="StaticModelArray0000">
            <data>0x2D7C020</data>
          </containerEntry>
          <containerEntry key="StaticModelArray0001">
            <data>0x2D7C170</data>
          </containerEntry>
          <containerEntry key="StaticModelArray0002">
            <data>0x2EF4BC0</data>
          </containerEntry>
          <containerEntry key="StaticModelArray0003">
            <data>0x2D7BA00</data>
          </containerEntry>
          <containerEntry key="StaticModelArray0004">
            <data>0x2D7BC30</data>
          </containerEntry>
          <containerEntry key="StaticModelArray0005">
            <data>0x2EF4D80</data>
          </containerEntry>
          <containerEntry key="StaticModelArray0006">
            <data>0x2D7B990</data>
          </containerEntry>
          <containerEntry key="TexturePackLoadConditioner0000">
            <data>0x2D7C720</data>
          </containerEntry>
        </property>
      </staticProperties>
      <dynamicProperties></dynamicProperties>
    </entity>
    <entity class="StaticModelArray" classVersion="4" classID="0xD0" addr="0x2D7C020" id="0x0">
      <staticProperties>
        <property name="name" type="String" container="StaticArray" arraySize="1">
          <containerEntry>StaticModelArray0000</containerEntry>
        </property>
        <property name="dataSet" type="EntityHandle" container="StaticArray" arraySize="1">
          <containerEntry>0x2EF47D0</containerEntry>
        </property>
        <property name="modelFile" type="FilePtr" container="StaticArray" arraySize="1">
          <containerEntry>/Assets/tpp/environ/object/middle_africa/tree/mafr_tree032/scenes/mafr_tree032.fmdl</containerEntry>
        </property>
        <property name="geomFile" type="FilePtr" container="StaticArray" arraySize="1">
          <containerEntry>/Assets/tpp/environ/object/middle_africa/tree/mafr_tree032/scenes/mafr_tree032.geom</containerEntry>
        </property>
        <property name="isVisibleGeom" type="Bool" container="StaticArray" arraySize="1">
          <containerEntry>false</containerEntry>
        </property>
        <property name="lodFarSize" type="Float" container="StaticArray" arraySize="1">
          <containerEntry>-1</containerEntry>
        </property>
        <property name="lodNearSize" type="Float" container="StaticArray" arraySize="1">
          <containerEntry>-1</containerEntry>
        </property>
        <property name="lodPolygonSize" type="Float" container="StaticArray" arraySize="1">
          <containerEntry>-1</containerEntry>
        </property>
        <property name="drawRejectionLevel" type="Int32" container="StaticArray" arraySize="1">
          <containerEntry>8</containerEntry>
        </property>
        <property name="drawMode" type="Int32" container="StaticArray" arraySize="1">
          <containerEntry>0</containerEntry>
        </property>
        <property name="rejectFarRangeShadowCast" type="Int32" container="StaticArray" arraySize="1">
          <containerEntry>2</containerEntry>
        </property>
        <property name="parentLocator" type="EntityLink" container="StaticArray" arraySize="1">
          <containerEntry packagePathHash="0xB8A0BF169F98" archivePathHash="0xB8A0BF169F98" nameInArchiveHash="0xB8A0BF169F98">0x0</containerEntry>
        </property>
        <property name="transforms" type="Matrix4" container="DynamicArray" arraySize="20">
          <containerEntry r11="0.36248535" r12="0" r13="0.9319892" r14="0" r21="0" r22="1" r23="0" r24="0" r31="-0.9319892" r32="0" r33="0.36248535" r34="0" r41="571.99927" r42="14.495518" r43="1261.6177" r44="1"></containerEntry>
          <containerEntry r11="0.36248535" r12="0" r13="0.9319892" r14="0" r21="0" r22="1" r23="0" r24="0" r31="-0.9319892" r32="0" r33="0.36248535" r34="0" r41="556.97406" r42="14.971134" r43="1249.9172" r44="1"></containerEntry>
          <containerEntry r11="0.36248535" r12="0" r13="0.9319892" r14="0" r21="0" r22="0.727417" r23="0" r24="0" r31="-0.9319892" r32="0" r33="0.36248535" r34="0" r41="552.5203" r42="15.401134" r43="1230.1901" r44="1"></containerEntry>
          <containerEntry r11="0.36248535" r12="0" r13="0.9319892" r14="0" r21="0" r22="1" r23="0" r24="0" r31="-0.9319892" r32="0" r33="0.36248535" r34="0" r41="546.82446" r42="14.881134" r43="1223.8215" r44="1"></containerEntry>
          <containerEntry r11="0.8245406" r12="0" r13="0.5658025" r14="0" r21="0" r22="1" r23="0" r24="0" r31="-0.5658025" r32="0" r33="0.8245406" r34="0" r41="589.05475" r42="14.665217" r43="1276.9554" r44="1"></containerEntry>
          <containerEntry r11="-0.16625237" r12="0" r13="0.98608226" r14="0" r21="0" r22="1" r23="0" r24="0" r31="-0.98608226" r32="0" r33="-0.16625237" r34="0" r41="577.38007" r42="14.495518" r43="1279.0145" r44="1"></containerEntry>
          <containerEntry r11="0.1830551" r12="0" r13="0.47065455" r14="0" r21="0" r22="0.367346" r23="0" r24="0" r31="-0.47065455" r32="0" r33="0.1830551" r34="0" r41="561.3831" r42="13.048801" r43="1225.2518" r44="1"></containerEntry>
          <containerEntry r11="0.5779814" r12="0" r13="0.26298764" r14="0" r21="0" r22="0.46191" r23="0" r24="0" r31="-0.26298764" r32="0" r33="0.5779814" r34="0" r41="563.50494" r42="13.178824" r43="1228.7988" r44="1"></containerEntry>
          <containerEntry r11="0.30448768" r12="0" r13="0.7828709" r14="0" r21="0" r22="0.672486" r23="0" r24="0" r31="-0.7828709" r32="0" r33="0.30448768" r34="0" r41="565.06683" r42="13.400284" r43="1234.2109" r44="1"></containerEntry>
          <containerEntry r11="0.33736673" r12="0" r13="0.34144345" r14="0" r21="0" r22="0.373888" r23="0" r24="0" r31="-0.34144345" r32="0" r33="0.33736673" r34="0" r41="583.06555" r42="15.26726" r43="1268.4349" r44="1"></containerEntry>
          <containerEntry r11="-0.2078136" r12="0" r13="0.43268096" r14="0" r21="0" r22="0.373888" r23="0" r24="0" r31="-0.43268096" r32="0" r33="-0.2078136" r34="0" r41="578.4982" r42="15.07128" r43="1261.1117" r44="1"></containerEntry>
          <containerEntry r11="-0.20454487" r12="0.08479836" r13="0.42587537" r14="0" r21="0.028597275" r22="0.36800724" r23="-0.059540723" r24="0" r31="-0.43268082" r32="2.3603438e-07" r33="-0.20781355" r34="0" r41="533.30853" r42="16.549614" r43="1187.5033" r44="1"></containerEntry>
          <containerEntry r11="0.12129656" r12="0" r13="0.582708" r14="0" r21="0" r22="0.463621" r23="0" r24="0" r31="-0.582708" r32="0" r33="0.12129656" r34="0" r41="536.5848" r42="17.6182" r43="1196.793" r44="1"></containerEntry>
          <containerEntry r11="0.12658155" r12="-0.019231288" r13="0.46260855" r14="0" r21="0.043402903" r22="0.37134314" r23="0.0035611638" r24="0" r31="-0.45964298" r32="0.052496508" r33="0.12795247" r34="0" r41="529.2906" r42="25.798634" r43="1188.569" r44="1"></containerEntry>
          <containerEntry r11="-0.82426864" r12="0" r13="-0.16180396" r14="0" r21="0" r22="0.672486" r23="0" r24="0" r31="0.16180396" r32="0" r33="-0.82426864" r34="0" r41="568.58514" r42="14.114593" r43="1256.4855" r44="1"></containerEntry>
          <containerEntry r11="0.40923566" r12="0" r13="0.670665" r14="0" r21="0" r22="0.61198" r23="0" r24="0" r31="-0.670665" r32="0" r33="0.40923566" r34="0" r41="534.49365" r42="17.545076" r43="1206.7848" r44="1"></containerEntry>
          <containerEntry r11="0.20379162" r12="0" r13="0.97901374" r14="0" r21="0" r22="1" r23="0" r24="0" r31="-0.97901374" r32="0" r33="0.20379162" r34="0" r41="521.3492" r42="19.186459" r43="1220.0887" r44="1"></containerEntry>
          <containerEntry r11="0.86172724" r12="0" r13="0.50737196" r14="0" r21="0" r22="0.687606" r23="0" r24="0" r31="-0.50737196" r32="0" r33="0.86172724" r34="0" r41="527.191" r42="17.636799" r43="1228.5623" r44="1"></containerEntry>
          <containerEntry r11="-0.1104808" r12="0" r13="0.46711174" r14="0" r21="0" r22="0.373888" r23="0" r24="0" r31="-0.46711174" r32="0" r33="-0.1104808" r34="0" r41="584.1664" r42="14.135939" r43="1259.5636" r44="1"></containerEntry>
          <containerEntry r11="-0.16625237" r12="0" r13="0.98608226" r14="0" r21="0" r22="1" r23="0" r24="0" r31="-0.98608226" r32="0" r33="-0.16625237" r34="0" r41="550.29236" r42="15.995518" r43="1274.4476" r44="1"></containerEntry>
        </property>
        <property name="colors" type="UInt32" container="DynamicArray" arraySize="20">
          <containerEntry>4294967295</containerEntry>
          <containerEntry>4294967295</containerEntry>
          <containerEntry>4294967295</containerEntry>
          <containerEntry>4294967295</containerEntry>
          <containerEntry>4294967295</containerEntry>
          <containerEntry>4294967295</containerEntry>
          <containerEntry>4294967295</containerEntry>
          <containerEntry>4294967295</containerEntry>
          <containerEntry>4294967295</containerEntry>
          <containerEntry>4294967295</containerEntry>
          <containerEntry>4294967295</containerEntry>
          <containerEntry>4294967295</containerEntry>
          <containerEntry>4294967295</containerEntry>
          <containerEntry>4294967295</containerEntry>
          <containerEntry>4294967295</containerEntry>
          <containerEntry>4294967295</containerEntry>
          <containerEntry>4294967295</containerEntry>
          <containerEntry>4294967295</containerEntry>
          <containerEntry>4294967295</containerEntry>
          <containerEntry>4294967295</containerEntry>
        </property>
      </staticProperties>
      <dynamicProperties></dynamicProperties>
    </entity>
    <entity class="StaticModelArray" classVersion="4" classID="0xD0" addr="0x2D7C170" id="0x0">
      <staticProperties>
        <property name="name" type="String" container="StaticArray" arraySize="1">
          <containerEntry>StaticModelArray0001</containerEntry>
        </property>
        <property name="dataSet" type="EntityHandle" container="StaticArray" arraySize="1">
          <containerEntry>0x2EF47D0</containerEntry>
        </property>
        <property name="modelFile" type="FilePtr" container="StaticArray" arraySize="1">
          <containerEntry>/Assets/tpp/environ/object/middle_africa/rock/mafr_rock002/scenes/mafr_rock002.fmdl</containerEntry>
        </property>
        <property name="geomFile" type="FilePtr" container="StaticArray" arraySize="1">
          <containerEntry>/Assets/tpp/environ/object/middle_africa/rock/mafr_rock002/scenes/mafr_rock002.geom</containerEntry>
        </property>
        <property name="isVisibleGeom" type="Bool" container="StaticArray" arraySize="1">
          <containerEntry>false</containerEntry>
        </property>
        <property name="lodFarSize" type="Float" container="StaticArray" arraySize="1">
          <containerEntry>-1</containerEntry>
        </property>
        <property name="lodNearSize" type="Float" container="StaticArray" arraySize="1">
          <containerEntry>-1</containerEntry>
        </property>
        <property name="lodPolygonSize" type="Float" container="StaticArray" arraySize="1">
          <containerEntry>-1</containerEntry>
        </property>
        <property name="drawRejectionLevel" type="Int32" container="StaticArray" arraySize="1">
          <containerEntry>8</containerEntry>
        </property>
        <property name="drawMode" type="Int32" container="StaticArray" arraySize="1">
          <containerEntry>0</containerEntry>
        </property>
        <property name="rejectFarRangeShadowCast" type="Int32" container="StaticArray" arraySize="1">
          <containerEntry>2</containerEntry>
        </property>
        <property name="parentLocator" type="EntityLink" container="StaticArray" arraySize="1">
          <containerEntry packagePathHash="0xB8A0BF169F98" archivePathHash="0xB8A0BF169F98" nameInArchiveHash="0xB8A0BF169F98">0x0</containerEntry>
        </property>
        <property name="transforms" type="Matrix4" container="DynamicArray" arraySize="5">
          <containerEntry r11="-0.18932863" r12="-0.03315893" r13="-0.98135275" r14="0" r21="0.32071424" r22="0.9425278" r23="-0.09372144" r24="0" r31="0.9280599" r32="-0.33247828" r33="-0.16781288" r34="0" r41="598.5955" r42="-6.387" r43="1202.9834" r44="1"></containerEntry>
          <containerEntry r11="0.20138462" r12="-0.07506202" r13="-0.97663057" r14="0" r21="0.33343273" r22="0.9427665" r23="-0.0037047267" r24="0" r31="0.92101264" r32="-0.32489505" r33="0.2148869" r34="0" r41="594.6644" r42="-5.792017" r43="1179.5608" r44="1"></containerEntry>
          <containerEntry r11="-0.6775486" r12="0.035687305" r13="-0.734609" r14="0" r21="0.26327237" r22="0.9444049" r23="-0.19694412" r24="0" r31="0.6867398" r32="-0.32684207" r33="-0.64927554" r34="0" r41="584.2564" r42="4.806311" r43="1246.3618" r44="1"></containerEntry>
          <containerEntry r11="0.9180314" r12="-0.2883578" r13="0.27215445" r14="0" r21="0.3226019" r22="0.9422615" r23="-0.08983946" r24="0" r31="-0.23053478" r32="0.170273" r33="0.9580505" r34="0" r41="630.0409" r42="-9.792612" r43="1166.1414" r44="1"></containerEntry>
          <containerEntry r11="-0.11393373" r12="-0.0020946786" r13="-0.9934856" r14="0" r21="0.14993882" r22="0.9885073" r23="-0.019279346" r24="0" r31="0.9821082" r32="-0.1511587" r33="-0.11231023" r34="0" r41="632.7606" r42="-9.949242" r43="1181.0417" r44="1"></containerEntry>
        </property>
        <property name="colors" type="UInt32" container="DynamicArray" arraySize="5">
          <containerEntry>4294967295</containerEntry>
          <containerEntry>4294967295</containerEntry>
          <containerEntry>4294967295</containerEntry>
          <containerEntry>4294967295</containerEntry>
          <containerEntry>4294967295</containerEntry>
        </property>
      </staticProperties>
      <dynamicProperties></dynamicProperties>
    </entity>
    <entity class="StaticModelArray" classVersion="4" classID="0xD0" addr="0x2EF4BC0" id="0x0">
      <staticProperties>
        <property name="name" type="String" container="StaticArray" arraySize="1">
          <containerEntry>StaticModelArray0002</containerEntry>
        </property>
        <property name="dataSet" type="EntityHandle" container="StaticArray" arraySize="1">
          <containerEntry>0x2EF47D0</containerEntry>
        </property>
        <property name="modelFile" type="FilePtr" container="StaticArray" arraySize="1">
          <containerEntry>/Assets/tpp/environ/object/middle_africa/rock/mafr_rock001/scenes/mafr_rock001_vrtn001.fmdl</containerEntry>
        </property>
        <property name="geomFile" type="FilePtr" container="StaticArray" arraySize="1">
          <containerEntry>/Assets/tpp/environ/object/middle_africa/rock/mafr_rock001/scenes/mafr_rock001_vrtn001.geom</containerEntry>
        </property>
        <property name="isVisibleGeom" type="Bool" container="StaticArray" arraySize="1">
          <containerEntry>false</containerEntry>
        </property>
        <property name="lodFarSize" type="Float" container="StaticArray" arraySize="1">
          <containerEntry>-1</containerEntry>
        </property>
        <property name="lodNearSize" type="Float" container="StaticArray" arraySize="1">
          <containerEntry>-1</containerEntry>
        </property>
        <property name="lodPolygonSize" type="Float" container="StaticArray" arraySize="1">
          <containerEntry>-1</containerEntry>
        </property>
        <property name="drawRejectionLevel" type="Int32" container="StaticArray" arraySize="1">
          <containerEntry>8</containerEntry>
        </property>
        <property name="drawMode" type="Int32" container="StaticArray" arraySize="1">
          <containerEntry>0</containerEntry>
        </property>
        <property name="rejectFarRangeShadowCast" type="Int32" container="StaticArray" arraySize="1">
          <containerEntry>2</containerEntry>
        </property>
        <property name="parentLocator" type="EntityLink" container="StaticArray" arraySize="1">
          <containerEntry packagePathHash="0xB8A0BF169F98" archivePathHash="0xB8A0BF169F98" nameInArchiveHash="0xB8A0BF169F98">0x0</containerEntry>
        </property>
        <property name="transforms" type="Matrix4" container="DynamicArray" arraySize="6">
          <containerEntry r11="0.87099856" r12="0.07989395" r13="-0.48474497" r14="0" r21="0.033679813" r22="0.97465676" r23="0.22115533" r24="0" r31="0.49012893" r32="-0.20895205" r33="0.84623384" r34="0" r41="606.3753" r42="-8.289599" r43="1218.2789" r44="1"></containerEntry>
          <containerEntry r11="-0.28995895" r12="0.08108411" r13="0.95359284" r14="0" r21="0.09813311" r22="0.9936715" r23="-0.054651946" r24="0" r31="-0.95198935" r32="0.077732295" r33="-0.296081" r34="0" r41="619.4214" r42="-5.698265" r43="1238.9382" r44="1"></containerEntry>
          <containerEntry r11="-0.40143198" r12="-0.12943085" r13="-0.26850858" r14="0" r21="-0.040630464" r22="0.46995962" r23="-0.16579211" r24="0" r31="0.29529372" r32="-0.11129022" r33="-0.38783115" r34="0" r41="631.7711" r42="-8.460313" r43="1243.707" r44="1"></containerEntry>
          <containerEntry r11="0.6643535" r12="-0.15457527" r13="-0.15729204" r14="0" r21="0.17664333" r22="0.671889" r23="0.08580297" r24="0" r31="0.13202815" r32="-0.12112597" r33="0.6766808" r34="0" r41="628.25244" r42="-7.155606" r43="1249.0653" r44="1"></containerEntry>
          <containerEntry r11="0.53073543" r12="0.19062415" r13="0.41470733" r14="0" r21="0.10470755" r22="0.56821126" r23="-0.39518625" r24="0" r31="-0.44424772" r32="0.36166042" r33="0.4023001" r34="0" r41="620.474" r42="-7.488612" r43="1236.3586" r44="1"></containerEntry>
          <containerEntry r11="-0.009499449" r12="-0.12943092" r13="-0.4828619" r14="0" r21="0.11271728" r22="0.46995962" r23="-0.12818992" r24="0" r31="0.4870347" r32="-0.11129007" r33="0.020249695" r34="0" r41="638.2923" r42="-0.181955" r43="1281.5693" r44="1"></containerEntry>
        </property>
        <property name="colors" type="UInt32" container="DynamicArray" arraySize="6">
          <containerEntry>4294967295</containerEntry>
          <containerEntry>4294967295</containerEntry>
          <containerEntry>4294967295</containerEntry>
          <containerEntry>4294967295</containerEntry>
          <containerEntry>4294967295</containerEntry>
          <containerEntry>4294967295</containerEntry>
        </property>
      </staticProperties>
      <dynamicProperties></dynamicProperties>
    </entity>
    <entity class="StaticModelArray" classVersion="4" classID="0xD0" addr="0x2D7BA00" id="0x0">
      <staticProperties>
        <property name="name" type="String" container="StaticArray" arraySize="1">
          <containerEntry>StaticModelArray0003</containerEntry>
        </property>
        <property name="dataSet" type="EntityHandle" container="StaticArray" arraySize="1">
          <containerEntry>0x2EF47D0</containerEntry>
        </property>
        <property name="modelFile" type="FilePtr" container="StaticArray" arraySize="1">
          <containerEntry>/Assets/tpp/environ/object/middle_africa/cliff/mafr_clff015/scenes/mafr_clff015_wall002.fmdl</containerEntry>
        </property>
        <property name="geomFile" type="FilePtr" container="StaticArray" arraySize="1">
          <containerEntry>/Assets/tpp/environ/object/middle_africa/cliff/mafr_clff015/scenes/mafr_clff015_wall002.geom</containerEntry>
        </property>
        <property name="isVisibleGeom" type="Bool" container="StaticArray" arraySize="1">
          <containerEntry>false</containerEntry>
        </property>
        <property name="lodFarSize" type="Float" container="StaticArray" arraySize="1">
          <containerEntry>-1</containerEntry>
        </property>
        <property name="lodNearSize" type="Float" container="StaticArray" arraySize="1">
          <containerEntry>-1</containerEntry>
        </property>
        <property name="lodPolygonSize" type="Float" container="StaticArray" arraySize="1">
          <containerEntry>-1</containerEntry>
        </property>
        <property name="drawRejectionLevel" type="Int32" container="StaticArray" arraySize="1">
          <containerEntry>8</containerEntry>
        </property>
        <property name="drawMode" type="Int32" container="StaticArray" arraySize="1">
          <containerEntry>0</containerEntry>
        </property>
        <property name="rejectFarRangeShadowCast" type="Int32" container="StaticArray" arraySize="1">
          <containerEntry>2</containerEntry>
        </property>
        <property name="parentLocator" type="EntityLink" container="StaticArray" arraySize="1">
          <containerEntry packagePathHash="0xB8A0BF169F98" archivePathHash="0xB8A0BF169F98" nameInArchiveHash="0xB8A0BF169F98">0x0</containerEntry>
        </property>
        <property name="transforms" type="Matrix4" container="DynamicArray" arraySize="6">
          <containerEntry r11="0.5426838" r12="-0.093222596" r13="0.83474725" r14="0" r21="0.053926207" r22="0.99563843" r23="0.07613213" r24="0" r31="-0.8382037" r32="0.00369915" r33="0.545344" r34="0" r41="562.6104" r42="-3.932989" r43="1248.4651" r44="1"></containerEntry>
          <containerEntry r11="-0.5417334" r12="0.017452396" r13="-0.84036726" r14="0" r21="0.0005981736" r22="0.9997922" r23="0.02037764" r24="0" r31="0.8405482" r32="0.010536594" r33="-0.5416312" r34="0" r41="537.42285" r42="-0.918816" r43="1198.4208" r44="1"></containerEntry>
          <containerEntry r11="-0.306871" r12="0" r13="-0.3947538" r14="0" r21="0" r22="0.5" r23="0" r24="0" r31="0.3947538" r32="0" r33="-0.306871" r34="0" r41="604.9342" r42="-5.634219" r43="1229.6335" r44="1"></containerEntry>
          <containerEntry r11="0.072276145" r12="0" r13="0.49474832" r14="0" r21="0" r22="0.5" r23="0" r24="0" r31="-0.49474832" r32="0" r33="0.072276145" r34="0" r41="584.8806" r42="-5.590903" r43="1196.2456" r44="1"></containerEntry>
          <containerEntry r11="0.25888458" r12="-0.046046346" r13="0.4252746" r14="0" r21="0.023943625" r22="0.4978752" r23="0.039331526" r24="0" r31="-0.4270895" r32="5.904585e-07" r33="0.25998944" r34="0" r41="623.4114" r42="-7.175617" r43="1261.6853" r44="1"></containerEntry>
          <containerEntry r11="0.5125411" r12="-0.041776866" r13="0.8576451" r14="0" r21="0.027649155" r22="0.99910074" r23="0.03214378" r24="0" r31="-0.8582167" r32="0.0072382055" r33="0.51323533" r34="0" r41="586.8651" r42="-1.47191" r43="1289.1686" r44="1"></containerEntry>
        </property>
        <property name="colors" type="UInt32" container="DynamicArray" arraySize="6">
          <containerEntry>4294967295</containerEntry>
          <containerEntry>4294967295</containerEntry>
          <containerEntry>4294967295</containerEntry>
          <containerEntry>4294967295</containerEntry>
          <containerEntry>4294967295</containerEntry>
          <containerEntry>4294967295</containerEntry>
        </property>
      </staticProperties>
      <dynamicProperties></dynamicProperties>
    </entity>
    <entity class="StaticModelArray" classVersion="4" classID="0xD0" addr="0x2D7BC30" id="0x0">
      <staticProperties>
        <property name="name" type="String" container="StaticArray" arraySize="1">
          <containerEntry>StaticModelArray0004</containerEntry>
        </property>
        <property name="dataSet" type="EntityHandle" container="StaticArray" arraySize="1">
          <containerEntry>0x2EF47D0</containerEntry>
        </property>
        <property name="modelFile" type="FilePtr" container="StaticArray" arraySize="1">
          <containerEntry>/Assets/tpp/environ/object/middle_africa/rock/mafr_rock001/scenes/mafr_rock001.fmdl</containerEntry>
        </property>
        <property name="geomFile" type="FilePtr" container="StaticArray" arraySize="1">
          <containerEntry>/Assets/tpp/environ/object/middle_africa/rock/mafr_rock001/scenes/mafr_rock001.geom</containerEntry>
        </property>
        <property name="isVisibleGeom" type="Bool" container="StaticArray" arraySize="1">
          <containerEntry>false</containerEntry>
        </property>
        <property name="lodFarSize" type="Float" container="StaticArray" arraySize="1">
          <containerEntry>-1</containerEntry>
        </property>
        <property name="lodNearSize" type="Float" container="StaticArray" arraySize="1">
          <containerEntry>-1</containerEntry>
        </property>
        <property name="lodPolygonSize" type="Float" container="StaticArray" arraySize="1">
          <containerEntry>-1</containerEntry>
        </property>
        <property name="drawRejectionLevel" type="Int32" container="StaticArray" arraySize="1">
          <containerEntry>8</containerEntry>
        </property>
        <property name="drawMode" type="Int32" container="StaticArray" arraySize="1">
          <containerEntry>0</containerEntry>
        </property>
        <property name="rejectFarRangeShadowCast" type="Int32" container="StaticArray" arraySize="1">
          <containerEntry>2</containerEntry>
        </property>
        <property name="parentLocator" type="EntityLink" container="StaticArray" arraySize="1">
          <containerEntry packagePathHash="0xB8A0BF169F98" archivePathHash="0xB8A0BF169F98" nameInArchiveHash="0xB8A0BF169F98">0x0</containerEntry>
        </property>
        <property name="transforms" type="Matrix4" container="DynamicArray" arraySize="4">
          <containerEntry r11="0.9556296" r12="-0.2905217" r13="0.048674986" r14="0" r21="0.2905217" r22="0.9022324" r23="-0.31870648" r24="0" r31="0.048674986" r32="0.31870648" r33="0.9466028" r34="0" r41="601.6332" r42="-6.062426" r43="1211.9021" r44="1"></containerEntry>
          <containerEntry r11="-0.07649538" r12="-0.34939978" r13="-0.9338457" r14="0" r21="-0.0056346953" r22="0.93672675" r23="-0.3500161" r24="0" r31="0.9970538" r32="-0.021512747" r33="-0.073624015" r34="0" r41="606.5906" r42="-6.918534" r43="1214.8064" r44="1"></containerEntry>
          <containerEntry r11="0.28053132" r12="-0.2607557" r13="-0.7023592" r14="0" r21="-0.004507744" r22="0.74938124" r23="-0.2800133" r24="0" r31="0.7491873" r32="0.10214815" r33="0.26131186" r34="0" r41="611.11694" r42="-6.442379" r43="1160.5204" r44="1"></containerEntry>
          <containerEntry r11="0.42607188" r12="-0.2595652" r13="0.86665356" r14="0" r21="0.30952844" r22="0.94196886" r23="0.12994924" r24="0" r31="-0.850091" r32="0.21288627" r33="0.48168927" r34="0" r41="595.4923" r42="-5.559445" r43="1170.1514" r44="1"></containerEntry>
        </property>
        <property name="colors" type="UInt32" container="DynamicArray" arraySize="4">
          <containerEntry>4294967295</containerEntry>
          <containerEntry>4294967295</containerEntry>
          <containerEntry>4294967295</containerEntry>
          <containerEntry>4294967295</containerEntry>
        </property>
      </staticProperties>
      <dynamicProperties></dynamicProperties>
    </entity>
    <entity class="StaticModelArray" classVersion="4" classID="0xD0" addr="0x2EF4D80" id="0x0">
      <staticProperties>
        <property name="name" type="String" container="StaticArray" arraySize="1">
          <containerEntry>StaticModelArray0005</containerEntry>
        </property>
        <property name="dataSet" type="EntityHandle" container="StaticArray" arraySize="1">
          <containerEntry>0x2EF47D0</containerEntry>
        </property>
        <property name="modelFile" type="FilePtr" container="StaticArray" arraySize="1">
          <containerEntry>/Assets/tpp/environ/object/middle_africa/cliff/mafr_clff003/scenes/mafr_clff003_vrtn001.fmdl</containerEntry>
        </property>
        <property name="geomFile" type="FilePtr" container="StaticArray" arraySize="1">
          <containerEntry>/Assets/tpp/environ/object/middle_africa/cliff/mafr_clff003/scenes/mafr_clff003_vrtn001.geom</containerEntry>
        </property>
        <property name="isVisibleGeom" type="Bool" container="StaticArray" arraySize="1">
          <containerEntry>false</containerEntry>
        </property>
        <property name="lodFarSize" type="Float" container="StaticArray" arraySize="1">
          <containerEntry>-1</containerEntry>
        </property>
        <property name="lodNearSize" type="Float" container="StaticArray" arraySize="1">
          <containerEntry>-1</containerEntry>
        </property>
        <property name="lodPolygonSize" type="Float" container="StaticArray" arraySize="1">
          <containerEntry>-1</containerEntry>
        </property>
        <property name="drawRejectionLevel" type="Int32" container="StaticArray" arraySize="1">
          <containerEntry>8</containerEntry>
        </property>
        <property name="drawMode" type="Int32" container="StaticArray" arraySize="1">
          <containerEntry>0</containerEntry>
        </property>
        <property name="rejectFarRangeShadowCast" type="Int32" container="StaticArray" arraySize="1">
          <containerEntry>2</containerEntry>
        </property>
        <property name="parentLocator" type="EntityLink" container="StaticArray" arraySize="1">
          <containerEntry packagePathHash="0xB8A0BF169F98" archivePathHash="0xB8A0BF169F98" nameInArchiveHash="0xB8A0BF169F98">0x0</containerEntry>
        </property>
        <property name="transforms" type="Matrix4" container="DynamicArray" arraySize="6">
          <containerEntry r11="0.03789586" r12="-0.09049678" r13="0.9951761" r14="0" r21="0.73225105" r22="0.6801874" r23="0.033968985" r24="0" r31="-0.6799805" r32="0.727431" r33="0.092042446" r34="0" r41="582.649" r42="-1.967976" r43="1163.6488" r44="1"></containerEntry>
          <containerEntry r11="0.20110938" r12="-0.17150746" r13="-0.96443766" r14="0" r21="-0.6691264" r22="0.6950076" r23="-0.26312378" r24="0" r31="0.71541923" r32="0.69824743" r33="0.025012374" r34="0" r41="583.2904" r42="-0.835911" r43="1193.8165" r44="1"></containerEntry>
          <containerEntry r11="-0.39397553" r12="0.20529974" r13="-0.8958973" r14="0" r21="0.073096775" r22="0.978646" r23="0.19211698" r24="0" r31="0.91620785" r32="0.01020243" r33="-0.40056926" r34="0" r41="589.8294" r42="-6.548377" r43="1175.2893" r44="1"></containerEntry>
          <containerEntry r11="0.3754123" r12="-0.045235395" r13="0.92575365" r14="0" r21="0.60655856" r22="0.76721674" r23="-0.2084835" r24="0" r31="-0.7008229" r32="0.6397909" r33="0.31546044" r34="0" r41="576.41266" r42="-1.694604" r43="1171.4869" r44="1"></containerEntry>
          <containerEntry r11="-0.5532294" r12="-0.01934826" r13="-1.181769" r14="0" r21="-0.35210595" r22="1.248277" r23="0.14439738" r24="0" r31="1.1282613" r32="0.38007212" r33="-0.5344031" r34="0" r41="558.86145" r42="10.914048" r43="1238.9463" r44="1"></containerEntry>
          <containerEntry r11="-0.5532294" r12="-0.01934826" r13="-1.181769" r14="0" r21="-0.35210595" r22="1.248277" r23="0.14439738" r24="0" r31="1.1282613" r32="0.38007212" r33="-0.5344031" r34="0" r41="535.3882" r42="12.234844" r43="1224.5151" r44="1"></containerEntry>
        </property>
        <property name="colors" type="UInt32" container="DynamicArray" arraySize="6">
          <containerEntry>4294967295</containerEntry>
          <containerEntry>4294967295</containerEntry>
          <containerEntry>4294967295</containerEntry>
          <containerEntry>4294967295</containerEntry>
          <containerEntry>4294967295</containerEntry>
          <containerEntry>4294967295</containerEntry>
        </property>
      </staticProperties>
      <dynamicProperties></dynamicProperties>
    </entity>
    <entity class="StaticModelArray" classVersion="4" classID="0xD0" addr="0x2D7B990" id="0x0">
      <staticProperties>
        <property name="name" type="String" container="StaticArray" arraySize="1">
          <containerEntry>StaticModelArray0006</containerEntry>
        </property>
        <property name="dataSet" type="EntityHandle" container="StaticArray" arraySize="1">
          <containerEntry>0x2EF47D0</containerEntry>
        </property>
        <property name="modelFile" type="FilePtr" container="StaticArray" arraySize="1">
          <containerEntry>/Assets/tpp/environ/object/middle_africa/cliff/mafr_clff015/scenes/mafr_clff015_grnd002.fmdl</containerEntry>
        </property>
        <property name="geomFile" type="FilePtr" container="StaticArray" arraySize="1">
          <containerEntry>/Assets/tpp/environ/object/middle_africa/cliff/mafr_clff015/scenes/mafr_clff015_grnd002.geom</containerEntry>
        </property>
        <property name="isVisibleGeom" type="Bool" container="StaticArray" arraySize="1">
          <containerEntry>false</containerEntry>
        </property>
        <property name="lodFarSize" type="Float" container="StaticArray" arraySize="1">
          <containerEntry>-1</containerEntry>
        </property>
        <property name="lodNearSize" type="Float" container="StaticArray" arraySize="1">
          <containerEntry>-1</containerEntry>
        </property>
        <property name="lodPolygonSize" type="Float" container="StaticArray" arraySize="1">
          <containerEntry>-1</containerEntry>
        </property>
        <property name="drawRejectionLevel" type="Int32" container="StaticArray" arraySize="1">
          <containerEntry>8</containerEntry>
        </property>
        <property name="drawMode" type="Int32" container="StaticArray" arraySize="1">
          <containerEntry>0</containerEntry>
        </property>
        <property name="rejectFarRangeShadowCast" type="Int32" container="StaticArray" arraySize="1">
          <containerEntry>2</containerEntry>
        </property>
        <property name="parentLocator" type="EntityLink" container="StaticArray" arraySize="1">
          <containerEntry packagePathHash="0xB8A0BF169F98" archivePathHash="0xB8A0BF169F98" nameInArchiveHash="0xB8A0BF169F98">0x0</containerEntry>
        </property>
        <property name="transforms" type="Matrix4" container="DynamicArray" arraySize="7">
          <containerEntry r11="-0.9040502" r12="0.10060373" r13="-0.41542053" r14="0" r21="0.16430908" r22="0.9790235" r23="-0.120480575" r24="0" r31="0.39458567" r32="-0.1771777" r33="-0.90161645" r34="0" r41="589.93616" r42="3.267848" r43="1262.2128" r44="1"></containerEntry>
          <containerEntry r11="-0.38140354" r12="-0.039596993" r13="-0.92355996" r14="0" r21="0.11367953" r22="0.98948973" r23="-0.08937005" r24="0" r31="0.91739196" r32="-0.13907595" r33="-0.3728935" r34="0" r41="637.91284" r42="-6.03889" r43="1276.665" r44="1"></containerEntry>
          <containerEntry r11="-0.29858616" r12="-0.045619953" r13="-0.95329005" r14="0" r21="0.03851982" r22="0.9974669" r23="-0.059799086" r24="0" r31="0.9536033" r32="-0.05457588" r33="-0.29607254" r34="0" r41="585.75745" r42="-4.183363" r43="1156.4729" r44="1"></containerEntry>
          <containerEntry r11="0.23827872" r12="-0.035518866" r13="-0.97054714" r14="0" r21="0.013807512" r22="0.99935395" r23="-0.033183224" r24="0" r31="0.9710987" r32="-0.005493981" r33="0.23861521" r34="0" r41="587.3459" r42="-4.937278" r43="1164.9662" r44="1"></containerEntry>
          <containerEntry r11="-0.21304168" r12="-0.07023633" r13="-0.9745141" r14="0" r21="0.024612347" r22="0.99671054" r23="-0.07721663" r24="0" r31="0.9767319" r32="-0.040435553" r33="-0.21061218" r34="0" r41="584.7908" r42="-3.458068" r43="1172.1322" r44="1"></containerEntry>
          <containerEntry r11="-0.61390334" r12="0.10060276" r13="-0.7829443" r14="0" r21="0.20122172" r22="0.9790236" r23="-0.031979553" r24="0" r31="0.76330376" r32="-0.17717776" r33="-0.6212693" r34="0" r41="613.3082" r42="-5.289814" r43="1239.8192" r44="1"></containerEntry>
          <containerEntry r11="-0.2001053" r12="0.1006034" r13="-0.9745964" r14="0" r21="0.19435218" r22="0.9790236" r23="0.061155938" r24="0" r31="0.96030533" r32="-0.17717725" r33="-0.2154603" r34="0" r41="595.92053" r42="-6.339537" r43="1211.9681" r44="1"></containerEntry>
        </property>
        <property name="colors" type="UInt32" container="DynamicArray" arraySize="7">
          <containerEntry>4294967295</containerEntry>
          <containerEntry>4294967295</containerEntry>
          <containerEntry>4294967295</containerEntry>
          <containerEntry>4294967295</containerEntry>
          <containerEntry>4294967295</containerEntry>
          <containerEntry>4294967295</containerEntry>
          <containerEntry>4294967295</containerEntry>
        </property>
      </staticProperties>
      <dynamicProperties></dynamicProperties>
    </entity>
    <entity class="TexturePackLoadConditioner" classVersion="0" classID="0x48" addr="0x2D7C720" id="0x0">
      <staticProperties>
        <property name="name" type="String" container="StaticArray" arraySize="1">
          <containerEntry>TexturePackLoadConditioner0000</containerEntry>
        </property>
        <property name="dataSet" type="EntityHandle" container="StaticArray" arraySize="1">
          <containerEntry>0x2EF47D0</containerEntry>
        </property>
        <property name="texturePackPath" type="Path" container="StaticArray" arraySize="1">
          <containerEntry hash="0xB8A0BF169F98"></containerEntry>
        </property>
      </staticProperties>
      <dynamicProperties></dynamicProperties>
    </entity>
  </entities>
</fox>