<fox formatVersion="2" fileVersion="0">
  <entities>
    <entity class="DataSet" classVersion="0" classID="0xE8" addr="0x3352E70" id="0x1BFFD0A">
      <staticProperties>
        <property name="name" type="String" container="StaticArray" arraySize="1">
          <containerEntry hash="0xB8A0BF169F98"></containerEntry>
        </property>
        <property name="dataSet" type="EntityHandle" container="StaticArray" arraySize="1">
          <containerEntry>0x0</containerEntry>
        </property>
        <property name="dataList" type="EntityPtr" container="StringMap" arraySize="10">
          <containerEntry key="afgh_clff022_vrtn003_0006">
            <data>0x3352EE0</data>
          </containerEntry>
          <containerEntry key="StaticModelArray0000">
            <data>0x317FE40</data>
          </containerEntry>
          <containerEntry key="StaticModelArray0001">
            <data>0x317F820</data>
          </containerEntry>
          <containerEntry key="StaticModelArray0002">
            <data>0x33528C0</data>
          </containerEntry>
          <containerEntry key="StaticModelArray0003">
            <data>0x317F900</data>
          </containerEntry>
          <containerEntry key="StaticModelArray0004">
            <data>0x317FDD0</data>
          </containerEntry>
          <containerEntry key="StaticModelArray0005">
            <data>0x3175560</data>
          </containerEntry>
          <containerEntry key="StaticModelArray0006">
            <data>0x317F5F0</data>
          </containerEntry>
          <containerEntry key="StaticModelArray0007">
            <data>0x317F660</data>
          </containerEntry>
          <containerEntry key="TexturePackLoadConditioner0000">
            <data>0x3350550</data>
          </containerEntry>
        </property>
      </staticProperties>
      <dynamicProperties></dynamicProperties>
    </entity>
    <entity class="StaticModel" classVersion="9" classID="0x160" addr="0x3352EE0" id="0x1BFFD0C">
      <staticProperties>
        <property name="name" type="String" container="StaticArray" arraySize="1">
          <containerEntry>afgh_clff022_vrtn003_0006</containerEntry>
        </property>
        <property name="dataSet" type="EntityHandle" container="StaticArray" arraySize="1">
          <containerEntry>0x3352E70</containerEntry>
        </property>
        <property name="parent" type="EntityHandle" container="StaticArray" arraySize="1">
          <containerEntry>0x0</containerEntry>
        </property>
        <property name="transform" type="EntityPtr" container="StaticArray" arraySize="1">
          <containerEntry>0x3352F50</containerEntry>
        </property>
        <property name="shearTransform" type="EntityPtr" container="StaticArray" arraySize="1">
          <containerEntry>0x0</containerEntry>
        </property>
        <property name="pivotTransform" type="EntityPtr" container="StaticArray" arraySize="1">
          <containerEntry>0x0</containerEntry>
        </property>
        <property name="children" type="EntityHandle" container="List"></property>
        <property name="flags" type="UInt32" container="StaticArray" arraySize="1">
          <containerEntry>3221225479</containerEntry>
        </property>
        <property name="modelFile" type="FilePtr" container="StaticArray" arraySize="1">
          <containerEntry>/Assets/tpp/environ/object/afghanistan/cliff/afgh_clff022/scenes/afgh_clff022_vrtn003.fmdl</containerEntry>
        </property>
        <property name="geomFile" type="FilePtr" container="StaticArray" arraySize="1">
          <containerEntry>/Assets/tpp/environ/object/afghanistan/cliff/afgh_clff022/scenes/afgh_clff022_vrtn003.geom</containerEntry>
        </property>
        <property name="isVisibleGeom" type="Bool" container="StaticArray" arraySize="1">
          <containerEntry>false</containerEntry>
        </property>
        <property name="isIsolated" type="Bool" container="StaticArray" arraySize="1">
          <containerEntry>false</containerEntry>
        </property>
        <property name="lodFarSize" type="Float" container="StaticArray" arraySize="1">
          <containerEntry>-1</containerEntry>
        </property>
        <property name="lodNearSize" type="Float" container="StaticArray" arraySize="1">
          <containerEntry>-1</containerEntry>
        </property>
        <property name="lodPolygonSize" type="Float" container="StaticArray" arraySize="1">
          <containerEntry>-1</containerEntry>
        </property>
        <property name="color" type="Color" container="StaticArray" arraySize="1">
          <containerEntry r="1" g="1" b="1" a="1"></containerEntry>
        </property>
        <property name="drawRejectionLevel" type="Int32" container="StaticArray" arraySize="1">
          <containerEntry>8</containerEntry>
        </property>
        <property name="drawMode" type="Int32" container="StaticArray" arraySize="1">
          <containerEntry>0</containerEntry>
        </property>
        <property name="rejectFarRangeShadowCast" type="Int32" container="StaticArray" arraySize="1">
          <containerEntry>2</containerEntry>
        </property>
      </staticProperties>
      <dynamicProperties></dynamicProperties>
    </entity>
    <entity class="TransformEntity" classVersion="0" classID="0x50" addr="0x3352F50" id="0x1BFFD0F">
      <staticProperties>
        <property name="owner" type="EntityHandle" container="StaticArray" arraySize="1">
          <containerEntry>0x3352EE0</containerEntry>
        </property>
        <property name="transform_scale" type="Vector3" container="StaticArray" arraySize="1">
          <containerEntry x="1" y="1" z="1" w="0"></containerEntry>
        </property>
        <property name="transform_rotation_quat" type="Quat" container="StaticArray" arraySize="1">
          <containerEntry x="-0.004565" y="0.179409" z="0.018825" w="0.983583"></containerEntry>
        </property>
        <property name="transform_translation" type="Vector3" container="StaticArray" arraySize="1">
          <containerEntry x="1038.1156" y="369.98056" z="1041.803" w="0"></containerEntry>
        </property>
      </staticProperties>
      <dynamicProperties></dynamicProperties>
    </entity>
    <entity class="StaticModelArray" classVersion="4" classID="0xD0" addr="0x317FE40" id="0x0">
      <staticProperties>
        <property name="name" type="String" container="StaticArray" arraySize="1">
          <containerEntry>StaticModelArray0000</containerEntry>
        </property>
        <property name="dataSet" type="EntityHandle" container="StaticArray" arraySize="1">
          <containerEntry>0x3352E70</containerEntry>
        </property>
        <property name="modelFile" type="FilePtr" container="StaticArray" arraySize="1">
          <containerEntry>/Assets/tpp/environ/object/afghanistan/cliff/afgh_clff022/scenes/afgh_clff022_vrtn004.fmdl</containerEntry>
        </property>
        <property name="geomFile" type="FilePtr" container="StaticArray" arraySize="1">
          <containerEntry>/Assets/tpp/environ/object/afghanistan/cliff/afgh_clff022/scenes/afgh_clff022_vrtn004.geom</containerEntry>
        </property>
        <property name="isVisibleGeom" type="Bool" container="StaticArray" arraySize="1">
          <containerEntry>false</containerEntry>
        </property>
        <property name="lodFarSize" type="Float" container="StaticArray" arraySize="1">
          <containerEntry>-1</containerEntry>
        </property>
        <property name="lodNearSize" type="Float" container="StaticArray" arraySize="1">
          <containerEntry>-1</containerEntry>
        </property>
        <property name="lodPolygonSize" type="Float" container="StaticArray" arraySize="1">
          <containerEntry>-1</containerEntry>
        </property>
        <property name="drawRejectionLevel" type="Int32" container="StaticArray" arraySize="1">
          <containerEntry>8</containerEntry>
        </property>
        <property name="drawMode" type="Int32" container="StaticArray" arraySize="1">
          <containerEntry>0</containerEntry>
        </property>
        <property name="rejectFarRangeShadowCast" type="Int32" container="StaticArray" arraySize="1">
          <containerEntry>2</containerEntry>
        </property>
        <property name="parentLocator" type="EntityLink" container="StaticArray" arraySize="1">
          <containerEntry packagePathHash="0xB8A0BF169F98" archivePathHash="0xB8A0BF169F98" nameInArchiveHash="0xB8A0BF169F98">0x0</containerEntry>
        </property>
        <property name="transforms" type="Matrix4" container="DynamicArray" arraySize="8">
          <containerEntry r11="0.08639456" r12="0.13181874" r13="-0.9875018" r14="0" r21="-0.011489205" r22="0.9912738" r23="0.13131708" r24="0" r31="0.9961948" r32="5.2154064e-07" r33="0.08715516" r34="0" r41="1084.4043" r42="363.35016" r43="1080.361" r44="1"></containerEntry>
          <containerEntry r11="0.57357574" r12="0" r13="-0.81915194" r14="0" r21="0" r22="1" r23="0" r24="0" r31="0.81915194" r32="0" r33="0.57357574" r34="0" r41="1113.1909" r42="354.37448" r43="1109.2953" r44="1"></containerEntry>
          <containerEntry r11="0.9961948" r12="0" r13="-0.08715495" r14="0" r21="0" r22="1" r23="0" r24="0" r31="0.08715495" r32="0" r33="0.9961948" r34="0" r41="1079.6807" r42="355.4233" r43="1119.7029" r44="1"></containerEntry>
          <containerEntry r11="0.6427864" r12="0" r13="0.7660459" r14="0" r21="0" r22="1" r23="0" r24="0" r31="-0.7660459" r32="0" r33="0.6427864" r34="0" r41="1043.2587" r42="356.26492" r43="1103.4629" r44="1"></containerEntry>
          <containerEntry r11="0.96866345" r12="0" r13="0.24837677" r14="0" r21="0" r22="1" r23="0" r24="0" r31="-0.24837677" r32="0" r33="0.96866345" r34="0" r41="1057.9181" r42="374.95728" r43="1042.4495" r44="1"></containerEntry>
          <containerEntry r11="0.9902749" r12="5.93951e-07" r13="-0.13912459" r14="0" r21="-0.006318356" r22="0.9989684" r23="-0.044969212" r24="0" r31="0.13898103" r32="0.04541092" r33="0.98925334" r34="0" r41="1101.9465" r42="370.06396" r43="1042.8427" r44="1"></containerEntry>
          <containerEntry r11="0.2205319" r12="-0.12635903" r13="0.96716017" r14="0" r21="0.028091893" r22="0.99198455" r23="0.123196796" r24="0" r31="-0.97497505" r32="5.6251884e-07" r33="0.22231388" r34="0" r41="1067.4873" r42="364.37308" r43="1073.3668" r44="1"></containerEntry>
          <containerEntry r11="0.74231267" r12="0" r13="-0.67005396" r14="0" r21="0" r22="1" r23="0" r24="0" r31="0.67005396" r32="0" r33="0.74231267" r34="0" r41="1080.8168" r42="380.3552" r43="1031.7329" r44="1"></containerEntry>
        </property>
        <property name="colors" type="UInt32" container="DynamicArray" arraySize="8">
          <containerEntry>4294967295</containerEntry>
          <containerEntry>4294967295</containerEntry>
          <containerEntry>4294967295</containerEntry>
          <containerEntry>4294967295</containerEntry>
          <containerEntry>4294967295</containerEntry>
          <containerEntry>4294967295</containerEntry>
          <containerEntry>4294967295</containerEntry>
          <containerEntry>4294967295</containerEntry>
        </property>
      </staticProperties>
      <dynamicProperties></dynamicProperties>
    </entity>
    <entity class="StaticModelArray" classVersion="4" classID="0xD0" addr="0x317F820" id="0x0">
      <staticProperties>
        <property name="name" type="String" container="StaticArray" arraySize="1">
          <containerEntry>StaticModelArray0001</containerEntry>
        </property>
        <property name="dataSet" type="EntityHandle" container="StaticArray" arraySize="1">
          <containerEntry>0x3352E70</containerEntry>
        </property>
        <property name="modelFile" type="FilePtr" container="StaticArray" arraySize="1">
          <containerEntry>/Assets/tpp/environ/object/afghanistan/rock/afgh_rock001/scenes/afgh_rock001.fmdl</containerEntry>
        </property>
        <property name="geomFile" type="FilePtr" container="StaticArray" arraySize="1">
          <containerEntry>/Assets/tpp/environ/object/afghanistan/rock/afgh_rock001/scenes/afgh_rock001.geom</containerEntry>
        </property>
        <property name="isVisibleGeom" type="Bool" container="StaticArray" arraySize="1">
          <containerEntry>false</containerEntry>
        </property>
        <property name="lodFarSize" type="Float" container="StaticArray" arraySize="1">
          <containerEntry>50</containerEntry>
        </property>
        <property name="lodNearSize" type="Float" container="StaticArray" arraySize="1">
          <containerEntry>400</containerEntry>
        </property>
        <property name="lodPolygonSize" type="Float" container="StaticArray" arraySize="1">
          <containerEntry>-1</containerEntry>
        </property>
        <property name="drawRejectionLevel" type="Int32" container="StaticArray" arraySize="1">
          <containerEntry>7</containerEntry>
        </property>
        <property name="drawMode" type="Int32" container="StaticArray" arraySize="1">
          <containerEntry>0</containerEntry>
        </property>
        <property name="rejectFarRangeShadowCast" type="Int32" container="StaticArray" arraySize="1">
          <containerEntry>2</containerEntry>
        </property>
        <property name="parentLocator" type="EntityLink" container="StaticArray" arraySize="1">
          <containerEntry packagePathHash="0xB8A0BF169F98" archivePathHash="0xB8A0BF169F98" nameInArchiveHash="0xB8A0BF169F98">0x0</containerEntry>
        </property>
        <property name="transforms" type="Matrix4" container="DynamicArray" arraySize="3">
          <containerEntry r11="-0.02306354" r12="-0.4952556" r13="0.8684448" r14="0" r21="-0.18130018" r22="-0.8522037" r23="-0.49080604" r24="0" r31="0.9831606" r32="-0.16876686" r33="-0.0701407" r34="0" r41="1130.72" r42="348.3854" r43="1085.269" r44="1"></containerEntry>
          <containerEntry r11="-0.0030404925" r12="0.70988363" r13="0.704316" r14="0" r21="-0.023063838" r22="-0.7041842" r23="0.7096487" r24="0" r31="0.9997319" r32="-0.014088333" r33="0.018509343" r34="0" r41="1094.0425" r42="342.71442" r43="1134.0468" r44="1"></containerEntry>
          <containerEntry r11="-0.0030404925" r12="0.70988363" r13="0.704316" r14="0" r21="-0.023063838" r22="-0.7041842" r23="0.7096487" r24="0" r31="0.9997319" r32="-0.014088333" r33="0.018509343" r34="0" r41="1040.5576" r42="347.32538" r43="1128.727" r44="1"></containerEntry>
        </property>
        <property name="colors" type="UInt32" container="DynamicArray" arraySize="3">
          <containerEntry>4294967295</containerEntry>
          <containerEntry>4294967295</containerEntry>
          <containerEntry>4294967295</containerEntry>
        </property>
      </staticProperties>
      <dynamicProperties></dynamicProperties>
    </entity>
    <entity class="StaticModelArray" classVersion="4" classID="0xD0" addr="0x33528C0" id="0x0">
      <staticProperties>
        <property name="name" type="String" container="StaticArray" arraySize="1">
          <containerEntry>StaticModelArray0002</containerEntry>
        </property>
        <property name="dataSet" type="EntityHandle" container="StaticArray" arraySize="1">
          <containerEntry>0x3352E70</containerEntry>
        </property>
        <property name="modelFile" type="FilePtr" container="StaticArray" arraySize="1">
          <containerEntry>/Assets/tpp/environ/object/afghanistan/rock/afgh_rock010/scenes/afgh_rock010_vrtn001.fmdl</containerEntry>
        </property>
        <property name="geomFile" type="FilePtr" container="StaticArray" arraySize="1">
          <containerEntry>/Assets/tpp/environ/object/afghanistan/rock/afgh_rock010/scenes/afgh_rock010_vrtn001.geom</containerEntry>
        </property>
        <property name="isVisibleGeom" type="Bool" container="StaticArray" arraySize="1">
          <containerEntry>false</containerEntry>
        </property>
        <property name="lodFarSize" type="Float" container="StaticArray" arraySize="1">
          <containerEntry>-1</containerEntry>
        </property>
        <property name="lodNearSize" type="Float" container="StaticArray" arraySize="1">
          <containerEntry>-1</containerEntry>
        </property>
        <property name="lodPolygonSize" type="Float" container="StaticArray" arraySize="1">
          <containerEntry>-1</containerEntry>
        </property>
        <property name="drawRejectionLevel" type="Int32" container="StaticArray" arraySize="1">
          <containerEntry>8</containerEntry>
        </property>
        <property name="drawMode" type="Int32" container="StaticArray" arraySize="1">
          <containerEntry>0</containerEntry>
        </property>
        <property name="rejectFarRangeShadowCast" type="Int32" container="StaticArray" arraySize="1">
          <containerEntry>2</containerEntry>
        </property>
        <property name="parentLocator" type="EntityLink" container="StaticArray" arraySize="1">
          <containerEntry packagePathHash="0xB8A0BF169F98" archivePathHash="0xB8A0BF169F98" nameInArchiveHash="0xB8A0BF169F98">0x0</containerEntry>
        </property>
        <property name="transforms" type="Matrix4" container="DynamicArray" arraySize="16">
          <containerEntry r11="0.68882394" r12="-0.4729042" r13="-0.54943705" r14="0" r21="0.2216735" r22="0.85902226" r23="-0.46145487" r24="0" r31="0.6902031" r32="0.19606467" r33="0.69654596" r34="0" r41="1031.7914" r42="344.97855" r43="1135.1201" r44="1"></containerEntry>
          <containerEntry r11="-0.79386383" r12="0.27324978" r13="-0.54323864" r14="0" r21="0.18475816" r22="0.9595056" r23="0.21263406" r24="0" r31="0.57934284" r32="0.06843522" r33="-0.81220186" r34="0" r41="1122.4713" r42="345.38464" r43="1110.9602" r44="1"></containerEntry>
          <containerEntry r11="-0.8353817" r12="-0.22775628" r13="-0.5002615" r14="0" r21="-0.17791669" r22="0.9731614" r23="-0.14595357" r24="0" r31="0.52007705" r32="-0.032922205" r33="-0.85348284" r34="0" r41="1139.7454" r42="337.59207" r43="1122.578" r44="1"></containerEntry>
          <containerEntry r11="-0.80670494" r12="0.13536301" r13="0.57524" r14="0" r21="0.06263154" r22="0.9875142" r23="-0.14454411" r24="0" r31="-0.5876236" r32="-0.080576465" r33="-0.8051106" r34="0" r41="1127.9508" r42="347.41052" r43="1097.5177" r44="1"></containerEntry>
          <containerEntry r11="0.07599432" r12="0.13968985" r13="0.98727405" r14="0" r21="0.06263146" r22="0.9875141" r23="-0.14454463" r24="0" r31="-0.9951385" r32="0.07281892" r33="0.06629646" r34="0" r41="1114.8416" r42="356.33884" r43="1061.0845" r44="1"></containerEntry>
          <containerEntry r11="0.07599432" r12="0.13968985" r13="0.98727405" r14="0" r21="0.06263146" r22="0.9875141" r23="-0.14454463" r24="0" r31="-0.9951385" r32="0.07281892" r33="0.06629646" r34="0" r41="1153.3038" r42="356.6838" r43="1041.3899" r44="1"></containerEntry>
          <containerEntry r11="0.5143832" r12="-0.157407" r13="-0.8429898" r14="0" r21="0.044835996" r22="0.9866019" r23="-0.15686433" r24="0" r31="0.8563869" r32="0.042891964" r33="0.514549" r34="0" r41="1104.7655" r42="358.23044" r43="1054.7637" r44="1"></containerEntry>
          <containerEntry r11="-0.83749384" r12="-0.053825643" r13="0.54378605" r14="0" r21="-0.047364693" r22="0.998542" r23="0.025891483" r24="0" r31="-0.54438686" r32="-0.0040722806" r33="-0.83882225" r34="0" r41="1111.3654" r42="352.47083" r43="1117.276" r44="1"></containerEntry>
          <containerEntry r11="0.4679474" r12="0.1167488" r13="0.6382746" r14="0" r21="-0.01910671" r22="-0.78412193" r23="0.15743427" r24="0" r31="0.6485829" r32="-0.10733282" r33="-0.45587084" r34="0" r41="1083.1" r42="354.78455" r43="1123.9377" r44="1"></containerEntry>
          <containerEntry r11="0.17474727" r12="-0.40957558" r13="-0.8953834" r14="0" r21="0.38302302" r22="0.86602515" r23="-0.32139364" r24="0" r31="0.9070595" r32="-0.2867897" r33="0.3082124" r34="0" r41="1111.0729" r42="344.9898" r43="1126.1793" r44="1"></containerEntry>
          <containerEntry r11="0.7697506" r12="0.2801661" r13="-0.5735776" r14="0" r21="-0.34201986" r22="0.93969274" r23="8.195639e-08" r24="0" r31="0.53898674" r32="0.19617474" r33="0.81915134" r34="0" r41="1103.9269" r42="340.09885" r43="1142.0249" r44="1"></containerEntry>
          <containerEntry r11="-0.96455836" r12="-0.057730354" r13="0.2574583" r14="0" r21="0.050141215" r22="-0.99808997" r23="-0.035951354" r24="0" r31="0.2590433" r32="-0.021768045" r33="0.96562034" r34="0" r41="1060.3011" r42="377.97952" r43="1037.2765" r44="1"></containerEntry>
          <containerEntry r11="0.8191523" r12="-0.14845248" r13="-0.554032" r14="0" r21="1.3411045e-07" r22="0.9659258" r23="-0.258819" r24="0" r31="0.57357615" r32="0.21201214" r33="0.7912404" r34="0" r41="1045.0607" r42="345.105" r43="1142.5261" r44="1"></containerEntry>
          <containerEntry r11="0.9985535" r12="-0.048924357" r13="-0.022298414" r14="0" r21="0.044835903" r22="0.98660195" r23="-0.15686382" r24="0" r31="0.029674131" r32="0.15563716" r33="0.98736846" r34="0" r41="1042.2614" r42="355.11295" r43="1096.1863" r44="1"></containerEntry>
          <containerEntry r11="0.17195542" r12="-0.23649587" r13="0.95629394" r14="0" r21="-0.20765801" r22="0.94023985" r23="0.2698647" r24="0" r31="-0.9629675" r32="-0.24498676" r33="0.11256909" r34="0" r41="1150.6594" r42="339.59494" r43="1147.4495" r44="1"></containerEntry>
          <containerEntry r11="-0.6543447" r12="-0.08723216" r13="0.75114614" r14="0" r21="0.12935169" r22="-0.99159384" r23="-0.002473887" r24="0" r31="0.74504906" r32="0.09554334" r33="0.66013086" r34="0" r41="1028.4952" r42="365.74112" r43="1029.1942" r44="1"></containerEntry>
        </property>
        <property name="colors" type="UInt32" container="DynamicArray" arraySize="16">
          <containerEntry>4294967295</containerEntry>
          <containerEntry>4294967295</containerEntry>
          <containerEntry>4294967295</containerEntry>
          <containerEntry>4294967295</containerEntry>
          <containerEntry>4294967295</containerEntry>
          <containerEntry>4294967295</containerEntry>
          <containerEntry>4294967295</containerEntry>
          <containerEntry>4294967295</containerEntry>
          <containerEntry>4294967295</containerEntry>
          <containerEntry>4294967295</containerEntry>
          <containerEntry>4294967295</containerEntry>
          <containerEntry>4294967295</containerEntry>
          <containerEntry>4294967295</containerEntry>
          <containerEntry>4294967295</containerEntry>
          <containerEntry>4294967295</containerEntry>
          <containerEntry>4294967295</containerEntry>
        </property>
      </staticProperties>
      <dynamicProperties></dynamicProperties>
    </entity>
    <entity class="StaticModelArray" classVersion="4" classID="0xD0" addr="0x317F900" id="0x0">
      <staticProperties>
        <property name="name" type="String" container="StaticArray" arraySize="1">
          <containerEntry>StaticModelArray0003</containerEntry>
        </property>
        <property name="dataSet" type="EntityHandle" container="StaticArray" arraySize="1">
          <containerEntry>0x3352E70</containerEntry>
        </property>
        <property name="modelFile" type="FilePtr" container="StaticArray" arraySize="1">
          <containerEntry>/Assets/tpp/environ/object/afghanistan/cliff/afgh_clff025/scenes/afgh_clff025.fmdl</containerEntry>
        </property>
        <property name="geomFile" type="FilePtr" container="StaticArray" arraySize="1">
          <containerEntry>/Assets/tpp/environ/object/afghanistan/cliff/afgh_clff025/scenes/afgh_clff025.geom</containerEntry>
        </property>
        <property name="isVisibleGeom" type="Bool" container="StaticArray" arraySize="1">
          <containerEntry>false</containerEntry>
        </property>
        <property name="lodFarSize" type="Float" container="StaticArray" arraySize="1">
          <containerEntry>-1</containerEntry>
        </property>
        <property name="lodNearSize" type="Float" container="StaticArray" arraySize="1">
          <containerEntry>-1</containerEntry>
        </property>
        <property name="lodPolygonSize" type="Float" container="StaticArray" arraySize="1">
          <containerEntry>-1</containerEntry>
        </property>
        <property name="drawRejectionLevel" type="Int32" container="StaticArray" arraySize="1">
          <containerEntry>8</containerEntry>
        </property>
        <property name="drawMode" type="Int32" container="StaticArray" arraySize="1">
          <containerEntry>0</containerEntry>
        </property>
        <property name="rejectFarRangeShadowCast" type="Int32" container="StaticArray" arraySize="1">
          <containerEntry>2</containerEntry>
        </property>
        <property name="parentLocator" type="EntityLink" container="StaticArray" arraySize="1">
          <containerEntry packagePathHash="0xB8A0BF169F98" archivePathHash="0xB8A0BF169F98" nameInArchiveHash="0xB8A0BF169F98">0x0</containerEntry>
        </property>
        <property name="transforms" type="Matrix4" container="DynamicArray" arraySize="21">
          <containerEntry r11="-0.51283485" r12="0.042897187" r13="-0.8574137" r14="0" r21="0.028271368" r22="0.99905294" r23="0.03307385" r24="0" r31="0.8580205" r32="-0.007278817" r33="-0.51356196" r34="0" r41="1126.9431" r42="350.6512" r43="1089.9753" r44="1"></containerEntry>
          <containerEntry r11="0.618836" r12="0" r13="-0.7855197" r14="0" r21="0" r22="1" r23="0" r24="0" r31="0.7855197" r32="0" r33="0.618836" r34="0" r41="1118.4979" r42="344.10898" r43="1119.6941" r44="1"></containerEntry>
          <containerEntry r11="0.9037755" r12="0" r13="-0.4280066" r14="0" r21="0" r22="1" r23="0" r24="0" r31="0.4280066" r32="0" r33="0.9037755" r34="0" r41="1136.544" r42="361.0038" r43="1032.0792" r44="1"></containerEntry>
          <containerEntry r11="0.66005373" r12="0" r13="-0.7512183" r14="0" r21="0" r22="1" r23="0" r24="0" r31="0.7512183" r32="0" r33="0.66005373" r34="0" r41="1145.1448" r42="360.21924" r43="1029.2875" r44="1"></containerEntry>
          <containerEntry r11="0.99982107" r12="0" r13="0.018915148" r14="0" r21="0" r22="1" r23="0" r24="0" r31="-0.018915148" r32="0" r33="0.99982107" r34="0" r41="1104.2264" r42="363.45984" r43="1052.1334" r44="1"></containerEntry>
          <containerEntry r11="0.2721091" r12="0.05354493" r13="-0.9607746" r14="0" r21="-0.01150837" r22="0.9985603" r23="0.052391328" r24="0" r31="0.96219665" r32="-0.003199149" r33="0.27233356" r34="0" r41="1116.5762" r42="340.9028" r43="1130.8767" r44="1"></containerEntry>
          <containerEntry r11="0.68605465" r12="0.11709024" r13="-0.7180656" r14="0" r21="-0.027880058" r22="0.99047065" r23="0.13487223" r24="0" r31="0.72701514" r32="-0.072509944" r33="0.68278146" r34="0" r41="1112.7722" r42="338.32794" r43="1140.7747" r44="1"></containerEntry>
          <containerEntry r11="0.748634" r12="0" r13="-0.6629834" r14="0" r21="0" r22="1" r23="0" r24="0" r31="0.6629834" r32="0" r33="0.748634" r34="0" r41="1129.1982" r42="358.8683" r43="1042.0693" r44="1"></containerEntry>
          <containerEntry r11="0.6746466" r12="0" r13="-0.7381403" r14="0" r21="0" r22="1" r23="0" r24="0" r31="0.7381403" r32="0" r33="0.6746466" r34="0" r41="1124.3883" r42="355.35135" r43="1054.2231" r44="1"></containerEntry>
          <containerEntry r11="-0.23075819" r12="0" r13="-0.97300935" r14="0" r21="0" r22="1" r23="0" r24="0" r31="0.97300935" r32="0" r33="-0.23075819" r34="0" r41="1120.7551" r42="351.7142" r43="1076.7351" r44="1"></containerEntry>
          <containerEntry r11="0.38659003" r12="-0.021979764" r13="0.92198914" r14="0" r21="0.13370246" r22="0.99049014" r23="-0.032448538" r24="0" r31="-0.91250795" r32="0.13581657" r33="0.3858524" r34="0" r41="1063.213" r42="358.08182" r43="1099.083" r44="1"></containerEntry>
          <containerEntry r11="-0.95638716" r12="0.050866097" r13="-0.2876241" r14="0" r21="-0.005838543" r22="0.9811938" r23="0.19293691" r24="0" r31="0.29202893" r32="0.18620254" r33="-0.93810403" r34="0" r41="1116.7264" r42="369.1384" r43="1026.0056" r44="1"></containerEntry>
          <containerEntry r11="-0.5128361" r12="0.042897217" r13="-0.8574139" r14="0" r21="-0.09822879" r22="0.98925924" r23="0.10824615" r24="0" r31="0.85284805" r32="0.1397353" r33="-0.5031141" r34="0" r41="1096.2075" r42="354.4957" r43="1102.8994" r44="1"></containerEntry>
          <containerEntry r11="0.49117762" r12="-0.11846104" r13="0.86296546" r14="0" r21="0.16260019" r22="0.9857646" r23="0.04277022" r24="0" r31="-0.85574734" r32="0.119310915" r33="0.5034473" r34="0" r41="1149.2172" r42="343.21057" r43="1125.2615" r44="1"></containerEntry>
          <containerEntry r11="0.96060085" r12="-0.012668055" r13="-0.27764297" r14="0" r21="-0.05795115" r22="0.96787477" r23="-0.24466328" r24="0" r31="0.27182305" r32="0.25111347" r33="0.9290072" r34="0" r41="1114.6558" r42="354.11285" r43="1104.749" r44="1"></containerEntry>
          <containerEntry r11="0.9853691" r12="-0.06390959" r13="0.15799777" r14="0" r21="0.06392418" r22="0.99794227" r23="0.0049948213" r24="0" r31="-0.15799187" r32="0.0051781465" r33="0.9874268" r34="0" r41="1081.0591" r42="346.14645" r43="1128.9368" r44="1"></containerEntry>
          <containerEntry r11="0.9638082" r12="-0.008494548" r13="-0.2664612" r14="0" r21="-0.0048808455" r22="0.9987625" r23="-0.049493935" r24="0" r31="0.26655185" r32="0.04900321" r33="0.962574" r34="0" r41="1106.8406" r42="357.42178" r43="1064.8514" r44="1"></containerEntry>
          <containerEntry r11="0.9984178" r12="0.048669547" r13="-0.028163528" r14="0" r21="-0.049234577" r22="0.9985924" r23="-0.019729152" r24="0" r31="0.027163675" r32="0.021084558" r33="0.99940866" r34="0" r41="1164.5034" r42="356.15198" r43="1042.0284" r44="1"></containerEntry>
          <containerEntry r11="0.018985415" r12="0.07564059" r13="-0.99695444" r14="0" r21="-0.020244151" r22="0.99695873" r23="0.0752554" r24="0" r31="0.99961483" r32="0.018753735" r33="0.020458937" r34="0" r41="1148.3794" r42="352.77063" r43="1063.3839" r44="1"></containerEntry>
          <containerEntry r11="-0.0017457982" r12="-0.0053565316" r13="-0.99998146" r14="0" r21="-0.09441529" r22="0.99551946" r23="-0.005167529" r24="0" r31="0.99552864" r32="0.09440476" r33="-0.0022436976" r34="0" r41="1125.0436" r42="367.15076" r43="1025.9269" r44="1"></containerEntry>
          <containerEntry r11="0.9869104" r12="0" r13="-0.16126962" r14="0" r21="0" r22="1" r23="0" r24="0" r31="0.16126962" r32="0" r33="0.9869104" r34="0" r41="1100.7279" r42="346.4172" r43="1127.9944" r44="1"></containerEntry>
        </property>
        <property name="colors" type="UInt32" container="DynamicArray" arraySize="21">
          <containerEntry>4294967295</containerEntry>
          <containerEntry>4294967295</containerEntry>
          <containerEntry>4294967295</containerEntry>
          <containerEntry>4294967295</containerEntry>
          <containerEntry>4294967295</containerEntry>
          <containerEntry>4294967295</containerEntry>
          <containerEntry>4294967295</containerEntry>
          <containerEntry>4294967295</containerEntry>
          <containerEntry>4294967295</containerEntry>
          <containerEntry>4294967295</containerEntry>
          <containerEntry>4294967295</containerEntry>
          <containerEntry>4294967295</containerEntry>
          <containerEntry>4294967295</containerEntry>
          <containerEntry>4294967295</containerEntry>
          <containerEntry>4294967295</containerEntry>
          <containerEntry>4294967295</containerEntry>
          <containerEntry>4294967295</containerEntry>
          <containerEntry>4294967295</containerEntry>
          <containerEntry>4294967295</containerEntry>
          <containerEntry>4294967295</containerEntry>
          <containerEntry>4294967295</containerEntry>
        </property>
      </staticProperties>
      <dynamicProperties></dynamicProperties>
    </entity>
    <entity class="StaticModelArray" classVersion="4" classID="0xD0" addr="0x317FDD0" id="0x0">
      <staticProperties>
        <property name="name" type="String" container="StaticArray" arraySize="1">
          <containerEntry>StaticModelArray0004</containerEntry>
        </property>
        <property name="dataSet" type="EntityHandle" container="StaticArray" arraySize="1">
          <containerEntry>0x3352E70</containerEntry>
        </property>
        <property name="modelFile" type="FilePtr" container="StaticArray" arraySize="1">
          <containerEntry>/Assets/tpp/environ/object/afghanistan/rock/afgh_rock011/scenes/afgh_rock011.fmdl</containerEntry>
        </property>
        <property name="geomFile" type="FilePtr" container="StaticArray" arraySize="1">
          <containerEntry>/Assets/tpp/environ/object/afghanistan/rock/afgh_rock011/scenes/afgh_rock011.geom</containerEntry>
        </property>
        <property name="isVisibleGeom" type="Bool" container="StaticArray" arraySize="1">
          <containerEntry>false</containerEntry>
        </property>
        <property name="lodFarSize" type="Float" container="StaticArray" arraySize="1">
          <containerEntry>-1</containerEntry>
        </property>
        <property name="lodNearSize" type="Float" container="StaticArray" arraySize="1">
          <containerEntry>-1</containerEntry>
        </property>
        <property name="lodPolygonSize" type="Float" container="StaticArray" arraySize="1">
          <containerEntry>-1</containerEntry>
        </property>
        <property name="drawRejectionLevel" type="Int32" container="StaticArray" arraySize="1">
          <containerEntry>8</containerEntry>
        </property>
        <property name="drawMode" type="Int32" container="StaticArray" arraySize="1">
          <containerEntry>0</containerEntry>
        </property>
        <property name="rejectFarRangeShadowCast" type="Int32" container="StaticArray" arraySize="1">
          <containerEntry>2</containerEntry>
        </property>
        <property name="parentLocator" type="EntityLink" container="StaticArray" arraySize="1">
          <containerEntry packagePathHash="0xB8A0BF169F98" archivePathHash="0xB8A0BF169F98" nameInArchiveHash="0xB8A0BF169F98">0x0</containerEntry>
        </property>
        <property name="transforms" type="Matrix4" container="DynamicArray" arraySize="7">
          <containerEntry r11="0.5094347" r12="-0.041554473" r13="-0.85950553" r14="0" r21="0.051927716" r22="0.99849755" r23="-0.017496409" r24="0" r31="0.8589412" r32="-0.035718866" r33="0.51082706" r34="0" r41="1057.8219" r42="356.2667" r43="1112.7615" r44="1"></containerEntry>
          <containerEntry r11="-0.7076596" r12="0.02980769" r13="-0.7059275" r14="0" r21="-0.036833573" r22="0.99619484" r23="0.07898812" r24="0" r31="0.70559573" r32="0.08189833" r33="-0.703869" r34="0" r41="1149.7449" r42="356.45572" r43="1052.7953" r44="1"></containerEntry>
          <containerEntry r11="-0.73466617" r12="-0.035204303" r13="-0.6775157" r14="0" r21="-0.023935389" r22="0.99937606" r23="-0.025974065" r24="0" r31="0.6780073" r32="-0.0028656581" r33="-0.7350504" r34="0" r41="1043.3457" r42="357.01596" r43="1069.416" r44="1"></containerEntry>
          <containerEntry r11="-0.9732416" r12="-0.029233595" r13="-0.22792567" r14="0" r21="-0.02393551" r22="0.999376" r23="-0.025975011" r24="0" r31="0.22854279" r32="-0.019824397" r33="-0.9733341" r34="0" r41="1067.5637" r42="364.76678" r43="1063.7933" r44="1"></containerEntry>
          <containerEntry r11="-0.99959576" r12="-0.014950436" r13="0.024105132" r14="0" r21="-0.013327284" r22="0.997721" r23="0.066145286" r24="0" r31="-0.0250391" r32="0.06579742" r33="-0.99751693" r34="0" r41="1084.0642" r42="362.5066" r43="1084.8318" r44="1"></containerEntry>
          <containerEntry r11="0.30448845" r12="-0.16375774" r13="0.9383338" r14="0" r21="0.03160271" r22="0.9863052" r23="0.16187465" r24="0" r31="-0.95199174" r32="-0.019635081" r33="0.3054937" r34="0" r41="1073.4974" r42="355.7647" r43="1119.4436" r44="1"></containerEntry>
          <containerEntry r11="-0.7076596" r12="0.02980769" r13="-0.7059275" r14="0" r21="-0.036833573" r22="0.99619484" r23="0.07898812" r24="0" r31="0.70559573" r32="0.08189833" r33="-0.703869" r34="0" r41="1089.8381" r42="380.6122" r43="1027.716" r44="1"></containerEntry>
        </property>
        <property name="colors" type="UInt32" container="DynamicArray" arraySize="7">
          <containerEntry>4294967295</containerEntry>
          <containerEntry>4294967295</containerEntry>
          <containerEntry>4294967295</containerEntry>
          <containerEntry>4294967295</containerEntry>
          <containerEntry>4294967295</containerEntry>
          <containerEntry>4294967295</containerEntry>
          <containerEntry>4294967295</containerEntry>
        </property>
      </staticProperties>
      <dynamicProperties></dynamicProperties>
    </entity>
    <entity class="StaticModelArray" classVersion="4" classID="0xD0" addr="0x3175560" id="0x0">
      <staticProperties>
        <property name="name" type="String" container="StaticArray" arraySize="1">
          <containerEntry>StaticModelArray0005</containerEntry>
        </property>
        <property name="dataSet" type="EntityHandle" container="StaticArray" arraySize="1">
          <containerEntry>0x3352E70</containerEntry>
        </property>
        <property name="modelFile" type="FilePtr" container="StaticArray" arraySize="1">
          <containerEntry>/Assets/tpp/environ/object/afghanistan/cliff/afgh_clff013/scenes/afgh_clff013.fmdl</containerEntry>
        </property>
        <property name="geomFile" type="FilePtr" container="StaticArray" arraySize="1">
          <containerEntry>/Assets/tpp/environ/object/afghanistan/cliff/afgh_clff013/scenes/afgh_clff013.geom</containerEntry>
        </property>
        <property name="isVisibleGeom" type="Bool" container="StaticArray" arraySize="1">
          <containerEntry>false</containerEntry>
        </property>
        <property name="lodFarSize" type="Float" container="StaticArray" arraySize="1">
          <containerEntry>-1</containerEntry>
        </property>
        <property name="lodNearSize" type="Float" container="StaticArray" arraySize="1">
          <containerEntry>-1</containerEntry>
        </property>
        <property name="lodPolygonSize" type="Float" container="StaticArray" arraySize="1">
          <containerEntry>-1</containerEntry>
        </property>
        <property name="drawRejectionLevel" type="Int32" container="StaticArray" arraySize="1">
          <containerEntry>8</containerEntry>
        </property>
        <property name="drawMode" type="Int32" container="StaticArray" arraySize="1">
          <containerEntry>0</containerEntry>
        </property>
        <property name="rejectFarRangeShadowCast" type="Int32" container="StaticArray" arraySize="1">
          <containerEntry>2</containerEntry>
        </property>
        <property name="parentLocator" type="EntityLink" container="StaticArray" arraySize="1">
          <containerEntry packagePathHash="0xB8A0BF169F98" archivePathHash="0xB8A0BF169F98" nameInArchiveHash="0xB8A0BF169F98">0x0</containerEntry>
        </property>
        <property name="transforms" type="Matrix4" container="DynamicArray" arraySize="7">
          <containerEntry r11="0.19362311" r12="-0.09152711" r13="0.9767965" r14="0" r21="-0.057470433" r22="0.99287087" r23="0.1044251" r24="0" r31="-0.9793905" r32="-0.07635601" r33="0.18698263" r34="0" r41="1152.5293" r42="349.40607" r43="1089.1702" r44="1"></containerEntry>
          <containerEntry r11="-0.54476976" r12="-0.24738844" r13="0.801263" r14="0" r21="-0.09804876" r22="0.9677321" r23="0.23212285" r24="0" r31="-0.83283246" r32="0.047890887" r33="-0.5514473" r34="0" r41="1153.2552" r42="345.88174" r43="1109.6747" r44="1"></containerEntry>
