<fox formatVersion="2" fileVersion="0">
  <entities>
    <entity class="DataSet" classVersion="0" classID="0xE8" addr="0x33544C0" id="0x13386F">
      <staticProperties>
        <property name="name" type="String" container="StaticArray" arraySize="1">
          <containerEntry hash="0xB8A0BF169F98"></containerEntry>
        </property>
        <property name="dataSet" type="EntityHandle" container="StaticArray" arraySize="1">
          <containerEntry>0x0</containerEntry>
        </property>
        <property name="dataList" type="EntityPtr" container="StringMap" arraySize="6">
          <containerEntry key="mafr_clod005_0017">
            <data>0x31758E0</data>
          </containerEntry>
          <containerEntry key="StaticModelArray0000">
            <data>0x317B920</data>
          </containerEntry>
          <containerEntry key="StaticModelArray0001">
            <data>0x317B990</data>
          </containerEntry>
          <containerEntry key="StaticModelArray0002">
            <data>0x317BA70</data>
          </containerEntry>
          <containerEntry key="StaticModelArray0003">
            <data>0x317BA00</data>
          </containerEntry>
          <containerEntry key="TexturePackLoadConditioner0000">
            <data>0x317BED0</data>
          </containerEntry>
        </property>
      </staticProperties>
      <dynamicProperties></dynamicProperties>
    </entity>
    <entity class="StaticModel" classVersion="9" classID="0x160" addr="0x31758E0" id="0x1338DB">
      <staticProperties>
        <property name="name" type="String" container="StaticArray" arraySize="1">
          <containerEntry>mafr_clod005_0017</containerEntry>
        </property>
        <property name="dataSet" type="EntityHandle" container="StaticArray" arraySize="1">
          <containerEntry>0x33544C0</containerEntry>
        </property>
        <property name="parent" type="EntityHandle" container="StaticArray" arraySize="1">
          <containerEntry>0x0</containerEntry>
        </property>
        <property name="transform" type="EntityPtr" container="StaticArray" arraySize="1">
          <containerEntry>0x3175950</containerEntry>
        </property>
        <property name="shearTransform" type="EntityPtr" container="StaticArray" arraySize="1">
          <containerEntry>0x0</containerEntry>
        </property>
        <property name="pivotTransform" type="EntityPtr" container="StaticArray" arraySize="1">
          <containerEntry>0x0</containerEntry>
        </property>
        <property name="children" type="EntityHandle" container="List"></property>
        <property name="flags" type="UInt32" container="StaticArray" arraySize="1">
          <containerEntry>7</containerEntry>
        </property>
        <property name="modelFile" type="FilePtr" container="StaticArray" arraySize="1">
          <containerEntry>/Assets/tpp/environ/object/middle_africa/clod/mafr_clod005/scenes/mafr_clod005.fmdl</containerEntry>
        </property>
        <property name="geomFile" type="FilePtr" container="StaticArray" arraySize="1">
          <containerEntry>/Assets/tpp/environ/object/middle_africa/clod/mafr_clod005/scenes/mafr_clod005.geom</containerEntry>
        </property>
        <property name="isVisibleGeom" type="Bool" container="StaticArray" arraySize="1">
          <containerEntry>false</containerEntry>
        </property>
        <property name="isIsolated" type="Bool" container="StaticArray" arraySize="1">
          <containerEntry>false</containerEntry>
        </property>
        <property name="lodFarSize" type="Float" container="StaticArray" arraySize="1">
          <containerEntry>-1</containerEntry>
        </property>
        <property name="lodNearSize" type="Float" container="StaticArray" arraySize="1">
          <containerEntry>-1</containerEntry>
        </property>
        <property name="lodPolygonSize" type="Float" container="StaticArray" arraySize="1">
          <containerEntry>-1</containerEntry>
        </property>
        <property name="color" type="Color" container="StaticArray" arraySize="1">
          <containerEntry r="1" g="1" b="1" a="1"></containerEntry>
        </property>
        <property name="drawRejectionLevel" type="Int32" container="StaticArray" arraySize="1">
          <containerEntry>8</containerEntry>
        </property>
        <property name="drawMode" type="Int32" container="StaticArray" arraySize="1">
          <containerEntry>0</containerEntry>
        </property>
        <property name="rejectFarRangeShadowCast" type="Int32" container="StaticArray" arraySize="1">
          <containerEntry>2</containerEntry>
        </property>
      </staticProperties>
      <dynamicProperties></dynamicProperties>
    </entity>
    <entity class="TransformEntity" classVersion="0" classID="0x50" addr="0x3175950" id="0x1338DE">
      <staticProperties>
        <property name="owner" type="EntityHandle" container="StaticArray" arraySize="1">
          <containerEntry>0x31758E0</containerEntry>
        </property>
        <property name="transform_scale" type="Vector3" container="StaticArray" arraySize="1">
          <containerEntry x="1" y="1" z="1" w="0"></containerEntry>
        </property>
        <property name="transform_rotation_quat" type="Quat" container="StaticArray" arraySize="1">
          <containerEntry x="-0.052165" y="-0.72942" z="-0.055975" w="0.679773"></containerEntry>
        </property>
        <property name="transform_translation" type="Vector3" container="StaticArray" arraySize="1">
          <containerEntry x="581.40656" y="-1.436357" z="-286.3189" w="0"></containerEntry>
        </property>
      </staticProperties>
      <dynamicProperties></dynamicProperties>
    </entity>
    <entity class="StaticModelArray" classVersion="4" classID="0xD0" addr="0x317B920" id="0x0">
      <staticProperties>
        <property name="name" type="String" container="StaticArray" arraySize="1">
          <containerEntry>StaticModelArray0000</containerEntry>
        </property>
        <property name="dataSet" type="EntityHandle" container="StaticArray" arraySize="1">
          <containerEntry>0x33544C0</containerEntry>
        </property>
        <property name="modelFile" type="FilePtr" container="StaticArray" arraySize="1">
          <containerEntry>/Assets/tpp/environ/object/middle_africa/rock/mafr_rock001/scenes/mafr_rock001_vrtn003.fmdl</containerEntry>
        </property>
        <property name="geomFile" type="FilePtr" container="StaticArray" arraySize="1">
          <containerEntry>/Assets/tpp/environ/object/middle_africa/rock/mafr_rock001/scenes/mafr_rock001_vrtn003.geom</containerEntry>
        </property>
        <property name="isVisibleGeom" type="Bool" container="StaticArray" arraySize="1">
          <containerEntry>false</containerEntry>
        </property>
        <property name="lodFarSize" type="Float" container="StaticArray" arraySize="1">
          <containerEntry>-1</containerEntry>
        </property>
        <property name="lodNearSize" type="Float" container="StaticArray" arraySize="1">
          <containerEntry>-1</containerEntry>
        </property>
        <property name="lodPolygonSize" type="Float" container="StaticArray" arraySize="1">
          <containerEntry>-1</containerEntry>
        </property>
        <property name="drawRejectionLevel" type="Int32" container="StaticArray" arraySize="1">
          <containerEntry>8</containerEntry>
        </property>
        <property name="drawMode" type="Int32" container="StaticArray" arraySize="1">
          <containerEntry>0</containerEntry>
        </property>
        <property name="rejectFarRangeShadowCast" type="Int32" container="StaticArray" arraySize="1">
          <containerEntry>2</containerEntry>
        </property>
        <property name="parentLocator" type="EntityLink" container="StaticArray" arraySize="1">
          <containerEntry packagePathHash="0xB8A0BF169F98" archivePathHash="0xB8A0BF169F98" nameInArchiveHash="0xB8A0BF169F98">0x0</containerEntry>
        </property>
        <property name="transforms" type="Matrix4" container="DynamicArray" arraySize="2">
          <containerEntry r11="-0.81000763" r12="0.020551536" r13="-0.58605945" r14="0" r21="-0.052487876" r22="0.9928336" r23="0.10736083" r24="0" r31="0.58406603" r32="0.11772408" r33="-0.8031241" r34="0" r41="601.6393" r42="1.089749" r43="-258.6624" r44="1"></containerEntry>
          <containerEntry r11="0.9628538" r12="0.04903261" r13="-0.26553395" r14="0" r21="-0.084992304" r22="0.9884244" r23="-0.12567182" r24="0" r31="0.2562982" r32="0.14357193" r33="0.95587564" r34="0" r41="592.0569" r42="-0.010011" r43="-316.6766" r44="1"></containerEntry>
        </property>
        <property name="colors" type="UInt32" container="DynamicArray" arraySize="2">
          <containerEntry>4294967295</containerEntry>
          <containerEntry>4294967295</containerEntry>
        </property>
      </staticProperties>
      <dynamicProperties></dynamicProperties>
    </entity>
    <entity class="StaticModelArray" classVersion="4" classID="0xD0" addr="0x317B990" id="0x0">
      <staticProperties>
        <property name="name" type="String" container="StaticArray" arraySize="1">
          <containerEntry>StaticModelArray0001</containerEntry>
        </property>
        <property name="dataSet" type="EntityHandle" container="StaticArray" arraySize="1">
          <containerEntry>0x33544C0</containerEntry>
        </property>
        <property name="modelFile" type="FilePtr" container="StaticArray" arraySize="1">
          <containerEntry>/Assets/tpp/environ/object/middle_africa/cliff/mafr_clff003/scenes/mafr_clff003_vrtn001.fmdl</containerEntry>
        </property>
        <property name="geomFile" type="FilePtr" container="StaticArray" arraySize="1">
          <containerEntry>/Assets/tpp/environ/object/middle_africa/cliff/mafr_clff003/scenes/mafr_clff003_vrtn001.geom</containerEntry>
        </property>
        <property name="isVisibleGeom" type="Bool" container="StaticArray" arraySize="1">
          <containerEntry>false</containerEntry>
        </property>
        <property name="lodFarSize" type="Float" container="StaticArray" arraySize="1">
          <containerEntry>-1</containerEntry>
        </property>
        <property name="lodNearSize" type="Float" container="StaticArray" arraySize="1">
          <containerEntry>-1</containerEntry>
        </property>
        <property name="lodPolygonSize" type="Float" container="StaticArray" arraySize="1">
          <containerEntry>-1</containerEntry>
        </property>
        <property name="drawRejectionLevel" type="Int32" container="StaticArray" arraySize="1">
          <containerEntry>8</containerEntry>
        </property>
        <property name="drawMode" type="Int32" container="StaticArray" arraySize="1">
          <containerEntry>0</containerEntry>
        </property>
        <property name="rejectFarRangeShadowCast" type="Int32" container="StaticArray" arraySize="1">
          <containerEntry>2</containerEntry>
        </property>
        <property name="parentLocator" type="EntityLink" container="StaticArray" arraySize="1">
          <containerEntry packagePathHash="0xB8A0BF169F98" archivePathHash="0xB8A0BF169F98" nameInArchiveHash="0xB8A0BF169F98">0x0</containerEntry>
        </property>
        <property name="transforms" type="Matrix4" container="DynamicArray" arraySize="9">
          <containerEntry r11="0.6867489" r12="-0.12307313" r13="-0.7163982" r14="0" r21="-0.48160884" r22="0.6611582" r23="-0.5752564" r24="0" r31="0.54445046" r32="0.74008113" r33="0.39477676" r34="0" r41="613.0102" r42="-0.436276" r43="-289.6022" r44="1"></containerEntry>
          <containerEntry r11="0.77874446" r12="0.14110206" r13="-0.61126566" r14="0" r21="-0.57202476" r22="0.5597705" r23="-0.5995344" r24="0" r31="0.2575717" r32="0.81654394" r33="0.5166327" r34="0" r41="550.89233" r42="-5.057884" r43="-339.1182" r44="1"></containerEntry>
          <containerEntry r11="0.9505894" r12="-0.08363507" r13="0.2989723" r14="0" r21="0.23497912" r22="0.8232042" r23="-0.51683456" r24="0" r31="-0.20288932" r32="0.56154996" r33="0.8021819" r34="0" r41="563.3586" r42="-4.748317" r43="-313.30783" r44="1"></containerEntry>
          <containerEntry r11="0.891668" r12="0.098995656" r13="-0.44173208" r14="0" r21="-0.3941517" r22="0.64970803" r23="-0.6500165" r24="0" r31="0.22264728" r32="0.7537088" r33="0.61834335" r34="0" r41="616.3732" r42="-1.463629" r43="-312.98825" r44="1"></containerEntry>
          <containerEntry r11="0.9841074" r12="-0.095410034" r13="0.14976442" r14="0" r21="0.17415734" r22="0.6832312" r23="-0.70912665" r24="0" r31="-0.03466524" r32="0.7239395" r33="0.68898934" r34="0" r41="559.18866" r42="-4.292795" r43="-339.1182" r44="1"></containerEntry>
          <containerEntry r11="0.15175632" r12="-0.19471517" r13="0.9690462" r14="0" r21="0.50368005" r22="0.8587955" r23="0.09368473" r24="0" r31="-0.8504533" r32="0.47387353" r33="0.22840194" r34="0" r41="610.56445" r42="-0.733526" r43="-274.10168" r44="1"></containerEntry>
          <containerEntry r11="0.73256296" r12="0.07143019" r13="0.14404611" r14="0" r21="-0.011168857" r22="0.69290847" r23="-0.28679836" r24="0" r31="-0.16039577" r32="0.27798676" r33="0.67786187" r34="0" r41="607.8406" r42="-0.056973" r43="-271.14294" r44="1"></containerEntry>
          <containerEntry r11="0.6623973" r12="-0.006373197" r13="0.7491236" r14="0" r21="0.5111512" r22="0.7348849" r23="-0.4457199" r24="0" r31="-0.547678" r32="0.67816013" r33="0.49004388" r34="0" r41="534.3305" r42="-8.201305" r43="-345.0548" r44="1"></containerEntry>
          <containerEntry r11="0.24352676" r12="-0.08671805" r13="0.96600604" r14="0" r21="0.7615061" r22="0.63392687" r23="-0.1350623" r24="0" r31="-0.60066307" r32="0.7685137" r33="0.22041613" r34="0" r41="524.3451" r42="-8.191833" r43="-364.93228" r44="1"></containerEntry>
        </property>
        <property name="colors" type="UInt32" container="DynamicArray" arraySize="9">
          <containerEntry>4294967295</containerEntry>
          <containerEntry>4294967295</containerEntry>
          <containerEntry>4294967295</containerEntry>
          <containerEntry>4294967295</containerEntry>
          <containerEntry>4294967295</containerEntry>
          <containerEntry>4294967295</containerEntry>
          <containerEntry>4294967295</containerEntry>
          <containerEntry>4294967295</containerEntry>
          <containerEntry>4294967295</containerEntry>
        </property>
      </staticProperties>
      <dynamicProperties></dynamicProperties>
    </entity>
    <entity class="StaticModelArray" classVersion="4" classID="0xD0" addr="0x317BA70" id="0x0">
      <staticProperties>
        <property name="name" type="String" container="StaticArray" arraySize="1">
          <containerEntry>StaticModelArray0002</containerEntry>
        </property>
        <property name="dataSet" type="EntityHandle" container="StaticArray" arraySize="1">
          <containerEntry>0x33544C0</containerEntry>
        </property>
        <property name="modelFile" type="FilePtr" container="StaticArray" arraySize="1">
          <containerEntry>/Assets/tpp/environ/object/middle_africa/rock/mafr_rock001/scenes/mafr_rock001_vrtn002.fmdl</containerEntry>
        </property>
        <property name="geomFile" type="FilePtr" container="StaticArray" arraySize="1">
          <containerEntry>/Assets/tpp/environ/object/middle_africa/rock/mafr_rock001/scenes/mafr_rock001_vrtn002.geom</containerEntry>
        </property>
        <property name="isVisibleGeom" type="Bool" container="StaticArray" arraySize="1">
          <containerEntry>false</containerEntry>
        </property>
        <property name="lodFarSize" type="Float" container="StaticArray" arraySize="1">
          <containerEntry>-1</containerEntry>
        </property>
        <property name="lodNearSize" type="Float" container="StaticArray" arraySize="1">
          <containerEntry>-1</containerEntry>
        </property>
        <property name="lodPolygonSize" type="Float" container="StaticArray" arraySize="1">
          <containerEntry>-1</containerEntry>
        </property>
        <property name="drawRejectionLevel" type="Int32" container="StaticArray" arraySize="1">
          <containerEntry>8</containerEntry>
        </property>
        <property name="drawMode" type="Int32" container="StaticArray" arraySize="1">
          <containerEntry>0</containerEntry>
        </property>
        <property name="rejectFarRangeShadowCast" type="Int32" container="StaticArray" arraySize="1">
          <containerEntry>2</containerEntry>
        </property>
        <property name="parentLocator" type="EntityLink" container="StaticArray" arraySize="1">
          <containerEntry packagePathHash="0xB8A0BF169F98" archivePathHash="0xB8A0BF169F98" nameInArchiveHash="0xB8A0BF169F98">0x0</containerEntry>
        </property>
        <property name="transforms" type="Matrix4" container="DynamicArray" arraySize="5">
          <containerEntry r11="-0.58167434" r12="-0.034042053" r13="0.8127067" r14="0" r21="-0.044466436" r22="0.9989607" r23="0.010017871" r24="0" r31="-0.81220305" r32="-0.030311055" r33="-0.5825835" r34="0" r41="604.42737" r42="-0.845469" r43="-284.3209" r44="1"></containerEntry>
          <containerEntry r11="0.65667856" r12="0.021672653" r13="0.7538589" r14="0" r21="-0.044468112" r22="0.99896055" r23="0.0100166155" r24="0" r31="-0.7528583" r32="-0.040100392" r33="0.65695965" r34="0" r41="604.42737" r42="-0.845469" r43="-273.76804" r44="1"></containerEntry>
          <containerEntry r11="-0.6651767" r12="-0.037087392" r13="0.74576306" r14="0" r21="-0.044467498" r22="0.9989606" r23="0.01001679" r24="0" r31="-0.7453594" r32="-0.026499268" r33="-0.66613454" r34="0" r41="608.43427" r42="-0.910405" r43="-290.21045" r44="1"></containerEntry>
          <containerEntry r11="-0.9464253" r12="-0.04533419" r13="0.3197192" r14="0" r21="-0.0444662" r22="0.9989607" r23="0.010018613" r24="0" r31="-0.3198411" r32="-0.00473483" r33="-0.9474575" r34="0" r41="614.5637" r42="-0.910405" r43="-293.6774" r44="1"></containerEntry>
          <containerEntry r11="0.14912789" r12="-0.0032776613" r13="0.98881125" r14="0" r21="-0.04446744" r22="0.9989606" r23="0.010017607" r24="0" r31="-0.98781633" r32="-0.045463864" r33="0.14882714" r34="0" r41="602.53394" r42="-0.845469" r43="-278.94955" r44="1"></containerEntry>
        </property>
        <property name="colors" type="UInt32" container="DynamicArray" arraySize="5">
          <containerEntry>4294967295</containerEntry>
          <containerEntry>4294967295</containerEntry>
          <containerEntry>4294967295</containerEntry>
          <containerEntry>4294967295</containerEntry>
          <containerEntry>4294967295</containerEntry>
        </property>
      </staticProperties>
      <dynamicProperties></dynamicProperties>
    </entity>
    <entity class="StaticModelArray" classVersion="4" classID="0xD0" addr="0x317BA00" id="0x0">
      <staticProperties>
        <property name="name" type="String" container="StaticArray" arraySize="1">
          <containerEntry>StaticModelArray0003</containerEntry>
        </property>
        <property name="dataSet" type="EntityHandle" container="StaticArray" arraySize="1">
          <containerEntry>0x33544C0</containerEntry>
        </property>
        <property name="modelFile" type="FilePtr" container="StaticArray" arraySize="1">
          <containerEntry>/Assets/tpp/environ/object/middle_africa/rock/mafr_rock001/scenes/mafr_rock001_vrtn001.fmdl</containerEntry>
        </property>
        <property name="geomFile" type="FilePtr" container="StaticArray" arraySize="1">
          <containerEntry>/Assets/tpp/environ/object/middle_africa/rock/mafr_rock001/scenes/mafr_rock001_vrtn001.geom</containerEntry>
        </property>
        <property name="isVisibleGeom" type="Bool" container="StaticArray" arraySize="1">
          <containerEntry>false</containerEntry>
        </property>
        <property name="lodFarSize" type="Float" container="StaticArray" arraySize="1">
          <containerEntry>-1</containerEntry>
        </property>
        <property name="lodNearSize" type="Float" container="StaticArray" arraySize="1">
          <containerEntry>-1</containerEntry>
        </property>
        <property name="lodPolygonSize" type="Float" container="StaticArray" arraySize="1">
          <containerEntry>-1</containerEntry>
        </property>
        <property name="drawRejectionLevel" type="Int32" container="StaticArray" arraySize="1">
          <containerEntry>8</containerEntry>
        </property>
        <property name="drawMode" type="Int32" container="StaticArray" arraySize="1">
          <containerEntry>0</containerEntry>
        </property>
        <property name="rejectFarRangeShadowCast" type="Int32" container="StaticArray" arraySize="1">
          <containerEntry>2</containerEntry>
        </property>
        <property name="parentLocator" type="EntityLink" container="StaticArray" arraySize="1">
          <containerEntry packagePathHash="0xB8A0BF169F98" archivePathHash="0xB8A0BF169F98" nameInArchiveHash="0xB8A0BF169F98">0x0</containerEntry>
        </property>
        <property name="transforms" type="Matrix4" container="DynamicArray" arraySize="6">
          <containerEntry r11="0.31769243" r12="0.23163295" r13="-0.91946596" r14="0" r21="-0.16131094" r22="0.96876997" r23="0.18831775" r24="0" r31="0.93437153" r32="0.08849281" r33="0.3451358" r34="0" r41="625.98083" r42="6.535838" r43="-274.24796" r44="1"></containerEntry>
          <containerEntry r11="0.7691518" r12="-0.13015066" r13="0.6256724" r14="0" r21="-0.16457869" r22="0.9056789" r23="0.3907165" r24="0" r31="-0.6175104" r32="-0.4034927" r33="0.6751846" r34="0" r41="629.1704" r42="4.069815" r43="-273.89642" r44="1"></containerEntry>
          <containerEntry r11="0.9673734" r12="0.11783387" r13="-0.2242854" r14="0" r21="-0.0652543" r22="0.97127604" r23="0.22883344" r24="0" r31="0.24480733" r32="-0.20673183" r33="0.94727576" r34="0" r41="623.62915" r42="3.758999" r43="-272.05902" r44="1"></containerEntry>
          <containerEntry r11="0.45810872" r12="0.011900193" r13="-0.8888141" r14="0" r21="-0.12579608" r22="0.99071467" r23="-0.051572487" r24="0" r31="0.8799474" r32="0.13543531" r33="0.45535204" r34="0" r41="626.13104" r42="4.39184" r43="-276.94394" r44="1"></containerEntry>
          <containerEntry r11="0.955888" r12="-0.060407236" r13="-0.2874493" r14="0" r21="-0.041047394" r22="0.9415493" r23="-0.33436483" r24="0" r31="0.29084575" r32="0.33141437" r33="0.89753604" r34="0" r41="603.37177" r42="2.556805" r43="-281.5515" r44="1"></containerEntry>
          <containerEntry r11="-0.41793558" r12="-0.2103185" r13="0.88379264" r14="0" r21="0.08387212" r22="0.9597457" r23="0.26805517" r24="0" r31="-0.9045932" r32="0.18615605" r33="-0.38347188" r34="0" r41="615.71344" r42="0.768008" r43="-313.49316" r44="1"></containerEntry>
        </property>
        <property name="colors" type="UInt32" container="DynamicArray" arraySize="6">
          <containerEntry>4294967295</containerEntry>
          <containerEntry>4294967295</containerEntry>
          <containerEntry>4294967295</containerEntry>
          <containerEntry>4294967295</containerEntry>
          <containerEntry>4294967295</containerEntry>
          <containerEntry>4294967295</containerEntry>
        </property>
      </staticProperties>
      <dynamicProperties></dynamicProperties>
    </entity>
    <entity class="TexturePackLoadConditioner" classVersion="0" classID="0x48" addr="0x317BED0" id="0x0">
      <staticProperties>
        <property name="name" type="String" container="StaticArray" arraySize="1">
          <containerEntry>TexturePackLoadConditioner0000</containerEntry>
        </property>
        <property name="dataSet" type="EntityHandle" container="StaticArray" arraySize="1">
          <containerEntry>0x33544C0</containerEntry>
        </property>
        <property name="texturePackPath" type="Path" container="StaticArray" arraySize="1">
          <containerEntry hash="0xB8A0BF169F98"></containerEntry>
        </property>
      </staticProperties>
      <dynamicProperties></dynamicProperties>
    </entity>
  </entities>
</fox>