<fox formatVersion="2" fileVersion="0">
  <entities>
    <entity class="DataSet" classVersion="0" classID="0xE8" addr="0x2F53570" id="0x40B4C">
      <staticProperties>
        <property name="name" type="String" container="StaticArray" arraySize="1">
          <containerEntry hash="0xB8A0BF169F98"></containerEntry>
        </property>
        <property name="dataSet" type="EntityHandle" container="StaticArray" arraySize="1">
          <containerEntry>0x0</containerEntry>
        </property>
        <property name="dataList" type="EntityPtr" container="StringMap" arraySize="13">
          <containerEntry key="bridge_shadow_GeoTrap0000">
            <data>0x2D77BE0</data>
          </containerEntry>
          <containerEntry key="bridge_shadow_GeoModuleCondition0000">
            <data>0x2D77DA0</data>
          </containerEntry>
          <containerEntry key="BoxShape0000">
            <data>0x2D78040</data>
          </containerEntry>
          <containerEntry key="StaticModelArray0000">
            <data>0x2D7B680</data>
          </containerEntry>
          <containerEntry key="StaticModelArray0001">
            <data>0x2D7B840</data>
          </containerEntry>
          <containerEntry key="StaticModelArray0002">
            <data>0x2D7BB50</data>
          </containerEntry>
          <containerEntry key="StaticModelArray0003">
            <data>0x2D7BBC0</data>
          </containerEntry>
          <containerEntry key="StaticModelArray0004">
            <data>0x2D7BA00</data>
          </containerEntry>
          <containerEntry key="StaticModelArray0005">
            <data>0x2D7BED0</data>
          </containerEntry>
          <containerEntry key="StaticModelArray0006">
            <data>0x2D7BA70</data>
          </containerEntry>
          <containerEntry key="StaticModelArray0007">
            <data>0x2F530A0</data>
          </containerEntry>
          <containerEntry key="StaticModelArray0008">
            <data>0x2D7B300</data>
          </containerEntry>
          <containerEntry key="TexturePackLoadConditioner0000">
            <data>0x2D7C790</data>
          </containerEntry>
        </property>
      </staticProperties>
      <dynamicProperties></dynamicProperties>
    </entity>
    <entity class="GeoTrap" classVersion="2" classID="0x120" addr="0x2D77BE0" id="0x40CF0">
      <staticProperties>
        <property name="name" type="String" container="StaticArray" arraySize="1">
          <containerEntry>bridge_shadow_GeoTrap0000</containerEntry>
        </property>
        <property name="dataSet" type="EntityHandle" container="StaticArray" arraySize="1">
          <containerEntry>0x2F53570</containerEntry>
        </property>
        <property name="parent" type="EntityHandle" container="StaticArray" arraySize="1">
          <containerEntry>0x0</containerEntry>
        </property>
        <property name="transform" type="EntityPtr" container="StaticArray" arraySize="1">
          <containerEntry>0x2D77C50</containerEntry>
        </property>
        <property name="shearTransform" type="EntityPtr" container="StaticArray" arraySize="1">
          <containerEntry>0x0</containerEntry>
        </property>
        <property name="pivotTransform" type="EntityPtr" container="StaticArray" arraySize="1">
          <containerEntry>0x0</containerEntry>
        </property>
        <property name="children" type="EntityHandle" container="List" arraySize="2">
          <containerEntry>0x2D77DA0</containerEntry>
          <containerEntry>0x2D78040</containerEntry>
        </property>
        <property name="flags" type="UInt32" container="StaticArray" arraySize="1">
          <containerEntry>7</containerEntry>
        </property>
        <property name="conditionArray" type="EntityLink" container="DynamicArray" arraySize="1">
          <containerEntry packagePathHash="0xB8A0BF169F98" archivePath="/Assets/tpp/level/location/afgh/block_small/151/151_124/afgh_151_124_asset.fox2" nameInArchive="bridge_shadow_GeoModuleCondition0000">0x2D77DA0</containerEntry>
        </property>
        <property name="enable" type="Bool" container="StaticArray" arraySize="1">
          <containerEntry>true</containerEntry>
        </property>
      </staticProperties>
      <dynamicProperties></dynamicProperties>
    </entity>
    <entity class="TransformEntity" classVersion="0" classID="0x50" addr="0x2D77C50" id="0x40CF6">
      <staticProperties>
        <property name="owner" type="EntityHandle" container="StaticArray" arraySize="1">
          <containerEntry>0x2D77BE0</containerEntry>
        </property>
        <property name="transform_scale" type="Vector3" container="StaticArray" arraySize="1">
          <containerEntry x="1" y="1" z="1" w="1.1e-44"></containerEntry>
        </property>
        <property name="transform_rotation_quat" type="Quat" container="StaticArray" arraySize="1">
          <containerEntry x="0" y="0" z="0" w="1"></containerEntry>
        </property>
        <property name="transform_translation" type="Vector3" container="StaticArray" arraySize="1">
          <containerEntry x="0" y="0" z="0" w="1"></containerEntry>
        </property>
      </staticProperties>
      <dynamicProperties></dynamicProperties>
    </entity>
    <entity class="GeoModuleCondition" classVersion="0" classID="0x160" addr="0x2D77DA0" id="0x40CFC">
      <staticProperties>
        <property name="name" type="String" container="StaticArray" arraySize="1">
          <containerEntry>bridge_shadow_GeoModuleCondition0000</containerEntry>
        </property>
        <property name="dataSet" type="EntityHandle" container="StaticArray" arraySize="1">
          <containerEntry>0x2F53570</containerEntry>
        </property>
        <property name="parent" type="EntityHandle" container="StaticArray" arraySize="1">
          <containerEntry>0x2D77BE0</containerEntry>
        </property>
        <property name="transform" type="EntityPtr" container="StaticArray" arraySize="1">
          <containerEntry>0x2D77E10</containerEntry>
        </property>
        <property name="shearTransform" type="EntityPtr" container="StaticArray" arraySize="1">
          <containerEntry>0x0</containerEntry>
        </property>
        <property name="pivotTransform" type="EntityPtr" container="StaticArray" arraySize="1">
          <containerEntry>0x0</containerEntry>
        </property>
        <property name="children" type="EntityHandle" container="List"></property>
        <property name="flags" type="UInt32" container="StaticArray" arraySize="1">
          <containerEntry>7</containerEntry>
        </property>
        <property name="trapCategory" type="String" container="StaticArray" arraySize="1">
          <containerEntry hash="0xB8A0BF169F98"></containerEntry>
        </property>
        <property name="trapPriority" type="UInt32" container="StaticArray" arraySize="1">
          <containerEntry>0</containerEntry>
        </property>
        <property name="enable" type="Bool" container="StaticArray" arraySize="1">
          <containerEntry>true</containerEntry>
        </property>
        <property name="isOnce" type="Bool" container="StaticArray" arraySize="1">
          <containerEntry>false</containerEntry>
        </property>
        <property name="isAndCheck" type="Bool" container="StaticArray" arraySize="1">
          <containerEntry>true</containerEntry>
        </property>
        <property name="checkFuncNames" type="String" container="DynamicArray" arraySize="2">
          <containerEntry>IsPlayer</containerEntry>
          <containerEntry hash="0xB8A0BF169F98"></containerEntry>
        </property>
        <property name="execFuncNames" type="String" container="DynamicArray" arraySize="1">
          <containerEntry>TppRequestWeatherTagTrapExec</containerEntry>
        </property>
        <property name="checkCallbackDataElements" type="EntityPtr" container="DynamicArray" arraySize="1">
          <containerEntry>0x2D77F60</containerEntry>
        </property>
        <property name="execCallbackDataElements" type="EntityPtr" container="DynamicArray" arraySize="1">
          <containerEntry>0x2D77FD0</containerEntry>
        </property>
      </staticProperties>
      <dynamicProperties></dynamicProperties>
    </entity>
    <entity class="TransformEntity" classVersion="0" classID="0x50" addr="0x2D77E10" id="0x40CFF">
      <staticProperties>
        <property name="owner" type="EntityHandle" container="StaticArray" arraySize="1">
          <containerEntry>0x2D77DA0</containerEntry>
        </property>
        <property name="transform_scale" type="Vector3" container="StaticArray" arraySize="1">
          <containerEntry x="1" y="1" z="1" w="0"></containerEntry>
        </property>
        <property name="transform_rotation_quat" type="Quat" container="StaticArray" arraySize="1">
          <containerEntry x="0" y="0" z="0" w="1"></containerEntry>
        </property>
        <property name="transform_translation" type="Vector3" container="StaticArray" arraySize="1">
          <containerEntry x="-0.1" y="-0.1" z="-0.1" w="0"></containerEntry>
        </property>
      </staticProperties>
      <dynamicProperties></dynamicProperties>
    </entity>
    <entity class="TppTrapCheckIsPlayerCallbackDataElement" classVersion="0" classID="0x20" addr="0x2D77F60" id="0x40D05">
      <staticProperties>
        <property name="owner" type="EntityHandle" container="StaticArray" arraySize="1">
          <containerEntry>0x2D77DA0</containerEntry>
        </property>
        <property name="funcName" type="String" container="StaticArray" arraySize="1">
          <containerEntry>IsPlayer</containerEntry>
        </property>
      </staticProperties>
      <dynamicProperties></dynamicProperties>
    </entity>
    <entity class="TppRequestWeatherTagTrapExecDataElement" classVersion="0" classID="0x2C" addr="0x2D77FD0" id="0x40D07">
      <staticProperties>
        <property name="owner" type="EntityHandle" container="StaticArray" arraySize="1">
          <containerEntry>0x2D77DA0</containerEntry>
        </property>
        <property name="funcName" type="String" container="StaticArray" arraySize="1">
          <containerEntry>TppRequestWeatherTagTrapExec</containerEntry>
        </property>
        <property name="tagName" type="String" container="StaticArray" arraySize="1">
          <containerEntry>bridge_shadow</containerEntry>
        </property>
        <property name="priority" type="UInt8" container="StaticArray" arraySize="1">
          <containerEntry>10</containerEntry>
        </property>
        <property name="interpTime" type="Float" container="StaticArray" arraySize="1">
          <containerEntry>2</containerEntry>
        </property>
      </staticProperties>
      <dynamicProperties></dynamicProperties>
    </entity>
    <entity class="BoxShape" classVersion="0" classID="0x100" addr="0x2D78040" id="0x40D09">
      <staticProperties>
        <property name="name" type="String" container="StaticArray" arraySize="1">
          <containerEntry>BoxShape0000</containerEntry>
        </property>
        <property name="dataSet" type="EntityHandle" container="StaticArray" arraySize="1">
          <containerEntry>0x2F53570</containerEntry>
        </property>
        <property name="parent" type="EntityHandle" container="StaticArray" arraySize="1">
          <containerEntry>0x2D77BE0</containerEntry>
        </property>
        <property name="transform" type="EntityPtr" container="StaticArray" arraySize="1">
          <containerEntry>0x2D780B0</containerEntry>
        </property>
        <property name="shearTransform" type="EntityPtr" container="StaticArray" arraySize="1">
          <containerEntry>0x0</containerEntry>
        </property>
        <property name="pivotTransform" type="EntityPtr" container="StaticArray" arraySize="1">
          <containerEntry>0x0</containerEntry>
        </property>
        <property name="children" type="EntityHandle" container="List"></property>
        <property name="flags" type="UInt32" container="StaticArray" arraySize="1">
          <containerEntry>7</containerEntry>
        </property>
      </staticProperties>
      <dynamicProperties></dynamicProperties>
    </entity>
    <entity class="TransformEntity" classVersion="0" classID="0x50" addr="0x2D780B0" id="0x40D0C">
      <staticProperties>
        <property name="owner" type="EntityHandle" container="StaticArray" arraySize="1">
          <containerEntry>0x2D78040</containerEntry>
        </property>
        <property name="transform_scale" type="Vector3" container="StaticArray" arraySize="1">
          <containerEntry x="580" y="240.91989" z="580" w="0"></containerEntry>
        </property>
        <property name="transform_rotation_quat" type="Quat" container="StaticArray" arraySize="1">
          <containerEntry x="0" y="0" z="0" w="1"></containerEntry>
        </property>
        <property name="transform_translation" type="Vector3" container="StaticArray" arraySize="1">
          <containerEntry x="2368" y="426.73944" z="-1087.9998" w="1"></containerEntry>
        </property>
      </staticProperties>
      <dynamicProperties></dynamicProperties>
    </entity>
    <entity class="StaticModelArray" classVersion="4" classID="0xD0" addr="0x2D7B680" id="0x0">
      <staticProperties>
        <property name="name" type="String" container="StaticArray" arraySize="1">
          <containerEntry>StaticModelArray0000</containerEntry>
        </property>
        <property name="dataSet" type="EntityHandle" container="StaticArray" arraySize="1">
          <containerEntry>0x2F53570</containerEntry>
        </property>
        <property name="modelFile" type="FilePtr" container="StaticArray" arraySize="1">
          <containerEntry>/Assets/tpp/environ/object/afghanistan/cliff/afgh_clff037/scenes/afgh_clff037_vrtn002_gen8.fmdl</containerEntry>
        </property>
        <property name="geomFile" type="FilePtr" container="StaticArray" arraySize="1">
          <containerEntry>/Assets/tpp/environ/object/afghanistan/cliff/afgh_clff037/scenes/afgh_clff037_vrtn002_gen8.geom</containerEntry>
        </property>
        <property name="isVisibleGeom" type="Bool" container="StaticArray" arraySize="1">
          <containerEntry>false</containerEntry>
        </property>
        <property name="lodFarSize" type="Float" container="StaticArray" arraySize="1">
          <containerEntry>-1</containerEntry>
        </property>
        <property name="lodNearSize" type="Float" container="StaticArray" arraySize="1">
          <containerEntry>-1</containerEntry>
        </property>
        <property name="lodPolygonSize" type="Float" container="StaticArray" arraySize="1">
          <containerEntry>-1</containerEntry>
        </property>
        <property name="drawRejectionLevel" type="Int32" container="StaticArray" arraySize="1">
          <containerEntry>8</containerEntry>
        </property>
        <property name="drawMode" type="Int32" container="StaticArray" arraySize="1">
          <containerEntry>0</containerEntry>
        </property>
        <property name="rejectFarRangeShadowCast" type="Int32" container="StaticArray" arraySize="1">
          <containerEntry>2</containerEntry>
        </property>
        <property name="parentLocator" type="EntityLink" container="StaticArray" arraySize="1">
          <containerEntry packagePathHash="0xB8A0BF169F98" archivePathHash="0xB8A0BF169F98" nameInArchiveHash="0xB8A0BF169F98">0x0</containerEntry>
        </property>
        <property name="transforms" type="Matrix4" container="DynamicArray" arraySize="2">
          <containerEntry r11="-0.10720267" r12="0.1106544" r13="-0.98805815" r14="0" r21="0.4561904" r22="0.8884759" r23="0.05000499" r24="0" r31="0.88339895" r32="-0.44538277" r33="-0.14572632" r34="0" r41="2304.7646" r42="399.7332" r43="-1050.8319" r44="1"></containerEntry>
          <containerEntry r11="-0.73492706" r12="0.25338194" r13="-0.6290303" r14="0" r21="0.40315858" r22="0.9091061" r23="-0.10483" r24="0" r31="0.54529315" r32="-0.33064142" r33="-0.7702797" r34="0" r41="2313.8047" r42="391.90787" r43="-1044.0115" r44="1"></containerEntry>
        </property>
        <property name="colors" type="UInt32" container="DynamicArray" arraySize="2">
          <containerEntry>4294967295</containerEntry>
          <containerEntry>4294967295</containerEntry>
        </property>
      </staticProperties>
      <dynamicProperties></dynamicProperties>
    </entity>
    <entity class="StaticModelArray" classVersion="4" classID="0xD0" addr="0x2D7B840" id="0x0">
      <staticProperties>
        <property name="name" type="String" container="StaticArray" arraySize="1">
          <containerEntry>StaticModelArray0001</containerEntry>
        </property>
        <property name="dataSet" type="EntityHandle" container="StaticArray" arraySize="1">
          <containerEntry>0x2F53570</containerEntry>
        </property>
        <property name="modelFile" type="FilePtr" container="StaticArray" arraySize="1">
          <containerEntry>/Assets/tpp/environ/object/afghanistan/cliff/afgh_clff038/scenes/afgh_clff038_vrtn003_gen8.fmdl</containerEntry>
        </property>
        <property name="geomFile" type="FilePtr" container="StaticArray" arraySize="1">
          <containerEntry>/Assets/tpp/environ/object/afghanistan/cliff/afgh_clff038/scenes/afgh_clff038_vrtn003_gen8.geom</containerEntry>
        </property>
        <property name="isVisibleGeom" type="Bool" container="StaticArray" arraySize="1">
          <containerEntry>false</containerEntry>
        </property>
        <property name="lodFarSize" type="Float" container="StaticArray" arraySize="1">
          <containerEntry>-1</containerEntry>
        </property>
        <property name="lodNearSize" type="Float" container="StaticArray" arraySize="1">
          <containerEntry>-1</containerEntry>
        </property>
        <property name="lodPolygonSize" type="Float" container="StaticArray" arraySize="1">
          <containerEntry>-1</containerEntry>
        </property>
        <property name="drawRejectionLevel" type="Int32" container="StaticArray" arraySize="1">
          <containerEntry>8</containerEntry>
        </property>
        <property name="drawMode" type="Int32" container="StaticArray" arraySize="1">
          <containerEntry>0</containerEntry>
        </property>
        <property name="rejectFarRangeShadowCast" type="Int32" container="StaticArray" arraySize="1">
          <containerEntry>2</containerEntry>
        </property>
        <property name="parentLocator" type="EntityLink" container="StaticArray" arraySize="1">
          <containerEntry packagePathHash="0xB8A0BF169F98" archivePathHash="0xB8A0BF169F98" nameInArchiveHash="0xB8A0BF169F98">0x0</containerEntry>
        </property>
        <property name="transforms" type="Matrix4" container="DynamicArray" arraySize="8">
          <containerEntry r11="0.7393451" r12="0" r13="-0.673333" r14="0" r21="0" r22="1" r23="0" r24="0" r31="0.6733323" r32="0" r33="0.7393443" r34="0" r41="2368.6694" r42="385.3943" r43="-1076.0746" r44="1"></containerEntry>
          <containerEntry r11="0.8269996" r12="0" r13="0.5622097" r14="0" r21="0" r22="1" r23="0" r24="0" r31="-0.5622091" r32="0" r33="0.8269987" r34="0" r41="2319.8904" r42="391.08447" r43="-1064.8533" r44="1"></containerEntry>
          <containerEntry r11="-0.88596535" r12="0" r13="0.46376255" r14="0" r21="0" r22="1" r23="0" r24="0" r31="-0.46376204" r32="0" r33="-0.8859644" r34="0" r41="2352.8398" r42="388.48373" r43="-1100.9092" r44="1"></containerEntry>
          <containerEntry r11="-0.9223563" r12="0" r13="-0.3863521" r14="0" r21="0" r22="1" r23="0" r24="0" r31="0.38635167" r32="0" r33="-0.9223553" r34="0" r41="2363.5752" r42="384.40198" r43="-1062.8247" r44="1"></containerEntry>
          <containerEntry r11="-0.91341805" r12="-0.24327233" r13="0.3263359" r14="0" r21="-0.24096254" r22="0.96933913" r23="0.048152782" r24="0" r31="-0.3280441" r32="-0.034651086" r33="-0.94403034" r34="0" r41="2318.4412" r42="388.49103" r43="-1080.5874" r44="1"></containerEntry>
          <containerEntry r11="0.09115179" r12="0" r13="0.99584115" r14="0" r21="0" r22="1" r23="0" r24="0" r31="-0.9958401" r32="0" r33="0.091151685" r34="0" r41="2373.3347" r42="382.83984" r43="-1035.1458" r44="1"></containerEntry>
          <containerEntry r11="-0.8915239" r12="0" r13="0.45298356" r14="0" r21="0" r22="1" r23="0" r24="0" r31="-0.45298305" r32="0" r33="-0.89152294" r34="0" r41="2328.5835" r42="389.63358" r43="-1118.6342" r44="1"></containerEntry>
          <containerEntry r11="-0.994344" r12="0" r13="-0.10623379" r14="0" r21="0" r22="1" r23="0" r24="0" r31="0.10623367" r32="0" r33="-0.9943429" r34="0" r41="2399.4053" r42="397.16782" r43="-1055.9854" r44="1"></containerEntry>
        </property>
        <property name="colors" type="UInt32" container="DynamicArray" arraySize="8">
          <containerEntry>4294967295</containerEntry>
          <containerEntry>4294967295</containerEntry>
          <containerEntry>4294967295</containerEntry>
          <containerEntry>4294967295</containerEntry>
          <containerEntry>4294967295</containerEntry>
          <containerEntry>4294967295</containerEntry>
          <containerEntry>4294967295</containerEntry>
          <containerEntry>4294967295</containerEntry>
        </property>
      </staticProperties>
      <dynamicProperties></dynamicProperties>
    </entity>
    <entity class="StaticModelArray" classVersion="4" classID="0xD0" addr="0x2D7BB50" id="0x0">
      <staticProperties>
        <property name="name" type="String" container="StaticArray" arraySize="1">
          <containerEntry>StaticModelArray0002</containerEntry>
        </property>
        <property name="dataSet" type="EntityHandle" container="StaticArray" arraySize="1">
          <containerEntry>0x2F53570</containerEntry>
        </property>
        <property name="modelFile" type="FilePtr" container="StaticArray" arraySize="1">
          <containerEntry>/Assets/tpp/environ/object/afghanistan/cliff/afgh_clff037/scenes/afgh_clff037_vrtn003_gen8.fmdl</containerEntry>
        </property>
        <property name="geomFile" type="FilePtr" container="StaticArray" arraySize="1">
          <containerEntry>/Assets/tpp/environ/object/afghanistan/cliff/afgh_clff037/scenes/afgh_clff037_vrtn003_gen8.geom</containerEntry>
        </property>
        <property name="isVisibleGeom" type="Bool" container="StaticArray" arraySize="1">
          <containerEntry>false</containerEntry>
        </property>
        <property name="lodFarSize" type="Float" container="StaticArray" arraySize="1">
          <containerEntry>-1</containerEntry>
        </property>
        <property name="lodNearSize" type="Float" container="StaticArray" arraySize="1">
          <containerEntry>-1</containerEntry>
        </property>
        <property name="lodPolygonSize" type="Float" container="StaticArray" arraySize="1">
          <containerEntry>-1</containerEntry>
        </property>
        <property name="drawRejectionLevel" type="Int32" container="StaticArray" arraySize="1">
          <containerEntry>8</containerEntry>
        </property>
        <property name="drawMode" type="Int32" container="StaticArray" arraySize="1">
          <containerEntry>0</containerEntry>
        </property>
        <property name="rejectFarRangeShadowCast" type="Int32" container="StaticArray" arraySize="1">
          <containerEntry>2</containerEntry>
        </property>
        <property name="parentLocator" type="EntityLink" container="StaticArray" arraySize="1">
          <containerEntry packagePathHash="0xB8A0BF169F98" archivePathHash="0xB8A0BF169F98" nameInArchiveHash="0xB8A0BF169F98">0x0</containerEntry>
        </property>
        <property name="transforms" type="Matrix4" container="DynamicArray" arraySize="3">
          <containerEntry r11="-0.2451026" r12="-0.29763198" r13="0.9226778" r14="0" r21="0.26850384" r22="0.89364356" r23="0.35959238" r24="0" r31="-0.93157125" r32="0.33588" r33="-0.13911892" r34="0" r41="2431.7788" r42="439.82907" r43="-1018.28564" r44="1"></containerEntry>
          <containerEntry r11="0.956602" r12="0.10295102" r13="0.27260572" r14="0" r21="0.033496514" r22="0.89045876" r23="-0.4538297" r24="0" r31="-0.28946638" r32="0.44326574" r33="0.8483661" r34="0" r41="2377.0916" r42="429.52582" r43="-1126.1036" r44="1"></containerEntry>
          <containerEntry r11="0.97752833" r12="0.107765034" r13="0.18117672" r14="0" r21="-0.0035176314" r22="0.8676753" r23="-0.4971185" r24="0" r31="-0.2107746" r32="0.4853101" r33="0.8485563" r34="0" r41="2411.5" r42="440.08542" r43="-1125.0035" r44="1"></containerEntry>
        </property>
        <property name="colors" type="UInt32" container="DynamicArray" arraySize="3">
          <containerEntry>4294967295</containerEntry>
          <containerEntry>4294967295</containerEntry>
          <containerEntry>4294967295</containerEntry>
        </property>
      </staticProperties>
      <dynamicProperties></dynamicProperties>
    </entity>
    <entity class="StaticModelArray" classVersion="4" classID="0xD0" addr="0x2D7BBC0" id="0x0">
      <staticProperties>
        <property name="name" type="String" container="StaticArray" arraySize="1">
          <containerEntry>StaticModelArray0003</containerEntry>
        </property>
        <property name="dataSet" type="EntityHandle" container="StaticArray" arraySize="1">
          <containerEntry>0x2F53570</containerEntry>
        </property>
        <property name="modelFile" type="FilePtr" container="StaticArray" arraySize="1">
          <containerEntry>/Assets/tpp/environ/object/afghanistan/cliff/afgh_clff037/scenes/afgh_clff037_vrtn006_gen8.fmdl</containerEntry>
        </property>
        <property name="geomFile" type="FilePtr" container="StaticArray" arraySize="1">
          <containerEntry>/Assets/tpp/environ/object/afghanistan/cliff/afgh_clff037/scenes/afgh_clff037_vrtn006_gen8.geom</containerEntry>
        </property>
        <property name="isVisibleGeom" type="Bool" container="StaticArray" arraySize="1">
          <containerEntry>false</containerEntry>
        </property>
        <property name="lodFarSize" type="Float" container="StaticArray" arraySize="1">
          <containerEntry>-1</containerEntry>
        </property>
        <property name="lodNearSize" type="Float" container="StaticArray" arraySize="1">
          <containerEntry>-1</containerEntry>
        </property>
        <property name="lodPolygonSize" type="Float" container="StaticArray" arraySize="1">
          <containerEntry>-1</containerEntry>
        </property>
        <property name="drawRejectionLevel" type="Int32" container="StaticArray" arraySize="1">
          <containerEntry>8</containerEntry>
        </property>
        <property name="drawMode" type="Int32" container="StaticArray" arraySize="1">
          <containerEntry>0</containerEntry>
        </property>
        <property name="rejectFarRangeShadowCast" type="Int32" container="StaticArray" arraySize="1">
          <containerEntry>2</containerEntry>
        </property>
        <property name="parentLocator" type="EntityLink" container="StaticArray" arraySize="1">
          <containerEntry packagePathHash="0xB8A0BF169F98" archivePathHash="0xB8A0BF169F98" nameInArchiveHash="0xB8A0BF169F98">0x0</containerEntry>
        </property>
        <property name="transforms" type="Matrix4" container="DynamicArray" arraySize="5">
          <containerEntry r11="0.25816816" r12="-0.29528686" r13="-0.57632756" r14="0" r21="-0.12869781" r22="0.8580046" r23="-0.49725747" r24="0" r31="0.91994196" r32="0.29054296" r33="0.26322916" r34="0" r41="2379.1743" r42="458.41885" r43="-1147.0327" r44="1"></containerEntry>
          <containerEntry r11="-0.17090268" r12="0.35537463" r13="0.574889" r14="0" r21="-0.031273153" r22="0.84600043" r23="-0.5322625" r24="0" r31="-0.96897703" r32="-0.15627299" r33="-0.1914549" r34="0" r41="2396.6438" r42="470.61887" r43="-1153.2529" r44="1"></containerEntry>
          <containerEntry r11="-0.029922768" r12="-0.7637457" r13="-0.6448149" r14="0" r21="-0.42021754" r22="0.5949401" r23="-0.6851709" r24="0" r31="0.9069236" r32="0.25046036" r33="-0.3387419" r34="0" r41="2425.894" r42="453.56546" r43="-1140.017" r44="1"></containerEntry>
          <containerEntry r11="-0.5192633" r12="0.46452525" r13="-0.024078568" r14="0" r21="0.6659632" r22="0.73925745" r23="-0.099956125" r24="0" r31="-0.04107068" r32="-0.0974543" r33="-0.9943893" r34="0" r41="2435.453" r42="429.42603" r43="-1044.9691" r44="1"></containerEntry>
          <containerEntry r11="0.4661243" r12="-0.4689864" r13="-0.22086163" r14="0" r21="0.7084406" r22="0.70576036" r23="-0.0034891183" r24="0" r31="0.22594109" r32="-0.22211005" r33="0.9484818" r34="0" r41="2449.9778" r42="445.71664" r43="-1095.2827" r44="1"></containerEntry>
        </property>
        <property name="colors" type="UInt32" container="DynamicArray" arraySize="5">
          <containerEntry>4294967295</containerEntry>
          <containerEntry>4294967295</containerEntry>
          <containerEntry>4294967295</containerEntry>
          <containerEntry>4294967295</containerEntry>
          <containerEntry>4294967295</containerEntry>
        </property>
      </staticProperties>
      <dynamicProperties></dynamicProperties>
    </entity>
    <entity class="StaticModelArray" classVersion="4" classID="0xD0" addr="0x2D7BA00" id="0x0">
      <staticProperties>
        <property name="name" type="String" container="StaticArray" arraySize="1">
          <containerEntry>StaticModelArray0004</containerEntry>
        </property>
        <property name="dataSet" type="EntityHandle" container="StaticArray" arraySize="1">
          <containerEntry>0x2F53570</containerEntry>
        </property>
        <property name="modelFile" type="FilePtr" container="StaticArray" arraySize="1">
          <containerEntry>/Assets/tpp/environ/object/afghanistan/cliff/afgh_clff035/scenes/afgh_clff035_vrtn001_gen8.fmdl</containerEntry>
        </property>
        <property name="geomFile" type="FilePtr" container="StaticArray" arraySize="1">
          <containerEntry>/Assets/tpp/environ/object/afghanistan/cliff/afgh_clff035/scenes/afgh_clff035_vrtn001_gen8.geom</containerEntry>
        </property>
        <property name="isVisibleGeom" type="Bool" container="StaticArray" arraySize="1">
          <containerEntry>false</containerEntry>
        </property>
        <property name="lodFarSize" type="Float" container="StaticArray" arraySize="1">
          <containerEntry>-1</containerEntry>
        </property>
        <property name="lodNearSize" type="Float" container="StaticArray" arraySize="1">
          <containerEntry>-1</containerEntry>
        </property>
        <property name="lodPolygonSize" type="Float" container="StaticArray" arraySize="1">
          <containerEntry>-1</containerEntry>
        </property>
        <property name="drawRejectionLevel" type="Int32" container="StaticArray" arraySize="1">
          <containerEntry>8</containerEntry>
        </property>
        <property name="drawMode" type="Int32" container="StaticArray" arraySize="1">
          <containerEntry>0</containerEntry>
        </property>
        <property name="rejectFarRangeShadowCast" type="Int32" container="StaticArray" arraySize="1">
          <containerEntry>2</containerEntry>
        </property>
        <property name="parentLocator" type="EntityLink" container="StaticArray" arraySize="1">
          <containerEntry packagePathHash="0xB8A0BF169F98" archivePathHash="0xB8A0BF169F98" nameInArchiveHash="0xB8A0BF169F98">0x0</containerEntry>
        </property>
        <property name="transforms" type="Matrix4" container="DynamicArray" arraySize="8">
          <containerEntry r11="-0.8016049" r12="0.14687398" r13="-0.5795321" r14="0" r21="-0.103800885" r22="0.9204403" r23="0.376849" r24="0" r31="0.588774" r32="0.36223915" r33="-0.72258395" r34="0" r41="2310.282" r42="396.46426" r43="-1080.2241" r44="1"></containerEntry>
          <containerEntry r11="0.23985219" r12="-0.082577474" r13="-0.9672892" r14="0" r21="-0.29688996" r22="0.94240046" r23="-0.15407069" r24="0" r31="0.9242966" r32="0.32413262" r33="0.2015204" r34="0" r41="2325.3389" r42="396.3997" r43="-1038.5286" r44="1"></containerEntry>
          <containerEntry r11="0.15670319" r12="-0.28525627" r13="0.9455543" r14="0" r21="-0.01882185" r22="0.9563456" r23="0.2916311" r24="0" r31="-0.9874664" r32="-0.06349661" r33="0.14449334" r34="0" r41="2400.3438" r42="407.94772" r43="-1084.1387" r44="1"></containerEntry>
          <containerEntry r11="0.26192555" r12="0.052538913" r13="-0.9636551" r14="0" r21="-0.32886705" r22="0.94361377" r23="-0.037941337" r24="0" r31="0.9073249" r32="0.3268521" r33="0.26443487" r34="0" r41="2312.9192" r42="400.00967" r43="-1015.32855" r44="1"></containerEntry>
          <containerEntry r11="0.89025605" r12="0.2171815" r13="0.40034553" r14="0" r21="-0.026959412" r22="0.90257657" r23="-0.42968458" r24="0" r31="-0.454662" r32="0.37173623" r33="0.80937934" r34="0" r41="2356.381" r42="393.93622" r43="-1101.4037" r44="1"></containerEntry>
          <containerEntry r11="0.64156944" r12="0.016429367" r13="0.76688904" r14="0" r21="-0.02656349" r22="0.9996468" r23="0.00080684386" r24="0" r31="-0.76660496" r32="-0.020888895" r33="0.6417792" r34="0" r41="2392.2751" r42="399.91852" r43="-1069.01" r44="1"></containerEntry>
          <containerEntry r11="-0.33321068" r12="-0.24171512" r13="0.9113401" r14="0" r21="0.1183169" r22="0.94821924" r23="0.29475635" r24="0" r31="-0.9353973" r32="0.2060432" r33="-0.28735775" r34="0" r41="2391.5156" r42="396.1709" r43="-1043.1394" r44="1"></containerEntry>
          <containerEntry r11="-0.21561818" r12="0.121654" r13="0.96886975" r14="0" r21="0.1610589" r22="0.9830502" r23="-0.08759145" r24="0" r31="-0.9631035" r32="0.13715881" r33="-0.23155695" r34="0" r41="2387.2354" r42="397.52176" r43="-1027.4058" r44="1"></containerEntry>
        </property>
        <property name="colors" type="UInt32" container="DynamicArray" arraySize="8">
          <containerEntry>4294967295</containerEntry>
          <containerEntry>4294967295</containerEntry>
          <containerEntry>4294967295</containerEntry>
          <containerEntry>4294967295</containerEntry>
          <containerEntry>4294967295</containerEntry>
          <containerEntry>4294967295</containerEntry>
          <containerEntry>4294967295</containerEntry>
          <containerEntry>4294967295</containerEntry>
        </property>
      </staticProperties>
      <dynamicProperties></dynamicProperties>
    </entity>
    <entity class="StaticModelArray" classVersion="4" classID="0xD0" addr="0x2D7BED0" id="0x0">
      <staticProperties>
        <property name="name" type="String" container="StaticArray" arraySize="1">
          <containerEntry>StaticModelArray0005</containerEntry>
        </property>
        <property name="dataSet" type="EntityHandle" container="StaticArray" arraySize="1">
          <containerEntry>0x2F53570</containerEntry>
        </property>
        <property name="modelFile" type="FilePtr" container="StaticArray" arraySize="1">
          <containerEntry>/Assets/tpp/environ/object/afghanistan/rock/afgh_rock001/scenes/afgh_rock001.fmdl</containerEntry>
        </property>
        <property name="geomFile" type="FilePtr" container="StaticArray" arraySize="1">
          <containerEntry>/Assets/tpp/environ/object/afghanistan/rock/afgh_rock001/scenes/afgh_rock001.geom</containerEntry>
        </property>
        <property name="isVisibleGeom" type="Bool" container="StaticArray" arraySize="1">
          <containerEntry>false</containerEntry>
        </property>
        <property name="lodFarSize" type="Float" container="StaticArray" arraySize="1">
          <containerEntry>-1</containerEntry>
        </property>
        <property name="lodNearSize" type="Float" container="StaticArray" arraySize="1">
          <containerEntry>-1</containerEntry>
        </property>
        <property name="lodPolygonSize" type="Float" container="StaticArray" arraySize="1">
          <containerEntry>-1</containerEntry>
        </property>
        <property name="drawRejectionLevel" type="Int32" container="StaticArray" arraySize="1">
          <containerEntry>8</containerEntry>
        </property>
        <property name="drawMode" type="Int32" container="StaticArray" arraySize="1">
          <containerEntry>0</containerEntry>
        </property>
        <property name="rejectFarRangeShadowCast" type="Int32" container="StaticArray" arraySize="1">
          <containerEntry>2</containerEntry>
        </property>
        <property name="parentLocator" type="EntityLink" container="StaticArray" arraySize="1">
          <containerEntry packagePathHash="0xB8A0BF169F98" archivePathHash="0xB8A0BF169F98" nameInArchiveHash="0xB8A0BF169F98">0x0</containerEntry>
        </property>
        <property name="transforms" type="Matrix4" container="DynamicArray" arraySize="12">
          <containerEntry r11="-0.88354236" r12="-0.28529176" r13="-0.37142596" r14="0" r21="-0.27584717" r22="0.95790154" r23="-0.07958006" r24="0" r31="0.37849304" r32="0.032144397" r33="-0.92504346" r34="0" r41="2373.7178" r42="385.0046" r43="-1058.4641" r44="1"></containerEntry>
          <containerEntry r11="0.39848137" r12="-0.7681751" r13="0.5011174" r14="0" r21="-0.16594383" r22="-0.59773576" r23="-0.7843292" r24="0" r31="0.902039" r32="0.22938278" r33="-0.36565983" r34="0" r41="2377.3643" r42="387.96" r43="-1073.9623" r44="1"></containerEntry>
          <containerEntry r11="0.6492867" r12="-0.5443875" r13="-0.5311012" r14="0" r21="-0.12349588" r22="0.613585" r23="-0.7799113" r24="0" r31="0.7504499" r32="0.57197475" r33="0.33116308" r34="0" r41="2375.3496" r42="384.90036" r43="-1050.0996" r44="1"></containerEntry>
          <containerEntry r11="0.9471409" r12="-0.22811311" r13="0.22558513" r14="0" r21="0.31781286" r22="0.5711231" r23="-0.7568445" r24="0" r31="0.043809198" r32="0.78853226" r33="0.6134313" r34="0" r41="2364.7734" r42="388.22385" r43="-1083.2124" r44="1"></containerEntry>
          <containerEntry r11="0.4777258" r12="0.12799634" r13="0.86913466" r14="0" r21="0.5819534" r22="0.6950211" r23="-0.4222296" r24="0" r31="-0.6581108" r32="0.70750576" r33="0.25754166" r34="0" r41="2352.7124" r42="388.33252" r43="-1093.2026" r44="1"></containerEntry>
          <containerEntry r11="-0.38710585" r12="0.24184515" r13="0.88975275" r14="0" r21="0.45968425" r22="0.88713133" r23="-0.04113666" r24="0" r31="-0.7992746" r32="0.39308056" r33="-0.45458522" r34="0" r41="2318.715" r42="391.60715" r43="-1073.9127" r44="1"></containerEntry>
          <containerEntry r11="-0.96227" r12="0.023245715" r13="0.27110785" r14="0" r21="0.047863208" r22="0.9952722" r23="0.08454737" r24="0" r31="-0.26785994" r32="0.09433305" r33="-0.9588304" r34="0" r41="2316.7415" r42="393.58923" r43="-1071.1885" r44="1"></containerEntry>
          <containerEntry r11="-0.7921423" r12="-0.3546361" r13="-0.49673674" r14="0" r21="-0.32728198" r22="0.93377984" r23="-0.14474012" r24="0" r31="0.51517075" r32="0.047917943" r33="-0.855749" r34="0" r41="2334.3943" r42="389.50037" r43="-1035.0095" r44="1"></containerEntry>
          <containerEntry r11="-0.011490029" r12="-0.59245753" r13="-0.8055223" r14="0" r21="-0.36857542" r22="0.75136554" r23="-0.5473683" r24="0" r31="0.9295296" r32="0.29060507" r33="-0.22699742" r34="0" r41="2317.9038" r42="388.47278" r43="-1092.7275" r44="1"></containerEntry>
          <containerEntry r11="-0.88354236" r12="-0.28529176" r13="-0.37142596" r14="0" r21="-0.27584717" r22="0.95790154" r23="-0.07958006" r24="0" r31="0.37849304" r32="0.032144397" r33="-0.92504346" r34="0" r41="2375.4119" r42="385.8137" r43="-1031.7974" r44="1"></containerEntry>
