<fox formatVersion="2" fileVersion="0">
  <entities>
    <entity class="DataSet" classVersion="0" classID="0xE8" addr="0x2F51C10" id="0x4F069">
      <staticProperties>
        <property name="name" type="String" container="StaticArray" arraySize="1">
          <containerEntry hash="0xB8A0BF169F98"></containerEntry>
        </property>
        <property name="dataSet" type="EntityHandle" container="StaticArray" arraySize="1">
          <containerEntry>0x0</containerEntry>
        </property>
        <property name="dataList" type="EntityPtr" container="StringMap" arraySize="6">
          <containerEntry key="StaticModelArray0000">
            <data>0x2D7C410</data>
          </containerEntry>
          <containerEntry key="StaticModelArray0001">
            <data>0x2D7C480</data>
          </containerEntry>
          <containerEntry key="StaticModelArray0002">
            <data>0x2D7BF40</data>
          </containerEntry>
          <containerEntry key="StaticModelArray0003">
            <data>0x2F520E0</data>
          </containerEntry>
          <containerEntry key="StaticModelArray0004">
            <data>0x2D7C020</data>
          </containerEntry>
          <containerEntry key="TexturePackLoadConditioner0000">
            <data>0x2D7C950</data>
          </containerEntry>
        </property>
      </staticProperties>
      <dynamicProperties></dynamicProperties>
    </entity>
    <entity class="StaticModelArray" classVersion="4" classID="0xD0" addr="0x2D7C410" id="0x0">
      <staticProperties>
        <property name="name" type="String" container="StaticArray" arraySize="1">
          <containerEntry>StaticModelArray0000</containerEntry>
        </property>
        <property name="dataSet" type="EntityHandle" container="StaticArray" arraySize="1">
          <containerEntry>0x2F51C10</containerEntry>
        </property>
        <property name="modelFile" type="FilePtr" container="StaticArray" arraySize="1">
          <containerEntry>/Assets/tpp/environ/object/middle_africa/rock/mafr_rock001/scenes/mafr_rock001_vrtn003.fmdl</containerEntry>
        </property>
        <property name="geomFile" type="FilePtr" container="StaticArray" arraySize="1">
          <containerEntry>/Assets/tpp/environ/object/middle_africa/rock/mafr_rock001/scenes/mafr_rock001_vrtn003.geom</containerEntry>
        </property>
        <property name="isVisibleGeom" type="Bool" container="StaticArray" arraySize="1">
          <containerEntry>false</containerEntry>
        </property>
        <property name="lodFarSize" type="Float" container="StaticArray" arraySize="1">
          <containerEntry>-1</containerEntry>
        </property>
        <property name="lodNearSize" type="Float" container="StaticArray" arraySize="1">
          <containerEntry>-1</containerEntry>
        </property>
        <property name="lodPolygonSize" type="Float" container="StaticArray" arraySize="1">
          <containerEntry>-1</containerEntry>
        </property>
        <property name="drawRejectionLevel" type="Int32" container="StaticArray" arraySize="1">
          <containerEntry>8</containerEntry>
        </property>
        <property name="drawMode" type="Int32" container="StaticArray" arraySize="1">
          <containerEntry>0</containerEntry>
        </property>
        <property name="rejectFarRangeShadowCast" type="Int32" container="StaticArray" arraySize="1">
          <containerEntry>2</containerEntry>
        </property>
        <property name="parentLocator" type="EntityLink" container="StaticArray" arraySize="1">
          <containerEntry packagePathHash="0xB8A0BF169F98" archivePathHash="0xB8A0BF169F98" nameInArchiveHash="0xB8A0BF169F98">0x0</containerEntry>
        </property>
        <property name="transforms" type="Matrix4" container="DynamicArray" arraySize="2">
          <containerEntry r11="-0.39450774" r12="-0.068650976" r13="0.91632426" r14="0" r21="0.14275537" r22="0.98051876" r23="0.13492134" r24="0" r31="-0.9077356" r32="0.1840378" r33="-0.37702197" r34="0" r41="2314.4167" r42="-2.886431" r43="1761.1692" r44="1"></containerEntry>
          <containerEntry r11="0.029590916" r12="-0.04912204" r13="-0.9983536" r14="0" r21="0.07926279" r22="0.9957618" r23="-0.046645217" r24="0" r31="0.9964137" r32="-0.07775211" r33="0.03335905" r34="0" r41="2350.7773" r42="-3.955093" r43="1699.3964" r44="1"></containerEntry>
        </property>
        <property name="colors" type="UInt32" container="DynamicArray" arraySize="2">
          <containerEntry>4294967295</containerEntry>
          <containerEntry>4294967295</containerEntry>
        </property>
      </staticProperties>
      <dynamicProperties></dynamicProperties>
    </entity>
    <entity class="StaticModelArray" classVersion="4" classID="0xD0" addr="0x2D7C480" id="0x0">
      <staticProperties>
        <property name="name" type="String" container="StaticArray" arraySize="1">
          <containerEntry>StaticModelArray0001</containerEntry>
        </property>
        <property name="dataSet" type="EntityHandle" container="StaticArray" arraySize="1">
          <containerEntry>0x2F51C10</containerEntry>
        </property>
        <property name="modelFile" type="FilePtr" container="StaticArray" arraySize="1">
          <containerEntry>/Assets/tpp/environ/object/middle_africa/cliff/mafr_clff003/scenes/mafr_clff003_vrtn001.fmdl</containerEntry>
        </property>
        <property name="geomFile" type="FilePtr" container="StaticArray" arraySize="1">
          <containerEntry>/Assets/tpp/environ/object/middle_africa/cliff/mafr_clff003/scenes/mafr_clff003_vrtn001.geom</containerEntry>
        </property>
        <property name="isVisibleGeom" type="Bool" container="StaticArray" arraySize="1">
          <containerEntry>false</containerEntry>
        </property>
        <property name="lodFarSize" type="Float" container="StaticArray" arraySize="1">
          <containerEntry>-1</containerEntry>
        </property>
        <property name="lodNearSize" type="Float" container="StaticArray" arraySize="1">
          <containerEntry>-1</containerEntry>
        </property>
        <property name="lodPolygonSize" type="Float" container="StaticArray" arraySize="1">
          <containerEntry>-1</containerEntry>
        </property>
        <property name="drawRejectionLevel" type="Int32" container="StaticArray" arraySize="1">
          <containerEntry>8</containerEntry>
        </property>
        <property name="drawMode" type="Int32" container="StaticArray" arraySize="1">
          <containerEntry>0</containerEntry>
        </property>
        <property name="rejectFarRangeShadowCast" type="Int32" container="StaticArray" arraySize="1">
          <containerEntry>2</containerEntry>
        </property>
        <property name="parentLocator" type="EntityLink" container="StaticArray" arraySize="1">
          <containerEntry packagePathHash="0xB8A0BF169F98" archivePathHash="0xB8A0BF169F98" nameInArchiveHash="0xB8A0BF169F98">0x0</containerEntry>
        </property>
        <property name="transforms" type="Matrix4" container="DynamicArray" arraySize="18">
          <containerEntry r11="-0.23724674" r12="0.06774247" r13="0.9690785" r14="0" r21="0.7316671" r22="0.668681" r23="0.1323849" r24="0" r31="-0.6390347" r32="0.7404549" r33="-0.20820558" r34="0" r41="2317.1436" r42="-8.523338" r43="1672.1737" r44="1"></containerEntry>
          <containerEntry r11="-0.42827806" r12="-0.063173845" r13="0.61243707" r14="0" r21="0.5664506" r22="0.25190508" r23="0.42210683" r24="0" r31="-0.24125455" r32="0.7035976" r33="-0.09613037" r34="0" r41="2348.457" r42="-7.758899" r43="1760.9984" r44="1"></containerEntry>
          <containerEntry r11="0.043082476" r12="-0.06093666" r13="0.99720705" r14="0" r21="0.71979356" r22="0.6940939" r23="0.011319935" r24="0" r31="-0.6928437" r32="0.7172988" r33="0.07376665" r34="0" r41="2360.163" r42="-7.319799" r43="1715.5205" r44="1"></containerEntry>
          <containerEntry r11="-0.65470386" r12="0.027864715" r13="0.364797" r14="0" r21="0.20516068" r22="0.647141" r23="0.31877422" r24="0" r31="-0.30292308" r32="0.37806278" r33="-0.57253575" r34="0" r41="2385.6116" r42="-6.896472" r43="1718.4545" r44="1"></containerEntry>
          <containerEntry r11="-0.845353" r12="-0.17349125" r13="0.505237" r14="0" r21="0.21246375" r22="0.75857323" r23="0.615974" r24="0" r31="-0.4901253" r32="0.62806493" r33="-0.6043996" r34="0" r41="2336.2666" r42="-5.040988" r43="1701.01" r44="1"></containerEntry>
          <containerEntry r11="-0.4415341" r12="-0.10366766" r13="-0.59732246" r14="0" r21="-0.13438678" r22="0.7373065" r23="-0.028624138" r24="0" r31="0.5911695" r32="0.09017851" r33="-0.45263666" r34="0" r41="2344.1174" r42="-6.209147" r43="1690.853" r44="1"></containerEntry>
          <containerEntry r11="-0.9993732" r12="-0.034187518" r13="0.008246882" r14="0" r21="-0.017394355" r22="0.68432504" r23="0.7289677" r24="0" r31="-0.030565238" r32="0.72837335" r33="-0.68448824" r34="0" r41="2389.35" r42="-7.481224" r43="1693.9576" r44="1"></containerEntry>
          <containerEntry r11="-0.2103683" r12="-0.2140679" r13="0.6873253" r14="0" r21="0.58380765" r22="0.36823744" r23="0.29337382" r24="0" r31="-0.4212004" r32="0.6173123" r33="0.06334716" r34="0" r41="2322.2097" r42="-4.010439" r43="1736.6438" r44="1"></containerEntry>
          <containerEntry r11="-0.10394697" r12="-0.18221262" r13="0.72006214" r14="0" r21="0.4125697" r22="0.59043807" r23="0.20896974" r24="0" r31="-0.6176384" r32="0.4250655" r33="0.018402457" r34="0" r41="2335.927" r42="-5.581279" r43="1747.737" r44="1"></containerEntry>
          <containerEntry r11="0.7388076" r12="-0.09117867" r13="-0.09137623" r14="0" r21="0.0058733085" r22="0.5540986" r23="-0.5054095" r24="0" r31="0.12895219" r32="0.4971516" r33="0.5465438" r34="0" r41="2402.1895" r42="-11.74585" r43="1751.969" r44="1"></containerEntry>
          <containerEntry r11="0.9490577" r12="-0.13704461" r13="0.28373867" r14="0" r21="0.30139408" r22="0.65751135" r23="-0.69053334" r24="0" r31="-0.09192638" r32="0.7408734" r33="0.66532105" r34="0" r41="2402.1895" r42="-11.250951" r43="1769.3135" r44="1"></containerEntry>
          <containerEntry r11="-0.97423327" r12="-0.2251517" r13="0.0127156675" r14="0" r21="-0.11474992" r22="0.54349107" r23="0.83153266" r24="0" r31="-0.1941325" r32="0.80865365" r33="-0.55531996" r34="0" r41="2326.2122" r42="-10.734789" r43="1784.4232" r44="1"></containerEntry>
          <containerEntry r11="-0.74124205" r12="0.109535664" r13="-0.03243403" r14="0" r21="0.083864376" r22="0.66636664" r23="0.33379894" r24="0" r31="0.077567995" r32="0.32627738" r33="-0.67083275" r34="0" r41="2324.0396" r42="-3.936761" r43="1720.3971" r44="1"></containerEntry>
          <containerEntry r11="-0.95325583" r12="-0.043324858" r13="0.29901564" r14="0" r21="0.15804645" r22="0.7719655" r23="0.6157018" r24="0" r31="-0.25750476" r32="0.63418484" r33="-0.7290314" r34="0" r41="2346.2522" r42="-7.127161" r43="1711.1882" r44="1"></containerEntry>
          <containerEntry r11="-0.5961667" r12="-0.16292894" r13="0.7861454" r14="0" r21="0.47733146" r22="0.71540046" r23="0.51024914" r24="0" r31="-0.64554244" r32="0.679451" r33="-0.3487243" r34="0" r41="2332.441" r42="-5.503445" r43="1701.1226" r44="1"></containerEntry>
          <containerEntry r11="0.993317" r12="-0.10331858" r13="0.051444404" r14="0" r21="0.10736302" r22="0.6635453" r23="-0.7403904" r24="0" r31="0.042360783" r32="0.7409656" r33="0.6702035" r34="0" r41="2333.5146" r42="-6.17676" r43="1689.7969" r44="1"></containerEntry>
          <containerEntry r11="-0.8611818" r12="0.044677988" r13="0.5063113" r14="0" r21="0.4049437" r22="0.66235167" r23="0.6303233" r24="0" r31="-0.30719358" r32="0.74785745" r33="-0.5884942" r34="0" r41="2341.9922" r42="-5.040988" r43="1701.01" r44="1"></containerEntry>
          <containerEntry r11="0.99404734" r12="0.03962686" r13="-0.101487055" r14="0" r21="-0.107258685" r22="0.5194007" r23="-0.8477706" r24="0" r31="0.019117657" r32="0.85360944" r33="0.52055925" r34="0" r41="2371.8035" r42="-8.46929" r43="1686.2206" r44="1"></containerEntry>
        </property>
        <property name="colors" type="UInt32" container="DynamicArray" arraySize="18">
          <containerEntry>4294967295</containerEntry>
          <containerEntry>4294967295</containerEntry>
          <containerEntry>4294967295</containerEntry>
          <containerEntry>4294967295</containerEntry>
          <containerEntry>4294967295</containerEntry>
          <containerEntry>4294967295</containerEntry>
          <containerEntry>4294967295</containerEntry>
          <containerEntry>4294967295</containerEntry>
          <containerEntry>4294967295</containerEntry>
          <containerEntry>4294967295</containerEntry>
          <containerEntry>4294967295</containerEntry>
          <containerEntry>4294967295</containerEntry>
          <containerEntry>4294967295</containerEntry>
          <containerEntry>4294967295</containerEntry>
          <containerEntry>4294967295</containerEntry>
          <containerEntry>4294967295</containerEntry>
          <containerEntry>4294967295</containerEntry>
          <containerEntry>4294967295</containerEntry>
        </property>
      </staticProperties>
      <dynamicProperties></dynamicProperties>
    </entity>
    <entity class="StaticModelArray" classVersion="4" classID="0xD0" addr="0x2D7BF40" id="0x0">
      <staticProperties>
        <property name="name" type="String" container="StaticArray" arraySize="1">
          <containerEntry>StaticModelArray0002</containerEntry>
        </property>
        <property name="dataSet" type="EntityHandle" container="StaticArray" arraySize="1">
          <containerEntry>0x2F51C10</containerEntry>
        </property>
        <property name="modelFile" type="FilePtr" container="StaticArray" arraySize="1">
          <containerEntry>/Assets/tpp/environ/object/middle_africa/rock/mafr_rock001/scenes/mafr_rock001.fmdl</containerEntry>
        </property>
        <property name="geomFile" type="FilePtr" container="StaticArray" arraySize="1">
          <containerEntry>/Assets/tpp/environ/object/middle_africa/rock/mafr_rock001/scenes/mafr_rock001.geom</containerEntry>
        </property>
        <property name="isVisibleGeom" type="Bool" container="StaticArray" arraySize="1">
          <containerEntry>false</containerEntry>
        </property>
        <property name="lodFarSize" type="Float" container="StaticArray" arraySize="1">
          <containerEntry>-1</containerEntry>
        </property>
        <property name="lodNearSize" type="Float" container="StaticArray" arraySize="1">
          <containerEntry>-1</containerEntry>
        </property>
        <property name="lodPolygonSize" type="Float" container="StaticArray" arraySize="1">
          <containerEntry>-1</containerEntry>
        </property>
        <property name="drawRejectionLevel" type="Int32" container="StaticArray" arraySize="1">
          <containerEntry>8</containerEntry>
        </property>
        <property name="drawMode" type="Int32" container="StaticArray" arraySize="1">
          <containerEntry>0</containerEntry>
        </property>
        <property name="rejectFarRangeShadowCast" type="Int32" container="StaticArray" arraySize="1">
          <containerEntry>2</containerEntry>
        </property>
        <property name="parentLocator" type="EntityLink" container="StaticArray" arraySize="1">
          <containerEntry packagePathHash="0xB8A0BF169F98" archivePathHash="0xB8A0BF169F98" nameInArchiveHash="0xB8A0BF169F98">0x0</containerEntry>
        </property>
        <property name="transforms" type="Matrix4" container="DynamicArray" arraySize="5">
          <containerEntry r11="-0.99727136" r12="-0.07364895" r13="0.0045091654" r14="0" r21="-0.070998795" r22="0.9744381" r23="0.2131419" r24="0" r31="-0.020091603" r32="0.21224074" r33="-0.97700816" r34="0" r41="2310.4253" r42="-1.353926" r43="1749.4144" r44="1"></containerEntry>
          <containerEntry r11="-0.81823784" r12="-0.07364848" r13="-0.5701357" r14="0" r21="-0.18070781" r22="0.9744383" r23="0.13347107" r24="0" r31="0.54573214" r32="0.21223983" r33="-0.8106311" r34="0" r41="2341.1548" r42="-2.890945" r43="1709.199" r44="1"></containerEntry>
          <containerEntry r11="0.13476865" r12="-0.08662129" r13="-0.9870814" r14="0" r21="-0.2961657" r22="0.9471121" r23="-0.12354901" r24="0" r31="0.9455786" r32="0.30899066" r33="0.101986825" r34="0" r41="2347.3867" r42="-3.084615" r43="1704.089" r44="1"></containerEntry>
          <containerEntry r11="0.9887966" r12="0.1348338" r13="0.06404034" r14="0" r21="-0.1449699" r22="0.9696737" r23="0.19676533" r24="0" r31="-0.035567556" r32="-0.20384482" r33="0.9783569" r34="0" r41="2350.5337" r42="-4.806498" r43="1690.3472" r44="1"></containerEntry>
          <containerEntry r11="0.62553257" r12="-0.0029528253" r13="-0.78019166" r14="0" r21="0.06734648" r22="0.9964647" r23="0.05022473" r24="0" r31="0.7772851" r32="-0.08396042" r33="0.62352" r34="0" r41="2315.8494" r42="-2.832732" r43="1764.2816" r44="1"></containerEntry>
        </property>
        <property name="colors" type="UInt32" container="DynamicArray" arraySize="5">
          <containerEntry>4294967295</containerEntry>
          <containerEntry>4294967295</containerEntry>
          <containerEntry>4294967295</containerEntry>
          <containerEntry>4294967295</containerEntry>
          <containerEntry>4294967295</containerEntry>
        </property>
      </staticProperties>
      <dynamicProperties></dynamicProperties>
    </entity>
    <entity class="StaticModelArray" classVersion="4" classID="0xD0" addr="0x2F520E0" id="0x0">
      <staticProperties>
        <property name="name" type="String" container="StaticArray" arraySize="1">
          <containerEntry>StaticModelArray0003</containerEntry>
        </property>
        <property name="dataSet" type="EntityHandle" container="StaticArray" arraySize="1">
          <containerEntry>0x2F51C10</containerEntry>
        </property>
        <property name="modelFile" type="FilePtr" container="StaticArray" arraySize="1">
          <containerEntry>/Assets/tpp/environ/object/middle_africa/rock/mafr_rock007/scenes/mafr_rock007.fmdl</containerEntry>
        </property>
        <property name="geomFile" type="FilePtr" container="StaticArray" arraySize="1">
          <containerEntry>/Assets/tpp/environ/object/middle_africa/rock/mafr_rock007/scenes/mafr_rock007.geom</containerEntry>
        </property>
        <property name="isVisibleGeom" type="Bool" container="StaticArray" arraySize="1">
          <containerEntry>false</containerEntry>
        </property>
        <property name="lodFarSize" type="Float" container="StaticArray" arraySize="1">
          <containerEntry>-1</containerEntry>
        </property>
        <property name="lodNearSize" type="Float" container="StaticArray" arraySize="1">
          <containerEntry>-1</containerEntry>
        </property>
        <property name="lodPolygonSize" type="Float" container="StaticArray" arraySize="1">
          <containerEntry>-1</containerEntry>
        </property>
        <property name="drawRejectionLevel" type="Int32" container="StaticArray" arraySize="1">
          <containerEntry>8</containerEntry>
        </property>
        <property name="drawMode" type="Int32" container="StaticArray" arraySize="1">
          <containerEntry>0</containerEntry>
        </property>
        <property name="rejectFarRangeShadowCast" type="Int32" container="StaticArray" arraySize="1">
          <containerEntry>2</containerEntry>
        </property>
        <property name="parentLocator" type="EntityLink" container="StaticArray" arraySize="1">
          <containerEntry packagePathHash="0xB8A0BF169F98" archivePathHash="0xB8A0BF169F98" nameInArchiveHash="0xB8A0BF169F98">0x0</containerEntry>
        </property>
        <property name="transforms" type="Matrix4" container="DynamicArray" arraySize="28">
          <containerEntry r11="-0.61506283" r12="-0.033922512" r13="0.427843" r14="0" r21="-0.008651771" r22="-0.7465237" r23="-0.07162744" r24="0" r31="0.42909846" r32="-0.0636758" r33="0.6118171" r34="0" r41="2365.0513" r42="-4.088548" r43="1720.3901" r44="1"></containerEntry>
          <containerEntry r11="0.58729196" r12="-0.11034699" r13="-0.45322403" r14="0" r21="-0.11230245" r22="-0.74072814" r23="0.034822952" r24="0" r31="-0.45274347" r32="0.040595826" r33="-0.5965549" r34="0" r41="2403.845" r42="-4.164676" r43="1719.5138" r44="1"></containerEntry>
          <containerEntry r11="-0.6209301" r12="-0.091377184" r13="-0.41060823" r14="0" r21="-0.14686355" r22="0.73311466" r23="0.058941267" r24="0" r31="0.39418274" r32="0.1292021" r33="-0.6248439" r34="0" r41="2333.4001" r42="-2.471538" r43="1747.1418" r44="1"></containerEntry>
          <containerEntry r11="-0.7393706" r12="0.11071527" r13="0.059812635" r14="0" r21="-0.118102685" r22="-0.7335844" r23="-0.10202928" r24="0" r31="0.043441694" r32="-0.110001564" r33="0.7406163" r34="0" r41="2324.7356" r42="-1.556677" r43="1739.0215" r44="1"></containerEntry>
          <containerEntry r11="0.45423758" r12="-0.0095784515" r13="0.20874995" r14="0" r21="0.061156742" r22="-0.47151428" r23="-0.15471196" r24="0" r31="0.19982028" r32="0.16608489" r33="-0.42718762" r34="0" r41="2334.2483" r42="-2.566694" r43="1749.4305" r44="1"></containerEntry>
          <containerEntry r11="-0.74026847" r12="0.07341302" r13="-0.095470764" r14="0" r21="-0.07470858" r22="-0.7462469" r23="0.005448454" r24="0" r31="-0.094459824" r32="0.014887752" r33="0.7438788" r34="0" r41="2366.8115" r42="-3.697081" r43="1700.1661" r44="1"></containerEntry>
          <containerEntry r11="0.48303846" r12="0.034865905" r13="0.12433099" r14="0" r21="-0.05206504" r22="0.49314815" r23="0.06398525" r24="0" r31="-0.11816538" r32="-0.07476128" r33="0.48004964" r34="0" r41="2368.5105" r42="-3.473516" r43="1698.5273" r44="1"></containerEntry>
          <containerEntry r11="0.5143798" r12="-0.09485595" r13="0.53751147" r14="0" r21="-0.0077944645" r22="-0.73978573" r23="-0.12309283" r24="0" r31="0.5457599" r32="0.07883577" r33="-0.5083599" r34="0" r41="2393.6365" r42="-5.386833" r43="1700.4938" r44="1"></containerEntry>
          <containerEntry r11="-0.22827104" r12="0.036776558" r13="0.44332796" r14="0" r21="0.033183612" r22="0.49830788" r23="-0.024251083" r24="0" r31="-0.44361138" r32="0.018350808" r33="-0.22993925" r34="0" r41="2399.1438" r42="-5.932739" r43="1702.3103" r44="1"></containerEntry>
          <containerEntry r11="0.38803375" r12="-0.087925375" r13="-0.30281836" r14="0" r21="0.044471547" r22="0.4906291" r23="-0.085471354" r24="0" r31="0.3121732" r32="0.039397955" r33="0.3885817" r34="0" r41="2397.1997" r42="-5.276637" r43="1710.848" r44="1"></containerEntry>
          <containerEntry r11="-0.43684268" r12="-0.19199696" r13="-0.14934903" r14="0" r21="0.10258886" r22="-0.42377704" r23="0.2447203" r24="0" r31="-0.22055268" r32="0.18316568" r33="0.40964228" r34="0" r41="2391.272" r42="-4.774239" r43="1717.133" r44="1"></containerEntry>
          <containerEntry r11="-0.70963395" r12="0.0035952441" r13="-0.24270758" r14="0" r21="0.029973075" r22="0.74547434" r23="-0.076593325" r24="0" r31="0.24087587" r32="-0.08217076" r33="-0.70549554" r34="0" r41="2358.4834" r42="-2.384165" r43="1708.9241" r44="1"></containerEntry>
          <containerEntry r11="0.61005265" r12="0.00792915" r13="-0.4362027" r14="0" r21="0.011521892" r22="0.74932176" r23="0.029734887" r24="0" r31="0.4361226" r32="-0.030887641" r33="0.6093792" r34="0" r41="2395.7788" r42="-4.850437" r43="1716.2844" r44="1"></containerEntry>
          <containerEntry r11="-0.4985337" r12="0.022494877" r13="-0.030956255" r14="0" r21="0.02797748" r22="0.49022287" r23="-0.0943334" r24="0" r31="0.026106892" r32="-0.09578889" r33="-0.49004397" r34="0" r41="2390.6587" r42="-4.91335" r43="1715.0382" r44="1"></containerEntry>
          <containerEntry r11="-0.3090057" r12="0.10370826" r13="-0.37915632" r14="0" r21="-0.1318067" r22="-0.48169917" r23="-0.024336003" r24="0" r31="-0.3703268" r32="0.08491081" r33="0.32503554" r34="0" r41="2404.1492" r42="-6.473706" r43="1728.3798" r44="1"></containerEntry>
          <containerEntry r11="0.06655356" r12="0.58665144" r13="-0.80709946" r14="0" r21="0.99419427" r22="0.029548228" r23="0.10345775" r24="0" r31="0.08454153" r32="-0.8092996" r33="-0.58127874" r34="0" r41="2403.4075" r42="-5.808376" r43="1731.1621" r44="1"></containerEntry>
          <containerEntry r11="0.43990585" r12="-0.06909257" r13="0.227396" r14="0" r21="0.0722532" r22="0.49464014" r23="0.010516271" r24="0" r31="-0.22641157" r32="0.023607899" r33="0.44517452" r34="0" r41="2405.5952" r42="-6.656607" r43="1730.0121" r44="1"></containerEntry>
          <containerEntry r11="-0.48406246" r12="-0.057490703" r13="0.5699805" r14="0" r21="0.11465221" r22="-0.7408383" r23="0.022645567" r24="0" r31="0.5612823" r32="0.101748556" r33="0.4869387" r34="0" r41="2401.1216" r42="-6.35725" r43="1731.594" r44="1"></containerEntry>
          <containerEntry r11="-0.4169889" r12="-0.018645609" r13="0.2752664" r14="0" r21="-0.035688974" r22="0.49831095" r23="-0.020309877" r24="0" r31="-0.27357912" r32="-0.036585998" r33="-0.41691115" r34="0" r41="2380.2307" r42="-5.12607" r43="1679.8268" r44="1"></containerEntry>
          <containerEntry r11="-0.6736685" r12="0.18451329" r13="0.27317366" r14="0" r21="0.1802045" r22="0.7265524" r23="-0.046345115" r24="0" r31="-0.27603504" r32="0.024007816" r33="-0.69694084" r34="0" r41="2383.504" r42="-3.562061" r43="1684.5675" r44="1"></containerEntry>
          <containerEntry r11="-0.38880002" r12="-0.087810226" r13="0.63531446" r14="0" r21="0.11088317" r22="-0.7409485" r23="-0.034552105" r24="0" r31="0.6316943" r32="0.07601582" r33="0.39709336" r34="0" r41="2315.063" r42="-3.041689" r43="1673.8763" r44="1"></containerEntry>
          <containerEntry r11="0.47970182" r12="-0.025651742" r13="-0.13866563" r14="0" r21="0.05250198" r22="0.48880014" r23="0.091202915" r24="0" r31="0.13088052" r32="-0.102060854" r33="0.47165015" r34="0" r41="2313.1487" r42="-2.402842" r43="1672.3756" r44="1"></containerEntry>
          <containerEntry r11="-0.74221516" r12="-0.00737931" r13="0.107496746" r14="0" r21="-0.012596091" r22="-0.7371621" r23="-0.1375744" r24="0" r31="0.10701095" r32="-0.13795263" r33="0.7293954" r34="0" r41="2335.5354" r42="-1.309216" r43="1687.7043" r44="1"></containerEntry>
          <containerEntry r11="0.44293225" r12="0.013194687" r13="0.23159611" r14="0" r21="0.009761396" r22="0.49768817" r23="-0.04702343" r24="0" r31="-0.2317662" r32="0.04617779" r33="0.44062668" r34="0" r41="2334.4038" r42="-1.235003" r43="1689.9075" r44="1"></containerEntry>
          <containerEntry r11="0.38276035" r12="0.24234366" r13="0.597716" r14="0" r21="-0.087697744" r22="0.70814383" r23="-0.23095755" r24="0" r31="-0.6389867" r32="0.047977515" r33="0.3897365" r34="0" r41="2323.1118" r42="0.302723" r43="1723.2352" r44="1"></containerEntry>
          <containerEntry r11="0.52620137" r12="0.0028230385" r13="-0.850355" r14="0" r21="0.018245362" r22="0.9997268" r23="0.014609182" r24="0" r31="0.85016394" r32="-0.02320241" r33="0.5260061" r34="0" r41="2316.64" r42="0.861895" r43="1722.6299" r44="1"></containerEntry>
          <containerEntry r11="0.55548596" r12="-0.19007607" r13="-0.80950946" r14="0" r21="0.11729486" r22="0.9817006" r23="-0.15001932" r24="0" r31="0.823211" r32="-0.011617817" r33="0.567616" r34="0" r41="2311.4424" r42="-2.27685" r43="1675.3513" r44="1"></containerEntry>
          <containerEntry r11="-0.47157457" r12="0.06590801" r13="0.57945997" r14="0" r21="0.03995602" r22="0.7470935" r23="-0.052457597" r24="0" r31="-0.5818242" r32="-0.0021130918" r33="-0.47325826" r34="0" r41="2322.7637" r42="-4.418911" r43="1668.283" r44="1"></containerEntry>
        </property>
        <property name="colors" type="UInt32" container="DynamicArray" arraySize="28">
          <containerEntry>4294967295</containerEntry>
          <containerEntry>4294967295</containerEntry>
          <containerEntry>4294967295</containerEntry>
          <containerEntry>4294967295</containerEntry>
          <containerEntry>4294967295</containerEntry>
          <containerEntry>4294967295</containerEntry>
          <containerEntry>4294967295</containerEntry>
          <containerEntry>4294967295</containerEntry>
          <containerEntry>4294967295</containerEntry>
          <containerEntry>4294967295</containerEntry>
          <containerEntry>4294967295</containerEntry>
          <containerEntry>4294967295</containerEntry>
          <containerEntry>4294967295</containerEntry>
          <containerEntry>4294967295</containerEntry>
          <containerEntry>4294967295</containerEntry>
          <containerEntry>4294967295</containerEntry>
          <containerEntry>4294967295</containerEntry>
          <containerEntry>4294967295</containerEntry>
          <containerEntry>4294967295</containerEntry>
          <containerEntry>4294967295</containerEntry>
          <containerEntry>4294967295</containerEntry>
          <containerEntry>4294967295</containerEntry>
          <containerEntry>4294967295</containerEntry>
          <containerEntry>4294967295</containerEntry>
          <containerEntry>4294967295</containerEntry>
          <containerEntry>4294967295</containerEntry>
          <containerEntry>4294967295</containerEntry>
          <containerEntry>4294967295</containerEntry>
        </property>
      </staticProperties>
      <dynamicProperties></dynamicProperties>
    </entity>
    <entity class="StaticModelArray" classVersion="4" classID="0xD0" addr="0x2D7C020" id="0x0">
      <staticProperties>
        <property name="name" type="String" container="StaticArray" arraySize="1">
          <containerEntry>StaticModelArray0004</containerEntry>
        </property>
        <property name="dataSet" type="EntityHandle" container="StaticArray" arraySize="1">
          <containerEntry>0x2F51C10</containerEntry>
        </property>
        <property name="modelFile" type="FilePtr" container="StaticArray" arraySize="1">
          <containerEntry>/Assets/tpp/environ/object/middle_africa/rock/mafr_rock002/scenes/mafr_rock002.fmdl</containerEntry>
        </property>
        <property name="geomFile" type="FilePtr" container="StaticArray" arraySize="1">
          <containerEntry>/Assets/tpp/environ/object/middle_africa/rock/mafr_rock002/scenes/mafr_rock002.geom</containerEntry>
        </property>
        <property name="isVisibleGeom" type="Bool" container="StaticArray" arraySize="1">
          <containerEntry>false</containerEntry>
        </property>
        <property name="lodFarSize" type="Float" container="StaticArray" arraySize="1">
          <containerEntry>-1</containerEntry>
        </property>
        <property name="lodNearSize" type="Float" container="StaticArray" arraySize="1">
          <containerEntry>-1</containerEntry>
        </property>
        <property name="lodPolygonSize" type="Float" container="StaticArray" arraySize="1">
          <containerEntry>-1</containerEntry>
        </property>
        <property name="drawRejectionLevel" type="Int32" container="StaticArray" arraySize="1">
          <containerEntry>8</containerEntry>
        </property>
        <property name="drawMode" type="Int32" container="StaticArray" arraySize="1">
          <containerEntry>0</containerEntry>
        </property>
        <property name="rejectFarRangeShadowCast" type="Int32" container="StaticArray" arraySize="1">
          <containerEntry>2</containerEntry>
        </property>
        <property name="parentLocator" type="EntityLink" container="StaticArray" arraySize="1">
          <containerEntry packagePathHash="0xB8A0BF169F98" archivePathHash="0xB8A0BF169F98" nameInArchiveHash="0xB8A0BF169F98">0x0</containerEntry>
        </property>
        <property name="transforms" type="Matrix4" container="DynamicArray" arraySize="16">
          <containerEntry r11="0.7895273" r12="-0.04833191" r13="-0.61180884" r14="0" r21="0.028212843" r22="0.9986986" r23="-0.042487405" r24="0" r31="0.61306614" r32="0.01628405" r33="0.78986335" r34="0" r41="2312.757" r42="-3.931529" r43="1670.8763" r44="1"></containerEntry>
          <containerEntry r11="0.6449873" r12="-0.049533673" r13="-0.7625846" r14="0" r21="-0.010592017" r22="0.99722177" r23="-0.07373289" r24="0" r31="0.76411825" r32="0.05563403" r33="0.64267075" r34="0" r41="2353.2065" r42="-3.666285" r43="1750.2937" r44="1"></containerEntry>
          <containerEntry r11="-0.3509274" r12="0.06270082" r13="0.9342943" r14="0" r21="0.19694726" r22="0.9803799" r23="0.008182421" r24="0" r31="-0.91545016" r32="0.18687905" r33="-0.35639083" r34="0" r41="2365.111" r42="-4.478221" r43="1715.158" r44="1"></containerEntry>
          <containerEntry r11="0.6105691" r12="-0.0002481714" r13="-0.7919602" r14="0" r21="-0.1976965" r22="0.96829385" r23="-0.15271802" r24="0" r31="0.76688796" r32="0.24981321" r33="0.5911614" r34="0" r41="2371.4517" r42="-4.478221" r43="1699.2262" r44="1"></containerEntry>
          <containerEntry r11="-0.9646311" r12="-0.013684705" r13="-0.2632059" r14="0" r21="-0.031622596" r22="0.9974464" r23="0.06403594" r24="0" r31="0.26165748" r32="0.07009506" r33="-0.9626006" r34="0" r41="2331.786" r42="-2.608592" r43="1685.2036" r44="1"></containerEntry>
          <containerEntry r11="0.10414691" r12="0.19260651" r13="0.975729" r14="0" r21="0.22590357" r22="0.9508448" r23="-0.21180463" r24="0" r31="-0.96856177" r32="0.24247962" r33="0.055517077" r34="0" r41="2345.4482" r42="-1.967725" r43="1695.0531" r44="1"></containerEntry>
          <containerEntry r11="0.013872454" r12="-0.061656743" r13="-0.99799716" r14="0" r21="0.11335738" r22="0.99175924" r23="-0.05969587" r24="0" r31="0.9934536" r32="-0.112302884" r33="0.020747423" r34="0" r41="2402.7266" r42="-4.803437" r43="1720.217" r44="1"></containerEntry>
          <containerEntry r11="-0.7320936" r12="-0.03159386" r13="0.68045723" r14="0" r21="-0.019230587" r22="0.9994843" r23="0.025716092" r24="0" r31="-0.6809188" r32="0.005741164" r33="-0.73232365" r34="0" r41="2368.637" r42="-4.847109" r43="1749.2793" r44="1"></containerEntry>
          <containerEntry r11="0.91748273" r12="-0.03816105" r13="-0.3959399" r14="0" r21="-0.058020215" r22="0.97190315" r23="-0.22811773" r24="0" r31="0.3935204" r32="0.2322666" r33="0.8894902" r34="0" r41="2401.9746" r42="-7.192692" r43="1779.4805" r44="1"></containerEntry>
          <containerEntry r11="0.20814388" r12="0.09921333" r13="-0.9730493" r14="0" r21="-0.25994262" r22="0.96467686" r23="0.042756453" r24="0" r31="0.94291997" r32="0.24403892" r33="0.22658163" r34="0" r41="2408.0425" r42="-8.231762" r43="1741.5508" r44="1"></containerEntry>
          <containerEntry r11="-0.93821806" r12="0.09921291" r13="0.33148724" r14="0" r21="0.19413674" r22="0.94395226" r23="0.26695403" r24="0" r31="-0.2864226" r32="0.31481794" r33="-0.9048935" r34="0" r41="2402.7344" r42="-8.633147" r43="1748.0109" r44="1"></containerEntry>
          <containerEntry r11="0.49694353" r12="-0.109396" r13="-0.86085683" r14="0" r21="-0.05859264" r22="0.9855284" r23="-0.15906155" r24="0" r31="0.8657996" r32="0.12948433" r33="0.48334217" r34="0" r41="2395.3916" r42="-7.358917" r43="1767.6027" r44="1"></containerEntry>
          <containerEntry r11="-0.6678363" r12="0.10763556" r13="-0.736475" r14="0" r21="-0.017247412" r22="0.9869846" r23="0.1598869" r24="0" r31="0.744099" r32="0.11948171" r33="-0.6572876" r34="0" r41="2331.194" r42="-6.664214" r43="1784.0336" r44="1"></containerEntry>
          <containerEntry r11="-0.9407022" r12="0.007894026" r13="0.3391176" r14="0" r21="0.042784996" r22="0.9945061" r23="0.09553468" r24="0" r31="-0.33650035" r32="0.10437967" r33="-0.93587184" r34="0" r41="2330.4475" r42="-4.929867" r43="1770.3075" r44="1"></containerEntry>
          <containerEntry r11="0.51904774" r12="-0.21640189" r13="-0.8268948" r14="0" r21="-0.14184219" r22="0.9321989" r23="-0.33299547" r24="0" r31="0.8428912" r32="0.29012907" r33="0.45316076" r34="0" r41="2381.9028" r42="-4.722368" r43="1680.7802" r44="1"></containerEntry>
          <containerEntry r11="0.23567985" r12="0.008468062" r13="-0.9717897" r14="0" r21="-0.2501918" r22="0.9667852" r23="-0.052251123" r24="0" r31="0.9390693" r32="0.2554494" r33="0.22997057" r34="0" r41="2311.9897" r42="0.751058" r43="1727.0535" r44="1"></containerEntry>
        </property>
        <property name="colors" type="UInt32" container="DynamicArray" arraySize="16">
          <containerEntry>4294967295</containerEntry>
          <containerEntry>4294967295</containerEntry>
          <containerEntry>4294967295</containerEntry>
          <containerEntry>4294967295</containerEntry>
          <containerEntry>4294967295</containerEntry>
          <containerEntry>4294967295</containerEntry>
          <containerEntry>4294967295</containerEntry>
          <containerEntry>4294967295</containerEntry>
          <containerEntry>4294967295</containerEntry>
          <containerEntry>4294967295</containerEntry>
          <containerEntry>4294967295</containerEntry>
          <containerEntry>4294967295</containerEntry>
          <containerEntry>4294967295</containerEntry>
          <containerEntry>4294967295</containerEntry>
          <containerEntry>4294967295</containerEntry>
          <containerEntry>4294967295</containerEntry>
        </property>
      </staticProperties>
      <dynamicProperties></dynamicProperties>
    </entity>
    <entity class="TexturePackLoadConditioner" classVersion="0" classID="0x48" addr="0x2D7C950" id="0x0">
      <staticProperties>
        <property name="name" type="String" container="StaticArray" arraySize="1">
          <containerEntry>TexturePackLoadConditioner0000</containerEntry>
        </property>
        <property name="dataSet" type="EntityHandle" container="StaticArray" arraySize="1">
          <containerEntry>0x2F51C10</containerEntry>
        </property>
        <property name="texturePackPath" type="Path" container="StaticArray" arraySize="1">
          <containerEntry hash="0xB8A0BF169F98"></containerEntry>
        </property>
      </staticProperties>
      <dynamicProperties></dynamicProperties>
    </entity>
  </entities>
</fox>