<fox formatVersion="2" fileVersion="0">
  <entities>
    <entity class="DataSet" classVersion="0" classID="0xE8" addr="0x33548B0" id="0x3CB42">
      <staticProperties>
        <property name="name" type="String" container="StaticArray" arraySize="1">
          <containerEntry hash="0xB8A0BF169F98"></containerEntry>
        </property>
        <property name="dataSet" type="EntityHandle" container="StaticArray" arraySize="1">
          <containerEntry>0x0</containerEntry>
        </property>
        <property name="dataList" type="EntityPtr" container="StringMap" arraySize="5">
          <containerEntry key="StaticModelArray0000">
            <data>0x317A570</data>
          </containerEntry>
          <containerEntry key="StaticModelArray0001">
            <data>0x317A650</data>
          </containerEntry>
          <containerEntry key="StaticModelArray0002">
            <data>0x317A5E0</data>
          </containerEntry>
          <containerEntry key="StaticModelArray0003">
            <data>0x317A6C0</data>
          </containerEntry>
          <containerEntry key="TexturePackLoadConditioner0000">
            <data>0x317AC00</data>
          </containerEntry>
        </property>
      </staticProperties>
      <dynamicProperties></dynamicProperties>
    </entity>
    <entity class="StaticModelArray" classVersion="4" classID="0xD0" addr="0x317A570" id="0x0">
      <staticProperties>
        <property name="name" type="String" container="StaticArray" arraySize="1">
          <containerEntry>StaticModelArray0000</containerEntry>
        </property>
        <property name="dataSet" type="EntityHandle" container="StaticArray" arraySize="1">
          <containerEntry>0x33548B0</containerEntry>
        </property>
        <property name="modelFile" type="FilePtr" container="StaticArray" arraySize="1">
          <containerEntry>/Assets/tpp/environ/object/middle_africa/cliff/mafr_clff003/scenes/mafr_clff003_vrtn001.fmdl</containerEntry>
        </property>
        <property name="geomFile" type="FilePtr" container="StaticArray" arraySize="1">
          <containerEntry>/Assets/tpp/environ/object/middle_africa/cliff/mafr_clff003/scenes/mafr_clff003_vrtn001.geom</containerEntry>
        </property>
        <property name="isVisibleGeom" type="Bool" container="StaticArray" arraySize="1">
          <containerEntry>false</containerEntry>
        </property>
        <property name="lodFarSize" type="Float" container="StaticArray" arraySize="1">
          <containerEntry>-1</containerEntry>
        </property>
        <property name="lodNearSize" type="Float" container="StaticArray" arraySize="1">
          <containerEntry>-1</containerEntry>
        </property>
        <property name="lodPolygonSize" type="Float" container="StaticArray" arraySize="1">
          <containerEntry>-1</containerEntry>
        </property>
        <property name="drawRejectionLevel" type="Int32" container="StaticArray" arraySize="1">
          <containerEntry>8</containerEntry>
        </property>
        <property name="drawMode" type="Int32" container="StaticArray" arraySize="1">
          <containerEntry>0</containerEntry>
        </property>
        <property name="rejectFarRangeShadowCast" type="Int32" container="StaticArray" arraySize="1">
          <containerEntry>2</containerEntry>
        </property>
        <property name="parentLocator" type="EntityLink" container="StaticArray" arraySize="1">
          <containerEntry packagePathHash="0xB8A0BF169F98" archivePathHash="0xB8A0BF169F98" nameInArchiveHash="0xB8A0BF169F98">0x0</containerEntry>
        </property>
        <property name="transforms" type="Matrix4" container="DynamicArray" arraySize="11">
          <containerEntry r11="0.8609223" r12="-0.07958642" r13="0.5024724" r14="0" r21="0.22984001" r22="0.94198954" r23="-0.24459988" r24="0" r31="-0.4538569" r32="0.32606983" r33="0.82927203" r34="0" r41="1329.2869" r42="45.033894" r43="-588.7634" r44="1"></containerEntry>
          <containerEntry r11="0.86694974" r12="0.2168652" r13="-0.4487398" r14="0" r21="-0.3847301" r22="0.8635637" r23="-0.3259452" r24="0" r31="0.31682912" r32="0.45522195" r33="0.832101" r34="0" r41="1335.9852" r42="44.518894" r43="-583.1786" r44="1"></containerEntry>
          <containerEntry r11="0.9621263" r12="-0.0853349" r13="0.25890306" r14="0" r21="0.09579146" r22="0.9950069" r23="-0.028020758" r24="0" r31="-0.2552192" r32="0.051760238" r33="0.9654967" r34="0" r41="1398.9958" r42="46.54954" r43="-559.8393" r44="1"></containerEntry>
          <containerEntry r11="0.966747" r12="-0.034691833" r13="0.25337034" r14="0" r21="0.01073497" r22="0.9953878" r23="0.09532998" r24="0" r31="-0.25550896" r32="-0.08944004" r33="0.9626606" r34="0" r41="1365.9478" r42="70.270935" r43="-632.1082" r44="1"></containerEntry>
          <containerEntry r11="0.97019935" r12="0.17803913" r13="-0.16436319" r14="0" r21="-0.21028933" r22="0.95566624" r23="-0.20610784" r24="0" r31="0.12038104" r32="0.23452954" r33="0.9646265" r34="0" r41="1366.4031" r42="75.546005" r43="-638.58154" r44="1"></containerEntry>
          <containerEntry r11="0.9475338" r12="-0.06127529" r13="0.3137275" r14="0" r21="0.10539706" r22="0.9864594" r23="-0.12565565" r24="0" r31="-0.3017798" r32="0.15212896" r33="0.9411618" r34="0" r41="1399.1863" r42="73.996925" r43="-620.6095" r44="1"></containerEntry>
          <containerEntry r11="0.8897178" r12="0.17626771" r13="-0.42110765" r14="0" r21="-0.33290246" r22="0.88171905" r23="-0.3342861" r24="0" r31="0.31237465" r32="0.43760818" r33="0.84316117" r34="0" r41="1393.2129" r42="86.258865" r43="-650.02313" r44="1"></containerEntry>
          <containerEntry r11="-0.490296" r12="-0.38147387" r13="0.7836366" r14="0" r21="0.37429264" r22="0.7198288" r23="0.58459496" r24="0" r31="-0.7870919" r32="0.5799345" r33="-0.21014613" r34="0" r41="1397.8997" r42="52.891716" r43="-582.70026" r44="1"></containerEntry>
          <containerEntry r11="0.4435873" r12="-0.2529621" r13="0.8597902" r14="0" r21="0.5680061" r22="0.82141906" r23="-0.05137536" r24="0" r31="-0.69325185" r32="0.5111561" r33="0.5080554" r34="0" r41="1397.8247" r42="51.241714" r43="-575.3878" r44="1"></containerEntry>
          <containerEntry r11="-0.015354" r12="-0.07958623" r13="0.9967096" r14="0" r21="0.32591102" r22="0.94198936" r23="0.08023747" r24="0" r31="-0.94527566" r32="0.32607067" r33="0.011474729" r34="0" r41="1285.795" r42="42.535713" r43="-592.47736" r44="1"></containerEntry>
          <containerEntry r11="0.99377954" r12="0.093677655" r13="-0.060222063" r14="0" r21="-0.11116347" r22="0.86695987" r23="-0.4858226" r24="0" r31="0.006699454" r32="0.48949507" r33="0.8719805" r34="0" r41="1349.7253" r42="44.797333" r43="-569.9308" r44="1"></containerEntry>
        </property>
        <property name="colors" type="UInt32" container="DynamicArray" arraySize="11">
          <containerEntry>4294967295</containerEntry>
          <containerEntry>4294967295</containerEntry>
          <containerEntry>4294967295</containerEntry>
          <containerEntry>4294967295</containerEntry>
          <containerEntry>4294967295</containerEntry>
          <containerEntry>4294967295</containerEntry>
          <containerEntry>4294967295</containerEntry>
          <containerEntry>4294967295</containerEntry>
          <containerEntry>4294967295</containerEntry>
          <containerEntry>4294967295</containerEntry>
          <containerEntry>4294967295</containerEntry>
        </property>
      </staticProperties>
      <dynamicProperties></dynamicProperties>
    </entity>
    <entity class="StaticModelArray" classVersion="4" classID="0xD0" addr="0x317A650" id="0x0">
      <staticProperties>
        <property name="name" type="String" container="StaticArray" arraySize="1">
          <containerEntry>StaticModelArray0001</containerEntry>
        </property>
        <property name="dataSet" type="EntityHandle" container="StaticArray" arraySize="1">
          <containerEntry>0x33548B0</containerEntry>
        </property>
        <property name="modelFile" type="FilePtr" container="StaticArray" arraySize="1">
          <containerEntry>/Assets/tpp/environ/object/middle_africa/rock/mafr_rock002/scenes/mafr_rock002.fmdl</containerEntry>
        </property>
        <property name="geomFile" type="FilePtr" container="StaticArray" arraySize="1">
          <containerEntry>/Assets/tpp/environ/object/middle_africa/rock/mafr_rock002/scenes/mafr_rock002.geom</containerEntry>
        </property>
        <property name="isVisibleGeom" type="Bool" container="StaticArray" arraySize="1">
          <containerEntry>false</containerEntry>
        </property>
        <property name="lodFarSize" type="Float" container="StaticArray" arraySize="1">
          <containerEntry>-1</containerEntry>
        </property>
        <property name="lodNearSize" type="Float" container="StaticArray" arraySize="1">
          <containerEntry>-1</containerEntry>
        </property>
        <property name="lodPolygonSize" type="Float" container="StaticArray" arraySize="1">
          <containerEntry>-1</containerEntry>
        </property>
        <property name="drawRejectionLevel" type="Int32" container="StaticArray" arraySize="1">
          <containerEntry>8</containerEntry>
        </property>
        <property name="drawMode" type="Int32" container="StaticArray" arraySize="1">
          <containerEntry>0</containerEntry>
        </property>
        <property name="rejectFarRangeShadowCast" type="Int32" container="StaticArray" arraySize="1">
          <containerEntry>2</containerEntry>
        </property>
        <property name="parentLocator" type="EntityLink" container="StaticArray" arraySize="1">
          <containerEntry packagePathHash="0xB8A0BF169F98" archivePathHash="0xB8A0BF169F98" nameInArchiveHash="0xB8A0BF169F98">0x0</containerEntry>
        </property>
        <property name="transforms" type="Matrix4" container="DynamicArray" arraySize="5">
          <containerEntry r11="0.9624994" r12="0.1615743" r13="-0.21791895" r14="0" r21="-0.13134512" r22="0.98040813" r23="0.14679374" r24="0" r31="0.23736762" r32="-0.112666264" r33="0.9648642" r34="0" r41="1373.8672" r42="49.497654" r43="-562.3061" r44="1"></containerEntry>
          <containerEntry r11="-0.488725" r12="-0.054098584" r13="0.8707576" r14="0" r21="-0.17956576" r22="0.98294395" r23="-0.03971552" r24="0" r31="-0.85375726" r32="-0.1757684" r33="-0.49010348" r34="0" r41="1334.1278" r42="44.562637" r43="-533.8574" r44="1"></containerEntry>
          <containerEntry r11="-0.69973916" r12="-0.26689658" r13="0.6626698" r14="0" r21="-0.24001464" r22="0.96150243" r23="0.13381332" r24="0" r31="-0.6728729" r32="-0.06541604" r33="-0.73686" r34="0" r41="1292.9178" r42="53.39554" r43="-629.5477" r44="1"></containerEntry>
          <containerEntry r11="-0.862325" r12="-0.054098178" r13="0.50345206" r14="0" r21="-0.13474005" r22="0.98294395" r23="-0.12516484" r24="0" r31="-0.48809394" r32="-0.17576835" r33="-0.8549063" r34="0" r41="1319.6082" r42="43.760006" r43="-548.97516" r44="1"></containerEntry>
          <containerEntry r11="0.9970654" r12="-0.07548123" r13="-0.012769815" r14="0" r21="0.07548123" r22="0.94149697" r23="0.3284601" r24="0" r31="-0.012769815" r32="-0.3284601" r33="0.94443154" r34="0" r41="1304.6754" r42="46.59337" r43="-570.1995" r44="1"></containerEntry>
        </property>
        <property name="colors" type="UInt32" container="DynamicArray" arraySize="5">
          <containerEntry>4294967295</containerEntry>
          <containerEntry>4294967295</containerEntry>
          <containerEntry>4294967295</containerEntry>
          <containerEntry>4294967295</containerEntry>
          <containerEntry>4294967295</containerEntry>
        </property>
      </staticProperties>
      <dynamicProperties></dynamicProperties>
    </entity>
    <entity class="StaticModelArray" classVersion="4" classID="0xD0" addr="0x317A5E0" id="0x0">
      <staticProperties>
        <property name="name" type="String" container="StaticArray" arraySize="1">
          <containerEntry>StaticModelArray0002</containerEntry>
        </property>
        <property name="dataSet" type="EntityHandle" container="StaticArray" arraySize="1">
          <containerEntry>0x33548B0</containerEntry>
        </property>
        <property name="modelFile" type="FilePtr" container="StaticArray" arraySize="1">
          <containerEntry>/Assets/tpp/environ/object/middle_africa/clod/mafr_clod005/scenes/mafr_clod005.fmdl</containerEntry>
        </property>
        <property name="geomFile" type="FilePtr" container="StaticArray" arraySize="1">
          <containerEntry>/Assets/tpp/environ/object/middle_africa/clod/mafr_clod005/scenes/mafr_clod005.geom</containerEntry>
        </property>
        <property name="isVisibleGeom" type="Bool" container="StaticArray" arraySize="1">
          <containerEntry>false</containerEntry>
        </property>
        <property name="lodFarSize" type="Float" container="StaticArray" arraySize="1">
          <containerEntry>-1</containerEntry>
        </property>
        <property name="lodNearSize" type="Float" container="StaticArray" arraySize="1">
          <containerEntry>-1</containerEntry>
        </property>
        <property name="lodPolygonSize" type="Float" container="StaticArray" arraySize="1">
          <containerEntry>-1</containerEntry>
        </property>
        <property name="drawRejectionLevel" type="Int32" container="StaticArray" arraySize="1">
          <containerEntry>8</containerEntry>
        </property>
        <property name="drawMode" type="Int32" container="StaticArray" arraySize="1">
          <containerEntry>0</containerEntry>
        </property>
        <property name="rejectFarRangeShadowCast" type="Int32" container="StaticArray" arraySize="1">
          <containerEntry>2</containerEntry>
        </property>
        <property name="parentLocator" type="EntityLink" container="StaticArray" arraySize="1">
          <containerEntry packagePathHash="0xB8A0BF169F98" archivePathHash="0xB8A0BF169F98" nameInArchiveHash="0xB8A0BF169F98">0x0</containerEntry>
        </property>
        <property name="transforms" type="Matrix4" container="DynamicArray" arraySize="2">
          <containerEntry r11="0.881368" r12="-0.0067591164" r13="0.47238198" r14="0" r21="-0.06524672" r22="0.9885742" r23="0.13588203" r24="0" r31="-0.46790305" r32="-0.15058346" r33="0.87085664" r34="0" r41="1396.2537" r42="68.52181" r43="-610.3775" r44="1"></containerEntry>
          <containerEntry r11="0.88930637" r12="0.023307346" r13="0.45671764" r14="0" r21="-0.046621725" r22="0.9981177" r23="0.039844144" r24="0" r31="-0.45492926" r32="-0.056726616" r33="0.888719" r34="0" r41="1361.7205" r42="49.094326" r43="-573.01636" r44="1"></containerEntry>
        </property>
        <property name="colors" type="UInt32" container="DynamicArray" arraySize="2">
          <containerEntry>4294967295</containerEntry>
          <containerEntry>4294967295</containerEntry>
        </property>
      </staticProperties>
      <dynamicProperties></dynamicProperties>
    </entity>
    <entity class="StaticModelArray" classVersion="4" classID="0xD0" addr="0x317A6C0" id="0x0">
      <staticProperties>
        <property name="name" type="String" container="StaticArray" arraySize="1">
          <containerEntry>StaticModelArray0003</containerEntry>
        </property>
        <property name="dataSet" type="EntityHandle" container="StaticArray" arraySize="1">
          <containerEntry>0x33548B0</containerEntry>
        </property>
        <property name="modelFile" type="FilePtr" container="StaticArray" arraySize="1">
          <containerEntry>/Assets/tpp/environ/object/middle_africa/rock/mafr_rock007/scenes/mafr_rock007.fmdl</containerEntry>
        </property>
        <property name="geomFile" type="FilePtr" container="StaticArray" arraySize="1">
          <containerEntry>/Assets/tpp/environ/object/middle_africa/rock/mafr_rock007/scenes/mafr_rock007.geom</containerEntry>
        </property>
        <property name="isVisibleGeom" type="Bool" container="StaticArray" arraySize="1">
          <containerEntry>false</containerEntry>
        </property>
        <property name="lodFarSize" type="Float" container="StaticArray" arraySize="1">
          <containerEntry>-1</containerEntry>
        </property>
        <property name="lodNearSize" type="Float" container="StaticArray" arraySize="1">
          <containerEntry>-1</containerEntry>
        </property>
        <property name="lodPolygonSize" type="Float" container="StaticArray" arraySize="1">
          <containerEntry>-1</containerEntry>
        </property>
        <property name="drawRejectionLevel" type="Int32" container="StaticArray" arraySize="1">
          <containerEntry>8</containerEntry>
        </property>
        <property name="drawMode" type="Int32" container="StaticArray" arraySize="1">
          <containerEntry>0</containerEntry>
        </property>
        <property name="rejectFarRangeShadowCast" type="Int32" container="StaticArray" arraySize="1">
          <containerEntry>2</containerEntry>
        </property>
        <property name="parentLocator" type="EntityLink" container="StaticArray" arraySize="1">
          <containerEntry packagePathHash="0xB8A0BF169F98" archivePathHash="0xB8A0BF169F98" nameInArchiveHash="0xB8A0BF169F98">0x0</containerEntry>
        </property>
        <property name="transforms" type="Matrix4" container="DynamicArray" arraySize="3">
          <containerEntry r11="0.91375214" r12="0" r13="0.4062719" r14="0" r21="0" r22="1" r23="0" r24="0" r31="-0.4062719" r32="0" r33="0.91375214" r34="0" r41="1398.4315" r42="82.804634" r43="-630.23553" r44="1"></containerEntry>
          <containerEntry r11="0.99266785" r12="-0.120873794" r13="0" r14="0" r21="0.120873794" r22="0.99266785" r23="0" r24="0" r31="0" r32="0" r33="1" r34="0" r41="1301.5819" r42="54.72527" r43="-621.60864" r44="1"></containerEntry>
          <containerEntry r11="0.30996546" r12="-0.055631436" r13="-0.9491187" r14="0" r21="0.0377426" r22="0.9982197" r23="-0.046183355" r24="0" r31="0.9499982" r32="-0.021506973" r33="0.3115133" r34="0" r41="1365.3716" r42="55.522896" r43="-591.09" r44="1"></containerEntry>
        </property>
        <property name="colors" type="UInt32" container="DynamicArray" arraySize="3">
          <containerEntry>4294967295</containerEntry>
          <containerEntry>4294967295</containerEntry>
          <containerEntry>4294967295</containerEntry>
        </property>
      </staticProperties>
      <dynamicProperties></dynamicProperties>
    </entity>
    <entity class="TexturePackLoadConditioner" classVersion="0" classID="0x48" addr="0x317AC00" id="0x0">
      <staticProperties>
        <property name="name" type="String" container="StaticArray" arraySize="1">
          <containerEntry>TexturePackLoadConditioner0000</containerEntry>
        </property>
        <property name="dataSet" type="EntityHandle" container="StaticArray" arraySize="1">
          <containerEntry>0x33548B0</containerEntry>
        </property>
        <property name="texturePackPath" type="Path" container="StaticArray" arraySize="1">
          <containerEntry hash="0xB8A0BF169F98"></containerEntry>
        </property>
      </staticProperties>
      <dynamicProperties></dynamicProperties>
    </entity>
  </entities>
</fox>