<fox formatVersion="2" fileVersion="0">
  <entities>
    <entity class="DataSet" classVersion="0" classID="0xE8" addr="0x2F52FC0" id="0xC6BA8">
      <staticProperties>
        <property name="name" type="String" container="StaticArray" arraySize="1">
          <containerEntry hash="0xB8A0BF169F98"></containerEntry>
        </property>
        <property name="dataSet" type="EntityHandle" container="StaticArray" arraySize="1">
          <containerEntry>0x0</containerEntry>
        </property>
        <property name="dataList" type="EntityPtr" container="StringMap" arraySize="13">
          <containerEntry key="afgh_clff022_vrtn003_0008">
            <data>0x2F53030</data>
          </containerEntry>
          <containerEntry key="afgh_rock006_0000">
            <data>0x2D79C40</data>
          </containerEntry>
          <containerEntry key="afgh_clff035_vrtn003_0008">
            <data>0x2D79FC0</data>
          </containerEntry>
          <containerEntry key="StaticModelArray0000">
            <data>0x2D7E8D0</data>
          </containerEntry>
          <containerEntry key="StaticModelArray0001">
            <data>0x2D7DE50</data>
          </containerEntry>
          <containerEntry key="StaticModelArray0002">
            <data>0x2D7E6A0</data>
          </containerEntry>
          <containerEntry key="StaticModelArray0003">
            <data>0x2F52AF0</data>
          </containerEntry>
          <containerEntry key="StaticModelArray0004">
            <data>0x2D7E080</data>
          </containerEntry>
          <containerEntry key="StaticModelArray0005">
            <data>0x2D7E240</data>
          </containerEntry>
          <containerEntry key="StaticModelArray0006">
            <data>0x2D7DDE0</data>
          </containerEntry>
          <containerEntry key="StaticModelArray0007">
            <data>0x2D7DEC0</data>
          </containerEntry>
          <containerEntry key="StaticModelArray0008">
            <data>0x2D7DF30</data>
          </containerEntry>
          <containerEntry key="TexturePackLoadConditioner0000">
            <data>0x2D7EB00</data>
          </containerEntry>
        </property>
      </staticProperties>
      <dynamicProperties></dynamicProperties>
    </entity>
    <entity class="StaticModel" classVersion="9" classID="0x160" addr="0x2F53030" id="0xC6BAA">
      <staticProperties>
        <property name="name" type="String" container="StaticArray" arraySize="1">
          <containerEntry>afgh_clff022_vrtn003_0008</containerEntry>
        </property>
        <property name="dataSet" type="EntityHandle" container="StaticArray" arraySize="1">
          <containerEntry>0x2F52FC0</containerEntry>
        </property>
        <property name="parent" type="EntityHandle" container="StaticArray" arraySize="1">
          <containerEntry>0x0</containerEntry>
        </property>
        <property name="transform" type="EntityPtr" container="StaticArray" arraySize="1">
          <containerEntry>0x2F530A0</containerEntry>
        </property>
        <property name="shearTransform" type="EntityPtr" container="StaticArray" arraySize="1">
          <containerEntry>0x0</containerEntry>
        </property>
        <property name="pivotTransform" type="EntityPtr" container="StaticArray" arraySize="1">
          <containerEntry>0x0</containerEntry>
        </property>
        <property name="children" type="EntityHandle" container="List"></property>
        <property name="flags" type="UInt32" container="StaticArray" arraySize="1">
          <containerEntry>3221225479</containerEntry>
        </property>
        <property name="modelFile" type="FilePtr" container="StaticArray" arraySize="1">
          <containerEntry>/Assets/tpp/environ/object/afghanistan/cliff/afgh_clff022/scenes/afgh_clff022_vrtn003.fmdl</containerEntry>
        </property>
        <property name="geomFile" type="FilePtr" container="StaticArray" arraySize="1">
          <containerEntry>/Assets/tpp/environ/object/afghanistan/cliff/afgh_clff022/scenes/afgh_clff022_vrtn003.geom</containerEntry>
        </property>
        <property name="isVisibleGeom" type="Bool" container="StaticArray" arraySize="1">
          <containerEntry>false</containerEntry>
        </property>
        <property name="isIsolated" type="Bool" container="StaticArray" arraySize="1">
          <containerEntry>false</containerEntry>
        </property>
        <property name="lodFarSize" type="Float" container="StaticArray" arraySize="1">
          <containerEntry>-1</containerEntry>
        </property>
        <property name="lodNearSize" type="Float" container="StaticArray" arraySize="1">
          <containerEntry>-1</containerEntry>
        </property>
        <property name="lodPolygonSize" type="Float" container="StaticArray" arraySize="1">
          <containerEntry>-1</containerEntry>
        </property>
        <property name="color" type="Color" container="StaticArray" arraySize="1">
          <containerEntry r="1" g="1" b="1" a="1"></containerEntry>
        </property>
        <property name="drawRejectionLevel" type="Int32" container="StaticArray" arraySize="1">
          <containerEntry>8</containerEntry>
        </property>
        <property name="drawMode" type="Int32" container="StaticArray" arraySize="1">
          <containerEntry>0</containerEntry>
        </property>
        <property name="rejectFarRangeShadowCast" type="Int32" container="StaticArray" arraySize="1">
          <containerEntry>2</containerEntry>
        </property>
      </staticProperties>
      <dynamicProperties></dynamicProperties>
    </entity>
    <entity class="TransformEntity" classVersion="0" classID="0x50" addr="0x2F530A0" id="0xC6BAD">
      <staticProperties>
        <property name="owner" type="EntityHandle" container="StaticArray" arraySize="1">
          <containerEntry>0x2F53030</containerEntry>
        </property>
        <property name="transform_scale" type="Vector3" container="StaticArray" arraySize="1">
          <containerEntry x="1" y="1" z="1" w="0"></containerEntry>
        </property>
        <property name="transform_rotation_quat" type="Quat" container="StaticArray" arraySize="1">
          <containerEntry x="-0.02221" y="0.836399" z="0.001128" w="0.54767"></containerEntry>
        </property>
        <property name="transform_translation" type="Vector3" container="StaticArray" arraySize="1">
          <containerEntry x="772.9089" y="339.20914" z="1770.6699" w="0"></containerEntry>
        </property>
      </staticProperties>
      <dynamicProperties></dynamicProperties>
    </entity>
    <entity class="StaticModel" classVersion="9" classID="0x160" addr="0x2D79C40" id="0xC6DD3">
      <staticProperties>
        <property name="name" type="String" container="StaticArray" arraySize="1">
          <containerEntry>afgh_rock006_0000</containerEntry>
        </property>
        <property name="dataSet" type="EntityHandle" container="StaticArray" arraySize="1">
          <containerEntry>0x2F52FC0</containerEntry>
        </property>
        <property name="parent" type="EntityHandle" container="StaticArray" arraySize="1">
          <containerEntry>0x0</containerEntry>
        </property>
        <property name="transform" type="EntityPtr" container="StaticArray" arraySize="1">
          <containerEntry>0x2D79CB0</containerEntry>
        </property>
        <property name="shearTransform" type="EntityPtr" container="StaticArray" arraySize="1">
          <containerEntry>0x0</containerEntry>
        </property>
        <property name="pivotTransform" type="EntityPtr" container="StaticArray" arraySize="1">
          <containerEntry>0x0</containerEntry>
        </property>
        <property name="children" type="EntityHandle" container="List"></property>
        <property name="flags" type="UInt32" container="StaticArray" arraySize="1">
          <containerEntry>7</containerEntry>
        </property>
        <property name="modelFile" type="FilePtr" container="StaticArray" arraySize="1">
          <containerEntry>/Assets/tpp/environ/object/afghanistan/rock/afgh_rock006/scenes/afgh_rock006.fmdl</containerEntry>
        </property>
        <property name="geomFile" type="FilePtr" container="StaticArray" arraySize="1">
          <containerEntry>/Assets/tpp/environ/object/afghanistan/rock/afgh_rock006/scenes/afgh_rock006.geom</containerEntry>
        </property>
        <property name="isVisibleGeom" type="Bool" container="StaticArray" arraySize="1">
          <containerEntry>false</containerEntry>
        </property>
        <property name="isIsolated" type="Bool" container="StaticArray" arraySize="1">
          <containerEntry>false</containerEntry>
        </property>
        <property name="lodFarSize" type="Float" container="StaticArray" arraySize="1">
          <containerEntry>-1</containerEntry>
        </property>
        <property name="lodNearSize" type="Float" container="StaticArray" arraySize="1">
          <containerEntry>-1</containerEntry>
        </property>
        <property name="lodPolygonSize" type="Float" container="StaticArray" arraySize="1">
          <containerEntry>-1</containerEntry>
        </property>
        <property name="color" type="Color" container="StaticArray" arraySize="1">
          <containerEntry r="1" g="1" b="1" a="1"></containerEntry>
        </property>
        <property name="drawRejectionLevel" type="Int32" container="StaticArray" arraySize="1">
          <containerEntry>8</containerEntry>
        </property>
        <property name="drawMode" type="Int32" container="StaticArray" arraySize="1">
          <containerEntry>0</containerEntry>
        </property>
        <property name="rejectFarRangeShadowCast" type="Int32" container="StaticArray" arraySize="1">
          <containerEntry>2</containerEntry>
        </property>
      </staticProperties>
      <dynamicProperties></dynamicProperties>
    </entity>
    <entity class="TransformEntity" classVersion="0" classID="0x50" addr="0x2D79CB0" id="0xC6DD6">
      <staticProperties>
        <property name="owner" type="EntityHandle" container="StaticArray" arraySize="1">
          <containerEntry>0x2D79C40</containerEntry>
        </property>
        <property name="transform_scale" type="Vector3" container="StaticArray" arraySize="1">
          <containerEntry x="1" y="1" z="1" w="0"></containerEntry>
        </property>
        <property name="transform_rotation_quat" type="Quat" container="StaticArray" arraySize="1">
          <containerEntry x="-0.013118" y="0" z="-0.078714" w="0.996811"></containerEntry>
        </property>
        <property name="transform_translation" type="Vector3" container="StaticArray" arraySize="1">
          <containerEntry x="793.74994" y="324.45474" z="1766.918" w="0"></containerEntry>
        </property>
      </staticProperties>
      <dynamicProperties></dynamicProperties>
    </entity>
    <entity class="StaticModel" classVersion="9" classID="0x160" addr="0x2D79FC0" id="0xC6DE5">
      <staticProperties>
        <property name="name" type="String" container="StaticArray" arraySize="1">
          <containerEntry>afgh_clff035_vrtn003_0008</containerEntry>
        </property>
        <property name="dataSet" type="EntityHandle" container="StaticArray" arraySize="1">
          <containerEntry>0x2F52FC0</containerEntry>
        </property>
        <property name="parent" type="EntityHandle" container="StaticArray" arraySize="1">
          <containerEntry>0x0</containerEntry>
        </property>
        <property name="transform" type="EntityPtr" container="StaticArray" arraySize="1">
          <containerEntry>0x2D7A030</containerEntry>
        </property>
        <property name="shearTransform" type="EntityPtr" container="StaticArray" arraySize="1">
          <containerEntry>0x0</containerEntry>
        </property>
        <property name="pivotTransform" type="EntityPtr" container="StaticArray" arraySize="1">
          <containerEntry>0x0</containerEntry>
        </property>
        <property name="children" type="EntityHandle" container="List"></property>
        <property name="flags" type="UInt32" container="StaticArray" arraySize="1">
          <containerEntry>7</containerEntry>
        </property>
        <property name="modelFile" type="FilePtr" container="StaticArray" arraySize="1">
          <containerEntry>/Assets/tpp/environ/object/afghanistan/cliff/afgh_clff035/scenes/afgh_clff035_vrtn003.fmdl</containerEntry>
        </property>
        <property name="geomFile" type="FilePtr" container="StaticArray" arraySize="1">
          <containerEntry>/Assets/tpp/environ/object/afghanistan/cliff/afgh_clff035/scenes/afgh_clff035_vrtn003.geom</containerEntry>
        </property>
        <property name="isVisibleGeom" type="Bool" container="StaticArray" arraySize="1">
          <containerEntry>false</containerEntry>
        </property>
        <property name="isIsolated" type="Bool" container="StaticArray" arraySize="1">
          <containerEntry>false</containerEntry>
        </property>
        <property name="lodFarSize" type="Float" container="StaticArray" arraySize="1">
          <containerEntry>-1</containerEntry>
        </property>
        <property name="lodNearSize" type="Float" container="StaticArray" arraySize="1">
          <containerEntry>-1</containerEntry>
        </property>
        <property name="lodPolygonSize" type="Float" container="StaticArray" arraySize="1">
          <containerEntry>-1</containerEntry>
        </property>
        <property name="color" type="Color" container="StaticArray" arraySize="1">
          <containerEntry r="1" g="1" b="1" a="1"></containerEntry>
        </property>
        <property name="drawRejectionLevel" type="Int32" container="StaticArray" arraySize="1">
          <containerEntry>8</containerEntry>
        </property>
        <property name="drawMode" type="Int32" container="StaticArray" arraySize="1">
          <containerEntry>0</containerEntry>
        </property>
        <property name="rejectFarRangeShadowCast" type="Int32" container="StaticArray" arraySize="1">
          <containerEntry>2</containerEntry>
        </property>
      </staticProperties>
      <dynamicProperties></dynamicProperties>
    </entity>
    <entity class="TransformEntity" classVersion="0" classID="0x50" addr="0x2D7A030" id="0xC6DE8">
      <staticProperties>
        <property name="owner" type="EntityHandle" container="StaticArray" arraySize="1">
          <containerEntry>0x2D79FC0</containerEntry>
        </property>
        <property name="transform_scale" type="Vector3" container="StaticArray" arraySize="1">
          <containerEntry x="1" y="1" z="1" w="0"></containerEntry>
        </property>
        <property name="transform_rotation_quat" type="Quat" container="StaticArray" arraySize="1">
          <containerEntry x="0" y="-0.967966" z="0" w="-0.251079"></containerEntry>
        </property>
        <property name="transform_translation" type="Vector3" container="StaticArray" arraySize="1">
          <containerEntry x="770.4949" y="336.15646" z="1755.6373" w="0"></containerEntry>
        </property>
      </staticProperties>
      <dynamicProperties></dynamicProperties>
    </entity>
    <entity class="StaticModelArray" classVersion="4" classID="0xD0" addr="0x2D7E8D0" id="0x0">
      <staticProperties>
        <property name="name" type="String" container="StaticArray" arraySize="1">
          <containerEntry>StaticModelArray0000</containerEntry>
        </property>
        <property name="dataSet" type="EntityHandle" container="StaticArray" arraySize="1">
          <containerEntry>0x2F52FC0</containerEntry>
        </property>
        <property name="modelFile" type="FilePtr" container="StaticArray" arraySize="1">
          <containerEntry>/Assets/tpp/environ/object/afghanistan/cliff/afgh_clff013/scenes/afgh_clff013.fmdl</containerEntry>
        </property>
        <property name="geomFile" type="FilePtr" container="StaticArray" arraySize="1">
          <containerEntry>/Assets/tpp/environ/object/afghanistan/cliff/afgh_clff013/scenes/afgh_clff013.geom</containerEntry>
        </property>
        <property name="isVisibleGeom" type="Bool" container="StaticArray" arraySize="1">
          <containerEntry>false</containerEntry>
        </property>
        <property name="lodFarSize" type="Float" container="StaticArray" arraySize="1">
          <containerEntry>-1</containerEntry>
        </property>
        <property name="lodNearSize" type="Float" container="StaticArray" arraySize="1">
          <containerEntry>-1</containerEntry>
        </property>
        <property name="lodPolygonSize" type="Float" container="StaticArray" arraySize="1">
          <containerEntry>-1</containerEntry>
        </property>
        <property name="drawRejectionLevel" type="Int32" container="StaticArray" arraySize="1">
          <containerEntry>8</containerEntry>
        </property>
        <property name="drawMode" type="Int32" container="StaticArray" arraySize="1">
          <containerEntry>0</containerEntry>
        </property>
        <property name="rejectFarRangeShadowCast" type="Int32" container="StaticArray" arraySize="1">
          <containerEntry>2</containerEntry>
        </property>
        <property name="parentLocator" type="EntityLink" container="StaticArray" arraySize="1">
          <containerEntry packagePathHash="0xB8A0BF169F98" archivePathHash="0xB8A0BF169F98" nameInArchiveHash="0xB8A0BF169F98">0x0</containerEntry>
        </property>
        <property name="transforms" type="Matrix4" container="DynamicArray" arraySize="5">
          <containerEntry r11="-0.066562295" r12="0" r13="0.99778193" r14="0" r21="0" r22="1" r23="0" r24="0" r31="-0.99778193" r32="0" r33="-0.066562295" r34="0" r41="844.50214" r42="321.80646" r43="1776.8615" r44="1"></containerEntry>
          <containerEntry r11="-0.65831554" r12="0" r13="0.75274086" r14="0" r21="0" r22="1" r23="0" r24="0" r31="-0.75274086" r32="0" r33="-0.65831554" r34="0" r41="852.5832" r42="321.89734" r43="1758.9832" r44="1"></containerEntry>
          <containerEntry r11="-0.85578215" r12="0" r13="0.51733625" r14="0" r21="0" r22="1" r23="0" r24="0" r31="-0.51733625" r32="0" r33="-0.85578215" r34="0" r41="868.70386" r42="321.77142" r43="1745.304" r44="1"></containerEntry>
          <containerEntry r11="-0.9648278" r12="0.012468519" r13="0.26257992" r14="0" r21="-0.0037860763" r22="0.9981118" r23="-0.061306596" r24="0" r31="-0.2628485" r32="-0.060144566" r33="-0.96295875" r34="0" r41="887.7295" r42="321.79486" r43="1736.8116" r44="1"></containerEntry>
          <containerEntry r11="-0.39806572" r12="-0.02426264" r13="0.9170371" r14="0" r21="-0.0063498756" r22="0.9996991" r23="0.023693364" r24="0" r31="-0.9173361" r32="0.0036084233" r33="-0.39810002" r34="0" r41="870.7249" r42="328.32996" r43="1773.0516" r44="1"></containerEntry>
        </property>
        <property name="colors" type="UInt32" container="DynamicArray" arraySize="5">
          <containerEntry>4294967295</containerEntry>
          <containerEntry>4294967295</containerEntry>
          <containerEntry>4294967295</containerEntry>
          <containerEntry>4294967295</containerEntry>
          <containerEntry>4294967295</containerEntry>
        </property>
      </staticProperties>
      <dynamicProperties></dynamicProperties>
    </entity>
    <entity class="StaticModelArray" classVersion="4" classID="0xD0" addr="0x2D7DE50" id="0x0">
      <staticProperties>
        <property name="name" type="String" container="StaticArray" arraySize="1">
          <containerEntry>StaticModelArray0001</containerEntry>
        </property>
        <property name="dataSet" type="EntityHandle" container="StaticArray" arraySize="1">
          <containerEntry>0x2F52FC0</containerEntry>
        </property>
        <property name="modelFile" type="FilePtr" container="StaticArray" arraySize="1">
          <containerEntry>/Assets/tpp/environ/object/afghanistan/rock/afgh_rock010/scenes/afgh_rock010_vrtn001.fmdl</containerEntry>
        </property>
        <property name="geomFile" type="FilePtr" container="StaticArray" arraySize="1">
          <containerEntry>/Assets/tpp/environ/object/afghanistan/rock/afgh_rock010/scenes/afgh_rock010_vrtn001.geom</containerEntry>
        </property>
        <property name="isVisibleGeom" type="Bool" container="StaticArray" arraySize="1">
          <containerEntry>false</containerEntry>
        </property>
        <property name="lodFarSize" type="Float" container="StaticArray" arraySize="1">
          <containerEntry>-1</containerEntry>
        </property>
        <property name="lodNearSize" type="Float" container="StaticArray" arraySize="1">
          <containerEntry>-1</containerEntry>
        </property>
        <property name="lodPolygonSize" type="Float" container="StaticArray" arraySize="1">
          <containerEntry>-1</containerEntry>
        </property>
        <property name="drawRejectionLevel" type="Int32" container="StaticArray" arraySize="1">
          <containerEntry>8</containerEntry>
        </property>
        <property name="drawMode" type="Int32" container="StaticArray" arraySize="1">
          <containerEntry>0</containerEntry>
        </property>
        <property name="rejectFarRangeShadowCast" type="Int32" container="StaticArray" arraySize="1">
          <containerEntry>2</containerEntry>
        </property>
        <property name="parentLocator" type="EntityLink" container="StaticArray" arraySize="1">
          <containerEntry packagePathHash="0xB8A0BF169F98" archivePathHash="0xB8A0BF169F98" nameInArchiveHash="0xB8A0BF169F98">0x0</containerEntry>
        </property>
        <property name="transforms" type="Matrix4" container="DynamicArray" arraySize="5">
          <containerEntry r11="0.98795867" r12="0.09323196" r13="0.12347261" r14="0" r21="-0.06524439" r22="0.97467244" r23="-0.2139084" r24="0" r31="-0.14028846" r32="0.20327675" r33="0.96901894" r34="0" r41="864.5258" r42="327.93716" r43="1754.6917" r44="1"></containerEntry>
          <containerEntry r11="0.64811355" r12="-0.03723375" r13="0.7606326" r14="0" r21="-0.10950273" r22="0.98386824" r23="0.14146541" r24="0" r31="-0.7536295" r32="-0.17497702" r33="0.6335811" r34="0" r41="857.97437" r42="327.5284" r43="1785.0271" r44="1"></containerEntry>
          <containerEntry r11="-0.40565932" r12="0.62885034" r13="-0.6633143" r14="0" r21="-0.28754312" r22="-0.77666175" r23="-0.5604579" r24="0" r31="-0.867616" r32="-0.036623895" r33="0.4958835" r34="0" r41="890.21844" r42="331.4899" r43="1754.5104" r44="1"></containerEntry>
          <containerEntry r11="0.7771863" r12="-0.017319046" r13="0.62903214" r14="0" r21="0.21800587" r22="0.94512635" r23="-0.24333009" r24="0" r31="-0.59030056" r32="0.32624552" r33="0.7383149" r34="0" r41="877.1955" r42="337.10403" r43="1787.0409" r44="1"></containerEntry>
          <containerEntry r11="0.6492264" r12="0.7259342" r13="0.2269889" r14="0" r21="-0.71362156" r22="0.47811973" r23="0.5120007" r24="0" r31="0.26315144" r32="-0.49438846" r33="0.828451" r34="0" r41="884.07574" r42="341.77173" r43="1797.6595" r44="1"></containerEntry>
        </property>
        <property name="colors" type="UInt32" container="DynamicArray" arraySize="5">
          <containerEntry>4294967295</containerEntry>
          <containerEntry>4294967295</containerEntry>
          <containerEntry>4294967295</containerEntry>
          <containerEntry>4294967295</containerEntry>
          <containerEntry>4294967295</containerEntry>
        </property>
      </staticProperties>
      <dynamicProperties></dynamicProperties>
    </entity>
    <entity class="StaticModelArray" classVersion="4" classID="0xD0" addr="0x2D7E6A0" id="0x0">
      <staticProperties>
        <property name="name" type="String" container="StaticArray" arraySize="1">
          <containerEntry>StaticModelArray0002</containerEntry>
        </property>
        <property name="dataSet" type="EntityHandle" container="StaticArray" arraySize="1">
          <containerEntry>0x2F52FC0</containerEntry>
        </property>
        <property name="modelFile" type="FilePtr" container="StaticArray" arraySize="1">
          <containerEntry>/Assets/tpp/environ/object/afghanistan/rock/afgh_rock009/scenes/afgh_rock009_rock002.fmdl</containerEntry>
        </property>
        <property name="geomFile" type="FilePtr" container="StaticArray" arraySize="1">
          <containerEntry>/Assets/tpp/environ/object/afghanistan/rock/afgh_rock009/scenes/afgh_rock009_rock002.geom</containerEntry>
        </property>
        <property name="isVisibleGeom" type="Bool" container="StaticArray" arraySize="1">
          <containerEntry>false</containerEntry>
        </property>
        <property name="lodFarSize" type="Float" container="StaticArray" arraySize="1">
          <containerEntry>-1</containerEntry>
        </property>
        <property name="lodNearSize" type="Float" container="StaticArray" arraySize="1">
          <containerEntry>-1</containerEntry>
        </property>
        <property name="lodPolygonSize" type="Float" container="StaticArray" arraySize="1">
          <containerEntry>-1</containerEntry>
        </property>
        <property name="drawRejectionLevel" type="Int32" container="StaticArray" arraySize="1">
          <containerEntry>8</containerEntry>
        </property>
        <property name="drawMode" type="Int32" container="StaticArray" arraySize="1">
          <containerEntry>0</containerEntry>
        </property>
        <property name="rejectFarRangeShadowCast" type="Int32" container="StaticArray" arraySize="1">
          <containerEntry>2</containerEntry>
        </property>
        <property name="parentLocator" type="EntityLink" container="StaticArray" arraySize="1">
          <containerEntry packagePathHash="0xB8A0BF169F98" archivePathHash="0xB8A0BF169F98" nameInArchiveHash="0xB8A0BF169F98">0x0</containerEntry>
        </property>
        <property name="transforms" type="Matrix4" container="DynamicArray" arraySize="2">
          <containerEntry r11="-0.21201444" r12="-0.19898355" r13="-0.9567955" r14="0" r21="0.30568665" r22="0.9164197" r23="-0.25832304" r24="0" r31="0.9282283" r32="-0.34724727" r33="-0.13346773" r34="0" r41="788.1382" r42="325.0025" r43="1761.0225" r44="1"></containerEntry>
          <containerEntry r11="1" r12="0" r13="0" r14="0" r21="0" r22="1" r23="0" r24="0" r31="0" r32="0" r33="1" r34="0" r41="820.4109" r42="325.44543" r43="1754.3503" r44="1"></containerEntry>
        </property>
        <property name="colors" type="UInt32" container="DynamicArray" arraySize="2">
          <containerEntry>4294967295</containerEntry>
          <containerEntry>4294967295</containerEntry>
        </property>
      </staticProperties>
      <dynamicProperties></dynamicProperties>
    </entity>
    <entity class="StaticModelArray" classVersion="4" classID="0xD0" addr="0x2F52AF0" id="0x0">
      <staticProperties>
        <property name="name" type="String" container="StaticArray" arraySize="1">
          <containerEntry>StaticModelArray0003</containerEntry>
        </property>
        <property name="dataSet" type="EntityHandle" container="StaticArray" arraySize="1">
          <containerEntry>0x2F52FC0</containerEntry>
        </property>
        <property name="modelFile" type="FilePtr" container="StaticArray" arraySize="1">
          <containerEntry>/Assets/tpp/environ/object/afghanistan/cliff/afgh_clff025/scenes/afgh_clff025.fmdl</containerEntry>
        </property>
        <property name="geomFile" type="FilePtr" container="StaticArray" arraySize="1">
          <containerEntry>/Assets/tpp/environ/object/afghanistan/cliff/afgh_clff025/scenes/afgh_clff025.geom</containerEntry>
        </property>
        <property name="isVisibleGeom" type="Bool" container="StaticArray" arraySize="1">
          <containerEntry>false</containerEntry>
        </property>
        <property name="lodFarSize" type="Float" container="StaticArray" arraySize="1">
          <containerEntry>-1</containerEntry>
        </property>
        <property name="lodNearSize" type="Float" container="StaticArray" arraySize="1">
          <containerEntry>-1</containerEntry>
        </property>
        <property name="lodPolygonSize" type="Float" container="StaticArray" arraySize="1">
          <containerEntry>-1</containerEntry>
        </property>
        <property name="drawRejectionLevel" type="Int32" container="StaticArray" arraySize="1">
          <containerEntry>8</containerEntry>
        </property>
        <property name="drawMode" type="Int32" container="StaticArray" arraySize="1">
          <containerEntry>0</containerEntry>
        </property>
        <property name="rejectFarRangeShadowCast" type="Int32" container="StaticArray" arraySize="1">
          <containerEntry>2</containerEntry>
        </property>
        <property name="parentLocator" type="EntityLink" container="StaticArray" arraySize="1">
          <containerEntry packagePathHash="0xB8A0BF169F98" archivePathHash="0xB8A0BF169F98" nameInArchiveHash="0xB8A0BF169F98">0x0</containerEntry>
        </property>
        <property name="transforms" type="Matrix4" container="DynamicArray" arraySize="22">
          <containerEntry r11="0.8998932" r12="-0.10162922" r13="0.424103" r14="0" r21="0.054016404" r22="0.99095416" r23="0.12284949" r24="0" r31="-0.43275174" r32="-0.087642856" r33="0.8972426" r34="0" r41="793.92206" r42="324.03598" r43="1756.7732" r44="1"></containerEntry>
          <containerEntry r11="0.28541902" r12="-0.10287219" r13="0.9528666" r14="0" r21="-0.014721274" r22="0.9936348" r23="0.11168326" r24="0" r31="-0.9582905" r32="-0.045904003" r33="0.28208786" r34="0" r41="793.417" r42="331.8371" r43="1688.5607" r44="1"></containerEntry>
          <containerEntry r11="0.33216286" r12="-0.049592145" r13="0.9419159" r14="0" r21="0.006634878" r22="0.998715" r23="0.050242774" r24="0" r31="-0.9431972" r32="-0.010439202" r33="0.33206505" r34="0" r41="785.61035" r42="324.7492" r43="1748.8876" r44="1"></containerEntry>
          <containerEntry r11="-0.66134965" r12="0.017786648" r13="0.7498615" r14="0" r21="0.039619032" r22="0.99915165" r23="0.011242897" r24="0" r31="-0.74902534" r32="0.03714439" r33="-0.66149324" r34="0" r41="779.2085" r42="324.9421" r43="1728.5702" r44="1"></containerEntry>
          <containerEntry r11="0.6576015" r12="-0.0064968048" r13="0.7533381" r14="0" r21="-0.032434113" r22="0.9987916" r23="0.036925893" r24="0" r31="-0.75266767" r32="-0.04871637" r33="0.65659606" r34="0" r41="773.5007" r42="326.65164" r43="1702.2404" r44="1"></containerEntry>
          <containerEntry r11="0.43155918" r12="-0.094354026" r13="0.8971353" r14="0" r21="-2.2046268e-05" r22="0.99451375" r23="0.104605965" r24="0" r31="-0.90208346" r32="-0.045163326" r33="0.42918944" r34="0" r41="781.32745" r42="326.4315" r43="1710.0619" r44="1"></containerEntry>
          <containerEntry r11="0.51024854" r12="-0.0036240406" r13="0.86001766" r14="0" r21="0.050937477" r22="0.99836296" r23="-0.026014026" r24="0" r31="-0.8585155" r32="0.05708084" r33="0.5095978" r34="0" r41="779.3563" r42="325.19562" r43="1739.9772" r44="1"></containerEntry>
          <containerEntry r11="0.17329192" r12="-0.08540125" r13="0.981162" r14="0" r21="0.03036185" r22="0.99622303" r23="0.081349775" r24="0" r31="-0.98440355" r32="0.015692495" r33="0.17523032" r34="0" r41="798.72314" r42="329.97076" r43="1706.0049" r44="1"></containerEntry>
          <containerEntry r11="-0.122791424" r12="0.092556655" r13="-0.9881056" r14="0" r21="-0.017980158" r22="0.99527067" r23="0.095462106" r24="0" r31="0.99226815" r32="0.029488385" r33="-0.12054652" r34="0" r41="813.97687" r42="330.41904" r43="1702.0204" r44="1"></containerEntry>
          <containerEntry r11="-0.12254022" r12="0.079300776" r13="-0.98928934" r14="0" r21="-0.01961453" r22="0.9964144" r23="0.08230147" r24="0" r31="0.99226874" r32="0.029489782" r33="-0.12054539" r34="0" r41="815.4043" r42="329.39456" r43="1711.6235" r44="1"></containerEntry>
          <containerEntry r11="1" r12="0" r13="0" r14="0" r21="0" r22="1" r23="0" r24="0" r31="0" r32="0" r33="1" r34="0" r41="824.57666" r42="332.84848" r43="1665.6353" r44="1"></containerEntry>
          <containerEntry r11="0.91801673" r12="-0.12082308" r13="0.3776865" r14="0" r21="0.15256509" r22="0.9867526" r23="-0.055164307" r24="0" r31="-0.36601806" r32="0.10826354" r33="0.9242888" r34="0" r41="834.8658" r42="332.2987" r43="1667.6948" r44="1"></containerEntry>
          <containerEntry r11="0.16945443" r12="-0.18323559" r13="0.9683554" r14="0" r21="0.16184148" r22="0.9743989" r23="0.15605822" r24="0" r31="-0.97215986" r32="0.13027492" r33="0.19477123" r34="0" r41="805.8" r42="327.889" r43="1727.7216" r44="1"></containerEntry>
          <containerEntry r11="0.9577583" r12="0.020504229" r13="-0.2868423" r14="0" r21="-0.024875458" r22="0.99962324" r23="-0.011602785" r24="0" r31="0.28649628" r32="0.018248003" r33="0.9579075" r34="0" r41="815.8902" r42="332.72314" r43="1666.8248" r44="1"></containerEntry>
          <containerEntry r11="0.22298956" r12="0.10065645" r13="-0.9696094" r14="0" r21="-0.023339614" r22="0.9949209" r23="0.09791638" r24="0" r31="0.9745406" r32="0.00079607964" r33="0.22420627" r34="0" r41="815.95966" r42="328.0248" r43="1720.8431" r44="1"></containerEntry>
          <containerEntry r11="0.29390123" r12="0.06887635" r13="-0.95335007" r14="0" r21="-0.014035353" r22="0.99760383" r23="0.0677466" r24="0" r31="0.95573187" r32="-0.006530134" r33="0.2941637" r34="0" r41="815.5606" r42="327.12006" r43="1730.397" r44="1"></containerEntry>
          <containerEntry r11="-0.40004855" r12="0.11481261" r13="-0.9092724" r14="0" r21="-0.009297114" r22="0.9915628" r23="0.12929359" r24="0" r31="0.9164452" r32="0.06017752" r33="-0.3956058" r34="0" r41="809.6608" r42="331.4598" r43="1692.5746" r44="1"></containerEntry>
          <containerEntry r11="-0.37587622" r12="0.070982546" r13="-0.9239449" r14="0" r21="-0.060763463" r22="0.9930281" r23="0.10100947" r24="0" r31="0.92467314" r32="0.09410946" r33="-0.3689425" r34="0" r41="804.0698" r42="332.56866" r43="1683.2244" r44="1"></containerEntry>
          <containerEntry r11="-0.7534557" r12="0.12902993" r13="-0.64470917" r14="0" r21="0.060313843" r22="0.98998445" r23="0.12764437" r24="0" r31="0.65472203" r32="0.057289805" r33="-0.7536917" r34="0" r41="815.3452" r42="330.77884" r43="1674.2368" r44="1"></containerEntry>
          <containerEntry r11="-0.3890172" r12="0.15659946" r13="-0.907821" r14="0" r21="0.08890969" r22="0.98722786" r23="0.1321975" r24="0" r31="0.91692823" r32="-0.029286861" r33="-0.3979718" r34="0" r41="822.9784" r42="328.6421" r43="1682.5254" r44="1"></containerEntry>
          <containerEntry r11="-0.38955745" r12="0.15052053" r13="-0.90861684" r14="0" r21="0.08651421" r22="0.98817295" r23="0.12660752" r24="0" r31="0.91692764" r32="-0.02928723" r33="-0.3979723" r34="0" r41="827.3547" r42="326.95297" r43="1692.1221" r44="1"></containerEntry>
          <containerEntry r11="0.6519348" r12="-0.16103552" r13="0.7409774" r14="0" r21="0.06784701" r22="0.9856577" r23="0.15451744" r24="0" r31="-0.75523293" r32="-0.050462026" r33="0.65351033" r34="0" r41="786.53796" r42="334.1442" r43="1671.3213" r44="1"></containerEntry>
        </property>
        <property name="colors" type="UInt32" container="DynamicArray" arraySize="22">
          <containerEntry>4294967295</containerEntry>
          <containerEntry>4294967295</containerEntry>
          <containerEntry>4294967295</containerEntry>
          <containerEntry>4294967295</containerEntry>
          <containerEntry>4294967295</containerEntry>
          <containerEntry>4294967295</containerEntry>
          <containerEntry>4294967295</containerEntry>
          <containerEntry>4294967295</containerEntry>
          <containerEntry>4294967295</containerEntry>
          <containerEntry>4294967295</containerEntry>
          <containerEntry>4294967295</containerEntry>
          <containerEntry>4294967295</containerEntry>
          <containerEntry>4294967295</containerEntry>
          <containerEntry>4294967295</containerEntry>
          <containerEntry>4294967295</containerEntry>
          <containerEntry>4294967295</containerEntry>
          <containerEntry>4294967295</containerEntry>
          <containerEntry>4294967295</containerEntry>
          <containerEntry>4294967295</containerEntry>
          <containerEntry>4294967295</containerEntry>
          <containerEntry>4294967295</containerEntry>
          <containerEntry>4294967295</containerEntry>
        </property>
      </staticProperties>
      <dynamicProperties></dynamicProperties>
    </entity>
    <entity class="StaticModelArray" classVersion="4" classID="0xD0" addr="0x2D7E080" id="0x0">
      <staticProperties>
        <property name="name" type="String" container="StaticArray" arraySize="1">
          <containerEntry>StaticModelArray0004</containerEntry>
        </property>
        <property name="dataSet" type="EntityHandle" container="StaticArray" arraySize="1">
          <containerEntry>0x2F52FC0</containerEntry>
        </property>
        <property name="modelFile" type="FilePtr" container="StaticArray" arraySize="1">
          <containerEntry>/Assets/tpp/environ/object/afghanistan/cliff/afgh_clff007/scenes/afgh_clff007.fmdl</containerEntry>
        </property>
        <property name="geomFile" type="FilePtr" container="StaticArray" arraySize="1">
          <containerEntry>/Assets/tpp/environ/object/afghanistan/cliff/afgh_clff007/scenes/afgh_clff007.geom</containerEntry>
        </property>
        <property name="isVisibleGeom" type="Bool" container="StaticArray" arraySize="1">
          <containerEntry>false</containerEntry>
        </property>
        <property name="lodFarSize" type="Float" container="StaticArray" arraySize="1">
          <containerEntry>-1</containerEntry>
        </property>
        <property name="lodNearSize" type="Float" container="StaticArray" arraySize="1">
          <containerEntry>-1</containerEntry>
        </property>
        <property name="lodPolygonSize" type="Float" container="StaticArray" arraySize="1">
          <containerEntry>-1</containerEntry>
        </property>
        <property name="drawRejectionLevel" type="Int32" container="StaticArray" arraySize="1">
          <containerEntry>8</containerEntry>
        </property>
        <property name="drawMode" type="Int32" container="StaticArray" arraySize="1">
          <containerEntry>0</containerEntry>
        </property>
        <property name="rejectFarRangeShadowCast" type="Int32" container="StaticArray" arraySize="1">
          <containerEntry>2</containerEntry>
        </property>
        <property name="parentLocator" type="EntityLink" container="StaticArray" arraySize="1">
          <containerEntry packagePathHash="0xB8A0BF169F98" archivePathHash="0xB8A0BF169F98" nameInArchiveHash="0xB8A0BF169F98">0x0</containerEntry>
        </property>
        <property name="transforms" type="Matrix4" container="DynamicArray" arraySize="7">
          <containerEntry r11="-0.3475543" r12="0.03265523" r13="-0.93709004" r14="0" r21="0.12409795" r22="0.9922039" r23="-0.011450596" r24="0" r31="0.92941046" r32="-0.12027075" r33="-0.34889716" r34="0" r41="834.66473" r42="325.56052" r43="1712.0194" r44="1"></containerEntry>
          <containerEntry r11="0.3260761" r12="0.088342704" r13="-0.94120675" r14="0" r21="-0.06713424" r22="0.9952742" r23="0.070159234" r24="0" r31="0.94295686" r32="0.04030993" r33="0.33046597" r34="0" r41="820.381" r42="322.77142" r43="1777.851" r44="1"></containerEntry>
          <containerEntry r11="0.45026502" r12="0.043073807" r13="-0.8918552" r14="0" r21="0.05828852" r22="0.9952872" r23="0.077496946" r24="0" r31="0.8909902" r32="-0.08687909" r33="0.44563228" r34="0" r41="833.0257" r42="325.29987" r43="1723.4105" r44="1"></containerEntry>
