<fox formatVersion="2" fileVersion="0">
  <entities>
    <entity class="DataSet" classVersion="0" classID="0xE8" addr="0x32F4450" id="0x43BE1">
      <staticProperties>
        <property name="name" type="String" container="StaticArray" arraySize="1">
          <containerEntry hash="0xB8A0BF169F98"></containerEntry>
        </property>
        <property name="dataSet" type="EntityHandle" container="StaticArray" arraySize="1">
          <containerEntry>0x0</containerEntry>
        </property>
        <property name="dataList" type="EntityPtr" container="StringMap" arraySize="8">
          <containerEntry key="mafr_clff003_0002">
            <data>0x32F4220</data>
          </containerEntry>
          <containerEntry key="ObjectBrushPlugin0000">
            <data>0x3175B80</data>
          </containerEntry>
          <containerEntry key="ObjectBrushPlugin0001">
            <data>0x3175BF0</data>
          </containerEntry>
          <containerEntry key="StaticModelArray0000">
            <data>0x317BAE0</data>
          </containerEntry>
          <containerEntry key="StaticModelArray0001">
            <data>0x317BB50</data>
          </containerEntry>
          <containerEntry key="StaticModelArray0002">
            <data>0x317BC30</data>
          </containerEntry>
          <containerEntry key="StaticModelArray0003">
            <data>0x317BBC0</data>
          </containerEntry>
          <containerEntry key="TexturePackLoadConditioner0000">
            <data>0x317C170</data>
          </containerEntry>
        </property>
      </staticProperties>
      <dynamicProperties></dynamicProperties>
    </entity>
    <entity class="StaticModel" classVersion="9" classID="0x160" addr="0x32F4220" id="0x43BEC">
      <staticProperties>
        <property name="name" type="String" container="StaticArray" arraySize="1">
          <containerEntry>mafr_clff003_0002</containerEntry>
        </property>
        <property name="dataSet" type="EntityHandle" container="StaticArray" arraySize="1">
          <containerEntry>0x32F4450</containerEntry>
        </property>
        <property name="parent" type="EntityHandle" container="StaticArray" arraySize="1">
          <containerEntry>0x0</containerEntry>
        </property>
        <property name="transform" type="EntityPtr" container="StaticArray" arraySize="1">
          <containerEntry>0x32F41B0</containerEntry>
        </property>
        <property name="shearTransform" type="EntityPtr" container="StaticArray" arraySize="1">
          <containerEntry>0x0</containerEntry>
        </property>
        <property name="pivotTransform" type="EntityPtr" container="StaticArray" arraySize="1">
          <containerEntry>0x0</containerEntry>
        </property>
        <property name="children" type="EntityHandle" container="List"></property>
        <property name="flags" type="UInt32" container="StaticArray" arraySize="1">
          <containerEntry>7</containerEntry>
        </property>
        <property name="modelFile" type="FilePtr" container="StaticArray" arraySize="1">
          <containerEntry>/Assets/tpp/environ/object/middle_africa/cliff/mafr_clff003/scenes/mafr_clff003.fmdl</containerEntry>
        </property>
        <property name="geomFile" type="FilePtr" container="StaticArray" arraySize="1">
          <containerEntry>/Assets/tpp/environ/object/middle_africa/cliff/mafr_clff003/scenes/mafr_clff003.geom</containerEntry>
        </property>
        <property name="isVisibleGeom" type="Bool" container="StaticArray" arraySize="1">
          <containerEntry>false</containerEntry>
        </property>
        <property name="isIsolated" type="Bool" container="StaticArray" arraySize="1">
          <containerEntry>false</containerEntry>
        </property>
        <property name="lodFarSize" type="Float" container="StaticArray" arraySize="1">
          <containerEntry>-1</containerEntry>
        </property>
        <property name="lodNearSize" type="Float" container="StaticArray" arraySize="1">
          <containerEntry>-1</containerEntry>
        </property>
        <property name="lodPolygonSize" type="Float" container="StaticArray" arraySize="1">
          <containerEntry>-1</containerEntry>
        </property>
        <property name="color" type="Color" container="StaticArray" arraySize="1">
          <containerEntry r="1" g="1" b="1" a="1"></containerEntry>
        </property>
        <property name="drawRejectionLevel" type="Int32" container="StaticArray" arraySize="1">
          <containerEntry>5</containerEntry>
        </property>
        <property name="drawMode" type="Int32" container="StaticArray" arraySize="1">
          <containerEntry>0</containerEntry>
        </property>
        <property name="rejectFarRangeShadowCast" type="Int32" container="StaticArray" arraySize="1">
          <containerEntry>2</containerEntry>
        </property>
      </staticProperties>
      <dynamicProperties></dynamicProperties>
    </entity>
    <entity class="TransformEntity" classVersion="0" classID="0x50" addr="0x32F41B0" id="0x43BEF">
      <staticProperties>
        <property name="owner" type="EntityHandle" container="StaticArray" arraySize="1">
          <containerEntry>0x32F4220</containerEntry>
        </property>
        <property name="transform_scale" type="Vector3" container="StaticArray" arraySize="1">
          <containerEntry x="1" y="1" z="1" w="0"></containerEntry>
        </property>
        <property name="transform_rotation_quat" type="Quat" container="StaticArray" arraySize="1">
          <containerEntry x="0.098358" y="-0.329843" z="-0.04549" w="-0.937796"></containerEntry>
        </property>
        <property name="transform_translation" type="Vector3" container="StaticArray" arraySize="1">
          <containerEntry x="49.52715" y="12.54014" z="630.2449" w="0"></containerEntry>
        </property>
      </staticProperties>
      <dynamicProperties></dynamicProperties>
    </entity>
    <entity class="ObjectBrushPlugin" classVersion="2" classID="0x4C" addr="0x3175B80" id="0x43C78">
      <staticProperties>
        <property name="name" type="String" container="StaticArray" arraySize="1">
          <containerEntry>ObjectBrushPlugin0000</containerEntry>
        </property>
        <property name="dataSet" type="EntityHandle" container="StaticArray" arraySize="1">
          <containerEntry>0x32F4450</containerEntry>
        </property>
        <property name="parentDataName" type="String" container="StaticArray" arraySize="1">
          <containerEntry hash="0xB8A0BF169F98"></containerEntry>
        </property>
        <property name="visibility" type="Bool" container="StaticArray" arraySize="1">
          <containerEntry>true</containerEntry>
        </property>
      </staticProperties>
      <dynamicProperties></dynamicProperties>
    </entity>
    <entity class="ObjectBrushPlugin" classVersion="2" classID="0x4C" addr="0x3175BF0" id="0x43C7F">
      <staticProperties>
        <property name="name" type="String" container="StaticArray" arraySize="1">
          <containerEntry>ObjectBrushPlugin0001</containerEntry>
        </property>
        <property name="dataSet" type="EntityHandle" container="StaticArray" arraySize="1">
          <containerEntry>0x32F4450</containerEntry>
        </property>
        <property name="parentDataName" type="String" container="StaticArray" arraySize="1">
          <containerEntry hash="0xB8A0BF169F98"></containerEntry>
        </property>
        <property name="visibility" type="Bool" container="StaticArray" arraySize="1">
          <containerEntry>true</containerEntry>
        </property>
      </staticProperties>
      <dynamicProperties></dynamicProperties>
    </entity>
    <entity class="StaticModelArray" classVersion="4" classID="0xD0" addr="0x317BAE0" id="0x0">
      <staticProperties>
        <property name="name" type="String" container="StaticArray" arraySize="1">
          <containerEntry>StaticModelArray0000</containerEntry>
        </property>
        <property name="dataSet" type="EntityHandle" container="StaticArray" arraySize="1">
          <containerEntry>0x32F4450</containerEntry>
        </property>
        <property name="modelFile" type="FilePtr" container="StaticArray" arraySize="1">
          <containerEntry>/Assets/tpp/environ/object/middle_africa/cliff/mafr_clff003/scenes/mafr_clff003_vrtn001.fmdl</containerEntry>
        </property>
        <property name="geomFile" type="FilePtr" container="StaticArray" arraySize="1">
          <containerEntry>/Assets/tpp/environ/object/middle_africa/cliff/mafr_clff003/scenes/mafr_clff003_vrtn001.geom</containerEntry>
        </property>
        <property name="isVisibleGeom" type="Bool" container="StaticArray" arraySize="1">
          <containerEntry>false</containerEntry>
        </property>
        <property name="lodFarSize" type="Float" container="StaticArray" arraySize="1">
          <containerEntry>-1</containerEntry>
        </property>
        <property name="lodNearSize" type="Float" container="StaticArray" arraySize="1">
          <containerEntry>-1</containerEntry>
        </property>
        <property name="lodPolygonSize" type="Float" container="StaticArray" arraySize="1">
          <containerEntry>-1</containerEntry>
        </property>
        <property name="drawRejectionLevel" type="Int32" container="StaticArray" arraySize="1">
          <containerEntry>8</containerEntry>
        </property>
        <property name="drawMode" type="Int32" container="StaticArray" arraySize="1">
          <containerEntry>0</containerEntry>
        </property>
        <property name="rejectFarRangeShadowCast" type="Int32" container="StaticArray" arraySize="1">
          <containerEntry>2</containerEntry>
        </property>
        <property name="parentLocator" type="EntityLink" container="StaticArray" arraySize="1">
          <containerEntry packagePathHash="0xB8A0BF169F98" archivePathHash="0xB8A0BF169F98" nameInArchiveHash="0xB8A0BF169F98">0x0</containerEntry>
        </property>
        <property name="transforms" type="Matrix4" container="DynamicArray" arraySize="8">
          <containerEntry r11="0.31400722" r12="0.031492054" r13="0.94889736" r14="0" r21="0.6761604" r22="0.69419044" r23="-0.24679163" r24="0" r31="-0.6664871" r32="0.71910167" r33="0.19668734" r34="0" r41="97.969124" r42="-7.205336" r43="561.5975" r44="1"></containerEntry>
          <containerEntry r11="0.9972556" r12="-0.06995092" r13="-0.02424943" r14="0" r21="0.011318732" r22="0.4677437" r23="-0.88379174" r24="0" r31="0.07316455" r32="0.8810919" r33="0.4672518" r34="0" r41="54.773" r42="-5.244913" r43="537.6244" r44="1"></containerEntry>
          <containerEntry r11="0.7045324" r12="-0.051376373" r13="-0.70781" r14="0" r21="-0.37757397" r22="0.8173611" r23="-0.43515396" r24="0" r31="0.60089296" r32="0.5738306" r33="0.55645895" r34="0" r41="75.4668" r42="-7.103" r43="533.8632" r44="1"></containerEntry>
          <containerEntry r11="0.946186" r12="-0.26980245" r13="-0.17871392" r14="0" r21="0.060491413" r22="0.6899427" r23="-0.7213318" r24="0" r31="0.31791952" r32="0.6717034" r33="0.6691349" r34="0" r41="105.9803" r42="-8.878405" r43="558.62463" r44="1"></containerEntry>
          <containerEntry r11="0.5885551" r12="-0.16501541" r13="-0.7914369" r14="0" r21="-0.529507" r22="0.66107416" r23="-0.5316041" r24="0" r31="0.61092126" r32="0.73194975" r33="0.30170178" r34="0" r41="105.9803" r42="-8.273514" r43="565.70374" r44="1"></containerEntry>
          <containerEntry r11="1" r12="0" r13="0" r14="0" r21="0" r22="0.7172104" r23="-0.69685704" r24="0" r31="0" r32="0.69685704" r33="0.7172104" r34="0" r41="26.822018" r42="7.855822" r43="616.8738" r44="1"></containerEntry>
          <containerEntry r11="0.83988446" r12="-0.059200883" r13="-0.53952706" r14="0" r21="-0.3705631" r22="0.66376585" r23="-0.6496907" r24="0" r31="0.39658192" r32="0.74559385" r33="0.5355489" r34="0" r41="26.822018" r42="7.004178" r43="602.0025" r44="1"></containerEntry>
          <containerEntry r11="0.83988446" r12="-0.059200883" r13="-0.53952706" r14="0" r21="-0.3705631" r22="0.66376585" r23="-0.6496907" r24="0" r31="0.39658192" r32="0.74559385" r33="0.5355489" r34="0" r41="36.21462" r42="7.85923" r43="610.3545" r44="1"></containerEntry>
        </property>
        <property name="colors" type="UInt32" container="DynamicArray" arraySize="8">
          <containerEntry>4294967295</containerEntry>
          <containerEntry>4294967295</containerEntry>
          <containerEntry>4294967295</containerEntry>
          <containerEntry>4294967295</containerEntry>
          <containerEntry>4294967295</containerEntry>
          <containerEntry>4294967295</containerEntry>
          <containerEntry>4294967295</containerEntry>
          <containerEntry>4294967295</containerEntry>
        </property>
      </staticProperties>
      <dynamicProperties></dynamicProperties>
    </entity>
    <entity class="StaticModelArray" classVersion="4" classID="0xD0" addr="0x317BB50" id="0x0">
      <staticProperties>
        <property name="name" type="String" container="StaticArray" arraySize="1">
          <containerEntry>StaticModelArray0001</containerEntry>
        </property>
        <property name="dataSet" type="EntityHandle" container="StaticArray" arraySize="1">
          <containerEntry>0x32F4450</containerEntry>
        </property>
        <property name="modelFile" type="FilePtr" container="StaticArray" arraySize="1">
          <containerEntry>/Assets/tpp/environ/object/middle_africa/cliff/mafr_clff004/scenes/mafr_clff004.fmdl</containerEntry>
        </property>
        <property name="geomFile" type="FilePtr" container="StaticArray" arraySize="1">
          <containerEntry>/Assets/tpp/environ/object/middle_africa/cliff/mafr_clff004/scenes/mafr_clff004.geom</containerEntry>
        </property>
        <property name="isVisibleGeom" type="Bool" container="StaticArray" arraySize="1">
          <containerEntry>false</containerEntry>
        </property>
        <property name="lodFarSize" type="Float" container="StaticArray" arraySize="1">
          <containerEntry>-1</containerEntry>
        </property>
        <property name="lodNearSize" type="Float" container="StaticArray" arraySize="1">
          <containerEntry>-1</containerEntry>
        </property>
        <property name="lodPolygonSize" type="Float" container="StaticArray" arraySize="1">
          <containerEntry>-1</containerEntry>
        </property>
        <property name="drawRejectionLevel" type="Int32" container="StaticArray" arraySize="1">
          <containerEntry>8</containerEntry>
        </property>
        <property name="drawMode" type="Int32" container="StaticArray" arraySize="1">
          <containerEntry>0</containerEntry>
        </property>
        <property name="rejectFarRangeShadowCast" type="Int32" container="StaticArray" arraySize="1">
          <containerEntry>2</containerEntry>
        </property>
        <property name="parentLocator" type="EntityLink" container="StaticArray" arraySize="1">
          <containerEntry packagePathHash="0xB8A0BF169F98" archivePathHash="0xB8A0BF169F98" nameInArchiveHash="0xB8A0BF169F98">0x0</containerEntry>
        </property>
        <property name="transforms" type="Matrix4" container="DynamicArray" arraySize="3">
          <containerEntry r11="-0.026580103" r12="0.2846085" r13="-0.95827603" r14="0" r21="-0.23574713" r22="0.9297909" r23="0.2826875" r24="0" r31="0.97145164" r32="0.2334243" r33="0.042381585" r34="0" r41="68.89355" r42="-2.269149" r43="517.8119" r44="1"></containerEntry>
          <containerEntry r11="0.8705131" r12="0.0520602" r13="-0.48938408" r14="0" r21="-0.3078038" r22="0.833493" r23="-0.45885321" r24="0" r31="0.38401023" r32="0.55007195" r33="0.74159086" r34="0" r41="34.169846" r42="10.926806" r43="616.3024" r44="1"></containerEntry>
          <containerEntry r11="0.8406192" r12="0.052060783" r13="0.53911877" r14="0" r21="0.26078448" r22="0.83349293" r23="-0.48711497" r24="0" r31="-0.4747113" r32="0.550072" r33="0.6870736" r34="0" r41="22.030289" r42="11.130203" r43="616.3024" r44="1"></containerEntry>
        </property>
        <property name="colors" type="UInt32" container="DynamicArray" arraySize="3">
          <containerEntry>4294967295</containerEntry>
          <containerEntry>4294967295</containerEntry>
          <containerEntry>4294967295</containerEntry>
        </property>
      </staticProperties>
      <dynamicProperties></dynamicProperties>
    </entity>
    <entity class="StaticModelArray" classVersion="4" classID="0xD0" addr="0x317BC30" id="0x0">
      <staticProperties>
        <property name="name" type="String" container="StaticArray" arraySize="1">
          <containerEntry>StaticModelArray0002</containerEntry>
        </property>
        <property name="dataSet" type="EntityHandle" container="StaticArray" arraySize="1">
          <containerEntry>0x32F4450</containerEntry>
        </property>
        <property name="modelFile" type="FilePtr" container="StaticArray" arraySize="1">
          <containerEntry>/Assets/tpp/environ/object/middle_africa/rock/mafr_rock011/scenes/mafr_rock011.fmdl</containerEntry>
        </property>
        <property name="geomFile" type="FilePtr" container="StaticArray" arraySize="1">
          <containerEntry>/Assets/tpp/environ/object/middle_africa/rock/mafr_rock011/scenes/mafr_rock011.geom</containerEntry>
        </property>
        <property name="isVisibleGeom" type="Bool" container="StaticArray" arraySize="1">
          <containerEntry>false</containerEntry>
        </property>
        <property name="lodFarSize" type="Float" container="StaticArray" arraySize="1">
          <containerEntry>-1</containerEntry>
        </property>
        <property name="lodNearSize" type="Float" container="StaticArray" arraySize="1">
          <containerEntry>-1</containerEntry>
        </property>
        <property name="lodPolygonSize" type="Float" container="StaticArray" arraySize="1">
          <containerEntry>-1</containerEntry>
        </property>
        <property name="drawRejectionLevel" type="Int32" container="StaticArray" arraySize="1">
          <containerEntry>8</containerEntry>
        </property>
        <property name="drawMode" type="Int32" container="StaticArray" arraySize="1">
          <containerEntry>0</containerEntry>
        </property>
        <property name="rejectFarRangeShadowCast" type="Int32" container="StaticArray" arraySize="1">
          <containerEntry>2</containerEntry>
        </property>
        <property name="parentLocator" type="EntityLink" container="StaticArray" arraySize="1">
          <containerEntry packagePathHash="0xB8A0BF169F98" archivePathHash="0xB8A0BF169F98" nameInArchiveHash="0xB8A0BF169F98">0x0</containerEntry>
        </property>
        <property name="transforms" type="Matrix4" container="DynamicArray" arraySize="8">
          <containerEntry r11="0.0424864" r12="-0.063584805" r13="-0.9970713" r14="0" r21="0.71378833" r22="0.70021653" r23="-0.014238805" r24="0" r31="0.6990711" r32="-0.7110932" r33="0.07513589" r34="0" r41="94.88668" r42="-7.964528" r43="524.86" r44="1"></containerEntry>
          <containerEntry r11="-0.98865706" r12="0.10864969" r13="-0.103688695" r14="0" r21="0.14525837" r22="0.51633996" r23="-0.8439744" r24="0" r31="-0.038158976" r32="-0.8494634" r33="-0.52626514" r34="0" r41="38.92108" r42="-2.394114" r43="529.1963" r44="1"></containerEntry>
          <containerEntry r11="-0.95223796" r12="0.12609014" r13="0.2781027" r14="0" r21="-0.1354712" r22="0.6417711" r23="-0.75483567" r24="0" r31="-0.2736556" r32="-0.7564593" r33="-0.5940367" r34="0" r41="31.878801" r42="-2.394114" r43="529.1177" r44="1"></containerEntry>
          <containerEntry r11="0.9965537" r12="0.019024603" r13="-0.08073902" r14="0" r21="0.037167057" r22="0.7677609" r23="0.6396578" r24="0" r31="0.074157506" r32="-0.64045423" r33="0.7644078" r34="0" r41="8.978916" r42="7.42979" r43="604.2693" r44="1"></containerEntry>
          <containerEntry r11="-0.98067164" r12="-0.011098813" r13="-0.19533677" r14="0" r21="0.10560627" r22="0.8104318" r23="-0.5762355" r24="0" r31="0.16470264" r32="-0.58572763" r33="-0.793595" r34="0" r41="120.08983" r42="-10.197943" r43="524.86" r44="1"></containerEntry>
          <containerEntry r11="0.8424382" r12="-0.07740109" r13="-0.5332047" r14="0" r21="0.3844195" r22="0.77975214" r23="0.49417478" r24="0" r31="0.3775179" r32="-0.62128586" r33="0.68664736" r34="0" r41="66.2625" r42="6.916008" r43="608.6568" r44="1"></containerEntry>
          <containerEntry r11="0.605933" r12="-0.03052798" r13="-0.79492944" r14="0" r21="0.18289036" r22="0.97784287" r23="0.10185512" r24="0" r31="0.7742066" r32="-0.20710236" r33="0.5980905" r34="0" r41="21.77323" r42="-2.243806" r43="532.85596" r44="1"></containerEntry>
          <containerEntry r11="0.6156094" r12="-0.033127055" r13="-0.7873548" r14="0" r21="0.18289126" r22="0.9778426" r23="0.10185565" r24="0" r31="0.7665349" r32="-0.20670362" r33="0.6080278" r34="0" r41="13.041417" r42="-2.243806" r43="539.50824" r44="1"></containerEntry>
        </property>
        <property name="colors" type="UInt32" container="DynamicArray" arraySize="8">
          <containerEntry>4294967295</containerEntry>
          <containerEntry>4294967295</containerEntry>
          <containerEntry>4294967295</containerEntry>
          <containerEntry>4294967295</containerEntry>
          <containerEntry>4294967295</containerEntry>
          <containerEntry>4294967295</containerEntry>
          <containerEntry>4294967295</containerEntry>
          <containerEntry>4294967295</containerEntry>
        </property>
      </staticProperties>
      <dynamicProperties></dynamicProperties>
    </entity>
    <entity class="StaticModelArray" classVersion="4" classID="0xD0" addr="0x317BBC0" id="0x0">
      <staticProperties>
        <property name="name" type="String" container="StaticArray" arraySize="1">
          <containerEntry>StaticModelArray0003</containerEntry>
        </property>
        <property name="dataSet" type="EntityHandle" container="StaticArray" arraySize="1">
          <containerEntry>0x32F4450</containerEntry>
        </property>
        <property name="modelFile" type="FilePtr" container="StaticArray" arraySize="1">
          <containerEntry>/Assets/tpp/environ/object/middle_africa/cliff/mafr_clff003/scenes/mafr_clff003.fmdl</containerEntry>
        </property>
        <property name="geomFile" type="FilePtr" container="StaticArray" arraySize="1">
          <containerEntry>/Assets/tpp/environ/object/middle_africa/cliff/mafr_clff003/scenes/mafr_clff003.geom</containerEntry>
        </property>
        <property name="isVisibleGeom" type="Bool" container="StaticArray" arraySize="1">
          <containerEntry>false</containerEntry>
        </property>
        <property name="lodFarSize" type="Float" container="StaticArray" arraySize="1">
          <containerEntry>-1</containerEntry>
        </property>
        <property name="lodNearSize" type="Float" container="StaticArray" arraySize="1">
          <containerEntry>-1</containerEntry>
        </property>
        <property name="lodPolygonSize" type="Float" container="StaticArray" arraySize="1">
          <containerEntry>-1</containerEntry>
        </property>
        <property name="drawRejectionLevel" type="Int32" container="StaticArray" arraySize="1">
          <containerEntry>8</containerEntry>
        </property>
        <property name="drawMode" type="Int32" container="StaticArray" arraySize="1">
          <containerEntry>0</containerEntry>
        </property>
        <property name="rejectFarRangeShadowCast" type="Int32" container="StaticArray" arraySize="1">
          <containerEntry>2</containerEntry>
        </property>
        <property name="parentLocator" type="EntityLink" container="StaticArray" arraySize="1">
          <containerEntry packagePathHash="0xB8A0BF169F98" archivePathHash="0xB8A0BF169F98" nameInArchiveHash="0xB8A0BF169F98">0x0</containerEntry>
        </property>
        <property name="transforms" type="Matrix4" container="DynamicArray" arraySize="3">
          <containerEntry r11="-0.647357" r12="0.0569707" r13="0.7600532" r14="0" r21="0.14373468" r22="0.98843527" r23="0.04833338" r24="0" r31="-0.7485098" r32="0.1405351" r33="-0.6480591" r34="0" r41="19.98215" r42="10.393559" r43="565.0606" r44="1"></containerEntry>
          <containerEntry r11="0.507043" r12="0" r13="-0.8619206" r14="0" r21="0" r22="1" r23="0" r24="0" r31="0.8619206" r32="0" r33="0.507043" r34="0" r41="73.47956" r42="9.000835" r43="588.5564" r44="1"></containerEntry>
          <containerEntry r11="-0.90640926" r12="0" r13="-0.42239594" r14="0" r21="0" r22="1" r23="0" r24="0" r31="0.42239594" r32="0" r33="-0.90640926" r34="0" r41="59.678123" r42="8.059628" r43="552.68134" r44="1"></containerEntry>
        </property>
        <property name="colors" type="UInt32" container="DynamicArray" arraySize="3">
          <containerEntry>4294967295</containerEntry>
          <containerEntry>4294967295</containerEntry>
          <containerEntry>4294967295</containerEntry>
        </property>
      </staticProperties>
      <dynamicProperties></dynamicProperties>
    </entity>
    <entity class="TexturePackLoadConditioner" classVersion="0" classID="0x48" addr="0x317C170" id="0x0">
      <staticProperties>
        <property name="name" type="String" container="StaticArray" arraySize="1">
          <containerEntry>TexturePackLoadConditioner0000</containerEntry>
        </property>
        <property name="dataSet" type="EntityHandle" container="StaticArray" arraySize="1">
          <containerEntry>0x32F4450</containerEntry>
        </property>
        <property name="texturePackPath" type="Path" container="StaticArray" arraySize="1">
          <containerEntry hash="0xB8A0BF169F98"></containerEntry>
        </property>
      </staticProperties>
      <dynamicProperties></dynamicProperties>
    </entity>
  </entities>
</fox>