<fox formatVersion="2" fileVersion="0">
  <entities>
    <entity class="DataSet" classVersion="0" classID="0xE8" addr="0x32F45A0" id="0xE1EBB8">
      <staticProperties>
        <property name="name" type="String" container="StaticArray" arraySize="1">
          <containerEntry hash="0xB8A0BF169F98"></containerEntry>
        </property>
        <property name="dataSet" type="EntityHandle" container="StaticArray" arraySize="1">
          <containerEntry>0x0</containerEntry>
        </property>
        <property name="dataList" type="EntityPtr" container="StringMap" arraySize="6">
          <containerEntry key="mafr_clod005_0000">
            <data>0x3175790</data>
          </containerEntry>
          <containerEntry key="StaticModelArray0000">
            <data>0x317BED0</data>
          </containerEntry>
          <containerEntry key="StaticModelArray0001">
            <data>0x317BFB0</data>
          </containerEntry>
          <containerEntry key="StaticModelArray0002">
            <data>0x317C020</data>
          </containerEntry>
          <containerEntry key="StaticModelArray0003">
            <data>0x317BF40</data>
          </containerEntry>
          <containerEntry key="TexturePackLoadConditioner0000">
            <data>0x317C560</data>
          </containerEntry>
        </property>
      </staticProperties>
      <dynamicProperties></dynamicProperties>
    </entity>
    <entity class="StaticModel" classVersion="9" classID="0x160" addr="0x3175790" id="0xE1EC15">
      <staticProperties>
        <property name="name" type="String" container="StaticArray" arraySize="1">
          <containerEntry>mafr_clod005_0000</containerEntry>
        </property>
        <property name="dataSet" type="EntityHandle" container="StaticArray" arraySize="1">
          <containerEntry>0x32F45A0</containerEntry>
        </property>
        <property name="parent" type="EntityHandle" container="StaticArray" arraySize="1">
          <containerEntry>0x0</containerEntry>
        </property>
        <property name="transform" type="EntityPtr" container="StaticArray" arraySize="1">
          <containerEntry>0x3175800</containerEntry>
        </property>
        <property name="shearTransform" type="EntityPtr" container="StaticArray" arraySize="1">
          <containerEntry>0x0</containerEntry>
        </property>
        <property name="pivotTransform" type="EntityPtr" container="StaticArray" arraySize="1">
          <containerEntry>0x0</containerEntry>
        </property>
        <property name="children" type="EntityHandle" container="List"></property>
        <property name="flags" type="UInt32" container="StaticArray" arraySize="1">
          <containerEntry>7</containerEntry>
        </property>
        <property name="modelFile" type="FilePtr" container="StaticArray" arraySize="1">
          <containerEntry>/Assets/tpp/environ/object/middle_africa/clod/mafr_clod005/scenes/mafr_clod005.fmdl</containerEntry>
        </property>
        <property name="geomFile" type="FilePtr" container="StaticArray" arraySize="1">
          <containerEntry>/Assets/tpp/environ/object/middle_africa/clod/mafr_clod005/scenes/mafr_clod005.geom</containerEntry>
        </property>
        <property name="isVisibleGeom" type="Bool" container="StaticArray" arraySize="1">
          <containerEntry>false</containerEntry>
        </property>
        <property name="isIsolated" type="Bool" container="StaticArray" arraySize="1">
          <containerEntry>false</containerEntry>
        </property>
        <property name="lodFarSize" type="Float" container="StaticArray" arraySize="1">
          <containerEntry>-1</containerEntry>
        </property>
        <property name="lodNearSize" type="Float" container="StaticArray" arraySize="1">
          <containerEntry>-1</containerEntry>
        </property>
        <property name="lodPolygonSize" type="Float" container="StaticArray" arraySize="1">
          <containerEntry>-1</containerEntry>
        </property>
        <property name="color" type="Color" container="StaticArray" arraySize="1">
          <containerEntry r="1" g="1" b="1" a="1"></containerEntry>
        </property>
        <property name="drawRejectionLevel" type="Int32" container="StaticArray" arraySize="1">
          <containerEntry>8</containerEntry>
        </property>
        <property name="drawMode" type="Int32" container="StaticArray" arraySize="1">
          <containerEntry>0</containerEntry>
        </property>
        <property name="rejectFarRangeShadowCast" type="Int32" container="StaticArray" arraySize="1">
          <containerEntry>2</containerEntry>
        </property>
      </staticProperties>
      <dynamicProperties></dynamicProperties>
    </entity>
    <entity class="TransformEntity" classVersion="0" classID="0x50" addr="0x3175800" id="0xE1EC18">
      <staticProperties>
        <property name="owner" type="EntityHandle" container="StaticArray" arraySize="1">
          <containerEntry>0x3175790</containerEntry>
        </property>
        <property name="transform_scale" type="Vector3" container="StaticArray" arraySize="1">
          <containerEntry x="1" y="1" z="1" w="0"></containerEntry>
        </property>
        <property name="transform_rotation_quat" type="Quat" container="StaticArray" arraySize="1">
          <containerEntry x="-0.036401" y="-0.648689" z="-0.020494" w="0.759906"></containerEntry>
        </property>
        <property name="transform_translation" type="Vector3" container="StaticArray" arraySize="1">
          <containerEntry x="1365.7426" y="-12.001023" z="1063.9308" w="0"></containerEntry>
        </property>
      </staticProperties>
      <dynamicProperties></dynamicProperties>
    </entity>
    <entity class="StaticModelArray" classVersion="4" classID="0xD0" addr="0x317BED0" id="0x0">
      <staticProperties>
        <property name="name" type="String" container="StaticArray" arraySize="1">
          <containerEntry>StaticModelArray0000</containerEntry>
        </property>
        <property name="dataSet" type="EntityHandle" container="StaticArray" arraySize="1">
          <containerEntry>0x32F45A0</containerEntry>
        </property>
        <property name="modelFile" type="FilePtr" container="StaticArray" arraySize="1">
          <containerEntry>/Assets/tpp/environ/object/middle_africa/cliff/mafr_clff003/scenes/mafr_clff003_vrtn001.fmdl</containerEntry>
        </property>
        <property name="geomFile" type="FilePtr" container="StaticArray" arraySize="1">
          <containerEntry>/Assets/tpp/environ/object/middle_africa/cliff/mafr_clff003/scenes/mafr_clff003_vrtn001.geom</containerEntry>
        </property>
        <property name="isVisibleGeom" type="Bool" container="StaticArray" arraySize="1">
          <containerEntry>false</containerEntry>
        </property>
        <property name="lodFarSize" type="Float" container="StaticArray" arraySize="1">
          <containerEntry>-1</containerEntry>
        </property>
        <property name="lodNearSize" type="Float" container="StaticArray" arraySize="1">
          <containerEntry>-1</containerEntry>
        </property>
        <property name="lodPolygonSize" type="Float" container="StaticArray" arraySize="1">
          <containerEntry>-1</containerEntry>
        </property>
        <property name="drawRejectionLevel" type="Int32" container="StaticArray" arraySize="1">
          <containerEntry>8</containerEntry>
        </property>
        <property name="drawMode" type="Int32" container="StaticArray" arraySize="1">
          <containerEntry>0</containerEntry>
        </property>
        <property name="rejectFarRangeShadowCast" type="Int32" container="StaticArray" arraySize="1">
          <containerEntry>2</containerEntry>
        </property>
        <property name="parentLocator" type="EntityLink" container="StaticArray" arraySize="1">
          <containerEntry packagePathHash="0xB8A0BF169F98" archivePathHash="0xB8A0BF169F98" nameInArchiveHash="0xB8A0BF169F98">0x0</containerEntry>
        </property>
        <property name="transforms" type="Matrix4" container="DynamicArray" arraySize="11">
          <containerEntry r11="-0.41778165" r12="-0.02771926" r13="-0.90812355" r14="0" r21="-0.49291462" r22="0.8465601" r23="0.20092529" r24="0" r31="0.76321155" r32="0.53157073" r33="-0.3673404" r34="0" r41="1388.1616" r42="-13.641841" r43="1064.7019" r44="1"></containerEntry>
          <containerEntry r11="-0.41020942" r12="0.08585501" r13="-0.9079392" r14="0" r21="-0.5480958" r22="0.77249914" r23="0.3206796" r24="0" r31="0.728914" r32="0.62918466" r33="-0.2698292" r34="0" r41="1372.0753" r42="-12.984575" r43="1058.8196" r44="1"></containerEntry>
          <containerEntry r11="0.29694012" r12="-0.07161015" r13="-0.9522056" r14="0" r21="-0.67264485" r22="0.6921012" r23="-0.26180807" r24="0" r31="0.6777702" r32="0.7182385" r33="0.15734476" r34="0" r41="1366.2354" r42="-12.975659" r43="1048.5875" r44="1"></containerEntry>
          <containerEntry r11="-0.27414536" r12="0.16851962" r13="-0.946805" r14="0" r21="-0.44534075" r22="0.8503543" r23="0.28030068" r24="0" r31="0.8523557" r32="0.49849576" r33="-0.1580714" r34="0" r41="1385.234" r42="-15.249926" r43="1091.5488" r44="1"></containerEntry>
          <containerEntry r11="0.90465593" r12="0.10835935" r13="0.41213498" r14="0" r21="0.19617973" r22="0.752653" r23="-0.6285104" r24="0" r31="-0.3782995" r32="0.6494383" r33="0.65963405" r34="0" r41="1377.1934" r42="-14.725753" r43="1086.8292" r44="1"></containerEntry>
          <containerEntry r11="0.5371682" r12="0.012855113" r13="0.8433765" r14="0" r21="0.55020785" r22="0.7525232" r23="-0.36191106" r24="0" r31="-0.6393126" r32="0.6584399" r33="0.39715868" r34="0" r41="1365.033" r42="-14.852857" r43="1054.2714" r44="1"></containerEntry>
          <containerEntry r11="-0.9433357" r12="-0.028088704" r13="0.33063126" r14="0" r21="0.20097287" r22="0.7445005" r23="0.63665324" r24="0" r31="-0.26403773" r32="0.66702956" r33="-0.6966674" r34="0" r41="1337.8348" r42="-15.193029" r43="1104.4935" r44="1"></containerEntry>
          <containerEntry r11="-0.07629113" r12="-0.10639292" r13="-0.9913906" r14="0" r21="-0.84753877" r22="0.53066695" r23="0.008273959" r24="0" r31="0.5252168" r32="0.84087515" r33="-0.13065636" r34="0" r41="1306.405" r42="-16.127245" r43="1134.0485" r44="1"></containerEntry>
          <containerEntry r11="-0.9168011" r12="-0.08879094" r13="-0.38933772" r14="0" r21="-0.34489465" r22="0.66749233" r23="0.6599244" r24="0" r31="0.20128423" r32="0.7393029" r33="-0.64258" r34="0" r41="1324.9105" r42="-16.127245" r43="1142.7545" r44="1"></containerEntry>
          <containerEntry r11="-0.94012606" r12="-0.09893344" r13="-0.3261413" r14="0" r21="-0.2818526" r22="0.76369506" r23="0.5807995" r24="0" r31="0.19161177" r32="0.6379507" r33="-0.7458535" r34="0" r41="1308.5797" r42="-15.841404" r43="1090.8453" r44="1"></containerEntry>
          <containerEntry r11="-0.94012606" r12="-0.09893344" r13="-0.3261413" r14="0" r21="-0.2818526" r22="0.76369506" r23="0.5807995" r24="0" r31="0.19161177" r32="0.6379507" r33="-0.7458535" r34="0" r41="1335.9763" r42="-16.185543" r43="1060.7343" r44="1"></containerEntry>
        </property>
        <property name="colors" type="UInt32" container="DynamicArray" arraySize="11">
          <containerEntry>4294967295</containerEntry>
          <containerEntry>4294967295</containerEntry>
          <containerEntry>4294967295</containerEntry>
          <containerEntry>4294967295</containerEntry>
          <containerEntry>4294967295</containerEntry>
          <containerEntry>4294967295</containerEntry>
          <containerEntry>4294967295</containerEntry>
          <containerEntry>4294967295</containerEntry>
          <containerEntry>4294967295</containerEntry>
          <containerEntry>4294967295</containerEntry>
          <containerEntry>4294967295</containerEntry>
        </property>
      </staticProperties>
      <dynamicProperties></dynamicProperties>
    </entity>
    <entity class="StaticModelArray" classVersion="4" classID="0xD0" addr="0x317BFB0" id="0x0">
      <staticProperties>
        <property name="name" type="String" container="StaticArray" arraySize="1">
          <containerEntry>StaticModelArray0001</containerEntry>
        </property>
        <property name="dataSet" type="EntityHandle" container="StaticArray" arraySize="1">
          <containerEntry>0x32F45A0</containerEntry>
        </property>
        <property name="modelFile" type="FilePtr" container="StaticArray" arraySize="1">
          <containerEntry>/Assets/tpp/environ/object/middle_africa/cliff/mafr_clff004/scenes/mafr_clff004_grnd003.fmdl</containerEntry>
        </property>
        <property name="geomFile" type="FilePtr" container="StaticArray" arraySize="1">
          <containerEntry>/Assets/tpp/environ/object/middle_africa/cliff/mafr_clff004/scenes/mafr_clff004_grnd003.geom</containerEntry>
        </property>
        <property name="isVisibleGeom" type="Bool" container="StaticArray" arraySize="1">
          <containerEntry>false</containerEntry>
        </property>
        <property name="lodFarSize" type="Float" container="StaticArray" arraySize="1">
          <containerEntry>-1</containerEntry>
        </property>
        <property name="lodNearSize" type="Float" container="StaticArray" arraySize="1">
          <containerEntry>-1</containerEntry>
        </property>
        <property name="lodPolygonSize" type="Float" container="StaticArray" arraySize="1">
          <containerEntry>-1</containerEntry>
        </property>
        <property name="drawRejectionLevel" type="Int32" container="StaticArray" arraySize="1">
          <containerEntry>8</containerEntry>
        </property>
        <property name="drawMode" type="Int32" container="StaticArray" arraySize="1">
          <containerEntry>0</containerEntry>
        </property>
        <property name="rejectFarRangeShadowCast" type="Int32" container="StaticArray" arraySize="1">
          <containerEntry>2</containerEntry>
        </property>
        <property name="parentLocator" type="EntityLink" container="StaticArray" arraySize="1">
          <containerEntry packagePathHash="0xB8A0BF169F98" archivePathHash="0xB8A0BF169F98" nameInArchiveHash="0xB8A0BF169F98">0x0</containerEntry>
        </property>
        <property name="transforms" type="Matrix4" container="DynamicArray" arraySize="2">
          <containerEntry r11="1" r12="0" r13="0" r14="0" r21="0" r22="1" r23="0" r24="0" r31="0" r32="0" r33="1" r34="0" r41="1320.028" r42="-13.189094" r43="1049.1846" r44="1"></containerEntry>
          <containerEntry r11="0.8287623" r12="0" r13="0.55960095" r14="0" r21="0" r22="1" r23="0" r24="0" r31="-0.55960095" r32="0" r33="0.8287623" r34="0" r41="1306.2283" r42="-13.072586" r43="1048.8138" r44="1"></containerEntry>
        </property>
        <property name="colors" type="UInt32" container="DynamicArray" arraySize="2">
          <containerEntry>4294967295</containerEntry>
          <containerEntry>4294967295</containerEntry>
        </property>
      </staticProperties>
      <dynamicProperties></dynamicProperties>
    </entity>
    <entity class="StaticModelArray" classVersion="4" classID="0xD0" addr="0x317C020" id="0x0">
      <staticProperties>
        <property name="name" type="String" container="StaticArray" arraySize="1">
          <containerEntry>StaticModelArray0002</containerEntry>
        </property>
        <property name="dataSet" type="EntityHandle" container="StaticArray" arraySize="1">
          <containerEntry>0x32F45A0</containerEntry>
        </property>
        <property name="modelFile" type="FilePtr" container="StaticArray" arraySize="1">
          <containerEntry>/Assets/tpp/environ/object/middle_africa/rock/mafr_rock002/scenes/mafr_rock002.fmdl</containerEntry>
        </property>
        <property name="geomFile" type="FilePtr" container="StaticArray" arraySize="1">
          <containerEntry>/Assets/tpp/environ/object/middle_africa/rock/mafr_rock002/scenes/mafr_rock002.geom</containerEntry>
        </property>
        <property name="isVisibleGeom" type="Bool" container="StaticArray" arraySize="1">
          <containerEntry>false</containerEntry>
        </property>
        <property name="lodFarSize" type="Float" container="StaticArray" arraySize="1">
          <containerEntry>-1</containerEntry>
        </property>
        <property name="lodNearSize" type="Float" container="StaticArray" arraySize="1">
          <containerEntry>-1</containerEntry>
        </property>
        <property name="lodPolygonSize" type="Float" container="StaticArray" arraySize="1">
          <containerEntry>-1</containerEntry>
        </property>
        <property name="drawRejectionLevel" type="Int32" container="StaticArray" arraySize="1">
          <containerEntry>8</containerEntry>
        </property>
        <property name="drawMode" type="Int32" container="StaticArray" arraySize="1">
          <containerEntry>0</containerEntry>
        </property>
        <property name="rejectFarRangeShadowCast" type="Int32" container="StaticArray" arraySize="1">
          <containerEntry>2</containerEntry>
        </property>
        <property name="parentLocator" type="EntityLink" container="StaticArray" arraySize="1">
          <containerEntry packagePathHash="0xB8A0BF169F98" archivePathHash="0xB8A0BF169F98" nameInArchiveHash="0xB8A0BF169F98">0x0</containerEntry>
        </property>
        <property name="transforms" type="Matrix4" container="DynamicArray" arraySize="7">
          <containerEntry r11="0.6986015" r12="0" r13="0.71551085" r14="0" r21="0" r22="1" r23="0" r24="0" r31="-0.71551085" r32="0" r33="0.6986015" r34="0" r41="1376.3127" r42="-11.272693" r43="1039.8401" r44="1"></containerEntry>
          <containerEntry r11="-0.7357199" r12="0" r13="-0.6772827" r14="0" r21="0" r22="1" r23="0" r24="0" r31="0.6772827" r32="0" r33="-0.7357199" r34="0" r41="1377.5519" r42="-10.921029" r43="1046.5941" r44="1"></containerEntry>
          <containerEntry r11="-0.9928824" r12="0" r13="-0.11906357" r14="0" r21="0" r22="1" r23="0" r24="0" r31="0.11906357" r32="0" r33="-0.9928824" r34="0" r41="1372.8192" r42="-9.16525" r43="1048.9678" r44="1"></containerEntry>
          <containerEntry r11="-0.37749124" r12="0" r13="-0.92601025" r14="0" r21="0" r22="1" r23="0" r24="0" r31="0.92601025" r32="0" r33="-0.37749124" r34="0" r41="1381.2786" r42="-8.492339" r43="1072.7753" r44="1"></containerEntry>
          <containerEntry r11="0.37485468" r12="0" r13="0.927082" r14="0" r21="0" r22="1" r23="0" r24="0" r31="-0.927082" r32="0" r33="0.37485468" r34="0" r41="1384.2382" r42="-9.948883" r43="1055.8533" r44="1"></containerEntry>
          <containerEntry r11="0.040322304" r12="0" r13="-0.99918544" r14="0" r21="0" r22="1" r23="0" r24="0" r31="0.99918544" r32="0" r33="0.040322304" r34="0" r41="1392.1094" r42="-10.205713" r43="1066.7124" r44="1"></containerEntry>
          <containerEntry r11="0.8640102" r12="-0.112812966" r13="0.49067208" r14="0" r21="0.12104574" r22="0.9925328" r23="0.0150524955" r24="0" r31="-0.48870626" r32="0.046388373" r33="0.871214" r34="0" r41="1388.0133" r42="-10.208776" r43="1080.4751" r44="1"></containerEntry>
        </property>
        <property name="colors" type="UInt32" container="DynamicArray" arraySize="7">
          <containerEntry>4294967295</containerEntry>
          <containerEntry>4294967295</containerEntry>
          <containerEntry>4294967295</containerEntry>
          <containerEntry>4294967295</containerEntry>
          <containerEntry>4294967295</containerEntry>
          <containerEntry>4294967295</containerEntry>
          <containerEntry>4294967295</containerEntry>
        </property>
      </staticProperties>
      <dynamicProperties></dynamicProperties>
    </entity>
    <entity class="StaticModelArray" classVersion="4" classID="0xD0" addr="0x317BF40" id="0x0">
      <staticProperties>
        <property name="name" type="String" container="StaticArray" arraySize="1">
          <containerEntry>StaticModelArray0003</containerEntry>
        </property>
        <property name="dataSet" type="EntityHandle" container="StaticArray" arraySize="1">
          <containerEntry>0x32F45A0</containerEntry>
        </property>
        <property name="modelFile" type="FilePtr" container="StaticArray" arraySize="1">
          <containerEntry>/Assets/tpp/environ/object/middle_africa/cliff/mafr_clff004/scenes/mafr_clff004_rock001.fmdl</containerEntry>
        </property>
        <property name="geomFile" type="FilePtr" container="StaticArray" arraySize="1">
          <containerEntry>/Assets/tpp/environ/object/middle_africa/cliff/mafr_clff004/scenes/mafr_clff004_rock001.geom</containerEntry>
        </property>
        <property name="isVisibleGeom" type="Bool" container="StaticArray" arraySize="1">
          <containerEntry>false</containerEntry>
        </property>
        <property name="lodFarSize" type="Float" container="StaticArray" arraySize="1">
          <containerEntry>-1</containerEntry>
        </property>
        <property name="lodNearSize" type="Float" container="StaticArray" arraySize="1">
          <containerEntry>-1</containerEntry>
        </property>
        <property name="lodPolygonSize" type="Float" container="StaticArray" arraySize="1">
          <containerEntry>-1</containerEntry>
        </property>
        <property name="drawRejectionLevel" type="Int32" container="StaticArray" arraySize="1">
          <containerEntry>8</containerEntry>
        </property>
        <property name="drawMode" type="Int32" container="StaticArray" arraySize="1">
          <containerEntry>0</containerEntry>
        </property>
        <property name="rejectFarRangeShadowCast" type="Int32" container="StaticArray" arraySize="1">
          <containerEntry>2</containerEntry>
        </property>
        <property name="parentLocator" type="EntityLink" container="StaticArray" arraySize="1">
          <containerEntry packagePathHash="0xB8A0BF169F98" archivePathHash="0xB8A0BF169F98" nameInArchiveHash="0xB8A0BF169F98">0x0</containerEntry>
        </property>
        <property name="transforms" type="Matrix4" container="DynamicArray" arraySize="9">
          <containerEntry r11="1" r12="0" r13="0" r14="0" r21="0" r22="1" r23="0" r24="0" r31="0" r32="0" r33="1" r34="0" r41="1321.7096" r42="-11.747849" r43="1052.5984" r44="1"></containerEntry>
          <containerEntry r11="0.7872793" r12="0" r13="0.905644" r14="0" r21="0" r22="1.2" r23="0" r24="0" r31="-0.905644" r32="0" r33="0.7872793" r34="0" r41="1304.2299" r42="-12.077099" r43="1044.7965" r44="1"></containerEntry>
          <containerEntry r11="-0.116830945" r12="0" r13="0.9931529" r14="0" r21="0" r22="1" r23="0" r24="0" r31="-0.9931529" r32="0" r33="-0.116830945" r34="0" r41="1327.6725" r42="-11.747849" r43="1029.435" r44="1"></containerEntry>
          <containerEntry r11="1.105933" r12="-0.05630506" r13="-0.46232277" r14="0" r21="-4.179776e-07" r22="1.1911983" r23="-0.14507397" r24="0" r31="0.46573874" r32="0.13370189" r33="1.0978212" r34="0" r41="1295.6914" r42="-11.716172" r43="1068.9155" r44="1"></containerEntry>
          <containerEntry r11="0.16822755" r12="0.117747" r13="1.182302" r14="0" r21="0.12655766" r22="1.1855239" r23="-0.1360758" r24="0" r31="-1.1813914" r32="0.14376755" r33="0.15377998" r34="0" r41="1307.0931" r42="-11.76784" r43="1114.684" r44="1"></containerEntry>
          <containerEntry r11="-1.193118" r12="0.105369315" r13="-0.07331279" r14="0" r21="0.11059823" r22="1.1917129" r23="-0.08711179" r24="0" r31="0.06515742" r32="-0.09336885" r33="-1.1945897" r34="0" r41="1316.1605" r42="-12.111355" r43="1133.4838" r44="1"></containerEntry>
          <containerEntry r11="1" r12="0" r13="0" r14="0" r21="0" r22="1" r23="0" r24="0" r31="0" r32="0" r33="1" r34="0" r41="1377.7078" r42="-12.037948" r43="1134.382" r44="1"></containerEntry>
          <containerEntry r11="-0.008319259" r12="0" r13="0.99996495" r14="0" r21="0" r22="1" r23="0" r24="0" r31="-0.99996495" r32="0" r33="-0.008319259" r34="0" r41="1355.2847" r42="-11.984766" r43="1115.7354" r44="1"></containerEntry>
          <containerEntry r11="0.10543134" r12="0.09296754" r13="1.191739" r14="0" r21="-0.093520164" r22="1.1933398" r23="-0.08481884" r24="0" r31="-1.1916957" r32="-0.08542419" r33="0.11209145" r34="0" r41="1388.3917" r42="-12.022653" r43="1142.955" r44="1"></containerEntry>
        </property>
        <property name="colors" type="UInt32" container="DynamicArray" arraySize="9">
          <containerEntry>4294967295</containerEntry>
          <containerEntry>4294967295</containerEntry>
          <containerEntry>4294967295</containerEntry>
          <containerEntry>4294967295</containerEntry>
          <containerEntry>4294967295</containerEntry>
          <containerEntry>4294967295</containerEntry>
          <containerEntry>4294967295</containerEntry>
          <containerEntry>4294967295</containerEntry>
          <containerEntry>4294967295</containerEntry>
        </property>
      </staticProperties>
      <dynamicProperties></dynamicProperties>
    </entity>
    <entity class="TexturePackLoadConditioner" classVersion="0" classID="0x48" addr="0x317C560" id="0x0">
      <staticProperties>
        <property name="name" type="String" container="StaticArray" arraySize="1">
          <containerEntry>TexturePackLoadConditioner0000</containerEntry>
        </property>
        <property name="dataSet" type="EntityHandle" container="StaticArray" arraySize="1">
          <containerEntry>0x32F45A0</containerEntry>
        </property>
        <property name="texturePackPath" type="Path" container="StaticArray" arraySize="1">
          <containerEntry hash="0xB8A0BF169F98"></containerEntry>
        </property>
      </staticProperties>
      <dynamicProperties></dynamicProperties>
    </entity>
  </entities>
</fox>