<fox formatVersion="2" fileVersion="0">
  <entities>
    <entity class="DataSet" classVersion="0" classID="0xE8" addr="0x2EF4220" id="0x117BDB1">
      <staticProperties>
        <property name="name" type="String" container="StaticArray" arraySize="1">
          <containerEntry hash="0xB8A0BF169F98"></containerEntry>
        </property>
        <property name="dataSet" type="EntityHandle" container="StaticArray" arraySize="1">
          <containerEntry>0x0</containerEntry>
        </property>
        <property name="dataList" type="EntityPtr" container="StringMap" arraySize="3">
          <containerEntry key="StaticModelArray0000">
            <data>0x2D77CC0</data>
          </containerEntry>
          <containerEntry key="StaticModelArray0001">
            <data>0x2D77EF0</data>
          </containerEntry>
          <containerEntry key="TexturePackLoadConditioner0000">
            <data>0x2D78820</data>
          </containerEntry>
        </property>
      </staticProperties>
      <dynamicProperties></dynamicProperties>
    </entity>
    <entity class="StaticModelArray" classVersion="4" classID="0xD0" addr="0x2D77CC0" id="0x0">
      <staticProperties>
        <property name="name" type="String" container="StaticArray" arraySize="1">
          <containerEntry>StaticModelArray0000</containerEntry>
        </property>
        <property name="dataSet" type="EntityHandle" container="StaticArray" arraySize="1">
          <containerEntry>0x2EF4220</containerEntry>
        </property>
        <property name="modelFile" type="FilePtr" container="StaticArray" arraySize="1">
          <containerEntry>/Assets/tpp/environ/object/middle_africa/tree/mafr_tree031/scenes/mafr_tree031_vrtn007.fmdl</containerEntry>
        </property>
        <property name="geomFile" type="FilePtr" container="StaticArray" arraySize="1">
          <containerEntry>/Assets/tpp/environ/object/middle_africa/tree/mafr_tree031/scenes/mafr_tree031_vrtn007.geom</containerEntry>
        </property>
        <property name="isVisibleGeom" type="Bool" container="StaticArray" arraySize="1">
          <containerEntry>false</containerEntry>
        </property>
        <property name="lodFarSize" type="Float" container="StaticArray" arraySize="1">
          <containerEntry>-1</containerEntry>
        </property>
        <property name="lodNearSize" type="Float" container="StaticArray" arraySize="1">
          <containerEntry>-1</containerEntry>
        </property>
        <property name="lodPolygonSize" type="Float" container="StaticArray" arraySize="1">
          <containerEntry>-1</containerEntry>
        </property>
        <property name="drawRejectionLevel" type="Int32" container="StaticArray" arraySize="1">
          <containerEntry>7</containerEntry>
        </property>
        <property name="drawMode" type="Int32" container="StaticArray" arraySize="1">
          <containerEntry>0</containerEntry>
        </property>
        <property name="rejectFarRangeShadowCast" type="Int32" container="StaticArray" arraySize="1">
          <containerEntry>2</containerEntry>
        </property>
        <property name="parentLocator" type="EntityLink" container="StaticArray" arraySize="1">
          <containerEntry packagePathHash="0xB8A0BF169F98" archivePathHash="0xB8A0BF169F98" nameInArchiveHash="0xB8A0BF169F98">0x0</containerEntry>
        </property>
        <property name="transforms" type="Matrix4" container="DynamicArray" arraySize="5">
          <containerEntry r11="0.998391" r12="0.040078077" r13="0.040139694" r14="0" r21="-0.04004566" r22="0.9991966" r23="-0.0016106819" r24="0" r31="-0.040172" r32="6.685738e-07" r33="0.9991938" r34="0" r41="718.74567" r42="10.875078" r43="2401.69" r44="1"></containerEntry>
          <containerEntry r11="-0.9923045" r12="-0.085246064" r13="-0.08983103" r14="0" r21="-0.078151524" r22="0.9937475" r23="-0.079739235" r24="0" r31="0.09606682" r32="-0.072105065" r33="-0.99276215" r34="0" r41="741.62964" r42="15.90553" r43="2409.0745" r44="1"></containerEntry>
          <containerEntry r11="0.94783634" r12="0.23105064" r13="0.2195947" r14="0" r21="-0.23683149" r22="0.97155076" r23="2.9616058e-07" r24="0" r31="-0.21334733" r32="-0.05200722" r33="0.9755912" r34="0" r41="718.31726" r42="12.089203" r43="2381.0134" r44="1"></containerEntry>
          <containerEntry r11="-0.98296165" r12="-0.03850284" r13="-0.17973223" r14="0" r21="-0.03914017" r22="0.9992337" r23="-4.6240166e-07" r24="0" r31="0.17959452" r32="0.007034292" r33="-0.9837154" r34="0" r41="662.1233" r42="7.557732" r43="2384.7197" r44="1"></containerEntry>
          <containerEntry r11="-0.8532436" r12="0" r13="-0.5215124" r14="0" r21="0" r22="1" r23="0" r24="0" r31="0.5215124" r32="0" r33="-0.8532436" r34="0" r41="665.89325" r42="4.725202" r43="2349.836" r44="1"></containerEntry>
        </property>
        <property name="colors" type="UInt32" container="DynamicArray" arraySize="5">
          <containerEntry>4294967295</containerEntry>
          <containerEntry>4294967295</containerEntry>
          <containerEntry>4294967295</containerEntry>
          <containerEntry>4294967295</containerEntry>
          <containerEntry>4294967295</containerEntry>
        </property>
      </staticProperties>
      <dynamicProperties></dynamicProperties>
    </entity>
    <entity class="StaticModelArray" classVersion="4" classID="0xD0" addr="0x2D77EF0" id="0x0">
      <staticProperties>
        <property name="name" type="String" container="StaticArray" arraySize="1">
          <containerEntry>StaticModelArray0001</containerEntry>
        </property>
        <property name="dataSet" type="EntityHandle" container="StaticArray" arraySize="1">
          <containerEntry>0x2EF4220</containerEntry>
        </property>
        <property name="modelFile" type="FilePtr" container="StaticArray" arraySize="1">
          <containerEntry>/Assets/tpp/environ/object/middle_africa/tree/mafr_tree031/scenes/mafr_tree031_vrtn008.fmdl</containerEntry>
        </property>
        <property name="geomFile" type="FilePtr" container="StaticArray" arraySize="1">
          <containerEntry>/Assets/tpp/environ/object/middle_africa/tree/mafr_tree031/scenes/mafr_tree031_vrtn008.geom</containerEntry>
        </property>
        <property name="isVisibleGeom" type="Bool" container="StaticArray" arraySize="1">
          <containerEntry>false</containerEntry>
        </property>
        <property name="lodFarSize" type="Float" container="StaticArray" arraySize="1">
          <containerEntry>-1</containerEntry>
        </property>
        <property name="lodNearSize" type="Float" container="StaticArray" arraySize="1">
          <containerEntry>-1</containerEntry>
        </property>
        <property name="lodPolygonSize" type="Float" container="StaticArray" arraySize="1">
          <containerEntry>-1</containerEntry>
        </property>
        <property name="drawRejectionLevel" type="Int32" container="StaticArray" arraySize="1">
          <containerEntry>7</containerEntry>
        </property>
        <property name="drawMode" type="Int32" container="StaticArray" arraySize="1">
          <containerEntry>0</containerEntry>
        </property>
        <property name="rejectFarRangeShadowCast" type="Int32" container="StaticArray" arraySize="1">
          <containerEntry>2</containerEntry>
        </property>
        <property name="parentLocator" type="EntityLink" container="StaticArray" arraySize="1">
          <containerEntry packagePathHash="0xB8A0BF169F98" archivePathHash="0xB8A0BF169F98" nameInArchiveHash="0xB8A0BF169F98">0x0</containerEntry>
        </property>
        <property name="transforms" type="Matrix4" container="DynamicArray" arraySize="7">
          <containerEntry r11="-0.8028717" r12="0.06706056" r13="-0.59235275" r14="0" r21="0.053962447" r22="0.99774885" r23="0.039815363" r24="0" r31="0.5936899" r32="1.8030242e-06" r33="-0.80468386" r34="0" r41="734.8462" r42="12.936234" r43="2359.401" r44="1"></containerEntry>
          <containerEntry r11="-0.96476847" r12="0.037140682" r13="0.26044205" r14="0" r21="0.02123883" r22="0.99774885" r23="-0.06360921" r24="0" r31="-0.26221827" r32="-0.05583669" r33="-0.9633854" r34="0" r41="750.30896" r42="15.04565" r43="2377.8591" r44="1"></containerEntry>
          <containerEntry r11="0.9884391" r12="0.12719874" r13="-0.08239331" r14="0" r21="-0.12717819" r22="0.99186444" r23="0.00553457" r24="0" r31="0.08242707" r32="0.005008052" r33="0.9965755" r34="0" r41="648.33276" r42="6.001" r43="2376.3733" r44="1"></containerEntry>
          <containerEntry r11="-0.78702617" r12="-0.06328981" r13="-0.6136509" r14="0" r21="-0.1072339" r22="0.9936157" r23="0.035053074" r24="0" r31="0.6075147" r32="0.09339204" r33="-0.7887883" r34="0" r41="683.18756" r42="8.38449" r43="2348.3186" r44="1"></containerEntry>
          <containerEntry r11="-0.9951357" r12="-0.0120753115" r13="0.09773269" r14="0" r21="-0.012778221" r22="0.99989676" r23="-0.0065687546" r24="0" r31="-0.097643286" r32="-0.007785643" r33="-0.99518734" r34="0" r41="664.0185" r42="13.006237" r43="2411.8376" r44="1"></containerEntry>
          <containerEntry r11="-0.12346645" r12="0.06706092" r13="0.99007124" r14="0" r21="0.008300982" r22="0.99774885" r23="-0.066545784" r24="0" r31="-0.9923061" r32="2.3990679e-06" r33="-0.123745285" r34="0" r41="699.70056" r42="9.938805" r43="2369.9622" r44="1"></containerEntry>
          <containerEntry r11="-0.67931676" r12="-0.009522585" r13="-0.73377633" r14="0" r21="-0.029447109" r22="0.99946415" r23="0.014291085" r24="0" r31="0.73324627" r32="0.031315766" r33="-0.67923254" r34="0" r41="678.4475" r42="8.907757" r43="2375.8025" r44="1"></containerEntry>
        </property>
        <property name="colors" type="UInt32" container="DynamicArray" arraySize="7">
          <containerEntry>4294967295</containerEntry>
          <containerEntry>4294967295</containerEntry>
          <containerEntry>4294967295</containerEntry>
          <containerEntry>4294967295</containerEntry>
          <containerEntry>4294967295</containerEntry>
          <containerEntry>4294967295</containerEntry>
          <containerEntry>4294967295</containerEntry>
        </property>
      </staticProperties>
      <dynamicProperties></dynamicProperties>
    </entity>
    <entity class="TexturePackLoadConditioner" classVersion="0" classID="0x48" addr="0x2D78820" id="0x0">
      <staticProperties>
        <property name="name" type="String" container="StaticArray" arraySize="1">
          <containerEntry>TexturePackLoadConditioner0000</containerEntry>
        </property>
        <property name="dataSet" type="EntityHandle" container="StaticArray" arraySize="1">
          <containerEntry>0x2EF4220</containerEntry>
        </property>
        <property name="texturePackPath" type="Path" container="StaticArray" arraySize="1">
          <containerEntry hash="0xB8A0BF169F98"></containerEntry>
        </property>
      </staticProperties>
      <dynamicProperties></dynamicProperties>
    </entity>
  </entities>
</fox>