<fox formatVersion="2" fileVersion="0">
  <entities>
    <entity class="DataSet" classVersion="0" classID="0xE8" addr="0x32F47D0" id="0x7FFE88">
      <staticProperties>
        <property name="name" type="String" container="StaticArray" arraySize="1">
          <containerEntry hash="0xB8A0BF169F98"></containerEntry>
        </property>
        <property name="dataSet" type="EntityHandle" container="StaticArray" arraySize="1">
          <containerEntry>0x0</containerEntry>
        </property>
        <property name="dataList" type="EntityPtr" container="StringMap" arraySize="11">
          <containerEntry key="mafr_clff004_0004">
            <data>0x3175090</data>
          </containerEntry>
          <containerEntry key="mafr_rock001_vrtn001_0000">
            <data>0x3177FD0</data>
          </containerEntry>
          <containerEntry key="mafr_clff015_grnd002_0000">
            <data>0x31787B0</data>
          </containerEntry>
          <containerEntry key="StaticModelArray0000">
            <data>0x317DD70</data>
          </containerEntry>
          <containerEntry key="StaticModelArray0001">
            <data>0x317DDE0</data>
          </containerEntry>
          <containerEntry key="StaticModelArray0002">
            <data>0x317DEC0</data>
          </containerEntry>
          <containerEntry key="StaticModelArray0003">
            <data>0x317DF30</data>
          </containerEntry>
          <containerEntry key="StaticModelArray0004">
            <data>0x317DE50</data>
          </containerEntry>
          <containerEntry key="StaticModelArray0005">
            <data>0x32F4CA0</data>
          </containerEntry>
          <containerEntry key="StaticModelArray0006">
            <data>0x317D8A0</data>
          </containerEntry>
          <containerEntry key="TexturePackLoadConditioner0000">
            <data>0x317E1D0</data>
          </containerEntry>
        </property>
      </staticProperties>
      <dynamicProperties></dynamicProperties>
    </entity>
    <entity class="StaticModel" classVersion="9" classID="0x160" addr="0x3175090" id="0x7FFEBB">
      <staticProperties>
        <property name="name" type="String" container="StaticArray" arraySize="1">
          <containerEntry>mafr_clff004_0004</containerEntry>
        </property>
        <property name="dataSet" type="EntityHandle" container="StaticArray" arraySize="1">
          <containerEntry>0x32F47D0</containerEntry>
        </property>
        <property name="parent" type="EntityHandle" container="StaticArray" arraySize="1">
          <containerEntry>0x0</containerEntry>
        </property>
        <property name="transform" type="EntityPtr" container="StaticArray" arraySize="1">
          <containerEntry>0x3175100</containerEntry>
        </property>
        <property name="shearTransform" type="EntityPtr" container="StaticArray" arraySize="1">
          <containerEntry>0x0</containerEntry>
        </property>
        <property name="pivotTransform" type="EntityPtr" container="StaticArray" arraySize="1">
          <containerEntry>0x0</containerEntry>
        </property>
        <property name="children" type="EntityHandle" container="List"></property>
        <property name="flags" type="UInt32" container="StaticArray" arraySize="1">
          <containerEntry>3221225479</containerEntry>
        </property>
        <property name="modelFile" type="FilePtr" container="StaticArray" arraySize="1">
          <containerEntry>/Assets/tpp/environ/object/middle_africa/cliff/mafr_clff004/scenes/mafr_clff004.fmdl</containerEntry>
        </property>
        <property name="geomFile" type="FilePtr" container="StaticArray" arraySize="1">
          <containerEntry>/Assets/tpp/environ/object/middle_africa/cliff/mafr_clff004/scenes/mafr_clff004.geom</containerEntry>
        </property>
        <property name="isVisibleGeom" type="Bool" container="StaticArray" arraySize="1">
          <containerEntry>false</containerEntry>
        </property>
        <property name="isIsolated" type="Bool" container="StaticArray" arraySize="1">
          <containerEntry>false</containerEntry>
        </property>
        <property name="lodFarSize" type="Float" container="StaticArray" arraySize="1">
          <containerEntry>-1</containerEntry>
        </property>
        <property name="lodNearSize" type="Float" container="StaticArray" arraySize="1">
          <containerEntry>-1</containerEntry>
        </property>
        <property name="lodPolygonSize" type="Float" container="StaticArray" arraySize="1">
          <containerEntry>-1</containerEntry>
        </property>
        <property name="color" type="Color" container="StaticArray" arraySize="1">
          <containerEntry r="1" g="1" b="1" a="1"></containerEntry>
        </property>
        <property name="drawRejectionLevel" type="Int32" container="StaticArray" arraySize="1">
          <containerEntry>5</containerEntry>
        </property>
        <property name="drawMode" type="Int32" container="StaticArray" arraySize="1">
          <containerEntry>0</containerEntry>
        </property>
        <property name="rejectFarRangeShadowCast" type="Int32" container="StaticArray" arraySize="1">
          <containerEntry>2</containerEntry>
        </property>
      </staticProperties>
      <dynamicProperties></dynamicProperties>
    </entity>
    <entity class="TransformEntity" classVersion="0" classID="0x50" addr="0x3175100" id="0x7FFEBE">
      <staticProperties>
        <property name="owner" type="EntityHandle" container="StaticArray" arraySize="1">
          <containerEntry>0x3175090</containerEntry>
        </property>
        <property name="transform_scale" type="Vector3" container="StaticArray" arraySize="1">
          <containerEntry x="0.999998" y="1" z="0.999999" w="0"></containerEntry>
        </property>
        <property name="transform_rotation_quat" type="Quat" container="StaticArray" arraySize="1">
          <containerEntry x="-0.098753" y="-0.748666" z="-0.086486" w="0.649821"></containerEntry>
        </property>
        <property name="transform_translation" type="Vector3" container="StaticArray" arraySize="1">
          <containerEntry x="1803.4924" y="-3.832996" z="1069.9404" w="0"></containerEntry>
        </property>
      </staticProperties>
      <dynamicProperties></dynamicProperties>
    </entity>
    <entity class="StaticModel" classVersion="9" classID="0x160" addr="0x3177FD0" id="0x7FFFB9">
      <staticProperties>
        <property name="name" type="String" container="StaticArray" arraySize="1">
          <containerEntry>mafr_rock001_vrtn001_0000</containerEntry>
        </property>
        <property name="dataSet" type="EntityHandle" container="StaticArray" arraySize="1">
          <containerEntry>0x32F47D0</containerEntry>
        </property>
        <property name="parent" type="EntityHandle" container="StaticArray" arraySize="1">
          <containerEntry>0x0</containerEntry>
        </property>
        <property name="transform" type="EntityPtr" container="StaticArray" arraySize="1">
          <containerEntry>0x3178040</containerEntry>
        </property>
        <property name="shearTransform" type="EntityPtr" container="StaticArray" arraySize="1">
          <containerEntry>0x0</containerEntry>
        </property>
        <property name="pivotTransform" type="EntityPtr" container="StaticArray" arraySize="1">
          <containerEntry>0x0</containerEntry>
        </property>
        <property name="children" type="EntityHandle" container="List"></property>
        <property name="flags" type="UInt32" container="StaticArray" arraySize="1">
          <containerEntry>3221225479</containerEntry>
        </property>
        <property name="modelFile" type="FilePtr" container="StaticArray" arraySize="1">
          <containerEntry>/Assets/tpp/environ/object/middle_africa/rock/mafr_rock001/scenes/mafr_rock001_vrtn001.fmdl</containerEntry>
        </property>
        <property name="geomFile" type="FilePtr" container="StaticArray" arraySize="1">
          <containerEntry>/Assets/tpp/environ/object/middle_africa/rock/mafr_rock001/scenes/mafr_rock001_vrtn001.geom</containerEntry>
        </property>
        <property name="isVisibleGeom" type="Bool" container="StaticArray" arraySize="1">
          <containerEntry>false</containerEntry>
        </property>
        <property name="isIsolated" type="Bool" container="StaticArray" arraySize="1">
          <containerEntry>false</containerEntry>
        </property>
        <property name="lodFarSize" type="Float" container="StaticArray" arraySize="1">
          <containerEntry>-1</containerEntry>
        </property>
        <property name="lodNearSize" type="Float" container="StaticArray" arraySize="1">
          <containerEntry>-1</containerEntry>
        </property>
        <property name="lodPolygonSize" type="Float" container="StaticArray" arraySize="1">
          <containerEntry>-1</containerEntry>
        </property>
        <property name="color" type="Color" container="StaticArray" arraySize="1">
          <containerEntry r="1" g="1" b="1" a="1"></containerEntry>
        </property>
        <property name="drawRejectionLevel" type="Int32" container="StaticArray" arraySize="1">
          <containerEntry>8</containerEntry>
        </property>
        <property name="drawMode" type="Int32" container="StaticArray" arraySize="1">
          <containerEntry>0</containerEntry>
        </property>
        <property name="rejectFarRangeShadowCast" type="Int32" container="StaticArray" arraySize="1">
          <containerEntry>2</containerEntry>
        </property>
      </staticProperties>
      <dynamicProperties></dynamicProperties>
    </entity>
    <entity class="TransformEntity" classVersion="0" classID="0x50" addr="0x3178040" id="0x7FFFBC">
      <staticProperties>
        <property name="owner" type="EntityHandle" container="StaticArray" arraySize="1">
          <containerEntry>0x3177FD0</containerEntry>
        </property>
        <property name="transform_scale" type="Vector3" container="StaticArray" arraySize="1">
          <containerEntry x="1" y="1" z="1" w="0"></containerEntry>
        </property>
        <property name="transform_rotation_quat" type="Quat" container="StaticArray" arraySize="1">
          <containerEntry x="-0.0313" y="-0.168077" z="-0.028505" w="0.984864"></containerEntry>
        </property>
        <property name="transform_translation" type="Vector3" container="StaticArray" arraySize="1">
          <containerEntry x="1799.7539" y="-8.098458" z="1062.8738" w="0"></containerEntry>
        </property>
      </staticProperties>
      <dynamicProperties></dynamicProperties>
    </entity>
    <entity class="StaticModel" classVersion="9" classID="0x160" addr="0x31787B0" id="0x7FFFE3">
      <staticProperties>
        <property name="name" type="String" container="StaticArray" arraySize="1">
          <containerEntry>mafr_clff015_grnd002_0000</containerEntry>
        </property>
        <property name="dataSet" type="EntityHandle" container="StaticArray" arraySize="1">
          <containerEntry>0x32F47D0</containerEntry>
        </property>
        <property name="parent" type="EntityHandle" container="StaticArray" arraySize="1">
          <containerEntry>0x0</containerEntry>
        </property>
        <property name="transform" type="EntityPtr" container="StaticArray" arraySize="1">
          <containerEntry>0x3178820</containerEntry>
        </property>
        <property name="shearTransform" type="EntityPtr" container="StaticArray" arraySize="1">
          <containerEntry>0x0</containerEntry>
        </property>
        <property name="pivotTransform" type="EntityPtr" container="StaticArray" arraySize="1">
          <containerEntry>0x0</containerEntry>
        </property>
        <property name="children" type="EntityHandle" container="List"></property>
        <property name="flags" type="UInt32" container="StaticArray" arraySize="1">
          <containerEntry>3221225479</containerEntry>
        </property>
        <property name="modelFile" type="FilePtr" container="StaticArray" arraySize="1">
          <containerEntry>/Assets/tpp/environ/object/middle_africa/cliff/mafr_clff015/scenes/mafr_clff015_grnd002.fmdl</containerEntry>
        </property>
        <property name="geomFile" type="FilePtr" container="StaticArray" arraySize="1">
          <containerEntry>/Assets/tpp/environ/object/middle_africa/cliff/mafr_clff015/scenes/mafr_clff015_grnd002.geom</containerEntry>
        </property>
        <property name="isVisibleGeom" type="Bool" container="StaticArray" arraySize="1">
          <containerEntry>false</containerEntry>
        </property>
        <property name="isIsolated" type="Bool" container="StaticArray" arraySize="1">
          <containerEntry>false</containerEntry>
        </property>
        <property name="lodFarSize" type="Float" container="StaticArray" arraySize="1">
          <containerEntry>-1</containerEntry>
        </property>
        <property name="lodNearSize" type="Float" container="StaticArray" arraySize="1">
          <containerEntry>-1</containerEntry>
        </property>
        <property name="lodPolygonSize" type="Float" container="StaticArray" arraySize="1">
          <containerEntry>-1</containerEntry>
        </property>
        <property name="color" type="Color" container="StaticArray" arraySize="1">
          <containerEntry r="1" g="1" b="1" a="1"></containerEntry>
        </property>
        <property name="drawRejectionLevel" type="Int32" container="StaticArray" arraySize="1">
          <containerEntry>8</containerEntry>
        </property>
        <property name="drawMode" type="Int32" container="StaticArray" arraySize="1">
          <containerEntry>0</containerEntry>
        </property>
        <property name="rejectFarRangeShadowCast" type="Int32" container="StaticArray" arraySize="1">
          <containerEntry>2</containerEntry>
        </property>
      </staticProperties>
      <dynamicProperties></dynamicProperties>
    </entity>
    <entity class="TransformEntity" classVersion="0" classID="0x50" addr="0x3178820" id="0x7FFFE6">
      <staticProperties>
        <property name="owner" type="EntityHandle" container="StaticArray" arraySize="1">
          <containerEntry>0x31787B0</containerEntry>
        </property>
        <property name="transform_scale" type="Vector3" container="StaticArray" arraySize="1">
          <containerEntry x="1" y="1" z="1" w="0"></containerEntry>
        </property>
        <property name="transform_rotation_quat" type="Quat" container="StaticArray" arraySize="1">
          <containerEntry x="0" y="-0.562078" z="0" w="0.827083"></containerEntry>
        </property>
        <property name="transform_translation" type="Vector3" container="StaticArray" arraySize="1">
          <containerEntry x="1816.6976" y="-12.53544" z="1143.3925" w="0"></containerEntry>
        </property>
      </staticProperties>
      <dynamicProperties></dynamicProperties>
    </entity>
    <entity class="StaticModelArray" classVersion="4" classID="0xD0" addr="0x317DD70" id="0x0">
      <staticProperties>
        <property name="name" type="String" container="StaticArray" arraySize="1">
          <containerEntry>StaticModelArray0000</containerEntry>
        </property>
        <property name="dataSet" type="EntityHandle" container="StaticArray" arraySize="1">
          <containerEntry>0x32F47D0</containerEntry>
        </property>
        <property name="modelFile" type="FilePtr" container="StaticArray" arraySize="1">
          <containerEntry>/Assets/tpp/environ/object/middle_africa/rock/mafr_rock001/scenes/mafr_rock001_vrtn003.fmdl</containerEntry>
        </property>
        <property name="geomFile" type="FilePtr" container="StaticArray" arraySize="1">
          <containerEntry>/Assets/tpp/environ/object/middle_africa/rock/mafr_rock001/scenes/mafr_rock001_vrtn003.geom</containerEntry>
        </property>
        <property name="isVisibleGeom" type="Bool" container="StaticArray" arraySize="1">
          <containerEntry>false</containerEntry>
        </property>
        <property name="lodFarSize" type="Float" container="StaticArray" arraySize="1">
          <containerEntry>-1</containerEntry>
        </property>
        <property name="lodNearSize" type="Float" container="StaticArray" arraySize="1">
          <containerEntry>-1</containerEntry>
        </property>
        <property name="lodPolygonSize" type="Float" container="StaticArray" arraySize="1">
          <containerEntry>-1</containerEntry>
        </property>
        <property name="drawRejectionLevel" type="Int32" container="StaticArray" arraySize="1">
          <containerEntry>8</containerEntry>
        </property>
        <property name="drawMode" type="Int32" container="StaticArray" arraySize="1">
          <containerEntry>0</containerEntry>
        </property>
        <property name="rejectFarRangeShadowCast" type="Int32" container="StaticArray" arraySize="1">
          <containerEntry>2</containerEntry>
        </property>
        <property name="parentLocator" type="EntityLink" container="StaticArray" arraySize="1">
          <containerEntry packagePathHash="0xB8A0BF169F98" archivePathHash="0xB8A0BF169F98" nameInArchiveHash="0xB8A0BF169F98">0x0</containerEntry>
        </property>
        <property name="transforms" type="Matrix4" container="DynamicArray" arraySize="4">
          <containerEntry r11="-0.39571273" r12="0" r13="0.91837275" r14="0" r21="0" r22="1" r23="0" r24="0" r31="-0.91837275" r32="0" r33="-0.39571273" r34="0" r41="1796.9095" r42="-12.257678" r43="1136.5186" r44="1"></containerEntry>
          <containerEntry r11="-0.39081815" r12="0.00482285" r13="-0.9204546" r14="0" r21="0.007869265" r22="0.9999672" r23="0.0018982508" r24="0" r31="0.92043364" r32="-0.006501427" r33="-0.3908433" r34="0" r41="1797.289" r42="-12.349234" r43="1120.1509" r44="1"></containerEntry>
          <containerEntry r11="0.53010154" r12="0.0019124495" r13="0.8479319" r14="0" r21="0.010050193" r22="0.99991304" r23="-0.00853831" r24="0" r31="-0.84787446" r32="0.013048052" r33="0.53003633" r34="0" r41="1814.1296" r42="-2.036759" r43="1044.9686" r44="1"></containerEntry>
          <containerEntry r11="0.038979378" r12="0.03044658" r13="0.9987759" r14="0" r21="-0.03997339" r22="0.99878305" r23="-0.028886752" r24="0" r31="-0.99843997" r32="-0.03879848" r33="0.040148973" r34="0" r41="1831.3088" r42="-2.251072" r43="1030.2942" r44="1"></containerEntry>
        </property>
        <property name="colors" type="UInt32" container="DynamicArray" arraySize="4">
          <containerEntry>4294967295</containerEntry>
          <containerEntry>4294967295</containerEntry>
          <containerEntry>4294967295</containerEntry>
          <containerEntry>4294967295</containerEntry>
        </property>
      </staticProperties>
      <dynamicProperties></dynamicProperties>
    </entity>
    <entity class="StaticModelArray" classVersion="4" classID="0xD0" addr="0x317DDE0" id="0x0">
      <staticProperties>
        <property name="name" type="String" container="StaticArray" arraySize="1">
          <containerEntry>StaticModelArray0001</containerEntry>
        </property>
        <property name="dataSet" type="EntityHandle" container="StaticArray" arraySize="1">
          <containerEntry>0x32F47D0</containerEntry>
        </property>
        <property name="modelFile" type="FilePtr" container="StaticArray" arraySize="1">
          <containerEntry>/Assets/tpp/environ/object/middle_africa/rock/mafr_rock002/scenes/mafr_rock002.fmdl</containerEntry>
        </property>
        <property name="geomFile" type="FilePtr" container="StaticArray" arraySize="1">
          <containerEntry>/Assets/tpp/environ/object/middle_africa/rock/mafr_rock002/scenes/mafr_rock002.geom</containerEntry>
        </property>
        <property name="isVisibleGeom" type="Bool" container="StaticArray" arraySize="1">
          <containerEntry>false</containerEntry>
        </property>
        <property name="lodFarSize" type="Float" container="StaticArray" arraySize="1">
          <containerEntry>-1</containerEntry>
        </property>
        <property name="lodNearSize" type="Float" container="StaticArray" arraySize="1">
          <containerEntry>-1</containerEntry>
        </property>
        <property name="lodPolygonSize" type="Float" container="StaticArray" arraySize="1">
          <containerEntry>-1</containerEntry>
        </property>
        <property name="drawRejectionLevel" type="Int32" container="StaticArray" arraySize="1">
          <containerEntry>8</containerEntry>
        </property>
        <property name="drawMode" type="Int32" container="StaticArray" arraySize="1">
          <containerEntry>0</containerEntry>
        </property>
        <property name="rejectFarRangeShadowCast" type="Int32" container="StaticArray" arraySize="1">
          <containerEntry>2</containerEntry>
        </property>
        <property name="parentLocator" type="EntityLink" container="StaticArray" arraySize="1">
          <containerEntry packagePathHash="0xB8A0BF169F98" archivePathHash="0xB8A0BF169F98" nameInArchiveHash="0xB8A0BF169F98">0x0</containerEntry>
        </property>
        <property name="transforms" type="Matrix4" container="DynamicArray" arraySize="8">
          <containerEntry r11="-0.6380482" r12="0.020456882" r13="-0.76972425" r14="0" r21="-0.003839559" r22="0.9995501" r23="0.029747678" r24="0" r31="0.7699865" r32="0.02193583" r33="-0.63768256" r34="0" r41="1856.0521" r42="-0.575826" r43="1053.3843" r44="1"></containerEntry>
          <containerEntry r11="-0.49978724" r12="0.020456577" r13="0.8659064" r14="0" r21="0.029224861" r22="0.9995501" r23="-0.0067457524" r24="0" r31="-0.8656549" r32="0.021934547" r33="-0.5001602" r34="0" r41="1860.6149" r42="-1.0288" r43="1060.8259" r44="1"></containerEntry>
          <containerEntry r11="0.6354661" r12="0.029047834" r13="-0.771582" r14="0" r21="-0.016324064" r22="0.9995742" r23="0.02418676" r24="0" r31="0.77195597" r32="-0.0027745059" r33="0.6356697" r34="0" r41="1806.1608" r42="-1.522217" r43="1047.6702" r44="1"></containerEntry>
          <containerEntry r11="0.17363228" r12="-0.02098933" r13="0.9845871" r14="0" r21="-0.016323457" r22="0.9995741" r23="0.024187483" r24="0" r31="-0.9846755" r32="-0.020271596" r33="0.17321569" r34="0" r41="1804.3481" r42="-1.407148" r43="1043.5709" r44="1"></containerEntry>
          <containerEntry r11="0.17363228" r12="-0.02098933" r13="0.9845871" r14="0" r21="-0.016323457" r22="0.9995741" r23="0.024187483" r24="0" r31="-0.9846755" r32="-0.020271596" r33="0.17321569" r34="0" r41="1828.0148" r42="-1.261294" r43="1052.7666" r44="1"></containerEntry>
          <containerEntry r11="0.7715198" r12="0.015728127" r13="-0.63601065" r14="0" r21="-0.12986502" r22="0.9825391" r23="-0.13323657" r24="0" r31="0.62280977" r32="0.18539022" r33="0.76009095" r34="0" r41="1838.0912" r42="-1.061645" r43="1031.4851" r44="1"></containerEntry>
          <containerEntry r11="-0.83061343" r12="-8.902419e-05" r13="-0.55684656" r14="0" r21="-0.016322661" r22="0.9995742" r23="0.024187721" r24="0" r31="0.5566073" r32="0.029179912" r33="-0.8302612" r34="0" r41="1835.0765" r42="-1.261294" r43="1058.8466" r44="1"></containerEntry>
          <containerEntry r11="0.16935521" r12="0.024728686" r13="0.98524433" r14="0" r21="0.2660983" r22="0.9614103" r23="-0.069870375" r24="0" r31="-0.9489519" r32="0.27400485" r33="0.15623957" r34="0" r41="1819.4698" r42="-1.369665" r43="1031.9695" r44="1"></containerEntry>
        </property>
        <property name="colors" type="UInt32" container="DynamicArray" arraySize="8">
          <containerEntry>4294967295</containerEntry>
          <containerEntry>4294967295</containerEntry>
          <containerEntry>4294967295</containerEntry>
          <containerEntry>4294967295</containerEntry>
          <containerEntry>4294967295</containerEntry>
          <containerEntry>4294967295</containerEntry>
          <containerEntry>4294967295</containerEntry>
          <containerEntry>4294967295</containerEntry>
        </property>
      </staticProperties>
      <dynamicProperties></dynamicProperties>
    </entity>
    <entity class="StaticModelArray" classVersion="4" classID="0xD0" addr="0x317DEC0" id="0x0">
      <staticProperties>
        <property name="name" type="String" container="StaticArray" arraySize="1">
          <containerEntry>StaticModelArray0002</containerEntry>
        </property>
        <property name="dataSet" type="EntityHandle" container="StaticArray" arraySize="1">
          <containerEntry>0x32F47D0</containerEntry>
        </property>
        <property name="modelFile" type="FilePtr" container="StaticArray" arraySize="1">
          <containerEntry>/Assets/tpp/environ/object/middle_africa/cliff/mafr_clff004/scenes/mafr_clff004.fmdl</containerEntry>
        </property>
        <property name="geomFile" type="FilePtr" container="StaticArray" arraySize="1">
          <containerEntry>/Assets/tpp/environ/object/middle_africa/cliff/mafr_clff004/scenes/mafr_clff004.geom</containerEntry>
        </property>
        <property name="isVisibleGeom" type="Bool" container="StaticArray" arraySize="1">
          <containerEntry>false</containerEntry>
        </property>
        <property name="lodFarSize" type="Float" container="StaticArray" arraySize="1">
          <containerEntry>-1</containerEntry>
        </property>
        <property name="lodNearSize" type="Float" container="StaticArray" arraySize="1">
          <containerEntry>-1</containerEntry>
        </property>
        <property name="lodPolygonSize" type="Float" container="StaticArray" arraySize="1">
          <containerEntry>-1</containerEntry>
        </property>
        <property name="drawRejectionLevel" type="Int32" container="StaticArray" arraySize="1">
          <containerEntry>8</containerEntry>
        </property>
        <property name="drawMode" type="Int32" container="StaticArray" arraySize="1">
          <containerEntry>0</containerEntry>
        </property>
        <property name="rejectFarRangeShadowCast" type="Int32" container="StaticArray" arraySize="1">
          <containerEntry>2</containerEntry>
        </property>
        <property name="parentLocator" type="EntityLink" container="StaticArray" arraySize="1">
          <containerEntry packagePathHash="0xB8A0BF169F98" archivePathHash="0xB8A0BF169F98" nameInArchiveHash="0xB8A0BF169F98">0x0</containerEntry>
        </property>
        <property name="transforms" type="Matrix4" container="DynamicArray" arraySize="2">
          <containerEntry r11="0.15801424" r12="0.043082938" r13="0.98649645" r14="0" r21="0.53775054" r22="0.8341476" r23="-0.12256479" r24="0" r31="-0.8281649" r32="0.54985654" r33="0.108639404" r34="0" r41="1801.5095" r42="-8.864741" r43="1071.4666" r44="1"></containerEntry>
          <containerEntry r11="0.16643865" r12="0.052770652" r13="0.9846409" r14="0" r21="0.44805557" r22="0.8854772" r23="-0.123193815" r24="0" r31="-0.87837917" r32="0.46167806" r33="0.123733476" r34="0" r41="1811.9222" r42="-7.421957" r43="1128.8447" r44="1"></containerEntry>
        </property>
        <property name="colors" type="UInt32" container="DynamicArray" arraySize="2">
          <containerEntry>4294967295</containerEntry>
          <containerEntry>4294967295</containerEntry>
        </property>
      </staticProperties>
      <dynamicProperties></dynamicProperties>
    </entity>
    <entity class="StaticModelArray" classVersion="4" classID="0xD0" addr="0x317DF30" id="0x0">
      <staticProperties>
        <property name="name" type="String" container="StaticArray" arraySize="1">
          <containerEntry>StaticModelArray0003</containerEntry>
        </property>
        <property name="dataSet" type="EntityHandle" container="StaticArray" arraySize="1">
          <containerEntry>0x32F47D0</containerEntry>
        </property>
        <property name="modelFile" type="FilePtr" container="StaticArray" arraySize="1">
          <containerEntry>/Assets/tpp/environ/object/middle_africa/cliff/mafr_clff003/scenes/mafr_clff003_vrtn001.fmdl</containerEntry>
        </property>
        <property name="geomFile" type="FilePtr" container="StaticArray" arraySize="1">
          <containerEntry>/Assets/tpp/environ/object/middle_africa/cliff/mafr_clff003/scenes/mafr_clff003_vrtn001.geom</containerEntry>
        </property>
        <property name="isVisibleGeom" type="Bool" container="StaticArray" arraySize="1">
          <containerEntry>false</containerEntry>
        </property>
        <property name="lodFarSize" type="Float" container="StaticArray" arraySize="1">
          <containerEntry>-1</containerEntry>
        </property>
        <property name="lodNearSize" type="Float" container="StaticArray" arraySize="1">
          <containerEntry>-1</containerEntry>
        </property>
        <property name="lodPolygonSize" type="Float" container="StaticArray" arraySize="1">
          <containerEntry>-1</containerEntry>
        </property>
        <property name="drawRejectionLevel" type="Int32" container="StaticArray" arraySize="1">
          <containerEntry>8</containerEntry>
        </property>
        <property name="drawMode" type="Int32" container="StaticArray" arraySize="1">
          <containerEntry>0</containerEntry>
        </property>
        <property name="rejectFarRangeShadowCast" type="Int32" container="StaticArray" arraySize="1">
          <containerEntry>2</containerEntry>
        </property>
        <property name="parentLocator" type="EntityLink" container="StaticArray" arraySize="1">
          <containerEntry packagePathHash="0xB8A0BF169F98" archivePathHash="0xB8A0BF169F98" nameInArchiveHash="0xB8A0BF169F98">0x0</containerEntry>
        </property>
        <property name="transforms" type="Matrix4" container="DynamicArray" arraySize="19">
          <containerEntry r11="-0.647487" r12="-0.34512046" r13="0.67944974" r14="0" r21="0.3466768" r22="0.66059065" r23="0.6659095" r24="0" r31="-0.6786571" r32="0.66671664" r33="-0.30807894" r34="0" r41="1806.9214" r42="-8.193499" r43="1078.2607" r44="1"></containerEntry>
          <containerEntry r11="0.42752466" r12="-0.2245325" r13="0.875672" r14="0" r21="0.34759322" r22="0.9350253" r23="0.07004782" r24="0" r31="-0.8345034" r32="0.27443057" r33="0.47779238" r34="0" r41="1840.8563" r42="-4.897718" r43="1063.2463" r44="1"></containerEntry>
          <containerEntry r11="0.49824077" r12="0.08089316" r13="0.8632581" r14="0" r21="0.25340235" r22="0.9385812" r23="-0.23420675" r24="0" r31="-0.8291837" r32="0.33544275" r33="0.44714084" r34="0" r41="1834.9503" r42="-5.479277" r43="1039.5283" r44="1"></containerEntry>
          <containerEntry r11="-0.82980794" r12="0.11874673" r13="-0.5452599" r14="0" r21="-0.16957624" r22="0.8772339" r23="0.449115" r24="0" r31="0.5316513" r32="0.4651432" r33="-0.70779884" r34="0" r41="1844.5822" r42="-4.890933" r43="1060.5674" r44="1"></containerEntry>
          <containerEntry r11="-0.18883894" r12="0.05876115" r13="-0.9802472" r14="0" r21="-0.97781384" r22="-0.10340807" r23="0.18217155" r24="0" r31="-0.09066108" r32="0.99290055" r33="0.076985106" r34="0" r41="1806.1569" r42="-11.863261" r43="1112.254" r44="1"></containerEntry>
          <containerEntry r11="-0.5943402" r12="-0.29884896" r13="-0.74662435" r14="0" r21="-0.7362015" r22="0.5758375" r23="0.35555422" r24="0" r31="0.3236774" r32="0.7609858" r33="-0.5622566" r34="0" r41="1811.1731" r42="-9.00683" r43="1112.2861" r44="1"></containerEntry>
          <containerEntry r11="0.6142961" r12="-0.11842167" r13="-0.7801343" r14="0" r21="-0.4231031" r22="0.78509617" r23="-0.4523352" r24="0" r31="0.6660466" r32="0.60794526" r33="0.43217704" r34="0" r41="1845.735" r42="-5.738516" r43="1067.9023" r44="1"></containerEntry>
          <containerEntry r11="0.6813755" r12="-0.111486465" r13="-0.72339463" r14="0" r21="-0.54656875" r22="0.5798477" r23="-0.60418653" r24="0" r31="0.48681793" r32="0.80706227" r33="0.33415875" r34="0" r41="1840.9681" r42="-4.478012" r43="1035.6979" r44="1"></containerEntry>
          <containerEntry r11="0.25834122" r12="-0.19286692" r13="-0.9466062" r14="0" r21="-0.5556044" r22="0.77193177" r23="-0.30891007" r24="0" r31="0.7902941" r32="0.6057426" r33="0.092264056" r34="0" r41="1851.4009" r42="-4.792581" r43="1038.1312" r44="1"></containerEntry>
          <containerEntry r11="0.021584105" r12="0.001088037" r13="0.9997645" r14="0" r21="0.36856872" r22="0.9295572" r23="-0.008968398" r24="0" r31="-0.929348" r32="0.36867586" r33="0.019662717" r34="0" r41="1795.0613" r42="-13.529984" r43="1043.6299" r44="1"></containerEntry>
          <containerEntry r11="0.7121163" r12="0.11144476" r13="-0.69315803" r14="0" r21="-0.3598736" r22="0.90568614" r23="-0.22410145" r24="0" r31="0.6028093" r32="0.4090361" r33="0.6850606" r34="0" r41="1834.7745" r42="-5.363028" r43="1111.5348" r44="1"></containerEntry>
          <containerEntry r11="-0.9476645" r12="0.110068545" r13="0.2996963" r14="0" r21="0.28481764" r22="0.7156033" r23="0.63779986" r24="0" r31="-0.14426206" r32="0.6897801" r33="-0.7095019" r34="0" r41="1840.0242" r42="-6.53673" r43="1112.7441" r44="1"></containerEntry>
          <containerEntry r11="0.9488945" r12="0.024376554" r13="-0.3146472" r14="0" r21="-0.26151288" r22="0.61883473" r23="-0.74071187" r24="0" r31="0.17665875" r32="0.7851426" r33="0.5935843" r34="0" r41="1832.057" r42="-5.098535" r43="1108.8782" r44="1"></containerEntry>
          <containerEntry r11="0.7347404" r12="-0.0070534577" r13="0.6783112" r14="0" r21="0.5329457" r22="0.6246354" r23="-0.5707882" r24="0" r31="-0.4196722" r32="0.7808845" r33="0.46270415" r34="0" r41="1836.8606" r42="-5.861256" r43="1106.7638" r44="1"></containerEntry>
          <containerEntry r11="0.6296954" r12="0.03983618" r13="0.4054587" r14="0" r21="0.23135313" r22="0.5794209" r23="-0.4162296" r24="0" r31="-0.33534965" r32="0.474536" r33="0.47418997" r34="0" r41="1807.0431" r42="-14.912379" r43="1148.113" r44="1"></containerEntry>
          <containerEntry r11="-0.24896961" r12="-0.18072283" r13="0.68399847" r14="0" r21="0.37885076" r22="0.57832915" r23="0.2907018" r24="0" r31="-0.59748363" r32="0.44201207" r33="-0.10069263" r34="0" r41="1805.38" r42="-5.721641" r43="1061.7267" r44="1"></containerEntry>
          <containerEntry r11="0.487786" r12="-0.03277647" r13="0.5687623" r14="0" r21="0.29309952" r22="0.65650165" r23="-0.21353745" r24="0" r31="-0.48852593" r32="0.3611527" r33="0.43978545" r34="0" r41="1801.3643" r42="-5.721641" r43="1057.1293" r44="1"></containerEntry>
          <containerEntry r11="-0.6770705" r12="-0.121479735" r13="0.2988627" r14="0" r21="0.057089075" r22="0.63871354" r23="0.3889549" r24="0" r31="-0.31751704" r32="0.373882" r33="-0.5673586" r34="0" r41="1809.0414" r42="-4.622065" r43="1028.8569" r44="1"></containerEntry>
          <containerEntry r11="-0.14701563" r12="-0.07717238" r13="-0.7313896" r14="0" r21="-0.43213186" r22="0.61259127" r23="0.022224896" r24="0" r31="0.5951036" r32="0.42576554" r33="-0.16454552" r34="0" r41="1806.5558" r42="-4.026603" r43="1041.0293" r44="1"></containerEntry>
        </property>
        <property name="colors" type="UInt32" container="DynamicArray" arraySize="19">
          <containerEntry>4294967295</containerEntry>
          <containerEntry>4294967295</containerEntry>
          <containerEntry>4294967295</containerEntry>
          <containerEntry>4294967295</containerEntry>
          <containerEntry>4294967295</containerEntry>
          <containerEntry>4294967295</containerEntry>
          <containerEntry>4294967295</containerEntry>
          <containerEntry>4294967295</containerEntry>
          <containerEntry>4294967295</containerEntry>
          <containerEntry>4294967295</containerEntry>
          <containerEntry>4294967295</containerEntry>
          <containerEntry>4294967295</containerEntry>
          <containerEntry>4294967295</containerEntry>
          <containerEntry>4294967295</containerEntry>
          <containerEntry>4294967295</containerEntry>
          <containerEntry>4294967295</containerEntry>
          <containerEntry>4294967295</containerEntry>
          <containerEntry>4294967295</containerEntry>
          <containerEntry>4294967295</containerEntry>
        </property>
      </staticProperties>
      <dynamicProperties></dynamicProperties>
    </entity>
    <entity class="StaticModelArray" classVersion="4" classID="0xD0" addr="0x317DE50" id="0x0">
      <staticProperties>
        <property name="name" type="String" container="StaticArray" arraySize="1">
          <containerEntry>StaticModelArray0004</containerEntry>
        </property>
        <property name="dataSet" type="EntityHandle" container="StaticArray" arraySize="1">
          <containerEntry>0x32F47D0</containerEntry>
        </property>
        <property name="modelFile" type="FilePtr" container="StaticArray" arraySize="1">
          <containerEntry>/Assets/tpp/environ/object/middle_africa/cliff/mafr_clff015/scenes/mafr_clff015_wall002.fmdl</containerEntry>
        </property>
        <property name="geomFile" type="FilePtr" container="StaticArray" arraySize="1">
          <containerEntry>/Assets/tpp/environ/object/middle_africa/cliff/mafr_clff015/scenes/mafr_clff015_wall002.geom</containerEntry>
        </property>
        <property name="isVisibleGeom" type="Bool" container="StaticArray" arraySize="1">
          <containerEntry>false</containerEntry>
        </property>
        <property name="lodFarSize" type="Float" container="StaticArray" arraySize="1">
          <containerEntry>-1</containerEntry>
        </property>
        <property name="lodNearSize" type="Float" container="StaticArray" arraySize="1">
          <containerEntry>-1</containerEntry>
        </property>
        <property name="lodPolygonSize" type="Float" container="StaticArray" arraySize="1">
          <containerEntry>-1</containerEntry>
        </property>
        <property name="drawRejectionLevel" type="Int32" container="StaticArray" arraySize="1">
          <containerEntry>8</containerEntry>
        </property>
        <property name="drawMode" type="Int32" container="StaticArray" arraySize="1">
          <containerEntry>0</containerEntry>
        </property>
        <property name="rejectFarRangeShadowCast" type="Int32" container="StaticArray" arraySize="1">
          <containerEntry>2</containerEntry>
        </property>
        <property name="parentLocator" type="EntityLink" container="StaticArray" arraySize="1">
          <containerEntry packagePathHash="0xB8A0BF169F98" archivePathHash="0xB8A0BF169F98" nameInArchiveHash="0xB8A0BF169F98">0x0</containerEntry>
        </property>
        <property name="transforms" type="Matrix4" container="DynamicArray" arraySize="3">
          <containerEntry r11="-0.057269473" r12="-0.010387564" r13="-0.4966003" r14="0" r21="-2.2957101e-07" r22="0.49989066" r23="-0.010456354" r24="0" r31="0.4967089" r32="-0.0011974415" r33="-0.057256937" r34="0" r41="1810.0353" r42="-14.517824" r43="1097.2627" r44="1"></containerEntry>
          <containerEntry r11="0.14531855" r12="-0.011422858" r13="-0.4782796" r14="0" r21="-0.0020812224" r22="0.49983764" r23="-0.012570055" r24="0" r31="0.47841144" r32="0.0056441235" r33="0.14522383" r34="0" r41="1808.0642" r42="-10.554601" r43="1043.4108" r44="1"></containerEntry>
          <containerEntry r11="0.20674354" r12="-0.023355274" r13="0.45465565" r14="0" r21="0.009491349" r22="0.4994542" r23="0.021340583" r24="0" r31="-0.45515615" r32="-0.00019347202" r33="0.20696121" r34="0" r41="1816.0306" r42="-11.724246" r43="1134.6545" r44="1"></containerEntry>
        </property>
        <property name="colors" type="UInt32" container="DynamicArray" arraySize="3">
          <containerEntry>4294967295</containerEntry>
          <containerEntry>4294967295</containerEntry>
          <containerEntry>4294967295</containerEntry>
        </property>
      </staticProperties>
      <dynamicProperties></dynamicProperties>
    </entity>
