<fox formatVersion="2" fileVersion="0">
  <entities>
    <entity class="DataSet" classVersion="0" classID="0xE8" addr="0x2F52E00" id="0x9D13E2">
      <staticProperties>
        <property name="name" type="String" container="StaticArray" arraySize="1">
          <containerEntry hash="0xB8A0BF169F98"></containerEntry>
        </property>
        <property name="dataSet" type="EntityHandle" container="StaticArray" arraySize="1">
          <containerEntry>0x0</containerEntry>
        </property>
        <property name="dataList" type="EntityPtr" container="StringMap" arraySize="12">
          <containerEntry key="afgh_clff025_0004">
            <data>0x2D760C0</data>
          </containerEntry>
          <containerEntry key="afgh_clff035_vrtn003_0007">
            <data>0x2D76440</data>
          </containerEntry>
          <containerEntry key="StaticModelArray0000">
            <data>0x2D7C410</data>
          </containerEntry>
          <containerEntry key="StaticModelArray0001">
            <data>0x2D7C4F0</data>
          </containerEntry>
          <containerEntry key="StaticModelArray0002">
            <data>0x2D7C480</data>
          </containerEntry>
          <containerEntry key="StaticModelArray0003">
            <data>0x2D7BED0</data>
          </containerEntry>
          <containerEntry key="StaticModelArray0004">
            <data>0x2D7C1E0</data>
          </containerEntry>
          <containerEntry key="StaticModelArray0005">
            <data>0x2D7BD10</data>
          </containerEntry>
          <containerEntry key="StaticModelArray0006">
            <data>0x2D7BAE0</data>
          </containerEntry>
          <containerEntry key="StaticModelArray0007">
            <data>0x2D7C250</data>
          </containerEntry>
          <containerEntry key="StaticModelArray0008">
            <data>0x2D75560</data>
          </containerEntry>
          <containerEntry key="TexturePackLoadConditioner0000">
            <data>0x2D7BBC0</data>
          </containerEntry>
        </property>
      </staticProperties>
      <dynamicProperties></dynamicProperties>
    </entity>
    <entity class="StaticModel" classVersion="9" classID="0x160" addr="0x2D760C0" id="0x9D14C3">
      <staticProperties>
        <property name="name" type="String" container="StaticArray" arraySize="1">
          <containerEntry>afgh_clff025_0004</containerEntry>
        </property>
        <property name="dataSet" type="EntityHandle" container="StaticArray" arraySize="1">
          <containerEntry>0x2F52E00</containerEntry>
        </property>
        <property name="parent" type="EntityHandle" container="StaticArray" arraySize="1">
          <containerEntry>0x0</containerEntry>
        </property>
        <property name="transform" type="EntityPtr" container="StaticArray" arraySize="1">
          <containerEntry>0x2D76130</containerEntry>
        </property>
        <property name="shearTransform" type="EntityPtr" container="StaticArray" arraySize="1">
          <containerEntry>0x0</containerEntry>
        </property>
        <property name="pivotTransform" type="EntityPtr" container="StaticArray" arraySize="1">
          <containerEntry>0x0</containerEntry>
        </property>
        <property name="children" type="EntityHandle" container="List"></property>
        <property name="flags" type="UInt32" container="StaticArray" arraySize="1">
          <containerEntry>3221225479</containerEntry>
        </property>
        <property name="modelFile" type="FilePtr" container="StaticArray" arraySize="1">
          <containerEntry>/Assets/tpp/environ/object/afghanistan/cliff/afgh_clff025/scenes/afgh_clff025.fmdl</containerEntry>
        </property>
        <property name="geomFile" type="FilePtr" container="StaticArray" arraySize="1">
          <containerEntry>/Assets/tpp/environ/object/afghanistan/cliff/afgh_clff025/scenes/afgh_clff025.geom</containerEntry>
        </property>
        <property name="isVisibleGeom" type="Bool" container="StaticArray" arraySize="1">
          <containerEntry>false</containerEntry>
        </property>
        <property name="isIsolated" type="Bool" container="StaticArray" arraySize="1">
          <containerEntry>false</containerEntry>
        </property>
        <property name="lodFarSize" type="Float" container="StaticArray" arraySize="1">
          <containerEntry>-1</containerEntry>
        </property>
        <property name="lodNearSize" type="Float" container="StaticArray" arraySize="1">
          <containerEntry>-1</containerEntry>
        </property>
        <property name="lodPolygonSize" type="Float" container="StaticArray" arraySize="1">
          <containerEntry>-1</containerEntry>
        </property>
        <property name="color" type="Color" container="StaticArray" arraySize="1">
          <containerEntry r="1" g="1" b="1" a="1"></containerEntry>
        </property>
        <property name="drawRejectionLevel" type="Int32" container="StaticArray" arraySize="1">
          <containerEntry>8</containerEntry>
        </property>
        <property name="drawMode" type="Int32" container="StaticArray" arraySize="1">
          <containerEntry>0</containerEntry>
        </property>
        <property name="rejectFarRangeShadowCast" type="Int32" container="StaticArray" arraySize="1">
          <containerEntry>2</containerEntry>
        </property>
      </staticProperties>
      <dynamicProperties></dynamicProperties>
    </entity>
    <entity class="TransformEntity" classVersion="0" classID="0x50" addr="0x2D76130" id="0x9D14C6">
      <staticProperties>
        <property name="owner" type="EntityHandle" container="StaticArray" arraySize="1">
          <containerEntry>0x2D760C0</containerEntry>
        </property>
        <property name="transform_scale" type="Vector3" container="StaticArray" arraySize="1">
          <containerEntry x="1" y="1" z="1" w="0"></containerEntry>
        </property>
        <property name="transform_rotation_quat" type="Quat" container="StaticArray" arraySize="1">
          <containerEntry x="0.018362" y="-0.5069" z="-0.025333" w="0.861435"></containerEntry>
        </property>
        <property name="transform_translation" type="Vector3" container="StaticArray" arraySize="1">
          <containerEntry x="766.196" y="336.61758" z="1648.0797" w="0"></containerEntry>
        </property>
      </staticProperties>
      <dynamicProperties></dynamicProperties>
    </entity>
    <entity class="StaticModel" classVersion="9" classID="0x160" addr="0x2D76440" id="0x9D14D6">
      <staticProperties>
        <property name="name" type="String" container="StaticArray" arraySize="1">
          <containerEntry>afgh_clff035_vrtn003_0007</containerEntry>
        </property>
        <property name="dataSet" type="EntityHandle" container="StaticArray" arraySize="1">
          <containerEntry>0x2F52E00</containerEntry>
        </property>
        <property name="parent" type="EntityHandle" container="StaticArray" arraySize="1">
          <containerEntry>0x0</containerEntry>
        </property>
        <property name="transform" type="EntityPtr" container="StaticArray" arraySize="1">
          <containerEntry>0x2D764B0</containerEntry>
        </property>
        <property name="shearTransform" type="EntityPtr" container="StaticArray" arraySize="1">
          <containerEntry>0x0</containerEntry>
        </property>
        <property name="pivotTransform" type="EntityPtr" container="StaticArray" arraySize="1">
          <containerEntry>0x0</containerEntry>
        </property>
        <property name="children" type="EntityHandle" container="List"></property>
        <property name="flags" type="UInt32" container="StaticArray" arraySize="1">
          <containerEntry>7</containerEntry>
        </property>
        <property name="modelFile" type="FilePtr" container="StaticArray" arraySize="1">
          <containerEntry>/Assets/tpp/environ/object/afghanistan/cliff/afgh_clff035/scenes/afgh_clff035_vrtn003.fmdl</containerEntry>
        </property>
        <property name="geomFile" type="FilePtr" container="StaticArray" arraySize="1">
          <containerEntry>/Assets/tpp/environ/object/afghanistan/cliff/afgh_clff035/scenes/afgh_clff035_vrtn003.geom</containerEntry>
        </property>
        <property name="isVisibleGeom" type="Bool" container="StaticArray" arraySize="1">
          <containerEntry>false</containerEntry>
        </property>
        <property name="isIsolated" type="Bool" container="StaticArray" arraySize="1">
          <containerEntry>false</containerEntry>
        </property>
        <property name="lodFarSize" type="Float" container="StaticArray" arraySize="1">
          <containerEntry>-1</containerEntry>
        </property>
        <property name="lodNearSize" type="Float" container="StaticArray" arraySize="1">
          <containerEntry>-1</containerEntry>
        </property>
        <property name="lodPolygonSize" type="Float" container="StaticArray" arraySize="1">
          <containerEntry>-1</containerEntry>
        </property>
        <property name="color" type="Color" container="StaticArray" arraySize="1">
          <containerEntry r="1" g="1" b="1" a="1"></containerEntry>
        </property>
        <property name="drawRejectionLevel" type="Int32" container="StaticArray" arraySize="1">
          <containerEntry>8</containerEntry>
        </property>
        <property name="drawMode" type="Int32" container="StaticArray" arraySize="1">
          <containerEntry>0</containerEntry>
        </property>
        <property name="rejectFarRangeShadowCast" type="Int32" container="StaticArray" arraySize="1">
          <containerEntry>2</containerEntry>
        </property>
      </staticProperties>
      <dynamicProperties></dynamicProperties>
    </entity>
    <entity class="TransformEntity" classVersion="0" classID="0x50" addr="0x2D764B0" id="0x9D14D9">
      <staticProperties>
        <property name="owner" type="EntityHandle" container="StaticArray" arraySize="1">
          <containerEntry>0x2D76440</containerEntry>
        </property>
        <property name="transform_scale" type="Vector3" container="StaticArray" arraySize="1">
          <containerEntry x="1" y="1" z="1" w="0"></containerEntry>
        </property>
        <property name="transform_rotation_quat" type="Quat" container="StaticArray" arraySize="1">
          <containerEntry x="-0.106072" y="-0.043625" z="-0.027862" w="0.993009"></containerEntry>
        </property>
        <property name="transform_translation" type="Vector3" container="StaticArray" arraySize="1">
          <containerEntry x="661.1787" y="346.88992" z="1660.2773" w="0"></containerEntry>
        </property>
      </staticProperties>
      <dynamicProperties></dynamicProperties>
    </entity>
    <entity class="StaticModelArray" classVersion="4" classID="0xD0" addr="0x2D7C410" id="0x0">
      <staticProperties>
        <property name="name" type="String" container="StaticArray" arraySize="1">
          <containerEntry>StaticModelArray0000</containerEntry>
        </property>
        <property name="dataSet" type="EntityHandle" container="StaticArray" arraySize="1">
          <containerEntry>0x2F52E00</containerEntry>
        </property>
        <property name="modelFile" type="FilePtr" container="StaticArray" arraySize="1">
          <containerEntry>/Assets/tpp/environ/object/afghanistan/rock/afgh_rock010/scenes/afgh_rock010.fmdl</containerEntry>
        </property>
        <property name="geomFile" type="FilePtr" container="StaticArray" arraySize="1">
          <containerEntry>/Assets/tpp/environ/object/afghanistan/rock/afgh_rock010/scenes/afgh_rock010.geom</containerEntry>
        </property>
        <property name="isVisibleGeom" type="Bool" container="StaticArray" arraySize="1">
          <containerEntry>false</containerEntry>
        </property>
        <property name="lodFarSize" type="Float" container="StaticArray" arraySize="1">
          <containerEntry>-1</containerEntry>
        </property>
        <property name="lodNearSize" type="Float" container="StaticArray" arraySize="1">
          <containerEntry>-1</containerEntry>
        </property>
        <property name="lodPolygonSize" type="Float" container="StaticArray" arraySize="1">
          <containerEntry>-1</containerEntry>
        </property>
        <property name="drawRejectionLevel" type="Int32" container="StaticArray" arraySize="1">
          <containerEntry>8</containerEntry>
        </property>
        <property name="drawMode" type="Int32" container="StaticArray" arraySize="1">
          <containerEntry>0</containerEntry>
        </property>
        <property name="rejectFarRangeShadowCast" type="Int32" container="StaticArray" arraySize="1">
          <containerEntry>2</containerEntry>
        </property>
        <property name="parentLocator" type="EntityLink" container="StaticArray" arraySize="1">
          <containerEntry packagePathHash="0xB8A0BF169F98" archivePathHash="0xB8A0BF169F98" nameInArchiveHash="0xB8A0BF169F98">0x0</containerEntry>
        </property>
        <property name="transforms" type="Matrix4" container="DynamicArray" arraySize="13">
          <containerEntry r11="-0.97615147" r12="0.19370666" r13="-0.097995244" r14="0" r21="0.17980209" r22="0.97439176" r23="0.13502528" r24="0" r31="0.12164108" r32="0.114185564" r33="-0.98598284" r34="0" r41="662.56354" r42="346.47916" r43="1628.6117" r44="1"></containerEntry>
          <containerEntry r11="0.6900083" r12="0.037294913" r13="0.72283894" r14="0" r21="0.026910381" r22="0.99665934" r23="-0.0771106" r24="0" r31="-0.72330004" r32="0.07265881" r33="0.6866995" r34="0" r41="647.6276" r42="348.4495" r43="1622.8314" r44="1"></containerEntry>
          <containerEntry r11="-0.95164967" r12="-0.055682033" r13="-0.3020894" r14="0" r21="0.05599676" r22="0.9355085" r23="-0.34883818" r24="0" r31="0.30203122" r32="-0.34888855" r33="-0.88715816" r34="0" r41="659.3744" r42="346.20456" r43="1556.6011" r44="1"></containerEntry>
          <containerEntry r11="0.8504676" r12="-0.1259536" r13="0.51072514" r14="0" r21="0.29334903" r22="0.9194802" r23="-0.26172954" r24="0" r31="-0.4366358" r32="0.37241334" r33="0.8189366" r34="0" r41="642.8664" r42="342.15463" r43="1540.1157" r44="1"></containerEntry>
          <containerEntry r11="-0.12617771" r12="0.30861792" r13="0.94277894" r14="0" r21="0.29334828" r22="0.9194803" r23="-0.26173" r24="0" r31="-0.94764125" r32="0.24353805" r33="-0.20655048" r34="0" r41="659.3744" r42="354.1125" r43="1582.5364" r44="1"></containerEntry>
          <containerEntry r11="0.95272166" r12="-0.30384403" r13="0.00038448628" r14="0" r21="0.3028068" r22="0.9495723" r23="0.08136575" r24="0" r31="-0.025087621" r32="-0.07740249" r33="0.99668425" r34="0" r41="650.91486" r42="354.1125" r43="1579.8984" r44="1"></containerEntry>
          <containerEntry r11="0.8875289" r12="-0.42907104" r13="0.16790019" r14="0" r21="0.40487328" r22="0.90020925" r23="0.16031526" r24="0" r31="-0.21993195" r32="-0.07430613" r33="0.9726811" r34="0" r41="701.8978" r42="344.02084" r43="1566.4437" r44="1"></containerEntry>
          <containerEntry r11="0.2467415" r12="-0.044556938" r13="-0.96805674" r14="0" r21="0.23678073" r22="0.9714372" r23="0.015639007" r24="0" r31="0.9397096" r32="-0.2330759" r33="0.25024408" r34="0" r41="681.4531" r42="348.3838" r43="1567.4666" r44="1"></containerEntry>
          <containerEntry r11="0.35671285" r12="-0.031319022" r13="0.9336896" r14="0" r21="-0.068280056" r22="0.99589086" r23="0.05949171" r24="0" r31="-0.9317161" r32="-0.08497381" r33="0.35310858" r34="0" r41="706.33276" r42="341.02045" r43="1587.3761" r44="1"></containerEntry>
          <containerEntry r11="-0.48857668" r12="0.062993616" r13="0.87024295" r14="0" r21="0.13870776" r22="0.990314" r23="0.0061891265" r24="0" r31="-0.86142385" r32="0.12373339" r33="-0.49258202" r34="0" r41="691.18713" r42="345.91992" r43="1570.0293" r44="1"></containerEntry>
          <containerEntry r11="0.8126166" r12="-0.17607872" r13="-0.55556303" r14="0" r21="0.16514419" r22="0.9837653" r23="-0.070237234" r24="0" r31="0.5589109" r32="-0.034672156" r33="0.82850236" r34="0" r41="668.9131" r42="351.38376" r43="1572.6735" r44="1"></containerEntry>
          <containerEntry r11="0.165915" r12="-0.05050811" r13="0.984845" r14="0" r21="0.022711895" r22="0.9986183" r23="0.047388222" r24="0" r31="-0.9858777" r32="0.014505334" r33="0.16683286" r34="0" r41="678.3611" r42="346.19025" r43="1603.2078" r44="1"></containerEntry>
          <containerEntry r11="0.8928655" r12="-0.086779386" r13="-0.44188255" r14="0" r21="0.093930736" r22="0.9955623" r23="-0.0057182265" r24="0" r31="0.44041783" r32="-0.03640081" r33="0.8970545" r34="0" r41="641.16437" r42="344.17233" r43="1644.3452" r44="1"></containerEntry>
        </property>
        <property name="colors" type="UInt32" container="DynamicArray" arraySize="13">
          <containerEntry>4294967295</containerEntry>
          <containerEntry>4294967295</containerEntry>
          <containerEntry>4294967295</containerEntry>
          <containerEntry>4294967295</containerEntry>
          <containerEntry>4294967295</containerEntry>
          <containerEntry>4294967295</containerEntry>
          <containerEntry>4294967295</containerEntry>
          <containerEntry>4294967295</containerEntry>
          <containerEntry>4294967295</containerEntry>
          <containerEntry>4294967295</containerEntry>
          <containerEntry>4294967295</containerEntry>
          <containerEntry>4294967295</containerEntry>
          <containerEntry>4294967295</containerEntry>
        </property>
      </staticProperties>
      <dynamicProperties></dynamicProperties>
    </entity>
    <entity class="StaticModelArray" classVersion="4" classID="0xD0" addr="0x2D7C4F0" id="0x0">
      <staticProperties>
        <property name="name" type="String" container="StaticArray" arraySize="1">
          <containerEntry>StaticModelArray0001</containerEntry>
        </property>
        <property name="dataSet" type="EntityHandle" container="StaticArray" arraySize="1">
          <containerEntry>0x2F52E00</containerEntry>
        </property>
        <property name="modelFile" type="FilePtr" container="StaticArray" arraySize="1">
          <containerEntry>/Assets/tpp/environ/object/afghanistan/cliff/afgh_clff022/scenes/afgh_clff022_vrtn001.fmdl</containerEntry>
        </property>
        <property name="geomFile" type="FilePtr" container="StaticArray" arraySize="1">
          <containerEntry>/Assets/tpp/environ/object/afghanistan/cliff/afgh_clff022/scenes/afgh_clff022_vrtn001.geom</containerEntry>
        </property>
        <property name="isVisibleGeom" type="Bool" container="StaticArray" arraySize="1">
          <containerEntry>false</containerEntry>
        </property>
        <property name="lodFarSize" type="Float" container="StaticArray" arraySize="1">
          <containerEntry>-1</containerEntry>
        </property>
        <property name="lodNearSize" type="Float" container="StaticArray" arraySize="1">
          <containerEntry>-1</containerEntry>
        </property>
        <property name="lodPolygonSize" type="Float" container="StaticArray" arraySize="1">
          <containerEntry>-1</containerEntry>
        </property>
        <property name="drawRejectionLevel" type="Int32" container="StaticArray" arraySize="1">
          <containerEntry>8</containerEntry>
        </property>
        <property name="drawMode" type="Int32" container="StaticArray" arraySize="1">
          <containerEntry>0</containerEntry>
        </property>
        <property name="rejectFarRangeShadowCast" type="Int32" container="StaticArray" arraySize="1">
          <containerEntry>2</containerEntry>
        </property>
        <property name="parentLocator" type="EntityLink" container="StaticArray" arraySize="1">
          <containerEntry packagePathHash="0xB8A0BF169F98" archivePathHash="0xB8A0BF169F98" nameInArchiveHash="0xB8A0BF169F98">0x0</containerEntry>
        </property>
        <property name="transforms" type="Matrix4" container="DynamicArray" arraySize="3">
          <containerEntry r11="0.19914603" r12="0" r13="0.97996986" r14="0" r21="0" r22="1" r23="0" r24="0" r31="-0.97996986" r32="0" r33="0.19914603" r34="0" r41="719.0822" r42="343.2545" r43="1575.5995" r44="1"></containerEntry>
          <containerEntry r11="-0.99786055" r12="0" r13="0.065391" r14="0" r21="0" r22="1" r23="0" r24="0" r31="-0.065391" r32="0" r33="-0.99786055" r34="0" r41="709.53845" r42="344.34354" r43="1620.1232" r44="1"></containerEntry>
          <containerEntry r11="0.9806695" r12="0" r13="0.19567135" r14="0" r21="0" r22="1" r23="0" r24="0" r31="-0.19567135" r32="0" r33="0.9806695" r34="0" r41="679.14624" r42="351.7853" r43="1589.7068" r44="1"></containerEntry>
        </property>
        <property name="colors" type="UInt32" container="DynamicArray" arraySize="3">
          <containerEntry>4294967295</containerEntry>
          <containerEntry>4294967295</containerEntry>
          <containerEntry>4294967295</containerEntry>
        </property>
      </staticProperties>
      <dynamicProperties></dynamicProperties>
    </entity>
    <entity class="StaticModelArray" classVersion="4" classID="0xD0" addr="0x2D7C480" id="0x0">
      <staticProperties>
        <property name="name" type="String" container="StaticArray" arraySize="1">
          <containerEntry>StaticModelArray0002</containerEntry>
        </property>
        <property name="dataSet" type="EntityHandle" container="StaticArray" arraySize="1">
          <containerEntry>0x2F52E00</containerEntry>
        </property>
        <property name="modelFile" type="FilePtr" container="StaticArray" arraySize="1">
          <containerEntry>/Assets/tpp/environ/object/afghanistan/rock/afgh_rock010/scenes/afgh_rock010_vrtn001.fmdl</containerEntry>
        </property>
        <property name="geomFile" type="FilePtr" container="StaticArray" arraySize="1">
          <containerEntry>/Assets/tpp/environ/object/afghanistan/rock/afgh_rock010/scenes/afgh_rock010_vrtn001.geom</containerEntry>
        </property>
        <property name="isVisibleGeom" type="Bool" container="StaticArray" arraySize="1">
          <containerEntry>false</containerEntry>
        </property>
        <property name="lodFarSize" type="Float" container="StaticArray" arraySize="1">
          <containerEntry>-1</containerEntry>
        </property>
        <property name="lodNearSize" type="Float" container="StaticArray" arraySize="1">
          <containerEntry>-1</containerEntry>
        </property>
        <property name="lodPolygonSize" type="Float" container="StaticArray" arraySize="1">
          <containerEntry>-1</containerEntry>
        </property>
        <property name="drawRejectionLevel" type="Int32" container="StaticArray" arraySize="1">
          <containerEntry>8</containerEntry>
        </property>
        <property name="drawMode" type="Int32" container="StaticArray" arraySize="1">
          <containerEntry>0</containerEntry>
        </property>
        <property name="rejectFarRangeShadowCast" type="Int32" container="StaticArray" arraySize="1">
          <containerEntry>2</containerEntry>
        </property>
        <property name="parentLocator" type="EntityLink" container="StaticArray" arraySize="1">
          <containerEntry packagePathHash="0xB8A0BF169F98" archivePathHash="0xB8A0BF169F98" nameInArchiveHash="0xB8A0BF169F98">0x0</containerEntry>
        </property>
        <property name="transforms" type="Matrix4" container="DynamicArray" arraySize="4">
          <containerEntry r11="0.34202102" r12="0.46984518" r13="0.81379735" r14="0" r21="5.5134296e-07" r22="0.86602587" r23="-0.49999905" r24="0" r31="-0.9396918" r32="0.17101042" r33="0.29619884" r34="0" r41="659.8108" r42="341.9014" r43="1538.9043" r44="1"></containerEntry>
          <containerEntry r11="-0.8773175" r12="0.34144583" r13="0.33723143" r14="0" r21="0.31117436" r22="0.9396978" r23="-0.14191012" r24="0" r31="-0.36535028" r32="-0.019562632" r33="-0.9306625" r34="0" r41="712.44586" r42="341.9014" r43="1538.9043" r44="1"></containerEntry>
          <containerEntry r11="0.2957865" r12="-0.61825156" r13="-0.7281996" r14="0" r21="-0.551255" r22="-0.73304355" r23="0.39845127" r24="0" r31="-0.7801459" r32="0.28356755" r33="-0.55763817" r34="0" r41="671.5405" r42="350.68527" r43="1562.6056" r44="1"></containerEntry>
          <containerEntry r11="0.29578656" r12="-0.61825144" r13="-0.72819936" r14="0" r21="-0.9308511" r22="-0.35774803" r23="-0.07436672" r24="0" r31="-0.21453527" r32="0.69984233" r33="-0.6813169" r34="0" r41="640.82385" r42="352.96802" r43="1604.433" r44="1"></containerEntry>
        </property>
        <property name="colors" type="UInt32" container="DynamicArray" arraySize="4">
          <containerEntry>4294967295</containerEntry>
          <containerEntry>4294967295</containerEntry>
          <containerEntry>4294967295</containerEntry>
          <containerEntry>4294967295</containerEntry>
        </property>
      </staticProperties>
      <dynamicProperties></dynamicProperties>
    </entity>
    <entity class="StaticModelArray" classVersion="4" classID="0xD0" addr="0x2D7BED0" id="0x0">
      <staticProperties>
        <property name="name" type="String" container="StaticArray" arraySize="1">
          <containerEntry>StaticModelArray0003</containerEntry>
        </property>
        <property name="dataSet" type="EntityHandle" container="StaticArray" arraySize="1">
          <containerEntry>0x2F52E00</containerEntry>
        </property>
        <property name="modelFile" type="FilePtr" container="StaticArray" arraySize="1">
          <containerEntry>/Assets/tpp/environ/object/afghanistan/rock/afgh_rock001/scenes/afgh_rock001.fmdl</containerEntry>
        </property>
        <property name="geomFile" type="FilePtr" container="StaticArray" arraySize="1">
          <containerEntry>/Assets/tpp/environ/object/afghanistan/rock/afgh_rock001/scenes/afgh_rock001.geom</containerEntry>
        </property>
        <property name="isVisibleGeom" type="Bool" container="StaticArray" arraySize="1">
          <containerEntry>false</containerEntry>
        </property>
        <property name="lodFarSize" type="Float" container="StaticArray" arraySize="1">
          <containerEntry>-1</containerEntry>
        </property>
        <property name="lodNearSize" type="Float" container="StaticArray" arraySize="1">
          <containerEntry>-1</containerEntry>
        </property>
        <property name="lodPolygonSize" type="Float" container="StaticArray" arraySize="1">
          <containerEntry>-1</containerEntry>
        </property>
        <property name="drawRejectionLevel" type="Int32" container="StaticArray" arraySize="1">
          <containerEntry>8</containerEntry>
        </property>
        <property name="drawMode" type="Int32" container="StaticArray" arraySize="1">
          <containerEntry>0</containerEntry>
        </property>
        <property name="rejectFarRangeShadowCast" type="Int32" container="StaticArray" arraySize="1">
          <containerEntry>2</containerEntry>
        </property>
        <property name="parentLocator" type="EntityLink" container="StaticArray" arraySize="1">
          <containerEntry packagePathHash="0xB8A0BF169F98" archivePathHash="0xB8A0BF169F98" nameInArchiveHash="0xB8A0BF169F98">0x0</containerEntry>
        </property>
        <property name="transforms" type="Matrix4" container="DynamicArray" arraySize="4">
          <containerEntry r11="-0.8228351" r12="-0.3077438" r13="-0.4777381" r14="0" r21="-0.16208857" r22="0.9328513" r23="-0.32173842" r24="0" r31="0.54467165" r32="-0.18730211" r33="-0.8174645" r34="0" r41="716" r42="332.4554" r43="1632" r44="1"></containerEntry>
          <containerEntry r11="-0.24563035" r12="0.27764395" r13="0.92875105" r14="0" r21="-0.16208935" r22="0.9328513" r23="-0.32173803" r24="0" r31="-0.95571524" r32="-0.22956952" r33="-0.18413341" r34="0" r41="730" r42="333.68637" r43="1616" r44="1"></containerEntry>
          <containerEntry r11="-0.9356135" r12="-0.1394437" r13="0.32432127" r14="0" r21="-0.1214846" r22="0.9897493" r23="0.075085334" r24="0" r31="-0.3314669" r32="0.030850776" r33="-0.9429631" r34="0" r41="706.517" r42="331.34924" r43="1663.3865" r44="1"></containerEntry>
          <containerEntry r11="0.87751853" r12="0.19746898" r13="0.4369983" r14="0" r21="-0.12032564" r22="0.9727964" r23="-0.19796234" r24="0" r31="-0.46420175" r32="0.121133596" r33="0.8774074" r34="0" r41="757.5819" r42="331.68918" r43="1657.6106" r44="1"></containerEntry>
        </property>
        <property name="colors" type="UInt32" container="DynamicArray" arraySize="4">
          <containerEntry>4294967295</containerEntry>
          <containerEntry>4294967295</containerEntry>
          <containerEntry>4294967295</containerEntry>
          <containerEntry>4294967295</containerEntry>
        </property>
      </staticProperties>
      <dynamicProperties></dynamicProperties>
    </entity>
    <entity class="StaticModelArray" classVersion="4" classID="0xD0" addr="0x2D7C1E0" id="0x0">
      <staticProperties>
        <property name="name" type="String" container="StaticArray" arraySize="1">
          <containerEntry>StaticModelArray0004</containerEntry>
        </property>
        <property name="dataSet" type="EntityHandle" container="StaticArray" arraySize="1">
          <containerEntry>0x2F52E00</containerEntry>
        </property>
        <property name="modelFile" type="FilePtr" container="StaticArray" arraySize="1">
          <containerEntry>/Assets/tpp/environ/object/afghanistan/cliff/afgh_clff013/scenes/afgh_clff013.fmdl</containerEntry>
        </property>
        <property name="geomFile" type="FilePtr" container="StaticArray" arraySize="1">
          <containerEntry>/Assets/tpp/environ/object/afghanistan/cliff/afgh_clff013/scenes/afgh_clff013.geom</containerEntry>
        </property>
        <property name="isVisibleGeom" type="Bool" container="StaticArray" arraySize="1">
          <containerEntry>false</containerEntry>
        </property>
        <property name="lodFarSize" type="Float" container="StaticArray" arraySize="1">
          <containerEntry>-1</containerEntry>
        </property>
        <property name="lodNearSize" type="Float" container="StaticArray" arraySize="1">
          <containerEntry>-1</containerEntry>
        </property>
        <property name="lodPolygonSize" type="Float" container="StaticArray" arraySize="1">
          <containerEntry>-1</containerEntry>
        </property>
        <property name="drawRejectionLevel" type="Int32" container="StaticArray" arraySize="1">
          <containerEntry>8</containerEntry>
        </property>
        <property name="drawMode" type="Int32" container="StaticArray" arraySize="1">
          <containerEntry>0</containerEntry>
        </property>
        <property name="rejectFarRangeShadowCast" type="Int32" container="StaticArray" arraySize="1">
          <containerEntry>2</containerEntry>
        </property>
        <property name="parentLocator" type="EntityLink" container="StaticArray" arraySize="1">
          <containerEntry packagePathHash="0xB8A0BF169F98" archivePathHash="0xB8A0BF169F98" nameInArchiveHash="0xB8A0BF169F98">0x0</containerEntry>
        </property>
        <property name="transforms" type="Matrix4" container="DynamicArray" arraySize="3">
          <containerEntry r11="-0.5234474" r12="0.184583" r13="0.8318241" r14="0" r21="0.12665533" r22="0.98226345" r23="-0.13826439" r24="0" r31="-0.8425917" r32="0.0329808" r33="-0.5375416" r34="0" r41="761.6227" r42="322.29672" r43="1561.4677" r44="1"></containerEntry>
          <containerEntry r11="-0.6915487" r12="0.12158256" r13="0.71202093" r14="0" r21="0.05337394" r22="0.9916387" r23="-0.117489636" r24="0" r31="-0.72035223" r32="-0.043246645" r33="-0.6922558" r34="0" r41="747.9725" r42="325.81448" r43="1580.9098" r44="1"></containerEntry>
          <containerEntry r11="-0.9770021" r12="0.0136323925" r13="-0.21278925" r14="0" r21="0.025854142" r22="0.9981648" r23="-0.054759312" r24="0" r31="0.21165223" r32="-0.0590015" r33="-0.97556156" r34="0" r41="733.3998" r42="327.17194" r43="1587.4965" r44="1"></containerEntry>
        </property>
        <property name="colors" type="UInt32" container="DynamicArray" arraySize="3">
          <containerEntry>4294967295</containerEntry>
          <containerEntry>4294967295</containerEntry>
          <containerEntry>4294967295</containerEntry>
        </property>
      </staticProperties>
      <dynamicProperties></dynamicProperties>
    </entity>
    <entity class="StaticModelArray" classVersion="4" classID="0xD0" addr="0x2D7BD10" id="0x0">
      <staticProperties>
        <property name="name" type="String" container="StaticArray" arraySize="1">
          <containerEntry>StaticModelArray0005</containerEntry>
        </property>
        <property name="dataSet" type="EntityHandle" container="StaticArray" arraySize="1">
          <containerEntry>0x2F52E00</containerEntry>
        </property>
        <property name="modelFile" type="FilePtr" container="StaticArray" arraySize="1">
          <containerEntry>/Assets/tpp/environ/object/afghanistan/rock/afgh_rock011/scenes/afgh_rock011.fmdl</containerEntry>
        </property>
        <property name="geomFile" type="FilePtr" container="StaticArray" arraySize="1">
          <containerEntry>/Assets/tpp/environ/object/afghanistan/rock/afgh_rock011/scenes/afgh_rock011.geom</containerEntry>
        </property>
        <property name="isVisibleGeom" type="Bool" container="StaticArray" arraySize="1">
          <containerEntry>false</containerEntry>
        </property>
        <property name="lodFarSize" type="Float" container="StaticArray" arraySize="1">
          <containerEntry>-1</containerEntry>
        </property>
        <property name="lodNearSize" type="Float" container="StaticArray" arraySize="1">
          <containerEntry>-1</containerEntry>
        </property>
        <property name="lodPolygonSize" type="Float" container="StaticArray" arraySize="1">
          <containerEntry>-1</containerEntry>
        </property>
        <property name="drawRejectionLevel" type="Int32" container="StaticArray" arraySize="1">
          <containerEntry>8</containerEntry>
        </property>
        <property name="drawMode" type="Int32" container="StaticArray" arraySize="1">
          <containerEntry>0</containerEntry>
        </property>
        <property name="rejectFarRangeShadowCast" type="Int32" container="StaticArray" arraySize="1">
          <containerEntry>2</containerEntry>
        </property>
        <property name="parentLocator" type="EntityLink" container="StaticArray" arraySize="1">
          <containerEntry packagePathHash="0xB8A0BF169F98" archivePathHash="0xB8A0BF169F98" nameInArchiveHash="0xB8A0BF169F98">0x0</containerEntry>
        </property>
        <property name="transforms" type="Matrix4" container="DynamicArray" arraySize="8">
          <containerEntry r11="0.9632417" r12="0.2669598" r13="-0.029964397" r14="0" r21="-0.26767635" r22="0.9632312" r23="-0.023129284" r24="0" r31="0.022688052" r32="0.030299854" r33="0.9992833" r34="0" r41="756.7515" r42="334.51477" r43="1634.2722" r44="1"></containerEntry>
          <containerEntry r11="0.47764355" r12="-0.067565024" r13="0.87595075" r14="0" r21="0.1146031" r22="0.9933109" r23="0.014126044" r24="0" r31="-0.8710459" r32="0.09363966" r33="0.48219174" r34="0" r41="652.79175" r42="343.91583" r43="1654.6903" r44="1"></containerEntry>
          <containerEntry r11="-0.7119336" r12="0.50060105" r13="0.49248582" r14="0" r21="0.43134606" r22="0.86514795" r23="-0.25584972" r24="0" r31="-0.55415183" r32="0.03028334" r33="-0.8318602" r34="0" r41="655.47046" r42="351.56583" r43="1568.1426" r44="1"></containerEntry>
          <containerEntry r11="0.20806108" r12="0.28727466" r13="0.9349762" r14="0" r21="-0.022271827" r22="0.95704055" r23="-0.28909725" r24="0" r31="-0.97786057" r32="0.03932572" r33="0.2055211" r34="0" r41="690.3889" r42="348.03525" r43="1553.9948" r44="1"></containerEntry>
          <containerEntry r11="-0.8061112" r12="0.004934865" r13="0.59173656" r14="0" r21="-0.010362483" r22="0.9996942" r23="-0.022453712" r24="0" r31="-0.59166634" r32="-0.024232155" r33="-0.80581355" r34="0" r41="706.5144" r42="341.7387" r43="1595.1133" r44="1"></containerEntry>
          <containerEntry r11="-0.9401744" r12="0.10054158" r13="0.3255073" r14="0" r21="0.08688533" r22="0.9946283" r23="-0.05626212" r24="0" r31="-0.32941547" r32="-0.024614573" r33="-0.94385964" r34="0" r41="723.432" r42="340.21033" r43="1547.4319" r44="1"></containerEntry>
          <containerEntry r11="0.99575484" r12="0.008263577" r13="-0.09167329" r14="0" r21="-0.01036337" r22="0.9996942" r23="-0.022452774" r24="0" r31="0.091459714" r32="0.023307504" r33="0.99553597" r34="0" r41="688.3931" r42="344.79123" r43="1641.8469" r44="1"></containerEntry>
          <containerEntry r11="-0.99908745" r12="-0.011278345" r13="-0.041015726" r14="0" r21="-0.010363379" r22="0.99969417" r23="-0.022452245" r24="0" r31="0.04125641" r32="-0.02200686" r33="-0.9988988" r34="0" r41="678.3714" r42="344.69147" r43="1646.4713" r44="1"></containerEntry>
        </property>
        <property name="colors" type="UInt32" container="DynamicArray" arraySize="8">
          <containerEntry>4294967295</containerEntry>
          <containerEntry>4294967295</containerEntry>
          <containerEntry>4294967295</containerEntry>
          <containerEntry>4294967295</containerEntry>
          <containerEntry>4294967295</containerEntry>
          <containerEntry>4294967295</containerEntry>
          <containerEntry>4294967295</containerEntry>
          <containerEntry>4294967295</containerEntry>
        </property>
      </staticProperties>
      <dynamicProperties></dynamicProperties>
    </entity>
    <entity class="StaticModelArray" classVersion="4" classID="0xD0" addr="0x2D7BAE0" id="0x0">
      <staticProperties>
        <property name="name" type="String" container="StaticArray" arraySize="1">
          <containerEntry>StaticModelArray0006</containerEntry>
        </property>
        <property name="dataSet" type="EntityHandle" container="StaticArray" arraySize="1">
          <containerEntry>0x2F52E00</containerEntry>
        </property>
        <property name="modelFile" type="FilePtr" container="StaticArray" arraySize="1">
          <containerEntry>/Assets/tpp/environ/object/afghanistan/rock/afgh_rock001/scenes/afgh_rock001.fmdl</containerEntry>
        </property>
        <property name="geomFile" type="FilePtr" container="StaticArray" arraySize="1">
          <containerEntry>/Assets/tpp/environ/object/afghanistan/rock/afgh_rock001/scenes/afgh_rock001.geom</containerEntry>
        </property>
        <property name="isVisibleGeom" type="Bool" container="StaticArray" arraySize="1">
          <containerEntry>false</containerEntry>
        </property>
        <property name="lodFarSize" type="Float" container="StaticArray" arraySize="1">
          <containerEntry>50</containerEntry>
        </property>
        <property name="lodNearSize" type="Float" container="StaticArray" arraySize="1">
          <containerEntry>400</containerEntry>
        </property>
        <property name="lodPolygonSize" type="Float" container="StaticArray" arraySize="1">
          <containerEntry>-1</containerEntry>
        </property>
        <property name="drawRejectionLevel" type="Int32" container="StaticArray" arraySize="1">
          <containerEntry>5</containerEntry>
        </property>
        <property name="drawMode" type="Int32" container="StaticArray" arraySize="1">
          <containerEntry>0</containerEntry>
        </property>
        <property name="rejectFarRangeShadowCast" type="Int32" container="StaticArray" arraySize="1">
          <containerEntry>2</containerEntry>
        </property>
        <property name="parentLocator" type="EntityLink" container="StaticArray" arraySize="1">
