<fox formatVersion="2" fileVersion="0">
  <entities>
    <entity class="DataSet" classVersion="0" classID="0xE8" addr="0x33048B0" id="0x7F82D4">
      <staticProperties>
        <property name="name" type="String" container="StaticArray" arraySize="1">
          <containerEntry hash="0xB8A0BF169F98"></containerEntry>
        </property>
        <property name="dataSet" type="EntityHandle" container="StaticArray" arraySize="1">
          <containerEntry>0x0</containerEntry>
        </property>
        <property name="dataList" type="EntityPtr" container="StringMap" arraySize="10">
          <containerEntry key="mafr_rock001_vrtn002_0000">
            <data>0x3301900</data>
          </containerEntry>
          <containerEntry key="mafr_clff003_0002">
            <data>0x31761A0</data>
          </containerEntry>
          <containerEntry key="StaticModelArray0000">
            <data>0x317AA40</data>
          </containerEntry>
          <containerEntry key="StaticModelArray0001">
            <data>0x317AAB0</data>
          </containerEntry>
          <containerEntry key="StaticModelArray0002">
            <data>0x317AB90</data>
          </containerEntry>
          <containerEntry key="StaticModelArray0003">
            <data>0x317AB20</data>
          </containerEntry>
          <containerEntry key="StaticModelArray0004">
            <data>0x317A1F0</data>
          </containerEntry>
          <containerEntry key="StaticModelArray0005">
            <data>0x317A260</data>
          </containerEntry>
          <containerEntry key="StaticModelArray0006">
            <data>0x317A2D0</data>
          </containerEntry>
          <containerEntry key="TexturePackLoadConditioner0000">
            <data>0x317B060</data>
          </containerEntry>
        </property>
      </staticProperties>
      <dynamicProperties></dynamicProperties>
    </entity>
    <entity class="StaticModel" classVersion="9" classID="0x160" addr="0x3301900" id="0x7F83D9">
      <staticProperties>
        <property name="name" type="String" container="StaticArray" arraySize="1">
          <containerEntry>mafr_rock001_vrtn002_0000</containerEntry>
        </property>
        <property name="dataSet" type="EntityHandle" container="StaticArray" arraySize="1">
          <containerEntry>0x33048B0</containerEntry>
        </property>
        <property name="parent" type="EntityHandle" container="StaticArray" arraySize="1">
          <containerEntry>0x0</containerEntry>
        </property>
        <property name="transform" type="EntityPtr" container="StaticArray" arraySize="1">
          <containerEntry>0x3301890</containerEntry>
        </property>
        <property name="shearTransform" type="EntityPtr" container="StaticArray" arraySize="1">
          <containerEntry>0x0</containerEntry>
        </property>
        <property name="pivotTransform" type="EntityPtr" container="StaticArray" arraySize="1">
          <containerEntry>0x0</containerEntry>
        </property>
        <property name="children" type="EntityHandle" container="List"></property>
        <property name="flags" type="UInt32" container="StaticArray" arraySize="1">
          <containerEntry>3221225479</containerEntry>
        </property>
        <property name="modelFile" type="FilePtr" container="StaticArray" arraySize="1">
          <containerEntry>/Assets/tpp/environ/object/middle_africa/rock/mafr_rock001/scenes/mafr_rock001_vrtn002.fmdl</containerEntry>
        </property>
        <property name="geomFile" type="FilePtr" container="StaticArray" arraySize="1">
          <containerEntry>/Assets/tpp/environ/object/middle_africa/rock/mafr_rock001/scenes/mafr_rock001_vrtn002.geom</containerEntry>
        </property>
        <property name="isVisibleGeom" type="Bool" container="StaticArray" arraySize="1">
          <containerEntry>false</containerEntry>
        </property>
        <property name="isIsolated" type="Bool" container="StaticArray" arraySize="1">
          <containerEntry>false</containerEntry>
        </property>
        <property name="lodFarSize" type="Float" container="StaticArray" arraySize="1">
          <containerEntry>-1</containerEntry>
        </property>
        <property name="lodNearSize" type="Float" container="StaticArray" arraySize="1">
          <containerEntry>-1</containerEntry>
        </property>
        <property name="lodPolygonSize" type="Float" container="StaticArray" arraySize="1">
          <containerEntry>-1</containerEntry>
        </property>
        <property name="color" type="Color" container="StaticArray" arraySize="1">
          <containerEntry r="1" g="1" b="1" a="1"></containerEntry>
        </property>
        <property name="drawRejectionLevel" type="Int32" container="StaticArray" arraySize="1">
          <containerEntry>8</containerEntry>
        </property>
        <property name="drawMode" type="Int32" container="StaticArray" arraySize="1">
          <containerEntry>0</containerEntry>
        </property>
        <property name="rejectFarRangeShadowCast" type="Int32" container="StaticArray" arraySize="1">
          <containerEntry>2</containerEntry>
        </property>
      </staticProperties>
      <dynamicProperties></dynamicProperties>
    </entity>
    <entity class="TransformEntity" classVersion="0" classID="0x50" addr="0x3301890" id="0x7F83DC">
      <staticProperties>
        <property name="owner" type="EntityHandle" container="StaticArray" arraySize="1">
          <containerEntry>0x3301900</containerEntry>
        </property>
        <property name="transform_scale" type="Vector3" container="StaticArray" arraySize="1">
          <containerEntry x="1" y="1" z="1" w="0"></containerEntry>
        </property>
        <property name="transform_rotation_quat" type="Quat" container="StaticArray" arraySize="1">
          <containerEntry x="-0.143187" y="-0.079758" z="0.022907" w="0.98621"></containerEntry>
        </property>
        <property name="transform_translation" type="Vector3" container="StaticArray" arraySize="1">
          <containerEntry x="1819.0825" y="-13.923717" z="988.9444" w="0"></containerEntry>
        </property>
      </staticProperties>
      <dynamicProperties></dynamicProperties>
    </entity>
    <entity class="StaticModel" classVersion="9" classID="0x160" addr="0x31761A0" id="0x7F8465">
      <staticProperties>
        <property name="name" type="String" container="StaticArray" arraySize="1">
          <containerEntry>mafr_clff003_0002</containerEntry>
        </property>
        <property name="dataSet" type="EntityHandle" container="StaticArray" arraySize="1">
          <containerEntry>0x33048B0</containerEntry>
        </property>
        <property name="parent" type="EntityHandle" container="StaticArray" arraySize="1">
          <containerEntry>0x0</containerEntry>
        </property>
        <property name="transform" type="EntityPtr" container="StaticArray" arraySize="1">
          <containerEntry>0x3176210</containerEntry>
        </property>
        <property name="shearTransform" type="EntityPtr" container="StaticArray" arraySize="1">
          <containerEntry>0x0</containerEntry>
        </property>
        <property name="pivotTransform" type="EntityPtr" container="StaticArray" arraySize="1">
          <containerEntry>0x0</containerEntry>
        </property>
        <property name="children" type="EntityHandle" container="List"></property>
        <property name="flags" type="UInt32" container="StaticArray" arraySize="1">
          <containerEntry>7</containerEntry>
        </property>
        <property name="modelFile" type="FilePtr" container="StaticArray" arraySize="1">
          <containerEntry>/Assets/tpp/environ/object/middle_africa/cliff/mafr_clff003/scenes/mafr_clff003.fmdl</containerEntry>
        </property>
        <property name="geomFile" type="FilePtr" container="StaticArray" arraySize="1">
          <containerEntry>/Assets/tpp/environ/object/middle_africa/cliff/mafr_clff003/scenes/mafr_clff003.geom</containerEntry>
        </property>
        <property name="isVisibleGeom" type="Bool" container="StaticArray" arraySize="1">
          <containerEntry>false</containerEntry>
        </property>
        <property name="isIsolated" type="Bool" container="StaticArray" arraySize="1">
          <containerEntry>false</containerEntry>
        </property>
        <property name="lodFarSize" type="Float" container="StaticArray" arraySize="1">
          <containerEntry>-1</containerEntry>
        </property>
        <property name="lodNearSize" type="Float" container="StaticArray" arraySize="1">
          <containerEntry>-1</containerEntry>
        </property>
        <property name="lodPolygonSize" type="Float" container="StaticArray" arraySize="1">
          <containerEntry>-1</containerEntry>
        </property>
        <property name="color" type="Color" container="StaticArray" arraySize="1">
          <containerEntry r="1" g="1" b="1" a="1"></containerEntry>
        </property>
        <property name="drawRejectionLevel" type="Int32" container="StaticArray" arraySize="1">
          <containerEntry>8</containerEntry>
        </property>
        <property name="drawMode" type="Int32" container="StaticArray" arraySize="1">
          <containerEntry>0</containerEntry>
        </property>
        <property name="rejectFarRangeShadowCast" type="Int32" container="StaticArray" arraySize="1">
          <containerEntry>2</containerEntry>
        </property>
      </staticProperties>
      <dynamicProperties></dynamicProperties>
    </entity>
    <entity class="TransformEntity" classVersion="0" classID="0x50" addr="0x3176210" id="0x7F8468">
      <staticProperties>
        <property name="owner" type="EntityHandle" container="StaticArray" arraySize="1">
          <containerEntry>0x31761A0</containerEntry>
        </property>
        <property name="transform_scale" type="Vector3" container="StaticArray" arraySize="1">
          <containerEntry x="1" y="1" z="1" w="0"></containerEntry>
        </property>
        <property name="transform_rotation_quat" type="Quat" container="StaticArray" arraySize="1">
          <containerEntry x="-0.010415" y="-0.225931" z="0.001247" w="0.974086"></containerEntry>
        </property>
        <property name="transform_translation" type="Vector3" container="StaticArray" arraySize="1">
          <containerEntry x="1914.8672" y="3.07071" z="937.5345" w="0"></containerEntry>
        </property>
      </staticProperties>
      <dynamicProperties></dynamicProperties>
    </entity>
    <entity class="StaticModelArray" classVersion="4" classID="0xD0" addr="0x317AA40" id="0x0">
      <staticProperties>
        <property name="name" type="String" container="StaticArray" arraySize="1">
          <containerEntry>StaticModelArray0000</containerEntry>
        </property>
        <property name="dataSet" type="EntityHandle" container="StaticArray" arraySize="1">
          <containerEntry>0x33048B0</containerEntry>
        </property>
        <property name="modelFile" type="FilePtr" container="StaticArray" arraySize="1">
          <containerEntry>/Assets/tpp/environ/object/middle_africa/rock/mafr_rock002/scenes/mafr_rock002.fmdl</containerEntry>
        </property>
        <property name="geomFile" type="FilePtr" container="StaticArray" arraySize="1">
          <containerEntry>/Assets/tpp/environ/object/middle_africa/rock/mafr_rock002/scenes/mafr_rock002.geom</containerEntry>
        </property>
        <property name="isVisibleGeom" type="Bool" container="StaticArray" arraySize="1">
          <containerEntry>false</containerEntry>
        </property>
        <property name="lodFarSize" type="Float" container="StaticArray" arraySize="1">
          <containerEntry>-1</containerEntry>
        </property>
        <property name="lodNearSize" type="Float" container="StaticArray" arraySize="1">
          <containerEntry>-1</containerEntry>
        </property>
        <property name="lodPolygonSize" type="Float" container="StaticArray" arraySize="1">
          <containerEntry>-1</containerEntry>
        </property>
        <property name="drawRejectionLevel" type="Int32" container="StaticArray" arraySize="1">
          <containerEntry>8</containerEntry>
        </property>
        <property name="drawMode" type="Int32" container="StaticArray" arraySize="1">
          <containerEntry>0</containerEntry>
        </property>
        <property name="rejectFarRangeShadowCast" type="Int32" container="StaticArray" arraySize="1">
          <containerEntry>2</containerEntry>
        </property>
        <property name="parentLocator" type="EntityLink" container="StaticArray" arraySize="1">
          <containerEntry packagePathHash="0xB8A0BF169F98" archivePathHash="0xB8A0BF169F98" nameInArchiveHash="0xB8A0BF169F98">0x0</containerEntry>
        </property>
        <property name="transforms" type="Matrix4" container="DynamicArray" arraySize="3">
          <containerEntry r11="-0.3869084" r12="0" r13="0.9221168" r14="0" r21="0" r22="1" r23="0" r24="0" r31="-0.9221168" r32="0" r33="-0.3869084" r34="0" r41="1813.858" r42="-1.472789" r43="1019.86475" r44="1"></containerEntry>
          <containerEntry r11="0.50936574" r12="0" r13="-0.8605493" r14="0" r21="0" r22="1" r23="0" r24="0" r31="0.8605493" r32="0" r33="0.50936574" r34="0" r41="1828.653" r42="-2.956824" r43="999.353" r44="1"></containerEntry>
          <containerEntry r11="0.39763057" r12="0" r13="-0.91754586" r14="0" r21="0" r22="1" r23="0" r24="0" r31="0.91754586" r32="0" r33="0.39763057" r34="0" r41="1870.4475" r42="-5.92511" r43="969.76587" r44="1"></containerEntry>
        </property>
        <property name="colors" type="UInt32" container="DynamicArray" arraySize="3">
          <containerEntry>4294967295</containerEntry>
          <containerEntry>4294967295</containerEntry>
          <containerEntry>4294967295</containerEntry>
        </property>
      </staticProperties>
      <dynamicProperties></dynamicProperties>
    </entity>
    <entity class="StaticModelArray" classVersion="4" classID="0xD0" addr="0x317AAB0" id="0x0">
      <staticProperties>
        <property name="name" type="String" container="StaticArray" arraySize="1">
          <containerEntry>StaticModelArray0001</containerEntry>
        </property>
        <property name="dataSet" type="EntityHandle" container="StaticArray" arraySize="1">
          <containerEntry>0x33048B0</containerEntry>
        </property>
        <property name="modelFile" type="FilePtr" container="StaticArray" arraySize="1">
          <containerEntry>/Assets/tpp/environ/object/middle_africa/tree/mafr_tree032/scenes/mafr_tree032.fmdl</containerEntry>
        </property>
        <property name="geomFile" type="FilePtr" container="StaticArray" arraySize="1">
          <containerEntry>/Assets/tpp/environ/object/middle_africa/tree/mafr_tree032/scenes/mafr_tree032.geom</containerEntry>
        </property>
        <property name="isVisibleGeom" type="Bool" container="StaticArray" arraySize="1">
          <containerEntry>false</containerEntry>
        </property>
        <property name="lodFarSize" type="Float" container="StaticArray" arraySize="1">
          <containerEntry>-1</containerEntry>
        </property>
        <property name="lodNearSize" type="Float" container="StaticArray" arraySize="1">
          <containerEntry>-1</containerEntry>
        </property>
        <property name="lodPolygonSize" type="Float" container="StaticArray" arraySize="1">
          <containerEntry>-1</containerEntry>
        </property>
        <property name="drawRejectionLevel" type="Int32" container="StaticArray" arraySize="1">
          <containerEntry>8</containerEntry>
        </property>
        <property name="drawMode" type="Int32" container="StaticArray" arraySize="1">
          <containerEntry>0</containerEntry>
        </property>
        <property name="rejectFarRangeShadowCast" type="Int32" container="StaticArray" arraySize="1">
          <containerEntry>2</containerEntry>
        </property>
        <property name="parentLocator" type="EntityLink" container="StaticArray" arraySize="1">
          <containerEntry packagePathHash="0xB8A0BF169F98" archivePathHash="0xB8A0BF169F98" nameInArchiveHash="0xB8A0BF169F98">0x0</containerEntry>
        </property>
        <property name="transforms" type="Matrix4" container="DynamicArray" arraySize="9">
          <containerEntry r11="0.6641588" r12="-0.027659379" r13="0.7470799" r14="0" r21="6.0815364e-07" r22="0.9993154" r23="0.03699745" r24="0" r31="-0.7475918" r32="-0.024571735" r33="0.66370416" r34="0" r41="1828.2345" r42="-6.487844" r43="920.73505" r44="1"></containerEntry>
          <containerEntry r11="0.66415906" r12="0" r13="0.7475914" r14="0" r21="0" r22="1" r23="0" r24="0" r31="-0.7475914" r32="0" r33="0.66415906" r34="0" r41="1817.631" r42="-5.882619" r43="911.7294" r44="1"></containerEntry>
          <containerEntry r11="0.90325636" r12="0" r13="1.0167242" r14="0" r21="0" r22="1.36" r23="0" r24="0" r31="-1.0167242" r32="0" r33="0.90325636" r34="0" r41="1826.7354" r42="-3.81561" r43="906.83203" r44="1"></containerEntry>
          <containerEntry r11="1.1611181" r12="0" r13="0.70809937" r14="0" r21="0" r22="1.36" r23="0" r24="0" r31="-0.70809937" r32="0" r33="1.1611181" r34="0" r41="1837.2202" r42="-5.19594" r43="913.20764" r44="1"></containerEntry>
          <containerEntry r11="0.96935457" r12="0" r13="0.24566592" r14="0" r21="0" r22="1" r23="0" r24="0" r31="-0.24566592" r32="0" r33="0.96935457" r34="0" r41="1828.769" r42="-5.302037" r43="915.9623" r44="1"></containerEntry>
          <containerEntry r11="0.96935457" r12="0" r13="0.24566592" r14="0" r21="0" r22="1" r23="0" r24="0" r31="-0.24566592" r32="0" r33="0.96935457" r34="0" r41="1842.0223" r42="-4.2782" r43="913.316" r44="1"></containerEntry>
          <containerEntry r11="0.52989525" r12="0" r13="0.84806323" r14="0" r21="0" r22="1" r23="0" r24="0" r31="-0.84806323" r32="0" r33="0.52989525" r34="0" r41="1809.6259" r42="-5.989151" r43="903.5022" r44="1"></containerEntry>
          <containerEntry r11="1.1611181" r12="0" r13="0.70809937" r14="0" r21="0" r22="1.36" r23="0" r24="0" r31="-0.70809937" r32="0" r33="1.1611181" r34="0" r41="1854.4534" r42="-5.674624" r43="913.20764" r44="1"></containerEntry>
          <containerEntry r11="-0.050507784" r12="0" r13="0.9987234" r14="0" r21="0" r22="1" r23="0" r24="0" r31="-0.9987234" r32="0" r33="-0.050507784" r34="0" r41="1816.9337" r42="-4.346394" r43="906.8144" r44="1"></containerEntry>
        </property>
        <property name="colors" type="UInt32" container="DynamicArray" arraySize="9">
          <containerEntry>4294967295</containerEntry>
          <containerEntry>4294967295</containerEntry>
          <containerEntry>4294967295</containerEntry>
          <containerEntry>4294967295</containerEntry>
          <containerEntry>4294967295</containerEntry>
          <containerEntry>4294967295</containerEntry>
          <containerEntry>4294967295</containerEntry>
          <containerEntry>4294967295</containerEntry>
          <containerEntry>4294967295</containerEntry>
        </property>
      </staticProperties>
      <dynamicProperties></dynamicProperties>
    </entity>
    <entity class="StaticModelArray" classVersion="4" classID="0xD0" addr="0x317AB90" id="0x0">
      <staticProperties>
        <property name="name" type="String" container="StaticArray" arraySize="1">
          <containerEntry>StaticModelArray0002</containerEntry>
        </property>
        <property name="dataSet" type="EntityHandle" container="StaticArray" arraySize="1">
          <containerEntry>0x33048B0</containerEntry>
        </property>
        <property name="modelFile" type="FilePtr" container="StaticArray" arraySize="1">
          <containerEntry>/Assets/tpp/environ/object/middle_africa/cliff/mafr_clff015/scenes/mafr_clff015_wall002.fmdl</containerEntry>
        </property>
        <property name="geomFile" type="FilePtr" container="StaticArray" arraySize="1">
          <containerEntry>/Assets/tpp/environ/object/middle_africa/cliff/mafr_clff015/scenes/mafr_clff015_wall002.geom</containerEntry>
        </property>
        <property name="isVisibleGeom" type="Bool" container="StaticArray" arraySize="1">
          <containerEntry>false</containerEntry>
        </property>
        <property name="lodFarSize" type="Float" container="StaticArray" arraySize="1">
          <containerEntry>-1</containerEntry>
        </property>
        <property name="lodNearSize" type="Float" container="StaticArray" arraySize="1">
          <containerEntry>-1</containerEntry>
        </property>
        <property name="lodPolygonSize" type="Float" container="StaticArray" arraySize="1">
          <containerEntry>-1</containerEntry>
        </property>
        <property name="drawRejectionLevel" type="Int32" container="StaticArray" arraySize="1">
          <containerEntry>8</containerEntry>
        </property>
        <property name="drawMode" type="Int32" container="StaticArray" arraySize="1">
          <containerEntry>0</containerEntry>
        </property>
        <property name="rejectFarRangeShadowCast" type="Int32" container="StaticArray" arraySize="1">
          <containerEntry>2</containerEntry>
        </property>
        <property name="parentLocator" type="EntityLink" container="StaticArray" arraySize="1">
          <containerEntry packagePathHash="0xB8A0BF169F98" archivePathHash="0xB8A0BF169F98" nameInArchiveHash="0xB8A0BF169F98">0x0</containerEntry>
        </property>
        <property name="transforms" type="Matrix4" container="DynamicArray" arraySize="7">
          <containerEntry r11="-0.32115674" r12="0" r13="0.38322043" r14="0" r21="0" r22="0.5" r23="0" r24="0" r31="-0.38322043" r32="0" r33="-0.32115674" r34="0" r41="1817.1313" r42="-11.300442" r43="1006.42395" r44="1"></containerEntry>
          <containerEntry r11="-0.32082918" r12="0.022548296" r13="0.38282996" r14="0" r21="0.014483154" r22="0.4994913" r23="-0.017281896" r24="0" r31="-0.38321984" r32="6.891787e-08" r33="-0.3211559" r34="0" r41="1841.0508" r42="-13.513497" r43="977.882" r44="1"></containerEntry>
          <containerEntry r11="0.2248067" r12="-0.06496476" r13="-0.44186082" r14="0" r21="-0.0013223961" r22="0.49458298" r23="-0.0733889" r24="0" r31="0.44660905" r32="0.03416518" r33="0.22219932" r34="0" r41="1876.5027" r42="-15.266492" r43="956.88" r44="1"></containerEntry>
          <containerEntry r11="-0.4979468" r12="-0.02488916" r13="-0.037776317" r14="0" r21="-0.022258952" r22="0.49828425" r23="-0.034890726" r24="0" r31="0.03938349" r32="-0.033065893" r33="-0.49734607" r34="0" r41="1860.3323" r42="-11.72775" r43="908.3438" r44="1"></containerEntry>
          <containerEntry r11="-0.47958776" r12="-0.024889342" r13="0.13918984" r14="0" r21="-0.03307817" r22="0.49828425" r23="-0.024872405" r24="0" r31="-0.13747409" r32="-0.03306543" r33="-0.47958863" r34="0" r41="1842.1085" r42="-12.777019" r43="912.4061" r44="1"></containerEntry>
          <containerEntry r11="-0.34653232" r12="-0.028091706" r13="-0.35933772" r14="0" r21="0.01564955" r22="0.49683633" r23="-0.053932652" r24="0" r31="0.36009422" r32="-0.048626073" r33="-0.34346044" r34="0" r41="1816.0195" r42="-13.867917" r43="908.5832" r44="1"></containerEntry>
          <containerEntry r11="0.5489857" r12="-0.04299691" r13="0.8347238" r14="0" r21="0.05974919" r22="0.99813986" r23="0.012118404" r24="0" r31="-0.83369213" r32="0.043221373" r33="0.55053353" r34="0" r41="1885.808" r42="-17.056732" r43="928.3044" r44="1"></containerEntry>
        </property>
        <property name="colors" type="UInt32" container="DynamicArray" arraySize="7">
          <containerEntry>4294967295</containerEntry>
          <containerEntry>4294967295</containerEntry>
          <containerEntry>4294967295</containerEntry>
          <containerEntry>4294967295</containerEntry>
          <containerEntry>4294967295</containerEntry>
          <containerEntry>4294967295</containerEntry>
          <containerEntry>4294967295</containerEntry>
        </property>
      </staticProperties>
      <dynamicProperties></dynamicProperties>
    </entity>
    <entity class="StaticModelArray" classVersion="4" classID="0xD0" addr="0x317AB20" id="0x0">
      <staticProperties>
        <property name="name" type="String" container="StaticArray" arraySize="1">
          <containerEntry>StaticModelArray0003</containerEntry>
        </property>
        <property name="dataSet" type="EntityHandle" container="StaticArray" arraySize="1">
          <containerEntry>0x33048B0</containerEntry>
        </property>
        <property name="modelFile" type="FilePtr" container="StaticArray" arraySize="1">
          <containerEntry>/Assets/tpp/environ/object/middle_africa/rock/mafr_rock001/scenes/mafr_rock001_vrtn003.fmdl</containerEntry>
        </property>
        <property name="geomFile" type="FilePtr" container="StaticArray" arraySize="1">
          <containerEntry>/Assets/tpp/environ/object/middle_africa/rock/mafr_rock001/scenes/mafr_rock001_vrtn003.geom</containerEntry>
        </property>
        <property name="isVisibleGeom" type="Bool" container="StaticArray" arraySize="1">
          <containerEntry>false</containerEntry>
        </property>
        <property name="lodFarSize" type="Float" container="StaticArray" arraySize="1">
          <containerEntry>-1</containerEntry>
        </property>
        <property name="lodNearSize" type="Float" container="StaticArray" arraySize="1">
          <containerEntry>-1</containerEntry>
        </property>
        <property name="lodPolygonSize" type="Float" container="StaticArray" arraySize="1">
          <containerEntry>-1</containerEntry>
        </property>
        <property name="drawRejectionLevel" type="Int32" container="StaticArray" arraySize="1">
          <containerEntry>8</containerEntry>
        </property>
        <property name="drawMode" type="Int32" container="StaticArray" arraySize="1">
          <containerEntry>0</containerEntry>
        </property>
        <property name="rejectFarRangeShadowCast" type="Int32" container="StaticArray" arraySize="1">
          <containerEntry>2</containerEntry>
        </property>
        <property name="parentLocator" type="EntityLink" container="StaticArray" arraySize="1">
          <containerEntry packagePathHash="0xB8A0BF169F98" archivePathHash="0xB8A0BF169F98" nameInArchiveHash="0xB8A0BF169F98">0x0</containerEntry>
        </property>
        <property name="transforms" type="Matrix4" container="DynamicArray" arraySize="9">
          <containerEntry r11="0.9989145" r12="0.046581328" r13="0" r14="0" r21="-0.046581328" r22="0.9989145" r23="0" r24="0" r31="0" r32="0" r33="1" r34="0" r41="1876.9128" r42="-15.589053" r43="943.4585" r44="1"></containerEntry>
          <containerEntry r11="0.8569192" r12="0.1352071" r13="0.49740142" r14="0" r21="-0.142435" r22="0.98952293" r23="-0.023593117" r24="0" r31="-0.49538004" r32="-0.05063005" r33="0.8671995" r34="0" r41="1871.3822" r42="-15.538536" r43="938.36584" r44="1"></containerEntry>
          <containerEntry r11="0.97118187" r12="-0.11813463" r13="0.20700201" r14="0" r21="0.14677833" r22="0.98072994" r23="-0.12893716" r24="0" r31="-0.18778113" r32="0.15560487" r33="0.9698068" r34="0" r41="1834.7231" r42="-14.958868" r43="945.7182" r44="1"></containerEntry>
          <containerEntry r11="0.50554734" r12="0.1257949" r13="0.85357875" r14="0" r21="0.13930975" r22="0.96443224" r23="-0.22464018" r24="0" r31="-0.85147744" r32="0.2324781" r33="0.47004166" r34="0" r41="1851.9972" r42="-15.606533" r43="950.7945" r44="1"></containerEntry>
          <containerEntry r11="0.42371306" r12="0.15839046" r13="0.8918396" r14="0" r21="0.09764876" r22="0.9708673" r23="-0.21881826" r24="0" r31="-0.9005166" r32="0.17980315" r33="0.3959025" r34="0" r41="1836.3452" r42="-13.628996" r43="959.7637" r44="1"></containerEntry>
          <containerEntry r11="-0.98347795" r12="0.1278063" r13="0.12817538" r14="0" r21="0.09764872" r22="0.97086716" r23="-0.21881847" r24="0" r31="-0.1524077" r32="-0.20268781" r33="-0.9673065" r34="0" r41="1822.3597" r42="-12.973842" r43="957.3554" r44="1"></containerEntry>
          <containerEntry r11="-0.8611096" r12="-0.012440681" r13="0.5082616" r14="0" r21="-0.016490951" r22="0.999858" r23="-0.0034660199" r24="0" r31="-0.50814635" r32="-0.011366362" r33="-0.86119246" r34="0" r41="1816.9501" r42="-11.296648" r43="986.51447" r44="1"></containerEntry>
          <containerEntry r11="0.81295294" r12="0.09523181" r13="-0.5744893" r14="0" r21="-0.15721017" r22="0.98579806" r23="-0.059052534" r24="0" r31="0.5607067" r32="0.13832259" r33="0.81637883" r34="0" r41="1809.5643" r42="-11.960121" r43="986.51447" r44="1"></containerEntry>
          <containerEntry r11="0.8259341" r12="0.10106667" r13="0.5546334" r14="0" r21="-0.07401586" r22="0.99472356" r23="-0.07104001" r24="0" r31="-0.55888665" r32="0.017622672" r33="0.8290567" r34="0" r41="1793.7701" r42="-12.023102" r43="986.51447" r44="1"></containerEntry>
        </property>
        <property name="colors" type="UInt32" container="DynamicArray" arraySize="9">
          <containerEntry>4294967295</containerEntry>
          <containerEntry>4294967295</containerEntry>
          <containerEntry>4294967295</containerEntry>
          <containerEntry>4294967295</containerEntry>
          <containerEntry>4294967295</containerEntry>
          <containerEntry>4294967295</containerEntry>
          <containerEntry>4294967295</containerEntry>
          <containerEntry>4294967295</containerEntry>
          <containerEntry>4294967295</containerEntry>
        </property>
      </staticProperties>
      <dynamicProperties></dynamicProperties>
    </entity>
    <entity class="StaticModelArray" classVersion="4" classID="0xD0" addr="0x317A1F0" id="0x0">
      <staticProperties>
        <property name="name" type="String" container="StaticArray" arraySize="1">
          <containerEntry>StaticModelArray0004</containerEntry>
        </property>
        <property name="dataSet" type="EntityHandle" container="StaticArray" arraySize="1">
          <containerEntry>0x33048B0</containerEntry>
        </property>
        <property name="modelFile" type="FilePtr" container="StaticArray" arraySize="1">
          <containerEntry>/Assets/tpp/environ/object/middle_africa/rock/mafr_rock001/scenes/mafr_rock001.fmdl</containerEntry>
        </property>
        <property name="geomFile" type="FilePtr" container="StaticArray" arraySize="1">
          <containerEntry>/Assets/tpp/environ/object/middle_africa/rock/mafr_rock001/scenes/mafr_rock001.geom</containerEntry>
        </property>
        <property name="isVisibleGeom" type="Bool" container="StaticArray" arraySize="1">
          <containerEntry>false</containerEntry>
        </property>
        <property name="lodFarSize" type="Float" container="StaticArray" arraySize="1">
          <containerEntry>-1</containerEntry>
        </property>
        <property name="lodNearSize" type="Float" container="StaticArray" arraySize="1">
          <containerEntry>-1</containerEntry>
        </property>
        <property name="lodPolygonSize" type="Float" container="StaticArray" arraySize="1">
          <containerEntry>-1</containerEntry>
        </property>
        <property name="drawRejectionLevel" type="Int32" container="StaticArray" arraySize="1">
          <containerEntry>8</containerEntry>
        </property>
        <property name="drawMode" type="Int32" container="StaticArray" arraySize="1">
          <containerEntry>0</containerEntry>
        </property>
        <property name="rejectFarRangeShadowCast" type="Int32" container="StaticArray" arraySize="1">
          <containerEntry>2</containerEntry>
        </property>
        <property name="parentLocator" type="EntityLink" container="StaticArray" arraySize="1">
          <containerEntry packagePathHash="0xB8A0BF169F98" archivePathHash="0xB8A0BF169F98" nameInArchiveHash="0xB8A0BF169F98">0x0</containerEntry>
        </property>
        <property name="transforms" type="Matrix4" container="DynamicArray" arraySize="3">
          <containerEntry r11="1" r12="0" r13="0" r14="0" r21="0" r22="1" r23="0" r24="0" r31="0" r32="0" r33="1" r34="0" r41="1844.3997" r42="-14.725385" r43="951.61304" r44="1"></containerEntry>
          <containerEntry r11="1" r12="0" r13="0" r14="0" r21="0" r22="1" r23="0" r24="0" r31="0" r32="0" r33="1" r34="0" r41="1836.2109" r42="-15.103348" r43="942.6814" r44="1"></containerEntry>
          <containerEntry r11="-0.2438556" r12="0" r13="0.96981037" r14="0" r21="0" r22="1" r23="0" r24="0" r31="-0.96981037" r32="0" r33="-0.2438556" r34="0" r41="1809.7405" r42="-10.09162" r43="999.1147" r44="1"></containerEntry>
        </property>
        <property name="colors" type="UInt32" container="DynamicArray" arraySize="3">
          <containerEntry>4294967295</containerEntry>
          <containerEntry>4294967295</containerEntry>
          <containerEntry>4294967295</containerEntry>
        </property>
      </staticProperties>
      <dynamicProperties></dynamicProperties>
    </entity>
    <entity class="StaticModelArray" classVersion="4" classID="0xD0" addr="0x317A260" id="0x0">
      <staticProperties>
        <property name="name" type="String" container="StaticArray" arraySize="1">
          <containerEntry>StaticModelArray0005</containerEntry>
        </property>
        <property name="dataSet" type="EntityHandle" container="StaticArray" arraySize="1">
          <containerEntry>0x33048B0</containerEntry>
        </property>
        <property name="modelFile" type="FilePtr" container="StaticArray" arraySize="1">
          <containerEntry>/Assets/tpp/environ/object/middle_africa/cliff/mafr_clff003/scenes/mafr_clff003_vrtn001.fmdl</containerEntry>
        </property>
        <property name="geomFile" type="FilePtr" container="StaticArray" arraySize="1">
          <containerEntry>/Assets/tpp/environ/object/middle_africa/cliff/mafr_clff003/scenes/mafr_clff003_vrtn001.geom</containerEntry>
        </property>
        <property name="isVisibleGeom" type="Bool" container="StaticArray" arraySize="1">
          <containerEntry>false</containerEntry>
        </property>
        <property name="lodFarSize" type="Float" container="StaticArray" arraySize="1">
          <containerEntry>-1</containerEntry>
        </property>
        <property name="lodNearSize" type="Float" container="StaticArray" arraySize="1">
          <containerEntry>-1</containerEntry>
        </property>
        <property name="lodPolygonSize" type="Float" container="StaticArray" arraySize="1">
          <containerEntry>-1</containerEntry>
        </property>
        <property name="drawRejectionLevel" type="Int32" container="StaticArray" arraySize="1">
          <containerEntry>8</containerEntry>
        </property>
        <property name="drawMode" type="Int32" container="StaticArray" arraySize="1">
          <containerEntry>0</containerEntry>
        </property>
        <property name="rejectFarRangeShadowCast" type="Int32" container="StaticArray" arraySize="1">
          <containerEntry>2</containerEntry>
        </property>
        <property name="parentLocator" type="EntityLink" container="StaticArray" arraySize="1">
          <containerEntry packagePathHash="0xB8A0BF169F98" archivePathHash="0xB8A0BF169F98" nameInArchiveHash="0xB8A0BF169F98">0x0</containerEntry>
        </property>
        <property name="transforms" type="Matrix4" container="DynamicArray" arraySize="22">
          <containerEntry r11="0.4744277" r12="-0.21254443" r13="0.85424995" r14="0" r21="0.591878" r22="0.79533947" r23="-0.1308262" r24="0" r31="-0.6516123" r32="0.5676794" r33="0.5031315" r34="0" r41="1810.574" r42="-16.567905" r43="931.01965" r44="1"></containerEntry>
          <containerEntry r11="0.4744277" r12="-0.21254443" r13="0.85424995" r14="0" r21="0.591878" r22="0.79533947" r23="-0.1308262" r24="0" r31="-0.6516123" r32="0.5676794" r33="0.5031315" r34="0" r41="1793.9463" r42="-16.23844" r43="903.2725" r44="1"></containerEntry>
          <containerEntry r11="0.60393196" r12="-0.034106612" r13="0.79630464" r14="0" r21="0.4307421" r22="0.8545847" r23="-0.2900787" r24="0" r31="-0.67061585" r32="0.51819026" r33="0.5308023" r34="0" r41="1799.1132" r42="-15.155961" r43="908.2965" r44="1"></containerEntry>
          <containerEntry r11="-0.06304343" r12="-0.066780984" r13="0.9957737" r14="0" r21="0.50889206" r22="0.8561508" r23="0.089635864" r24="0" r31="-0.85851836" r32="0.51239246" r33="-0.019990325" r34="0" r41="1801.3351" r42="-11.992359" r43="1020.9981" r44="1"></containerEntry>
          <containerEntry r11="0.1278044" r12="0.053011596" r13="0.99038124" r14="0" r21="0.5112089" r22="0.8521822" r23="-0.11158329" r24="0" r31="-0.8499005" r32="0.5205527" r33="0.08181268" r34="0" r41="1800.7687" r42="-13.798028" r43="1010.0742" r44="1"></containerEntry>
          <containerEntry r11="0.7494862" r12="0.12059202" r13="0.6509436" r14="0" r21="0.02359251" r22="0.9777794" r23="-0.20830457" r24="0" r31="-0.6615991" r32="0.17147876" r33="0.72998714" r34="0" r41="1873.0973" r42="-17.843222" r43="931.8923" r44="1"></containerEntry>
          <containerEntry r11="-0.43464506" r12="0.712651" r13="0.55064297" r14="0" r21="0.62522817" r22="0.6788427" r23="-0.38504714" r24="0" r31="-0.6482043" r32="0.17691833" r33="-0.7406251" r34="0" r41="1861.4836" r42="-15.613931" r43="965.17535" r44="1"></containerEntry>
          <containerEntry r11="0.3428602" r12="-0.45120788" r13="-0.8239265" r14="0" r21="-0.7321129" r22="0.42122734" r23="-0.5353272" r24="0" r31="0.58860356" r32="0.7867503" r33="-0.18591285" r34="0" r41="1864.0009" r42="-17.904745" r43="958.8705" r44="1"></containerEntry>
          <containerEntry r11="-0.98608136" r12="0.14679061" r13="-0.07807043" r14="0" r21="0.023922082" r22="0.5899477" r23="0.8070869" r24="0" r31="0.16453028" r32="0.79398614" r33="-0.58524776" r34="0" r41="1824.6399" r42="-18.327211" r43="939.3622" r44="1"></containerEntry>
          <containerEntry r11="0.16954824" r12="0.1396381" r13="0.97557837" r14="0" r21="0.5455049" r22="0.81113696" r23="-0.21090506" r24="0" r31="-0.82077783" r32="0.5679417" r33="0.061353683" r34="0" r41="1826.685" r42="-14.140247" r43="975.0923" r44="1"></containerEntry>
          <containerEntry r11="-0.09851486" r12="-0.040088117" r13="0.9943267" r14="0" r21="0.566251" r22="0.8193984" r23="0.08913852" r24="0" r31="-0.8183229" r32="0.5718206" r33="-0.058022797" r34="0" r41="1878.1106" r42="-9.722821" r43="957.9856" r44="1"></containerEntry>
          <containerEntry r11="0.5416952" r12="-0.03200379" r13="-0.8399645" r14="0" r21="-0.7897084" r22="0.32296097" r23="-0.5215882" r24="0" r31="0.28796747" r32="0.9458697" r33="0.14967325" r34="0" r41="1885.5485" r42="-9.722821" r43="946.7569" r44="1"></containerEntry>
          <containerEntry r11="0.43474782" r12="-0.17696866" r13="0.88299185" r14="0" r21="0.6879184" r22="0.69802934" r23="-0.19880238" r24="0" r31="-0.58117193" r32="0.693856" r33="0.4252072" r34="0" r41="1885.474" r42="-9.512264" r43="957.9856" r44="1"></containerEntry>
          <containerEntry r11="-0.62394434" r12="-0.02479121" r13="-0.78107417" r14="0" r21="-0.41864845" r22="0.85457426" r23="0.30730456" r24="0" r31="0.6598674" r32="0.51873696" r33="-0.5435854" r34="0" r41="1881.1237" r42="-9.969233" r43="968.5569" r44="1"></containerEntry>
          <containerEntry r11="-0.19797856" r12="-0.06557113" r13="-0.9780095" r14="0" r21="-0.7050883" r22="0.70264226" r23="0.09562287" r24="0" r31="0.6809204" r32="0.70851517" r33="-0.18534124" r34="0" r41="1867.6212" r42="-10.066293" r43="977.62805" r44="1"></containerEntry>
          <containerEntry r11="-0.9873633" r12="0.06412043" r13="0.14490993" r14="0" r21="0.11778021" r22="0.90873456" r23="0.40041125" r24="0" r31="-0.106010094" r32="0.41241962" r33="-0.9048031" r34="0" r41="1860.2848" r42="-11.063316" r43="969.77905" r44="1"></containerEntry>
