<fox formatVersion="2" fileVersion="0">
  <entities>
    <entity class="DataSet" classVersion="0" classID="0xE8" addr="0x2EEC4F0" id="0xA16C5D">
      <staticProperties>
        <property name="name" type="String" container="StaticArray" arraySize="1">
          <containerEntry hash="0xB8A0BF169F98"></containerEntry>
        </property>
        <property name="dataSet" type="EntityHandle" container="StaticArray" arraySize="1">
          <containerEntry>0x0</containerEntry>
        </property>
        <property name="dataList" type="EntityPtr" container="StringMap" arraySize="5">
          <containerEntry key="StaticModelArray0000">
            <data>0x2E706A0</data>
          </containerEntry>
          <containerEntry key="StaticModelArray0001">
            <data>0x2E70710</data>
          </containerEntry>
          <containerEntry key="afgh_clff022_vrtn004_0006">
            <data>0x2E70780</data>
          </containerEntry>
          <containerEntry key="StaticModelArray0002">
            <data>0x2E707F0</data>
          </containerEntry>
          <containerEntry key="TexturePackLoadConditioner0000">
            <data>0x2E70390</data>
          </containerEntry>
        </property>
      </staticProperties>
      <dynamicProperties></dynamicProperties>
    </entity>
    <entity class="StaticModelArray" classVersion="4" classID="0xD0" addr="0x2E706A0" id="0x0">
      <staticProperties>
        <property name="name" type="String" container="StaticArray" arraySize="1">
          <containerEntry>StaticModelArray0000</containerEntry>
        </property>
        <property name="dataSet" type="EntityHandle" container="StaticArray" arraySize="1">
          <containerEntry>0x2EEC4F0</containerEntry>
        </property>
        <property name="modelFile" type="FilePtr" container="StaticArray" arraySize="1">
          <containerEntry>/Assets/tpp/environ/object/afghanistan/rock/afgh_rock010/scenes/afgh_rock010.fmdl</containerEntry>
        </property>
        <property name="geomFile" type="FilePtr" container="StaticArray" arraySize="1">
          <containerEntry>/Assets/tpp/environ/object/afghanistan/rock/afgh_rock010/scenes/afgh_rock010.geom</containerEntry>
        </property>
        <property name="isVisibleGeom" type="Bool" container="StaticArray" arraySize="1">
          <containerEntry>false</containerEntry>
        </property>
        <property name="lodFarSize" type="Float" container="StaticArray" arraySize="1">
          <containerEntry>-1</containerEntry>
        </property>
        <property name="lodNearSize" type="Float" container="StaticArray" arraySize="1">
          <containerEntry>-1</containerEntry>
        </property>
        <property name="lodPolygonSize" type="Float" container="StaticArray" arraySize="1">
          <containerEntry>-1</containerEntry>
        </property>
        <property name="drawRejectionLevel" type="Int32" container="StaticArray" arraySize="1">
          <containerEntry>8</containerEntry>
        </property>
        <property name="drawMode" type="Int32" container="StaticArray" arraySize="1">
          <containerEntry>0</containerEntry>
        </property>
        <property name="rejectFarRangeShadowCast" type="Int32" container="StaticArray" arraySize="1">
          <containerEntry>2</containerEntry>
        </property>
        <property name="parentLocator" type="EntityLink" container="StaticArray" arraySize="1">
          <containerEntry packagePathHash="0xB8A0BF169F98" archivePathHash="0xB8A0BF169F98" nameInArchiveHash="0xB8A0BF169F98">0x0</containerEntry>
        </property>
        <property name="transforms" type="Matrix4" container="DynamicArray" arraySize="2">
          <containerEntry r11="-1.1035271" r12="0.30474052" r13="-0.9692036" r14="0" r21="0.26094598" r22="1.4679458" r23="0.1644453" r24="0" r31="0.98190105" r32="-0.04762657" r33="-1.1329591" r34="0" r41="-640.6642" r42="347.9076" r43="567.9836" r44="1"></containerEntry>
          <containerEntry r11="1.3719444" r12="-0.17896985" r13="-0.57942945" r14="0" r21="0.2609454" r22="1.4679459" r23="0.16444552" r24="0" r31="0.5474268" r32="-0.25120634" r33="1.373761" r34="0" r41="-634.04517" r42="351.70178" r43="534.8928" r44="1"></containerEntry>
        </property>
        <property name="colors" type="UInt32" container="DynamicArray" arraySize="2">
          <containerEntry>4294967295</containerEntry>
          <containerEntry>4294967295</containerEntry>
        </property>
      </staticProperties>
      <dynamicProperties></dynamicProperties>
    </entity>
    <entity class="StaticModelArray" classVersion="4" classID="0xD0" addr="0x2E70710" id="0x0">
      <staticProperties>
        <property name="name" type="String" container="StaticArray" arraySize="1">
          <containerEntry>StaticModelArray0001</containerEntry>
        </property>
        <property name="dataSet" type="EntityHandle" container="StaticArray" arraySize="1">
          <containerEntry>0x2EEC4F0</containerEntry>
        </property>
        <property name="modelFile" type="FilePtr" container="StaticArray" arraySize="1">
          <containerEntry>/Assets/tpp/environ/object/afghanistan/cliff/afgh_clff022/scenes/afgh_clff022_vrtn004.fmdl</containerEntry>
        </property>
        <property name="geomFile" type="FilePtr" container="StaticArray" arraySize="1">
          <containerEntry>/Assets/tpp/environ/object/afghanistan/cliff/afgh_clff022/scenes/afgh_clff022_vrtn004.geom</containerEntry>
        </property>
        <property name="isVisibleGeom" type="Bool" container="StaticArray" arraySize="1">
          <containerEntry>false</containerEntry>
        </property>
        <property name="lodFarSize" type="Float" container="StaticArray" arraySize="1">
          <containerEntry>-1</containerEntry>
        </property>
        <property name="lodNearSize" type="Float" container="StaticArray" arraySize="1">
          <containerEntry>-1</containerEntry>
        </property>
        <property name="lodPolygonSize" type="Float" container="StaticArray" arraySize="1">
          <containerEntry>-1</containerEntry>
        </property>
        <property name="drawRejectionLevel" type="Int32" container="StaticArray" arraySize="1">
          <containerEntry>8</containerEntry>
        </property>
        <property name="drawMode" type="Int32" container="StaticArray" arraySize="1">
          <containerEntry>0</containerEntry>
        </property>
        <property name="rejectFarRangeShadowCast" type="Int32" container="StaticArray" arraySize="1">
          <containerEntry>2</containerEntry>
        </property>
        <property name="parentLocator" type="EntityLink" container="StaticArray" arraySize="1">
          <containerEntry packagePathHash="0xB8A0BF169F98" archivePathHash="0xB8A0BF169F98" nameInArchiveHash="0xB8A0BF169F98">0x0</containerEntry>
        </property>
        <property name="transforms" type="Matrix4" container="DynamicArray" arraySize="2">
          <containerEntry r11="-0.057468176" r12="0" r13="-0.9983471" r14="0" r21="0" r22="1" r23="0" r24="0" r31="0.9983471" r32="0" r33="-0.057468176" r34="0" r41="-596.76337" r42="326.30176" r43="627.3049" r44="1"></containerEntry>
          <containerEntry r11="-0.33463964" r12="0.14816934" r13="-0.93062246" r14="0" r21="-0.019811071" r22="0.9862368" r23="0.16414759" r24="0" r31="0.9421358" r32="0.07336728" r33="-0.3270985" r34="0" r41="-602.61487" r42="328.0096" r43="596.1852" r44="1"></containerEntry>
        </property>
        <property name="colors" type="UInt32" container="DynamicArray" arraySize="2">
          <containerEntry>4294967295</containerEntry>
          <containerEntry>4294967295</containerEntry>
        </property>
      </staticProperties>
      <dynamicProperties></dynamicProperties>
    </entity>
    <entity class="StaticModelArrayLinkTarget" classVersion="0" classID="0x48" addr="0x2E70780" id="0x0">
      <staticProperties>
        <property name="name" type="String" container="StaticArray" arraySize="1">
          <containerEntry>afgh_clff022_vrtn004_0006</containerEntry>
        </property>
        <property name="dataSet" type="EntityHandle" container="StaticArray" arraySize="1">
          <containerEntry>0x2EEC4F0</containerEntry>
        </property>
        <property name="staticModelArray" type="EntityHandle" container="StaticArray" arraySize="1">
          <containerEntry>0x2E70710</containerEntry>
        </property>
        <property name="arrayIndex" type="UInt32" container="StaticArray" arraySize="1">
          <containerEntry>0</containerEntry>
        </property>
      </staticProperties>
      <dynamicProperties></dynamicProperties>
    </entity>
    <entity class="StaticModelArray" classVersion="4" classID="0xD0" addr="0x2E707F0" id="0x0">
      <staticProperties>
        <property name="name" type="String" container="StaticArray" arraySize="1">
          <containerEntry>StaticModelArray0002</containerEntry>
        </property>
        <property name="dataSet" type="EntityHandle" container="StaticArray" arraySize="1">
          <containerEntry>0x2EEC4F0</containerEntry>
        </property>
        <property name="modelFile" type="FilePtr" container="StaticArray" arraySize="1">
          <containerEntry>/Assets/tpp/environ/object/afghanistan/rock/afgh_rock009/scenes/afgh_rock009_rock001.fmdl</containerEntry>
        </property>
        <property name="geomFile" type="FilePtr" container="StaticArray" arraySize="1">
          <containerEntry>/Assets/tpp/environ/object/afghanistan/rock/afgh_rock009/scenes/afgh_rock009_rock001.geom</containerEntry>
        </property>
        <property name="isVisibleGeom" type="Bool" container="StaticArray" arraySize="1">
          <containerEntry>false</containerEntry>
        </property>
        <property name="lodFarSize" type="Float" container="StaticArray" arraySize="1">
          <containerEntry>-1</containerEntry>
        </property>
        <property name="lodNearSize" type="Float" container="StaticArray" arraySize="1">
          <containerEntry>-1</containerEntry>
        </property>
        <property name="lodPolygonSize" type="Float" container="StaticArray" arraySize="1">
          <containerEntry>-1</containerEntry>
        </property>
        <property name="drawRejectionLevel" type="Int32" container="StaticArray" arraySize="1">
          <containerEntry>8</containerEntry>
        </property>
        <property name="drawMode" type="Int32" container="StaticArray" arraySize="1">
          <containerEntry>0</containerEntry>
        </property>
        <property name="rejectFarRangeShadowCast" type="Int32" container="StaticArray" arraySize="1">
          <containerEntry>2</containerEntry>
        </property>
        <property name="parentLocator" type="EntityLink" container="StaticArray" arraySize="1">
          <containerEntry packagePathHash="0xB8A0BF169F98" archivePathHash="0xB8A0BF169F98" nameInArchiveHash="0xB8A0BF169F98">0x0</containerEntry>
        </property>
        <property name="transforms" type="Matrix4" container="DynamicArray" arraySize="9">
          <containerEntry r11="0.70883644" r12="-0.40339482" r13="-0.5786394" r14="0" r21="0.6234344" r22="0.7420331" r23="0.24640675" r24="0" r31="0.32997036" r32="-0.5354058" r33="0.77747035" r34="0" r41="-579.4869" r42="313.99902" r43="601.2685" r44="1"></containerEntry>
          <containerEntry r11="0.59795326" r12="-0.29195178" r13="0.7464684" r14="0" r21="-0.21638948" r22="0.83792394" r23="0.50105757" r24="0" r31="-0.77176845" r32="-0.4611369" r33="0.4378641" r34="0" r41="-592.5039" r42="329.89825" r43="581.7494" r44="1"></containerEntry>
          <containerEntry r11="0.941113" r12="0.33597937" r13="0.037736036" r14="0" r21="-0.32226107" r22="0.8576871" r23="0.40064958" r24="0" r31="0.10224455" r32="-0.38921735" r33="0.9154538" r34="0" r41="-592.4868" r42="331.70688" r43="578.0379" r44="1"></containerEntry>
          <containerEntry r11="0.99794424" r12="0.03464496" r13="-0.053916834" r14="0" r21="-0.027363837" r22="0.9910889" r23="0.13036089" r24="0" r31="0.05795273" r32="-0.12861751" r33="0.9899995" r34="0" r41="-585.754" r42="334.70078" r43="562.93945" r44="1"></containerEntry>
          <containerEntry r11="0.102182984" r12="-0.9712889" r13="-0.21484035" r14="0" r21="0.89170253" r22="-0.006295927" r23="0.452578" r24="0" r31="-0.44093663" r32="-0.23781945" r33="0.86545753" r34="0" r41="-593.0648" r42="329.68182" r43="584.4936" r44="1"></containerEntry>
          <containerEntry r11="-0.04298525" r12="-0.9712889" r13="0.23398678" r14="0" r21="-0.97855246" r22="-0.0062953234" r23="-0.20590103" r24="0" r31="0.20146246" r32="-0.2378191" r33="-0.95018655" r34="0" r41="-594.6934" r42="328.97543" r43="587.9475" r44="1"></containerEntry>
          <containerEntry r11="-0.22054604" r12="-0.9712892" r13="0.08920118" r14="0" r21="-0.3509918" r22="-0.0062951446" r23="-0.93635744" r24="0" r31="0.9100354" r32="-0.23781878" r33="-0.33952618" r34="0" r41="-596.5146" r42="328.71796" r43="591.02496" r44="1"></containerEntry>
          <containerEntry r11="-0.27254066" r12="-0.96100986" r13="0.046714023" r14="0" r21="-0.92299104" r22="0.27485073" r23="0.26934165" r24="0" r31="-0.27167928" r32="0.030289873" r33="-0.96191144" r34="0" r41="-608.1453" r42="332.11536" r43="589.6769" r44="1"></containerEntry>
          <containerEntry r11="-0.14278668" r12="-0.037525102" r13="-0.6842533" r14="0" r21="0.059855763" r22="0.6955955" r23="-0.050637554" r24="0" r31="0.6826625" r32="-0.06883851" r33="-0.13867953" r34="0" r41="-593.0956" r42="333.42258" r43="573.4438" r44="1"></containerEntry>
        </property>
        <property name="colors" type="UInt32" container="DynamicArray" arraySize="9">
          <containerEntry>4294967295</containerEntry>
          <containerEntry>4294967295</containerEntry>
          <containerEntry>4294967295</containerEntry>
          <containerEntry>4294967295</containerEntry>
          <containerEntry>4294967295</containerEntry>
          <containerEntry>4294967295</containerEntry>
          <containerEntry>4294967295</containerEntry>
          <containerEntry>4294967295</containerEntry>
          <containerEntry>4294967295</containerEntry>
        </property>
      </staticProperties>
      <dynamicProperties></dynamicProperties>
    </entity>
    <entity class="TexturePackLoadConditioner" classVersion="0" classID="0x48" addr="0x2E70390" id="0x0">
      <staticProperties>
        <property name="name" type="String" container="StaticArray" arraySize="1">
          <containerEntry>TexturePackLoadConditioner0000</containerEntry>
        </property>
        <property name="dataSet" type="EntityHandle" container="StaticArray" arraySize="1">
          <containerEntry>0x2EEC4F0</containerEntry>
        </property>
        <property name="texturePackPath" type="Path" container="StaticArray" arraySize="1">
          <containerEntry hash="0xB8A0BF169F98"></containerEntry>
        </property>
      </staticProperties>
      <dynamicProperties></dynamicProperties>
    </entity>
  </entities>
</fox>