<fox formatVersion="2" fileVersion="0">
  <entities>
    <entity class="DataSet" classVersion="0" classID="0xE8" addr="0x3373B90" id="0x42DDD2">
      <staticProperties>
        <property name="name" type="String" container="StaticArray" arraySize="1">
          <containerEntry hash="0xB8A0BF169F98"></containerEntry>
        </property>
        <property name="dataSet" type="EntityHandle" container="StaticArray" arraySize="1">
          <containerEntry>0x0</containerEntry>
        </property>
        <property name="dataList" type="EntityPtr" container="StringMap" arraySize="14">
          <containerEntry key="afgh_rock011_0007">
            <data>0x3176050</data>
          </containerEntry>
          <containerEntry key="afgh_rock010_0000">
            <data>0x3176AD0</data>
          </containerEntry>
          <containerEntry key="afgh_brrc002_vrtn003_gim_i0000|TppSharedGimmick_afgh_brrc002_vrtn003">
            <data>0x3178A50</data>
          </containerEntry>
          <containerEntry key="StaticModelArray0000">
            <data>0x317DFA0</data>
          </containerEntry>
          <containerEntry key="StaticModelArray0001">
            <data>0x317E010</data>
          </containerEntry>
          <containerEntry key="StaticModelArray0002">
            <data>0x31791C0</data>
          </containerEntry>
          <containerEntry key="StaticModelArray0003">
            <data>0x317E160</data>
          </containerEntry>
          <containerEntry key="StaticModelArray0004">
            <data>0x317DF30</data>
          </containerEntry>
          <containerEntry key="StaticModelArray0005">
            <data>0x3178F20</data>
          </containerEntry>
          <containerEntry key="StaticModelArray0006">
            <data>0x317E080</data>
          </containerEntry>
          <containerEntry key="StaticModelArray0007">
            <data>0x317D980</data>
          </containerEntry>
          <containerEntry key="StaticModelArray0008">
            <data>0x317AAB0</data>
          </containerEntry>
          <containerEntry key="StaticModelArray0009">
            <data>0x317D4B0</data>
          </containerEntry>
          <containerEntry key="TexturePackLoadConditioner0000">
            <data>0x317E5C0</data>
          </containerEntry>
        </property>
      </staticProperties>
      <dynamicProperties></dynamicProperties>
    </entity>
    <entity class="StaticModel" classVersion="9" classID="0x160" addr="0x3176050" id="0x42DEB4">
      <staticProperties>
        <property name="name" type="String" container="StaticArray" arraySize="1">
          <containerEntry>afgh_rock011_0007</containerEntry>
        </property>
        <property name="dataSet" type="EntityHandle" container="StaticArray" arraySize="1">
          <containerEntry>0x3373B90</containerEntry>
        </property>
        <property name="parent" type="EntityHandle" container="StaticArray" arraySize="1">
          <containerEntry>0x0</containerEntry>
        </property>
        <property name="transform" type="EntityPtr" container="StaticArray" arraySize="1">
          <containerEntry>0x31760C0</containerEntry>
        </property>
        <property name="shearTransform" type="EntityPtr" container="StaticArray" arraySize="1">
          <containerEntry>0x0</containerEntry>
        </property>
        <property name="pivotTransform" type="EntityPtr" container="StaticArray" arraySize="1">
          <containerEntry>0x0</containerEntry>
        </property>
        <property name="children" type="EntityHandle" container="List"></property>
        <property name="flags" type="UInt32" container="StaticArray" arraySize="1">
          <containerEntry>3221225479</containerEntry>
        </property>
        <property name="modelFile" type="FilePtr" container="StaticArray" arraySize="1">
          <containerEntry>/Assets/tpp/environ/object/afghanistan/rock/afgh_rock011/scenes/afgh_rock011.fmdl</containerEntry>
        </property>
        <property name="geomFile" type="FilePtr" container="StaticArray" arraySize="1">
          <containerEntry>/Assets/tpp/environ/object/afghanistan/rock/afgh_rock011/scenes/afgh_rock011.geom</containerEntry>
        </property>
        <property name="isVisibleGeom" type="Bool" container="StaticArray" arraySize="1">
          <containerEntry>false</containerEntry>
        </property>
        <property name="isIsolated" type="Bool" container="StaticArray" arraySize="1">
          <containerEntry>false</containerEntry>
        </property>
        <property name="lodFarSize" type="Float" container="StaticArray" arraySize="1">
          <containerEntry>-1</containerEntry>
        </property>
        <property name="lodNearSize" type="Float" container="StaticArray" arraySize="1">
          <containerEntry>-1</containerEntry>
        </property>
        <property name="lodPolygonSize" type="Float" container="StaticArray" arraySize="1">
          <containerEntry>-1</containerEntry>
        </property>
        <property name="color" type="Color" container="StaticArray" arraySize="1">
          <containerEntry r="1" g="1" b="1" a="1"></containerEntry>
        </property>
        <property name="drawRejectionLevel" type="Int32" container="StaticArray" arraySize="1">
          <containerEntry>8</containerEntry>
        </property>
        <property name="drawMode" type="Int32" container="StaticArray" arraySize="1">
          <containerEntry>0</containerEntry>
        </property>
        <property name="rejectFarRangeShadowCast" type="Int32" container="StaticArray" arraySize="1">
          <containerEntry>2</containerEntry>
        </property>
      </staticProperties>
      <dynamicProperties></dynamicProperties>
    </entity>
    <entity class="TransformEntity" classVersion="0" classID="0x50" addr="0x31760C0" id="0x42DEB7">
      <staticProperties>
        <property name="owner" type="EntityHandle" container="StaticArray" arraySize="1">
          <containerEntry>0x3176050</containerEntry>
        </property>
        <property name="transform_scale" type="Vector3" container="StaticArray" arraySize="1">
          <containerEntry x="1" y="1" z="1" w="0"></containerEntry>
        </property>
        <property name="transform_rotation_quat" type="Quat" container="StaticArray" arraySize="1">
          <containerEntry x="0.027012" y="-0.851715" z="-0.028027" w="0.522557"></containerEntry>
        </property>
        <property name="transform_translation" type="Vector3" container="StaticArray" arraySize="1">
          <containerEntry x="1664.9188" y="354.2971" z="118.54152" w="0"></containerEntry>
        </property>
      </staticProperties>
      <dynamicProperties></dynamicProperties>
    </entity>
    <entity class="StaticModel" classVersion="9" classID="0x160" addr="0x3176AD0" id="0x42DEEB">
      <staticProperties>
        <property name="name" type="String" container="StaticArray" arraySize="1">
          <containerEntry>afgh_rock010_0000</containerEntry>
        </property>
        <property name="dataSet" type="EntityHandle" container="StaticArray" arraySize="1">
          <containerEntry>0x3373B90</containerEntry>
        </property>
        <property name="parent" type="EntityHandle" container="StaticArray" arraySize="1">
          <containerEntry>0x0</containerEntry>
        </property>
        <property name="transform" type="EntityPtr" container="StaticArray" arraySize="1">
          <containerEntry>0x3176B40</containerEntry>
        </property>
        <property name="shearTransform" type="EntityPtr" container="StaticArray" arraySize="1">
          <containerEntry>0x0</containerEntry>
        </property>
        <property name="pivotTransform" type="EntityPtr" container="StaticArray" arraySize="1">
          <containerEntry>0x0</containerEntry>
        </property>
        <property name="children" type="EntityHandle" container="List"></property>
        <property name="flags" type="UInt32" container="StaticArray" arraySize="1">
          <containerEntry>7</containerEntry>
        </property>
        <property name="modelFile" type="FilePtr" container="StaticArray" arraySize="1">
          <containerEntry>/Assets/tpp/environ/object/afghanistan/rock/afgh_rock010/scenes/afgh_rock010.fmdl</containerEntry>
        </property>
        <property name="geomFile" type="FilePtr" container="StaticArray" arraySize="1">
          <containerEntry>/Assets/tpp/environ/object/afghanistan/rock/afgh_rock010/scenes/afgh_rock010.geom</containerEntry>
        </property>
        <property name="isVisibleGeom" type="Bool" container="StaticArray" arraySize="1">
          <containerEntry>false</containerEntry>
        </property>
        <property name="isIsolated" type="Bool" container="StaticArray" arraySize="1">
          <containerEntry>false</containerEntry>
        </property>
        <property name="lodFarSize" type="Float" container="StaticArray" arraySize="1">
          <containerEntry>-1</containerEntry>
        </property>
        <property name="lodNearSize" type="Float" container="StaticArray" arraySize="1">
          <containerEntry>-1</containerEntry>
        </property>
        <property name="lodPolygonSize" type="Float" container="StaticArray" arraySize="1">
          <containerEntry>-1</containerEntry>
        </property>
        <property name="color" type="Color" container="StaticArray" arraySize="1">
          <containerEntry r="1" g="1" b="1" a="1"></containerEntry>
        </property>
        <property name="drawRejectionLevel" type="Int32" container="StaticArray" arraySize="1">
          <containerEntry>8</containerEntry>
        </property>
        <property name="drawMode" type="Int32" container="StaticArray" arraySize="1">
          <containerEntry>0</containerEntry>
        </property>
        <property name="rejectFarRangeShadowCast" type="Int32" container="StaticArray" arraySize="1">
          <containerEntry>2</containerEntry>
        </property>
      </staticProperties>
      <dynamicProperties></dynamicProperties>
    </entity>
    <entity class="TransformEntity" classVersion="0" classID="0x50" addr="0x3176B40" id="0x42DEEE">
      <staticProperties>
        <property name="owner" type="EntityHandle" container="StaticArray" arraySize="1">
          <containerEntry>0x3176AD0</containerEntry>
        </property>
        <property name="transform_scale" type="Vector3" container="StaticArray" arraySize="1">
          <containerEntry x="1" y="1" z="1" w="0"></containerEntry>
        </property>
        <property name="transform_rotation_quat" type="Quat" container="StaticArray" arraySize="1">
          <containerEntry x="0" y="0.202871" z="0" w="0.979205"></containerEntry>
        </property>
        <property name="transform_translation" type="Vector3" container="StaticArray" arraySize="1">
          <containerEntry x="1682.9868" y="346.68176" z="81.12455" w="0"></containerEntry>
        </property>
      </staticProperties>
      <dynamicProperties></dynamicProperties>
    </entity>
    <entity class="TppSharedGimmickData" classVersion="1" classID="0xF0" addr="0x3178A50" id="0x381F1">
      <staticProperties>
        <property name="name" type="String" container="StaticArray" arraySize="1">
          <containerEntry>afgh_brrc002_vrtn003_gim_i0000|TppSharedGimmick_afgh_brrc002_vrtn003</containerEntry>
        </property>
        <property name="dataSet" type="EntityHandle" container="StaticArray" arraySize="1">
          <containerEntry>0x3373B90</containerEntry>
        </property>
        <property name="modelFile" type="FilePtr" container="StaticArray" arraySize="1">
          <containerEntry>/Assets/tpp/environ/object/afghanistan/barricade/afgh_brrc002/scenes/afgh_brrc002_brrc003_fl.fmdl</containerEntry>
        </property>
        <property name="geomFile" type="FilePtr" container="StaticArray" arraySize="1">
          <containerEntry>/Assets/tpp/environ/object/afghanistan/barricade/afgh_brrc002/scenes/afgh_brrc002_brrc003_fl.geom</containerEntry>
        </property>
        <property name="breakedModelFile" type="FilePtr" container="StaticArray" arraySize="1">
          <containerEntry hash="0xB8A0BF169F98"></containerEntry>
        </property>
        <property name="breakedGeomFile" type="FilePtr" container="StaticArray" arraySize="1">
          <containerEntry hash="0xB8A0BF169F98"></containerEntry>
        </property>
        <property name="partsFile" type="FilePtr" container="StaticArray" arraySize="1">
          <containerEntry>/Assets/tpp/parts/environ/object/afghanistan/barricade/afgh_brrc002/afgh_brrc002_vrtn003.parts</containerEntry>
        </property>
        <property name="numDynamicGimmick" type="UInt32" container="StaticArray" arraySize="1">
          <containerEntry>3</containerEntry>
        </property>
        <property name="locaterFile" type="FilePtr" container="StaticArray" arraySize="1">
          <containerEntry>/Assets/tpp/level/location/afgh/block_small/146/146_133/lba/afgh_brrc002_vrtn003.lba</containerEntry>
        </property>
        <property name="flags1" type="UInt32" container="StaticArray" arraySize="1">
          <containerEntry>16642</containerEntry>
        </property>
        <property name="flags2" type="UInt32" container="StaticArray" arraySize="1">
          <containerEntry>0</containerEntry>
        </property>
      </staticProperties>
      <dynamicProperties></dynamicProperties>
    </entity>
    <entity class="StaticModelArray" classVersion="4" classID="0xD0" addr="0x317DFA0" id="0x0">
      <staticProperties>
        <property name="name" type="String" container="StaticArray" arraySize="1">
          <containerEntry>StaticModelArray0000</containerEntry>
        </property>
        <property name="dataSet" type="EntityHandle" container="StaticArray" arraySize="1">
          <containerEntry>0x3373B90</containerEntry>
        </property>
        <property name="modelFile" type="FilePtr" container="StaticArray" arraySize="1">
          <containerEntry>/Assets/tpp/environ/object/afghanistan/cliff/afgh_clff036/scenes/afgh_clff036_vrtn002_gen8.fmdl</containerEntry>
        </property>
        <property name="geomFile" type="FilePtr" container="StaticArray" arraySize="1">
          <containerEntry>/Assets/tpp/environ/object/afghanistan/cliff/afgh_clff036/scenes/afgh_clff036_vrtn002_gen8.geom</containerEntry>
        </property>
        <property name="isVisibleGeom" type="Bool" container="StaticArray" arraySize="1">
          <containerEntry>false</containerEntry>
        </property>
        <property name="lodFarSize" type="Float" container="StaticArray" arraySize="1">
          <containerEntry>-1</containerEntry>
        </property>
        <property name="lodNearSize" type="Float" container="StaticArray" arraySize="1">
          <containerEntry>-1</containerEntry>
        </property>
        <property name="lodPolygonSize" type="Float" container="StaticArray" arraySize="1">
          <containerEntry>-1</containerEntry>
        </property>
        <property name="drawRejectionLevel" type="Int32" container="StaticArray" arraySize="1">
          <containerEntry>8</containerEntry>
        </property>
        <property name="drawMode" type="Int32" container="StaticArray" arraySize="1">
          <containerEntry>0</containerEntry>
        </property>
        <property name="rejectFarRangeShadowCast" type="Int32" container="StaticArray" arraySize="1">
          <containerEntry>2</containerEntry>
        </property>
        <property name="parentLocator" type="EntityLink" container="StaticArray" arraySize="1">
          <containerEntry packagePathHash="0xB8A0BF169F98" archivePathHash="0xB8A0BF169F98" nameInArchiveHash="0xB8A0BF169F98">0x0</containerEntry>
        </property>
        <property name="transforms" type="Matrix4" container="DynamicArray" arraySize="2">
          <containerEntry r11="-0.80901504" r12="0" r13="-0.58778495" r14="0" r21="0" r22="1" r23="0" r24="0" r31="0.58778495" r32="0" r33="-0.80901504" r34="0" r41="1711.1844" r42="354.75296" r43="120.51853" r44="1"></containerEntry>
          <containerEntry r11="-1" r12="0" r13="-4e-06" r14="0" r21="0" r22="1" r23="0" r24="0" r31="4e-06" r32="0" r33="-1" r34="0" r41="1675.6436" r42="354.65445" r43="115.44848" r44="1"></containerEntry>
        </property>
        <property name="colors" type="UInt32" container="DynamicArray" arraySize="2">
          <containerEntry>4294967295</containerEntry>
          <containerEntry>4294967295</containerEntry>
        </property>
      </staticProperties>
      <dynamicProperties></dynamicProperties>
    </entity>
    <entity class="StaticModelArray" classVersion="4" classID="0xD0" addr="0x317E010" id="0x0">
      <staticProperties>
        <property name="name" type="String" container="StaticArray" arraySize="1">
          <containerEntry>StaticModelArray0001</containerEntry>
        </property>
        <property name="dataSet" type="EntityHandle" container="StaticArray" arraySize="1">
          <containerEntry>0x3373B90</containerEntry>
        </property>
        <property name="modelFile" type="FilePtr" container="StaticArray" arraySize="1">
          <containerEntry hash="0xB8A0BF169F98"></containerEntry>
        </property>
        <property name="geomFile" type="FilePtr" container="StaticArray" arraySize="1">
          <containerEntry>/Assets/tpp/environ/object/afghanistan/barricade/afgh_brrc002/scenes/afgh_brrc002_brrc003_fl_pc.geom</containerEntry>
        </property>
        <property name="isVisibleGeom" type="Bool" container="StaticArray" arraySize="1">
          <containerEntry>false</containerEntry>
        </property>
        <property name="lodFarSize" type="Float" container="StaticArray" arraySize="1">
          <containerEntry>-1</containerEntry>
        </property>
        <property name="lodNearSize" type="Float" container="StaticArray" arraySize="1">
          <containerEntry>-1</containerEntry>
        </property>
        <property name="lodPolygonSize" type="Float" container="StaticArray" arraySize="1">
          <containerEntry>-1</containerEntry>
        </property>
        <property name="drawRejectionLevel" type="Int32" container="StaticArray" arraySize="1">
          <containerEntry>8</containerEntry>
        </property>
        <property name="drawMode" type="Int32" container="StaticArray" arraySize="1">
          <containerEntry>0</containerEntry>
        </property>
        <property name="rejectFarRangeShadowCast" type="Int32" container="StaticArray" arraySize="1">
          <containerEntry>2</containerEntry>
        </property>
        <property name="parentLocator" type="EntityLink" container="StaticArray" arraySize="1">
          <containerEntry packagePathHash="0xB8A0BF169F98" archivePathHash="0xB8A0BF169F98" nameInArchiveHash="0xB8A0BF169F98">0x0</containerEntry>
        </property>
        <property name="transforms" type="Matrix4" container="DynamicArray" arraySize="2">
          <containerEntry r11="0.00013889502" r12="0.012434938" r13="-0.99992234" r14="0" r21="-2.2761524e-06" r22="0.9999227" r23="0.012434937" r24="0" r31="1.0000006" r32="5.5274046e-07" r33="0.00013893856" r34="0" r41="1666.8785" r42="347.36804" r43="22.06145" r44="1"></containerEntry>
          <containerEntry r11="0.00013755221" r12="0.03592512" r13="-0.99935406" r14="0" r21="-6.707385e-06" r22="0.9993545" r23="0.03592512" r24="0" r31="0.9999996" r32="1.7751008e-06" r33="0.00013768673" r34="0" r41="1666.8849" r42="347.4165" r43="18.82629" r44="1"></containerEntry>
        </property>
        <property name="colors" type="UInt32" container="DynamicArray" arraySize="2">
          <containerEntry>4294967295</containerEntry>
          <containerEntry>4294967295</containerEntry>
        </property>
      </staticProperties>
      <dynamicProperties></dynamicProperties>
    </entity>
    <entity class="StaticModelArray" classVersion="4" classID="0xD0" addr="0x31791C0" id="0x0">
      <staticProperties>
        <property name="name" type="String" container="StaticArray" arraySize="1">
          <containerEntry>StaticModelArray0002</containerEntry>
        </property>
        <property name="dataSet" type="EntityHandle" container="StaticArray" arraySize="1">
          <containerEntry>0x3373B90</containerEntry>
        </property>
        <property name="modelFile" type="FilePtr" container="StaticArray" arraySize="1">
          <containerEntry>/Assets/tpp/environ/object/afghanistan/cliff/afgh_clff030/scenes/afgh_clff030_vrtn011.fmdl</containerEntry>
        </property>
        <property name="geomFile" type="FilePtr" container="StaticArray" arraySize="1">
          <containerEntry>/Assets/tpp/environ/object/afghanistan/cliff/afgh_clff030/scenes/afgh_clff030_vrtn011.geom</containerEntry>
        </property>
        <property name="isVisibleGeom" type="Bool" container="StaticArray" arraySize="1">
          <containerEntry>false</containerEntry>
        </property>
        <property name="lodFarSize" type="Float" container="StaticArray" arraySize="1">
          <containerEntry>-1</containerEntry>
        </property>
        <property name="lodNearSize" type="Float" container="StaticArray" arraySize="1">
          <containerEntry>-1</containerEntry>
        </property>
        <property name="lodPolygonSize" type="Float" container="StaticArray" arraySize="1">
          <containerEntry>-1</containerEntry>
        </property>
        <property name="drawRejectionLevel" type="Int32" container="StaticArray" arraySize="1">
          <containerEntry>8</containerEntry>
        </property>
        <property name="drawMode" type="Int32" container="StaticArray" arraySize="1">
          <containerEntry>0</containerEntry>
        </property>
        <property name="rejectFarRangeShadowCast" type="Int32" container="StaticArray" arraySize="1">
          <containerEntry>2</containerEntry>
        </property>
        <property name="parentLocator" type="EntityLink" container="StaticArray" arraySize="1">
          <containerEntry packagePathHash="0xB8A0BF169F98" archivePathHash="0xB8A0BF169F98" nameInArchiveHash="0xB8A0BF169F98">0x0</containerEntry>
        </property>
        <property name="transforms" type="Matrix4" container="DynamicArray" arraySize="7">
          <containerEntry r11="0.8342375" r12="-0.03202496" r13="-0.55047417" r14="0" r21="0.12001194" r22="0.98492527" r23="0.12457654" r24="0" r31="0.5381863" r32="-0.16998994" r33="0.82550496" r34="0" r41="1684.233" r42="346.6608" r43="91.19122" r44="1"></containerEntry>
          <containerEntry r11="-0.9404341" r12="0.21425872" r13="0.26395637" r14="0" r21="0.1815948" r22="0.97295403" r23="-0.14277177" r24="0" r31="-0.28740752" r32="-0.08633456" r33="-0.9539074" r34="0" r41="1680.7552" r42="347.4669" r43="99.199356" r44="1"></containerEntry>
          <containerEntry r11="-0.94158137" r12="-0.029583419" r13="0.3354764" r14="0" r21="-0.036139973" r22="0.99925804" r23="-0.013316402" r24="0" r31="-0.33483356" r32="-0.02466263" r33="-0.9419519" r34="0" r41="1734.9935" r42="343.86038" r43="106.41404" r44="1"></containerEntry>
          <containerEntry r11="-0.89227515" r12="0.03467071" r13="0.4501547" r14="0" r21="0.04953769" r22="0.99854547" r23="0.021283913" r24="0" r31="-0.44876197" r32="0.041290794" r33="-0.89269483" r34="0" r41="1719.0476" r42="343.35947" r43="88.88425" r44="1"></containerEntry>
          <containerEntry r11="0.9842332" r12="-0.06500264" r13="0.16449803" r14="0" r21="0.06691197" r22="0.9977403" r23="-0.0060865623" r24="0" r31="-0.16373068" r32="0.0169975" r33="0.98635864" r34="0" r41="1672.0526" r42="347.69556" r43="38.31883" r44="1"></containerEntry>
          <containerEntry r11="-0.7386962" r12="0.12781633" r13="0.6618029" r14="0" r21="0.039701108" r22="0.9884019" r23="-0.1465791" r24="0" r31="-0.6728624" r32="-0.08200364" r33="-0.73520315" r34="0" r41="1647.1669" r42="347.24463" r43="32.645424" r44="1"></containerEntry>
          <containerEntry r11="0.24272278" r12="-0.0069263875" r13="-0.97007054" r14="0" r21="0.15724038" r22="0.9870321" r23="0.032295763" r24="0" r31="0.9572671" r32="-0.16037324" r33="0.2406643" r34="0" r41="1650.5658" r42="352.47122" r43="95.7043" r44="1"></containerEntry>
        </property>
        <property name="colors" type="UInt32" container="DynamicArray" arraySize="7">
          <containerEntry>4294967295</containerEntry>
          <containerEntry>4294967295</containerEntry>
          <containerEntry>4294967295</containerEntry>
          <containerEntry>4294967295</containerEntry>
          <containerEntry>4294967295</containerEntry>
          <containerEntry>4294967295</containerEntry>
          <containerEntry>4294967295</containerEntry>
        </property>
      </staticProperties>
      <dynamicProperties></dynamicProperties>
    </entity>
    <entity class="StaticModelArray" classVersion="4" classID="0xD0" addr="0x317E160" id="0x0">
      <staticProperties>
        <property name="name" type="String" container="StaticArray" arraySize="1">
          <containerEntry>StaticModelArray0003</containerEntry>
        </property>
        <property name="dataSet" type="EntityHandle" container="StaticArray" arraySize="1">
          <containerEntry>0x3373B90</containerEntry>
        </property>
        <property name="modelFile" type="FilePtr" container="StaticArray" arraySize="1">
          <containerEntry>/Assets/tpp/environ/object/afghanistan/rock/afgh_rock010/scenes/afgh_rock010_vrtn001.fmdl</containerEntry>
        </property>
        <property name="geomFile" type="FilePtr" container="StaticArray" arraySize="1">
          <containerEntry>/Assets/tpp/environ/object/afghanistan/rock/afgh_rock010/scenes/afgh_rock010_vrtn001.geom</containerEntry>
        </property>
        <property name="isVisibleGeom" type="Bool" container="StaticArray" arraySize="1">
          <containerEntry>false</containerEntry>
        </property>
        <property name="lodFarSize" type="Float" container="StaticArray" arraySize="1">
          <containerEntry>-1</containerEntry>
        </property>
        <property name="lodNearSize" type="Float" container="StaticArray" arraySize="1">
          <containerEntry>-1</containerEntry>
        </property>
        <property name="lodPolygonSize" type="Float" container="StaticArray" arraySize="1">
          <containerEntry>-1</containerEntry>
        </property>
        <property name="drawRejectionLevel" type="Int32" container="StaticArray" arraySize="1">
          <containerEntry>8</containerEntry>
        </property>
        <property name="drawMode" type="Int32" container="StaticArray" arraySize="1">
          <containerEntry>0</containerEntry>
        </property>
        <property name="rejectFarRangeShadowCast" type="Int32" container="StaticArray" arraySize="1">
          <containerEntry>2</containerEntry>
        </property>
        <property name="parentLocator" type="EntityLink" container="StaticArray" arraySize="1">
          <containerEntry packagePathHash="0xB8A0BF169F98" archivePathHash="0xB8A0BF169F98" nameInArchiveHash="0xB8A0BF169F98">0x0</containerEntry>
        </property>
        <property name="transforms" type="Matrix4" container="DynamicArray" arraySize="2">
          <containerEntry r11="0.22337914" r12="-0.37017485" r13="-0.90170544" r14="0" r21="0.26533446" r22="0.9132394" r23="-0.30917868" r24="0" r31="0.93792313" r32="-0.17018932" r33="0.30221874" r34="0" r41="1709.8992" r42="343.66797" r43="86.41547" r44="1"></containerEntry>
          <containerEntry r11="0.9569917" r12="0" r13="-0.2901153" r14="0" r21="0" r22="1" r23="0" r24="0" r31="0.2901153" r32="0" r33="0.9569917" r34="0" r41="1634.2908" r42="353.01474" r43="49.843716" r44="1"></containerEntry>
        </property>
        <property name="colors" type="UInt32" container="DynamicArray" arraySize="2">
          <containerEntry>4294967295</containerEntry>
          <containerEntry>4294967295</containerEntry>
        </property>
      </staticProperties>
      <dynamicProperties></dynamicProperties>
    </entity>
    <entity class="StaticModelArray" classVersion="4" classID="0xD0" addr="0x317DF30" id="0x0">
      <staticProperties>
        <property name="name" type="String" container="StaticArray" arraySize="1">
          <containerEntry>StaticModelArray0004</containerEntry>
        </property>
        <property name="dataSet" type="EntityHandle" container="StaticArray" arraySize="1">
          <containerEntry>0x3373B90</containerEntry>
        </property>
        <property name="modelFile" type="FilePtr" container="StaticArray" arraySize="1">
          <containerEntry>/Assets/tpp/environ/object/afghanistan/cliff/afgh_clff035/scenes/afgh_clff035_vrtn002_gen8.fmdl</containerEntry>
        </property>
        <property name="geomFile" type="FilePtr" container="StaticArray" arraySize="1">
          <containerEntry>/Assets/tpp/environ/object/afghanistan/cliff/afgh_clff035/scenes/afgh_clff035_vrtn002_gen8.geom</containerEntry>
        </property>
        <property name="isVisibleGeom" type="Bool" container="StaticArray" arraySize="1">
          <containerEntry>false</containerEntry>
        </property>
        <property name="lodFarSize" type="Float" container="StaticArray" arraySize="1">
          <containerEntry>-1</containerEntry>
        </property>
        <property name="lodNearSize" type="Float" container="StaticArray" arraySize="1">
          <containerEntry>-1</containerEntry>
        </property>
        <property name="lodPolygonSize" type="Float" container="StaticArray" arraySize="1">
          <containerEntry>-1</containerEntry>
        </property>
        <property name="drawRejectionLevel" type="Int32" container="StaticArray" arraySize="1">
          <containerEntry>8</containerEntry>
        </property>
        <property name="drawMode" type="Int32" container="StaticArray" arraySize="1">
          <containerEntry>0</containerEntry>
        </property>
        <property name="rejectFarRangeShadowCast" type="Int32" container="StaticArray" arraySize="1">
          <containerEntry>2</containerEntry>
        </property>
        <property name="parentLocator" type="EntityLink" container="StaticArray" arraySize="1">
          <containerEntry packagePathHash="0xB8A0BF169F98" archivePathHash="0xB8A0BF169F98" nameInArchiveHash="0xB8A0BF169F98">0x0</containerEntry>
        </property>
        <property name="transforms" type="Matrix4" container="DynamicArray" arraySize="9">
          <containerEntry r11="0.88216203" r12="0.0053622946" r13="0.47091526" r14="0" r21="0.09063347" r22="0.97931015" r23="-0.18093416" r24="0" r31="-0.4621423" r32="0.20229396" r33="0.86342424" r34="0" r41="1767.5618" r42="350.5823" r43="50.26655" r44="1"></containerEntry>
          <containerEntry r11="0.384038" r12="-0.08885001" r13="0.91903174" r14="0" r21="0.25031018" r22="0.9681031" r23="-0.01100342" r24="0" r31="-0.8887398" r32="0.23426893" r33="0.39402848" r34="0" r41="1768.9463" r42="346.20853" r43="74.979645" r44="1"></containerEntry>
          <containerEntry r11="0.84621596" r12="-0.071132086" r13="0.5280702" r14="0" r21="0.07490616" r22="0.9970884" r23="0.014274982" r24="0" r31="-0.5275481" r32="0.027476072" r33="0.8490804" r34="0" r41="1720.6658" r42="357.74008" r43="25.243273" r44="1"></containerEntry>
          <containerEntry r11="0.004982598" r12="0.015259281" r13="0.9998696" r14="0" r21="0.3214758" r22="0.94678164" r23="-0.016050562" r24="0" r31="-0.946903" r32="0.32151437" r33="-0.00018799305" r34="0" r41="1774.26" r42="345.40158" r43="114.89362" r44="1"></containerEntry>
          <containerEntry r11="0.931501" r12="-0.051013328" r13="0.3601437" r14="0" r21="0.08377705" r22="0.99358606" r23="-0.075948164" r24="0" r31="-0.3539594" r32="0.10091758" r33="0.9298001" r34="0" r41="1757.4927" r42="363.0265" r43="32.670696" r44="1"></containerEntry>
          <containerEntry r11="-0.83062273" r12="-0.056569535" r13="-0.5539467" r14="0" r21="-0.09790088" r22="0.9941658" r23="0.04527434" r24="0" r31="0.5481537" r32="0.0918381" r33="-0.83131486" r34="0" r41="1724.5829" r42="348.12994" r43="117.751366" r44="1"></containerEntry>
          <containerEntry r11="0.9784862" r12="-0.102188304" r13="0.17922659" r14="0" r21="0.13299404" r22="0.9765525" r23="-0.16928588" r24="0" r31="-0.15772508" r32="0.18948002" r33="0.9691336" r34="0" r41="1732.2676" r42="364.51016" r43="12.54423" r44="1"></containerEntry>
          <containerEntry r11="0.9978978" r12="-0.055779718" r13="-0.032994516" r14="0" r21="0.0585931" r22="0.994075" r23="0.09155158" r24="0" r31="0.027692292" r32="-0.09329238" r33="0.99525356" r34="0" r41="1743.4384" r42="369.88202" r43="1.767439" r44="1"></containerEntry>
          <containerEntry r11="0.84621596" r12="-0.071132086" r13="0.5280702" r14="0" r21="0.07490616" r22="0.9970884" r23="0.014274982" r24="0" r31="-0.5275481" r32="0.027476072" r33="0.8490804" r34="0" r41="1674.2422" r42="360.64377" r43="3.866638" r44="1"></containerEntry>
        </property>
        <property name="colors" type="UInt32" container="DynamicArray" arraySize="9">
          <containerEntry>4294967295</containerEntry>
          <containerEntry>4294967295</containerEntry>
          <containerEntry>4294967295</containerEntry>
          <containerEntry>4294967295</containerEntry>
          <containerEntry>4294967295</containerEntry>
          <containerEntry>4294967295</containerEntry>
          <containerEntry>4294967295</containerEntry>
          <containerEntry>4294967295</containerEntry>
          <containerEntry>4294967295</containerEntry>
        </property>
      </staticProperties>
      <dynamicProperties></dynamicProperties>
    </entity>
    <entity class="StaticModelArray" classVersion="4" classID="0xD0" addr="0x3178F20" id="0x0">
      <staticProperties>
        <property name="name" type="String" container="StaticArray" arraySize="1">
          <containerEntry>StaticModelArray0005</containerEntry>
        </property>
        <property name="dataSet" type="EntityHandle" container="StaticArray" arraySize="1">
          <containerEntry>0x3373B90</containerEntry>
        </property>
        <property name="modelFile" type="FilePtr" container="StaticArray" arraySize="1">
          <containerEntry>/Assets/tpp/environ/object/afghanistan/rock/afgh_rock001/scenes/afgh_rock001.fmdl</containerEntry>
        </property>
        <property name="geomFile" type="FilePtr" container="StaticArray" arraySize="1">
          <containerEntry>/Assets/tpp/environ/object/afghanistan/rock/afgh_rock001/scenes/afgh_rock001.geom</containerEntry>
        </property>
        <property name="isVisibleGeom" type="Bool" container="StaticArray" arraySize="1">
          <containerEntry>false</containerEntry>
        </property>
        <property name="lodFarSize" type="Float" container="StaticArray" arraySize="1">
          <containerEntry>-1</containerEntry>
        </property>
        <property name="lodNearSize" type="Float" container="StaticArray" arraySize="1">
          <containerEntry>-1</containerEntry>
        </property>
        <property name="lodPolygonSize" type="Float" container="StaticArray" arraySize="1">
          <containerEntry>-1</containerEntry>
        </property>
        <property name="drawRejectionLevel" type="Int32" container="StaticArray" arraySize="1">
          <containerEntry>8</containerEntry>
        </property>
        <property name="drawMode" type="Int32" container="StaticArray" arraySize="1">
          <containerEntry>0</containerEntry>
        </property>
        <property name="rejectFarRangeShadowCast" type="Int32" container="StaticArray" arraySize="1">
          <containerEntry>2</containerEntry>
        </property>
        <property name="parentLocator" type="EntityLink" container="StaticArray" arraySize="1">
          <containerEntry packagePathHash="0xB8A0BF169F98" archivePathHash="0xB8A0BF169F98" nameInArchiveHash="0xB8A0BF169F98">0x0</containerEntry>
        </property>
        <property name="transforms" type="Matrix4" container="DynamicArray" arraySize="9">
          <containerEntry r11="0.7335003" r12="0.28098407" r13="0.61889017" r14="0" r21="0.34173986" r22="0.6346268" r23="-0.69315404" r24="0" r31="-0.58752954" r32="0.7199282" r33="0.3694755" r34="0" r41="1677.9569" r42="347.6984" r43="37.153378" r44="1"></containerEntry>
          <containerEntry r11="-0.7239409" r12="0.2588257" r13="0.63946706" r14="0" r21="0.47534993" r22="0.85892683" r23="0.19049153" r24="0" r31="-0.4999513" r32="0.44187537" r33="-0.74484503" r34="0" r41="1664.9729" r42="348.61285" r43="36.40527" r44="1"></containerEntry>
          <containerEntry r11="-0.75035137" r12="-0.3860399" r13="-0.53660583" r14="0" r21="-0.5128514" r22="0.85214305" r23="0.10409416" r24="0" r31="0.41708046" r32="0.3533063" r33="-0.8373878" r34="0" r41="1666.1125" r42="348.51883" r43="44.272682" r44="1"></containerEntry>
          <containerEntry r11="0.6582626" r12="-0.5913121" r13="-0.46587616" r14="0" r21="0.14797115" r22="0.7084295" r23="-0.690096" r24="0" r31="0.7381024" r32="0.38532832" r33="0.5538297" r34="0" r41="1681.5248" r42="350.84378" r43="13.313705" r44="1"></containerEntry>
          <containerEntry r11="0.7335003" r12="0.28098407" r13="0.61889017" r14="0" r21="0.34173986" r22="0.6346268" r23="-0.69315404" r24="0" r31="-0.58752954" r32="0.7199282" r33="0.3694755" r34="0" r41="1706.8105" r42="343.43454" r43="97.71659" r44="1"></containerEntry>
          <containerEntry r11="0.6307286" r12="-0.48364508" r13="0.6068517" r14="0" r21="0.77230394" r22="0.31495643" r23="-0.55167854" r24="0" r31="0.075684756" r32="0.81663334" r33="0.572173" r34="0" r41="1692.4828" r42="347.32092" r43="56.692738" r44="1"></containerEntry>
          <containerEntry r11="0.6307286" r12="-0.48364508" r13="0.6068517" r14="0" r21="0.77230394" r22="0.31495643" r23="-0.55167854" r24="0" r31="0.075684756" r32="0.81663334" r33="0.572173" r34="0" r41="1719.0764" r42="345.0242" r43="79.795074" r44="1"></containerEntry>
          <containerEntry r11="1" r12="0" r13="0" r14="0" r21="0" r22="1" r23="0" r24="0" r31="0" r32="0" r33="1" r34="0" r41="1646.1221" r42="352.69415" r43="62.04972" r44="1"></containerEntry>
          <containerEntry r11="-0.75035137" r12="-0.3860399" r13="-0.53660583" r14="0" r21="-0.5128514" r22="0.85214305" r23="0.10409416" r24="0" r31="0.41708046" r32="0.3533063" r33="-0.8373878" r34="0" r41="1637.8668" r42="356.35052" r43="82.427185" r44="1"></containerEntry>
        </property>
        <property name="colors" type="UInt32" container="DynamicArray" arraySize="9">
          <containerEntry>4294967295</containerEntry>
          <containerEntry>4294967295</containerEntry>
          <containerEntry>4294967295</containerEntry>
          <containerEntry>4294967295</containerEntry>
          <containerEntry>4294967295</containerEntry>
          <containerEntry>4294967295</containerEntry>
          <containerEntry>4294967295</containerEntry>
          <containerEntry>4294967295</containerEntry>
          <containerEntry>4294967295</containerEntry>
        </property>
      </staticProperties>
      <dynamicProperties></dynamicProperties>
    </entity>
    <entity class="StaticModelArray" classVersion="4" classID="0xD0" addr="0x317E080" id="0x0">
      <staticProperties>
        <property name="name" type="String" container="StaticArray" arraySize="1">
          <containerEntry>StaticModelArray0006</containerEntry>
        </property>
        <property name="dataSet" type="EntityHandle" container="StaticArray" arraySize="1">
          <containerEntry>0x3373B90</containerEntry>
        </property>
        <property name="modelFile" type="FilePtr" container="StaticArray" arraySize="1">
          <containerEntry>/Assets/tpp/environ/object/afghanistan/cliff/afgh_clff025/scenes/afgh_clff025.fmdl</containerEntry>
        </property>
        <property name="geomFile" type="FilePtr" container="StaticArray" arraySize="1">
          <containerEntry>/Assets/tpp/environ/object/afghanistan/cliff/afgh_clff025/scenes/afgh_clff025.geom</containerEntry>
        </property>
