<fox formatVersion="2" fileVersion="0">
  <entities>
    <entity class="DataSet" classVersion="0" classID="0xE8" addr="0x32F6210" id="0xDEEE82">
      <staticProperties>
        <property name="name" type="String" container="StaticArray" arraySize="1">
          <containerEntry hash="0xB8A0BF169F98"></containerEntry>
        </property>
        <property name="dataSet" type="EntityHandle" container="StaticArray" arraySize="1">
          <containerEntry>0x0</containerEntry>
        </property>
        <property name="dataList" type="EntityPtr" container="StringMap" arraySize="4">
          <containerEntry key="StaticModelArray0000">
            <data>0x317CC60</data>
          </containerEntry>
          <containerEntry key="StaticModelArray0001">
            <data>0x317CD40</data>
          </containerEntry>
          <containerEntry key="StaticModelArray0002">
            <data>0x317CCD0</data>
          </containerEntry>
          <containerEntry key="TexturePackLoadConditioner0000">
            <data>0x317D440</data>
          </containerEntry>
        </property>
      </staticProperties>
      <dynamicProperties></dynamicProperties>
    </entity>
    <entity class="StaticModelArray" classVersion="4" classID="0xD0" addr="0x317CC60" id="0x0">
      <staticProperties>
        <property name="name" type="String" container="StaticArray" arraySize="1">
          <containerEntry>StaticModelArray0000</containerEntry>
        </property>
        <property name="dataSet" type="EntityHandle" container="StaticArray" arraySize="1">
          <containerEntry>0x32F6210</containerEntry>
        </property>
        <property name="modelFile" type="FilePtr" container="StaticArray" arraySize="1">
          <containerEntry>/Assets/tpp/environ/object/middle_africa/rock/mafr_rock002/scenes/mafr_rock002.fmdl</containerEntry>
        </property>
        <property name="geomFile" type="FilePtr" container="StaticArray" arraySize="1">
          <containerEntry>/Assets/tpp/environ/object/middle_africa/rock/mafr_rock002/scenes/mafr_rock002.geom</containerEntry>
        </property>
        <property name="isVisibleGeom" type="Bool" container="StaticArray" arraySize="1">
          <containerEntry>false</containerEntry>
        </property>
        <property name="lodFarSize" type="Float" container="StaticArray" arraySize="1">
          <containerEntry>-1</containerEntry>
        </property>
        <property name="lodNearSize" type="Float" container="StaticArray" arraySize="1">
          <containerEntry>-1</containerEntry>
        </property>
        <property name="lodPolygonSize" type="Float" container="StaticArray" arraySize="1">
          <containerEntry>-1</containerEntry>
        </property>
        <property name="drawRejectionLevel" type="Int32" container="StaticArray" arraySize="1">
          <containerEntry>8</containerEntry>
        </property>
        <property name="drawMode" type="Int32" container="StaticArray" arraySize="1">
          <containerEntry>0</containerEntry>
        </property>
        <property name="rejectFarRangeShadowCast" type="Int32" container="StaticArray" arraySize="1">
          <containerEntry>2</containerEntry>
        </property>
        <property name="parentLocator" type="EntityLink" container="StaticArray" arraySize="1">
          <containerEntry packagePathHash="0xB8A0BF169F98" archivePathHash="0xB8A0BF169F98" nameInArchiveHash="0xB8A0BF169F98">0x0</containerEntry>
        </property>
        <property name="transforms" type="Matrix4" container="DynamicArray" arraySize="13">
          <containerEntry r11="-0.9768952" r12="0" r13="0.21371275" r14="0" r21="0" r22="1" r23="0" r24="0" r31="-0.21371275" r32="0" r33="-0.9768952" r34="0" r41="853.3639" r42="3.579779" r43="-54.68828" r44="1"></containerEntry>
          <containerEntry r11="-0.98002446" r12="-0.07942053" r13="-0.18232061" r14="0" r21="-0.082316495" r22="0.9965712" r23="0.008359578" r24="0" r31="0.18103154" r32="0.023200616" r33="-0.98320174" r34="0" r41="846.26166" r42="3.585147" r43="-51.33337" r44="1"></containerEntry>
          <containerEntry r11="0.39982653" r12="0.09908802" r13="-0.91121775" r14="0" r21="-0.04489226" r22="0.99506336" r23="0.08850752" r24="0" r31="0.9154895" r32="0.0055191703" r33="0.402301" r34="0" r41="838.6874" r42="2.619019" r43="-45.2293" r44="1"></containerEntry>
          <containerEntry r11="-0.99885225" r12="0.0024073478" r13="-0.047781106" r14="0" r21="-0.0073835803" r22="0.97901016" r23="0.20367736" r24="0" r31="0.047268514" r32="0.20379692" r33="-0.97786874" r34="0" r41="845.285" r42="4.033032" r43="-30.749514" r44="1"></containerEntry>
          <containerEntry r11="0.8932219" r12="-0.013288537" r13="0.44941914" r14="0" r21="-0.006440701" r22="0.9990824" r23="0.042341933" r24="0" r31="-0.4495694" r32="-0.040715314" r33="0.8923167" r34="0" r41="839.7782" r42="2.54163" r43="-28.60986" r44="1"></containerEntry>
          <containerEntry r11="0.92388844" r12="0.008110411" r13="0.38257557" r14="0" r21="0.08419561" r22="0.9709664" r23="-0.22390905" r24="0" r31="-0.37328398" r32="0.2390782" r33="0.8963818" r34="0" r41="854.2826" r42="3.075225" r43="-37.399338" r44="1"></containerEntry>
          <containerEntry r11="-0.8890913" r12="0.0057175085" r13="-0.45768154" r14="0" r21="-0.038237803" r22="0.99549884" r23="0.086717" r24="0" r31="0.45611727" r32="0.094600625" r33="-0.88487077" r34="0" r41="783.7371" r42="0.68666" r43="-45.2293" r44="1"></containerEntry>
          <containerEntry r11="-0.5029229" r12="-0.0035873707" r13="0.8643193" r14="0" r21="0.03470379" r22="0.9991012" r23="0.02434003" r24="0" r31="-0.8636298" r32="0.04223649" r33="-0.50234634" r34="0" r41="783.7371" r42="0.688856" r43="-38.26046" r44="1"></containerEntry>
          <containerEntry r11="-0.80050695" r12="-0.0035879249" r13="-0.5993057" r14="0" r21="-0.028183155" r22="0.99910116" r23="0.031663615" r24="0" r31="0.5986534" r32="0.042237442" r33="-0.7998885" r34="0" r41="796.5634" r42="0.075394" r43="-31.244423" r44="1"></containerEntry>
          <containerEntry r11="0.99987185" r12="-0.0035873435" r13="0.01560069" r14="0" r21="0.004242651" r22="0.9991011" r23="-0.0421768" r24="0" r31="-0.015435363" r32="0.042237584" r33="0.99898833" r34="0" r41="808.437" r42="0.299203" r43="-29.74383" r44="1"></containerEntry>
          <containerEntry r11="0.75515264" r12="0.05962301" r13="-0.6528315" r14="0" r21="-0.2356" r22="0.95400226" r23="-0.18539743" r24="0" r31="0.61174875" r32="0.29381058" r33="0.7344646" r34="0" r41="804.0753" r42="0.472999" r43="-33.461533" r44="1"></containerEntry>
          <containerEntry r11="-0.49745464" r12="-0.09422664" r13="0.8623515" r14="0" r21="-0.038238708" r22="0.9954989" r23="0.08671643" r24="0" r31="-0.866641" r32="0.010162611" r33="-0.49881864" r34="0" r41="781.73224" r42="2.293879" r43="-98.051575" r44="1"></containerEntry>
          <containerEntry r11="-0.29616308" r12="-0.022447584" r13="-0.95486975" r14="0" r21="-0.021465464" r22="0.9996277" r23="-0.016841907" r24="0" r31="0.9548923" r32="0.015508768" r33="-0.29653466" r34="0" r41="773.4349" r42="3.988305" r43="-119.41109" r44="1"></containerEntry>
        </property>
        <property name="colors" type="UInt32" container="DynamicArray" arraySize="13">
          <containerEntry>4294967295</containerEntry>
          <containerEntry>4294967295</containerEntry>
          <containerEntry>4294967295</containerEntry>
          <containerEntry>4294967295</containerEntry>
          <containerEntry>4294967295</containerEntry>
          <containerEntry>4294967295</containerEntry>
          <containerEntry>4294967295</containerEntry>
          <containerEntry>4294967295</containerEntry>
          <containerEntry>4294967295</containerEntry>
          <containerEntry>4294967295</containerEntry>
          <containerEntry>4294967295</containerEntry>
          <containerEntry>4294967295</containerEntry>
          <containerEntry>4294967295</containerEntry>
        </property>
      </staticProperties>
      <dynamicProperties></dynamicProperties>
    </entity>
    <entity class="StaticModelArray" classVersion="4" classID="0xD0" addr="0x317CD40" id="0x0">
      <staticProperties>
        <property name="name" type="String" container="StaticArray" arraySize="1">
          <containerEntry>StaticModelArray0001</containerEntry>
        </property>
        <property name="dataSet" type="EntityHandle" container="StaticArray" arraySize="1">
          <containerEntry>0x32F6210</containerEntry>
        </property>
        <property name="modelFile" type="FilePtr" container="StaticArray" arraySize="1">
          <containerEntry>/Assets/tpp/environ/object/middle_africa/rock/mafr_rock007/scenes/mafr_rock007.fmdl</containerEntry>
        </property>
        <property name="geomFile" type="FilePtr" container="StaticArray" arraySize="1">
          <containerEntry>/Assets/tpp/environ/object/middle_africa/rock/mafr_rock007/scenes/mafr_rock007.geom</containerEntry>
        </property>
        <property name="isVisibleGeom" type="Bool" container="StaticArray" arraySize="1">
          <containerEntry>false</containerEntry>
        </property>
        <property name="lodFarSize" type="Float" container="StaticArray" arraySize="1">
          <containerEntry>-1</containerEntry>
        </property>
        <property name="lodNearSize" type="Float" container="StaticArray" arraySize="1">
          <containerEntry>-1</containerEntry>
        </property>
        <property name="lodPolygonSize" type="Float" container="StaticArray" arraySize="1">
          <containerEntry>-1</containerEntry>
        </property>
        <property name="drawRejectionLevel" type="Int32" container="StaticArray" arraySize="1">
          <containerEntry>8</containerEntry>
        </property>
        <property name="drawMode" type="Int32" container="StaticArray" arraySize="1">
          <containerEntry>0</containerEntry>
        </property>
        <property name="rejectFarRangeShadowCast" type="Int32" container="StaticArray" arraySize="1">
          <containerEntry>2</containerEntry>
        </property>
        <property name="parentLocator" type="EntityLink" container="StaticArray" arraySize="1">
          <containerEntry packagePathHash="0xB8A0BF169F98" archivePathHash="0xB8A0BF169F98" nameInArchiveHash="0xB8A0BF169F98">0x0</containerEntry>
        </property>
        <property name="transforms" type="Matrix4" container="DynamicArray" arraySize="17">
          <containerEntry r11="1" r12="0" r13="0" r14="0" r21="0" r22="1" r23="0" r24="0" r31="0" r32="0" r33="1" r34="0" r41="841.9669" r42="2.366472" r43="-67.93126" r44="1"></containerEntry>
          <containerEntry r11="-0.8777278" r12="0.18339641" r13="0.44266778" r14="0" r21="0.106836304" r22="0.9755012" r23="-0.19231091" r24="0" r31="-0.4670921" r32="-0.12150405" r33="-0.87581784" r34="0" r41="861.5968" r42="3.052408" r43="-46.772797" r44="1"></containerEntry>
          <containerEntry r11="-0.49734756" r12="0.0674583" r13="-0.8649243" r14="0" r21="0.1811413" r22="0.9830729" r23="-0.027486593" r24="0" r31="0.84842944" r32="-0.17034395" r33="-0.5011484" r34="0" r41="777.76465" r42="2.983139" r43="-112.445724" r44="1"></containerEntry>
          <containerEntry r11="0.79802775" r12="-0.17062066" r13="0.57796204" r14="0" r21="0.19375663" r22="0.9808026" r23="0.022011887" r24="0" r31="-0.5706223" r32="0.094417915" r33="0.81576663" r34="0" r41="783.45056" r42="2.630816" r43="-96.876724" r44="1"></containerEntry>
          <containerEntry r11="-0.60128415" r12="-0.036302414" r13="0.44681215" r14="0" r21="0.025846336" r22="0.7434858" r23="0.09518838" r24="0" r31="-0.4475388" r32="0.091711484" r33="-0.59481066" r34="0" r41="789.1295" r42="1.82554" r43="-91.29772" r44="1"></containerEntry>
          <containerEntry r11="0.25431445" r12="-0.17651942" r13="0.6831287" r14="0" r21="-0.23125061" r22="-0.7068923" r23="-0.096570276" r24="0" r31="0.6665936" r32="-0.17788637" r33="-0.29412395" r34="0" r41="782.55255" r42="2.474118" r43="-106.63027" r44="1"></containerEntry>
          <containerEntry r11="-0.050623834" r12="0.018141061" r13="0.99855316" r14="0" r21="-0.9582386" r22="-0.28265095" r23="-0.0434449" r24="0" r31="0.28145373" r32="-0.9590515" r33="0.031692207" r34="0" r41="786.5667" r42="3.233176" r43="-108.73854" r44="1"></containerEntry>
          <containerEntry r11="0.473759" r12="-0.019031944" r13="0.5811112" r14="0" r21="-0.05047601" r22="0.74542165" r23="0.06556453" r24="0" r31="-0.57922757" r32="-0.08052528" r33="0.46958604" r34="0" r41="783.2541" r42="2.752263" r43="-118.17922" r44="1"></containerEntry>
          <containerEntry r11="-0.5828799" r12="-0.054901972" r13="-0.4687596" r14="0" r21="-0.017437734" r22="-0.74189353" r23="0.10857496" r24="0" r31="-0.47164154" r32="0.09528048" r33="0.57530487" r34="0" r41="835.65765" r42="2.025195" r43="-64.73659" r44="1"></containerEntry>
          <containerEntry r11="0.50859565" r12="-0.32868546" r13="0.442488" r14="0" r21="0.38588542" r22="0.6422369" r23="0.033524908" r24="0" r31="-0.3936016" r32="0.20493254" r33="0.60463214" r34="0" r41="794.42224" r42="0.178605" r43="-46.336784" r44="1"></containerEntry>
          <containerEntry r11="-0.619975" r12="-0.025367752" r13="-0.42128885" r14="0" r21="0.058944292" r22="-0.74650884" r23="-0.041792646" r24="0" r31="-0.41791552" r32="-0.067657456" r33="0.61908704" r34="0" r41="794.42224" r42="0.178605" r43="-37.012177" r44="1"></containerEntry>
          <containerEntry r11="-0.52073" r12="-0.06132215" r13="0.5362596" r14="0" r21="-0.02670445" r22="-0.7413001" r23="-0.110700324" r24="0" r31="0.5390934" r32="-0.09595458" r33="0.51251346" r34="0" r41="775.7359" r42="-0.388652" r43="-54.779205" r44="1"></containerEntry>
          <containerEntry r11="-0.39217424" r12="-0.008825302" r13="-0.6392295" r14="0" r21="0.015999211" r22="-0.74982285" r23="0.0005364467" r24="0" r31="-0.6390902" r32="-0.013355769" r33="0.3922794" r34="0" r41="785.8301" r42="-0.317802" r43="-62.714127" r44="1"></containerEntry>
          <containerEntry r11="-0.64960766" r12="0.07734844" r13="-0.36676466" r14="0" r21="0.16955085" r22="0.71512526" r23="-0.14949274" r24="0" r31="0.33429268" r32="-0.21239772" r33="-0.63688684" r34="0" r41="788.5031" r42="0.720491" r43="-59.078613" r44="1"></containerEntry>
          <containerEntry r11="0.29402348" r12="-0.0009701438" r13="0.6899623" r14="0" r21="0.050638888" r22="-0.7479434" r23="-0.02263104" r24="0" r31="0.68810225" r32="0.05545737" r33="-0.29315" r34="0" r41="811.1375" r42="1.588214" r43="-38.19975" r44="1"></containerEntry>
          <containerEntry r11="0.6866865" r12="0.047818523" r13="0.29778337" r14="0" r21="-0.032404542" r22="0.7479243" r23="-0.045378156" r24="0" r31="-0.2998525" r32="0.028681356" r33="0.6868521" r34="0" r41="825.31006" r42="2.765943" r43="-31.81367" r44="1"></containerEntry>
          <containerEntry r11="-0.85137963" r12="-0.09747049" r13="0.515412" r14="0" r21="-0.31437102" r22="0.8813826" r23="-0.3526123" r24="0" r31="-0.41990578" r32="-0.4622381" r33="-0.7810329" r34="0" r41="829.0131" r42="2.491153" r43="-27.813808" r44="1"></containerEntry>
        </property>
        <property name="colors" type="UInt32" container="DynamicArray" arraySize="17">
          <containerEntry>4294967295</containerEntry>
          <containerEntry>4294967295</containerEntry>
          <containerEntry>4294967295</containerEntry>
          <containerEntry>4294967295</containerEntry>
          <containerEntry>4294967295</containerEntry>
          <containerEntry>4294967295</containerEntry>
          <containerEntry>4294967295</containerEntry>
          <containerEntry>4294967295</containerEntry>
          <containerEntry>4294967295</containerEntry>
          <containerEntry>4294967295</containerEntry>
          <containerEntry>4294967295</containerEntry>
          <containerEntry>4294967295</containerEntry>
          <containerEntry>4294967295</containerEntry>
          <containerEntry>4294967295</containerEntry>
          <containerEntry>4294967295</containerEntry>
          <containerEntry>4294967295</containerEntry>
          <containerEntry>4294967295</containerEntry>
        </property>
      </staticProperties>
      <dynamicProperties></dynamicProperties>
    </entity>
    <entity class="StaticModelArray" classVersion="4" classID="0xD0" addr="0x317CCD0" id="0x0">
      <staticProperties>
        <property name="name" type="String" container="StaticArray" arraySize="1">
          <containerEntry>StaticModelArray0002</containerEntry>
        </property>
        <property name="dataSet" type="EntityHandle" container="StaticArray" arraySize="1">
          <containerEntry>0x32F6210</containerEntry>
        </property>
        <property name="modelFile" type="FilePtr" container="StaticArray" arraySize="1">
          <containerEntry>/Assets/tpp/environ/object/middle_africa/rock/mafr_rock010/scenes/mafr_rock010.fmdl</containerEntry>
        </property>
        <property name="geomFile" type="FilePtr" container="StaticArray" arraySize="1">
          <containerEntry>/Assets/tpp/environ/object/middle_africa/rock/mafr_rock010/scenes/mafr_rock010.geom</containerEntry>
        </property>
        <property name="isVisibleGeom" type="Bool" container="StaticArray" arraySize="1">
          <containerEntry>false</containerEntry>
        </property>
        <property name="lodFarSize" type="Float" container="StaticArray" arraySize="1">
          <containerEntry>-1</containerEntry>
        </property>
        <property name="lodNearSize" type="Float" container="StaticArray" arraySize="1">
          <containerEntry>-1</containerEntry>
        </property>
        <property name="lodPolygonSize" type="Float" container="StaticArray" arraySize="1">
          <containerEntry>-1</containerEntry>
        </property>
        <property name="drawRejectionLevel" type="Int32" container="StaticArray" arraySize="1">
          <containerEntry>8</containerEntry>
        </property>
        <property name="drawMode" type="Int32" container="StaticArray" arraySize="1">
          <containerEntry>0</containerEntry>
        </property>
        <property name="rejectFarRangeShadowCast" type="Int32" container="StaticArray" arraySize="1">
          <containerEntry>2</containerEntry>
        </property>
        <property name="parentLocator" type="EntityLink" container="StaticArray" arraySize="1">
          <containerEntry packagePathHash="0xB8A0BF169F98" archivePathHash="0xB8A0BF169F98" nameInArchiveHash="0xB8A0BF169F98">0x0</containerEntry>
        </property>
        <property name="transforms" type="Matrix4" container="DynamicArray" arraySize="5">
          <containerEntry r11="1" r12="0" r13="0" r14="0" r21="0" r22="1" r23="0" r24="0" r31="0" r32="0" r33="1" r34="0" r41="842.11444" r42="2.032199" r43="-43.73049" r44="1"></containerEntry>
          <containerEntry r11="-0.76375777" r12="-0.11481817" r13="0.6352106" r14="0" r21="0.10783619" r22="0.94752955" r23="0.30093065" r24="0" r31="-0.63643306" r32="0.29833654" r33="-0.7113015" r34="0" r41="854.4895" r42="1.630029" r43="-38.84123" r44="1"></containerEntry>
          <containerEntry r11="0.98829025" r12="0.13713895" r13="0.06689801" r14="0" r21="-0.12600951" r22="0.9807742" r23="-0.14900848" r24="0" r31="-0.0860467" r32="0.13883385" r33="0.98657036" r34="0" r41="839.7839" r42="2.005372" r43="-31.98471" r44="1"></containerEntry>
          <containerEntry r11="-0.6808787" r12="0.06493263" r13="0.7295118" r14="0" r21="-0.053049885" r22="0.9890733" r23="-0.13754906" r24="0" r31="-0.730472" r32="-0.13235478" r33="-0.6699943" r34="0" r41="785.58765" r42="0.036989" r43="-37.287434" r44="1"></containerEntry>
          <containerEntry r11="-0.27437943" r12="-0.37522253" r13="0.88539374" r14="0" r21="0.18840817" r22="0.88190913" r23="0.43213248" r24="0" r31="-0.9429827" r32="0.28538424" r33="-0.17128259" r34="0" r41="789.34753" r42="-1.613581" r43="-24.271446" r44="1"></containerEntry>
        </property>
        <property name="colors" type="UInt32" container="DynamicArray" arraySize="5">
          <containerEntry>4294967295</containerEntry>
          <containerEntry>4294967295</containerEntry>
          <containerEntry>4294967295</containerEntry>
          <containerEntry>4294967295</containerEntry>
          <containerEntry>4294967295</containerEntry>
        </property>
      </staticProperties>
      <dynamicProperties></dynamicProperties>
    </entity>
    <entity class="TexturePackLoadConditioner" classVersion="0" classID="0x48" addr="0x317D440" id="0x0">
      <staticProperties>
        <property name="name" type="String" container="StaticArray" arraySize="1">
          <containerEntry>TexturePackLoadConditioner0000</containerEntry>
        </property>
        <property name="dataSet" type="EntityHandle" container="StaticArray" arraySize="1">
          <containerEntry>0x32F6210</containerEntry>
        </property>
        <property name="texturePackPath" type="Path" container="StaticArray" arraySize="1">
          <containerEntry hash="0xB8A0BF169F98"></containerEntry>
        </property>
      </staticProperties>
      <dynamicProperties></dynamicProperties>
    </entity>
  </entities>
</fox>