<fox formatVersion="2" fileVersion="0">
  <entities>
    <entity class="DataSet" classVersion="0" classID="0xE8" addr="0x2EF4450" id="0x121E6DA">
      <staticProperties>
        <property name="name" type="String" container="StaticArray" arraySize="1">
          <containerEntry hash="0xB8A0BF169F98"></containerEntry>
        </property>
        <property name="dataSet" type="EntityHandle" container="StaticArray" arraySize="1">
          <containerEntry>0x0</containerEntry>
        </property>
        <property name="dataList" type="EntityPtr" container="StringMap" arraySize="5">
          <containerEntry key="StaticModelArray0000">
            <data>0x2D795B0</data>
          </containerEntry>
          <containerEntry key="StaticModelArray0001">
            <data>0x2D79620</data>
          </containerEntry>
          <containerEntry key="StaticModelArray0002">
            <data>0x2D79690</data>
          </containerEntry>
          <containerEntry key="StaticModelArray0003">
            <data>0x2D79700</data>
          </containerEntry>
          <containerEntry key="TexturePackLoadConditioner0000">
            <data>0x2D79C40</data>
          </containerEntry>
        </property>
      </staticProperties>
      <dynamicProperties></dynamicProperties>
    </entity>
    <entity class="StaticModelArray" classVersion="4" classID="0xD0" addr="0x2D795B0" id="0x0">
      <staticProperties>
        <property name="name" type="String" container="StaticArray" arraySize="1">
          <containerEntry>StaticModelArray0000</containerEntry>
        </property>
        <property name="dataSet" type="EntityHandle" container="StaticArray" arraySize="1">
          <containerEntry>0x2EF4450</containerEntry>
        </property>
        <property name="modelFile" type="FilePtr" container="StaticArray" arraySize="1">
          <containerEntry>/Assets/tpp/environ/object/middle_africa/tree/mafr_tree032/scenes/mafr_tree032.fmdl</containerEntry>
        </property>
        <property name="geomFile" type="FilePtr" container="StaticArray" arraySize="1">
          <containerEntry>/Assets/tpp/environ/object/middle_africa/tree/mafr_tree032/scenes/mafr_tree032.geom</containerEntry>
        </property>
        <property name="isVisibleGeom" type="Bool" container="StaticArray" arraySize="1">
          <containerEntry>false</containerEntry>
        </property>
        <property name="lodFarSize" type="Float" container="StaticArray" arraySize="1">
          <containerEntry>-1</containerEntry>
        </property>
        <property name="lodNearSize" type="Float" container="StaticArray" arraySize="1">
          <containerEntry>-1</containerEntry>
        </property>
        <property name="lodPolygonSize" type="Float" container="StaticArray" arraySize="1">
          <containerEntry>-1</containerEntry>
        </property>
        <property name="drawRejectionLevel" type="Int32" container="StaticArray" arraySize="1">
          <containerEntry>8</containerEntry>
        </property>
        <property name="drawMode" type="Int32" container="StaticArray" arraySize="1">
          <containerEntry>0</containerEntry>
        </property>
        <property name="rejectFarRangeShadowCast" type="Int32" container="StaticArray" arraySize="1">
          <containerEntry>2</containerEntry>
        </property>
        <property name="parentLocator" type="EntityLink" container="StaticArray" arraySize="1">
          <containerEntry packagePathHash="0xB8A0BF169F98" archivePathHash="0xB8A0BF169F98" nameInArchiveHash="0xB8A0BF169F98">0x0</containerEntry>
        </property>
        <property name="transforms" type="Matrix4" container="DynamicArray" arraySize="16">
          <containerEntry r11="-0.47827774" r12="-0.14840978" r13="0.8655774" r14="0" r21="-0.03926313" r22="0.98824555" r23="0.14774713" r24="0" r31="-0.8773301" r32="0.036678925" r33="-0.47848284" r34="0" r41="477.41354" r42="33.320065" r43="1156.9546" r44="1"></containerEntry>
          <containerEntry r11="0.3320377" r12="0" r13="0.9432664" r14="0" r21="0" r22="1" r23="0" r24="0" r31="-0.9432664" r32="0" r33="0.3320377" r34="0" r41="487.25784" r42="29.045225" r43="1178.9373" r44="1"></containerEntry>
          <containerEntry r11="-0.5416817" r12="0.07429147" r13="0.83729506" r14="0" r21="0.040007576" r22="0.99723643" r23="-0.0626002" r24="0" r31="-0.8396318" r32="-0.00041121244" r33="-0.543157" r34="0" r41="467.2174" r42="31.396063" r43="1174.372" r44="1"></containerEntry>
          <containerEntry r11="-0.73210347" r12="0" r13="0.68119633" r14="0" r21="0" r22="1" r23="0" r24="0" r31="-0.68119633" r32="0" r33="-0.73210347" r34="0" r41="480.02423" r42="29.137383" r43="1171.9663" r44="1"></containerEntry>
          <containerEntry r11="0.20685752" r12="0.10795634" r13="0.9723972" r14="0" r21="-0.022462435" r22="0.99415565" r23="-0.10559361" r24="0" r31="-0.97811365" r32="4.8801303e-07" r33="0.20807356" r34="0" r41="506.8081" r42="31.025227" r43="1187.2627" r44="1"></containerEntry>
          <containerEntry r11="0.5332534" r12="0.08860995" r13="0.8413018" r14="0" r21="-0.04743789" r22="0.9960664" r23="-0.074842304" r24="0" r31="-0.8446243" r32="2.9429793e-07" r33="0.53535926" r34="0" r41="491.52783" r42="30.945225" r43="1191.0676" r44="1"></containerEntry>
          <containerEntry r11="-0.5416817" r12="0.07429147" r13="0.83729506" r14="0" r21="0.040007576" r22="0.99723643" r23="-0.0626002" r24="0" r31="-0.8396318" r32="-0.00041121244" r33="-0.543157" r34="0" r41="449.5571" r42="39.06338" r43="1157.3763" r44="1"></containerEntry>
          <containerEntry r11="0.32358775" r12="-0.04577247" r13="0.9450915" r14="0" r21="0.0700289" r22="0.9972484" r23="0.024321483" r24="0" r31="-0.94360423" r32="0.058313575" r33="0.32590276" r34="0" r41="448.56693" r42="39.298477" r43="1172.0281" r44="1"></containerEntry>
          <containerEntry r11="-0.26066136" r12="-0.08088333" r13="0.4717397" r14="0" r21="-0.016759034" r22="0.42182174" r23="0.06306423" r24="0" r31="-0.47814494" r32="0.019990014" r33="-0.26077315" r34="0" r41="469.71442" r42="38.319958" r43="1163.7291" r44="1"></containerEntry>
          <containerEntry r11="0.25320813" r12="-0.13319583" r13="0.95819867" r14="0" r21="-0.028069815" r22="0.7065164" r23="0.105627954" r24="0" r31="-0.96661484" r32="-0.075032614" r33="0.24500209" r34="0" r41="469.89188" r42="40.816185" r43="1155.9884" r44="1"></containerEntry>
          <containerEntry r11="-0.26066136" r12="-0.08088333" r13="0.4717397" r14="0" r21="-0.016759034" r22="0.42182174" r23="0.06306423" r24="0" r31="-0.47814494" r32="0.019990014" r33="-0.26077315" r34="0" r41="487.2554" r42="30.774193" r43="1158.9916" r44="1"></containerEntry>
          <containerEntry r11="0.42991358" r12="-0.0065997033" r13="0.46718347" r14="0" r21="0.02197987" r22="0.4966053" r23="-0.013211063" r24="0" r31="-0.46638647" r32="0.032071806" r33="0.42963317" r34="0" r41="480.16125" r42="30.971186" r43="1166.8015" r44="1"></containerEntry>
          <containerEntry r11="0.6525453" r12="0.094598606" r13="0.7518217" r14="0" r21="-0.02246273" r22="0.9941556" r23="-0.10559392" r24="0" r31="-0.7574168" r32="0.052016854" r33="0.6508565" r34="0" r41="477.91763" r42="21.369736" r43="1250.4929" r44="1"></containerEntry>
          <containerEntry r11="0.64474225" r12="0.09512681" r13="0.758458" r14="0" r21="-0.022462595" r22="0.9941556" r23="-0.105593584" r24="0" r31="-0.76407015" r32="0.05104374" r33="0.64311093" r34="0" r41="492.8625" r42="31.439442" r43="1214.3954" r44="1"></containerEntry>
          <containerEntry r11="0.9293863" r12="0.05968777" r13="0.36425054" r14="0" r21="-0.022462571" r22="0.99415565" r23="-0.10559365" r24="0" r31="-0.36842436" r32="0.0899553" r33="0.9252955" r34="0" r41="502.50116" r42="30.29798" r43="1224.6975" r44="1"></containerEntry>
          <containerEntry r11="-0.9939065" r12="-0.038033973" r13="0.103454396" r14="0" r21="-0.027866956" r22="0.6956088" r23="-0.0119897025" r24="0" r31="-0.10270122" r32="-0.021255556" r33="-0.9944849" r34="0" r41="474.35675" r42="37.906147" r43="1144.1832" r44="1"></containerEntry>
        </property>
        <property name="colors" type="UInt32" container="DynamicArray" arraySize="16">
          <containerEntry>4294967295</containerEntry>
          <containerEntry>4294967295</containerEntry>
          <containerEntry>4294967295</containerEntry>
          <containerEntry>4294967295</containerEntry>
          <containerEntry>4294967295</containerEntry>
          <containerEntry>4294967295</containerEntry>
          <containerEntry>4294967295</containerEntry>
          <containerEntry>4294967295</containerEntry>
          <containerEntry>4294967295</containerEntry>
          <containerEntry>4294967295</containerEntry>
          <containerEntry>4294967295</containerEntry>
          <containerEntry>4294967295</containerEntry>
          <containerEntry>4294967295</containerEntry>
          <containerEntry>4294967295</containerEntry>
          <containerEntry>4294967295</containerEntry>
          <containerEntry>4294967295</containerEntry>
        </property>
      </staticProperties>
      <dynamicProperties></dynamicProperties>
    </entity>
    <entity class="StaticModelArray" classVersion="4" classID="0xD0" addr="0x2D79620" id="0x0">
      <staticProperties>
        <property name="name" type="String" container="StaticArray" arraySize="1">
          <containerEntry>StaticModelArray0001</containerEntry>
        </property>
        <property name="dataSet" type="EntityHandle" container="StaticArray" arraySize="1">
          <containerEntry>0x2EF4450</containerEntry>
        </property>
        <property name="modelFile" type="FilePtr" container="StaticArray" arraySize="1">
          <containerEntry>/Assets/tpp/environ/object/middle_africa/tree/mafr_tree038/scenes/mafr_tree038.fmdl</containerEntry>
        </property>
        <property name="geomFile" type="FilePtr" container="StaticArray" arraySize="1">
          <containerEntry>/Assets/tpp/environ/object/middle_africa/tree/mafr_tree038/scenes/mafr_tree038.geom</containerEntry>
        </property>
        <property name="isVisibleGeom" type="Bool" container="StaticArray" arraySize="1">
          <containerEntry>false</containerEntry>
        </property>
        <property name="lodFarSize" type="Float" container="StaticArray" arraySize="1">
          <containerEntry>-1</containerEntry>
        </property>
        <property name="lodNearSize" type="Float" container="StaticArray" arraySize="1">
          <containerEntry>-1</containerEntry>
        </property>
        <property name="lodPolygonSize" type="Float" container="StaticArray" arraySize="1">
          <containerEntry>-1</containerEntry>
        </property>
        <property name="drawRejectionLevel" type="Int32" container="StaticArray" arraySize="1">
          <containerEntry>8</containerEntry>
        </property>
        <property name="drawMode" type="Int32" container="StaticArray" arraySize="1">
          <containerEntry>0</containerEntry>
        </property>
        <property name="rejectFarRangeShadowCast" type="Int32" container="StaticArray" arraySize="1">
          <containerEntry>2</containerEntry>
        </property>
        <property name="parentLocator" type="EntityLink" container="StaticArray" arraySize="1">
          <containerEntry packagePathHash="0xB8A0BF169F98" archivePathHash="0xB8A0BF169F98" nameInArchiveHash="0xB8A0BF169F98">0x0</containerEntry>
        </property>
        <property name="transforms" type="Matrix4" container="DynamicArray" arraySize="2">
          <containerEntry r11="1" r12="0" r13="0" r14="0" r21="0" r22="1" r23="0" r24="0" r31="0" r32="0" r33="1" r34="0" r41="547.4682" r42="14.863125" r43="1239.827" r44="1"></containerEntry>
          <containerEntry r11="1" r12="0" r13="0" r14="0" r21="0" r22="1" r23="0" r24="0" r31="0" r32="0" r33="1" r34="0" r41="544.71466" r42="11.82476" r43="1263.572" r44="1"></containerEntry>
        </property>
        <property name="colors" type="UInt32" container="DynamicArray" arraySize="2">
          <containerEntry>4294967295</containerEntry>
          <containerEntry>4294967295</containerEntry>
        </property>
      </staticProperties>
      <dynamicProperties></dynamicProperties>
    </entity>
    <entity class="StaticModelArray" classVersion="4" classID="0xD0" addr="0x2D79690" id="0x0">
      <staticProperties>
        <property name="name" type="String" container="StaticArray" arraySize="1">
          <containerEntry>StaticModelArray0002</containerEntry>
        </property>
        <property name="dataSet" type="EntityHandle" container="StaticArray" arraySize="1">
          <containerEntry>0x2EF4450</containerEntry>
        </property>
        <property name="modelFile" type="FilePtr" container="StaticArray" arraySize="1">
          <containerEntry>/Assets/tpp/environ/object/middle_africa/cliff/mafr_clff003/scenes/mafr_clff003.fmdl</containerEntry>
        </property>
        <property name="geomFile" type="FilePtr" container="StaticArray" arraySize="1">
          <containerEntry>/Assets/tpp/environ/object/middle_africa/cliff/mafr_clff003/scenes/mafr_clff003.geom</containerEntry>
        </property>
        <property name="isVisibleGeom" type="Bool" container="StaticArray" arraySize="1">
          <containerEntry>false</containerEntry>
        </property>
        <property name="lodFarSize" type="Float" container="StaticArray" arraySize="1">
          <containerEntry>-1</containerEntry>
        </property>
        <property name="lodNearSize" type="Float" container="StaticArray" arraySize="1">
          <containerEntry>-1</containerEntry>
        </property>
        <property name="lodPolygonSize" type="Float" container="StaticArray" arraySize="1">
          <containerEntry>-1</containerEntry>
        </property>
        <property name="drawRejectionLevel" type="Int32" container="StaticArray" arraySize="1">
          <containerEntry>8</containerEntry>
        </property>
        <property name="drawMode" type="Int32" container="StaticArray" arraySize="1">
          <containerEntry>0</containerEntry>
        </property>
        <property name="rejectFarRangeShadowCast" type="Int32" container="StaticArray" arraySize="1">
          <containerEntry>2</containerEntry>
        </property>
        <property name="parentLocator" type="EntityLink" container="StaticArray" arraySize="1">
          <containerEntry packagePathHash="0xB8A0BF169F98" archivePathHash="0xB8A0BF169F98" nameInArchiveHash="0xB8A0BF169F98">0x0</containerEntry>
        </property>
        <property name="transforms" type="Matrix4" container="DynamicArray" arraySize="3">
          <containerEntry r11="0.67561936" r12="0.12689365" r13="-0.7262479" r14="0" r21="-0.10069107" r22="0.9917277" r23="0.079607934" r24="0" r31="0.7303419" r32="0.01934209" r33="0.68280756" r34="0" r41="451.10355" r42="40.203682" r43="1161.6394" r44="1"></containerEntry>
          <containerEntry r11="-0.88434935" r12="-0.05255522" r13="-0.46385482" r14="0" r21="-0.100691974" r22="0.99172765" r23="0.07960796" r24="0" r31="0.45583382" r32="0.11710787" r33="-0.8823256" r34="0" r41="491.48172" r42="29.321339" r43="1169.0802" r44="1"></containerEntry>
          <containerEntry r11="0.40305156" r12="0.11381493" r13="-0.9080718" r14="0" r21="-0.100691415" r22="0.9917277" r23="0.07960777" r24="0" r31="0.9096206" r32="0.059349135" r33="0.41117758" r34="0" r41="504.98724" r42="31.685427" r43="1203.5773" r44="1"></containerEntry>
        </property>
        <property name="colors" type="UInt32" container="DynamicArray" arraySize="3">
          <containerEntry>4294967295</containerEntry>
          <containerEntry>4294967295</containerEntry>
          <containerEntry>4294967295</containerEntry>
        </property>
      </staticProperties>
      <dynamicProperties></dynamicProperties>
    </entity>
    <entity class="StaticModelArray" classVersion="4" classID="0xD0" addr="0x2D79700" id="0x0">
      <staticProperties>
        <property name="name" type="String" container="StaticArray" arraySize="1">
          <containerEntry>StaticModelArray0003</containerEntry>
        </property>
        <property name="dataSet" type="EntityHandle" container="StaticArray" arraySize="1">
          <containerEntry>0x2EF4450</containerEntry>
        </property>
        <property name="modelFile" type="FilePtr" container="StaticArray" arraySize="1">
          <containerEntry>/Assets/tpp/environ/object/middle_africa/tree/mafr_tree031/scenes/mafr_tree031_vrtn001.fmdl</containerEntry>
        </property>
        <property name="geomFile" type="FilePtr" container="StaticArray" arraySize="1">
          <containerEntry>/Assets/tpp/environ/object/middle_africa/tree/mafr_tree031/scenes/mafr_tree031_vrtn001.geom</containerEntry>
        </property>
        <property name="isVisibleGeom" type="Bool" container="StaticArray" arraySize="1">
          <containerEntry>false</containerEntry>
        </property>
        <property name="lodFarSize" type="Float" container="StaticArray" arraySize="1">
          <containerEntry>-1</containerEntry>
        </property>
        <property name="lodNearSize" type="Float" container="StaticArray" arraySize="1">
          <containerEntry>-1</containerEntry>
        </property>
        <property name="lodPolygonSize" type="Float" container="StaticArray" arraySize="1">
          <containerEntry>-1</containerEntry>
        </property>
        <property name="drawRejectionLevel" type="Int32" container="StaticArray" arraySize="1">
          <containerEntry>8</containerEntry>
        </property>
        <property name="drawMode" type="Int32" container="StaticArray" arraySize="1">
          <containerEntry>0</containerEntry>
        </property>
        <property name="rejectFarRangeShadowCast" type="Int32" container="StaticArray" arraySize="1">
          <containerEntry>2</containerEntry>
        </property>
        <property name="parentLocator" type="EntityLink" container="StaticArray" arraySize="1">
          <containerEntry packagePathHash="0xB8A0BF169F98" archivePathHash="0xB8A0BF169F98" nameInArchiveHash="0xB8A0BF169F98">0x0</containerEntry>
        </property>
        <property name="transforms" type="Matrix4" container="DynamicArray" arraySize="2">
          <containerEntry r11="0.83" r12="0" r13="0" r14="0" r21="0" r22="0.83" r23="0" r24="0" r31="0" r32="0" r33="0.83" r34="0" r41="494.45508" r42="16.824768" r43="1255.7919" r44="1"></containerEntry>
          <containerEntry r11="0.61005" r12="0" r13="0" r14="0" r21="0" r22="0.61005" r23="0" r24="0" r31="0" r32="0" r33="0.61005" r34="0" r41="520.4551" r42="16.824768" r43="1266.7919" r44="1"></containerEntry>
        </property>
        <property name="colors" type="UInt32" container="DynamicArray" arraySize="2">
          <containerEntry>4294967295</containerEntry>
          <containerEntry>4294967295</containerEntry>
        </property>
      </staticProperties>
      <dynamicProperties></dynamicProperties>
    </entity>
    <entity class="TexturePackLoadConditioner" classVersion="0" classID="0x48" addr="0x2D79C40" id="0x0">
      <staticProperties>
        <property name="name" type="String" container="StaticArray" arraySize="1">
          <containerEntry>TexturePackLoadConditioner0000</containerEntry>
        </property>
        <property name="dataSet" type="EntityHandle" container="StaticArray" arraySize="1">
          <containerEntry>0x2EF4450</containerEntry>
        </property>
        <property name="texturePackPath" type="Path" container="StaticArray" arraySize="1">
          <containerEntry hash="0xB8A0BF169F98"></containerEntry>
        </property>
      </staticProperties>
      <dynamicProperties></dynamicProperties>
    </entity>
  </entities>
</fox>