<fox formatVersion="2" fileVersion="0">
  <entities>
    <entity class="DataSet" classVersion="0" classID="0xE8" addr="0x2F852C0" id="0x216F15">
      <staticProperties>
        <property name="name" type="String" container="StaticArray" arraySize="1">
          <containerEntry hash="0xB8A0BF169F98"></containerEntry>
        </property>
        <property name="dataSet" type="EntityHandle" container="StaticArray" arraySize="1">
          <containerEntry>0x0</containerEntry>
        </property>
        <property name="dataList" type="EntityPtr" container="StringMap" arraySize="13">
          <containerEntry key="cm_mafr_dc_grnd004_">
            <data>0x2D7DDE0</data>
          </containerEntry>
          <containerEntry key="mafr_tnwl001_gim_i0000|TppSharedGimmick_mafr_tnwl001">
            <data>0x2F80940</data>
          </containerEntry>
          <containerEntry key="StaticModelArray0000">
            <data>0x2D7CF00</data>
          </containerEntry>
          <containerEntry key="StaticModelArray0001">
            <data>0x2D7C800</data>
          </containerEntry>
          <containerEntry key="StaticModelArray0002">
            <data>0x2D7CDB0</data>
          </containerEntry>
          <containerEntry key="StaticModelArray0003">
            <data>0x2D7CAA0</data>
          </containerEntry>
          <containerEntry key="StaticModelArray0004">
            <data>0x2D7C790</data>
          </containerEntry>
          <containerEntry key="StaticModelArray0005">
            <data>0x2D7C870</data>
          </containerEntry>
          <containerEntry key="StaticModelArray0006">
            <data>0x2D7C9C0</data>
          </containerEntry>
          <containerEntry key="StaticModelArray0007">
            <data>0x2D7CB80</data>
          </containerEntry>
          <containerEntry key="GeoxPathPack0000">
            <data>0x2D7D3D0</data>
          </containerEntry>
          <containerEntry key="DecalArray0000">
            <data>0x2D7DB40</data>
          </containerEntry>
          <containerEntry key="TexturePackLoadConditioner0000">
            <data>0x2F807F0</data>
          </containerEntry>
        </property>
      </staticProperties>
      <dynamicProperties></dynamicProperties>
    </entity>
    <entity class="Material" classVersion="6" classID="0xB0" addr="0x2D7DDE0" id="0x21720B">
      <staticProperties>
        <property name="name" type="String" container="StaticArray" arraySize="1">
          <containerEntry>cm_mafr_dc_grnd004_</containerEntry>
        </property>
        <property name="dataSet" type="EntityHandle" container="StaticArray" arraySize="1">
          <containerEntry>0x2F852C0</containerEntry>
        </property>
        <property name="materialName" type="String" container="StaticArray" arraySize="1">
          <containerEntry hash="0xB8A0BF169F98"></containerEntry>
        </property>
        <property name="shader" type="Path" container="StaticArray" arraySize="1">
          <containerEntry hash="0xB8A0BF169F98"></containerEntry>
        </property>
        <property name="diffuseTexture" type="Path" container="StaticArray" arraySize="1">
          <containerEntry>/Assets/tpp/common_source/fmtr/decal/middle_africa/cm_mafr_dc_grnd004/sourceimages/cm_mafr_dc_grnd004_bsm_alp.ftex</containerEntry>
        </property>
        <property name="srmTexture" type="Path" container="StaticArray" arraySize="1">
          <containerEntry>/Assets/tpp/common_source/fmtr/decal/middle_africa/cm_mafr_dc_grnd004/sourceimages/cm_mafr_dc_grnd004_srm.ftex</containerEntry>
        </property>
        <property name="normalTexture" type="Path" container="StaticArray" arraySize="1">
          <containerEntry>/Assets/tpp/common_source/fmtr/decal/middle_africa/cm_mafr_dc_grnd004/sourceimages/cm_mafr_dc_grnd004_nrm.ftex</containerEntry>
        </property>
        <property name="materialMapTexture" type="Path" container="StaticArray" arraySize="1">
          <containerEntry hash="0xB8A0BF169F98"></containerEntry>
        </property>
        <property name="materialIndex" type="UInt8" container="StaticArray" arraySize="1">
          <containerEntry>21</containerEntry>
        </property>
        <property name="diffuseColor" type="Color" container="StaticArray" arraySize="1">
          <containerEntry r="1" g="1" b="1" a="1"></containerEntry>
        </property>
        <property name="specularColor" type="Color" container="StaticArray" arraySize="1">
          <containerEntry r="0" g="0" b="0" a="0"></containerEntry>
        </property>
        <property name="fmtrPath" type="Path" container="StaticArray" arraySize="1">
          <containerEntry hash="0xB8A0BF169F98"></containerEntry>
        </property>
        <property name="residentFlag" type="Bool" container="StaticArray" arraySize="1">
          <containerEntry>false</containerEntry>
        </property>
      </staticProperties>
      <dynamicProperties></dynamicProperties>
    </entity>
    <entity class="TppSharedGimmickData" classVersion="1" classID="0xF0" addr="0x2F80940" id="0x5DA22">
      <staticProperties>
        <property name="name" type="String" container="StaticArray" arraySize="1">
          <containerEntry>mafr_tnwl001_gim_i0000|TppSharedGimmick_mafr_tnwl001</containerEntry>
        </property>
        <property name="dataSet" type="EntityHandle" container="StaticArray" arraySize="1">
          <containerEntry>0x2F852C0</containerEntry>
        </property>
        <property name="modelFile" type="FilePtr" container="StaticArray" arraySize="1">
          <containerEntry>/Assets/tpp/environ/object/middle_africa/tin_wall/mafr_tnwl001/scenes/mafr_tnwl001.fmdl</containerEntry>
        </property>
        <property name="geomFile" type="FilePtr" container="StaticArray" arraySize="1">
          <containerEntry>/Assets/tpp/environ/object/middle_africa/tin_wall/mafr_tnwl001/scenes/mafr_tnwl001.geom</containerEntry>
        </property>
        <property name="breakedModelFile" type="FilePtr" container="StaticArray" arraySize="1">
          <containerEntry hash="0xB8A0BF169F98"></containerEntry>
        </property>
        <property name="breakedGeomFile" type="FilePtr" container="StaticArray" arraySize="1">
          <containerEntry hash="0xB8A0BF169F98"></containerEntry>
        </property>
        <property name="partsFile" type="FilePtr" container="StaticArray" arraySize="1">
          <containerEntry>/Assets/tpp/parts/environ/object/middle_africa/tin_wall/mafr_tnwl001/mafr_tnwl001.parts</containerEntry>
        </property>
        <property name="numDynamicGimmick" type="UInt32" container="StaticArray" arraySize="1">
          <containerEntry>3</containerEntry>
        </property>
        <property name="locaterFile" type="FilePtr" container="StaticArray" arraySize="1">
          <containerEntry>/Assets/tpp/level/location/mafr/block_small/143/143_117/lba/mafr_tnwl001.lba</containerEntry>
        </property>
        <property name="flags1" type="UInt32" container="StaticArray" arraySize="1">
          <containerEntry>16777486</containerEntry>
        </property>
        <property name="flags2" type="UInt32" container="StaticArray" arraySize="1">
          <containerEntry>0</containerEntry>
        </property>
      </staticProperties>
      <dynamicProperties></dynamicProperties>
    </entity>
    <entity class="StaticModelArray" classVersion="4" classID="0xD0" addr="0x2D7CF00" id="0x0">
      <staticProperties>
        <property name="name" type="String" container="StaticArray" arraySize="1">
          <containerEntry>StaticModelArray0000</containerEntry>
        </property>
        <property name="dataSet" type="EntityHandle" container="StaticArray" arraySize="1">
          <containerEntry>0x2F852C0</containerEntry>
        </property>
        <property name="modelFile" type="FilePtr" container="StaticArray" arraySize="1">
          <containerEntry hash="0xB8A0BF169F98"></containerEntry>
        </property>
        <property name="geomFile" type="FilePtr" container="StaticArray" arraySize="1">
          <containerEntry>/Assets/tpp/environ/object/middle_africa/tin_wall/mafr_tnwl001/scenes/mafr_tnwl001_pc.geom</containerEntry>
        </property>
        <property name="isVisibleGeom" type="Bool" container="StaticArray" arraySize="1">
          <containerEntry>false</containerEntry>
        </property>
        <property name="lodFarSize" type="Float" container="StaticArray" arraySize="1">
          <containerEntry>-1</containerEntry>
        </property>
        <property name="lodNearSize" type="Float" container="StaticArray" arraySize="1">
          <containerEntry>-1</containerEntry>
        </property>
        <property name="lodPolygonSize" type="Float" container="StaticArray" arraySize="1">
          <containerEntry>-1</containerEntry>
        </property>
        <property name="drawRejectionLevel" type="Int32" container="StaticArray" arraySize="1">
          <containerEntry>8</containerEntry>
        </property>
        <property name="drawMode" type="Int32" container="StaticArray" arraySize="1">
          <containerEntry>0</containerEntry>
        </property>
        <property name="rejectFarRangeShadowCast" type="Int32" container="StaticArray" arraySize="1">
          <containerEntry>2</containerEntry>
        </property>
        <property name="parentLocator" type="EntityLink" container="StaticArray" arraySize="1">
          <containerEntry packagePathHash="0xB8A0BF169F98" archivePathHash="0xB8A0BF169F98" nameInArchiveHash="0xB8A0BF169F98">0x0</containerEntry>
        </property>
        <property name="transforms" type="Matrix4" container="DynamicArray" arraySize="3">
          <containerEntry r11="0.60841525" r12="0" r13="-0.7936173" r14="0" r21="0" r22="1" r23="0" r24="0" r31="0.7936173" r32="0" r33="0.60841525" r34="0" r41="1327.7188" r42="151.9934" r43="-1920.1919" r44="1"></containerEntry>
          <containerEntry r11="0.6896736" r12="0" r13="-0.72412175" r14="0" r21="0" r22="1" r23="0" r24="0" r31="0.72412175" r32="0" r33="0.6896736" r34="0" r41="1320.6362" r42="152.11923" r43="-1909.3903" r44="1"></containerEntry>
          <containerEntry r11="0.999999" r12="0" r13="0" r14="0" r21="0" r22="1" r23="0" r24="0" r31="0" r32="0" r33="0.999999" r34="0" r41="1330.4578" r42="151.9934" r43="-1921.4475" r44="1"></containerEntry>
        </property>
        <property name="colors" type="UInt32" container="DynamicArray" arraySize="3">
          <containerEntry>4294967295</containerEntry>
          <containerEntry>4294967295</containerEntry>
          <containerEntry>4294967295</containerEntry>
        </property>
      </staticProperties>
      <dynamicProperties></dynamicProperties>
    </entity>
    <entity class="StaticModelArray" classVersion="4" classID="0xD0" addr="0x2D7C800" id="0x0">
      <staticProperties>
        <property name="name" type="String" container="StaticArray" arraySize="1">
          <containerEntry>StaticModelArray0001</containerEntry>
        </property>
        <property name="dataSet" type="EntityHandle" container="StaticArray" arraySize="1">
          <containerEntry>0x2F852C0</containerEntry>
        </property>
        <property name="modelFile" type="FilePtr" container="StaticArray" arraySize="1">
          <containerEntry>/Assets/tpp/environ/object/middle_africa/tree/mafr_tree032/scenes/mafr_tree032.fmdl</containerEntry>
        </property>
        <property name="geomFile" type="FilePtr" container="StaticArray" arraySize="1">
          <containerEntry>/Assets/tpp/environ/object/middle_africa/tree/mafr_tree032/scenes/mafr_tree032.geom</containerEntry>
        </property>
        <property name="isVisibleGeom" type="Bool" container="StaticArray" arraySize="1">
          <containerEntry>false</containerEntry>
        </property>
        <property name="lodFarSize" type="Float" container="StaticArray" arraySize="1">
          <containerEntry>-1</containerEntry>
        </property>
        <property name="lodNearSize" type="Float" container="StaticArray" arraySize="1">
          <containerEntry>-1</containerEntry>
        </property>
        <property name="lodPolygonSize" type="Float" container="StaticArray" arraySize="1">
          <containerEntry>-1</containerEntry>
        </property>
        <property name="drawRejectionLevel" type="Int32" container="StaticArray" arraySize="1">
          <containerEntry>8</containerEntry>
        </property>
        <property name="drawMode" type="Int32" container="StaticArray" arraySize="1">
          <containerEntry>0</containerEntry>
        </property>
        <property name="rejectFarRangeShadowCast" type="Int32" container="StaticArray" arraySize="1">
          <containerEntry>2</containerEntry>
        </property>
        <property name="parentLocator" type="EntityLink" container="StaticArray" arraySize="1">
          <containerEntry packagePathHash="0xB8A0BF169F98" archivePathHash="0xB8A0BF169F98" nameInArchiveHash="0xB8A0BF169F98">0x0</containerEntry>
        </property>
        <property name="transforms" type="Matrix4" container="DynamicArray" arraySize="22">
          <containerEntry r11="-0.6999091" r12="-0.05940504" r13="0.7117583" r14="0" r21="-0.062219393" r22="0.9978178" r23="0.022096751" r24="0" r31="-0.7115179" r32="-0.028819451" r33="-0.7020779" r34="0" r41="1375.7914" r42="159.61949" r43="-2019.0557" r44="1"></containerEntry>
          <containerEntry r11="0.7983028" r12="0.00033888593" r13="-0.60225624" r14="0" r21="-0.030575236" r22="0.99873316" r23="-0.039966118" r24="0" r31="0.6014797" r32="0.05031919" r33="0.7973018" r34="0" r41="1410.5848" r42="166.07405" r43="-2048.9172" r44="1"></containerEntry>
          <containerEntry r11="-0.97998965" r12="-0.076515414" r13="0.18374774" r14="0" r21="-0.08683092" r22="0.9950294" r23="-0.048753932" r24="0" r31="-0.17910397" r32="-0.06373341" r33="-0.98176235" r34="0" r41="1377.4908" r42="159.43692" r43="-2031.238" r44="1"></containerEntry>
          <containerEntry r11="0.7993698" r12="0.031475328" r13="-0.6000141" r14="0" r21="-0.14603794" r22="0.9788583" r23="-0.14321057" r24="0" r31="0.58282113" r32="0.20210306" r33="0.7870664" r34="0" r41="1377.6805" r42="164.2691" r43="-2028.1416" r44="1"></containerEntry>
          <containerEntry r11="-0.7187262" r12="0.03612802" r13="-0.69435316" r14="0" r21="0.004409207" r22="0.9988659" r23="0.047408182" r24="0" r31="0.69527847" r32="0.03101198" r33="-0.7180704" r34="0" r41="1332.278" r42="162.14137" r43="-2003.3237" r44="1"></containerEntry>
          <containerEntry r11="0.501544" r12="-0.04632183" r13="0.8638904" r14="0" r21="-0.03413166" r22="0.99672866" r23="0.07326013" r24="0" r31="-0.86445785" r32="-0.06622918" r33="0.49832222" r34="0" r41="1304.1774" r42="156.25284" r43="-1993.0098" r44="1"></containerEntry>
          <containerEntry r11="0.9776715" r12="0" r13="-0.210139" r14="0" r21="0" r22="0.852894" r23="0" r24="0" r31="0.210139" r32="0" r33="0.9776715" r34="0" r41="1347.9321" r42="160.34491" r43="-2022.5405" r44="1"></containerEntry>
          <containerEntry r11="0.97965735" r12="0.04787036" r13="-0.19488426" r14="0" r21="-0.034130886" r22="0.9967287" r23="0.07325974" r24="0" r31="0.19775371" r32="-0.065117866" r33="0.9780865" r34="0" r41="1286.0865" r42="157.32108" r43="-2005.9475" r44="1"></containerEntry>
          <containerEntry r11="-0.985688" r12="-0.003647754" r13="0.16852458" r14="0" r21="0.004408798" r22="0.9988659" r23="0.04740743" r24="0" r31="-0.1685064" r32="0.047472056" r33="-0.984554" r34="0" r41="1319.3104" r42="159.25926" r43="-2017.5818" r44="1"></containerEntry>
          <containerEntry r11="0.501544" r12="-0.04632183" r13="0.8638904" r14="0" r21="-0.03413166" r22="0.99672866" r23="0.07326013" r24="0" r31="-0.86445785" r32="-0.06622918" r33="0.49832222" r34="0" r41="1303.1626" r42="158.47809" r43="-2015.9155" r44="1"></containerEntry>
          <containerEntry r11="0.9983925" r12="-0.04039656" r13="0.039754327" r14="0" r21="0.03921889" r22="0.998781" r23="0.029970795" r24="0" r31="-0.04091659" r32="-0.028363496" r33="0.99875987" r34="0" r41="1300.9761" r42="159.24709" r43="-2018.214" r44="1"></containerEntry>
          <containerEntry r11="-0.7896817" r12="0.03256192" r13="-0.6126459" r14="0" r21="0.0044078156" r22="0.9988659" r23="0.047407717" r24="0" r31="0.6134948" r32="0.034736745" r33="-0.78892964" r34="0" r41="1322.7653" r42="162.4162" r43="-1998.5602" r44="1"></containerEntry>
          <containerEntry r11="-0.33228678" r12="0.01917499" r13="-0.37311873" r14="0" r21="0.002203744" r22="0.49943295" r23="0.023703832" r24="0" r31="0.37360463" r32="0.014108434" r33="-0.33199444" r34="0" r41="1329.2007" r42="161.02893" r43="-1986.698" r44="1"></containerEntry>
          <containerEntry r11="0.50321716" r12="0.013275162" r13="-0.32649097" r14="0" r21="0.0026445475" r22="0.5993196" r23="0.028444443" r24="0" r31="0.32675004" r32="-0.025295258" r33="0.502588" r34="0" r41="1323.0056" r42="161.75395" r43="-1987.4297" r44="1"></containerEntry>
          <containerEntry r11="-0.87804866" r12="0.026553473" r13="-0.47782984" r14="0" r21="0.0044085123" r22="0.99886596" r23="0.04740691" r24="0" r31="0.47854677" r32="0.039519154" r33="-0.87716997" r34="0" r41="1351.772" r42="161.1053" r43="-2007.8245" r44="1"></containerEntry>
          <containerEntry r11="0.4589488" r12="0" r13="-0.38647902" r14="0" r21="0" r22="0.491214" r23="0" r24="0" r31="0.38647902" r32="0" r33="0.4589488" r34="0" r41="1364.0604" r42="159.5482" r43="-1998.8865" r44="1"></containerEntry>
          <containerEntry r11="0.33670208" r12="0" r13="0.21594381" r14="0" r21="0" r22="0.4" r23="0" r24="0" r31="-0.21594381" r32="0" r33="0.33670208" r34="0" r41="1368.035" r42="163.11063" r43="-2005.1172" r44="1"></containerEntry>
          <containerEntry r11="-0.43902433" r12="0.013276736" r13="-0.23891492" r14="0" r21="0.0022042561" r22="0.49943298" r23="0.023703456" r24="0" r31="0.23927338" r32="0.019759577" r33="-0.43858498" r34="0" r41="1384.575" r42="162.94443" r43="-2013.6998" r44="1"></containerEntry>
          <containerEntry r11="0.37163034" r12="0.020694459" r13="-0.4705979" r14="0" r21="0.0026458462" r22="0.5993196" r23="0.028444363" r24="0" r31="0.4710453" r32="-0.019693187" r33="0.3711176" r34="0" r41="1376.8706" r42="163.5491" r43="-2006.7499" r44="1"></containerEntry>
          <containerEntry r11="-0.38801545" r12="0.011295464" r13="0.92158407" r14="0" r21="-0.0868309" r22="0.9950294" r23="-0.04875412" r24="0" r31="-0.91755396" r32="-0.09893928" r33="-0.38510597" r34="0" r41="1394.1571" r42="164.31082" r43="-2052.14" r44="1"></containerEntry>
          <containerEntry r11="-0.9621237" r12="-0.008685575" r13="0.27246353" r14="0" r21="0.0044079106" r22="0.99886596" r23="0.047406983" r24="0" r31="-0.2725663" r32="0.046812523" r33="-0.9609943" r34="0" r41="1374.4901" r42="160.41095" r43="-2045.9213" r44="1"></containerEntry>
          <containerEntry r11="-0.8608181" r12="-0.020334851" r13="0.50850314" r14="0" r21="0.003255653" r22="0.7376395" r23="0.03500923" r24="0" r31="-0.50889045" r32="0.043050963" r33="-0.8597522" r34="0" r41="1393.8582" r42="163.93927" r43="-2034.3556" r44="1"></containerEntry>
        </property>
        <property name="colors" type="UInt32" container="DynamicArray" arraySize="22">
          <containerEntry>4294967295</containerEntry>
          <containerEntry>4294967295</containerEntry>
          <containerEntry>4294967295</containerEntry>
          <containerEntry>4294967295</containerEntry>
          <containerEntry>4294967295</containerEntry>
          <containerEntry>4294967295</containerEntry>
          <containerEntry>4294967295</containerEntry>
          <containerEntry>4294967295</containerEntry>
          <containerEntry>4294967295</containerEntry>
          <containerEntry>4294967295</containerEntry>
          <containerEntry>4294967295</containerEntry>
          <containerEntry>4294967295</containerEntry>
          <containerEntry>4294967295</containerEntry>
          <containerEntry>4294967295</containerEntry>
          <containerEntry>4294967295</containerEntry>
          <containerEntry>4294967295</containerEntry>
          <containerEntry>4294967295</containerEntry>
          <containerEntry>4294967295</containerEntry>
          <containerEntry>4294967295</containerEntry>
          <containerEntry>4294967295</containerEntry>
          <containerEntry>4294967295</containerEntry>
          <containerEntry>4294967295</containerEntry>
        </property>
      </staticProperties>
      <dynamicProperties></dynamicProperties>
    </entity>
    <entity class="StaticModelArray" classVersion="4" classID="0xD0" addr="0x2D7CDB0" id="0x0">
      <staticProperties>
        <property name="name" type="String" container="StaticArray" arraySize="1">
          <containerEntry>StaticModelArray0002</containerEntry>
        </property>
        <property name="dataSet" type="EntityHandle" container="StaticArray" arraySize="1">
          <containerEntry>0x2F852C0</containerEntry>
        </property>
        <property name="modelFile" type="FilePtr" container="StaticArray" arraySize="1">
          <containerEntry>/Assets/tpp/environ/object/middle_africa/tree/mafr_tree031/scenes/mafr_tree031_vrtn008.fmdl</containerEntry>
        </property>
        <property name="geomFile" type="FilePtr" container="StaticArray" arraySize="1">
          <containerEntry>/Assets/tpp/environ/object/middle_africa/tree/mafr_tree031/scenes/mafr_tree031_vrtn008.geom</containerEntry>
        </property>
        <property name="isVisibleGeom" type="Bool" container="StaticArray" arraySize="1">
          <containerEntry>false</containerEntry>
        </property>
        <property name="lodFarSize" type="Float" container="StaticArray" arraySize="1">
          <containerEntry>-1</containerEntry>
        </property>
        <property name="lodNearSize" type="Float" container="StaticArray" arraySize="1">
          <containerEntry>-1</containerEntry>
        </property>
        <property name="lodPolygonSize" type="Float" container="StaticArray" arraySize="1">
          <containerEntry>-1</containerEntry>
        </property>
        <property name="drawRejectionLevel" type="Int32" container="StaticArray" arraySize="1">
          <containerEntry>8</containerEntry>
        </property>
        <property name="drawMode" type="Int32" container="StaticArray" arraySize="1">
          <containerEntry>0</containerEntry>
        </property>
        <property name="rejectFarRangeShadowCast" type="Int32" container="StaticArray" arraySize="1">
          <containerEntry>2</containerEntry>
        </property>
        <property name="parentLocator" type="EntityLink" container="StaticArray" arraySize="1">
          <containerEntry packagePathHash="0xB8A0BF169F98" archivePathHash="0xB8A0BF169F98" nameInArchiveHash="0xB8A0BF169F98">0x0</containerEntry>
        </property>
        <property name="transforms" type="Matrix4" container="DynamicArray" arraySize="4">
          <containerEntry r11="-1.3292627" r12="0" r13="-0.695022" r14="0" r21="0" r22="1.5" r23="0" r24="0" r31="0.695022" r32="0" r33="-1.3292627" r34="0" r41="1291.9784" r42="158.38779" r43="-2028.6519" r44="1"></containerEntry>
          <containerEntry r11="0.9797504" r12="0.11672938" r13="0.16267553" r14="0" r21="-0.115153" r22="0.99316376" r23="-0.01911899" r24="0" r31="-0.1637952" r32="-7.431954e-07" r33="0.98649436" r34="0" r41="1316.4985" r42="159.4025" r43="-2025.073" r44="1"></containerEntry>
          <containerEntry r11="-0.9676043" r12="0" r13="0.2524681" r14="0" r21="0" r22="1" r23="0" r24="0" r31="-0.2524681" r32="0" r33="-0.9676043" r34="0" r41="1277.1102" r42="158.69194" r43="-2005.0494" r44="1"></containerEntry>
          <containerEntry r11="-0.88906395" r12="0.097551644" r13="-0.44726235" r14="0" r21="0.08949083" r22="0.99521685" r23="0.03917545" r24="0" r31="0.4489447" r32="-0.0051963516" r33="-0.89354146" r34="0" r41="1335.3787" r42="159.5699" r43="-2012.248" r44="1"></containerEntry>
        </property>
        <property name="colors" type="UInt32" container="DynamicArray" arraySize="4">
          <containerEntry>4294967295</containerEntry>
          <containerEntry>4294967295</containerEntry>
          <containerEntry>4294967295</containerEntry>
          <containerEntry>4294967295</containerEntry>
        </property>
      </staticProperties>
      <dynamicProperties></dynamicProperties>
    </entity>
    <entity class="StaticModelArray" classVersion="4" classID="0xD0" addr="0x2D7CAA0" id="0x0">
      <staticProperties>
        <property name="name" type="String" container="StaticArray" arraySize="1">
          <containerEntry>StaticModelArray0003</containerEntry>
        </property>
        <property name="dataSet" type="EntityHandle" container="StaticArray" arraySize="1">
          <containerEntry>0x2F852C0</containerEntry>
        </property>
        <property name="modelFile" type="FilePtr" container="StaticArray" arraySize="1">
          <containerEntry>/Assets/tpp/environ/object/middle_africa/tree/mafr_tree031/scenes/mafr_tree031_vrtn001.fmdl</containerEntry>
        </property>
        <property name="geomFile" type="FilePtr" container="StaticArray" arraySize="1">
          <containerEntry>/Assets/tpp/environ/object/middle_africa/tree/mafr_tree031/scenes/mafr_tree031_vrtn001.geom</containerEntry>
        </property>
        <property name="isVisibleGeom" type="Bool" container="StaticArray" arraySize="1">
          <containerEntry>false</containerEntry>
        </property>
        <property name="lodFarSize" type="Float" container="StaticArray" arraySize="1">
          <containerEntry>-1</containerEntry>
        </property>
        <property name="lodNearSize" type="Float" container="StaticArray" arraySize="1">
          <containerEntry>-1</containerEntry>
        </property>
        <property name="lodPolygonSize" type="Float" container="StaticArray" arraySize="1">
          <containerEntry>-1</containerEntry>
        </property>
        <property name="drawRejectionLevel" type="Int32" container="StaticArray" arraySize="1">
          <containerEntry>8</containerEntry>
        </property>
        <property name="drawMode" type="Int32" container="StaticArray" arraySize="1">
          <containerEntry>0</containerEntry>
        </property>
        <property name="rejectFarRangeShadowCast" type="Int32" container="StaticArray" arraySize="1">
          <containerEntry>2</containerEntry>
        </property>
        <property name="parentLocator" type="EntityLink" container="StaticArray" arraySize="1">
          <containerEntry packagePathHash="0xB8A0BF169F98" archivePathHash="0xB8A0BF169F98" nameInArchiveHash="0xB8A0BF169F98">0x0</containerEntry>
        </property>
        <property name="transforms" type="Matrix4" container="DynamicArray" arraySize="3">
          <containerEntry r11="0.016290953" r12="0.014198869" r13="-0.6996662" r14="0" r21="-0.023693327" r22="0.6994659" r23="0.0136431325" r24="0" r31="0.699409" r32="0.023364525" r33="0.016759103" r34="0" r41="1317.4562" r42="159.9899" r43="-2038.9567" r44="1"></containerEntry>
          <containerEntry r11="-0.7727331" r12="1.4137477e-07" r13="-0.20708084" r14="0" r21="-0.004178264" r22="0.7998372" r23="0.015591966" r24="0" r31="0.20703869" r32="0.016142096" r33="-0.7725758" r34="0" r41="1348.452" r42="159.37733" r43="-2070.0483" r44="1"></containerEntry>
          <containerEntry r11="-0.48213845" r12="-0.0064337375" r13="-0.5074453" r14="0" r21="-0.0236935" r22="0.6994659" r23="0.013643585" r24="0" r31="0.5069327" r32="0.026573226" r33="-0.48198834" r34="0" r41="1287.3329" r42="156.74786" r43="-2045.8455" r44="1"></containerEntry>
        </property>
        <property name="colors" type="UInt32" container="DynamicArray" arraySize="3">
          <containerEntry>4294967295</containerEntry>
          <containerEntry>4294967295</containerEntry>
          <containerEntry>4294967295</containerEntry>
        </property>
      </staticProperties>
      <dynamicProperties></dynamicProperties>
    </entity>
    <entity class="StaticModelArray" classVersion="4" classID="0xD0" addr="0x2D7C790" id="0x0">
      <staticProperties>
        <property name="name" type="String" container="StaticArray" arraySize="1">
          <containerEntry>StaticModelArray0004</containerEntry>
        </property>
        <property name="dataSet" type="EntityHandle" container="StaticArray" arraySize="1">
          <containerEntry>0x2F852C0</containerEntry>
        </property>
        <property name="modelFile" type="FilePtr" container="StaticArray" arraySize="1">
          <containerEntry>/Assets/tpp/environ/object/middle_africa/rock/mafr_rock002/scenes/mafr_rock002.fmdl</containerEntry>
        </property>
        <property name="geomFile" type="FilePtr" container="StaticArray" arraySize="1">
          <containerEntry>/Assets/tpp/environ/object/middle_africa/rock/mafr_rock002/scenes/mafr_rock002.geom</containerEntry>
        </property>
        <property name="isVisibleGeom" type="Bool" container="StaticArray" arraySize="1">
          <containerEntry>false</containerEntry>
        </property>
        <property name="lodFarSize" type="Float" container="StaticArray" arraySize="1">
          <containerEntry>-1</containerEntry>
        </property>
        <property name="lodNearSize" type="Float" container="StaticArray" arraySize="1">
          <containerEntry>-1</containerEntry>
        </property>
        <property name="lodPolygonSize" type="Float" container="StaticArray" arraySize="1">
          <containerEntry>-1</containerEntry>
        </property>
        <property name="drawRejectionLevel" type="Int32" container="StaticArray" arraySize="1">
          <containerEntry>8</containerEntry>
        </property>
        <property name="drawMode" type="Int32" container="StaticArray" arraySize="1">
          <containerEntry>0</containerEntry>
        </property>
        <property name="rejectFarRangeShadowCast" type="Int32" container="StaticArray" arraySize="1">
          <containerEntry>2</containerEntry>
        </property>
        <property name="parentLocator" type="EntityLink" container="StaticArray" arraySize="1">
          <containerEntry packagePathHash="0xB8A0BF169F98" archivePathHash="0xB8A0BF169F98" nameInArchiveHash="0xB8A0BF169F98">0x0</containerEntry>
        </property>
        <property name="transforms" type="Matrix4" container="DynamicArray" arraySize="10">
          <containerEntry r11="0.33120772" r12="-0.2812411" r13="-0.9006688" r14="0" r21="-0.013023078" r22="0.9530923" r23="-0.3023996" r24="0" r31="0.9434677" r32="0.111886464" r33="0.31200892" r34="0" r41="1307.2415" r42="149.8765" r43="-1929.9678" r44="1"></containerEntry>
          <containerEntry r11="-2.7519267" r12="0.051008403" r13="-1.1934226" r14="0" r21="-0.017348677" r22="2.9952404" r23="0.16802481" r24="0" r31="1.1943861" r32="0.16103247" r33="-2.7472658" r34="0" r41="1289.3177" r42="159.75995" r43="-2013.5383" r44="1"></containerEntry>
          <containerEntry r11="4.4877267" r12="0.505522" r13="2.145867" r14="0" r21="-0.7191278" r22="4.936247" r23="0.3410581" r24="0" r31="-2.0840235" r32="-0.61474615" r33="4.5032125" r34="0" r41="1346.1163" r42="161.006" r43="-2026.1776" r44="1"></containerEntry>
          <containerEntry r11="1.9200895" r12="0.0918168" r13="-0.55210996" r14="0" r21="-0.035128817" r22="1.9887847" r23="0.20856923" r24="0" r31="0.558589" r32="-0.19053829" r33="1.910935" r34="0" r41="1317.3728" r42="162.29742" r43="-2002.6923" r44="1"></containerEntry>
          <containerEntry r11="0.98507017" r12="-0.05600503" r13="-0.16278854" r14="0" r21="0.074111104" r22="0.99145335" r23="0.10736762" r24="0" r31="0.1553841" r32="-0.1178291" r33="0.9808017" r34="0" r41="1309.1448" r42="151.14738" r43="-1977.3143" r44="1"></containerEntry>
          <containerEntry r11="-0.9534786" r12="0.06903344" r13="-0.29343155" r14="0" r21="0.07194797" r22="0.99740803" r23="0.00086310133" r24="0" r31="0.29273054" r32="-0.02028891" r33="-0.955974" r34="0" r41="1351.3569" r42="154.45326" r43="-1983.0999" r44="1"></containerEntry>
          <containerEntry r11="0.6824262" r12="-0.0069768727" r13="-0.7309204" r14="0" r21="-0.20105487" r22="0.95959216" r23="-0.19687466" r24="0" r31="0.70275897" r32="0.2813077" r33="0.6534482" r34="0" r41="1392.8381" r42="152.77136" r43="-2009.2225" r44="1"></containerEntry>
          <containerEntry r11="1.3914223" r12="0.1350332" r13="-0.07556481" r14="0" r21="-0.06866719" r22="1.1515015" r23="0.79330134" r24="0" r31="0.13866803" r32="-0.78473455" r33="1.1510695" r34="0" r41="1349.0159" r42="159.39569" r43="-1991.5472" r44="1"></containerEntry>
          <containerEntry r11="1.3914224" r12="0.14842756" r13="-0.043737844" r14="0" r21="-0.068665996" r22="0.9469002" r23="1.0289129" r24="0" r31="0.13866769" r32="-1.0204636" r33="0.94837874" r34="0" r41="1302.2058" r42="156.5074" r43="-1987.8771" r44="1"></containerEntry>
          <containerEntry r11="1.3765539" r12="0.26694915" r13="-0.9611631" r14="0" r21="-0.24450344" r22="1.6783241" r23="0.11595837" r24="0" r31="0.96711653" r32="0.044344407" r33="1.3973963" r34="0" r41="1396.4404" r42="164.18285" r43="-2044.5829" r44="1"></containerEntry>
        </property>
        <property name="colors" type="UInt32" container="DynamicArray" arraySize="10">
          <containerEntry>4294967295</containerEntry>
          <containerEntry>4294967295</containerEntry>
          <containerEntry>4294967295</containerEntry>
          <containerEntry>4294967295</containerEntry>
          <containerEntry>4294967295</containerEntry>
          <containerEntry>4294967295</containerEntry>
          <containerEntry>4294967295</containerEntry>
          <containerEntry>4294967295</containerEntry>
          <containerEntry>4294967295</containerEntry>
          <containerEntry>4294967295</containerEntry>
        </property>
      </staticProperties>
      <dynamicProperties></dynamicProperties>
    </entity>
    <entity class="StaticModelArray" classVersion="4" classID="0xD0" addr="0x2D7C870" id="0x0">
      <staticProperties>
        <property name="name" type="String" container="StaticArray" arraySize="1">
          <containerEntry>StaticModelArray0005</containerEntry>
        </property>
        <property name="dataSet" type="EntityHandle" container="StaticArray" arraySize="1">
          <containerEntry>0x2F852C0</containerEntry>
        </property>
        <property name="modelFile" type="FilePtr" container="StaticArray" arraySize="1">
          <containerEntry>/Assets/tpp/environ/object/middle_africa/tree/mafr_tree031/scenes/mafr_tree031_vrtn007.fmdl</containerEntry>
        </property>
        <property name="geomFile" type="FilePtr" container="StaticArray" arraySize="1">
          <containerEntry>/Assets/tpp/environ/object/middle_africa/tree/mafr_tree031/scenes/mafr_tree031_vrtn007.geom</containerEntry>
        </property>
        <property name="isVisibleGeom" type="Bool" container="StaticArray" arraySize="1">
          <containerEntry>false</containerEntry>
        </property>
        <property name="lodFarSize" type="Float" container="StaticArray" arraySize="1">
          <containerEntry>-1</containerEntry>
        </property>
        <property name="lodNearSize" type="Float" container="StaticArray" arraySize="1">
          <containerEntry>-1</containerEntry>
        </property>
        <property name="lodPolygonSize" type="Float" container="StaticArray" arraySize="1">
          <containerEntry>-1</containerEntry>
        </property>
        <property name="drawRejectionLevel" type="Int32" container="StaticArray" arraySize="1">
          <containerEntry>8</containerEntry>
        </property>
        <property name="drawMode" type="Int32" container="StaticArray" arraySize="1">
          <containerEntry>0</containerEntry>
        </property>
        <property name="rejectFarRangeShadowCast" type="Int32" container="StaticArray" arraySize="1">
          <containerEntry>2</containerEntry>
        </property>
        <property name="parentLocator" type="EntityLink" container="StaticArray" arraySize="1">
          <containerEntry packagePathHash="0xB8A0BF169F98" archivePathHash="0xB8A0BF169F98" nameInArchiveHash="0xB8A0BF169F98">0x0</containerEntry>
        </property>
        <property name="transforms" type="Matrix4" container="DynamicArray" arraySize="2">
          <containerEntry r11="0.7616132" r12="0" r13="-0.64803195" r14="0" r21="0" r22="1" r23="0" r24="0" r31="0.64803195" r32="0" r33="0.7616132" r34="0" r41="1366.4865" r42="160.90706" r43="-2062.0288" r44="1"></containerEntry>
          <containerEntry r11="0.880678" r12="0" r13="-0.47371548" r14="0" r21="0" r22="1" r23="0" r24="0" r31="0.47371548" r32="0" r33="0.880678" r34="0" r41="1320.002" r42="159.59392" r43="-2026.1099" r44="1"></containerEntry>
        </property>
        <property name="colors" type="UInt32" container="DynamicArray" arraySize="2">
          <containerEntry>4294967295</containerEntry>
          <containerEntry>4294967295</containerEntry>
        </property>
      </staticProperties>
      <dynamicProperties></dynamicProperties>
    </entity>
    <entity class="StaticModelArray" classVersion="4" classID="0xD0" addr="0x2D7C9C0" id="0x0">
      <staticProperties>
        <property name="name" type="String" container="StaticArray" arraySize="1">
          <containerEntry>StaticModelArray0006</containerEntry>
        </property>
        <property name="dataSet" type="EntityHandle" container="StaticArray" arraySize="1">
          <containerEntry>0x2F852C0</containerEntry>
        </property>
        <property name="modelFile" type="FilePtr" container="StaticArray" arraySize="1">
          <containerEntry>/Assets/tpp/environ/object/middle_africa/cliff/mafr_clff003/scenes/mafr_clff003_vrtn001.fmdl</containerEntry>
        </property>
        <property name="geomFile" type="FilePtr" container="StaticArray" arraySize="1">
          <containerEntry>/Assets/tpp/environ/object/middle_africa/cliff/mafr_clff003/scenes/mafr_clff003_vrtn001.geom</containerEntry>
        </property>
        <property name="isVisibleGeom" type="Bool" container="StaticArray" arraySize="1">
          <containerEntry>false</containerEntry>
        </property>
        <property name="lodFarSize" type="Float" container="StaticArray" arraySize="1">
          <containerEntry>-1</containerEntry>
        </property>
        <property name="lodNearSize" type="Float" container="StaticArray" arraySize="1">
          <containerEntry>-1</containerEntry>
        </property>
        <property name="lodPolygonSize" type="Float" container="StaticArray" arraySize="1">
          <containerEntry>-1</containerEntry>
        </property>
        <property name="drawRejectionLevel" type="Int32" container="StaticArray" arraySize="1">
          <containerEntry>8</containerEntry>
        </property>
        <property name="drawMode" type="Int32" container="StaticArray" arraySize="1">
          <containerEntry>0</containerEntry>
        </property>
        <property name="rejectFarRangeShadowCast" type="Int32" container="StaticArray" arraySize="1">
          <containerEntry>2</containerEntry>
        </property>
        <property name="parentLocator" type="EntityLink" container="StaticArray" arraySize="1">
          <containerEntry packagePathHash="0xB8A0BF169F98" archivePathHash="0xB8A0BF169F98" nameInArchiveHash="0xB8A0BF169F98">0x0</containerEntry>
        </property>
        <property name="transforms" type="Matrix4" container="DynamicArray" arraySize="26">
          <containerEntry r11="-0.96707994" r12="-0.0708258" r13="0.24438125" r14="0" r21="0.20967112" r22="0.3222822" r23="0.9231284" r24="0" r31="-0.14414057" r32="0.9439872" r33="-0.2968164" r34="0" r41="1277.8811" r42="149.06157" r43="-1977.5624" r44="1"></containerEntry>
