<fox formatVersion="2" fileVersion="0">
  <entities>
    <entity class="DataSet" classVersion="0" classID="0xE8" addr="0x2EF4610" id="0x64706">
      <staticProperties>
        <property name="name" type="String" container="StaticArray" arraySize="1">
          <containerEntry hash="0xB8A0BF169F98"></containerEntry>
        </property>
        <property name="dataSet" type="EntityHandle" container="StaticArray" arraySize="1">
          <containerEntry>0x0</containerEntry>
        </property>
        <property name="dataList" type="EntityPtr" container="StringMap" arraySize="7">
          <containerEntry key="StaticModelArray0000">
            <data>0x2D7E6A0</data>
          </containerEntry>
          <containerEntry key="StaticModelArray0001">
            <data>0x2D7E710</data>
          </containerEntry>
          <containerEntry key="StaticModelArray0002">
            <data>0x2D7E160</data>
          </containerEntry>
          <containerEntry key="StaticModelArray0003">
            <data>0x2D7E2B0</data>
          </containerEntry>
          <containerEntry key="StaticModelArray0004">
            <data>0x2D7B920</data>
          </containerEntry>
          <containerEntry key="StaticModelArray0005">
            <data>0x2D7E240</data>
          </containerEntry>
          <containerEntry key="TexturePackLoadConditioner0000">
            <data>0x2D7EF60</data>
          </containerEntry>
        </property>
      </staticProperties>
      <dynamicProperties></dynamicProperties>
    </entity>
    <entity class="StaticModelArray" classVersion="4" classID="0xD0" addr="0x2D7E6A0" id="0x0">
      <staticProperties>
        <property name="name" type="String" container="StaticArray" arraySize="1">
          <containerEntry>StaticModelArray0000</containerEntry>
        </property>
        <property name="dataSet" type="EntityHandle" container="StaticArray" arraySize="1">
          <containerEntry>0x2EF4610</containerEntry>
        </property>
        <property name="modelFile" type="FilePtr" container="StaticArray" arraySize="1">
          <containerEntry>/Assets/tpp/environ/object/middle_africa/rock/mafr_rock001/scenes/mafr_rock001_vrtn001.fmdl</containerEntry>
        </property>
        <property name="geomFile" type="FilePtr" container="StaticArray" arraySize="1">
          <containerEntry>/Assets/tpp/environ/object/middle_africa/rock/mafr_rock001/scenes/mafr_rock001_vrtn001.geom</containerEntry>
        </property>
        <property name="isVisibleGeom" type="Bool" container="StaticArray" arraySize="1">
          <containerEntry>false</containerEntry>
        </property>
        <property name="lodFarSize" type="Float" container="StaticArray" arraySize="1">
          <containerEntry>-1</containerEntry>
        </property>
        <property name="lodNearSize" type="Float" container="StaticArray" arraySize="1">
          <containerEntry>-1</containerEntry>
        </property>
        <property name="lodPolygonSize" type="Float" container="StaticArray" arraySize="1">
          <containerEntry>-1</containerEntry>
        </property>
        <property name="drawRejectionLevel" type="Int32" container="StaticArray" arraySize="1">
          <containerEntry>8</containerEntry>
        </property>
        <property name="drawMode" type="Int32" container="StaticArray" arraySize="1">
          <containerEntry>0</containerEntry>
        </property>
        <property name="rejectFarRangeShadowCast" type="Int32" container="StaticArray" arraySize="1">
          <containerEntry>2</containerEntry>
        </property>
        <property name="parentLocator" type="EntityLink" container="StaticArray" arraySize="1">
          <containerEntry packagePathHash="0xB8A0BF169F98" archivePathHash="0xB8A0BF169F98" nameInArchiveHash="0xB8A0BF169F98">0x0</containerEntry>
        </property>
        <property name="transforms" type="Matrix4" container="DynamicArray" arraySize="4">
          <containerEntry r11="-0.34471685" r12="-0.010486492" r13="-0.6091481" r14="0" r21="-0.06610323" r22="0.6964081" r23="0.025419077" r24="0" r31="0.6056416" r32="0.07004142" r33="-0.34393826" r34="0" r41="1568.2543" r42="-7.50736" r43="1571.8849" r44="1"></containerEntry>
          <containerEntry r11="0.39315185" r12="0.019284792" r13="-0.57884365" r14="0" r21="-0.008803629" r22="0.69973" r23="0.017332813" r24="0" r31="0.5790979" r32="-0.0024550143" r33="0.39324278" r34="0" r41="1569.933" r42="-7.836826" r43="1551.3528" r44="1"></containerEntry>
          <containerEntry r11="-0.010342869" r12="0.028434396" r13="0.69934654" r14="0" r21="0.048251342" r22="0.6977871" r23="-0.027657472" r24="0" r31="-0.69825923" r32="0.047797624" r33="-0.012270182" r34="0" r41="1569.4249" r42="-9.54186" r43="1548.7369" r44="1"></containerEntry>
          <containerEntry r11="0.69492733" r12="-0.04117774" r13="0.0733507" r14="0" r21="0.066444725" r22="0.64302737" r23="-0.26851615" r24="0" r31="-0.051585168" r32="0.27353284" r33="0.6422762" r34="0" r41="1621.8794" r42="-5.752812" r43="1644.6653" r44="1"></containerEntry>
        </property>
        <property name="colors" type="UInt32" container="DynamicArray" arraySize="4">
          <containerEntry>4294967295</containerEntry>
          <containerEntry>4294967295</containerEntry>
          <containerEntry>4294967295</containerEntry>
          <containerEntry>4294967295</containerEntry>
        </property>
      </staticProperties>
      <dynamicProperties></dynamicProperties>
    </entity>
    <entity class="StaticModelArray" classVersion="4" classID="0xD0" addr="0x2D7E710" id="0x0">
      <staticProperties>
        <property name="name" type="String" container="StaticArray" arraySize="1">
          <containerEntry>StaticModelArray0001</containerEntry>
        </property>
        <property name="dataSet" type="EntityHandle" container="StaticArray" arraySize="1">
          <containerEntry>0x2EF4610</containerEntry>
        </property>
        <property name="modelFile" type="FilePtr" container="StaticArray" arraySize="1">
          <containerEntry>/Assets/tpp/environ/object/middle_africa/rock/mafr_rock001/scenes/mafr_rock001_vrtn003.fmdl</containerEntry>
        </property>
        <property name="geomFile" type="FilePtr" container="StaticArray" arraySize="1">
          <containerEntry>/Assets/tpp/environ/object/middle_africa/rock/mafr_rock001/scenes/mafr_rock001_vrtn003.geom</containerEntry>
        </property>
        <property name="isVisibleGeom" type="Bool" container="StaticArray" arraySize="1">
          <containerEntry>false</containerEntry>
        </property>
        <property name="lodFarSize" type="Float" container="StaticArray" arraySize="1">
          <containerEntry>-1</containerEntry>
        </property>
        <property name="lodNearSize" type="Float" container="StaticArray" arraySize="1">
          <containerEntry>-1</containerEntry>
        </property>
        <property name="lodPolygonSize" type="Float" container="StaticArray" arraySize="1">
          <containerEntry>-1</containerEntry>
        </property>
        <property name="drawRejectionLevel" type="Int32" container="StaticArray" arraySize="1">
          <containerEntry>8</containerEntry>
        </property>
        <property name="drawMode" type="Int32" container="StaticArray" arraySize="1">
          <containerEntry>0</containerEntry>
        </property>
        <property name="rejectFarRangeShadowCast" type="Int32" container="StaticArray" arraySize="1">
          <containerEntry>2</containerEntry>
        </property>
        <property name="parentLocator" type="EntityLink" container="StaticArray" arraySize="1">
          <containerEntry packagePathHash="0xB8A0BF169F98" archivePathHash="0xB8A0BF169F98" nameInArchiveHash="0xB8A0BF169F98">0x0</containerEntry>
        </property>
        <property name="transforms" type="Matrix4" container="DynamicArray" arraySize="8">
          <containerEntry r11="0.99545103" r12="-0.015613144" r13="0.09395432" r14="0" r21="0.023538738" r22="0.99620056" r23="-0.08384744" r24="0" r31="-0.092288226" r32="0.0856776" r33="0.9920364" r34="0" r41="1590.564" r42="-6.667314" r43="1640.4545" r44="1"></containerEntry>
          <containerEntry r11="0.4514786" r12="0.008239223" r13="-0.8922402" r14="0" r21="-0.1347526" r22="0.9891181" r23="-0.059051678" r24="0" r31="0.88204443" r32="0.14689232" r33="0.4476759" r34="0" r41="1583.5961" r42="-9.671653" r43="1624.1877" r44="1"></containerEntry>
          <containerEntry r11="0.98048455" r12="0.046424635" r13="-0.19102047" r14="0" r21="-0.027578834" r22="0.994589" r23="0.100161046" r24="0" r31="0.19463679" r32="-0.09293824" r33="0.97645944" r34="0" r41="1582.1256" r42="-8.285792" r43="1658.5936" r44="1"></containerEntry>
          <containerEntry r11="-0.44278806" r12="0.086457044" r13="-0.8924415" r14="0" r21="0.10933545" r22="0.99311876" r23="0.041963175" r24="0" r31="0.88992834" r32="-0.0789947" r33="-0.44919392" r34="0" r41="1578.806" r42="-7.71413" r43="1573.923" r44="1"></containerEntry>
          <containerEntry r11="0.9747595" r12="-0.17838982" r13="-0.13419761" r14="0" r21="0.1390898" r22="0.95555663" r23="-0.25993356" r24="0" r31="0.17460293" r32="0.23470718" r33="0.95625013" r34="0" r41="1572.9294" r42="-10.402081" r43="1546.9835" r44="1"></containerEntry>
          <containerEntry r11="-0.23668735" r12="0.13163303" r13="0.9626217" r14="0" r21="0.06086741" r22="0.99084234" r23="-0.12052615" r24="0" r31="-0.96967155" r32="0.030065292" r33="-0.24253204" r34="0" r41="1558.3075" r42="-9.930017" r43="1543.2742" r44="1"></containerEntry>
          <containerEntry r11="-0.66108674" r12="0.050349306" r13="0.7486105" r14="0" r21="0.050725665" r22="0.9984623" r23="-0.022358283" r24="0" r31="-0.7485851" r32="0.023193004" r33="-0.6626242" r34="0" r41="1591.4266" r42="-8.042967" r43="1656.6844" r44="1"></containerEntry>
          <containerEntry r11="0.46504593" r12="0.04642519" r13="-0.8840658" r14="0" r21="0.060822077" r22="0.99458885" r23="0.08422356" r24="0" r31="0.8831921" r32="-0.09293853" r33="0.45970583" r34="0" r41="1627.7551" r42="-6.360695" r43="1654.7336" r44="1"></containerEntry>
        </property>
        <property name="colors" type="UInt32" container="DynamicArray" arraySize="8">
          <containerEntry>4294967295</containerEntry>
          <containerEntry>4294967295</containerEntry>
          <containerEntry>4294967295</containerEntry>
          <containerEntry>4294967295</containerEntry>
          <containerEntry>4294967295</containerEntry>
          <containerEntry>4294967295</containerEntry>
          <containerEntry>4294967295</containerEntry>
          <containerEntry>4294967295</containerEntry>
        </property>
      </staticProperties>
      <dynamicProperties></dynamicProperties>
    </entity>
    <entity class="StaticModelArray" classVersion="4" classID="0xD0" addr="0x2D7E160" id="0x0">
      <staticProperties>
        <property name="name" type="String" container="StaticArray" arraySize="1">
          <containerEntry>StaticModelArray0002</containerEntry>
        </property>
        <property name="dataSet" type="EntityHandle" container="StaticArray" arraySize="1">
          <containerEntry>0x2EF4610</containerEntry>
        </property>
        <property name="modelFile" type="FilePtr" container="StaticArray" arraySize="1">
          <containerEntry>/Assets/tpp/environ/object/middle_africa/rock/mafr_rock002/scenes/mafr_rock002.fmdl</containerEntry>
        </property>
        <property name="geomFile" type="FilePtr" container="StaticArray" arraySize="1">
          <containerEntry>/Assets/tpp/environ/object/middle_africa/rock/mafr_rock002/scenes/mafr_rock002.geom</containerEntry>
        </property>
        <property name="isVisibleGeom" type="Bool" container="StaticArray" arraySize="1">
          <containerEntry>false</containerEntry>
        </property>
        <property name="lodFarSize" type="Float" container="StaticArray" arraySize="1">
          <containerEntry>-1</containerEntry>
        </property>
        <property name="lodNearSize" type="Float" container="StaticArray" arraySize="1">
          <containerEntry>-1</containerEntry>
        </property>
        <property name="lodPolygonSize" type="Float" container="StaticArray" arraySize="1">
          <containerEntry>-1</containerEntry>
        </property>
        <property name="drawRejectionLevel" type="Int32" container="StaticArray" arraySize="1">
          <containerEntry>8</containerEntry>
        </property>
        <property name="drawMode" type="Int32" container="StaticArray" arraySize="1">
          <containerEntry>0</containerEntry>
        </property>
        <property name="rejectFarRangeShadowCast" type="Int32" container="StaticArray" arraySize="1">
          <containerEntry>2</containerEntry>
        </property>
        <property name="parentLocator" type="EntityLink" container="StaticArray" arraySize="1">
          <containerEntry packagePathHash="0xB8A0BF169F98" archivePathHash="0xB8A0BF169F98" nameInArchiveHash="0xB8A0BF169F98">0x0</containerEntry>
        </property>
        <property name="transforms" type="Matrix4" container="DynamicArray" arraySize="19">
          <containerEntry r11="0.37669888" r12="-0.05451537" r13="0.92472845" r14="0" r21="0.00051791593" r22="0.99827904" r23="0.05864035" r24="0" r31="-0.92633384" r32="-0.021610785" r33="0.3760788" r34="0" r41="1554.4006" r42="-9.475039" r43="1591.9519" r44="1"></containerEntry>
          <containerEntry r11="-0.0443362" r12="-0.06915253" r13="0.99661946" r14="0" r21="0.010644654" r22="0.99751204" r23="0.06968801" r24="0" r31="-0.99895906" r32="0.013698359" r33="-0.04348977" r34="0" r41="1554.3047" r42="-9.07935" r43="1572.3008" r44="1"></containerEntry>
          <containerEntry r11="-0.9935442" r12="0.020457834" r13="0.11157852" r14="0" r21="0.022773871" r22="0.99955" r23="0.019521814" r24="0" r31="-0.111128934" r32="0.021936856" r33="-0.99356306" r34="0" r41="1626.7715" r42="-10.699129" r43="1580.2571" r44="1"></containerEntry>
          <containerEntry r11="-0.5616402" r12="-0.07741595" r13="-0.8237502" r14="0" r21="-0.09236671" r22="0.99525607" r23="-0.03055757" r24="0" r31="0.822208" r32="0.05892473" r33="-0.5661265" r34="0" r41="1631.9382" r42="-11.490398" r43="1566.6368" r44="1"></containerEntry>
          <containerEntry r11="0.97953796" r12="0.020457793" r13="-0.20021209" r14="0" r21="-0.024432579" r22="0.99955004" r23="-0.017401822" r24="0" r31="0.19976601" r32="0.021937437" r33="0.97959703" r34="0" r41="1572.7069" r42="-8.72288" r43="1609.1486" r44="1"></containerEntry>
          <containerEntry r11="0.37669888" r12="-0.05451537" r13="0.92472845" r14="0" r21="0.00051791593" r22="0.99827904" r23="0.05864035" r24="0" r31="-0.92633384" r32="-0.021610785" r33="0.3760788" r34="0" r41="1572.8029" r42="-8.722878" r43="1615.292" r44="1"></containerEntry>
          <containerEntry r11="-0.42846274" r12="0.032912116" r13="-0.90295964" r14="0" r21="0.0184054" r22="0.9994469" r23="0.0276955" r24="0" r31="0.90337175" r32="-0.004752855" r33="-0.42883155" r34="0" r41="1583.4929" r42="-9.675542" r43="1611.0903" r44="1"></containerEntry>
          <containerEntry r11="-0.70468765" r12="-0.069770865" r13="-0.7060768" r14="0" r21="-0.11940177" r22="0.9926222" r23="0.021080963" r24="0" r31="0.69939667" r32="0.09916228" r33="-0.70781934" r34="0" r41="1625.4084" r42="-5.895054" r43="1643.7086" r44="1"></containerEntry>
          <containerEntry r11="0.9892885" r12="0.053436134" r13="0.13581969" r14="0" r21="-0.049047016" r22="0.99816674" r23="-0.035462685" r24="0" r31="-0.13746567" r32="0.02842128" r33="0.9900957" r34="0" r41="1616.3125" r42="-7.110631" r43="1659.4965" r44="1"></containerEntry>
          <containerEntry r11="-0.52740884" r12="-0.121602334" r13="-0.84086394" r14="0" r21="-0.056138027" r22="0.9925292" r23="-0.10832462" r24="0" r31="0.8477546" r32="-0.0099268565" r33="-0.5302952" r34="0" r41="1613.7664" r42="-7.603469" r43="1654.4111" r44="1"></containerEntry>
          <containerEntry r11="-0.8802111" r12="0.012567228" r13="-0.4744186" r14="0" r21="-0.09911507" r22="0.97273785" r23="0.20966023" r24="0" r31="0.46411976" r32="0.23156676" r33="-0.8549691" r34="0" r41="1576.602" r42="-8.471334" r43="1591.804" r44="1"></containerEntry>
          <containerEntry r11="0.87420106" r12="-0.10503991" r13="0.47406462" r14="0" r21="0.10229781" r22="0.99425" r23="0.03165617" r24="0" r31="-0.47466388" r32="0.02082189" r33="0.8799197" r34="0" r41="1574.2487" r42="-8.471334" r43="1592.772" r44="1"></containerEntry>
          <containerEntry r11="-0.4814634" r12="-0.0018217172" r13="-0.8764651" r14="0" r21="-0.15755373" r22="0.98388827" r23="0.08450286" r24="0" r31="0.86218977" r32="0.17877509" r33="-0.47399324" r34="0" r41="1606.3063" r42="-8.027118" r43="1625.7632" r44="1"></containerEntry>
          <containerEntry r11="0.43062386" r12="-0.0545157" r13="0.900882" r14="0" r21="0.003977781" r22="0.99827904" r23="0.05850813" r24="0" r31="-0.90252125" r32="-0.021611463" r33="0.43009964" r34="0" r41="1568.5198" r42="-8.085052" r43="1653.1311" r44="1"></containerEntry>
          <containerEntry r11="-0.44958362" r12="-0.05451491" r13="0.8915694" r14="0" r21="-0.043864965" r22="0.99827904" r23="0.038920097" r24="0" r31="-0.8921567" r32="-0.02161079" r33="-0.45120123" r34="0" r41="1558.6128" r42="-8.979208" r43="1636.4725" r44="1"></containerEntry>
          <containerEntry r11="-0.53320193" r12="-0.054514688" r13="-0.84422463" r14="0" r21="-0.010804534" r22="0.99827904" r23="-0.05763837" r24="0" r31="0.84591395" r32="-0.021611603" r33="-0.53287333" r34="0" r41="1552.6945" r42="-10.741251" r43="1649.8132" r44="1"></containerEntry>
          <containerEntry r11="0.95800906" r12="-0.0018222146" r13="0.28672868" r14="0" r21="0.052977577" r22="0.9838884" r23="-0.1707544" r24="0" r31="-0.2817979" r32="0.17877445" r33="0.9426705" r34="0" r41="1603.6593" r42="-7.083596" r43="1639.7175" r44="1"></containerEntry>
          <containerEntry r11="0.68598056" r12="0.087519415" r13="-0.72233593" r14="0" r21="-0.11027577" r22="0.99377733" r23="0.015682139" r24="0" r31="0.7192136" r32="0.06889849" r33="0.6913631" r34="0" r41="1552.4436" r42="-9.187217" r43="1556.0049" r44="1"></containerEntry>
          <containerEntry r11="-0.8053805" r12="-0.06902883" r13="-0.58872646" r14="0" r21="-0.20904435" r22="0.96245974" r23="0.17312373" r24="0" r31="0.554675" r32="0.2625" r33="-0.7895765" r34="0" r41="1598.0819" r42="-11.090587" r43="1555.7256" r44="1"></containerEntry>
        </property>
        <property name="colors" type="UInt32" container="DynamicArray" arraySize="19">
          <containerEntry>4294967295</containerEntry>
          <containerEntry>4294967295</containerEntry>
          <containerEntry>4294967295</containerEntry>
          <containerEntry>4294967295</containerEntry>
          <containerEntry>4294967295</containerEntry>
          <containerEntry>4294967295</containerEntry>
          <containerEntry>4294967295</containerEntry>
          <containerEntry>4294967295</containerEntry>
          <containerEntry>4294967295</containerEntry>
          <containerEntry>4294967295</containerEntry>
          <containerEntry>4294967295</containerEntry>
          <containerEntry>4294967295</containerEntry>
          <containerEntry>4294967295</containerEntry>
          <containerEntry>4294967295</containerEntry>
          <containerEntry>4294967295</containerEntry>
          <containerEntry>4294967295</containerEntry>
          <containerEntry>4294967295</containerEntry>
          <containerEntry>4294967295</containerEntry>
          <containerEntry>4294967295</containerEntry>
        </property>
      </staticProperties>
      <dynamicProperties></dynamicProperties>
    </entity>
    <entity class="StaticModelArray" classVersion="4" classID="0xD0" addr="0x2D7E2B0" id="0x0">
      <staticProperties>
        <property name="name" type="String" container="StaticArray" arraySize="1">
          <containerEntry>StaticModelArray0003</containerEntry>
        </property>
        <property name="dataSet" type="EntityHandle" container="StaticArray" arraySize="1">
          <containerEntry>0x2EF4610</containerEntry>
        </property>
        <property name="modelFile" type="FilePtr" container="StaticArray" arraySize="1">
          <containerEntry>/Assets/tpp/environ/object/middle_africa/rock/mafr_rock001/scenes/mafr_rock001.fmdl</containerEntry>
        </property>
        <property name="geomFile" type="FilePtr" container="StaticArray" arraySize="1">
          <containerEntry>/Assets/tpp/environ/object/middle_africa/rock/mafr_rock001/scenes/mafr_rock001.geom</containerEntry>
        </property>
        <property name="isVisibleGeom" type="Bool" container="StaticArray" arraySize="1">
          <containerEntry>false</containerEntry>
        </property>
        <property name="lodFarSize" type="Float" container="StaticArray" arraySize="1">
          <containerEntry>-1</containerEntry>
        </property>
        <property name="lodNearSize" type="Float" container="StaticArray" arraySize="1">
          <containerEntry>-1</containerEntry>
        </property>
        <property name="lodPolygonSize" type="Float" container="StaticArray" arraySize="1">
          <containerEntry>-1</containerEntry>
        </property>
        <property name="drawRejectionLevel" type="Int32" container="StaticArray" arraySize="1">
          <containerEntry>8</containerEntry>
        </property>
        <property name="drawMode" type="Int32" container="StaticArray" arraySize="1">
          <containerEntry>0</containerEntry>
        </property>
        <property name="rejectFarRangeShadowCast" type="Int32" container="StaticArray" arraySize="1">
          <containerEntry>2</containerEntry>
        </property>
        <property name="parentLocator" type="EntityLink" container="StaticArray" arraySize="1">
          <containerEntry packagePathHash="0xB8A0BF169F98" archivePathHash="0xB8A0BF169F98" nameInArchiveHash="0xB8A0BF169F98">0x0</containerEntry>
        </property>
        <property name="transforms" type="Matrix4" container="DynamicArray" arraySize="17">
          <containerEntry r11="-0.012125104" r12="-0.09792877" r13="0.793893" r14="0" r21="-0.0013581425" r22="0.79398364" r23="0.097919196" r24="0" r31="-0.7999089" r32="0.00013633404" r33="-0.012200147" r34="0" r41="1595.5972" r42="-7.0093" r43="1641.8447" r44="1"></containerEntry>
          <containerEntry r11="0.7544599" r12="0.040384248" r13="-0.26298764" r14="0" r21="0.013669148" r22="0.7838043" r23="0.15957463" r24="0" r31="0.26571894" r32="-0.15498434" r33="0.73849607" r34="0" r41="1592.143" r42="-6.569433" r43="1644.3038" r44="1"></containerEntry>
          <containerEntry r11="-0.31062263" r12="-5.892826e-07" r13="0.5133364" r14="0" r21="5.892816e-07" r22="0.6" r23="1.0453452e-06" r24="0" r31="-0.5133364" r32="1.0453468e-06" r33="-0.31062263" r34="0" r41="1572.4531" r42="-7.112653" r43="1641.4873" r44="1"></containerEntry>
          <containerEntry r11="-0.41416386" r12="-7.8571077e-07" r13="0.68444914" r14="0" r21="7.8570883e-07" r22="0.8" r23="1.3937936e-06" r24="0" r31="-0.68444914" r32="1.393797e-06" r33="-0.41416386" r34="0" r41="1599.4075" r42="-6.773942" r43="1642.7394" r44="1"></containerEntry>
          <containerEntry r11="-0.10057829" r12="0.008916913" r13="-0.59144443" r14="0" r21="-0.045176882" r22="0.5980637" r23="0.016699241" r24="0" r31="0.5897839" r32="0.047331925" r33="-0.09958232" r34="0" r41="1600.9243" r42="-8.184839" r43="1629.1407" r44="1"></containerEntry>
          <containerEntry r11="-0.7383958" r12="0.034958698" r13="0.3058608" r14="0" r21="-0.05001563" r22="0.7706424" r23="-0.208827" r24="0" r31="-0.303762" r32="-0.21186884" r33="-0.70911324" r34="0" r41="1590.3597" r42="-8.600596" r43="1630.4728" r44="1"></containerEntry>
          <containerEntry r11="0.5804587" r12="-0.17685285" r13="0.7948524" r14="0" r21="-0.32306314" r22="0.8460027" r23="0.42415738" r24="0" r31="-0.7474606" r32="-0.5029934" r33="0.43393502" r34="0" r41="1566.9296" r42="-7.316765" r43="1574.6725" r44="1"></containerEntry>
          <containerEntry r11="-0.14606448" r12="-0.025897115" r13="0.98893523" r14="0" r21="-0.49308118" r22="0.8685404" r23="-0.05008349" r24="0" r31="-0.8576331" r32="-0.49494115" r33="-0.13963217" r34="0" r41="1589.5607" r42="-11.631701" r43="1549.354" r44="1"></containerEntry>
          <containerEntry r11="-0.89399534" r12="-0.14386666" r13="-0.42434585" r14="0" r21="-0.05916707" r22="0.97666276" r23="-0.20646802" r24="0" r31="0.4441467" r32="-0.15947464" r33="-0.88164407" r34="0" r41="1581.9243" r42="-8.282136" r43="1565.6714" r44="1"></containerEntry>
          <containerEntry r11="-0.0565745" r12="-0.0058663245" r13="0.99838203" r14="0" r21="0.027703138" r22="0.9995885" r23="0.007443228" r24="0" r31="-0.99801487" r32="0.028079383" r33="-0.056388676" r34="0" r41="1560.7418" r42="-7.775146" r43="1566.2238" r44="1"></containerEntry>
          <containerEntry r11="0.73575926" r12="-0.015349708" r13="-0.6770694" r14="0" r21="0.02770336" r22="0.9995885" r23="0.00744328" r24="0" r31="0.6766765" r32="-0.024233554" r33="0.7358817" r34="0" r41="1584.3849" r42="-8.647193" r43="1592.6439" r44="1"></containerEntry>
          <containerEntry r11="0.7140043" r12="0.16033402" r13="-0.68153584" r14="0" r21="0.09223047" r22="0.9434037" r23="0.31856397" r24="0" r31="0.69404006" r32="-0.2903144" r33="0.65880656" r34="0" r41="1568.1646" r42="-7.181997" r43="1559.1605" r44="1"></containerEntry>
          <containerEntry r11="0.45268893" r12="-4.204459e-07" r13="-0.39379424" r14="0" r21="-4.2044522e-07" r22="0.6" r23="-1.1239332e-06" r24="0" r31="0.39379424" r32="1.123935e-06" r33="0.45268893" r34="0" r41="1579.6633" r42="-6.848064" r43="1650.5249" r44="1"></containerEntry>
          <containerEntry r11="0.22869946" r12="-3.2971252e-07" r13="0.55470514" r14="0" r21="1.6647194e-06" r22="0.6" r23="-3.29712e-07" r24="0" r31="-0.55470514" r32="1.664722e-06" r33="0.22869946" r34="0" r41="1576.6952" r42="-6.879054" r43="1653.663" r44="1"></containerEntry>
          <containerEntry r11="-0.5987087" r12="-0.09051959" r13="0.79583436" r14="0" r21="0.045621812" r22="0.9881265" r23="0.14671265" r24="0" r31="-0.7996654" r32="0.124145694" r33="-0.58747023" r34="0" r41="1597.1965" r42="-10.610938" r43="1571.7839" r44="1"></containerEntry>
          <containerEntry r11="0.7833604" r12="-0.15137336" r13="0.05858782" r14="0" r21="0.14837949" r22="0.7848882" r23="0.043977518" r24="0" r31="-0.0658024" r32="-0.03219626" r33="0.7966389" r34="0" r41="1600.0653" r42="-10.610938" r43="1562.8357" r44="1"></containerEntry>
          <containerEntry r11="0.99260837" r12="0.0586867" r13="-0.10622851" r14="0" r21="-0.077016115" r22="0.98107684" r23="-0.1776421" r24="0" r31="0.09379309" r32="0.18451035" r33="0.97834486" r34="0" r41="1597.5854" r42="-10.610938" r43="1569.6072" r44="1"></containerEntry>
        </property>
        <property name="colors" type="UInt32" container="DynamicArray" arraySize="17">
          <containerEntry>4294967295</containerEntry>
          <containerEntry>4294967295</containerEntry>
          <containerEntry>4294967295</containerEntry>
          <containerEntry>4294967295</containerEntry>
          <containerEntry>4294967295</containerEntry>
          <containerEntry>4294967295</containerEntry>
          <containerEntry>4294967295</containerEntry>
          <containerEntry>4294967295</containerEntry>
          <containerEntry>4294967295</containerEntry>
          <containerEntry>4294967295</containerEntry>
          <containerEntry>4294967295</containerEntry>
          <containerEntry>4294967295</containerEntry>
          <containerEntry>4294967295</containerEntry>
          <containerEntry>4294967295</containerEntry>
          <containerEntry>4294967295</containerEntry>
          <containerEntry>4294967295</containerEntry>
          <containerEntry>4294967295</containerEntry>
        </property>
      </staticProperties>
      <dynamicProperties></dynamicProperties>
    </entity>
    <entity class="StaticModelArray" classVersion="4" classID="0xD0" addr="0x2D7B920" id="0x0">
      <staticProperties>
        <property name="name" type="String" container="StaticArray" arraySize="1">
          <containerEntry>StaticModelArray0004</containerEntry>
        </property>
        <property name="dataSet" type="EntityHandle" container="StaticArray" arraySize="1">
          <containerEntry>0x2EF4610</containerEntry>
        </property>
        <property name="modelFile" type="FilePtr" container="StaticArray" arraySize="1">
          <containerEntry>/Assets/tpp/environ/object/middle_africa/cliff/mafr_clff003/scenes/mafr_clff003_vrtn001.fmdl</containerEntry>
        </property>
        <property name="geomFile" type="FilePtr" container="StaticArray" arraySize="1">
          <containerEntry>/Assets/tpp/environ/object/middle_africa/cliff/mafr_clff003/scenes/mafr_clff003_vrtn001.geom</containerEntry>
        </property>
        <property name="isVisibleGeom" type="Bool" container="StaticArray" arraySize="1">
          <containerEntry>false</containerEntry>
        </property>
        <property name="lodFarSize" type="Float" container="StaticArray" arraySize="1">
          <containerEntry>-1</containerEntry>
        </property>
        <property name="lodNearSize" type="Float" container="StaticArray" arraySize="1">
          <containerEntry>-1</containerEntry>
        </property>
        <property name="lodPolygonSize" type="Float" container="StaticArray" arraySize="1">
          <containerEntry>-1</containerEntry>
        </property>
        <property name="drawRejectionLevel" type="Int32" container="StaticArray" arraySize="1">
          <containerEntry>8</containerEntry>
        </property>
        <property name="drawMode" type="Int32" container="StaticArray" arraySize="1">
          <containerEntry>0</containerEntry>
        </property>
        <property name="rejectFarRangeShadowCast" type="Int32" container="StaticArray" arraySize="1">
          <containerEntry>2</containerEntry>
        </property>
        <property name="parentLocator" type="EntityLink" container="StaticArray" arraySize="1">
          <containerEntry packagePathHash="0xB8A0BF169F98" archivePathHash="0xB8A0BF169F98" nameInArchiveHash="0xB8A0BF169F98">0x0</containerEntry>
        </property>
        <property name="transforms" type="Matrix4" container="DynamicArray" arraySize="23">
          <containerEntry r11="-0.12162461" r12="-0.061365947" r13="0.73752445" r14="0" r21="0.35964084" r22="0.64833045" r23="0.11325249" r24="0" r31="-0.6468126" r32="0.37202406" r33="-0.07571107" r34="0" r41="1608.9105" r42="-10.496091" r43="1654.7374" r44="1"></containerEntry>
          <containerEntry r11="0.96693766" r12="-0.034067445" r13="-0.252727" r14="0" r21="-0.17210263" r22="0.64413786" r23="-0.7452964" r24="0" r31="0.18818134" r32="0.7641502" r33="0.61697805" r34="0" r41="1624.723" r42="-10.060378" r43="1640.146" r44="1"></containerEntry>
          <containerEntry r11="-0.09531668" r12="0.1318647" r13="0.73213696" r14="0" r21="0.42093325" r22="0.6181576" r23="-0.056533914" r24="0" r31="-0.61337423" r32="0.40372336" r33="-0.15256914" r34="0" r41="1584.1661" r42="-10.1659" r43="1636.9685" r44="1"></containerEntry>
          <containerEntry r11="-0.094825916" r12="-0.024204994" r13="-0.7939888" r14="0" r21="-0.4959058" r22="0.62647134" r23="0.040129233" r24="0" r31="0.6205494" r32="0.49693766" r33="-0.08926087" r34="0" r41="1571.7723" r42="-10.634526" r43="1648.826" r44="1"></containerEntry>
          <containerEntry r11="0.8803654" r12="-0.01544559" r13="0.47404426" r14="0" r21="0.31489012" r22="0.76644933" r23="-0.55982053" r24="0" r31="-0.354684" r32="0.6421186" r33="0.6796192" r34="0" r41="1601.6484" r42="-12.187897" r43="1625.1244" r44="1"></containerEntry>
          <containerEntry r11="0.6099521" r12="-0.1060248" r13="0.50667167" r14="0" r21="0.38372317" r22="0.6181788" r23="-0.3325817" r24="0" r31="-0.34743914" r32="0.49660125" r33="0.5221798" r34="0" r41="1575.3208" r42="-10.797345" r43="1659.8564" r44="1"></containerEntry>
          <containerEntry r11="-0.6729277" r12="-0.10602524" r13="0.41942874" r14="0" r21="0.19486992" r22="0.6181783" r23="0.46891412" r24="0" r31="-0.38624802" r32="0.49660188" r33="-0.4941592" r34="0" r41="1572.771" r42="-10.286916" r43="1656.5936" r44="1"></containerEntry>
          <containerEntry r11="0.22861902" r12="0.046214797" r13="0.71280766" r14="0" r21="0.57881844" r22="0.4265803" r23="-0.21329963" r24="0" r31="-0.41856873" r32="0.61513555" r33="0.09436646" r34="0" r41="1575.5807" r42="-9.834746" r43="1560.3922" r44="1"></containerEntry>
          <containerEntry r11="0.38312647" r12="-0.10362252" r13="-0.6363757" r14="0" r21="-0.54723734" r22="0.33918142" r23="-0.3846875" r24="0" r31="0.34094417" r32="0.6608446" r33="0.09765825" r34="0" r41="1553.2145" r42="-11.703726" r43="1552.8033" r44="1"></containerEntry>
          <containerEntry r11="-0.5687727" r12="-0.13695584" r13="-0.4692946" r14="0" r21="-0.3944159" r22="0.55393934" r23="0.31636506" r24="0" r31="0.28884327" r32="0.48671746" r33="-0.49211034" r34="0" r41="1597.2472" r42="-14.051516" r43="1557.8744" r44="1"></containerEntry>
          <containerEntry r11="0.4598949" r12="-0.13127983" r13="-0.57772064" r14="0" r21="-0.38757664" r22="0.4864768" r23="-0.41907468" r24="0" r31="0.44808465" r32="0.55552214" r33="0.23046304" r34="0" r41="1600.0554" r42="-12.906469" r43="1577.616" r44="1"></containerEntry>
          <containerEntry r11="-0.63744515" r12="-0.09058468" r13="-0.3846421" r14="0" r21="-0.27680933" r22="0.62335265" r23="0.31194115" r24="0" r31="0.28201365" r32="0.40709347" r33="-0.56323624" r34="0" r41="1567.5707" r42="-10.583893" r43="1580.4227" r44="1"></containerEntry>
          <containerEntry r11="-0.6513549" r12="-0.11447375" r13="-0.3537295" r14="0" r21="-0.29548898" r22="0.5924629" r23="0.35238203" r24="0" r31="0.22564365" r32="0.4454016" r33="-0.55963814" r34="0" r41="1565.9376" r42="-10.343761" r43="1560.5996" r44="1"></containerEntry>
          <containerEntry r11="0.74405295" r12="-0.012556704" r13="-0.09342104" r14="0" r21="-0.046058558" r22="0.60010684" r23="-0.44749278" r24="0" r31="0.08224215" r32="0.44968155" r33="0.5945772" r34="0" r41="1588.9873" r42="-10.902353" r43="1661.7007" r44="1"></containerEntry>
          <containerEntry r11="0.64140254" r12="-0.1538263" r13="0.356987" r14="0" r21="0.3386482" r22="0.55927706" r23="-0.36745828" r24="0" r31="-0.1908393" r32="0.4754426" r33="0.54775333" r34="0" r41="1596.277" r42="-10.047888" r43="1649.7714" r44="1"></containerEntry>
          <containerEntry r11="-0.6961413" r12="-0.11082325" r13="-0.70929337" r14="0" r21="-0.15695125" r22="0.9876063" r23="-0.00026622787" r24="0" r31="0.7005321" r32="0.11113942" r33="-0.70490736" r34="0" r41="1578.2551" r42="-13.782729" r43="1553.5865" r44="1"></containerEntry>
          <containerEntry r11="0.058644947" r12="0.010417186" r13="-0.74762946" r14="0" r21="-0.6015839" r22="0.4460011" r23="-0.040973157" r24="0" r31="0.44402155" r32="0.6028876" r33="0.043230683" r34="0" r41="1593.6234" r42="-14.051516" r43="1548.2107" r44="1"></containerEntry>
          <containerEntry r11="0.72708905" r12="-0.059913144" r13="-0.17393023" r14="0" r21="-0.06403907" r22="0.5823219" r23="-0.46829394" r24="0" r31="0.17245379" r32="0.46883968" r33="0.5594175" r34="0" r41="1581.9656" r42="-11.578229" r43="1597.1527" r44="1"></containerEntry>
          <containerEntry r11="-0.63130116" r12="-0.022856835" r13="0.40426445" r14="0" r21="0.19652402" r22="0.6373975" r23="0.3429318" r24="0" r31="-0.3540205" r32="0.39459026" r33="-0.5305298" r34="0" r41="1570.6213" r42="-10.522993" r43="1632.4017" r44="1"></containerEntry>
          <containerEntry r11="0.7022893" r12="0.0334046" r13="-0.26110077" r14="0" r21="-0.22425279" r22="0.46549317" r23="-0.54362214" r24="0" r31="0.137841" r32="0.58711034" r33="0.44586933" r34="0" r41="1559.5747" r42="-12.620005" r43="1631.2108" r44="1"></containerEntry>
          <containerEntry r11="-0.70716685" r12="-0.24772225" r13="-0.032231227" r14="0" r21="-0.22114809" r22="0.57579815" r23="0.4266718" r24="0" r31="-0.11618389" r32="0.41181183" r33="-0.615957" r34="0" r41="1553.7109" r42="-12.715505" r43="1585.5424" r44="1"></containerEntry>
          <containerEntry r11="0.020416785" r12="0.07494814" r13="-0.7459632" r14="0" r21="-0.60111105" r22="0.44760478" r23="0.028521672" r24="0" r31="0.44804442" r32="0.597102" r33="0.072255984" r34="0" r41="1552.7717" r42="-12.343443" r43="1567.9761" r44="1"></containerEntry>
          <containerEntry r11="0.19053352" r12="-0.029126644" r13="0.7248064" r14="0" r21="0.30554867" r22="0.68289346" r23="-0.052877303" r24="0" r31="-0.6579002" r32="0.30871934" r33="0.18535191" r34="0" r41="1541.8591" r42="-14.489203" r43="1567.9761" r44="1"></containerEntry>
        </property>
        <property name="colors" type="UInt32" container="DynamicArray" arraySize="23">
          <containerEntry>4294967295</containerEntry>
          <containerEntry>4294967295</containerEntry>
          <containerEntry>4294967295</containerEntry>
          <containerEntry>4294967295</containerEntry>
          <containerEntry>4294967295</containerEntry>
          <containerEntry>4294967295</containerEntry>
          <containerEntry>4294967295</containerEntry>
          <containerEntry>4294967295</containerEntry>
          <containerEntry>4294967295</containerEntry>
          <containerEntry>4294967295</containerEntry>
          <containerEntry>4294967295</containerEntry>
          <containerEntry>4294967295</containerEntry>
          <containerEntry>4294967295</containerEntry>
          <containerEntry>4294967295</containerEntry>
          <containerEntry>4294967295</containerEntry>
          <containerEntry>4294967295</containerEntry>
          <containerEntry>4294967295</containerEntry>
          <containerEntry>4294967295</containerEntry>
          <containerEntry>4294967295</containerEntry>
          <containerEntry>4294967295</containerEntry>
          <containerEntry>4294967295</containerEntry>
          <containerEntry>4294967295</containerEntry>
          <containerEntry>4294967295</containerEntry>
        </property>
      </staticProperties>
      <dynamicProperties></dynamicProperties>
    </entity>
    <entity class="StaticModelArray" classVersion="4" classID="0xD0" addr="0x2D7E240" id="0x0">
      <staticProperties>
        <property name="name" type="String" container="StaticArray" arraySize="1">
          <containerEntry>StaticModelArray0005</containerEntry>
        </property>
        <property name="dataSet" type="EntityHandle" container="StaticArray" arraySize="1">
          <containerEntry>0x2EF4610</containerEntry>
        </property>
        <property name="modelFile" type="FilePtr" container="StaticArray" arraySize="1">
          <containerEntry>/Assets/tpp/environ/object/middle_africa/rock/mafr_rock010/scenes/mafr_rock010.fmdl</containerEntry>
        </property>
        <property name="geomFile" type="FilePtr" container="StaticArray" arraySize="1">
          <containerEntry>/Assets/tpp/environ/object/middle_africa/rock/mafr_rock010/scenes/mafr_rock010.geom</containerEntry>
        </property>
        <property name="isVisibleGeom" type="Bool" container="StaticArray" arraySize="1">
          <containerEntry>false</containerEntry>
        </property>
        <property name="lodFarSize" type="Float" container="StaticArray" arraySize="1">
          <containerEntry>-1</containerEntry>
        </property>
        <property name="lodNearSize" type="Float" container="StaticArray" arraySize="1">
          <containerEntry>-1</containerEntry>
        </property>
        <property name="lodPolygonSize" type="Float" container="StaticArray" arraySize="1">
          <containerEntry>-1</containerEntry>
        </property>
        <property name="drawRejectionLevel" type="Int32" container="StaticArray" arraySize="1">
          <containerEntry>8</containerEntry>
