<fox formatVersion="2" fileVersion="0">
  <entities>
    <entity class="DataSet" classVersion="0" classID="0xE8" addr="0x3353C70" id="0xF1F4F5">
      <staticProperties>
        <property name="name" type="String" container="StaticArray" arraySize="1">
          <containerEntry hash="0xB8A0BF169F98"></containerEntry>
        </property>
        <property name="dataSet" type="EntityHandle" container="StaticArray" arraySize="1">
          <containerEntry>0x0</containerEntry>
        </property>
        <property name="dataList" type="EntityPtr" container="StringMap" arraySize="13">
          <containerEntry key="afgh_clff022_vrtn004_0001">
            <data>0x3353EA0</data>
          </containerEntry>
          <containerEntry key="afgh_clff007_0001">
            <data>0x3179150</data>
          </containerEntry>
          <containerEntry key="afgh_rock009_rock002_0004">
            <data>0x3179690</data>
          </containerEntry>
          <containerEntry key="StaticModelArray0000">
            <data>0x317DAD0</data>
          </containerEntry>
          <containerEntry key="StaticModelArray0001">
            <data>0x317DB40</data>
          </containerEntry>
          <containerEntry key="StaticModelArray0002">
            <data>0x317DBB0</data>
          </containerEntry>
          <containerEntry key="StaticModelArray0003">
            <data>0x317DC20</data>
          </containerEntry>
          <containerEntry key="StaticModelArray0004">
            <data>0x317DC90</data>
          </containerEntry>
          <containerEntry key="StaticModelArray0005">
            <data>0x317DD00</data>
          </containerEntry>
          <containerEntry key="StaticModelArray0006">
            <data>0x317DD70</data>
          </containerEntry>
          <containerEntry key="StaticModelArray0007">
            <data>0x33535E0</data>
          </containerEntry>
          <containerEntry key="StaticModelArray0008">
            <data>0x317D9F0</data>
          </containerEntry>
          <containerEntry key="TexturePackLoadConditioner0000">
            <data>0x317E010</data>
          </containerEntry>
        </property>
      </staticProperties>
      <dynamicProperties></dynamicProperties>
    </entity>
    <entity class="StaticModel" classVersion="9" classID="0x160" addr="0x3353EA0" id="0xF1F50A">
      <staticProperties>
        <property name="name" type="String" container="StaticArray" arraySize="1">
          <containerEntry>afgh_clff022_vrtn004_0001</containerEntry>
        </property>
        <property name="dataSet" type="EntityHandle" container="StaticArray" arraySize="1">
          <containerEntry>0x3353C70</containerEntry>
        </property>
        <property name="parent" type="EntityHandle" container="StaticArray" arraySize="1">
          <containerEntry>0x0</containerEntry>
        </property>
        <property name="transform" type="EntityPtr" container="StaticArray" arraySize="1">
          <containerEntry>0x3353F10</containerEntry>
        </property>
        <property name="shearTransform" type="EntityPtr" container="StaticArray" arraySize="1">
          <containerEntry>0x0</containerEntry>
        </property>
        <property name="pivotTransform" type="EntityPtr" container="StaticArray" arraySize="1">
          <containerEntry>0x0</containerEntry>
        </property>
        <property name="children" type="EntityHandle" container="List"></property>
        <property name="flags" type="UInt32" container="StaticArray" arraySize="1">
          <containerEntry>3221225479</containerEntry>
        </property>
        <property name="modelFile" type="FilePtr" container="StaticArray" arraySize="1">
          <containerEntry>/Assets/tpp/environ/object/afghanistan/cliff/afgh_clff022/scenes/afgh_clff022_vrtn004.fmdl</containerEntry>
        </property>
        <property name="geomFile" type="FilePtr" container="StaticArray" arraySize="1">
          <containerEntry>/Assets/tpp/environ/object/afghanistan/cliff/afgh_clff022/scenes/afgh_clff022_vrtn004.geom</containerEntry>
        </property>
        <property name="isVisibleGeom" type="Bool" container="StaticArray" arraySize="1">
          <containerEntry>false</containerEntry>
        </property>
        <property name="isIsolated" type="Bool" container="StaticArray" arraySize="1">
          <containerEntry>false</containerEntry>
        </property>
        <property name="lodFarSize" type="Float" container="StaticArray" arraySize="1">
          <containerEntry>-1</containerEntry>
        </property>
        <property name="lodNearSize" type="Float" container="StaticArray" arraySize="1">
          <containerEntry>-1</containerEntry>
        </property>
        <property name="lodPolygonSize" type="Float" container="StaticArray" arraySize="1">
          <containerEntry>-1</containerEntry>
        </property>
        <property name="color" type="Color" container="StaticArray" arraySize="1">
          <containerEntry r="1" g="1" b="1" a="1"></containerEntry>
        </property>
        <property name="drawRejectionLevel" type="Int32" container="StaticArray" arraySize="1">
          <containerEntry>8</containerEntry>
        </property>
        <property name="drawMode" type="Int32" container="StaticArray" arraySize="1">
          <containerEntry>0</containerEntry>
        </property>
        <property name="rejectFarRangeShadowCast" type="Int32" container="StaticArray" arraySize="1">
          <containerEntry>2</containerEntry>
        </property>
      </staticProperties>
      <dynamicProperties></dynamicProperties>
    </entity>
    <entity class="TransformEntity" classVersion="0" classID="0x50" addr="0x3353F10" id="0xF1F50D">
      <staticProperties>
        <property name="owner" type="EntityHandle" container="StaticArray" arraySize="1">
          <containerEntry>0x3353EA0</containerEntry>
        </property>
        <property name="transform_scale" type="Vector3" container="StaticArray" arraySize="1">
          <containerEntry x="1" y="1" z="1" w="0"></containerEntry>
        </property>
        <property name="transform_rotation_quat" type="Quat" container="StaticArray" arraySize="1">
          <containerEntry x="0" y="-0.97348" z="0" w="0.228772"></containerEntry>
        </property>
        <property name="transform_translation" type="Vector3" container="StaticArray" arraySize="1">
          <containerEntry x="-1013.92126" y="421.97717" z="-544.33795" w="0"></containerEntry>
        </property>
      </staticProperties>
      <dynamicProperties></dynamicProperties>
    </entity>
    <entity class="StaticModel" classVersion="9" classID="0x160" addr="0x3179150" id="0xF1F6F4">
      <staticProperties>
        <property name="name" type="String" container="StaticArray" arraySize="1">
          <containerEntry>afgh_clff007_0001</containerEntry>
        </property>
        <property name="dataSet" type="EntityHandle" container="StaticArray" arraySize="1">
          <containerEntry>0x3353C70</containerEntry>
        </property>
        <property name="parent" type="EntityHandle" container="StaticArray" arraySize="1">
          <containerEntry>0x0</containerEntry>
        </property>
        <property name="transform" type="EntityPtr" container="StaticArray" arraySize="1">
          <containerEntry>0x31791C0</containerEntry>
        </property>
        <property name="shearTransform" type="EntityPtr" container="StaticArray" arraySize="1">
          <containerEntry>0x0</containerEntry>
        </property>
        <property name="pivotTransform" type="EntityPtr" container="StaticArray" arraySize="1">
          <containerEntry>0x0</containerEntry>
        </property>
        <property name="children" type="EntityHandle" container="List"></property>
        <property name="flags" type="UInt32" container="StaticArray" arraySize="1">
          <containerEntry>3221225479</containerEntry>
        </property>
        <property name="modelFile" type="FilePtr" container="StaticArray" arraySize="1">
          <containerEntry>/Assets/tpp/environ/object/afghanistan/cliff/afgh_clff007/scenes/afgh_clff007.fmdl</containerEntry>
        </property>
        <property name="geomFile" type="FilePtr" container="StaticArray" arraySize="1">
          <containerEntry>/Assets/tpp/environ/object/afghanistan/cliff/afgh_clff007/scenes/afgh_clff007.geom</containerEntry>
        </property>
        <property name="isVisibleGeom" type="Bool" container="StaticArray" arraySize="1">
          <containerEntry>false</containerEntry>
        </property>
        <property name="isIsolated" type="Bool" container="StaticArray" arraySize="1">
          <containerEntry>false</containerEntry>
        </property>
        <property name="lodFarSize" type="Float" container="StaticArray" arraySize="1">
          <containerEntry>-1</containerEntry>
        </property>
        <property name="lodNearSize" type="Float" container="StaticArray" arraySize="1">
          <containerEntry>-1</containerEntry>
        </property>
        <property name="lodPolygonSize" type="Float" container="StaticArray" arraySize="1">
          <containerEntry>-1</containerEntry>
        </property>
        <property name="color" type="Color" container="StaticArray" arraySize="1">
          <containerEntry r="1" g="1" b="1" a="1"></containerEntry>
        </property>
        <property name="drawRejectionLevel" type="Int32" container="StaticArray" arraySize="1">
          <containerEntry>8</containerEntry>
        </property>
        <property name="drawMode" type="Int32" container="StaticArray" arraySize="1">
          <containerEntry>0</containerEntry>
        </property>
        <property name="rejectFarRangeShadowCast" type="Int32" container="StaticArray" arraySize="1">
          <containerEntry>2</containerEntry>
        </property>
      </staticProperties>
      <dynamicProperties></dynamicProperties>
    </entity>
    <entity class="TransformEntity" classVersion="0" classID="0x50" addr="0x31791C0" id="0xF1F6F7">
      <staticProperties>
        <property name="owner" type="EntityHandle" container="StaticArray" arraySize="1">
          <containerEntry>0x3179150</containerEntry>
        </property>
        <property name="transform_scale" type="Vector3" container="StaticArray" arraySize="1">
          <containerEntry x="1" y="1" z="1" w="0"></containerEntry>
        </property>
        <property name="transform_rotation_quat" type="Quat" container="StaticArray" arraySize="1">
          <containerEntry x="0.024336" y="-0.933297" z="-0.099686" w="0.344131"></containerEntry>
        </property>
        <property name="transform_translation" type="Vector3" container="StaticArray" arraySize="1">
          <containerEntry x="-987.2373" y="416.40073" z="-586.32404" w="0"></containerEntry>
        </property>
      </staticProperties>
      <dynamicProperties></dynamicProperties>
    </entity>
    <entity class="StaticModel" classVersion="9" classID="0x160" addr="0x3179690" id="0xF1F710">
      <staticProperties>
        <property name="name" type="String" container="StaticArray" arraySize="1">
          <containerEntry>afgh_rock009_rock002_0004</containerEntry>
        </property>
        <property name="dataSet" type="EntityHandle" container="StaticArray" arraySize="1">
          <containerEntry>0x3353C70</containerEntry>
        </property>
        <property name="parent" type="EntityHandle" container="StaticArray" arraySize="1">
          <containerEntry>0x0</containerEntry>
        </property>
        <property name="transform" type="EntityPtr" container="StaticArray" arraySize="1">
          <containerEntry>0x3179700</containerEntry>
        </property>
        <property name="shearTransform" type="EntityPtr" container="StaticArray" arraySize="1">
          <containerEntry>0x0</containerEntry>
        </property>
        <property name="pivotTransform" type="EntityPtr" container="StaticArray" arraySize="1">
          <containerEntry>0x0</containerEntry>
        </property>
        <property name="children" type="EntityHandle" container="List"></property>
        <property name="flags" type="UInt32" container="StaticArray" arraySize="1">
          <containerEntry>3221225479</containerEntry>
        </property>
        <property name="modelFile" type="FilePtr" container="StaticArray" arraySize="1">
          <containerEntry>/Assets/tpp/environ/object/afghanistan/rock/afgh_rock009/scenes/afgh_rock009_rock002.fmdl</containerEntry>
        </property>
        <property name="geomFile" type="FilePtr" container="StaticArray" arraySize="1">
          <containerEntry>/Assets/tpp/environ/object/afghanistan/rock/afgh_rock009/scenes/afgh_rock009_rock002.geom</containerEntry>
        </property>
        <property name="isVisibleGeom" type="Bool" container="StaticArray" arraySize="1">
          <containerEntry>false</containerEntry>
        </property>
        <property name="isIsolated" type="Bool" container="StaticArray" arraySize="1">
          <containerEntry>false</containerEntry>
        </property>
        <property name="lodFarSize" type="Float" container="StaticArray" arraySize="1">
          <containerEntry>-1</containerEntry>
        </property>
        <property name="lodNearSize" type="Float" container="StaticArray" arraySize="1">
          <containerEntry>-1</containerEntry>
        </property>
        <property name="lodPolygonSize" type="Float" container="StaticArray" arraySize="1">
          <containerEntry>-1</containerEntry>
        </property>
        <property name="color" type="Color" container="StaticArray" arraySize="1">
          <containerEntry r="1" g="1" b="1" a="1"></containerEntry>
        </property>
        <property name="drawRejectionLevel" type="Int32" container="StaticArray" arraySize="1">
          <containerEntry>8</containerEntry>
        </property>
        <property name="drawMode" type="Int32" container="StaticArray" arraySize="1">
          <containerEntry>0</containerEntry>
        </property>
        <property name="rejectFarRangeShadowCast" type="Int32" container="StaticArray" arraySize="1">
          <containerEntry>2</containerEntry>
        </property>
      </staticProperties>
      <dynamicProperties></dynamicProperties>
    </entity>
    <entity class="TransformEntity" classVersion="0" classID="0x50" addr="0x3179700" id="0xF1F713">
      <staticProperties>
        <property name="owner" type="EntityHandle" container="StaticArray" arraySize="1">
          <containerEntry>0x3179690</containerEntry>
        </property>
        <property name="transform_scale" type="Vector3" container="StaticArray" arraySize="1">
          <containerEntry x="1" y="1" z="1" w="0"></containerEntry>
        </property>
        <property name="transform_rotation_quat" type="Quat" container="StaticArray" arraySize="1">
          <containerEntry x="0.085879" y="0.964956" z="-0.069748" w="0.237949"></containerEntry>
        </property>
        <property name="transform_translation" type="Vector3" container="StaticArray" arraySize="1">
          <containerEntry x="-978.0185" y="419.47534" z="-597.5268" w="0"></containerEntry>
        </property>
      </staticProperties>
      <dynamicProperties></dynamicProperties>
    </entity>
    <entity class="StaticModelArray" classVersion="4" classID="0xD0" addr="0x317DAD0" id="0x0">
      <staticProperties>
        <property name="name" type="String" container="StaticArray" arraySize="1">
          <containerEntry>StaticModelArray0000</containerEntry>
        </property>
        <property name="dataSet" type="EntityHandle" container="StaticArray" arraySize="1">
          <containerEntry>0x3353C70</containerEntry>
        </property>
        <property name="modelFile" type="FilePtr" container="StaticArray" arraySize="1">
          <containerEntry>/Assets/tpp/environ/object/afghanistan/cliff/afgh_clff035/scenes/afgh_clff035_vrtn003.fmdl</containerEntry>
        </property>
        <property name="geomFile" type="FilePtr" container="StaticArray" arraySize="1">
          <containerEntry>/Assets/tpp/environ/object/afghanistan/cliff/afgh_clff035/scenes/afgh_clff035_vrtn003.geom</containerEntry>
        </property>
        <property name="isVisibleGeom" type="Bool" container="StaticArray" arraySize="1">
          <containerEntry>false</containerEntry>
        </property>
        <property name="lodFarSize" type="Float" container="StaticArray" arraySize="1">
          <containerEntry>-1</containerEntry>
        </property>
        <property name="lodNearSize" type="Float" container="StaticArray" arraySize="1">
          <containerEntry>-1</containerEntry>
        </property>
        <property name="lodPolygonSize" type="Float" container="StaticArray" arraySize="1">
          <containerEntry>-1</containerEntry>
        </property>
        <property name="drawRejectionLevel" type="Int32" container="StaticArray" arraySize="1">
          <containerEntry>8</containerEntry>
        </property>
        <property name="drawMode" type="Int32" container="StaticArray" arraySize="1">
          <containerEntry>0</containerEntry>
        </property>
        <property name="rejectFarRangeShadowCast" type="Int32" container="StaticArray" arraySize="1">
          <containerEntry>2</containerEntry>
        </property>
        <property name="parentLocator" type="EntityLink" container="StaticArray" arraySize="1">
          <containerEntry packagePathHash="0xB8A0BF169F98" archivePathHash="0xB8A0BF169F98" nameInArchiveHash="0xB8A0BF169F98">0x0</containerEntry>
        </property>
        <property name="transforms" type="Matrix4" container="DynamicArray" arraySize="4">
          <containerEntry r11="-0.1185801" r12="0" r13="0.99294317" r14="0" r21="0" r22="1" r23="0" r24="0" r31="-0.99294317" r32="0" r33="-0.1185801" r34="0" r41="-950.83453" r42="435.5191" r43="-607.11304" r44="1"></containerEntry>
          <containerEntry r11="-0.03882575" r12="-0.116922446" r13="0.9923809" r14="0" r21="-0.0045707747" r22="0.99314106" r23="0.116833076" r24="0" r31="-0.9992346" r32="2.8684735e-07" r33="-0.039093852" r34="0" r41="-953.2157" r42="434.47745" r43="-577.6546" r44="1"></containerEntry>
          <containerEntry r11="0.9676306" r12="0" r13="0.25237045" r14="0" r21="0" r22="1" r23="0" r24="0" r31="-0.25237045" r32="0" r33="0.9676306" r34="0" r41="-968.1955" r42="432.08905" r43="-636.25903" r44="1"></containerEntry>
          <containerEntry r11="0.5944684" r12="0.106184706" r13="0.79707694" r14="0" r21="-0.031848516" r22="0.99357426" r23="-0.10860861" r24="0" r31="-0.8034878" r32="0.039178632" r33="0.5940303" r34="0" r41="-956.3107" r42="434.89087" r43="-622.7593" r44="1"></containerEntry>
        </property>
        <property name="colors" type="UInt32" container="DynamicArray" arraySize="4">
          <containerEntry>4294967295</containerEntry>
          <containerEntry>4294967295</containerEntry>
          <containerEntry>4294967295</containerEntry>
          <containerEntry>4294967295</containerEntry>
        </property>
      </staticProperties>
      <dynamicProperties></dynamicProperties>
    </entity>
    <entity class="StaticModelArray" classVersion="4" classID="0xD0" addr="0x317DB40" id="0x0">
      <staticProperties>
        <property name="name" type="String" container="StaticArray" arraySize="1">
          <containerEntry>StaticModelArray0001</containerEntry>
        </property>
        <property name="dataSet" type="EntityHandle" container="StaticArray" arraySize="1">
          <containerEntry>0x3353C70</containerEntry>
        </property>
        <property name="modelFile" type="FilePtr" container="StaticArray" arraySize="1">
          <containerEntry>/Assets/tpp/environ/object/afghanistan/cliff/afgh_clff022/scenes/afgh_clff022_vrtn002.fmdl</containerEntry>
        </property>
        <property name="geomFile" type="FilePtr" container="StaticArray" arraySize="1">
          <containerEntry>/Assets/tpp/environ/object/afghanistan/cliff/afgh_clff022/scenes/afgh_clff022_vrtn002.geom</containerEntry>
        </property>
        <property name="isVisibleGeom" type="Bool" container="StaticArray" arraySize="1">
          <containerEntry>false</containerEntry>
        </property>
        <property name="lodFarSize" type="Float" container="StaticArray" arraySize="1">
          <containerEntry>-1</containerEntry>
        </property>
        <property name="lodNearSize" type="Float" container="StaticArray" arraySize="1">
          <containerEntry>-1</containerEntry>
        </property>
        <property name="lodPolygonSize" type="Float" container="StaticArray" arraySize="1">
          <containerEntry>-1</containerEntry>
        </property>
        <property name="drawRejectionLevel" type="Int32" container="StaticArray" arraySize="1">
          <containerEntry>8</containerEntry>
        </property>
        <property name="drawMode" type="Int32" container="StaticArray" arraySize="1">
          <containerEntry>0</containerEntry>
        </property>
        <property name="rejectFarRangeShadowCast" type="Int32" container="StaticArray" arraySize="1">
          <containerEntry>2</containerEntry>
        </property>
        <property name="parentLocator" type="EntityLink" container="StaticArray" arraySize="1">
          <containerEntry packagePathHash="0xB8A0BF169F98" archivePathHash="0xB8A0BF169F98" nameInArchiveHash="0xB8A0BF169F98">0x0</containerEntry>
        </property>
        <property name="transforms" type="Matrix4" container="DynamicArray" arraySize="2">
          <containerEntry r11="-0.99977994" r12="0" r13="0.020828854" r14="0" r21="0" r22="1" r23="0" r24="0" r31="-0.020828854" r32="0" r33="-0.99977994" r34="0" r41="-970.5385" r42="432.2068" r43="-531.8514" r44="1"></containerEntry>
          <containerEntry r11="-0.7240573" r12="-0.07997209" r13="0.6850833" r14="0" r21="-0.058090176" r22="0.9967971" r23="0.05496423" r24="0" r31="-0.68728465" r32="7.431954e-07" r33="-0.7263838" r34="0" r41="-909.8564" r42="450.41495" r43="-531.6307" r44="1"></containerEntry>
        </property>
        <property name="colors" type="UInt32" container="DynamicArray" arraySize="2">
          <containerEntry>4294967295</containerEntry>
          <containerEntry>4294967295</containerEntry>
        </property>
      </staticProperties>
      <dynamicProperties></dynamicProperties>
    </entity>
    <entity class="StaticModelArray" classVersion="4" classID="0xD0" addr="0x317DBB0" id="0x0">
      <staticProperties>
        <property name="name" type="String" container="StaticArray" arraySize="1">
          <containerEntry>StaticModelArray0002</containerEntry>
        </property>
        <property name="dataSet" type="EntityHandle" container="StaticArray" arraySize="1">
          <containerEntry>0x3353C70</containerEntry>
        </property>
        <property name="modelFile" type="FilePtr" container="StaticArray" arraySize="1">
          <containerEntry>/Assets/tpp/environ/object/afghanistan/rock/afgh_rock009/scenes/afgh_rock009_rock001.fmdl</containerEntry>
        </property>
        <property name="geomFile" type="FilePtr" container="StaticArray" arraySize="1">
          <containerEntry>/Assets/tpp/environ/object/afghanistan/rock/afgh_rock009/scenes/afgh_rock009_rock001.geom</containerEntry>
        </property>
        <property name="isVisibleGeom" type="Bool" container="StaticArray" arraySize="1">
          <containerEntry>false</containerEntry>
        </property>
        <property name="lodFarSize" type="Float" container="StaticArray" arraySize="1">
          <containerEntry>-1</containerEntry>
        </property>
        <property name="lodNearSize" type="Float" container="StaticArray" arraySize="1">
          <containerEntry>-1</containerEntry>
        </property>
        <property name="lodPolygonSize" type="Float" container="StaticArray" arraySize="1">
          <containerEntry>-1</containerEntry>
        </property>
        <property name="drawRejectionLevel" type="Int32" container="StaticArray" arraySize="1">
          <containerEntry>8</containerEntry>
        </property>
        <property name="drawMode" type="Int32" container="StaticArray" arraySize="1">
          <containerEntry>0</containerEntry>
        </property>
        <property name="rejectFarRangeShadowCast" type="Int32" container="StaticArray" arraySize="1">
          <containerEntry>2</containerEntry>
        </property>
        <property name="parentLocator" type="EntityLink" container="StaticArray" arraySize="1">
          <containerEntry packagePathHash="0xB8A0BF169F98" archivePathHash="0xB8A0BF169F98" nameInArchiveHash="0xB8A0BF169F98">0x0</containerEntry>
        </property>
        <property name="transforms" type="Matrix4" container="DynamicArray" arraySize="10">
          <containerEntry r11="0.6674476" r12="5.9604645e-07" r13="0.74465626" r14="0" r21="0.36363655" r22="0.87266" r23="-0.32593358" r24="0" r31="-0.64983183" r32="0.48832798" r33="0.5824547" r34="0" r41="-970.9771" r42="422.21048" r43="-618.43634" r44="1"></containerEntry>
          <containerEntry r11="0.38585424" r12="-0.9122999" r13="0.13720098" r14="0" r21="0.7845489" r22="0.40272823" r23="0.47147828" r24="0" r31="-0.48538467" r32="-0.074280575" r33="0.8711394" r34="0" r41="-1019.51196" r42="411.18985" r43="-579.4702" r44="1"></containerEntry>
          <containerEntry r11="-0.29188126" r12="0.9461637" r13="0.1399103" r14="0" r21="-0.72589463" r22="-0.123887464" r23="-0.67655367" r24="0" r31="-0.62279826" r32="-0.29903525" r33="0.7229794" r34="0" r41="-961.59424" r42="421.78946" r43="-589.37756" r44="1"></containerEntry>
          <containerEntry r11="-0.10689366" r12="0.90638846" r13="-0.40869182" r14="0" r21="-0.7214566" r22="-0.3535489" r23="-0.5953971" r24="0" r31="-0.684156" r32="0.23120843" r33="0.6917167" r34="0" r41="-1017.96936" r42="417.19833" r43="-607.43304" r44="1"></containerEntry>
          <containerEntry r11="0.28179112" r12="0.9506017" r13="0.13018173" r14="0" r21="0.094151944" r22="0.107631266" r23="-0.9897208" r24="0" r31="-0.9548436" r32="0.29114997" r33="-0.059170336" r34="0" r41="-929.8977" r42="437.68866" r43="-601.4094" r44="1"></containerEntry>
          <containerEntry r11="0.6927757" r12="0.30591658" r13="-0.6530515" r14="0" r21="-0.28476396" r22="0.9480208" r23="0.1420067" r24="0" r31="0.66254866" r32="0.087586954" r33="0.7438799" r34="0" r41="-964.87134" r42="423.58182" r43="-601.28375" r44="1"></containerEntry>
          <containerEntry r11="-0.48889732" r12="0.7859222" r13="-0.37855086" r14="0" r21="-0.6821489" r22="-0.61491704" r23="-0.39565712" r24="0" r31="-0.5437346" r32="0.06479178" r33="0.8367522" r34="0" r41="-904.00116" r42="437.9495" r43="-610.2084" r44="1"></containerEntry>
          <containerEntry r11="-0.32413185" r12="-0.18610954" r13="0.9275229" r14="0" r21="0.5791755" r22="-0.81426626" r23="0.039014608" r24="0" r31="0.74799156" r32="0.5498451" r33="0.37172252" r34="0" r41="-913.33875" r42="436.92517" r43="-625.3397" r44="1"></containerEntry>
          <containerEntry r11="-0.2918812" r12="0.9461627" r13="0.13990958" r14="0" r21="-0.9388933" r22="-0.31134066" r23="0.14676343" r24="0" r31="0.18242247" r32="-0.08852253" r33="0.9792271" r34="0" r41="-958" r42="424.35892" r43="-594" r44="1"></containerEntry>
          <containerEntry r11="0.19030246" r12="-0.14060324" r13="0.9716033" r14="0" r21="-0.9816353" r22="-0.013938308" r23="0.19024837" r24="0" r31="-0.013205349" r32="-0.98996615" r33="-0.14067245" r34="0" r41="-963.68896" r42="429.00467" r43="-540.66907" r44="1"></containerEntry>
        </property>
        <property name="colors" type="UInt32" container="DynamicArray" arraySize="10">
          <containerEntry>4294967295</containerEntry>
          <containerEntry>4294967295</containerEntry>
          <containerEntry>4294967295</containerEntry>
          <containerEntry>4294967295</containerEntry>
          <containerEntry>4294967295</containerEntry>
          <containerEntry>4294967295</containerEntry>
          <containerEntry>4294967295</containerEntry>
          <containerEntry>4294967295</containerEntry>
          <containerEntry>4294967295</containerEntry>
          <containerEntry>4294967295</containerEntry>
        </property>
      </staticProperties>
      <dynamicProperties></dynamicProperties>
    </entity>
    <entity class="StaticModelArray" classVersion="4" classID="0xD0" addr="0x317DC20" id="0x0">
      <staticProperties>
        <property name="name" type="String" container="StaticArray" arraySize="1">
          <containerEntry>StaticModelArray0003</containerEntry>
        </property>
        <property name="dataSet" type="EntityHandle" container="StaticArray" arraySize="1">
          <containerEntry>0x3353C70</containerEntry>
        </property>
        <property name="modelFile" type="FilePtr" container="StaticArray" arraySize="1">
          <containerEntry>/Assets/tpp/environ/object/afghanistan/cliff/afgh_clff022/scenes/afgh_clff022_vrtn003.fmdl</containerEntry>
        </property>
        <property name="geomFile" type="FilePtr" container="StaticArray" arraySize="1">
          <containerEntry>/Assets/tpp/environ/object/afghanistan/cliff/afgh_clff022/scenes/afgh_clff022_vrtn003.geom</containerEntry>
        </property>
        <property name="isVisibleGeom" type="Bool" container="StaticArray" arraySize="1">
          <containerEntry>false</containerEntry>
        </property>
        <property name="lodFarSize" type="Float" container="StaticArray" arraySize="1">
          <containerEntry>-1</containerEntry>
        </property>
        <property name="lodNearSize" type="Float" container="StaticArray" arraySize="1">
          <containerEntry>-1</containerEntry>
        </property>
        <property name="lodPolygonSize" type="Float" container="StaticArray" arraySize="1">
          <containerEntry>-1</containerEntry>
        </property>
        <property name="drawRejectionLevel" type="Int32" container="StaticArray" arraySize="1">
          <containerEntry>8</containerEntry>
        </property>
        <property name="drawMode" type="Int32" container="StaticArray" arraySize="1">
          <containerEntry>0</containerEntry>
        </property>
        <property name="rejectFarRangeShadowCast" type="Int32" container="StaticArray" arraySize="1">
          <containerEntry>2</containerEntry>
        </property>
        <property name="parentLocator" type="EntityLink" container="StaticArray" arraySize="1">
          <containerEntry packagePathHash="0xB8A0BF169F98" archivePathHash="0xB8A0BF169F98" nameInArchiveHash="0xB8A0BF169F98">0x0</containerEntry>
        </property>
        <property name="transforms" type="Matrix4" container="DynamicArray" arraySize="7">
          <containerEntry r11="0.24366564" r12="0" r13="0.9698596" r14="0" r21="0" r22="1" r23="0" r24="0" r31="-0.9698596" r32="0" r33="0.24366564" r34="0" r41="-950.23254" r42="440.79825" r43="-541.077" r44="1"></containerEntry>
          <containerEntry r11="-0.3944236" r12="-6.2584877e-07" r13="0.91892844" r14="0" r21="-0.15292828" r22="0.98605496" r23="-0.06563942" r24="0" r31="-0.9061139" r32="-0.16641994" r33="-0.38892347" r34="0" r41="-987.52783" r42="428.4456" r43="-543.86847" r44="1"></containerEntry>
          <containerEntry r11="0.52591634" r12="0.06437524" r13="0.84809625" r14="0" r21="-0.082580104" r22="0.9962853" r23="-0.02441456" r24="0" r31="-0.84651756" r32="-0.05719591" r33="0.5292789" r34="0" r41="-952.316" r42="428.01062" r43="-572.7395" r44="1"></containerEntry>
          <containerEntry r11="-0.70983595" r12="-0.008154424" r13="-0.70431787" r14="0" r21="0.016859252" r22="0.9994498" r23="-0.028562743" r24="0" r31="0.70416325" r32="-0.032149184" r33="-0.7093079" r34="0" r41="-900.56683" r42="453.1721" r43="-555.5011" r44="1"></containerEntry>
          <containerEntry r11="0.871428" r12="-0.011658633" r13="0.49038473" r14="0" r21="-0.0017928667" r22="0.99963516" r23="0.026951754" r24="0" r31="-0.49052003" r32="-0.024365706" r33="0.8710892" r34="0" r41="-942.0646" r42="441.84653" r43="-626.7669" r44="1"></containerEntry>
          <containerEntry r11="-0.8005675" r12="-0.04582145" r13="-0.5974889" r14="0" r21="0.011581393" r22="0.9957029" r23="-0.09187828" r24="0" r31="0.59913135" r32="-0.08047448" r33="-0.7965967" r34="0" r41="-945.3086" r42="440.89795" r43="-615.32385" r44="1"></containerEntry>
          <containerEntry r11="-0.99354935" r12="0" r13="0.11341465" r14="0" r21="0" r22="1" r23="0" r24="0" r31="-0.11341465" r32="0" r33="-0.99354935" r34="0" r41="-946.1719" r42="440.55173" r43="-552.2755" r44="1"></containerEntry>
        </property>
        <property name="colors" type="UInt32" container="DynamicArray" arraySize="7">
          <containerEntry>4294967295</containerEntry>
          <containerEntry>4294967295</containerEntry>
          <containerEntry>4294967295</containerEntry>
          <containerEntry>4294967295</containerEntry>
          <containerEntry>4294967295</containerEntry>
          <containerEntry>4294967295</containerEntry>
          <containerEntry>4294967295</containerEntry>
        </property>
      </staticProperties>
      <dynamicProperties></dynamicProperties>
    </entity>
    <entity class="StaticModelArray" classVersion="4" classID="0xD0" addr="0x317DC90" id="0x0">
      <staticProperties>
        <property name="name" type="String" container="StaticArray" arraySize="1">
          <containerEntry>StaticModelArray0004</containerEntry>
        </property>
        <property name="dataSet" type="EntityHandle" container="StaticArray" arraySize="1">
          <containerEntry>0x3353C70</containerEntry>
        </property>
        <property name="modelFile" type="FilePtr" container="StaticArray" arraySize="1">
          <containerEntry>/Assets/tpp/environ/object/afghanistan/cliff/afgh_clff025/scenes/afgh_clff025.fmdl</containerEntry>
        </property>
        <property name="geomFile" type="FilePtr" container="StaticArray" arraySize="1">
          <containerEntry>/Assets/tpp/environ/object/afghanistan/cliff/afgh_clff025/scenes/afgh_clff025.geom</containerEntry>
        </property>
        <property name="isVisibleGeom" type="Bool" container="StaticArray" arraySize="1">
          <containerEntry>false</containerEntry>
        </property>
        <property name="lodFarSize" type="Float" container="StaticArray" arraySize="1">
          <containerEntry>-1</containerEntry>
        </property>
        <property name="lodNearSize" type="Float" container="StaticArray" arraySize="1">
          <containerEntry>-1</containerEntry>
        </property>
        <property name="lodPolygonSize" type="Float" container="StaticArray" arraySize="1">
          <containerEntry>-1</containerEntry>
        </property>
        <property name="drawRejectionLevel" type="Int32" container="StaticArray" arraySize="1">
          <containerEntry>8</containerEntry>
        </property>
        <property name="drawMode" type="Int32" container="StaticArray" arraySize="1">
          <containerEntry>0</containerEntry>
        </property>
        <property name="rejectFarRangeShadowCast" type="Int32" container="StaticArray" arraySize="1">
          <containerEntry>2</containerEntry>
        </property>
        <property name="parentLocator" type="EntityLink" container="StaticArray" arraySize="1">
          <containerEntry packagePathHash="0xB8A0BF169F98" archivePathHash="0xB8A0BF169F98" nameInArchiveHash="0xB8A0BF169F98">0x0</containerEntry>
        </property>
        <property name="transforms" type="Matrix4" container="DynamicArray" arraySize="9">
          <containerEntry r11="0.91524255" r12="0.074210845" r13="-0.3960099" r14="0" r21="-0.06475743" r22="0.9972071" r23="0.037208237" r24="0" r31="0.3976651" r32="-0.00840999" r33="0.9174921" r34="0" r41="-1016.6834" r42="413.72232" r43="-589.7571" r44="1"></containerEntry>
          <containerEntry r11="-0.7728591" r12="-0.07782841" r13="0.62978363" r14="0" r21="0.015455773" r22="0.9898473" r23="0.14129186" r24="0" r31="-0.6343862" r32="0.11893278" r33="-0.76380956" r34="0" r41="-926" r42="436.79764" r43="-564" r44="1"></containerEntry>
          <containerEntry r11="0.8875921" r12="0.04051774" r13="0.45884502" r14="0" r21="0.001811754" r22="0.9958091" r23="-0.09143838" r24="0" r31="-0.4606269" r32="0.0819913" r33="0.88379884" r34="0" r41="-983.0334" r42="420.3348" r43="-618.5196" r44="1"></containerEntry>
          <containerEntry r11="0.6577114" r12="-0.07266611" r13="0.7497567" r14="0" r21="0.18338847" r22="0.9808351" r23="-0.06581224" r24="0" r31="-0.73060536" r32="0.18078223" r33="0.6584325" r34="0" r41="-975.9584" r42="419.9848" r43="-612.2821" r44="1"></containerEntry>
          <containerEntry r11="-0.90025467" r12="-0.09800411" r13="0.4241856" r14="0" r21="-0.04867039" r22="0.9908813" r23="0.12563977" r24="0" r31="-0.4326308" r32="0.0924627" r33="-0.8968155" r34="0" r41="-1017.6138" r42="411.1395" r43="-556.97314" r44="1"></containerEntry>
          <containerEntry r11="-0.02684236" r12="0.17682391" r13="0.9838761" r14="0" r21="-0.03922116" r22="0.9832869" r23="-0.17778802" r24="0" r31="-0.99886966" r32="-0.043361075" r33="-0.019458473" r34="0" r41="-902.38086" r42="437.48834" r43="-627.46466" r44="1"></containerEntry>
          <containerEntry r11="0.7511099" r12="-0.10724676" r13="0.65140736" r14="0" r21="0.04273058" r22="0.99254525" r23="0.114140294" r24="0" r31="-0.6587925" r32="-0.05789683" r33="0.7500932" r34="0" r41="-897.1933" r42="437.95084" r43="-617.6022" r44="1"></containerEntry>
          <containerEntry r11="-0.98804" r12="-0.1515722" r13="-0.028250758" r14="0" r21="-0.13509801" r22="0.76278764" r23="0.63237876" r24="0" r31="-0.07430184" r32="0.6286337" r33="-0.77414125" r34="0" r41="-978.6657" r42="417.36133" r43="-582.9975" r44="1"></containerEntry>
          <containerEntry r11="-0.91945654" r12="-0.14618364" r13="0.36500195" r14="0" r21="-0.11511209" r22="0.9877224" r23="0.10561056" r24="0" r31="-0.37595913" r32="0.055088334" r33="-0.92499536" r34="0" r41="-958.7227" r42="433.87076" r43="-527.856" r44="1"></containerEntry>
        </property>
        <property name="colors" type="UInt32" container="DynamicArray" arraySize="9">
          <containerEntry>4294967295</containerEntry>
          <containerEntry>4294967295</containerEntry>
          <containerEntry>4294967295</containerEntry>
          <containerEntry>4294967295</containerEntry>
          <containerEntry>4294967295</containerEntry>
          <containerEntry>4294967295</containerEntry>
          <containerEntry>4294967295</containerEntry>
          <containerEntry>4294967295</containerEntry>
          <containerEntry>4294967295</containerEntry>
        </property>
      </staticProperties>
      <dynamicProperties></dynamicProperties>
    </entity>
    <entity class="StaticModelArray" classVersion="4" classID="0xD0" addr="0x317DD00" id="0x0">
      <staticProperties>
        <property name="name" type="String" container="StaticArray" arraySize="1">
          <containerEntry>StaticModelArray0005</containerEntry>
        </property>
        <property name="dataSet" type="EntityHandle" container="StaticArray" arraySize="1">
          <containerEntry>0x3353C70</containerEntry>
        </property>
        <property name="modelFile" type="FilePtr" container="StaticArray" arraySize="1">
          <containerEntry>/Assets/tpp/environ/object/afghanistan/rock/afgh_rock006/scenes/afgh_rock006.fmdl</containerEntry>
        </property>
        <property name="geomFile" type="FilePtr" container="StaticArray" arraySize="1">
          <containerEntry>/Assets/tpp/environ/object/afghanistan/rock/afgh_rock006/scenes/afgh_rock006.geom</containerEntry>
        </property>
        <property name="isVisibleGeom" type="Bool" container="StaticArray" arraySize="1">
          <containerEntry>false</containerEntry>
        </property>
        <property name="lodFarSize" type="Float" container="StaticArray" arraySize="1">
          <containerEntry>-1</containerEntry>
        </property>
