<fox formatVersion="2" fileVersion="0">
  <entities>
    <entity class="DataSet" classVersion="0" classID="0xE8" addr="0x3354530" id="0xF20073">
      <staticProperties>
        <property name="name" type="String" container="StaticArray" arraySize="1">
          <containerEntry hash="0xB8A0BF169F98"></containerEntry>
        </property>
        <property name="dataSet" type="EntityHandle" container="StaticArray" arraySize="1">
          <containerEntry>0x0</containerEntry>
        </property>
        <property name="dataList" type="EntityPtr" container="StringMap" arraySize="8">
          <containerEntry key="cm_mafr_dc_grnd006">
            <data>0x3178970</data>
          </containerEntry>
          <containerEntry key="StaticModelArray0000">
            <data>0x317E6A0</data>
          </containerEntry>
          <containerEntry key="StaticModelArray0001">
            <data>0x317E710</data>
          </containerEntry>
          <containerEntry key="StaticModelArray0002">
            <data>0x317E630</data>
          </containerEntry>
          <containerEntry key="StaticModelArray0003">
            <data>0x317E2B0</data>
          </containerEntry>
          <containerEntry key="StaticModelArray0004">
            <data>0x317E1D0</data>
          </containerEntry>
          <containerEntry key="DecalArray0000">
            <data>0x317E320</data>
          </containerEntry>
          <containerEntry key="TexturePackLoadConditioner0000">
            <data>0x317F0B0</data>
          </containerEntry>
        </property>
      </staticProperties>
      <dynamicProperties></dynamicProperties>
    </entity>
    <entity class="Material" classVersion="6" classID="0xB0" addr="0x3178970" id="0xF201F9">
      <staticProperties>
        <property name="name" type="String" container="StaticArray" arraySize="1">
          <containerEntry>cm_mafr_dc_grnd006</containerEntry>
        </property>
        <property name="dataSet" type="EntityHandle" container="StaticArray" arraySize="1">
          <containerEntry>0x3354530</containerEntry>
        </property>
        <property name="materialName" type="String" container="StaticArray" arraySize="1">
          <containerEntry hash="0xB8A0BF169F98"></containerEntry>
        </property>
        <property name="shader" type="Path" container="StaticArray" arraySize="1">
          <containerEntry hash="0xB8A0BF169F98"></containerEntry>
        </property>
        <property name="diffuseTexture" type="Path" container="StaticArray" arraySize="1">
          <containerEntry>/Assets/tpp/common_source/fmtr/decal/middle_africa/cm_mafr_dc_grnd006/sourceimages/cm_mafr_dc_grnd006_bsm_alp.ftex</containerEntry>
        </property>
        <property name="srmTexture" type="Path" container="StaticArray" arraySize="1">
          <containerEntry>/Assets/tpp/common_source/fmtr/decal/middle_africa/cm_mafr_dc_grnd006/sourceimages/cm_mafr_dc_grnd006_srm.ftex</containerEntry>
        </property>
        <property name="normalTexture" type="Path" container="StaticArray" arraySize="1">
          <containerEntry>/Assets/tpp/common_source/fmtr/decal/middle_africa/cm_mafr_dc_grnd006/sourceimages/cm_mafr_dc_grnd006_nrm.ftex</containerEntry>
        </property>
        <property name="materialMapTexture" type="Path" container="StaticArray" arraySize="1">
          <containerEntry hash="0xB8A0BF169F98"></containerEntry>
        </property>
        <property name="materialIndex" type="UInt8" container="StaticArray" arraySize="1">
          <containerEntry>21</containerEntry>
        </property>
        <property name="diffuseColor" type="Color" container="StaticArray" arraySize="1">
          <containerEntry r="1" g="1" b="1" a="1"></containerEntry>
        </property>
        <property name="specularColor" type="Color" container="StaticArray" arraySize="1">
          <containerEntry r="0" g="0" b="0" a="0"></containerEntry>
        </property>
        <property name="fmtrPath" type="Path" container="StaticArray" arraySize="1">
          <containerEntry hash="0xB8A0BF169F98"></containerEntry>
        </property>
        <property name="residentFlag" type="Bool" container="StaticArray" arraySize="1">
          <containerEntry>false</containerEntry>
        </property>
      </staticProperties>
      <dynamicProperties></dynamicProperties>
    </entity>
    <entity class="StaticModelArray" classVersion="4" classID="0xD0" addr="0x317E6A0" id="0x0">
      <staticProperties>
        <property name="name" type="String" container="StaticArray" arraySize="1">
          <containerEntry>StaticModelArray0000</containerEntry>
        </property>
        <property name="dataSet" type="EntityHandle" container="StaticArray" arraySize="1">
          <containerEntry>0x3354530</containerEntry>
        </property>
        <property name="modelFile" type="FilePtr" container="StaticArray" arraySize="1">
          <containerEntry>/Assets/tpp/environ/object/middle_africa/tree/mafr_tree038/scenes/mafr_tree038.fmdl</containerEntry>
        </property>
        <property name="geomFile" type="FilePtr" container="StaticArray" arraySize="1">
          <containerEntry>/Assets/tpp/environ/object/middle_africa/tree/mafr_tree038/scenes/mafr_tree038.geom</containerEntry>
        </property>
        <property name="isVisibleGeom" type="Bool" container="StaticArray" arraySize="1">
          <containerEntry>false</containerEntry>
        </property>
        <property name="lodFarSize" type="Float" container="StaticArray" arraySize="1">
          <containerEntry>-1</containerEntry>
        </property>
        <property name="lodNearSize" type="Float" container="StaticArray" arraySize="1">
          <containerEntry>-1</containerEntry>
        </property>
        <property name="lodPolygonSize" type="Float" container="StaticArray" arraySize="1">
          <containerEntry>-1</containerEntry>
        </property>
        <property name="drawRejectionLevel" type="Int32" container="StaticArray" arraySize="1">
          <containerEntry>8</containerEntry>
        </property>
        <property name="drawMode" type="Int32" container="StaticArray" arraySize="1">
          <containerEntry>0</containerEntry>
        </property>
        <property name="rejectFarRangeShadowCast" type="Int32" container="StaticArray" arraySize="1">
          <containerEntry>2</containerEntry>
        </property>
        <property name="parentLocator" type="EntityLink" container="StaticArray" arraySize="1">
          <containerEntry packagePathHash="0xB8A0BF169F98" archivePathHash="0xB8A0BF169F98" nameInArchiveHash="0xB8A0BF169F98">0x0</containerEntry>
        </property>
        <property name="transforms" type="Matrix4" container="DynamicArray" arraySize="3">
          <containerEntry r11="1" r12="0" r13="0" r14="0" r21="0" r22="1" r23="0" r24="0" r31="0" r32="0" r33="1" r34="0" r41="2390.5684" r42="81.578995" r43="-318.8058" r44="1"></containerEntry>
          <containerEntry r11="0.6606257" r12="0" r13="0.75071543" r14="0" r21="0" r22="1" r23="0" r24="0" r31="-0.75071543" r32="0" r33="0.6606257" r34="0" r41="2367.2883" r42="81.578995" r43="-339.5058" r44="1"></containerEntry>
          <containerEntry r11="1" r12="0" r13="0" r14="0" r21="0" r22="1" r23="0" r24="0" r31="0" r32="0" r33="1" r34="0" r41="2413.852" r42="80.88864" r43="-360.83075" r44="1"></containerEntry>
        </property>
        <property name="colors" type="UInt32" container="DynamicArray" arraySize="3">
          <containerEntry>4294967295</containerEntry>
          <containerEntry>4294967295</containerEntry>
          <containerEntry>4294967295</containerEntry>
        </property>
      </staticProperties>
      <dynamicProperties></dynamicProperties>
    </entity>
    <entity class="StaticModelArray" classVersion="4" classID="0xD0" addr="0x317E710" id="0x0">
      <staticProperties>
        <property name="name" type="String" container="StaticArray" arraySize="1">
          <containerEntry>StaticModelArray0001</containerEntry>
        </property>
        <property name="dataSet" type="EntityHandle" container="StaticArray" arraySize="1">
          <containerEntry>0x3354530</containerEntry>
        </property>
        <property name="modelFile" type="FilePtr" container="StaticArray" arraySize="1">
          <containerEntry>/Assets/tpp/environ/object/middle_africa/rock/mafr_rock010/scenes/mafr_rock010.fmdl</containerEntry>
        </property>
        <property name="geomFile" type="FilePtr" container="StaticArray" arraySize="1">
          <containerEntry>/Assets/tpp/environ/object/middle_africa/rock/mafr_rock010/scenes/mafr_rock010.geom</containerEntry>
        </property>
        <property name="isVisibleGeom" type="Bool" container="StaticArray" arraySize="1">
          <containerEntry>false</containerEntry>
        </property>
        <property name="lodFarSize" type="Float" container="StaticArray" arraySize="1">
          <containerEntry>-1</containerEntry>
        </property>
        <property name="lodNearSize" type="Float" container="StaticArray" arraySize="1">
          <containerEntry>-1</containerEntry>
        </property>
        <property name="lodPolygonSize" type="Float" container="StaticArray" arraySize="1">
          <containerEntry>-1</containerEntry>
        </property>
        <property name="drawRejectionLevel" type="Int32" container="StaticArray" arraySize="1">
          <containerEntry>8</containerEntry>
        </property>
        <property name="drawMode" type="Int32" container="StaticArray" arraySize="1">
          <containerEntry>0</containerEntry>
        </property>
        <property name="rejectFarRangeShadowCast" type="Int32" container="StaticArray" arraySize="1">
          <containerEntry>2</containerEntry>
        </property>
        <property name="parentLocator" type="EntityLink" container="StaticArray" arraySize="1">
          <containerEntry packagePathHash="0xB8A0BF169F98" archivePathHash="0xB8A0BF169F98" nameInArchiveHash="0xB8A0BF169F98">0x0</containerEntry>
        </property>
        <property name="transforms" type="Matrix4" container="DynamicArray" arraySize="22">
          <containerEntry r11="0.35897332" r12="0" r13="-0.93334806" r14="0" r21="0" r22="1" r23="0" r24="0" r31="0.93334806" r32="0" r33="0.35897332" r34="0" r41="2355.749" r42="71.7298" r43="-267.3555" r44="1"></containerEntry>
          <containerEntry r11="-5.9604645e-07" r12="0" r13="-1.0000006" r14="0" r21="0" r22="1" r23="0" r24="0" r31="1.0000006" r32="0" r33="-5.9604645e-07" r34="0" r41="2332.5505" r42="69.39556" r43="-258.55978" r44="1"></containerEntry>
          <containerEntry r11="0.4694491" r12="0" r13="-0.8829598" r14="0" r21="0" r22="1" r23="0" r24="0" r31="0.8829598" r32="0" r33="0.4694491" r34="0" r41="2321.6853" r42="70.804726" r43="-271.60367" r44="1"></containerEntry>
          <containerEntry r11="0.35897332" r12="0" r13="-0.93334806" r14="0" r21="0" r22="1" r23="0" r24="0" r31="0.93334806" r32="0" r33="0.35897332" r34="0" r41="2386.9846" r42="71.75199" r43="-269.02982" r44="1"></containerEntry>
          <containerEntry r11="0.27289778" r12="0" r13="0.9620437" r14="0" r21="0" r22="1" r23="0" r24="0" r31="-0.9620437" r32="0" r33="0.27289778" r34="0" r41="2384.1792" r42="81.400955" r43="-344.01785" r44="1"></containerEntry>
          <containerEntry r11="1" r12="0" r13="0" r14="0" r21="0" r22="1" r23="0" r24="0" r31="0" r32="0" r33="1" r34="0" r41="2320.5618" r42="69.042984" r43="-290.57947" r44="1"></containerEntry>
          <containerEntry r11="1" r12="0" r13="0" r14="0" r21="0" r22="1" r23="0" r24="0" r31="0" r32="0" r33="1" r34="0" r41="2316.4844" r42="70.873634" r43="-350.70236" r44="1"></containerEntry>
          <containerEntry r11="0.22514182" r12="0" r13="0.9743259" r14="0" r21="0" r22="1" r23="0" r24="0" r31="-0.9743259" r32="0" r33="0.22514182" r34="0" r41="2323.7708" r42="72.20251" r43="-331.63303" r44="1"></containerEntry>
          <containerEntry r11="0.91356015" r12="0" r13="0.40670344" r14="0" r21="0" r22="1" r23="0" r24="0" r31="-0.40670344" r32="0" r33="0.91356015" r34="0" r41="2337.9465" r42="71.24529" r43="-298.7547" r44="1"></containerEntry>
          <containerEntry r11="1" r12="0" r13="0" r14="0" r21="0" r22="1" r23="0" r24="0" r31="0" r32="0" r33="1" r34="0" r41="2351.4958" r42="72.187645" r43="-283.0342" r44="1"></containerEntry>
          <containerEntry r11="-0.3096126" r12="-0.22319356" r13="0.92429805" r14="0" r21="0.11006528" r22="0.9571148" r23="0.26798669" r24="0" r31="-0.9444723" r32="0.18470481" r33="-0.27176905" r34="0" r41="2406.729" r42="72.50213" r43="-285.09406" r44="1"></containerEntry>
          <containerEntry r11="0.35897332" r12="0" r13="-0.93334806" r14="0" r21="0" r22="1" r23="0" r24="0" r31="0.93334806" r32="0" r33="0.35897332" r34="0" r41="2404.6821" r42="81.30015" r43="-308.72644" r44="1"></containerEntry>
          <containerEntry r11="0.35897332" r12="0" r13="-0.93334806" r14="0" r21="0" r22="1" r23="0" r24="0" r31="0.93334806" r32="0" r33="0.35897332" r34="0" r41="2414.0833" r42="80.824684" r43="-325.472" r44="1"></containerEntry>
          <containerEntry r11="0.9457096" r12="0" r13="-0.32501283" r14="0" r21="0" r22="1" r23="0" r24="0" r31="0.32501283" r32="0" r33="0.9457096" r34="0" r41="2392.5107" r42="81.05349" r43="-371.4536" r44="1"></containerEntry>
          <containerEntry r11="0.9920992" r12="0" r13="0.12545548" r14="0" r21="0" r22="1" r23="0" r24="0" r31="-0.12545548" r32="0" r33="0.9920992" r34="0" r41="2416.1743" r42="79.22262" r43="-365.72452" r44="1"></containerEntry>
          <containerEntry r11="-0.058908224" r12="0" r13="0.9982627" r14="0" r21="0" r22="1" r23="0" r24="0" r31="-0.9982627" r32="0" r33="-0.058908224" r34="0" r41="2410.126" r42="80.5349" r43="-342.60712" r44="1"></containerEntry>
          <containerEntry r11="-0.93695676" r12="0" r13="0.34944278" r14="0" r21="0" r22="1" r23="0" r24="0" r31="-0.34944278" r32="0" r33="-0.93695676" r34="0" r41="2398.8318" r42="79.66223" r43="-324.52216" r44="1"></containerEntry>
          <containerEntry r11="0.22514182" r12="0" r13="0.9743259" r14="0" r21="0" r22="1" r23="0" r24="0" r31="-0.9743259" r32="0" r33="0.22514182" r34="0" r41="2324.4373" r42="70.41429" r43="-313.69388" r44="1"></containerEntry>
          <containerEntry r11="0.35897332" r12="0" r13="-0.93334806" r14="0" r21="0" r22="1" r23="0" r24="0" r31="0.93334806" r32="0" r33="0.35897332" r34="0" r41="2375.5347" r42="71.941986" r43="-268.1498" r44="1"></containerEntry>
          <containerEntry r11="0.9643025" r12="-0.12501235" r13="-0.23343652" r14="0" r21="0.052003026" r22="0.9537835" r23="-0.2959607" r24="0" r31="0.25964665" r32="0.2732562" r33="0.9262368" r34="0" r41="2382.242" r42="70.902" r43="-260.99225" r44="1"></containerEntry>
          <containerEntry r11="0.11533713" r12="0" r13="0.99332625" r14="0" r21="0" r22="1" r23="0" r24="0" r31="-0.99332625" r32="0" r33="0.11533713" r34="0" r41="2405.0962" r42="79.25507" r43="-362.73483" r44="1"></containerEntry>
          <containerEntry r11="-0.9614357" r12="0" r13="0.27503142" r14="0" r21="0" r22="1" r23="0" r24="0" r31="-0.27503142" r32="0" r33="-0.9614357" r34="0" r41="2401.1208" r42="79.248344" r43="-363.92252" r44="1"></containerEntry>
        </property>
        <property name="colors" type="UInt32" container="DynamicArray" arraySize="22">
          <containerEntry>4294967295</containerEntry>
          <containerEntry>4294967295</containerEntry>
          <containerEntry>4294967295</containerEntry>
          <containerEntry>4294967295</containerEntry>
          <containerEntry>4294967295</containerEntry>
          <containerEntry>4294967295</containerEntry>
          <containerEntry>4294967295</containerEntry>
          <containerEntry>4294967295</containerEntry>
          <containerEntry>4294967295</containerEntry>
          <containerEntry>4294967295</containerEntry>
          <containerEntry>4294967295</containerEntry>
          <containerEntry>4294967295</containerEntry>
          <containerEntry>4294967295</containerEntry>
          <containerEntry>4294967295</containerEntry>
          <containerEntry>4294967295</containerEntry>
          <containerEntry>4294967295</containerEntry>
          <containerEntry>4294967295</containerEntry>
          <containerEntry>4294967295</containerEntry>
          <containerEntry>4294967295</containerEntry>
          <containerEntry>4294967295</containerEntry>
          <containerEntry>4294967295</containerEntry>
          <containerEntry>4294967295</containerEntry>
        </property>
      </staticProperties>
      <dynamicProperties></dynamicProperties>
    </entity>
    <entity class="StaticModelArray" classVersion="4" classID="0xD0" addr="0x317E630" id="0x0">
      <staticProperties>
        <property name="name" type="String" container="StaticArray" arraySize="1">
          <containerEntry>StaticModelArray0002</containerEntry>
        </property>
        <property name="dataSet" type="EntityHandle" container="StaticArray" arraySize="1">
          <containerEntry>0x3354530</containerEntry>
        </property>
        <property name="modelFile" type="FilePtr" container="StaticArray" arraySize="1">
          <containerEntry>/Assets/tpp/environ/object/middle_africa/cliff/mafr_clff003/scenes/mafr_clff003.fmdl</containerEntry>
        </property>
        <property name="geomFile" type="FilePtr" container="StaticArray" arraySize="1">
          <containerEntry>/Assets/tpp/environ/object/middle_africa/cliff/mafr_clff003/scenes/mafr_clff003.geom</containerEntry>
        </property>
        <property name="isVisibleGeom" type="Bool" container="StaticArray" arraySize="1">
          <containerEntry>false</containerEntry>
        </property>
        <property name="lodFarSize" type="Float" container="StaticArray" arraySize="1">
          <containerEntry>-1</containerEntry>
        </property>
        <property name="lodNearSize" type="Float" container="StaticArray" arraySize="1">
          <containerEntry>-1</containerEntry>
        </property>
        <property name="lodPolygonSize" type="Float" container="StaticArray" arraySize="1">
          <containerEntry>-1</containerEntry>
        </property>
        <property name="drawRejectionLevel" type="Int32" container="StaticArray" arraySize="1">
          <containerEntry>5</containerEntry>
        </property>
        <property name="drawMode" type="Int32" container="StaticArray" arraySize="1">
          <containerEntry>0</containerEntry>
        </property>
        <property name="rejectFarRangeShadowCast" type="Int32" container="StaticArray" arraySize="1">
          <containerEntry>2</containerEntry>
        </property>
        <property name="parentLocator" type="EntityLink" container="StaticArray" arraySize="1">
          <containerEntry packagePathHash="0xB8A0BF169F98" archivePathHash="0xB8A0BF169F98" nameInArchiveHash="0xB8A0BF169F98">0x0</containerEntry>
        </property>
        <property name="transforms" type="Matrix4" container="DynamicArray" arraySize="3">
          <containerEntry r11="0.065207005" r12="0" r13="0.99787194" r14="0" r21="0" r22="1" r23="0" r24="0" r31="-0.99787194" r32="0" r33="0.065207005" r34="0" r41="2356.5178" r42="80.27666" r43="-335.50815" r44="1"></containerEntry>
          <containerEntry r11="0.76218045" r12="0" r13="0.6473646" r14="0" r21="0" r22="1" r23="0" r24="0" r31="-0.6473646" r32="0" r33="0.76218045" r34="0" r41="2368.9033" r42="79.70338" r43="-311.62958" r44="1"></containerEntry>
          <containerEntry r11="0.98709774" r12="0" r13="0.16011898" r14="0" r21="0" r22="1" r23="0" r24="0" r31="-0.16011898" r32="0" r33="0.98709774" r34="0" r41="2428.6133" r42="79.263374" r43="-296.37958" r44="1"></containerEntry>
        </property>
        <property name="colors" type="UInt32" container="DynamicArray" arraySize="3">
          <containerEntry>4294967295</containerEntry>
          <containerEntry>4294967295</containerEntry>
          <containerEntry>4294967295</containerEntry>
        </property>
      </staticProperties>
      <dynamicProperties></dynamicProperties>
    </entity>
    <entity class="StaticModelArray" classVersion="4" classID="0xD0" addr="0x317E2B0" id="0x0">
      <staticProperties>
        <property name="name" type="String" container="StaticArray" arraySize="1">
          <containerEntry>StaticModelArray0003</containerEntry>
        </property>
        <property name="dataSet" type="EntityHandle" container="StaticArray" arraySize="1">
          <containerEntry>0x3354530</containerEntry>
        </property>
        <property name="modelFile" type="FilePtr" container="StaticArray" arraySize="1">
          <containerEntry>/Assets/tpp/environ/object/middle_africa/rock/mafr_rock002/scenes/mafr_rock002.fmdl</containerEntry>
        </property>
        <property name="geomFile" type="FilePtr" container="StaticArray" arraySize="1">
          <containerEntry>/Assets/tpp/environ/object/middle_africa/rock/mafr_rock002/scenes/mafr_rock002.geom</containerEntry>
        </property>
        <property name="isVisibleGeom" type="Bool" container="StaticArray" arraySize="1">
          <containerEntry>false</containerEntry>
        </property>
        <property name="lodFarSize" type="Float" container="StaticArray" arraySize="1">
          <containerEntry>-1</containerEntry>
        </property>
        <property name="lodNearSize" type="Float" container="StaticArray" arraySize="1">
          <containerEntry>-1</containerEntry>
        </property>
        <property name="lodPolygonSize" type="Float" container="StaticArray" arraySize="1">
          <containerEntry>-1</containerEntry>
        </property>
        <property name="drawRejectionLevel" type="Int32" container="StaticArray" arraySize="1">
          <containerEntry>8</containerEntry>
        </property>
        <property name="drawMode" type="Int32" container="StaticArray" arraySize="1">
          <containerEntry>0</containerEntry>
        </property>
        <property name="rejectFarRangeShadowCast" type="Int32" container="StaticArray" arraySize="1">
          <containerEntry>2</containerEntry>
        </property>
        <property name="parentLocator" type="EntityLink" container="StaticArray" arraySize="1">
          <containerEntry packagePathHash="0xB8A0BF169F98" archivePathHash="0xB8A0BF169F98" nameInArchiveHash="0xB8A0BF169F98">0x0</containerEntry>
        </property>
        <property name="transforms" type="Matrix4" container="DynamicArray" arraySize="30">
          <containerEntry r11="0.59170717" r12="0" r13="0.80615085" r14="0" r21="0" r22="1" r23="0" r24="0" r31="-0.80615085" r32="0" r33="0.59170717" r34="0" r41="2352.5947" r42="72.05789" r43="-264.33765" r44="1"></containerEntry>
          <containerEntry r11="-0.81376344" r12="0" r13="0.5811875" r14="0" r21="0" r22="1" r23="0" r24="0" r31="-0.5811875" r32="0" r33="-0.81376344" r34="0" r41="2305.0818" r42="71.97041" r43="-272.37283" r44="1"></containerEntry>
          <containerEntry r11="0.571877" r12="-0.14594589" r13="0.807252" r14="0" r21="0.084365286" r22="0.98929256" r23="0.11909115" r24="0" r31="-0.8159893" r32="-1.3485551e-06" r33="0.5780664" r34="0" r41="2415.538" r42="82.67289" r43="-336.88397" r44="1"></containerEntry>
          <containerEntry r11="-0.96152794" r12="0" r13="0.27470055" r14="0" r21="0" r22="1" r23="0" r24="0" r31="-0.27470055" r32="0" r33="-0.96152794" r34="0" r41="2385.395" r42="72.40798" r43="-290.52832" r44="1"></containerEntry>
          <containerEntry r11="1" r12="0" r13="0" r14="0" r21="0" r22="1" r23="0" r24="0" r31="0" r32="0" r33="1" r34="0" r41="2407.304" r42="81.23591" r43="-310.71362" r44="1"></containerEntry>
          <containerEntry r11="0.82717174" r12="0" r13="-0.5619423" r14="0" r21="0" r22="1" r23="0" r24="0" r31="0.5619423" r32="0" r33="0.82717174" r34="0" r41="2383.6292" r42="82.080574" r43="-322.9653" r44="1"></containerEntry>
          <containerEntry r11="0.9562849" r12="0" r13="-0.29243642" r14="0" r21="0" r22="1" r23="0" r24="0" r31="0.29243642" r32="0" r33="0.9562849" r34="0" r41="2396.4788" r42="81.51657" r43="-371.98404" r44="1"></containerEntry>
          <containerEntry r11="-0.26471472" r12="0" r13="-0.9643245" r14="0" r21="0" r22="1" r23="0" r24="0" r31="0.9643245" r32="0" r33="-0.26471472" r34="0" r41="2397.816" r42="83.04211" r43="-346.1926" r44="1"></containerEntry>
          <containerEntry r11="-0.62380135" r12="0" r13="-0.78157645" r14="0" r21="0" r22="1" r23="0" r24="0" r31="0.78157645" r32="0" r33="-0.62380135" r34="0" r41="2420.2146" r42="81.00006" r43="-303.30063" r44="1"></containerEntry>
          <containerEntry r11="0.49676278" r12="0" r13="0.8678818" r14="0" r21="0" r22="1" r23="0" r24="0" r31="-0.8678818" r32="0" r33="0.49676278" r34="0" r41="2374.5835" r42="82.464714" r43="-323.03647" r44="1"></containerEntry>
          <containerEntry r11="0.875133" r12="0" r13="0.48388246" r14="0" r21="0" r22="1" r23="0" r24="0" r31="-0.48388246" r32="0" r33="0.875133" r34="0" r41="2386.738" r42="82.911476" r43="-339.16003" r44="1"></containerEntry>
          <containerEntry r11="0.79109013" r12="0" r13="-0.6116946" r14="0" r21="0" r22="1" r23="0" r24="0" r31="0.6116946" r32="0" r33="0.79109013" r34="0" r41="2366.4668" r42="73.1733" r43="-280.09564" r44="1"></containerEntry>
          <containerEntry r11="-0.7448905" r12="0" r13="0.66718054" r14="0" r21="0" r22="1" r23="0" r24="0" r31="-0.66718054" r32="0" r33="-0.7448905" r34="0" r41="2361.854" r42="82.032845" r43="-341.827" r44="1"></containerEntry>
          <containerEntry r11="0.28772047" r12="0" r13="-0.95771104" r14="0" r21="0" r22="1" r23="0" r24="0" r31="0.95771104" r32="0" r33="0.28772047" r34="0" r41="2329.5588" r42="71.67947" r43="-365.2851" r44="1"></containerEntry>
          <containerEntry r11="-0.92755246" r12="0" r13="0.3736694" r14="0" r21="0" r22="1" r23="0" r24="0" r31="-0.3736694" r32="0" r33="-0.92755246" r34="0" r41="2338.7634" r42="71.66229" r43="-375.53268" r44="1"></containerEntry>
          <containerEntry r11="0.49676278" r12="0" r13="0.8678818" r14="0" r21="0" r22="1" r23="0" r24="0" r31="-0.8678818" r32="0" r33="0.49676278" r34="0" r41="2320.2559" r42="71.89888" r43="-354.0125" r44="1"></containerEntry>
          <containerEntry r11="-0.0975985" r12="0" r13="-0.9952234" r14="0" r21="0" r22="1" r23="0" r24="0" r31="0.9952234" r32="0" r33="-0.0975985" r34="0" r41="2323.7751" r42="71.65925" r43="-271.9046" r44="1"></containerEntry>
          <containerEntry r11="0.9021986" r12="0" r13="-0.43131402" r14="0" r21="0" r22="1" r23="0" r24="0" r31="0.43131402" r32="0" r33="0.9021986" r34="0" r41="2310.536" r42="71.49226" r43="-311.22568" r44="1"></containerEntry>
          <containerEntry r11="0.6809876" r12="0" r13="0.73229086" r14="0" r21="0" r22="1" r23="0" r24="0" r31="-0.73229086" r32="0" r33="0.6809876" r34="0" r41="2339.7383" r42="71.831215" r43="-285.83008" r44="1"></containerEntry>
          <containerEntry r11="0.6942118" r12="0" r13="-0.719765" r14="0" r21="0" r22="1" r23="0" r24="0" r31="0.719765" r32="0" r33="0.6942118" r34="0" r41="2357.6865" r42="81.43204" r43="-370.0871" r44="1"></containerEntry>
          <containerEntry r11="0.49676278" r12="0" r13="0.8678818" r14="0" r21="0" r22="1" r23="0" r24="0" r31="-0.8678818" r32="0" r33="0.49676278" r34="0" r41="2362.0615" r42="81.76064" r43="-362.5706" r44="1"></containerEntry>
          <containerEntry r11="0.8893173" r12="-0.18761054" r13="0.4170335" r14="0" r21="0.16986156" r22="0.9822435" r23="0.07965405" r24="0" r31="-0.42457235" r32="2.9802322e-07" r33="0.9053939" r34="0" r41="2390.4844" r42="76.27772" r43="-295.6025" r44="1"></containerEntry>
          <containerEntry r11="0.84913427" r12="-0.10432835" r13="0.5177711" r14="0" r21="0.08907512" r22="0.9945429" r23="0.054314166" r24="0" r31="-0.5206121" r32="4.4330955e-07" r33="0.8537935" r34="0" r41="2380.6875" r42="79.60083" r43="-299.2461" r44="1"></containerEntry>
          <containerEntry r11="0.4398715" r12="0" r13="0.89806044" r14="0" r21="0" r22="1" r23="0" r24="0" r31="-0.89806044" r32="0" r33="0.4398715" r34="0" r41="2384.058" r42="73.478294" r43="-271.0111" r44="1"></containerEntry>
          <containerEntry r11="0.6363806" r12="0" r13="-0.77136964" r14="0" r21="0" r22="1" r23="0" r24="0" r31="0.77136964" r32="0" r33="0.6363806" r34="0" r41="2423.4802" r42="80.56158" r43="-331.3487" r44="1"></containerEntry>
          <containerEntry r11="0.8858778" r12="0" r13="0.46390998" r14="0" r21="0" r22="1" r23="0" r24="0" r31="-0.46390998" r32="0" r33="0.8858778" r34="0" r41="2421.1877" r42="81.11568" r43="-337.25513" r44="1"></containerEntry>
          <containerEntry r11="-0.26471472" r12="0" r13="-0.9643245" r14="0" r21="0" r22="1" r23="0" r24="0" r31="0.9643245" r32="0" r33="-0.26471472" r34="0" r41="2386.546" r42="82.51211" r43="-371.63263" r44="1"></containerEntry>
          <containerEntry r11="0.12685984" r12="0.091908686" r13="-0.9876509" r14="0" r21="0.0626279" r22="0.9929693" r23="0.10044781" r24="0" r31="0.989939" r32="-0.07459728" r33="0.12021189" r34="0" r41="2414.7847" r42="82.14401" r43="-375.06992" r44="1"></containerEntry>
          <containerEntry r11="0.6809876" r12="0" r13="0.73229086" r14="0" r21="0" r22="1" r23="0" r24="0" r31="-0.73229086" r32="0" r33="0.6809876" r34="0" r41="2332.3704" r42="73.3337" r43="-308.50623" r44="1"></containerEntry>
          <containerEntry r11="-0.24116874" r12="0" r13="0.97048014" r14="0" r21="0" r22="1" r23="0" r24="0" r31="-0.97048014" r32="0" r33="-0.24116874" r34="0" r41="2331.5476" r42="73.04007" r43="-316.56885" r44="1"></containerEntry>
        </property>
        <property name="colors" type="UInt32" container="DynamicArray" arraySize="30">
          <containerEntry>4294967295</containerEntry>
          <containerEntry>4294967295</containerEntry>
          <containerEntry>4294967295</containerEntry>
          <containerEntry>4294967295</containerEntry>
          <containerEntry>4294967295</containerEntry>
          <containerEntry>4294967295</containerEntry>
          <containerEntry>4294967295</containerEntry>
          <containerEntry>4294967295</containerEntry>
          <containerEntry>4294967295</containerEntry>
          <containerEntry>4294967295</containerEntry>
          <containerEntry>4294967295</containerEntry>
          <containerEntry>4294967295</containerEntry>
          <containerEntry>4294967295</containerEntry>
          <containerEntry>4294967295</containerEntry>
          <containerEntry>4294967295</containerEntry>
          <containerEntry>4294967295</containerEntry>
          <containerEntry>4294967295</containerEntry>
          <containerEntry>4294967295</containerEntry>
          <containerEntry>4294967295</containerEntry>
          <containerEntry>4294967295</containerEntry>
          <containerEntry>4294967295</containerEntry>
          <containerEntry>4294967295</containerEntry>
          <containerEntry>4294967295</containerEntry>
          <containerEntry>4294967295</containerEntry>
          <containerEntry>4294967295</containerEntry>
          <containerEntry>4294967295</containerEntry>
          <containerEntry>4294967295</containerEntry>
          <containerEntry>4294967295</containerEntry>
          <containerEntry>4294967295</containerEntry>
          <containerEntry>4294967295</containerEntry>
        </property>
      </staticProperties>
      <dynamicProperties></dynamicProperties>
    </entity>
    <entity class="StaticModelArray" classVersion="4" classID="0xD0" addr="0x317E1D0" id="0x0">
      <staticProperties>
        <property name="name" type="String" container="StaticArray" arraySize="1">
          <containerEntry>StaticModelArray0004</containerEntry>
        </property>
        <property name="dataSet" type="EntityHandle" container="StaticArray" arraySize="1">
          <containerEntry>0x3354530</containerEntry>
        </property>
        <property name="modelFile" type="FilePtr" container="StaticArray" arraySize="1">
          <containerEntry>/Assets/tpp/environ/object/middle_africa/rock/mafr_rock011/scenes/mafr_rock011.fmdl</containerEntry>
        </property>
        <property name="geomFile" type="FilePtr" container="StaticArray" arraySize="1">
          <containerEntry>/Assets/tpp/environ/object/middle_africa/rock/mafr_rock011/scenes/mafr_rock011.geom</containerEntry>
        </property>
        <property name="isVisibleGeom" type="Bool" container="StaticArray" arraySize="1">
          <containerEntry>false</containerEntry>
        </property>
        <property name="lodFarSize" type="Float" container="StaticArray" arraySize="1">
          <containerEntry>-1</containerEntry>
        </property>
        <property name="lodNearSize" type="Float" container="StaticArray" arraySize="1">
          <containerEntry>-1</containerEntry>
        </property>
        <property name="lodPolygonSize" type="Float" container="StaticArray" arraySize="1">
          <containerEntry>-1</containerEntry>
        </property>
        <property name="drawRejectionLevel" type="Int32" container="StaticArray" arraySize="1">
          <containerEntry>8</containerEntry>
        </property>
        <property name="drawMode" type="Int32" container="StaticArray" arraySize="1">
          <containerEntry>0</containerEntry>
        </property>
        <property name="rejectFarRangeShadowCast" type="Int32" container="StaticArray" arraySize="1">
          <containerEntry>2</containerEntry>
        </property>
        <property name="parentLocator" type="EntityLink" container="StaticArray" arraySize="1">
          <containerEntry packagePathHash="0xB8A0BF169F98" archivePathHash="0xB8A0BF169F98" nameInArchiveHash="0xB8A0BF169F98">0x0</containerEntry>
        </property>
        <property name="transforms" type="Matrix4" container="DynamicArray" arraySize="2">
          <containerEntry r11="-0.32712352" r12="0" r13="-0.9449817" r14="0" r21="0" r22="1" r23="0" r24="0" r31="0.9449817" r32="0" r33="-0.32712352" r34="0" r41="2420.1228" r42="76.11782" r43="-365.35797" r44="1"></containerEntry>
          <containerEntry r11="0.17796618" r12="0" r13="-0.9840362" r14="0" r21="0" r22="1" r23="0" r24="0" r31="0.9840362" r32="0" r33="0.17796618" r34="0" r41="2337.035" r42="71.848114" r43="-353.31622" r44="1"></containerEntry>
        </property>
        <property name="colors" type="UInt32" container="DynamicArray" arraySize="2">
          <containerEntry>4294967295</containerEntry>
          <containerEntry>4294967295</containerEntry>
        </property>
      </staticProperties>
      <dynamicProperties></dynamicProperties>
    </entity>
    <entity class="DecalArray" classVersion="1" classID="0x1C0" addr="0x317E320" id="0x0">
      <staticProperties>
        <property name="name" type="String" container="StaticArray" arraySize="1">
          <containerEntry>DecalArray0000</containerEntry>
        </property>
        <property name="dataSet" type="EntityHandle" container="StaticArray" arraySize="1">
          <containerEntry>0x3354530</containerEntry>
        </property>
        <property name="parent" type="EntityHandle" container="StaticArray" arraySize="1">
          <containerEntry>0x0</containerEntry>
        </property>
        <property name="transform" type="EntityPtr" container="StaticArray" arraySize="1">
          <containerEntry>0x0</containerEntry>
        </property>
        <property name="shearTransform" type="EntityPtr" container="StaticArray" arraySize="1">
          <containerEntry>0x0</containerEntry>
        </property>
        <property name="pivotTransform" type="EntityPtr" container="StaticArray" arraySize="1">
          <containerEntry>0x0</containerEntry>
        </property>
        <property name="children" type="EntityHandle" container="List"></property>
        <property name="flags" type="UInt32" container="StaticArray" arraySize="1">
          <containerEntry>134217735</containerEntry>
        </property>
        <property name="material" type="EntityLink" container="StaticArray" arraySize="1">
          <containerEntry packagePathHash="0xB8A0BF169F98" archivePath="/Assets/tpp/level/location/mafr/block_small/151/151_130/mafr_151_130_asset.fox2" nameInArchive="cm_mafr_dc_grnd006">0x3178970</containerEntry>
        </property>
        <property name="projectionMode" type="Int32" container="StaticArray" arraySize="1">
          <containerEntry>0</containerEntry>
        </property>
        <property name="nearClipScale" type="Float" container="StaticArray" arraySize="1">
          <containerEntry>0.5</containerEntry>
        </property>
        <property name="projectionTarget" type="Int32" container="StaticArray" arraySize="1">
          <containerEntry>1</containerEntry>
        </property>
        <property name="repeatU" type="Float" container="StaticArray" arraySize="1">
          <containerEntry>1</containerEntry>
        </property>
        <property name="repeatV" type="Float" container="StaticArray" arraySize="1">
          <containerEntry>1</containerEntry>
        </property>
        <property name="transparency" type="Float" container="StaticArray" arraySize="1">
          <containerEntry>1</containerEntry>
        </property>
        <property name="polygonDataSource" type="Int32" container="StaticArray" arraySize="1">
          <containerEntry>0</containerEntry>
        </property>
        <property name="drawRejectionLevel" type="Int32" container="StaticArray" arraySize="1">
          <containerEntry>1</containerEntry>
        </property>
        <property name="drawRejectionDegree" type="Float" container="StaticArray" arraySize="1">
          <containerEntry>90</containerEntry>
        </property>
        <property name="decalFlags" type="UInt32" container="StaticArray" arraySize="1">
          <containerEntry>4</containerEntry>
        </property>
        <property name="scales" type="Vector3" container="DynamicArray" arraySize="4">
          <containerEntry x="6.000027" y="2" z="6.000028" w="0"></containerEntry>
          <containerEntry x="5.999998" y="2" z="5.999998" w="0"></containerEntry>
          <containerEntry x="5.9999957" y="2" z="5.9999957" w="0"></containerEntry>
          <containerEntry x="6.000009" y="2" z="6.000009" w="0"></containerEntry>
        </property>
        <property name="rotations" type="Quat" container="DynamicArray" arraySize="4">
          <containerEntry x="0" y="-0.82708794" z="0" w="0.5620726"></containerEntry>
          <containerEntry x="0" y="0.6993859" z="0" w="0.71474415"></containerEntry>
          <containerEntry x="-0.008493995" y="0.6915321" z="-0.006841" w="0.7222636"></containerEntry>
          <containerEntry x="0" y="0.9955616" z="0" w="0.0941119"></containerEntry>
        </property>
        <property name="translations" type="Vector3" container="DynamicArray" arraySize="4">
          <containerEntry x="2327.0278" y="70.941635" z="-280.8636" w="1"></containerEntry>
          <containerEntry x="2315.9177" y="72.29203" z="-331.33282" w="1"></containerEntry>
          <containerEntry x="2307.7327" y="71.75381" z="-320.6759" w="1"></containerEntry>
          <containerEntry x="2342.399" y="71.48417" z="-265.92126" w="1"></containerEntry>
        </property>
        <property name="targets" type="EntityLink" container="DynamicArray" arraySize="1">
          <containerEntry packagePath="/Assets/tpp/pack/location/mafr/pack_common/mafr_common.fpk" archivePath="/Assets/tpp/level/location/mafr/block_common/mafr_common_terrain.fox2" nameInArchive="TerrainRender0000">0x0</containerEntry>
        </property>
        <property name="targetIndices" type="UInt32" container="DynamicArray" arraySize="4">
          <containerEntry>0</containerEntry>
          <containerEntry>0</containerEntry>
          <containerEntry>0</containerEntry>
          <containerEntry>0</containerEntry>
        </property>
        <property name="targetStartIndices" type="UInt32" container="DynamicArray" arraySize="5">
          <containerEntry>0</containerEntry>
          <containerEntry>1</containerEntry>
          <containerEntry>2</containerEntry>
