<fox formatVersion="2" fileVersion="0">
  <entities>
    <entity class="DataSet" classVersion="0" classID="0xE8" addr="0x3352FC0" id="0x17F877">
      <staticProperties>
        <property name="name" type="String" container="StaticArray" arraySize="1">
          <containerEntry hash="0xB8A0BF169F98"></containerEntry>
        </property>
        <property name="dataSet" type="EntityHandle" container="StaticArray" arraySize="1">
          <containerEntry>0x0</containerEntry>
        </property>
        <property name="dataList" type="EntityPtr" container="StringMap" arraySize="15">
          <containerEntry key="afgh_clff007_0000">
            <data>0x317B8B0</data>
          </containerEntry>
          <containerEntry key="afgh_rock009_rock002_0014">
            <data>0x317DC90</data>
          </containerEntry>
          <containerEntry key="StaticModelArray0000">
            <data>0x3351AC0</data>
          </containerEntry>
          <containerEntry key="StaticModelArray0001">
            <data>0x3351B30</data>
          </containerEntry>
          <containerEntry key="StaticModelArray0002">
            <data>0x3351660</data>
          </containerEntry>
          <containerEntry key="StaticModelArray0003">
            <data>0x33519E0</data>
          </containerEntry>
          <containerEntry key="StaticModelArray0004">
            <data>0x3351120</data>
          </containerEntry>
          <containerEntry key="StaticModelArray0005">
            <data>0x3352AF0</data>
          </containerEntry>
          <containerEntry key="StaticModelArray0006">
            <data>0x317E550</data>
          </containerEntry>
          <containerEntry key="StaticModelArray0007">
            <data>0x3350F60</data>
          </containerEntry>
          <containerEntry key="StaticModelArray0008">
            <data>0x3350FD0</data>
          </containerEntry>
          <containerEntry key="StaticModelArray0009">
            <data>0x3351040</data>
          </containerEntry>
          <containerEntry key="StaticModelArray0010">
            <data>0x33510B0</data>
          </containerEntry>
          <containerEntry key="StaticModelArray0011">
            <data>0x3351190</data>
          </containerEntry>
          <containerEntry key="TexturePackLoadConditioner0000">
            <data>0x3351F20</data>
          </containerEntry>
        </property>
      </staticProperties>
      <dynamicProperties></dynamicProperties>
    </entity>
    <entity class="StaticModel" classVersion="9" classID="0x160" addr="0x317B8B0" id="0x17FB3A">
      <staticProperties>
        <property name="name" type="String" container="StaticArray" arraySize="1">
          <containerEntry>afgh_clff007_0000</containerEntry>
        </property>
        <property name="dataSet" type="EntityHandle" container="StaticArray" arraySize="1">
          <containerEntry>0x3352FC0</containerEntry>
        </property>
        <property name="parent" type="EntityHandle" container="StaticArray" arraySize="1">
          <containerEntry>0x0</containerEntry>
        </property>
        <property name="transform" type="EntityPtr" container="StaticArray" arraySize="1">
          <containerEntry>0x317B920</containerEntry>
        </property>
        <property name="shearTransform" type="EntityPtr" container="StaticArray" arraySize="1">
          <containerEntry>0x0</containerEntry>
        </property>
        <property name="pivotTransform" type="EntityPtr" container="StaticArray" arraySize="1">
          <containerEntry>0x0</containerEntry>
        </property>
        <property name="children" type="EntityHandle" container="List"></property>
        <property name="flags" type="UInt32" container="StaticArray" arraySize="1">
          <containerEntry>3221225479</containerEntry>
        </property>
        <property name="modelFile" type="FilePtr" container="StaticArray" arraySize="1">
          <containerEntry>/Assets/tpp/environ/object/afghanistan/cliff/afgh_clff007/scenes/afgh_clff007.fmdl</containerEntry>
        </property>
        <property name="geomFile" type="FilePtr" container="StaticArray" arraySize="1">
          <containerEntry>/Assets/tpp/environ/object/afghanistan/cliff/afgh_clff007/scenes/afgh_clff007.geom</containerEntry>
        </property>
        <property name="isVisibleGeom" type="Bool" container="StaticArray" arraySize="1">
          <containerEntry>false</containerEntry>
        </property>
        <property name="isIsolated" type="Bool" container="StaticArray" arraySize="1">
          <containerEntry>false</containerEntry>
        </property>
        <property name="lodFarSize" type="Float" container="StaticArray" arraySize="1">
          <containerEntry>-1</containerEntry>
        </property>
        <property name="lodNearSize" type="Float" container="StaticArray" arraySize="1">
          <containerEntry>-1</containerEntry>
        </property>
        <property name="lodPolygonSize" type="Float" container="StaticArray" arraySize="1">
          <containerEntry>-1</containerEntry>
        </property>
        <property name="color" type="Color" container="StaticArray" arraySize="1">
          <containerEntry r="1" g="1" b="1" a="1"></containerEntry>
        </property>
        <property name="drawRejectionLevel" type="Int32" container="StaticArray" arraySize="1">
          <containerEntry>8</containerEntry>
        </property>
        <property name="drawMode" type="Int32" container="StaticArray" arraySize="1">
          <containerEntry>0</containerEntry>
        </property>
        <property name="rejectFarRangeShadowCast" type="Int32" container="StaticArray" arraySize="1">
          <containerEntry>2</containerEntry>
        </property>
      </staticProperties>
      <dynamicProperties></dynamicProperties>
    </entity>
    <entity class="TransformEntity" classVersion="0" classID="0x50" addr="0x317B920" id="0x17FB3D">
      <staticProperties>
        <property name="owner" type="EntityHandle" container="StaticArray" arraySize="1">
          <containerEntry>0x317B8B0</containerEntry>
        </property>
        <property name="transform_scale" type="Vector3" container="StaticArray" arraySize="1">
          <containerEntry x="1" y="1" z="1" w="0"></containerEntry>
        </property>
        <property name="transform_rotation_quat" type="Quat" container="StaticArray" arraySize="1">
          <containerEntry x="-0.018273" y="-0.999526" z="-0.000452" w="-0.024741"></containerEntry>
        </property>
        <property name="transform_translation" type="Vector3" container="StaticArray" arraySize="1">
          <containerEntry x="309.40134" y="289.6542" z="1978.309" w="0"></containerEntry>
        </property>
      </staticProperties>
      <dynamicProperties></dynamicProperties>
    </entity>
    <entity class="StaticModel" classVersion="9" classID="0x160" addr="0x317DC90" id="0x17FBFA">
      <staticProperties>
        <property name="name" type="String" container="StaticArray" arraySize="1">
          <containerEntry>afgh_rock009_rock002_0014</containerEntry>
        </property>
        <property name="dataSet" type="EntityHandle" container="StaticArray" arraySize="1">
          <containerEntry>0x3352FC0</containerEntry>
        </property>
        <property name="parent" type="EntityHandle" container="StaticArray" arraySize="1">
          <containerEntry>0x0</containerEntry>
        </property>
        <property name="transform" type="EntityPtr" container="StaticArray" arraySize="1">
          <containerEntry>0x317DD00</containerEntry>
        </property>
        <property name="shearTransform" type="EntityPtr" container="StaticArray" arraySize="1">
          <containerEntry>0x0</containerEntry>
        </property>
        <property name="pivotTransform" type="EntityPtr" container="StaticArray" arraySize="1">
          <containerEntry>0x0</containerEntry>
        </property>
        <property name="children" type="EntityHandle" container="List"></property>
        <property name="flags" type="UInt32" container="StaticArray" arraySize="1">
          <containerEntry>3221225479</containerEntry>
        </property>
        <property name="modelFile" type="FilePtr" container="StaticArray" arraySize="1">
          <containerEntry>/Assets/tpp/environ/object/afghanistan/rock/afgh_rock009/scenes/afgh_rock009_rock002.fmdl</containerEntry>
        </property>
        <property name="geomFile" type="FilePtr" container="StaticArray" arraySize="1">
          <containerEntry>/Assets/tpp/environ/object/afghanistan/rock/afgh_rock009/scenes/afgh_rock009_rock002.geom</containerEntry>
        </property>
        <property name="isVisibleGeom" type="Bool" container="StaticArray" arraySize="1">
          <containerEntry>false</containerEntry>
        </property>
        <property name="isIsolated" type="Bool" container="StaticArray" arraySize="1">
          <containerEntry>false</containerEntry>
        </property>
        <property name="lodFarSize" type="Float" container="StaticArray" arraySize="1">
          <containerEntry>-1</containerEntry>
        </property>
        <property name="lodNearSize" type="Float" container="StaticArray" arraySize="1">
          <containerEntry>-1</containerEntry>
        </property>
        <property name="lodPolygonSize" type="Float" container="StaticArray" arraySize="1">
          <containerEntry>-1</containerEntry>
        </property>
        <property name="color" type="Color" container="StaticArray" arraySize="1">
          <containerEntry r="1" g="1" b="1" a="1"></containerEntry>
        </property>
        <property name="drawRejectionLevel" type="Int32" container="StaticArray" arraySize="1">
          <containerEntry>4</containerEntry>
        </property>
        <property name="drawMode" type="Int32" container="StaticArray" arraySize="1">
          <containerEntry>0</containerEntry>
        </property>
        <property name="rejectFarRangeShadowCast" type="Int32" container="StaticArray" arraySize="1">
          <containerEntry>2</containerEntry>
        </property>
      </staticProperties>
      <dynamicProperties></dynamicProperties>
    </entity>
    <entity class="TransformEntity" classVersion="0" classID="0x50" addr="0x317DD00" id="0x17FBFD">
      <staticProperties>
        <property name="owner" type="EntityHandle" container="StaticArray" arraySize="1">
          <containerEntry>0x317DC90</containerEntry>
        </property>
        <property name="transform_scale" type="Vector3" container="StaticArray" arraySize="1">
          <containerEntry x="1" y="1" z="1" w="0"></containerEntry>
        </property>
        <property name="transform_rotation_quat" type="Quat" container="StaticArray" arraySize="1">
          <containerEntry x="0.242463" y="-0.39155" z="-0.596195" w="0.657608"></containerEntry>
        </property>
        <property name="transform_translation" type="Vector3" container="StaticArray" arraySize="1">
          <containerEntry x="288.7612" y="277.11832" z="2045.967" w="0"></containerEntry>
        </property>
      </staticProperties>
      <dynamicProperties></dynamicProperties>
    </entity>
    <entity class="StaticModelArray" classVersion="4" classID="0xD0" addr="0x3351AC0" id="0x0">
      <staticProperties>
        <property name="name" type="String" container="StaticArray" arraySize="1">
          <containerEntry>StaticModelArray0000</containerEntry>
        </property>
        <property name="dataSet" type="EntityHandle" container="StaticArray" arraySize="1">
          <containerEntry>0x3352FC0</containerEntry>
        </property>
        <property name="modelFile" type="FilePtr" container="StaticArray" arraySize="1">
          <containerEntry>/Assets/tpp/environ/object/afghanistan/rock/afgh_rock001/scenes/afgh_rock001.fmdl</containerEntry>
        </property>
        <property name="geomFile" type="FilePtr" container="StaticArray" arraySize="1">
          <containerEntry>/Assets/tpp/environ/object/afghanistan/rock/afgh_rock001/scenes/afgh_rock001.geom</containerEntry>
        </property>
        <property name="isVisibleGeom" type="Bool" container="StaticArray" arraySize="1">
          <containerEntry>false</containerEntry>
        </property>
        <property name="lodFarSize" type="Float" container="StaticArray" arraySize="1">
          <containerEntry>-1</containerEntry>
        </property>
        <property name="lodNearSize" type="Float" container="StaticArray" arraySize="1">
          <containerEntry>-1</containerEntry>
        </property>
        <property name="lodPolygonSize" type="Float" container="StaticArray" arraySize="1">
          <containerEntry>-1</containerEntry>
        </property>
        <property name="drawRejectionLevel" type="Int32" container="StaticArray" arraySize="1">
          <containerEntry>4</containerEntry>
        </property>
        <property name="drawMode" type="Int32" container="StaticArray" arraySize="1">
          <containerEntry>0</containerEntry>
        </property>
        <property name="rejectFarRangeShadowCast" type="Int32" container="StaticArray" arraySize="1">
          <containerEntry>2</containerEntry>
        </property>
        <property name="parentLocator" type="EntityLink" container="StaticArray" arraySize="1">
          <containerEntry packagePathHash="0xB8A0BF169F98" archivePathHash="0xB8A0BF169F98" nameInArchiveHash="0xB8A0BF169F98">0x0</containerEntry>
        </property>
        <property name="transforms" type="Matrix4" container="DynamicArray" arraySize="2">
          <containerEntry r11="-0.964893" r12="0.11069412" r13="0.23816617" r14="0" r21="-0.17485672" r22="-0.9473932" r23="-0.2680786" r24="0" r31="0.19596286" r32="-0.30031285" r33="0.93349373" r34="0" r41="277.9462" r42="277.29816" r43="2039.6488" r44="1"></containerEntry>
          <containerEntry r11="0.3562623" r12="0.9079552" r13="0.22066398" r14="0" r21="0.7638084" r22="-0.14695525" r23="-0.62848806" r24="0" r31="-0.53821176" r32="0.3924512" r33="-0.7458583" r34="0" r41="295.14276" r42="275.72787" r43="2042.4457" r44="1"></containerEntry>
        </property>
        <property name="colors" type="UInt32" container="DynamicArray" arraySize="2">
          <containerEntry>4294967295</containerEntry>
          <containerEntry>4294967295</containerEntry>
        </property>
      </staticProperties>
      <dynamicProperties></dynamicProperties>
    </entity>
    <entity class="StaticModelArray" classVersion="4" classID="0xD0" addr="0x3351B30" id="0x0">
      <staticProperties>
        <property name="name" type="String" container="StaticArray" arraySize="1">
          <containerEntry>StaticModelArray0001</containerEntry>
        </property>
        <property name="dataSet" type="EntityHandle" container="StaticArray" arraySize="1">
          <containerEntry>0x3352FC0</containerEntry>
        </property>
        <property name="modelFile" type="FilePtr" container="StaticArray" arraySize="1">
          <containerEntry>/Assets/tpp/environ/object/afghanistan/rock/afgh_rock009/scenes/afgh_rock009_rock002.fmdl</containerEntry>
        </property>
        <property name="geomFile" type="FilePtr" container="StaticArray" arraySize="1">
          <containerEntry>/Assets/tpp/environ/object/afghanistan/rock/afgh_rock009/scenes/afgh_rock009_rock002.geom</containerEntry>
        </property>
        <property name="isVisibleGeom" type="Bool" container="StaticArray" arraySize="1">
          <containerEntry>false</containerEntry>
        </property>
        <property name="lodFarSize" type="Float" container="StaticArray" arraySize="1">
          <containerEntry>-1</containerEntry>
        </property>
        <property name="lodNearSize" type="Float" container="StaticArray" arraySize="1">
          <containerEntry>-1</containerEntry>
        </property>
        <property name="lodPolygonSize" type="Float" container="StaticArray" arraySize="1">
          <containerEntry>-1</containerEntry>
        </property>
        <property name="drawRejectionLevel" type="Int32" container="StaticArray" arraySize="1">
          <containerEntry>8</containerEntry>
        </property>
        <property name="drawMode" type="Int32" container="StaticArray" arraySize="1">
          <containerEntry>0</containerEntry>
        </property>
        <property name="rejectFarRangeShadowCast" type="Int32" container="StaticArray" arraySize="1">
          <containerEntry>2</containerEntry>
        </property>
        <property name="parentLocator" type="EntityLink" container="StaticArray" arraySize="1">
          <containerEntry packagePathHash="0xB8A0BF169F98" archivePathHash="0xB8A0BF169F98" nameInArchiveHash="0xB8A0BF169F98">0x0</containerEntry>
        </property>
        <property name="transforms" type="Matrix4" container="DynamicArray" arraySize="16">
          <containerEntry r11="0.9048186" r12="-0.011437314" r13="-0.4256429" r14="0" r21="-0.020028414" r22="-0.99966854" r23="-0.015713742" r24="0" r31="-0.4253252" r32="0.022743063" r33="-0.904747" r34="0" r41="277.7559" r42="295.84024" r43="1951.2825" r44="1"></containerEntry>
          <containerEntry r11="-0.26641297" r12="0.8203766" r13="-0.5059652" r14="0" r21="-0.07118034" r22="-0.54024756" r23="-0.83848614" r24="0" r31="-0.96122414" r32="-0.18737108" r33="0.20232812" r34="0" r41="297.2641" r42="293.18735" r43="1948.7716" r44="1"></containerEntry>
          <containerEntry r11="-0.03224136" r12="-0.9935828" r13="0.10838115" r14="0" r21="-0.5549677" r22="0.107987285" r23="0.8248293" r24="0" r31="-0.8312425" r32="-0.033551633" r33="-0.5548867" r34="0" r41="351.53018" r42="295.1039" r43="1952.4752" r44="1"></containerEntry>
          <containerEntry r11="-0.8057077" r12="0.13688377" r13="-0.57626224" r14="0" r21="-0.03404475" r22="0.96061707" r23="0.27578145" r24="0" r31="0.5913174" r32="0.24182077" r33="-0.76931596" r34="0" r41="377.54395" r42="289.66278" r43="1968.1198" r44="1"></containerEntry>
          <containerEntry r11="-0.62910604" r12="0.13688394" r13="-0.7651604" r14="0" r21="-0.1042622" r22="0.960617" r23="0.25757322" r24="0" r31="0.77028376" r32="0.24182092" r33="-0.5900577" r34="0" r41="368.72647" r42="295.38232" r43="1957.442" r44="1"></containerEntry>
          <containerEntry r11="0.3485157" r12="0.07493673" r13="-0.9342989" r14="0" r21="0.20102324" r22="0.9676281" r23="0.15259482" r24="0" r31="0.9154887" r32="-0.24099796" r33="0.3221696" r34="0" r41="368.655" r42="297.41577" r43="1941.2832" r44="1"></containerEntry>
          <containerEntry r11="-0.017372727" r12="-0.7376952" r13="-0.6749015" r14="0" r21="0.00948593" r22="0.67485726" r23="-0.73788476" r24="0" r31="0.99979806" r32="-0.019225627" r33="-0.0047243834" r34="0" r41="356.8445" r42="289.5673" r43="1980.9543" r44="1"></containerEntry>
          <containerEntry r11="0.17835349" r12="0.5165463" r13="-0.8374728" r14="0" r21="0.97487336" r22="0.022656918" r23="0.22157973" r24="0" r31="0.13342673" r32="-0.85595304" r33="-0.49952453" r34="0" r41="356.3896" r42="290.56427" r43="1987.5367" r44="1"></containerEntry>
          <containerEntry r11="0.14414638" r12="0.97287714" r13="-0.18089056" r14="0" r21="0.0140758455" r22="0.18077141" r23="0.9834193" r24="0" r31="0.98945093" r32="-0.14429736" r33="0.012367725" r34="0" r41="335.97083" r42="293.3815" r43="1986.7789" r44="1"></containerEntry>
          <containerEntry r11="-0.05401349" r12="0.99779546" r13="0.03837246" r14="0" r21="-0.9873265" r22="-0.05910898" r23="0.14723527" r24="0" r31="0.14918011" r32="-0.029932652" r33="0.9883568" r34="0" r41="367.2909" r42="289.75638" r43="1998.4402" r44="1"></containerEntry>
          <containerEntry r11="-0.017372727" r12="-0.7376952" r13="-0.6749015" r14="0" r21="0.00948593" r22="0.67485726" r23="-0.73788476" r24="0" r31="0.99979806" r32="-0.019225627" r33="-0.0047243834" r34="0" r41="329.78842" r42="273.82095" r43="2031.6425" r44="1"></containerEntry>
          <containerEntry r11="0.11419159" r12="-0.9685459" r13="0.22106655" r14="0" r21="0.84267735" r22="-0.023421094" r23="-0.5378999" r24="0" r31="0.526162" r32="0.24771" r33="0.81350565" r34="0" r41="357.6165" r42="271.4431" r43="2041.0978" r44="1"></containerEntry>
          <containerEntry r11="0.05011621" r12="-0.9889779" r13="0.1393055" r14="0" r21="-0.09828293" r22="0.13392311" r23="0.9861037" r24="0" r31="-0.99389327" r32="-0.06310874" r33="-0.09048605" r34="0" r41="301.33087" r42="276.96533" r43="2037.799" r44="1"></containerEntry>
          <containerEntry r11="0.050116897" r12="-0.9889769" r13="0.13930577" r14="0" r21="0.9027584" r22="0.10452101" r23="0.41724813" r24="0" r31="-0.4272102" r32="0.10485016" r33="0.89805186" r34="0" r41="314.063" r42="277.44083" r43="2028.7291" r44="1"></containerEntry>
          <containerEntry r11="-0.017519712" r12="-0.97399795" r13="0.22586235" r14="0" r21="0.59425235" r22="0.17152649" r23="0.7857715" r24="0" r31="-0.8040832" r32="0.1479891" r33="0.5758006" r34="0" r41="312.44296" r42="277.46527" r43="2034.6353" r44="1"></containerEntry>
          <containerEntry r11="-0.2863456" r12="0.41201767" r13="-0.86500096" r14="0" r21="-0.90340567" r22="-0.41680792" r23="0.10052943" r24="0" r31="-0.31912902" r32="0.8102404" r33="0.4915882" r34="0" r41="356.01672" r42="292.64096" r43="1989.1317" r44="1"></containerEntry>
        </property>
        <property name="colors" type="UInt32" container="DynamicArray" arraySize="16">
          <containerEntry>4294967295</containerEntry>
          <containerEntry>4294967295</containerEntry>
          <containerEntry>4294967295</containerEntry>
          <containerEntry>4294967295</containerEntry>
          <containerEntry>4294967295</containerEntry>
          <containerEntry>4294967295</containerEntry>
          <containerEntry>4294967295</containerEntry>
          <containerEntry>4294967295</containerEntry>
          <containerEntry>4294967295</containerEntry>
          <containerEntry>4294967295</containerEntry>
          <containerEntry>4294967295</containerEntry>
          <containerEntry>4294967295</containerEntry>
          <containerEntry>4294967295</containerEntry>
          <containerEntry>4294967295</containerEntry>
          <containerEntry>4294967295</containerEntry>
          <containerEntry>4294967295</containerEntry>
        </property>
      </staticProperties>
      <dynamicProperties></dynamicProperties>
    </entity>
    <entity class="StaticModelArray" classVersion="4" classID="0xD0" addr="0x3351660" id="0x0">
      <staticProperties>
        <property name="name" type="String" container="StaticArray" arraySize="1">
          <containerEntry>StaticModelArray0002</containerEntry>
        </property>
        <property name="dataSet" type="EntityHandle" container="StaticArray" arraySize="1">
          <containerEntry>0x3352FC0</containerEntry>
        </property>
        <property name="modelFile" type="FilePtr" container="StaticArray" arraySize="1">
          <containerEntry>/Assets/tpp/environ/object/afghanistan/cliff/afgh_clff022/scenes/afgh_clff022_vrtn002.fmdl</containerEntry>
        </property>
        <property name="geomFile" type="FilePtr" container="StaticArray" arraySize="1">
          <containerEntry>/Assets/tpp/environ/object/afghanistan/cliff/afgh_clff022/scenes/afgh_clff022_vrtn002.geom</containerEntry>
        </property>
        <property name="isVisibleGeom" type="Bool" container="StaticArray" arraySize="1">
          <containerEntry>false</containerEntry>
        </property>
        <property name="lodFarSize" type="Float" container="StaticArray" arraySize="1">
          <containerEntry>-1</containerEntry>
        </property>
        <property name="lodNearSize" type="Float" container="StaticArray" arraySize="1">
          <containerEntry>-1</containerEntry>
        </property>
        <property name="lodPolygonSize" type="Float" container="StaticArray" arraySize="1">
          <containerEntry>-1</containerEntry>
        </property>
        <property name="drawRejectionLevel" type="Int32" container="StaticArray" arraySize="1">
          <containerEntry>8</containerEntry>
        </property>
        <property name="drawMode" type="Int32" container="StaticArray" arraySize="1">
          <containerEntry>0</containerEntry>
        </property>
        <property name="rejectFarRangeShadowCast" type="Int32" container="StaticArray" arraySize="1">
          <containerEntry>2</containerEntry>
        </property>
        <property name="parentLocator" type="EntityLink" container="StaticArray" arraySize="1">
          <containerEntry packagePathHash="0xB8A0BF169F98" archivePathHash="0xB8A0BF169F98" nameInArchiveHash="0xB8A0BF169F98">0x0</containerEntry>
        </property>
        <property name="transforms" type="Matrix4" container="DynamicArray" arraySize="4">
          <containerEntry r11="0.9895217" r12="0" r13="-0.14438428" r14="0" r21="0" r22="1" r23="0" r24="0" r31="0.14438428" r32="0" r33="0.9895217" r34="0" r41="241.42194" r42="289.73505" r43="2033.3846" r44="1"></containerEntry>
          <containerEntry r11="0.9137198" r12="0" r13="0.40634486" r14="0" r21="0" r22="1" r23="0" r24="0" r31="-0.40634486" r32="0" r33="0.9137198" r34="0" r41="198.82477" r42="292.12915" r43="2029.5989" r44="1"></containerEntry>
          <containerEntry r11="0.8975386" r12="0" r13="-0.4409355" r14="0" r21="0" r22="1" r23="0" r24="0" r31="0.4409355" r32="0" r33="0.8975386" r34="0" r41="295.69583" r42="307.82745" r43="1932.8704" r44="1"></containerEntry>
          <containerEntry r11="0.9834734" r12="-0.0042294883" r13="-0.18100294" r14="0" r21="0.002267398" r22="0.99993646" r23="-0.011045616" r24="0" r31="0.18103814" r32="0.0104526635" r33="0.9834205" r34="0" r41="326.60458" r42="310.67062" r43="1920.9816" r44="1"></containerEntry>
        </property>
        <property name="colors" type="UInt32" container="DynamicArray" arraySize="4">
          <containerEntry>4294967295</containerEntry>
          <containerEntry>4294967295</containerEntry>
          <containerEntry>4294967295</containerEntry>
          <containerEntry>4294967295</containerEntry>
        </property>
      </staticProperties>
      <dynamicProperties></dynamicProperties>
    </entity>
    <entity class="StaticModelArray" classVersion="4" classID="0xD0" addr="0x33519E0" id="0x0">
      <staticProperties>
        <property name="name" type="String" container="StaticArray" arraySize="1">
          <containerEntry>StaticModelArray0003</containerEntry>
        </property>
        <property name="dataSet" type="EntityHandle" container="StaticArray" arraySize="1">
          <containerEntry>0x3352FC0</containerEntry>
        </property>
        <property name="modelFile" type="FilePtr" container="StaticArray" arraySize="1">
          <containerEntry>/Assets/tpp/environ/object/afghanistan/rock/afgh_rock001/scenes/afgh_rock001.fmdl</containerEntry>
        </property>
        <property name="geomFile" type="FilePtr" container="StaticArray" arraySize="1">
          <containerEntry>/Assets/tpp/environ/object/afghanistan/rock/afgh_rock001/scenes/afgh_rock001.geom</containerEntry>
        </property>
        <property name="isVisibleGeom" type="Bool" container="StaticArray" arraySize="1">
          <containerEntry>false</containerEntry>
        </property>
        <property name="lodFarSize" type="Float" container="StaticArray" arraySize="1">
          <containerEntry>-1</containerEntry>
        </property>
        <property name="lodNearSize" type="Float" container="StaticArray" arraySize="1">
          <containerEntry>-1</containerEntry>
        </property>
        <property name="lodPolygonSize" type="Float" container="StaticArray" arraySize="1">
          <containerEntry>-1</containerEntry>
        </property>
        <property name="drawRejectionLevel" type="Int32" container="StaticArray" arraySize="1">
          <containerEntry>8</containerEntry>
        </property>
        <property name="drawMode" type="Int32" container="StaticArray" arraySize="1">
          <containerEntry>0</containerEntry>
        </property>
        <property name="rejectFarRangeShadowCast" type="Int32" container="StaticArray" arraySize="1">
          <containerEntry>2</containerEntry>
        </property>
        <property name="parentLocator" type="EntityLink" container="StaticArray" arraySize="1">
          <containerEntry packagePathHash="0xB8A0BF169F98" archivePathHash="0xB8A0BF169F98" nameInArchiveHash="0xB8A0BF169F98">0x0</containerEntry>
        </property>
        <property name="transforms" type="Matrix4" container="DynamicArray" arraySize="33">
          <containerEntry r11="-0.26443848" r12="-0.076857716" r13="-0.96133363" r14="0" r21="-0.066666186" r22="0.9958916" r23="-0.06128225" r24="0" r31="0.96209407" r32="0.047883037" r33="-0.2684759" r34="0" r41="259.9047" r42="294.12744" r43="1994.6256" r44="1"></containerEntry>
          <containerEntry r11="0.4186268" r12="-0.027833443" r13="-0.9077315" r14="0" r21="-0.06666714" r22="0.9958916" r23="-0.06128212" r24="0" r31="0.9057078" r32="0.08617022" r33="0.41505134" r34="0" r41="269.4539" r42="290.64087" r43="1980.1499" r44="1"></containerEntry>
          <containerEntry r11="-0.7379563" r12="-0.09055232" r13="-0.6687467" r14="0" r21="-0.06666825" r22="0.9958915" r23="-0.06128194" r24="0" r31="0.67154837" r32="-0.0006392002" r33="-0.7409614" r34="0" r41="268.22104" r42="291.62845" r43="1983.7106" r44="1"></containerEntry>
          <containerEntry r11="0.39093187" r12="-1.2780184" r13="-0.58774066" r14="0" r21="0.4797968" r22="0.6945788" r23="-1.1911985" r24="0" r31="1.3223332" r32="0.12580831" r33="0.60597473" r34="0" r41="282" r42="296.93164" r43="1990" r44="1"></containerEntry>
          <containerEntry r11="0.26776156" r12="-0.875355" r13="-0.40256208" r14="0" r21="0.32862794" r22="0.4757389" r23="-0.81588936" r24="0" r31="0.90570766" r32="0.08617008" r33="0.4150512" r34="0" r41="293.9786" r42="290.85776" r43="1976.5093" r44="1"></containerEntry>
          <containerEntry r11="0.4237558" r12="-0.15834142" r13="-0.8918284" r14="0" r21="-0.011129215" r22="0.9836172" r23="-0.17992614" r24="0" r31="0.9057075" r32="0.08617" r33="0.41505128" r34="0" r41="293.84906" r42="292.07388" r43="1953.0405" r44="1"></containerEntry>
          <containerEntry r11="0.4237558" r12="-0.15834142" r13="-0.8918284" r14="0" r21="-0.011129215" r22="0.9836172" r23="-0.17992614" r24="0" r31="0.9057075" r32="0.08617" r33="0.41505128" r34="0" r41="302.6836" r42="292.54996" r43="1958.0884" r44="1"></containerEntry>
          <containerEntry r11="0.3687608" r12="0.9246826" r13="-0.094739735" r14="0" r21="-0.44820964" r22="0.2661797" r23="0.8533782" r24="0" r31="0.8143228" r32="-0.27222824" r33="0.5126096" r34="0" r41="308.8188" r42="291.93008" r43="1961.4807" r44="1"></containerEntry>
          <containerEntry r11="0.4237558" r12="-0.15834142" r13="-0.8918284" r14="0" r21="-0.011129215" r22="0.9836172" r23="-0.17992614" r24="0" r31="0.9057075" r32="0.08617" r33="0.41505128" r34="0" r41="309.6196" r42="293.62912" r43="1945.9462" r44="1"></containerEntry>
          <containerEntry r11="-0.7295497" r12="-0.1310414" r13="-0.671252" r14="0" r21="-0.011129115" r22="0.9836173" r23="-0.1799251" r24="0" r31="0.68383276" r32="-0.12379439" r33="-0.71905607" r34="0" r41="323.7996" r42="294.6167" r43="1948.8633" r44="1"></containerEntry>
          <containerEntry r11="0.1603246" r12="-0.5808225" r13="0.7980849" r14="0" r21="-0.96196395" r22="0.08923584" r23="0.258187" r24="0" r31="-0.221178" r32="-0.8091232" r33="-0.54442346" r34="0" r41="313.4076" r42="296.066" r43="1940.9265" r44="1"></containerEntry>
          <containerEntry r11="0.39562154" r12="0.17980863" r13="-0.90063965" r14="0" r21="0.043287233" r22="0.97590697" r23="0.21384995" r24="0" r31="0.9173926" r32="-0.1235898" r33="0.3783064" r34="0" r41="325.40375" r42="290.97217" r43="1963.4264" r44="1"></containerEntry>
          <containerEntry r11="0.76938134" r12="-0.16236365" r13="-0.61781055" r14="0" r21="0.031698726" r22="0.9756711" r23="-0.2169354" r24="0" r31="0.63800234" r32="0.14732218" r33="0.7558099" r34="0" r41="318.98843" r42="290.5496" r43="1978.2698" r44="1"></containerEntry>
          <containerEntry r11="0.91174716" r12="0.17100236" r13="0.3734639" r14="0" r21="-0.042133592" r22="0.94335973" r23="-0.32908526" r24="0" r31="-0.40858516" r32="0.28430715" r33="0.86731046" r34="0" r41="317.17416" r42="291.37573" r43="1982.903" r44="1"></containerEntry>
          <containerEntry r11="0.090467945" r12="-0.06209043" r13="1.3304831" r14="0" r21="-0.012046175" r22="-1.3335322" r23="-0.061413623" r24="0" r31="1.3318766" r32="-0.007843651" r33="-0.09092861" r34="0" r41="344.23108" r42="290.65665" r43="1982.0757" r44="1"></containerEntry>
          <containerEntry r11="-0.8785189" r12="-0.22741672" r13="0.42010048" r14="0" r21="0.19623324" r22="-0.9735898" r23="-0.11667689" r24="0" r31="0.43554023" r32="-0.02006524" r33="0.89994556" r34="0" r41="362" r42="289.36066" r43="1980.8589" r44="1"></containerEntry>
          <containerEntry r11="0.9117927" r12="0.27728388" r13="-0.30289894" r14="0" r21="-0.34769794" r22="0.91374695" r23="-0.21017292" r24="0" r31="0.21849544" r32="0.29695144" r33="0.9295588" r34="0" r41="352.53036" r42="289.62164" r43="1980.095" r44="1"></containerEntry>
          <containerEntry r11="-0.8785157" r12="-0.22741628" r13="0.42010087" r14="0" r21="-0.34022933" r22="0.91518193" r23="-0.2160687" r24="0" r31="-0.33533102" r32="-0.33275145" r33="-0.88137525" r34="0" r41="367.50107" r42="289.4874" r43="1984.4285" r44="1"></containerEntry>
          <containerEntry r11="-0.8785158" r12="-0.22741745" r13="0.42010164" r14="0" r21="-0.108687714" r22="0.9515038" r23="0.28779745" r24="0" r31="-0.46517855" r32="0.2071755" r33="-0.8606285" r34="0" r41="374.41672" r42="289.35107" r43="1982.4948" r44="1"></containerEntry>
          <containerEntry r11="-0.8785158" r12="-0.22741745" r13="0.42010164" r14="0" r21="-0.108687714" r22="0.9515038" r23="0.28779745" r24="0" r31="-0.46517855" r32="0.2071755" r33="-0.8606285" r34="0" r41="380.96387" r42="292.03006" r43="1958.626" r44="1"></containerEntry>
          <containerEntry r11="-0.8785158" r12="-0.22741745" r13="0.42010164" r14="0" r21="-0.108687714" r22="0.9515038" r23="0.28779745" r24="0" r31="-0.46517855" r32="0.2071755" r33="-0.8606285" r34="0" r41="367.89236" r42="297.27078" r43="1942.1564" r44="1"></containerEntry>
          <containerEntry r11="-0.8785158" r12="-0.22741745" r13="0.42010164" r14="0" r21="-0.108687714" r22="0.9515038" r23="0.28779745" r24="0" r31="-0.46517855" r32="0.2071755" r33="-0.8606285" r34="0" r41="367.9154" r42="298.86722" r43="1922.1426" r44="1"></containerEntry>
          <containerEntry r11="-0.994844" r12="-0.008648396" r13="-0.100987695" r14="0" r21="-0.039004654" r22="0.95229065" r23="0.30268937" r24="0" r31="0.09355184" r32="0.30506957" r33="-0.9477177" r34="0" r41="357.9366" r42="299.85342" r43="1932.2051" r44="1"></containerEntry>
          <containerEntry r11="0.5780811" r12="-0.06241013" r13="-0.813588" r14="0" r21="-0.06399006" r22="0.9905327" r23="-0.12145024" r24="0" r31="0.81346524" r32="0.12226964" r33="0.5686146" r34="0" r41="337.71133" r42="300.35483" r43="1932.99" r44="1"></containerEntry>
          <containerEntry r11="-0.11506839" r12="-0.11930798" r13="-0.98616546" r14="0" r21="-0.16539238" r22="0.981205" r23="-0.09940909" r24="0" r31="0.9794907" r32="0.15166546" r33="-0.13263828" r34="0" r41="335.56326" r42="296.39908" r43="1948.2683" r44="1"></containerEntry>
          <containerEntry r11="0.66280156" r12="0.12927228" r13="-0.73755085" r14="0" r21="0.018182985" r22="0.9819159" r23="0.1884424" r24="0" r31="0.7485733" r32="-0.13831066" r33="0.6484648" r34="0" r41="352" r42="299.1586" r43="1940" r44="1"></containerEntry>
          <containerEntry r11="-0.87851596" r12="-0.22741571" r13="0.42010224" r14="0" r21="0.047309585" r22="0.83367264" r23="0.55022836" r24="0" r31="-0.47535837" r32="0.50326097" r33="-0.7216352" r34="0" r41="337.80182" r42="272.9407" r43="2032.0775" r44="1"></containerEntry>
          <containerEntry r11="-0.28080124" r12="0.14545906" r13="0.9486771" r14="0" r21="0.2886964" r22="0.9554723" r23="-0.061048277" r24="0" r31="-0.91531473" r32="0.25673756" r33="-0.3102913" r34="0" r41="342" r42="272.09384" r43="2040" r44="1"></containerEntry>
          <containerEntry r11="0.3627984" r12="0.19111888" r13="-0.9120571" r14="0" r21="-0.17485653" r22="-0.94739175" r23="-0.2680777" r24="0" r31="-0.915314" r32="0.25673726" r33="-0.31029108" r34="0" r41="318.34003" r42="274.8689" r43="2042.8691" r44="1"></containerEntry>
          <containerEntry r11="0.4237558" r12="-0.15834142" r13="-0.8918284" r14="0" r21="-0.011129215" r22="0.9836172" r23="-0.17992614" r24="0" r31="0.9057075" r32="0.08617" r33="0.41505128" r34="0" r41="332.59464" r42="273.31744" r43="2034.4397" r44="1"></containerEntry>
          <containerEntry r11="0.51175493" r12="-0.115911245" r13="-0.85127497" r14="0" r21="-0.6896605" r22="-0.64629394" r23="-0.32659537" r24="0" r31="-0.5123211" r32="0.75422853" r33="-0.41068172" r34="0" r41="326.1124" r42="274.2641" r43="2035.288" r44="1"></containerEntry>
          <containerEntry r11="-0.5920862" r12="-0.12134346" r13="-0.7966822" r14="0" r21="-0.24756625" r22="-0.9134012" r23="0.32311085" r24="0" r31="-0.7669013" r32="0.38854268" r33="0.5107785" r34="0" r41="354.1746" r42="273.04004" r43="2047.9021" r44="1"></containerEntry>
          <containerEntry r11="0.5495857" r12="-0.71653265" r13="0.42957762" r14="0" r21="-0.6036537" r22="0.0148768425" r23="0.7971084" r24="0" r31="-0.5775449" r32="-0.69739556" r33="-0.42436156" r34="0" r41="354.889" r42="292.24124" r43="1988.1487" r44="1"></containerEntry>
        </property>
        <property name="colors" type="UInt32" container="DynamicArray" arraySize="33">
          <containerEntry>4294967295</containerEntry>
          <containerEntry>4294967295</containerEntry>
          <containerEntry>4294967295</containerEntry>
          <containerEntry>4294967295</containerEntry>
          <containerEntry>4294967295</containerEntry>
          <containerEntry>4294967295</containerEntry>
          <containerEntry>4294967295</containerEntry>
          <containerEntry>4294967295</containerEntry>
          <containerEntry>4294967295</containerEntry>
          <containerEntry>4294967295</containerEntry>
          <containerEntry>4294967295</containerEntry>
          <containerEntry>4294967295</containerEntry>
          <containerEntry>4294967295</containerEntry>
          <containerEntry>4294967295</containerEntry>
          <containerEntry>4294967295</containerEntry>
          <containerEntry>4294967295</containerEntry>
          <containerEntry>4294967295</containerEntry>
          <containerEntry>4294967295</containerEntry>
          <containerEntry>4294967295</containerEntry>
          <containerEntry>4294967295</containerEntry>
          <containerEntry>4294967295</containerEntry>
          <containerEntry>4294967295</containerEntry>
          <containerEntry>4294967295</containerEntry>
          <containerEntry>4294967295</containerEntry>
          <containerEntry>4294967295</containerEntry>
          <containerEntry>4294967295</containerEntry>
          <containerEntry>4294967295</containerEntry>
          <containerEntry>4294967295</containerEntry>
          <containerEntry>4294967295</containerEntry>
          <containerEntry>4294967295</containerEntry>
          <containerEntry>4294967295</containerEntry>
          <containerEntry>4294967295</containerEntry>
          <containerEntry>4294967295</containerEntry>
        </property>
      </staticProperties>
      <dynamicProperties></dynamicProperties>
    </entity>
    <entity class="StaticModelArray" classVersion="4" classID="0xD0" addr="0x3351120" id="0x0">
      <staticProperties>
        <property name="name" type="String" container="StaticArray" arraySize="1">
          <containerEntry>StaticModelArray0004</containerEntry>
        </property>
        <property name="dataSet" type="EntityHandle" container="StaticArray" arraySize="1">
