<fox formatVersion="2" fileVersion="0">
  <entities>
    <entity class="DataSet" classVersion="0" classID="0xE8" addr="0x32E2E00" id="0x9E5BD">
      <staticProperties>
        <property name="name" type="String" container="StaticArray" arraySize="1">
          <containerEntry hash="0xB8A0BF169F98"></containerEntry>
        </property>
        <property name="dataSet" type="EntityHandle" container="StaticArray" arraySize="1">
          <containerEntry>0x0</containerEntry>
        </property>
        <property name="dataList" type="EntityPtr" container="StringMap" arraySize="5">
          <containerEntry key="StaticModelArray0000">
            <data>0x3177390</data>
          </containerEntry>
          <containerEntry key="StaticModelArray0001">
            <data>0x3177400</data>
          </containerEntry>
          <containerEntry key="StaticModelArray0002">
            <data>0x3177470</data>
          </containerEntry>
          <containerEntry key="StaticModelArray0003">
            <data>0x31774E0</data>
          </containerEntry>
          <containerEntry key="TexturePackLoadConditioner0000">
            <data>0x3177B00</data>
          </containerEntry>
        </property>
      </staticProperties>
      <dynamicProperties></dynamicProperties>
    </entity>
    <entity class="StaticModelArray" classVersion="4" classID="0xD0" addr="0x3177390" id="0x0">
      <staticProperties>
        <property name="name" type="String" container="StaticArray" arraySize="1">
          <containerEntry>StaticModelArray0000</containerEntry>
        </property>
        <property name="dataSet" type="EntityHandle" container="StaticArray" arraySize="1">
          <containerEntry>0x32E2E00</containerEntry>
        </property>
        <property name="modelFile" type="FilePtr" container="StaticArray" arraySize="1">
          <containerEntry>/Assets/tpp/environ/object/afghanistan/rock/afgh_rock010/scenes/afgh_rock010.fmdl</containerEntry>
        </property>
        <property name="geomFile" type="FilePtr" container="StaticArray" arraySize="1">
          <containerEntry>/Assets/tpp/environ/object/afghanistan/rock/afgh_rock010/scenes/afgh_rock010.geom</containerEntry>
        </property>
        <property name="isVisibleGeom" type="Bool" container="StaticArray" arraySize="1">
          <containerEntry>false</containerEntry>
        </property>
        <property name="lodFarSize" type="Float" container="StaticArray" arraySize="1">
          <containerEntry>-1</containerEntry>
        </property>
        <property name="lodNearSize" type="Float" container="StaticArray" arraySize="1">
          <containerEntry>-1</containerEntry>
        </property>
        <property name="lodPolygonSize" type="Float" container="StaticArray" arraySize="1">
          <containerEntry>-1</containerEntry>
        </property>
        <property name="drawRejectionLevel" type="Int32" container="StaticArray" arraySize="1">
          <containerEntry>8</containerEntry>
        </property>
        <property name="drawMode" type="Int32" container="StaticArray" arraySize="1">
          <containerEntry>0</containerEntry>
        </property>
        <property name="rejectFarRangeShadowCast" type="Int32" container="StaticArray" arraySize="1">
          <containerEntry>2</containerEntry>
        </property>
        <property name="parentLocator" type="EntityLink" container="StaticArray" arraySize="1">
          <containerEntry packagePathHash="0xB8A0BF169F98" archivePathHash="0xB8A0BF169F98" nameInArchiveHash="0xB8A0BF169F98">0x0</containerEntry>
        </property>
        <property name="transforms" type="Matrix4" container="DynamicArray" arraySize="6">
          <containerEntry r11="0.9698103" r12="-0.011504237" r13="0.24358858" r14="0" r21="0.01779758" r22="0.99956185" r23="-0.02365082" r24="0" r31="-0.24320976" r32="0.027272103" r33="0.9695902" r34="0" r41="-170.28905" r42="368.66953" r43="524.7804" r44="1"></containerEntry>
          <containerEntry r11="0.48106825" r12="-0.37778032" r13="-0.79110867" r14="0" r21="-0.037243158" r22="0.8927688" r23="-0.44897246" r24="0" r31="0.8758903" r32="0.2454493" r33="0.41541308" r34="0" r41="-228" r42="380.10773" r43="570" r44="1"></containerEntry>
          <containerEntry r11="0.9934477" r12="-0.11422795" r13="-0.003692206" r14="0" r21="0.10647695" r22="0.93680847" r23="-0.33324507" r24="0" r31="0.041524883" r32="0.33066842" r33="0.9428329" r34="0" r41="-185.19037" r42="376.17398" r43="545.8185" r44="1"></containerEntry>
          <containerEntry r11="0.8072651" r12="-0.070796125" r13="-0.5859264" r14="0" r21="0.011866495" r22="0.9945257" r23="-0.10381674" r24="0" r31="0.5900687" r32="0.07685465" r33="0.80368596" r34="0" r41="-156.99399" r42="368.2088" r43="511.4082" r44="1"></containerEntry>
          <containerEntry r11="-0.75287426" r12="-0.06391762" r13="0.6550476" r14="0" r21="-0.32133657" r22="0.9042848" r23="-0.2810897" r24="0" r31="-0.57438284" r32="-0.42211744" r33="-0.70135146" r34="0" r41="-219.24545" r42="381.9472" r43="570.70087" r44="1"></containerEntry>
          <containerEntry r11="-0.9011188" r12="0.07901575" r13="0.42629737" r14="0" r21="-0.13829854" r22="0.8795008" r23="-0.45535824" r24="0" r31="-0.4109093" r32="-0.46929106" r33="-0.7816062" r34="0" r41="-176.28658" r42="376.5046" r43="548.17926" r44="1"></containerEntry>
        </property>
        <property name="colors" type="UInt32" container="DynamicArray" arraySize="6">
          <containerEntry>4294967295</containerEntry>
          <containerEntry>4294967295</containerEntry>
          <containerEntry>4294967295</containerEntry>
          <containerEntry>4294967295</containerEntry>
          <containerEntry>4294967295</containerEntry>
          <containerEntry>4294967295</containerEntry>
        </property>
      </staticProperties>
      <dynamicProperties></dynamicProperties>
    </entity>
    <entity class="StaticModelArray" classVersion="4" classID="0xD0" addr="0x3177400" id="0x0">
      <staticProperties>
        <property name="name" type="String" container="StaticArray" arraySize="1">
          <containerEntry>StaticModelArray0001</containerEntry>
        </property>
        <property name="dataSet" type="EntityHandle" container="StaticArray" arraySize="1">
          <containerEntry>0x32E2E00</containerEntry>
        </property>
        <property name="modelFile" type="FilePtr" container="StaticArray" arraySize="1">
          <containerEntry>/Assets/tpp/environ/object/afghanistan/rock/afgh_rock010/scenes/afgh_rock010_vrtn001.fmdl</containerEntry>
        </property>
        <property name="geomFile" type="FilePtr" container="StaticArray" arraySize="1">
          <containerEntry>/Assets/tpp/environ/object/afghanistan/rock/afgh_rock010/scenes/afgh_rock010_vrtn001.geom</containerEntry>
        </property>
        <property name="isVisibleGeom" type="Bool" container="StaticArray" arraySize="1">
          <containerEntry>false</containerEntry>
        </property>
        <property name="lodFarSize" type="Float" container="StaticArray" arraySize="1">
          <containerEntry>-1</containerEntry>
        </property>
        <property name="lodNearSize" type="Float" container="StaticArray" arraySize="1">
          <containerEntry>-1</containerEntry>
        </property>
        <property name="lodPolygonSize" type="Float" container="StaticArray" arraySize="1">
          <containerEntry>-1</containerEntry>
        </property>
        <property name="drawRejectionLevel" type="Int32" container="StaticArray" arraySize="1">
          <containerEntry>8</containerEntry>
        </property>
        <property name="drawMode" type="Int32" container="StaticArray" arraySize="1">
          <containerEntry>0</containerEntry>
        </property>
        <property name="rejectFarRangeShadowCast" type="Int32" container="StaticArray" arraySize="1">
          <containerEntry>2</containerEntry>
        </property>
        <property name="parentLocator" type="EntityLink" container="StaticArray" arraySize="1">
          <containerEntry packagePathHash="0xB8A0BF169F98" archivePathHash="0xB8A0BF169F98" nameInArchiveHash="0xB8A0BF169F98">0x0</containerEntry>
        </property>
        <property name="transforms" type="Matrix4" container="DynamicArray" arraySize="13">
          <containerEntry r11="-0.9392423" r12="0.20745477" r13="-0.2734676" r14="0" r21="0.14231512" r22="0.9603499" r23="0.23973815" r24="0" r31="0.31235945" r32="0.18625383" r33="-0.9315252" r34="0" r41="-226" r42="367.4996" r43="522.4037" r44="1"></containerEntry>
          <containerEntry r11="0.7115608" r12="0.34365517" r13="-0.61284727" r14="0" r21="-0.21864639" r22="0.9372203" r23="0.27168316" r24="0" r31="0.66773826" r32="-0.059322044" r33="0.74202824" r34="0" r41="-134" r42="374.38504" r43="518" r44="1"></containerEntry>
          <containerEntry r11="-0.6432628" r12="0.69031465" r13="-0.3311757" r14="0" r21="0.57809055" r22="0.15429112" r23="-0.801252" r24="0" r31="-0.5020189" r32="-0.7068658" r33="-0.49831378" r34="0" r41="-194" r42="370.65414" r43="538" r44="1"></containerEntry>
          <containerEntry r11="0.7079184" r12="-0.08223559" r13="-0.7014906" r14="0" r21="0.18341704" r22="-0.93772024" r23="0.29502648" r24="0" r31="-0.68206304" r32="-0.33752" r33="-0.6487463" r34="0" r41="-187.3783" r42="380.8127" r43="553.6613" r44="1"></containerEntry>
          <containerEntry r11="0.88568854" r12="-0.283846" r13="0.367406" r14="0" r21="-0.4606972" r22="-0.63542145" r23="0.61967444" r24="0" r31="0.057565704" r32="-0.7181015" r33="-0.69355255" r34="0" r41="-179.38109" r42="379.81992" r43="555.74786" r44="1"></containerEntry>
          <containerEntry r11="-0.30256996" r12="0.056198783" r13="0.9514683" r14="0" r21="-0.045938537" r22="0.99624014" r23="-0.07345185" r24="0" r31="-0.9520188" r32="-0.06593345" r33="-0.29885066" r34="0" r41="-164.29984" r42="377.08817" r43="549.36395" r44="1"></containerEntry>
          <containerEntry r11="-0.2206505" r12="-0.16209143" r13="-0.96179074" r14="0" r21="0.060453314" r22="-0.9864724" r23="0.15238202" r24="0" r31="-0.9734785" r32="-0.02452036" r33="0.2274629" r34="0" r41="-162.28426" r42="386.8829" r43="571.19275" r44="1"></containerEntry>
          <containerEntry r11="-0.906362" r12="-0.047798812" r13="0.41979265" r14="0" r21="0.36941046" r22="-0.5718634" r23="0.73246866" r24="0" r31="0.20505248" r32="0.81895643" r33="0.5359705" r34="0" r41="-153.02649" r42="386.74838" r43="571.19275" r44="1"></containerEntry>
          <containerEntry r11="0.029297978" r12="0.79501927" r13="-0.60587615" r14="0" r21="-0.4054308" r22="0.5634897" r23="0.71979535" r24="0" r31="0.91365606" r32="0.22455236" r33="0.33883446" r34="0" r41="-151.89072" r42="373.01776" r43="524.40283" r44="1"></containerEntry>
          <containerEntry r11="0.5480881" r12="0.36590955" r13="0.7521363" r14="0" r21="-0.31035605" r22="0.9240062" r23="-0.22336404" r24="0" r31="-0.7767096" r32="-0.11100714" r33="0.6199992" r34="0" r41="-195.19037" r42="379.53537" r43="553.52545" r44="1"></containerEntry>
          <containerEntry r11="-0.01265794" r12="-0.10397041" r13="-0.9944976" r14="0" r21="0.08260052" r22="-0.99128443" r23="0.1025832" r24="0" r31="-0.9965001" r32="-0.08084747" r33="0.021140216" r34="0" r41="-202.1942" r42="385.7268" r43="566.87494" r44="1"></containerEntry>
          <containerEntry r11="-0.8747299" r12="-0.13189282" r13="-0.4663171" r14="0" r21="0.068547145" r22="-0.9862507" r23="0.15036796" r24="0" r31="-0.4797381" r32="0.09956665" r33="0.8717441" r34="0" r41="-160.6412" r42="375.35608" r43="544.9123" r44="1"></containerEntry>
          <containerEntry r11="0.6816391" r12="-0.07609685" r13="-0.72771925" r14="0" r21="-0.02439275" r22="0.99166095" r23="-0.12654467" r24="0" r31="0.7312804" r32="0.10400879" r33="0.6740986" r34="0" r41="-172.08417" r42="385.47208" r43="566.4017" r44="1"></containerEntry>
        </property>
        <property name="colors" type="UInt32" container="DynamicArray" arraySize="13">
          <containerEntry>4294967295</containerEntry>
          <containerEntry>4294967295</containerEntry>
          <containerEntry>4294967295</containerEntry>
          <containerEntry>4294967295</containerEntry>
          <containerEntry>4294967295</containerEntry>
          <containerEntry>4294967295</containerEntry>
          <containerEntry>4294967295</containerEntry>
          <containerEntry>4294967295</containerEntry>
          <containerEntry>4294967295</containerEntry>
          <containerEntry>4294967295</containerEntry>
          <containerEntry>4294967295</containerEntry>
          <containerEntry>4294967295</containerEntry>
          <containerEntry>4294967295</containerEntry>
        </property>
      </staticProperties>
      <dynamicProperties></dynamicProperties>
    </entity>
    <entity class="StaticModelArray" classVersion="4" classID="0xD0" addr="0x3177470" id="0x0">
      <staticProperties>
        <property name="name" type="String" container="StaticArray" arraySize="1">
          <containerEntry>StaticModelArray0002</containerEntry>
        </property>
        <property name="dataSet" type="EntityHandle" container="StaticArray" arraySize="1">
          <containerEntry>0x32E2E00</containerEntry>
        </property>
        <property name="modelFile" type="FilePtr" container="StaticArray" arraySize="1">
          <containerEntry>/Assets/tpp/environ/object/afghanistan/tree/afgh_tree011/scenes/afgh_tree011_vrtn002.fmdl</containerEntry>
        </property>
        <property name="geomFile" type="FilePtr" container="StaticArray" arraySize="1">
          <containerEntry>/Assets/tpp/environ/object/afghanistan/tree/afgh_tree011/scenes/afgh_tree011_vrtn002.geom</containerEntry>
        </property>
        <property name="isVisibleGeom" type="Bool" container="StaticArray" arraySize="1">
          <containerEntry>false</containerEntry>
        </property>
        <property name="lodFarSize" type="Float" container="StaticArray" arraySize="1">
          <containerEntry>-1</containerEntry>
        </property>
        <property name="lodNearSize" type="Float" container="StaticArray" arraySize="1">
          <containerEntry>-1</containerEntry>
        </property>
        <property name="lodPolygonSize" type="Float" container="StaticArray" arraySize="1">
          <containerEntry>-1</containerEntry>
        </property>
        <property name="drawRejectionLevel" type="Int32" container="StaticArray" arraySize="1">
          <containerEntry>8</containerEntry>
        </property>
        <property name="drawMode" type="Int32" container="StaticArray" arraySize="1">
          <containerEntry>0</containerEntry>
        </property>
        <property name="rejectFarRangeShadowCast" type="Int32" container="StaticArray" arraySize="1">
          <containerEntry>2</containerEntry>
        </property>
        <property name="parentLocator" type="EntityLink" container="StaticArray" arraySize="1">
          <containerEntry packagePathHash="0xB8A0BF169F98" archivePathHash="0xB8A0BF169F98" nameInArchiveHash="0xB8A0BF169F98">0x0</containerEntry>
        </property>
        <property name="transforms" type="Matrix4" container="DynamicArray" arraySize="4">
          <containerEntry r11="1" r12="0" r13="0" r14="0" r21="0" r22="1" r23="0" r24="0" r31="0" r32="0" r33="1" r34="0" r41="-232.35928" r42="367.7197" r43="530.29736" r44="1"></containerEntry>
          <containerEntry r11="1" r12="0" r13="0" r14="0" r21="0" r22="0.98452854" r23="-0.17522436" r24="0" r31="0" r32="0.17522436" r33="0.98452854" r34="0" r41="-156" r42="380.82056" r43="558" r44="1"></containerEntry>
          <containerEntry r11="1" r12="0" r13="0" r14="0" r21="0" r22="1" r23="0" r24="0" r31="0" r32="0" r33="1" r34="0" r41="-204.91579" r42="366.7948" r43="523.5079" r44="1"></containerEntry>
          <containerEntry r11="1" r12="0" r13="0" r14="0" r21="0" r22="0.98452854" r23="-0.17522436" r24="0" r31="0" r32="0.17522436" r33="0.98452854" r34="0" r41="-146" r42="382.30197" r43="562" r44="1"></containerEntry>
        </property>
        <property name="colors" type="UInt32" container="DynamicArray" arraySize="4">
          <containerEntry>4294967295</containerEntry>
          <containerEntry>4294967295</containerEntry>
          <containerEntry>4294967295</containerEntry>
          <containerEntry>4294967295</containerEntry>
        </property>
      </staticProperties>
      <dynamicProperties></dynamicProperties>
    </entity>
    <entity class="StaticModelArray" classVersion="4" classID="0xD0" addr="0x31774E0" id="0x0">
      <staticProperties>
        <property name="name" type="String" container="StaticArray" arraySize="1">
          <containerEntry>StaticModelArray0003</containerEntry>
        </property>
        <property name="dataSet" type="EntityHandle" container="StaticArray" arraySize="1">
          <containerEntry>0x32E2E00</containerEntry>
        </property>
        <property name="modelFile" type="FilePtr" container="StaticArray" arraySize="1">
          <containerEntry>/Assets/tpp/environ/object/afghanistan/tree/afgh_tree011/scenes/afgh_tree011_vrtn003.fmdl</containerEntry>
        </property>
        <property name="geomFile" type="FilePtr" container="StaticArray" arraySize="1">
          <containerEntry>/Assets/tpp/environ/object/afghanistan/tree/afgh_tree011/scenes/afgh_tree011_vrtn003.geom</containerEntry>
        </property>
        <property name="isVisibleGeom" type="Bool" container="StaticArray" arraySize="1">
          <containerEntry>false</containerEntry>
        </property>
        <property name="lodFarSize" type="Float" container="StaticArray" arraySize="1">
          <containerEntry>-1</containerEntry>
        </property>
        <property name="lodNearSize" type="Float" container="StaticArray" arraySize="1">
          <containerEntry>-1</containerEntry>
        </property>
        <property name="lodPolygonSize" type="Float" container="StaticArray" arraySize="1">
          <containerEntry>-1</containerEntry>
        </property>
        <property name="drawRejectionLevel" type="Int32" container="StaticArray" arraySize="1">
          <containerEntry>8</containerEntry>
        </property>
        <property name="drawMode" type="Int32" container="StaticArray" arraySize="1">
          <containerEntry>0</containerEntry>
        </property>
        <property name="rejectFarRangeShadowCast" type="Int32" container="StaticArray" arraySize="1">
          <containerEntry>2</containerEntry>
        </property>
        <property name="parentLocator" type="EntityLink" container="StaticArray" arraySize="1">
          <containerEntry packagePathHash="0xB8A0BF169F98" archivePathHash="0xB8A0BF169F98" nameInArchiveHash="0xB8A0BF169F98">0x0</containerEntry>
        </property>
        <property name="transforms" type="Matrix4" container="DynamicArray" arraySize="6">
          <containerEntry r11="0.8524658" r12="0" r13="-0.522783" r14="0" r21="0" r22="1" r23="0" r24="0" r31="0.522783" r32="0" r33="0.8524658" r34="0" r41="-221.8399" r42="369.46948" r43="524.03625" r44="1"></containerEntry>
          <containerEntry r11="0.8524658" r12="0" r13="-0.522783" r14="0" r21="0" r22="1" r23="0" r24="0" r31="0.522783" r32="0" r33="0.8524658" r34="0" r41="-238" r42="367.38483" r43="522" r44="1"></containerEntry>
          <containerEntry r11="0.8524658" r12="0" r13="-0.522783" r14="0" r21="0" r22="1" r23="0" r24="0" r31="0.522783" r32="0" r33="0.8524658" r34="0" r41="-214" r42="369.00104" r43="528" r44="1"></containerEntry>
          <containerEntry r11="0.8524658" r12="0" r13="-0.522783" r14="0" r21="0" r22="1" r23="0" r24="0" r31="0.522783" r32="0" r33="0.8524658" r34="0" r41="-144" r42="382.1419" r43="554" r44="1"></containerEntry>
          <containerEntry r11="0.8524658" r12="0" r13="-0.522783" r14="0" r21="0" r22="1" r23="0" r24="0" r31="0.522783" r32="0" r33="0.8524658" r34="0" r41="-154" r42="379.12183" r43="550" r44="1"></containerEntry>
          <containerEntry r11="0.8524658" r12="0" r13="-0.522783" r14="0" r21="0" r22="1" r23="0" r24="0" r31="0.522783" r32="0" r33="0.8524658" r34="0" r41="-164" r42="390.6344" r43="576" r44="1"></containerEntry>
        </property>
        <property name="colors" type="UInt32" container="DynamicArray" arraySize="6">
          <containerEntry>4294967295</containerEntry>
          <containerEntry>4294967295</containerEntry>
          <containerEntry>4294967295</containerEntry>
          <containerEntry>4294967295</containerEntry>
          <containerEntry>4294967295</containerEntry>
          <containerEntry>4294967295</containerEntry>
        </property>
      </staticProperties>
      <dynamicProperties></dynamicProperties>
    </entity>
    <entity class="TexturePackLoadConditioner" classVersion="0" classID="0x48" addr="0x3177B00" id="0x0">
      <staticProperties>
        <property name="name" type="String" container="StaticArray" arraySize="1">
          <containerEntry>TexturePackLoadConditioner0000</containerEntry>
        </property>
        <property name="dataSet" type="EntityHandle" container="StaticArray" arraySize="1">
          <containerEntry>0x32E2E00</containerEntry>
        </property>
        <property name="texturePackPath" type="Path" container="StaticArray" arraySize="1">
          <containerEntry hash="0xB8A0BF169F98"></containerEntry>
        </property>
      </staticProperties>
      <dynamicProperties></dynamicProperties>
    </entity>
  </entities>
</fox>