<fox formatVersion="2" fileVersion="0">
  <entities>
    <entity class="DataSet" classVersion="0" classID="0xE8" addr="0x2EF4680" id="0x5455AE">
      <staticProperties>
        <property name="name" type="String" container="StaticArray" arraySize="1">
          <containerEntry hash="0xB8A0BF169F98"></containerEntry>
        </property>
        <property name="dataSet" type="EntityHandle" container="StaticArray" arraySize="1">
          <containerEntry>0x0</containerEntry>
        </property>
        <property name="dataList" type="EntityPtr" container="StringMap" arraySize="7">
          <containerEntry key="StaticModelArray0000">
            <data>0x2D7E2B0</data>
          </containerEntry>
          <containerEntry key="StaticModelArray0001">
            <data>0x2D7E320</data>
          </containerEntry>
          <containerEntry key="StaticModelArray0002">
            <data>0x2D7B530</data>
          </containerEntry>
          <containerEntry key="StaticModelArray0003">
            <data>0x2D7DE50</data>
          </containerEntry>
          <containerEntry key="StaticModelArray0004">
            <data>0x2EF4C30</data>
          </containerEntry>
          <containerEntry key="StaticModelArray0005">
            <data>0x2D7DD00</data>
          </containerEntry>
          <containerEntry key="TexturePackLoadConditioner0000">
            <data>0x2D7EA90</data>
          </containerEntry>
        </property>
      </staticProperties>
      <dynamicProperties></dynamicProperties>
    </entity>
    <entity class="StaticModelArray" classVersion="4" classID="0xD0" addr="0x2D7E2B0" id="0x0">
      <staticProperties>
        <property name="name" type="String" container="StaticArray" arraySize="1">
          <containerEntry>StaticModelArray0000</containerEntry>
        </property>
        <property name="dataSet" type="EntityHandle" container="StaticArray" arraySize="1">
          <containerEntry>0x2EF4680</containerEntry>
        </property>
        <property name="modelFile" type="FilePtr" container="StaticArray" arraySize="1">
          <containerEntry>/Assets/tpp/environ/object/middle_africa/clod/mafr_clod005/scenes/mafr_clod005.fmdl</containerEntry>
        </property>
        <property name="geomFile" type="FilePtr" container="StaticArray" arraySize="1">
          <containerEntry>/Assets/tpp/environ/object/middle_africa/clod/mafr_clod005/scenes/mafr_clod005.geom</containerEntry>
        </property>
        <property name="isVisibleGeom" type="Bool" container="StaticArray" arraySize="1">
          <containerEntry>false</containerEntry>
        </property>
        <property name="lodFarSize" type="Float" container="StaticArray" arraySize="1">
          <containerEntry>-1</containerEntry>
        </property>
        <property name="lodNearSize" type="Float" container="StaticArray" arraySize="1">
          <containerEntry>-1</containerEntry>
        </property>
        <property name="lodPolygonSize" type="Float" container="StaticArray" arraySize="1">
          <containerEntry>-1</containerEntry>
        </property>
        <property name="drawRejectionLevel" type="Int32" container="StaticArray" arraySize="1">
          <containerEntry>8</containerEntry>
        </property>
        <property name="drawMode" type="Int32" container="StaticArray" arraySize="1">
          <containerEntry>0</containerEntry>
        </property>
        <property name="rejectFarRangeShadowCast" type="Int32" container="StaticArray" arraySize="1">
          <containerEntry>2</containerEntry>
        </property>
        <property name="parentLocator" type="EntityLink" container="StaticArray" arraySize="1">
          <containerEntry packagePathHash="0xB8A0BF169F98" archivePathHash="0xB8A0BF169F98" nameInArchiveHash="0xB8A0BF169F98">0x0</containerEntry>
        </property>
        <property name="transforms" type="Matrix4" container="DynamicArray" arraySize="2">
          <containerEntry r11="-0.587249" r12="0.09041618" r13="0.8043376" r14="0" r21="0.08401917" r22="0.99518234" r23="-0.050526254" r24="0" r31="-0.80503094" r32="0.03790827" r33="-0.59201646" r34="0" r41="-59.707005" r42="-3.771383" r43="417.5762" r44="1"></containerEntry>
          <containerEntry r11="0.3992705" r12="0.027526282" r13="0.91641814" r14="0" r21="0.13582635" r22="0.98674357" r23="-0.08881579" r24="0" r31="-0.9067145" r32="0.15993544" r33="0.39023882" r34="0" r41="-45.47346" r42="-0.65576" r43="487.89777" r44="1"></containerEntry>
        </property>
        <property name="colors" type="UInt32" container="DynamicArray" arraySize="2">
          <containerEntry>4294967295</containerEntry>
          <containerEntry>4294967295</containerEntry>
        </property>
      </staticProperties>
      <dynamicProperties></dynamicProperties>
    </entity>
    <entity class="StaticModelArray" classVersion="4" classID="0xD0" addr="0x2D7E320" id="0x0">
      <staticProperties>
        <property name="name" type="String" container="StaticArray" arraySize="1">
          <containerEntry>StaticModelArray0001</containerEntry>
        </property>
        <property name="dataSet" type="EntityHandle" container="StaticArray" arraySize="1">
          <containerEntry>0x2EF4680</containerEntry>
        </property>
        <property name="modelFile" type="FilePtr" container="StaticArray" arraySize="1">
          <containerEntry>/Assets/tpp/environ/object/middle_africa/mud/mafr_mudd003/scenes/mafr_mudd003_grnd001.fmdl</containerEntry>
        </property>
        <property name="geomFile" type="FilePtr" container="StaticArray" arraySize="1">
          <containerEntry>/Assets/tpp/environ/object/middle_africa/mud/mafr_mudd003/scenes/mafr_mudd003_grnd001.geom</containerEntry>
        </property>
        <property name="isVisibleGeom" type="Bool" container="StaticArray" arraySize="1">
          <containerEntry>false</containerEntry>
        </property>
        <property name="lodFarSize" type="Float" container="StaticArray" arraySize="1">
          <containerEntry>-1</containerEntry>
        </property>
        <property name="lodNearSize" type="Float" container="StaticArray" arraySize="1">
          <containerEntry>-1</containerEntry>
        </property>
        <property name="lodPolygonSize" type="Float" container="StaticArray" arraySize="1">
          <containerEntry>-1</containerEntry>
        </property>
        <property name="drawRejectionLevel" type="Int32" container="StaticArray" arraySize="1">
          <containerEntry>8</containerEntry>
        </property>
        <property name="drawMode" type="Int32" container="StaticArray" arraySize="1">
          <containerEntry>0</containerEntry>
        </property>
        <property name="rejectFarRangeShadowCast" type="Int32" container="StaticArray" arraySize="1">
          <containerEntry>2</containerEntry>
        </property>
        <property name="parentLocator" type="EntityLink" container="StaticArray" arraySize="1">
          <containerEntry packagePathHash="0xB8A0BF169F98" archivePathHash="0xB8A0BF169F98" nameInArchiveHash="0xB8A0BF169F98">0x0</containerEntry>
        </property>
        <property name="transforms" type="Matrix4" container="DynamicArray" arraySize="23">
          <containerEntry r11="-0.9190819" r12="-0.020694992" r13="-0.39352107" r14="0" r21="-0.022511398" r22="0.99974656" r23="2.1839514e-07" r24="0" r31="0.39342135" r32="0.008858914" r33="-0.91931486" r34="0" r41="-109.306946" r42="-3.819172" r43="473.32663" r44="1"></containerEntry>
          <containerEntry r11="-0.92867666" r12="-0.020912064" r13="0.37029618" r14="0" r21="-0.022512196" r22="0.99974656" r23="4.8149377e-07" r24="0" r31="-0.37020236" r32="-0.00833574" r33="-0.9289121" r34="0" r41="-103.91004" r42="-3.819172" r43="463.37085" r44="1"></containerEntry>
          <containerEntry r11="-0.9997039" r12="-0.022511853" r13="-0.009240487" r14="0" r21="-0.022512814" r22="0.99974656" r23="-2.237357e-08" r24="0" r31="0.009238145" r32="0.00020800697" r33="-0.9999573" r34="0" r41="-117.95665" r42="-3.824655" r43="462.73962" r44="1"></containerEntry>
          <containerEntry r11="-0.30925015" r12="-0.006963728" r13="-0.9509545" r14="0" r21="-0.02251202" r22="0.99974656" r23="-1.0617077e-07" r24="0" r31="0.95071346" r32="0.021407885" r33="-0.30932856" r34="0" r41="-125.24938" r42="-3.963878" r43="509.68185" r44="1"></containerEntry>
          <containerEntry r11="0.6324829" r12="0.014242431" r13="-0.77444345" r14="0" r21="-0.022513447" r22="0.99974656" r23="-7.096678e-07" r24="0" r31="0.7742471" r32="0.017435838" r33="0.6326432" r34="0" r41="-121.0849" r42="-3.97329" r43="441.35913" r44="1"></containerEntry>
          <containerEntry r11="0.9837914" r12="0.02215322" r13="0.17794308" r14="0" r21="-0.022512654" r22="0.99974656" r23="8.502975e-07" r24="0" r31="-0.17789796" r32="-0.004006808" r33="0.9840408" r34="0" r41="-78.926056" r42="-3.819172" r43="486.66132" r44="1"></containerEntry>
          <containerEntry r11="0.3888539" r12="0.008755364" r13="0.92125714" r14="0" r21="-0.022513349" r22="0.99974656" r23="1.3494864e-06" r24="0" r31="-0.9210236" r32="-0.020741127" r33="0.3889525" r34="0" r41="-86.809364" r42="-3.819172" r43="484.23636" r44="1"></containerEntry>
          <containerEntry r11="-0.9535824" r12="-0.021472305" r13="-0.30036268" r14="0" r21="-0.022512157" r22="0.99974656" r23="1.1716038e-06" r24="0" r31="0.3002865" r32="0.0067629316" r33="-0.95382416" r34="0" r41="-81.163055" r42="-3.819172" r43="502.5818" r44="1"></containerEntry>
          <containerEntry r11="-0.6884521" r12="-0.015503922" r13="0.7251151" r14="0" r21="-0.022512637" r22="0.99974656" r23="1.5227124e-06" r24="0" r31="-0.7249314" r32="-0.016323213" r33="-0.68862665" r34="0" r41="-74.87909" r42="-3.819172" r43="500.8031" r44="1"></containerEntry>
          <containerEntry r11="-0.42190745" r12="-0.009501148" r13="0.9065883" r14="0" r21="-0.02251191" r22="0.99974656" r23="8.614734e-07" r24="0" r31="-0.9063586" r32="-0.020408683" r33="-0.42201442" r34="0" r41="-108.42113" r42="-3.819172" r43="498.5246" r44="1"></containerEntry>
          <containerEntry r11="0.9122041" r12="0.02054182" r13="0.40922093" r14="0" r21="-0.022512756" r22="0.99974656" r23="-9.383075e-07" r24="0" r31="-0.40911722" r32="-0.009211833" r33="0.91243535" r34="0" r41="-110.73979" r42="-3.903966" r43="490.23752" r44="1"></containerEntry>
          <containerEntry r11="0.4277692" r12="0.009631373" r13="0.9038362" r14="0" r21="-0.02251181" r22="0.9997466" r23="1.0142103e-06" r24="0" r31="-0.9036071" r32="-0.020347439" r33="0.42787766" r34="0" r41="-94.05551" r42="-3.786941" r43="452.1169" r44="1"></containerEntry>
          <containerEntry r11="0.18658067" r12="0.0042013433" r13="-0.9824295" r14="0" r21="-0.022512933" r22="0.99974656" r23="-1.7601997e-07" r24="0" r31="0.9821805" r32="0.022117432" r33="0.18662798" r34="0" r41="-112.93119" r42="-3.963878" r43="509.25696" r44="1"></containerEntry>
          <containerEntry r11="-0.41326746" r12="-0.009305414" r13="-0.91056" r14="0" r21="-0.022512712" r22="0.99974656" r23="8.34465e-07" r24="0" r31="0.9103292" r32="0.020499548" r33="-0.41337222" r34="0" r41="-96.72379" r42="-3.963878" r43="496.78146" r44="1"></containerEntry>
          <containerEntry r11="0.36749345" r12="0.008274366" r13="0.9299887" r14="0" r21="-0.022511471" r22="0.9997466" r23="5.764887e-07" r24="0" r31="-0.929753" r32="-0.020935643" r33="0.3675866" r34="0" r41="-87.55798" r42="-3.963878" r43="496.78146" r44="1"></containerEntry>
          <containerEntry r11="0.5352904" r12="0.0120554585" r13="-0.84458125" r14="0" r21="-0.022513362" r22="0.9997465" r23="1.4584512e-06" r24="0" r31="0.84436715" r32="0.01901361" r33="0.53542614" r34="0" r41="-96.72379" r42="-3.963878" r43="481.80545" r44="1"></containerEntry>
          <containerEntry r11="0.43727767" r12="0.009845851" r13="0.8992719" r14="0" r21="-0.022512706" r22="0.99974656" r23="1.039356e-06" r24="0" r31="-0.899044" r32="-0.020245522" r33="0.43738854" r34="0" r41="-113.671875" r42="-3.912605" r43="456.5307" r44="1"></containerEntry>
          <containerEntry r11="0.7381085" r12="0.016621536" r13="0.6744765" r14="0" r21="-0.0225131" r22="0.99974656" r23="-3.2735988e-07" r24="0" r31="-0.67430556" r32="-0.015184343" r33="0.7382957" r34="0" r41="-98.7406" r42="-3.891382" r43="503.5059" r44="1"></containerEntry>
          <containerEntry r11="0.94914067" r12="0.021373684" r13="0.31412572" r14="0" r21="-0.022513324" r22="0.9997465" r23="1.4575198e-07" r24="0" r31="-0.31404608" r32="-0.007072162" r33="0.9493813" r34="0" r41="-109.62929" r42="-3.963878" r43="505.4573" r44="1"></containerEntry>
          <containerEntry r11="0.6857899" r12="0.015443426" r13="-0.7276355" r14="0" r21="-0.022513755" r22="0.9997465" r23="-2.6170164e-07" r24="0" r31="0.7274511" r32="0.016381994" r33="0.68596375" r34="0" r41="-124.48132" r42="-4.03577" r43="459.66098" r44="1"></containerEntry>
          <containerEntry r11="-0.8458238" r12="-0.019046605" r13="0.5331189" r14="0" r21="-0.022512324" r22="0.99974656" r23="5.243346e-07" r24="0" r31="-0.53298384" r32="-0.012001314" r33="-0.8460383" r34="0" r41="-117.98617" r42="-3.963878" r43="511.65457" r44="1"></containerEntry>
          <containerEntry r11="0.5212522" r12="0.01173736" r13="0.8533215" r14="0" r21="-0.022512576" r22="0.99974656" r23="3.9394945e-07" r24="0" r31="-0.85310525" r32="-0.019210685" r33="0.5213843" r34="0" r41="-115.522934" r42="-3.930997" r43="446.35526" r44="1"></containerEntry>
          <containerEntry r11="0.44335103" r12="0.009984791" r13="-0.8962923" r14="0" r21="-0.02251345" r22="0.99974656" r23="1.007691e-06" r24="0" r31="0.8960651" r32="0.02017819" r33="0.44346344" r34="0" r41="-121.11291" r42="-3.912605" r43="454.66257" r44="1"></containerEntry>
        </property>
        <property name="colors" type="UInt32" container="DynamicArray" arraySize="23">
          <containerEntry>4294967295</containerEntry>
          <containerEntry>4294967295</containerEntry>
          <containerEntry>4294967295</containerEntry>
          <containerEntry>4294967295</containerEntry>
          <containerEntry>4294967295</containerEntry>
          <containerEntry>4294967295</containerEntry>
          <containerEntry>4294967295</containerEntry>
          <containerEntry>4294967295</containerEntry>
          <containerEntry>4294967295</containerEntry>
          <containerEntry>4294967295</containerEntry>
          <containerEntry>4294967295</containerEntry>
          <containerEntry>4294967295</containerEntry>
          <containerEntry>4294967295</containerEntry>
          <containerEntry>4294967295</containerEntry>
          <containerEntry>4294967295</containerEntry>
          <containerEntry>4294967295</containerEntry>
          <containerEntry>4294967295</containerEntry>
          <containerEntry>4294967295</containerEntry>
          <containerEntry>4294967295</containerEntry>
          <containerEntry>4294967295</containerEntry>
          <containerEntry>4294967295</containerEntry>
          <containerEntry>4294967295</containerEntry>
          <containerEntry>4294967295</containerEntry>
        </property>
      </staticProperties>
      <dynamicProperties></dynamicProperties>
    </entity>
    <entity class="StaticModelArray" classVersion="4" classID="0xD0" addr="0x2D7B530" id="0x0">
      <staticProperties>
        <property name="name" type="String" container="StaticArray" arraySize="1">
          <containerEntry>StaticModelArray0002</containerEntry>
        </property>
        <property name="dataSet" type="EntityHandle" container="StaticArray" arraySize="1">
          <containerEntry>0x2EF4680</containerEntry>
        </property>
        <property name="modelFile" type="FilePtr" container="StaticArray" arraySize="1">
          <containerEntry>/Assets/tpp/environ/object/middle_africa/rock/mafr_rock002/scenes/mafr_rock002.fmdl</containerEntry>
        </property>
        <property name="geomFile" type="FilePtr" container="StaticArray" arraySize="1">
          <containerEntry>/Assets/tpp/environ/object/middle_africa/rock/mafr_rock002/scenes/mafr_rock002.geom</containerEntry>
        </property>
        <property name="isVisibleGeom" type="Bool" container="StaticArray" arraySize="1">
          <containerEntry>false</containerEntry>
        </property>
        <property name="lodFarSize" type="Float" container="StaticArray" arraySize="1">
          <containerEntry>-1</containerEntry>
        </property>
        <property name="lodNearSize" type="Float" container="StaticArray" arraySize="1">
          <containerEntry>-1</containerEntry>
        </property>
        <property name="lodPolygonSize" type="Float" container="StaticArray" arraySize="1">
          <containerEntry>-1</containerEntry>
        </property>
        <property name="drawRejectionLevel" type="Int32" container="StaticArray" arraySize="1">
          <containerEntry>8</containerEntry>
        </property>
        <property name="drawMode" type="Int32" container="StaticArray" arraySize="1">
          <containerEntry>0</containerEntry>
        </property>
        <property name="rejectFarRangeShadowCast" type="Int32" container="StaticArray" arraySize="1">
          <containerEntry>2</containerEntry>
        </property>
        <property name="parentLocator" type="EntityLink" container="StaticArray" arraySize="1">
          <containerEntry packagePathHash="0xB8A0BF169F98" archivePathHash="0xB8A0BF169F98" nameInArchiveHash="0xB8A0BF169F98">0x0</containerEntry>
        </property>
        <property name="transforms" type="Matrix4" container="DynamicArray" arraySize="10">
          <containerEntry r11="-0.19883001" r12="0" r13="0.9800327" r14="0" r21="0" r22="1" r23="0" r24="0" r31="-0.9800327" r32="0" r33="-0.19883001" r34="0" r41="-46.13092" r42="1.792241" r43="461.79745" r44="1"></containerEntry>
          <containerEntry r11="0.36923417" r12="-0.03182306" r13="0.92879045" r14="0" r21="0.16875198" r22="0.9850947" r23="-0.033333756" r24="0" r31="-0.9138857" r32="0.16904336" r33="0.36910087" r34="0" r41="-32.831676" r42="2.106993" r43="460.2512" r44="1"></containerEntry>
          <containerEntry r11="-0.19883001" r12="0" r13="0.9800327" r14="0" r21="0" r22="1" r23="0" r24="0" r31="-0.9800327" r32="0" r33="-0.19883001" r34="0" r41="-81.899826" r42="-1.755144" r43="414.7728" r44="1"></containerEntry>
          <containerEntry r11="-0.96953034" r12="-0.033659715" r13="-0.24265467" r14="0" r21="-0.03239507" r22="0.9994328" r23="-0.009201038" r24="0" r31="0.24282674" r32="-0.0010598609" r33="-0.97007084" r34="0" r41="-42.365913" r42="1.040545" r43="440.91696" r44="1"></containerEntry>
          <containerEntry r11="-0.37793544" r12="-0.0015131347" r13="0.9258303" r14="0" r21="-0.01582092" r22="0.9998632" r23="-0.0048241713" r24="0" r31="-0.9256963" r32="-0.01647072" r33="-0.3779077" r34="0" r41="-6.500046" r42="0.567863" r43="461.9743" r44="1"></containerEntry>
          <containerEntry r11="0.959111" r12="-0.012888978" r13="-0.28273675" r14="0" r21="0.01173533" r22="0.99991447" r23="-0.0057735434" r24="0" r31="0.282787" r32="0.0022194602" r33="0.9591802" r34="0" r41="-28.057247" r42="0.318397" r43="444.88522" r44="1"></containerEntry>
          <containerEntry r11="0.36270794" r12="-0.036565118" r13="0.93118465" r14="0" r21="0.060831964" r22="0.99802774" r23="0.015495084" r24="0" r31="-0.9299147" r32="0.05102566" r33="0.36421692" r34="0" r41="-57.43046" r42="-0.120397" r43="425.6279" r44="1"></containerEntry>
          <containerEntry r11="-0.8507946" r12="-0.021287628" r13="-0.52506334" r14="0" r21="-0.16451633" r22="0.95974076" r23="0.22766626" r24="0" r31="0.4990782" r32="0.28007925" r33="-0.82004434" r34="0" r41="-40.112545" r42="1.13907" r43="484.4491" r44="1"></containerEntry>
          <containerEntry r11="-0.9941545" r12="-0.0038433783" r13="-0.10789591" r14="0" r21="-0.019705465" r22="0.9890387" r23="0.14633577" r24="0" r31="0.106150806" r32="0.14760654" r33="-0.98333305" r34="0" r41="-36.341946" r42="2.506787" r43="509.46832" r44="1"></containerEntry>
          <containerEntry r11="-0.19883001" r12="0" r13="0.9800327" r14="0" r21="0" r22="1" r23="0" r24="0" r31="-0.9800327" r32="0" r33="-0.19883001" r34="0" r41="-46.13092" r42="1.792241" r43="461.79745" r44="1"></containerEntry>
        </property>
        <property name="colors" type="UInt32" container="DynamicArray" arraySize="10">
          <containerEntry>4294967295</containerEntry>
          <containerEntry>4294967295</containerEntry>
          <containerEntry>4294967295</containerEntry>
          <containerEntry>4294967295</containerEntry>
          <containerEntry>4294967295</containerEntry>
          <containerEntry>4294967295</containerEntry>
          <containerEntry>4294967295</containerEntry>
          <containerEntry>4294967295</containerEntry>
          <containerEntry>4294967295</containerEntry>
          <containerEntry>4294967295</containerEntry>
        </property>
      </staticProperties>
      <dynamicProperties></dynamicProperties>
    </entity>
    <entity class="StaticModelArray" classVersion="4" classID="0xD0" addr="0x2D7DE50" id="0x0">
      <staticProperties>
        <property name="name" type="String" container="StaticArray" arraySize="1">
          <containerEntry>StaticModelArray0003</containerEntry>
        </property>
        <property name="dataSet" type="EntityHandle" container="StaticArray" arraySize="1">
          <containerEntry>0x2EF4680</containerEntry>
        </property>
        <property name="modelFile" type="FilePtr" container="StaticArray" arraySize="1">
          <containerEntry>/Assets/tpp/environ/object/middle_africa/rock/mafr_rock010/scenes/mafr_rock010.fmdl</containerEntry>
        </property>
        <property name="geomFile" type="FilePtr" container="StaticArray" arraySize="1">
          <containerEntry>/Assets/tpp/environ/object/middle_africa/rock/mafr_rock010/scenes/mafr_rock010.geom</containerEntry>
        </property>
        <property name="isVisibleGeom" type="Bool" container="StaticArray" arraySize="1">
          <containerEntry>false</containerEntry>
        </property>
        <property name="lodFarSize" type="Float" container="StaticArray" arraySize="1">
          <containerEntry>-1</containerEntry>
        </property>
        <property name="lodNearSize" type="Float" container="StaticArray" arraySize="1">
          <containerEntry>-1</containerEntry>
        </property>
        <property name="lodPolygonSize" type="Float" container="StaticArray" arraySize="1">
          <containerEntry>-1</containerEntry>
        </property>
        <property name="drawRejectionLevel" type="Int32" container="StaticArray" arraySize="1">
          <containerEntry>8</containerEntry>
        </property>
        <property name="drawMode" type="Int32" container="StaticArray" arraySize="1">
          <containerEntry>0</containerEntry>
        </property>
        <property name="rejectFarRangeShadowCast" type="Int32" container="StaticArray" arraySize="1">
          <containerEntry>2</containerEntry>
        </property>
        <property name="parentLocator" type="EntityLink" container="StaticArray" arraySize="1">
          <containerEntry packagePathHash="0xB8A0BF169F98" archivePathHash="0xB8A0BF169F98" nameInArchiveHash="0xB8A0BF169F98">0x0</containerEntry>
        </property>
        <property name="transforms" type="Matrix4" container="DynamicArray" arraySize="6">
          <containerEntry r11="1" r12="0" r13="0" r14="0" r21="0" r22="1" r23="0" r24="0" r31="0" r32="0" r33="1" r34="0" r41="-8.756489" r42="-2.012644" r43="427.2757" r44="1"></containerEntry>
          <containerEntry r11="-0.5824482" r12="-0.04219629" r13="0.8117703" r14="0" r21="-0.3816908" r22="0.8959067" r23="-0.22729522" r24="0" r31="-0.7176794" r32="-0.4422335" r33="-0.53792506" r34="0" r41="-48.227314" r42="0.319374" r43="442.85138" r44="1"></containerEntry>
          <containerEntry r11="-0.8000022" r12="0.12445275" r13="-0.58694345" r14="0" r21="0.14695713" r22="0.989098" r23="0.009420898" r24="0" r31="0.5817171" r32="-0.078718886" r33="-0.8095698" r34="0" r41="-36.26929" r42="-0.43525" r43="442.85138" r44="1"></containerEntry>
          <containerEntry r11="0.17075442" r12="0.06842846" r13="0.98293346" r14="0" r21="-0.13138564" r22="0.9902582" r23="-0.04611425" r24="0" r31="-0.97651345" r32="-0.12126936" r33="0.17808151" r34="0" r41="-48.331448" r42="1.343974" r43="456.38394" r44="1"></containerEntry>
          <containerEntry r11="0.58325684" r12="0.007873125" r13="0.8122488" r14="0" r21="0.14121273" r22="0.98374385" r23="-0.1109367" r24="0" r31="-0.7999182" r32="0.17940459" r33="0.57266366" r34="0" r41="-28.984762" r42="0.130083" r43="461.38406" r44="1"></containerEntry>
          <containerEntry r11="0.9951199" r12="0.09847991" r13="-0.006170816" r14="0" r21="-0.098268375" r22="0.9834409" r23="-0.15227422" r24="0" r31="-0.008927331" r32="0.15213752" r33="0.98831904" r34="0" r41="-50.075623" r42="0.684446" r43="446.47687" r44="1"></containerEntry>
        </property>
        <property name="colors" type="UInt32" container="DynamicArray" arraySize="6">
          <containerEntry>4294967295</containerEntry>
          <containerEntry>4294967295</containerEntry>
          <containerEntry>4294967295</containerEntry>
          <containerEntry>4294967295</containerEntry>
          <containerEntry>4294967295</containerEntry>
          <containerEntry>4294967295</containerEntry>
        </property>
      </staticProperties>
      <dynamicProperties></dynamicProperties>
    </entity>
    <entity class="StaticModelArray" classVersion="4" classID="0xD0" addr="0x2EF4C30" id="0x0">
      <staticProperties>
        <property name="name" type="String" container="StaticArray" arraySize="1">
          <containerEntry>StaticModelArray0004</containerEntry>
        </property>
        <property name="dataSet" type="EntityHandle" container="StaticArray" arraySize="1">
          <containerEntry>0x2EF4680</containerEntry>
        </property>
        <property name="modelFile" type="FilePtr" container="StaticArray" arraySize="1">
          <containerEntry>/Assets/tpp/environ/object/middle_africa/mud/mafr_mudd003/scenes/mafr_mudd003.fmdl</containerEntry>
        </property>
        <property name="geomFile" type="FilePtr" container="StaticArray" arraySize="1">
          <containerEntry>/Assets/tpp/environ/object/middle_africa/mud/mafr_mudd003/scenes/mafr_mudd003.geom</containerEntry>
        </property>
        <property name="isVisibleGeom" type="Bool" container="StaticArray" arraySize="1">
          <containerEntry>false</containerEntry>
        </property>
        <property name="lodFarSize" type="Float" container="StaticArray" arraySize="1">
          <containerEntry>-1</containerEntry>
        </property>
        <property name="lodNearSize" type="Float" container="StaticArray" arraySize="1">
          <containerEntry>-1</containerEntry>
        </property>
        <property name="lodPolygonSize" type="Float" container="StaticArray" arraySize="1">
          <containerEntry>-1</containerEntry>
        </property>
        <property name="drawRejectionLevel" type="Int32" container="StaticArray" arraySize="1">
          <containerEntry>8</containerEntry>
        </property>
        <property name="drawMode" type="Int32" container="StaticArray" arraySize="1">
          <containerEntry>0</containerEntry>
        </property>
        <property name="rejectFarRangeShadowCast" type="Int32" container="StaticArray" arraySize="1">
          <containerEntry>2</containerEntry>
        </property>
        <property name="parentLocator" type="EntityLink" container="StaticArray" arraySize="1">
          <containerEntry packagePathHash="0xB8A0BF169F98" archivePathHash="0xB8A0BF169F98" nameInArchiveHash="0xB8A0BF169F98">0x0</containerEntry>
        </property>
        <property name="transforms" type="Matrix4" container="DynamicArray" arraySize="14">
          <containerEntry r11="0.68345624" r12="-0.014656828" r13="-0.72984403" r14="0" r21="0.010903441" r22="0.9998918" r23="-0.009869526" r24="0" r31="0.7299097" r32="-0.0012124302" r33="0.68354213" r34="0" r41="-96.738396" r42="-3.750694" r43="467.5971" r44="1"></containerEntry>
          <containerEntry r11="-0.8670986" r12="-0.004214119" r13="-0.49811283" r14="0" r21="-0.045313686" r22="0.99648553" r23="0.07045031" r24="0" r31="0.49606535" r32="0.08365894" r33="-0.8642422" r34="0" r41="-100.7177" r42="-4.16889" r43="451.29153" r44="1"></containerEntry>
          <containerEntry r11="0.9240129" r12="0.01063032" r13="0.3822132" r14="0" r21="-0.009762847" r22="0.99994344" r23="-0.0042089615" r24="0" r31="-0.38223633" r32="0.00015764008" r33="0.92406446" r34="0" r41="-107.311066" r42="-4.012362" r43="448.12683" r44="1"></containerEntry>
          <containerEntry r11="-0.9928414" r12="-0.0126276035" r13="-0.11878123" r14="0" r21="-0.010761702" r22="0.99980867" r23="-0.016337082" r24="0" r31="0.1189648" r32="-0.014941823" r33="-0.9927873" r34="0" r41="-107.47753" r42="-3.879216" r43="465.63632" r44="1"></containerEntry>
          <containerEntry r11="-0.8670609" r12="0.015648397" r13="-0.49795112" r14="0" r21="0.026444258" r22="0.99954313" r23="-0.014635158" r24="0" r31="0.4974946" r32="-0.025857579" r33="-0.8670786" r34="0" r41="-24.545805" r42="-1.602655" r43="428.7075" r44="1"></containerEntry>
          <containerEntry r11="-0.96481687" r12="-0.007375851" r13="0.26280552" r14="0" r21="-0.01555693" r22="0.9994565" r23="-0.029062517" r24="0" r31="-0.2624483" r32="-0.032128565" r33="-0.96440727" r34="0" r41="-33.426" r42="-2.394803" r43="413.35522" r44="1"></containerEntry>
          <containerEntry r11="0.43780762" r12="-0.009977662" r13="-0.89901376" r14="0" r21="-0.010761053" r22="0.9998086" r23="-0.016336836" r24="0" r31="0.8990047" r32="0.016826726" r33="0.43761647" r34="0" r41="-111.75911" r42="-3.884044" r43="502.44965" r44="1"></containerEntry>
          <containerEntry r11="0.56444573" r12="-0.0074118846" r13="-0.8254368" r14="0" r21="-0.010761916" r22="0.9998086" r23="-0.016336782" r24="0" r31="0.82539994" r32="0.01810451" r33="0.564258" r34="0" r41="-87.80669" r42="-3.927984" r43="489.48007" r44="1"></containerEntry>
          <containerEntry r11="0.28474957" r12="0.018726278" r13="0.9584191" r14="0" r21="-0.010761625" r22="0.9998086" r23="-0.016337663" r24="0" r31="-0.95854163" r32="-0.005662002" r33="0.2848966" r34="0" r41="-85.81884" r42="-3.927984" r43="495.63788" r44="1"></containerEntry>
          <containerEntry r11="0.43780762" r12="-0.009977662" r13="-0.89901376" r14="0" r21="-0.010761053" r22="0.9998086" r23="-0.016336836" r24="0" r31="0.8990047" r32="0.016826726" r33="0.43761647" r34="0" r41="-98.741356" r42="-3.884044" r43="510.6302" r44="1"></containerEntry>
          <containerEntry r11="-0.65625215" r12="0.0052647796" r13="0.7545214" r14="0" r21="-0.0107609555" r22="0.9998086" r23="-0.016335754" r24="0" r31="-0.754463" r32="-0.018839775" r33="-0.65606993" r34="0" r41="-119.65672" r42="-3.980544" r43="491.834" r44="1"></containerEntry>
          <containerEntry r11="-0.8670986" r12="-0.004214119" r13="-0.49811283" r14="0" r21="-0.045313686" r22="0.99648553" r23="0.07045031" r24="0" r31="0.49606535" r32="0.08365894" r33="-0.8642422" r34="0" r41="-108.45112" r42="-4.16889" r43="460.53943" r44="1"></containerEntry>
          <containerEntry r11="-0.48087686" r12="0.040055998" r13="-0.87587005" r14="0" r21="-0.0453125" r22="0.99648565" r23="0.07044992" r24="0" r31="0.87561387" r32="0.073565826" r33="-0.4773718" r34="0" r41="-108.45112" r42="-4.21389" r43="452.60114" r44="1"></containerEntry>
          <containerEntry r11="0.23130527" r12="0.018383201" r13="0.9727071" r14="0" r21="-0.010761059" r22="0.99980867" r23="-0.01633646" r24="0" r31="-0.9728213" r32="-0.006688662" r33="0.23145884" r34="0" r41="-125.53615" r42="-3.980544" r43="503.11786" r44="1"></containerEntry>
        </property>
        <property name="colors" type="UInt32" container="DynamicArray" arraySize="14">
          <containerEntry>4294967295</containerEntry>
          <containerEntry>4294967295</containerEntry>
          <containerEntry>4294967295</containerEntry>
          <containerEntry>4294967295</containerEntry>
          <containerEntry>4294967295</containerEntry>
          <containerEntry>4294967295</containerEntry>
          <containerEntry>4294967295</containerEntry>
          <containerEntry>4294967295</containerEntry>
          <containerEntry>4294967295</containerEntry>
          <containerEntry>4294967295</containerEntry>
          <containerEntry>4294967295</containerEntry>
          <containerEntry>4294967295</containerEntry>
          <containerEntry>4294967295</containerEntry>
          <containerEntry>4294967295</containerEntry>
        </property>
      </staticProperties>
      <dynamicProperties></dynamicProperties>
    </entity>
    <entity class="StaticModelArray" classVersion="4" classID="0xD0" addr="0x2D7DD00" id="0x0">
      <staticProperties>
        <property name="name" type="String" container="StaticArray" arraySize="1">
          <containerEntry>StaticModelArray0005</containerEntry>
        </property>
        <property name="dataSet" type="EntityHandle" container="StaticArray" arraySize="1">
          <containerEntry>0x2EF4680</containerEntry>
        </property>
        <property name="modelFile" type="FilePtr" container="StaticArray" arraySize="1">
          <containerEntry>/Assets/tpp/environ/object/middle_africa/mud/mafr_mudd003/scenes/mafr_mudd003_rock001.fmdl</containerEntry>
        </property>
        <property name="geomFile" type="FilePtr" container="StaticArray" arraySize="1">
          <containerEntry>/Assets/tpp/environ/object/middle_africa/mud/mafr_mudd003/scenes/mafr_mudd003_rock001.geom</containerEntry>
        </property>
        <property name="isVisibleGeom" type="Bool" container="StaticArray" arraySize="1">
          <containerEntry>false</containerEntry>
        </property>
        <property name="lodFarSize" type="Float" container="StaticArray" arraySize="1">
          <containerEntry>-1</containerEntry>
        </property>
        <property name="lodNearSize" type="Float" container="StaticArray" arraySize="1">
          <containerEntry>-1</containerEntry>
        </property>
        <property name="lodPolygonSize" type="Float" container="StaticArray" arraySize="1">
          <containerEntry>-1</containerEntry>
        </property>
        <property name="drawRejectionLevel" type="Int32" container="StaticArray" arraySize="1">
          <containerEntry>8</containerEntry>
        </property>
        <property name="drawMode" type="Int32" container="StaticArray" arraySize="1">
          <containerEntry>0</containerEntry>
        </property>
        <property name="rejectFarRangeShadowCast" type="Int32" container="StaticArray" arraySize="1">
          <containerEntry>2</containerEntry>
        </property>
        <property name="parentLocator" type="EntityLink" container="StaticArray" arraySize="1">
          <containerEntry packagePathHash="0xB8A0BF169F98" archivePathHash="0xB8A0BF169F98" nameInArchiveHash="0xB8A0BF169F98">0x0</containerEntry>
        </property>
        <property name="transforms" type="Matrix4" container="DynamicArray" arraySize="3">
          <containerEntry r11="-0.6995974" r12="0.09830179" r13="-0.7077438" r14="0" r21="0.11019424" r22="0.69115126" r23="-0.012928612" r24="0" r31="0.6969816" r32="-0.1243344" r33="-0.7062285" r34="0" r41="-95.84346" r42="-5.10306" r43="458.1524" r44="1"></containerEntry>
          <containerEntry r11="-0.9942844" r12="-0.099390395" r13="-0.038980495" r14="0" r21="-0.06875247" r22="0.6962789" r23="-0.02164974" r24="0" r31="0.041847248" r32="-0.02692286" r33="-0.99876094" r34="0" r41="-121.79997" r42="-5.513719" r43="470.41037" r44="1"></containerEntry>
          <containerEntry r11="0.7487326" r12="0.030587915" r13="0.66216594" r14="0" r21="-0.030936822" r22="0.6993109" r23="0.0026774912" r24="0" r31="-0.66139704" r32="-0.032128632" r33="0.7493474" r34="0" r41="-122.503" r42="-5.87729" r43="448.7596" r44="1"></containerEntry>
        </property>
        <property name="colors" type="UInt32" container="DynamicArray" arraySize="3">
          <containerEntry>4294967295</containerEntry>
          <containerEntry>4294967295</containerEntry>
          <containerEntry>4294967295</containerEntry>
        </property>
      </staticProperties>
      <dynamicProperties></dynamicProperties>
    </entity>
    <entity class="TexturePackLoadConditioner" classVersion="0" classID="0x48" addr="0x2D7EA90" id="0x0">
      <staticProperties>
        <property name="name" type="String" container="StaticArray" arraySize="1">
          <containerEntry>TexturePackLoadConditioner0000</containerEntry>
        </property>
        <property name="dataSet" type="EntityHandle" container="StaticArray" arraySize="1">
          <containerEntry>0x2EF4680</containerEntry>
        </property>
        <property name="texturePackPath" type="Path" container="StaticArray" arraySize="1">
          <containerEntry hash="0xB8A0BF169F98"></containerEntry>
        </property>
      </staticProperties>
      <dynamicProperties></dynamicProperties>
    </entity>
  </entities>
</fox>