<fox formatVersion="2" fileVersion="0">
  <entities>
    <entity class="DataSet" classVersion="0" classID="0xE8" addr="0x33530A0" id="0x12B3CDF">
      <staticProperties>
        <property name="name" type="String" container="StaticArray" arraySize="1">
          <containerEntry hash="0xB8A0BF169F98"></containerEntry>
        </property>
        <property name="dataSet" type="EntityHandle" container="StaticArray" arraySize="1">
          <containerEntry>0x0</containerEntry>
        </property>
        <property name="dataList" type="EntityPtr" container="StringMap" arraySize="15">
          <containerEntry key="afgh_clff041_vrtn002_0000">
            <data>0x3350C50</data>
          </containerEntry>
          <containerEntry key="afgh_clff022_vrtn003_0002">
            <data>0x3351CF0</data>
          </containerEntry>
          <containerEntry key="StaticModelArray0000">
            <data>0x3356910</data>
          </containerEntry>
          <containerEntry key="StaticModelArray0001">
            <data>0x3356980</data>
          </containerEntry>
          <containerEntry key="StaticModelArray0002">
            <data>0x33569F0</data>
          </containerEntry>
          <containerEntry key="StaticModelArray0003">
            <data>0x3356A60</data>
          </containerEntry>
          <containerEntry key="StaticModelArray0004">
            <data>0x3356B40</data>
          </containerEntry>
          <containerEntry key="StaticModelArray0005">
            <data>0x3356AD0</data>
          </containerEntry>
          <containerEntry key="StaticModelArray0006">
            <data>0x3355B10</data>
          </containerEntry>
          <containerEntry key="StaticModelArray0007">
            <data>0x33558E0</data>
          </containerEntry>
          <containerEntry key="StaticModelArray0008">
            <data>0x3355800</data>
          </containerEntry>
          <containerEntry key="StaticModelArray0009">
            <data>0x33559C0</data>
          </containerEntry>
          <containerEntry key="StaticModelArray0010">
            <data>0x3355A30</data>
          </containerEntry>
          <containerEntry key="DecalArray0000">
            <data>0x3355BF0</data>
          </containerEntry>
          <containerEntry key="TexturePackLoadConditioner0000">
            <data>0x3356D70</data>
          </containerEntry>
        </property>
      </staticProperties>
      <dynamicProperties></dynamicProperties>
    </entity>
    <entity class="StaticModel" classVersion="9" classID="0x160" addr="0x3350C50" id="0x12B412D">
      <staticProperties>
        <property name="name" type="String" container="StaticArray" arraySize="1">
          <containerEntry>afgh_clff041_vrtn002_0000</containerEntry>
        </property>
        <property name="dataSet" type="EntityHandle" container="StaticArray" arraySize="1">
          <containerEntry>0x33530A0</containerEntry>
        </property>
        <property name="parent" type="EntityHandle" container="StaticArray" arraySize="1">
          <containerEntry>0x0</containerEntry>
        </property>
        <property name="transform" type="EntityPtr" container="StaticArray" arraySize="1">
          <containerEntry>0x3350CC0</containerEntry>
        </property>
        <property name="shearTransform" type="EntityPtr" container="StaticArray" arraySize="1">
          <containerEntry>0x0</containerEntry>
        </property>
        <property name="pivotTransform" type="EntityPtr" container="StaticArray" arraySize="1">
          <containerEntry>0x0</containerEntry>
        </property>
        <property name="children" type="EntityHandle" container="List"></property>
        <property name="flags" type="UInt32" container="StaticArray" arraySize="1">
          <containerEntry>7</containerEntry>
        </property>
        <property name="modelFile" type="FilePtr" container="StaticArray" arraySize="1">
          <containerEntry>/Assets/tpp/environ/object/afghanistan/cliff/afgh_clff041/scenes/afgh_clff041_vrtn002.fmdl</containerEntry>
        </property>
        <property name="geomFile" type="FilePtr" container="StaticArray" arraySize="1">
          <containerEntry>/Assets/tpp/environ/object/afghanistan/cliff/afgh_clff041/scenes/afgh_clff041_vrtn002.geom</containerEntry>
        </property>
        <property name="isVisibleGeom" type="Bool" container="StaticArray" arraySize="1">
          <containerEntry>false</containerEntry>
        </property>
        <property name="isIsolated" type="Bool" container="StaticArray" arraySize="1">
          <containerEntry>false</containerEntry>
        </property>
        <property name="lodFarSize" type="Float" container="StaticArray" arraySize="1">
          <containerEntry>-1</containerEntry>
        </property>
        <property name="lodNearSize" type="Float" container="StaticArray" arraySize="1">
          <containerEntry>-1</containerEntry>
        </property>
        <property name="lodPolygonSize" type="Float" container="StaticArray" arraySize="1">
          <containerEntry>-1</containerEntry>
        </property>
        <property name="color" type="Color" container="StaticArray" arraySize="1">
          <containerEntry r="1" g="1" b="1" a="1"></containerEntry>
        </property>
        <property name="drawRejectionLevel" type="Int32" container="StaticArray" arraySize="1">
          <containerEntry>8</containerEntry>
        </property>
        <property name="drawMode" type="Int32" container="StaticArray" arraySize="1">
          <containerEntry>0</containerEntry>
        </property>
        <property name="rejectFarRangeShadowCast" type="Int32" container="StaticArray" arraySize="1">
          <containerEntry>2</containerEntry>
        </property>
      </staticProperties>
      <dynamicProperties></dynamicProperties>
    </entity>
    <entity class="TransformEntity" classVersion="0" classID="0x50" addr="0x3350CC0" id="0x12B4130">
      <staticProperties>
        <property name="owner" type="EntityHandle" container="StaticArray" arraySize="1">
          <containerEntry>0x3350C50</containerEntry>
        </property>
        <property name="transform_scale" type="Vector3" container="StaticArray" arraySize="1">
          <containerEntry x="1" y="1" z="1" w="0"></containerEntry>
        </property>
        <property name="transform_rotation_quat" type="Quat" container="StaticArray" arraySize="1">
          <containerEntry x="0" y="0.989027" z="0" w="0.147737"></containerEntry>
        </property>
        <property name="transform_translation" type="Vector3" container="StaticArray" arraySize="1">
          <containerEntry x="1306.4723" y="347.77512" z="1531.0928" w="0"></containerEntry>
        </property>
      </staticProperties>
      <dynamicProperties></dynamicProperties>
    </entity>
    <entity class="StaticModel" classVersion="9" classID="0x160" addr="0x3351CF0" id="0x12B4183">
      <staticProperties>
        <property name="name" type="String" container="StaticArray" arraySize="1">
          <containerEntry>afgh_clff022_vrtn003_0002</containerEntry>
        </property>
        <property name="dataSet" type="EntityHandle" container="StaticArray" arraySize="1">
          <containerEntry>0x33530A0</containerEntry>
        </property>
        <property name="parent" type="EntityHandle" container="StaticArray" arraySize="1">
          <containerEntry>0x0</containerEntry>
        </property>
        <property name="transform" type="EntityPtr" container="StaticArray" arraySize="1">
          <containerEntry>0x3351D60</containerEntry>
        </property>
        <property name="shearTransform" type="EntityPtr" container="StaticArray" arraySize="1">
          <containerEntry>0x0</containerEntry>
        </property>
        <property name="pivotTransform" type="EntityPtr" container="StaticArray" arraySize="1">
          <containerEntry>0x0</containerEntry>
        </property>
        <property name="children" type="EntityHandle" container="List"></property>
        <property name="flags" type="UInt32" container="StaticArray" arraySize="1">
          <containerEntry>7</containerEntry>
        </property>
        <property name="modelFile" type="FilePtr" container="StaticArray" arraySize="1">
          <containerEntry>/Assets/tpp/environ/object/afghanistan/cliff/afgh_clff022/scenes/afgh_clff022_vrtn003.fmdl</containerEntry>
        </property>
        <property name="geomFile" type="FilePtr" container="StaticArray" arraySize="1">
          <containerEntry>/Assets/tpp/environ/object/afghanistan/cliff/afgh_clff022/scenes/afgh_clff022_vrtn003.geom</containerEntry>
        </property>
        <property name="isVisibleGeom" type="Bool" container="StaticArray" arraySize="1">
          <containerEntry>false</containerEntry>
        </property>
        <property name="isIsolated" type="Bool" container="StaticArray" arraySize="1">
          <containerEntry>false</containerEntry>
        </property>
        <property name="lodFarSize" type="Float" container="StaticArray" arraySize="1">
          <containerEntry>-1</containerEntry>
        </property>
        <property name="lodNearSize" type="Float" container="StaticArray" arraySize="1">
          <containerEntry>-1</containerEntry>
        </property>
        <property name="lodPolygonSize" type="Float" container="StaticArray" arraySize="1">
          <containerEntry>-1</containerEntry>
        </property>
        <property name="color" type="Color" container="StaticArray" arraySize="1">
          <containerEntry r="1" g="1" b="1" a="1"></containerEntry>
        </property>
        <property name="drawRejectionLevel" type="Int32" container="StaticArray" arraySize="1">
          <containerEntry>8</containerEntry>
        </property>
        <property name="drawMode" type="Int32" container="StaticArray" arraySize="1">
          <containerEntry>0</containerEntry>
        </property>
        <property name="rejectFarRangeShadowCast" type="Int32" container="StaticArray" arraySize="1">
          <containerEntry>2</containerEntry>
        </property>
      </staticProperties>
      <dynamicProperties></dynamicProperties>
    </entity>
    <entity class="TransformEntity" classVersion="0" classID="0x50" addr="0x3351D60" id="0x12B4186">
      <staticProperties>
        <property name="owner" type="EntityHandle" container="StaticArray" arraySize="1">
          <containerEntry>0x3351CF0</containerEntry>
        </property>
        <property name="transform_scale" type="Vector3" container="StaticArray" arraySize="1">
          <containerEntry x="1" y="1" z="1" w="0"></containerEntry>
        </property>
        <property name="transform_rotation_quat" type="Quat" container="StaticArray" arraySize="1">
          <containerEntry x="0" y="-0.513124" z="0" w="0.858315"></containerEntry>
        </property>
        <property name="transform_translation" type="Vector3" container="StaticArray" arraySize="1">
          <containerEntry x="1401.713" y="350.1116" z="1411.9965" w="0"></containerEntry>
        </property>
      </staticProperties>
      <dynamicProperties></dynamicProperties>
    </entity>
    <entity class="StaticModelArray" classVersion="4" classID="0xD0" addr="0x3356910" id="0x0">
      <staticProperties>
        <property name="name" type="String" container="StaticArray" arraySize="1">
          <containerEntry>StaticModelArray0000</containerEntry>
        </property>
        <property name="dataSet" type="EntityHandle" container="StaticArray" arraySize="1">
          <containerEntry>0x33530A0</containerEntry>
        </property>
        <property name="modelFile" type="FilePtr" container="StaticArray" arraySize="1">
          <containerEntry>/Assets/tpp/environ/object/afghanistan/cliff/afgh_clff013/scenes/afgh_clff013.fmdl</containerEntry>
        </property>
        <property name="geomFile" type="FilePtr" container="StaticArray" arraySize="1">
          <containerEntry>/Assets/tpp/environ/object/afghanistan/cliff/afgh_clff013/scenes/afgh_clff013.geom</containerEntry>
        </property>
        <property name="isVisibleGeom" type="Bool" container="StaticArray" arraySize="1">
          <containerEntry>false</containerEntry>
        </property>
        <property name="lodFarSize" type="Float" container="StaticArray" arraySize="1">
          <containerEntry>-1</containerEntry>
        </property>
        <property name="lodNearSize" type="Float" container="StaticArray" arraySize="1">
          <containerEntry>-1</containerEntry>
        </property>
        <property name="lodPolygonSize" type="Float" container="StaticArray" arraySize="1">
          <containerEntry>-1</containerEntry>
        </property>
        <property name="drawRejectionLevel" type="Int32" container="StaticArray" arraySize="1">
          <containerEntry>8</containerEntry>
        </property>
        <property name="drawMode" type="Int32" container="StaticArray" arraySize="1">
          <containerEntry>0</containerEntry>
        </property>
        <property name="rejectFarRangeShadowCast" type="Int32" container="StaticArray" arraySize="1">
          <containerEntry>2</containerEntry>
        </property>
        <property name="parentLocator" type="EntityLink" container="StaticArray" arraySize="1">
          <containerEntry packagePathHash="0xB8A0BF169F98" archivePathHash="0xB8A0BF169F98" nameInArchiveHash="0xB8A0BF169F98">0x0</containerEntry>
        </property>
        <property name="transforms" type="Matrix4" container="DynamicArray" arraySize="3">
          <containerEntry r11="0.90274614" r12="0.08682348" r13="0.42132068" r14="0" r21="-0.08189942" r22="0.9961947" r23="-0.029807953" r24="0" r31="-0.42230546" r32="-0.007596897" r33="0.9064217" r34="0" r41="1324.807" r42="315.314" r43="1452.191" r44="1"></containerEntry>
          <containerEntry r11="0.99240404" r12="0.08682428" r13="0.087154" r14="0" r21="-0.087156" r22="0.99619466" r23="7.6019205e-07" r24="0" r31="-0.086822286" r32="-0.0075967545" r33="0.99619484" r34="0" r41="1343.88" r42="316.724" r43="1457.892" r44="1"></containerEntry>
          <containerEntry r11="0.99007344" r12="0.10386511" r13="0.09469269" r14="0" r21="-0.10058398" r22="0.9941717" r23="-0.03880165" r24="0" r31="-0.098170936" r32="0.028891917" r33="0.9947501" r34="0" r41="1364.4446" r42="314.4315" r43="1461.328" r44="1"></containerEntry>
        </property>
        <property name="colors" type="UInt32" container="DynamicArray" arraySize="3">
          <containerEntry>4294967295</containerEntry>
          <containerEntry>4294967295</containerEntry>
          <containerEntry>4294967295</containerEntry>
        </property>
      </staticProperties>
      <dynamicProperties></dynamicProperties>
    </entity>
    <entity class="StaticModelArray" classVersion="4" classID="0xD0" addr="0x3356980" id="0x0">
      <staticProperties>
        <property name="name" type="String" container="StaticArray" arraySize="1">
          <containerEntry>StaticModelArray0001</containerEntry>
        </property>
        <property name="dataSet" type="EntityHandle" container="StaticArray" arraySize="1">
          <containerEntry>0x33530A0</containerEntry>
        </property>
        <property name="modelFile" type="FilePtr" container="StaticArray" arraySize="1">
          <containerEntry>/Assets/tpp/environ/object/afghanistan/cliff/afgh_clff022/scenes/afgh_clff022_vrtn002.fmdl</containerEntry>
        </property>
        <property name="geomFile" type="FilePtr" container="StaticArray" arraySize="1">
          <containerEntry>/Assets/tpp/environ/object/afghanistan/cliff/afgh_clff022/scenes/afgh_clff022_vrtn002.geom</containerEntry>
        </property>
        <property name="isVisibleGeom" type="Bool" container="StaticArray" arraySize="1">
          <containerEntry>false</containerEntry>
        </property>
        <property name="lodFarSize" type="Float" container="StaticArray" arraySize="1">
          <containerEntry>-1</containerEntry>
        </property>
        <property name="lodNearSize" type="Float" container="StaticArray" arraySize="1">
          <containerEntry>-1</containerEntry>
        </property>
        <property name="lodPolygonSize" type="Float" container="StaticArray" arraySize="1">
          <containerEntry>-1</containerEntry>
        </property>
        <property name="drawRejectionLevel" type="Int32" container="StaticArray" arraySize="1">
          <containerEntry>8</containerEntry>
        </property>
        <property name="drawMode" type="Int32" container="StaticArray" arraySize="1">
          <containerEntry>0</containerEntry>
        </property>
        <property name="rejectFarRangeShadowCast" type="Int32" container="StaticArray" arraySize="1">
          <containerEntry>2</containerEntry>
        </property>
        <property name="parentLocator" type="EntityLink" container="StaticArray" arraySize="1">
          <containerEntry packagePathHash="0xB8A0BF169F98" archivePathHash="0xB8A0BF169F98" nameInArchiveHash="0xB8A0BF169F98">0x0</containerEntry>
        </property>
        <property name="transforms" type="Matrix4" container="DynamicArray" arraySize="2">
          <containerEntry r11="-0.50000906" r12="0" r13="-0.8660211" r14="0" r21="0" r22="1" r23="0" r24="0" r31="0.8660211" r32="0" r33="-0.50000906" r34="0" r41="1281.81" r42="329.745" r43="1487.774" r44="1"></containerEntry>
          <containerEntry r11="-0.82400036" r12="0" r13="-0.56658995" r14="0" r21="0" r22="1" r23="0" r24="0" r31="0.56658995" r32="0" r33="-0.82400036" r34="0" r41="1324.2422" r42="330.58487" r43="1524.1963" r44="1"></containerEntry>
        </property>
        <property name="colors" type="UInt32" container="DynamicArray" arraySize="2">
          <containerEntry>4294967295</containerEntry>
          <containerEntry>4294967295</containerEntry>
        </property>
      </staticProperties>
      <dynamicProperties></dynamicProperties>
    </entity>
    <entity class="StaticModelArray" classVersion="4" classID="0xD0" addr="0x33569F0" id="0x0">
      <staticProperties>
        <property name="name" type="String" container="StaticArray" arraySize="1">
          <containerEntry>StaticModelArray0002</containerEntry>
        </property>
        <property name="dataSet" type="EntityHandle" container="StaticArray" arraySize="1">
          <containerEntry>0x33530A0</containerEntry>
        </property>
        <property name="modelFile" type="FilePtr" container="StaticArray" arraySize="1">
          <containerEntry>/Assets/tpp/environ/object/afghanistan/cliff/afgh_clff022/scenes/afgh_clff022_vrtn001.fmdl</containerEntry>
        </property>
        <property name="geomFile" type="FilePtr" container="StaticArray" arraySize="1">
          <containerEntry>/Assets/tpp/environ/object/afghanistan/cliff/afgh_clff022/scenes/afgh_clff022_vrtn001.geom</containerEntry>
        </property>
        <property name="isVisibleGeom" type="Bool" container="StaticArray" arraySize="1">
          <containerEntry>false</containerEntry>
        </property>
        <property name="lodFarSize" type="Float" container="StaticArray" arraySize="1">
          <containerEntry>-1</containerEntry>
        </property>
        <property name="lodNearSize" type="Float" container="StaticArray" arraySize="1">
          <containerEntry>-1</containerEntry>
        </property>
        <property name="lodPolygonSize" type="Float" container="StaticArray" arraySize="1">
          <containerEntry>-1</containerEntry>
        </property>
        <property name="drawRejectionLevel" type="Int32" container="StaticArray" arraySize="1">
          <containerEntry>8</containerEntry>
        </property>
        <property name="drawMode" type="Int32" container="StaticArray" arraySize="1">
          <containerEntry>0</containerEntry>
        </property>
        <property name="rejectFarRangeShadowCast" type="Int32" container="StaticArray" arraySize="1">
          <containerEntry>2</containerEntry>
        </property>
        <property name="parentLocator" type="EntityLink" container="StaticArray" arraySize="1">
          <containerEntry packagePathHash="0xB8A0BF169F98" archivePathHash="0xB8A0BF169F98" nameInArchiveHash="0xB8A0BF169F98">0x0</containerEntry>
        </property>
        <property name="transforms" type="Matrix4" container="DynamicArray" arraySize="3">
          <containerEntry r11="1.19" r12="0" r13="0" r14="0" r21="0" r22="1.19" r23="0" r24="0" r31="0" r32="0" r33="1.19" r34="0" r41="1301.07" r42="329.603" r43="1501.69" r44="1"></containerEntry>
          <containerEntry r11="1.19" r12="0" r13="0" r14="0" r21="0" r22="1.19" r23="0" r24="0" r31="0" r32="0" r33="1.19" r34="0" r41="1346.7513" r42="336.06726" r43="1532.3601" r44="1"></containerEntry>
          <containerEntry r11="1.1899217" r12="0" r13="0.013656209" r14="0" r21="0" r22="1.19" r23="0" r24="0" r31="-0.013656209" r32="0" r33="1.1899217" r34="0" r41="1388.7682" r42="339.59695" r43="1535.4238" r44="1"></containerEntry>
        </property>
        <property name="colors" type="UInt32" container="DynamicArray" arraySize="3">
          <containerEntry>4294967295</containerEntry>
          <containerEntry>4294967295</containerEntry>
          <containerEntry>4294967295</containerEntry>
        </property>
      </staticProperties>
      <dynamicProperties></dynamicProperties>
    </entity>
    <entity class="StaticModelArray" classVersion="4" classID="0xD0" addr="0x3356A60" id="0x0">
      <staticProperties>
        <property name="name" type="String" container="StaticArray" arraySize="1">
          <containerEntry>StaticModelArray0003</containerEntry>
        </property>
        <property name="dataSet" type="EntityHandle" container="StaticArray" arraySize="1">
          <containerEntry>0x33530A0</containerEntry>
        </property>
        <property name="modelFile" type="FilePtr" container="StaticArray" arraySize="1">
          <containerEntry>/Assets/tpp/environ/object/afghanistan/rock/afgh_rock006/scenes/afgh_rock006.fmdl</containerEntry>
        </property>
        <property name="geomFile" type="FilePtr" container="StaticArray" arraySize="1">
          <containerEntry>/Assets/tpp/environ/object/afghanistan/rock/afgh_rock006/scenes/afgh_rock006.geom</containerEntry>
        </property>
        <property name="isVisibleGeom" type="Bool" container="StaticArray" arraySize="1">
          <containerEntry>false</containerEntry>
        </property>
        <property name="lodFarSize" type="Float" container="StaticArray" arraySize="1">
          <containerEntry>-1</containerEntry>
        </property>
        <property name="lodNearSize" type="Float" container="StaticArray" arraySize="1">
          <containerEntry>-1</containerEntry>
        </property>
        <property name="lodPolygonSize" type="Float" container="StaticArray" arraySize="1">
          <containerEntry>-1</containerEntry>
        </property>
        <property name="drawRejectionLevel" type="Int32" container="StaticArray" arraySize="1">
          <containerEntry>8</containerEntry>
        </property>
        <property name="drawMode" type="Int32" container="StaticArray" arraySize="1">
          <containerEntry>0</containerEntry>
        </property>
        <property name="rejectFarRangeShadowCast" type="Int32" container="StaticArray" arraySize="1">
          <containerEntry>2</containerEntry>
        </property>
        <property name="parentLocator" type="EntityLink" container="StaticArray" arraySize="1">
          <containerEntry packagePathHash="0xB8A0BF169F98" archivePathHash="0xB8A0BF169F98" nameInArchiveHash="0xB8A0BF169F98">0x0</containerEntry>
        </property>
        <property name="transforms" type="Matrix4" container="DynamicArray" arraySize="5">
          <containerEntry r11="0.75796616" r12="0.46448928" r13="0.45797104" r14="0" r21="-0.13098007" r22="0.7961713" r23="-0.5907248" r24="0" r31="-0.6390086" r32="0.38776445" r33="0.6643097" r34="0" r41="1334.4109" r42="310.04572" r43="1485.458" r44="1"></containerEntry>
          <containerEntry r11="0.96946806" r12="-0.14456691" r13="-0.19807103" r14="0" r21="0.010456517" r22="0.8313723" r23="-0.5556176" r24="0" r31="0.24499467" r32="0.53658235" r33="0.8075006" r34="0" r41="1369.955" r42="313.041" r43="1485.049" r44="1"></containerEntry>
          <containerEntry r11="0.9410937" r12="0.07809409" r13="0.3290046" r14="0" r21="-0.22368166" r22="0.87344754" r23="0.4324998" r24="0" r31="-0.2535926" r32="-0.4806151" r33="0.8394642" r34="0" r41="1306.406" r42="309.94214" r43="1458.559" r44="1"></containerEntry>
          <containerEntry r11="0.88404846" r12="0.32935557" r13="-0.3316368" r14="0" r21="-0.26440105" r22="0.9375017" r23="0.22623539" r24="0" r31="0.385422" r32="-0.1123178" r33="0.9158791" r34="0" r41="1331.566" r42="312.373" r43="1465.848" r44="1"></containerEntry>
          <containerEntry r11="0.6310988" r12="-0.14085904" r13="0.7628058" r14="0" r21="-0.3477271" r22="0.8276624" r23="0.44052315" r24="0" r31="-0.6933973" r32="-0.5432619" r33="0.47335625" r34="0" r41="1341.2775" r42="321.58405" r43="1432.0101" r44="1"></containerEntry>
        </property>
        <property name="colors" type="UInt32" container="DynamicArray" arraySize="5">
          <containerEntry>4294967295</containerEntry>
          <containerEntry>4294967295</containerEntry>
          <containerEntry>4294967295</containerEntry>
          <containerEntry>4294967295</containerEntry>
          <containerEntry>4294967295</containerEntry>
        </property>
      </staticProperties>
      <dynamicProperties></dynamicProperties>
    </entity>
    <entity class="StaticModelArray" classVersion="4" classID="0xD0" addr="0x3356B40" id="0x0">
      <staticProperties>
        <property name="name" type="String" container="StaticArray" arraySize="1">
          <containerEntry>StaticModelArray0004</containerEntry>
        </property>
        <property name="dataSet" type="EntityHandle" container="StaticArray" arraySize="1">
          <containerEntry>0x33530A0</containerEntry>
        </property>
        <property name="modelFile" type="FilePtr" container="StaticArray" arraySize="1">
          <containerEntry>/Assets/tpp/environ/object/afghanistan/rock/afgh_rock009/scenes/afgh_rock009_rock002.fmdl</containerEntry>
        </property>
        <property name="geomFile" type="FilePtr" container="StaticArray" arraySize="1">
          <containerEntry>/Assets/tpp/environ/object/afghanistan/rock/afgh_rock009/scenes/afgh_rock009_rock002.geom</containerEntry>
        </property>
        <property name="isVisibleGeom" type="Bool" container="StaticArray" arraySize="1">
          <containerEntry>false</containerEntry>
        </property>
        <property name="lodFarSize" type="Float" container="StaticArray" arraySize="1">
          <containerEntry>-1</containerEntry>
        </property>
        <property name="lodNearSize" type="Float" container="StaticArray" arraySize="1">
          <containerEntry>-1</containerEntry>
        </property>
        <property name="lodPolygonSize" type="Float" container="StaticArray" arraySize="1">
          <containerEntry>-1</containerEntry>
        </property>
        <property name="drawRejectionLevel" type="Int32" container="StaticArray" arraySize="1">
          <containerEntry>8</containerEntry>
        </property>
        <property name="drawMode" type="Int32" container="StaticArray" arraySize="1">
          <containerEntry>0</containerEntry>
        </property>
        <property name="rejectFarRangeShadowCast" type="Int32" container="StaticArray" arraySize="1">
          <containerEntry>2</containerEntry>
        </property>
        <property name="parentLocator" type="EntityLink" container="StaticArray" arraySize="1">
          <containerEntry packagePathHash="0xB8A0BF169F98" archivePathHash="0xB8A0BF169F98" nameInArchiveHash="0xB8A0BF169F98">0x0</containerEntry>
        </property>
        <property name="transforms" type="Matrix4" container="DynamicArray" arraySize="12">
          <containerEntry r11="1" r12="0" r13="0" r14="0" r21="0" r22="0.8828507" r23="0.46965384" r24="0" r31="0" r32="-0.46965384" r33="0.8828507" r34="0" r41="1317.355" r42="308.81805" r43="1468.527" r44="1"></containerEntry>
          <containerEntry r11="0.25881928" r12="-0.73994267" r13="0.620884" r14="0" r21="2.9802322e-08" r22="0.64278674" r23="0.766045" r24="0" r31="-0.9659255" r32="-0.19826698" r33="0.16636574" r34="0" r41="1389.974" r42="327.083" r43="1451.132" r44="1"></containerEntry>
          <containerEntry r11="0.94184756" r12="0.06008993" r13="0.33062392" r14="0" r21="-0.024922185" r22="0.9936633" r23="-0.109599486" r24="0" r31="-0.33511472" r32="0.094986126" r33="0.937377" r34="0" r41="1367.976" r42="323.5608" r43="1445.683" r44="1"></containerEntry>
          <containerEntry r11="0.19395798" r12="-0.21299538" r13="-0.9576073" r14="0" r21="0.39814886" r22="0.9092265" r23="-0.121591635" r24="0" r31="0.8965804" r32="-0.35768703" r33="0.26115572" r34="0" r41="1302.3969" r42="309.63745" r43="1462.414" r44="1"></containerEntry>
          <containerEntry r11="-0.070093706" r12="-0.3733491" r13="-0.925038" r14="0" r21="-0.013703704" r22="0.92759275" r23="-0.37334144" r24="0" r31="0.9974452" r32="-0.013492808" r33="-0.07013458" r34="0" r41="1354.1826" r42="321.91434" r43="1448.1086" r44="1"></containerEntry>
          <containerEntry r11="0.6704966" r12="-0.108035795" r13="-0.7340043" r14="0" r21="0.0043258294" r22="0.9898934" r23="-0.14174771" r24="0" r31="0.7418998" r32="0.09186616" r33="0.66418755" r34="0" r41="1291.3148" r42="315.5405" r43="1434.5653" r44="1"></containerEntry>
          <containerEntry r11="0.06845912" r12="-0.012051463" r13="-0.99757916" r14="0" r21="-0.1461889" r22="0.9890125" r23="-0.02197989" r24="0" r31="0.9868831" r32="0.14733997" r33="0.06594515" r34="0" r41="1384.3414" r42="325.87854" r43="1459.0316" r44="1"></containerEntry>
          <containerEntry r11="0.22876203" r12="-0.010915391" r13="0.973421" r14="0" r21="-0.13986588" r22="-0.9899307" r23="0.021769106" r24="0" r31="0.9633821" r32="-0.14112836" r33="-0.22798494" r34="0" r41="1370.1182" r42="323.11008" r43="1460.8309" r44="1"></containerEntry>
          <containerEntry r11="-0.6747023" r12="0.1263287" r13="0.72719556" r14="0" r21="0.22317585" r22="-0.9042045" r23="0.3641451" r24="0" r31="0.7035374" r32="0.40798306" r33="0.5818796" r34="0" r41="1391.7047" r42="327.20197" r43="1459.09" r44="1"></containerEntry>
          <containerEntry r11="-0.97960913" r12="-0.20078449" r13="-0.006379457" r14="0" r21="-0.1920612" r22="0.9268005" r23="0.32272738" r24="0" r31="-0.05888634" r32="0.3173737" r33="-0.9464649" r34="0" r41="1291.6946" r42="321.62756" r43="1413.0293" r44="1"></containerEntry>
          <containerEntry r11="0.5952237" r12="-0.26444432" r13="-0.7587999" r14="0" r21="0.25202355" r22="0.95808816" r23="-0.13620268" r24="0" r31="0.7630153" r32="-0.11016459" r33="0.63692296" r34="0" r41="1366.3037" r42="323.57373" r43="1457.724" r44="1"></containerEntry>
          <containerEntry r11="0.9255625" r12="0.30128565" r13="-0.2292613" r14="0" r21="0.1740816" r22="-0.8764223" r23="-0.44896805" r24="0" r31="-0.33619845" r32="0.3756377" r33="-0.8636317" r34="0" r41="1294.0958" r42="315.432" r43="1438.2843" r44="1"></containerEntry>
        </property>
        <property name="colors" type="UInt32" container="DynamicArray" arraySize="12">
          <containerEntry>4294967295</containerEntry>
          <containerEntry>4294967295</containerEntry>
          <containerEntry>4294967295</containerEntry>
          <containerEntry>4294967295</containerEntry>
          <containerEntry>4294967295</containerEntry>
          <containerEntry>4294967295</containerEntry>
          <containerEntry>4294967295</containerEntry>
          <containerEntry>4294967295</containerEntry>
          <containerEntry>4294967295</containerEntry>
          <containerEntry>4294967295</containerEntry>
          <containerEntry>4294967295</containerEntry>
          <containerEntry>4294967295</containerEntry>
        </property>
      </staticProperties>
      <dynamicProperties></dynamicProperties>
    </entity>
    <entity class="StaticModelArray" classVersion="4" classID="0xD0" addr="0x3356AD0" id="0x0">
      <staticProperties>
        <property name="name" type="String" container="StaticArray" arraySize="1">
          <containerEntry>StaticModelArray0005</containerEntry>
        </property>
        <property name="dataSet" type="EntityHandle" container="StaticArray" arraySize="1">
          <containerEntry>0x33530A0</containerEntry>
        </property>
        <property name="modelFile" type="FilePtr" container="StaticArray" arraySize="1">
          <containerEntry>/Assets/tpp/environ/object/afghanistan/rock/afgh_rock009/scenes/afgh_rock009_rock001.fmdl</containerEntry>
        </property>
        <property name="geomFile" type="FilePtr" container="StaticArray" arraySize="1">
          <containerEntry>/Assets/tpp/environ/object/afghanistan/rock/afgh_rock009/scenes/afgh_rock009_rock001.geom</containerEntry>
        </property>
        <property name="isVisibleGeom" type="Bool" container="StaticArray" arraySize="1">
          <containerEntry>false</containerEntry>
        </property>
        <property name="lodFarSize" type="Float" container="StaticArray" arraySize="1">
          <containerEntry>-1</containerEntry>
        </property>
        <property name="lodNearSize" type="Float" container="StaticArray" arraySize="1">
          <containerEntry>-1</containerEntry>
        </property>
        <property name="lodPolygonSize" type="Float" container="StaticArray" arraySize="1">
          <containerEntry>-1</containerEntry>
        </property>
        <property name="drawRejectionLevel" type="Int32" container="StaticArray" arraySize="1">
          <containerEntry>8</containerEntry>
        </property>
        <property name="drawMode" type="Int32" container="StaticArray" arraySize="1">
          <containerEntry>0</containerEntry>
        </property>
        <property name="rejectFarRangeShadowCast" type="Int32" container="StaticArray" arraySize="1">
          <containerEntry>2</containerEntry>
        </property>
        <property name="parentLocator" type="EntityLink" container="StaticArray" arraySize="1">
          <containerEntry packagePathHash="0xB8A0BF169F98" archivePathHash="0xB8A0BF169F98" nameInArchiveHash="0xB8A0BF169F98">0x0</containerEntry>
        </property>
        <property name="transforms" type="Matrix4" container="DynamicArray" arraySize="30">
          <containerEntry r11="1" r12="0" r13="0" r14="0" r21="0" r22="1" r23="0" r24="0" r31="0" r32="0" r33="1" r34="0" r41="1312.662" r42="313.385" r43="1452.452" r44="1"></containerEntry>
          <containerEntry r11="1" r12="0" r13="0" r14="0" r21="0" r22="0.9329612" r23="0.3599767" r24="0" r31="0" r32="-0.3599767" r33="0.9329612" r34="0" r41="1389.414" r42="326.578" r43="1462.882" r44="1"></containerEntry>
          <containerEntry r11="0.18802148" r12="0.9814136" r13="-0.038411885" r14="0" r21="0.24775073" r22="-0.085237026" r23="-0.96506715" r24="0" r31="-0.95040405" r32="0.17193696" r33="-0.2591725" r34="0" r41="1328.9064" r42="322.75726" r43="1415.9082" r44="1"></containerEntry>
          <containerEntry r11="-0.9851537" r12="9.59076e-05" r13="-0.17167245" r14="0" r21="0.09688528" r22="-0.8252169" r23="-0.5564437" r24="0" r31="-0.14172043" r32="-0.5648153" r33="0.8129569" r34="0" r41="1302.328" r42="322.40176" r43="1412.136" r44="1"></containerEntry>
          <containerEntry r11="-0.042684138" r12="-0.6805171" r13="-0.731487" r14="0" r21="0.847649" r22="-0.41220993" r23="0.3340246" r24="0" r31="-0.5288364" r32="-0.60578686" r33="0.5944357" r34="0" r41="1394.899" r42="323.049" r43="1469.799" r44="1"></containerEntry>
          <containerEntry r11="-0.67277217" r12="-0.44419754" r13="0.5916599" r14="0" r21="0.023967221" r22="-0.8123691" r23="-0.58264637" r24="0" r31="0.7394582" r32="-0.37780923" r33="0.55718994" r34="0" r41="1383.015" r42="314.793" r43="1481.402" r44="1"></containerEntry>
          <containerEntry r11="0.36806336" r12="0.59313816" r13="-1.0549605" r14="0" r21="1.0684273" r22="-0.6772182" r23="-0.007995327" r24="0" r31="-0.5685222" r32="-0.8887002" r33="-0.69801146" r34="0" r41="1326.69" r42="319.018" r43="1422.628" r44="1"></containerEntry>
          <containerEntry r11="1.2379172" r12="0.029712286" r13="0.17081633" r14="0" r21="0.17215309" r22="-0.06431915" r23="-1.2364163" r24="0" r31="-0.020599946" r32="1.24799" r33="-0.06778951" r34="0" r41="1311.7651" r42="317.02" r43="1425.1808" r44="1"></containerEntry>
          <containerEntry r11="-1.0756347" r12="-0.23702522" r13="-0.62213284" r14="0" r21="0.6314457" r22="0.011373555" r23="-1.09607" r24="0" r31="0.21096574" r32="-1.2425426" r33="0.10864602" r34="0" r41="1362.1897" r42="321.57272" r43="1459.0757" r44="1"></containerEntry>
          <containerEntry r11="-0.8620597" r12="0.21753107" r13="0.4577496" r14="0" r21="0.24589635" r22="0.96929306" r23="0.002459459" r24="0" r31="-0.4431585" r32="0.11467911" r33="-0.88907856" r34="0" r41="1307.9395" r42="310.29407" r43="1475.6401" r44="1"></containerEntry>
          <containerEntry r11="0.7690312" r12="0.542894" r13="-0.3374264" r14="0" r21="-0.46361718" r22="0.8371413" r23="0.2902642" r24="0" r31="0.44005635" r32="-0.06678532" r33="0.8954831" r34="0" r41="1401.069" r42="323.992" r43="1522.669" r44="1"></containerEntry>
          <containerEntry r11="-0.44451421" r12="-0.4862646" r13="0.75229776" r14="0" r21="-0.8943578" r22="0.19377068" r23="-0.40320718" r24="0" r31="0.05029264" r32="-0.85205555" r33="-0.5210278" r34="0" r41="1387.001" r42="318.564" r43="1493.124" r44="1"></containerEntry>
          <containerEntry r11="0.27665144" r12="-0.9467727" r13="0.16457483" r14="0" r21="0.8846226" r22="0.31780678" r23="0.34123468" r24="0" r31="-0.37537476" r32="0.05118376" r33="0.9254588" r34="0" r41="1341.793" r42="310.934" r43="1470.618" r44="1"></containerEntry>
          <containerEntry r11="-0.08074647" r12="-0.8693727" r13="-0.48751414" r14="0" r21="0.8658124" r22="-0.30349702" r23="0.39781561" r24="0" r31="-0.49380958" r32="-0.3899736" r33="0.77722096" r34="0" r41="1404.896" r42="321.808" r43="1504.698" r44="1"></containerEntry>
          <containerEntry r11="-0.20224112" r12="-0.052025974" r13="-0.9779497" r14="0" r21="0.32897913" r22="-0.944164" r23="-0.017805398" r24="0" r31="-0.9224234" r32="-0.32532692" r33="0.20807037" r34="0" r41="1396.945" r42="316.043" r43="1480.792" r44="1"></containerEntry>
          <containerEntry r11="-0.28957307" r12="0.4437716" r13="0.8480622" r14="0" r21="0.45375228" r22="-0.7164868" r23="0.52985793" r24="0" r31="0.8427643" r32="0.53824466" r33="0.00611642" r34="0" r41="1400.3381" r42="333.14926" r43="1428.8789" r44="1"></containerEntry>
          <containerEntry r11="0.13093242" r12="0.98514944" r13="0.11105259" r14="0" r21="0.8778803" r22="-0.06316042" r23="-0.4746908" r24="0" r31="-0.4606282" r32="0.15964246" r33="-0.87311286" r34="0" r41="1392.602" r42="327.14664" r43="1444.8484" r44="1"></containerEntry>
          <containerEntry r11="-0.38756892" r12="1.1842967" r13="-0.21784396" r14="0" r21="-0.78170127" r22="-0.07337057" r23="0.9918592" r24="0" r31="0.9159466" r32="0.43850026" r33="0.7543104" r34="0" r41="1285.1887" r42="312.6009" r43="1458.1927" r44="1"></containerEntry>
          <containerEntry r11="0.6925762" r12="-0.11805841" r13="-1.0519637" r14="0" r21="-1.0571123" r22="-0.14303175" r23="-0.6799161" r24="0" r31="-0.05548794" r32="1.2513331" r33="-0.17696637" r34="0" r41="1277.075" r42="312.78302" r43="1431.5201" r44="1"></containerEntry>
          <containerEntry r11="-0.9993032" r12="0.23934633" r13="-0.73779154" r14="0" r21="0.7574562" r22="0.04208834" r23="-1.0122827" r24="0" r31="-0.16698241" r32="-1.2414385" r33="-0.17656569" r34="0" r41="1295.7126" r42="311.6469" r43="1444.824" r44="1"></containerEntry>
