<fox formatVersion="2" fileVersion="0">
  <entities>
    <entity class="DataSet" classVersion="0" classID="0xE8" addr="0x2F53490" id="0x12BAEF7">
      <staticProperties>
        <property name="name" type="String" container="StaticArray" arraySize="1">
          <containerEntry hash="0xB8A0BF169F98"></containerEntry>
        </property>
        <property name="dataSet" type="EntityHandle" container="StaticArray" arraySize="1">
          <containerEntry>0x0</containerEntry>
        </property>
        <property name="dataList" type="EntityPtr" container="StringMap" arraySize="13">
          <containerEntry key="afgh_clff022_vrtn003_0000">
            <data>0x2D74FB0</data>
          </containerEntry>
          <containerEntry key="StaticModelArray0000">
            <data>0x2F56EC0</data>
          </containerEntry>
          <containerEntry key="StaticModelArray0001">
            <data>0x2F56F30</data>
          </containerEntry>
          <containerEntry key="StaticModelArray0002">
            <data>0x2F56FA0</data>
          </containerEntry>
          <containerEntry key="StaticModelArray0003">
            <data>0x2F570F0</data>
          </containerEntry>
          <containerEntry key="StaticModelArray0004">
            <data>0x2F56670</data>
          </containerEntry>
          <containerEntry key="StaticModelArray0005">
            <data>0x2F56830</data>
          </containerEntry>
          <containerEntry key="StaticModelArray0006">
            <data>0x2F56520</data>
          </containerEntry>
          <containerEntry key="StaticModelArray0007">
            <data>0x2F516D0</data>
          </containerEntry>
          <containerEntry key="StaticModelArray0008">
            <data>0x2F56440</data>
          </containerEntry>
          <containerEntry key="StaticModelArray0009">
            <data>0x2F53960</data>
          </containerEntry>
          <containerEntry key="GeoxPathPack0000">
            <data>0x2F56C90</data>
          </containerEntry>
          <containerEntry key="TexturePackLoadConditioner0000">
            <data>0x2F56DE0</data>
          </containerEntry>
        </property>
      </staticProperties>
      <dynamicProperties></dynamicProperties>
    </entity>
    <entity class="StaticModel" classVersion="9" classID="0x160" addr="0x2D74FB0" id="0x12BAF89">
      <staticProperties>
        <property name="name" type="String" container="StaticArray" arraySize="1">
          <containerEntry>afgh_clff022_vrtn003_0000</containerEntry>
        </property>
        <property name="dataSet" type="EntityHandle" container="StaticArray" arraySize="1">
          <containerEntry>0x2F53490</containerEntry>
        </property>
        <property name="parent" type="EntityHandle" container="StaticArray" arraySize="1">
          <containerEntry>0x0</containerEntry>
        </property>
        <property name="transform" type="EntityPtr" container="StaticArray" arraySize="1">
          <containerEntry>0x2D75020</containerEntry>
        </property>
        <property name="shearTransform" type="EntityPtr" container="StaticArray" arraySize="1">
          <containerEntry>0x0</containerEntry>
        </property>
        <property name="pivotTransform" type="EntityPtr" container="StaticArray" arraySize="1">
          <containerEntry>0x0</containerEntry>
        </property>
        <property name="children" type="EntityHandle" container="List"></property>
        <property name="flags" type="UInt32" container="StaticArray" arraySize="1">
          <containerEntry>3221225479</containerEntry>
        </property>
        <property name="modelFile" type="FilePtr" container="StaticArray" arraySize="1">
          <containerEntry>/Assets/tpp/environ/object/afghanistan/cliff/afgh_clff022/scenes/afgh_clff022_vrtn003.fmdl</containerEntry>
        </property>
        <property name="geomFile" type="FilePtr" container="StaticArray" arraySize="1">
          <containerEntry>/Assets/tpp/environ/object/afghanistan/cliff/afgh_clff022/scenes/afgh_clff022_vrtn003.geom</containerEntry>
        </property>
        <property name="isVisibleGeom" type="Bool" container="StaticArray" arraySize="1">
          <containerEntry>false</containerEntry>
        </property>
        <property name="isIsolated" type="Bool" container="StaticArray" arraySize="1">
          <containerEntry>false</containerEntry>
        </property>
        <property name="lodFarSize" type="Float" container="StaticArray" arraySize="1">
          <containerEntry>-1</containerEntry>
        </property>
        <property name="lodNearSize" type="Float" container="StaticArray" arraySize="1">
          <containerEntry>-1</containerEntry>
        </property>
        <property name="lodPolygonSize" type="Float" container="StaticArray" arraySize="1">
          <containerEntry>-1</containerEntry>
        </property>
        <property name="color" type="Color" container="StaticArray" arraySize="1">
          <containerEntry r="1" g="1" b="1" a="1"></containerEntry>
        </property>
        <property name="drawRejectionLevel" type="Int32" container="StaticArray" arraySize="1">
          <containerEntry>8</containerEntry>
        </property>
        <property name="drawMode" type="Int32" container="StaticArray" arraySize="1">
          <containerEntry>0</containerEntry>
        </property>
        <property name="rejectFarRangeShadowCast" type="Int32" container="StaticArray" arraySize="1">
          <containerEntry>2</containerEntry>
        </property>
      </staticProperties>
      <dynamicProperties></dynamicProperties>
    </entity>
    <entity class="TransformEntity" classVersion="0" classID="0x50" addr="0x2D75020" id="0x12BAF8C">
      <staticProperties>
        <property name="owner" type="EntityHandle" container="StaticArray" arraySize="1">
          <containerEntry>0x2D74FB0</containerEntry>
        </property>
        <property name="transform_scale" type="Vector3" container="StaticArray" arraySize="1">
          <containerEntry x="1" y="1" z="1" w="0"></containerEntry>
        </property>
        <property name="transform_rotation_quat" type="Quat" container="StaticArray" arraySize="1">
          <containerEntry x="0" y="0.660149" z="0" w="0.751135"></containerEntry>
        </property>
        <property name="transform_translation" type="Vector3" container="StaticArray" arraySize="1">
          <containerEntry x="805.66016" y="370.20224" z="834.98706" w="0"></containerEntry>
        </property>
      </staticProperties>
      <dynamicProperties></dynamicProperties>
    </entity>
    <entity class="StaticModelArray" classVersion="4" classID="0xD0" addr="0x2F56EC0" id="0x0">
      <staticProperties>
        <property name="name" type="String" container="StaticArray" arraySize="1">
          <containerEntry>StaticModelArray0000</containerEntry>
        </property>
        <property name="dataSet" type="EntityHandle" container="StaticArray" arraySize="1">
          <containerEntry>0x2F53490</containerEntry>
        </property>
        <property name="modelFile" type="FilePtr" container="StaticArray" arraySize="1">
          <containerEntry>/Assets/tpp/environ/object/afghanistan/cliff/afgh_clff013/scenes/afgh_clff013.fmdl</containerEntry>
        </property>
        <property name="geomFile" type="FilePtr" container="StaticArray" arraySize="1">
          <containerEntry>/Assets/tpp/environ/object/afghanistan/cliff/afgh_clff013/scenes/afgh_clff013.geom</containerEntry>
        </property>
        <property name="isVisibleGeom" type="Bool" container="StaticArray" arraySize="1">
          <containerEntry>false</containerEntry>
        </property>
        <property name="lodFarSize" type="Float" container="StaticArray" arraySize="1">
          <containerEntry>50</containerEntry>
        </property>
        <property name="lodNearSize" type="Float" container="StaticArray" arraySize="1">
          <containerEntry>400</containerEntry>
        </property>
        <property name="lodPolygonSize" type="Float" container="StaticArray" arraySize="1">
          <containerEntry>-1</containerEntry>
        </property>
        <property name="drawRejectionLevel" type="Int32" container="StaticArray" arraySize="1">
          <containerEntry>5</containerEntry>
        </property>
        <property name="drawMode" type="Int32" container="StaticArray" arraySize="1">
          <containerEntry>0</containerEntry>
        </property>
        <property name="rejectFarRangeShadowCast" type="Int32" container="StaticArray" arraySize="1">
          <containerEntry>2</containerEntry>
        </property>
        <property name="parentLocator" type="EntityLink" container="StaticArray" arraySize="1">
          <containerEntry packagePathHash="0xB8A0BF169F98" archivePathHash="0xB8A0BF169F98" nameInArchiveHash="0xB8A0BF169F98">0x0</containerEntry>
        </property>
        <property name="transforms" type="Matrix4" container="DynamicArray" arraySize="6">
          <containerEntry r11="-0.94672954" r12="-0.002572036" r13="-0.32201675" r14="0" r21="-0.0086193755" r22="0.99981225" r23="0.017355215" r24="0" r31="0.32191166" r32="0.019206293" r33="-0.946574" r34="0" r41="836.48193" r42="350.93164" r43="825.99835" r44="1"></containerEntry>
          <containerEntry r11="-0.8791559" r12="0.0006915834" r13="-0.476529" r14="0" r21="-0.008620229" r22="0.99981225" r23="0.017354637" r24="0" r31="0.47645152" r32="0.019365266" r33="-0.8789848" r34="0" r41="886.76794" r42="353.62836" r43="841.04016" r44="1"></containerEntry>
          <containerEntry r11="-0.9819382" r12="-0.10004945" r13="0.16058132" r14="0" r21="-0.09921995" r22="0.994978" r23="0.0131963575" r24="0" r31="-0.16109517" r32="-0.0029748613" r33="-0.9869338" r34="0" r41="850.44934" r42="343.92096" r43="783.44354" r44="1"></containerEntry>
          <containerEntry r11="-0.93846846" r12="-0.0020953629" r13="-0.3453534" r14="0" r21="-0.008619424" r22="0.99981225" r23="0.01735642" r24="0" r31="0.3452522" r32="0.019265233" r33="-0.93831027" r34="0" r41="887.4715" r42="345.2276" r43="784.0526" r44="1"></containerEntry>
          <containerEntry r11="-0.9710949" r12="-0.006979201" r13="-0.23858996" r14="0" r21="0.001865444" r22="0.99932" r23="-0.03682459" r24="0" r31="0.23868473" r32="-0.036205262" r33="-0.97042155" r34="0" r41="780.10693" r42="346.69598" r43="802.64905" r44="1"></containerEntry>
          <containerEntry r11="-0.9937636" r12="-0.006635634" r13="-0.11130377" r14="0" r21="-0.008619918" r22="0.9998122" r23="0.017355902" r24="0" r31="0.11116771" r32="0.018207105" r33="-0.9936342" r34="0" r41="868.6224" r42="345.31427" r43="782.0948" r44="1"></containerEntry>
        </property>
        <property name="colors" type="UInt32" container="DynamicArray" arraySize="6">
          <containerEntry>4294967295</containerEntry>
          <containerEntry>4294967295</containerEntry>
          <containerEntry>4294967295</containerEntry>
          <containerEntry>4294967295</containerEntry>
          <containerEntry>4294967295</containerEntry>
          <containerEntry>4294967295</containerEntry>
        </property>
      </staticProperties>
      <dynamicProperties></dynamicProperties>
    </entity>
    <entity class="StaticModelArray" classVersion="4" classID="0xD0" addr="0x2F56F30" id="0x0">
      <staticProperties>
        <property name="name" type="String" container="StaticArray" arraySize="1">
          <containerEntry>StaticModelArray0001</containerEntry>
        </property>
        <property name="dataSet" type="EntityHandle" container="StaticArray" arraySize="1">
          <containerEntry>0x2F53490</containerEntry>
        </property>
        <property name="modelFile" type="FilePtr" container="StaticArray" arraySize="1">
          <containerEntry>/Assets/tpp/environ/object/afghanistan/cliff/afgh_clff022/scenes/afgh_clff022_vrtn004.fmdl</containerEntry>
        </property>
        <property name="geomFile" type="FilePtr" container="StaticArray" arraySize="1">
          <containerEntry>/Assets/tpp/environ/object/afghanistan/cliff/afgh_clff022/scenes/afgh_clff022_vrtn004.geom</containerEntry>
        </property>
        <property name="isVisibleGeom" type="Bool" container="StaticArray" arraySize="1">
          <containerEntry>false</containerEntry>
        </property>
        <property name="lodFarSize" type="Float" container="StaticArray" arraySize="1">
          <containerEntry>-1</containerEntry>
        </property>
        <property name="lodNearSize" type="Float" container="StaticArray" arraySize="1">
          <containerEntry>-1</containerEntry>
        </property>
        <property name="lodPolygonSize" type="Float" container="StaticArray" arraySize="1">
          <containerEntry>-1</containerEntry>
        </property>
        <property name="drawRejectionLevel" type="Int32" container="StaticArray" arraySize="1">
          <containerEntry>8</containerEntry>
        </property>
        <property name="drawMode" type="Int32" container="StaticArray" arraySize="1">
          <containerEntry>0</containerEntry>
        </property>
        <property name="rejectFarRangeShadowCast" type="Int32" container="StaticArray" arraySize="1">
          <containerEntry>2</containerEntry>
        </property>
        <property name="parentLocator" type="EntityLink" container="StaticArray" arraySize="1">
          <containerEntry packagePathHash="0xB8A0BF169F98" archivePathHash="0xB8A0BF169F98" nameInArchiveHash="0xB8A0BF169F98">0x0</containerEntry>
        </property>
        <property name="transforms" type="Matrix4" container="DynamicArray" arraySize="2">
          <containerEntry r11="0.8286316" r12="0.01323536" r13="0.5596376" r14="0" r21="-0.02619943" r22="0.9995419" r23="0.0151533205" r24="0" r31="-0.5591807" r32="-0.027218716" r33="0.8285987" r34="0" r41="772.2388" r42="367.05905" r43="894.5381" r44="1"></containerEntry>
          <containerEntry r11="0.9807762" r12="0.016205132" r13="0.19446202" r14="0" r21="-0.019806992" r22="0.99966615" r23="0.016591972" r24="0" r31="-0.19412823" r32="-0.020124717" r33="0.9807697" r34="0" r41="819.25085" r42="377.352" r43="893.8597" r44="1"></containerEntry>
        </property>
        <property name="colors" type="UInt32" container="DynamicArray" arraySize="2">
          <containerEntry>4294967295</containerEntry>
          <containerEntry>4294967295</containerEntry>
        </property>
      </staticProperties>
      <dynamicProperties></dynamicProperties>
    </entity>
    <entity class="StaticModelArray" classVersion="4" classID="0xD0" addr="0x2F56FA0" id="0x0">
      <staticProperties>
        <property name="name" type="String" container="StaticArray" arraySize="1">
          <containerEntry>StaticModelArray0002</containerEntry>
        </property>
        <property name="dataSet" type="EntityHandle" container="StaticArray" arraySize="1">
          <containerEntry>0x2F53490</containerEntry>
        </property>
        <property name="modelFile" type="FilePtr" container="StaticArray" arraySize="1">
          <containerEntry>/Assets/tpp/environ/object/afghanistan/rock/afgh_rock009/scenes/afgh_rock009_rock001.fmdl</containerEntry>
        </property>
        <property name="geomFile" type="FilePtr" container="StaticArray" arraySize="1">
          <containerEntry>/Assets/tpp/environ/object/afghanistan/rock/afgh_rock009/scenes/afgh_rock009_rock001.geom</containerEntry>
        </property>
        <property name="isVisibleGeom" type="Bool" container="StaticArray" arraySize="1">
          <containerEntry>false</containerEntry>
        </property>
        <property name="lodFarSize" type="Float" container="StaticArray" arraySize="1">
          <containerEntry>-1</containerEntry>
        </property>
        <property name="lodNearSize" type="Float" container="StaticArray" arraySize="1">
          <containerEntry>-1</containerEntry>
        </property>
        <property name="lodPolygonSize" type="Float" container="StaticArray" arraySize="1">
          <containerEntry>-1</containerEntry>
        </property>
        <property name="drawRejectionLevel" type="Int32" container="StaticArray" arraySize="1">
          <containerEntry>8</containerEntry>
        </property>
        <property name="drawMode" type="Int32" container="StaticArray" arraySize="1">
          <containerEntry>0</containerEntry>
        </property>
        <property name="rejectFarRangeShadowCast" type="Int32" container="StaticArray" arraySize="1">
          <containerEntry>2</containerEntry>
        </property>
        <property name="parentLocator" type="EntityLink" container="StaticArray" arraySize="1">
          <containerEntry packagePathHash="0xB8A0BF169F98" archivePathHash="0xB8A0BF169F98" nameInArchiveHash="0xB8A0BF169F98">0x0</containerEntry>
        </property>
        <property name="transforms" type="Matrix4" container="DynamicArray" arraySize="27">
          <containerEntry r11="0.52892435" r12="0.17128085" r13="-0.83120537" r14="0" r21="-0.2179168" r22="-0.9191737" r23="-0.32807583" r24="0" r31="-0.8202145" r32="0.35466087" r33="-0.44884884" r34="0" r41="853.6961" r42="349.05298" r43="799.4972" r44="1"></containerEntry>
          <containerEntry r11="-0.115127265" r12="0.4606213" r13="0.8800981" r14="0" r21="0.40442634" r22="-0.7874993" r23="0.46506166" r24="0" r31="0.90729487" r32="0.40947658" r33="-0.09562379" r34="0" r41="873.2769" r42="358.28354" r43="839.2972" r44="1"></containerEntry>
          <containerEntry r11="0.043834604" r12="-0.15558043" r13="0.9868495" r14="0" r21="-0.3409941" r22="0.9261487" r23="0.1611569" r24="0" r31="-0.93904215" r32="-0.34357423" r33="-0.012454629" r34="0" r41="854.81445" r42="348.20126" r43="780.5461" r44="1"></containerEntry>
          <containerEntry r11="-0.21013083" r12="0.5448903" r13="0.81175154" r14="0" r21="-0.27210957" r22="0.7648866" r23="-0.58387077" r24="0" r31="-0.93904334" r32="-0.34357423" r33="-0.012456536" r34="0" r41="863.21" r42="348.7437" r43="780.3694" r44="1"></containerEntry>
          <containerEntry r11="0.29504997" r12="-0.75210774" r13="0.58930326" r14="0" r21="-0.13273391" r22="-0.64304274" r23="-0.75423807" r24="0" r31="0.9462167" r32="0.14431691" r33="-0.2895591" r34="0" r41="888.80493" r42="354.04492" r43="820.11945" r44="1"></containerEntry>
          <containerEntry r11="0.17857789" r12="-0.97928226" r13="0.09547636" r14="0" r21="-0.52750444" r22="-0.17719948" r23="-0.83086634" r24="0" r31="0.8305712" r32="0.098009974" r33="-0.54821956" r34="0" r41="879.66724" r42="351.57846" r43="820.11945" r44="1"></containerEntry>
          <containerEntry r11="-0.92112756" r12="0.20043808" r13="-0.33368284" r14="0" r21="-0.38876897" r22="-0.5165565" r23="0.76290536" r24="0" r31="-0.019451186" r32="0.8324605" r33="0.55374193" r34="0" r41="875.3857" r42="348.3356" r43="801.278" r44="1"></containerEntry>
          <containerEntry r11="-0.31333017" r12="-0.74314314" r13="0.59123516" r14="0" r21="-0.63952345" r22="-0.2951179" r23="-0.7098675" r24="0" r31="0.702019" r32="-0.60053337" r33="-0.38278657" r34="0" r41="876.18744" r42="348.82172" r43="803.1549" r44="1"></containerEntry>
          <containerEntry r11="0.24762878" r12="-0.967608" r13="0.049146265" r14="0" r21="-0.43405497" r22="-0.15614802" r23="-0.8872514" r24="0" r31="0.8661852" r32="0.19837704" r33="-0.45866197" r34="0" r41="873.4823" r42="347.73602" r43="803.22595" r44="1"></containerEntry>
          <containerEntry r11="-0.18534845" r12="0.7776584" r13="-0.6007445" r14="0" r21="-0.25150055" r22="0.55343544" r23="0.7940132" r24="0" r31="0.94994426" r32="0.29825646" r33="0.093002975" r34="0" r41="889.4912" r42="349.64377" r43="788.8427" r44="1"></containerEntry>
          <containerEntry r11="-0.913534" r12="0.108088575" r13="-0.39213052" r14="0" r21="-0.22866595" r22="0.66081536" r23="0.71486634" r24="0" r31="0.33639464" r32="0.742724" r33="-0.57896" r34="0" r41="875.56445" r42="344.36703" r43="776.84894" r44="1"></containerEntry>
          <containerEntry r11="0.52892435" r12="0.17128085" r13="-0.83120537" r14="0" r21="-0.2179168" r22="-0.9191737" r23="-0.32807583" r24="0" r31="-0.8202145" r32="0.35466087" r33="-0.44884884" r34="0" r41="843.30206" r42="349.05298" r43="799.4972" r44="1"></containerEntry>
          <containerEntry r11="-0.42011455" r12="0.6497278" r13="0.6335285" r14="0" r21="0.34789076" r22="0.76009893" r23="-0.5488367" r24="0" r31="-0.8381387" r32="-0.010175437" r33="-0.54536295" r34="0" r41="832.6706" r42="350.5263" r43="795.5492" r44="1"></containerEntry>
          <containerEntry r11="0.09573758" r12="0.5430585" r13="0.83422065" r14="0" r21="-0.20756945" r22="0.83053714" r23="-0.51683986" r24="0" r31="-0.9735253" r32="-0.123676926" r33="0.19223565" r34="0" r41="820.84174" r42="345.8444" r43="790.9811" r44="1"></containerEntry>
          <containerEntry r11="-0.7454115" r12="0.6624296" r13="0.07449098" r14="0" r21="0.529294" r22="0.65609133" r23="-0.53795177" r24="0" r31="-0.40522802" r32="-0.36156777" r33="-0.83967805" r34="0" r41="848.1749" r42="344.55655" r43="779.6632" r44="1"></containerEntry>
          <containerEntry r11="-0.42011455" r12="0.6497278" r13="0.6335285" r14="0" r21="0.34789076" r22="0.76009893" r23="-0.5488367" r24="0" r31="-0.8381387" r32="-0.010175437" r33="-0.54536295" r34="0" r41="803.8188" r42="353.10437" r43="815.428" r44="1"></containerEntry>
          <containerEntry r11="0.21742737" r12="0.6612968" r13="0.71792054" r14="0" r21="-0.5159492" r22="0.702228" r23="-0.49058282" r24="0" r31="-0.8285649" r32="-0.2637453" r33="0.49387988" r34="0" r41="820.6059" r42="351.53738" r43="808.0738" r44="1"></containerEntry>
          <containerEntry r11="-0.053537473" r12="0.11034246" r13="0.99245125" r14="0" r21="-0.33960605" r22="0.93262064" r23="-0.12201021" r24="0" r31="-0.93904346" r32="-0.34357432" r33="-0.012457252" r34="0" r41="781.0755" r42="351.5004" r43="803.89624" r44="1"></containerEntry>
          <containerEntry r11="-0.053537473" r12="0.11034246" r13="0.99245125" r14="0" r21="-0.33960605" r22="0.93262064" r23="-0.12201021" r24="0" r31="-0.93904346" r32="-0.34357432" r33="-0.012457252" r34="0" r41="783.33685" r42="348.24268" r43="780.65967" r44="1"></containerEntry>
          <containerEntry r11="0.37394282" r12="0.11278808" r13="0.9205688" r14="0" r21="-0.0244799" r22="0.99343234" r23="-0.11177148" r24="0" r31="-0.9271294" r32="0.019260809" r33="0.3742479" r34="0" r41="803.133" r42="344.51715" r43="781.6655" r44="1"></containerEntry>
          <containerEntry r11="0.76630735" r12="-0.32104048" r13="-0.556512" r14="0" r21="-0.6200615" r22="-0.14276761" r23="-0.7714527" r24="0" r31="0.1682153" r32="0.9362417" r33="-0.30846864" r34="0" r41="796.7603" r42="344.3486" r43="777.6893" r44="1"></containerEntry>
          <containerEntry r11="-0.21013083" r12="0.5448903" r13="0.81175154" r14="0" r21="-0.27210957" r22="0.7648866" r23="-0.58387077" r24="0" r31="-0.93904334" r32="-0.34357423" r33="-0.012456536" r34="0" r41="826.9348" r42="344.55655" r43="778.7713" r44="1"></containerEntry>
          <containerEntry r11="-0.5711994" r12="0.7335755" r13="-0.3682352" r14="0" r21="0.7149101" r22="0.2242131" r23="-0.6622926" r24="0" r31="-0.40327874" r32="-0.6415566" r33="-0.65251064" r34="0" r41="816.2801" r42="344.55655" r43="775.3006" r44="1"></containerEntry>
          <containerEntry r11="-0.5711994" r12="0.7335755" r13="-0.3682352" r14="0" r21="0.7149101" r22="0.2242131" r23="-0.6622926" r24="0" r31="-0.40327874" r32="-0.6415566" r33="-0.65251064" r34="0" r41="806.98456" r42="351.91156" r43="812.8678" r44="1"></containerEntry>
          <containerEntry r11="0.64079696" r12="-0.009259004" r13="0.7676543" r14="0" r21="-0.06551574" r22="0.99562" r23="0.06669758" r24="0" r31="-0.7649095" r32="-0.09303306" r33="0.6373836" r34="0" r41="797.9134" r42="351.786" r43="811.78534" r44="1"></containerEntry>
          <containerEntry r11="-0.5711994" r12="0.7335755" r13="-0.3682352" r14="0" r21="0.7149101" r22="0.2242131" r23="-0.6622926" r24="0" r31="-0.40327874" r32="-0.6415566" r33="-0.65251064" r34="0" r41="805.5479" r42="354.99686" r43="819.60547" r44="1"></containerEntry>
          <containerEntry r11="0.9519152" r12="-0.013325894" r13="0.30607146" r14="0" r21="-0.022416519" r22="-0.99940306" r23="0.026205145" r24="0" r31="0.3055402" r32="-0.031806137" r33="-0.9516456" r34="0" r41="891.98193" r42="354.04492" r43="806.8658" r44="1"></containerEntry>
        </property>
        <property name="colors" type="UInt32" container="DynamicArray" arraySize="27">
          <containerEntry>4294967295</containerEntry>
          <containerEntry>4294967295</containerEntry>
          <containerEntry>4294967295</containerEntry>
          <containerEntry>4294967295</containerEntry>
          <containerEntry>4294967295</containerEntry>
          <containerEntry>4294967295</containerEntry>
          <containerEntry>4294967295</containerEntry>
          <containerEntry>4294967295</containerEntry>
          <containerEntry>4294967295</containerEntry>
          <containerEntry>4294967295</containerEntry>
          <containerEntry>4294967295</containerEntry>
          <containerEntry>4294967295</containerEntry>
          <containerEntry>4294967295</containerEntry>
          <containerEntry>4294967295</containerEntry>
          <containerEntry>4294967295</containerEntry>
          <containerEntry>4294967295</containerEntry>
          <containerEntry>4294967295</containerEntry>
          <containerEntry>4294967295</containerEntry>
          <containerEntry>4294967295</containerEntry>
          <containerEntry>4294967295</containerEntry>
          <containerEntry>4294967295</containerEntry>
          <containerEntry>4294967295</containerEntry>
          <containerEntry>4294967295</containerEntry>
          <containerEntry>4294967295</containerEntry>
          <containerEntry>4294967295</containerEntry>
          <containerEntry>4294967295</containerEntry>
          <containerEntry>4294967295</containerEntry>
        </property>
      </staticProperties>
      <dynamicProperties></dynamicProperties>
    </entity>
    <entity class="StaticModelArray" classVersion="4" classID="0xD0" addr="0x2F570F0" id="0x0">
      <staticProperties>
        <property name="name" type="String" container="StaticArray" arraySize="1">
          <containerEntry>StaticModelArray0003</containerEntry>
        </property>
        <property name="dataSet" type="EntityHandle" container="StaticArray" arraySize="1">
          <containerEntry>0x2F53490</containerEntry>
        </property>
        <property name="modelFile" type="FilePtr" container="StaticArray" arraySize="1">
          <containerEntry>/Assets/tpp/environ/object/afghanistan/rock/afgh_rock011/scenes/afgh_rock011.fmdl</containerEntry>
        </property>
        <property name="geomFile" type="FilePtr" container="StaticArray" arraySize="1">
          <containerEntry>/Assets/tpp/environ/object/afghanistan/rock/afgh_rock011/scenes/afgh_rock011.geom</containerEntry>
        </property>
        <property name="isVisibleGeom" type="Bool" container="StaticArray" arraySize="1">
          <containerEntry>false</containerEntry>
        </property>
        <property name="lodFarSize" type="Float" container="StaticArray" arraySize="1">
          <containerEntry>-1</containerEntry>
        </property>
        <property name="lodNearSize" type="Float" container="StaticArray" arraySize="1">
          <containerEntry>-1</containerEntry>
        </property>
        <property name="lodPolygonSize" type="Float" container="StaticArray" arraySize="1">
          <containerEntry>-1</containerEntry>
        </property>
        <property name="drawRejectionLevel" type="Int32" container="StaticArray" arraySize="1">
          <containerEntry>8</containerEntry>
        </property>
        <property name="drawMode" type="Int32" container="StaticArray" arraySize="1">
          <containerEntry>0</containerEntry>
        </property>
        <property name="rejectFarRangeShadowCast" type="Int32" container="StaticArray" arraySize="1">
          <containerEntry>2</containerEntry>
        </property>
        <property name="parentLocator" type="EntityLink" container="StaticArray" arraySize="1">
          <containerEntry packagePathHash="0xB8A0BF169F98" archivePathHash="0xB8A0BF169F98" nameInArchiveHash="0xB8A0BF169F98">0x0</containerEntry>
        </property>
        <property name="transforms" type="Matrix4" container="DynamicArray" arraySize="7">
          <containerEntry r11="-0.83620757" r12="-0.07022402" r13="-0.54389375" r14="0" r21="0.10320547" r22="0.9538963" r23="-0.28183383" r24="0" r31="0.5386098" r32="-0.2918052" r33="-0.7904077" r34="0" r41="849.77405" r42="350.79495" r43="818.3636" r44="1"></containerEntry>
          <containerEntry r11="-0.83983415" r12="-0.110620484" r13="-0.53145105" r14="0" r21="-0.053807005" r22="0.9911591" r23="-0.12127828" r24="0" r31="0.54016846" r32="-0.07325793" r33="-0.83836144" r34="0" r41="841.4492" r42="343.44498" r43="781.7936" r44="1"></containerEntry>
          <containerEntry r11="-0.8935141" r12="0.11438432" r13="0.43422022" r14="0" r21="0.036700036" r22="0.9823786" r23="-0.18326335" r24="0" r31="-0.44753107" r32="-0.14781262" r33="-0.881967" r34="0" r41="805.3261" r42="351.2808" r43="814.5054" r44="1"></containerEntry>
          <containerEntry r11="-0.83583915" r12="-0.055126596" r13="-0.5461925" r14="0" r21="0.03039154" r22="0.98877275" r23="-0.14630385" r24="0" r31="0.5481255" r32="-0.1388867" r33="-0.8247795" r34="0" r41="864.5434" r42="349.3055" r43="804.1849" r44="1"></containerEntry>
          <containerEntry r11="0.20748428" r12="-0.24152094" r13="-0.9479538" r14="0" r21="0.09158338" r22="0.96958226" r23="-0.22698592" r24="0" r31="0.9739411" r32="-0.039721057" r33="0.22329241" r34="0" r41="790.9432" r42="344.71338" r43="778.4961" r44="1"></containerEntry>
          <containerEntry r11="-0.8362075" r12="-0.070223734" r13="-0.5438939" r14="0" r21="0.0011907183" r22="0.9915329" r23="-0.12985022" r24="0" r31="0.54840726" r32="-0.109229684" r33="-0.8290436" r34="0" r41="870.7532" r42="347.38763" r43="785.1267" r44="1"></containerEntry>
          <containerEntry r11="-0.19688028" r12="-0.11893377" r13="0.9731839" r14="0" r21="0.005126696" r22="0.9924764" r23="0.1223284" r24="0" r31="-0.98041105" r32="0.029073644" r33="-0.19478929" r34="0" r41="831.079" r42="351.35864" r43="810.43317" r44="1"></containerEntry>
        </property>
        <property name="colors" type="UInt32" container="DynamicArray" arraySize="7">
          <containerEntry>4294967295</containerEntry>
          <containerEntry>4294967295</containerEntry>
          <containerEntry>4294967295</containerEntry>
          <containerEntry>4294967295</containerEntry>
          <containerEntry>4294967295</containerEntry>
          <containerEntry>4294967295</containerEntry>
          <containerEntry>4294967295</containerEntry>
        </property>
      </staticProperties>
      <dynamicProperties></dynamicProperties>
    </entity>
    <entity class="StaticModelArray" classVersion="4" classID="0xD0" addr="0x2F56670" id="0x0">
      <staticProperties>
        <property name="name" type="String" container="StaticArray" arraySize="1">
          <containerEntry>StaticModelArray0004</containerEntry>
        </property>
        <property name="dataSet" type="EntityHandle" container="StaticArray" arraySize="1">
          <containerEntry>0x2F53490</containerEntry>
        </property>
        <property name="modelFile" type="FilePtr" container="StaticArray" arraySize="1">
          <containerEntry>/Assets/tpp/environ/object/afghanistan/cliff/afgh_clff022/scenes/afgh_clff022_vrtn001.fmdl</containerEntry>
        </property>
        <property name="geomFile" type="FilePtr" container="StaticArray" arraySize="1">
          <containerEntry>/Assets/tpp/environ/object/afghanistan/cliff/afgh_clff022/scenes/afgh_clff022_vrtn001.geom</containerEntry>
        </property>
        <property name="isVisibleGeom" type="Bool" container="StaticArray" arraySize="1">
          <containerEntry>false</containerEntry>
        </property>
        <property name="lodFarSize" type="Float" container="StaticArray" arraySize="1">
          <containerEntry>-1</containerEntry>
        </property>
        <property name="lodNearSize" type="Float" container="StaticArray" arraySize="1">
          <containerEntry>-1</containerEntry>
        </property>
        <property name="lodPolygonSize" type="Float" container="StaticArray" arraySize="1">
          <containerEntry>-1</containerEntry>
        </property>
        <property name="drawRejectionLevel" type="Int32" container="StaticArray" arraySize="1">
          <containerEntry>8</containerEntry>
        </property>
        <property name="drawMode" type="Int32" container="StaticArray" arraySize="1">
          <containerEntry>0</containerEntry>
        </property>
        <property name="rejectFarRangeShadowCast" type="Int32" container="StaticArray" arraySize="1">
          <containerEntry>2</containerEntry>
        </property>
        <property name="parentLocator" type="EntityLink" container="StaticArray" arraySize="1">
          <containerEntry packagePathHash="0xB8A0BF169F98" archivePathHash="0xB8A0BF169F98" nameInArchiveHash="0xB8A0BF169F98">0x0</containerEntry>
        </property>
        <property name="transforms" type="Matrix4" container="DynamicArray" arraySize="8">
          <containerEntry r11="0.992211" r12="0" r13="-0.12456849" r14="0" r21="0" r22="1" r23="0" r24="0" r31="0.12456849" r32="0" r33="0.992211" r34="0" r41="854.1523" r42="369.1763" r43="838.35065" r44="1"></containerEntry>
          <containerEntry r11="-0.83930826" r12="0" r13="-0.5436415" r14="0" r21="0" r22="1" r23="0" r24="0" r31="0.5436415" r32="0" r33="-0.83930826" r34="0" r41="860.394" r42="370.0586" r43="840.9509" r44="1"></containerEntry>
          <containerEntry r11="0.18618256" r12="0" r13="0.98251235" r14="0" r21="0" r22="1" r23="0" r24="0" r31="-0.98251235" r32="0" r33="0.18618256" r34="0" r41="851.0998" r42="375.81598" r43="843.7438" r44="1"></containerEntry>
          <containerEntry r11="0.9952889" r12="0" r13="-0.09695346" r14="0" r21="0" r22="1" r23="0" r24="0" r31="0.09695346" r32="0" r33="0.9952889" r34="0" r41="881.14886" r42="375.4674" r43="857.90894" r44="1"></containerEntry>
          <containerEntry r11="0.8652904" r12="0" r13="0.5012695" r14="0" r21="0" r22="1" r23="0" r24="0" r31="-0.5012695" r32="0" r33="0.8652904" r34="0" r41="773.29315" r42="377.55603" r43="837.6199" r44="1"></containerEntry>
          <containerEntry r11="0.87826043" r12="0" r13="0.47818193" r14="0" r21="0" r22="1" r23="0" r24="0" r31="-0.47818193" r32="0" r33="0.87826043" r34="0" r41="889.1657" r42="376.24368" r43="866.48956" r44="1"></containerEntry>
          <containerEntry r11="-0.9187896" r12="0" r13="0.39471954" r14="0" r21="0" r22="1" r23="0" r24="0" r31="-0.39471954" r32="0" r33="-0.9187896" r34="0" r41="789.56744" r42="379.1821" r43="871.1714" r44="1"></containerEntry>
          <containerEntry r11="-0.9988277" r12="0.040475868" r13="0.026318263" r14="0" r21="0.04000541" r22="0.99903435" r23="-0.018163174" r24="0" r31="-0.02702802" r32="-0.017089117" r33="-0.99948245" r34="0" r41="793.57697" r42="373.74097" r43="893.6522" r44="1"></containerEntry>
        </property>
        <property name="colors" type="UInt32" container="DynamicArray" arraySize="8">
          <containerEntry>4294967295</containerEntry>
          <containerEntry>4294967295</containerEntry>
          <containerEntry>4294967295</containerEntry>
          <containerEntry>4294967295</containerEntry>
          <containerEntry>4294967295</containerEntry>
          <containerEntry>4294967295</containerEntry>
          <containerEntry>4294967295</containerEntry>
          <containerEntry>4294967295</containerEntry>
        </property>
      </staticProperties>
      <dynamicProperties></dynamicProperties>
    </entity>
    <entity class="StaticModelArray" classVersion="4" classID="0xD0" addr="0x2F56830" id="0x0">
      <staticProperties>
        <property name="name" type="String" container="StaticArray" arraySize="1">
          <containerEntry>StaticModelArray0005</containerEntry>
        </property>
        <property name="dataSet" type="EntityHandle" container="StaticArray" arraySize="1">
          <containerEntry>0x2F53490</containerEntry>
        </property>
        <property name="modelFile" type="FilePtr" container="StaticArray" arraySize="1">
          <containerEntry>/Assets/tpp/environ/object/afghanistan/cliff/afgh_clff025/scenes/afgh_clff025.fmdl</containerEntry>
        </property>
        <property name="geomFile" type="FilePtr" container="StaticArray" arraySize="1">
          <containerEntry>/Assets/tpp/environ/object/afghanistan/cliff/afgh_clff025/scenes/afgh_clff025.geom</containerEntry>
        </property>
        <property name="isVisibleGeom" type="Bool" container="StaticArray" arraySize="1">
          <containerEntry>false</containerEntry>
        </property>
        <property name="lodFarSize" type="Float" container="StaticArray" arraySize="1">
          <containerEntry>-1</containerEntry>
        </property>
        <property name="lodNearSize" type="Float" container="StaticArray" arraySize="1">
          <containerEntry>-1</containerEntry>
        </property>
        <property name="lodPolygonSize" type="Float" container="StaticArray" arraySize="1">
          <containerEntry>-1</containerEntry>
        </property>
        <property name="drawRejectionLevel" type="Int32" container="StaticArray" arraySize="1">
          <containerEntry>8</containerEntry>
        </property>
        <property name="drawMode" type="Int32" container="StaticArray" arraySize="1">
          <containerEntry>0</containerEntry>
        </property>
        <property name="rejectFarRangeShadowCast" type="Int32" container="StaticArray" arraySize="1">
          <containerEntry>2</containerEntry>
        </property>
        <property name="parentLocator" type="EntityLink" container="StaticArray" arraySize="1">
          <containerEntry packagePathHash="0xB8A0BF169F98" archivePathHash="0xB8A0BF169F98" nameInArchiveHash="0xB8A0BF169F98">0x0</containerEntry>
        </property>
        <property name="transforms" type="Matrix4" container="DynamicArray" arraySize="4">
          <containerEntry r11="-0.790401" r12="-0.0149718" r13="0.61240774" r14="0" r21="-0.08319107" r22="0.99306345" r23="-0.083092235" r24="0" r31="-0.60691565" r32="-0.11662298" r33="-0.7861638" r34="0" r41="838.71124" r42="356.46637" r43="834.37524" r44="1"></containerEntry>
          <containerEntry r11="-0.9972156" r12="0.06511981" r13="-0.036286585" r14="0" r21="0.061079286" r22="0.9927937" r23="0.103101514" r24="0" r31="0.04273905" r32="0.10059827" r33="-0.9940069" r34="0" r41="784.4194" r42="356.37888" r43="824.19934" r44="1"></containerEntry>
          <containerEntry r11="-0.9765622" r12="-0.016821079" r13="-0.2145738" r14="0" r21="-0.0027646078" r22="0.99783945" r23="-0.065641366" r24="0" r31="0.21521437" r32="-0.06350971" r33="-0.9744988" r34="0" r41="851.9457" r42="353.36087" r43="824.8254" r44="1"></containerEntry>
          <containerEntry r11="-0.78597414" r12="-0.04275188" r13="-0.6167788" r14="0" r21="-0.002764741" r22="0.9978394" r23="-0.06564183" r24="0" r31="0.61825246" r32="-0.049887575" r33="-0.7843942" r34="0" r41="888.31177" r42="379.08276" r43="890.5941" r44="1"></containerEntry>
        </property>
        <property name="colors" type="UInt32" container="DynamicArray" arraySize="4">
          <containerEntry>4294967295</containerEntry>
          <containerEntry>4294967295</containerEntry>
          <containerEntry>4294967295</containerEntry>
          <containerEntry>4294967295</containerEntry>
        </property>
      </staticProperties>
      <dynamicProperties></dynamicProperties>
    </entity>
    <entity class="StaticModelArray" classVersion="4" classID="0xD0" addr="0x2F56520" id="0x0">
      <staticProperties>
        <property name="name" type="String" container="StaticArray" arraySize="1">
